detector,dataset_name,index,ACCURACY,RUNTIME,transformed_accuracy,transformed_runtime,is_pareto,pareto_layer,recent_samples_size,n_samples,threshold,outlier_detector_kwargs,pbi,pbi_WACC_0p1_WRT_0p9,pbi_WACC_0p3_WRT_0p7,pbi_WACC_0p5_WRT_0p5,pbi_WACC_0p7_WRT_0p3,pbi_WACC_0p9_WRT_0p1,PC1,PC2,PC3,PC4,PC5,real_pbi_WACC_0p1_WRT_0p9,pred_pbi_WACC_0p1_WRT_0p9,abs_error_pbi_WACC_0p1_WRT_0p9,real_pbi_WACC_0p3_WRT_0p7,pred_pbi_WACC_0p3_WRT_0p7,abs_error_pbi_WACC_0p3_WRT_0p7,real_pbi_WACC_0p5_WRT_0p5,pred_pbi_WACC_0p5_WRT_0p5,abs_error_pbi_WACC_0p5_WRT_0p5,real_pbi_WACC_0p7_WRT_0p3,pred_pbi_WACC_0p7_WRT_0p3,abs_error_pbi_WACC_0p7_WRT_0p3,real_pbi_WACC_0p9_WRT_0p1,pred_pbi_WACC_0p9_WRT_0p1,abs_error_pbi_WACC_0p9_WRT_0p1,rank_pbi_WACC_0p1_WRT_0p9,rank_pct_pbi_WACC_0p1_WRT_0p9,rank_pbi_WACC_0p3_WRT_0p7,rank_pct_pbi_WACC_0p3_WRT_0p7,rank_pbi_WACC_0p5_WRT_0p5,rank_pct_pbi_WACC_0p5_WRT_0p5,rank_pbi_WACC_0p7_WRT_0p3,rank_pct_pbi_WACC_0p7_WRT_0p3,rank_pbi_WACC_0p9_WRT_0p1,rank_pct_pbi_WACC_0p9_WRT_0p1,best_region_rank_pct,best_region_name,mean_region_rank_pct,recommendation_rank,selected_at_20,selection_source_region_at_20,final_selection_rank_at_20,selected_WACC_0p1_WRT_0p9_at_20,selected_WACC_0p3_WRT_0p7_at_20,selected_WACC_0p5_WRT_0p5_at_20,selected_WACC_0p7_WRT_0p3_at_20,selected_WACC_0p9_WRT_0p1_at_20,real_pareto_layer,normalized_pareto_depth
OCDD,PokerHand,798,0.9,321,0.9516129032258064,0.8233748474648785,0,13,2564,883,0.34,"{'nu':0.5,'kernel':'rbf','gamma':'auto'}",0.11452853370376984,0.1324703792203587,0.1420515200514254,0.11452853370376984,0.029476290100339253,0.027846297756153413,-1.7606682797852482,-3.091916252778669,-0.3636769151630123,-2.2626921951286003,2.4656972749710926,0.1324703792203587,0.15211954792878962,0.01964916870843092,0.1420515200514254,0.18445352260522327,0.04240200255379786,0.11452853370376984,0.2537526269633582,0.13922409325958837,0.029476290100339253,0.2930167466627036,0.26354045656236436,0.027846297756153413,0.3502065045856818,0.3223602068295284,548.0,0.4945750452079566,296.0,0.2667269439421338,1.0,0.0,152.0,0.13652802893309224,148.0,0.13291139240506328,0.0,WACC_0p5_WRT_0p5,0.20614828209764918,1,True,WACC_0p5_WRT_0p5,1.0,False,False,True,False,False,13.0,0.12121212121212122
OCDD,PokerHand,287,0.91,1867,0.967741935483871,0.2347424751779157,0,78,5000,206,0.32,"{'nu':0.5,'kernel':'rbf','gamma':'auto'}",0.7365150630635586,0.7480456671140404,0.7564052345486983,0.7365150630635586,0.3962298785619199,0.17041674975912013,-1.7606682797852482,-3.091916252778669,-0.3636769151630123,-2.2626921951286003,2.4656972749710926,0.7480456671140404,0.4320586016984031,0.3159870654156373,0.7564052345486983,0.36841758562654336,0.387987648922155,0.7365150630635586,0.2595607122850632,0.4769543507784954,0.3962298785619199,0.17999175519448576,0.21623812336743412,0.17041674975912013,0.25775066482412445,0.08733391506500432,1100.0,0.9936708860759493,1093.0,0.9873417721518988,5.0,0.003616636528028933,1.0,0.0,12.0,0.009945750452079566,0.0,WACC_0p7_WRT_0p3,0.3989150090415913,2,True,WACC_0p7_WRT_0p3,2.0,False,False,False,True,False,78.0,0.7777777777777778
OCDD,PokerHand,3,0.91,1793,0.967741935483871,0.2482759701934372,0,76,2863,123,0.191,"{'nu':0.5,'kernel':'rbf','gamma':'auto'}",0.7224712502458587,0.7338589136266115,0.7423613826997999,0.7224712502458587,0.38812088267030653,0.166170771899297,-1.7606682797852482,-3.091916252778669,-0.3636769151630123,-2.2626921951286003,2.4656972749710926,0.7338589136266115,0.42431481090464235,0.30954410272196914,0.7423613826997999,0.3603950009942519,0.381966381705548,0.7224712502458587,0.3147751399706318,0.4076961102752269,0.38812088267030653,0.2094024628933424,0.17871841977696412,0.166170771899297,0.23604643992120497,0.06987566802190798,1098.0,0.9918625678119349,1090.0,0.984629294755877,221.0,0.19891500904159132,11.0,0.009041591320072333,1.0,0.0,0.0,WACC_0p9_WRT_0p1,0.43688969258589516,3,True,WACC_0p9_WRT_0p1,3.0,False,False,False,False,True,76.0,0.7575757575757576
OCDD,PokerHand,886,0.71,511,0.6451612903225805,0.6680957481943657,0,78,374,2600,0.901,"{'nu':0.5,'kernel':'rbf','gamma':'auto'}",0.10332349029182639,0.32317901948943095,0.23623722048793283,0.10332349029182639,0.26073980298138955,0.3576726050007295,-1.7606682797852482,-3.091916252778669,-0.3636769151630123,-2.2626921951286003,2.4656972749710926,0.32317901948943095,0.194576868209474,0.12860215127995694,0.23623722048793283,0.14175657766831343,0.0944806428196194,0.10332349029182639,0.3600496769365409,0.25672618664471447,0.26073980298138955,0.4650998338782991,0.20436003089690957,0.3576726050007295,0.5341298539087388,0.1764572489080093,734.0,0.6627486437613019,1.0,0.0,475.0,0.42857142857142855,636.0,0.5741410488245932,751.0,0.6781193490054249,0.0,WACC_0p3_WRT_0p7,0.46871609403254977,4,True,WACC_0p3_WRT_0p7,4.0,False,True,False,False,False,78.0,0.7777777777777778
OCDD,PokerHand,457,0.7,200,0.6290322580645159,0.9811562208094554,0,5,2380,4889,0.001,"{'nu':0.5,'kernel':'rbf','gamma':'auto'}",0.3366375670838607,0.04236741673477843,0.1757397138357912,0.3366375670838607,0.34564321686859834,0.346236694629526,-1.7606682797852482,-3.091916252778669,-0.3636769151630123,-2.2626921951286003,2.4656972749710926,0.04236741673477843,0.07171262167792353,0.029345204943145096,0.1757397138357912,0.25028665918714715,0.07454694535135595,0.3366375670838607,0.5288435147737314,0.19220594768987065,0.34564321686859834,0.571610090883314,0.2259668740147157,0.346236694629526,0.5796109152015759,0.23337422057204993,1.0,0.0,969.0,0.8752260397830018,1053.0,0.9511754068716094,1043.0,0.9421338155515371,982.0,0.8869801084990958,0.0,WACC_0p1_WRT_0p9,0.7311030741410488,5,True,WACC_0p1_WRT_0p9,5.0,True,False,False,False,False,5.0,0.04040404040404041
OCDD,PokerHand,55,0.92,478,0.9838709677419356,0.6904026035452722,0,23,3749,903,0.001,"{'nu':0.5,'kernel':'rbf','gamma':'auto'}",0.27483115922800383,0.26892071249370947,0.2870855040648719,0.27483115922800383,0.13726456826628233,0.04336243644601261,-1.7606682797852482,-3.091916252778669,-0.3636769151630123,-2.2626921951286003,2.4656972749710926,0.26892071249370947,0.23163646962372292,0.03728424286998655,0.2870855040648719,0.20749691225215994,0.07958859181271194,0.27483115922800383,0.25431051139770045,0.020520647830303385,0.13726456826628233,0.23683789255402293,0.0995733242877406,0.04336243644601261,0.3117310927100071,0.2683686562639945,903.0,0.8155515370705244,681.0,0.6148282097649186,2.0,0.0009041591320072332,52.0,0.0461121157323689,71.0,0.06329113924050633,0.0009041591320072332,WACC_0p5_WRT_0p5,0.3081374321880651,6,True,WACC_0p5_WRT_0p5,6.0,False,False,True,False,False,23.0,0.2222222222222222
OCDD,PokerHand,187,0.92,1403,0.9838709677419356,0.3303471299420235,0,73,4240,360,0.001,"{'nu':0.5,'kernel':'rbf','gamma':'auto'}",0.6484635187532443,0.6463559751476218,0.6607189020060217,0.6484635187532443,0.353002509784939,0.15632568559001958,-1.7606682797852482,-3.091916252778669,-0.3636769151630123,-2.2626921951286003,2.4656972749710926,0.6463559751476218,0.37144413231683726,0.2749118428307845,0.6607189020060217,0.30189094139654854,0.35882796060947314,0.6484635187532443,0.2844534119163738,0.36401010683687046,0.353002509784939,0.1897034975538801,0.16329901223105892,0.15632568559001958,0.26834618245936176,0.11202049686934218,1089.0,0.9837251356238698,1059.0,0.9566003616636528,78.0,0.06962025316455696,2.0,0.0009041591320072332,20.0,0.017179023508137433,0.0009041591320072332,WACC_0p7_WRT_0p3,0.4056057866184449,7,True,WACC_0p7_WRT_0p3,7.0,False,False,False,True,False,73.0,0.7272727272727273
OCDD,PokerHand,926,0.84,304,0.8548387096774193,0.8415352427908573,0,36,821,3039,0.628,"{'nu':0.5,'kernel':'rbf','gamma':'auto'}",0.028734462684126938,0.12225473043520835,0.10206447168225799,0.028734462684126938,0.08152443814679544,0.12597856282130224,-1.7606682797852482,-3.091916252778669,-0.3636769151630123,-2.2626921951286003,2.4656972749710926,0.12225473043520835,0.1632168688350323,0.04096213839982396,0.10206447168225799,0.1421883768458939,0.0401239051636359,0.028734462684126938,0.35604429553534384,0.3273098328512169,0.08152443814679544,0.4446124459484625,0.36308800780166706,0.12597856282130224,0.5210257529770618,0.3950471901557595,596.0,0.5379746835443038,2.0,0.0009041591320072332,457.0,0.41229656419529837,557.0,0.5027124773960217,677.0,0.6112115732368897,0.0009041591320072332,WACC_0p3_WRT_0p7,0.4130198915009041,8,True,WACC_0p3_WRT_0p7,8.0,False,True,False,False,False,36.0,0.35353535353535354
OCDD,PokerHand,1051,0.91,555,0.967741935483871,0.6404922083132047,0,55,2140,141,0.572,"{'nu':0.5,'kernel':'rbf','gamma':'auto'}",0.31546541576635717,0.32271049427224385,0.33535441705132213,0.31546541576635717,0.15311286294668558,0.043117454082304024,-1.7606682797852482,-3.091916252778669,-0.3636769151630123,-2.2626921951286003,2.4656972749710926,0.32271049427224385,0.32278427581451846,7.378154227460909e-05,0.33535441705132213,0.2891816337014983,0.04617278334982383,0.31546541576635717,0.33970905079143837,0.0242436350250812,0.15311286294668558,0.23091025352860234,0.07779739058191676,0.043117454082304024,0.24273006039832115,0.19961260631601713,1074.0,0.9701627486437613,1050.0,0.9484629294755877,358.0,0.3227848101265823,40.0,0.0352622061482821,2.0,0.0009041591320072332,0.0009041591320072332,WACC_0p9_WRT_0p1,0.4555153707052441,9,True,WACC_0p9_WRT_0p1,9.0,False,False,False,False,True,55.0,0.5454545454545454
OCDD,PokerHand,227,0.75,204,0.7096774193548386,0.97455862853094,0,3,2424,4005,0.001,"{'nu':0.5,'kernel':'rbf','gamma':'auto'}",0.24838720880985737,0.010023137382423216,0.12152434362121549,0.24838720880985737,0.26074225796971795,0.2636946374765659,-1.7606682797852482,-3.091916252778669,-0.3636769151630123,-2.2626921951286003,2.4656972749710926,0.010023137382423216,0.07177195337696521,0.06174881599454199,0.12152434362121549,0.2438301019502654,0.1223057583290499,0.24838720880985737,0.5256567031900775,0.27726949438022014,0.26074225796971795,0.5664473174151086,0.3057050594453906,0.2636946374765659,0.5716022864735432,0.30790764899697726,2.0,0.0009041591320072332,945.0,0.8535262206148282,1049.0,0.9475587703435805,1034.0,0.933996383363472,951.0,0.8589511754068716,0.0009041591320072332,WACC_0p1_WRT_0p9,0.718987341772152,10,True,WACC_0p1_WRT_0p9,10.0,True,False,False,False,False,3.0,0.020202020202020204
OCDD,PokerHand,730,0.93,708,1.0,0.5591024766928743,0,28,4494,826,0.191,"{'nu':0.5,'kernel':'rbf','gamma':'auto'}",0.42224046792045156,0.40508844007932554,0.42686067892838236,0.42224046792045156,0.22999394531182515,0.10046012861270934,-1.7606682797852482,-3.091916252778669,-0.3636769151630123,-2.2626921951286003,2.4656972749710926,0.40508844007932554,0.26107383669803474,0.1440146033812908,0.42686067892838236,0.2178730374182556,0.20898764151012678,0.42224046792045156,0.2577145090820061,0.16452595883844545,0.22999394531182515,0.24280720428706715,0.012813258975241992,0.10046012861270934,0.32525693414618806,0.22479680553347872,995.0,0.8987341772151899,782.0,0.7061482820976492,3.0,0.0018083182640144665,60.0,0.05334538878842676,101.0,0.09041591320072333,0.0018083182640144665,WACC_0p5_WRT_0p5,0.3500904159132008,11,True,WACC_0p5_WRT_0p5,11.0,False,False,True,False,False,28.0,0.2727272727272727
OCDD,PokerHand,530,0.82,407,0.8225806451612901,0.744118436824114,0,67,845,2754,0.611,"{'nu':0.5,'kernel':'rbf','gamma':'auto'}",0.10750834238938747,0.2273142697551543,0.19610765735051475,0.10750834238938747,0.09368430063819105,0.1679643473611863,-1.7606682797852482,-3.091916252778669,-0.3636769151630123,-2.2626921951286003,2.4656972749710926,0.2273142697551543,0.1552616974296094,0.0720525723255449,0.19610765735051475,0.14390812449110763,0.05219953285940712,0.10750834238938747,0.3545667164094151,0.24705837402002764,0.09368430063819105,0.44631383616498016,0.3526295355267891,0.1679643473611863,0.5074635816808915,0.3394992343197052,566.0,0.5108499095840868,3.0,0.0018083182640144665,445.0,0.4014466546112116,563.0,0.5081374321880651,589.0,0.5316455696202531,0.0018083182640144665,WACC_0p3_WRT_0p7,0.39077757685352627,12,True,WACC_0p3_WRT_0p7,12.0,False,True,False,False,False,67.0,0.6666666666666666
OCDD,PokerHand,991,0.92,1264,0.9838709677419356,0.3652528653844671,0,70,927,168,0.196,"{'nu':0.5,'kernel':'rbf','gamma':'auto'}",0.6122415661640855,0.60976534845057,0.624496848747178,0.6122415661640855,0.33208770064126364,0.1453744139710121,-1.7606682797852482,-3.091916252778669,-0.3636769151630123,-2.2626921951286003,2.4656972749710926,0.60976534845057,0.354975418251382,0.25478993019918794,0.624496848747178,0.3166069756999876,0.30788987304719045,0.6122415661640855,0.2676773177140857,0.34456424844999983,0.33208770064126364,0.1898653962768343,0.14222230436442934,0.1453744139710121,0.24584197427027887,0.10046756029926676,1083.0,0.9783001808318263,1076.0,0.9719710669077758,15.0,0.012658227848101266,3.0,0.0018083182640144665,4.0,0.0027124773960217,0.0018083182640144665,WACC_0p7_WRT_0p3,0.3934900542495479,13,True,WACC_0p7_WRT_0p3,13.0,False,False,False,True,False,70.0,0.696969696969697
OCDD,PokerHand,713,0.93,642,1.0,0.591817711880325,0,26,359,118,0.116,"{'nu':0.5,'kernel':'rbf','gamma':'auto'}",0.38829161444744575,0.3707940485451857,0.3929117311031915,0.38829161444744575,0.21039163951986656,0.09019610116632468,-1.7606682797852482,-3.091916252778669,-0.3636769151630123,-2.2626921951286003,2.4656972749710926,0.3707940485451857,0.3129336119940274,0.0578604365511583,0.3929117311031915,0.3097046388441246,0.08320709225906692,0.38829161444744575,0.32804763217215455,0.06024398227529121,0.21039163951986656,0.22349289181152435,0.013101252291657789,0.09019610116632468,0.2448927494363034,0.15469664826997873,1065.0,0.9620253164556962,1064.0,0.961121157323689,300.0,0.27034358047016277,25.0,0.0216998191681736,3.0,0.0018083182640144665,0.0018083182640144665,WACC_0p9_WRT_0p1,0.4433996383363471,14,True,WACC_0p9_WRT_0p1,14.0,False,False,False,False,True,26.0,0.25252525252525254
OCDD,PokerHand,228,0.76,215,0.7258064516129031,0.9570582714302082,0,5,2472,5000,0.001,"{'nu':0.5,'kernel':'rbf','gamma':'auto'}",0.2195431492554686,0.012917226118383569,0.09654145609145376,0.2195431492554686,0.24023652781422739,0.24863666929408315,-1.7606682797852482,-3.091916252778669,-0.3636769151630123,-2.2626921951286003,2.4656972749710926,0.012917226118383569,0.07245726501555709,0.05954003889717352,0.09654145609145376,0.24139362848567425,0.1448521723942205,0.2195431492554686,0.5221570280960623,0.30261387884059376,0.24023652781422739,0.5630022827338965,0.32276575491966913,0.24863666929408315,0.5756744576936884,0.3270377883996053,3.0,0.0018083182640144665,934.0,0.8435804701627486,1045.0,0.9439421338155516,1027.0,0.9276672694394213,970.0,0.8761301989150091,0.0018083182640144665,WACC_0p1_WRT_0p9,0.7186256781193491,15,True,WACC_0p1_WRT_0p9,15.0,True,False,False,False,False,5.0,0.04040404040404041
OCDD,PokerHand,313,0.92,731,0.9838709677419356,0.548413448995055,0,55,4546,603,0.152,"{'nu':0.5,'kernel':'rbf','gamma':'auto'}",0.42217440695224295,0.41776364857061465,0.4344291612921122,0.42217440695224295,0.22234159157628677,0.08790989487148114,-1.7606682797852482,-3.091916252778669,-0.3636769151630123,-2.2626921951286003,2.4656972749710926,0.41776364857061465,0.2912887075871484,0.12647494098346623,0.4344291612921122,0.24697204736455045,0.18745711392756173,0.42217440695224295,0.2589214279928547,0.16325297895938823,0.22234159157628677,0.21098589019207076,0.011355701384216016,0.08790989487148114,0.30256729219269785,0.2146573973212167,1051.0,0.9493670886075949,955.0,0.8625678119349005,4.0,0.0027124773960217,12.0,0.009945750452079566,56.0,0.04972875226039783,0.0027124773960217,WACC_0p5_WRT_0p5,0.37486437613019885,16,True,WACC_0p5_WRT_0p5,16.0,False,False,True,False,False,55.0,0.5454545454545454
OCDD,PokerHand,762,0.92,1105,0.9838709677419356,0.4102262243671911,0,69,4596,399,0.265,"{'nu':0.5,'kernel':'rbf','gamma':'auto'}",0.5655723624874129,0.562621136504003,0.5778275153653493,0.5655723624874129,0.3051405755413026,0.13126454166503956,-1.7606682797852482,-3.091916252778669,-0.3636769151630123,-2.2626921951286003,2.4656972749710926,0.562621136504003,0.34578478363970855,0.21683635286429448,0.5778275153653493,0.2827757376218071,0.2950517777435422,0.5655723624874129,0.27969810504418213,0.2858742574432308,0.3051405755413026,0.19640176287610817,0.10873881266519442,0.13126454166503956,0.2793794481922602,0.14811490652722062,1082.0,0.9773960216998192,1040.0,0.9394213381555153,59.0,0.05244122965641953,4.0,0.0027124773960217,31.0,0.027124773960216998,0.0027124773960217,WACC_0p7_WRT_0p3,0.3998191681735985,17,True,WACC_0p7_WRT_0p3,17.0,False,False,False,True,False,69.0,0.6868686868686869
OCDD,PokerHand,801,0.76,358,0.7258064516129031,0.7869565229308064,0,57,2544,3403,0.678,"{'nu':0.5,'kernel':'rbf','gamma':'auto'}",0.10186587948143948,0.19122974413194713,0.13051230655098595,0.10186587948143948,0.20317415698989139,0.2638845150958416,-1.7606682797852482,-3.091916252778669,-0.3636769151630123,-2.2626921951286003,2.4656972749710926,0.19122974413194713,0.17647518074407967,0.014754563387867459,0.13051230655098595,0.14527923425142783,0.014766927700441884,0.10186587948143948,0.38259917720661935,0.28073329772517985,0.20317415698989139,0.46223005089758457,0.2590558939076932,0.2638845150958416,0.544177499051224,0.28029298395538244,647.0,0.5840867992766727,4.0,0.0027124773960217,577.0,0.5207956600361664,623.0,0.5623869801084991,813.0,0.7341772151898734,0.0027124773960217,WACC_0p3_WRT_0p7,0.4808318264014467,18,True,WACC_0p3_WRT_0p7,18.0,False,True,False,False,False,57.0,0.5656565656565656
OCDD,PokerHand,202,0.77,212,0.7419354838709676,0.9617411026509884,0,2,2527,3903,0.001,"{'nu':0.5,'kernel':'rbf','gamma':'auto'}",0.20604553416498173,0.00653813172911255,0.09094360491802098,0.20604553416498173,0.22456414921973405,0.23159020988266407,-1.7606682797852482,-3.091916252778669,-0.3636769151630123,-2.2626921951286003,2.4656972749710926,0.00653813172911255,0.07261049399177973,0.06607236226266718,0.09094360491802098,0.23250758985161368,0.1415639849335927,0.20604553416498173,0.5086881338110154,0.3026425996460337,0.22456414921973405,0.5536754440139754,0.32911129479424134,0.23159020988266407,0.5612856198403743,0.3296954099577102,4.0,0.0027124773960217,886.0,0.8001808318264014,1025.0,0.9258589511754068,1010.0,0.9122965641952984,910.0,0.8218806509945751,0.0027124773960217,WACC_0p1_WRT_0p9,0.6925858951175407,19,True,WACC_0p1_WRT_0p9,19.0,True,False,False,False,False,2.0,0.010101010101010102
OCDD,PokerHand,786,0.91,2358,0.967741935483871,0.1566064184632889,0,81,4110,213,0.024,"{'nu':0.5,'kernel':'rbf','gamma':'auto'}",0.8175974555685913,0.8299533320460367,0.837487852401574,0.8175974555685913,0.44304741994048397,0.19493103572026266,-1.7606682797852482,-3.091916252778669,-0.3636769151630123,-2.2626921951286003,2.4656972749710926,0.8299533320460367,0.42510508781394285,0.40484824423209387,0.837487852401574,0.3581875006674363,0.47930035173413765,0.8175974555685913,0.28355835849238314,0.5340390970762081,0.44304741994048397,0.19798724890919664,0.24506017103128733,0.19493103572026266,0.26309372251380997,0.06816268679354731,1099.0,0.9927667269439421,1089.0,0.9837251356238698,76.0,0.06781193490054249,5.0,0.003616636528028933,16.0,0.013562386980108499,0.003616636528028933,WACC_0p7_WRT_0p3,0.41229656419529837,20,False,,,False,False,False,False,False,81.0,0.8080808080808081
OCDD,PokerHand,953,0.88,7179,0.9193548387096774,0.0,0,86,4674,88,0.166,"{'nu':0.5,'kernel':'rbf','gamma':'auto'}",0.9466347075881111,0.9985297759414344,0.98942909359386,0.9466347075881111,0.4947118040959106,0.19635311355704374,-1.7606682797852482,-3.091916252778669,-0.3636769151630123,-2.2626921951286003,2.4656972749710926,0.9985297759414344,0.5167913079389466,0.4817384680024879,0.98942909359386,0.44433817747954113,0.5450909161143189,0.9466347075881111,0.31237050400347616,0.6342642035846349,0.4947118040959106,0.20320687375099658,0.291504930344914,0.19635311355704374,0.24664539806252403,0.05029228450548029,1106.0,0.9990958408679927,1104.0,0.9972875226039783,204.0,0.18354430379746836,7.0,0.0054249547920434,5.0,0.003616636528028933,0.003616636528028933,WACC_0p9_WRT_0p1,0.43779385171790236,21,True,WACC_0p9_WRT_0p1,20.0,False,False,False,False,True,86.0,0.8585858585858586
OCDD,PokerHand,355,0.66,563,0.564516129032258,0.6357090273316344,0,81,207,1793,0.999,"{'nu':0.5,'kernel':'rbf','gamma':'auto'}",0.16460429901711424,0.36448015968611774,0.2522270881575854,0.16460429901711424,0.3371467217970896,0.4437091988101852,-1.7606682797852482,-3.091916252778669,-0.3636769151630123,-2.2626921951286003,2.4656972749710926,0.36448015968611774,0.17627180532309566,0.18820835436302208,0.2522270881575854,0.14753658736203298,0.1046905007955524,0.16460429901711424,0.39951752720090417,0.23491322818378993,0.3371467217970896,0.47832517866382895,0.14117845686673935,0.4437091988101852,0.5552437946758869,0.11153459586570169,645.0,0.5822784810126582,5.0,0.003616636528028933,661.0,0.596745027124774,702.0,0.6338155515370705,876.0,0.7911392405063291,0.003616636528028933,WACC_0p3_WRT_0p7,0.521518987341772,22,False,,,False,False,False,False,False,81.0,0.8080808080808081
OCDD,PokerHand,454,0.76,211,0.7258064516129031,0.9633167148498468,0,3,2531,4643,0.001,"{'nu':0.5,'kernel':'rbf','gamma':'auto'}",0.22387277279641007,0.006356689175959886,0.10201046944811686,0.22387277279641007,0.24160013961039062,0.2480756651829348,-1.7606682797852482,-3.091916252778669,-0.3636769151630123,-2.2626921951286003,2.4656972749710926,0.006356689175959886,0.07309850697169074,0.06674181779573085,0.10201046944811686,0.24471541199621086,0.14270494254809402,0.22387277279641007,0.5191381241985304,0.2952653514021204,0.24160013961039062,0.563282571124176,0.3216824315137854,0.2480756651829348,0.5744411517149062,0.3263654865319714,5.0,0.003616636528028933,948.0,0.85623869801085,1042.0,0.9412296564195298,1028.0,0.9285714285714286,964.0,0.8707052441229657,0.003616636528028933,WACC_0p1_WRT_0p9,0.7200723327305605,23,False,,,False,False,False,False,False,3.0,0.020202020202020204
OCDD,PokerHand,1009,0.92,724,0.9838709677419356,0.5516306581282806,0,53,4283,720,0.122,"{'nu':0.5,'kernel':'rbf','gamma':'auto'}",0.4188358840643565,0.4143911455447347,0.4310906291256522,0.4188358840643565,0.22041390507595063,0.08690053263841196,-1.7606682797852482,-3.091916252778669,-0.3636769151630123,-2.2626921951286003,2.4656972749710926,0.4143911455447347,0.2730435940521889,0.1413475514925458,0.4310906291256522,0.22204209002386918,0.20904853910178303,0.4188358840643565,0.2605092548693386,0.1583266291950179,0.22041390507595063,0.21785414329292352,0.002559761783027109,0.08690053263841196,0.31254281675367684,0.22564228411526488,1026.0,0.9267631103074141,825.0,0.7450271247739603,6.0,0.0045207956600361665,17.0,0.014466546112115732,76.0,0.06781193490054249,0.0045207956600361665,WACC_0p5_WRT_0p5,0.3517179023508138,24,False,,,False,False,False,False,False,53.0,0.5252525252525253
OCDD,PokerHand,842,0.93,800,1.0,0.5182529909322708,0,31,4999,494,0.088,"{'nu':0.5,'kernel':'rbf','gamma':'auto'}",0.46463029634712666,0.447909720458804,0.46925062516678107,0.46463029634712666,0.25447012916731415,0.11327618329228464,-1.7606682797852482,-3.091916252778669,-0.3636769151630123,-2.2626921951286003,2.4656972749710926,0.447909720458804,0.3150084335650865,0.1329012868937175,0.46925062516678107,0.2623767838015825,0.20687384136519854,0.46463029634712666,0.2635591142588506,0.20107118208827607,0.25447012916731415,0.20086173207401736,0.05360839709329679,0.11327618329228464,0.2907752225227371,0.17749903923045243,1067.0,0.9638336347197106,1008.0,0.9104882459312839,9.0,0.007233273056057866,6.0,0.0045207956600361665,41.0,0.03616636528028933,0.0045207956600361665,WACC_0p7_WRT_0p3,0.38444846292947554,25,False,,,False,False,False,False,False,31.0,0.30303030303030304
OCDD,PokerHand,1021,0.9,2955,0.9516129032258064,0.0810719760083865,0,84,2698,61,0.298,"{'nu':0.5,'kernel':'rbf','gamma':'auto'}",0.8848219847908804,0.9106040274971796,0.9123471119728453,0.8848219847908804,0.4742491243216457,0.2027253024243255,-1.7606682797852482,-3.091916252778669,-0.3636769151630123,-2.2626921951286003,2.4656972749710926,0.9106040274971796,0.5017318757689173,0.4088721517282623,0.9123471119728453,0.43969400649191454,0.4726531054809308,0.8848219847908804,0.3441452053470689,0.5406767794438114,0.4742491243216457,0.23560060375362676,0.2386485205680189,0.2027253024243255,0.24669619774460097,0.04397089532027548,1105.0,0.9981916817359855,1103.0,0.9963833634719711,396.0,0.35714285714285715,49.0,0.0433996383363472,6.0,0.0045207956600361665,0.0045207956600361665,WACC_0p9_WRT_0p1,0.47992766726943953,26,False,,,False,False,False,False,False,84.0,0.8383838383838383
OCDD,PokerHand,502,0.7,722,0.6290322580645159,0.5525555674854241,0,89,280,3122,0.908,"{'nu':0.5,'kernel':'rbf','gamma':'auto'}",0.17239684303926608,0.4457665203291107,0.3526108605278978,0.17239684303926608,0.2522581900291841,0.38465626838505823,-1.7606682797852482,-3.091916252778669,-0.3636769151630123,-2.2626921951286003,2.4656972749710926,0.4457665203291107,0.20898392084467554,0.23678259948443514,0.3526108605278978,0.14786610293129632,0.2047447575966015,0.17239684303926608,0.3847397235670538,0.21234288052778774,0.2522581900291841,0.5102264024822758,0.2579682124530917,0.38465626838505823,0.5729067895193191,0.18825052113426083,803.0,0.7251356238698011,6.0,0.0045207956600361665,587.0,0.5298372513562387,863.0,0.779385171790235,957.0,0.864376130198915,0.0045207956600361665,WACC_0p3_WRT_0p7,0.5806509945750452,27,False,,,False,False,False,False,False,89.0,0.8888888888888888
OCDD,PokerHand,1073,0.73,216,0.6774193548387095,0.9555117699538278,0,8,2342,4217,0.021,"{'nu':0.5,'kernel':'rbf','gamma':'auto'}",0.26868493741057786,0.018949049015914023,0.12426002045955543,0.26868493741057786,0.2899776418902683,0.29865537445620566,-1.7606682797852482,-3.091916252778669,-0.3636769151630123,-2.2626921951286003,2.4656972749710926,0.018949049015914023,0.07375230441390945,0.05480325539799543,0.12426002045955543,0.2550540991040837,0.1307940786445283,0.26868493741057786,0.5357923176180427,0.26710738020746483,0.2899776418902683,0.5724354418066684,0.2824577999164001,0.29865537445620566,0.5756616292085469,0.27700625475234125,6.0,0.0045207956600361665,988.0,0.8924050632911392,1064.0,0.961121157323689,1044.0,0.9430379746835443,969.0,0.8752260397830018,0.0045207956600361665,WACC_0p1_WRT_0p9,0.7352622061482821,28,False,,,False,False,False,False,False,8.0,0.0707070707070707
OCDD,PokerHand,245,0.92,516,0.9838709677419356,0.6648419133110146,0,32,3929,881,0.001,"{'nu':0.5,'kernel':'rbf','gamma':'auto'}",0.30135568587314815,0.29571521095150277,0.3136101044281772,0.30135568587314815,0.1525800157437207,0.05138180798987343,-1.7606682797852482,-3.091916252778669,-0.3636769151630123,-2.2626921951286003,2.4656972749710926,0.29571521095150277,0.24396425401886096,0.05175095693264181,0.3136101044281772,0.2187553866226395,0.09485471780553772,0.30135568587314815,0.2609485520074248,0.040407133865723366,0.1525800157437207,0.23247273691085577,0.07989272116713506,0.05138180798987343,0.315804473108231,0.2644226651183576,947.0,0.8553345388788427,791.0,0.7142857142857143,7.0,0.0054249547920434,43.0,0.0379746835443038,86.0,0.07685352622061482,0.0054249547920434,WACC_0p5_WRT_0p5,0.33797468354430377,29,False,,,False,False,False,False,False,32.0,0.31313131313131315
OCDD,PokerHand,750,0.91,2394,0.967741935483871,0.1515354712687369,0,82,2825,105,0.646,"{'nu':0.5,'kernel':'rbf','gamma':'auto'}",0.8228596168304866,0.8352690526129983,0.8427500282883053,0.8228596168304866,0.4460858287122056,0.19652198687454364,-1.7606682797852482,-3.091916252778669,-0.3636769151630123,-2.2626921951286003,2.4656972749710926,0.8352690526129983,0.41375441515925987,0.42151463745373846,0.8427500282883053,0.3695820602283663,0.47316796805993894,0.8228596168304866,0.31936971314822105,0.5034899036822655,0.4460858287122056,0.22327326116041418,0.2228125675517914,0.19652198687454364,0.24822046337165762,0.05169847649711398,1097.0,0.9909584086799277,1094.0,0.9882459312839059,247.0,0.2224231464737794,24.0,0.020795660036166366,7.0,0.0054249547920434,0.0054249547920434,WACC_0p9_WRT_0p1,0.44556962025316454,30,False,,,False,False,False,False,False,82.0,0.8181818181818182
OCDD,PokerHand,509,0.78,447,0.7580645161290321,0.7128043250562364,0,71,2510,3464,0.724,"{'nu':0.5,'kernel':'rbf','gamma':'auto'}",0.09537064732300399,0.26602080222153296,0.21450810261265357,0.09537064732300399,0.15363223288875852,0.23727810048020528,-1.7606682797852482,-3.091916252778669,-0.3636769151630123,-2.2626921951286003,2.4656972749710926,0.26602080222153296,0.1929060083338479,0.07311479388768505,0.21450810261265357,0.14863235210298656,0.06587575050966701,0.09537064732300399,0.3996767187782508,0.3043060714552468,0.15363223288875852,0.4875440425120439,0.33391180962328537,0.23727810048020528,0.5730320677291598,0.33575396724895457,730.0,0.659132007233273,7.0,0.0054249547920434,662.0,0.5976491862567812,756.0,0.6826401446654611,958.0,0.8652802893309223,0.0054249547920434,WACC_0p3_WRT_0p7,0.5620253164556962,31,False,,,False,False,False,False,False,71.0,0.7070707070707071
OCDD,PokerHand,421,0.76,207,0.7258064516129031,0.9696943738571326,1,1,510,5000,0.001,"{'nu':0.5,'kernel':'rbf','gamma':'auto'}",0.22828487029774636,0.0,0.10758366072849804,0.22828487029774636,0.24298972652060402,0.247503974639027,-1.7606682797852482,-3.091916252778669,-0.3636769151630123,-2.2626921951286003,2.4656972749710926,0.0,0.07425445770297343,0.07425445770297343,0.10758366072849804,0.26946037815338897,0.16187671742489093,0.22828487029774636,0.544164415119767,0.31587954482202063,0.24298972652060402,0.5846354567424487,0.34164573022184463,0.247503974639027,0.5963751486284908,0.3488711739894638,7.0,0.0054249547920434,1022.0,0.9231464737793852,1071.0,0.9674502712477396,1063.0,0.9602169981916817,1031.0,0.9312839059674503,0.0054249547920434,WACC_0p1_WRT_0p9,0.7575045207956601,32,False,,,False,False,False,False,False,1.0,0.0
OCDD,PokerHand,937,0.91,393,0.967741935483871,0.7558089950632599,0,24,4773,1711,0.276,"{'nu':0.5,'kernel':'rbf','gamma':'auto'}",0.1958002911256763,0.20182739462140278,0.2156889598319284,0.1958002911256763,0.08401738177809058,0.017276178517441197,-1.7606682797852482,-3.091916252778669,-0.3636769151630123,-2.2626921951286003,2.4656972749710926,0.20182739462140278,0.184637962629269,0.017189431992133797,0.2156889598319284,0.1968819269665599,0.0188070328653685,0.1958002911256763,0.2614168903569332,0.06561659923125693,0.08401738177809058,0.29459984947487466,0.21058246769678407,0.017276178517441197,0.3681804788129977,0.3509043002955565,684.0,0.6175406871609403,515.0,0.46473779385171793,8.0,0.006329113924050633,153.0,0.13743218806509946,188.0,0.16907775768535263,0.006329113924050633,WACC_0p5_WRT_0p5,0.2790235081374322,33,False,,,False,False,False,False,False,24.0,0.23232323232323232
OCDD,PokerHand,325,0.92,1055,0.9838709677419356,0.4257154327554983,0,67,4849,327,0.419,"{'nu':0.5,'kernel':'rbf','gamma':'auto'}",0.5494990907235222,0.5463842678408594,0.5617541989298966,0.5494990907235222,0.2958597558387001,0.12640498130701588,-1.7606682797852482,-3.091916252778669,-0.3636769151630123,-2.2626921951286003,2.4656972749710926,0.5463842678408594,0.36992643193942937,0.17645783590143,0.5617541989298966,0.3064614345215155,0.25529276440838117,0.5494990907235222,0.29254474629979677,0.25695434442372544,0.2958597558387001,0.2035398076706488,0.09231994816805131,0.12640498130701588,0.2739058362517806,0.14750085494476473,1088.0,0.9828209764918626,1062.0,0.9593128390596745,117.0,0.10488245931283906,8.0,0.006329113924050633,23.0,0.019891500904159132,0.006329113924050633,WACC_0p7_WRT_0p3,0.4146473779385172,34,False,,,False,False,False,False,False,67.0,0.6666666666666666
OCDD,PokerHand,976,0.81,309,0.8064516129032256,0.8360909443908979,0,38,2863,3497,0.569,"{'nu':0.5,'kernel':'rbf','gamma':'auto'}",0.052171216687491945,0.13237249595402434,0.09714317168322388,0.052171216687491945,0.1304162864377751,0.17634666478258526,-1.7606682797852482,-3.091916252778669,-0.3636769151630123,-2.2626921951286003,2.4656972749710926,0.13237249595402434,0.15122863735260575,0.01885614139858141,0.09714317168322388,0.14893158035816037,0.05178840867493649,0.052171216687491945,0.3782819826418258,0.32611076595433386,0.1304162864377751,0.45678060509588514,0.32636431865811005,0.17634666478258526,0.5363079292791308,0.3599612644965456,544.0,0.4909584086799277,8.0,0.006329113924050633,558.0,0.5036166365280289,603.0,0.5443037974683544,762.0,0.6880650994575045,0.006329113924050633,WACC_0p3_WRT_0p7,0.4466546112115732,35,False,,,False,False,False,False,False,38.0,0.37373737373737376
OCDD,PokerHand,832,0.91,2017,0.967741935483871,0.2088816868063218,0,80,650,78,0.557,"{'nu':0.5,'kernel':'rbf','gamma':'auto'}",0.7633510038750259,0.7751547493723631,0.7832412499438226,0.7633510038750259,0.41172513876031097,0.17853027362988858,-1.7606682797852482,-3.091916252778669,-0.3636769151630123,-2.2626921951286003,2.4656972749710926,0.7751547493723631,0.40083967080549,0.37431507856687307,0.7832412499438226,0.38653420845652287,0.39670704148729974,0.7633510038750259,0.3219962721560471,0.44135473171897877,0.41172513876031097,0.22986974578973562,0.18185539297057535,0.17853027362988858,0.25139701157874067,0.0728667379488521,1096.0,0.9900542495479204,1099.0,0.9927667269439421,263.0,0.23688969258589512,38.0,0.03345388788426763,8.0,0.006329113924050633,0.006329113924050633,WACC_0p9_WRT_0p1,0.4518987341772152,36,False,,,False,False,False,False,False,80.0,0.797979797979798
OCDD,PokerHand,301,0.72,204,0.661290322580645,0.97455862853094,0,5,2456,4765,0.001,"{'nu':0.5,'kernel':'rbf','gamma':'auto'}",0.29859887468843155,0.025460489997387304,0.15059433623805443,0.29859887468843155,0.3108203292593304,0.3135747149276151,-1.7606682797852482,-3.091916252778669,-0.3636769151630123,-2.2626921951286003,2.4656972749710926,0.025460489997387304,0.0747060673967869,0.049245577399399595,0.15059433623805443,0.2512276829269177,0.10063334668886328,0.29859887468843155,0.527484150613224,0.2288852759247924,0.3108203292593304,0.5736261173507037,0.2628057880913733,0.3135747149276151,0.5805078192381539,0.2669331043105388,8.0,0.006329113924050633,973.0,0.8788426763110307,1050.0,0.9484629294755877,1048.0,0.9466546112115732,986.0,0.8905967450271248,0.006329113924050633,WACC_0p1_WRT_0p9,0.7341772151898734,37,False,,,False,False,False,False,False,5.0,0.04040404040404041
OCDD,PokerHand,620,0.92,1387,0.9838709677419356,0.3341846157829625,0,72,1368,258,0.013,"{'nu':0.5,'kernel':'rbf','gamma':'auto'}",0.644481329911492,0.6423332548100844,0.6567367020967905,0.644481329911492,0.35070316605424656,0.15512171869903363,-1.7606682797852482,-3.091916252778669,-0.3636769151630123,-2.2626921951286003,2.4656972749710926,0.6423332548100844,0.33932114041030736,0.30301211439977704,0.6567367020967905,0.30179720065087157,0.3549395014459189,0.644481329911492,0.28670346227642707,0.3577778676350649,0.35070316605424656,0.20459751356835912,0.14610565248588744,0.15512171869903363,0.27539734803868965,0.12027562933965602,1079.0,0.9746835443037974,1058.0,0.9556962025316456,86.0,0.07685352622061482,9.0,0.007233273056057866,26.0,0.022603978300180832,0.007233273056057866,WACC_0p7_WRT_0p3,0.40741410488245944,38,False,,,False,False,False,False,False,72.0,0.7171717171717171
OCDD,PokerHand,965,0.92,1034,0.9838709677419356,0.4324408204837012,0,66,3393,230,0.543,"{'nu':0.5,'kernel':'rbf','gamma':'auto'}",0.5425201036789329,0.5393342473030776,0.5547751924889915,0.5425201036789329,0.2918300398344488,0.12429496853057302,-1.7606682797852482,-3.091916252778669,-0.3636769151630123,-2.2626921951286003,2.4656972749710926,0.5393342473030776,0.37370285805941755,0.16563138924366,0.5547751924889915,0.32819863743135347,0.22657655505763807,0.5425201036789329,0.3073007265452092,0.2352193771337237,0.2918300398344488,0.2188227874751865,0.07300725235926228,0.12429496853057302,0.25493144473321827,0.13063647620264524,1090.0,0.984629294755877,1079.0,0.9746835443037974,181.0,0.162748643761302,18.0,0.015370705244122965,9.0,0.007233273056057866,0.007233273056057866,WACC_0p9_WRT_0p1,0.4289330922242315,39,False,,,False,False,False,False,False,66.0,0.6565656565656566
OCDD,PokerHand,405,0.76,207,0.7258064516129031,0.9696943738571326,1,1,2286,2599,0.001,"{'nu':0.5,'kernel':'rbf','gamma':'auto'}",0.22828487029774636,0.0,0.10758366072849804,0.22828487029774636,0.24298972652060402,0.247503974639027,-1.7606682797852482,-3.091916252778669,-0.3636769151630123,-2.2626921951286003,2.4656972749710926,0.0,0.0749544916082876,0.0749544916082876,0.10758366072849804,0.22069465901498314,0.1131109982864851,0.22828487029774636,0.4696827171655295,0.24139784686778315,0.24298972652060402,0.5052844968829789,0.2622947703623749,0.247503974639027,0.5115850321673076,0.26408105752828054,9.0,0.007233273056057866,811.0,0.7323688969258589,926.0,0.8363471971066908,842.0,0.7603978300180831,618.0,0.5578661844484629,0.007233273056057866,WACC_0p1_WRT_0p9,0.5788426763110308,40,False,,,False,False,False,False,False,1.0,0.0
OCDD,PokerHand,456,0.71,461,0.6451612903225805,0.7025014514051069,0,73,261,2785,0.858,"{'nu':0.5,'kernel':'rbf','gamma':'auto'}",0.12712553379939098,0.28711256145677766,0.2005340559990373,0.12712553379939098,0.2682362393326774,0.3545884929214213,-1.7606682797852482,-3.091916252778669,-0.3636769151630123,-2.2626921951286003,2.4656972749710926,0.28711256145677766,0.19573226752838246,0.0913802939283952,0.2005340559990373,0.1521030659392746,0.048430990059762674,0.12712553379939098,0.40072189288966736,0.27359635909027635,0.2682362393326774,0.5028302048057957,0.23459396547311828,0.3545884929214213,0.5808104079498763,0.22622191502845496,741.0,0.6690777576853526,9.0,0.007233273056057866,664.0,0.5994575045207957,830.0,0.7495479204339964,987.0,0.891500904159132,0.007233273056057866,WACC_0p3_WRT_0p7,0.583363471971067,41,False,,,False,False,False,False,False,73.0,0.7272727272727273
OCDD,PokerHand,961,0.91,439,0.967741935483871,0.7188372265513009,0,36,4014,1428,0.004,"{'nu':0.5,'kernel':'rbf','gamma':'auto'}",0.2341661822665675,0.24058378129549493,0.2540549576010351,0.2341661822665675,0.10617011605887383,0.020590311559939824,-1.7606682797852482,-3.091916252778669,-0.3636769151630123,-2.2626921951286003,2.4656972749710926,0.24058378129549493,0.1952122913537522,0.045371489941742726,0.2540549576010351,0.20640589416009095,0.047649063440944134,0.2341661822665675,0.26546341288428804,0.03129723061772055,0.10617011605887383,0.2684821786694672,0.1623120626105934,0.020590311559939824,0.3522108150729032,0.33162050351296335,736.0,0.6645569620253164,662.0,0.5976491862567812,10.0,0.0081374321880651,116.0,0.10397830018083183,155.0,0.13924050632911392,0.0081374321880651,WACC_0p5_WRT_0p5,0.30271247739602175,42,False,,,False,False,False,False,False,36.0,0.35353535353535354
OCDD,PokerHand,999,0.76,507,0.7258064516129031,0.6707217771413083,0,77,598,2139,0.918,"{'nu':0.5,'kernel':'rbf','gamma':'auto'}",0.11672373797157598,0.3130751124790265,0.25113033963777437,0.11672373797157598,0.17784851931052345,0.2743037465043364,-1.7606682797852482,-3.091916252778669,-0.3636769151630123,-2.2626921951286003,2.4656972749710926,0.3130751124790265,0.19038396488174072,0.12269114759728575,0.25113033963777437,0.15347665649689424,0.09765368314088013,0.11672373797157598,0.34183277393048317,0.2251090359589072,0.17784851931052345,0.43981207188977295,0.2619635525792495,0.2743037465043364,0.5057188852601988,0.2314151387558624,718.0,0.6482820976491862,10.0,0.0081374321880651,373.0,0.33634719710669075,540.0,0.4873417721518987,574.0,0.5180831826401446,0.0081374321880651,WACC_0p3_WRT_0p7,0.39963833634719703,43,False,,,False,False,False,False,False,77.0,0.7676767676767676
OCDD,PokerHand,1105,0.91,2016,0.967741935483871,0.2090476431786758,0,79,1503,193,0.315,"{'nu':0.5,'kernel':'rbf','gamma':'auto'}",0.763178789659365,0.7749807823267805,0.7830690352495364,0.763178789659365,0.41162570106590446,0.17847820673350268,-1.7606682797852482,-3.091916252778669,-0.3636769151630123,-2.2626921951286003,2.4656972749710926,0.7749807823267805,0.3977588354390751,0.3772219468877054,0.7830690352495364,0.3496942216532724,0.433374813596264,0.763178789659365,0.3017236299850678,0.46145515967429723,0.41162570106590446,0.2047066991419823,0.20691900192392215,0.17847820673350268,0.2637350848420527,0.08525687810855004,1095.0,0.9891500904159132,1085.0,0.9801084990958409,158.0,0.14195298372513562,10.0,0.0081374321880651,18.0,0.015370705244122965,0.0081374321880651,WACC_0p7_WRT_0p3,0.4269439421338155,44,False,,,False,False,False,False,False,79.0,0.7878787878787878
OCDD,PokerHand,780,0.91,4361,0.967741935483871,0.0,0,84,2325,28,0.484,"{'nu':0.5,'kernel':'rbf','gamma':'auto'}",0.9801091515071804,0.9941191037657383,1.0,0.9801091515071804,0.5368828114976989,0.24406449198848448,-1.7606682797852482,-3.091916252778669,-0.3636769151630123,-2.2626921951286003,2.4656972749710926,0.9941191037657383,0.48823884092943537,0.5058802628363029,1.0,0.44746914657419373,0.5525308534258062,0.9801091515071804,0.3694107449817679,0.6106984065254124,0.5368828114976989,0.24189720386409821,0.2949856076336007,0.24406449198848448,0.25547704482902106,0.011412552840536577,1104.0,0.9972875226039783,1105.0,0.9981916817359855,519.0,0.46835443037974683,57.0,0.05063291139240506,10.0,0.0081374321880651,0.0081374321880651,WACC_0p9_WRT_0p1,0.5045207956600362,45,False,,,False,False,False,False,False,84.0,0.8383838383838383
OCDD,PokerHand,432,0.76,214,0.7258064516129031,0.958611949273242,0,4,2363,2915,0.001,"{'nu':0.5,'kernel':'rbf','gamma':'auto'}",0.22061799162651724,0.011288552628444559,0.09789915549141003,0.22061799162651724,0.24057504863995702,0.2484973982966644,-1.7606682797852482,-3.091916252778669,-0.3636769151630123,-2.2626921951286003,2.4656972749710926,0.011288552628444559,0.07568324908894457,0.06439469646050001,0.09789915549141003,0.20030136600715606,0.10240221051574604,0.22061799162651724,0.4682575838350488,0.24763959220853154,0.24057504863995702,0.49948669250848315,0.25891164386852616,0.2484973982966644,0.5160777293501422,0.2675803310534778,10.0,0.0081374321880651,576.0,0.5198915009041591,923.0,0.833634719710669,814.0,0.7350813743218807,650.0,0.5867992766726944,0.0081374321880651,WACC_0p1_WRT_0p9,0.5367088607594936,46,False,,,False,False,False,False,False,4.0,0.030303030303030304
OCDD,PokerHand,818,0.91,526,0.967741935483871,0.6584275988553534,0,51,4332,1644,0.238,"{'nu':0.5,'kernel':'rbf','gamma':'auto'}",0.2968537217954056,0.30390936684504144,0.316742671353911,0.2968537217954056,0.14236634048120564,0.0374904323069308,-1.7606682797852482,-3.091916252778669,-0.3636769151630123,-2.2626921951286003,2.4656972749710926,0.30390936684504144,0.18086629667180523,0.12304307017323621,0.316742671353911,0.19957651883780683,0.11716615251610416,0.2968537217954056,0.26650528029606707,0.03034844149933852,0.14236634048120564,0.2915069033470337,0.14914056286582808,0.0374904323069308,0.3645089814839077,0.3270185491769769,663.0,0.5985533453887885,566.0,0.5108499095840868,11.0,0.009041591320072333,148.0,0.13291139240506328,178.0,0.16003616636528029,0.009041591320072333,WACC_0p5_WRT_0p5,0.28227848101265823,47,False,,,False,False,False,False,False,51.0,0.5050505050505051
OCDD,PokerHand,802,0.91,2772,0.967741935483871,0.1024692035576579,0,83,3884,152,0.314,"{'nu':0.5,'kernel':'rbf','gamma':'auto'}",0.8737760636616455,0.8867037369843991,0.8936666166287501,0.8737760636616455,0.4754853417596195,0.2119159620543815,-1.7606682797852482,-3.091916252778669,-0.3636769151630123,-2.2626921951286003,2.4656972749710926,0.8867037369843991,0.4717119581341343,0.4149917788502648,0.8936666166287501,0.408708653861533,0.48495796276721714,0.8737760636616455,0.321365036459646,0.5524110272019995,0.4754853417596195,0.22599109758525765,0.24949424417436183,0.2119159620543815,0.25576799893305624,0.04385203687867473,1103.0,0.9963833634719711,1101.0,0.9945750452079566,259.0,0.2332730560578662,29.0,0.02531645569620253,11.0,0.009041591320072333,0.009041591320072333,WACC_0p9_WRT_0p1,0.4517179023508137,48,False,,,False,False,False,False,False,83.0,0.8282828282828283
OCDD,PokerHand,204,0.82,230,0.8225806451612901,0.9345788931928448,0,3,2544,2802,0.001,"{'nu':0.5,'kernel':'rbf','gamma':'auto'}",0.10356846731804903,0.027660334056543404,0.018757605508791114,0.10356846731804903,0.13518249876714794,0.15089155595449974,-1.7606682797852482,-3.091916252778669,-0.3636769151630123,-2.2626921951286003,2.4656972749710926,0.027660334056543404,0.07683643527040183,0.04917610121385843,0.018757605508791114,0.191475483703548,0.1727178781947569,0.10356846731804903,0.44212677606053924,0.3385583087424902,0.13518249876714794,0.4771440488646901,0.34196155009754214,0.15089155595449974,0.5034384115587889,0.3525468556042891,11.0,0.009041591320072333,418.0,0.3770343580470163,840.0,0.7585895117540687,692.0,0.6247739602169982,566.0,0.5108499095840868,0.009041591320072333,WACC_0p1_WRT_0p9,0.45605786618444843,49,False,,,False,False,False,False,False,3.0,0.020202020202020204
OCDD,PokerHand,633,0.8,501,0.7903225806451613,0.6746998473958413,0,74,1012,3313,0.819,"{'nu':0.5,'kernel':'rbf','gamma':'auto'}",0.1572282554847847,0.3030241255186068,0.26109679566081334,0.1572282554847847,0.11194451361347638,0.2074403841044192,-1.7606682797852482,-3.091916252778669,-0.3636769151630123,-2.2626921951286003,2.4656972749710926,0.3030241255186068,0.2235831457190228,0.079440979799584,0.26109679566081334,0.15504323709569598,0.10605355856511736,0.1572282554847847,0.35889617640139665,0.20166792091661195,0.11194451361347638,0.46969448349299936,0.357749969879523,0.2074403841044192,0.5477364606423012,0.34029607653788196,868.0,0.7839059674502713,11.0,0.009041591320072333,472.0,0.4258589511754069,659.0,0.5949367088607594,836.0,0.7549728752260397,0.009041591320072333,WACC_0p3_WRT_0p7,0.5137432188065099,50,False,,,False,False,False,False,False,74.0,0.7373737373737373
OCDD,PokerHand,649,0.9,344,0.9516129032258064,0.8002748629805628,0,23,4116,2247,0.224,"{'nu':0.5,'kernel':'rbf','gamma':'auto'}",0.13849956689345513,0.15668539426758538,0.16602261986248754,0.13849956689345513,0.04331733257050771,0.029916970189253624,-1.7606682797852482,-3.091916252778669,-0.3636769151630123,-2.2626921951286003,2.4656972749710926,0.15668539426758538,0.14621726381910893,0.010468130448476443,0.16602261986248754,0.17717842979973505,0.011155809937247518,0.13849956689345513,0.2668533740892473,0.12835380719579217,0.04331733257050771,0.3403458578511211,0.2970285252806134,0.029916970189253624,0.40358308985262664,0.37366611966337304,517.0,0.4665461121157324,154.0,0.1383363471971067,12.0,0.009945750452079566,246.0,0.22151898734177214,270.0,0.24321880650994576,0.009945750452079566,WACC_0p5_WRT_0p5,0.21591320072332731,51,False,,,False,False,False,False,False,23.0,0.2222222222222222
OCDD,PokerHand,748,0.75,494,0.7096774193548386,0.6794014669207913,0,76,2496,2403,0.892,"{'nu':0.5,'kernel':'rbf','gamma':'auto'}",0.0965586085470534,0.30544668026974275,0.23859969768495237,0.0965586085470534,0.1964323712603978,0.29015239541978927,-1.7606682797852482,-3.091916252778669,-0.3636769151630123,-2.2626921951286003,2.4656972749710926,0.30544668026974275,0.20485086014329262,0.10059582012645013,0.23859969768495237,0.15545663406437576,0.08314306362057661,0.0965586085470534,0.33038927883103875,0.23383067028398535,0.1964323712603978,0.4423798866847948,0.24594751542439697,0.29015239541978927,0.5136861717597625,0.22353377633997323,785.0,0.7088607594936709,12.0,0.009945750452079566,316.0,0.2848101265822785,552.0,0.49819168173598555,633.0,0.5714285714285714,0.009945750452079566,WACC_0p3_WRT_0p7,0.4146473779385172,52,False,,,False,False,False,False,False,76.0,0.7575757575757576
OCDD,PokerHand,575,0.76,266,0.7258064516129031,0.8860870334291328,0,22,2670,4880,0.001,"{'nu':0.5,'kernel':'rbf','gamma':'auto'}",0.17044487957790114,0.08731422830179247,0.03452241676470552,0.17044487957790114,0.2247730633650814,0.2549984998040388,-1.7606682797852482,-3.091916252778669,-0.3636769151630123,-2.2626921951286003,2.4656972749710926,0.08731422830179247,0.07866493685643966,0.008649291445352814,0.03452241676470552,0.22897659930559486,0.19445418254088934,0.17044487957790114,0.496450433543583,0.32600555396568187,0.2247730633650814,0.550356651356235,0.3255835879911536,0.2549984998040388,0.5634177664115556,0.3084192666075168,12.0,0.009945750452079566,866.0,0.7820976491862568,1009.0,0.9113924050632911,1002.0,0.9050632911392406,926.0,0.8363471971066908,0.009945750452079566,WACC_0p1_WRT_0p9,0.6889692585895117,53,False,,,False,False,False,False,False,22.0,0.21212121212121213
OCDD,PokerHand,408,0.91,440,0.967741935483871,0.7180771422875973,0,37,3978,1464,0.001,"{'nu':0.5,'kernel':'rbf','gamma':'auto'}",0.23495492760639944,0.24138055463944416,0.25484370513298366,0.23495492760639944,0.10662554314290372,0.020658445178503636,-1.7606682797852482,-3.091916252778669,-0.3636769151630123,-2.2626921951286003,2.4656972749710926,0.24138055463944416,0.18981129292368423,0.05156926171575993,0.25484370513298366,0.2051987999233151,0.04964490520966855,0.23495492760639944,0.26708920208237513,0.032134274475975694,0.10662554314290372,0.2640094541788354,0.1573839110359317,0.020658445178503636,0.3512176046777128,0.33055915949920917,713.0,0.64376130198915,646.0,0.5831826401446655,13.0,0.0108499095840868,108.0,0.09674502712477397,152.0,0.13652802893309224,0.0108499095840868,WACC_0p5_WRT_0p5,0.29421338155515375,54,False,,,False,False,False,False,False,37.0,0.36363636363636365
OCDD,PokerHand,664,0.86,345,0.8870967741935483,0.7993057827834338,0,49,1132,2689,0.67,"{'nu':0.5,'kernel':'rbf','gamma':'auto'}",0.09487259704343047,0.16358214796146486,0.15293370282457222,0.09487259704343047,0.03893795312255381,0.09651060804595438,-1.7606682797852482,-3.091916252778669,-0.3636769151630123,-2.2626921951286003,2.4656972749710926,0.16358214796146486,0.17631916710971307,0.012737019148248208,0.15293370282457222,0.1555790353817787,0.0026453325572064756,0.09487259704343047,0.3439880530309219,0.2491154559874914,0.03893795312255381,0.43381649768496233,0.3948785445624085,0.09651060804595438,0.49547838489356605,0.39896777684761164,646.0,0.5831826401446655,13.0,0.0108499095840868,395.0,0.3562386980108499,517.0,0.4665461121157324,543.0,0.49005424954792043,0.0108499095840868,WACC_0p3_WRT_0p7,0.381374321880651,55,False,,,False,False,False,False,False,49.0,0.48484848484848486
OCDD,PokerHand,344,0.86,237,0.8870967741935483,0.9245836143951084,0,2,2056,200,0.001,"{'nu':0.5,'kernel':'rbf','gamma':'auto'}",0.029704793888830808,0.03225718626634459,0.022931563311626782,0.029704793888830808,0.06623393033749077,0.08528075840804668,-1.7606682797852482,-3.091916252778669,-0.3636769151630123,-2.2626921951286003,2.4656972749710926,0.03225718626634459,0.3149180962929962,0.2826609100266516,0.022931563311626782,0.2839198788709093,0.26098831555928254,0.029704793888830808,0.28945514561213,0.2597503517232992,0.06623393033749077,0.21969583785618454,0.15346190751869376,0.08528075840804668,0.2603188730910959,0.17503811468304925,1066.0,0.9629294755877035,1044.0,0.9430379746835443,99.0,0.08860759493670886,21.0,0.018083182640144666,13.0,0.0108499095840868,0.0108499095840868,WACC_0p9_WRT_0p1,0.40470162748643757,56,False,,,False,False,False,False,False,2.0,0.010101010101010102
OCDD,PokerHand,828,0.92,1410,0.9838709677419356,0.3286819621612393,0,74,1948,240,0.18,"{'nu':0.5,'kernel':'rbf','gamma':'auto'}",0.650191476283548,0.6481015201671531,0.6624468643387429,0.650191476283548,0.3540002445665117,0.15684811276215743,-1.7606682797852482,-3.091916252778669,-0.3636769151630123,-2.2626921951286003,2.4656972749710926,0.6481015201671531,0.34214703847471545,0.3059544816924376,0.6624468643387429,0.2858623948623253,0.3765844694764176,0.650191476283548,0.29767821613717727,0.35251326014637074,0.3540002445665117,0.21124981637440216,0.14275042819210954,0.15684811276215743,0.26552356938800165,0.10867545662584421,1080.0,0.9755877034358047,1047.0,0.945750452079566,143.0,0.12839059674502712,13.0,0.0108499095840868,19.0,0.0162748643761302,0.0108499095840868,WACC_0p7_WRT_0p3,0.415370705244123,57,False,,,False,False,False,False,False,74.0,0.7373737373737373
OCDD,PokerHand,99,0.77,227,0.7419354838709676,0.9389556479919354,0,8,327,2927,0.001,"{'nu':0.5,'kernel':'rbf','gamma':'auto'}",0.19028243873244582,0.03042343467386104,0.07103227113860693,0.19028243873244582,0.21959957373814876,0.23363268800078535,-1.7606682797852482,-3.091916252778669,-0.3636769151630123,-2.2626921951286003,2.4656972749710926,0.03042343467386104,0.078955772520974,0.04853233784711296,0.07103227113860693,0.24688706810243208,0.17585479696382517,0.19028243873244582,0.5129231750290507,0.3226407362966049,0.21959957373814876,0.5441315322082975,0.3245319584701487,0.23363268800078535,0.5700010498215022,0.3363683618207169,13.0,0.0108499095840868,954.0,0.8616636528028933,1032.0,0.9321880650994575,983.0,0.8878842676311031,946.0,0.8544303797468354,0.0108499095840868,WACC_0p1_WRT_0p9,0.7094032549728753,58,False,,,False,False,False,False,False,8.0,0.0707070707070707
OCDD,PokerHand,1045,0.93,594,1.0,0.617793923906311,0,23,3501,579,0.042,"{'nu':0.5,'kernel':'rbf','gamma':'auto'}",0.3613358976139563,0.3435639711610953,0.3659559393531578,0.3613358976139563,0.1948272198073819,0.08204636445619085,-1.7606682797852482,-3.091916252778669,-0.3636769151630123,-2.2626921951286003,2.4656972749710926,0.3435639711610953,0.27185692188920774,0.07170704927188759,0.3659559393531578,0.2324612961326441,0.1334946432205137,0.3613358976139563,0.2794271287319329,0.08190876888202342,0.1948272198073819,0.21253652057916128,0.017709300771779374,0.08204636445619085,0.28883273740724824,0.2067863729510574,1020.0,0.9213381555153707,885.0,0.7992766726943942,58.0,0.051537070524412296,14.0,0.011754068716094032,39.0,0.034358047016274866,0.011754068716094032,WACC_0p7_WRT_0p3,0.36365280289330915,59,False,,,False,False,False,False,False,23.0,0.2222222222222222
OCDD,PokerHand,1061,0.93,874,1.0,0.4886675789530587,0,33,3273,327,0.374,"{'nu':0.5,'kernel':'rbf','gamma':'auto'}",0.4953313079848501,0.47892321298913226,0.49995172213014105,0.4953313079848501,0.2721971083338906,0.1225582648309714,-1.7606682797852482,-3.091916252778669,-0.3636769151630123,-2.2626921951286003,2.4656972749710926,0.47892321298913226,0.36539875161867486,0.11352446137045741,0.49995172213014105,0.30198881591549825,0.1979629062146428,0.4953313079848501,0.31573953237236635,0.17959177561248374,0.2721971083338906,0.23437274432128186,0.03782436401260875,0.1225582648309714,0.2620518666267184,0.13949360179574702,1086.0,0.9810126582278481,1060.0,0.9575045207956601,227.0,0.20433996383363473,47.0,0.04159132007233273,14.0,0.011754068716094032,0.011754068716094032,WACC_0p9_WRT_0p1,0.4392405063291139,60,False,,,False,False,False,False,False,33.0,0.32323232323232326
OCDD,PokerHand,924,0.81,741,0.8064516129032256,0.5438704081362417,0,87,3854,4458,0.88,"{'nu':0.5,'kernel':'rbf','gamma':'auto'}",0.3041491280089484,0.4386984455372226,0.40038353299855606,0.3041491280089484,0.07043666243231612,0.20254118492259335,-1.7606682797852482,-3.091916252778669,-0.3636769151630123,-2.2626921951286003,2.4656972749710926,0.4386984455372226,0.25883205530039605,0.17986639023682655,0.40038353299855606,0.19601964804756272,0.20436388495099334,0.3041491280089484,0.26747046503809124,0.036678662970857145,0.07043666243231612,0.41349547325047203,0.3430588108181559,0.20254118492259335,0.5220638506003856,0.3195226656777923,989.0,0.8933092224231465,507.0,0.45750452079566006,14.0,0.011754068716094032,433.0,0.39059674502712477,682.0,0.6157323688969258,0.011754068716094032,WACC_0p5_WRT_0p5,0.47377938517179025,61,False,,,False,False,False,False,False,87.0,0.8686868686868687
OCDD,PokerHand,831,0.79,483,0.7741935483870968,0.6869257605226162,0,72,769,3237,0.826,"{'nu':0.5,'kernel':'rbf','gamma':'auto'}",0.13338318256879833,0.29167829463428036,0.24488619998906264,0.13338318256879833,0.13130102925365794,0.2229711511212137,-1.7606682797852482,-3.091916252778669,-0.3636769151630123,-2.2626921951286003,2.4656972749710926,0.29167829463428036,0.21339799453273328,0.07828030010154707,0.24488619998906264,0.15668425734319802,0.08820194264586462,0.13338318256879833,0.36813122171181994,0.23474803914302161,0.13130102925365794,0.4904699386787606,0.35916890942510266,0.2229711511212137,0.559215688655134,0.33624453753392036,816.0,0.7368896925858951,14.0,0.011754068716094032,513.0,0.4629294755877034,774.0,0.6989150090415913,898.0,0.8110307414104883,0.011754068716094032,WACC_0p3_WRT_0p7,0.5443037974683544,62,False,,,False,False,False,False,False,72.0,0.7171717171717171
OCDD,PokerHand,652,0.75,207,0.7096774193548386,0.9696943738571326,0,4,2276,3093,0.02,"{'nu':0.5,'kernel':'rbf','gamma':'auto'}",0.24502209225727106,0.005145784204988026,0.1172736582674443,0.24502209225727106,0.25968241695047484,0.26413066712271005,-1.7606682797852482,-3.091916252778669,-0.3636769151630123,-2.2626921951286003,2.4656972749710926,0.005145784204988026,0.07908786847184852,0.0739420842668605,0.1172736582674443,0.22205722894278726,0.10478357067534295,0.24502209225727106,0.4918929925242945,0.24687090026702346,0.25968241695047484,0.519827640708687,0.2601452237582122,0.26413066712271005,0.5363817506090454,0.2722510834863353,14.0,0.011754068716094032,826.0,0.7459312839059674,992.0,0.8960216998191681,901.0,0.8137432188065099,763.0,0.6889692585895117,0.011754068716094032,WACC_0p1_WRT_0p9,0.6312839059674502,63,False,,,False,False,False,False,False,4.0,0.030303030303030304
OCDD,PokerHand,703,0.93,515,1.0,0.6654901554774393,0,17,2776,372,0.149,"{'nu':0.5,'kernel':'rbf','gamma':'auto'}",0.3118411479187468,0.29356545423676267,0.31646105209990705,0.3118411479187468,0.16624860464462232,0.06708222230253855,-1.7606682797852482,-3.091916252778669,-0.3636769151630123,-2.2626921951286003,2.4656972749710926,0.29356545423676267,0.2798789141901908,0.013686540046571882,0.31646105209990705,0.2436355272068997,0.07282552489300734,0.3118411479187468,0.2830088357214563,0.02883231219729049,0.16624860464462232,0.21500497891225748,0.048756374267635155,0.06708222230253855,0.2624541124328331,0.19537189013029457,1037.0,0.9367088607594937,943.0,0.8517179023508138,72.0,0.06419529837251356,15.0,0.012658227848101266,15.0,0.012658227848101266,0.012658227848101266,WACC_0p7_WRT_0p3,0.3755877034358047,64,False,,,False,False,False,False,False,17.0,0.16161616161616163
OCDD,PokerHand,659,0.71,426,0.6451612903225805,0.7288786265660492,0,71,2160,2062,0.877,"{'nu':0.5,'kernel':'rbf','gamma':'auto'}",0.14537340005987184,0.25946216654594007,0.17316218053539253,0.14537340005987184,0.27398339158559354,0.352224054559746,-1.7606682797852482,-3.091916252778669,-0.3636769151630123,-2.2626921951286003,2.4656972749710926,0.25946216654594007,0.18664965012166307,0.072812516424277,0.17316218053539253,0.15742862805808228,0.01573355247731026,0.14537340005987184,0.3765342661914747,0.23116086613160283,0.27398339158559354,0.4626865425076957,0.18870315092210216,0.352224054559746,0.5246396877570467,0.17241563319730074,692.0,0.6247739602169982,15.0,0.012658227848101266,552.0,0.49819168173598555,625.0,0.5641952983725136,701.0,0.6329113924050633,0.012658227848101266,WACC_0p3_WRT_0p7,0.4665461121157324,65,False,,,False,False,False,False,False,71.0,0.7070707070707071
OCDD,PokerHand,369,0.74,234,0.693548387096774,0.928830821127437,0,12,2436,3721,0.001,"{'nu':0.5,'kernel':'rbf','gamma':'auto'}",0.23348969699699065,0.045447656613664705,0.0912545663899817,0.23348969699699065,0.2674716119264285,0.2844203504717494,-1.7606682797852482,-3.091916252778669,-0.3636769151630123,-2.2626921951286003,2.4656972749710926,0.045447656613664705,0.07920177246942504,0.03375411585576034,0.0912545663899817,0.2405095149710187,0.149254948581037,0.23348969699699065,0.5177501340169841,0.2842604370199935,0.2674716119264285,0.5552210337494811,0.2877494218230526,0.2844203504717494,0.5633074660618268,0.2788871155900774,15.0,0.012658227848101266,929.0,0.8390596745027125,1039.0,0.9385171790235082,1014.0,0.9159132007233273,925.0,0.8354430379746836,0.012658227848101266,WACC_0p1_WRT_0p9,0.7083182640144665,66,False,,,False,False,False,False,False,12.0,0.1111111111111111
OCDD,PokerHand,346,0.93,496,1.0,0.6780513966465069,0,12,4362,904,0.001,"{'nu':0.5,'kernel':'rbf','gamma':'auto'}",0.2988062504636509,0.2803978850495479,0.30342611841763606,0.2988062504636509,0.15872216355038088,0.06314127786545184,-1.7606682797852482,-3.091916252778669,-0.3636769151630123,-2.2626921951286003,2.4656972749710926,0.2803978850495479,0.24962232050754088,0.030775564542007,0.30342611841763606,0.20772276246646487,0.09570335595117119,0.2988062504636509,0.2678203849093124,0.030985865554338465,0.15872216355038088,0.24272313752427124,0.08400097397389036,0.06314127786545184,0.31697665588513707,0.25383537801968525,969.0,0.8752260397830018,683.0,0.6166365280289331,16.0,0.013562386980108499,59.0,0.05244122965641953,88.0,0.07866184448462929,0.013562386980108499,WACC_0p5_WRT_0p5,0.3273056057866185,67,False,,,False,False,False,False,False,12.0,0.1111111111111111
OCDD,PokerHand,1006,0.87,341,0.9032258064516128,0.8031990472828119,0,40,1147,2631,0.612,"{'nu':0.5,'kernel':'rbf','gamma':'auto'}",0.1019906742279133,0.15803073248481495,0.1524172562763983,0.1019906742279133,0.023093540937122608,0.07953492504761955,-1.7606682797852482,-3.091916252778669,-0.3636769151630123,-2.2626921951286003,2.4656972749710926,0.15803073248481495,0.16636692986507104,0.008336197380256094,0.1524172562763983,0.15801499870729804,0.005597742430899749,0.1019906742279133,0.34576788989808327,0.24377721567016997,0.023093540937122608,0.42033903126076655,0.3972454903236439,0.07953492504761955,0.4889091211053306,0.409374196057711,608.0,0.5488245931283906,16.0,0.013562386980108499,402.0,0.36256781193490056,458.0,0.4132007233273056,515.0,0.46473779385171793,0.013562386980108499,WACC_0p3_WRT_0p7,0.3605786618444846,68,False,,,False,False,False,False,False,40.0,0.3939393939393939
OCDD,PokerHand,911,0.92,739,0.9838709677419356,0.5447740982243081,0,56,1246,424,0.056,"{'nu':0.5,'kernel':'rbf','gamma':'auto'}",0.42595098949383353,0.42157866990691073,0.4382057543297512,0.42595098949383353,0.22452221678908502,0.0890516991710356,-1.7606682797852482,-3.091916252778669,-0.3636769151630123,-2.2626921951286003,2.4656972749710926,0.42157866990691073,0.27674096781969604,0.1448377020872147,0.4382057543297512,0.2510997304541655,0.18710602387558567,0.42595098949383353,0.2779895511251038,0.14796143836872971,0.22452221678908502,0.2160916672515082,0.008430549537576826,0.0890516991710356,0.2790166757632951,0.18996497659225947,1032.0,0.9321880650994575,971.0,0.8770343580470162,50.0,0.04430379746835443,16.0,0.013562386980108499,30.0,0.026220614828209764,0.013562386980108499,WACC_0p7_WRT_0p3,0.3786618444846293,69,False,,,False,False,False,False,False,56.0,0.5555555555555556
OCDD,PokerHand,1038,0.79,231,0.7741935483870968,0.933132597318137,0,7,986,4946,0.016,"{'nu':0.5,'kernel':'rbf','gamma':'auto'}",0.15277957822689173,0.0335871144526832,0.04656373570392245,0.15277957822689173,0.18494544599423282,0.20090127873063096,-1.7606682797852482,-3.091916252778669,-0.3636769151630123,-2.2626921951286003,2.4656972749710926,0.0335871144526832,0.07924548524249661,0.04565837078981341,0.04656373570392245,0.22808098282834238,0.18151724712441994,0.15277957822689173,0.49502691409140404,0.3422473358645123,0.18494544599423282,0.5412869128856678,0.356341466891435,0.20090127873063096,0.5621640002649214,0.36126272153429045,16.0,0.013562386980108499,862.0,0.7784810126582279,1005.0,0.9077757685352622,974.0,0.879746835443038,917.0,0.8282097649186256,0.013562386980108499,WACC_0p1_WRT_0p9,0.6815551537070524,70,False,,,False,False,False,False,False,7.0,0.06060606060606061
OCDD,PokerHand,341,0.92,595,0.9838709677419356,0.6172316786451035,0,42,3514,805,0.281,"{'nu':0.5,'kernel':'rbf','gamma':'auto'}",0.35076119591234967,0.34562357992117926,0.3630157517774011,0.35076119591234967,0.18110710330401705,0.06631896960707548,-1.7606682797852482,-3.091916252778669,-0.3636769151630123,-2.2626921951286003,2.4656972749710926,0.34562357992117926,0.23295438038651017,0.11266919953466908,0.3630157517774011,0.20486575589792055,0.15814999587948053,0.35076119591234967,0.26804281948562403,0.08271837642672564,0.18110710330401705,0.24547223520715578,0.06436513190313872,0.06631896960707548,0.31331991494492456,0.24700094533784908,908.0,0.8200723327305606,641.0,0.5786618444846293,17.0,0.014466546112115732,67.0,0.059674502712477394,77.0,0.06871609403254973,0.014466546112115732,WACC_0p5_WRT_0p5,0.30831826401446655,71,False,,,False,False,False,False,False,42.0,0.41414141414141414
OCDD,PokerHand,360,0.91,347,0.967741935483871,0.7973759966090131,0,10,2205,242,0.001,"{'nu':0.5,'kernel':'rbf','gamma':'auto'}",0.15266589099975925,0.15825396414650666,0.17255443982494065,0.15266589099975925,0.05911127700806521,0.013550130810098975,-1.7606682797852482,-3.091916252778669,-0.3636769151630123,-2.2626921951286003,2.4656972749710926,0.15825396414650666,0.2815427932554271,0.12328882910892042,0.17255443982494065,0.2691335855508047,0.09657914572586404,0.15266589099975925,0.3018652380101992,0.14919934701043996,0.05911127700806521,0.2316058526807535,0.1724945756726883,0.013550130810098975,0.2635943987984655,0.25004426798836654,1040.0,0.9394213381555153,1021.0,0.9222423146473779,160.0,0.1437613019891501,41.0,0.03616636528028933,17.0,0.014466546112115732,0.014466546112115732,WACC_0p9_WRT_0p1,0.4112115732368896,72,False,,,False,False,False,False,False,10.0,0.09090909090909091
OCDD,PokerHand,890,0.88,361,0.9193548387096774,0.7841702352197106,0,32,1291,3181,0.71,"{'nu':0.5,'kernel':'rbf','gamma':'auto'}",0.13289516817076125,0.17650783656197647,0.17568729259487195,0.13289516817076125,0.024852894152165576,0.06461396689464396,-1.7606682797852482,-3.091916252778669,-0.3636769151630123,-2.2626921951286003,2.4656972749710926,0.17650783656197647,0.20086417078104185,0.024356334219065384,0.17568729259487195,0.15804475954833042,0.017642533046541536,0.13289516817076125,0.36290552984511787,0.23001036167435662,0.024852894152165576,0.4599905462544253,0.43513765210225974,0.06461396689464396,0.523299779983409,0.4586858130887651,765.0,0.6907775768535263,17.0,0.014466546112115732,487.0,0.4394213381555154,615.0,0.5551537070524413,693.0,0.6256781193490054,0.014466546112115732,WACC_0p3_WRT_0p7,0.46509945750452075,73,False,,,False,False,False,False,False,32.0,0.31313131313131315
OCDD,PokerHand,403,0.76,215,0.7258064516129031,0.9570582714302082,0,5,2420,3159,0.001,"{'nu':0.5,'kernel':'rbf','gamma':'auto'}",0.2195431492554686,0.012917226118383569,0.09654145609145376,0.2195431492554686,0.24023652781422739,0.24863666929408315,-1.7606682797852482,-3.091916252778669,-0.3636769151630123,-2.2626921951286003,2.4656972749710926,0.012917226118383569,0.07953273465474861,0.06661550853636504,0.09654145609145376,0.20679038507070868,0.11024892897925492,0.2195431492554686,0.4691196083692145,0.2495764591137459,0.24023652781422739,0.5116637582368139,0.2714272304225865,0.24863666929408315,0.5251878897707919,0.27655122047670877,17.0,0.014466546112115732,666.0,0.6012658227848101,925.0,0.8354430379746836,869.0,0.7848101265822784,703.0,0.6347197106690777,0.014466546112115732,WACC_0p1_WRT_0p9,0.574141048824593,74,False,,,False,False,False,False,False,5.0,0.04040404040404041
OCDD,PokerHand,913,0.9,636,0.9516129032258064,0.5949566440053979,0,63,4074,2071,0.312,"{'nu':0.5,'kernel':'rbf','gamma':'auto'}",0.3515598762993964,0.3719142731150632,0.3790835214152524,0.3515598762993964,0.16633984761436518,0.04832160489079521,-1.7606682797852482,-3.091916252778669,-0.3636769151630123,-2.2626921951286003,2.4656972749710926,0.3719142731150632,0.15945957945638922,0.21245469365867398,0.3790835214152524,0.1837420021098547,0.19534151930539773,0.3515598762993964,0.2690245242385441,0.08253535206085227,0.16633984761436518,0.3372709484724182,0.170931100858053,0.04832160489079521,0.4006749539755248,0.35235334908472954,583.0,0.5262206148282098,281.0,0.25316455696202533,18.0,0.015370705244122965,238.0,0.21428571428571427,264.0,0.23779385171790235,0.015370705244122965,WACC_0p5_WRT_0p5,0.24936708860759493,75,False,,,False,False,False,False,False,63.0,0.6262626262626263
OCDD,PokerHand,624,0.79,498,0.7741935483870968,0.6767067483558,0,75,492,2223,0.805,"{'nu':0.5,'kernel':'rbf','gamma':'auto'}",0.1439875308090697,0.3023905760020562,0.2554905777014171,0.1439875308090697,0.1290744747254058,0.22388717887013748,-1.7606682797852482,-3.091916252778669,-0.3636769151630123,-2.2626921951286003,2.4656972749710926,0.3023905760020562,0.17866119416093676,0.12372938184111945,0.2554905777014171,0.15888514016657423,0.09660543753484285,0.1439875308090697,0.3973564822736452,0.2533689514645755,0.1290744747254058,0.48382037121037647,0.3547458964849707,0.22388717887013748,0.5471849285877479,0.32329774971761044,656.0,0.5922242314647378,18.0,0.015370705244122965,648.0,0.5849909584086799,742.0,0.6699819168173599,831.0,0.7504520795660036,0.015370705244122965,WACC_0p3_WRT_0p7,0.5226039783001808,76,False,,,False,False,False,False,False,75.0,0.7474747474747475
OCDD,PokerHand,304,0.74,205,0.693548387096774,0.9729293456352268,0,4,2372,3439,0.001,"{'nu':0.5,'kernel':'rbf','gamma':'auto'}",0.2639972844316846,0.013535251345773299,0.1297905734081874,0.2639972844316846,0.2770799544774724,0.28046737816128425,-1.7606682797852482,-3.091916252778669,-0.3636769151630123,-2.2626921951286003,2.4656972749710926,0.013535251345773299,0.07973306000765802,0.06619780866188472,0.1297905734081874,0.22213141746672008,0.09234084405853268,0.2639972844316846,0.4946587407933047,0.2306614563616201,0.2770799544774724,0.5285864579470898,0.2515065034696174,0.28046737816128425,0.5390082709893899,0.2585408928281056,18.0,0.015370705244122965,828.0,0.7477396021699819,1004.0,0.906871609403255,936.0,0.8453887884267631,781.0,0.705244122965642,0.015370705244122965,WACC_0p1_WRT_0p9,0.644122965641953,77,False,,,False,False,False,False,False,4.0,0.030303030303030304
OCDD,PokerHand,690,0.86,331,0.8870967741935483,0.8131349981855814,0,42,3045,3071,0.544,"{'nu':0.5,'kernel':'rbf','gamma':'auto'}",0.08052191288529745,0.14908539973716556,0.13858297878237033,0.08052191288529745,0.04195111150549551,0.09527096326939297,-1.7606682797852482,-3.091916252778669,-0.3636769151630123,-2.2626921951286003,2.4656972749710926,0.14908539973716556,0.14745100690662266,0.0016343928305428967,0.13858297878237033,0.16004124449692467,0.021458265714554337,0.08052191288529745,0.3690987337969559,0.2885768209116585,0.04195111150549551,0.44190077083817386,0.39994965933267834,0.09527096326939297,0.5102725455587545,0.41500158228936146,527.0,0.4755877034358047,19.0,0.0162748643761302,517.0,0.4665461121157324,549.0,0.49547920433996384,607.0,0.5479204339963833,0.0162748643761302,WACC_0p3_WRT_0p7,0.40036166365280285,78,False,,,False,False,False,False,False,42.0,0.41414141414141414
OCDD,PokerHand,317,0.93,803,1.0,0.5170013372339795,0,32,1708,420,0.001,"{'nu':0.5,'kernel':'rbf','gamma':'auto'}",0.46592914710454203,0.4492217911729044,0.47054947953402093,0.46592914710454203,0.25522009469251855,0.11366887519374952,-1.7606682797852482,-3.091916252778669,-0.3636769151630123,-2.2626921951286003,2.4656972749710926,0.4492217911729044,0.31724327361956617,0.13197851755333823,0.47054947953402093,0.2876989996299194,0.18285047990410153,0.46592914710454203,0.3143918346413348,0.15153731246320723,0.25522009469251855,0.21941497928816556,0.035805115404352994,0.11366887519374952,0.2762832431246368,0.1626143679308873,1070.0,0.9665461121157324,1048.0,0.9466546112115732,217.0,0.19529837251356238,19.0,0.0162748643761302,27.0,0.023508137432188065,0.0162748643761302,WACC_0p7_WRT_0p3,0.42965641952983724,79,False,,,False,False,False,False,False,32.0,0.31313131313131315
OCDD,PokerHand,1094,0.81,837,0.8064516129032256,0.5031336094551548,0,91,3758,4780,0.919,"{'nu':0.5,'kernel':'rbf','gamma':'auto'}",0.3464220201785895,0.4814015994596042,0.4426565426549261,0.3464220201785895,0.09484532647390706,0.20619281361087025,-1.7606682797852482,-3.091916252778669,-0.3636769151630123,-2.2626921951286003,2.4656972749710926,0.4814015994596042,0.27564058890889476,0.20576101055070944,0.4426565426549261,0.21058190033309693,0.23207464232182917,0.3464220201785895,0.269108520425041,0.07731349975354845,0.09484532647390706,0.42637823971397104,0.33153291324006395,0.20619281361087025,0.5403999915002811,0.3342071778894108,1031.0,0.9312839059674503,719.0,0.6491862567811935,19.0,0.0162748643761302,487.0,0.4394213381555154,789.0,0.7124773960216998,0.0162748643761302,WACC_0p5_WRT_0p5,0.5497287522603977,80,False,,,False,False,False,False,False,91.0,0.9090909090909091
OCDD,PokerHand,473,0.71,198,0.6451612903225805,0.9845044184549822,0,3,141,2751,0.001,"{'nu':0.5,'kernel':'rbf','gamma':'auto'}",0.3222166455801822,0.04057884622853548,0.1689755776358918,0.3222166455801822,0.32968004358847103,0.3293098711838559,-1.7606682797852482,-3.091916252778669,-0.3636769151630123,-2.2626921951286003,2.4656972749710926,0.04057884622853548,0.07998223924170515,0.039403393013169676,0.1689755776358918,0.2905509571783429,0.1215753795424511,0.3222166455801822,0.5743604419507864,0.2521437963706042,0.32968004358847103,0.6119951580668456,0.28231511447837454,0.3293098711838559,0.6058632252459722,0.27655335406211634,19.0,0.0162748643761302,1052.0,0.9502712477396021,1091.0,0.9855334538878843,1090.0,0.984629294755877,1053.0,0.9511754068716094,0.0162748643761302,WACC_0p1_WRT_0p9,0.7775768535262206,81,False,,,False,False,False,False,False,3.0,0.020202020202020204
OCDD,PokerHand,618,0.91,449,0.967741935483871,0.7113129329494756,0,39,4231,1626,0.266,"{'nu':0.5,'kernel':'rbf','gamma':'auto'}",0.24197420013691512,0.24847127069669608,0.2618629971717782,0.24197420013691512,0.11067852026891092,0.021264785923783263,-1.7606682797852482,-3.091916252778669,-0.3636769151630123,-2.2626921951286003,2.4656972749710926,0.24847127069669608,0.18098859075356385,0.06748267994313223,0.2618629971717782,0.19643696849452885,0.06542602867724934,0.24197420013691512,0.26911395655219134,0.027139756415276217,0.11067852026891092,0.2958088559214989,0.185130335652588,0.021264785923783263,0.36269974224371393,0.34143495631993065,665.0,0.6003616636528029,510.0,0.4602169981916817,20.0,0.017179023508137433,156.0,0.14014466546112117,174.0,0.15641952983725135,0.017179023508137433,WACC_0p5_WRT_0p5,0.2748643761301989,82,False,,,False,False,False,False,False,39.0,0.3838383838383838
OCDD,PokerHand,663,0.93,551,1.0,0.6429096698938843,0,19,971,419,0.179,"{'nu':0.5,'kernel':'rbf','gamma':'auto'}",0.33527309306702685,0.3172358942992105,0.3398930623713061,0.33527309306702685,0.17977837390361107,0.07416658903425644,-1.7606682797852482,-3.091916252778669,-0.3636769151630123,-2.2626921951286003,2.4656972749710926,0.3172358942992105,0.2679398549187448,0.04929603938046573,0.3398930623713061,0.24782106647143165,0.09207199589987447,0.33527309306702685,0.2805056103306559,0.05476748273637094,0.17977837390361107,0.21942452729037332,0.03964615338676225,0.07416658903425644,0.28129337197353155,0.2071267829392751,1013.0,0.9150090415913201,960.0,0.8670886075949367,62.0,0.05515370705244123,20.0,0.017179023508137433,33.0,0.028933092224231464,0.017179023508137433,WACC_0p7_WRT_0p3,0.3766726943942134,83,False,,,False,False,False,False,False,19.0,0.18181818181818182
OCDD,PokerHand,498,0.75,341,0.7096774193548386,0.8031990472828119,0,49,2439,3368,0.539,"{'nu':0.5,'kernel':'rbf','gamma':'auto'}",0.12983976383182083,0.1756734211875997,0.11013363065183909,0.12983976383182083,0.22340582609557183,0.27905523485181594,-1.7606682797852482,-3.091916252778669,-0.3636769151630123,-2.2626921951286003,2.4656972749710926,0.1756734211875997,0.13989388166850295,0.035779539519096765,0.11013363065183909,0.16060167328652272,0.05046804263468363,0.12983976383182083,0.40624429936690704,0.2764045355350862,0.22340582609557183,0.47433575326443245,0.25092992716886064,0.27905523485181594,0.5350822499215849,0.256027015069769,480.0,0.43309222423146476,20.0,0.017179023508137433,682.0,0.6157323688969258,678.0,0.6121157323688969,755.0,0.6817359855334539,0.017179023508137433,WACC_0p3_WRT_0p7,0.4719710669077758,84,False,,,False,False,False,False,False,49.0,0.48484848484848486
OCDD,PokerHand,247,0.79,217,0.7741935483870968,0.9539723788541716,0,2,781,5000,0.001,"{'nu':0.5,'kernel':'rbf','gamma':'auto'}",0.1671966469253737,0.011741401793498087,0.0647748204622944,0.1671966469253737,0.18948609133151093,0.1990332098941433,-1.7606682797852482,-3.091916252778669,-0.3636769151630123,-2.2626921951286003,2.4656972749710926,0.011741401793498087,0.08043931484745868,0.0686979130539606,0.0647748204622944,0.23499148076030305,0.17021666029800864,0.1671966469253737,0.5041453037609295,0.33694865683555575,0.18948609133151093,0.5479819610979046,0.3584958697663937,0.1990332098941433,0.5615924952060719,0.3625592853119286,20.0,0.017179023508137433,902.0,0.8146473779385172,1016.0,0.9177215189873418,996.0,0.8996383363471971,914.0,0.825497287522604,0.017179023508137433,WACC_0p1_WRT_0p9,0.6949367088607594,85,False,,,False,False,False,False,False,2.0,0.010101010101010102
OCDD,PokerHand,81,0.92,579,0.9838709677419356,0.6263429068293398,0,39,3530,882,0.001,"{'nu':0.5,'kernel':'rbf','gamma':'auto'}",0.3413064037088564,0.3360725549960414,0.3535609332967228,0.3413064037088564,0.17564784005909867,0.06346042692451676,-1.7606682797852482,-3.091916252778669,-0.3636769151630123,-2.2626921951286003,2.4656972749710926,0.3360725549960414,0.2193355905009319,0.11673696449510948,0.3535609332967228,0.20927606925962336,0.14428486403709942,0.3413064037088564,0.26972629150523164,0.07158011220362476,0.17564784005909867,0.23642184208077366,0.06077400202167499,0.06346042692451676,0.3123074182304854,0.24884699130596866,849.0,0.7667269439421338,705.0,0.6365280289330922,21.0,0.018083182640144666,51.0,0.045207956600361664,75.0,0.06690777576853527,0.018083182640144666,WACC_0p5_WRT_0p5,0.30669077757685353,86,False,,,False,False,False,False,False,39.0,0.3838383838383838
OCDD,PokerHand,983,0.87,7129,0.9032258064516128,0.0,0,87,173,6,0.955,"{'nu':0.5,'kernel':'rbf','gamma':'auto'}",0.935476559615088,1.0,0.9859054581251467,0.935476559615088,0.4806548016286477,0.18044932074656347,-1.7606682797852482,-3.091916252778669,-0.3636769151630123,-2.2626921951286003,2.4656972749710926,1.0,0.3450097629614435,0.6549902370385565,0.9859054581251467,0.3698089662215189,0.6160964919036278,0.935476559615088,0.3916591245466246,0.5438174350684635,0.4806548016286477,0.2593810240363504,0.22127377759229733,0.18044932074656347,0.2691587244599759,0.08870940371341243,1081.0,0.976491862567812,1095.0,0.9891500904159132,624.0,0.5632911392405063,99.0,0.08860759493670886,21.0,0.018083182640144666,0.018083182640144666,WACC_0p9_WRT_0p1,0.527124773960217,87,False,,,False,False,False,False,False,87.0,0.8686868686868687
OCDD,PokerHand,488,0.74,668,0.693548387096774,0.57854578937142,0,85,451,4822,0.746,"{'nu':0.5,'kernel':'rbf','gamma':'auto'}",0.19005917995739932,0.4126408605982561,0.3397350724718425,0.19005917995739932,0.19115026981393707,0.3158197464097552,-1.7606682797852482,-3.091916252778669,-0.3636769151630123,-2.2626921951286003,2.4656972749710926,0.4126408605982561,0.2157958317163973,0.1968450288818588,0.3397350724718425,0.16132990613830153,0.17840516633354095,0.19005917995739932,0.41812444720608094,0.22806526724868162,0.19115026981393707,0.5475068014249779,0.3563565316110408,0.3158197464097552,0.616299451502013,0.30047970509225785,826.0,0.7459312839059674,21.0,0.018083182640144666,739.0,0.6672694394213382,994.0,0.8978300180831826,1072.0,0.9683544303797469,0.018083182640144666,WACC_0p3_WRT_0p7,0.6594936708860759,88,False,,,False,False,False,False,False,85.0,0.8484848484848485
OCDD,PokerHand,755,0.72,221,0.661290322580645,0.9478846297917196,0,11,2209,3266,0.153,"{'nu':0.5,'kernel':'rbf','gamma':'auto'}",0.28014566434063554,0.028414573414103344,0.12728495312169572,0.28014566434063554,0.3050085040349451,0.3159657604240895,-1.7606682797852482,-3.091916252778669,-0.3636769151630123,-2.2626921951286003,2.4656972749710926,0.028414573414103344,0.08069396570743434,0.05227939229333099,0.12728495312169572,0.23398444434908602,0.10669949122739031,0.28014566434063554,0.5149338883287521,0.23478822398811655,0.3050085040349451,0.5484150691658937,0.24340656513094855,0.3159657604240895,0.5530673149742811,0.23710155455019155,21.0,0.018083182640144666,893.0,0.8065099457504521,1035.0,0.9349005424954792,997.0,0.9005424954792043,860.0,0.7766726943942134,0.018083182640144666,WACC_0p1_WRT_0p9,0.6873417721518987,89,False,,,False,False,False,False,False,11.0,0.10101010101010101
OCDD,PokerHand,858,0.92,484,0.9838709677419356,0.6862347035706448,0,26,4472,1458,0.479,"{'nu':0.5,'kernel':'rbf','gamma':'auto'}",0.27915622138079094,0.2732897959738072,0.29141057823806676,0.27915622138079094,0.1397618894484416,0.04467006695785963,-1.7606682797852482,-3.091916252778669,-0.3636769151630123,-2.2626921951286003,2.4656972749710926,0.2732897959738072,0.2059046866845685,0.06738510928923871,0.29141057823806676,0.21255767741710516,0.07885290082096161,0.27915622138079094,0.2699103395240671,0.009245881856723814,0.1397618894484416,0.2961988555133198,0.15643696606487822,0.04467006695785963,0.3694126066689845,0.3247425397111249,789.0,0.7124773960216998,739.0,0.6672694394213382,22.0,0.0189873417721519,158.0,0.14195298372513562,192.0,0.17269439421338156,0.0189873417721519,WACC_0p5_WRT_0p5,0.3426763110307415,90,False,,,False,False,False,False,False,26.0,0.25252525252525254
OCDD,PokerHand,348,0.92,646,0.9838709677419356,0.5897413208884339,0,45,4085,612,0.322,"{'nu':0.5,'kernel':'rbf','gamma':'auto'}",0.3792881535225972,0.37444089047752965,0.3915427886710561,0.3792881535225972,0.19757876844684583,0.07494375206419887,-1.7606682797852482,-3.091916252778669,-0.3636769151630123,-2.2626921951286003,2.4656972749710926,0.37444089047752965,0.2885889932328498,0.08585189724467984,0.3915427886710561,0.23967462623737504,0.15186816243368104,0.3792881535225972,0.2765286115622469,0.10275954196035031,0.19757876844684583,0.22040805190830548,0.022829283461459654,0.07494375206419887,0.2987825968088058,0.22383884474460694,1049.0,0.9475587703435805,925.0,0.8354430379746836,43.0,0.0379746835443038,22.0,0.0189873417721519,53.0,0.04701627486437613,0.0189873417721519,WACC_0p7_WRT_0p3,0.3773960216998192,91,False,,,False,False,False,False,False,45.0,0.4444444444444444
OCDD,PokerHand,571,0.8,256,0.7903225806451613,0.8988678589939789,0,16,2482,2406,0.001,"{'nu':0.5,'kernel':'rbf','gamma':'auto'}",0.11233783299773913,0.06803557919982385,0.028475263637067177,0.11233783299773913,0.16078703314133094,0.18734606229592107,-1.7606682797852482,-3.091916252778669,-0.3636769151630123,-2.2626921951286003,2.4656972749710926,0.06803557919982385,0.08074920099334461,0.012713621793520757,0.028475263637067177,0.18867601306177056,0.1602007494247034,0.11233783299773913,0.44384710253515797,0.3315092695374188,0.16078703314133094,0.4694679481197353,0.30868091497840433,0.18734606229592107,0.4871819239724354,0.2998358616765143,22.0,0.0189873417721519,369.0,0.33273056057866185,845.0,0.7631103074141049,658.0,0.5940325497287523,506.0,0.4566003616636528,0.0189873417721519,WACC_0p1_WRT_0p9,0.43309222423146476,92,False,,,False,False,False,False,False,16.0,0.15151515151515152
OCDD,PokerHand,485,0.92,1448,0.9838709677419356,0.3197842042588931,0,75,3489,287,0.438,"{'nu':0.5,'kernel':'rbf','gamma':'auto'}",0.6594247487186765,0.657428770652459,0.6716801624353985,0.6594247487186765,0.35933160074552856,0.15963968160761083,-1.7606682797852482,-3.091916252778669,-0.3636769151630123,-2.2626921951286003,2.4656972749710926,0.657428770652459,0.3738644426894627,0.2835643279629963,0.6716801624353985,0.3160877291652476,0.35559243327015094,0.6594247487186765,0.31425561127812673,0.3451691374405498,0.35933160074552856,0.2243338595284982,0.13499774121703037,0.15963968160761083,0.26946806646264415,0.10982838485503332,1091.0,0.9855334538878843,1075.0,0.9710669077757685,216.0,0.19439421338155516,26.0,0.022603978300180832,22.0,0.0189873417721519,0.0189873417721519,WACC_0p9_WRT_0p1,0.4385171790235082,93,False,,,False,False,False,False,False,75.0,0.7474747474747475
OCDD,PokerHand,1062,0.7,723,0.6290322580645159,0.5520927934319729,0,90,239,3886,0.889,"{'nu':0.5,'kernel':'rbf','gamma':'auto'}",0.17287706726634883,0.44625163237216836,0.35309108608964124,0.17287706726634883,0.2521573591810111,0.38469775124734706,-1.7606682797852482,-3.091916252778669,-0.3636769151630123,-2.2626921951286003,2.4656972749710926,0.44625163237216836,0.22674657962256112,0.21950505274960724,0.35309108608964124,0.16152879837853953,0.1915622877111017,0.17287706726634883,0.42088015298971704,0.2480030857233682,0.2521573591810111,0.57399791421598,0.3218405550349689,0.38469775124734706,0.630484950136572,0.24578719888922496,878.0,0.7929475587703436,22.0,0.0189873417721519,755.0,0.6817359855334539,1050.0,0.9484629294755877,1086.0,0.9810126582278481,0.0189873417721519,WACC_0p3_WRT_0p7,0.684629294755877,94,False,,,False,False,False,False,False,90.0,0.898989898989899
OCDD,PokerHand,897,0.92,482,0.9838709677419356,0.687618246755755,0,25,3976,1131,0.138,"{'nu':0.5,'kernel':'rbf','gamma':'auto'}",0.2777205078792447,0.2718394694998358,0.2899748607463208,0.2777205078792447,0.1389328984161132,0.04423599625215131,-1.7606682797852482,-3.091916252778669,-0.3636769151630123,-2.2626921951286003,2.4656972749710926,0.2718394694998358,0.2161610649376149,0.055678404562220896,0.2899748607463208,0.21369446305113296,0.07628039769518782,0.2777205078792447,0.27017059306978963,0.0075499148094550494,0.1389328984161132,0.2475461311563448,0.1086132327402316,0.04423599625215131,0.33805589796969465,0.29381990171754335,830.0,0.7495479204339964,751.0,0.6781193490054249,23.0,0.019891500904159132,72.0,0.06419529837251356,127.0,0.11392405063291139,0.019891500904159132,WACC_0p5_WRT_0p5,0.3251356238698011,95,False,,,False,False,False,False,False,25.0,0.24242424242424243
OCDD,PokerHand,333,0.92,648,0.9838709677419356,0.5887079343447357,0,46,4671,537,0.404,"{'nu':0.5,'kernel':'rbf','gamma':'auto'}",0.38036050675961275,0.3755241583352308,0.39261514488840416,0.38036050675961275,0.1981979527172569,0.07526796516511254,-1.7606682797852482,-3.091916252778669,-0.3636769151630123,-2.2626921951286003,2.4656972749710926,0.3755241583352308,0.30553101146208406,0.06999314687314673,0.39261514488840416,0.2522467402016381,0.14036840468676604,0.38036050675961275,0.28549932727017807,0.09486117948943468,0.1981979527172569,0.22246621226558141,0.02426825954832451,0.07526796516511254,0.29622528082063443,0.2209573156555219,1059.0,0.9566003616636528,976.0,0.8815551537070524,84.0,0.07504520795660036,23.0,0.019891500904159132,48.0,0.042495479204339964,0.019891500904159132,WACC_0p7_WRT_0p3,0.39511754068716093,96,False,,,False,False,False,False,False,46.0,0.45454545454545453
OCDD,PokerHand,1053,0.77,493,0.7419354838709676,0.6800785490006123,0,75,2556,2354,0.825,"{'nu':0.5,'kernel':'rbf','gamma':'auto'}",0.11817229116370312,0.3017964674875228,0.2449443533402479,0.11817229116370312,0.16319451543988847,0.2568383171130583,-1.7606682797852482,-3.091916252778669,-0.3636769151630123,-2.2626921951286003,2.4656972749710926,0.3017964674875228,0.20229562459930647,0.09950084288821634,0.2449443533402479,0.16217845720932525,0.08276589613092264,0.11817229116370312,0.3730724041180885,0.2549001129543854,0.16319451543988847,0.4777404951527307,0.31454597971284226,0.2568383171130583,0.5366832843446336,0.2798449672315753,772.0,0.6971066907775768,23.0,0.019891500904159132,542.0,0.4891500904159132,697.0,0.6292947558770343,764.0,0.689873417721519,0.019891500904159132,WACC_0p3_WRT_0p7,0.5050632911392404,97,False,,,False,False,False,False,False,75.0,0.7474747474747475
OCDD,PokerHand,1014,0.72,223,0.661290322580645,0.9448817668439744,0,12,319,3444,0.163,"{'nu':0.5,'kernel':'rbf','gamma':'auto'}",0.27806826821558933,0.03156238381691037,0.12466086651288917,0.27806826821558933,0.30435422963103226,0.31623493573589534,-1.7606682797852482,-3.091916252778669,-0.3636769151630123,-2.2626921951286003,2.4656972749710926,0.03156238381691037,0.0813859387330645,0.04982355491615413,0.12466086651288917,0.23492146006819817,0.110260593555309,0.27806826821558933,0.5234578239142954,0.24538955569870607,0.30435422963103226,0.5611742967667299,0.25682006713569766,0.31623493573589534,0.5843975405798311,0.2681626048439357,23.0,0.019891500904159132,901.0,0.8137432188065099,1046.0,0.9448462929475587,1022.0,0.9231464737793852,995.0,0.8987341772151899,0.019891500904159132,WACC_0p1_WRT_0p9,0.7200723327305606,98,False,,,False,False,False,False,False,12.0,0.1111111111111111
OCDD,PokerHand,157,0.91,449,0.967741935483871,0.7113129329494756,0,39,4858,1248,0.285,"{'nu':0.5,'kernel':'rbf','gamma':'auto'}",0.24197420013691512,0.24847127069669608,0.2618629971717782,0.24197420013691512,0.11067852026891092,0.021264785923783263,-1.7606682797852482,-3.091916252778669,-0.3636769151630123,-2.2626921951286003,2.4656972749710926,0.24847127069669608,0.21717986898007224,0.03129140171662384,0.2618629971717782,0.21960514828985767,0.04225784888192052,0.24197420013691512,0.2706706024008196,0.028696402263904464,0.11067852026891092,0.27083195997243825,0.16015343970352733,0.021264785923783263,0.3505922587474585,0.3293274728236752,838.0,0.7567811934900542,799.0,0.7215189873417721,24.0,0.020795660036166366,118.0,0.1057866184448463,151.0,0.13562386980108498,0.020795660036166366,WACC_0p5_WRT_0p5,0.3481012658227848,99,False,,,False,False,False,False,False,39.0,0.3838383838383838
OCDD,PokerHand,586,0.91,1837,0.967741935483871,0.2401632677526501,0,77,4153,232,0.622,"{'nu':0.5,'kernel':'rbf','gamma':'auto'}",0.7308898645353267,0.7423632142165412,0.7507800203866605,0.7308898645353267,0.3929818495297006,0.16871603865466278,-1.7606682797852482,-3.091916252778669,-0.3636769151630123,-2.2626921951286003,2.4656972749710926,0.7423632142165412,0.39670131044082113,0.34566190377572004,0.7507800203866605,0.36068420907795345,0.390095811308707,0.7308898645353267,0.35462217906606486,0.3762676854692618,0.3929818495297006,0.23525334091893052,0.1577285086107701,0.16871603865466278,0.2749194261512455,0.1062033874965827,1094.0,0.9882459312839059,1091.0,0.9855334538878843,446.0,0.4023508137432188,48.0,0.042495479204339964,24.0,0.020795660036166366,0.020795660036166366,WACC_0p9_WRT_0p1,0.487884267631103,100,False,,,False,False,False,False,False,77.0,0.7676767676767676
OCDD,PokerHand,1079,0.81,417,0.8064516129032256,0.7360110921835776,0,69,3308,4013,0.616,"{'nu':0.5,'kernel':'rbf','gamma':'auto'}",0.10476324887492774,0.23728317798369994,0.2009970997223053,0.10476324887492774,0.10861053413202797,0.18531777864697543,-1.7606682797852482,-3.091916252778669,-0.3636769151630123,-2.2626921951286003,2.4656972749710926,0.23728317798369994,0.18339992958018597,0.05388324840351397,0.2009970997223053,0.16240050732363162,0.03859659239867369,0.10476324887492774,0.3917495441545616,0.2869862952796338,0.10861053413202797,0.4885078827421725,0.3798973486101445,0.18531777864697543,0.5549566887260093,0.36963891007903393,678.0,0.6121157323688969,24.0,0.020795660036166366,625.0,0.5641952983725136,761.0,0.6871609403254972,873.0,0.7884267631103075,0.020795660036166366,WACC_0p3_WRT_0p7,0.5345388788426764,101,False,,,False,False,False,False,False,69.0,0.6868686868686869
OCDD,PokerHand,129,0.72,220,0.661290322580645,0.949396221408267,0,10,306,3419,0.135,"{'nu':0.5,'kernel':'rbf','gamma':'auto'}",0.2811913912424329,0.026830017642440016,0.12860587498459472,0.2811913912424329,0.3053378549647367,0.31583026201747305,-1.7606682797852482,-3.091916252778669,-0.3636769151630123,-2.2626921951286003,2.4656972749710926,0.026830017642440016,0.08153990073346758,0.05470988309102756,0.12860587498459472,0.24324470732760542,0.1146388323430107,0.2811913912424329,0.5313207777736888,0.2501293865312559,0.3053378549647367,0.5660760035405207,0.260738148575784,0.31583026201747305,0.5890642766258564,0.2732340146083833,24.0,0.020795660036166366,941.0,0.8499095840867993,1058.0,0.9556962025316456,1032.0,0.9321880650994575,1008.0,0.9104882459312839,0.020795660036166366,WACC_0p1_WRT_0p9,0.7338155515370705,102,False,,,False,False,False,False,False,10.0,0.09090909090909091
OCDD,PokerHand,746,0.92,433,0.9838709677419356,0.7234343281660898,0,11,4695,1397,0.186,"{'nu':0.5,'kernel':'rbf','gamma':'auto'}",0.2405538822135635,0.2342945546591865,0.2528081317854769,0.2405538822135635,0.11747262842103838,0.032999114092776255,-1.7606682797852482,-3.091916252778669,-0.3636769151630123,-2.2626921951286003,2.4656972749710926,0.2342945546591865,0.21167248744707043,0.02262206721211607,0.2528081317854769,0.21097692805718965,0.04183120372828725,0.2405538822135635,0.2708670006365817,0.030313118423018204,0.11747262842103838,0.26782407798026947,0.15035144955923108,0.032999114092776255,0.3502509116885214,0.3172517975957452,813.0,0.7341772151898734,724.0,0.6537070524412296,25.0,0.0216998191681736,115.0,0.10307414104882459,149.0,0.13381555153707053,0.0216998191681736,WACC_0p5_WRT_0p5,0.3292947558770344,103,False,,,False,False,False,False,False,11.0,0.10101010101010101
OCDD,PokerHand,684,0.87,9585,0.9032258064516128,0.0,0,87,4801,44,0.762,"{'nu':0.5,'kernel':'rbf','gamma':'auto'}",0.935476559615088,1.0,0.9859054581251467,0.935476559615088,0.4806548016286477,0.18044932074656347,-1.7606682797852482,-3.091916252778669,-0.3636769151630123,-2.2626921951286003,2.4656972749710926,1.0,0.5984027465161305,0.40159725348386954,0.9859054581251467,0.5765086902187994,0.4093967679063474,0.935476559615088,0.455040686997178,0.48043587261791004,0.4806548016286477,0.24521834481288854,0.23543645681575917,0.18044932074656347,0.27510349090291686,0.09465417015635338,1107.0,1.0,1107.0,1.0,882.0,0.7965641952983725,66.0,0.05877034358047016,25.0,0.0216998191681736,0.0216998191681736,WACC_0p9_WRT_0p1,0.5754068716094033,104,False,,,False,False,False,False,False,87.0,0.8686868686868687
OCDD,PokerHand,743,0.67,367,0.5806451612903225,0.7786662706030079,0,62,211,3557,0.75,"{'nu':0.5,'kernel':'rbf','gamma':'auto'}",0.24676563766031076,0.21315218142530293,0.10740247042729244,0.24676563766031076,0.351602061348622,0.41426788201560605,-1.7606682797852482,-3.091916252778669,-0.3636769151630123,-2.2626921951286003,2.4656972749710926,0.21315218142530293,0.20155896420004327,0.011593217225259661,0.10740247042729244,0.16243672303714501,0.05503425260985258,0.24676563766031076,0.43140955246021584,0.18464391479990508,0.351602061348622,0.5447522947912197,0.19315023344259769,0.41426788201560605,0.6225824957642978,0.20831461374869176,767.0,0.6925858951175407,25.0,0.0216998191681736,800.0,0.7224231464737794,987.0,0.891500904159132,1080.0,0.9755877034358047,0.0216998191681736,WACC_0p3_WRT_0p7,0.660759493670886,105,False,,,False,False,False,False,False,62.0,0.6161616161616161
OCDD,PokerHand,29,0.71,259,0.6451612903225805,0.8949821251560734,0,20,175,3000,0.001,"{'nu':0.5,'kernel':'rbf','gamma':'auto'}",0.26028465985833943,0.08534089298034934,0.09074548351464261,0.26028465985833943,0.3101746095728954,0.3373346101185432,-1.7606682797852482,-3.091916252778669,-0.3636769151630123,-2.2626921951286003,2.4656972749710926,0.08534089298034934,0.08185636772556402,0.00348452525478532,0.09074548351464261,0.28971777545135396,0.19897229193671134,0.26028465985833943,0.570949888820214,0.3106652289618746,0.3101746095728954,0.6026133722089233,0.2924387626360279,0.3373346101185432,0.6084670075563705,0.2711323974378273,25.0,0.0216998191681736,1051.0,0.9493670886075949,1088.0,0.9828209764918626,1083.0,0.9783001808318263,1062.0,0.9593128390596745,0.0216998191681736,WACC_0p1_WRT_0p9,0.7783001808318264,106,False,,,False,False,False,False,False,20.0,0.1919191919191919
OCDD,PokerHand,437,0.91,397,0.967741935483871,0.7524269766672442,0,26,4540,1859,0.308,"{'nu':0.5,'kernel':'rbf','gamma':'auto'}",0.19930983786472556,0.20537266221260497,0.2191985163248683,0.19930983786472556,0.08604381864803429,0.017579341156603246,-1.7606682797852482,-3.091916252778669,-0.3636769151630123,-2.2626921951286003,2.4656972749710926,0.20537266221260497,0.17789909672354381,0.027473565489061158,0.2191985163248683,0.20032092831771003,0.018877588007158275,0.19930983786472556,0.2715689475514798,0.07225910968675425,0.08604381864803429,0.30833968884838603,0.22229587020035174,0.017579341156603246,0.37434797603180325,0.3567686348752,654.0,0.5904159132007233,577.0,0.5207956600361664,26.0,0.022603978300180832,181.0,0.162748643761302,200.0,0.17992766726943943,0.022603978300180832,WACC_0p5_WRT_0p5,0.2952983725135624,107,False,,,False,False,False,False,False,26.0,0.25252525252525254
OCDD,PokerHand,507,0.85,418,0.8709677419354838,0.7352110512428928,0,62,1049,2255,0.658,"{'nu':0.5,'kernel':'rbf','gamma':'auto'}",0.15022604946067883,0.23224094046932778,0.21592185259817068,0.15022604946067883,0.04166545666164931,0.11888272402972981,-1.7606682797852482,-3.091916252778669,-0.3636769151630123,-2.2626921951286003,2.4656972749710926,0.23224094046932778,0.17607765348218468,0.056163286987143096,0.21592185259817068,0.1624896960015779,0.053432156596592784,0.15022604946067883,0.36008534972963135,0.20985930026895253,0.04166545666164931,0.43979240989501933,0.39812695323337,0.11888272402972981,0.4892277723682533,0.3703450483385235,642.0,0.5795660036166366,26.0,0.022603978300180832,477.0,0.43037974683544306,539.0,0.4864376130198915,517.0,0.4665461121157324,0.022603978300180832,WACC_0p3_WRT_0p7,0.3971066907775769,108,False,,,False,False,False,False,False,62.0,0.6161616161616161
OCDD,PokerHand,823,0.77,213,0.7419354838709676,0.9601728703958,0,3,445,3763,0.042,"{'nu':0.5,'kernel':'rbf','gamma':'auto'}",0.2049606229762952,0.00818206216909695,0.089573186976227,0.2049606229762952,0.22422245722718712,0.23173078553117693,-1.7606682797852482,-3.091916252778669,-0.3636769151630123,-2.2626921951286003,2.4656972749710926,0.00818206216909695,0.08194880686967995,0.073766744700583,0.089573186976227,0.2348075131650119,0.1452343261887849,0.2049606229762952,0.525548600762065,0.3205879777857698,0.22422245722718712,0.5493367579968251,0.325114300769638,0.23173078553117693,0.5744686646346628,0.3427378791034859,26.0,0.022603978300180832,900.0,0.8128390596745028,1047.0,0.945750452079566,1001.0,0.9041591320072333,965.0,0.8716094032549728,0.022603978300180832,WACC_0p1_WRT_0p9,0.7113924050632912,109,False,,,False,False,False,False,False,3.0,0.020202020202020204
OCDD,PokerHand,610,0.92,548,0.9838709677419356,0.6447342900736691,0,33,4461,710,0.393,"{'nu':0.5,'kernel':'rbf','gamma':'auto'}",0.322221522571669,0.31679342421120793,0.33447599911797266,0.322221522571669,0.16462809600936812,0.05769034270182453,-1.7606682797852482,-3.091916252778669,-0.3636769151630123,-2.2626921951286003,2.4656972749710926,0.31679342421120793,0.2772058401472527,0.03958758406395524,0.33447599911797266,0.22805768325380746,0.1064183158641652,0.322221522571669,0.2716459894290181,0.0505755331426509,0.16462809600936812,0.23740624064317384,0.07277814463380572,0.05769034270182453,0.3137223103796106,0.2560319676777861,1033.0,0.9330922242314648,861.0,0.7775768535262206,27.0,0.023508137432188065,53.0,0.04701627486437613,80.0,0.07142857142857142,0.023508137432188065,WACC_0p5_WRT_0p5,0.3705244122965642,110,False,,,False,False,False,False,False,33.0,0.32323232323232326
OCDD,PokerHand,298,0.92,727,0.9838709677419356,0.5502480671435274,0,54,5000,572,0.501,"{'nu':0.5,'kernel':'rbf','gamma':'auto'}",0.4202706094602018,0.41584047385587253,0.432525358508951,0.4202706094602018,0.22124232556912604,0.08733430460224842,-1.7606682797852482,-3.091916252778669,-0.3636769151630123,-2.2626921951286003,2.4656972749710926,0.41584047385587253,0.2982097704964644,0.11763070335940812,0.432525358508951,0.25388263194896776,0.17864272655998326,0.4202706094602018,0.2790074754094677,0.1412631340507341,0.22124232556912604,0.22528870385113403,0.00404637828200799,0.08733430460224842,0.3056103017897417,0.21827599718749327,1053.0,0.9511754068716094,985.0,0.8896925858951176,55.0,0.048824593128390596,27.0,0.023508137432188065,60.0,0.05334538878842676,0.023508137432188065,WACC_0p7_WRT_0p3,0.3933092224231465,111,False,,,False,False,False,False,False,54.0,0.5353535353535354
OCDD,PokerHand,727,0.74,662,0.693548387096774,0.5815621789114052,0,84,557,4295,0.874,"{'nu':0.5,'kernel':'rbf','gamma':'auto'}",0.18692904912007782,0.40947887067793237,0.33660493293512017,0.18692904912007782,0.1918074914396276,0.3155493585801798,-1.7606682797852482,-3.091916252778669,-0.3636769151630123,-2.2626921951286003,2.4656972749710926,0.40947887067793237,0.2373351975290243,0.17214367314890808,0.33660493293512017,0.16262349972737114,0.17398143320774903,0.18692904912007782,0.373447428539073,0.18651837941899516,0.1918074914396276,0.5217459451480735,0.3299384537084459,0.3155493585801798,0.5984941951562457,0.2829448365760659,921.0,0.8318264014466547,27.0,0.023508137432188065,544.0,0.4909584086799277,907.0,0.8191681735985533,1037.0,0.9367088607594937,0.023508137432188065,WACC_0p3_WRT_0p7,0.6204339963833635,112,False,,,False,False,False,False,False,84.0,0.8383838383838383
OCDD,PokerHand,379,0.71,210,0.6451612903225805,0.9648997767794648,0,8,167,2509,0.001,"{'nu':0.5,'kernel':'rbf','gamma':'auto'}",0.3086540530282242,0.02092141301817271,0.15184383416761113,0.3086540530282242,0.3254085148942272,0.3310672226273543,-1.7606682797852482,-3.091916252778669,-0.3636769151630123,-2.2626921951286003,2.4656972749710926,0.02092141301817271,0.08210968367889984,0.06118827066072713,0.15184383416761113,0.28301404088555804,0.1311702067179469,0.3086540530282242,0.5686121750109445,0.25995812198272034,0.3254085148942272,0.5875411784971014,0.26213266360287424,0.3310672226273543,0.5999355569260987,0.2688683342987444,27.0,0.023508137432188065,1041.0,0.9403254972875226,1086.0,0.9810126582278481,1068.0,0.9647377938517179,1041.0,0.9403254972875226,0.023508137432188065,WACC_0p1_WRT_0p9,0.76998191681736,113,False,,,False,False,False,False,False,8.0,0.0707070707070707
OCDD,PokerHand,1033,0.9,376,0.9516129032258064,0.770576339405428,0,38,4864,2065,0.21,"{'nu':0.5,'kernel':'rbf','gamma':'auto'}",0.16931795531218208,0.1878174582627188,0.19684109393306984,0.16931795531218208,0.06111208591260792,0.032579132759646814,-1.7606682797852482,-3.091916252778669,-0.3636769151630123,-2.2626921951286003,2.4656972749710926,0.1878174582627188,0.161671209511531,0.026146248751187817,0.19684109393306984,0.18777300846868478,0.009068085464385062,0.16931795531218208,0.27181182261876125,0.10249386730657917,0.06111208591260792,0.3169440418344599,0.255831955921852,0.032579132759646814,0.38245535035699646,0.34987621759734966,594.0,0.5361663652802894,352.0,0.31735985533453887,28.0,0.024412296564195298,201.0,0.18083182640144665,222.0,0.19981916817359854,0.024412296564195298,WACC_0p5_WRT_0p5,0.2517179023508137,114,False,,,False,False,False,False,False,38.0,0.37373737373737376
OCDD,PokerHand,814,0.92,467,0.9838709677419356,0.698181172438885,0,18,2969,626,0.013,"{'nu':0.5,'kernel':'rbf','gamma':'auto'}",0.26675927791381293,0.260766673994999,0.27901360031694433,0.26675927791381293,0.1326038074555239,0.040922000234560225,-1.7606682797852482,-3.091916252778669,-0.3636769151630123,-2.2626921951286003,2.4656972749710926,0.260766673994999,0.23971076222688695,0.02105591176811203,0.27901360031694433,0.20979622108443577,0.06921737923250856,0.26675927791381293,0.27737659873105924,0.010617320817246312,0.1326038074555239,0.22546359659742896,0.09285978914190507,0.040922000234560225,0.304167680951,0.2632456807164398,929.0,0.8390596745027125,708.0,0.6392405063291139,47.0,0.04159132007233273,28.0,0.024412296564195298,57.0,0.05063291139240506,0.024412296564195298,WACC_0p7_WRT_0p3,0.31898734177215193,115,False,,,False,False,False,False,False,18.0,0.1717171717171717
OCDD,PokerHand,971,0.9,342,0.9516129032258064,0.8022214787799776,0,22,2247,342,0.071,"{'nu':0.5,'kernel':'rbf','gamma':'auto'}",0.13647954856976227,0.15464481580286807,0.16400259592466865,0.13647954856976227,0.042150959841076,0.029742476406523062,-1.7606682797852482,-3.091916252778669,-0.3636769151630123,-2.2626921951286003,2.4656972749710926,0.15464481580286807,0.2489414093797922,0.09429659357692413,0.16400259592466865,0.24633020184016832,0.08232760591549967,0.13647954856976227,0.30701307864311583,0.17053353007335356,0.042150959841076,0.2483411339613708,0.2061901741202948,0.029742476406523062,0.27830760932928333,0.24856513292276028,966.0,0.8725135623869801,952.0,0.8598553345388789,180.0,0.16184448462929477,74.0,0.06600361663652803,28.0,0.024412296564195298,0.024412296564195298,WACC_0p9_WRT_0p1,0.39692585895117544,116,False,,,False,False,False,False,False,22.0,0.21212121212121213
OCDD,PokerHand,1087,0.82,355,0.8225806451612901,0.7897661923505186,0,53,2724,2501,0.715,"{'nu':0.5,'kernel':'rbf','gamma':'auto'}",0.06013931218501515,0.1794631083098069,0.14873849549599677,0.06013931218501515,0.10363019512512626,0.16387250266468437,-1.7606682797852482,-3.091916252778669,-0.3636769151630123,-2.2626921951286003,2.4656972749710926,0.1794631083098069,0.19142482328522184,0.011961714975414928,0.14873849549599677,0.163389918663253,0.014651423167256233,0.06013931218501515,0.3666079384342751,0.3064686262492599,0.10363019512512626,0.455962746304335,0.3523325511792087,0.16387250266468437,0.5190959117067159,0.35522340904203153,721.0,0.650994575045208,28.0,0.024412296564195298,505.0,0.45569620253164556,601.0,0.5424954792043399,671.0,0.6057866184448463,0.024412296564195298,WACC_0p3_WRT_0p7,0.455877034358047,117,False,,,False,False,False,False,False,53.0,0.5252525252525253
OCDD,PokerHand,411,0.81,222,0.8064516129032256,0.946379831868282,0,2,1095,4857,0.001,"{'nu':0.5,'kernel':'rbf','gamma':'auto'}",0.12846963971516182,0.016759991035674847,0.03875999015578522,0.12846963971516182,0.1544464194702092,0.16646041749390114,-1.7606682797852482,-3.091916252778669,-0.3636769151630123,-2.2626921951286003,2.4656972749710926,0.016759991035674847,0.08211865985408323,0.06535866881840838,0.03875999015578522,0.22085745160469353,0.18209746144890832,0.12846963971516182,0.4920499552484067,0.3635803155332449,0.1544464194702092,0.5369466722234076,0.38250025275319843,0.16646041749390114,0.5595309210656851,0.39307050357178397,28.0,0.024412296564195298,812.0,0.7332730560578662,997.0,0.9005424954792043,962.0,0.8688969258589512,901.0,0.8137432188065099,0.024412296564195298,WACC_0p1_WRT_0p9,0.6681735985533453,118,False,,,False,False,False,False,False,2.0,0.010101010101010102
OCDD,PokerHand,250,0.91,384,0.967741935483871,0.7635458034131712,0,21,3120,937,0.001,"{'nu':0.5,'kernel':'rbf','gamma':'auto'}",0.18777174505180858,0.19371713243755517,0.20766039144476325,0.18777174505180858,0.07938164303863884,0.01658265442519697,-1.7606682797852482,-3.091916252778669,-0.3636769151630123,-2.2626921951286003,2.4656972749710926,0.19371713243755517,0.1979864348700486,0.0042693024324934326,0.20766039144476325,0.20528474631473412,0.002375645130029136,0.18777174505180858,0.2718356221110821,0.08406387705927351,0.07938164303863884,0.25812173519743953,0.17874009215880068,0.01658265442519697,0.3280880740392308,0.31150541961403383,751.0,0.6781193490054249,647.0,0.5840867992766727,29.0,0.02531645569620253,97.0,0.0867992766726944,107.0,0.09584086799276673,0.02531645569620253,WACC_0p5_WRT_0p5,0.29403254972875226,119,False,,,False,False,False,False,False,21.0,0.20202020202020202
OCDD,PokerHand,609,0.77,290,0.7419354838709676,0.8572677933503181,0,34,576,3554,0.579,"{'nu':0.5,'kernel':'rbf','gamma':'auto'}",0.13377035821166805,0.11605434194418801,0.061073188204298884,0.13377035821166805,0.20180113493736987,0.2409551513054834,-1.7606682797852482,-3.091916252778669,-0.3636769151630123,-2.2626921951286003,2.4656972749710926,0.11605434194418801,0.14639448790312795,0.03034014595893994,0.061073188204298884,0.16346434442775137,0.10239115622345249,0.13377035821166805,0.422690591904764,0.28892023369309594,0.20180113493736987,0.5083830221694744,0.30658188723210456,0.2409551513054834,0.5644197384105137,0.32346458710503034,518.0,0.4674502712477396,29.0,0.02531645569620253,765.0,0.6907775768535263,857.0,0.7739602169981917,931.0,0.840867992766727,0.02531645569620253,WACC_0p3_WRT_0p7,0.5596745027124774,120,False,,,False,False,False,False,False,34.0,0.3333333333333333
OCDD,PokerHand,166,0.93,777,1.0,0.5280076902542877,0,30,1,1,0.999,"{'nu':0.5,'kernel':'rbf','gamma':'auto'}",0.45450776914966334,0.43768416420251344,0.4591280698363335,0.45450776914966334,0.2486253110596902,0.11021575896708162,-1.7606682797852482,-3.091916252778669,-0.3636769151630123,-2.2626921951286003,2.4656972749710926,0.43768416420251344,0.28450899815424474,0.1531751660482687,0.4591280698363335,0.3798859321128528,0.07924213772348065,0.45450776914966334,0.45172553543731275,0.0027822337123505902,0.2486253110596902,0.2867475302508613,0.03812221919117109,0.11021575896708162,0.27899965343305455,0.16878389446597292,1045.0,0.9439421338155516,1097.0,0.9909584086799277,871.0,0.786618444846293,144.0,0.12929475587703435,29.0,0.02531645569620253,0.02531645569620253,WACC_0p9_WRT_0p1,0.5752260397830019,121,False,,,False,False,False,False,False,30.0,0.29292929292929293
OCDD,PokerHand,104,0.76,241,0.7258064516129031,0.9190032023103544,0,14,527,4128,0.154,"{'nu':0.5,'kernel':'rbf','gamma':'auto'}",0.19321645552896577,0.052809204053961355,0.06328659264535506,0.19321645552896577,0.23194495470631937,0.25204790892585466,-1.7606682797852482,-3.091916252778669,-0.3636769151630123,-2.2626921951286003,2.4656972749710926,0.052809204053961355,0.08223579142853132,0.02942658737456997,0.06328659264535506,0.20777720803843946,0.1444906153930844,0.19321645552896577,0.47098689546770134,0.27777043993873557,0.23194495470631937,0.5279011696202921,0.2959562149139727,0.25204790892585466,0.5575380390833291,0.30549013015747445,29.0,0.02531645569620253,685.0,0.6184448462929476,932.0,0.8417721518987342,935.0,0.8444846292947559,886.0,0.8001808318264014,0.02531645569620253,WACC_0p1_WRT_0p9,0.6260397830018084,122,False,,,False,False,False,False,False,14.0,0.13131313131313133
OCDD,PokerHand,758,0.92,490,0.9838709677419356,0.6821180495670169,0,27,3641,1010,0.066,"{'nu':0.5,'kernel':'rbf','gamma':'auto'}",0.28342810519172656,0.27760515985250406,0.2956824739216146,0.28342810519172656,0.14222850508352522,0.0459616196377778,-1.7606682797852482,-3.091916252778669,-0.3636769151630123,-2.2626921951286003,2.4656972749710926,0.27760515985250406,0.2139818717171659,0.06362328813533816,0.2956824739216146,0.21652627803293134,0.07915619588868328,0.28342810519172656,0.2720783681060815,0.011349737085645073,0.14222850508352522,0.24952576255315742,0.1072972574696322,0.0459616196377778,0.3276930314276062,0.2817314117898284,820.0,0.740506329113924,771.0,0.6962025316455697,30.0,0.026220614828209764,75.0,0.06690777576853527,106.0,0.0949367088607595,0.026220614828209764,WACC_0p5_WRT_0p5,0.32495479204339967,123,False,,,False,False,False,False,False,27.0,0.26262626262626265
OCDD,PokerHand,373,0.93,451,1.0,0.7098281545766654,0,7,3405,718,0.225,"{'nu':0.5,'kernel':'rbf','gamma':'auto'}",0.2658312621245197,0.2470872708388189,0.27045103843292967,0.2658312621245197,0.13968217430821436,0.053171686826797786,-1.7606682797852482,-3.091916252778669,-0.3636769151630123,-2.2626921951286003,2.4656972749710926,0.2470872708388189,0.2450907729538594,0.0019964978849595083,0.27045103843292967,0.22408128665046642,0.04636975178246325,0.2658312621245197,0.28265807490450534,0.016826812779985656,0.13968217430821436,0.2265772808246784,0.08689510651646404,0.053171686826797786,0.30885501082233435,0.25568332399553656,950.0,0.8580470162748643,844.0,0.7622061482820977,70.0,0.06238698010849909,30.0,0.026220614828209764,67.0,0.059674502712477394,0.026220614828209764,WACC_0p7_WRT_0p3,0.3537070524412297,124,False,,,False,False,False,False,False,7.0,0.06060606060606061
OCDD,PokerHand,734,0.81,362,0.8064516129032256,0.7832466016012307,0,58,2635,2043,0.728,"{'nu':0.5,'kernel':'rbf','gamma':'auto'}",0.05574659413427,0.18776762215774234,0.1519803087523494,0.05574659413427,0.11890237405464717,0.18108360839110407,-1.7606682797852482,-3.091916252778669,-0.3636769151630123,-2.2626921951286003,2.4656972749710926,0.18776762215774234,0.18097400236231312,0.006793619795429223,0.1519803087523494,0.1636916769782018,0.011711368225852392,0.05574659413427,0.3517165784241692,0.2959699842898992,0.11890237405464717,0.42717370708969704,0.3082713330350499,0.18108360839110407,0.4922068044881891,0.31112319609708505,664.0,0.5994575045207957,30.0,0.026220614828209764,431.0,0.3887884267631103,489.0,0.4412296564195298,527.0,0.4755877034358047,0.026220614828209764,WACC_0p3_WRT_0p7,0.3862567811934901,125,False,,,False,False,False,False,False,58.0,0.5757575757575758
OCDD,PokerHand,420,0.77,235,0.7419354838709676,0.9274090908622172,0,11,2587,4354,0.001,"{'nu':0.5,'kernel':'rbf','gamma':'auto'}",0.1822944707644395,0.04252734127300313,0.06094217829415512,0.1822944707644395,0.2170837690162031,0.2346677162953697,-1.7606682797852482,-3.091916252778669,-0.3636769151630123,-2.2626921951286003,2.4656972749710926,0.04252734127300313,0.08254599523438186,0.04001865396137873,0.06094217829415512,0.22268726378054676,0.16174508548639166,0.1822944707644395,0.5016160716234075,0.319321600858968,0.2170837690162031,0.5457924485361021,0.328708679519899,0.2346677162953697,0.5612072566392329,0.3265395403438632,30.0,0.026220614828209764,834.0,0.7531645569620253,1012.0,0.9141048824593129,991.0,0.895117540687161,909.0,0.8209764918625678,0.026220614828209764,WACC_0p1_WRT_0p9,0.6819168173598554,126,False,,,False,False,False,False,False,11.0,0.10101010101010101
OCDD,PokerHand,634,0.92,464,0.9838709677419356,0.7003343436817744,0,17,3962,1099,0.131,"{'nu':0.5,'kernel':'rbf','gamma':'auto'}",0.2645249154032484,0.25850956970641287,0.27677923159653867,0.2645249154032484,0.13131367089120663,0.04024646760863979,-1.7606682797852482,-3.091916252778669,-0.3636769151630123,-2.2626921951286003,2.4656972749710926,0.25850956970641287,0.22159482904646136,0.03691474065995151,0.27677923159653867,0.21667043738396033,0.06010879421257834,0.2645249154032484,0.2726863019974084,0.008161386594159992,0.13131367089120663,0.24421741596221247,0.11290374507100584,0.04024646760863979,0.33480615017095394,0.29455968256231413,857.0,0.7739602169981917,774.0,0.6989150090415913,31.0,0.027124773960216998,63.0,0.05605786618444846,120.0,0.10759493670886076,0.027124773960216998,WACC_0p5_WRT_0p5,0.3327305605786618,127,False,,,False,False,False,False,False,17.0,0.16161616161616163
OCDD,PokerHand,705,0.82,397,0.8225806451612901,0.7524269766672442,0,64,698,1935,0.768,"{'nu':0.5,'kernel':'rbf','gamma':'auto'}",0.09888650610751795,0.21860467873969355,0.18748579710644883,0.09888650610751795,0.0954945946968435,0.1672195735097508,-1.7606682797852482,-3.091916252778669,-0.3636769151630123,-2.2626921951286003,2.4656972749710926,0.21860467873969355,0.18042594588839567,0.038178732851297886,0.18748579710644883,0.16401691798883297,0.02346887911761586,0.09888650610751795,0.3503939726330703,0.25150746652555234,0.0954945946968435,0.4422356723865795,0.346741077689736,0.1672195735097508,0.4847950458808067,0.3175754723710559,661.0,0.596745027124774,31.0,0.027124773960216998,421.0,0.379746835443038,551.0,0.4972875226039783,498.0,0.44936708860759494,0.027124773960216998,WACC_0p3_WRT_0p7,0.39005424954792045,128,False,,,False,False,False,False,False,64.0,0.6363636363636364
OCDD,PokerHand,314,0.81,240,0.8064516129032256,0.920389609982286,0,10,2508,2275,0.001,"{'nu':0.5,'kernel':'rbf','gamma':'auto'}",0.11048946973251182,0.044004754532268014,0.016048133371857173,0.11048946973251182,0.14878357796597305,0.16879016953447207,-1.7606682797852482,-3.091916252778669,-0.3636769151630123,-2.2626921951286003,2.4656972749710926,0.044004754532268014,0.08257589098917362,0.0385711364569056,0.016048133371857173,0.18124988594411115,0.16520175257225397,0.11048946973251182,0.43149689418497833,0.3210074244524665,0.14878357796597305,0.46424183434449845,0.3154582563785254,0.16879016953447207,0.4832494934946458,0.31445932396017373,31.0,0.027124773960216998,233.0,0.20976491862567812,801.0,0.7233273056057866,630.0,0.5687160940325497,493.0,0.4448462929475588,0.027124773960216998,WACC_0p1_WRT_0p9,0.39475587703435805,129,False,,,False,False,False,False,False,10.0,0.09090909090909091
OCDD,PokerHand,311,0.93,887,1.0,0.4837297462162434,0,34,4847,543,0.469,"{'nu':0.5,'kernel':'rbf','gamma':'auto'}",0.5004553353407853,0.48409939369626037,0.5050757637270042,0.5004553353407853,0.27515575762074423,0.12410745286052194,-1.7606682797852482,-3.091916252778669,-0.3636769151630123,-2.2626921951286003,2.4656972749710926,0.48409939369626037,0.29831911221087204,0.18578028148538833,0.5050757637270042,0.26297260943111045,0.2421031542958938,0.5004553353407853,0.2923796444308513,0.20807569090993405,0.27515575762074423,0.22664246483737094,0.048513292783373296,0.12410745286052194,0.3049078564836632,0.18080040362314126,1054.0,0.9520795660036167,1010.0,0.9122965641952984,116.0,0.10397830018083183,31.0,0.027124773960216998,58.0,0.051537070524412296,0.027124773960216998,WACC_0p7_WRT_0p3,0.4094032549728753,130,False,,,False,False,False,False,False,34.0,0.3333333333333333
OCDD,PokerHand,36,0.92,400,0.9838709677419356,0.7499126947065313,0,6,3314,966,0.001,"{'nu':0.5,'kernel':'rbf','gamma':'auto'}",0.2130770757429561,0.20653808388587852,0.22533124895008938,0.2130770757429561,0.10160732790208023,0.024691832199513996,-1.7606682797852482,-3.091916252778669,-0.3636769151630123,-2.2626921951286003,2.4656972749710926,0.20653808388587852,0.20266327186619384,0.003874812019684676,0.22533124895008938,0.20161953283781234,0.023711716112277043,0.2130770757429561,0.2731884505148954,0.060111374771939285,0.10160732790208023,0.25037934417716706,0.14877201627508685,0.024691832199513996,0.32705741396395177,0.3023655817644378,773.0,0.6980108499095841,595.0,0.5370705244122965,32.0,0.02802893309222423,78.0,0.06962025316455696,104.0,0.09312839059674503,0.02802893309222423,WACC_0p5_WRT_0p5,0.2851717902350814,131,False,,,False,False,False,False,False,6.0,0.050505050505050504
OCDD,PokerHand,361,0.92,349,0.9838709677419356,0.7954572694418559,0,3,2276,273,0.303,"{'nu':0.5,'kernel':'rbf','gamma':'auto'}",0.16581511704632418,0.15879508374298926,0.17806915890088976,0.16581511704632418,0.07431794190160894,0.010402747544038025,-1.7606682797852482,-3.091916252778669,-0.3636769151630123,-2.2626921951286003,2.4656972749710926,0.15879508374298926,0.2651047391341227,0.10630965539113343,0.17806915890088976,0.2577961348318396,0.07972697593094985,0.16581511704632418,0.31220851799812444,0.14639340095180026,0.07431794190160894,0.23381076062708778,0.15949281872547882,0.010402747544038025,0.28051510792965056,0.27011236038561254,1004.0,0.906871609403255,998.0,0.9014466546112115,200.0,0.17992766726943943,45.0,0.039783001808318265,32.0,0.02802893309222423,0.02802893309222423,WACC_0p9_WRT_0p1,0.4112115732368897,132,False,,,False,False,False,False,False,3.0,0.020202020202020204
OCDD,PokerHand,707,0.92,701,0.9838709677419356,0.5624245717297615,0,52,4003,562,0.521,"{'nu':0.5,'kernel':'rbf','gamma':'auto'}",0.4076349561432415,0.4030762123916069,0.41988967007441313,0.4076349561432415,0.21394641083677207,0.08351406682746154,-1.7606682797852482,-3.091916252778669,-0.3636769151630123,-2.2626921951286003,2.4656972749710926,0.4030762123916069,0.286701654790226,0.11637455760138088,0.41988967007441313,0.25335805912379833,0.1665316109506148,0.4076349561432415,0.29978442237571346,0.10785053376752807,0.21394641083677207,0.22718025911996706,0.013233848283194988,0.08351406682746154,0.3100067388238093,0.22649267199634776,1047.0,0.945750452079566,980.0,0.8851717902350814,152.0,0.13652802893309224,32.0,0.02802893309222423,69.0,0.06148282097649186,0.02802893309222423,WACC_0p7_WRT_0p3,0.4113924050632912,133,False,,,False,False,False,False,False,52.0,0.5151515151515151
OCDD,PokerHand,14,0.67,770,0.5806451612903225,0.5310338164971175,0,91,138,3282,0.941,"{'nu':0.5,'kernel':'rbf','gamma':'auto'}",0.1612556871616294,0.47273779311379677,0.364373304232872,0.1612556871616294,0.29764702606428356,0.43646554611387317,-1.7606682797852482,-3.091916252778669,-0.3636769151630123,-2.2626921951286003,2.4656972749710926,0.47273779311379677,0.2178996936357449,0.25483809947805186,0.364373304232872,0.16434456935554098,0.20002873487733103,0.1612556871616294,0.414107258178079,0.25285157101644956,0.29764702606428356,0.5404506368540201,0.2428036107897365,0.43646554611387317,0.6161228345808278,0.17965728846695467,843.0,0.7613019891500904,32.0,0.02802893309222423,713.0,0.64376130198915,971.0,0.8770343580470162,1071.0,0.9674502712477396,0.02802893309222423,WACC_0p3_WRT_0p7,0.6555153707052441,134,False,,,False,False,False,False,False,91.0,0.9090909090909091
OCDD,PokerHand,85,0.77,223,0.7419354838709676,0.9448817668439744,0,7,335,2500,0.128,"{'nu':0.5,'kernel':'rbf','gamma':'auto'}",0.19438215841796572,0.024211263524083378,0.07621087881815763,0.19438215841796572,0.22089077748167835,0.23310147331748013,-1.7606682797852482,-3.091916252778669,-0.3636769151630123,-2.2626921951286003,2.4656972749710926,0.024211263524083378,0.08265508483770315,0.05844382131361977,0.07621087881815763,0.24351545808218153,0.1673045792640239,0.19438215841796572,0.5066493161756834,0.31226715775771774,0.22089077748167835,0.5345342456892209,0.3136434682075426,0.23310147331748013,0.5541546705991806,0.32105319728170045,32.0,0.02802893309222423,942.0,0.8508137432188065,1020.0,0.9213381555153707,950.0,0.8580470162748643,866.0,0.7820976491862568,0.02802893309222423,WACC_0p1_WRT_0p9,0.6880650994575046,135,False,,,False,False,False,False,False,7.0,0.06060606060606061
OCDD,PokerHand,196,0.93,445,1.0,0.7143023900805439,0,6,5000,865,0.001,"{'nu':0.5,'kernel':'rbf','gamma':'auto'}",0.2611883132154085,0.24239706508890524,0.2658080766199254,0.2611883132154085,0.13700130308629793,0.05176794707832081,-1.7606682797852482,-3.091916252778669,-0.3636769151630123,-2.2626921951286003,2.4656972749710926,0.24239706508890524,0.2520489045175892,0.009651839428683973,0.2658080766199254,0.21127096730840353,0.054537109311521864,0.2611883132154085,0.2735812299000081,0.01239291668459963,0.13700130308629793,0.24016646288845522,0.10316515980215729,0.05176794707832081,0.3226193552509758,0.27085140817265496,976.0,0.8815551537070524,727.0,0.6564195298372514,33.0,0.028933092224231464,56.0,0.04972875226039783,96.0,0.08589511754068715,0.028933092224231464,WACC_0p5_WRT_0p5,0.34050632911392403,136,False,,,False,False,False,False,False,6.0,0.050505050505050504
OCDD,PokerHand,931,0.92,915,0.9838709677419356,0.473335479914248,0,61,1449,312,0.33,"{'nu':0.5,'kernel':'rbf','gamma':'auto'}",0.5000833981843426,0.49646561273173123,0.5123383690523949,0.5000833981843426,0.2673267888315925,0.11146474113343986,-1.7606682797852482,-3.091916252778669,-0.3636769151630123,-2.2626921951286003,2.4656972749710926,0.49646561273173123,0.336218531591057,0.1602470811406742,0.5123383690523949,0.29948100663426347,0.21285736241813147,0.5000833981843426,0.31542000486524935,0.1846633933190932,0.2673267888315925,0.22769618573381015,0.03963060309778235,0.11146474113343986,0.2846053777390536,0.17314063660561374,1078.0,0.9737793851717902,1055.0,0.9529837251356239,226.0,0.20343580470162748,33.0,0.028933092224231464,36.0,0.03164556962025317,0.028933092224231464,WACC_0p7_WRT_0p3,0.4381555153707053,137,False,,,False,False,False,False,False,61.0,0.6060606060606061
OCDD,PokerHand,896,0.8,487,0.7903225806451613,0.6841700497041785,0,73,2801,2815,0.869,"{'nu':0.5,'kernel':'rbf','gamma':'auto'}",0.14740095304653766,0.29309679887679163,0.2512694659100841,0.14740095304653766,0.11400791480029202,0.20659147934134156,-1.7606682797852482,-3.091916252778669,-0.3636769151630123,-2.2626921951286003,2.4656972749710926,0.29309679887679163,0.21061423637376933,0.0824825625030223,0.2512694659100841,0.16441466966880133,0.08685479624128276,0.14740095304653766,0.36593317360332084,0.21853222055678317,0.11400791480029202,0.4699113578083213,0.35590344300802923,0.20659147934134156,0.5243280524756193,0.3177365731342777,809.0,0.7305605786618445,33.0,0.028933092224231464,503.0,0.4538878842676311,661.0,0.596745027124774,699.0,0.6311030741410488,0.028933092224231464,WACC_0p3_WRT_0p7,0.4882459312839059,138,False,,,False,False,False,False,False,73.0,0.7272727272727273
OCDD,PokerHand,229,0.69,225,0.6129032258064514,0.9419055963644034,0,14,2163,4371,0.001,"{'nu':0.5,'kernel':'rbf','gamma':'auto'}",0.32622100395671577,0.03909288548837337,0.15113009804376776,0.32622100395671577,0.35378384236614197,0.36638179579766184,-1.7606682797852482,-3.091916252778669,-0.3636769151630123,-2.2626921951286003,2.4656972749710926,0.03909288548837337,0.08269540745500681,0.04360252196663344,0.15113009804376776,0.25989864571106014,0.10876854766729238,0.32622100395671577,0.5554527469920604,0.2292317430353446,0.35378384236614197,0.5959437836629977,0.24215994129685575,0.36638179579766184,0.5958454661119458,0.22946367031428394,33.0,0.028933092224231464,1004.0,0.906871609403255,1080.0,0.9755877034358047,1080.0,0.9755877034358047,1029.0,0.9294755877034359,0.028933092224231464,WACC_0p1_WRT_0p9,0.7632911392405063,139,False,,,False,False,False,False,False,14.0,0.13131313131313133
OCDD,PokerHand,425,0.91,373,0.967741935483871,0.7732513228034941,0,19,2690,729,0.001,"{'nu':0.5,'kernel':'rbf','gamma':'auto'}",0.17770025225117372,0.1835431300161514,0.19758887065298128,0.17770025225117372,0.07356629254921704,0.01571265594255268,-1.7606682797852482,-3.091916252778669,-0.3636769151630123,-2.2626921951286003,2.4656972749710926,0.1835431300161514,0.18628804494385814,0.002744914927706732,0.19758887065298128,0.20156775530888857,0.003978884655907289,0.17770025225117372,0.2738923123890102,0.09619206013783646,0.07356629254921704,0.25528348194818123,0.1817171893989642,0.01571265594255268,0.3267664526483618,0.3110537967058091,690.0,0.6229656419529838,594.0,0.5361663652802894,34.0,0.029837251356238697,89.0,0.07956600361663653,103.0,0.0922242314647378,0.029837251356238697,WACC_0p5_WRT_0p5,0.2721518987341772,140,False,,,False,False,False,False,False,19.0,0.18181818181818182
OCDD,PokerHand,977,0.92,845,0.9838709677419356,0.4999524266225108,0,59,4188,527,0.423,"{'nu':0.5,'kernel':'rbf','gamma':'auto'}",0.47246278599799824,0.4685638725600252,0.4847176801015991,0.47246278599799824,0.2513784538850727,0.10311398131199233,-1.7606682797852482,-3.091916252778669,-0.3636769151630123,-2.2626921951286003,2.4656972749710926,0.4685638725600252,0.3017492370253649,0.1668146355346603,0.4847176801015991,0.2619532981206073,0.2227643819809918,0.47246278599799824,0.3001537322827631,0.17230905371523514,0.2513784538850727,0.2280163454557173,0.023362108429355377,0.10311398131199233,0.3011727531961853,0.19805877188419296,1055.0,0.9529837251356239,1007.0,0.9095840867992767,153.0,0.13743218806509946,34.0,0.029837251356238697,54.0,0.04792043399638336,0.029837251356238697,WACC_0p7_WRT_0p3,0.4155515370705244,141,False,,,False,False,False,False,False,59.0,0.5858585858585859
OCDD,PokerHand,1067,0.93,543,1.0,0.6477975957455,0,18,2369,197,0.778,"{'nu':0.5,'kernel':'rbf','gamma':'auto'}",0.330200854473215,0.3121120294703417,0.3348208096805,0.330200854473215,0.17684962781076485,0.07263305871392049,-1.7606682797852482,-3.091916252778669,-0.3636769151630123,-2.2626921951286003,2.4656972749710926,0.3121120294703417,0.31272887757538875,0.0006168481050470298,0.3348208096805,0.31436819027684076,0.020452619403659222,0.330200854473215,0.33016969497759985,3.1159495615162847e-05,0.17684962781076485,0.25672065022337587,0.07987102241261101,0.07263305871392049,0.2827534475038343,0.2101203887899138,1064.0,0.961121157323689,1072.0,0.9683544303797469,315.0,0.28390596745027125,94.0,0.08408679927667269,34.0,0.029837251356238697,0.029837251356238697,WACC_0p9_WRT_0p1,0.46546112115732363,142,False,,,False,False,False,False,False,18.0,0.1717171717171717
OCDD,PokerHand,919,0.75,492,0.7096774193548386,0.6807570030815333,0,75,277,2202,0.84,"{'nu':0.5,'kernel':'rbf','gamma':'auto'}",0.09515195815207032,0.3040257127123092,0.2371930433805431,0.09515195815207032,0.19672772027531635,0.2900308857554852,-1.7606682797852482,-3.091916252778669,-0.3636769151630123,-2.2626921951286003,2.4656972749710926,0.3040257127123092,0.1749634601007793,0.12906225261152993,0.2371930433805431,0.16450757552152395,0.07268546785901914,0.09515195815207032,0.42218435276750654,0.3270323946154362,0.19672772027531635,0.5160737209134793,0.3193460006381629,0.2900308857554852,0.5737370360317369,0.2837061502762517,636.0,0.5741410488245932,34.0,0.029837251356238697,763.0,0.6889692585895117,887.0,0.8010849909584087,959.0,0.8661844484629295,0.029837251356238697,WACC_0p3_WRT_0p7,0.5920433996383363,143,False,,,False,False,False,False,False,75.0,0.7474747474747475
OCDD,PokerHand,171,0.73,207,0.6774193548387095,0.9696943738571326,0,6,353,4791,0.061,"{'nu':0.5,'kernel':'rbf','gamma':'auto'}",0.27849653617632053,0.01543735261496409,0.13665365334533697,0.27849653617632053,0.2930677978102165,0.29738405209007623,-1.7606682797852482,-3.091916252778669,-0.3636769151630123,-2.2626921951286003,2.4656972749710926,0.01543735261496409,0.08277587848515544,0.06733852587019135,0.13665365334533697,0.2550158929296906,0.11836223958435366,0.27849653617632053,0.5481744367133413,0.2696779005370208,0.2930677978102165,0.6041921305446162,0.31112433273439966,0.29738405209007623,0.6048580145973683,0.3074739625072921,34.0,0.029837251356238697,987.0,0.891500904159132,1074.0,0.9701627486437613,1084.0,0.9792043399638336,1049.0,0.9475587703435805,0.029837251356238697,WACC_0p1_WRT_0p9,0.7636528028933092,144,False,,,False,False,False,False,False,6.0,0.050505050505050504
OCDD,PokerHand,321,0.92,471,0.9838709677419356,0.6953316490744794,0,19,3844,982,0.285,"{'nu':0.5,'kernel':'rbf','gamma':'auto'}",0.2697162504256053,0.2637537431505369,0.281970581046888,0.2697162504256053,0.13431118409611228,0.041816005301428656,-1.7606682797852482,-3.091916252778669,-0.3636769151630123,-2.2626921951286003,2.4656972749710926,0.2637537431505369,0.23103438319183855,0.032719359958698346,0.281970581046888,0.21424902978370397,0.06772155126318402,0.2697162504256053,0.2739998555300868,0.004283605104481503,0.13431118409611228,0.25097394564080017,0.11666276154468788,0.041816005301428656,0.3272794833593945,0.28546347805796585,894.0,0.8074141048824593,754.0,0.6808318264014467,35.0,0.03074141048824593,80.0,0.07142857142857142,105.0,0.09403254972875226,0.03074141048824593,WACC_0p5_WRT_0p5,0.33688969258589513,145,False,,,False,False,False,False,False,19.0,0.18181818181818182
OCDD,PokerHand,315,0.92,577,0.9838709677419356,0.6274994432966339,0,38,4452,634,0.372,"{'nu':0.5,'kernel':'rbf','gamma':'auto'}",0.3401062568402985,0.33486019279825696,0.35236078309266256,0.3401062568402985,0.17495486685069742,0.06309757695645035,-1.7606682797852482,-3.091916252778669,-0.3636769151630123,-2.2626921951286003,2.4656972749710926,0.33486019279825696,0.291398876048868,0.04346131674938897,0.35236078309266256,0.2370334272061503,0.11532735588651225,0.3401062568402985,0.2784957962772121,0.06161046056308639,0.17495486685069742,0.2287966491456988,0.05384178229500139,0.06309757695645035,0.3082906640357177,0.24519308707926735,1052.0,0.9502712477396021,913.0,0.8245931283905967,52.0,0.0461121157323689,35.0,0.03074141048824593,65.0,0.05786618444846293,0.03074141048824593,WACC_0p7_WRT_0p3,0.3819168173598554,146,False,,,False,False,False,False,False,38.0,0.37373737373737376
OCDD,PokerHand,862,0.93,497,1.0,0.6773783974764576,0,13,2581,166,0.939,"{'nu':0.5,'kernel':'rbf','gamma':'auto'}",0.2995046269258878,0.281103369723816,0.30412449682083237,0.2995046269258878,0.15912541101149352,0.06335242358741291,-1.7606682797852482,-3.091916252778669,-0.3636769151630123,-2.2626921951286003,2.4656972749710926,0.281103369723816,0.32582190739323713,0.04471853766942113,0.30412449682083237,0.3112968383923073,0.0071723415714749494,0.2995046269258878,0.3114535771037999,0.011948950177912088,0.15912541101149352,0.24573103950321104,0.08660562849171752,0.06335242358741291,0.2840334626473904,0.22068103905997746,1075.0,0.9710669077757685,1067.0,0.9638336347197106,196.0,0.1763110307414105,68.0,0.06057866184448463,35.0,0.03074141048824593,0.03074141048824593,WACC_0p9_WRT_0p1,0.440506329113924,147,False,,,False,False,False,False,False,13.0,0.12121212121212122
OCDD,PokerHand,706,0.81,298,0.8064516129032256,0.8481874544780369,0,35,2657,3541,0.472,"{'nu':0.5,'kernel':'rbf','gamma':'auto'}",0.060539644957078614,0.11969209030362735,0.08459049439198123,0.060539644957078614,0.1330519168559506,0.17526233894716473,-1.7606682797852482,-3.091916252778669,-0.3636769151630123,-2.2626921951286003,2.4656972749710926,0.11969209030362735,0.11753312941524965,0.0021589608883776923,0.08459049439198123,0.1645520680459813,0.07996157365400007,0.060539644957078614,0.41370407003282805,0.3531644250757494,0.1330519168559506,0.4804379405969717,0.3473860237410211,0.17526233894716473,0.5304189828400683,0.3551566438929036,319.0,0.2875226039783002,35.0,0.03074141048824593,711.0,0.6419529837251357,720.0,0.6500904159132007,732.0,0.6609403254972875,0.03074141048824593,WACC_0p3_WRT_0p7,0.454249547920434,148,False,,,False,False,False,False,False,35.0,0.3434343434343434
OCDD,PokerHand,244,0.77,233,0.7419354838709676,0.930258614226623,0,10,2186,2087,0.001,"{'nu':0.5,'kernel':'rbf','gamma':'auto'}",0.18426578577230232,0.03954027211746493,0.06343226732989793,0.18426578577230232,0.2177046332491454,0.2344122862762648,-1.7606682797852482,-3.091916252778669,-0.3636769151630123,-2.2626921951286003,2.4656972749710926,0.03954027211746493,0.0833523437172303,0.04381207159976537,0.06343226732989793,0.21662086531725436,0.15318859798735643,0.18426578577230232,0.46099032745955926,0.2767245416872569,0.2177046332491454,0.4878283433039119,0.2701237100547665,0.2344122862762648,0.5052447590635177,0.270832472787253,35.0,0.03074141048824593,772.0,0.6971066907775768,901.0,0.8137432188065099,758.0,0.6844484629294756,572.0,0.5162748643761302,0.03074141048824593,WACC_0p1_WRT_0p9,0.5484629294755877,149,False,,,False,False,False,False,False,10.0,0.09090909090909091
OCDD,PokerHand,873,0.93,566,1.0,0.6339328057952173,0,20,4740,770,0.397,"{'nu':0.5,'kernel':'rbf','gamma':'auto'}",0.34458845461605936,0.3266460694174546,0.3492084498100118,0.34458845461605936,0.18515712891199396,0.0769829765357752,-1.7606682797852482,-3.091916252778669,-0.3636769151630123,-2.2626921951286003,2.4656972749710926,0.3266460694174546,0.2660721234138329,0.060573946003621704,0.3492084498100118,0.21434969288378203,0.13485875692622978,0.34458845461605936,0.2745312468039967,0.07005720781206265,0.18515712891199396,0.24727839244655925,0.06212126353456529,0.0769829765357752,0.3185700184996096,0.2415870419638344,1006.0,0.9086799276672695,756.0,0.6826401446654611,36.0,0.03164556962025317,71.0,0.06329113924050633,91.0,0.081374321880651,0.03164556962025317,WACC_0p5_WRT_0p5,0.35352622061482825,150,False,,,False,False,False,False,False,20.0,0.1919191919191919
OCDD,PokerHand,665,0.93,743,1.0,0.5429691505950955,0,29,3769,470,0.359,"{'nu':0.5,'kernel':'rbf','gamma':'auto'}",0.4389821456307742,0.4220005178551692,0.4436024031679311,0.4389821456307742,0.2396607072897844,0.1055217734677827,-1.7606682797852482,-3.091916252778669,-0.3636769151630123,-2.2626921951286003,2.4656972749710926,0.4220005178551692,0.315745630943183,0.1062548869119862,0.4436024031679311,0.2628246026846756,0.18077780048325548,0.4389821456307742,0.29523646507924844,0.14374568055152576,0.2396607072897844,0.22924631327406564,0.010414394015718753,0.1055217734677827,0.28694099426874653,0.18141922080096384,1068.0,0.9647377938517179,1009.0,0.9113924050632911,129.0,0.11573236889692586,36.0,0.03164556962025317,37.0,0.0325497287522604,0.03164556962025317,WACC_0p7_WRT_0p3,0.4112115732368896,151,False,,,False,False,False,False,False,29.0,0.2828282828282828
OCDD,PokerHand,958,0.81,242,0.8064516129032256,0.9176225117996988,0,11,708,2832,0.111,"{'nu':0.5,'kernel':'rbf','gamma':'auto'}",0.10857517689192595,0.046905419862757675,0.01363007253706869,0.10857517689192595,0.1481806728232857,0.16903821099658883,-1.7606682797852482,-3.091916252778669,-0.3636769151630123,-2.2626921951286003,2.4656972749710926,0.046905419862757675,0.08371006280235543,0.03680464293959776,0.01363007253706869,0.1945127857384624,0.1808827132013937,0.10857517689192595,0.4410806385334962,0.33250546164157024,0.1481806728232857,0.47315838151768663,0.3249777086944009,0.16903821099658883,0.5104717179096363,0.34143350691304747,36.0,0.03164556962025317,472.0,0.4258589511754069,835.0,0.7540687160940326,675.0,0.6094032549728752,610.0,0.5506329113924051,0.03164556962025317,WACC_0p1_WRT_0p9,0.47432188065099457,152,False,,,False,False,False,False,False,11.0,0.10101010101010101
OCDD,PokerHand,855,0.77,359,0.7419354838709676,0.7860251816505348,0,57,596,3657,0.586,"{'nu':0.5,'kernel':'rbf','gamma':'auto'}",0.08448435080515812,0.1907358169679183,0.135002404780863,0.08448435080515812,0.18627854262656343,0.24734130763424486,-1.7606682797852482,-3.091916252778669,-0.3636769151630123,-2.2626921951286003,2.4656972749710926,0.1907358169679183,0.15179113600194777,0.038944680965970535,0.135002404780863,0.16465541711522272,0.029653012334359713,0.08448435080515812,0.43351380073259493,0.3490294499274368,0.18627854262656343,0.5139190452484825,0.3276405026219191,0.24734130763424486,0.5739528132841056,0.32661150564986074,547.0,0.4936708860759494,36.0,0.03164556962025317,810.0,0.7314647377938517,874.0,0.7893309222423146,960.0,0.8670886075949367,0.03164556962025317,WACC_0p3_WRT_0p7,0.5826401446654611,153,False,,,False,False,False,False,False,57.0,0.5656565656565656
OCDD,PokerHand,265,0.88,303,0.9193548387096774,0.8426348069133212,0,13,2483,902,0.416,"{'nu':0.5,'kernel':'rbf','gamma':'auto'}",0.07222602835208197,0.11522119438904857,0.11501798416178227,0.07222602835208197,0.014993253348839537,0.05937322844301564,-1.7606682797852482,-3.091916252778669,-0.3636769151630123,-2.2626921951286003,2.4656972749710926,0.11522119438904857,0.1491118964877294,0.033890702098680836,0.11501798416178227,0.18384936136227523,0.06883137720049295,0.07222602835208197,0.2750407753127471,0.20281474696066515,0.014993253348839537,0.31800070626685223,0.3030074529180127,0.05937322844301564,0.36241922385982234,0.3030459954168067,534.0,0.4819168173598553,285.0,0.25678119349005424,37.0,0.0325497287522604,205.0,0.1844484629294756,173.0,0.15551537070524413,0.0325497287522604,WACC_0p5_WRT_0p5,0.2222423146473779,154,False,,,False,False,False,False,False,13.0,0.12121212121212122
OCDD,PokerHand,1099,0.76,383,0.7258064516129031,0.7644165892729798,0,60,2225,1918,0.73,"{'nu':0.5,'kernel':'rbf','gamma':'auto'}",0.08627263674795806,0.21485767483719717,0.15390223565735978,0.08627263674795806,0.1982630764927662,0.2659049848195706,-1.7606682797852482,-3.091916252778669,-0.3636769151630123,-2.2626921951286003,2.4656972749710926,0.21485767483719717,0.17866527838706997,0.0361923964501272,0.15390223565735978,0.16474639431905844,0.01084415866169866,0.08627263674795806,0.3867601737243255,0.30048753697636743,0.1982630764927662,0.4469667052654876,0.2487036287727214,0.2659049848195706,0.5092273396043276,0.24332235478475706,657.0,0.593128390596745,37.0,0.0325497287522604,594.0,0.5361663652802894,566.0,0.5108499095840868,599.0,0.5406871609403255,0.0325497287522604,WACC_0p3_WRT_0p7,0.4426763110307414,155,False,,,False,False,False,False,False,60.0,0.5959595959595959
OCDD,PokerHand,899,0.9,2319,0.9516129032258064,0.1621880232538637,0,81,1330,90,0.909,"{'nu':0.5,'kernel':'rbf','gamma':'auto'}",0.800647232982816,0.8255725286252024,0.8281721262225135,0.800647232982816,0.4256460330209071,0.17727607882867227,-1.7606682797852482,-3.091916252778669,-0.3636769151630123,-2.2626921951286003,2.4656972749710926,0.8255725286252024,0.44354047816773423,0.38203205045746813,0.8281721262225135,0.4097851411911456,0.41838698503136784,0.800647232982816,0.32207375056072207,0.47857348242209397,0.4256460330209071,0.22935382594842393,0.19629220707248315,0.17727607882867227,0.2938565606324517,0.11658048180377942,1102.0,0.9954792043399638,1102.0,0.9954792043399638,264.0,0.23779385171790235,37.0,0.0325497287522604,45.0,0.039783001808318265,0.0325497287522604,WACC_0p7_WRT_0p3,0.4602169981916817,156,False,,,False,False,False,False,False,81.0,0.8080808080808081
OCDD,PokerHand,145,0.71,218,0.6451612903225805,0.9524400330473576,0,10,226,3290,0.092,"{'nu':0.5,'kernel':'rbf','gamma':'auto'}",0.30003433784355854,0.025109506023604962,0.14095574262113064,0.30003433784355854,0.3226937418442771,0.332184108566697,-1.7606682797852482,-3.091916252778669,-0.3636769151630123,-2.2626921951286003,2.4656972749710926,0.025109506023604962,0.08379798985870296,0.058688483835098,0.14095574262113064,0.24879871233130146,0.10784296971017082,0.30003433784355854,0.5449901450821669,0.24495580723860838,0.3226937418442771,0.5814864113404881,0.25879266949621094,0.332184108566697,0.595030513943722,0.26284640537702497,37.0,0.0325497287522604,963.0,0.8698010849909584,1073.0,0.969258589511754,1058.0,0.9556962025316456,1023.0,0.9240506329113924,0.0325497287522604,WACC_0p1_WRT_0p9,0.7502712477396021,157,False,,,False,False,False,False,False,10.0,0.09090909090909091
OCDD,PokerHand,431,0.91,363,0.967741935483871,0.7823255089312653,0,17,2628,701,0.271,"{'nu':0.5,'kernel':'rbf','gamma':'auto'}",0.16828389887717585,0.17403093515842288,0.18817249110862924,0.16828389887717585,0.06812922415369618,0.01489924989544672,-1.7606682797852482,-3.091916252778669,-0.3636769151630123,-2.2626921951286003,2.4656972749710926,0.17403093515842288,0.19378375555934652,0.019752820400923632,0.18817249110862924,0.20323891392523882,0.015066422816609581,0.16828389887717585,0.2754679382412966,0.10718403936412077,0.06812922415369618,0.2613938899564655,0.19326466580276933,0.01489924989544672,0.3252756378145378,0.31037638791909106,731.0,0.6600361663652803,618.0,0.5578661844484629,38.0,0.03345388788426763,102.0,0.09132007233273057,102.0,0.09132007233273057,0.03345388788426763,WACC_0p5_WRT_0p5,0.2867992766726944,158,False,,,False,False,False,False,False,17.0,0.16161616161616163
OCDD,PokerHand,523,0.86,437,0.8870967741935483,0.7203625912596195,0,62,2467,283,0.999,"{'nu':0.5,'kernel':'rbf','gamma':'auto'}",0.1767925596045261,0.24633590790113896,0.23485389306132343,0.1767925596045261,0.034971136108223506,0.10358704095785969,-1.7606682797852482,-3.091916252778669,-0.3636769151630123,-2.2626921951286003,2.4656972749710926,0.24633590790113896,0.28196782657914105,0.035631918678002084,0.23485389306132343,0.27971160214499935,0.04485770908367592,0.1767925596045261,0.3283281592284553,0.1515355996239292,0.034971136108223506,0.2507644794001158,0.21579334329189231,0.10358704095785969,0.2875655919782065,0.18397855102034683,1041.0,0.9403254972875226,1035.0,0.9349005424954792,302.0,0.2721518987341772,79.0,0.0705244122965642,38.0,0.03345388788426763,0.03345388788426763,WACC_0p9_WRT_0p1,0.4502712477396022,159,False,,,False,False,False,False,False,62.0,0.6161616161616161
OCDD,PokerHand,563,0.8,291,0.7903225806451613,0.8561191919687434,0,34,2474,2783,0.158,"{'nu':0.5,'kernel':'rbf','gamma':'auto'}",0.08276408395408083,0.11284771385592315,0.07283601049157469,0.08276408395408083,0.15147280231470941,0.19117803397629327,-1.7606682797852482,-3.091916252778669,-0.3636769151630123,-2.2626921951286003,2.4656972749710926,0.11284771385592315,0.08388465596418487,0.02896305789173828,0.07283601049157469,0.2021118126805211,0.1292758021889464,0.08276408395408083,0.46115832784318345,0.3783942438891026,0.15147280231470941,0.49800497039551533,0.3465321680808059,0.19117803397629327,0.5264897898580152,0.3353117558817219,38.0,0.03345388788426763,603.0,0.5443037974683544,902.0,0.8146473779385172,809.0,0.7305605786618445,712.0,0.6428571428571429,0.03345388788426763,WACC_0p1_WRT_0p9,0.5531645569620254,160,False,,,False,False,False,False,False,34.0,0.3333333333333333
OCDD,PokerHand,950,0.74,488,0.693548387096774,0.6834846513596715,0,74,427,4804,0.769,"{'nu':0.5,'kernel':'rbf','gamma':'auto'}",0.0811633083902069,0.3026366255820076,0.23083889825633125,0.0811633083902069,0.21401472036310984,0.30641307304910786,-1.7606682797852482,-3.091916252778669,-0.3636769151630123,-2.2626921951286003,2.4656972749710926,0.3026366255820076,0.22130722128109143,0.08132940430091617,0.23083889825633125,0.1656195952200984,0.06521930303623286,0.0811633083902069,0.42361000978454755,0.34244670139434064,0.21401472036310984,0.547719292531081,0.3337045721679711,0.30641307304910786,0.6214571591426215,0.3150440860935136,855.0,0.7721518987341772,38.0,0.03345388788426763,767.0,0.6925858951175407,995.0,0.8987341772151899,1078.0,0.9737793851717902,0.03345388788426763,WACC_0p3_WRT_0p7,0.6741410488245931,161,False,,,False,False,False,False,False,74.0,0.7373737373737373
OCDD,PokerHand,1088,0.93,651,1.0,0.5871638102810574,0,27,4054,820,0.293,"{'nu':0.5,'kernel':'rbf','gamma':'auto'}",0.39312100425821905,0.3756725928286718,0.3977411343360228,0.39312100425821905,0.21318016302433837,0.0916562090785545,-1.7606682797852482,-3.091916252778669,-0.3636769151630123,-2.2626921951286003,2.4656972749710926,0.3756725928286718,0.25940115722685164,0.11627143560182018,0.3977411343360228,0.20712217095146337,0.19061896338455944,0.39312100425821905,0.27583428142052746,0.11728672283769159,0.21318016302433837,0.24254491941116407,0.029364756386825702,0.0916562090785545,0.3156908779420663,0.2240346688635118,990.0,0.8942133815551537,674.0,0.608499095840868,39.0,0.034358047016274866,58.0,0.051537070524412296,85.0,0.0759493670886076,0.034358047016274866,WACC_0p5_WRT_0p5,0.33291139240506323,162,False,,,False,False,False,False,False,27.0,0.26262626262626265
OCDD,PokerHand,278,0.92,673,0.9838709677419356,0.5760527251768943,0,50,1847,495,0.001,"{'nu':0.5,'kernel':'rbf','gamma':'auto'}",0.3934929155363679,0.3887902313333814,0.4057475901633421,0.3934929155363679,0.2057806975316479,0.07923839097725185,-1.7606682797852482,-3.091916252778669,-0.3636769151630123,-2.2626921951286003,2.4656972749710926,0.3887902313333814,0.29114726768847454,0.09764296364490688,0.4057475901633421,0.26990664793391367,0.13584094222942844,0.3934929155363679,0.31518997641113516,0.07830293912523273,0.2057806975316479,0.22989862145585704,0.02411792392420914,0.07923839097725185,0.2971312417033851,0.21789285072613326,1050.0,0.9484629294755877,1024.0,0.9249547920433996,224.0,0.20162748643761302,39.0,0.034358047016274866,50.0,0.04430379746835443,0.034358047016274866,WACC_0p7_WRT_0p3,0.4307414104882459,163,False,,,False,False,False,False,False,50.0,0.494949494949495
OCDD,PokerHand,1023,0.85,324,0.8709677419354838,0.8202698764550143,0,41,776,2247,0.677,"{'nu':0.5,'kernel':'rbf','gamma':'auto'}",0.06195984635479383,0.14307634670912714,0.12765540417887203,0.06195984635479383,0.06019837445764192,0.11125808840808178,-1.7606682797852482,-3.091916252778669,-0.3636769151630123,-2.2626921951286003,2.4656972749710926,0.14307634670912714,0.16797909574637182,0.02490274903724468,0.12765540417887203,0.16566026720721935,0.038004863028347324,0.06195984635479383,0.3840526122130363,0.3220927658582425,0.06019837445764192,0.4650977363593603,0.4048993619017184,0.11125808840808178,0.5092328052456236,0.3979747168375419,614.0,0.554249547920434,39.0,0.034358047016274866,584.0,0.527124773960217,635.0,0.5732368896925859,600.0,0.5415913200723327,0.034358047016274866,WACC_0p3_WRT_0p7,0.44611211573236886,164,False,,,False,False,False,False,False,41.0,0.40404040404040403
OCDD,PokerHand,115,0.74,206,0.693548387096774,0.9713079527602364,0,5,337,3687,0.001,"{'nu':0.5,'kernel':'rbf','gamma':'auto'}",0.2628755964511486,0.011909492371168576,0.1283737004423161,0.2628755964511486,0.2767266796609879,0.2806127191043375,-1.7606682797852482,-3.091916252778669,-0.3636769151630123,-2.2626921951286003,2.4656972749710926,0.011909492371168576,0.08465041590320342,0.07274092353203485,0.1283737004423161,0.2641996916232452,0.13582599118092908,0.2628755964511486,0.5574552808933123,0.2945796844421637,0.2767266796609879,0.5835960896768924,0.30686941001590445,0.2806127191043375,0.6041653147913517,0.3235525956870142,39.0,0.034358047016274866,1013.0,0.9150090415913201,1082.0,0.9773960216998192,1060.0,0.9575045207956601,1048.0,0.9466546112115732,0.034358047016274866,WACC_0p1_WRT_0p9,0.7661844484629295,165,False,,,False,False,False,False,False,5.0,0.04040404040404041
OCDD,PokerHand,179,0.91,332,0.967741935483871,0.8121280290825956,0,5,2894,1136,0.001,"{'nu':0.5,'kernel':'rbf','gamma':'auto'}",0.13735759240416234,0.14278985469796918,0.15724609868382966,0.13735759240416234,0.05027215817113288,0.012227765117776245,-1.7606682797852482,-3.091916252778669,-0.3636769151630123,-2.2626921951286003,2.4656972749710926,0.14278985469796918,0.15859475645288293,0.015804901754913753,0.15724609868382966,0.19096955146465505,0.03372345278082539,0.13735759240416234,0.27593506451198824,0.1385774721078259,0.05027215817113288,0.29901738793341837,0.24874522976228547,0.012227765117776245,0.36684380677603795,0.3546160416582617,579.0,0.5226039783001808,410.0,0.36980108499095843,40.0,0.0352622061482821,167.0,0.15009041591320071,183.0,0.16455696202531644,0.0352622061482821,WACC_0p5_WRT_0p5,0.2484629294755877,166,False,,,False,False,False,False,False,5.0,0.04040404040404041
OCDD,PokerHand,783,0.84,320,0.8548387096774193,0.8244162696866761,0,39,1014,3293,0.525,"{'nu':0.5,'kernel':'rbf','gamma':'auto'}",0.04649895394308345,0.14020003215574742,0.11982901231308997,0.04649895394308345,0.07779449571577318,0.1275131000290601,-1.7606682797852482,-3.091916252778669,-0.3636769151630123,-2.2626921951286003,2.4656972749710926,0.14020003215574742,0.13539367564278856,0.004806356512958854,0.11982901231308997,0.1656879122007609,0.04585889988767093,0.04649895394308345,0.39421859840872303,0.3477196444656396,0.07779449571577318,0.46760007677645254,0.38980558106067936,0.1275131000290601,0.5226608654216895,0.3951477653926294,453.0,0.40867992766726946,40.0,0.0352622061482821,634.0,0.5723327305605787,649.0,0.5858951175406871,688.0,0.6211573236889693,0.0352622061482821,WACC_0p3_WRT_0p7,0.44466546112115735,167,False,,,False,False,False,False,False,39.0,0.3838383838383838
OCDD,PokerHand,921,0.92,1284,0.9838709677419356,0.3600007267174437,0,71,4404,296,0.589,"{'nu':0.5,'kernel':'rbf','gamma':'auto'}",0.6176917512232802,0.6152710065577626,0.6299470489537731,0.6176917512232802,0.33523467567056914,0.1470222118584999,-1.7606682797852482,-3.091916252778669,-0.3636769151630123,-2.2626921951286003,2.4656972749710926,0.6152710065577626,0.36588480983972105,0.24938619671804152,0.6299470489537731,0.3323830010307098,0.2975640479230633,0.6176917512232802,0.3414892659153297,0.27620248530795055,0.33523467567056914,0.24484691474395054,0.0903877609266186,0.1470222118584999,0.2902681761179635,0.14324596425946362,1087.0,0.9819168173598554,1080.0,0.9755877034358047,370.0,0.3336347197106691,65.0,0.05786618444846293,40.0,0.0352622061482821,0.0352622061482821,WACC_0p9_WRT_0p1,0.47685352622061483,168,False,,,False,False,False,False,False,71.0,0.7070707070707071
OCDD,PokerHand,58,0.69,200,0.6129032258064514,0.9811562208094554,0,6,262,5000,0.001,"{'nu':0.5,'kernel':'rbf','gamma':'auto'}",0.3533747890433854,0.047513200939766444,0.18542971137473746,0.3533747890433854,0.3623359072984691,0.3628633871132091,-1.7606682797852482,-3.091916252778669,-0.3636769151630123,-2.2626921951286003,2.4656972749710926,0.047513200939766444,0.08465806502998911,0.03714486409022267,0.18542971137473746,0.31023793432761837,0.12480822295288091,0.3533747890433854,0.6157037612483297,0.26232897220494433,0.3623359072984691,0.6502972928175543,0.28796138551908523,0.3628633871132091,0.6465015197041957,0.2836381325909866,40.0,0.0352622061482821,1065.0,0.9620253164556962,1102.0,0.9954792043399638,1101.0,0.9945750452079566,1097.0,0.9909584086799277,0.0352622061482821,WACC_0p1_WRT_0p9,0.7956600361663653,169,False,,,False,False,False,False,False,6.0,0.050505050505050504
OCDD,PokerHand,480,0.91,488,0.967741935483871,0.6834846513596715,0,46,4161,1587,0.491,"{'nu':0.5,'kernel':'rbf','gamma':'auto'}",0.2708518239315989,0.27764281658639584,0.2907407012244568,0.2708518239315989,0.12735266252289415,0.029629071287937497,-1.7606682797852482,-3.091916252778669,-0.3636769151630123,-2.2626921951286003,2.4656972749710926,0.27764281658639584,0.19713895869224093,0.0805038578941549,0.2907407012244568,0.20322154731730704,0.08751915390714973,0.2708518239315989,0.27608676555111755,0.0052349416195186516,0.12735266252289415,0.3130148783083227,0.18566221578542855,0.029629071287937497,0.3844078830081754,0.3547788117202379,748.0,0.6754068716094033,617.0,0.5569620253164557,41.0,0.03616636528028933,196.0,0.1763110307414105,224.0,0.20162748643761302,0.03616636528028933,WACC_0p5_WRT_0p5,0.3292947558770344,170,False,,,False,False,False,False,False,46.0,0.45454545454545453
OCDD,PokerHand,489,0.84,591,0.8548387096774193,0.6194863469253673,0,77,3213,3183,0.767,"{'nu':0.5,'kernel':'rbf','gamma':'auto'}",0.2591563253541489,0.35502187182674055,0.3324869747511156,0.2591563253541489,0.0673001320341306,0.14588292802904504,-1.7606682797852482,-3.091916252778669,-0.3636769151630123,-2.2626921951286003,2.4656972749710926,0.35502187182674055,0.2162513395869174,0.13877053223982316,0.3324869747511156,0.1658730308370773,0.1666139439140383,0.2591563253541489,0.3417016966608291,0.08254537130668022,0.0673001320341306,0.45397143395118555,0.38667130191705495,0.14588292802904504,0.5196085930551932,0.37372566502614823,831.0,0.7504520795660036,41.0,0.03616636528028933,371.0,0.3345388788426763,590.0,0.5325497287522604,673.0,0.6075949367088608,0.03616636528028933,WACC_0p3_WRT_0p7,0.45226039783001803,171,False,,,False,False,False,False,False,77.0,0.7676767676767676
OCDD,PokerHand,1024,0.83,301,0.8387096774193548,0.8448448279694667,0,35,2736,3230,0.068,"{'nu':0.5,'kernel':'rbf','gamma':'auto'}",0.024752754723556203,0.12025561645354613,0.09510644444139774,0.024752754723556203,0.09893823270549754,0.14230858554752307,-1.7606682797852482,-3.091916252778669,-0.3636769151630123,-2.2626921951286003,2.4656972749710926,0.12025561645354613,0.08475340854331008,0.03550220791023605,0.09510644444139774,0.20536727437962812,0.11026082993823039,0.024752754723556203,0.47062737048650366,0.44587461576294746,0.09893823270549754,0.4994732321727319,0.40053499946723436,0.14230858554752307,0.5136560809729706,0.3713474954254475,41.0,0.03616636528028933,649.0,0.5858951175406871,929.0,0.8390596745027125,813.0,0.7341772151898734,631.0,0.569620253164557,0.03616636528028933,WACC_0p1_WRT_0p9,0.5529837251356239,172,False,,,False,False,False,False,False,35.0,0.3434343434343434
OCDD,PokerHand,1049,0.92,635,0.9838709677419356,0.5954826723529851,0,44,4417,1140,0.35,"{'nu':0.5,'kernel':'rbf','gamma':'auto'}",0.3733303085463874,0.3684224053915365,0.38558492713653475,0.3733303085463874,0.19413866702552354,0.07314246930789763,-1.7606682797852482,-3.091916252778669,-0.3636769151630123,-2.2626921951286003,2.4656972749710926,0.3684224053915365,0.228291002976459,0.1401314024150775,0.38558492713653475,0.21427991439306293,0.17130501274347182,0.3733303085463874,0.2761827113672848,0.0971475971791026,0.19413866702552354,0.2677265725117753,0.07358790548625174,0.07314246930789763,0.34444405269584766,0.27130158338795,887.0,0.8010849909584087,755.0,0.6817359855334539,42.0,0.037070524412296565,114.0,0.10216998191681737,135.0,0.12115732368896925,0.037070524412296565,WACC_0p5_WRT_0p5,0.3486437613019892,173,False,,,False,False,False,False,False,44.0,0.43434343434343436
OCDD,PokerHand,370,0.92,467,0.9838709677419356,0.698181172438885,0,18,3215,705,0.219,"{'nu':0.5,'kernel':'rbf','gamma':'auto'}",0.26675927791381293,0.260766673994999,0.27901360031694433,0.26675927791381293,0.1326038074555239,0.040922000234560225,-1.7606682797852482,-3.091916252778669,-0.3636769151630123,-2.2626921951286003,2.4656972749710926,0.260766673994999,0.24006859184412985,0.02069808215086913,0.27901360031694433,0.2186662504597886,0.06034734985715573,0.26675927791381293,0.2894959652298904,0.022736687316077475,0.1326038074555239,0.23218716970914055,0.09958336225361666,0.040922000234560225,0.31184186419303633,0.2709198639584761,930.0,0.8399638336347197,790.0,0.713381555153707,100.0,0.08951175406871609,42.0,0.037070524412296565,73.0,0.0650994575045208,0.037070524412296565,WACC_0p7_WRT_0p3,0.34900542495479203,174,False,,,False,False,False,False,False,18.0,0.1717171717171717
OCDD,PokerHand,1071,0.76,629,0.7258064516129031,0.5986563167246675,0,81,997,2464,0.97,"{'nu':0.5,'kernel':'rbf','gamma':'auto'}",0.19150662558131293,0.3886191549245587,0.3259134350874862,0.19150662558131293,0.16214664180984953,0.28076366262959324,-1.7606682797852482,-3.091916252778669,-0.3636769151630123,-2.2626921951286003,2.4656972749710926,0.3886191549245587,0.2148023276112373,0.17381682731332138,0.3259134350874862,0.1660742985973764,0.1598391364901098,0.19150662558131293,0.30536784537740663,0.1138612197960937,0.16214664180984953,0.4066490464317883,0.24450240462193876,0.28076366262959324,0.4949614514658403,0.21419778883624707,823.0,0.7432188065099458,42.0,0.037070524412296565,173.0,0.15551537070524413,405.0,0.36528028933092227,540.0,0.4873417721518987,0.037070524412296565,WACC_0p3_WRT_0p7,0.35768535262206147,175,False,,,False,False,False,False,False,81.0,0.8080808080808081
OCDD,PokerHand,606,0.93,415,1.0,0.7376169320693946,0,2,3007,551,0.19,"{'nu':0.5,'kernel':'rbf','gamma':'auto'}",0.23699463203798116,0.2179571358992323,0.24161432820232792,0.23699463203798116,0.12303170210845693,0.04445327862179552,-1.7606682797852482,-3.091916252778669,-0.3636769151630123,-2.2626921951286003,2.4656972749710926,0.2179571358992323,0.251267676291924,0.033310540392691684,0.24161432820232792,0.2346600450006649,0.006954283201663025,0.23699463203798116,0.2913684717991252,0.054373839761144016,0.12303170210845693,0.23274337870750347,0.10971167659904654,0.04445327862179552,0.2911077041944708,0.24665442557267528,973.0,0.8788426763110307,899.0,0.8119349005424955,114.0,0.10216998191681737,44.0,0.03887884267631103,42.0,0.037070524412296565,0.037070524412296565,WACC_0p9_WRT_0p1,0.3737793851717902,176,False,,,False,False,False,False,False,2.0,0.010101010101010102
OCDD,PokerHand,417,0.76,221,0.7258064516129031,0.9478846297917196,0,7,594,4931,0.001,"{'nu':0.5,'kernel':'rbf','gamma':'auto'}",0.21319677650253668,0.022533677179841755,0.08852496296591049,0.21319677650253668,0.238237742315462,0.24945899048935738,-1.7606682797852482,-3.091916252778669,-0.3636769151630123,-2.2626921951286003,2.4656972749710926,0.022533677179841755,0.08514453908252193,0.06261086190268017,0.08852496296591049,0.25781102571702136,0.16928606275111086,0.21319677650253668,0.5315906799060687,0.318393903403532,0.238237742315462,0.5750577939687797,0.33682005165331763,0.24945899048935738,0.5848125503781204,0.33535355988876303,42.0,0.037070524412296565,999.0,0.9023508137432188,1059.0,0.9566003616636528,1051.0,0.9493670886075949,997.0,0.9005424954792043,0.037070524412296565,WACC_0p1_WRT_0p9,0.7491862567811933,177,False,,,False,False,False,False,False,7.0,0.06060606060606061
OCDD,PokerHand,560,0.83,337,0.8387096774193548,0.8071381159444238,0,46,3082,3434,0.41,"{'nu':0.5,'kernel':'rbf','gamma':'auto'}",0.05327048021262239,0.1597824221831261,0.1342351009178982,0.05327048021262239,0.09072256087397895,0.14568859860277497,-1.7606682797852482,-3.091916252778669,-0.3636769151630123,-2.2626921951286003,2.4656972749710926,0.1597824221831261,0.1181335657142943,0.041648856468831805,0.1342351009178982,0.1662101697403539,0.03197506882245571,0.05327048021262239,0.3857084232302185,0.3324379430175961,0.09072256087397895,0.43629179374036586,0.3455692328663869,0.14568859860277497,0.4960334580875678,0.3503448594847929,327.0,0.29475587703435807,43.0,0.0379746835443038,591.0,0.5334538878842676,528.0,0.47649186256781195,544.0,0.4909584086799277,0.0379746835443038,WACC_0p3_WRT_0p7,0.36672694394213384,178,False,,,False,False,False,False,False,46.0,0.45454545454545453
OCDD,PokerHand,357,0.92,418,0.9838709677419356,0.7352110512428928,0,8,614,483,0.001,"{'nu':0.5,'kernel':'rbf','gamma':'auto'}",0.22833308527184037,0.22194937205936993,0.24058730087916358,0.22833308527184037,0.11041625466563097,0.029304303152363244,-1.7606682797852482,-3.091916252778669,-0.3636769151630123,-2.2626921951286003,2.4656972749710926,0.22194937205936993,0.23781905435549197,0.01586968229612204,0.24058730087916358,0.26153250195767036,0.02094520107850678,0.22833308527184037,0.31988726094400016,0.09155417567215979,0.11041625466563097,0.2356690787635928,0.12525282409796185,0.029304303152363244,0.29178236217325887,0.2624780590208956,923.0,0.833634719710669,1006.0,0.9086799276672695,249.0,0.22423146473779385,50.0,0.04430379746835443,43.0,0.0379746835443038,0.0379746835443038,WACC_0p9_WRT_0p1,0.4097649186256781,179,False,,,False,False,False,False,False,8.0,0.0707070707070707
OCDD,PokerHand,334,0.73,200,0.6774193548387095,0.9811562208094554,1,1,162,2134,0.001,"{'nu':0.5,'kernel':'rbf','gamma':'auto'}",0.2864259012052865,0.026930064119814343,0.14666972121895222,0.2864259012052865,0.2955651455789859,0.2963566171784769,-1.7606682797852482,-3.091916252778669,-0.3636769151630123,-2.2626921951286003,2.4656972749710926,0.026930064119814343,0.08516934548227478,0.05823928136246044,0.14666972121895222,0.28009272655155937,0.13342300533260715,0.2864259012052865,0.5729635865706204,0.2865376853653339,0.2955651455789859,0.5874056610721948,0.29184051549320894,0.2963566171784769,0.5951050123047258,0.2987483951262489,43.0,0.0379746835443038,1036.0,0.9358047016274864,1089.0,0.9837251356238698,1067.0,0.9638336347197106,1024.0,0.9249547920433996,0.0379746835443038,WACC_0p1_WRT_0p9,0.7692585895117541,180,False,,,False,False,False,False,False,1.0,0.0
OCDD,PokerHand,1076,0.91,435,0.967741935483871,0.7218949370664337,0,34,3684,1316,0.201,"{'nu':0.5,'kernel':'rbf','gamma':'auto'}",0.23099317233262295,0.2373784758467282,0.25088193884851817,0.23099317233262295,0.1043379978974885,0.02031621973635506,-1.7606682797852482,-3.091916252778669,-0.3636769151630123,-2.2626921951286003,2.4656972749710926,0.2373784758467282,0.19533270021356192,0.04204577563316628,0.25088193884851817,0.20080009532258297,0.0500818435259352,0.23099317233262295,0.2768017277878242,0.04580855545520124,0.1043379978974885,0.2731014239668922,0.1687634260694037,0.02031621973635506,0.34452596250647555,0.3242097427701205,738.0,0.666365280289331,583.0,0.5262206148282098,44.0,0.03887884267631103,122.0,0.10940325497287523,136.0,0.1220614828209765,0.03887884267631103,WACC_0p5_WRT_0p5,0.2925858951175407,181,False,,,False,False,False,False,False,34.0,0.3333333333333333
OCDD,PokerHand,585,0.84,289,0.8548387096774193,0.8584203486170777,0,31,890,3018,0.436,"{'nu':0.5,'kernel':'rbf','gamma':'auto'}",0.017407148192237674,0.1045545847085497,0.08454261761540813,0.017407148192237674,0.0852034247478164,0.12446498937331685,-1.7606682797852482,-3.091916252778669,-0.3636769151630123,-2.2626921951286003,2.4656972749710926,0.1045545847085497,0.11189516947505365,0.007340584766503955,0.08454261761540813,0.1662163047786879,0.08167368716327977,0.017407148192237674,0.39566905935258856,0.3782619111603509,0.0852034247478164,0.4524966517712816,0.36729322702346523,0.12446498937331685,0.5033738259107685,0.37890883653745167,268.0,0.24141048824593128,44.0,0.03887884267631103,644.0,0.581374321880651,585.0,0.5280289330922242,565.0,0.5099457504520796,0.03887884267631103,WACC_0p3_WRT_0p7,0.37992766726943944,182,False,,,False,False,False,False,False,31.0,0.30303030303030304
OCDD,PokerHand,160,0.89,5537,0.935483870967742,0.0,0,85,819,31,0.875,"{'nu':0.5,'kernel':'rbf','gamma':'auto'}",0.9577928555611344,0.9970595518828691,0.9929527290625734,0.9577928555611344,0.5087688065631735,0.2122569063675241,-1.7606682797852482,-3.091916252778669,-0.3636769151630123,-2.2626921951286003,2.4656972749710926,0.9970595518828691,0.4434550014696609,0.5536045504132082,0.9929527290625734,0.45959661040553007,0.5333561186570432,0.9577928555611344,0.35110309176750154,0.6066897637936328,0.5087688065631735,0.25287540774116973,0.25589339882200374,0.2122569063675241,0.29358779730233714,0.08133089093481305,1101.0,0.9945750452079566,1106.0,0.9990958408679927,426.0,0.38426763110307416,83.0,0.07414104882459313,44.0,0.03887884267631103,0.03887884267631103,WACC_0p9_WRT_0p1,0.49819168173598555,183,False,,,False,False,False,False,False,85.0,0.8484848484848485
OCDD,PokerHand,192,0.81,230,0.8064516129032256,0.9345788931928448,0,5,2675,3161,0.001,"{'nu':0.5,'kernel':'rbf','gamma':'auto'}",0.12030568927757374,0.02913055811510879,0.02844760304773741,0.12030568927757374,0.15187518919701867,0.16751824843818278,-1.7606682797852482,-3.091916252778669,-0.3636769151630123,-2.2626921951286003,2.4656972749710926,0.02913055811510879,0.08548707880300917,0.056356520687900376,0.02844760304773741,0.2028264323515395,0.17437882930380208,0.12030568927757374,0.45065980416158463,0.3303541148840109,0.15187518919701867,0.49274530889706314,0.34087011970004444,0.16751824843818278,0.5115819894403343,0.34406374100215154,44.0,0.03887884267631103,612.0,0.5524412296564195,868.0,0.7839059674502713,785.0,0.7088607594936709,617.0,0.5569620253164557,0.03887884267631103,WACC_0p1_WRT_0p9,0.5282097649186256,184,False,,,False,False,False,False,False,5.0,0.04040404040404041
OCDD,PokerHand,343,0.89,253,0.935483870967742,0.9027992189290462,1,1,2711,1488,0.001,"{'nu':0.5,'kernel':'rbf','gamma':'auto'}",0.020951099010872904,0.05068243696166146,0.056108368799438396,0.020951099010872904,0.01140939788525229,0.03735342457004856,-1.7606682797852482,-3.091916252778669,-0.3636769151630123,-2.2626921951286003,2.4656972749710926,0.05068243696166146,0.11462118474278124,0.06393874778111977,0.056108368799438396,0.16635409562913434,0.11024572682969594,0.020951099010872904,0.3009694082751121,0.2800183092642392,0.01140939788525229,0.34920264023673625,0.33779324235148395,0.03735342457004856,0.390356561201369,0.35300313663132044,298.0,0.26853526220614826,45.0,0.039783001808318265,155.0,0.13924050632911392,265.0,0.23869801084990958,237.0,0.21338155515370705,0.039783001808318265,WACC_0p3_WRT_0p7,0.17992766726943943,185,False,,,False,False,False,False,False,1.0,0.0
OCDD,PokerHand,150,0.91,439,0.967741935483871,0.7188372265513009,0,36,3688,1259,0.314,"{'nu':0.5,'kernel':'rbf','gamma':'auto'}",0.2341661822665675,0.24058378129549493,0.2540549576010351,0.2341661822665675,0.10617011605887383,0.020590311559939824,-1.7606682797852482,-3.091916252778669,-0.3636769151630123,-2.2626921951286003,2.4656972749710926,0.24058378129549493,0.19703667257661983,0.0435471087188751,0.2540549576010351,0.20306018585777783,0.050994771743257256,0.2341661822665675,0.2768247968011167,0.04265861453454922,0.10617011605887383,0.2810018407780095,0.17483172471913566,0.020590311559939824,0.35156034317628787,0.330970031616348,746.0,0.6735985533453888,615.0,0.5551537070524413,45.0,0.039783001808318265,133.0,0.11934900542495479,153.0,0.13743218806509946,0.039783001808318265,WACC_0p5_WRT_0p5,0.3050632911392405,186,False,,,False,False,False,False,False,36.0,0.35353535353535354
OCDD,PokerHand,737,0.82,265,0.8225806451612901,0.8873433837751918,0,18,2605,2723,0.047,"{'nu':0.5,'kernel':'rbf','gamma':'auto'}",0.07089069749092468,0.07717588988250085,0.04748160519323054,0.07089069749092468,0.12489065884452875,0.1551257262103711,-1.7606682797852482,-3.091916252778669,-0.3636769151630123,-2.2626921951286003,2.4656972749710926,0.07717588988250085,0.08560716908088382,0.008431279198382977,0.04748160519323054,0.20916251821153167,0.16168091301830112,0.07089069749092468,0.44483826270349586,0.37394756521257116,0.12489065884452875,0.4771548673245352,0.35226420848000645,0.1551257262103711,0.5066904575921398,0.3515647313817687,45.0,0.039783001808318265,701.0,0.6329113924050633,848.0,0.7658227848101266,693.0,0.6256781193490054,584.0,0.527124773960217,0.039783001808318265,WACC_0p1_WRT_0p9,0.5182640144665461,187,False,,,False,False,False,False,False,18.0,0.1717171717171717
OCDD,PokerHand,407,0.82,259,0.8225806451612901,0.8949821251560734,0,16,2946,3107,0.251,"{'nu':0.5,'kernel':'rbf','gamma':'auto'}",0.07617521830356766,0.06916842833612996,0.03955480194380282,0.07617521830356766,0.12655501484431692,0.15444099279802997,-1.7606682797852482,-3.091916252778669,-0.3636769151630123,-2.2626921951286003,2.4656972749710926,0.06916842833612996,0.10391559038212743,0.03474716204599747,0.03955480194380282,0.1663905125870909,0.12683571064328808,0.07617521830356766,0.3924626254349663,0.31628740713139863,0.12655501484431692,0.4475024257204376,0.32094741087612066,0.15444099279802997,0.4818314863330435,0.32739049353501354,209.0,0.18806509945750452,46.0,0.0406871609403255,628.0,0.5669077757685352,569.0,0.5135623869801085,490.0,0.4421338155515371,0.0406871609403255,WACC_0p3_WRT_0p7,0.35027124773960217,188,False,,,False,False,False,False,False,16.0,0.15151515151515152
OCDD,PokerHand,184,0.92,623,0.9838709677419356,0.6018603313602708,0,43,4762,787,0.001,"{'nu':0.5,'kernel':'rbf','gamma':'auto'}",0.36671216229438697,0.3617368983544057,0.3789667624910837,0.36671216229438697,0.19031730302244257,0.07114155240421681,-1.7606682797852482,-3.091916252778669,-0.3636769151630123,-2.2626921951286003,2.4656972749710926,0.3617368983544057,0.2616403376215994,0.10009656073280632,0.3789667624910837,0.21813836294529476,0.16082839954578892,0.36671216229438697,0.27714959697772534,0.08956256531666162,0.19031730302244257,0.2391344214419598,0.04881711841951722,0.07114155240421681,0.3117955934739065,0.24065404106968968,998.0,0.9014466546112115,786.0,0.7097649186256781,46.0,0.0406871609403255,55.0,0.048824593128390596,72.0,0.06419529837251356,0.0406871609403255,WACC_0p5_WRT_0p5,0.35298372513562387,189,False,,,False,False,False,False,False,43.0,0.42424242424242425
OCDD,PokerHand,318,0.92,660,0.9838709677419356,0.5825737113254091,0,48,4217,654,0.459,"{'nu':0.5,'kernel':'rbf','gamma':'auto'}",0.3867260375974818,0.38195447878920735,0.39898069341764364,0.3867260375974818,0.20187345481075966,0.0771925068372679,-1.7606682797852482,-3.091916252778669,-0.3636769151630123,-2.2626921951286003,2.4656972749710926,0.38195447878920735,0.2868525586822062,0.09510192010700114,0.39898069341764364,0.25133036447647206,0.14765032894117158,0.3867260375974818,0.2960164849393063,0.09070955265817549,0.20187345481075966,0.23404293495866207,0.03216948014790241,0.0771925068372679,0.3155964786840253,0.23840397184675738,1048.0,0.9466546112115732,974.0,0.879746835443038,135.0,0.12115732368896925,46.0,0.0406871609403255,84.0,0.07504520795660036,0.0406871609403255,WACC_0p7_WRT_0p3,0.41265822784810124,190,False,,,False,False,False,False,False,48.0,0.47474747474747475
OCDD,PokerHand,693,0.92,1842,0.9838709677419356,0.2392536856274457,0,76,1576,191,0.738,"{'nu':0.5,'kernel':'rbf','gamma':'auto'}",0.7429918929393874,0.7418464775883882,0.7552475389096867,0.7429918929393874,0.40758385516930795,0.1849052023586838,-1.7606682797852482,-3.091916252778669,-0.3636769151630123,-2.2626921951286003,2.4656972749710926,0.7418464775883882,0.38352706533351744,0.35831941225487074,0.7552475389096867,0.3616485745278811,0.3935989643818056,0.7429918929393874,0.36819347143443504,0.37479842150495235,0.40758385516930795,0.2561505131908735,0.15143334197843444,0.1849052023586838,0.2941164029769483,0.1092112006182645,1093.0,0.9873417721518988,1092.0,0.9864376130198915,514.0,0.4638336347197107,91.0,0.081374321880651,46.0,0.0406871609403255,0.0406871609403255,WACC_0p9_WRT_0p1,0.5119349005424956,191,False,,,False,False,False,False,False,76.0,0.7575757575757576
OCDD,PokerHand,722,0.82,244,0.8225806451612901,0.9148780950047856,0,9,2874,4505,0.08,"{'nu':0.5,'kernel':'rbf','gamma':'auto'}",0.08993935319316919,0.04831208492200997,0.01890854222855571,0.08993935319316919,0.13089001915172632,0.15265752682542316,-1.7606682797852482,-3.091916252778669,-0.3636769151630123,-2.2626921951286003,2.4656972749710926,0.04831208492200997,0.08561190820441153,0.03729982328240156,0.01890854222855571,0.20749923726261496,0.18859069503405926,0.08993935319316919,0.48411654482963606,0.39417719163646686,0.13089001915172632,0.5217870451863278,0.39089702603460147,0.15265752682542316,0.539579827071397,0.3869223002459738,46.0,0.0406871609403255,682.0,0.6157323688969258,975.0,0.8806509945750453,908.0,0.8200723327305606,786.0,0.7097649186256781,0.0406871609403255,WACC_0p1_WRT_0p9,0.6133815551537071,192,False,,,False,False,False,False,False,9.0,0.08080808080808081
OCDD,PokerHand,221,0.83,232,0.8387096774193548,0.9316925220900684,0,3,2584,2594,0.001,"{'nu':0.5,'kernel':'rbf','gamma':'auto'}",0.08483443889459429,0.029215805523144588,0.0065453191106315395,0.08483443889459429,0.11786091558872239,0.13452359650495666,-1.7606682797852482,-3.091916252778669,-0.3636769151630123,-2.2626921951286003,2.4656972749710926,0.029215805523144588,0.08565958902465733,0.05644378350151274,0.0065453191106315395,0.19457267276500478,0.18802735365437323,0.08483443889459429,0.42839515525378385,0.34356071635918956,0.11786091558872239,0.4601752514260615,0.34231433583733917,0.13452359650495666,0.4851722139739934,0.35064861746903675,47.0,0.04159132007233273,474.0,0.42766726943942135,788.0,0.7115732368896925,618.0,0.5578661844484629,501.0,0.45207956600361665,0.04159132007233273,WACC_0p1_WRT_0p9,0.4381555153707052,193,False,,,False,False,False,False,False,3.0,0.020202020202020204
OCDD,PokerHand,616,0.92,941,0.9838709677419356,0.4639643177848855,0,62,740,131,0.91,"{'nu':0.5,'kernel':'rbf','gamma':'auto'}",0.5098079258601681,0.5062891185495202,0.5220629237550665,0.5098079258601681,0.2729417992276127,0.11440483509116849,-1.7606682797852482,-3.091916252778669,-0.3636769151630123,-2.2626921951286003,2.4656972749710926,0.5062891185495202,0.3551901676549421,0.1510989508945781,0.5220629237550665,0.35447312165926675,0.1675898020957997,0.5098079258601681,0.31765928941275823,0.19214863644740987,0.2729417992276127,0.26047924096780256,0.01246255825981013,0.11440483509116849,0.2947551677917443,0.18035033270057582,1084.0,0.9792043399638336,1088.0,0.9828209764918626,237.0,0.21338155515370705,101.0,0.09041591320072333,47.0,0.04159132007233273,0.04159132007233273,WACC_0p9_WRT_0p1,0.46148282097649174,194,False,,,False,False,False,False,False,62.0,0.6161616161616161
OCDD,PokerHand,1081,0.81,815,0.8064516129032256,0.512040995036376,0,90,1368,3492,0.86,"{'nu':0.5,'kernel':'rbf','gamma':'auto'}",0.3371787570263674,0.4720642565697347,0.4334132538134101,0.3371787570263674,0.08950820158485974,0.20539435949127757,-1.7606682797852482,-3.091916252778669,-0.3636769151630123,-2.2626921951286003,2.4656972749710926,0.4720642565697347,0.23136707465234627,0.24069718191738845,0.4334132538134101,0.1664066443487214,0.2670066094646887,0.3371787570263674,0.34737694552196746,0.010198188495600058,0.08950820158485974,0.46571177132929725,0.3762035697444375,0.20539435949127757,0.5495444451308579,0.34415008563958027,899.0,0.8119349005424955,47.0,0.04159132007233273,407.0,0.3670886075949367,639.0,0.5768535262206148,843.0,0.7613019891500904,0.04159132007233273,WACC_0p3_WRT_0p7,0.511754068716094,195,False,,,False,False,False,False,False,90.0,0.898989898989899
OCDD,PokerHand,662,0.86,575,0.8870967741935483,0.628659988563856,0,70,3920,2595,0.863,"{'nu':0.5,'kernel':'rbf','gamma':'auto'}",0.27195306217080256,0.3424649726481515,0.3300146601019615,0.27195306217080256,0.08991747684706004,0.11180722186640478,-1.7606682797852482,-3.091916252778669,-0.3636769151630123,-2.2626921951286003,2.4656972749710926,0.3424649726481515,0.23104798322321268,0.11141698942493883,0.3300146601019615,0.18108574212304454,0.14892891797891697,0.27195306217080256,0.2774818365457371,0.005528774374934542,0.08991747684706004,0.369703113870924,0.279785637023864,0.11180722186640478,0.4723152198641903,0.3605079979977855,895.0,0.8083182640144665,228.0,0.20524412296564196,48.0,0.042495479204339964,318.0,0.28661844484629295,453.0,0.40867992766726946,0.042495479204339964,WACC_0p5_WRT_0p5,0.35027124773960217,196,False,,,False,False,False,False,False,70.0,0.696969696969697
OCDD,PokerHand,658,0.81,229,0.8064516129032256,0.9360314636896868,0,4,2960,4848,0.064,"{'nu':0.5,'kernel':'rbf','gamma':'auto'}",0.12131058506336437,0.027607872398065614,0.029716948620758882,0.12131058506336437,0.15219168039641773,0.16738804065873655,-1.7606682797852482,-3.091916252778669,-0.3636769151630123,-2.2626921951286003,2.4656972749710926,0.027607872398065614,0.0856815490199487,0.05807367662188309,0.029716948620758882,0.20543935208120528,0.1757224034604464,0.12131058506336437,0.4863407619016535,0.3650301768382891,0.15219168039641773,0.5253719767577085,0.3731802963612908,0.16738804065873655,0.5425513220629355,0.37516328140419897,48.0,0.042495479204339964,650.0,0.5867992766726944,978.0,0.8833634719710669,920.0,0.8309222423146474,803.0,0.7251356238698011,0.042495479204339964,WACC_0p1_WRT_0p9,0.61374321880651,197,False,,,False,False,False,False,False,4.0,0.030303030303030304
OCDD,PokerHand,934,0.72,291,0.661290322580645,0.8561191919687434,0,36,290,3243,0.664,"{'nu':0.5,'kernel':'rbf','gamma':'auto'}",0.2166618596302787,0.12460950632444638,0.04709466114604788,0.2166618596302787,0.28501432575367575,0.3241915738457577,-1.7606682797852482,-3.091916252778669,-0.3636769151630123,-2.2626921951286003,2.4656972749710926,0.12460950632444638,0.17423970725219776,0.049630200927751375,0.04709466114604788,0.166454902637902,0.11936024149185412,0.2166618596302787,0.45382881428534355,0.23716695465506485,0.28501432575367575,0.5548422166435736,0.26982789088989784,0.3241915738457577,0.5867933882020994,0.26260181435634167,631.0,0.569620253164557,48.0,0.042495479204339964,878.0,0.7929475587703436,1013.0,0.9150090415913201,1001.0,0.9041591320072333,0.042495479204339964,WACC_0p3_WRT_0p7,0.6448462929475587,198,False,,,False,False,False,False,False,36.0,0.35353535353535354
OCDD,PokerHand,476,0.93,464,1.0,0.7003343436817744,0,9,4243,997,0.307,"{'nu':0.5,'kernel':'rbf','gamma':'auto'}",0.27568306337627146,0.2570393456478475,0.280302867065252,0.27568306337627146,0.1453706733584693,0.056150260419119885,-1.7606682797852482,-3.091916252778669,-0.3636769151630123,-2.2626921951286003,2.4656972749710926,0.2570393456478475,0.24641130262611563,0.010628043021731842,0.280302867065252,0.2114153058219262,0.06888756124332579,0.27568306337627146,0.27748961976031666,0.0018065563840451992,0.1453706733584693,0.24977296656862588,0.1044022932101566,0.056150260419119885,0.3339013409100161,0.27775108049089625,957.0,0.864376130198915,729.0,0.6582278481012658,49.0,0.0433996383363472,76.0,0.06781193490054249,117.0,0.10488245931283906,0.0433996383363472,WACC_0p5_WRT_0p5,0.3477396021699819,199,False,,,False,False,False,False,False,9.0,0.08080808080808081
OCDD,PokerHand,596,0.79,223,0.7741935483870968,0.9448817668439744,0,5,2045,339,0.277,"{'nu':0.5,'kernel':'rbf','gamma':'auto'}",0.16090771449891617,0.021270815406952585,0.05683088374026499,0.16090771449891617,0.1875053966219367,0.199848088350114,-1.7606682797852482,-3.091916252778669,-0.3636769151630123,-2.2626921951286003,2.4656972749710926,0.021270815406952585,0.2736049928648677,0.25233417745791514,0.05683088374026499,0.256809216212658,0.19997833247239302,0.16090771449891617,0.33077579106782967,0.1698680765689135,0.1875053966219367,0.26453964183502604,0.07703424521308935,0.199848088350114,0.2966910894689494,0.0968430011188354,1028.0,0.9285714285714286,993.0,0.8969258589511754,320.0,0.2884267631103074,110.0,0.09855334538878843,49.0,0.0433996383363472,0.0433996383363472,WACC_0p9_WRT_0p1,0.4511754068716094,200,False,,,False,False,False,False,False,5.0,0.04040404040404041
OCDD,PokerHand,617,0.77,442,0.7419354838709676,0.7165621307688577,0,71,655,3801,0.7,"{'nu':0.5,'kernel':'rbf','gamma':'auto'}",0.08031299519582039,0.26355183221105205,0.20708495215210188,0.08031299519582039,0.1711436873233242,0.2535679449152088,-1.7606682797852482,-3.091916252778669,-0.3636769151630123,-2.2626921951286003,2.4656972749710926,0.26355183221105205,0.19386422986554808,0.06968760234550397,0.20708495215210188,0.1666803665295969,0.040404585622504985,0.08031299519582039,0.4247321981759888,0.34441920298016837,0.1711436873233242,0.5319067680312628,0.3607630807079386,0.2535679449152088,0.5934358874927125,0.3398679425775037,732.0,0.6609403254972875,49.0,0.0433996383363472,774.0,0.6989150090415913,944.0,0.8526220614828209,1017.0,0.918625678119349,0.0433996383363472,WACC_0p3_WRT_0p7,0.6349005424954792,201,False,,,False,False,False,False,False,71.0,0.7070707070707071
OCDD,PokerHand,138,0.73,204,0.6774193548387095,0.97455862853094,0,4,269,3178,0.001,"{'nu':0.5,'kernel':'rbf','gamma':'auto'}",0.28186165272890684,0.02031470579239929,0.1409043386991081,0.28186165272890684,0.29412763882945964,0.2969480224439321,-1.7606682797852482,-3.091916252778669,-0.3636769151630123,-2.2626921951286003,2.4656972749710926,0.02031470579239929,0.08589612530494503,0.06558141951254574,0.1409043386991081,0.26509882364993925,0.12419448495083116,0.28186165272890684,0.5498151397061192,0.26795348697721233,0.29412763882945964,0.581393110337116,0.2872654715076564,0.2969480224439321,0.5956155086912319,0.29866748624729983,49.0,0.0433996383363472,1014.0,0.9159132007233273,1077.0,0.972875226039783,1057.0,0.9547920433996383,1026.0,0.9267631103074141,0.0433996383363472,WACC_0p1_WRT_0p9,0.762748643761302,202,False,,,False,False,False,False,False,4.0,0.030303030303030304
OCDD,PokerHand,769,0.78,328,0.7580645161290321,0.8161742049026288,0,44,2766,4707,0.581,"{'nu':0.5,'kernel':'rbf','gamma':'auto'}",0.08860437913235003,0.15766128372878463,0.10724007786840345,0.08860437913235003,0.17615482805742325,0.22801206998758147,-1.7606682797852482,-3.091916252778669,-0.3636769151630123,-2.2626921951286003,2.4656972749710926,0.15766128372878463,0.17367857886160232,0.016017295132817688,0.10724007786840345,0.16676009273313425,0.0595200148647308,0.08860437913235003,0.4219753584585226,0.33337097932617255,0.17615482805742325,0.5142356852132421,0.3380808571558189,0.22801206998758147,0.5825134089863948,0.3545013389988133,630.0,0.5687160940325497,50.0,0.04430379746835443,762.0,0.6880650994575045,877.0,0.7920433996383364,994.0,0.8978300180831826,0.04430379746835443,WACC_0p3_WRT_0p7,0.5981916817359855,203,False,,,False,False,False,False,False,44.0,0.43434343434343436
OCDD,PokerHand,101,0.76,207,0.7258064516129031,0.9696943738571326,1,1,348,3451,0.001,"{'nu':0.5,'kernel':'rbf','gamma':'auto'}",0.22828487029774636,0.0,0.10758366072849804,0.22828487029774636,0.24298972652060402,0.247503974639027,-1.7606682797852482,-3.091916252778669,-0.3636769151630123,-2.2626921951286003,2.4656972749710926,0.0,0.08604182040922993,0.08604182040922993,0.10758366072849804,0.2512114798124964,0.14362781908399838,0.22828487029774636,0.5305808438262778,0.30229597352853144,0.24298972652060402,0.5714265503438538,0.3284368238232498,0.247503974639027,0.5888891347726467,0.3413851601336197,50.0,0.04430379746835443,972.0,0.8779385171790235,1056.0,0.953887884267631,1042.0,0.9412296564195298,1007.0,0.9095840867992767,0.04430379746835443,WACC_0p1_WRT_0p9,0.7453887884267631,204,False,,,False,False,False,False,False,1.0,0.0
OCDD,PokerHand,478,0.9,425,0.9516129032258064,0.7296636608632504,0,47,4546,1970,0.001,"{'nu':0.5,'kernel':'rbf','gamma':'auto'}",0.2117733593787669,0.23070498172377743,0.23929661599362897,0.2117733593787669,0.08562613360190899,0.03624652724119285,-1.7606682797852482,-3.091916252778669,-0.3636769151630123,-2.2626921951286003,2.4656972749710926,0.23070498172377743,0.15708642264838482,0.07361855907539261,0.23929661599362897,0.18983677022912077,0.04945984576450821,0.2117733593787669,0.27799334241217094,0.06621998303340404,0.08562613360190899,0.31166717011943534,0.22604103651752636,0.03624652724119285,0.387099883098133,0.3508533558569401,575.0,0.5189873417721519,394.0,0.3553345388788427,51.0,0.045207956600361664,187.0,0.16817359855334538,231.0,0.20795660036166366,0.045207956600361664,WACC_0p5_WRT_0p5,0.2591320072332731,205,False,,,False,False,False,False,False,47.0,0.46464646464646464
OCDD,PokerHand,852,0.92,1024,0.9838709677419356,0.4356914962544047,0,65,1770,367,0.408,"{'nu':0.5,'kernel':'rbf','gamma':'auto'}",0.5391468522015845,0.5359266622133695,0.5514019316365505,0.5391468522015845,0.28988230080329896,0.12327510652626147,-1.7606682797852482,-3.091916252778669,-0.3636769151630123,-2.2626921951286003,2.4656972749710926,0.5359266622133695,0.3043263936439242,0.23160026856944527,0.5514019316365505,0.2766074980811289,0.2747944335554216,0.5391468522015845,0.3163988998789642,0.22274795232262035,0.28988230080329896,0.25840939410087205,0.03147290670242692,0.12327510652626147,0.2975621162819065,0.174287009755645,1058.0,0.9556962025316456,1031.0,0.9312839059674503,230.0,0.2070524412296564,98.0,0.08770343580470162,51.0,0.045207956600361664,0.045207956600361664,WACC_0p9_WRT_0p1,0.44538878842676305,206,False,,,False,False,False,False,False,65.0,0.6464646464646465
OCDD,PokerHand,400,0.81,301,0.8064516129032256,0.8448448279694667,0,36,2944,4521,0.473,"{'nu':0.5,'kernel':'rbf','gamma':'auto'}",0.05822719864260571,0.12319606457067694,0.08805917350397122,0.05822719864260571,0.13232361356523917,0.1755619705148892,-1.7606682797852482,-3.091916252778669,-0.3636769151630123,-2.2626921951286003,2.4656972749710926,0.12319606457067694,0.1354167336785914,0.012220669107914445,0.08805917350397122,0.16676743773813707,0.07870826423416585,0.05822719864260571,0.42701035534163206,0.36878315669902634,0.13232361356523917,0.49526721495592985,0.3629436013906907,0.1755619705148892,0.555618148777876,0.38005617826298677,454.0,0.40958408679927666,51.0,0.045207956600361664,782.0,0.7061482820976492,795.0,0.7179023508137432,878.0,0.7929475587703436,0.045207956600361664,WACC_0p3_WRT_0p7,0.5343580470162749,207,False,,,False,False,False,False,False,36.0,0.35353535353535354
OCDD,PokerHand,178,0.79,231,0.7741935483870968,0.933132597318137,0,7,2696,3572,0.001,"{'nu':0.5,'kernel':'rbf','gamma':'auto'}",0.15277957822689173,0.0335871144526832,0.04656373570392245,0.15277957822689173,0.18494544599423282,0.20090127873063096,-1.7606682797852482,-3.091916252778669,-0.3636769151630123,-2.2626921951286003,2.4656972749710926,0.0335871144526832,0.08616504049420314,0.05257792604151994,0.04656373570392245,0.22180714042456523,0.1752434047206428,0.15277957822689173,0.4791955380527744,0.3264159598258827,0.18494544599423282,0.5230342257762834,0.33808877978205065,0.20090127873063096,0.5383365205077829,0.33743524177715195,51.0,0.045207956600361664,821.0,0.7414104882459313,960.0,0.8670886075949367,912.0,0.8236889692585895,774.0,0.6989150090415913,0.045207956600361664,WACC_0p1_WRT_0p9,0.6352622061482821,208,False,,,False,False,False,False,False,7.0,0.06060606060606061
OCDD,PokerHand,920,0.86,330,0.8870967741935483,0.814145004907354,0,41,3235,3260,0.419,"{'nu':0.5,'kernel':'rbf','gamma':'auto'}",0.07947382107095648,0.1480266402396374,0.13753488405512534,0.07947382107095648,0.04217117534368432,0.09518042671178442,-1.7606682797852482,-3.091916252778669,-0.3636769151630123,-2.2626921951286003,2.4656972749710926,0.1480266402396374,0.12506882065296818,0.02295781958666923,0.13753488405512534,0.16689000723406336,0.029355123178938014,0.07947382107095648,0.37258602603565333,0.29311220496469687,0.04217117534368432,0.42967226660786867,0.38750109126418436,0.09518042671178442,0.4883250500984816,0.3931446233866972,390.0,0.35171790235081374,52.0,0.0461121157323689,539.0,0.4864376130198915,494.0,0.445750452079566,513.0,0.4629294755877034,0.0461121157323689,WACC_0p3_WRT_0p7,0.3585895117540687,209,False,,,False,False,False,False,False,41.0,0.40404040404040403
OCDD,PokerHand,279,0.9,291,0.9516129032258064,0.8561191919687434,0,5,196,342,0.001,"{'nu':0.5,'kernel':'rbf','gamma':'auto'}",0.0805494732671894,0.09814547327026926,0.1080723651787073,0.0805494732671894,0.009856542596026323,0.02491110913946295,-1.7606682797852482,-3.091916252778669,-0.3636769151630123,-2.2626921951286003,2.4656972749710926,0.09814547327026926,0.22468135613252457,0.1265358828622553,0.1080723651787073,0.2695950794784929,0.16152271429978562,0.0805494732671894,0.37814876837219363,0.2975992951050042,0.009856542596026323,0.3125872587869526,0.3027307161909263,0.02491110913946295,0.2985244470691117,0.27361333792964876,871.0,0.786618444846293,1023.0,0.9240506329113924,557.0,0.5027124773960217,193.0,0.1735985533453888,52.0,0.0461121157323689,0.0461121157323689,WACC_0p9_WRT_0p1,0.48661844484629296,210,False,,,False,False,False,False,False,5.0,0.04040404040404041
OCDD,PokerHand,366,0.75,202,0.7096774193548386,0.9778411741800076,1,1,131,1881,0.001,"{'nu':0.5,'kernel':'rbf','gamma':'auto'}",0.25065809087484825,0.013314522296491545,0.12439283420184033,0.25065809087484825,0.2614574706301804,0.26340039153062034,-1.7606682797852482,-3.091916252778669,-0.3636769151630123,-2.2626921951286003,2.4656972749710926,0.013314522296491545,0.08618970254349152,0.07287518024699997,0.12439283420184033,0.2810593200920843,0.15666648589024396,0.25065809087484825,0.5740771938926593,0.32341910301781107,0.2614574706301804,0.589872725561709,0.3284152549315286,0.26340039153062034,0.6005304409407555,0.33713004941013514,52.0,0.0461121157323689,1038.0,0.9376130198915009,1090.0,0.984629294755877,1074.0,0.9701627486437613,1043.0,0.9421338155515371,0.0461121157323689,WACC_0p1_WRT_0p9,0.776130198915009,211,False,,,False,False,False,False,False,1.0,0.0
OCDD,PokerHand,335,0.92,433,0.9838709677419356,0.7234343281660898,0,11,3347,875,0.422,"{'nu':0.5,'kernel':'rbf','gamma':'auto'}",0.2405538822135635,0.2342945546591865,0.2528081317854769,0.2405538822135635,0.11747262842103838,0.032999114092776255,-1.7606682797852482,-3.091916252778669,-0.3636769151630123,-2.2626921951286003,2.4656972749710926,0.2342945546591865,0.2151531920674208,0.019141362591765687,0.2528081317854769,0.20166325005949642,0.05114488172598047,0.2405538822135635,0.2787193897704136,0.03816550755685011,0.11747262842103838,0.25488727401796785,0.13741464559692945,0.032999114092776255,0.3294216033707775,0.2964224892780013,825.0,0.7450271247739603,596.0,0.5379746835443038,53.0,0.04701627486437613,85.0,0.0759493670886076,110.0,0.09855334538878843,0.04701627486437613,WACC_0p5_WRT_0p5,0.3009041591320072,212,False,,,False,False,False,False,False,11.0,0.10101010101010101
OCDD,PokerHand,1022,0.77,907,0.7419354838709676,0.4762724897503653,0,93,658,4167,0.938,"{'nu':0.5,'kernel':'rbf','gamma':'auto'}",0.32966342068648363,0.5154401950325156,0.4564360706487166,0.32966342068648363,0.11878853013512358,0.27510740248299936,-1.7606682797852482,-3.091916252778669,-0.3636769151630123,-2.2626921951286003,2.4656972749710926,0.5154401950325156,0.2502483054866567,0.26519188954585887,0.4564360706487166,0.16721534164032817,0.28922072900838847,0.32966342068648363,0.3513030081004943,0.021639587414010675,0.11878853013512358,0.497046628350638,0.3782580982155144,0.27510740248299936,0.581403837706132,0.30629643522313266,971.0,0.8770343580470162,53.0,0.04701627486437613,427.0,0.38517179023508136,801.0,0.7233273056057866,989.0,0.8933092224231465,0.04701627486437613,WACC_0p3_WRT_0p7,0.5851717902350814,213,False,,,False,False,False,False,False,93.0,0.9292929292929293
OCDD,PokerHand,169,0.71,219,0.6451612903225805,0.9509146683390386,0,11,278,3799,0.071,"{'nu':0.5,'kernel':'rbf','gamma':'auto'}",0.29897908264560713,0.02670849971078826,0.1396227849822709,0.29897908264560713,0.32236138998451785,0.33232084158719255,-1.7606682797852482,-3.091916252778669,-0.3636769151630123,-2.2626921951286003,2.4656972749710926,0.02670849971078826,0.08622676761588018,0.05951826790509192,0.1396227849822709,0.25718062646781376,0.11755784148554285,0.29897908264560713,0.556229111718891,0.25725002907328387,0.32236138998451785,0.586204364679122,0.2638429746946041,0.33232084158719255,0.605779060631629,0.27345821904443646,53.0,0.04701627486437613,994.0,0.8978300180831826,1081.0,0.976491862567812,1066.0,0.9629294755877035,1052.0,0.9502712477396021,0.04701627486437613,WACC_0p1_WRT_0p9,0.7669077757685352,214,False,,,False,False,False,False,False,11.0,0.10101010101010101
OCDD,PokerHand,306,0.93,423,1.0,0.731239273062109,0,3,4046,1052,0.001,"{'nu':0.5,'kernel':'rbf','gamma':'auto'}",0.2436127782899814,0.22464264293636288,0.24823249284777882,0.2436127782899814,0.12685306611153788,0.046454195525476284,-1.7606682797852482,-3.091916252778669,-0.3636769151630123,-2.2626921951286003,2.4656972749710926,0.22464264293636288,0.22857292586970815,0.003930282933345269,0.24823249284777882,0.22522451115501496,0.023007981692763857,0.2436127782899814,0.2789573716282431,0.035344593338261676,0.12685306611153788,0.24623995715449817,0.1193868910429603,0.046454195525476284,0.3311593795781872,0.2847051840527109,889.0,0.8028933092224232,849.0,0.7667269439421338,54.0,0.04792043399638336,69.0,0.06148282097649186,114.0,0.10216998191681737,0.04792043399638336,WACC_0p5_WRT_0p5,0.35623869801084995,215,False,,,False,False,False,False,False,3.0,0.020202020202020204
OCDD,PokerHand,352,0.92,442,0.9838709677419356,0.7165621307688577,0,14,812,538,0.001,"{'nu':0.5,'kernel':'rbf','gamma':'auto'}",0.24768521479116629,0.24149847133257107,0.25993948418280094,0.24768521479116629,0.12159030980316454,0.035155186708424796,-1.7606682797852482,-3.091916252778669,-0.3636769151630123,-2.2626921951286003,2.4656972749710926,0.24149847133257107,0.23649822993660222,0.005000241395968857,0.25993948418280094,0.2536468547795405,0.006292629403260419,0.24768521479116629,0.30737381403977604,0.05968859924860975,0.12159030980316454,0.23880307245885282,0.11721276265568828,0.035155186708424796,0.3068008652677477,0.27164567855932287,920.0,0.8309222423146474,984.0,0.8887884267631103,182.0,0.16365280289330922,54.0,0.04792043399638336,62.0,0.05515370705244123,0.04792043399638336,WACC_0p7_WRT_0p3,0.39728752260397837,216,False,,,False,False,False,False,False,14.0,0.13131313131313133
OCDD,PokerHand,273,0.65,996,0.5483870967741935,0.4449649627108298,0,98,255,4082,0.999,"{'nu':0.5,'kernel':'rbf','gamma':'auto'}",0.22825370881220775,0.5659016173958596,0.4466405991184505,0.22825370881220775,0.31227942052856683,0.47743410521933477,-1.7606682797852482,-3.091916252778669,-0.3636769151630123,-2.2626921951286003,2.4656972749710926,0.5659016173958596,0.24746517902968446,0.3184364383661752,0.4466405991184505,0.16729775399120192,0.2793428451272486,0.22825370881220775,0.3944746376130491,0.16622092880084133,0.31227942052856683,0.5465903830292848,0.23431096250071792,0.47743410521933477,0.6195944711790106,0.1421603659596758,959.0,0.8661844484629295,54.0,0.04792043399638336,635.0,0.5732368896925859,993.0,0.8969258589511754,1074.0,0.9701627486437613,0.04792043399638336,WACC_0p3_WRT_0p7,0.6708860759493671,217,False,,,False,False,False,False,False,98.0,0.9797979797979798
OCDD,PokerHand,109,0.74,223,0.693548387096774,0.9448817668439744,0,8,379,4789,0.172,"{'nu':0.5,'kernel':'rbf','gamma':'auto'}",0.2445938242965399,0.028621935699779583,0.10528087143499655,0.2445938242965399,0.27096884877129074,0.2829815507685293,-1.7606682797852482,-3.091916252778669,-0.3636769151630123,-2.2626921951286003,2.4656972749710926,0.028621935699779583,0.08674907563073221,0.05812713993095263,0.10528087143499655,0.23180650980006665,0.12652563836507008,0.2445938242965399,0.5163525714479758,0.2717587471514359,0.27096884877129074,0.5788219372368558,0.3078530884655651,0.2829815507685293,0.5900149409393671,0.3070333901708378,54.0,0.04792043399638336,880.0,0.794755877034358,1037.0,0.9367088607594937,1055.0,0.9529837251356239,1011.0,0.9132007233273056,0.04792043399638336,WACC_0p1_WRT_0p9,0.7291139240506329,218,False,,,False,False,False,False,False,8.0,0.0707070707070707
OCDD,PokerHand,291,0.9,315,0.9516129032258064,0.8296725310807964,0,10,2344,499,0.001,"{'nu':0.5,'kernel':'rbf','gamma':'auto'}",0.10799337853612012,0.12586870796704394,0.13551634672097765,0.10799337853612012,0.025702845730678003,0.027281776171096835,-1.7606682797852482,-3.091916252778669,-0.3636769151630123,-2.2626921951286003,2.4656972749710926,0.12586870796704394,0.203983072840847,0.07811436487380305,0.13551634672097765,0.2175443508282731,0.08202800410729544,0.10799337853612012,0.28925986855784536,0.18126649002172524,0.025702845730678003,0.25162702125882874,0.22592417552815075,0.027281776171096835,0.30214274106806127,0.27486096489696443,779.0,0.7034358047016275,780.0,0.7043399638336347,97.0,0.0867992766726944,82.0,0.07323688969258589,55.0,0.048824593128390596,0.048824593128390596,WACC_0p9_WRT_0p1,0.3233273056057866,219,False,,,False,False,False,False,False,10.0,0.09090909090909091
OCDD,PokerHand,827,0.84,299,0.8548387096774193,0.8470695336585994,0,34,1399,4521,0.35,"{'nu':0.5,'kernel':'rbf','gamma':'auto'}",0.02299148609632485,0.11645330071004581,0.09632147913331628,0.02299148609632485,0.08273026902272389,0.1254824714259001,-1.7606682797852482,-3.091916252778669,-0.3636769151630123,-2.2626921951286003,2.4656972749710926,0.11645330071004581,0.12253465119035219,0.006081350480306377,0.09632147913331628,0.1673074323328074,0.07098595319949112,0.02299148609632485,0.42468810616623154,0.4016966200699067,0.08273026902272389,0.4927863335725832,0.4100560645498593,0.1254824714259001,0.5349480895643227,0.40946561813842264,364.0,0.3282097649186257,55.0,0.048824593128390596,773.0,0.6980108499095841,786.0,0.7097649186256781,754.0,0.6808318264014467,0.048824593128390596,WACC_0p3_WRT_0p7,0.49312839059674507,220,False,,,False,False,False,False,False,34.0,0.3333333333333333
OCDD,PokerHand,390,0.76,230,0.7258064516129031,0.9345788931928448,0,9,269,4373,0.18,"{'nu':0.5,'kernel':'rbf','gamma':'auto'}",0.20399179907519724,0.03648167840793578,0.07689759074246885,0.20399179907519724,0.2353386413463725,0.2506517108565979,-1.7606682797852482,-3.091916252778669,-0.3636769151630123,-2.2626921951286003,2.4656972749710926,0.03648167840793578,0.08701253712078481,0.050530858712849035,0.07689759074246885,0.25087265222289284,0.173975061480424,0.20399179907519724,0.5317410842986819,0.3277492852234847,0.2353386413463725,0.5886655364234477,0.35332689507707515,0.2506517108565979,0.6064869973637997,0.35583528650720186,55.0,0.048824593128390596,970.0,0.8761301989150091,1060.0,0.9575045207956601,1072.0,0.9683544303797469,1054.0,0.9520795660036167,0.048824593128390596,WACC_0p1_WRT_0p9,0.7605786618444847,221,False,,,False,False,False,False,False,9.0,0.08080808080808081
OCDD,PokerHand,206,0.91,409,0.967741935483871,0.742481186743202,0,27,4172,1749,0.001,"{'nu':0.5,'kernel':'rbf','gamma':'auto'}",0.20963066126305854,0.21579853296722654,0.22951936840729925,0.20963066126305854,0.09200313437101712,0.018470877384045452,-1.7606682797852482,-3.091916252778669,-0.3636769151630123,-2.2626921951286003,2.4656972749710926,0.21579853296722654,0.174409757209407,0.041388775757819546,0.22951936840729925,0.2010685384015699,0.028450830005729344,0.20963066126305854,0.27902142129018603,0.06939076002712749,0.09200313437101712,0.2963220458243867,0.20431891145336958,0.018470877384045452,0.3768733827289525,0.35840250534490703,632.0,0.5705244122965641,587.0,0.5298372513562387,56.0,0.04972875226039783,159.0,0.14285714285714285,206.0,0.1853526220614828,0.04972875226039783,WACC_0p5_WRT_0p5,0.2956600361663652,222,False,,,False,False,False,False,False,27.0,0.26262626262626265
OCDD,PokerHand,815,0.81,493,0.8064516129032256,0.6800785490006123,0,73,1178,4812,0.747,"{'nu':0.5,'kernel':'rbf','gamma':'auto'}",0.16280488305579527,0.29591557125326123,0.25903889521510093,0.16280488305579527,0.09642375372040544,0.19033154717832626,-1.7606682797852482,-3.091916252778669,-0.3636769151630123,-2.2626921951286003,2.4656972749710926,0.29591557125326123,0.22366210990212315,0.07225346135113808,0.25903889521510093,0.1677634385491644,0.09127545666593653,0.16280488305579527,0.37449667093194333,0.21169178787614806,0.09642375372040544,0.5107460278518008,0.41432227413139533,0.19033154717832626,0.5898779144734196,0.3995463672950934,869.0,0.7848101265822784,56.0,0.04972875226039783,546.0,0.49276672694394213,864.0,0.7802893309222423,1010.0,0.9122965641952984,0.04972875226039783,WACC_0p3_WRT_0p7,0.6039783001808318,223,False,,,False,False,False,False,False,73.0,0.7272727272727273
OCDD,PokerHand,495,0.77,240,0.7419354838709676,0.920389609982286,0,12,689,4359,0.113,"{'nu':0.5,'kernel':'rbf','gamma':'auto'}",0.17743835757061063,0.04988565076652958,0.05480812352764233,0.17743835757061063,0.21555433968545606,0.23529693946920413,-1.7606682797852482,-3.091916252778669,-0.3636769151630123,-2.2626921951286003,2.4656972749710926,0.04988565076652958,0.0870326354583581,0.03714698469182852,0.05480812352764233,0.20892270223955473,0.1541145787119124,0.17743835757061063,0.4654475148107013,0.2880091572400907,0.21555433968545606,0.526326379118705,0.3107720394332489,0.23529693946920413,0.5421356307052462,0.306838691236042,56.0,0.04972875226039783,700.0,0.6320072332730561,916.0,0.8273056057866185,927.0,0.8372513562386981,798.0,0.720614828209765,0.04972875226039783,WACC_0p1_WRT_0p9,0.6133815551537071,224,False,,,False,False,False,False,False,12.0,0.1111111111111111
OCDD,PokerHand,326,0.93,506,1.0,0.6713815152352999,0,15,4610,850,0.001,"{'nu':0.5,'kernel':'rbf','gamma':'auto'}",0.3057276381722819,0.2873897199940803,0.31034752536250004,0.3057276381722819,0.16271862129459216,0.0652338761755817,-1.7606682797852482,-3.091916252778669,-0.3636769151630123,-2.2626921951286003,2.4656972749710926,0.2873897199940803,0.2546895177682964,0.0327002022257839,0.31034752536250004,0.21879664656463652,0.09155087879786353,0.3057276381722819,0.2791934989349018,0.026534139237380072,0.16271862129459216,0.24445344217524478,0.08173482088065262,0.0652338761755817,0.3211675825588754,0.2559337063832937,982.0,0.8869801084990958,792.0,0.7151898734177216,57.0,0.05063291139240506,64.0,0.056962025316455694,95.0,0.08499095840867993,0.05063291139240506,WACC_0p5_WRT_0p5,0.3589511754068716,225,False,,,False,False,False,False,False,15.0,0.1414141414141414
OCDD,PokerHand,2,0.88,415,0.9193548387096774,0.7376169320693946,0,51,1356,2605,0.681,"{'nu':0.5,'kernel':'rbf','gamma':'auto'}",0.18120389217286584,0.22530825619205927,0.2239961508587616,0.18120389217286584,0.05274668977214296,0.06878698448123881,-1.7606682797852482,-3.091916252778669,-0.3636769151630123,-2.2626921951286003,2.4656972749710926,0.22530825619205927,0.18873536628551188,0.03657288990654739,0.2239961508587616,0.16783362767705554,0.05616252318170606,0.18120389217286584,0.3548125773542765,0.17360868518141068,0.05274668977214296,0.43134717966968905,0.3786004898975461,0.06878698448123881,0.48915674312576785,0.420369758644529,707.0,0.6383363471971067,57.0,0.05063291139240506,448.0,0.40415913200723325,504.0,0.45479204339963836,516.0,0.4656419529837251,0.05063291139240506,WACC_0p3_WRT_0p7,0.40271247739602173,226,False,,,False,False,False,False,False,51.0,0.5050505050505051
OCDD,PokerHand,576,0.81,324,0.8064516129032256,0.8202698764550143,0,43,2767,3267,0.001,"{'nu':0.5,'kernel':'rbf','gamma':'auto'}",0.04122612002606183,0.14895724294338872,0.11356086230401896,0.04122612002606183,0.12696913617712507,0.177764858342814,-1.7606682797852482,-3.091916252778669,-0.3636769151630123,-2.2626921951286003,2.4656972749710926,0.14895724294338872,0.08706450926158321,0.061892733681805506,0.11356086230401896,0.20633990267978283,0.09277904037576387,0.04122612002606183,0.46742168618170143,0.4261955661556396,0.12696913617712507,0.5005191332946459,0.37354999711752085,0.177764858342814,0.5104638967461089,0.33269903840329496,57.0,0.05063291139240506,660.0,0.5958408679927667,921.0,0.8318264014466547,821.0,0.7414104882459313,609.0,0.5497287522603979,0.05063291139240506,WACC_0p1_WRT_0p9,0.5538878842676311,227,False,,,False,False,False,False,False,43.0,0.42424242424242425
OCDD,PokerHand,963,0.86,462,0.8870967741935483,0.7017775225298484,0,63,1307,2275,0.793,"{'nu':0.5,'kernel':'rbf','gamma':'auto'}",0.19607842967324463,0.2658180733221035,0.2541398167302021,0.19607842967324463,0.04610693257485836,0.10525299833164661,-1.7606682797852482,-3.091916252778669,-0.3636769151630123,-2.2626921951286003,2.4656972749710926,0.2658180733221035,0.20172879865847884,0.06408927466362466,0.2541398167302021,0.16785886812100248,0.0862809486091996,0.19607842967324463,0.3486878975467132,0.15260946787346857,0.04610693257485836,0.4361011037906522,0.38999417121579383,0.10525299833164661,0.5065869336659042,0.40133393533425765,768.0,0.6934900542495479,58.0,0.051537070524412296,415.0,0.3743218806509946,527.0,0.4755877034358047,583.0,0.5262206148282098,0.051537070524412296,WACC_0p3_WRT_0p7,0.42423146473779383,228,False,,,False,False,False,False,False,63.0,0.6262626262626263
OCDD,PokerHand,760,0.72,198,0.661290322580645,0.9845044184549822,0,2,81,2106,0.011,"{'nu':0.5,'kernel':'rbf','gamma':'auto'}",0.3054794236206575,0.035433062023547436,0.15928558009694552,0.3054794236206575,0.31298735315860027,0.31268317870017287,-1.7606682797852482,-3.091916252778669,-0.3636769151630123,-2.2626921951286003,2.4656972749710926,0.035433062023547436,0.08716780553430015,0.05173474351075271,0.15928558009694552,0.2995909424247831,0.1403053623278376,0.3054794236206575,0.6032709324045604,0.2977915087839029,0.31298735315860027,0.6096608890830574,0.2966735359244571,0.31268317870017287,0.6307203063750978,0.3180371276749249,58.0,0.051537070524412296,1056.0,0.953887884267631,1099.0,0.9927667269439421,1087.0,0.9819168173598554,1087.0,0.9819168173598554,0.051537070524412296,WACC_0p1_WRT_0p9,0.7924050632911392,229,False,,,False,False,False,False,False,2.0,0.010101010101010102
OCDD,PokerHand,595,0.84,352,0.8548387096774193,0.7925996392270636,0,51,2846,2520,0.712,"{'nu':0.5,'kernel':'rbf','gamma':'auto'}",0.0795153183154995,0.17355244353310909,0.15284546844607538,0.0795153183154995,0.07086217569626925,0.13036512876750317,-1.7606682797852482,-3.091916252778669,-0.3636769151630123,-2.2626921951286003,2.4656972749710926,0.17355244353310909,0.18850096461835036,0.014948521085241279,0.15284546844607538,0.16792745644662685,0.015081988000551466,0.0795153183154995,0.358342610462874,0.2788272921473745,0.07086217569626925,0.44677007790755946,0.3759079022112902,0.13036512876750317,0.5061839126524492,0.37581878388494605,704.0,0.635623869801085,59.0,0.05244122965641953,467.0,0.4213381555153707,564.0,0.5090415913200723,576.0,0.5198915009041591,0.05244122965641953,WACC_0p3_WRT_0p7,0.4276672694394213,230,False,,,False,False,False,False,False,51.0,0.5050505050505051
OCDD,PokerHand,1025,0.93,1064,1.0,0.4228739703744535,0,35,3924,248,0.924,"{'nu':0.5,'kernel':'rbf','gamma':'auto'}",0.5636058462633388,0.5478926628527893,0.5682264501603065,0.5636058462633388,0.31161930496871615,0.14320025014387344,-1.7606682797852482,-3.091916252778669,-0.3636769151630123,-2.2626921951286003,2.4656972749710926,0.5478926628527893,0.3643920637724844,0.18350059908030486,0.5682264501603065,0.33930007070640233,0.22892637945390415,0.5636058462633388,0.3614786341878933,0.20212721207544548,0.31161930496871615,0.2565659554865175,0.055053349482198644,0.14320025014387344,0.3054001812887471,0.16219993114487363,1085.0,0.9801084990958409,1084.0,0.9792043399638336,483.0,0.4358047016274864,93.0,0.08318264014466546,59.0,0.05244122965641953,0.05244122965641953,WACC_0p9_WRT_0p1,0.5061482820976492,231,False,,,False,False,False,False,False,35.0,0.3434343434343434
OCDD,PokerHand,93,0.75,203,0.7096774193548386,0.976195878611852,0,2,363,4351,0.001,"{'nu':0.5,'kernel':'rbf','gamma':'auto'}",0.24951986688750022,0.011664796263359582,0.12295507359036525,0.24951986688750022,0.26109898781033547,0.2635478751005592,-1.7606682797852482,-3.091916252778669,-0.3636769151630123,-2.2626921951286003,2.4656972749710926,0.011664796263359582,0.08771527616136948,0.07605047989800989,0.12295507359036525,0.2721539586707518,0.14919888508038656,0.24951986688750022,0.5693326042626788,0.3198127373751786,0.26109898781033547,0.6108479704392529,0.3497489826289174,0.2635478751005592,0.6111952851061266,0.3476474100055674,59.0,0.05244122965641953,1025.0,0.9258589511754068,1087.0,0.9819168173598554,1089.0,0.9837251356238698,1065.0,0.9620253164556962,0.05244122965641953,WACC_0p1_WRT_0p9,0.7811934900542494,232,False,,,False,False,False,False,False,2.0,0.010101010101010102
OCDD,PokerHand,661,0.91,343,0.967741935483871,0.8012467561865632,0,8,3422,1474,0.427,"{'nu':0.5,'kernel':'rbf','gamma':'auto'}",0.1486491737432718,0.15419636395728528,0.1685377114050114,0.1486491737432718,0.0567919963288484,0.013203157626725909,-1.7606682797852482,-3.091916252778669,-0.3636769151630123,-2.2626921951286003,2.4656972749710926,0.15419636395728528,0.16970165394051714,0.015505289983231862,0.1685377114050114,0.1975743095154625,0.029036598110451117,0.1486491737432718,0.27992009915722543,0.13127092541395363,0.0567919963288484,0.3097683953453398,0.2529763990164914,0.013203157626725909,0.3795736230734084,0.3663704654466825,623.0,0.5623869801084991,523.0,0.4719710669077758,60.0,0.05334538878842676,183.0,0.16455696202531644,212.0,0.19077757685352623,0.05334538878842676,WACC_0p5_WRT_0p5,0.2886075949367089,233,False,,,False,False,False,False,False,8.0,0.0707070707070707
OCDD,PokerHand,704,0.78,320,0.7580645161290321,0.8244162696866761,0,40,736,3855,0.6,"{'nu':0.5,'kernel':'rbf','gamma':'auto'}",0.09430628219709584,0.14902137650713976,0.0986871995008104,0.09430628219709584,0.17795063829499783,0.22727325493115838,-1.7606682797852482,-3.091916252778669,-0.3636769151630123,-2.2626921951286003,2.4656972749710926,0.14902137650713976,0.16039431149384972,0.011372934986709965,0.0986871995008104,0.16821142306626843,0.06952422356545804,0.09430628219709584,0.43429107998735333,0.3399847977902575,0.17795063829499783,0.5249135964776172,0.34696295818261935,0.22727325493115838,0.5791687513690779,0.3518954964379195,589.0,0.5316455696202531,60.0,0.05334538878842676,813.0,0.7341772151898734,919.0,0.8300180831826401,978.0,0.8833634719710669,0.05334538878842676,WACC_0p3_WRT_0p7,0.606509945750452,234,False,,,False,False,False,False,False,40.0,0.3939393939393939
OCDD,PokerHand,392,0.73,227,0.6774193548387095,0.9389556479919354,0,11,114,1769,0.24,"{'nu':0.5,'kernel':'rbf','gamma':'auto'}",0.2572313265705447,0.03630433090812263,0.10979226129439217,0.2572313265705447,0.2863703354576319,0.3001394579355176,-1.7606682797852482,-3.091916252778669,-0.3636769151630123,-2.2626921951286003,2.4656972749710926,0.03630433090812263,0.08780787368796113,0.0515035427798385,0.10979226129439217,0.2498726836449599,0.14008042235056772,0.2572313265705447,0.5293297538991498,0.2720984273286051,0.2863703354576319,0.5660579982736459,0.279687662816014,0.3001394579355176,0.5812688718511543,0.2811294139156367,60.0,0.05334538878842676,967.0,0.8734177215189873,1054.0,0.9520795660036167,1031.0,0.9312839059674503,988.0,0.8924050632911392,0.05334538878842676,WACC_0p1_WRT_0p9,0.740506329113924,235,False,,,False,False,False,False,False,11.0,0.10101010101010101
OCDD,PokerHand,1080,0.9,369,0.9516129032258064,0.7768515400120461,0,35,4644,1965,0.376,"{'nu':0.5,'kernel':'rbf','gamma':'auto'}",0.16280613093778432,0.18123935526802643,0.19032925146071608,0.16280613093778432,0.05735211290639223,0.032016626541639594,-1.7606682797852482,-3.091916252778669,-0.3636769151630123,-2.2626921951286003,2.4656972749710926,0.18123935526802643,0.1797170919405232,0.001522263327503215,0.19032925146071608,0.20065225017082028,0.010322998710104198,0.16280613093778432,0.2803955582037682,0.1175894272659839,0.05735211290639223,0.32205876331915717,0.2647066504127649,0.032016626541639594,0.39546446798745066,0.36344784144581105,659.0,0.5949367088607594,581.0,0.5244122965641953,61.0,0.054249547920433995,215.0,0.19349005424954793,253.0,0.22784810126582278,0.054249547920433995,WACC_0p5_WRT_0p5,0.31898734177215193,236,False,,,False,False,False,False,False,35.0,0.3434343434343434
OCDD,PokerHand,351,0.93,430,1.0,0.7257567673579333,0,4,1123,686,0.245,"{'nu':0.5,'kernel':'rbf','gamma':'auto'}",0.2493020170116207,0.23038978784086547,0.25392174738120704,0.2493020170116207,0.13013807240000358,0.04817426841201344,-1.7606682797852482,-3.091916252778669,-0.3636769151630123,-2.2626921951286003,2.4656972749710926,0.23038978784086547,0.21727144833861928,0.013118339502246196,0.25392174738120704,0.2221372070469983,0.031784540334208744,0.2493020170116207,0.29676905920294944,0.047467042191328745,0.13013807240000358,0.24284966063768038,0.1127115882376768,0.04817426841201344,0.32022064373284487,0.2720463753208314,839.0,0.7576853526220615,829.0,0.7486437613019892,139.0,0.12477396021699819,61.0,0.054249547920433995,93.0,0.08318264014466546,0.054249547920433995,WACC_0p7_WRT_0p3,0.35370705244122963,237,False,,,False,False,False,False,False,4.0,0.030303030303030304
OCDD,PokerHand,450,0.9,341,0.9516129032258064,0.8031990472828119,0,21,2269,420,0.277,"{'nu':0.5,'kernel':'rbf','gamma':'auto'}",0.1354651181469825,0.1536200603091188,0.1629881626825381,0.1354651181469825,0.04156522060932828,0.029654847596570385,-1.7606682797852482,-3.091916252778669,-0.3636769151630123,-2.2626921951286003,2.4656972749710926,0.1536200603091188,0.22530046279357507,0.07168040248445628,0.1629881626825381,0.22984062131447236,0.06685245863193426,0.1354651181469825,0.3056843302542984,0.17021921210731591,0.04156522060932828,0.2622979508191103,0.220732730209782,0.029654847596570385,0.30589571310838115,0.27624086551181076,874.0,0.7893309222423146,869.0,0.7848101265822784,176.0,0.15822784810126583,103.0,0.0922242314647378,61.0,0.054249547920433995,0.054249547920433995,WACC_0p9_WRT_0p1,0.3757685352622061,238,False,,,False,False,False,False,False,21.0,0.20202020202020202
OCDD,PokerHand,1077,0.78,286,0.7580645161290321,0.8619020123061318,0,31,453,2911,0.559,"{'nu':0.5,'kernel':'rbf','gamma':'auto'}",0.12023911290474154,0.10972620632194319,0.059787845328825286,0.12023911290474154,0.18611816453058366,0.22391304947608118,-1.7606682797852482,-3.091916252778669,-0.3636769151630123,-2.2626921951286003,2.4656972749710926,0.10972620632194319,0.13595428692288394,0.026228080600940756,0.059787845328825286,0.16828757424685858,0.1084997289180333,0.12023911290474154,0.43263538153351383,0.3123962686287723,0.18611816453058366,0.4924750524812839,0.30635688795070026,0.22391304947608118,0.5486600238934262,0.324746974417345,458.0,0.4132007233273056,61.0,0.054249547920433995,806.0,0.7278481012658228,782.0,0.7061482820976492,838.0,0.7567811934900542,0.054249547920433995,WACC_0p3_WRT_0p7,0.5316455696202531,239,False,,,False,False,False,False,False,31.0,0.30303030303030304
OCDD,PokerHand,380,0.78,229,0.7580645161290321,0.9360314636896868,0,8,2490,3355,0.192,"{'nu':0.5,'kernel':'rbf','gamma':'auto'}",0.17152225094193846,0.032018544573761805,0.05878694123759774,0.17152225094193846,0.20226975168603004,0.21726811810978558,-1.7606682797852482,-3.091916252778669,-0.3636769151630123,-2.2626921951286003,2.4656972749710926,0.032018544573761805,0.08789292831495109,0.05587438374118928,0.05878694123759774,0.20569674767002236,0.14690980643242463,0.17152225094193846,0.46231765783011325,0.2907954068881748,0.20226975168603004,0.49069633126106915,0.28842657957503914,0.21726811810978558,0.5234564374783576,0.306188319368572,61.0,0.054249547920433995,654.0,0.5904159132007233,907.0,0.8191681735985533,775.0,0.6998191681735986,694.0,0.6265822784810127,0.054249547920433995,WACC_0p1_WRT_0p9,0.5580470162748643,240,False,,,False,False,False,False,False,8.0,0.0707070707070707
OCDD,PokerHand,949,0.92,495,0.9838709677419356,0.6787257513042191,0,29,3720,698,0.474,"{'nu':0.5,'kernel':'rbf','gamma':'auto'}",0.2869483194283227,0.2811612035171266,0.29920269794174903,0.2869483194283227,0.14426110144127355,0.04702591406440128,-1.7606682797852482,-3.091916252778669,-0.3636769151630123,-2.2626921951286003,2.4656972749710926,0.2811612035171266,0.26785931799914475,0.013301885517981837,0.29920269794174903,0.24254897971846812,0.05665371822328091,0.2869483194283227,0.29277728164646066,0.005828962218137945,0.14426110144127355,0.24310083405238794,0.0988397326111144,0.04702591406440128,0.31368089557686185,0.2666549815124606,1012.0,0.9141048824593129,937.0,0.8462929475587704,120.0,0.10759493670886076,62.0,0.05515370705244123,79.0,0.0705244122965642,0.05515370705244123,WACC_0p7_WRT_0p3,0.3987341772151899,241,False,,,False,False,False,False,False,29.0,0.2828282828282828
OCDD,PokerHand,1040,0.79,294,0.7741935483870968,0.8526968421611579,0,36,2951,4819,0.492,"{'nu':0.5,'kernel':'rbf','gamma':'auto'}",0.09713370660835942,0.11790548370456579,0.0728637838509367,0.09713370660835942,0.16741981905939893,0.20811150438910453,-1.7606682797852482,-3.091916252778669,-0.3636769151630123,-2.2626921951286003,2.4656972749710926,0.11790548370456579,0.14443959743587273,0.026534113731306944,0.0728637838509367,0.1682977167373137,0.095433932886377,0.09713370660835942,0.43059911306526677,0.33346540645690737,0.16741981905939893,0.5074549725970131,0.34003515353761415,0.20811150438910453,0.5693991078444796,0.36128760345537503,509.0,0.4593128390596745,62.0,0.05515370705244123,794.0,0.716998191681736,852.0,0.7694394213381555,943.0,0.8517179023508138,0.05515370705244123,WACC_0p3_WRT_0p7,0.5705244122965643,242,False,,,False,False,False,False,False,36.0,0.35353535353535354
OCDD,PokerHand,681,0.7,227,0.6290322580645159,0.9389556479919354,0,13,301,4759,0.174,"{'nu':0.5,'kernel':'rbf','gamma':'auto'}",0.3074429924491189,0.04071500308381883,0.1388622539112311,0.3074429924491189,0.3364484067472443,0.3500195353865668,-1.7606682797852482,-3.091916252778669,-0.3636769151630123,-2.2626921951286003,2.4656972749710926,0.04071500308381883,0.0880017545117278,0.04728675142790897,0.1388622539112311,0.23999029972109112,0.10112804580986001,0.3074429924491189,0.5276776037583762,0.22023461130925737,0.3364484067472443,0.585936161761492,0.2494877550142477,0.3500195353865668,0.5959084126527365,0.2458888772661697,62.0,0.05515370705244123,926.0,0.8363471971066908,1051.0,0.9493670886075949,1065.0,0.9620253164556962,1030.0,0.930379746835443,0.05515370705244123,WACC_0p1_WRT_0p9,0.7466546112115732,243,False,,,False,False,False,False,False,13.0,0.12121212121212122
OCDD,PokerHand,198,0.93,437,1.0,0.7203625912596195,0,5,4207,1089,0.001,"{'nu':0.5,'kernel':'rbf','gamma':'auto'}",0.2548995954156875,0.23604433949118125,0.2595193413423163,0.2548995954156875,0.1333701533790631,0.049866628904196665,-1.7606682797852482,-3.091916252778669,-0.3636769151630123,-2.2626921951286003,2.4656972749710926,0.23604433949118125,0.2272038235480005,0.008840515943180749,0.2595193413423163,0.2210712130089126,0.03844812833340369,0.2548995954156875,0.28051200162774476,0.025612406212057237,0.1333701533790631,0.2565656739226155,0.12319552054355237,0.049866628904196665,0.3377418747558188,0.2878752458516221,882.0,0.7965641952983725,814.0,0.7350813743218807,63.0,0.05605786618444846,92.0,0.08227848101265822,125.0,0.11211573236889692,0.05605786618444846,WACC_0p5_WRT_0p5,0.35641952983725134,244,False,,,False,False,False,False,False,5.0,0.04040404040404041
OCDD,PokerHand,1020,0.88,388,0.9193548387096774,0.7600851320420258,0,44,4043,3338,0.693,"{'nu':0.5,'kernel':'rbf','gamma':'auto'}",0.15788846667454512,0.20175552173932532,0.2006806605611585,0.15788846667454512,0.03928419977520917,0.06677294493345039,-1.7606682797852482,-3.091916252778669,-0.3636769151630123,-2.2626921951286003,2.4656972749710926,0.20175552173932532,0.21704922720656825,0.01529370546724293,0.2006806605611585,0.16865642757634883,0.032024232984809664,0.15788846667454512,0.31196314425836413,0.15407467758381901,0.03928419977520917,0.4282386974281173,0.3889544976529081,0.06677294493345039,0.506405200162214,0.43963225522876365,836.0,0.7549728752260397,63.0,0.05605786618444846,197.0,0.17721518987341772,491.0,0.4430379746835443,579.0,0.5226039783001808,0.05605786618444846,WACC_0p3_WRT_0p7,0.39077757685352615,245,False,,,False,False,False,False,False,44.0,0.43434343434343436
OCDD,PokerHand,1001,0.92,1061,0.9838709677419356,0.4238184476562318,0,68,4723,355,0.667,"{'nu':0.5,'kernel':'rbf','gamma':'auto'}",0.5514676068844631,0.5483728199437532,0.5637227205618263,0.5514676068844631,0.29699639085860896,0.12700013848723152,-1.7606682797852482,-3.091916252778669,-0.3636769151630123,-2.2626921951286003,2.4656972749710926,0.5483728199437532,0.33269851509248544,0.21567430485126776,0.5637227205618263,0.3214894712135196,0.24223324934830665,0.5514676068844631,0.3612603452664238,0.19020726161803925,0.29699639085860896,0.2642937598346634,0.03270263102394555,0.12700013848723152,0.3074544677441205,0.18045432925688898,1076.0,0.9719710669077758,1078.0,0.9737793851717902,481.0,0.43399638336347196,109.0,0.09764918625678119,63.0,0.05605786618444846,0.05605786618444846,WACC_0p9_WRT_0p1,0.5066907775768537,246,False,,,False,False,False,False,False,68.0,0.6767676767676768
OCDD,PokerHand,561,0.81,264,0.8064516129032256,0.8886044661487877,0,18,438,2586,0.001,"{'nu':0.5,'kernel':'rbf','gamma':'auto'}",0.08850034276175614,0.07732415943182613,0.04264933112054056,0.08850034276175614,0.1418581183639742,0.17163937582562075,-1.7606682797852482,-3.091916252778669,-0.3636769151630123,-2.2626921951286003,2.4656972749710926,0.07732415943182613,0.08801457067963099,0.010690411247804857,0.04264933112054056,0.22398811182229514,0.18133878070175458,0.08850034276175614,0.48570724732279935,0.39720690456104324,0.1418581183639742,0.5051776401190138,0.36331952175503957,0.17163937582562075,0.5332018087349477,0.361562432909327,63.0,0.05605786618444846,843.0,0.7613019891500904,977.0,0.8824593128390597,841.0,0.759493670886076,746.0,0.6735985533453888,0.05605786618444846,WACC_0p1_WRT_0p9,0.6265822784810127,247,False,,,False,False,False,False,False,18.0,0.1717171717171717
OCDD,PokerHand,1065,0.92,471,0.9838709677419356,0.6953316490744794,0,19,4817,1084,0.05,"{'nu':0.5,'kernel':'rbf','gamma':'auto'}",0.2697162504256053,0.2637537431505369,0.281970581046888,0.2697162504256053,0.13431118409611228,0.041816005301428656,-1.7606682797852482,-3.091916252778669,-0.3636769151630123,-2.2626921951286003,2.4656972749710926,0.2637537431505369,0.2275654044414181,0.036188338709118806,0.281970581046888,0.2221122308436937,0.0598583502031943,0.2697162504256053,0.28120263420339897,0.011486383777793652,0.13431118409611228,0.25709997304803733,0.12278878895192505,0.041816005301428656,0.3424717029919453,0.30065569769051664,885.0,0.7992766726943942,827.0,0.7468354430379747,64.0,0.056962025316455694,95.0,0.08499095840867993,131.0,0.11754068716094032,0.056962025316455694,WACC_0p5_WRT_0p5,0.361121157323689,248,False,,,False,False,False,False,False,19.0,0.18181818181818182
OCDD,PokerHand,364,0.92,587,0.9838709677419356,0.6217563012089832,0,41,4302,274,0.999,"{'nu':0.5,'kernel':'rbf','gamma':'auto'}",0.34606595995999656,0.3408805549402856,0.3583205027758364,0.34606595995999656,0.17839604117708527,0.06489942150008199,-1.7606682797852482,-3.091916252778669,-0.3636769151630123,-2.2626921951286003,2.4656972749710926,0.3408805549402856,0.3835073682578745,0.04262681331758894,0.3583205027758364,0.3823603694910681,0.024039866715231728,0.34606595995999656,0.41571573254407623,0.06964977258407967,0.17839604117708527,0.26635413221772813,0.08795809104064287,0.06489942150008199,0.3081442593572966,0.24324483785721462,1092.0,0.9864376130198915,1098.0,0.9918625678119349,724.0,0.6537070524412296,112.0,0.1003616636528029,64.0,0.056962025316455694,0.056962025316455694,WACC_0p9_WRT_0p1,0.5578661844484628,249,False,,,False,False,False,False,False,41.0,0.40404040404040403
OCDD,PokerHand,235,0.65,630,0.5483870967741935,0.5981252825540788,0,83,103,2301,0.999,"{'nu':0.5,'kernel':'rbf','gamma':'auto'}",0.15534089186892452,0.405348286628019,0.2877045047436029,0.15534089186892452,0.3456505329344124,0.4637048816192254,-1.7606682797852482,-3.091916252778669,-0.3636769151630123,-2.2626921951286003,2.4656972749710926,0.405348286628019,0.19190809822990848,0.2134401883981105,0.2877045047436029,0.16867906703159874,0.11902543771200413,0.15534089186892452,0.4364480273955107,0.28110713552658617,0.3456505329344124,0.531859512580628,0.18620897964621563,0.4637048816192254,0.6051025380043061,0.14139765638508073,725.0,0.6546112115732369,64.0,0.056962025316455694,817.0,0.7377938517179023,943.0,0.8517179023508138,1050.0,0.9484629294755877,0.056962025316455694,WACC_0p3_WRT_0p7,0.6499095840867992,250,False,,,False,False,False,False,False,83.0,0.8282828282828283
OCDD,PokerHand,126,0.72,205,0.661290322580645,0.9729293456352268,0,6,312,4119,0.001,"{'nu':0.5,'kernel':'rbf','gamma':'auto'}",0.297471728350734,0.023826819755749337,0.14917056848607999,0.297471728350734,0.31046533533721404,0.3137207631286502,-1.7606682797852482,-3.091916252778669,-0.3636769151630123,-2.2626921951286003,2.4656972749710926,0.023826819755749337,0.08804634813048634,0.064219528374737,0.14917056848607999,0.2748703051835161,0.1256997366974361,0.297471728350734,0.5868252723190448,0.2893535439683108,0.31046533533721404,0.6127129643260691,0.3022476289888551,0.3137207631286502,0.6223793091599854,0.3086585460313352,64.0,0.056962025316455694,1028.0,0.9285714285714286,1093.0,0.9873417721518988,1091.0,0.9855334538878843,1079.0,0.9746835443037974,0.056962025316455694,WACC_0p1_WRT_0p9,0.786618444846293,251,False,,,False,False,False,False,False,6.0,0.050505050505050504
OCDD,PokerHand,770,0.91,449,0.967741935483871,0.7113129329494756,0,39,3935,1739,0.41,"{'nu':0.5,'kernel':'rbf','gamma':'auto'}",0.24197420013691512,0.24847127069669608,0.2618629971717782,0.24197420013691512,0.11067852026891092,0.021264785923783263,-1.7606682797852482,-3.091916252778669,-0.3636769151630123,-2.2626921951286003,2.4656972749710926,0.24847127069669608,0.18552244095568826,0.06294882974100782,0.2618629971717782,0.2068193061419243,0.0550436910298539,0.24197420013691512,0.28152066430822986,0.039546464171314744,0.11067852026891092,0.31376840028271596,0.20308988001380504,0.021264785923783263,0.38286465477365106,0.3615998688498678,688.0,0.6211573236889693,668.0,0.6030741410488246,65.0,0.05786618444846293,197.0,0.17721518987341772,223.0,0.2007233273056058,0.05786618444846293,WACC_0p5_WRT_0p5,0.33200723327305603,252,False,,,False,False,False,False,False,39.0,0.3838383838383838
OCDD,PokerHand,720,0.83,291,0.8387096774193548,0.8561191919687434,0,33,1065,4632,0.415,"{'nu':0.5,'kernel':'rbf','gamma':'auto'}",0.03255241807550673,0.108437041680227,0.08340691689771447,0.03255241807550673,0.10139473102509715,0.1412979565252442,-1.7606682797852482,-3.091916252778669,-0.3636769151630123,-2.2626921951286003,2.4656972749710926,0.108437041680227,0.13034098038100048,0.02190393870077348,0.08340691689771447,0.16873494139514028,0.08532802449742581,0.03255241807550673,0.4350491583084892,0.4024967402329825,0.10139473102509715,0.5192062010323212,0.417811470007224,0.1412979565252442,0.5547639180587289,0.4134659615334847,425.0,0.3833634719710669,65.0,0.05786618444846293,814.0,0.7350813743218807,900.0,0.8128390596745028,869.0,0.7848101265822784,0.05786618444846293,WACC_0p3_WRT_0p7,0.5547920433996383,253,False,,,False,False,False,False,False,33.0,0.32323232323232326
OCDD,PokerHand,393,0.82,239,0.8225806451612901,0.9217817823596586,0,7,1006,4477,0.001,"{'nu':0.5,'kernel':'rbf','gamma':'auto'}",0.0947153598272092,0.04107515827848324,0.011744512366960301,0.0947153598272092,0.1323942189795281,0.15203868333216522,-1.7606682797852482,-3.091916252778669,-0.3636769151630123,-2.2626921951286003,2.4656972749710926,0.04107515827848324,0.08807519241718162,0.04700003413869838,0.011744512366960301,0.22065652574709058,0.20891201338013027,0.0947153598272092,0.4940083509785892,0.39929299115138,0.1323942189795281,0.5388213579836296,0.40642713900410155,0.15203868333216522,0.5536615065666775,0.40162282323451226,65.0,0.05786618444846293,810.0,0.7314647377938517,1001.0,0.9041591320072333,967.0,0.8734177215189873,862.0,0.7784810126582279,0.05786618444846293,WACC_0p1_WRT_0p9,0.6690777576853526,254,False,,,False,False,False,False,False,7.0,0.06060606060606061
OCDD,PokerHand,482,0.86,727,0.8870967741935483,0.5502480671435274,0,71,4634,2459,0.901,"{'nu':0.5,'kernel':'rbf','gamma':'auto'}",0.35332172162206327,0.42466181820726484,0.41138354569667146,0.35332172162206327,0.1369003107655491,0.11883603196027032,-1.7606682797852482,-3.091916252778669,-0.3636769151630123,-2.2626921951286003,2.4656972749710926,0.42466181820726484,0.24083051843746214,0.1838312997698027,0.41138354569667146,0.19206577238006795,0.21931777331660351,0.35332172162206327,0.2815239191865804,0.0717978024354829,0.1369003107655491,0.3784991248808515,0.24159881411530243,0.11883603196027032,0.4698881241987163,0.35105209223844597,934.0,0.8435804701627486,433.0,0.39059674502712477,66.0,0.05877034358047016,337.0,0.3037974683544304,447.0,0.40325497287522605,0.05877034358047016,WACC_0p5_WRT_0p5,0.4,255,False,,,False,False,False,False,False,71.0,0.7070707070707071
OCDD,PokerHand,674,0.92,451,0.9838709677419356,0.7098281545766654,0,16,850,480,0.359,"{'nu':0.5,'kernel':'rbf','gamma':'auto'}",0.2546731141514967,0.24855749489738418,0.26692740296421646,0.2546731141514967,0.12562517184095168,0.03726789401631771,-1.7606682797852482,-3.091916252778669,-0.3636769151630123,-2.2626921951286003,2.4656972749710926,0.24855749489738418,0.24297063362505006,0.005586861272334126,0.26692740296421646,0.2573325304171008,0.009594872547115663,0.2546731141514967,0.31237476397626407,0.05770164982476739,0.12562517184095168,0.26646318180914486,0.14083800996819318,0.03726789401631771,0.30850933073678805,0.27124143672047035,942.0,0.8508137432188065,995.0,0.8987341772151899,205.0,0.1844484629294756,113.0,0.10126582278481013,66.0,0.05877034358047016,0.05877034358047016,WACC_0p9_WRT_0p1,0.4188065099457504,256,False,,,False,False,False,False,False,16.0,0.15151515151515152
OCDD,PokerHand,567,0.65,489,0.5483870967741935,0.6828006532170477,0,75,146,1259,0.999,"{'nu':0.5,'kernel':'rbf','gamma':'auto'}",0.2139197514316594,0.31658565667363653,0.19983597119203858,0.2139197514316594,0.3640999022964803,0.4561146186944428,-1.7606682797852482,-3.091916252778669,-0.3636769151630123,-2.2626921951286003,2.4656972749710926,0.31658565667363653,0.1581217560770097,0.15846390059662682,0.19983597119203858,0.1688938821248874,0.03094208906715118,0.2139197514316594,0.429603198187759,0.2156834467560996,0.3640999022964803,0.5031644507790174,0.13906454848253708,0.4561146186944428,0.5510954481268012,0.09498082943235842,577.0,0.5207956600361664,66.0,0.05877034358047016,790.0,0.713381555153707,833.0,0.7522603978300181,851.0,0.7685352622061483,0.05877034358047016,WACC_0p3_WRT_0p7,0.562748643761302,257,False,,,False,False,False,False,False,75.0,0.7474747474747475
OCDD,PokerHand,217,0.72,196,0.661290322580645,0.987886436850998,1,1,2181,3143,0.001,"{'nu':0.5,'kernel':'rbf','gamma':'auto'}",0.30781912144669177,0.038824187545567206,0.16224099609100093,0.30781912144669177,0.31372423929312643,0.3123800160610108,-1.7606682797852482,-3.091916252778669,-0.3636769151630123,-2.2626921951286003,2.4656972749710926,0.038824187545567206,0.08809866468725655,0.049274477141689345,0.16224099609100093,0.22623877053827687,0.06399777444727595,0.30781912144669177,0.4998066562100264,0.19198753476333463,0.31372423929312643,0.5240537239129645,0.21032948461983803,0.3123800160610108,0.5395649196480932,0.22718490358708238,66.0,0.05877034358047016,855.0,0.7721518987341772,1011.0,0.9132007233273056,915.0,0.8264014466546112,785.0,0.7088607594936709,0.05877034358047016,WACC_0p1_WRT_0p9,0.655877034358047,258,False,,,False,False,False,False,False,1.0,0.0
OCDD,PokerHand,688,0.79,714,0.7741935483870968,0.5562809686385919,0,88,1226,2944,0.958,"{'nu':0.5,'kernel':'rbf','gamma':'auto'}",0.2689542971051657,0.42862927845253473,0.38045769131078755,0.2689542971051657,0.10283567974497287,0.23468209271366552,-1.7606682797852482,-3.091916252778669,-0.3636769151630123,-2.2626921951286003,2.4656972749710926,0.42862927845253473,0.23466776747626986,0.19396151097626488,0.38045769131078755,0.16889712166280837,0.21156056964797917,0.2689542971051657,0.32126090195294726,0.052306604847781546,0.10283567974497287,0.4431218622879374,0.3402861825429645,0.23468209271366552,0.5198166935642631,0.28513460085059755,914.0,0.825497287522604,67.0,0.059674502712477394,258.0,0.23236889692585896,554.0,0.5,674.0,0.608499095840868,0.059674502712477394,WACC_0p3_WRT_0p7,0.44520795660036167,259,False,,,False,False,False,False,False,88.0,0.8787878787878788
OCDD,PokerHand,1004,0.82,745,0.8225806451612901,0.5420703125401913,0,85,4178,4864,0.864,"{'nu':0.5,'kernel':'rbf','gamma':'auto'}",0.31717524915341777,0.43911520724587283,0.40577514683027094,0.31717524915341777,0.08557224569309471,0.18607585221515677,-1.7606682797852482,-3.091916252778669,-0.3636769151630123,-2.2626921951286003,2.4656972749710926,0.43911520724587283,0.2672587907275306,0.17185641651834221,0.40577514683027094,0.19954773234329426,0.20622741448697668,0.31717524915341777,0.281826973630596,0.03534827552282177,0.08557224569309471,0.4452122043698166,0.35963995867672194,0.18607585221515677,0.5446895376509812,0.3586136854358244,1009.0,0.9113924050632911,564.0,0.5090415913200723,67.0,0.059674502712477394,560.0,0.5054249547920434,816.0,0.7368896925858951,0.059674502712477394,WACC_0p5_WRT_0p5,0.5444846292947558,260,False,,,False,False,False,False,False,85.0,0.8484848484848485
OCDD,PokerHand,365,0.78,249,0.7580645161290321,0.908113885666664,0,15,2832,3900,0.001,"{'nu':0.5,'kernel':'rbf','gamma':'auto'}",0.15220872601092153,0.061283697213523426,0.03439084194324444,0.15220872601092153,0.19618697100720447,0.2197706375054349,-1.7606682797852482,-3.091916252778669,-0.3636769151630123,-2.2626921951286003,2.4656972749710926,0.061283697213523426,0.08813092851563414,0.026847231302110718,0.03439084194324444,0.21341263671771163,0.1790217947744672,0.15220872601092153,0.4910276458398927,0.33881891982897117,0.19618697100720447,0.5369459530283662,0.3407589820211617,0.2197706375054349,0.5470667064860674,0.32729606898063246,67.0,0.059674502712477394,748.0,0.6754068716094033,990.0,0.8942133815551537,961.0,0.8679927667269439,830.0,0.7495479204339964,0.059674502712477394,WACC_0p1_WRT_0p9,0.649367088607595,261,False,,,False,False,False,False,False,15.0,0.1414141414141414
OCDD,PokerHand,32,0.9,396,0.9516129032258064,0.753269283965241,0,44,4125,2136,0.408,"{'nu':0.5,'kernel':'rbf','gamma':'auto'}",0.18727762107101112,0.20595992100730934,0.2148008096062122,0.18727762107101112,0.07148212272124023,0.03413052958514968,-1.7606682797852482,-3.091916252778669,-0.3636769151630123,-2.2626921951286003,2.4656972749710926,0.20595992100730934,0.16624248628668523,0.03971743472062411,0.2148008096062122,0.19414495237455645,0.02065585723165575,0.18727762107101112,0.28237526389689754,0.09509764282588642,0.07148212272124023,0.35204528702508586,0.28056316430384565,0.03413052958514968,0.4170061712051683,0.38287564162001864,607.0,0.5479204339963833,463.0,0.4177215189873418,68.0,0.06057866184448463,271.0,0.244122965641953,303.0,0.2730560578661845,0.06057866184448463,WACC_0p5_WRT_0p5,0.3086799276672695,262,False,,,False,False,False,False,False,44.0,0.43434343434343436
OCDD,PokerHand,776,0.8,453,0.7903225806451613,0.7083499315381032,0,71,465,1323,0.944,"{'nu':0.5,'kernel':'rbf','gamma':'auto'}",0.12230930199555005,0.2677497601008045,0.2261777451232479,0.12230930199555005,0.11927631300856023,0.20442400538554198,-1.7606682797852482,-3.091916252778669,-0.3636769151630123,-2.2626921951286003,2.4656972749710926,0.2677497601008045,0.1792980619952637,0.08845169810554077,0.2261777451232479,0.1690633511893938,0.05711439393385409,0.12230930199555005,0.3329365652323029,0.21062726323675285,0.11927631300856023,0.42298945680080635,0.3037131437922461,0.20442400538554198,0.446236903271487,0.24181289788594504,658.0,0.5940325497287523,68.0,0.06057866184448463,331.0,0.298372513562387,474.0,0.42766726943942135,376.0,0.33905967450271246,0.06057866184448463,WACC_0p3_WRT_0p7,0.34394213381555155,263,False,,,False,False,False,False,False,71.0,0.7070707070707071
OCDD,PokerHand,887,0.91,305,0.967741935483871,0.8404392779027283,1,1,135,218,0.283,"{'nu':0.5,'kernel':'rbf','gamma':'auto'}",0.10797878976602095,0.11311202886865884,0.12786721439479468,0.10797878976602095,0.03330863174240198,0.009689957245295044,-1.7606682797852482,-3.091916252778669,-0.3636769151630123,-2.2626921951286003,2.4656972749710926,0.11311202886865884,0.20919922947217684,0.096087200603518,0.12786721439479468,0.25241302009575656,0.12454580570096188,0.10797878976602095,0.36410425840072225,0.2561254686347013,0.03330863174240198,0.2902927500015076,0.2569841182591056,0.009689957245295044,0.30996884810792386,0.3002788908626288,804.0,0.7260397830018083,977.0,0.8824593128390597,493.0,0.4448462929475588,146.0,0.13110307414104883,68.0,0.06057866184448463,0.06057866184448463,WACC_0p9_WRT_0p1,0.449005424954792,264,False,,,False,False,False,False,False,1.0,0.0
OCDD,PokerHand,310,0.81,217,0.8064516129032256,0.9539723788541716,1,1,3016,5000,0.001,"{'nu':0.5,'kernel':'rbf','gamma':'auto'}",0.13372220300632442,0.008800953676367315,0.04539482538440189,0.13372220300632442,0.15610071047176954,0.16577982492677737,-1.7606682797852482,-3.091916252778669,-0.3636769151630123,-2.2626921951286003,2.4656972749710926,0.008800953676367315,0.0883714244697265,0.07957047079335919,0.04539482538440189,0.20432045016531034,0.15892562478090844,0.13372220300632442,0.4839842979484543,0.3502620949421299,0.15610071047176954,0.5265059282522997,0.37040521778053015,0.16577982492677737,0.5467943353904391,0.38101451046366175,68.0,0.06057866184448463,633.0,0.5714285714285714,973.0,0.8788426763110307,928.0,0.8381555153707052,829.0,0.7486437613019892,0.06057866184448463,WACC_0p1_WRT_0p9,0.6195298372513562,265,False,,,False,False,False,False,False,1.0,0.0
OCDD,PokerHand,1003,0.88,309,0.9193548387096774,0.8360909443908979,0,16,2468,925,0.38,"{'nu':0.5,'kernel':'rbf','gamma':'auto'}",0.07901664528172753,0.12208092754406659,0.12180861996421681,0.07901664528172753,0.013567453428679547,0.05995981739680389,-1.7606682797852482,-3.091916252778669,-0.3636769151630123,-2.2626921951286003,2.4656972749710926,0.12208092754406659,0.1449610033679935,0.022880075823926913,0.12180861996421681,0.18418192232756422,0.06237330236334741,0.07901664528172753,0.28241669019103705,0.20340004490930952,0.013567453428679547,0.31761443003476214,0.3040469766060826,0.05995981739680389,0.3649394148643076,0.3049795974675037,513.0,0.4629294755877034,290.0,0.2613019891500904,69.0,0.06148282097649186,202.0,0.18173598553345388,179.0,0.1609403254972875,0.06148282097649186,WACC_0p5_WRT_0p5,0.2256781193490054,266,False,,,False,False,False,False,False,16.0,0.15151515151515152
OCDD,PokerHand,714,0.85,359,0.8709677419354838,0.7860251816505348,0,56,3631,4070,0.632,"{'nu':0.5,'kernel':'rbf','gamma':'auto'}",0.09749583194327664,0.17897402449939512,0.16319148853056914,0.09749583194327664,0.05273701918759724,0.11432776776478058,-1.7606682797852482,-3.091916252778669,-0.3636769151630123,-2.2626921951286003,2.4656972749710926,0.17897402449939512,0.19798259734908433,0.01900857284968921,0.16319148853056914,0.16963087990937592,0.00643939137880678,0.09749583194327664,0.3646847988027822,0.26718896685950555,0.05273701918759724,0.4674508142849361,0.41471379509733886,0.11432776776478058,0.5383302362855001,0.42400246852071954,750.0,0.6772151898734177,69.0,0.06148282097649186,495.0,0.44665461121157324,648.0,0.5849909584086799,773.0,0.6980108499095841,0.06148282097649186,WACC_0p3_WRT_0p7,0.49367088607594933,267,False,,,False,False,False,False,False,56.0,0.5555555555555556
OCDD,PokerHand,551,0.73,208,0.6774193548387095,0.9680885339713156,0,7,244,2307,0.001,"{'nu':0.5,'kernel':'rbf','gamma':'auto'}",0.27738560783417093,0.013827188510745493,0.135250371539411,0.27738560783417093,0.2927179117340432,0.2975279988700315,-1.7606682797852482,-3.091916252778669,-0.3636769151630123,-2.2626921951286003,2.4656972749710926,0.013827188510745493,0.0884941834431736,0.07466699493242811,0.135250371539411,0.2552897240628315,0.12003935252342052,0.27738560783417093,0.5348083442226895,0.2574227363885186,0.2927179117340432,0.5613406086444844,0.2686226969104412,0.2975279988700315,0.5624864179080751,0.26495841903804357,69.0,0.06148282097649186,990.0,0.8942133815551537,1063.0,0.9602169981916817,1024.0,0.9249547920433996,918.0,0.8291139240506329,0.06148282097649186,WACC_0p1_WRT_0p9,0.733996383363472,268,False,,,False,False,False,False,False,7.0,0.06060606060606061
OCDD,PokerHand,239,0.92,475,0.9838709677419356,0.6925061726073702,0,21,1219,608,0.001,"{'nu':0.5,'kernel':'rbf','gamma':'auto'}",0.2726482692854333,0.2667156046709674,0.2849026080555151,0.2726482692854333,0.13600415232326726,0.042702465931815536,-1.7606682797852482,-3.091916252778669,-0.3636769151630123,-2.2626921951286003,2.4656972749710926,0.2667156046709674,0.2442174924194383,0.02249811225152909,0.2849026080555151,0.253510042175315,0.03139256588020012,0.2726482692854333,0.29609351844794934,0.023445249162516058,0.13600415232326726,0.24639381408970215,0.11038966176643489,0.042702465931815536,0.3152428451514423,0.27254037921962676,948.0,0.85623869801085,982.0,0.8869801084990958,136.0,0.1220614828209765,70.0,0.06238698010849909,83.0,0.07414104882459313,0.06238698010849909,WACC_0p7_WRT_0p3,0.40036166365280285,269,False,,,False,False,False,False,False,21.0,0.20202020202020202
OCDD,PokerHand,524,0.82,407,0.8225806451612901,0.744118436824114,0,67,3380,4661,0.367,"{'nu':0.5,'kernel':'rbf','gamma':'auto'}",0.10750834238938747,0.2273142697551543,0.19610765735051475,0.10750834238938747,0.09368430063819105,0.1679643473611863,-1.7606682797852482,-3.091916252778669,-0.3636769151630123,-2.2626921951286003,2.4656972749710926,0.2273142697551543,0.1251473856886059,0.10216688406654842,0.19610765735051475,0.16971957924369777,0.02638807810681698,0.10750834238938747,0.41483666103927924,0.30732831864989174,0.09368430063819105,0.48889753509195716,0.3952132344537661,0.1679643473611863,0.5267988651447816,0.3588345177835953,392.0,0.3535262206148282,70.0,0.06238698010849909,717.0,0.6473779385171791,764.0,0.689873417721519,714.0,0.6446654611211573,0.06238698010849909,WACC_0p3_WRT_0p7,0.4795660036166366,270,False,,,False,False,False,False,False,67.0,0.6666666666666666
OCDD,PokerHand,881,0.92,889,0.9838709677419356,0.4829765018617213,0,60,4225,344,0.815,"{'nu':0.5,'kernel':'rbf','gamma':'auto'}",0.49007883488074877,0.4863592210288613,0.5023337779436675,0.49007883488074877,0.2615500839025736,0.10843998177245495,-1.7606682797852482,-3.091916252778669,-0.3636769151630123,-2.2626921951286003,2.4656972749710926,0.4863592210288613,0.3223142148049048,0.1640450062239565,0.5023337779436675,0.3367390169882713,0.16559476095539621,0.49007883488074877,0.38262790833971844,0.10745092654103033,0.2615500839025736,0.27953012195379434,0.017980038051220726,0.10843998177245495,0.3110498123143588,0.20260983054190385,1073.0,0.969258589511754,1082.0,0.9773960216998192,578.0,0.5216998191681737,131.0,0.11754068716094032,70.0,0.06238698010849909,0.06238698010849909,WACC_0p9_WRT_0p1,0.5296564195298372,271,False,,,False,False,False,False,False,60.0,0.5959595959595959
OCDD,PokerHand,398,0.76,238,0.7258064516129031,0.923179767582184,0,13,184,2165,0.185,"{'nu':0.5,'kernel':'rbf','gamma':'auto'}",0.19610582499493376,0.048431037004899154,0.0669363326405966,0.19610582499493376,0.23285495952544763,0.25167352345476074,-1.7606682797852482,-3.091916252778669,-0.3636769151630123,-2.2626921951286003,2.4656972749710926,0.048431037004899154,0.08859842347691366,0.0401673864720145,0.0669363326405966,0.2534415069576497,0.1865051743170531,0.19610582499493376,0.5420999121117471,0.34599408711681334,0.23285495952544763,0.556700983628403,0.3238460241029554,0.25167352345476074,0.588704667876724,0.3370311444219633,70.0,0.06238698010849909,981.0,0.8860759493670886,1070.0,0.9665461121157324,1016.0,0.9177215189873418,1006.0,0.9086799276672695,0.06238698010849909,WACC_0p1_WRT_0p9,0.7482820976491863,272,False,,,False,False,False,False,False,13.0,0.12121212121212122
OCDD,PokerHand,594,0.92,418,0.9838709677419356,0.7352110512428928,0,8,4809,1550,0.024,"{'nu':0.5,'kernel':'rbf','gamma':'auto'}",0.22833308527184037,0.22194937205936993,0.24058730087916358,0.22833308527184037,0.11041625466563097,0.029304303152363244,-1.7606682797852482,-3.091916252778669,-0.3636769151630123,-2.2626921951286003,2.4656972749710926,0.22194937205936993,0.19761939289185332,0.024329979167516613,0.24058730087916358,0.22756242455440875,0.013024876324754825,0.22833308527184037,0.2828675935872274,0.05453450831538703,0.11041625466563097,0.2793886674264827,0.16897241276085173,0.029304303152363244,0.36600534148959424,0.336701038337231,749.0,0.6763110307414105,860.0,0.7766726943942134,71.0,0.06329113924050633,130.0,0.1166365280289331,181.0,0.162748643761302,0.06329113924050633,WACC_0p5_WRT_0p5,0.3591320072332731,273,False,,,False,False,False,False,False,8.0,0.0707070707070707
OCDD,PokerHand,655,0.8,301,0.7903225806451613,0.8448448279694667,0,37,372,1601,0.705,"{'nu':0.5,'kernel':'rbf','gamma':'auto'}",0.07496442060213031,0.12466628862924233,0.08453553803525797,0.07496442060213031,0.14901630399510984,0.19218866299857212,-1.7606682797852482,-3.091916252778669,-0.3636769151630123,-2.2626921951286003,2.4656972749710926,0.12466628862924233,0.15817898235439165,0.033512693725149326,0.08453553803525797,0.16982638923500326,0.08529085119974529,0.07496442060213031,0.4080917583013271,0.3331273376991968,0.14901630399510984,0.47302117885792294,0.3240048748628131,0.19218866299857212,0.5105649714751861,0.31837630847661397,578.0,0.5216998191681737,71.0,0.06329113924050633,688.0,0.6211573236889693,672.0,0.6066907775768535,611.0,0.5515370705244123,0.06329113924050633,WACC_0p3_WRT_0p7,0.47287522603978294,274,False,,,False,False,False,False,False,37.0,0.36363636363636365
OCDD,PokerHand,98,0.71,206,0.6451612903225805,0.9713079527602364,0,7,264,3897,0.001,"{'nu':0.5,'kernel':'rbf','gamma':'auto'}",0.31308726232972267,0.02734684498613263,0.157443693059155,0.31308726232972267,0.32680475095060013,0.33049279655538655,-1.7606682797852482,-3.091916252778669,-0.3636769151630123,-2.2626921951286003,2.4656972749710926,0.02734684498613263,0.08879686610312099,0.06145002111698836,0.157443693059155,0.2854991900765531,0.1280554970173981,0.31308726232972267,0.5954483014984907,0.28236103916876804,0.32680475095060013,0.6286875283083962,0.3018827773577961,0.33049279655538655,0.6349639440160124,0.30447114746062587,71.0,0.06329113924050633,1045.0,0.9439421338155516,1095.0,0.9891500904159132,1097.0,0.9909584086799277,1091.0,0.9855334538878843,0.06329113924050633,WACC_0p1_WRT_0p9,0.7945750452079566,275,False,,,False,False,False,False,False,7.0,0.06060606060606061
OCDD,PokerHand,791,0.79,265,0.7741935483870968,0.8873433837751918,0,19,491,3094,0.202,"{'nu':0.5,'kernel':'rbf','gamma':'auto'}",0.12110236336949869,0.081586562058197,0.03691069878709077,0.12110236336949869,0.17496873013414094,0.20500580366142007,-1.7606682797852482,-3.091916252778669,-0.3636769151630123,-2.2626921951286003,2.4656972749710926,0.081586562058197,0.08880006855456019,0.007213506496363181,0.03691069878709077,0.210876953272916,0.17396625448582523,0.12110236336949869,0.4758104451792932,0.3547080818097945,0.17496873013414094,0.5276000776735735,0.3526313475394326,0.20500580366142007,0.5427772458626083,0.33777144220118827,72.0,0.06419529837251356,722.0,0.6518987341772152,946.0,0.8544303797468354,934.0,0.8435804701627486,805.0,0.7269439421338155,0.06419529837251356,WACC_0p1_WRT_0p9,0.6282097649186257,276,False,,,False,False,False,False,False,19.0,0.18181818181818182
OCDD,PokerHand,593,0.65,1080,0.5483870967741935,0.4178812668739247,0,99,297,4355,0.963,"{'nu':0.5,'kernel':'rbf','gamma':'auto'}",0.256358670192013,0.5942926365617148,0.4747456386088325,0.256358670192013,0.3063783290509302,0.4798618757831647,-1.7606682797852482,-3.091916252778669,-0.3636769151630123,-2.2626921951286003,2.4656972749710926,0.5942926365617148,0.24153203595225425,0.3527606006094606,0.4747456386088325,0.1699050732997464,0.3048405653090861,0.256358670192013,0.3913446494458907,0.13498597925387767,0.3063783290509302,0.5491954265905631,0.24281709753963288,0.4798618757831647,0.6080977381949335,0.12823586241176882,939.0,0.8481012658227848,72.0,0.06419529837251356,619.0,0.5587703435804702,1000.0,0.903254972875226,1060.0,0.9575045207956601,0.06419529837251356,WACC_0p3_WRT_0p7,0.666365280289331,277,False,,,False,False,False,False,False,99.0,0.98989898989899
OCDD,PokerHand,740,0.92,674,0.9838709677419356,0.5755563322403517,0,51,1527,624,0.241,"{'nu':0.5,'kernel':'rbf','gamma':'auto'}",0.39400802633936716,0.38931058503473903,0.4062627023979606,0.39400802633936716,0.20607812611742216,0.07939412853180927,-1.7606682797852482,-3.091916252778669,-0.3636769151630123,-2.2626921951286003,2.4656972749710926,0.38931058503473903,0.25317612583493626,0.13613445919980277,0.4062627023979606,0.2212217956992176,0.18504090669874299,0.39400802633936716,0.28720019801570895,0.1068078283236582,0.20607812611742216,0.24785383693480761,0.04177571081738546,0.07939412853180927,0.3210606965064372,0.24166656797462793,979.0,0.8842676311030742,817.0,0.7377938517179023,87.0,0.07775768535262206,73.0,0.0650994575045208,94.0,0.08408679927667269,0.0650994575045208,WACC_0p7_WRT_0p3,0.36980108499095843,278,False,,,False,False,False,False,False,51.0,0.5050505050505051
OCDD,PokerHand,16,0.93,493,1.0,0.6800785490006123,0,11,4081,842,0.437,"{'nu':0.5,'kernel':'rbf','gamma':'auto'}",0.29670265873207197,0.27827288255047644,0.30132252083966016,0.29670265873207197,0.15750753494984113,0.06250528221139884,-1.7606682797852482,-3.091916252778669,-0.3636769151630123,-2.2626921951286003,2.4656972749710926,0.27827288255047644,0.25432470238753146,0.023948180162944976,0.30132252083966016,0.22062861457966004,0.08069390626000011,0.29670265873207197,0.28310732349341566,0.013595335238656303,0.15750753494984113,0.2535478197211423,0.0960402847713012,0.06250528221139884,0.3338862169146219,0.27138093470322305,981.0,0.8860759493670886,809.0,0.7305605786618445,73.0,0.0650994575045208,84.0,0.07504520795660036,116.0,0.10397830018083183,0.0650994575045208,WACC_0p5_WRT_0p5,0.37215189873417726,279,False,,,False,False,False,False,False,11.0,0.10101010101010101
OCDD,PokerHand,872,0.88,361,0.9193548387096774,0.7841702352197106,0,32,3560,2786,0.597,"{'nu':0.5,'kernel':'rbf','gamma':'auto'}",0.13289516817076125,0.17650783656197647,0.17568729259487195,0.13289516817076125,0.024852894152165576,0.06461396689464396,-1.7606682797852482,-3.091916252778669,-0.3636769151630123,-2.2626921951286003,2.4656972749710926,0.17650783656197647,0.1844092971639239,0.007901460601947435,0.17568729259487195,0.16991725800650717,0.005770034588364781,0.13289516817076125,0.34272465376867645,0.2098294855979152,0.024852894152165576,0.42309311987845905,0.3982402257262935,0.06461396689464396,0.49434576014240644,0.42973179324776245,682.0,0.6157323688969258,73.0,0.0650994575045208,382.0,0.3444846292947559,475.0,0.42857142857142855,536.0,0.4837251356238698,0.0650994575045208,WACC_0p3_WRT_0p7,0.38752260397830024,280,False,,,False,False,False,False,False,32.0,0.31313131313131315
OCDD,PokerHand,92,0.77,232,0.7419354838709676,0.9316925220900684,0,9,331,2710,0.212,"{'nu':0.5,'kernel':'rbf','gamma':'auto'}",0.18525777065174256,0.038037149874536984,0.06468530434430934,0.18525777065174256,0.21801705816794706,0.23428375140705496,-1.7606682797852482,-3.091916252778669,-0.3636769151630123,-2.2626921951286003,2.4656972749710926,0.038037149874536984,0.08880517901274419,0.05076802913820721,0.06468530434430934,0.24103380834579805,0.17634850400148872,0.18525777065174256,0.5134584963465683,0.3282007256948257,0.21801705816794706,0.5518998232031243,0.3338827650351772,0.23428375140705496,0.5680743723043093,0.3337906208972544,73.0,0.0650994575045208,931.0,0.840867992766727,1033.0,0.9330922242314648,1004.0,0.906871609403255,940.0,0.849005424954792,0.0650994575045208,WACC_0p1_WRT_0p9,0.718987341772152,281,False,,,False,False,False,False,False,9.0,0.08080808080808081
OCDD,PokerHand,155,0.91,476,0.967741935483871,0.6918035134315994,0,45,4344,1214,0.308,"{'nu':0.5,'kernel':'rbf','gamma':'auto'}",0.2622192761927901,0.26892240509069504,0.2821081294936819,0.2622192761927901,0.12236816899134195,0.02701912432776069,-1.7606682797852482,-3.091916252778669,-0.3636769151630123,-2.2626921951286003,2.4656972749710926,0.26892240509069504,0.22351476536617834,0.045407639724516696,0.2821081294936819,0.21161646182360416,0.07049166767007775,0.2622192761927901,0.2831667687057257,0.020947492512935595,0.12236816899134195,0.2710957611835655,0.14872759219222353,0.02701912432776069,0.34731542288329337,0.32029629855553265,865.0,0.7811934900542495,733.0,0.6618444846292948,74.0,0.06600361663652803,119.0,0.10669077757685352,140.0,0.1256781193490054,0.06600361663652803,WACC_0p5_WRT_0p5,0.3482820976491863,282,False,,,False,False,False,False,False,45.0,0.4444444444444444
OCDD,PokerHand,909,0.92,471,0.9838709677419356,0.6953316490744794,0,19,3021,590,0.438,"{'nu':0.5,'kernel':'rbf','gamma':'auto'}",0.2697162504256053,0.2637537431505369,0.281970581046888,0.2697162504256053,0.13431118409611228,0.041816005301428656,-1.7606682797852482,-3.091916252778669,-0.3636769151630123,-2.2626921951286003,2.4656972749710926,0.2637537431505369,0.2354491975029158,0.02830454564762111,0.281970581046888,0.2296204383856018,0.05235014266128618,0.2697162504256053,0.2983251492693846,0.028608898843779262,0.13431118409611228,0.25964520582962286,0.12533402173351058,0.041816005301428656,0.31228160159306234,0.2704655962916337,916.0,0.8273056057866185,868.0,0.7839059674502713,145.0,0.1301989150090416,100.0,0.08951175406871609,74.0,0.06600361663652803,0.06600361663652803,WACC_0p9_WRT_0p1,0.3793851717902351,283,False,,,False,False,False,False,False,19.0,0.18181818181818182
OCDD,PokerHand,508,0.81,479,0.8064516129032256,0.6897043405719205,0,71,998,4481,0.757,"{'nu':0.5,'kernel':'rbf','gamma':'auto'}",0.15281612443175852,0.2858251450930636,0.2490501088298556,0.15281612443175852,0.09852105524634978,0.18946869546225653,-1.7606682797852482,-3.091916252778669,-0.3636769151630123,-2.2626921951286003,2.4656972749710926,0.2858251450930636,0.22486480348181434,0.060960341611249275,0.2490501088298556,0.1701155736565811,0.0789345351732745,0.15281612443175852,0.38734162950904555,0.23452550507728703,0.09852105524634978,0.5203493221566929,0.42182826691034314,0.18946869546225653,0.5824156324515922,0.3929469369893357,872.0,0.7875226039783002,74.0,0.06600361663652803,598.0,0.5397830018083183,903.0,0.8155515370705244,993.0,0.8969258589511754,0.06600361663652803,WACC_0p3_WRT_0p7,0.6211573236889694,284,False,,,False,False,False,False,False,71.0,0.7070707070707071
OCDD,PokerHand,672,0.75,301,0.7096774193548386,0.8448448279694667,0,38,535,4007,0.197,"{'nu':0.5,'kernel':'rbf','gamma':'auto'}",0.1586505303997539,0.1320174089220693,0.06691736069169163,0.1586505303997539,0.23247975614446376,0.27532212541698725,-1.7606682797852482,-3.091916252778669,-0.3636769151630123,-2.2626921951286003,2.4656972749710926,0.1320174089220693,0.08889651094810155,0.04312089797396776,0.06691736069169163,0.20803921525154165,0.14112185455985002,0.1586505303997539,0.4648662948892551,0.3062157644895012,0.23247975614446376,0.5263165002324142,0.2938367440879504,0.27532212541698725,0.5580494853695255,0.2827273599525382,74.0,0.06600361663652803,690.0,0.6229656419529838,914.0,0.825497287522604,926.0,0.8363471971066908,891.0,0.8047016274864376,0.06600361663652803,WACC_0p1_WRT_0p9,0.6311030741410488,285,False,,,False,False,False,False,False,38.0,0.37373737373737376
OCDD,PokerHand,185,0.9,372,0.9516129032258064,0.7741477543279291,0,36,2495,847,0.001,"{'nu':0.5,'kernel':'rbf','gamma':'auto'}",0.16561187032759955,0.1840736520213348,0.19313499864836872,0.16561187032759955,0.05897216648303019,0.032258992699284124,-1.7606682797852482,-3.091916252778669,-0.3636769151630123,-2.2626921951286003,2.4656972749710926,0.1840736520213348,0.16845577265766695,0.015617879363667847,0.19313499864836872,0.20406619376910318,0.010931195120734455,0.16561187032759955,0.28322071520561215,0.1176088448780126,0.05897216648303019,0.29187658319081217,0.23290441670778197,0.032258992699284124,0.3565895834299924,0.3243305907307083,619.0,0.5587703435804702,629.0,0.5678119349005425,75.0,0.06690777576853527,149.0,0.13381555153707053,163.0,0.14647377938517178,0.06690777576853527,WACC_0p5_WRT_0p5,0.294755877034358,286,False,,,False,False,False,False,False,36.0,0.35353535353535354
OCDD,PokerHand,954,0.83,358,0.8387096774193548,0.7869565229308064,0,56,1348,4105,0.586,"{'nu':0.5,'kernel':'rbf','gamma':'auto'}",0.0742130759220962,0.18093817572198934,0.1551777548319788,0.0742130759220962,0.08632532398079591,0.14749766771006032,-1.7606682797852482,-3.091916252778669,-0.3636769151630123,-2.2626921951286003,2.4656972749710926,0.18093817572198934,0.16801448726982735,0.012923688452161991,0.1551777548319788,0.17033049915509157,0.015152744323112782,0.0742130759220962,0.40812850106247545,0.33391542514037925,0.08632532398079591,0.5077443180259529,0.421418994045157,0.14749766771006032,0.558289529422018,0.4107918617119577,615.0,0.5551537070524413,75.0,0.06690777576853527,690.0,0.6229656419529838,856.0,0.7730560578661845,894.0,0.8074141048824593,0.06690777576853527,WACC_0p3_WRT_0p7,0.5650994575045207,287,False,,,False,False,False,False,False,56.0,0.5555555555555556
OCDD,PokerHand,384,0.72,218,0.661290322580645,0.9524400330473576,0,9,169,2335,0.181,"{'nu':0.5,'kernel':'rbf','gamma':'auto'}",0.2832971158840339,0.023639281965039567,0.1312657450821844,0.2832971158840339,0.30600105141440626,0.3155574160830139,-1.7606682797852482,-3.091916252778669,-0.3636769151630123,-2.2626921951286003,2.4656972749710926,0.023639281965039567,0.08894417390712721,0.06530489194208763,0.1312657450821844,0.2541963702741691,0.1229306251919847,0.2832971158840339,0.5495663401529164,0.2662692242688825,0.30600105141440626,0.5830838417027411,0.2770827902883348,0.3155574160830139,0.5926419668865041,0.27708455080349015,75.0,0.06690777576853527,986.0,0.8905967450271248,1076.0,0.9719710669077758,1059.0,0.9566003616636528,1015.0,0.9168173598553345,0.06690777576853527,WACC_0p1_WRT_0p9,0.7605786618444845,288,False,,,False,False,False,False,False,9.0,0.08080808080808081
OCDD,PokerHand,928,0.78,272,0.7580645161290321,0.8786463500098796,0,25,2526,3037,0.383,"{'nu':0.5,'kernel':'rbf','gamma':'auto'}",0.13182293236888007,0.09217362356036621,0.04241206784121726,0.13182293236888007,0.18976648007500851,0.2224120944205826,-1.7606682797852482,-3.091916252778669,-0.3636769151630123,-2.2626921951286003,2.4656972749710926,0.09217362356036621,0.10436586665805658,0.012192243097690375,0.04241206784121726,0.17047366250765753,0.12806159466644026,0.13182293236888007,0.4189212613195133,0.28709832895063325,0.18976648007500851,0.47807254307759206,0.28830606300258355,0.2224120944205826,0.5137431740912678,0.29133107967068517,213.0,0.19168173598553345,76.0,0.06781193490054249,743.0,0.6708860759493671,699.0,0.6311030741410488,634.0,0.5723327305605787,0.06781193490054249,WACC_0p3_WRT_0p7,0.4267631103074141,289,False,,,False,False,False,False,False,25.0,0.24242424242424243
OCDD,PokerHand,428,0.74,233,0.693548387096774,0.930258614226623,0,11,2254,2317,0.162,"{'nu':0.5,'kernel':'rbf','gamma':'auto'}",0.23447745165087652,0.043950944293161126,0.09250225994673686,0.23447745165087652,0.2677827045387578,0.284292363727314,-1.7606682797852482,-3.091916252778669,-0.3636769151630123,-2.2626921951286003,2.4656972749710926,0.043950944293161126,0.08908868511614494,0.045137740822983816,0.09250225994673686,0.2099207763496491,0.11741851640291223,0.23447745165087652,0.43705618861542916,0.20257873696455264,0.2677827045387578,0.4721746752987201,0.2043919707599623,0.284292363727314,0.49465447649558314,0.21036211276826916,76.0,0.06781193490054249,710.0,0.6410488245931284,820.0,0.740506329113924,668.0,0.6030741410488246,539.0,0.4864376130198915,0.06781193490054249,WACC_0p1_WRT_0p9,0.5077757685352623,290,False,,,False,False,False,False,False,11.0,0.10101010101010101
OCDD,PokerHand,709,0.93,584,1.0,0.6234689237378258,0,22,1318,660,0.307,"{'nu':0.5,'kernel':'rbf','gamma':'auto'}",0.355446906242336,0.3376150404851269,0.36006693161458697,0.355446906242336,0.19142687493963853,0.08026589875893553,-1.7606682797852482,-3.091916252778669,-0.3636769151630123,-2.2626921951286003,2.4656972749710926,0.3376150404851269,0.2423657900403713,0.09524925044475563,0.36006693161458697,0.21970460738744776,0.1403623242271392,0.355446906242336,0.28412235815298575,0.07132454808935024,0.19142687493963853,0.24991534390929768,0.058488468969659146,0.08026589875893553,0.3171056536833989,0.23683975492446335,941.0,0.8499095840867993,801.0,0.7233273056057866,77.0,0.06871609403254973,77.0,0.06871609403254973,89.0,0.07956600361663653,0.06871609403254973,WACC_0p5_WRT_0p5,0.3580470162748644,291,False,,,False,False,False,False,False,22.0,0.21212121212121213
OCDD,PokerHand,910,0.8,573,0.7903225806451613,0.6298245705183938,0,77,960,3916,0.797,"{'nu':0.5,'kernel':'rbf','gamma':'auto'}",0.2037956785995486,0.3500655209608274,0.3076643481978604,0.2037956785995486,0.10216692950779296,0.2114629841551232,-1.7606682797852482,-3.091916252778669,-0.3636769151630123,-2.2626921951286003,2.4656972749710926,0.3500655209608274,0.23140170973065344,0.11866381123017394,0.3076643481978604,0.17058319506091155,0.13708115313694888,0.2037956785995486,0.4098505945679809,0.20605491596843228,0.10216692950779296,0.535342922072621,0.4331759925648281,0.2114629841551232,0.5976174339945033,0.3861544498393801,900.0,0.8128390596745028,77.0,0.06871609403254973,694.0,0.6265822784810127,954.0,0.8616636528028933,1035.0,0.9349005424954792,0.06871609403254973,WACC_0p3_WRT_0p7,0.6609403254972875,292,False,,,False,False,False,False,False,77.0,0.7676767676767676
OCDD,PokerHand,735,0.81,284,0.8064516129032256,0.8642433992908762,0,29,887,3726,0.028,"{'nu':0.5,'kernel':'rbf','gamma':'auto'}",0.07164723065731651,0.10286112898829282,0.06792906953557928,0.07164723065731651,0.13655024292160312,0.17382309112715433,-1.7606682797852482,-3.091916252778669,-0.3636769151630123,-2.2626921951286003,2.4656972749710926,0.10286112898829282,0.08927197946723865,0.013589149521054167,0.06792906953557928,0.22201362441621234,0.15408455488063305,0.07164723065731651,0.4933872173364248,0.4217399866791083,0.13655024292160312,0.526312007226591,0.3897617643049879,0.17382309112715433,0.5498364844963977,0.37601339336924333,77.0,0.06871609403254973,824.0,0.744122965641953,999.0,0.9023508137432188,925.0,0.8354430379746836,848.0,0.7658227848101266,0.06871609403254973,WACC_0p1_WRT_0p9,0.6632911392405064,293,False,,,False,False,False,False,False,29.0,0.2828282828282828
OCDD,PokerHand,519,0.85,342,0.8709677419354838,0.8022214787799776,0,49,2685,2165,0.213,"{'nu':0.5,'kernel':'rbf','gamma':'auto'}",0.08068880870464701,0.16199593609569504,0.1463844185811023,0.08068880870464701,0.0562659257125919,0.1128759388249383,-1.7606682797852482,-3.091916252778669,-0.3636769151630123,-2.2626921951286003,2.4656972749710926,0.16199593609569504,0.10097486776925993,0.06102106832643511,0.1463844185811023,0.17076480652489903,0.02438038794379674,0.08068880870464701,0.383968734974017,0.30327992626937,0.0562659257125919,0.421170385773762,0.36490446006117006,0.1128759388249383,0.4619247995940384,0.34904886076910013,189.0,0.16998191681735986,78.0,0.06962025316455696,583.0,0.5262206148282098,461.0,0.4159132007233273,411.0,0.3707052441229656,0.06962025316455696,WACC_0p3_WRT_0p7,0.31048824593128393,294,False,,,False,False,False,False,False,49.0,0.48484848484848486
OCDD,PokerHand,752,0.93,613,1.0,0.6072694469751017,0,24,1055,290,0.856,"{'nu':0.5,'kernel':'rbf','gamma':'auto'}",0.37225722901110037,0.35459646200222394,0.37687730110335876,0.37225722901110037,0.20113327305517015,0.0853482976216358,-1.7606682797852482,-3.091916252778669,-0.3636769151630123,-2.2626921951286003,2.4656972749710926,0.35459646200222394,0.31150006378974265,0.04309639821248129,0.37687730110335876,0.3364396458400536,0.04043765526330517,0.37225722901110037,0.363170195017289,0.009087033993811389,0.20113327305517015,0.2815769625389247,0.08044368948375458,0.0853482976216358,0.3133695319415061,0.22802123431987026,1063.0,0.9602169981916817,1081.0,0.976491862567812,489.0,0.4412296564195298,134.0,0.12025316455696203,78.0,0.06962025316455696,0.06962025316455696,WACC_0p9_WRT_0p1,0.5135623869801085,295,False,,,False,False,False,False,False,24.0,0.23232323232323232
OCDD,PokerHand,112,0.73,224,0.6774193548387095,0.9433903747372137,0,9,291,5000,0.14,"{'nu':0.5,'kernel':'rbf','gamma':'auto'}",0.2602992934796565,0.03165554099485824,0.11366759868690916,0.2602992934796565,0.28733658941203305,0.29974193098366986,-1.7606682797852482,-3.091916252778669,-0.3636769151630123,-2.2626921951286003,2.4656972749710926,0.03165554099485824,0.08951159667585103,0.057856055680992786,0.11366759868690916,0.23875057491323518,0.12508297622632603,0.2602992934796565,0.5375165868489453,0.2772172933692888,0.28733658941203305,0.5948862312389193,0.3075496418268862,0.29974193098366986,0.5956855966100686,0.29594366562639873,78.0,0.06962025316455696,920.0,0.8309222423146474,1066.0,0.9629294755877035,1077.0,0.972875226039783,1027.0,0.9276672694394213,0.06962025316455696,WACC_0p1_WRT_0p9,0.7528028933092225,296,False,,,False,False,False,False,False,9.0,0.08080808080808081
OCDD,PokerHand,412,0.89,282,0.935483870967742,0.866601275052171,0,2,2909,1489,0.001,"{'nu':0.5,'kernel':'rbf','gamma':'auto'}",0.05851398632190505,0.08862764667608114,0.09367136050694153,0.05851398632190505,0.003522461796244527,0.040598192313145806,-1.7606682797852482,-3.091916252778669,-0.3636769151630123,-2.2626921951286003,2.4656972749710926,0.08862764667608114,0.12900492395619287,0.04037727728011173,0.09367136050694153,0.17135279763216119,0.07768143712521966,0.05851398632190505,0.28782735354979055,0.2293133672278855,0.003522461796244527,0.3261303537022081,0.32260789190596356,0.040598192313145806,0.37767691547986104,0.3370787231667152,416.0,0.3752260397830018,79.0,0.0705244122965642,91.0,0.081374321880651,222.0,0.19981916817359854,208.0,0.1871609403254973,0.0705244122965642,WACC_0p3_WRT_0p7,0.18282097649186255,297,False,,,False,False,False,False,False,2.0,0.010101010101010102
OCDD,PokerHand,302,0.93,414,1.0,0.7384227494845222,1,1,4496,1058,0.001,"{'nu':0.5,'kernel':'rbf','gamma':'auto'}",0.23615842905195894,0.21711242187590118,0.24077812289229267,0.23615842905195894,0.12254887264709706,0.0442004627084067,-1.7606682797852482,-3.091916252778669,-0.3636769151630123,-2.2626921951286003,2.4656972749710926,0.21711242187590118,0.23163102538908883,0.01451860351318765,0.24077812289229267,0.21933701896857088,0.021441103923721783,0.23615842905195894,0.2846232505243628,0.048464821472403885,0.12254887264709706,0.25568081668178827,0.1331319440346912,0.0442004627084067,0.3343607734025022,0.2901603106940955,902.0,0.8146473779385172,797.0,0.7197106690777577,79.0,0.0705244122965642,90.0,0.08047016274864376,119.0,0.10669077757685352,0.0705244122965642,WACC_0p5_WRT_0p5,0.3584086799276673,298,False,,,False,False,False,False,False,1.0,0.0
OCDD,PokerHand,297,0.79,222,0.7741935483870968,0.946379831868282,0,4,804,4687,0.001,"{'nu':0.5,'kernel':'rbf','gamma':'auto'}",0.16194408363421114,0.01970043915280562,0.058139985233677735,0.16194408363421114,0.18783180032995064,0.19971380246126708,-1.7606682797852482,-3.091916252778669,-0.3636769151630123,-2.2626921951286003,2.4656972749710926,0.01970043915280562,0.08972335918467197,0.07002292003186636,0.058139985233677735,0.24512904521520876,0.18698905998153104,0.16194408363421114,0.5068211640877084,0.34487708045349724,0.18783180032995064,0.5625982789444286,0.374766478614478,0.19971380246126708,0.5695521945098082,0.36983839204854113,79.0,0.0705244122965642,949.0,0.8571428571428571,1021.0,0.9222423146473779,1025.0,0.9258589511754068,944.0,0.8526220614828209,0.0705244122965642,WACC_0p1_WRT_0p9,0.7256781193490054,299,False,,,False,False,False,False,False,4.0,0.030303030303030304
OCDD,PokerHand,797,0.89,416,0.935483870967742,0.7368130493918189,0,51,3901,2595,0.669,"{'nu':0.5,'kernel':'rbf','gamma':'auto'}",0.19319623543973705,0.22468071802996792,0.22835398393975617,0.19319623543973705,0.06728536244524136,0.052232351686644744,-1.7606682797852482,-3.091916252778669,-0.3636769151630123,-2.2626921951286003,2.4656972749710926,0.22468071802996792,0.2099767298448256,0.01470398818514232,0.22835398393975617,0.17137065497682435,0.05698332896293182,0.19319623543973705,0.28828320848856837,0.09508697304883132,0.06728536244524136,0.38026792165636786,0.3129825592111265,0.052232351686644744,0.46578658208752727,0.4135542304008825,807.0,0.72875226039783,80.0,0.07142857142857142,94.0,0.08408679927667269,341.0,0.3074141048824593,428.0,0.3860759493670886,0.07142857142857142,WACC_0p3_WRT_0p7,0.3155515370705244,300,False,,,False,False,False,False,False,51.0,0.5050505050505051
OCDD,PokerHand,50,0.9,386,0.9516129032258064,0.7618109965560534,0,43,5000,2049,0.338,"{'nu':0.5,'kernel':'rbf','gamma':'auto'}",0.1784138196191036,0.19700590205305213,0.20593698351962783,0.1784138196191036,0.06636410167591525,0.03336485423132986,-1.7606682797852482,-3.091916252778669,-0.3636769151630123,-2.2626921951286003,2.4656972749710926,0.19700590205305213,0.17533101339142718,0.021674888661624953,0.20593698351962783,0.20018370905857458,0.005753274461053254,0.1784138196191036,0.2848502625744719,0.10643644295536828,0.06636410167591525,0.32344820514891365,0.25708410347299837,0.03336485423132986,0.3942459050463137,0.36088105081498384,638.0,0.5759493670886076,573.0,0.5171790235081374,80.0,0.07142857142857142,218.0,0.1962025316455696,248.0,0.22332730560578662,0.07142857142857142,WACC_0p5_WRT_0p5,0.3168173598553345,301,False,,,False,False,False,False,False,43.0,0.42424242424242425
OCDD,PokerHand,445,0.8,248,0.7903225806451613,0.9094558392641956,0,14,675,4417,0.18,"{'nu':0.5,'kernel':'rbf','gamma':'auto'}",0.11966265253435172,0.05693651972915114,0.017488003795951362,0.11966265253435172,0.16309397974545062,0.18639696040874737,-1.7606682797852482,-3.091916252778669,-0.3636769151630123,-2.2626921951286003,2.4656972749710926,0.05693651972915114,0.0897922276103527,0.03285570788120156,0.017488003795951362,0.20807270742503303,0.19058470362908167,0.11966265253435172,0.4715194465550091,0.3518567940206574,0.16309397974545062,0.5381527448170369,0.3750587650715863,0.18639696040874737,0.5541019043842322,0.36770494397548487,80.0,0.07142857142857142,692.0,0.6247739602169982,935.0,0.8444846292947559,966.0,0.8725135623869801,865.0,0.7811934900542495,0.07142857142857142,WACC_0p1_WRT_0p9,0.638878842676311,302,False,,,False,False,False,False,False,14.0,0.13131313131313133
OCDD,PokerHand,1041,0.9,433,0.9516129032258064,0.7234343281660898,0,48,4141,1862,0.501,"{'nu':0.5,'kernel':'rbf','gamma':'auto'}",0.2182375862675173,0.23723500277631732,0.24576086084805032,0.2182375862675173,0.08935862348651262,0.03680492188000215,-1.7606682797852482,-3.091916252778669,-0.3636769151630123,-2.2626921951286003,2.4656972749710926,0.23723500277631732,0.1918147402402544,0.045420262536062905,0.24576086084805032,0.20314661703357795,0.042614243814472375,0.2182375862675173,0.284946467601744,0.06670888133422673,0.08935862348651262,0.32449461240736344,0.2351359889208508,0.03680492188000215,0.3983270636930956,0.36152214181309344,724.0,0.6537070524412296,616.0,0.5560578661844484,81.0,0.07233273056057866,219.0,0.19710669077757687,259.0,0.2332730560578662,0.07233273056057866,WACC_0p5_WRT_0p5,0.34249547920434,303,False,,,False,False,False,False,False,48.0,0.47474747474747475
OCDD,PokerHand,404,0.91,412,0.967741935483871,0.7400402259363499,0,28,1076,764,0.001,"{'nu':0.5,'kernel':'rbf','gamma':'auto'}",0.21216366523782315,0.21835731835116245,0.23205237942190285,0.21216366523782315,0.09346570860861438,0.018689684035472366,-1.7606682797852482,-3.091916252778669,-0.3636769151630123,-2.2626921951286003,2.4656972749710926,0.21835731835116245,0.2219150177538728,0.003557699402710335,0.23205237942190285,0.24022335962144026,0.008170980199537409,0.21216366523782315,0.2912585728305259,0.07909490759270277,0.09346570860861438,0.2512145447308126,0.15774883612219825,0.018689684035472366,0.3184514918575033,0.29976180782203093,861.0,0.7775768535262206,928.0,0.8381555153707052,112.0,0.1003616636528029,81.0,0.07233273056057866,90.0,0.08047016274864376,0.07233273056057866,WACC_0p7_WRT_0p3,0.3737793851717902,304,False,,,False,False,False,False,False,28.0,0.2727272727272727
OCDD,PokerHand,952,0.82,557,0.8225806451612901,0.6392899916737097,0,74,3353,3390,0.842,"{'nu':0.5,'kernel':'rbf','gamma':'auto'}",0.2162896335469466,0.33720275813998174,0.30488925083794566,0.2162896335469466,0.07084390810033,0.17736112300513024,-1.7606682797852482,-3.091916252778669,-0.3636769151630123,-2.2626921951286003,2.4656972749710926,0.33720275813998174,0.2316947489495394,0.10550800919044234,0.30488925083794566,0.17145490621813145,0.1334343446198142,0.2162896335469466,0.3300652158856457,0.11377558233869908,0.07084390810033,0.45429310671132356,0.3834491986109936,0.17736112300513024,0.5361687000343713,0.3588075770292411,904.0,0.8164556962025317,81.0,0.07233273056057866,313.0,0.2820976491862568,592.0,0.5343580470162749,759.0,0.6853526220614828,0.07233273056057866,WACC_0p3_WRT_0p7,0.47811934900542497,305,False,,,False,False,False,False,False,74.0,0.7373737373737373
OCDD,PokerHand,496,0.92,1008,0.9838709677419356,0.4409591285940598,0,63,4775,409,0.693,"{'nu':0.5,'kernel':'rbf','gamma':'auto'}",0.5336805892380461,0.5304047625577827,0.5459356534809274,0.5336805892380461,0.2867260422794068,0.12162244767781084,-1.7606682797852482,-3.091916252778669,-0.3636769151630123,-2.2626921951286003,2.4656972749710926,0.5304047625577827,0.31681884895939616,0.21358591359838652,0.5459356534809274,0.30753824197675383,0.2383974115041736,0.5336805892380461,0.37041721916722387,0.1632633700708222,0.2867260422794068,0.2736747365897041,0.013051305689702697,0.12162244767781084,0.313994814891991,0.19237236721418016,1069.0,0.9656419529837251,1063.0,0.9602169981916817,523.0,0.4719710669077758,123.0,0.11030741410488246,81.0,0.07233273056057866,0.07233273056057866,WACC_0p9_WRT_0p1,0.5160940325497287,306,False,,,False,False,False,False,False,63.0,0.6262626262626263
OCDD,PokerHand,966,0.67,258,0.5806451612903225,0.8962723655749759,0,19,119,4328,0.214,"{'nu':0.5,'kernel':'rbf','gamma':'auto'}",0.32812614269436136,0.08986926920839723,0.13063296522242324,0.32812614269436136,0.37722649344003273,0.4037257234705055,-1.7606682797852482,-3.091916252778669,-0.3636769151630123,-2.2626921951286003,2.4656972749710926,0.08986926920839723,0.08989567354986354,2.6404341466307324e-05,0.13063296522242324,0.2632133442985606,0.13258037907613734,0.32812614269436136,0.5406148952012818,0.21248875250692045,0.37722649344003273,0.610429408393554,0.23320291495352125,0.4037257234705055,0.6311678351913605,0.22744211172085504,81.0,0.07233273056057866,1012.0,0.9141048824593129,1068.0,0.9647377938517179,1088.0,0.9828209764918626,1089.0,0.9837251356238698,0.07233273056057866,WACC_0p1_WRT_0p9,0.7835443037974683,307,False,,,False,False,False,False,False,19.0,0.18181818181818182
OCDD,PokerHand,225,0.91,351,0.967741935483871,0.7935494752523601,0,11,3960,1826,0.001,"{'nu':0.5,'kernel':'rbf','gamma':'auto'}",0.15663670191106743,0.1622651907468016,0.17652526177210565,0.15663670191106743,0.06140405104202189,0.013893138498838793,-1.7606682797852482,-3.091916252778669,-0.3636769151630123,-2.2626921951286003,2.4656972749710926,0.1622651907468016,0.1598940568944983,0.0023711338523033088,0.17652526177210565,0.1921751423134639,0.01564988054135824,0.15663670191106743,0.2850652569668032,0.12842855505573575,0.06140405104202189,0.30448606220228946,0.24308201116026756,0.013893138498838793,0.3823454851372752,0.3684523466384364,587.0,0.5298372513562387,437.0,0.39421338155515373,82.0,0.07323688969258589,170.0,0.15280289330922242,221.0,0.19891500904159132,0.07323688969258589,WACC_0p5_WRT_0p5,0.26980108499095845,308,False,,,False,False,False,False,False,11.0,0.10101010101010101
OCDD,PokerHand,236,0.92,425,0.9838709677419356,0.7296636608632504,0,10,963,653,0.001,"{'nu':0.5,'kernel':'rbf','gamma':'auto'}",0.23408965532481316,0.22776453360664656,0.24634388693105555,0.23408965532481316,0.11374013853643472,0.031044732856940187,-1.7606682797852482,-3.091916252778669,-0.3636769151630123,-2.2626921951286003,2.4656972749710926,0.22776453360664656,0.22254267913007258,0.005221854476573973,0.24634388693105555,0.24943985451888978,0.0030959675878342308,0.23408965532481316,0.29914070836814016,0.065051053043327,0.11374013853643472,0.2552753638121785,0.1415352252757438,0.031044732856940187,0.31419572587763844,0.28315099302069824,864.0,0.7802893309222423,966.0,0.8725135623869801,149.0,0.13381555153707053,88.0,0.07866184448462929,82.0,0.07323688969258589,0.07323688969258589,WACC_0p9_WRT_0p1,0.3877034358047016,309,False,,,False,False,False,False,False,10.0,0.09090909090909091
OCDD,PokerHand,1093,0.83,312,0.8387096774193548,0.832866357915752,0,38,1550,4342,0.402,"{'nu':0.5,'kernel':'rbf','gamma':'auto'}",0.026572083829468553,0.1328122843071716,0.10753663033335673,0.026572083829468553,0.0963283212674588,0.1433823303263468,-1.7606682797852482,-3.091916252778669,-0.3636769151630123,-2.2626921951286003,2.4656972749710926,0.1328122843071716,0.13188011830656232,0.0009321660006092747,0.10753663033335673,0.17149261946952576,0.06395598913616904,0.026572083829468553,0.42037641953742955,0.393804335707961,0.0963283212674588,0.4901715648872482,0.3938432436197894,0.1433823303263468,0.5410227676584478,0.39764043733210097,433.0,0.39059674502712477,82.0,0.07323688969258589,751.0,0.6781193490054249,771.0,0.6962025316455697,793.0,0.7160940325497287,0.07323688969258589,WACC_0p3_WRT_0p7,0.5108499095840868,310,False,,,False,False,False,False,False,38.0,0.37373737373737376
OCDD,PokerHand,275,0.76,219,0.7258064516129031,0.9509146683390386,0,6,204,1668,0.001,"{'nu':0.5,'kernel':'rbf','gamma':'auto'}",0.2152929728479835,0.019357379417961278,0.09117279728753935,0.2152929728479835,0.23889793783516394,0.2491873791687773,-1.7606682797852482,-3.091916252778669,-0.3636769151630123,-2.2626921951286003,2.4656972749710926,0.019357379417961278,0.08991076878746303,0.07055338936950176,0.09117279728753935,0.2477543334825521,0.15658153619501275,0.2152929728479835,0.5097254912855336,0.2944325184375501,0.23889793783516394,0.5364817150394613,0.29758377720429735,0.2491873791687773,0.5533593638359475,0.3041719846671702,82.0,0.07323688969258589,959.0,0.8661844484629295,1027.0,0.9276672694394213,960.0,0.8670886075949367,861.0,0.7775768535262206,0.07323688969258589,WACC_0p1_WRT_0p9,0.7023508137432188,311,False,,,False,False,False,False,False,6.0,0.050505050505050504
OCDD,PokerHand,471,0.91,459,0.967741935483871,0.7039540219019487,0,42,4609,1313,0.001,"{'nu':0.5,'kernel':'rbf','gamma':'auto'}",0.24961059924705223,0.2561853945684268,0.26949941750534023,0.24961059924705223,0.11508783060468925,0.023207042534289936,-1.7606682797852482,-3.091916252778669,-0.3636769151630123,-2.2626921951286003,2.4656972749710926,0.2561853945684268,0.21589330364413903,0.04029209092428779,0.26949941750534023,0.21795571715644352,0.051543700348896715,0.24961059924705223,0.2850855789131362,0.035474979666083956,0.11508783060468925,0.26484856852509,0.14976073792040073,0.023207042534289936,0.3455785038789709,0.3223714613446809,827.0,0.7468354430379747,783.0,0.7070524412296564,83.0,0.07414104882459313,111.0,0.09945750452079566,138.0,0.12386980108499096,0.07414104882459313,WACC_0p5_WRT_0p5,0.35027124773960217,312,False,,,False,False,False,False,False,42.0,0.41414141414141414
OCDD,PokerHand,736,0.88,367,0.9193548387096774,0.7786662706030079,0,35,916,1821,0.717,"{'nu':0.5,'kernel':'rbf','gamma':'auto'}",0.138606674972483,0.1822774761954296,0.18139881527027096,0.138606674972483,0.028150758186048893,0.06510733985826235,-1.7606682797852482,-3.091916252778669,-0.3636769151630123,-2.2626921951286003,2.4656972749710926,0.1822774761954296,0.18158911375120462,0.000688362444224988,0.18139881527027096,0.1715825656193282,0.009816249650942771,0.138606674972483,0.3485878038785619,0.20998112890607892,0.028150758186048893,0.4111040486233382,0.3829532904372893,0.06510733985826235,0.46914001337409333,0.404032673515831,669.0,0.6039783001808319,83.0,0.07414104882459313,413.0,0.37251356238698013,427.0,0.38517179023508136,440.0,0.3969258589511754,0.07414104882459313,WACC_0p3_WRT_0p7,0.3665461121157324,313,False,,,False,False,False,False,False,35.0,0.3434343434343434
OCDD,PokerHand,78,0.77,222,0.7419354838709676,0.946379831868282,0,6,2884,4818,0.001,"{'nu':0.5,'kernel':'rbf','gamma':'auto'}",0.19541852755326064,0.022640887269936426,0.07751998031157041,0.19541852755326064,0.22121718118969222,0.2329671874286332,-1.7606682797852482,-3.091916252778669,-0.3636769151630123,-2.2626921951286003,2.4656972749710926,0.022640887269936426,0.08992577962330373,0.06728489235336729,0.07751998031157041,0.21662476354406016,0.13910478323248976,0.19541852755326064,0.4919791264884726,0.2965605989352119,0.22121718118969222,0.5380124190240222,0.31679523783432995,0.2329671874286332,0.5553427730590319,0.3223755856303987,83.0,0.07414104882459313,773.0,0.6980108499095841,994.0,0.8978300180831826,965.0,0.8716094032549728,877.0,0.7920433996383364,0.07414104882459313,WACC_0p1_WRT_0p9,0.6667269439421337,314,False,,,False,False,False,False,False,6.0,0.050505050505050504
OCDD,PokerHand,650,0.85,334,0.8709677419354838,0.8101231310297821,0,44,3540,3685,0.535,"{'nu':0.5,'kernel':'rbf','gamma':'auto'}",0.0724892028364258,0.15371287303749775,0.13818478992416658,0.0724892028364258,0.05798756566274343,0.11216763819812513,-1.7606682797852482,-3.091916252778669,-0.3636769151630123,-2.2626921951286003,2.4656972749710926,0.15371287303749775,0.15912038575649054,0.005407512718992785,0.13818478992416658,0.1716074114864358,0.03342262156226922,0.0724892028364258,0.3793294201725705,0.3068402173361447,0.05798756566274343,0.46133350426274594,0.4033459386000025,0.11216763819812513,0.5317086479748383,0.41954100977671316,582.0,0.5253164556962026,84.0,0.07504520795660036,563.0,0.5081374321880651,620.0,0.5596745027124774,741.0,0.6690777576853526,0.07504520795660036,WACC_0p3_WRT_0p7,0.4674502712477396,315,False,,,False,False,False,False,False,44.0,0.43434343434343436
OCDD,PokerHand,540,0.82,245,0.8225806451612901,0.9135142765228756,0,10,684,2914,0.001,"{'nu':0.5,'kernel':'rbf','gamma':'auto'}",0.08899585651054055,0.04974173458621461,0.020323791185810684,0.08899585651054055,0.13059286555536684,0.1527797789133482,-1.7606682797852482,-3.091916252778669,-0.3636769151630123,-2.2626921951286003,2.4656972749710926,0.04974173458621461,0.09000951904104813,0.040267784454833526,0.020323791185810684,0.19508818804133046,0.17476439685551978,0.08899585651054055,0.4417489429361963,0.3527530864256558,0.13059286555536684,0.47542381885047624,0.3448309532951094,0.1527797789133482,0.5138148702268007,0.3610350913134525,84.0,0.07504520795660036,484.0,0.43670886075949367,838.0,0.7567811934900542,683.0,0.6166365280289331,635.0,0.5732368896925859,0.07504520795660036,WACC_0p1_WRT_0p9,0.4916817359855335,316,False,,,False,False,False,False,False,10.0,0.09090909090909091
OCDD,PokerHand,1072,0.83,271,0.8387096774193548,0.8798750375332376,0,21,2983,3291,0.269,"{'nu':0.5,'kernel':'rbf','gamma':'auto'}",0.04898683495754712,0.08353450729998105,0.05875522306175924,0.04898683495754712,0.10657073871063862,0.13916849299383868,-1.7606682797852482,-3.091916252778669,-0.3636769151630123,-2.2626921951286003,2.4656972749710926,0.08353450729998105,0.10197000165758183,0.01843549435760078,0.05875522306175924,0.17168548675801695,0.11293026369625772,0.04898683495754712,0.39559837671945614,0.346611541761909,0.10657073871063862,0.44957849562441443,0.34300775691377583,0.13916849299383868,0.4789826389944635,0.3398141460006249,197.0,0.17721518987341772,85.0,0.0759493670886076,642.0,0.5795660036166366,577.0,0.5207956600361664,482.0,0.4349005424954792,0.0759493670886076,WACC_0p3_WRT_0p7,0.35768535262206147,317,False,,,False,False,False,False,False,21.0,0.20202020202020202
OCDD,PokerHand,141,0.82,254,0.8225806451612901,0.9014836299107928,0,13,713,2871,0.176,"{'nu':0.5,'kernel':'rbf','gamma':'auto'}",0.08067299293379687,0.06235309754783276,0.03280812124783574,0.08067299293379687,0.12797158570417752,0.15385820077587908,-1.7606682797852482,-3.091916252778669,-0.3636769151630123,-2.2626921951286003,2.4656972749710926,0.06235309754783276,0.09011550878956585,0.027762411241733093,0.03280812124783574,0.19500598005302308,0.16219785880518733,0.08067299293379687,0.4417338290883054,0.3610608361545085,0.12797158570417752,0.4798142489985333,0.35184266329435576,0.15385820077587908,0.5118813448947128,0.35802314411883374,85.0,0.0759493670886076,482.0,0.4349005424954792,837.0,0.755877034358047,712.0,0.6428571428571429,621.0,0.5605786618444847,0.0759493670886076,WACC_0p1_WRT_0p9,0.49403254972875227,318,False,,,False,False,False,False,False,13.0,0.12121212121212122
OCDD,PokerHand,932,0.82,713,0.8225806451612901,0.5567495718982467,0,84,4407,4251,0.906,"{'nu':0.5,'kernel':'rbf','gamma':'auto'}",0.30194246778463124,0.42372738365322926,0.39054232312585124,0.30194246778463124,0.07677673103188733,0.18476000987285165,-1.7606682797852482,-3.091916252778669,-0.3636769151630123,-2.2626921951286003,2.4656972749710926,0.42372738365322926,0.2613554418282407,0.16237194182498854,0.39054232312585124,0.192526554088995,0.19801576903685625,0.30194246778463124,0.28598153332300036,0.015960934461630882,0.07677673103188733,0.43246180885596996,0.35568507782408265,0.18476000987285165,0.5375579960884869,0.3527979862156352,996.0,0.8996383363471971,439.0,0.3960216998191682,85.0,0.0759493670886076,511.0,0.46112115732368897,768.0,0.6934900542495479,0.0759493670886076,WACC_0p5_WRT_0p5,0.505244122965642,319,False,,,False,False,False,False,False,84.0,0.8383838383838383
OCDD,PokerHand,307,0.91,309,0.967741935483871,0.8360909443908979,0,2,2351,493,0.198,"{'nu':0.5,'kernel':'rbf','gamma':'auto'}",0.11249108920079676,0.11767025536837035,0.1323795263703566,0.11249108920079676,0.035914065042695564,0.010079739945754717,-1.7606682797852482,-3.091916252778669,-0.3636769151630123,-2.2626921951286003,2.4656972749710926,0.11767025536837035,0.21105639653771108,0.09338614116934073,0.1323795263703566,0.21384450397401453,0.08146497760365792,0.11249108920079676,0.30364749142333586,0.1911564022225391,0.035914065042695564,0.2549726509837355,0.21905858594103994,0.010079739945754717,0.31618965448969777,0.30610991454394304,810.0,0.7314647377938517,752.0,0.6790235081374322,166.0,0.1491862567811935,86.0,0.07685352622061482,87.0,0.07775768535262206,0.07685352622061482,WACC_0p7_WRT_0p3,0.34285714285714286,320,False,,,False,False,False,False,False,2.0,0.010101010101010102
OCDD,PokerHand,603,0.85,343,0.8709677419354838,0.8012467561865632,0,50,3151,3427,0.305,"{'nu':0.5,'kernel':'rbf','gamma':'auto'}",0.0817002859051334,0.1630177083086777,0.14739589859273178,0.0817002859051334,0.05605354970513356,0.11296331252882427,-1.7606682797852482,-3.091916252778669,-0.3636769151630123,-2.2626921951286003,2.4656972749710926,0.1630177083086777,0.1128805934782698,0.050137114830407906,0.14739589859273178,0.17181049814671345,0.024414599553981675,0.0817002859051334,0.38907031568179873,0.30737002977666533,0.05605354970513356,0.4409873827131648,0.38493383300803125,0.11296331252882427,0.48533256042036577,0.37236924789154147,277.0,0.24954792043399637,86.0,0.07685352622061482,605.0,0.546112115732369,542.0,0.4891500904159132,503.0,0.4538878842676311,0.07685352622061482,WACC_0p3_WRT_0p7,0.3631103074141049,321,False,,,False,False,False,False,False,50.0,0.494949494949495
OCDD,PokerHand,574,0.79,232,0.7741935483870968,0.9316925220900684,0,8,801,3996,0.001,"{'nu':0.5,'kernel':'rbf','gamma':'auto'}",0.1517833267326931,0.03509670175740618,0.04530530926641671,0.1517833267326931,0.1846316773082054,0.2010303664396888,-1.7606682797852482,-3.091916252778669,-0.3636769151630123,-2.2626921951286003,2.4656972749710926,0.03509670175740618,0.09031542346805502,0.05521872171064884,0.04530530926641671,0.22106995266470886,0.17576464339829215,0.1517833267326931,0.4950788587566129,0.3432955320239198,0.1846316773082054,0.5420835549748585,0.3574518776666531,0.2010303664396888,0.5540434309791292,0.3530130645394404,86.0,0.07685352622061482,813.0,0.7341772151898734,1006.0,0.9086799276672695,977.0,0.8824593128390597,864.0,0.7802893309222423,0.07685352622061482,WACC_0p1_WRT_0p9,0.6764918625678119,322,False,,,False,False,False,False,False,8.0,0.0707070707070707
OCDD,PokerHand,371,0.92,442,0.9838709677419356,0.7165621307688577,0,14,1604,925,0.001,"{'nu':0.5,'kernel':'rbf','gamma':'auto'}",0.24768521479116629,0.24149847133257107,0.25993948418280094,0.24768521479116629,0.12159030980316454,0.035155186708424796,-1.7606682797852482,-3.091916252778669,-0.3636769151630123,-2.2626921951286003,2.4656972749710926,0.24149847133257107,0.22669400437101705,0.01480446696155402,0.25993948418280094,0.25005300925916624,0.009886474923634703,0.24768521479116629,0.32120294874882543,0.07351773395765915,0.12159030980316454,0.25514587618733203,0.1335555663841675,0.035155186708424796,0.3288599299228746,0.29370474321444984,877.0,0.7920433996383364,968.0,0.8743218806509946,256.0,0.23056057866184448,87.0,0.07775768535262206,109.0,0.09764918625678119,0.07775768535262206,WACC_0p7_WRT_0p3,0.4144665461121157,323,False,,,False,False,False,False,False,14.0,0.13131313131313133
OCDD,PokerHand,1104,0.84,518,0.8548387096774193,0.6635491820743102,0,68,3030,2711,0.806,"{'nu':0.5,'kernel':'rbf','gamma':'auto'}",0.21343197932681296,0.3088321344752036,0.2867625016446145,0.21343197932681296,0.042744205479976885,0.1419331548969849,-1.7606682797852482,-3.091916252778669,-0.3636769151630123,-2.2626921951286003,2.4656972749710926,0.3088321344752036,0.20783780992170572,0.10099432455349786,0.2867625016446145,0.17182217268343525,0.11494032896117923,0.21343197932681296,0.3579554885381028,0.1445235092112898,0.042744205479976885,0.4748031050656662,0.4320588995856893,0.1419331548969849,0.531948280161479,0.3900151252644941,798.0,0.720614828209765,87.0,0.07775768535262206,465.0,0.41952983725135623,682.0,0.6157323688969258,744.0,0.6717902350813744,0.07775768535262206,WACC_0p3_WRT_0p7,0.5010849909584086,324,False,,,False,False,False,False,False,68.0,0.6767676767676768
OCDD,PokerHand,461,0.72,198,0.661290322580645,0.9845044184549822,0,2,175,3594,0.001,"{'nu':0.5,'kernel':'rbf','gamma':'auto'}",0.3054794236206575,0.035433062023547436,0.15928558009694552,0.3054794236206575,0.31298735315860027,0.31268317870017287,-1.7606682797852482,-3.091916252778669,-0.3636769151630123,-2.2626921951286003,2.4656972749710926,0.035433062023547436,0.09049884264727887,0.05506578062373143,0.15928558009694552,0.289119972139767,0.12983439204282146,0.3054794236206575,0.6052276269085877,0.29974820328793017,0.31298735315860027,0.6292260975407444,0.31623874438214417,0.31268317870017287,0.640804835154606,0.3281216564544331,87.0,0.07775768535262206,1049.0,0.9475587703435805,1100.0,0.9936708860759493,1098.0,0.9918625678119349,1094.0,0.9882459312839059,0.07775768535262206,WACC_0p1_WRT_0p9,0.7998191681735987,325,False,,,False,False,False,False,False,2.0,0.010101010101010102
OCDD,PokerHand,57,0.9,349,0.9516129032258064,0.7954572694418559,0,25,4329,2180,0.087,"{'nu':0.5,'kernel':'rbf','gamma':'auto'}",0.14349882110027792,0.16173553186012005,0.17102188796346318,0.14349882110027792,0.04620393696708321,0.03034881715180269,-1.7606682797852482,-3.091916252778669,-0.3636769151630123,-2.2626921951286003,2.4656972749710926,0.16173553186012005,0.1548562734701921,0.00687925838992795,0.17102188796346318,0.18873259203478424,0.017710704071321054,0.14349882110027792,0.2872252312554047,0.1437264101551268,0.04620393696708321,0.33678578265087095,0.29058184568378775,0.03034881715180269,0.4061159539765233,0.37576713682472057,564.0,0.5090415913200723,370.0,0.3336347197106691,88.0,0.07866184448462929,236.0,0.21247739602169982,277.0,0.24954792043399637,0.07866184448462929,WACC_0p5_WRT_0p5,0.2766726943942134,326,False,,,False,False,False,False,False,25.0,0.24242424242424243
OCDD,PokerHand,532,0.87,548,0.9032258064516128,0.6447342900736691,0,65,1515,2897,0.567,"{'nu':0.5,'kernel':'rbf','gamma':'auto'}",0.2664307827065535,0.3241445445040349,0.3168578217744063,0.2664307827065535,0.09434308367305394,0.09373963607648116,-1.7606682797852482,-3.091916252778669,-0.3636769151630123,-2.2626921951286003,2.4656972749710926,0.3241445445040349,0.16432314593624905,0.15982139856778585,0.3168578217744063,0.17201649286565354,0.14484132890875276,0.2664307827065535,0.36755515881489287,0.10112437610833935,0.09434308367305394,0.4375663462276948,0.34322326255464086,0.09373963607648116,0.5006071279177018,0.4068674918412206,600.0,0.5415913200723327,88.0,0.07866184448462929,511.0,0.46112115732368897,533.0,0.4810126582278481,559.0,0.5045207956600362,0.07866184448462929,WACC_0p3_WRT_0p7,0.41338155515370706,327,False,,,False,False,False,False,False,65.0,0.6464646464646465
OCDD,PokerHand,944,0.82,266,0.8225806451612901,0.8860870334291328,0,19,3014,3918,0.059,"{'nu':0.5,'kernel':'rbf','gamma':'auto'}",0.07002154782075296,0.0784928839504001,0.04878533332185731,0.07002154782075296,0.12461692078585684,0.15523834490194063,-1.7606682797852482,-3.091916252778669,-0.3636769151630123,-2.2626921951286003,2.4656972749710926,0.0784928839504001,0.09050483950147896,0.012011955551078854,0.04878533332185731,0.2118901461887909,0.1631048128669336,0.07002154782075296,0.48548947170145584,0.41546792388070286,0.12461692078585684,0.5230716723280464,0.39845475154218957,0.15523834490194063,0.5381125160095276,0.3828741711075869,88.0,0.07866184448462929,735.0,0.6636528028933092,976.0,0.8815551537070524,913.0,0.8245931283905967,771.0,0.6962025316455697,0.07866184448462929,WACC_0p1_WRT_0p9,0.6289330922242314,328,False,,,False,False,False,False,False,19.0,0.18181818181818182
OCDD,PokerHand,175,0.9,377,0.9516129032258064,0.7696894065043408,0,39,1230,1207,0.334,"{'nu':0.5,'kernel':'rbf','gamma':'auto'}",0.1702383324675616,0.18874720319654292,0.1977614736464031,0.1702383324675616,0.061643518128957374,0.03265863703418595,-1.7606682797852482,-3.091916252778669,-0.3636769151630123,-2.2626921951286003,2.4656972749710926,0.18874720319654292,0.1642765160521018,0.024470687144441117,0.1977614736464031,0.19507977832454182,0.0026816953218612716,0.1702383324675616,0.28726131906492347,0.11702298659736188,0.061643518128957374,0.3117074759366936,0.25006395780773627,0.03265863703418595,0.3713765230330911,0.3387178859989052,599.0,0.5406871609403255,483.0,0.4358047016274864,89.0,0.07956600361663653,188.0,0.16907775768535263,195.0,0.17540687160940324,0.07956600361663653,WACC_0p5_WRT_0p5,0.28010849909584085,329,False,,,False,False,False,False,False,39.0,0.3838383838383838
OCDD,PokerHand,154,0.84,384,0.8548387096774193,0.7635458034131712,0,60,1505,5000,0.67,"{'nu':0.5,'kernel':'rbf','gamma':'auto'}",0.10966470924064717,0.20400870084751296,0.1829949431637704,0.10966470924064717,0.06453182314961309,0.13296950181097833,-1.7606682797852482,-3.091916252778669,-0.3636769151630123,-2.2626921951286003,2.4656972749710926,0.20400870084751296,0.20217958689857532,0.001829113948937644,0.1829949431637704,0.17202626014851102,0.010968683015259384,0.10966470924064717,0.39165769683427937,0.2819929875936322,0.06453182314961309,0.5059371590667149,0.4414053359171018,0.13296950181097833,0.5753989975668232,0.4424294957558449,770.0,0.6952983725135624,89.0,0.07956600361663653,623.0,0.5623869801084991,845.0,0.7631103074141049,967.0,0.8734177215189873,0.07956600361663653,WACC_0p3_WRT_0p7,0.594755877034358,330,False,,,False,False,False,False,False,60.0,0.5959595959595959
OCDD,PokerHand,83,0.78,234,0.7580645161290321,0.928830821127437,0,9,381,3089,0.252,"{'nu':0.5,'kernel':'rbf','gamma':'auto'}",0.16654080915889172,0.039566760379403106,0.05249457623419647,0.16654080915889172,0.20070085020694534,0.2179135805370172,-1.7606682797852482,-3.091916252778669,-0.3636769151630123,-2.2626921951286003,2.4656972749710926,0.039566760379403106,0.09069338031593219,0.05112661993652908,0.05249457623419647,0.21280538876219934,0.1603108125280029,0.16654080915889172,0.4882201713025391,0.32167936214364734,0.20070085020694534,0.5348887727533517,0.33418792254640634,0.2179135805370172,0.5517860970369135,0.3338725164998963,89.0,0.07956600361663653,742.0,0.6699819168173599,982.0,0.8869801084990958,951.0,0.8589511754068716,853.0,0.7703435804701627,0.07956600361663653,WACC_0p1_WRT_0p9,0.6531645569620252,331,False,,,False,False,False,False,False,9.0,0.08080808080808081
OCDD,PokerHand,252,0.92,433,0.9838709677419356,0.7234343281660898,0,11,5000,1263,0.001,"{'nu':0.5,'kernel':'rbf','gamma':'auto'}",0.2405538822135635,0.2342945546591865,0.2528081317854769,0.2405538822135635,0.11747262842103838,0.032999114092776255,-1.7606682797852482,-3.091916252778669,-0.3636769151630123,-2.2626921951286003,2.4656972749710926,0.2342945546591865,0.21996545639235415,0.014329098266832346,0.2528081317854769,0.22309195663326345,0.029716175152213448,0.2405538822135635,0.28747572825047113,0.04692184603690763,0.11747262842103838,0.2578122508841484,0.14033962246311,0.032999114092776255,0.34100121620917195,0.30800210211639567,852.0,0.7694394213381555,836.0,0.7549728752260397,90.0,0.08047016274864376,96.0,0.08589511754068715,130.0,0.1166365280289331,0.08047016274864376,WACC_0p5_WRT_0p5,0.36148282097649187,332,False,,,False,False,False,False,False,11.0,0.10101010101010101
OCDD,PokerHand,1008,0.83,574,0.8387096774193548,0.6292417732008895,0,74,3122,2758,0.884,"{'nu':0.5,'kernel':'rbf','gamma':'auto'}",0.23787489581836785,0.3462657775856433,0.3188400295845636,0.23787489581836785,0.051961876276564435,0.16163514839887966,-1.7606682797852482,-3.091916252778669,-0.3636769151630123,-2.2626921951286003,2.4656972749710926,0.3462657775856433,0.2203793734560673,0.125886404129576,0.3188400295845636,0.17229547346788493,0.14654455611667866,0.23787489581836785,0.31457470344442096,0.07669980762605311,0.051961876276564435,0.4348729361424349,0.38291105986587043,0.16163514839887966,0.5060394586144645,0.3444043102155849,853.0,0.7703435804701627,90.0,0.08047016274864376,218.0,0.1962025316455696,523.0,0.4719710669077758,575.0,0.5189873417721519,0.08047016274864376,WACC_0p3_WRT_0p7,0.4075949367088608,333,False,,,False,False,False,False,False,74.0,0.7373737373737373
OCDD,PokerHand,612,0.78,226,0.7580645161290321,0.9404273733258413,0,7,2403,2390,0.143,"{'nu':0.5,'kernel':'rbf','gamma':'auto'}",0.17456336397410593,0.02741044546192025,0.06262835784917443,0.17456336397410593,0.20322754803135096,0.2168740707064999,-1.7606682797852482,-3.091916252778669,-0.3636769151630123,-2.2626921951286003,2.4656972749710926,0.02741044546192025,0.0908265961723308,0.06341615071041054,0.06262835784917443,0.20710060346466938,0.14447224561549493,0.17456336397410593,0.4324253170903811,0.2578619531162752,0.20322754803135096,0.46433599587617047,0.2611084478448195,0.2168740707064999,0.49450590147185847,0.2776318307653586,90.0,0.08047016274864376,673.0,0.6075949367088608,805.0,0.7269439421338155,631.0,0.569620253164557,537.0,0.484629294755877,0.08047016274864376,WACC_0p1_WRT_0p9,0.49385171790235083,334,False,,,False,False,False,False,False,7.0,0.06060606060606061
OCDD,PokerHand,504,0.85,343,0.8709677419354838,0.8012467561865632,0,50,1601,4622,0.494,"{'nu':0.5,'kernel':'rbf','gamma':'auto'}",0.0817002859051334,0.1630177083086777,0.14739589859273178,0.0817002859051334,0.05605354970513356,0.11296331252882427,-1.7606682797852482,-3.091916252778669,-0.3636769151630123,-2.2626921951286003,2.4656972749710926,0.1630177083086777,0.14448732877378054,0.018530379534897168,0.14739589859273178,0.17243370189275978,0.025037803300028,0.0817002859051334,0.41685181187275155,0.33515152596761816,0.05605354970513356,0.49926825093856547,0.44321470123343193,0.11296331252882427,0.5528815489412866,0.4399182364124623,510.0,0.4602169981916817,91.0,0.081374321880651,730.0,0.659132007233273,812.0,0.7332730560578662,859.0,0.7757685352622061,0.081374321880651,WACC_0p3_WRT_0p7,0.5419529837251356,335,False,,,False,False,False,False,False,50.0,0.494949494949495
OCDD,PokerHand,569,0.78,241,0.7580645161290321,0.9190032023103544,0,12,459,3321,0.001,"{'nu':0.5,'kernel':'rbf','gamma':'auto'}",0.15974201160991636,0.04986875593683056,0.04390659756746247,0.15974201160991636,0.1985595738465779,0.21879452395848864,-1.7606682797852482,-3.091916252778669,-0.3636769151630123,-2.2626921951286003,2.4656972749710926,0.04986875593683056,0.0908796144412179,0.04101085850438735,0.04390659756746247,0.23418290175032613,0.19027630418286368,0.15974201160991636,0.507604711602926,0.3478626999930096,0.1985595738465779,0.5352059835481627,0.3366464097015848,0.21879452395848864,0.5662147335247267,0.3474202095662381,91.0,0.081374321880651,894.0,0.8074141048824593,1024.0,0.9249547920433996,952.0,0.8598553345388789,936.0,0.8453887884267631,0.081374321880651,WACC_0p1_WRT_0p9,0.7037974683544304,336,False,,,False,False,False,False,False,12.0,0.1111111111111111
OCDD,PokerHand,794,0.87,595,0.9032258064516128,0.6172316786451035,0,67,4444,2188,0.862,"{'nu':0.5,'kernel':'rbf','gamma':'auto'}",0.2949704560472342,0.35297470021400623,0.3453975744338347,0.2949704560472342,0.11082209096770289,0.09620495804940567,-1.7606682797852482,-3.091916252778669,-0.3636769151630123,-2.2626921951286003,2.4656972749710926,0.35297470021400623,0.23115425942690065,0.12182044078710558,0.3453975744338347,0.19421128569979582,0.15118628873403886,0.2949704560472342,0.2881149155333836,0.006855540513850622,0.11082209096770289,0.36763240940711794,0.25681031843941504,0.09620495804940567,0.45022203287550716,0.3540170748261015,898.0,0.8110307414104883,466.0,0.4204339963833635,92.0,0.08227848101265822,313.0,0.2820976491862568,384.0,0.3462929475587703,0.08227848101265822,WACC_0p5_WRT_0p5,0.38842676311030744,337,False,,,False,False,False,False,False,67.0,0.6666666666666666
OCDD,PokerHand,900,0.86,379,0.8870967741935483,0.767922558212262,0,56,4681,4118,0.331,"{'nu':0.5,'kernel':'rbf','gamma':'auto'}",0.12743921276153583,0.19648023305487272,0.18550040905328513,0.12743921276153583,0.0321000651115186,0.09932378647148284,-1.7606682797852482,-3.091916252778669,-0.3636769151630123,-2.2626921951286003,2.4656972749710926,0.19648023305487272,0.13737273022142202,0.059107502833450704,0.18550040905328513,0.1724846953534243,0.01301571369986082,0.12743921276153583,0.3716960053691173,0.24425679260758146,0.0321000651115186,0.4488121225171352,0.4167120574056166,0.09932378647148284,0.49868560885144453,0.3993618223799617,466.0,0.4204339963833635,92.0,0.08227848101265822,533.0,0.4810126582278481,573.0,0.5171790235081374,553.0,0.49909584086799275,0.08227848101265822,WACC_0p3_WRT_0p7,0.4,338,False,,,False,False,False,False,False,56.0,0.5555555555555556
OCDD,PokerHand,653,0.91,528,0.967741935483871,0.6571593512239123,0,52,2766,312,0.954,"{'nu':0.5,'kernel':'rbf','gamma':'auto'}",0.298169792206044,0.3052388324773585,0.3180587454222317,0.298169792206044,0.1431262487547971,0.03788833036339707,-1.7606682797852482,-3.091916252778669,-0.3636769151630123,-2.2626921951286003,2.4656972749710926,0.3052388324773585,0.2783320212559109,0.026906811221447613,0.3180587454222317,0.28350626529734496,0.034552480124886764,0.298169792206044,0.3311049075904361,0.03293511538439209,0.1431262487547971,0.2851584635990304,0.1420322148442333,0.03788833036339707,0.31920902387548433,0.28132069351208727,1034.0,0.933996383363472,1043.0,0.9421338155515371,321.0,0.28933092224231466,143.0,0.12839059674502712,92.0,0.08227848101265822,0.08227848101265822,WACC_0p9_WRT_0p1,0.4752260397830018,339,False,,,False,False,False,False,False,52.0,0.5151515151515151
OCDD,PokerHand,117,0.83,236,0.8387096774193548,0.9259933721594106,0,5,1381,5000,0.001,"{'nu':0.5,'kernel':'rbf','gamma':'auto'}",0.08089173748329742,0.035190052017594876,0.010897736265845342,0.08089173748329742,0.11661916463685447,0.13503446579413436,-1.7606682797852482,-3.091916252778669,-0.3636769151630123,-2.2626921951286003,2.4656972749710926,0.035190052017594876,0.09094221921795698,0.0557521672003621,0.010897736265845342,0.19926588750057955,0.18836815123473422,0.08089173748329742,0.47089568713646657,0.39000394965316915,0.11661916463685447,0.5200271754646366,0.40340801082778216,0.13503446579413436,0.5436316105663577,0.4085971447722233,92.0,0.08227848101265822,560.0,0.5054249547920434,931.0,0.840867992766727,902.0,0.8146473779385172,809.0,0.7305605786618445,0.08227848101265822,WACC_0p1_WRT_0p9,0.594755877034358,340,False,,,False,False,False,False,False,5.0,0.04040404040404041
OCDD,PokerHand,208,0.72,696,0.661290322580645,0.5648178412076574,0,86,2429,2377,0.999,"{'nu':0.5,'kernel':'rbf','gamma':'auto'}",0.18198848237022933,0.42997190155664017,0.34693343948530164,0.18198848237022933,0.22154455675494433,0.35030369860304433,-1.7606682797852482,-3.091916252778669,-0.3636769151630123,-2.2626921951286003,2.4656972749710926,0.42997190155664017,0.21606431895936148,0.21390758259727868,0.34693343948530164,0.17302520560031415,0.1739082338849875,0.18198848237022933,0.3314244538067905,0.14943597143656115,0.22154455675494433,0.44240457545483014,0.2208600186998858,0.35030369860304433,0.522723511531843,0.1724198129287987,828.0,0.7477396021699819,93.0,0.08318264014466546,323.0,0.2911392405063291,553.0,0.49909584086799275,689.0,0.6220614828209765,0.08318264014466546,WACC_0p3_WRT_0p7,0.44864376130198913,341,False,,,False,False,False,False,False,86.0,0.8585858585858586
OCDD,PokerHand,591,0.83,631,0.8387096774193548,0.5975950892930584,0,81,4615,3604,0.883,"{'nu':0.5,'kernel':'rbf','gamma':'auto'}",0.27071490533496173,0.37944003913301677,0.35168013037159335,0.27071490533496173,0.06635992740800556,0.16447194320328637,-1.7606682797852482,-3.091916252778669,-0.3636769151630123,-2.2626921951286003,2.4656972749710926,0.37944003913301677,0.2462530271815802,0.13318701195143656,0.35168013037159335,0.1862193180349655,0.16546081233662785,0.27071490533496173,0.28822290269828055,0.017507997363318817,0.06635992740800556,0.41860311374733633,0.35224318633933077,0.16447194320328637,0.5172306874496303,0.3527587442463439,956.0,0.8634719710669078,335.0,0.30198915009041594,93.0,0.08318264014466546,450.0,0.40596745027124775,655.0,0.5913200723327305,0.08318264014466546,WACC_0p5_WRT_0p5,0.44918625678119356,342,False,,,False,False,False,False,False,81.0,0.8080808080808081
OCDD,PokerHand,436,0.79,220,0.7741935483870968,0.949396221408267,0,3,446,2367,0.001,"{'nu':0.5,'kernel':'rbf','gamma':'auto'}",0.16403083752575986,0.016538449232482225,0.060775892211970606,0.16403083752575986,0.18848902195564107,0.1994434146316917,-1.7606682797852482,-3.091916252778669,-0.3636769151630123,-2.2626921951286003,2.4656972749710926,0.016538449232482225,0.09095135879106392,0.0744129095585817,0.060775892211970606,0.21500928001283517,0.15423338780086457,0.16403083752575986,0.4813949293624999,0.31736409183674,0.18848902195564107,0.48887815260958434,0.30038913065394324,0.1994434146316917,0.5292076783085053,0.32976426367681366,93.0,0.08318264014466546,761.0,0.6871609403254972,966.0,0.8725135623869801,763.0,0.6889692585895117,726.0,0.6555153707052441,0.08318264014466546,WACC_0p1_WRT_0p9,0.5974683544303797,343,False,,,False,False,False,False,False,3.0,0.020202020202020204
OCDD,PokerHand,1000,0.86,323,0.8870967741935483,0.8213016707210846,0,38,3539,3669,0.341,"{'nu':0.5,'kernel':'rbf','gamma':'auto'}",0.07204729340965423,0.14052452392933745,0.13010833575368239,0.07204729340965423,0.04373049501320121,0.09453890634091731,-1.7606682797852482,-3.091916252778669,-0.3636769151630123,-2.2626921951286003,2.4656972749710926,0.14052452392933745,0.1344539485574831,0.006070575371854348,0.13010833575368239,0.17303407599668788,0.042925740243005495,0.07204729340965423,0.3838395411035983,0.3117922476939441,0.04373049501320121,0.45845051561956,0.4147200206063588,0.09453890634091731,0.5053764707375783,0.41083756439666097,450.0,0.40596745027124775,94.0,0.08408679927667269,582.0,0.5253164556962026,609.0,0.5497287522603979,573.0,0.5171790235081374,0.08408679927667269,WACC_0p3_WRT_0p7,0.41645569620253164,344,False,,,False,False,False,False,False,38.0,0.37373737373737376
OCDD,PokerHand,422,0.81,245,0.8064516129032256,0.9135142765228756,0,12,2476,2519,0.204,"{'nu':0.5,'kernel':'rbf','gamma':'auto'}",0.10573307847006522,0.051211958644779995,0.016800155717097427,0.10573307847006522,0.1472855559852376,0.16940647139703124,-1.7606682797852482,-3.091916252778669,-0.3636769151630123,-2.2626921951286003,2.4656972749710926,0.051211958644779995,0.0909614644457832,0.0397495058010032,0.016800155717097427,0.18510296842282667,0.16830281270572925,0.10573307847006522,0.4256271857444491,0.31989410727438383,0.1472855559852376,0.4631589392065456,0.315873383221308,0.16940647139703124,0.5005879031671668,0.3311814317701356,94.0,0.08408679927667269,309.0,0.27848101265822783,776.0,0.7007233273056058,627.0,0.566003616636528,558.0,0.5036166365280289,0.08408679927667269,WACC_0p1_WRT_0p9,0.4265822784810126,345,False,,,False,False,False,False,False,12.0,0.1111111111111111
OCDD,PokerHand,877,0.79,552,0.7741935483870968,0.6423036661549291,0,77,2860,1987,0.934,"{'nu':0.5,'kernel':'rbf','gamma':'auto'}",0.1796878762281103,0.3384542865093382,0.2911910223404681,0.1796878762281103,0.12157860944902227,0.2269710560032755,-1.7606682797852482,-3.091916252778669,-0.3636769151630123,-2.2626921951286003,2.4656972749710926,0.3384542865093382,0.19930262623519235,0.13915166027414583,0.2911910223404681,0.17312627887179943,0.11806474346866869,0.1796878762281103,0.31531147645845237,0.13562360023034206,0.12157860944902227,0.39874879086226545,0.2771701814132432,0.2269710560032755,0.46865869844949637,0.24168764244622087,757.0,0.6835443037974683,95.0,0.08499095840867993,225.0,0.20253164556962025,387.0,0.34900542495479203,438.0,0.39511754068716093,0.08499095840867993,WACC_0p3_WRT_0p7,0.3430379746835443,346,False,,,False,False,False,False,False,77.0,0.7676767676767676
OCDD,PokerHand,834,0.88,491,0.9193548387096774,0.6814368347351376,0,62,4026,2430,0.809,"{'nu':0.5,'kernel':'rbf','gamma':'auto'}",0.2395024152179179,0.2842001529908373,0.2822948359296989,0.2395024152179179,0.08640866533362493,0.07382294365765811,-1.7606682797852482,-3.091916252778669,-0.3636769151630123,-2.2626921951286003,2.4656972749710926,0.2842001529908373,0.2285209879850232,0.055679165005814074,0.2822948359296989,0.1853533391234638,0.0969414968062351,0.2395024152179179,0.28839176171035424,0.04888934649243634,0.08640866533362493,0.38989185437047413,0.30348318903684923,0.07382294365765811,0.48471172215388986,0.41088877849623173,888.0,0.8019891500904159,313.0,0.2820976491862568,95.0,0.08499095840867993,369.0,0.33273056057866185,497.0,0.4484629294755877,0.08499095840867993,WACC_0p5_WRT_0p5,0.39005424954792045,347,False,,,False,False,False,False,False,62.0,0.6161616161616161
OCDD,PokerHand,419,0.67,219,0.5806451612903225,0.9509146683390386,0,12,180,4658,0.177,"{'nu':0.5,'kernel':'rbf','gamma':'auto'}",0.36592797048370584,0.03258939594504984,0.178382775138056,0.36592797048370584,0.38913215170400095,0.39882761152192453,-1.7606682797852482,-3.091916252778669,-0.3636769151630123,-2.2626921951286003,2.4656972749710926,0.03258939594504984,0.0910747676504333,0.05848537170538347,0.178382775138056,0.24922252494014913,0.07083974980209312,0.36592797048370584,0.5412316706648329,0.17530370018112706,0.38913215170400095,0.6064503892505655,0.21731823754656454,0.39882761152192453,0.6148778542724814,0.2160502427505569,95.0,0.08499095840867993,965.0,0.8716094032549728,1069.0,0.9656419529837251,1086.0,0.9810126582278481,1069.0,0.9656419529837251,0.08499095840867993,WACC_0p1_WRT_0p9,0.7737793851717901,348,False,,,False,False,False,False,False,12.0,0.1111111111111111
OCDD,PokerHand,186,0.79,492,0.7741935483870968,0.6807570030815333,0,74,2906,1139,0.999,"{'nu':0.5,'kernel':'rbf','gamma':'auto'}",0.13978455004416257,0.2981448164780477,0.2512875852553962,0.13978455004416257,0.1299569585558332,0.223524115820753,-1.7606682797852482,-3.091916252778669,-0.3636769151630123,-2.2626921951286003,2.4656972749710926,0.2981448164780477,0.21158091116658054,0.08656390531146715,0.2512875852553962,0.19675080680195492,0.054536778453441265,0.13978455004416257,0.288756960835327,0.1489724107911644,0.1299569585558332,0.3311634983908645,0.2012065398350313,0.223524115820753,0.40936844253303223,0.18584432671227924,812.0,0.7332730560578662,513.0,0.4629294755877034,96.0,0.08589511754068715,227.0,0.20433996383363473,285.0,0.25678119349005424,0.08589511754068715,WACC_0p5_WRT_0p5,0.34864376130198915,349,False,,,False,False,False,False,False,74.0,0.7373737373737373
OCDD,PokerHand,512,0.84,398,0.8548387096774193,0.7515867830660681,0,64,3355,4427,0.643,"{'nu':0.5,'kernel':'rbf','gamma':'auto'}",0.12207467747465929,0.21654498016197815,0.19540494588812612,0.12207467747465929,0.061926149482468655,0.13404150312666946,-1.7606682797852482,-3.091916252778669,-0.3636769151630123,-2.2626921951286003,2.4656972749710926,0.21654498016197815,0.19628628889170932,0.02025869127026883,0.19540494588812612,0.17318910754570338,0.022215838342422745,0.12207467747465929,0.39092908966025564,0.26885441218559636,0.061926149482468655,0.4888058471967376,0.4268796977142689,0.13404150312666946,0.5637098022744912,0.42966829914782173,744.0,0.6717902350813744,96.0,0.08589511754068715,615.0,0.5551537070524413,762.0,0.6880650994575045,927.0,0.8372513562386981,0.08589511754068715,WACC_0p3_WRT_0p7,0.5676311030741411,350,False,,,False,False,False,False,False,64.0,0.6363636363636364
OCDD,PokerHand,531,0.82,256,0.8225806451612901,0.8988678589939789,0,14,1100,3908,0.001,"{'nu':0.5,'kernel':'rbf','gamma':'auto'}",0.07886338907868982,0.06509513108269305,0.03552253457449367,0.07886338907868982,0.12740165228158953,0.15409267732855514,-1.7606682797852482,-3.091916252778669,-0.3636769151630123,-2.2626921951286003,2.4656972749710926,0.06509513108269305,0.09109330796103676,0.025998176878343715,0.03552253457449367,0.20971964718163258,0.1741971126071389,0.07886338907868982,0.491916106158931,0.41305271708024116,0.12740165228158953,0.533936851717067,0.40653519943547745,0.15409267732855514,0.5448215137618988,0.39072883643334366,96.0,0.08589511754068715,707.0,0.6383363471971067,993.0,0.8969258589511754,949.0,0.8571428571428571,818.0,0.7386980108499096,0.08589511754068715,WACC_0p1_WRT_0p9,0.6433996383363472,351,False,,,False,False,False,False,False,14.0,0.13131313131313133
OCDD,PokerHand,285,0.9,306,0.9516129032258064,0.8393468887628397,0,8,2345,530,0.298,"{'nu':0.5,'kernel':'rbf','gamma':'auto'}",0.09795422248202824,0.11572737142190508,0.12547716276561036,0.09795422248202824,0.01990616670521467,0.026414571010255287,-1.7606682797852482,-3.091916252778669,-0.3636769151630123,-2.2626921951286003,2.4656972749710926,0.11572737142190508,0.2039608905552794,0.08823351913337434,0.12547716276561036,0.21594060569337814,0.09046344292776778,0.09795422248202824,0.3017362599146305,0.20378203743260226,0.01990616670521467,0.2639967337429384,0.24409056703772375,0.026414571010255287,0.32391061773558655,0.29749604672533125,778.0,0.7025316455696202,767.0,0.6925858951175407,159.0,0.14285714285714285,107.0,0.09584086799276673,97.0,0.0867992766726944,0.0867992766726944,WACC_0p9_WRT_0p1,0.34412296564195294,352,False,,,False,False,False,False,False,8.0,0.0707070707070707
OCDD,PokerHand,631,0.88,447,0.9193548387096774,0.7128043250562364,0,55,3800,3222,0.655,"{'nu':0.5,'kernel':'rbf','gamma':'auto'}",0.20695212705323457,0.25131856163587907,0.24974445729978628,0.20695212705323457,0.06761390094702076,0.07101117564337489,-1.7606682797852482,-3.091916252778669,-0.3636769151630123,-2.2626921951286003,2.4656972749710926,0.25131856163587907,0.2218422771802463,0.029476284455632773,0.24974445729978628,0.17320553487221646,0.07653892242756982,0.20695212705323457,0.3245153505556319,0.11756322350239734,0.06761390094702076,0.4225612460599195,0.35494734511289877,0.07101117564337489,0.5042739002264071,0.43326272458303217,859.0,0.7757685352622061,97.0,0.0867992766726944,275.0,0.24773960216998192,471.0,0.42495479204339964,568.0,0.5126582278481012,0.0867992766726944,WACC_0p3_WRT_0p7,0.40958408679927666,353,False,,,False,False,False,False,False,55.0,0.5454545454545454
OCDD,PokerHand,643,0.79,279,0.7741935483870968,0.8701695181429151,0,28,2811,3499,0.032,"{'nu':0.5,'kernel':'rbf','gamma':'auto'}",0.10922139426188562,0.09958940595564607,0.05473220197868784,0.10922139426188562,0.17122682752487406,0.20654526141121504,-1.7606682797852482,-3.091916252778669,-0.3636769151630123,-2.2626921951286003,2.4656972749710926,0.09958940595564607,0.091099064955642,0.008490341000004065,0.05473220197868784,0.22397409211324312,0.1692418901345553,0.10922139426188562,0.47742744447411295,0.3682060502122273,0.17122682752487406,0.5108749816235616,0.33964815409868754,0.20654526141121504,0.5306430990371677,0.3240978376259526,97.0,0.0867992766726944,842.0,0.7603978300180831,952.0,0.8598553345388789,865.0,0.7811934900542495,733.0,0.6618444846292948,0.0867992766726944,WACC_0p1_WRT_0p9,0.6300180831826402,354,False,,,False,False,False,False,False,28.0,0.2727272727272727
OCDD,PokerHand,274,0.9,379,0.9516129032258064,0.767922558212262,0,40,4907,2005,0.001,"{'nu':0.5,'kernel':'rbf','gamma':'auto'}",0.1720718046536281,0.19059933682061117,0.1995949509281382,0.1720718046536281,0.06270217781185076,0.03281701653675064,-1.7606682797852482,-3.091916252778669,-0.3636769151630123,-2.2626921951286003,2.4656972749710926,0.19059933682061117,0.16724301540758169,0.023356321413029485,0.1995949509281382,0.19253482210735284,0.007060128820785355,0.1720718046536281,0.28928794655408774,0.11721614190045965,0.06270217781185076,0.3188304529806844,0.25612827516883363,0.03281701653675064,0.38589396762452755,0.3530769510877769,612.0,0.5524412296564195,440.0,0.3969258589511754,98.0,0.08770343580470162,208.0,0.1871609403254973,227.0,0.20433996383363473,0.08770343580470162,WACC_0p5_WRT_0p5,0.2857142857142857,355,False,,,False,False,False,False,False,40.0,0.3939393939393939
OCDD,PokerHand,974,0.78,700,0.7580645161290321,0.5629018590156741,0,86,1092,3605,0.935,"{'nu':0.5,'kernel':'rbf','gamma':'auto'}",0.2509255997998664,0.42315902338584616,0.3700634874148574,0.2509255997998664,0.12097095319652011,0.25071529150060134,-1.7606682797852482,-3.091916252778669,-0.3636769151630123,-2.2626921951286003,2.4656972749710926,0.42315902338584616,0.2442963226316438,0.17886270075420235,0.3700634874148574,0.1732618307881351,0.1968016566267223,0.2509255997998664,0.317297504052346,0.06637190425247963,0.12097095319652011,0.4532355141111638,0.3322645609146437,0.25071529150060134,0.5458410383852763,0.29512574688467497,949.0,0.8571428571428571,98.0,0.08770343580470162,234.0,0.21066907775768534,587.0,0.5298372513562387,827.0,0.7468354430379747,0.08770343580470162,WACC_0p3_WRT_0p7,0.48643761301989147,356,False,,,False,False,False,False,False,86.0,0.8585858585858586
OCDD,PokerHand,626,0.92,1011,0.9838709677419356,0.4399651140855263,0,64,4887,463,0.854,"{'nu':0.5,'kernel':'rbf','gamma':'auto'}",0.5347120858085854,0.5314467579018767,0.5469671529182486,0.5347120858085854,0.28732163562441176,0.12193430825711689,-1.7606682797852482,-3.091916252778669,-0.3636769151630123,-2.2626921951286003,2.4656972749710926,0.5314467579018767,0.31889283347231917,0.2125539244295575,0.5469671529182486,0.3149675794473439,0.23199957347090472,0.5347120858085854,0.3626212048952557,0.17209088091332975,0.28732163562441176,0.27845716956384997,0.008864466060561793,0.12193430825711689,0.3247867130728905,0.2028524048157736,1071.0,0.9674502712477396,1073.0,0.969258589511754,486.0,0.4385171790235081,129.0,0.11573236889692586,98.0,0.08770343580470162,0.08770343580470162,WACC_0p9_WRT_0p1,0.5157323688969259,357,False,,,False,False,False,False,False,64.0,0.6363636363636364
OCDD,PokerHand,696,0.77,245,0.7419354838709676,0.9135142765228756,0,15,396,3131,0.253,"{'nu':0.5,'kernel':'rbf','gamma':'auto'}",0.17268196630816404,0.05709285487904158,0.04880003365611973,0.17268196630816404,0.21405631770472067,0.2359132413317633,-1.7606682797852482,-3.091916252778669,-0.3636769151630123,-2.2626921951286003,2.4656972749710926,0.05709285487904158,0.0911274983500974,0.034034643471055816,0.04880003365611973,0.20772332243742778,0.15892328878130804,0.17268196630816404,0.4878556102710176,0.3151736439628535,0.21405631770472067,0.5292069248927369,0.31515060718801624,0.2359132413317633,0.5499660644525666,0.3140528231208033,98.0,0.08770343580470162,684.0,0.6175406871609403,980.0,0.8851717902350814,937.0,0.8462929475587704,849.0,0.7667269439421338,0.08770343580470162,WACC_0p1_WRT_0p9,0.6406871609403255,358,False,,,False,False,False,False,False,15.0,0.1414141414141414
OCDD,PokerHand,413,0.92,338,0.9838709677419356,0.8061489956552799,0,2,502,580,0.001,"{'nu':0.5,'kernel':'rbf','gamma':'auto'}",0.15472022977092237,0.1475872705379771,0.16697424079007667,0.15472022977092237,0.06791167627403281,0.007048341846661,-1.7606682797852482,-3.091916252778669,-0.3636769151630123,-2.2626921951286003,2.4656972749710926,0.1475872705379771,0.2235675224676991,0.07598025192972199,0.16697424079007667,0.2667412094028665,0.09976696861278983,0.15472022977092237,0.3426846988705481,0.18796446909962572,0.06791167627403281,0.27256576452030196,0.20465408824626913,0.007048341846661,0.3248818613254738,0.31783351947881283,867.0,0.783001808318264,1016.0,0.9177215189873418,381.0,0.3435804701627486,121.0,0.10849909584086799,99.0,0.08860759493670886,0.08860759493670886,WACC_0p9_WRT_0p1,0.4482820976491862,359,False,,,False,False,False,False,False,2.0,0.010101010101010102
OCDD,PokerHand,324,0.78,246,0.7580645161290321,0.9121559907883502,0,14,673,3570,0.114,"{'nu':0.5,'kernel':'rbf','gamma':'auto'}",0.1550050752492795,0.05704648067294251,0.037923082377051005,0.1550050752492795,0.1970676791730668,0.2194083049829671,-1.7606682797852482,-3.091916252778669,-0.3636769151630123,-2.2626921951286003,2.4656972749710926,0.05704648067294251,0.09113056881360347,0.03408408814066096,0.037923082377051005,0.21267877813665756,0.17475569575960656,0.1550050752492795,0.46241402292971173,0.30740894768043225,0.1970676791730668,0.5085563397381406,0.31148866056507385,0.2194083049829671,0.5384771828236031,0.31906887784063603,99.0,0.08860759493670886,740.0,0.6681735985533453,908.0,0.8200723327305606,858.0,0.7748643761301989,777.0,0.701627486437613,0.08860759493670886,WACC_0p1_WRT_0p9,0.6106690777576854,360,False,,,False,False,False,False,False,14.0,0.13131313131313133
OCDD,PokerHand,992,0.77,323,0.7419354838709676,0.8213016707210846,0,42,2594,4352,0.556,"{'nu':0.5,'kernel':'rbf','gamma':'auto'}",0.1088888084762695,0.153756540456426,0.09839561653526299,0.1088888084762695,0.1939647088820382,0.2441791386940646,-1.7606682797852482,-3.091916252778669,-0.3636769151630123,-2.2626921951286003,2.4656972749710926,0.153756540456426,0.1594951669411441,0.005738626484718096,0.09839561653526299,0.1732874206378595,0.07489180410259652,0.1088888084762695,0.4422318052942582,0.33334299681798873,0.1939647088820382,0.5258071462347225,0.33184243735268426,0.2441791386940646,0.5769222394091305,0.33274310071506585,584.0,0.527124773960217,99.0,0.08860759493670886,841.0,0.759493670886076,922.0,0.8327305605786618,972.0,0.8779385171790235,0.08860759493670886,WACC_0p3_WRT_0p7,0.6171790235081375,361,False,,,False,False,False,False,False,42.0,0.41414141414141414
OCDD,PokerHand,1048,0.87,345,0.9032258064516128,0.7993057827834338,0,41,3261,2885,0.644,"{'nu':0.5,'kernel':'rbf','gamma':'auto'}",0.10603074501645351,0.16211192390289947,0.1564573382932855,0.10603074501645351,0.022245262692683038,0.07988391556227135,-1.7606682797852482,-3.091916252778669,-0.3636769151630123,-2.2626921951286003,2.4656972749710926,0.16211192390289947,0.18841540062125073,0.02630347671835126,0.1564573382932855,0.17344478724385468,0.016987448950569167,0.10603074501645351,0.3446897943803754,0.23865904936392188,0.022245262692683038,0.43723577189438384,0.4149905092017008,0.07988391556227135,0.507850974065188,0.4279670585029166,701.0,0.6329113924050633,100.0,0.08951175406871609,397.0,0.35804701627486435,532.0,0.48010849909584086,592.0,0.5343580470162749,0.08951175406871609,WACC_0p3_WRT_0p7,0.4189873417721519,362,False,,,False,False,False,False,False,41.0,0.40404040404040403
OCDD,PokerHand,363,0.92,586,0.9838709677419356,0.6223262025795472,0,40,4188,376,0.999,"{'nu':0.5,'kernel':'rbf','gamma':'auto'}",0.3454745688844782,0.34028314457089703,0.3577291100566973,0.3454745688844782,0.17805456782764903,0.0647206215227722,-1.7606682797852482,-3.091916252778669,-0.3636769151630123,-2.2626921951286003,2.4656972749710926,0.34028314457089703,0.3350980350858408,0.0051851094850562385,0.3577291100566973,0.3538190077350964,0.0039101023216008834,0.3454745688844782,0.40189794680754454,0.05642337792306634,0.17805456782764903,0.2849392531989723,0.10688468537132326,0.0647206215227722,0.32509807200838914,0.26037745048561695,1077.0,0.972875226039783,1087.0,0.9819168173598554,671.0,0.6057866184448463,142.0,0.1274864376130199,100.0,0.08951175406871609,0.08951175406871609,WACC_0p9_WRT_0p1,0.5555153707052441,363,False,,,False,False,False,False,False,40.0,0.3939393939393939
OCDD,PokerHand,930,0.66,230,0.564516129032258,0.9345788931928448,0,15,2149,4471,0.141,"{'nu':0.5,'kernel':'rbf','gamma':'auto'}",0.37136401867044433,0.05118391899358974,0.1737975661319318,0.37136401867044433,0.40226554564508027,0.41691863569342813,-1.7606682797852482,-3.091916252778669,-0.3636769151630123,-2.2626921951286003,2.4656972749710926,0.05118391899358974,0.09124189615322362,0.04005797715963388,0.1737975661319318,0.23462102370841914,0.06082345757648733,0.37136401867044433,0.5141415937746473,0.14277757510420297,0.40226554564508027,0.5710746859766566,0.1688091403315763,0.41691863569342813,0.5777270864724995,0.16080845077907135,100.0,0.08951175406871609,898.0,0.8110307414104883,1034.0,0.933996383363472,1041.0,0.9403254972875226,975.0,0.8806509945750453,0.08951175406871609,WACC_0p1_WRT_0p9,0.7311030741410488,364,False,,,False,False,False,False,False,15.0,0.1414141414141414
OCDD,PokerHand,642,0.9,475,0.9516129032258064,0.6925061726073702,0,52,4539,2437,0.72,"{'nu':0.5,'kernel':'rbf','gamma':'auto'}",0.25033197333938706,0.2696560527880981,0.2778553371180885,0.25033197333938706,0.10789014738874152,0.03957730811972276,-1.7606682797852482,-3.091916252778669,-0.3636769151630123,-2.2626921951286003,2.4656972749710926,0.2696560527880981,0.22679161905332948,0.04286443373476864,0.2778553371180885,0.19104936435321376,0.08680597276487476,0.25033197333938706,0.28965111013833894,0.03931913679895188,0.10789014738874152,0.38160007260331413,0.2737099252145726,0.03957730811972276,0.46654726484934894,0.4269699567296262,879.0,0.7938517179023508,411.0,0.3707052441229656,101.0,0.09041591320072333,344.0,0.310126582278481,431.0,0.3887884267631103,0.09041591320072333,WACC_0p5_WRT_0p5,0.39077757685352627,365,False,,,False,False,False,False,False,52.0,0.5151515151515151
OCDD,PokerHand,1101,0.85,327,0.8709677419354838,0.8171934354442612,0,42,4461,3993,0.482,"{'nu':0.5,'kernel':'rbf','gamma':'auto'}",0.06515229306942011,0.14630128676992551,0.13084785976609026,0.06515229306942011,0.0595280686050238,0.11153385922504275,-1.7606682797852482,-3.091916252778669,-0.3636769151630123,-2.2626921951286003,2.4656972749710926,0.14630128676992551,0.15440360060978683,0.00810231383986132,0.13084785976609026,0.1735965496669674,0.04274868990087713,0.06515229306942011,0.351606004256985,0.2864537111875649,0.0595280686050238,0.44438551968841844,0.38485745108339464,0.11153385922504275,0.5101665111162138,0.39863265189117103,563.0,0.5081374321880651,101.0,0.09041591320072333,429.0,0.38698010849909587,556.0,0.5018083182640145,606.0,0.5470162748643761,0.09041591320072333,WACC_0p3_WRT_0p7,0.4068716094032549,366,False,,,False,False,False,False,False,42.0,0.41414141414141414
OCDD,PokerHand,446,0.68,201,0.5967741935483871,0.9794945946974912,0,7,165,3976,0.001,"{'nu':0.5,'kernel':'rbf','gamma':'auto'}",0.36896248946085547,0.05099288459279576,0.19366767766712853,0.36896248946085547,0.3786665567518282,0.37963902702958396,-1.7606682797852482,-3.091916252778669,-0.3636769151630123,-2.2626921951286003,2.4656972749710926,0.05099288459279576,0.09131424954375204,0.040321364950956284,0.19366767766712853,0.31230442192360314,0.11863674425647461,0.36896248946085547,0.6352857529552856,0.2663232634944301,0.3786665567518282,0.6669110209805529,0.2882444642287247,0.37963902702958396,0.6680349079236146,0.2883958808940307,101.0,0.09041591320072333,1069.0,0.9656419529837251,1103.0,0.9963833634719711,1104.0,0.9972875226039783,1102.0,0.9954792043399638,0.09041591320072333,WACC_0p1_WRT_0p9,0.8090415913200724,367,False,,,False,False,False,False,False,7.0,0.06060606060606061
OCDD,PokerHand,885,0.91,360,0.967741935483871,0.785096423844539,0,16,3606,1627,0.354,"{'nu':0.5,'kernel':'rbf','gamma':'auto'}",0.16540849896524182,0.17112626886459634,0.1852970832052541,0.16540849896524182,0.0664689481036458,0.014650866303272541,-1.7606682797852482,-3.091916252778669,-0.3636769151630123,-2.2626921951286003,2.4656972749710926,0.17112626886459634,0.16840649065596616,0.0027197782086301747,0.1852970832052541,0.19413615365768302,0.008839070452428932,0.16540849896524182,0.28972548203154747,0.12431698306630565,0.0664689481036458,0.31801090468123805,0.25154195657759226,0.014650866303272541,0.37936684190269193,0.3647159755994194,618.0,0.5578661844484629,462.0,0.4168173598553345,102.0,0.09132007233273057,206.0,0.1853526220614828,211.0,0.189873417721519,0.09132007233273057,WACC_0p5_WRT_0p5,0.28824593128390597,368,False,,,False,False,False,False,False,16.0,0.15151515151515152
OCDD,PokerHand,1018,0.87,319,0.9032258064516128,0.8254609412810444,0,30,1278,2962,0.478,"{'nu':0.5,'kernel':'rbf','gamma':'auto'}",0.07888933404046793,0.13469426234506304,0.12931585188466607,0.07888933404046793,0.027944041169443594,0.07753937867649371,-1.7606682797852482,-3.091916252778669,-0.3636769151630123,-2.2626921951286003,2.4656972749710926,0.13469426234506304,0.1317399474103612,0.0029543149347018294,0.12931585188466607,0.17378525465050398,0.04446940276583791,0.07888933404046793,0.3795875057884829,0.30069817174801494,0.027944041169443594,0.4385213488324689,0.4105773076630253,0.07753937867649371,0.4976502901562148,0.4201109114797211,431.0,0.3887884267631103,102.0,0.09132007233273057,566.0,0.5108499095840868,536.0,0.4837251356238698,551.0,0.4972875226039783,0.09132007233273057,WACC_0p3_WRT_0p7,0.39439421338155517,369,False,,,False,False,False,False,False,30.0,0.29292929292929293
OCDD,PokerHand,637,0.7,220,0.6290322580645159,0.949396221408267,0,12,2128,4168,0.114,"{'nu':0.5,'kernel':'rbf','gamma':'auto'}",0.3146658351614825,0.029770465759570833,0.14798587006248742,0.3146658351614825,0.3387232358244783,0.34908364698483924,-1.7606682797852482,-3.091916252778669,-0.3636769151630123,-2.2626921951286003,2.4656972749710926,0.029770465759570833,0.0914229050490683,0.06165243928949747,0.14798587006248742,0.23640479971760603,0.0884189296551186,0.3146658351614825,0.519000962642514,0.20433512748103155,0.3387232358244783,0.5668866223087826,0.22816338648430434,0.34908364698483924,0.5656213198150378,0.2165376728301986,102.0,0.09132007233273057,908.0,0.8200723327305606,1040.0,0.9394213381555153,1035.0,0.9349005424954792,934.0,0.8435804701627486,0.09132007233273057,WACC_0p1_WRT_0p9,0.7258589511754068,370,False,,,False,False,False,False,False,12.0,0.1111111111111111
OCDD,PokerHand,96,0.91,430,0.967741935483871,0.7257567673579333,0,32,4858,1665,0.001,"{'nu':0.5,'kernel':'rbf','gamma':'auto'}",0.22698572106557457,0.23333023595799618,0.24687447644378047,0.22698572106557457,0.102024067465478,0.01997004697024999,-1.7606682797852482,-3.091916252778669,-0.3636769151630123,-2.2626921951286003,2.4656972749710926,0.23333023595799618,0.1893245573604594,0.04400567859753679,0.24687447644378047,0.21332309695589236,0.03355137948788811,0.22698572106557457,0.28982229745336757,0.062836576387793,0.102024067465478,0.29824435967126744,0.19622029220578946,0.01997004697024999,0.37385051819012066,0.35388047121987065,709.0,0.6401446654611211,747.0,0.674502712477396,103.0,0.0922242314647378,166.0,0.1491862567811935,198.0,0.17811934900542495,0.0922242314647378,WACC_0p5_WRT_0p5,0.3468354430379747,371,False,,,False,False,False,False,False,32.0,0.31313131313131315
OCDD,PokerHand,1035,0.69,518,0.6129032258064514,0.6635491820743102,0,80,2317,1657,0.993,"{'nu':0.5,'kernel':'rbf','gamma':'auto'}",0.13365259624359974,0.33088549535368456,0.23390796961391547,0.13365259624359974,0.2931345619280387,0.3913335421522306,-1.7606682797852482,-3.091916252778669,-0.3636769151630123,-2.2626921951286003,2.4656972749710926,0.33088549535368456,0.19109423326234556,0.139791262091339,0.23390796961391547,0.17383437940975177,0.060073590204163696,0.13365259624359974,0.34338435494464503,0.2097317587010453,0.2931345619280387,0.41799822035359924,0.12486365842556052,0.3913335421522306,0.4747907606866615,0.08345721853443089,720.0,0.6500904159132007,103.0,0.0922242314647378,390.0,0.35171790235081374,448.0,0.40415913200723325,465.0,0.41952983725135623,0.0922242314647378,WACC_0p3_WRT_0p7,0.38354430379746834,372,False,,,False,False,False,False,False,80.0,0.797979797979798
OCDD,PokerHand,91,0.69,221,0.6129032258064514,0.9478846297917196,0,13,325,4649,0.139,"{'nu':0.5,'kernel':'rbf','gamma':'auto'}",0.33035733021920977,0.032825245589799545,0.15635494573853462,0.33035733021920977,0.3550865753245576,0.36584583787513875,-1.7606682797852482,-3.091916252778669,-0.3636769151630123,-2.2626921951286003,2.4656972749710926,0.032825245589799545,0.09162825266430195,0.05880300707450241,0.15635494573853462,0.23904563122729916,0.08269068548876454,0.33035733021920977,0.5317485701393676,0.20139123992015784,0.3550865753245576,0.5949168053121291,0.23983022998757147,0.36584583787513875,0.5977583317088037,0.2319124938336649,103.0,0.0922242314647378,922.0,0.8327305605786618,1061.0,0.9584086799276673,1079.0,0.9746835443037974,1036.0,0.9358047016274864,0.0922242314647378,WACC_0p1_WRT_0p9,0.7587703435804701,373,False,,,False,False,False,False,False,13.0,0.12121212121212122
OCDD,PokerHand,691,0.93,575,1.0,0.628659988563856,0,21,4360,1031,0.464,"{'nu':0.5,'kernel':'rbf','gamma':'auto'}",0.35006009798196397,0.3321734042381937,0.35468010838295444,0.35006009798196397,0.18831649411789964,0.07863726208415552,-1.7606682797852482,-3.091916252778669,-0.3636769151630123,-2.2626921951286003,2.4656972749710926,0.3321734042381937,0.24605334374701343,0.08612006049118026,0.35468010838295444,0.21565750161028072,0.13902260677267372,0.35006009798196397,0.2900427353367508,0.06001736264521318,0.18831649411789964,0.26343812141151657,0.07512162729361693,0.07863726208415552,0.3469898070230294,0.2683525449388739,955.0,0.8625678119349005,766.0,0.6916817359855335,104.0,0.09312839059674503,105.0,0.09403254972875226,139.0,0.12477396021699819,0.09312839059674503,WACC_0p5_WRT_0p5,0.37323688969258584,374,False,,,False,False,False,False,False,21.0,0.20202020202020202
OCDD,PokerHand,63,0.93,474,1.0,0.6932103095112028,0,10,1806,894,0.001,"{'nu':0.5,'kernel':'rbf','gamma':'auto'}",0.2830757289281973,0.2645072551936083,0.28769555316320744,0.2830757289281973,0.14963925023049113,0.0583853439157465,-1.7606682797852482,-3.091916252778669,-0.3636769151630123,-2.2626921951286003,2.4656972749710926,0.2645072551936083,0.2311265670138248,0.033380688179783485,0.28769555316320744,0.24411949885917333,0.043576054304034106,0.2830757289281973,0.3124396044613934,0.029363875533196082,0.14963925023049113,0.2625542545021855,0.11291500427169437,0.0583853439157465,0.33642421101583403,0.2780388671000875,896.0,0.8092224231464737,946.0,0.8544303797468354,206.0,0.1853526220614828,104.0,0.09312839059674503,121.0,0.10849909584086799,0.09312839059674503,WACC_0p7_WRT_0p3,0.410126582278481,375,False,,,False,False,False,False,False,10.0,0.09090909090909091
OCDD,PokerHand,255,0.82,244,0.8225806451612901,0.9148780950047856,0,9,1013,3452,0.001,"{'nu':0.5,'kernel':'rbf','gamma':'auto'}",0.08993935319316919,0.04831208492200997,0.01890854222855571,0.08993935319316919,0.13089001915172632,0.15265752682542316,-1.7606682797852482,-3.091916252778669,-0.3636769151630123,-2.2626921951286003,2.4656972749710926,0.04831208492200997,0.09192437046279653,0.04361228554078656,0.01890854222855571,0.19954499896879846,0.18063645674024276,0.08993935319316919,0.46367901026071895,0.37373965706754975,0.13089001915172632,0.49691460945422494,0.3660245903024986,0.15265752682542316,0.5159097295546387,0.3632522027292155,104.0,0.09312839059674503,563.0,0.5081374321880651,911.0,0.8227848101265823,799.0,0.7215189873417721,649.0,0.5858951175406871,0.09312839059674503,WACC_0p1_WRT_0p9,0.5462929475587703,376,False,,,False,False,False,False,False,9.0,0.08080808080808081
OCDD,PokerHand,648,0.78,636,0.7580645161290321,0.5949566440053979,0,82,853,4428,0.788,"{'nu':0.5,'kernel':'rbf','gamma':'auto'}",0.21766210062311972,0.3895569618178479,0.33679989579069325,0.21766210062311972,0.12795516316769323,0.2478419146949917,-1.7606682797852482,-3.091916252778669,-0.3636769151630123,-2.2626921951286003,2.4656972749710926,0.3895569618178479,0.23485874629238496,0.15469821552546292,0.33679989579069325,0.17408538348061658,0.16271451231007666,0.21766210062311972,0.39561476311705285,0.17795266249393313,0.12795516316769323,0.5215340772750389,0.39357891410734563,0.2478419146949917,0.5860210473642572,0.33817913266926547,915.0,0.8264014466546112,104.0,0.09312839059674503,643.0,0.5804701627486437,906.0,0.8182640144665461,1000.0,0.903254972875226,0.09312839059674503,WACC_0p3_WRT_0p7,0.6443037974683545,377,False,,,False,False,False,False,False,82.0,0.8181818181818182
OCDD,PokerHand,197,0.81,484,0.8064516129032256,0.6862347035706448,0,72,3055,1022,0.999,"{'nu':0.5,'kernel':'rbf','gamma':'auto'}",0.15641659367753716,0.28946226061802655,0.25265058808222074,0.15641659367753716,0.09776507846009368,0.18977971219459605,-1.7606682797852482,-3.091916252778669,-0.3636769151630123,-2.2626921951286003,2.4656972749710926,0.28946226061802655,0.22717133203674186,0.06229092858128468,0.25265058808222074,0.2068996158575394,0.04575097222468133,0.15641659367753716,0.29012718847337043,0.13371059479583328,0.09776507846009368,0.3119395284586371,0.2141744499985434,0.18977971219459605,0.39768370829663185,0.2079039961020358,881.0,0.7956600361663653,670.0,0.604882459312839,105.0,0.09403254972875226,190.0,0.17088607594936708,256.0,0.23056057866184448,0.09403254972875226,WACC_0p5_WRT_0p5,0.3792043399638336,378,False,,,False,False,False,False,False,72.0,0.7171717171717171
OCDD,PokerHand,143,0.75,799,0.7096774193548386,0.5186712507922473,0,91,989,2384,0.999,"{'nu':0.5,'kernel':'rbf','gamma':'auto'}",0.2633496013296942,0.47393530435255604,0.4053911540206447,0.2633496013296942,0.1614119030677812,0.3045601811881994,-1.7606682797852482,-3.091916252778669,-0.3636769151630123,-2.2626921951286003,2.4656972749710926,0.47393530435255604,0.2224143624455461,0.2515209419070099,0.4053911540206447,0.17421221152356584,0.23117894249707885,0.2633496013296942,0.3122398933106705,0.048890291980976275,0.1614119030677812,0.4188267658899797,0.2574148628221985,0.3045601811881994,0.4995600440262086,0.19499986283800924,863.0,0.779385171790235,105.0,0.09403254972875226,202.0,0.18173598553345388,452.0,0.4077757685352622,557.0,0.5027124773960217,0.09403254972875226,WACC_0p3_WRT_0p7,0.393128390596745,379,False,,,False,False,False,False,False,91.0,0.9090909090909091
OCDD,PokerHand,625,0.67,257,0.5806451612903225,0.8975675972651773,0,18,63,2619,0.166,"{'nu':0.5,'kernel':'rbf','gamma':'auto'}",0.3290221906795956,0.08851151700344802,0.1317648184547232,0.3290221906795956,0.37750870310353807,0.4036096194723751,-1.7606682797852482,-3.091916252778669,-0.3636769151630123,-2.2626921951286003,2.4656972749710926,0.08851151700344802,0.09218586786910596,0.003674350865657941,0.1317648184547232,0.28570690809493654,0.15394208964021333,0.3290221906795956,0.595865454375212,0.2668432636956164,0.37750870310353807,0.6275417880055018,0.2500330849019637,0.4036096194723751,0.6452715626783022,0.2416619432059271,105.0,0.09403254972875226,1046.0,0.9448462929475587,1096.0,0.9900542495479204,1096.0,0.9900542495479204,1096.0,0.9900542495479204,0.09403254972875226,WACC_0p1_WRT_0p9,0.8018083182640143,380,False,,,False,False,False,False,False,18.0,0.1717171717171717
OCDD,PokerHand,251,0.91,342,0.967741935483871,0.8022214787799776,0,7,3226,1591,0.001,"{'nu':0.5,'kernel':'rbf','gamma':'auto'}",0.1476376965427854,0.1531745917443027,0.16752623139338194,0.1476376965427854,0.056207962308338875,0.01311578392283993,-1.7606682797852482,-3.091916252778669,-0.3636769151630123,-2.2626921951286003,2.4656972749710926,0.1531745917443027,0.15392802515538787,0.0007534334110851637,0.16752623139338194,0.20353041193117322,0.03600418053779128,0.1476376965427854,0.29016046364505893,0.14252276710227352,0.056207962308338875,0.30573711076415105,0.24952914845581217,0.01311578392283993,0.3739796526182368,0.3608638686953969,558.0,0.5036166365280289,620.0,0.5596745027124774,106.0,0.0949367088607595,174.0,0.15641952983725135,199.0,0.17902350813743217,0.0949367088607595,WACC_0p5_WRT_0p5,0.29873417721518986,381,False,,,False,False,False,False,False,7.0,0.06060606060606061
OCDD,PokerHand,1027,0.92,438,0.9838709677419356,0.7195990402459912,0,12,1397,974,0.154,"{'nu':0.5,'kernel':'rbf','gamma':'auto'}",0.2445337902558007,0.2383149709827858,0.256788050888854,0.2445337902558007,0.11977065520211483,0.034202391411466596,-1.7606682797852482,-3.091916252778669,-0.3636769151630123,-2.2626921951286003,2.4656972749710926,0.2383149709827858,0.20545705680252227,0.03285791418026354,0.256788050888854,0.21829077079804837,0.03849728009080561,0.2445337902558007,0.2937930451803576,0.049259254924556906,0.11977065520211483,0.26348992241789576,0.14371926721578093,0.034202391411466596,0.34072422896750465,0.30652183755603807,788.0,0.7115732368896925,788.0,0.7115732368896925,124.0,0.1112115732368897,106.0,0.0949367088607595,129.0,0.11573236889692586,0.0949367088607595,WACC_0p7_WRT_0p3,0.34900542495479203,382,False,,,False,False,False,False,False,12.0,0.1111111111111111
OCDD,PokerHand,683,0.86,285,0.8870967741935483,0.8630706591273891,0,27,3460,3355,0.245,"{'nu':0.5,'kernel':'rbf','gamma':'auto'}",0.02870328995082399,0.09673935673786857,0.08676421183124236,0.02870328995082399,0.05283126999598922,0.09079475262037512,-1.7606682797852482,-3.091916252778669,-0.3636769151630123,-2.2626921951286003,2.4656972749710926,0.09673935673786857,0.12088734146386228,0.024147984725993707,0.08676421183124236,0.17423187125721173,0.08746765942596937,0.02870328995082399,0.3712157029030176,0.3425124129521936,0.05283126999598922,0.425838706308787,0.37300743631279776,0.09079475262037512,0.4760577128113556,0.3852629601909805,349.0,0.31464737793851716,106.0,0.0949367088607595,530.0,0.4783001808318264,484.0,0.43670886075949367,472.0,0.4258589511754069,0.0949367088607595,WACC_0p3_WRT_0p7,0.3500904159132007,383,False,,,False,False,False,False,False,27.0,0.26262626262626265
OCDD,PokerHand,72,0.74,216,0.693548387096774,0.9555117699538278,0,6,418,4708,0.001,"{'nu':0.5,'kernel':'rbf','gamma':'auto'}",0.25194771545105316,0.017478824957348628,0.11457002292060917,0.25194771545105316,0.2732849514603975,0.28202868197252257,-1.7606682797852482,-3.091916252778669,-0.3636769151630123,-2.2626921951286003,2.4656972749710926,0.017478824957348628,0.09273815957772215,0.07525933462037351,0.11457002292060917,0.2777804533826001,0.16321043046199094,0.25194771545105316,0.5636904336916653,0.3117427182406121,0.2732849514603975,0.6260122972678249,0.35272734580742743,0.28202868197252257,0.6200609286034865,0.33803224663096393,106.0,0.0949367088607595,1033.0,0.9330922242314648,1085.0,0.9801084990958409,1095.0,0.9891500904159132,1075.0,0.9710669077757685,0.0949367088607595,WACC_0p1_WRT_0p9,0.7936708860759495,384,False,,,False,False,False,False,False,6.0,0.050505050505050504
OCDD,PokerHand,715,0.9,374,0.9516129032258064,0.7723572849575402,0,37,4943,2376,0.361,"{'nu':0.5,'kernel':'rbf','gamma':'auto'}",0.16746985428996325,0.1859505469073467,0.1949929877745253,0.16746985428996325,0.060044979437251664,0.032419489584902914,-1.7606682797852482,-3.091916252778669,-0.3636769151630123,-2.2626921951286003,2.4656972749710926,0.1859505469073467,0.16711489429248605,0.018835652614860643,0.1949929877745253,0.18516017839270388,0.009832809381821433,0.16746985428996325,0.2902180295554157,0.12274817526545245,0.060044979437251664,0.34985789682156726,0.2898129173843156,0.032419489584902914,0.40708666918567493,0.374667179600772,611.0,0.5515370705244123,310.0,0.2793851717902351,107.0,0.09584086799276673,268.0,0.24141048824593128,280.0,0.2522603978300181,0.09584086799276673,WACC_0p5_WRT_0p5,0.2840867992766727,385,False,,,False,False,False,False,False,37.0,0.36363636363636365
OCDD,PokerHand,972,0.86,406,0.8870967741935483,0.7449400739833618,0,58,4233,3890,0.681,"{'nu':0.5,'kernel':'rbf','gamma':'auto'}",0.15128831502419926,0.2205720761382883,0.2093495775984495,0.15128831502419926,0.02709256013011657,0.10138392623344919,-1.7606682797852482,-3.091916252778669,-0.3636769151630123,-2.2626921951286003,2.4656972749710926,0.2205720761382883,0.20951423737176136,0.01105783876652694,0.2093495775984495,0.17438528101791304,0.03496429658053646,0.15128831502419926,0.34321401352171754,0.19192569849751828,0.02709256013011657,0.4655905460567071,0.4384979859265905,0.10138392623344919,0.5307621571507968,0.4293782309173476,806.0,0.7278481012658228,107.0,0.09584086799276673,388.0,0.3499095840867993,638.0,0.5759493670886076,736.0,0.6645569620253164,0.09584086799276673,WACC_0p3_WRT_0p7,0.48282097649186256,386,False,,,False,False,False,False,False,58.0,0.5757575757575758
OCDD,PokerHand,107,0.83,232,0.8387096774193548,0.9316925220900684,0,3,386,2180,0.223,"{'nu':0.5,'kernel':'rbf','gamma':'auto'}",0.08483443889459429,0.029215805523144588,0.0065453191106315395,0.08483443889459429,0.11786091558872239,0.13452359650495666,-1.7606682797852482,-3.091916252778669,-0.3636769151630123,-2.2626921951286003,2.4656972749710926,0.029215805523144588,0.0929432092482759,0.0637274037251313,0.0065453191106315395,0.2222083877575227,0.21566306864689117,0.08483443889459429,0.4786654614776637,0.3938310225830694,0.11786091558872239,0.5049839910714694,0.38712307548274705,0.13452359650495666,0.5352009872229931,0.4006773907180365,107.0,0.09584086799276673,830.0,0.7495479204339964,957.0,0.864376130198915,840.0,0.7585895117540687,757.0,0.6835443037974683,0.09584086799276673,WACC_0p1_WRT_0p9,0.6303797468354431,387,False,,,False,False,False,False,False,3.0,0.020202020202020204
OCDD,PokerHand,889,0.9,369,0.9516129032258064,0.7768515400120461,0,35,4565,2276,0.038,"{'nu':0.5,'kernel':'rbf','gamma':'auto'}",0.16280613093778432,0.18123935526802643,0.19032925146071608,0.16280613093778432,0.05735211290639223,0.032016626541639594,-1.7606682797852482,-3.091916252778669,-0.3636769151630123,-2.2626921951286003,2.4656972749710926,0.18123935526802643,0.14392251629314917,0.03731683897487725,0.19032925146071608,0.18155103214655569,0.008778219314160396,0.16280613093778432,0.29032727602639796,0.12752114508861365,0.05735211290639223,0.34422935682019845,0.2868772439138062,0.032016626541639594,0.40313350563232186,0.37111687909068225,504.0,0.45479204339963836,236.0,0.21247739602169982,108.0,0.09674502712477397,250.0,0.22513562386980107,269.0,0.2423146473779385,0.09674502712477397,WACC_0p5_WRT_0p5,0.24629294755877035,388,False,,,False,False,False,False,False,35.0,0.3434343434343434
OCDD,PokerHand,822,0.92,665,0.9838709677419356,0.5800505872948576,0,49,3692,449,0.714,"{'nu':0.5,'kernel':'rbf','gamma':'auto'}",0.38934430298718836,0.38459939339541876,0.4015989660841515,0.38934430298718836,0.20338525958656278,0.0779841078803852,-1.7606682797852482,-3.091916252778669,-0.3636769151630123,-2.2626921951286003,2.4656972749710926,0.38459939339541876,0.30831878942875285,0.07628060396666592,0.4015989660841515,0.31272233390717,0.0888766321769815,0.38934430298718836,0.3784531094133944,0.010891193573793978,0.20338525958656278,0.281878954726471,0.07849369513990823,0.0779841078803852,0.3285802778220318,0.2505961699416466,1060.0,0.9575045207956601,1070.0,0.9665461121157324,559.0,0.5045207956600362,135.0,0.12115732368896925,108.0,0.09674502712477397,0.09674502712477397,WACC_0p9_WRT_0p1,0.5292947558770343,389,False,,,False,False,False,False,False,49.0,0.48484848484848486
OCDD,PokerHand,787,0.74,435,0.693548387096774,0.7218949370664337,0,71,2380,4311,0.724,"{'nu':0.5,'kernel':'rbf','gamma':'auto'}",0.0903303816495676,0.26237228484234004,0.19098013588039262,0.0903303816495676,0.22238368931781594,0.3029699919589668,-1.7606682797852482,-3.091916252778669,-0.3636769151630123,-2.2626921951286003,2.4656972749710926,0.26237228484234004,0.21771604669877703,0.04465623814356301,0.19098013588039262,0.17444928664243872,0.016530849237953893,0.0903303816495676,0.4388866684514043,0.3485562868018367,0.22238368931781594,0.5452063902940726,0.32282270097625665,0.3029699919589668,0.6065429452839511,0.30357295332498435,842.0,0.7603978300180831,108.0,0.09674502712477397,826.0,0.7459312839059674,988.0,0.8924050632911392,1055.0,0.9529837251356239,0.09674502712477397,WACC_0p3_WRT_0p7,0.6896925858951175,390,False,,,False,False,False,False,False,71.0,0.7070707070707071
OCDD,PokerHand,641,0.74,288,0.693548387096774,0.8595768850843719,0,34,342,4632,0.285,"{'nu':0.5,'kernel':'rbf','gamma':'auto'}",0.1855794656998574,0.1180444630964191,0.04810611272421514,0.1855794656998574,0.25238231930412514,0.29062824279069993,-1.7606682797852482,-3.091916252778669,-0.3636769151630123,-2.2626921951286003,2.4656972749710926,0.1180444630964191,0.09300830323948124,0.025036159856937856,0.04810611272421514,0.21151227421283875,0.1634061614886236,0.1855794656998574,0.49919222719370926,0.31361276149385187,0.25238231930412514,0.5732798371748035,0.32089751787067833,0.29062824279069993,0.5906900041361492,0.3000617613454493,108.0,0.09674502712477397,731.0,0.6600361663652803,1010.0,0.9122965641952984,1046.0,0.9448462929475587,1012.0,0.9141048824593129,0.09674502712477397,WACC_0p1_WRT_0p9,0.7056057866184448,391,False,,,False,False,False,False,False,34.0,0.3333333333333333
OCDD,PokerHand,632,0.91,497,0.967741935483871,0.6773783974764576,0,47,1164,1042,0.341,"{'nu':0.5,'kernel':'rbf','gamma':'auto'}",0.27718833097984175,0.2840438178409468,0.29707722588340585,0.27718833097984175,0.13101140607696796,0.031544837966452535,-1.7606682797852482,-3.091916252778669,-0.3636769151630123,-2.2626921951286003,2.4656972749710926,0.2840438178409468,0.17772867702446346,0.10631514081648333,0.29707722588340585,0.2063924354904875,0.09068479039291835,0.27718833097984175,0.29072067383115163,0.013532342851309886,0.13101140607696796,0.2923655995527727,0.16135419347580474,0.031544837966452535,0.3610885515649363,0.3295437135984838,653.0,0.5895117540687161,661.0,0.596745027124774,109.0,0.09764918625678119,151.0,0.13562386980108498,168.0,0.15099457504520797,0.09764918625678119,WACC_0p5_WRT_0p5,0.31410488245931284,392,False,,,False,False,False,False,False,47.0,0.46464646464646464
OCDD,PokerHand,857,0.83,322,0.8387096774193548,0.8223366544644555,0,40,3126,4441,0.528,"{'nu':0.5,'kernel':'rbf','gamma':'auto'}",0.03749883882707263,0.14385025395122505,0.11846341569909123,0.03749883882707263,0.09403407222284292,0.14432620830514475,-1.7606682797852482,-3.091916252778669,-0.3636769151630123,-2.2626921951286003,2.4656972749710926,0.14385025395122505,0.15044768734360237,0.006597433392377311,0.11846341569909123,0.1744559841678371,0.05599256846874588,0.03749883882707263,0.4162593585876745,0.3787605197606019,0.09403407222284292,0.4999188467699135,0.40588477454707056,0.14432620830514475,0.5517358774566415,0.4074096691514968,538.0,0.48553345388788427,109.0,0.09764918625678119,725.0,0.6546112115732369,816.0,0.7368896925858951,852.0,0.7694394213381555,0.09764918625678119,WACC_0p3_WRT_0p7,0.5488245931283906,393,False,,,False,False,False,False,False,40.0,0.3939393939393939
OCDD,PokerHand,64,0.8,228,0.7903225806451613,0.9374903634897238,0,4,2913,4159,0.001,"{'nu':0.5,'kernel':'rbf','gamma':'auto'}",0.1390570814533798,0.027548775922486148,0.04068182266771963,0.1390570814533798,0.16920224107666215,0.18388395800702298,-1.7606682797852482,-3.091916252778669,-0.3636769151630123,-2.2626921951286003,2.4656972749710926,0.027548775922486148,0.09311071994676157,0.06556194402427543,0.04068182266771963,0.21500979714842405,0.17432797448070442,0.1390570814533798,0.4920229873121777,0.3529659058587979,0.16920224107666215,0.5395323976132261,0.370330156536564,0.18388395800702298,0.5476983657831794,0.3638144077761565,109.0,0.09764918625678119,762.0,0.6880650994575045,996.0,0.8996383363471971,970.0,0.8761301989150091,835.0,0.7540687160940326,0.09764918625678119,WACC_0p1_WRT_0p9,0.6631103074141049,394,False,,,False,False,False,False,False,4.0,0.030303030303030304
OCDD,PokerHand,80,0.91,316,0.967741935483871,0.8286146566640378,0,3,746,878,0.001,"{'nu':0.5,'kernel':'rbf','gamma':'auto'}",0.12024929100209591,0.12550742166284276,0.14013774973360021,0.12024929100209591,0.04039370510552463,0.010749911084113961,-1.7606682797852482,-3.091916252778669,-0.3636769151630123,-2.2626921951286003,2.4656972749710926,0.12550742166284276,0.18318230589784146,0.0576748842349987,0.14013774973360021,0.23526898081596154,0.09513123108236132,0.12024929100209591,0.29102986707968276,0.17078057607758684,0.04039370510552463,0.2772096022451527,0.23681589713962803,0.010749911084113961,0.3371129353225695,0.32636302423845553,676.0,0.6103074141048824,904.0,0.8164556962025317,110.0,0.09855334538878843,126.0,0.11301989150090416,124.0,0.1112115732368897,0.09855334538878843,WACC_0p5_WRT_0p5,0.3499095840867993,395,False,,,False,False,False,False,False,3.0,0.020202020202020204
OCDD,PokerHand,474,0.84,316,0.8548387096774193,0.8286146566640378,0,37,4582,4783,0.43,"{'nu':0.5,'kernel':'rbf','gamma':'auto'}",0.04214225519093449,0.1357989900728006,0.11547230145260737,0.04214225519093449,0.07870925512531321,0.12713675846989533,-1.7606682797852482,-3.091916252778669,-0.3636769151630123,-2.2626921951286003,2.4656972749710926,0.1357989900728006,0.14757362985153455,0.011774639778733942,0.11547230145260737,0.17463221164737158,0.059159910194764215,0.04214225519093449,0.39093432865171496,0.34879207346078045,0.07870925512531321,0.4767152476634997,0.39800599253818647,0.12713675846989533,0.5394067153525224,0.412269956882627,528.0,0.47649186256781195,110.0,0.09855334538878843,617.0,0.5569620253164557,689.0,0.6220614828209765,783.0,0.7070524412296564,0.09855334538878843,WACC_0p3_WRT_0p7,0.4922242314647378,396,False,,,False,False,False,False,False,37.0,0.36363636363636365
OCDD,PokerHand,851,0.75,226,0.7096774193548386,0.9404273733258413,0,8,2475,4882,0.125,"{'nu':0.5,'kernel':'rbf','gamma':'auto'}",0.22477502985268,0.031821117637616456,0.09169835046601331,0.22477502985268,0.25330561932096324,0.26675414815754883,-1.7606682797852482,-3.091916252778669,-0.3636769151630123,-2.2626921951286003,2.4656972749710926,0.031821117637616456,0.09323103553903604,0.061409917901419586,0.09169835046601331,0.2099745633769784,0.11827621291096509,0.22477502985268,0.481583586720787,0.256808556868107,0.25330561932096324,0.5444250981209338,0.2911194787999705,0.26675414815754883,0.5630907462445711,0.2963365980870223,110.0,0.09855334538878843,711.0,0.6419529837251357,967.0,0.8734177215189873,985.0,0.8896925858951176,921.0,0.8318264014466547,0.09855334538878843,WACC_0p1_WRT_0p9,0.6670886075949367,397,False,,,False,False,False,False,False,8.0,0.0707070707070707
OCDD,PokerHand,545,0.9,455,0.9516129032258064,0.7068782062041974,0,50,5000,2349,0.281,"{'nu':0.5,'kernel':'rbf','gamma':'auto'}",0.23541800252755685,0.2545902846685259,0.26294132485667776,0.23541800252755685,0.09927871617624714,0.03828900535931413,-1.7606682797852482,-3.091916252778669,-0.3636769151630123,-2.2626921951286003,2.4656972749710926,0.2545902846685259,0.16056003850065928,0.09403024616786662,0.26294132485667776,0.19249015822400495,0.07045116663267281,0.23541800252755685,0.2911037609706202,0.05568575844306334,0.09927871617624714,0.3448543643128599,0.24557564813661273,0.03828900535931413,0.41266459919313436,0.37437559383382024,590.0,0.5325497287522604,438.0,0.39511754068716093,111.0,0.09945750452079566,252.0,0.22694394213381555,294.0,0.26491862567811936,0.09945750452079566,WACC_0p5_WRT_0p5,0.30379746835443033,398,False,,,False,False,False,False,False,50.0,0.494949494949495
OCDD,PokerHand,84,0.89,582,0.935483870967742,0.6246155583323654,0,65,3943,544,0.999,"{'nu':0.5,'kernel':'rbf','gamma':'auto'}",0.30962444273189665,0.34229395435531823,0.3447825148144417,0.30962444273189665,0.1345118248636313,0.06228968535964186,-1.7606682797852482,-3.091916252778669,-0.3636769151630123,-2.2626921951286003,2.4656972749710926,0.34229395435531823,0.30327789408002315,0.039016060275295084,0.3447825148144417,0.2919294514577719,0.05285306335666984,0.30962444273189665,0.36716486879233007,0.057540426060433414,0.1345118248636313,0.2781454410696855,0.14363361620605417,0.06228968535964186,0.32948920503653256,0.2671995196768907,1057.0,0.9547920433996383,1053.0,0.9511754068716094,508.0,0.45840867992766726,128.0,0.11482820976491863,111.0,0.09945750452079566,0.09945750452079566,WACC_0p9_WRT_0p1,0.5157323688969259,399,False,,,False,False,False,False,False,65.0,0.6464646464646465
OCDD,PokerHand,675,0.73,663,0.6774193548387095,0.5810575563978435,0,85,2515,4041,0.904,"{'nu':0.5,'kernel':'rbf','gamma':'auto'}",0.1762945518460006,0.4114780752545306,0.33360494962070636,0.1762945518460006,0.20839023293076656,0.33222128520368066,-1.7606682797852482,-3.091916252778669,-0.3636769151630123,-2.2626921951286003,2.4656972749710926,0.4114780752545306,0.24960093687587084,0.16187713837865977,0.33360494962070636,0.17479111029554797,0.15881383932515838,0.1762945518460006,0.35861260389468047,0.18231805204867987,0.20839023293076656,0.5025087278889434,0.2941184949581769,0.33222128520368066,0.5867980092860017,0.254576724082321,968.0,0.8743218806509946,111.0,0.09945750452079566,469.0,0.4231464737793852,829.0,0.7486437613019892,1002.0,0.9050632911392406,0.09945750452079566,WACC_0p3_WRT_0p7,0.6101265822784809,400,False,,,False,False,False,False,False,85.0,0.8484848484848485
OCDD,PokerHand,254,0.8,221,0.7903225806451613,0.9478846297917196,0,2,704,3821,0.001,"{'nu':0.5,'kernel':'rbf','gamma':'auto'}",0.14624788866443778,0.016652780945580165,0.04976497281012525,0.14624788866443778,0.17146698059597884,0.18295222055462518,-1.7606682797852482,-3.091916252778669,-0.3636769151630123,-2.2626921951286003,2.4656972749710926,0.016652780945580165,0.09340768113601766,0.0767549001904375,0.04976497281012525,0.22425739516453747,0.1744924223544122,0.14624788866443778,0.4919819600566806,0.3457340713922428,0.17146698059597884,0.5272768771115902,0.35580989651561135,0.18295222055462518,0.549480755090079,0.3665285345354538,111.0,0.09945750452079566,845.0,0.7631103074141049,995.0,0.8987341772151899,930.0,0.8399638336347197,842.0,0.7603978300180831,0.09945750452079566,WACC_0p1_WRT_0p9,0.6723327305605785,401,False,,,False,False,False,False,False,2.0,0.010101010101010102
OCDD,PokerHand,768,0.91,424,0.967741935483871,0.7304505401311192,0,30,745,756,0.16,"{'nu':0.5,'kernel':'rbf','gamma':'auto'}",0.22211495662816655,0.22840989592884456,0.24200369846932424,0.22211495662816655,0.0992116539617764,0.019549299246576342,-1.7606682797852482,-3.091916252778669,-0.3636769151630123,-2.2626921951286003,2.4656972749710926,0.22840989592884456,0.18951663035004854,0.03889326557879602,0.24200369846932424,0.22554036140756195,0.016463337061762284,0.22211495662816655,0.29490618120796674,0.0727912245798002,0.0992116539617764,0.27498178163297543,0.17577012767119904,0.019549299246576342,0.33097799671902806,0.3114286974724517,712.0,0.6428571428571429,850.0,0.7676311030741411,127.0,0.11392405063291139,124.0,0.1112115732368897,112.0,0.1003616636528029,0.1003616636528029,WACC_0p9_WRT_0p1,0.3471971066907776,402,False,,,False,False,False,False,False,30.0,0.29292929292929293
OCDD,PokerHand,994,0.65,426,0.5483870967741935,0.7288786265660492,0,72,2102,3153,0.811,"{'nu':0.5,'kernel':'rbf','gamma':'auto'}",0.24579673181702005,0.2682835108973324,0.152020367723113,0.24579673181702005,0.37413953416481804,0.4519842094618441,-1.7606682797852482,-3.091916252778669,-0.3636769151630123,-2.2626921951286003,2.4656972749710926,0.2682835108973324,0.21225759822705395,0.05602591267027843,0.152020367723113,0.1748639581087158,0.022843590385602797,0.24579673181702005,0.39934365386995785,0.1535469220529378,0.37413953416481804,0.513979334862678,0.13983980069785995,0.4519842094618441,0.5740203231953964,0.12203611373355233,815.0,0.7359855334538878,112.0,0.1003616636528029,657.0,0.593128390596745,875.0,0.7902350813743219,961.0,0.8679927667269439,0.1003616636528029,WACC_0p3_WRT_0p7,0.6175406871609403,403,False,,,False,False,False,False,False,72.0,0.7171717171717171
OCDD,PokerHand,147,0.8,231,0.7903225806451613,0.933132597318137,0,6,846,4273,0.001,"{'nu':0.5,'kernel':'rbf','gamma':'auto'}",0.13604235626736705,0.03211689039411779,0.03687373816497616,0.13604235626736705,0.16825275556436206,0.1842745862469479,-1.7606682797852482,-3.091916252778669,-0.3636769151630123,-2.2626921951286003,2.4656972749710926,0.03211689039411779,0.09349715333941529,0.0613802629452975,0.03687373816497616,0.2160368490091533,0.17916311084417713,0.13604235626736705,0.48812735862099915,0.3520850023536321,0.16825275556436206,0.539514438021424,0.3712616824570619,0.1842745862469479,0.550634674730635,0.36636008848368706,112.0,0.1003616636528029,769.0,0.6943942133815552,981.0,0.8860759493670886,969.0,0.8752260397830018,850.0,0.7676311030741411,0.1003616636528029,WACC_0p1_WRT_0p9,0.6647377938517179,404,False,,,False,False,False,False,False,6.0,0.050505050505050504
OCDD,PokerHand,127,0.91,334,0.967741935483871,0.8101231310297821,0,6,811,985,0.253,"{'nu':0.5,'kernel':'rbf','gamma':'auto'}",0.13943809067456425,0.14489152868610533,0.15932660273644625,0.13943809067456425,0.05147345244542955,0.012407483296026799,-1.7606682797852482,-3.091916252778669,-0.3636769151630123,-2.2626921951286003,2.4656972749710926,0.14489152868610533,0.15738126663025362,0.012489737944148288,0.15932660273644625,0.1996254479575399,0.04029884522109364,0.13943809067456425,0.29129486415395744,0.1518567734793932,0.05147345244542955,0.29761535667976846,0.2461419042343389,0.012407483296026799,0.3571070395695731,0.3446995562735463,576.0,0.5198915009041591,567.0,0.5117540687160941,113.0,0.10126582278481013,164.0,0.14737793851717904,164.0,0.14737793851717904,0.10126582278481013,WACC_0p5_WRT_0p5,0.2855334538878843,405,False,,,False,False,False,False,False,6.0,0.050505050505050504
OCDD,PokerHand,774,0.9,563,0.9516129032258064,0.6357090273316344,0,61,3316,544,0.886,"{'nu':0.5,'kernel':'rbf','gamma':'auto'}",0.30927081182252353,0.3291947822805481,0.33679433940670384,0.30927081182252353,0.1419218455692988,0.04466857920179243,-1.7606682797852482,-3.091916252778669,-0.3636769151630123,-2.2626921951286003,2.4656972749710926,0.3291947822805481,0.2732442123167168,0.0559505699638313,0.33679433940670384,0.269001101063728,0.06779323834297585,0.30927081182252353,0.32691359580172163,0.017642783979198107,0.1419218455692988,0.27761034145963365,0.13568849589033485,0.04466857920179243,0.3310373788900559,0.28636879968826345,1027.0,0.9276672694394213,1020.0,0.9213381555153707,292.0,0.2631103074141049,127.0,0.11392405063291139,113.0,0.10126582278481013,0.10126582278481013,WACC_0p9_WRT_0p1,0.46546112115732374,406,False,,,False,False,False,False,False,61.0,0.6060606060606061
OCDD,PokerHand,894,0.78,313,0.7580645161290321,0.8317983602817474,0,39,679,4376,0.25,"{'nu':0.5,'kernel':'rbf','gamma':'auto'}",0.09941325066811998,0.1412829542168126,0.09102672550400297,0.09941325066811998,0.1795590743134808,0.22661152758219666,-1.7606682797852482,-3.091916252778669,-0.3636769151630123,-2.2626921951286003,2.4656972749710926,0.1412829542168126,0.09354273726935895,0.04774021694745366,0.09102672550400297,0.1951516063088454,0.10412488080484243,0.09941325066811998,0.4614900451279176,0.36207679445979757,0.1795590743134808,0.5266392286756201,0.34708015436213924,0.22661152758219666,0.5458003915197915,0.3191888639375949,113.0,0.10126582278481013,487.0,0.4394213381555154,904.0,0.8164556962025317,929.0,0.8390596745027125,826.0,0.7459312839059674,0.10126582278481013,WACC_0p1_WRT_0p9,0.5884267631103074,407,False,,,False,False,False,False,False,39.0,0.3838383838383838
OCDD,PokerHand,912,0.8,417,0.7903225806451613,0.7360110921835776,0,70,2901,3828,0.697,"{'nu':0.5,'kernel':'rbf','gamma':'auto'}",0.0936051009019048,0.2387534020422653,0.19747346425359205,0.0936051009019048,0.12530322456189863,0.20194447113065836,-1.7606682797852482,-3.091916252778669,-0.3636769151630123,-2.2626921951286003,2.4656972749710926,0.2387534020422653,0.19223627792197662,0.04651712412028869,0.19747346425359205,0.1748791514224553,0.022594312831136748,0.0936051009019048,0.44243550428874057,0.3488304033868358,0.12530322456189863,0.5529931693937866,0.427689944831888,0.20194447113065836,0.6026555215864436,0.40071105045578526,726.0,0.6555153707052441,113.0,0.10126582278481013,843.0,0.7613019891500904,1008.0,0.9104882459312839,1046.0,0.9448462929475587,0.10126582278481013,WACC_0p3_WRT_0p7,0.6746835443037974,408,False,,,False,False,False,False,False,70.0,0.696969696969697
OCDD,PokerHand,423,0.88,254,0.9193548387096774,0.9014836299107928,0,2,3299,3022,0.001,"{'nu':0.5,'kernel':'rbf','gamma':'auto'}",0.011158147973023117,0.05353175319644038,0.05394993406011535,0.011158147973023117,0.027815443124952727,0.05409804587378075,-1.7606682797852482,-3.091916252778669,-0.3636769151630123,-2.2626921951286003,2.4656972749710926,0.05353175319644038,0.09809612357129623,0.04456437037485585,0.05394993406011535,0.17489617884468175,0.1209462447845664,0.011158147973023117,0.3976804650404645,0.3865223170674414,0.027815443124952727,0.43655643961595986,0.40874099649100715,0.05409804587378075,0.4762852752901597,0.42218722941637893,158.0,0.14195298372513562,114.0,0.10216998191681737,652.0,0.5886075949367089,529.0,0.47739602169981915,473.0,0.4267631103074141,0.10216998191681737,WACC_0p3_WRT_0p7,0.347377938517179,409,False,,,False,False,False,False,False,2.0,0.010101010101010102
OCDD,PokerHand,998,0.69,304,0.6129032258064514,0.8415352427908573,0,42,222,4448,0.272,"{'nu':0.5,'kernel':'rbf','gamma':'auto'}",0.256784274005463,0.14430809131368932,0.06342030065481635,0.256784274005463,0.3319147945948572,0.3753789500765479,-1.7606682797852482,-3.091916252778669,-0.3636769151630123,-2.2626921951286003,2.4656972749710926,0.14430809131368932,0.0939659649277831,0.050342126385906225,0.06342030065481635,0.23906700718132573,0.17564670652650938,0.256784274005463,0.5221173722997655,0.2653330982943025,0.3319147945948572,0.5884030686935069,0.2564882740986497,0.3753789500765479,0.608134500884562,0.23275555080801408,114.0,0.10216998191681737,923.0,0.833634719710669,1044.0,0.9430379746835443,1070.0,0.9665461121157324,1061.0,0.9584086799276673,0.10216998191681737,WACC_0p1_WRT_0p9,0.7607594936708861,410,False,,,False,False,False,False,False,42.0,0.41414141414141414
OCDD,PokerHand,33,0.91,384,0.967741935483871,0.7635458034131712,0,21,1150,1051,0.001,"{'nu':0.5,'kernel':'rbf','gamma':'auto'}",0.18777174505180858,0.19371713243755517,0.20766039144476325,0.18777174505180858,0.07938164303863884,0.01658265442519697,-1.7606682797852482,-3.091916252778669,-0.3636769151630123,-2.2626921951286003,2.4656972749710926,0.19371713243755517,0.18934062858075382,0.004376503856801356,0.20766039144476325,0.2235447247608871,0.01588433331612385,0.18777174505180858,0.29211696748170735,0.10434522242989877,0.07938164303863884,0.2806256541945887,0.20124401115594984,0.01658265442519697,0.3492360977923125,0.33265344336711555,710.0,0.6410488245931284,840.0,0.7585895117540687,115.0,0.10307414104882459,132.0,0.11844484629294756,143.0,0.12839059674502712,0.10307414104882459,WACC_0p5_WRT_0p5,0.3499095840867993,411,False,,,False,False,False,False,False,21.0,0.20202020202020202
OCDD,PokerHand,336,0.91,356,0.967741935483871,0.7888270136859847,0,13,701,689,0.268,"{'nu':0.5,'kernel':'rbf','gamma':'auto'}",0.16153723693183583,0.16721560437012561,0.18142581041266206,0.16153723693183583,0.06423365428908553,0.014316457873295874,-1.7606682797852482,-3.091916252778669,-0.3636769151630123,-2.2626921951286003,2.4656972749710926,0.16721560437012561,0.20085459340492293,0.03363898903479731,0.18142581041266206,0.22674853869155284,0.04532272827889078,0.16153723693183583,0.3035870262396721,0.14204978930783627,0.06423365428908553,0.2825264738542506,0.21829281956516508,0.014316457873295874,0.333736584529031,0.3194201266557351,764.0,0.689873417721519,858.0,0.7748643761301989,165.0,0.14828209764918626,137.0,0.12296564195298372,115.0,0.10307414104882459,0.10307414104882459,WACC_0p9_WRT_0p1,0.3678119349005425,412,False,,,False,False,False,False,False,13.0,0.12121212121212122
OCDD,PokerHand,611,0.73,576,0.6774193548387095,0.6280792130940889,0,79,2576,4609,0.831,"{'nu':0.5,'kernel':'rbf','gamma':'auto'}",0.1274998137341635,0.36218669476818416,0.2848100758963319,0.1274998137341635,0.21863547786578263,0.3280062846115493,-1.7606682797852482,-3.091916252778669,-0.3636769151630123,-2.2626921951286003,2.4656972749710926,0.36218669476818416,0.24126923591200006,0.1209174588561841,0.2848100758963319,0.1750009389415238,0.1098091369548081,0.1274998137341635,0.364377579535193,0.2368777658010295,0.21863547786578263,0.5005742974231427,0.2819388195573601,0.3280062846115493,0.5854713314576,0.2574650468460507,937.0,0.8462929475587704,115.0,0.10307414104882459,494.0,0.445750452079566,822.0,0.7423146473779385,999.0,0.9023508137432188,0.10307414104882459,WACC_0p3_WRT_0p7,0.6079566003616637,413,False,,,False,False,False,False,False,79.0,0.7878787878787878
OCDD,PokerHand,120,0.81,230,0.8064516129032256,0.9345788931928448,0,5,349,1965,0.001,"{'nu':0.5,'kernel':'rbf','gamma':'auto'}",0.12030568927757374,0.02913055811510879,0.02844760304773741,0.12030568927757374,0.15187518919701867,0.16751824843818278,-1.7606682797852482,-3.091916252778669,-0.3636769151630123,-2.2626921951286003,2.4656972749710926,0.02913055811510879,0.09406847010945706,0.06493791199434826,0.02844760304773741,0.2217895788571761,0.19334197580943868,0.12030568927757374,0.47983512993597555,0.3595294406584018,0.15187518919701867,0.5000024957333754,0.3481273065363567,0.16751824843818278,0.5291609422031935,0.3616426937650108,115.0,0.10307414104882459,820.0,0.740506329113924,963.0,0.8698010849909584,817.0,0.7377938517179023,725.0,0.6546112115732369,0.10307414104882459,WACC_0p1_WRT_0p9,0.6211573236889693,414,False,,,False,False,False,False,False,5.0,0.04040404040404041
OCDD,PokerHand,466,0.85,285,0.8709677419354838,0.8630706591273891,0,28,4878,4824,0.001,"{'nu':0.5,'kernel':'rbf','gamma':'auto'}",0.017545141977800948,0.098209580796434,0.08324057636252911,0.017545141977800948,0.06952396042585995,0.10742144510405816,-1.7606682797852482,-3.091916252778669,-0.3636769151630123,-2.2626921951286003,2.4656972749710926,0.098209580796434,0.11402843044569518,0.01581884964926117,0.08324057636252911,0.1750261368926534,0.09178556053012428,0.017545141977800948,0.41751670353060216,0.3999715615528012,0.06952396042585995,0.4837652322844332,0.41424127185857323,0.10742144510405816,0.5165270499841687,0.4091056048801105,291.0,0.26220614828209765,116.0,0.10397830018083183,735.0,0.6636528028933092,741.0,0.6690777576853526,653.0,0.5895117540687161,0.10397830018083183,WACC_0p3_WRT_0p7,0.45768535262206145,415,False,,,False,False,False,False,False,28.0,0.2727272727272727
OCDD,PokerHand,383,0.67,216,0.5806451612903225,0.9555117699538278,0,9,2054,2628,0.18,"{'nu':0.5,'kernel':'rbf','gamma':'auto'}",0.36910826916772604,0.03209126291312828,0.18240000569323317,0.36910826916772604,0.39013378446949276,0.3984155293583037,-1.7606682797852482,-3.091916252778669,-0.3636769151630123,-2.2626921951286003,2.4656972749710926,0.03209126291312828,0.09422935083072959,0.06213808791760131,0.18240000569323317,0.22869907025818445,0.04629906456495128,0.36910826916772604,0.4731363906307077,0.10402812146298168,0.39013378446949276,0.507694137770232,0.11756035330073922,0.3984155293583037,0.5388066882971669,0.14039115893886323,116.0,0.10397830018083183,864.0,0.7802893309222423,941.0,0.8499095840867993,855.0,0.7721518987341772,780.0,0.7043399638336347,0.10397830018083183,WACC_0p1_WRT_0p9,0.642133815551537,416,False,,,False,False,False,False,False,9.0,0.08080808080808081
OCDD,PokerHand,309,0.93,629,1.0,0.5986563167246675,0,25,5000,709,0.667,"{'nu':0.5,'kernel':'rbf','gamma':'auto'}",0.3811951411227048,0.3636253459289469,0.3858152380556118,0.3811951411227048,0.20629408611451638,0.08805056782642572,-1.7606682797852482,-3.091916252778669,-0.3636769151630123,-2.2626921951286003,2.4656972749710926,0.3636253459289469,0.267564076642873,0.09606126928607389,0.3858152380556118,0.25859392425816263,0.12722131379744916,0.3811951411227048,0.3173452939612168,0.063849847161488,0.20629408611451638,0.2694040378374919,0.06310995172297551,0.08805056782642572,0.3522002893580383,0.2641497215316126,1010.0,0.9122965641952984,1000.0,0.903254972875226,235.0,0.2115732368896926,117.0,0.10488245931283906,154.0,0.1383363471971067,0.10488245931283906,WACC_0p7_WRT_0p3,0.4540687160940326,417,False,,,False,False,False,False,False,25.0,0.24242424242424243
OCDD,PokerHand,779,0.83,276,0.8387096774193548,0.8737761990620119,0,23,1625,4577,0.049,"{'nu':0.5,'kernel':'rbf','gamma':'auto'}",0.04476762694576597,0.08992773520243305,0.06508405266874709,0.04476762694576597,0.10524190220535663,0.13971519018772088,-1.7606682797852482,-3.091916252778669,-0.3636769151630123,-2.2626921951286003,2.4656972749710926,0.08992773520243305,0.0942947556547607,0.004367020452327647,0.06508405266874709,0.20955777941363457,0.14447372674488748,0.04476762694576597,0.47691102373886696,0.432143396793101,0.10524190220535663,0.5171256161287948,0.4118837139234382,0.13971519018772088,0.5451342182025185,0.4054190280147976,117.0,0.10488245931283906,706.0,0.6374321880650995,950.0,0.8580470162748643,891.0,0.8047016274864376,819.0,0.7396021699819169,0.10488245931283906,WACC_0p1_WRT_0p9,0.6289330922242314,418,False,,,False,False,False,False,False,23.0,0.2222222222222222
OCDD,PokerHand,1030,0.62,559,0.4999999999999999,0.6380920763551772,0,81,70,2972,0.854,"{'nu':0.5,'kernel':'rbf','gamma':'auto'}",0.23320179250037598,0.3678629777072727,0.23565963094217074,0.23320179250037598,0.4044367106696283,0.5100023532802349,-1.7606682797852482,-3.091916252778669,-0.3636769151630123,-2.2626921951286003,2.4656972749710926,0.3678629777072727,0.19801853591404173,0.169844441793231,0.23565963094217074,0.17519058561729028,0.060469045324880455,0.23320179250037598,0.46520475230025965,0.23200295979988367,0.4044367106696283,0.5672974150878848,0.1628607044182565,0.5100023532802349,0.6346532437014738,0.12465089042123889,752.0,0.6790235081374322,117.0,0.10488245931283906,915.0,0.8264014466546112,1036.0,0.9358047016274864,1090.0,0.984629294755877,0.10488245931283906,WACC_0p3_WRT_0p7,0.7061482820976492,419,False,,,False,False,False,False,False,81.0,0.8080808080808081
OCDD,PokerHand,303,0.92,482,0.9838709677419356,0.687618246755755,0,25,3403,1156,0.001,"{'nu':0.5,'kernel':'rbf','gamma':'auto'}",0.2777205078792447,0.2718394694998358,0.2899748607463208,0.2777205078792447,0.1389328984161132,0.04423599625215131,-1.7606682797852482,-3.091916252778669,-0.3636769151630123,-2.2626921951286003,2.4656972749710926,0.2718394694998358,0.18992179554664762,0.08191767395318816,0.2899748607463208,0.2175019471646827,0.07247291358163807,0.2777205078792447,0.2925576972824678,0.014837189403223094,0.1389328984161132,0.27209699005801197,0.13316409164189877,0.04423599625215131,0.3473456458052077,0.3031096495530564,716.0,0.6464737793851718,779.0,0.7034358047016275,118.0,0.1057866184448463,120.0,0.10759493670886076,141.0,0.12658227848101267,0.1057866184448463,WACC_0p5_WRT_0p5,0.33797468354430377,420,False,,,False,False,False,False,False,25.0,0.24242424242424243
OCDD,PokerHand,1031,0.92,377,0.9838709677419356,0.7696894065043408,0,4,437,432,0.455,"{'nu':0.5,'kernel':'rbf','gamma':'auto'}",0.19255462841360782,0.1858067550794121,0.2048087445838297,0.19255462841360782,0.08975752306348311,0.018487117132393798,-1.7606682797852482,-3.091916252778669,-0.3636769151630123,-2.2626921951286003,2.4656972749710926,0.1858067550794121,0.21435084243665958,0.028544087357247477,0.2048087445838297,0.2475406451029727,0.042731900519142996,0.19255462841360782,0.34243369326096024,0.14987906484735242,0.08975752306348311,0.28387151287727536,0.19411398981379224,0.018487117132393798,0.33391308406875986,0.31542596693636604,822.0,0.7423146473779385,957.0,0.864376130198915,379.0,0.34177215189873417,139.0,0.12477396021699819,118.0,0.1057866184448463,0.1057866184448463,WACC_0p9_WRT_0p1,0.4358047016274864,421,False,,,False,False,False,False,False,4.0,0.030303030303030304
OCDD,PokerHand,980,0.84,287,0.8548387096774193,0.860737430351594,0,30,4732,4725,0.109,"{'nu':0.5,'kernel':'rbf','gamma':'auto'}",0.01901011732551561,0.10212565800926718,0.08213815723292646,0.01901011732551561,0.08570827871453057,0.1242572871873626,-1.7606682797852482,-3.091916252778669,-0.3636769151630123,-2.2626921951286003,2.4656972749710926,0.10212565800926718,0.11858715847839534,0.016461500469128157,0.08213815723292646,0.17532238349894388,0.09318422626601743,0.01901011732551561,0.4208103474133641,0.4018002300878485,0.08570827871453057,0.4872903266670058,0.4015820479524752,0.1242572871873626,0.5236904561322737,0.3994331689449111,332.0,0.29927667269439423,118.0,0.1057866184448463,753.0,0.6799276672694394,754.0,0.6808318264014467,695.0,0.6274864376130199,0.1057866184448463,WACC_0p3_WRT_0p7,0.4786618444846293,422,False,,,False,False,False,False,False,30.0,0.29292929292929293
OCDD,PokerHand,237,0.84,239,0.8548387096774193,0.9217817823596586,0,4,3480,5000,0.001,"{'nu':0.5,'kernel':'rbf','gamma':'auto'}",0.06124091590815966,0.03813471016135243,0.018791783304386852,0.06124091590815966,0.09900883811978647,0.11878529836479906,-1.7606682797852482,-3.091916252778669,-0.3636769151630123,-2.2626921951286003,2.4656972749710926,0.03813471016135243,0.09435032732223221,0.056215617160879784,0.018791783304386852,0.18886212189397908,0.17007033858959222,0.06124091590815966,0.4605152879196208,0.39927437201146115,0.09900883811978647,0.5073927017444804,0.4083838636246939,0.11878529836479906,0.530291980807493,0.4115066824426939,118.0,0.1057866184448463,373.0,0.33634719710669075,898.0,0.8110307414104883,850.0,0.7676311030741411,731.0,0.6600361663652803,0.1057866184448463,WACC_0p1_WRT_0p9,0.5361663652802893,423,False,,,False,False,False,False,False,4.0,0.030303030303030304
OCDD,PokerHand,981,0.86,519,0.8870967741935483,0.6629046833683354,0,67,3568,1722,0.898,"{'nu':0.5,'kernel':'rbf','gamma':'auto'}",0.23641707658231972,0.3065672948578834,0.2944785757502645,0.23641707658231972,0.06939874985446924,0.10873754250970599,-1.7606682797852482,-3.091916252778669,-0.3636769151630123,-2.2626921951286003,2.4656972749710926,0.3065672948578834,0.21395027877351472,0.0926170160843687,0.2944785757502645,0.1895341133445725,0.10494446240569197,0.23641707658231972,0.2927142971960972,0.05629722061377748,0.06939874985446924,0.35576025021299834,0.2863615003585291,0.10873754250970599,0.4363404575947874,0.32760291508508144,819.0,0.7396021699819169,391.0,0.352622061482821,119.0,0.10669077757685352,286.0,0.2576853526220615,355.0,0.32007233273056057,0.10669077757685352,WACC_0p5_WRT_0p5,0.3553345388788427,424,False,,,False,False,False,False,False,67.0,0.6666666666666666
OCDD,PokerHand,860,0.66,307,0.564516129032258,0.8382580521142308,0,43,2099,2342,0.693,"{'nu':0.5,'kernel':'rbf','gamma':'auto'}",0.3047287624166891,0.15215414335299646,0.08962648219579543,0.3047287624166891,0.3812788199843497,0.4255527934561718,-1.7606682797852482,-3.091916252778669,-0.3636769151630123,-2.2626921951286003,2.4656972749710926,0.15215414335299646,0.1827672061959838,0.030613062842987343,0.08962648219579543,0.17534379070670117,0.08571730851090574,0.3047287624166891,0.40210463736472746,0.09737587494803834,0.3812788199843497,0.4698295543347699,0.08855073435042021,0.4255527934561718,0.5297295017205067,0.1041767082643349,674.0,0.608499095840868,119.0,0.10669077757685352,672.0,0.6066907775768535,660.0,0.5958408679927667,728.0,0.6573236889692586,0.10669077757685352,WACC_0p3_WRT_0p7,0.5150090415913201,425,False,,,False,False,False,False,False,43.0,0.42424242424242425
OCDD,PokerHand,329,0.83,235,0.8387096774193548,0.9274090908622172,0,4,1340,4724,0.001,"{'nu':0.5,'kernel':'rbf','gamma':'auto'}",0.08187113900729119,0.03370599692161075,0.009428629896860205,0.08187113900729119,0.11692762643697847,0.13490756139327142,-1.7606682797852482,-3.091916252778669,-0.3636769151630123,-2.2626921951286003,2.4656972749710926,0.03370599692161075,0.09456486300868637,0.06085886608707562,0.009428629896860205,0.21676136819785816,0.20733273830099797,0.08187113900729119,0.4779066151352809,0.39603547612798967,0.11692762643697847,0.5417487474992662,0.4248211210622877,0.13490756139327142,0.5572262841286814,0.42231872273540993,119.0,0.10669077757685352,776.0,0.7007233273056058,954.0,0.8616636528028933,975.0,0.8806509945750453,885.0,0.7992766726943942,0.10669077757685352,WACC_0p1_WRT_0p9,0.6698010849909585,426,False,,,False,False,False,False,False,4.0,0.030303030303030304
OCDD,PokerHand,320,0.85,254,0.8709677419354838,0.9014836299107928,0,11,3865,5000,0.001,"{'nu':0.5,'kernel':'rbf','gamma':'auto'}",0.030461327055222642,0.057942425372136556,0.04337902765397555,0.030461327055222642,0.07789351441456514,0.1039781233248299,-1.7606682797852482,-3.091916252778669,-0.3636769151630123,-2.2626921951286003,2.4656972749710926,0.057942425372136556,0.10764877517914577,0.04970634980700921,0.04337902765397555,0.17537504990340147,0.13199602224942591,0.030461327055222642,0.43278637541725573,0.4023250483620331,0.07789351441456514,0.48949142372866694,0.4115979093141018,0.1039781233248299,0.5221074195651398,0.4181292962403099,241.0,0.21699819168173598,120.0,0.10759493670886076,807.0,0.72875226039783,768.0,0.6934900542495479,684.0,0.6175406871609403,0.10759493670886076,WACC_0p3_WRT_0p7,0.47287522603978294,427,False,,,False,False,False,False,False,11.0,0.10101010101010101
OCDD,PokerHand,601,0.83,253,0.8387096774193548,0.9027992189290462,0,12,1246,4716,0.052,"{'nu':0.5,'kernel':'rbf','gamma':'auto'}",0.06484590226438812,0.059503781313053845,0.034966555987158775,0.06484590226438812,0.11156554046447707,0.13711357947214692,-1.7606682797852482,-3.091916252778669,-0.3636769151630123,-2.2626921951286003,2.4656972749710926,0.059503781313053845,0.09457607120334695,0.0350722898902931,0.034966555987158775,0.21385156215450493,0.17888500616734615,0.06484590226438812,0.4813708028074736,0.41652490054308544,0.11156554046447707,0.5324580052954737,0.4208924648309966,0.13711357947214692,0.5570344755807427,0.4199208961085958,120.0,0.10759493670886076,753.0,0.6799276672694394,965.0,0.8716094032549728,946.0,0.8544303797468354,884.0,0.798372513562387,0.10759493670886076,WACC_0p1_WRT_0p9,0.6623869801084992,428,False,,,False,False,False,False,False,12.0,0.1111111111111111
OCDD,PokerHand,394,0.91,440,0.967741935483871,0.7180771422875973,0,37,3601,1759,0.302,"{'nu':0.5,'kernel':'rbf','gamma':'auto'}",0.23495492760639944,0.24138055463944416,0.25484370513298366,0.23495492760639944,0.10662554314290372,0.020658445178503636,-1.7606682797852482,-3.091916252778669,-0.3636769151630123,-2.2626921951286003,2.4656972749710926,0.24138055463944416,0.16921221630348937,0.07216833833595479,0.25484370513298366,0.1926505478573332,0.062193157275650446,0.23495492760639944,0.2929971057172489,0.05804217811084947,0.10662554314290372,0.3265294736133901,0.21990393047048634,0.020658445178503636,0.3898369902621108,0.3691785450836072,621.0,0.5605786618444847,444.0,0.40054249547920434,121.0,0.10849909584086799,224.0,0.20162748643761302,235.0,0.2115732368896926,0.10849909584086799,WACC_0p5_WRT_0p5,0.2965641952983725,429,False,,,False,False,False,False,False,37.0,0.36363636363636365
OCDD,PokerHand,785,0.77,732,0.7419354838709676,0.5479563609044471,0,90,2940,3186,0.969,"{'nu':0.5,'kernel':'rbf','gamma':'auto'}",0.2552765112162057,0.4402961610692836,0.38204895443898407,0.2552765112162057,0.1344072656171157,0.2686816918511395,-1.7606682797852482,-3.091916252778669,-0.3636769151630123,-2.2626921951286003,2.4656972749710926,0.4402961610692836,0.23798858466024778,0.20230757640903582,0.38204895443898407,0.17543949008517654,0.20660946435380753,0.2552765112162057,0.3426810310024104,0.08740451978620467,0.1344072656171157,0.4791169321322546,0.3447096665151389,0.2686816918511395,0.5403365376551336,0.27165484580399407,924.0,0.8345388788426763,121.0,0.10849909584086799,380.0,0.3426763110307414,707.0,0.6383363471971067,788.0,0.7115732368896925,0.10849909584086799,WACC_0p3_WRT_0p7,0.5271247739602171,430,False,,,False,False,False,False,False,90.0,0.898989898989899
OCDD,PokerHand,0,0.77,298,0.7419354838709676,0.8481874544780369,0,37,2635,3744,0.085,"{'nu':0.5,'kernel':'rbf','gamma':'auto'}",0.1274885327951774,0.12557298653788893,0.07049595251712817,0.1274885327951774,0.19982267857543365,0.2417691088818968,-1.7606682797852482,-3.091916252778669,-0.3636769151630123,-2.2626921951286003,2.4656972749710926,0.12557298653788893,0.09468001507367817,0.03089297146421076,0.07049595251712817,0.21798361171057412,0.14748765919344595,0.1274885327951774,0.48838061292430013,0.3608920801291227,0.19982267857543365,0.5301942854905826,0.3303716069151489,0.2417691088818968,0.5473023963027801,0.3055332874208833,121.0,0.10849909584086799,785.0,0.7088607594936709,983.0,0.8878842676311031,939.0,0.8481012658227848,832.0,0.7513562386980108,0.10849909584086799,WACC_0p1_WRT_0p9,0.6609403254972875,431,False,,,False,False,False,False,False,37.0,0.36363636363636365
OCDD,PokerHand,38,0.9,354,0.9516129032258064,0.790708012871315,0,27,4748,2443,0.255,"{'nu':0.5,'kernel':'rbf','gamma':'auto'}",0.14842716150483817,0.16671403387586267,0.17595024206508939,0.14842716150483817,0.04904959523751261,0.03077453841862935,-1.7606682797852482,-3.091916252778669,-0.3636769151630123,-2.2626921951286003,2.4656972749710926,0.16671403387586267,0.1485433688189963,0.018170665056866375,0.17595024206508939,0.18048247700875975,0.00453223494367036,0.14842716150483817,0.2932795808897424,0.1448524193849042,0.04904959523751261,0.34784362232170457,0.29879402708419195,0.03077453841862935,0.4123073248998063,0.38153278648117694,532.0,0.48010849909584086,214.0,0.19258589511754068,122.0,0.10940325497287523,261.0,0.23508137432188064,291.0,0.26220614828209765,0.10940325497287523,WACC_0p5_WRT_0p5,0.25587703435804704,432,False,,,False,False,False,False,False,27.0,0.26262626262626265
OCDD,PokerHand,292,0.92,316,0.9838709677419356,0.8286146566640378,1,1,2426,564,0.425,"{'nu':0.5,'kernel':'rbf','gamma':'auto'}",0.13140743897511906,0.12403719760427738,0.14366138520231353,0.13140743897511906,0.054450707572787506,0.0,-1.7606682797852482,-3.091916252778669,-0.3636769151630123,-2.2626921951286003,2.4656972749710926,0.12403719760427738,0.19389856168340294,0.06986136407912556,0.14366138520231353,0.20850057072241554,0.06483918552010201,0.13140743897511906,0.3052688462365392,0.17386140726142016,0.054450707572787506,0.2905570756223769,0.23610636804958943,0.0,0.3366590828153348,0.3366590828153348,733.0,0.6618444846292948,695.0,0.6274864376130199,171.0,0.15370705244122965,147.0,0.13200723327305605,122.0,0.10940325497287523,0.10940325497287523,WACC_0p9_WRT_0p1,0.3368896925858951,433,False,,,False,False,False,False,False,1.0,0.0
OCDD,PokerHand,847,0.87,262,0.9032258064516128,0.8911409705101816,0,8,1026,2769,0.127,"{'nu':0.5,'kernel':'rbf','gamma':'auto'}",0.010732657934467234,0.06584387427810498,0.06115898635455642,0.010732657934467234,0.04225463832977832,0.07165184978995562,-1.7606682797852482,-3.091916252778669,-0.3636769151630123,-2.2626921951286003,2.4656972749710926,0.06584387427810498,0.09488364310400103,0.029039768825896053,0.06115898635455642,0.1899734688256539,0.1288144824710975,0.010732657934467234,0.4125734240274342,0.40184076609296693,0.04225463832977832,0.450700103092785,0.4084454647630067,0.07165184978995562,0.4916846786530716,0.420032828863116,122.0,0.10940325497287523,395.0,0.3562386980108499,708.0,0.6392405063291139,581.0,0.5244122965641953,526.0,0.47468354430379744,0.10940325497287523,WACC_0p1_WRT_0p9,0.42079566003616636,434,False,,,False,False,False,False,False,8.0,0.0707070707070707
OCDD,PokerHand,232,0.84,279,0.8548387096774193,0.8701695181429151,0,26,4716,4401,0.001,"{'nu':0.5,'kernel':'rbf','gamma':'auto'}",0.02553528446426212,0.0922382856628191,0.07235037932225415,0.02553528446426212,0.0877633753755203,0.12341179899279989,-1.7606682797852482,-3.091916252778669,-0.3636769151630123,-2.2626921951286003,2.4656972749710926,0.0922382856628191,0.11523150667847461,0.022993221015655513,0.07235037932225415,0.17546085993296276,0.10311048061070861,0.02553528446426212,0.41890692594428813,0.393371641480026,0.0877633753755203,0.4823486123019697,0.39458523692644937,0.12341179899279989,0.5135183523384974,0.39010655334569755,303.0,0.2730560578661845,122.0,0.10940325497287523,742.0,0.6699819168173599,730.0,0.659132007233273,629.0,0.5678119349005425,0.10940325497287523,WACC_0p3_WRT_0p7,0.45587703435804705,435,False,,,False,False,False,False,False,26.0,0.25252525252525254
OCDD,PokerHand,191,0.73,400,0.6774193548387095,0.7499126947065313,0,66,2439,875,0.999,"{'nu':0.5,'kernel':'rbf','gamma':'auto'}",0.12645043331756367,0.23447234099862108,0.15838217504453725,0.12645043331756367,0.2451809879159403,0.31708518499025745,-1.7606682797852482,-3.091916252778669,-0.3636769151630123,-2.2626921951286003,2.4656972749710926,0.23447234099862108,0.18788069631918036,0.046591644679440714,0.15838217504453725,0.1998347544436323,0.04145257939909505,0.12645043331756367,0.2933407842618838,0.16689035094432014,0.2451809879159403,0.3531300808128672,0.10794909289692686,0.31708518499025745,0.4124880900700321,0.09540290507977467,699.0,0.6311030741410488,568.0,0.5126582278481012,123.0,0.11030741410488246,279.0,0.2513562386980108,293.0,0.2640144665461121,0.11030741410488246,WACC_0p5_WRT_0p5,0.3538878842676311,436,False,,,False,False,False,False,False,66.0,0.6565656565656566
OCDD,PokerHand,935,0.89,371,0.935483870967742,0.7750465923828336,0,37,529,786,0.029,"{'nu':0.5,'kernel':'rbf','gamma':'auto'}",0.1535209911286792,0.18460165133341563,0.18867862936146948,0.1535209911286792,0.04437659847256626,0.04880511373568422,-1.7606682797852482,-3.091916252778669,-0.3636769151630123,-2.2626921951286003,2.4656972749710926,0.18460165133341563,0.18461789026563669,1.6238932221052105e-05,0.18867862936146948,0.23009537542137687,0.04141674605990739,0.1535209911286792,0.32329914257413783,0.16977815144545863,0.04437659847256626,0.3006994108125122,0.25632281233994597,0.04880511373568422,0.3368233257212327,0.28801821198554844,683.0,0.6166365280289331,871.0,0.786618444846293,269.0,0.2423146473779385,168.0,0.15099457504520797,123.0,0.11030741410488246,0.11030741410488246,WACC_0p9_WRT_0p1,0.381374321880651,437,False,,,False,False,False,False,False,37.0,0.36363636363636365
OCDD,PokerHand,426,0.86,238,0.8870967741935483,0.923179767582184,0,3,3016,3032,0.001,"{'nu':0.5,'kernel':'rbf','gamma':'auto'}",0.028733605399686658,0.033728796419245206,0.024388350094098465,0.028733605399686658,0.06592805522673993,0.08540659861793048,-1.7606682797852482,-3.091916252778669,-0.3636769151630123,-2.2626921951286003,2.4656972749710926,0.033728796419245206,0.09505447070896031,0.0613256742897151,0.024388350094098465,0.18395223980342792,0.15956388970932947,0.028733605399686658,0.4163611150956342,0.38762750969594756,0.06592805522673993,0.4579758256254095,0.39204777039866956,0.08540659861793048,0.4866894130937132,0.40128281447578273,123.0,0.11030741410488246,286.0,0.2576853526220615,726.0,0.6555153707052441,608.0,0.5488245931283906,505.0,0.45569620253164556,0.11030741410488246,WACC_0p1_WRT_0p9,0.40560578661844476,438,False,,,False,False,False,False,False,3.0,0.020202020202020204
OCDD,PokerHand,70,0.85,276,0.8709677419354838,0.8737761990620119,0,22,1816,5000,0.225,"{'nu':0.5,'kernel':'rbf','gamma':'auto'}",0.011293183026716572,0.08698728708530226,0.07213132360617361,0.011293183026716572,0.07185652134561511,0.10646180522035485,-1.7606682797852482,-3.091916252778669,-0.3636769151630123,-2.2626921951286003,2.4656972749710926,0.08698728708530226,0.1142003721596614,0.027213085074359142,0.07213132360617361,0.17547314518515192,0.10334182157897831,0.011293183026716572,0.4457844903539075,0.43449130732719093,0.07185652134561511,0.5008596989664484,0.42900317762083334,0.10646180522035485,0.5351474318413217,0.4286856266209669,293.0,0.2640144665461121,123.0,0.11030741410488246,850.0,0.7676311030741411,825.0,0.7450271247739603,756.0,0.6826401446654611,0.11030741410488246,WACC_0p3_WRT_0p7,0.5139240506329114,439,False,,,False,False,False,False,False,22.0,0.21212121212121213
OCDD,PokerHand,327,0.84,278,0.8548387096774193,0.8713674334614477,0,24,556,1768,0.273,"{'nu':0.5,'kernel':'rbf','gamma':'auto'}",0.026364008480029094,0.09098254726683591,0.07110728984376367,0.026364008480029094,0.08802438140363744,0.12330441839135584,-1.7606682797852482,-3.091916252778669,-0.3636769151630123,-2.2626921951286003,2.4656972749710926,0.09098254726683591,0.09508095825671506,0.004098410989879148,0.07110728984376367,0.18800019117849393,0.11689290133473025,0.026364008480029094,0.38662647211367535,0.3602624636336462,0.08802438140363744,0.41747017603114916,0.3294457946275117,0.12330441839135584,0.4528562953107927,0.3295518769194369,124.0,0.1112115732368897,357.0,0.321880650994575,593.0,0.5352622061482821,446.0,0.4023508137432188,390.0,0.35171790235081374,0.1112115732368897,WACC_0p1_WRT_0p9,0.3444846292947559,440,False,,,False,False,False,False,False,24.0,0.23232323232323232
OCDD,PokerHand,395,0.87,276,0.9032258064516128,0.8737761990620119,0,14,1174,2830,0.255,"{'nu':0.5,'kernel':'rbf','gamma':'auto'}",0.02875221604274215,0.08404683896817149,0.07917859454360016,0.02875221604274215,0.03847114048587361,0.07320842025298878,-1.7606682797852482,-3.091916252778669,-0.3636769151630123,-2.2626921951286003,2.4656972749710926,0.08404683896817149,0.11325718340780909,0.029210344439637603,0.07917859454360016,0.1756020355440411,0.09642344100044095,0.02875221604274215,0.4002936854177163,0.3715414693749742,0.03847114048587361,0.44163163686980833,0.4031604963839347,0.07320842025298878,0.4872490334654317,0.4140406132124429,284.0,0.25587703435804704,124.0,0.1112115732368897,663.0,0.5985533453887885,547.0,0.4936708860759494,507.0,0.45750452079566006,0.1112115732368897,WACC_0p3_WRT_0p7,0.3833634719710669,441,False,,,False,False,False,False,False,14.0,0.13131313131313133
OCDD,PokerHand,754,0.9,417,0.9516129032258064,0.7360110921835776,0,46,4272,2217,0.604,"{'nu':0.5,'kernel':'rbf','gamma':'auto'}",0.20518658063213532,0.22405116145661133,0.23270981894072473,0.20518658063213532,0.08182288141614331,0.03567754629382803,-1.7606682797852482,-3.091916252778669,-0.3636769151630123,-2.2626921951286003,2.4656972749710926,0.22405116145661133,0.196601486125681,0.027449675330930318,0.23270981894072473,0.18837063272393245,0.04433918621679228,0.20518658063213532,0.29417991621608014,0.08899333558394482,0.08182288141614331,0.36587330696087683,0.28405042554473353,0.03567754629382803,0.43608258520348603,0.400405038909658,745.0,0.6726943942133815,366.0,0.33001808318264014,125.0,0.11211573236889692,309.0,0.27848101265822783,352.0,0.31735985533453887,0.11211573236889692,WACC_0p5_WRT_0p5,0.34213381555153705,442,False,,,False,False,False,False,False,46.0,0.45454545454545453
OCDD,PokerHand,812,0.8,246,0.7903225806451613,0.9121559907883502,0,13,2357,1868,0.262,"{'nu':0.5,'kernel':'rbf','gamma':'auto'}",0.12153063133022998,0.054106032555811714,0.018543087299158368,0.12153063133022998,0.16368229831332515,0.1861549200156009,-1.7606682797852482,-3.091916252778669,-0.3636769151630123,-2.2626921951286003,2.4656972749710926,0.054106032555811714,0.10599614890135761,0.0518901163455459,0.018543087299158368,0.1758199916328712,0.15727690433371283,0.12153063133022998,0.394882894967793,0.27335226363756304,0.16368229831332515,0.4334567569696248,0.2697744586562997,0.1861549200156009,0.46923090472522866,0.28307598470962775,225.0,0.20253164556962025,125.0,0.11211573236889692,640.0,0.5777576853526221,515.0,0.46473779385171793,441.0,0.39783001808318263,0.11211573236889692,WACC_0p3_WRT_0p7,0.350994575045208,443,False,,,False,False,False,False,False,13.0,0.12121212121212122
OCDD,PokerHand,418,0.92,474,0.9838709677419356,0.6932103095112028,0,20,1762,1100,0.001,"{'nu':0.5,'kernel':'rbf','gamma':'auto'}",0.2719175809551744,0.26597747925217374,0.28417191769449424,0.2719175809551744,0.13558224776322847,0.042481551105266406,-1.7606682797852482,-3.091916252778669,-0.3636769151630123,-2.2626921951286003,2.4656972749710926,0.26597747925217374,0.20785391307066545,0.058123566181508296,0.28417191769449424,0.23647355379691903,0.0476983638975752,0.2719175809551744,0.3040206507519217,0.03210306979674732,0.13558224776322847,0.27572302024295237,0.1401407724797239,0.042481551105266406,0.3613906528766886,0.3189091017714222,799.0,0.7215189873417721,909.0,0.8209764918625678,167.0,0.15009041591320071,125.0,0.11211573236889692,169.0,0.1518987341772152,0.11211573236889692,WACC_0p7_WRT_0p3,0.39132007233273053,444,False,,,False,False,False,False,False,20.0,0.1919191919191919
OCDD,PokerHand,209,0.86,235,0.8870967741935483,0.9274090908622172,1,1,2910,2817,0.001,"{'nu':0.5,'kernel':'rbf','gamma':'auto'}",0.0316594731287171,0.029295324745914567,0.019999536303000005,0.0316594731287171,0.06684955514736621,0.08502748394222234,-1.7606682797852482,-3.091916252778669,-0.3636769151630123,-2.2626921951286003,2.4656972749710926,0.029295324745914567,0.09508395036989457,0.06578862562398001,0.019999536303000005,0.18681712442045245,0.16681758811745245,0.0316594731287171,0.4130865455473559,0.3814270724186388,0.06684955514736621,0.45056536971135114,0.38371581456398496,0.08502748394222234,0.4823507601122956,0.39732327617007324,125.0,0.11211573236889692,340.0,0.3065099457504521,709.0,0.6401446654611211,580.0,0.523508137432188,492.0,0.44394213381555153,0.11211573236889692,WACC_0p1_WRT_0p9,0.40524412296564194,445,False,,,False,False,False,False,False,1.0,0.0
OCDD,PokerHand,151,0.9,400,0.9516129032258064,0.7499126947065313,0,45,1305,1333,0.318,"{'nu':0.5,'kernel':'rbf','gamma':'auto'}",0.19076077979690986,0.20947853200300934,0.21828397801266286,0.19076077979690986,0.0734933229675545,0.03443141276764573,-1.7606682797852482,-3.091916252778669,-0.3636769151630123,-2.2626921951286003,2.4656972749710926,0.20947853200300934,0.1661912831283918,0.043287248874617545,0.21828397801266286,0.19772575766426037,0.02055822034840249,0.19076077979690986,0.2945938182850179,0.10383303848810804,0.0734933229675545,0.3190690841563658,0.2455757611888113,0.03443141276764573,0.3746493185043603,0.34021790573671457,605.0,0.546112115732369,525.0,0.47377938517179025,126.0,0.11301989150090416,209.0,0.18806509945750452,201.0,0.18083182640144665,0.11301989150090416,WACC_0p5_WRT_0p5,0.3003616636528029,446,False,,,False,False,False,False,False,45.0,0.4444444444444444
OCDD,PokerHand,941,0.93,456,1.0,0.7061447623744966,0,8,2902,416,0.799,"{'nu':0.5,'kernel':'rbf','gamma':'auto'}",0.26965354680132386,0.2509484594755867,0.2742733337327999,0.26965354680132386,0.1418891882540081,0.054327308617142175,-1.7606682797852482,-3.091916252778669,-0.3636769151630123,-2.2626921951286003,2.4656972749710926,0.2509484594755867,0.26717278436718833,0.016224324891601638,0.2742733337327999,0.30030193056250004,0.026028596829700157,0.26965354680132386,0.35659528059246,0.08694173379113612,0.1418891882540081,0.2981446516602317,0.1562554634062236,0.054327308617142175,0.3379676629857395,0.2836403543685973,1008.0,0.9104882459312839,1057.0,0.9547920433996383,460.0,0.41500904159132007,165.0,0.14828209764918626,126.0,0.11301989150090416,0.11301989150090416,WACC_0p9_WRT_0p1,0.5083182640144666,447,False,,,False,False,False,False,False,8.0,0.0707070707070707
OCDD,PokerHand,978,0.74,518,0.693548387096774,0.6635491820743102,0,78,2459,3997,0.813,"{'nu':0.5,'kernel':'rbf','gamma':'auto'}",0.10185049959658242,0.32353437506085747,0.2515261469574818,0.10185049959658242,0.20967110977868475,0.30820007973381536,-1.7606682797852482,-3.091916252778669,-0.3636769151630123,-2.2626921951286003,2.4656972749710926,0.32353437506085747,0.22860871805716423,0.09492565700369324,0.2515261469574818,0.17584033874441074,0.07568580821307108,0.10185049959658242,0.43984503412911136,0.3379945345325289,0.20967110977868475,0.560222295589256,0.3505511858105712,0.30820007973381536,0.6227472299257412,0.3145471501919258,890.0,0.8037974683544303,126.0,0.11301989150090416,831.0,0.7504520795660036,1020.0,0.9213381555153707,1081.0,0.976491862567812,0.11301989150090416,WACC_0p3_WRT_0p7,0.7130198915009042,448,False,,,False,False,False,False,False,78.0,0.7777777777777778
OCDD,PokerHand,26,0.73,311,0.6774193548387095,0.8339377731480089,0,40,257,4003,0.281,"{'nu':0.5,'kernel':'rbf','gamma':'auto'}",0.18457941735664596,0.1463913927111333,0.07118845665392307,0.18457941735664596,0.26348866930789805,0.3095532139737407,-1.7606682797852482,-3.091916252778669,-0.3636769151630123,-2.2626921951286003,2.4656972749710926,0.1463913927111333,0.09515646292988025,0.05123492978125305,0.07118845665392307,0.23197947634134272,0.16079101968741966,0.18457941735664596,0.5157353679199378,0.33115595056329183,0.26348866930789805,0.57731646052219,0.31382779121429194,0.3095532139737407,0.5994310427084537,0.289877828734713,126.0,0.11301989150090416,881.0,0.7956600361663653,1036.0,0.9358047016274864,1053.0,0.9511754068716094,1039.0,0.9385171790235082,0.11301989150090416,WACC_0p1_WRT_0p9,0.7468354430379747,449,False,,,False,False,False,False,False,40.0,0.3939393939393939
OCDD,PokerHand,162,0.79,348,0.7741935483870968,0.796415258577159,0,52,763,5000,0.633,"{'nu':0.5,'kernel':'rbf','gamma':'auto'}",0.05819781586560726,0.17690376546937078,0.1312677822836066,0.05819781586560726,0.1551569884902095,0.21315656074824368,-1.7606682797852482,-3.091916252778669,-0.3636769151630123,-2.2626921951286003,2.4656972749710926,0.17690376546937078,0.18751822182082045,0.01061445635144967,0.1312677822836066,0.17587046650811256,0.044602684224505945,0.05819781586560726,0.4227402117963692,0.364542395930762,0.1551569884902095,0.5357347213361701,0.3805777328459605,0.21315656074824368,0.5944077054884902,0.3812511447402465,697.0,0.6292947558770343,127.0,0.11392405063291139,766.0,0.6916817359855335,957.0,0.864376130198915,1021.0,0.9222423146473779,0.11392405063291139,WACC_0p3_WRT_0p7,0.6443037974683545,450,False,,,False,False,False,False,False,52.0,0.5151515151515151
OCDD,PokerHand,86,0.78,222,0.7580645161290321,0.946379831868282,0,5,2845,4569,0.001,"{'nu':0.5,'kernel':'rbf','gamma':'auto'}",0.17868130559373593,0.021170663211371028,0.0678299827726241,0.17868130559373593,0.2045244907598215,0.21634049494495028,-1.7606682797852482,-3.091916252778669,-0.3636769151630123,-2.2626921951286003,2.4656972749710926,0.021170663211371028,0.09516637573213783,0.07399571252076681,0.0678299827726241,0.21926290131433954,0.15143291854171542,0.17868130559373593,0.4909014545685552,0.3122201489748193,0.2045244907598215,0.537167724435953,0.33264323367613147,0.21634049494495028,0.554218626567789,0.3378781316228387,127.0,0.11392405063291139,795.0,0.7179023508137432,989.0,0.8933092224231465,964.0,0.8707052441229657,867.0,0.783001808318264,0.11392405063291139,WACC_0p1_WRT_0p9,0.675768535262206,451,False,,,False,False,False,False,False,5.0,0.04040404040404041
OCDD,PokerHand,246,0.9,337,0.9516129032258064,0.8071381159444238,0,18,5000,2321,0.001,"{'nu':0.5,'kernel':'rbf','gamma':'auto'}",0.13137751602378378,0.14949085377316831,0.1589005491988911,0.13137751602378378,0.039205010511555366,0.029301751216993733,-1.7606682797852482,-3.091916252778669,-0.3636769151630123,-2.2626921951286003,2.4656972749710926,0.14949085377316831,0.15055820353250776,0.0010673497593394476,0.1589005491988911,0.19022523057958157,0.03132468138069047,0.13137751602378378,0.2949256241809567,0.1635481081571729,0.039205010511555366,0.3380212587384522,0.2988162482268968,0.029301751216993733,0.4002868033545928,0.3709850521375991,540.0,0.4873417721518987,397.0,0.35804701627486435,128.0,0.11482820976491863,240.0,0.21609403254972875,261.0,0.23508137432188064,0.11482820976491863,WACC_0p5_WRT_0p5,0.28227848101265823,452,False,,,False,False,False,False,False,18.0,0.1717171717171717
OCDD,PokerHand,729,0.85,538,0.8709677419354838,0.6508891871883631,0,69,3184,2573,0.8,"{'nu':0.5,'kernel':'rbf','gamma':'auto'}",0.23772750225341382,0.3206330001383291,0.30342354857889065,0.23772750225341382,0.06254118914614194,0.12644129877785965,-1.7606682797852482,-3.091916252778669,-0.3636769151630123,-2.2626921951286003,2.4656972749710926,0.3206330001383291,0.2113760881970419,0.10925691194128723,0.30342354857889065,0.1758733641278052,0.12755018445108546,0.23772750225341382,0.3241846411464472,0.08645713889303336,0.06254118914614194,0.4367238604592505,0.37418267131310856,0.12644129877785965,0.4878620658654945,0.3614207670876349,811.0,0.7323688969258589,128.0,0.11482820976491863,274.0,0.2468354430379747,530.0,0.4783001808318264,510.0,0.4602169981916817,0.11482820976491863,WACC_0p3_WRT_0p7,0.4065099457504521,453,False,,,False,False,False,False,False,69.0,0.6868686868686869
OCDD,PokerHand,396,0.88,260,0.9193548387096774,0.8936968376876273,0,5,182,442,0.001,"{'nu':0.5,'kernel':'rbf','gamma':'auto'}",0.019238562700116042,0.06169441196279606,0.062030371244661424,0.019238562700116042,0.02611882928380795,0.05479605049840445,-1.7606682797852482,-3.091916252778669,-0.3636769151630123,-2.2626921951286003,2.4656972749710926,0.06169441196279606,0.20610484733115256,0.1444104353683565,0.062030371244661424,0.2564855796135378,0.19445520836887636,0.019238562700116042,0.39682611321905187,0.37758755051893583,0.02611882928380795,0.3443222634272029,0.31820343414339497,0.05479605049840445,0.33876506526330363,0.28396901476489916,791.0,0.7142857142857143,992.0,0.8960216998191681,647.0,0.5840867992766727,251.0,0.22603978300180833,128.0,0.11482820976491863,0.11482820976491863,WACC_0p9_WRT_0p1,0.5070524412296564,454,False,,,False,False,False,False,False,5.0,0.04040404040404041
OCDD,PokerHand,385,0.7,217,0.6290322580645159,0.9539723788541716,0,9,162,2930,0.233,"{'nu':0.5,'kernel':'rbf','gamma':'auto'}",0.3178316445610963,0.024973418320586686,0.15198479831281123,0.3178316445610963,0.3397203052003481,0.3486734422472909,-1.7606682797852482,-3.091916252778669,-0.3636769151630123,-2.2626921951286003,2.4656972749710926,0.024973418320586686,0.09531785850290364,0.07034444018231695,0.15198479831281123,0.25506346935381347,0.10307867104100224,0.3178316445610963,0.5448278930037741,0.2269962484426778,0.3397203052003481,0.5877835246839224,0.24806321948357424,0.3486734422472909,0.6011205142304628,0.25244707198317184,128.0,0.11482820976491863,989.0,0.8933092224231465,1072.0,0.9683544303797469,1069.0,0.9656419529837251,1044.0,0.9430379746835443,0.11482820976491863,WACC_0p1_WRT_0p9,0.7770343580470163,455,False,,,False,False,False,False,False,9.0,0.08080808080808081
OCDD,PokerHand,809,0.84,397,0.8548387096774193,0.7524269766672442,0,63,3513,3968,0.456,"{'nu':0.5,'kernel':'rbf','gamma':'auto'}",0.12120280205356414,0.21566423062256274,0.19453306804387546,0.12120280205356414,0.062109213837101884,0.13396618854238462,-1.7606682797852482,-3.091916252778669,-0.3636769151630123,-2.2626921951286003,2.4656972749710926,0.21566423062256274,0.14042427761399287,0.07523995300856987,0.19453306804387546,0.17589005778998526,0.018643010253890202,0.12120280205356414,0.38460948766635383,0.2634066856127897,0.062109213837101884,0.46666583774811804,0.40455662391101616,0.13396618854238462,0.5224092249609605,0.3884430364185759,484.0,0.43670886075949367,129.0,0.11573236889692586,585.0,0.5280289330922242,644.0,0.581374321880651,687.0,0.620253164556962,0.11573236889692586,WACC_0p3_WRT_0p7,0.4564195298372514,456,False,,,False,False,False,False,False,63.0,0.6262626262626263
OCDD,PokerHand,134,0.77,235,0.7419354838709676,0.9274090908622172,0,11,308,2366,0.318,"{'nu':0.5,'kernel':'rbf','gamma':'auto'}",0.1822944707644395,0.04252734127300313,0.06094217829415512,0.1822944707644395,0.2170837690162031,0.2346677162953697,-1.7606682797852482,-3.091916252778669,-0.3636769151630123,-2.2626921951286003,2.4656972749710926,0.04252734127300313,0.0954358997465638,0.05290855847356067,0.06094217829415512,0.21512132629374578,0.15417914799959065,0.1822944707644395,0.4837883687255719,0.3014938979611324,0.2170837690162031,0.5310349773207438,0.3139512083045407,0.2346677162953697,0.5438382750016576,0.3091705587062879,129.0,0.11573236889692586,764.0,0.689873417721519,972.0,0.8779385171790235,941.0,0.8499095840867993,811.0,0.7323688969258589,0.11573236889692586,WACC_0p1_WRT_0p9,0.6531645569620254,457,False,,,False,False,False,False,False,11.0,0.10101010101010101
OCDD,PokerHand,443,0.86,262,0.8870967741935483,0.8911409705101816,0,14,2550,1373,0.001,"{'nu':0.5,'kernel':'rbf','gamma':'auto'}",0.006568999806048901,0.06731409833667039,0.057635350885843165,0.006568999806048901,0.05894732875964908,0.08827854227363863,-1.7606682797852482,-3.091916252778669,-0.3636769151630123,-2.2626921951286003,2.4656972749710926,0.06731409833667039,0.12374209844064595,0.056428000103975556,0.057635350885843165,0.17591782515859142,0.11828247427274825,0.006568999806048901,0.30562244810420164,0.2990534482981527,0.05894732875964908,0.35550246490194676,0.29655513614229767,0.08827854227363863,0.39647847311364987,0.30819993084001124,377.0,0.3399638336347197,130.0,0.1166365280289331,175.0,0.15732368896925858,285.0,0.25678119349005424,254.0,0.22875226039783003,0.1166365280289331,WACC_0p3_WRT_0p7,0.2198915009041591,458,False,,,False,False,False,False,False,14.0,0.13131313131313133
OCDD,PokerHand,985,0.89,432,0.935483870967742,0.7242066860042506,0,53,4522,2499,0.707,"{'nu':0.5,'kernel':'rbf','gamma':'auto'}",0.20627795657118672,0.23789558747405948,0.24143574142851537,0.20627795657118672,0.07483883985818855,0.0533623805473137,-1.7606682797852482,-3.091916252778669,-0.3636769151630123,-2.2626921951286003,2.4656972749710926,0.23789558747405948,0.21848197878870967,0.019413608685349804,0.24143574142851537,0.19125413915375145,0.050181602274763926,0.20627795657118672,0.29526847667211475,0.08899052010092803,0.07483883985818855,0.3862442695584714,0.31140542970028284,0.0533623805473137,0.46364459013846226,0.4102822095911486,845.0,0.7631103074141049,415.0,0.3743218806509946,130.0,0.1166365280289331,354.0,0.3191681735985534,421.0,0.379746835443038,0.1166365280289331,WACC_0p5_WRT_0p5,0.3905967450271248,459,False,,,False,False,False,False,False,53.0,0.5252525252525253
OCDD,PokerHand,483,0.81,363,0.8064516129032256,0.7823255089312653,0,59,2684,4416,0.188,"{'nu':0.5,'kernel':'rbf','gamma':'auto'}",0.056702419146945175,0.1887331757440769,0.1529361364214966,0.056702419146945175,0.1187016831246656,0.18116617473227728,-1.7606682797852482,-3.091916252778669,-0.3636769151630123,-2.2626921951286003,2.4656972749710926,0.1887331757440769,0.0955094119789028,0.09322376376517409,0.1529361364214966,0.2211542200176818,0.06821808359618522,0.056702419146945175,0.49587928282337107,0.4391768636764259,0.1187016831246656,0.5437823583829113,0.4250806752582457,0.18116617473227728,0.5631473338488511,0.3819811591165738,130.0,0.1166365280289331,816.0,0.7368896925858951,1008.0,0.9104882459312839,981.0,0.8860759493670886,922.0,0.8327305605786618,0.1166365280289331,WACC_0p1_WRT_0p9,0.6965641952983724,460,False,,,False,False,False,False,False,59.0,0.5858585858585859
OCDD,PokerHand,838,0.91,433,0.967741935483871,0.7234343281660898,0,33,3416,1222,0.272,"{'nu':0.5,'kernel':'rbf','gamma':'auto'}",0.2293957342405404,0.23576477871775192,0.2492844963167636,0.2293957342405404,0.10341562595377551,0.02017822939631902,-1.7606682797852482,-3.091916252778669,-0.3636769151630123,-2.2626921951286003,2.4656972749710926,0.23576477871775192,0.18382449528168757,0.051940283436064355,0.2492844963167636,0.2146450059431184,0.03463949037364522,0.2293957342405404,0.2954624079781911,0.06606667373765071,0.10341562595377551,0.2966811862515141,0.19326556029773856,0.02017822939631902,0.3547606846883715,0.3345824552920525,679.0,0.6130198915009042,759.0,0.6853526220614828,131.0,0.11754068716094032,162.0,0.14556962025316456,158.0,0.14195298372513562,0.11754068716094032,WACC_0p5_WRT_0p5,0.34068716094032553,461,False,,,False,False,False,False,False,33.0,0.32323232323232326
OCDD,PokerHand,468,0.82,257,0.8225806451612901,0.8975675972651773,0,15,2898,3412,0.217,"{'nu':0.5,'kernel':'rbf','gamma':'auto'}",0.07796386128672496,0.06645815612496705,0.036871830012452526,0.07796386128672496,0.12711834665547656,0.15420923221712973,-1.7606682797852482,-3.091916252778669,-0.3636769151630123,-2.2626921951286003,2.4656972749710926,0.06645815612496705,0.0999338825786386,0.03347572645367154,0.036871830012452526,0.17600792689403527,0.13913609688158274,0.07796386128672496,0.41154664472130603,0.3335827834345811,0.12711834665547656,0.4541250966044376,0.32700674994896106,0.15420923221712973,0.4916242680462462,0.33741503582911647,177.0,0.15913200723327306,131.0,0.11754068716094032,701.0,0.6329113924050633,591.0,0.5334538878842676,525.0,0.47377938517179025,0.11754068716094032,WACC_0p3_WRT_0p7,0.3833634719710669,462,False,,,False,False,False,False,False,15.0,0.1414141414141414
OCDD,PokerHand,570,0.69,261,0.6129032258064514,0.8924164652884246,0,22,197,3385,0.3,"{'nu':0.5,'kernel':'rbf','gamma':'auto'}",0.2919841670053852,0.09097084473517163,0.10788344696518268,0.2919841670053852,0.34300097538274615,0.37081797970621344,-1.7606682797852482,-3.091916252778669,-0.3636769151630123,-2.2626921951286003,2.4656972749710926,0.09097084473517163,0.09561223279908877,0.004641388063917146,0.10788344696518268,0.24175670550675443,0.13387325854157175,0.2919841670053852,0.5367567349831885,0.24477256797780333,0.34300097538274615,0.5809229228041866,0.2379219474214404,0.37081797970621344,0.6131503757742472,0.2423323960680338,131.0,0.11754068716094032,935.0,0.8444846292947559,1065.0,0.9620253164556962,1056.0,0.953887884267631,1068.0,0.9647377938517179,0.11754068716094032,WACC_0p1_WRT_0p9,0.7685352622061483,463,False,,,False,False,False,False,False,22.0,0.21212121212121213
OCDD,PokerHand,442,0.91,391,0.967741935483871,0.7575129019181069,0,23,827,739,0.318,"{'nu':0.5,'kernel':'rbf','gamma':'auto'}",0.19403213375754463,0.20004124060224276,0.21392079754965407,0.19403213375754463,0.08299643532857405,0.01712344105758283,-1.7606682797852482,-3.091916252778669,-0.3636769151630123,-2.2626921951286003,2.4656972749710926,0.20004124060224276,0.18989292452013737,0.010148316082105396,0.21392079754965407,0.22585641615822974,0.011935618608575671,0.19403213375754463,0.29576317424060783,0.1017310404830632,0.08299643532857405,0.2843824585518289,0.20138602322325488,0.01712344105758283,0.3427060020185612,0.3255825609609784,715.0,0.6455696202531646,852.0,0.7694394213381555,132.0,0.11844484629294756,140.0,0.1256781193490054,132.0,0.11844484629294756,0.11844484629294756,WACC_0p5_WRT_0p5,0.35551537070524414,464,False,,,False,False,False,False,False,23.0,0.2222222222222222
OCDD,PokerHand,741,0.87,398,0.9032258064516128,0.7515867830660681,0,54,4484,3940,0.507,"{'nu':0.5,'kernel':'rbf','gamma':'auto'}",0.15554912139372842,0.21213430798628197,0.20597585229426593,0.15554912139372842,0.03031923575422354,0.08416142567562039,-1.7606682797852482,-3.091916252778669,-0.3636769151630123,-2.2626921951286003,2.4656972749710926,0.21213430798628197,0.16159422526556994,0.05054008272071203,0.20597585229426593,0.17601951126232993,0.029956341031936007,0.15554912139372842,0.357747915991666,0.20219879459793758,0.03031923575422354,0.44424604186169747,0.41392680610747395,0.08416142567562039,0.5124252107698444,0.42826378509422397,593.0,0.5352622061482821,132.0,0.11844484629294756,463.0,0.4177215189873418,555.0,0.5009041591320073,626.0,0.5650994575045208,0.11844484629294756,WACC_0p3_WRT_0p7,0.42748643761301997,465,False,,,False,False,False,False,False,54.0,0.5353535353535354
OCDD,PokerHand,867,0.62,189,0.4999999999999999,1.0,1,1,2051,2894,0.002,"{'nu':0.5,'kernel':'rbf','gamma':'auto'}",0.48357156670796064,0.10242821224352865,0.26972654911000477,0.48357156670796064,0.48329048959146637,0.4775610864334674,-1.7606682797852482,-3.091916252778669,-0.3636769151630123,-2.2626921951286003,2.4656972749710926,0.10242821224352865,0.09594979355401802,0.006478418689510629,0.26972654911000477,0.208751100066699,0.06097544904330576,0.48357156670796064,0.465952751317966,0.017618815389994658,0.48329048959146637,0.49397183777126863,0.010681348179802264,0.4775610864334674,0.5258264856451959,0.048265399211728455,132.0,0.11844484629294756,698.0,0.6301989150090416,918.0,0.8291139240506329,789.0,0.7124773960216998,710.0,0.6410488245931284,0.11844484629294756,WACC_0p1_WRT_0p9,0.5862567811934901,466,False,,,False,False,False,False,False,1.0,0.0
OCDD,PokerHand,472,0.91,354,0.967741935483871,0.790708012871315,0,12,3300,1462,0.252,"{'nu':0.5,'kernel':'rbf','gamma':'auto'}",0.1595853094778613,0.16524380981729725,0.1794738775338027,0.1595853094778613,0.06310659770477546,0.01414784593494622,-1.7606682797852482,-3.091916252778669,-0.3636769151630123,-2.2626921951286003,2.4656972749710926,0.16524380981729725,0.16072951809390562,0.004514291723391628,0.1794738775338027,0.2004247644493637,0.02095088691556099,0.1595853094778613,0.29580399744251573,0.13621868796465444,0.06310659770477546,0.30868782254315624,0.2455812248383808,0.01414784593494622,0.3798774558276254,0.36572960989267916,591.0,0.5334538878842676,578.0,0.5216998191681737,133.0,0.11934900542495479,182.0,0.16365280289330922,213.0,0.19168173598553345,0.11934900542495479,WACC_0p5_WRT_0p5,0.3059674502712478,467,False,,,False,False,False,False,False,12.0,0.1111111111111111
OCDD,PokerHand,1060,0.87,392,0.9032258064516128,0.7566598645793008,0,52,4442,3619,0.633,"{'nu':0.5,'kernel':'rbf','gamma':'auto'}",0.1502847453327727,0.20681635007760257,0.20071146160231876,0.1502847453327727,0.02727954814201082,0.08370667688358319,-1.7606682797852482,-3.091916252778669,-0.3636769151630123,-2.2626921951286003,2.4656972749710926,0.20681635007760257,0.20463678415667397,0.0021795659209286056,0.20071146160231876,0.17604435022154227,0.024667111380776485,0.1502847453327727,0.33355525400960806,0.18327050867683536,0.02727954814201082,0.43136403428790954,0.4040844861458987,0.08370667688358319,0.5146958651201122,0.43098918823652904,783.0,0.7070524412296564,133.0,0.11934900542495479,335.0,0.30198915009041594,505.0,0.45569620253164556,642.0,0.5795660036166366,0.11934900542495479,WACC_0p3_WRT_0p7,0.4327305605786618,468,False,,,False,False,False,False,False,52.0,0.5151515151515151
OCDD,PokerHand,1100,0.93,499,1.0,0.676036443878926,0,14,4784,387,0.996,"{'nu':0.5,'kernel':'rbf','gamma':'auto'}",0.3008971825896064,0.28251009909105734,0.30551705635480453,0.3008971825896064,0.15992948240595878,0.06377344604003835,-1.7606682797852482,-3.091916252778669,-0.3636769151630123,-2.2626921951286003,2.4656972749710926,0.28251009909105734,0.32176649592674295,0.0392563968356856,0.30551705635480453,0.3497175080944534,0.04420045173964887,0.3008971825896064,0.40973402592277375,0.10883684333316734,0.15992948240595878,0.3118740585623713,0.15194457615641255,0.06377344604003835,0.3434639157385964,0.27969046969855804,1072.0,0.9683544303797469,1086.0,0.9810126582278481,693.0,0.6256781193490054,189.0,0.16998191681735986,133.0,0.11934900542495479,0.11934900542495479,WACC_0p9_WRT_0p1,0.572875226039783,469,False,,,False,False,False,False,False,14.0,0.13131313131313133
OCDD,PokerHand,584,0.76,320,0.7258064516129031,0.8244162696866761,0,42,107,1223,0.384,"{'nu':0.5,'kernel':'rbf','gamma':'auto'}",0.12778072611614524,0.15196182462427058,0.09163992856338386,0.12778072611614524,0.21133601915473935,0.2605266398985244,-1.7606682797852482,-3.091916252778669,-0.3636769151630123,-2.2626921951286003,2.4656972749710926,0.15196182462427058,0.09601347036939484,0.05594835425487574,0.09163992856338386,0.22811133729313027,0.1364714087297464,0.12778072611614524,0.4840206874169399,0.3562399613007946,0.21133601915473935,0.5441818680800984,0.33284584892535907,0.2605266398985244,0.5498310761455388,0.2893044362470144,133.0,0.11934900542495479,863.0,0.779385171790235,974.0,0.879746835443038,984.0,0.8887884267631103,847.0,0.7649186256781193,0.11934900542495479,WACC_0p1_WRT_0p9,0.6864376130198915,470,False,,,False,False,False,False,False,42.0,0.41414141414141414
OCDD,PokerHand,1106,0.91,358,0.967741935483871,0.7869565229308064,0,14,1059,1084,0.358,"{'nu':0.5,'kernel':'rbf','gamma':'auto'}",0.1634782597062807,0.1691763832534662,0.18336683858168495,0.1634782597062807,0.06535441443505269,0.014484127840595912,-1.7606682797852482,-3.091916252778669,-0.3636769151630123,-2.2626921951286003,2.4656972749710926,0.1691763832534662,0.16153806111109117,0.007638322142375031,0.18336683858168495,0.1965534997811921,0.01318666119950715,0.1634782597062807,0.29585962156671486,0.13238136186043417,0.06535441443505269,0.3106477362027948,0.2452933217677421,0.014484127840595912,0.3673147744469427,0.3528306466063468,592.0,0.5343580470162749,511.0,0.46112115732368897,134.0,0.12025316455696203,184.0,0.1654611211573237,185.0,0.16636528028933092,0.12025316455696203,WACC_0p5_WRT_0p5,0.2895117540687161,471,False,,,False,False,False,False,False,14.0,0.13131313131313133
OCDD,PokerHand,792,0.91,332,0.967741935483871,0.8121280290825956,0,5,252,319,0.613,"{'nu':0.5,'kernel':'rbf','gamma':'auto'}",0.13735759240416234,0.14278985469796918,0.15724609868382966,0.13735759240416234,0.05027215817113288,0.012227765117776245,-1.7606682797852482,-3.091916252778669,-0.3636769151630123,-2.2626921951286003,2.4656972749710926,0.14278985469796918,0.2007278945377537,0.057938039839784516,0.15724609868382966,0.23649556215616283,0.07924946347233316,0.13735759240416234,0.33355269145591376,0.19619509905175142,0.05027215817113288,0.30637052158207706,0.25609836341094416,0.012227765117776245,0.34373351923940315,0.3315057541216269,763.0,0.6889692585895117,910.0,0.8218806509945751,334.0,0.3010849909584087,176.0,0.15822784810126583,134.0,0.12025316455696203,0.12025316455696203,WACC_0p9_WRT_0p1,0.4180831826401447,472,False,,,False,False,False,False,False,5.0,0.04040404040404041
OCDD,PokerHand,800,0.86,265,0.8870967741935483,0.8873433837751918,0,15,811,2353,0.071,"{'nu':0.5,'kernel':'rbf','gamma':'auto'}",0.0039418096528257805,0.07129499364823925,0.061576147068083606,0.0039418096528257805,0.05811989712504561,0.08861895627563891,-1.7606682797852482,-3.091916252778669,-0.3636769151630123,-2.2626921951286003,2.4656972749710926,0.07129499364823925,0.09607787323541991,0.02478287958718066,0.061576147068083606,0.1906529016731061,0.1290767546050225,0.0039418096528257805,0.4242423882281698,0.42030057857534403,0.05811989712504561,0.4369054493330177,0.3787855522079721,0.08861895627563891,0.4812342518536922,0.39261529557805325,134.0,0.12025316455696203,405.0,0.36528028933092227,770.0,0.6952983725135624,531.0,0.47920433996383366,488.0,0.4403254972875226,0.12025316455696203,WACC_0p1_WRT_0p9,0.42007233273056066,473,False,,,False,False,False,False,False,15.0,0.1414141414141414
OCDD,PokerHand,517,0.82,330,0.8225806451612901,0.814145004907354,0,44,1077,4832,0.394,"{'nu':0.5,'kernel':'rbf','gamma':'auto'}",0.034841229178864216,0.15390753647389901,0.12344034218027226,0.034841229178864216,0.10894193706316747,0.1616871966465166,-1.7606682797852482,-3.091916252778669,-0.3636769151630123,-2.2626921951286003,2.4656972749710926,0.15390753647389901,0.1225467439653077,0.03136079250859132,0.12344034218027226,0.17610873072683644,0.05266838854656418,0.034841229178864216,0.4396083791660719,0.4047671499872077,0.10894193706316747,0.5071549369805256,0.39821299991735815,0.1616871966465166,0.5522627360892731,0.3905755394427565,365.0,0.3291139240506329,134.0,0.12025316455696203,828.0,0.7477396021699819,849.0,0.7667269439421338,857.0,0.7739602169981917,0.12025316455696203,WACC_0p3_WRT_0p7,0.5475587703435805,474,False,,,False,False,False,False,False,44.0,0.43434343434343436
OCDD,PokerHand,199,0.83,240,0.8387096774193548,0.920389609982286,0,7,2674,2026,0.001,"{'nu':0.5,'kernel':'rbf','gamma':'auto'}",0.07701502581346234,0.0410643064151372,0.016712819932092518,0.07701502581346234,0.1153981971062314,0.13553678456710583,-1.7606682797852482,-3.091916252778669,-0.3636769151630123,-2.2626921951286003,2.4656972749710926,0.0410643064151372,0.09608429144529494,0.055019985030157745,0.016712819932092518,0.18155241054281143,0.1648395906107189,0.07701502581346234,0.3909316461145602,0.3139166203010979,0.1153981971062314,0.4296957587194719,0.3142975616132405,0.13553678456710583,0.4564695390191279,0.3209327544520221,135.0,0.12115732368896925,237.0,0.21338155515370705,616.0,0.5560578661844484,495.0,0.44665461121157324,403.0,0.36347197106690776,0.12115732368896925,WACC_0p1_WRT_0p9,0.34014466546112115,475,False,,,False,False,False,False,False,7.0,0.06060606060606061
OCDD,PokerHand,463,0.85,301,0.8709677419354838,0.8448448279694667,0,34,3783,4485,0.196,"{'nu':0.5,'kernel':'rbf','gamma':'auto'}",0.03645822842999302,0.11731516833641535,0.10215371537882427,0.03645822842999302,0.065552851845756,0.10905520058015702,-1.7606682797852482,-3.091916252778669,-0.3636769151630123,-2.2626921951286003,2.4656972749710926,0.11731516833641535,0.11466735052435778,0.0026478178120575707,0.10215371537882427,0.17611413103131607,0.0739604156524918,0.03645822842999302,0.41107309400991326,0.37461486557992024,0.065552851845756,0.4802636215081462,0.41471076966239023,0.10905520058015702,0.5154741180443424,0.40641891746418535,299.0,0.2694394213381555,135.0,0.12115732368896925,697.0,0.6292947558770343,718.0,0.6482820976491862,647.0,0.5840867992766727,0.12115732368896925,WACC_0p3_WRT_0p7,0.4504520795660037,476,False,,,False,False,False,False,False,34.0,0.3333333333333333
OCDD,PokerHand,21,0.84,372,0.8548387096774193,0.7741477543279291,0,58,2466,1623,0.675,"{'nu':0.5,'kernel':'rbf','gamma':'auto'}",0.09866298248946122,0.19289499637272717,0.1719931858360892,0.09866298248946122,0.06684181372719701,0.13201914760138236,-1.7606682797852482,-3.091916252778669,-0.3636769151630123,-2.2626921951286003,2.4656972749710926,0.19289499637272717,0.16344584941125592,0.029449146961471245,0.1719931858360892,0.17612643443678502,0.0041332486006958324,0.09866298248946122,0.36109697379992667,0.26243399131046546,0.06684181372719701,0.4287849808535382,0.3619431671263412,0.13201914760138236,0.4734636818466651,0.34144453424528276,597.0,0.538878842676311,136.0,0.1220614828209765,480.0,0.43309222423146476,492.0,0.44394213381555153,459.0,0.4141048824593128,0.1220614828209765,WACC_0p3_WRT_0p7,0.39041591320072333,477,False,,,False,False,False,False,False,58.0,0.5757575757575758
OCDD,PokerHand,883,0.92,481,0.9838709677419356,0.6883121681945479,0,24,1715,878,0.107,"{'nu':0.5,'kernel':'rbf','gamma':'auto'}",0.2770004202163446,0.2711120526440638,0.2892547710821206,0.2770004202163446,0.13851711475566036,0.04401828640985323,-1.7606682797852482,-3.091916252778669,-0.3636769151630123,-2.2626921951286003,2.4656972749710926,0.2711120526440638,0.22741011002684441,0.04370194261721938,0.2892547710821206,0.23932842166828489,0.049926349413835724,0.2770004202163446,0.3212174140121223,0.044216993795777704,0.13851711475566036,0.28209131035372187,0.1435741955980615,0.04401828640985323,0.35014492065766806,0.30612663424781483,884.0,0.798372513562387,924.0,0.8345388788426763,257.0,0.2314647377938517,136.0,0.1220614828209765,147.0,0.13200723327305605,0.1220614828209765,WACC_0p7_WRT_0p3,0.4236889692585895,478,False,,,False,False,False,False,False,24.0,0.23232323232323232
OCDD,PokerHand,140,0.83,239,0.8387096774193548,0.9217817823596586,0,6,721,2646,0.001,"{'nu':0.5,'kernel':'rbf','gamma':'auto'}",0.07797813786768436,0.03960493421991783,0.015268147835673583,0.07797813786768436,0.11570152854965722,0.13541199084848213,-1.7606682797852482,-3.091916252778669,-0.3636769151630123,-2.2626921951286003,2.4656972749710926,0.03960493421991783,0.09611924066700543,0.0565143064470876,0.015268147835673583,0.18919333480406444,0.17392518696839085,0.07797813786768436,0.42406602569776114,0.34608788783007677,0.11570152854965722,0.45684991166519456,0.34114838311553736,0.13541199084848213,0.4908169509095572,0.355404960061075,136.0,0.1220614828209765,384.0,0.3462929475587703,769.0,0.6943942133815552,604.0,0.5452079566003617,523.0,0.4719710669077758,0.1220614828209765,WACC_0p1_WRT_0p9,0.4359855334538879,479,False,,,False,False,False,False,False,6.0,0.050505050505050504
OCDD,PokerHand,180,0.73,469,0.6774193548387095,0.6967533793396989,0,73,2540,1188,0.999,"{'nu':0.5,'kernel':'rbf','gamma':'auto'}",0.08967454388308542,0.2901976434282451,0.21354616251003863,0.08967454388308542,0.23359844819325015,0.32185036260184063,-1.7606682797852482,-3.091916252778669,-0.3636769151630123,-2.2626921951286003,2.4656972749710926,0.2901976434282451,0.18843968403373262,0.10175795939451249,0.21354616251003863,0.1769687833457153,0.036577379164323326,0.08967454388308542,0.2963858916559431,0.20671134777285766,0.23359844819325015,0.36585569365438037,0.1322572454611302,0.32185036260184063,0.43537018614558337,0.11351982354374274,702.0,0.6338155515370705,149.0,0.13381555153707053,137.0,0.12296564195298372,308.0,0.27757685352622063,348.0,0.31374321880650996,0.12296564195298372,WACC_0p5_WRT_0p5,0.2963833634719711,480,False,,,False,False,False,False,False,73.0,0.7272727272727273
OCDD,PokerHand,284,0.9,319,0.9516129032258064,0.8254609412810444,0,12,2371,534,0.552,"{'nu':0.5,'kernel':'rbf','gamma':'auto'}",0.11236377795953713,0.13028359016936686,0.13988675829080588,0.11236377795953713,0.028226344970466468,0.027659301225444546,-1.7606682797852482,-3.091916252778669,-0.3636769151630123,-2.2626921951286003,2.4656972749710926,0.13028359016936686,0.2000600649002922,0.06977647473092535,0.13988675829080588,0.21821637643911945,0.07832961814831357,0.11236377795953713,0.33068001252549595,0.21831623456595883,0.028226344970466468,0.30448845068598773,0.2762621057155213,0.027659301225444546,0.3452836277111467,0.31762432648570216,760.0,0.6862567811934901,787.0,0.7106690777576854,318.0,0.28661844484629295,171.0,0.15370705244122965,137.0,0.12296564195298372,0.12296564195298372,WACC_0p9_WRT_0p1,0.39204339963833634,481,False,,,False,False,False,False,False,12.0,0.1111111111111111
OCDD,PokerHand,231,0.85,257,0.8709677419354838,0.8975675972651773,0,12,4620,4755,0.001,"{'nu':0.5,'kernel':'rbf','gamma':'auto'}",0.027752195408150736,0.06204748394927087,0.047442736418592334,0.027752195408150736,0.07704027536586414,0.10432915476608054,-1.7606682797852482,-3.091916252778669,-0.3636769151630123,-2.2626921951286003,2.4656972749710926,0.06204748394927087,0.11386850475528829,0.051821020806017415,0.047442736418592334,0.17629152341927729,0.12884878700068494,0.027752195408150736,0.4132494785125431,0.3854972831043924,0.07704027536586414,0.48083670148214497,0.40379642611628086,0.10432915476608054,0.5129253532135115,0.408596198447431,287.0,0.2585895117540687,137.0,0.12296564195298372,710.0,0.6410488245931284,726.0,0.6555153707052441,627.0,0.566003616636528,0.12296564195298372,WACC_0p3_WRT_0p7,0.4488245931283906,482,False,,,False,False,False,False,False,12.0,0.1111111111111111
OCDD,PokerHand,6,0.82,251,0.8225806451612901,0.9054460072134648,0,12,1135,3828,0.108,"{'nu':0.5,'kernel':'rbf','gamma':'auto'}",0.08341418605442293,0.05819945726845773,0.028696320139227686,0.08341418605442293,0.12883492249073666,0.15350301501998584,-1.7606682797852482,-3.091916252778669,-0.3636769151630123,-2.2626921951286003,2.4656972749710926,0.05819945726845773,0.09617748463040349,0.037978027361945756,0.028696320139227686,0.199153395516085,0.1704570753768573,0.08341418605442293,0.4707936176103316,0.3873794315559087,0.12883492249073666,0.5114743440911348,0.3826394216003981,0.15350301501998584,0.5281620754416438,0.374659060421658,137.0,0.12296564195298372,555.0,0.5009041591320073,930.0,0.8399638336347197,868.0,0.7839059674502713,722.0,0.6518987341772152,0.12296564195298372,WACC_0p1_WRT_0p9,0.5799276672694395,483,False,,,False,False,False,False,False,12.0,0.1111111111111111
OCDD,PokerHand,836,0.91,359,0.967741935483871,0.7860251816505348,0,15,1281,1273,0.019,"{'nu':0.5,'kernel':'rbf','gamma':'auto'}",0.1644447197814151,0.17015268014800278,0.1843333013428488,0.1644447197814151,0.06591245525205898,0.014567612862682223,-1.7606682797852482,-3.091916252778669,-0.3636769151630123,-2.2626921951286003,2.4656972749710926,0.17015268014800278,0.1643771582840539,0.00577552186394889,0.1843333013428488,0.21667142184536786,0.03233812050251905,0.1644447197814151,0.296707609805597,0.13226289002418193,0.06591245525205898,0.30742733184138527,0.2415148765893263,0.014567612862682223,0.36201357629711506,0.34744596343443285,601.0,0.5424954792043399,775.0,0.6998191681735986,138.0,0.12386980108499096,178.0,0.16003616636528029,172.0,0.1546112115732369,0.12386980108499096,WACC_0p5_WRT_0p5,0.33616636528028937,484,False,,,False,False,False,False,False,15.0,0.1414141414141414
OCDD,PokerHand,40,0.91,535,0.967741935483871,0.6527579379431032,0,53,4322,820,0.878,"{'nu':0.5,'kernel':'rbf','gamma':'auto'}",0.3027371729290671,0.309852700893427,0.3226261388391254,0.3027371729290671,0.14576348637674466,0.03926922297988774,-1.7606682797852482,-3.091916252778669,-0.3636769151630123,-2.2626921951286003,2.4656972749710926,0.309852700893427,0.26804516440951603,0.041807536483910945,0.3226261388391254,0.24365409306722385,0.07897204577190153,0.3027371729290671,0.31896759403688874,0.016230421107821635,0.14576348637674466,0.2827848434990109,0.13702135712226624,0.03926922297988774,0.3525091181961696,0.31323989521628187,1014.0,0.9159132007233273,944.0,0.8526220614828209,241.0,0.21699819168173598,138.0,0.12386980108499096,156.0,0.14014466546112117,0.12386980108499096,WACC_0p7_WRT_0p3,0.44990958408679926,485,False,,,False,False,False,False,False,53.0,0.5252525252525253
OCDD,PokerHand,646,0.85,483,0.8709677419354838,0.6869257605226162,0,66,4078,4061,0.77,"{'nu':0.5,'kernel':'rbf','gamma':'auto'}",0.2003320704069366,0.28285695028288793,0.2660280128013422,0.2003320704069366,0.040948804859589766,0.12321099621911559,-1.7606682797852482,-3.091916252778669,-0.3636769151630123,-2.2626921951286003,2.4656972749710926,0.28285695028288793,0.23838028063603492,0.04447666964685301,0.2660280128013422,0.17635174903033224,0.08967626377100996,0.2003320704069366,0.33953969675629614,0.13920762634935954,0.040948804859589766,0.46152090791672523,0.42057210305713544,0.12321099621911559,0.5421461608016155,0.4189351645824999,925.0,0.8354430379746836,138.0,0.12386980108499096,357.0,0.321880650994575,621.0,0.5605786618444847,799.0,0.7215189873417721,0.12386980108499096,WACC_0p3_WRT_0p7,0.5126582278481012,486,False,,,False,False,False,False,False,66.0,0.6565656565656566
OCDD,PokerHand,1042,0.78,243,0.7580645161290321,0.9162474914919164,0,13,2350,2678,0.236,"{'nu':0.5,'kernel':'rbf','gamma':'auto'}",0.1578355966067709,0.05275748423790747,0.04149848771288646,0.1578355966067709,0.1979591498230827,0.21904154466229944,-1.7606682797852482,-3.091916252778669,-0.3636769151630123,-2.2626921951286003,2.4656972749710926,0.05275748423790747,0.09622942405063542,0.04347193981272795,0.04149848771288646,0.20436249954963379,0.1628640118367473,0.1578355966067709,0.46310428677554505,0.3052686901687741,0.1979591498230827,0.5117533671977991,0.31379421737471636,0.21904154466229944,0.5307212754174471,0.31167973075514765,138.0,0.12386980108499096,634.0,0.5723327305605787,910.0,0.8218806509945751,870.0,0.7857142857142857,735.0,0.6636528028933092,0.12386980108499096,WACC_0p1_WRT_0p9,0.5934900542495478,487,False,,,False,False,False,False,False,13.0,0.12121212121212122
OCDD,PokerHand,448,0.86,337,0.8870967741935483,0.8071381159444238,0,45,3228,2800,0.233,"{'nu':0.5,'kernel':'rbf','gamma':'auto'}",0.08674492413169149,0.1553717500074299,0.14480600732403798,0.08674492413169149,0.04064448958436669,0.09580852115172594,-1.7606682797852482,-3.091916252778669,-0.3636769151630123,-2.2626921951286003,2.4656972749710926,0.1553717500074299,0.1127121044339696,0.04265964557346029,0.14480600732403798,0.1764552996152931,0.03164929229125513,0.08674492413169149,0.38135846006165564,0.29461353592996414,0.04064448958436669,0.441737649667517,0.4010931600831503,0.09580852115172594,0.4734917234031073,0.37768320225138136,274.0,0.2468354430379747,139.0,0.12477396021699819,571.0,0.515370705244123,548.0,0.4945750452079566,460.0,0.41500904159132007,0.12477396021699819,WACC_0p3_WRT_0p7,0.35931283905967454,488,False,,,False,False,False,False,False,45.0,0.4444444444444444
OCDD,PokerHand,880,0.84,261,0.8548387096774193,0.8924164652884246,0,14,3062,3602,0.177,"{'nu':0.5,'kernel':'rbf','gamma':'auto'}",0.040925837612514386,0.06891748385669066,0.04926448543870992,0.040925837612514386,0.0926106189346844,0.12141759245096773,-1.7606682797852482,-3.091916252778669,-0.3636769151630123,-2.2626921951286003,2.4656972749710926,0.06891748385669066,0.09651804547131311,0.027600561614622446,0.04926448543870992,0.19073993645497242,0.1414754510162625,0.040925837612514386,0.4313669224499918,0.3904410848374774,0.0926106189346844,0.4815329949667985,0.3889223760321141,0.12141759245096773,0.50728978032273,0.38587218787176225,139.0,0.12477396021699819,407.0,0.3670886075949367,798.0,0.720614828209765,728.0,0.6573236889692586,587.0,0.5298372513562387,0.12477396021699819,WACC_0p1_WRT_0p9,0.4799276672694394,489,False,,,False,False,False,False,False,14.0,0.13131313131313133
OCDD,PokerHand,997,0.84,536,0.8548387096774193,0.6521338613889451,0,70,3144,1053,0.975,"{'nu':0.5,'kernel':'rbf','gamma':'auto'}",0.22527774620191976,0.32079846987913935,0.298608301442011,0.22527774620191976,0.04773840312722888,0.14295641921451005,-1.7606682797852482,-3.091916252778669,-0.3636769151630123,-2.2626921951286003,2.4656972749710926,0.32079846987913935,0.21706905088448508,0.10372941899465427,0.298608301442011,0.20244868322110718,0.09615961822090383,0.22527774620191976,0.29696856226327173,0.07169081606135197,0.04773840312722888,0.3204476294120399,0.27270922628481103,0.14295641921451005,0.39652572035333045,0.25356930113882037,837.0,0.755877034358047,607.0,0.5479204339963833,140.0,0.1256781193490054,211.0,0.189873417721519,255.0,0.22965641952983726,0.1256781193490054,WACC_0p5_WRT_0p5,0.36980108499095843,490,False,,,False,False,False,False,False,70.0,0.696969696969697
OCDD,PokerHand,397,0.86,255,0.8870967741935483,0.9001731899821036,0,10,1123,2931,0.001,"{'nu':0.5,'kernel':'rbf','gamma':'auto'}",0.0128175359723855,0.057845895854935075,0.048262520587023364,0.0128175359723855,0.06091530069637694,0.0874688980990757,-1.7606682797852482,-3.091916252778669,-0.3636769151630123,-2.2626921951286003,2.4656972749710926,0.057845895854935075,0.09664808315101028,0.03880218729607521,0.048262520587023364,0.17660743010191562,0.12834490951489225,0.0128175359723855,0.4179323059585396,0.4051147699861541,0.06091530069637694,0.44148068862931195,0.380565387932935,0.0874688980990757,0.4898318775527117,0.40236297945363597,141.0,0.12658227848101267,140.0,0.1256781193490054,736.0,0.6645569620253164,545.0,0.4918625678119349,518.0,0.4674502712477396,0.1256781193490054,WACC_0p3_WRT_0p7,0.3752260397830018,491,False,,,False,False,False,False,False,10.0,0.09090909090909091
OCDD,PokerHand,294,0.84,258,0.8548387096774193,0.8962723655749759,0,13,3096,3398,0.001,"{'nu':0.5,'kernel':'rbf','gamma':'auto'}",0.04359336938244124,0.0648754602127855,0.045263176663235045,0.04359336938244124,0.09345075613222961,0.12107195124789392,-1.7606682797852482,-3.091916252778669,-0.3636769151630123,-2.2626921951286003,2.4656972749710926,0.0648754602127855,0.09653525976430069,0.0316597995515152,0.045263176663235045,0.20632542758781214,0.1610622509245771,0.04359336938244124,0.4440347212904291,0.40044135190798785,0.09345075613222961,0.4790718057278756,0.385621049595646,0.12107195124789392,0.5086023832947322,0.38753043204683824,140.0,0.1256781193490054,659.0,0.5949367088607594,846.0,0.7640144665461122,706.0,0.6374321880650995,596.0,0.5379746835443038,0.1256781193490054,WACC_0p1_WRT_0p9,0.5320072332730561,492,False,,,False,False,False,False,False,13.0,0.12121212121212122
OCDD,PokerHand,331,0.89,350,0.935483870967742,0.7945020135174995,0,26,4132,2459,0.192,"{'nu':0.5,'kernel':'rbf','gamma':'auto'}",0.13333194961416944,0.16420712181128802,0.16848953173666473,0.13333194961416944,0.032719304486816606,0.04706113835573272,-1.7606682797852482,-3.091916252778669,-0.3636769151630123,-2.2626921951286003,2.4656972749710926,0.16420712181128802,0.13876267295391206,0.025444448857375956,0.16848953173666473,0.1837525067880139,0.015262975051349159,0.13333194961416944,0.29731615514776827,0.16398420553359883,0.032719304486816606,0.36143655848497164,0.32871725399815505,0.04706113835573272,0.4288617980828878,0.3818006597271551,470.0,0.4240506329113924,284.0,0.25587703435804704,141.0,0.12658227848101267,299.0,0.2694394213381555,332.0,0.29927667269439423,0.12658227848101267,WACC_0p5_WRT_0p5,0.27504520795660037,493,False,,,False,False,False,False,False,26.0,0.25252525252525254
OCDD,PokerHand,929,0.92,445,0.9838709677419356,0.7143023900805439,0,15,3862,988,0.623,"{'nu':0.5,'kernel':'rbf','gamma':'auto'}",0.25003016524238547,0.2438672891474706,0.2622844411512122,0.25003016524238547,0.12294430061903522,0.03586415426784073,-1.7606682797852482,-3.091916252778669,-0.3636769151630123,-2.2626921951286003,2.4656972749710926,0.2438672891474706,0.2356535325314101,0.008213756616060497,0.2622844411512122,0.23035413787666167,0.031930303274550514,0.25003016524238547,0.31995090934396775,0.06992074410158228,0.12294430061903522,0.2846749984136655,0.16173069779463028,0.03586415426784073,0.35549794116497313,0.3196337868971324,918.0,0.8291139240506329,873.0,0.7884267631103075,250.0,0.22513562386980107,141.0,0.12658227848101267,159.0,0.14285714285714285,0.12658227848101267,WACC_0p7_WRT_0p3,0.4224231464737794,494,False,,,False,False,False,False,False,15.0,0.1414141414141414
OCDD,PokerHand,716,0.82,643,0.8225806451612901,0.5912974056771405,0,82,1694,3437,0.875,"{'nu':0.5,'kernel':'rbf','gamma':'auto'}",0.2660919125295883,0.3875119344448969,0.35469166823332776,0.2660919125295883,0.060387113653975796,0.18166315727202606,-1.7606682797852482,-3.091916252778669,-0.3636769151630123,-2.2626921951286003,2.4656972749710926,0.3875119344448969,0.24108770092579873,0.14642423351909817,0.35469166823332776,0.17667603660272088,0.17801563163060688,0.2660919125295883,0.3376042064181381,0.0715122938885498,0.060387113653975796,0.4632067453741676,0.4028196317201918,0.18166315727202606,0.5455582396508505,0.3638950823788244,936.0,0.8453887884267631,141.0,0.12658227848101267,350.0,0.3155515370705244,628.0,0.5669077757685352,824.0,0.744122965641953,0.12658227848101267,WACC_0p3_WRT_0p7,0.5197106690777578,495,False,,,False,False,False,False,False,82.0,0.8181818181818182
OCDD,PokerHand,46,0.92,399,0.9838709677419356,0.7507486925799852,0,5,1087,982,0.464,"{'nu':0.5,'kernel':'rbf','gamma':'auto'}",0.21220955426108343,0.20566173260092935,0.22446372505716186,0.21220955426108343,0.10110641492184413,0.024429547515663046,-1.7606682797852482,-3.091916252778669,-0.3636769151630123,-2.2626921951286003,2.4656972749710926,0.20566173260092935,0.18030730313493315,0.025354429465996198,0.22446372505716186,0.21343033655312146,0.011033388504040398,0.21220955426108343,0.30570795905968556,0.09349840479860214,0.10110641492184413,0.28894938107654783,0.1878429661547037,0.024429547515663046,0.34846673876534007,0.324037191249677,660.0,0.5958408679927667,749.0,0.6763110307414105,177.0,0.15913200723327306,145.0,0.1301989150090416,142.0,0.1274864376130199,0.1274864376130199,WACC_0p9_WRT_0p1,0.3377938517179024,496,False,,,False,False,False,False,False,5.0,0.04040404040404041
OCDD,PokerHand,790,0.91,428,0.967741935483871,0.7273140584182654,0,31,3489,1410,0.562,"{'nu':0.5,'kernel':'rbf','gamma':'auto'}",0.22536970804536818,0.23169777484164972,0.24525845893227777,0.22536970804536818,0.10109097022815712,0.01983045208562431,-1.7606682797852482,-3.091916252778669,-0.3636769151630123,-2.2626921951286003,2.4656972749710926,0.23169777484164972,0.1952315388537499,0.03646623598789983,0.24525845893227777,0.20199482409686864,0.043263634835409126,0.22536970804536818,0.29757629114027434,0.07220658309490616,0.10109097022815712,0.3270145080168249,0.2259235377886678,0.01983045208562431,0.3875063788335258,0.3676759267479015,737.0,0.6654611211573237,601.0,0.5424954792043399,142.0,0.1274864376130199,225.0,0.20253164556962025,232.0,0.2088607594936709,0.1274864376130199,WACC_0p5_WRT_0p5,0.3493670886075949,497,False,,,False,False,False,False,False,31.0,0.30303030303030304
OCDD,PokerHand,751,0.82,264,0.8225806451612901,0.8886044661487877,0,17,1156,4122,0.099,"{'nu':0.5,'kernel':'rbf','gamma':'auto'}",0.07176312080223143,0.07585393537326074,0.04617296658925382,0.07176312080223143,0.12516542793410346,0.1550126833419377,-1.7606682797852482,-3.091916252778669,-0.3636769151630123,-2.2626921951286003,2.4656972749710926,0.07585393537326074,0.09667936884502305,0.020825433471762314,0.04617296658925382,0.1880086915303979,0.14183572494114408,0.07176312080223143,0.45781486315579145,0.38605174235356,0.12516542793410346,0.5046433525768556,0.3794779246427521,0.1550126833419377,0.5270545946340475,0.37204191129210973,142.0,0.1274864376130199,358.0,0.3227848101265823,889.0,0.8028933092224232,838.0,0.7567811934900542,715.0,0.6455696202531646,0.1274864376130199,WACC_0p1_WRT_0p9,0.5311030741410488,498,False,,,False,False,False,False,False,17.0,0.16161616161616163
OCDD,PokerHand,817,0.8,565,0.7903225806451613,0.634523833264433,0,76,2991,4959,0.755,"{'nu':0.5,'kernel':'rbf','gamma':'auto'}",0.19891921717470046,0.34513942595918484,0.3027878732201307,0.19891921717470046,0.10319082150203253,0.21104174431270148,-1.7606682797852482,-3.091916252778669,-0.3636769151630123,-2.2626921951286003,2.4656972749710926,0.34513942595918484,0.23299372242306116,0.11214570353612369,0.3027878732201307,0.17668236719603594,0.12610550602409473,0.19891921717470046,0.35470814054416744,0.15578892336946698,0.10319082150203253,0.4835981230892085,0.380407301587176,0.21104174431270148,0.5697624205265556,0.35872067621385406,909.0,0.8209764918625678,142.0,0.1274864376130199,447.0,0.40325497287522605,740.0,0.6681735985533453,945.0,0.8535262206148282,0.1274864376130199,WACC_0p3_WRT_0p7,0.5746835443037975,499,False,,,False,False,False,False,False,76.0,0.7575757575757576
OCDD,PokerHand,497,0.84,287,0.8548387096774193,0.860737430351594,0,30,2815,2718,0.405,"{'nu':0.5,'kernel':'rbf','gamma':'auto'}",0.01901011732551561,0.10212565800926718,0.08213815723292646,0.01901011732551561,0.08570827871453057,0.1242572871873626,-1.7606682797852482,-3.091916252778669,-0.3636769151630123,-2.2626921951286003,2.4656972749710926,0.10212565800926718,0.11163379655016288,0.009508138540895703,0.08213815723292646,0.17669704650314658,0.09455888927022012,0.01901011732551561,0.40268405137709135,0.38367393405157574,0.08570827871453057,0.4537352580662043,0.3680269793516737,0.1242572871873626,0.49266437814845176,0.36840709096108915,267.0,0.24050632911392406,143.0,0.12839059674502712,673.0,0.6075949367088608,589.0,0.5316455696202531,533.0,0.4810126582278481,0.12839059674502712,WACC_0p3_WRT_0p7,0.3978300180831826,500,False,,,False,False,False,False,False,30.0,0.29292929292929293
OCDD,PokerHand,550,0.86,284,0.8870967741935483,0.8642433992908762,0,26,1909,4853,0.001,"{'nu':0.5,'kernel':'rbf','gamma':'auto'}",0.027486328380961735,0.09551000869546585,0.08554724687914558,0.027486328380961735,0.05308679077224922,0.09068962870873913,-1.7606682797852482,-3.091916252778669,-0.3636769151630123,-2.2626921951286003,2.4656972749710926,0.09551000869546585,0.0967411085507877,0.0012310998553218544,0.08554724687914558,0.2091908444879809,0.12364359760883531,0.027486328380961735,0.4825046733093722,0.4550183449284105,0.05308679077224922,0.5355763395496621,0.4824895487774129,0.09068962870873913,0.5627452210477981,0.47205559233905897,143.0,0.12839059674502712,703.0,0.6347197106690777,969.0,0.8752260397830018,956.0,0.8634719710669078,920.0,0.8309222423146474,0.12839059674502712,WACC_0p1_WRT_0p9,0.6665461121157323,501,False,,,False,False,False,False,False,26.0,0.25252525252525254
OCDD,PokerHand,993,0.89,357,0.935483870967742,0.7878904620980689,0,29,3753,2329,0.453,"{'nu':0.5,'kernel':'rbf','gamma':'auto'}",0.14019280783760632,0.17113781118970423,0.17535040902810828,0.14019280783760632,0.03668081208229463,0.0476537949124302,-1.7606682797852482,-3.091916252778669,-0.3636769151630123,-2.2626921951286003,2.4656972749710926,0.17113781118970423,0.1556297682892953,0.015508042900408914,0.17535040902810828,0.19853356140151093,0.023183152373402655,0.14019280783760632,0.2981315386545539,0.15793873081694756,0.03668081208229463,0.36923013587246556,0.33254932379017094,0.0476537949124302,0.43869350475947877,0.39103970984704856,569.0,0.5135623869801085,538.0,0.48553345388788427,144.0,0.12929475587703435,317.0,0.2857142857142857,360.0,0.32459312839059673,0.12929475587703435,WACC_0p5_WRT_0p5,0.3477396021699819,502,False,,,False,False,False,False,False,29.0,0.2828282828282828
OCDD,PokerHand,462,0.86,313,0.8870967741935483,0.8317983602817474,0,35,4665,3959,0.153,"{'nu':0.5,'kernel':'rbf','gamma':'auto'}",0.061154797182597864,0.12952116174828943,0.11921580925370907,0.061154797182597864,0.046017550874514646,0.0935979877127324,-1.7606682797852482,-3.091916252778669,-0.3636769151630123,-2.2626921951286003,2.4656972749710926,0.12952116174828943,0.12765730738222755,0.0018638543660618734,0.11921580925370907,0.17669706155019535,0.05748125229648628,0.061154797182597864,0.3910205166958968,0.32986571951329896,0.046017550874514646,0.4553290369586795,0.40931148608416484,0.0935979877127324,0.5065459016381542,0.41294791392542174,406.0,0.36618444846292947,144.0,0.12929475587703435,618.0,0.5578661844484629,597.0,0.538878842676311,581.0,0.5244122965641953,0.12929475587703435,WACC_0p3_WRT_0p7,0.42332730560578663,503,False,,,False,False,False,False,False,35.0,0.3434343434343434
OCDD,PokerHand,213,0.87,238,0.9032258064516128,0.923179767582184,1,1,63,303,0.001,"{'nu':0.5,'kernel':'rbf','gamma':'auto'}",0.011996383440161953,0.0322585723606798,0.027911985562811725,0.011996383440161953,0.049235364796869165,0.06877990613424743,-1.7606682797852482,-3.091916252778669,-0.3636769151630123,-2.2626921951286003,2.4656972749710926,0.0322585723606798,0.20031127352327954,0.16805270116259974,0.027911985562811725,0.27863317290988165,0.25072118734706994,0.011996383440161953,0.43059280110240045,0.4185964176622385,0.049235364796869165,0.3630314053543969,0.3137960405575277,0.06877990613424743,0.34956665454664065,0.2807867484123932,762.0,0.6880650994575045,1034.0,0.933996383363472,793.0,0.7160940325497287,303.0,0.2730560578661845,144.0,0.12929475587703435,0.12929475587703435,WACC_0p9_WRT_0p1,0.5481012658227848,504,False,,,False,False,False,False,False,1.0,0.0
OCDD,PokerHand,339,0.83,247,0.8387096774193548,0.9108031930919572,0,10,1329,4146,0.001,"{'nu':0.5,'kernel':'rbf','gamma':'auto'}",0.07038309300547302,0.051113457288200076,0.02666074679172089,0.07038309300547302,0.11330947467509604,0.13639610675411803,-1.7606682797852482,-3.091916252778669,-0.3636769151630123,-2.2626921951286003,2.4656972749710926,0.051113457288200076,0.09709726353812034,0.04598380624992027,0.02666074679172089,0.20118909928381787,0.17452835249209697,0.07038309300547302,0.4762068658749933,0.40582377286952026,0.11330947467509604,0.5275533165602634,0.41424384188516733,0.13639610675411803,0.5490759145659951,0.4126798078118771,144.0,0.12929475587703435,589.0,0.5316455696202531,947.0,0.8553345388788427,932.0,0.8417721518987342,839.0,0.7576853526220615,0.12929475587703435,WACC_0p1_WRT_0p9,0.6231464737793851,505,False,,,False,False,False,False,False,10.0,0.09090909090909091
OCDD,PokerHand,212,0.88,257,0.9193548387096774,0.8975675972651773,0,3,3237,2778,0.001,"{'nu':0.5,'kernel':'rbf','gamma':'auto'}",0.015221845443628581,0.05763681177357467,0.058013642824732155,0.015221845443628581,0.026962204076251738,0.054449077315031374,-1.7606682797852482,-3.091916252778669,-0.3636769151630123,-2.2626921951286003,2.4656972749710926,0.05763681177357467,0.09810180949580986,0.04046499772223519,0.058013642824732155,0.17671950874574766,0.11870586592101551,0.015221845443628581,0.3879011897693799,0.3726793443257513,0.026962204076251738,0.4248725296843754,0.39791032560812367,0.054449077315031374,0.4610808308098827,0.40663175349485137,159.0,0.14285714285714285,145.0,0.1301989150090416,599.0,0.5406871609403255,482.0,0.4349005424954792,410.0,0.36980108499095843,0.1301989150090416,WACC_0p3_WRT_0p7,0.3236889692585895,506,False,,,False,False,False,False,False,3.0,0.020202020202020204
OCDD,PokerHand,680,0.92,561,0.9838709677419356,0.636898431688554,0,35,3221,742,0.563,"{'nu':0.5,'kernel':'rbf','gamma':'auto'}",0.3303528536358436,0.32500751755106844,0.3426073527811095,0.3303528536358436,0.16932318352218628,0.060148752830010185,-1.7606682797852482,-3.091916252778669,-0.3636769151630123,-2.2626921951286003,2.4656972749710926,0.32500751755106844,0.2198247982594146,0.10518271929165385,0.3426073527811095,0.2410822631485745,0.10152508963253498,0.3303528536358436,0.32080031104092216,0.009552542594921443,0.16932318352218628,0.2965080818156346,0.1271848982934483,0.060148752830010185,0.3495994719851996,0.2894507191551894,851.0,0.7685352622061483,932.0,0.8417721518987342,254.0,0.22875226039783003,160.0,0.1437613019891501,145.0,0.1301989150090416,0.1301989150090416,WACC_0p9_WRT_0p1,0.4226039783001808,507,False,,,False,False,False,False,False,35.0,0.3434343434343434
OCDD,PokerHand,1056,0.74,276,0.693548387096774,0.8737761990620119,0,28,2572,4914,0.157,"{'nu':0.5,'kernel':'rbf','gamma':'auto'}",0.19540262458148852,0.10315975172952166,0.04314444647149974,0.19540262458148852,0.25547611607419374,0.2893554225408683,-1.7606682797852482,-3.091916252778669,-0.3636769151630123,-2.2626921951286003,2.4656972749710926,0.10315975172952166,0.09711873166713703,0.006041020062384633,0.04314444647149974,0.20505305122278672,0.161908604751287,0.19540262458148852,0.4722577386279997,0.2768551140465112,0.25547611607419374,0.532906746644221,0.27743063057002726,0.2893554225408683,0.5545428136570394,0.26518739111617107,145.0,0.1301989150090416,644.0,0.581374321880651,937.0,0.8462929475587704,947.0,0.8553345388788427,868.0,0.7839059674502713,0.1301989150090416,WACC_0p1_WRT_0p9,0.6394213381555154,508,False,,,False,False,False,False,False,28.0,0.2727272727272727
OCDD,PokerHand,810,0.9,417,0.9516129032258064,0.7360110921835776,0,46,4829,1932,0.535,"{'nu':0.5,'kernel':'rbf','gamma':'auto'}",0.20518658063213532,0.22405116145661133,0.23270981894072473,0.20518658063213532,0.08182288141614331,0.03567754629382803,-1.7606682797852482,-3.091916252778669,-0.3636769151630123,-2.2626921951286003,2.4656972749710926,0.22405116145661133,0.20099229351289924,0.02305886794371209,0.23270981894072473,0.20738419616602863,0.025325622774696105,0.20518658063213532,0.2983530359983125,0.09316645536617715,0.08182288141614331,0.3434793435982135,0.2616564621820702,0.03567754629382803,0.41336216914085594,0.3776846228470279,766.0,0.6916817359855335,680.0,0.6139240506329114,146.0,0.13110307414104883,249.0,0.22423146473779385,295.0,0.26582278481012656,0.13110307414104883,WACC_0p5_WRT_0p5,0.3853526220614828,509,False,,,False,False,False,False,False,46.0,0.45454545454545453
OCDD,PokerHand,747,0.89,366,0.935483870967742,0.7795773377620845,0,34,1796,2849,0.575,"{'nu':0.5,'kernel':'rbf','gamma':'auto'}",0.14881940148329315,0.1798522079903604,0.18397702664921334,0.14881940148329315,0.041661867678772446,0.04839897971578559,-1.7606682797852482,-3.091916252778669,-0.3636769151630123,-2.2626921951286003,2.4656972749710926,0.1798522079903604,0.17025684241736458,0.009595365572995812,0.18397702664921334,0.17675373991423174,0.007223286734981599,0.14881940148329315,0.3654755610177007,0.21665615953440753,0.041661867678772446,0.4409216960304103,0.39925982835163787,0.04839897971578559,0.5014325846745761,0.45303360495879047,624.0,0.5632911392405063,146.0,0.13110307414104883,500.0,0.4511754068716094,541.0,0.488245931283906,561.0,0.5063291139240507,0.13110307414104883,WACC_0p3_WRT_0p7,0.42802893309222423,510,False,,,False,False,False,False,False,34.0,0.3333333333333333
OCDD,PokerHand,875,0.9,385,0.9516129032258064,0.7626772764037849,0,42,2446,510,0.681,"{'nu':0.5,'kernel':'rbf','gamma':'auto'}",0.17751487429748983,0.19609780709038366,0.20503803569962464,0.17751487429748983,0.0658450443505026,0.033287201287395395,-1.7606682797852482,-3.091916252778669,-0.3636769151630123,-2.2626921951286003,2.4656972749710926,0.19609780709038366,0.20794481304504753,0.01184700595466387,0.20503803569962464,0.23812033309937836,0.03308229739975371,0.17751487429748983,0.33314383135043124,0.1556289570529414,0.0658450443505026,0.3067419353466925,0.24089689099618988,0.033287201287395395,0.34999282017036576,0.3167056188829704,801.0,0.7233273056057866,919.0,0.8300180831826401,332.0,0.29927667269439423,177.0,0.15913200723327306,146.0,0.13110307414104883,0.13110307414104883,WACC_0p9_WRT_0p1,0.42857142857142855,511,False,,,False,False,False,False,False,42.0,0.41414141414141414
OCDD,PokerHand,73,0.82,245,0.8225806451612901,0.9135142765228756,0,10,645,2379,0.001,"{'nu':0.5,'kernel':'rbf','gamma':'auto'}",0.08899585651054055,0.04974173458621461,0.020323791185810684,0.08899585651054055,0.13059286555536684,0.1527797789133482,-1.7606682797852482,-3.091916252778669,-0.3636769151630123,-2.2626921951286003,2.4656972749710926,0.04974173458621461,0.09729217234013807,0.04755043775392346,0.020323791185810684,0.1953094539868024,0.17498566280099173,0.08899585651054055,0.44091370448513234,0.3519178479745918,0.13059286555536684,0.46057587872807204,0.3299830131727052,0.1527797789133482,0.4925043986742701,0.3397246197609219,146.0,0.13110307414104883,490.0,0.4421338155515371,834.0,0.7531645569620253,619.0,0.5587703435804702,531.0,0.47920433996383366,0.13110307414104883,WACC_0p1_WRT_0p9,0.47287522603978305,512,False,,,False,False,False,False,False,10.0,0.09090909090909091
OCDD,PokerHand,676,0.9,367,0.9516129032258064,0.7786662706030079,0,33,3832,2015,0.103,"{'nu':0.5,'kernel':'rbf','gamma':'auto'}",0.16092297091852906,0.17933702807829882,0.18844608620769757,0.16092297091852906,0.05626476312057444,0.03185395489089631,-1.7606682797852482,-3.091916252778669,-0.3636769151630123,-2.2626921951286003,2.4656972749710926,0.17933702807829882,0.15414763141946136,0.02518939665883746,0.18844608620769757,0.19387449632368625,0.0054284101159886855,0.16092297091852906,0.2987648135239146,0.13784184260538554,0.05626476312057444,0.3367571194782204,0.28049235635764597,0.03185395489089631,0.40593275585147937,0.37407880096058305,561.0,0.5063291139240507,458.0,0.4132007233273056,147.0,0.13200723327305605,235.0,0.2115732368896926,275.0,0.24773960216998192,0.13200723327305605,WACC_0p5_WRT_0p5,0.3021699819168173,513,False,,,False,False,False,False,False,33.0,0.32323232323232326
OCDD,PokerHand,731,0.83,405,0.8387096774193548,0.7457637323922697,0,66,1517,4924,0.55,"{'nu':0.5,'kernel':'rbf','gamma':'auto'}",0.11695915438138954,0.2241193321164965,0.1979239520931018,0.11695915438138954,0.07735009302816512,0.1511901713075642,-1.7606682797852482,-3.091916252778669,-0.3636769151630123,-2.2626921951286003,2.4656972749710926,0.2241193321164965,0.1680806020622383,0.05603873005425822,0.1979239520931018,0.17679899897108145,0.02112495312202034,0.11695915438138954,0.4284291594759809,0.3114700050945914,0.07735009302816512,0.5172954891479697,0.43994539611980465,0.1511901713075642,0.5778219755108729,0.4266318042033087,617.0,0.5569620253164557,147.0,0.13200723327305605,789.0,0.7124773960216998,892.0,0.8056057866184448,976.0,0.8815551537070524,0.13200723327305605,WACC_0p3_WRT_0p7,0.6177215189873417,514,False,,,False,False,False,False,False,66.0,0.6565656565656566
OCDD,PokerHand,259,0.74,239,0.693548387096774,0.9217817823596586,0,14,2492,4276,0.268,"{'nu':0.5,'kernel':'rbf','gamma':'auto'}",0.2286131355034069,0.0528369507470064,0.08509468212041328,0.2286131355034069,0.2659357424184944,0.28505222320162954,-1.7606682797852482,-3.091916252778669,-0.3636769151630123,-2.2626921951286003,2.4656972749710926,0.0528369507470064,0.0973871671230285,0.0445502163760221,0.08509468212041328,0.2251558709836904,0.14006118886327712,0.2286131355034069,0.503043151299912,0.27443001579650506,0.2659357424184944,0.5543272822576331,0.2883915398391387,0.28505222320162954,0.5743944201027691,0.28934219690113955,147.0,0.13200723327305605,848.0,0.7658227848101266,1014.0,0.9159132007233273,1012.0,0.9141048824593129,963.0,0.8698010849909584,0.13200723327305605,WACC_0p1_WRT_0p9,0.7195298372513562,515,False,,,False,False,False,False,False,14.0,0.13131313131313133
OCDD,PokerHand,42,0.89,330,0.935483870967742,0.814145004907354,0,22,4601,2533,0.001,"{'nu':0.5,'kernel':'rbf','gamma':'auto'}",0.11294826499002576,0.14361596806394125,0.14810579046126515,0.11294826499002576,0.020949622206175748,0.04530034926073513,-1.7606682797852482,-3.091916252778669,-0.3636769151630123,-2.2626921951286003,2.4656972749710926,0.14361596806394125,0.1364121093494302,0.007203858714511041,0.14810579046126515,0.18227422317987588,0.034168432718610725,0.11294826499002576,0.2990861454506503,0.18613788046062457,0.020949622206175748,0.3485064017689975,0.32755677956282175,0.04530034926073513,0.4193232236834897,0.37402287442275456,461.0,0.4159132007233273,247.0,0.2224231464737794,148.0,0.13291139240506328,263.0,0.23688969258589512,308.0,0.27757685352622063,0.13291139240506328,WACC_0p5_WRT_0p5,0.2571428571428572,516,False,,,False,False,False,False,False,22.0,0.21212121212121213
OCDD,PokerHand,316,0.82,265,0.8225806451612901,0.8873433837751918,0,18,2459,1774,0.001,"{'nu':0.5,'kernel':'rbf','gamma':'auto'}",0.07089069749092468,0.07717588988250085,0.04748160519323054,0.07089069749092468,0.12489065884452875,0.1551257262103711,-1.7606682797852482,-3.091916252778669,-0.3636769151630123,-2.2626921951286003,2.4656972749710926,0.07717588988250085,0.09751551196988363,0.020339622087382783,0.04748160519323054,0.18691632089251176,0.13943471569928123,0.07089069749092468,0.3880167625332126,0.3171260650422879,0.12489065884452875,0.4324469148811958,0.30755625603666703,0.1551257262103711,0.4527510118143247,0.2976252856039536,148.0,0.13291139240506328,341.0,0.3074141048824593,601.0,0.5424954792043399,510.0,0.4602169981916817,389.0,0.3508137432188065,0.13291139240506328,WACC_0p1_WRT_0p9,0.35877034358047016,517,False,,,False,False,False,False,False,18.0,0.1717171717171717
OCDD,PokerHand,772,0.89,401,0.935483870967742,0.7490787790217174,0,47,1386,1963,0.636,"{'nu':0.5,'kernel':'rbf','gamma':'auto'}",0.180467992602447,0.21182292465115096,0.21562570572755943,0.180467992602447,0.059935985875300433,0.051132857085956336,-1.7606682797852482,-3.091916252778669,-0.3636769151630123,-2.2626921951286003,2.4656972749710926,0.21182292465115096,0.18849833988843812,0.023324584762712847,0.21562570572755943,0.17688844557338324,0.038737260154176195,0.180467992602447,0.3348763406585188,0.1544083480560718,0.059935985875300433,0.40340835893591953,0.3434723730606191,0.051132857085956336,0.4626346060849636,0.41150174899900727,703.0,0.6347197106690777,148.0,0.13291139240506328,340.0,0.3065099457504521,397.0,0.35804701627486435,415.0,0.3743218806509946,0.13291139240506328,WACC_0p3_WRT_0p7,0.3613019891500904,518,False,,,False,False,False,False,False,47.0,0.46464646464646464
OCDD,PokerHand,487,0.69,277,0.6129032258064514,0.8725696501009428,0,30,39,1770,0.045,"{'nu':0.5,'kernel':'rbf','gamma':'auto'}",0.2782540375647651,0.11177566080466755,0.09054007736516972,0.2782540375647651,0.33867668106684673,0.3725970394766411,-1.7606682797852482,-3.091916252778669,-0.3636769151630123,-2.2626921951286003,2.4656972749710926,0.11177566080466755,0.09757909848816793,0.014196562316499628,0.09054007736516972,0.31207555777003504,0.22153548040486531,0.2782540375647651,0.6005918252183864,0.3223377876536213,0.33867668106684673,0.6236784461367009,0.28500176506985414,0.3725970394766411,0.6531650753646493,0.2805680358880082,149.0,0.13381555153707053,1068.0,0.9647377938517179,1098.0,0.9918625678119349,1094.0,0.9882459312839059,1100.0,0.9936708860759493,0.13381555153707053,WACC_0p1_WRT_0p9,0.8144665461121157,519,False,,,False,False,False,False,False,30.0,0.29292929292929293
OCDD,PokerHand,866,0.91,449,0.967741935483871,0.7113129329494756,0,39,3815,1299,0.735,"{'nu':0.5,'kernel':'rbf','gamma':'auto'}",0.24197420013691512,0.24847127069669608,0.2618629971717782,0.24197420013691512,0.11067852026891092,0.021264785923783263,-1.7606682797852482,-3.091916252778669,-0.3636769151630123,-2.2626921951286003,2.4656972749710926,0.24847127069669608,0.23114228439799567,0.017328986298700416,0.2618629971717782,0.20784714512108612,0.054015852050692065,0.24197420013691512,0.29946308068235683,0.05748888054544171,0.11067852026891092,0.3167434252496001,0.20606490498068916,0.021264785923783263,0.3867563469174043,0.365491560993621,897.0,0.810126582278481,686.0,0.6193490054249547,150.0,0.13471971066907776,200.0,0.17992766726943943,230.0,0.2070524412296564,0.13471971066907776,WACC_0p5_WRT_0p5,0.3902350813743219,520,False,,,False,False,False,False,False,39.0,0.3838383838383838
OCDD,PokerHand,651,0.92,481,0.9838709677419356,0.6883121681945479,0,24,1488,880,0.475,"{'nu':0.5,'kernel':'rbf','gamma':'auto'}",0.2770004202163446,0.2711120526440638,0.2892547710821206,0.2770004202163446,0.13851711475566036,0.04401828640985323,-1.7606682797852482,-3.091916252778669,-0.3636769151630123,-2.2626921951286003,2.4656972749710926,0.2711120526440638,0.20780509767806007,0.06330695496600372,0.2892547710821206,0.23180051462198223,0.05745425646013838,0.2770004202163446,0.31907683092760086,0.042076410711256285,0.13851711475566036,0.29716246180354006,0.1586453470478797,0.04401828640985323,0.3505206325581913,0.3065023461483381,796.0,0.7188065099457505,879.0,0.7938517179023508,242.0,0.2179023508137432,163.0,0.14647377938517178,150.0,0.13471971066907776,0.13471971066907776,WACC_0p9_WRT_0p1,0.4023508137432188,521,False,,,False,False,False,False,False,24.0,0.23232323232323232
OCDD,PokerHand,1064,0.8,709,0.7903225806451613,0.558630571083577,0,87,3483,3097,0.941,"{'nu':0.5,'kernel':'rbf','gamma':'auto'}",0.2776742443846105,0.4246960372175316,0.3815431193095652,0.2776742443846105,0.0866549290092794,0.21784478290186796,-1.7606682797852482,-3.091916252778669,-0.3636769151630123,-2.2626921951286003,2.4656972749710926,0.4246960372175316,0.24182229185098558,0.182873745366546,0.3815431193095652,0.1769732252752825,0.2045698940342827,0.2776742443846105,0.307442787840998,0.029768543456387464,0.0866549290092794,0.42615566453851006,0.33950073552923066,0.21784478290186796,0.5202974945103468,0.30245271160847886,940.0,0.849005424954792,150.0,0.13471971066907776,183.0,0.16455696202531644,485.0,0.4376130198915009,675.0,0.6094032549728752,0.13471971066907776,WACC_0p3_WRT_0p7,0.4390596745027125,522,False,,,False,False,False,False,False,87.0,0.8686868686868687
OCDD,PokerHand,293,0.85,472,0.8709677419354838,0.6946230414568195,0,65,3733,930,0.999,"{'nu':0.5,'kernel':'rbf','gamma':'auto'}",0.19234454223914077,0.27478812349337134,0.2580404624342478,0.19234454223914077,0.036336750146416144,0.12252101534700269,-1.7606682797852482,-3.091916252778669,-0.3636769151630123,-2.2626921951286003,2.4656972749710926,0.27478812349337134,0.27262763949741664,0.0021604839959546984,0.2580404624342478,0.23604620754177388,0.02199425489247389,0.19234454223914077,0.3250885448109482,0.1327440025718074,0.036336750146416144,0.29195735792769184,0.2556206077812757,0.12252101534700269,0.36671050207830763,0.24418948673130494,1025.0,0.9258589511754068,906.0,0.8182640144665461,278.0,0.2504520795660036,150.0,0.13471971066907776,182.0,0.16365280289330922,0.13471971066907776,WACC_0p7_WRT_0p3,0.4585895117540687,523,False,,,False,False,False,False,False,65.0,0.6464646464646465
OCDD,PokerHand,340,0.76,209,0.7258064516129031,0.9664903592215291,0,2,128,1389,0.001,"{'nu':0.5,'kernel':'rbf','gamma':'auto'}",0.226068316394215,0.003029853771935572,0.10478379538465328,0.226068316394215,0.24229162447521702,0.24779118109952045,-1.7606682797852482,-3.091916252778669,-0.3636769151630123,-2.2626921951286003,2.4656972749710926,0.003029853771935572,0.0976233491158394,0.09459349534390384,0.10478379538465328,0.26847056928988833,0.16368677390523506,0.226068316394215,0.5501511183221254,0.3240828019279104,0.24229162447521702,0.5851306275312036,0.3428390030559866,0.24779118109952045,0.5853393568036186,0.3375481757040981,150.0,0.13471971066907776,1019.0,0.9204339963833634,1078.0,0.9737793851717902,1064.0,0.961121157323689,998.0,0.9014466546112115,0.13471971066907776,WACC_0p1_WRT_0p9,0.7783001808318264,524,False,,,False,False,False,False,False,2.0,0.010101010101010102
OCDD,PokerHand,996,0.9,316,0.9516129032258064,0.8286146566640378,0,11,4454,3049,0.018,"{'nu':0.5,'kernel':'rbf','gamma':'auto'}",0.10909114302907284,0.1269776457214082,0.13661411426488693,0.10909114302907284,0.026336702638261766,0.027376603567797104,-1.7606682797852482,-3.091916252778669,-0.3636769151630123,-2.2626921951286003,2.4656972749710926,0.1269776457214082,0.12240670907369136,0.00457093664771685,0.13661411426488693,0.17698605022875977,0.04037193596387284,0.10909114302907284,0.34556832332564863,0.23647718029657577,0.026336702638261766,0.40865031236266863,0.38231360972440687,0.027376603567797104,0.4554978790772204,0.4281212755094233,362.0,0.32640144665461124,151.0,0.13562386980108498,401.0,0.3616636528028933,417.0,0.37613019891500904,399.0,0.35985533453887886,0.13562386980108498,WACC_0p3_WRT_0p7,0.3119349005424955,525,False,,,False,False,False,False,False,11.0,0.10101010101010101
OCDD,PokerHand,757,0.83,746,0.8387096774193548,0.5416217967673338,0,84,4972,3015,0.925,"{'nu':0.5,'kernel':'rbf','gamma':'auto'}",0.3287988254250861,0.43811514870607804,0.4097642118911687,0.3287988254250861,0.09989798972011389,0.16948936448777108,-1.7606682797852482,-3.091916252778669,-0.3636769151630123,-2.2626921951286003,2.4656972749710926,0.43811514870607804,0.24921062001971955,0.18890452868635849,0.4097642118911687,0.2100148294492233,0.19974938244194537,0.3287988254250861,0.299528139842897,0.029270685582189093,0.09989798972011389,0.40371116756029757,0.3038131778401837,0.16948936448777108,0.49658014409727363,0.32709077960950256,967.0,0.8734177215189873,712.0,0.6428571428571429,151.0,0.13562386980108498,399.0,0.35985533453887886,545.0,0.4918625678119349,0.13562386980108498,WACC_0p5_WRT_0p5,0.5007233273056058,526,False,,,False,False,False,False,False,84.0,0.8383838383838383
OCDD,PokerHand,10,0.7,237,0.6290322580645159,0.9245836143951084,0,14,2354,4662,0.269,"{'nu':0.5,'kernel':'rbf','gamma':'auto'}",0.29750034524122637,0.055780771203390964,0.126303085691093,0.29750034524122637,0.33331697721542325,0.3513078381469753,-1.7606682797852482,-3.091916252778669,-0.3636769151630123,-2.2626921951286003,2.4656972749710926,0.055780771203390964,0.09763052397248585,0.04184975276909489,0.126303085691093,0.2065896984196563,0.0802866127285633,0.29750034524122637,0.48222746701688474,0.18472712177565836,0.33331697721542325,0.5458493191747089,0.21253234195928566,0.3513078381469753,0.5568630602027623,0.20555522205578702,151.0,0.13562386980108498,664.0,0.5994575045207957,968.0,0.8743218806509946,992.0,0.8960216998191681,883.0,0.7974683544303798,0.13562386980108498,WACC_0p1_WRT_0p9,0.6605786618444845,527,False,,,False,False,False,False,False,14.0,0.13131313131313133
OCDD,PokerHand,372,0.77,245,0.7419354838709676,0.9135142765228756,0,15,659,3807,0.251,"{'nu':0.5,'kernel':'rbf','gamma':'auto'}",0.17268196630816404,0.05709285487904158,0.04880003365611973,0.17268196630816404,0.21405631770472067,0.2359132413317633,-1.7606682797852482,-3.091916252778669,-0.3636769151630123,-2.2626921951286003,2.4656972749710926,0.05709285487904158,0.09778899641631411,0.04069614153727253,0.04880003365611973,0.19416223299791185,0.14536219934179212,0.17268196630816404,0.45289718362480963,0.28021521731664556,0.21405631770472067,0.5155724740787866,0.3015161563740659,0.2359132413317633,0.5409697285668899,0.30505648723512657,152.0,0.13652802893309224,465.0,0.41952983725135623,874.0,0.7893309222423146,882.0,0.7965641952983725,792.0,0.7151898734177216,0.13652802893309224,WACC_0p1_WRT_0p9,0.5714285714285714,528,False,,,False,False,False,False,False,15.0,0.1414141414141414
OCDD,PokerHand,136,0.8,337,0.7903225806451613,0.8071381159444238,0,47,1118,3825,0.644,"{'nu':0.5,'kernel':'rbf','gamma':'auto'}",0.048878722116331305,0.1641930943588222,0.12366419451175845,0.048878722116331305,0.14080063216359126,0.19556867605382408,-1.7606682797852482,-3.091916252778669,-0.3636769151630123,-2.2626921951286003,2.4656972749710926,0.1641930943588222,0.19002511051441484,0.025832016155592635,0.12366419451175845,0.17699175349807325,0.053327558986314805,0.048878722116331305,0.4164215442441445,0.3675428221278132,0.14080063216359126,0.5150602525927293,0.37425962042913796,0.19556867605382408,0.5794222364852012,0.3838535604313771,717.0,0.6473779385171791,152.0,0.13652802893309224,727.0,0.6564195298372514,879.0,0.7938517179023508,981.0,0.8860759493670886,0.13652802893309224,WACC_0p3_WRT_0p7,0.6240506329113924,529,False,,,False,False,False,False,False,47.0,0.46464646464646464
OCDD,PokerHand,24,0.87,381,0.9032258064516128,0.7661649847570753,0,51,3227,2501,0.583,"{'nu':0.5,'kernel':'rbf','gamma':'auto'}",0.14042120835039584,0.19685242008939047,0.19084789720675488,0.14042120835039584,0.021584272798689345,0.08285464209807128,-1.7606682797852482,-3.091916252778669,-0.3636769151630123,-2.2626921951286003,2.4656972749710926,0.19685242008939047,0.1731476201331356,0.02370479995625488,0.19084789720675488,0.17706088343366916,0.013787013773085721,0.14042120835039584,0.3402393616968832,0.19981815334648734,0.021584272798689345,0.41648445440532633,0.394900181606637,0.08285464209807128,0.47869424384663894,0.3958396017485677,629.0,0.5678119349005425,153.0,0.13743218806509946,361.0,0.325497287522604,442.0,0.3987341772151899,481.0,0.43399638336347196,0.13743218806509946,WACC_0p3_WRT_0p7,0.3726943942133815,530,False,,,False,False,False,False,False,51.0,0.5050505050505051
OCDD,PokerHand,269,0.76,243,0.7258064516129031,0.9162474914919164,0,15,2588,4393,0.268,"{'nu':0.5,'kernel':'rbf','gamma':'auto'}",0.19131004052582032,0.05569793235503827,0.06087848279077904,0.19131004052582032,0.23134453068282418,0.2522949296296655,-1.7606682797852482,-3.091916252778669,-0.3636769151630123,-2.2626921951286003,2.4656972749710926,0.05569793235503827,0.09782483841077574,0.042126906055737476,0.06087848279077904,0.21156640491976744,0.1506879221289884,0.19131004052582032,0.48861708787114716,0.29730704734532687,0.23134453068282418,0.5430463487164421,0.3117018180336179,0.2522949296296655,0.5598716950576482,0.30757676542798273,153.0,0.13743218806509946,732.0,0.6609403254972875,985.0,0.8896925858951176,979.0,0.8842676311030742,902.0,0.8146473779385172,0.13743218806509946,WACC_0p1_WRT_0p9,0.6773960216998192,531,False,,,False,False,False,False,False,15.0,0.1414141414141414
OCDD,PokerHand,47,0.91,344,0.967741935483871,0.8002748629805628,0,9,922,1105,0.18,"{'nu':0.5,'kernel':'rbf','gamma':'auto'}",0.14965771486647825,0.15521517020902,0.16954625533120085,0.14965771486647825,0.05737433503777059,0.01329027770557049,-1.7606682797852482,-3.091916252778669,-0.3636769151630123,-2.2626921951286003,2.4656972749710926,0.15521517020902,0.1512244657115765,0.003990704497443515,0.16954625533120085,0.20232483587004357,0.03277858053884272,0.14965771486647825,0.3008725076608632,0.15121479279438496,0.05737433503777059,0.3127565831534887,0.2553822481157181,0.01329027770557049,0.36966983656769825,0.35637955886212774,543.0,0.49005424954792043,606.0,0.5470162748643761,154.0,0.1383363471971067,194.0,0.17450271247739602,193.0,0.1735985533453888,0.1383363471971067,WACC_0p5_WRT_0p5,0.3047016274864376,532,False,,,False,False,False,False,False,9.0,0.08080808080808081
OCDD,PokerHand,119,0.91,382,0.967741935483871,0.7652896457634151,0,20,1418,1236,0.001,"{'nu':0.5,'kernel':'rbf','gamma':'auto'}",0.18596214631014465,0.19188911524646937,0.2058507876737809,0.18596214631014465,0.07833676804976639,0.016426337165123726,-1.7606682797852482,-3.091916252778669,-0.3636769151630123,-2.2626921951286003,2.4656972749710926,0.19188911524646937,0.1927476904192573,0.0008585751727879232,0.2058507876737809,0.23031416094145687,0.024463373267675975,0.18596214631014465,0.30203396985088066,0.116071823540736,0.07833676804976639,0.2947406174284677,0.2164038493787013,0.016426337165123726,0.3606074482384885,0.3441811110733648,728.0,0.6573236889692586,872.0,0.7875226039783002,161.0,0.14466546112115733,154.0,0.1383363471971067,167.0,0.15009041591320071,0.1383363471971067,WACC_0p7_WRT_0p3,0.3755877034358047,533,False,,,False,False,False,False,False,20.0,0.1919191919191919
OCDD,PokerHand,807,0.73,261,0.6774193548387095,0.8924164652884246,0,21,267,2877,0.4,"{'nu':0.5,'kernel':'rbf','gamma':'auto'}",0.2250352791672863,0.08508994850091005,0.06912345680939745,0.2250352791672863,0.27623021366326295,0.3043112097714812,-1.7606682797852482,-3.091916252778669,-0.3636769151630123,-2.2626921951286003,2.4656972749710926,0.08508994850091005,0.09783162898771075,0.012741680486800702,0.06912345680939745,0.20393189028490455,0.13480843347550708,0.2250352791672863,0.48888760223670324,0.26385232306941697,0.27623021366326295,0.5301541130651028,0.2539238994018399,0.3043112097714812,0.5638761448609859,0.25956493508950473,154.0,0.1383363471971067,625.0,0.5641952983725136,986.0,0.8905967450271248,938.0,0.8471971066907775,928.0,0.8381555153707052,0.1383363471971067,WACC_0p1_WRT_0p9,0.6556962025316456,534,False,,,False,False,False,False,False,21.0,0.20202020202020202
OCDD,PokerHand,826,0.89,536,0.935483870967742,0.6521338613889451,0,63,4613,962,0.898,"{'nu':0.5,'kernel':'rbf','gamma':'auto'}",0.2810684860670351,0.3134473495863123,0.31622647878557736,0.2810684860670351,0.11802341546354293,0.059822956796094715,-1.7606682797852482,-3.091916252778669,-0.3636769151630123,-2.2626921951286003,2.4656972749710926,0.3134473495863123,0.26045919906828263,0.052988150518029686,0.31622647878557736,0.23280689036956678,0.08341958841601058,0.2810684860670351,0.31403867210755476,0.032970186040519656,0.11802341546354293,0.295548497973481,0.17752508250993804,0.059822956796094715,0.36278771719686453,0.3029647604007698,993.0,0.8969258589511754,889.0,0.8028933092224232,214.0,0.19258589511754068,155.0,0.13924050632911392,175.0,0.15732368896925858,0.13924050632911392,WACC_0p7_WRT_0p3,0.43779385171790236,535,False,,,False,False,False,False,False,63.0,0.6262626262626263
OCDD,PokerHand,256,0.86,253,0.8870967741935483,0.9027992189290462,0,9,4635,5000,0.001,"{'nu':0.5,'kernel':'rbf','gamma':'auto'}",0.014634236385814025,0.05509310913735764,0.04553746239329856,0.014634236385814025,0.061487469174864806,0.08723350202109784,-1.7606682797852482,-3.091916252778669,-0.3636769151630123,-2.2626921951286003,2.4656972749710926,0.05509310913735764,0.11805746817963939,0.06296435904228175,0.04553746239329856,0.17719588338699613,0.13165842099369757,0.014634236385814025,0.41220077318863585,0.39756653680282183,0.061487469174864806,0.4802060866795057,0.4187186175046409,0.08723350202109784,0.513923105931126,0.4266896039100282,326.0,0.2938517179023508,155.0,0.13924050632911392,703.0,0.6347197106690777,717.0,0.6473779385171791,636.0,0.5741410488245932,0.13924050632911392,WACC_0p3_WRT_0p7,0.457866184448463,536,False,,,False,False,False,False,False,9.0,0.08080808080808081
OCDD,PokerHand,61,0.86,250,0.8870967741935483,0.9067772891835794,0,7,1847,4730,0.001,"{'nu':0.5,'kernel':'rbf','gamma':'auto'}",0.017386285971738073,0.050923018411199394,0.0414093765414844,0.017386285971738073,0.06235422519730092,0.08687690955591283,-1.7606682797852482,-3.091916252778669,-0.3636769151630123,-2.2626921951286003,2.4656972749710926,0.050923018411199394,0.0979059602383752,0.0469829418271758,0.0414093765414844,0.20737808069108302,0.16596870414959863,0.017386285971738073,0.47868228388980955,0.46129599791807147,0.06235422519730092,0.5308185434540874,0.46846431825678647,0.08687690955591283,0.5547771310929523,0.46790022153703953,155.0,0.13924050632911392,679.0,0.6130198915009042,958.0,0.8652802893309223,940.0,0.849005424954792,870.0,0.7857142857142857,0.13924050632911392,WACC_0p1_WRT_0p9,0.6504520795660036,537,False,,,False,False,False,False,False,7.0,0.06060606060606061
OCDD,PokerHand,723,0.88,545,0.9193548387096774,0.6465689082221415,0,64,4218,1551,0.911,"{'nu':0.5,'kernel':'rbf','gamma':'auto'}",0.2756851331875354,0.3207511457307272,0.3184776544599585,0.2756851331875354,0.10730082013315609,0.07694848923016041,-1.7606682797852482,-3.091916252778669,-0.3636769151630123,-2.2626921951286003,2.4656972749710926,0.3207511457307272,0.23554568307949003,0.08520546265123718,0.3184776544599585,0.20623180911111721,0.1122458453488413,0.2756851331875354,0.3014840607585881,0.025798927571052677,0.10730082013315609,0.34514498993527953,0.23784416980212345,0.07694848923016041,0.41843435605626716,0.34148586682610677,917.0,0.8282097649186256,658.0,0.5940325497287523,156.0,0.14014466546112117,253.0,0.22784810126582278,307.0,0.2766726943942134,0.14014466546112117,WACC_0p5_WRT_0p5,0.41338155515370706,538,False,,,False,False,False,False,False,64.0,0.6363636363636364
OCDD,PokerHand,613,0.83,317,0.8387096774193548,0.8275601141407232,0,39,1296,3927,0.348,"{'nu':0.5,'kernel':'rbf','gamma':'auto'}",0.032078414179176826,0.1383746591626101,0.11304297598650671,0.032078414179176826,0.0951721780989767,0.14385797968081807,-1.7606682797852482,-3.091916252778669,-0.3636769151630123,-2.2626921951286003,2.4656972749710926,0.1383746591626101,0.12502514604194592,0.01334951312066418,0.11304297598650671,0.17731498643727972,0.064272010450773,0.032078414179176826,0.4259374131378568,0.39385899895868,0.0951721780989767,0.4966537503799659,0.4014815722809892,0.14385797968081807,0.536184766224156,0.39232678654333797,388.0,0.3499095840867993,156.0,0.14014466546112117,778.0,0.7025316455696202,797.0,0.7197106690777577,761.0,0.6871609403254972,0.14014466546112117,WACC_0p3_WRT_0p7,0.5198915009041591,539,False,,,False,False,False,False,False,39.0,0.3838383838383838
OCDD,PokerHand,833,0.81,234,0.8064516129032256,0.928830821127437,0,6,2715,4173,0.2,"{'nu':0.5,'kernel':'rbf','gamma':'auto'}",0.11632914328031763,0.03515608820370693,0.023424583617357605,0.11632914328031763,0.15062277891733303,0.1680335030859681,-1.7606682797852482,-3.091916252778669,-0.3636769151630123,-2.2626921951286003,2.4656972749710926,0.03515608820370693,0.09798205879434206,0.06282597059063513,0.023424583617357605,0.2243064791314337,0.2008818955140761,0.11632914328031763,0.5047668818174067,0.3884377385370891,0.15062277891733303,0.5446723815218145,0.3940496026044815,0.1680335030859681,0.5678684677920764,0.39983496470610835,156.0,0.14014466546112117,846.0,0.7640144665461122,1017.0,0.918625678119349,986.0,0.8905967450271248,939.0,0.8481012658227848,0.14014466546112117,WACC_0p1_WRT_0p9,0.7122965641952984,540,False,,,False,False,False,False,False,6.0,0.050505050505050504
OCDD,PokerHand,947,0.9,349,0.9516129032258064,0.7954572694418559,0,25,1587,1799,0.222,"{'nu':0.5,'kernel':'rbf','gamma':'auto'}",0.14349882110027792,0.16173553186012005,0.17102188796346318,0.14349882110027792,0.04620393696708321,0.03034881715180269,-1.7606682797852482,-3.091916252778669,-0.3636769151630123,-2.2626921951286003,2.4656972749710926,0.16173553186012005,0.13342691035231513,0.028308621507804915,0.17102188796346318,0.17796852538747698,0.006946637424013802,0.14349882110027792,0.30151900224183303,0.1580201811415551,0.04620393696708321,0.3476367229567281,0.3014327859896449,0.03034881715180269,0.39409454161316004,0.36374572446135733,445.0,0.4014466546112116,171.0,0.15370705244122965,157.0,0.1410488245931284,260.0,0.23417721518987342,246.0,0.22151898734177214,0.1410488245931284,WACC_0p5_WRT_0p5,0.23037974683544307,541,False,,,False,False,False,False,False,25.0,0.24242424242424243
OCDD,PokerHand,816,0.92,422,0.9838709677419356,0.7320298684102489,0,9,989,851,0.489,"{'nu':0.5,'kernel':'rbf','gamma':'auto'}",0.2316342233879954,0.2252841098040102,0.24388844816999056,0.2316342233879954,0.11232235493690566,0.0303023625494343,-1.7606682797852482,-3.091916252778669,-0.3636769151630123,-2.2626921951286003,2.4656972749710926,0.2252841098040102,0.1866238814658663,0.03866022833814389,0.24388844816999056,0.21549291882158697,0.028395529348403586,0.2316342233879954,0.31319586106793146,0.08156163767993604,0.11232235493690566,0.30793374415487124,0.19561138921796556,0.0303023625494343,0.35387627256634013,0.32357391001690583,691.0,0.6238698010849909,765.0,0.6907775768535263,211.0,0.189873417721519,179.0,0.1609403254972875,157.0,0.1410488245931284,0.1410488245931284,WACC_0p9_WRT_0p1,0.3613019891500905,542,False,,,False,False,False,False,False,9.0,0.08080808080808081
OCDD,PokerHand,738,0.9,524,0.9516129032258064,0.659700668732732,0,58,3784,676,0.962,"{'nu':0.5,'kernel':'rbf','gamma':'auto'}",0.2843744993297069,0.3040450702567283,0.31189795772093226,0.2843744993297069,0.12754654034833157,0.042517979035467224,-1.7606682797852482,-3.091916252778669,-0.3636769151630123,-2.2626921951286003,2.4656972749710926,0.3040450702567283,0.2676797753277491,0.036365294928979164,0.31189795772093226,0.252850930886051,0.05904702683488128,0.2843744993297069,0.3322798166210149,0.047905317291308036,0.12754654034833157,0.29614330323968063,0.16859676289134906,0.042517979035467224,0.36374559286538116,0.32122761382991394,1011.0,0.9132007233273056,978.0,0.8833634719710669,329.0,0.2965641952983725,157.0,0.1410488245931284,177.0,0.15913200723327306,0.1410488245931284,WACC_0p7_WRT_0p3,0.4786618444846294,543,False,,,False,False,False,False,False,58.0,0.5757575757575758
OCDD,PokerHand,1097,0.85,617,0.8709677419354838,0.6050953031383652,0,71,1807,4189,0.828,"{'nu':0.5,'kernel':'rbf','gamma':'auto'}",0.28524817116089407,0.36863734369512097,0.3509443495579578,0.28524817116089407,0.0899799562345072,0.13054624237084347,-1.7606682797852482,-3.091916252778669,-0.3636769151630123,-2.2626921951286003,2.4656972749710926,0.36863734369512097,0.23970591953011194,0.12893142416500902,0.3509443495579578,0.1774743905592074,0.17346995899875037,0.28524817116089407,0.37993022744994875,0.09468205628905468,0.0899799562345072,0.5144590782894432,0.42447912205493593,0.13054624237084347,0.5937772419122389,0.46323099954139546,928.0,0.8381555153707052,157.0,0.1410488245931284,568.0,0.5126582278481012,878.0,0.7929475587703436,1019.0,0.9204339963833634,0.1410488245931284,WACC_0p3_WRT_0p7,0.6410488245931283,544,False,,,False,False,False,False,False,71.0,0.7070707070707071
OCDD,PokerHand,116,0.79,241,0.7741935483870968,0.9190032023103544,0,11,310,2579,0.394,"{'nu':0.5,'kernel':'rbf','gamma':'auto'}",0.14300478965039154,0.04839853187826518,0.03421660002851613,0.14300478965039154,0.18186688341670704,0.2021678314748055,-1.7606682797852482,-3.091916252778669,-0.3636769151630123,-2.2626921951286003,2.4656972749710926,0.04839853187826518,0.09803789680799593,0.049639364929730756,0.03421660002851613,0.2084468186934861,0.17423021866497,0.14300478965039154,0.4775989411487782,0.33459415149838667,0.18186688341670704,0.5191394570754059,0.33727257365869884,0.2021678314748055,0.5550048922307117,0.3528370607559062,157.0,0.1410488245931284,694.0,0.6265822784810127,953.0,0.8607594936708861,899.0,0.8119349005424955,874.0,0.7893309222423146,0.1410488245931284,WACC_0p1_WRT_0p9,0.6459312839059674,545,False,,,False,False,False,False,False,11.0,0.10101010101010101
OCDD,PokerHand,1046,0.74,439,0.693548387096774,0.7188372265513009,0,72,480,3981,0.711,"{'nu':0.5,'kernel':'rbf','gamma':'auto'}",0.08821504169360334,0.26557759029110684,0.1941531546329095,0.08821504169360334,0.22171746453185653,0.30324408378255163,-1.7606682797852482,-3.091916252778669,-0.3636769151630123,-2.2626921951286003,2.4656972749710926,0.26557759029110684,0.20017861620136745,0.06539897408973938,0.1941531546329095,0.17749343491093933,0.016659719721970168,0.08821504169360334,0.4688563755963098,0.3806413339027065,0.22171746453185653,0.5769259508573511,0.35520848632549457,0.30324408378255163,0.6250247899310737,0.32178070614852206,761.0,0.6871609403254972,158.0,0.14195298372513562,924.0,0.8345388788426763,1052.0,0.9502712477396021,1082.0,0.9773960216998192,0.14195298372513562,WACC_0p3_WRT_0p7,0.7182640144665461,546,False,,,False,False,False,False,False,72.0,0.7171717171717171
OCDD,PokerHand,892,0.89,351,0.935483870967742,0.7935494752523601,0,27,4016,3119,0.492,"{'nu':0.5,'kernel':'rbf','gamma':'auto'}",0.13432040596502132,0.1652056388639324,0.1694779908346791,0.13432040596502132,0.03329004610749635,0.047146523466204834,-1.7606682797852482,-3.091916252778669,-0.3636769151630123,-2.2626921951286003,2.4656972749710926,0.1652056388639324,0.15235933048263617,0.012846308381296245,0.1694779908346791,0.17750753271135297,0.008029541876673874,0.13432040596502132,0.3267828909569693,0.19246248499194796,0.03329004610749635,0.4040551669260903,0.3707651208185939,0.047146523466204834,0.4723897425644903,0.42524321909828544,552.0,0.49819168173598555,159.0,0.14285714285714285,290.0,0.2613019891500904,401.0,0.3616636528028933,455.0,0.4104882459312839,0.14285714285714285,WACC_0p3_WRT_0p7,0.33490054249547924,547,False,,,False,False,False,False,False,27.0,0.26262626262626265
OCDD,PokerHand,479,0.9,488,0.9516129032258064,0.6834846513596715,0,53,4853,533,0.999,"{'nu':0.5,'kernel':'rbf','gamma':'auto'}",0.2596936759585758,0.2791130406449613,0.2872170657557435,0.2596936759585758,0.11329566005563127,0.040385993310179114,-1.7606682797852482,-3.091916252778669,-0.3636769151630123,-2.2626921951286003,2.4656972749710926,0.2791130406449613,0.31046954651138353,0.031356505866422246,0.2872170657557435,0.31524439231987167,0.028027326564128152,0.2596936759585758,0.39476798347477315,0.13507430751619737,0.11329566005563127,0.3111034527621514,0.19780779270652013,0.040385993310179114,0.3555770951941009,0.3151911018839218,1062.0,0.9593128390596745,1074.0,0.9701627486437613,638.0,0.5759493670886076,185.0,0.16636528028933092,160.0,0.1437613019891501,0.1437613019891501,WACC_0p9_WRT_0p1,0.5631103074141048,548,False,,,False,False,False,False,False,53.0,0.5252525252525253
OCDD,PokerHand,110,0.8,292,0.7903225806451613,0.8549745174371612,0,35,754,3628,0.505,"{'nu':0.5,'kernel':'rbf','gamma':'auto'}",0.08197219219021146,0.11404764154527985,0.07402385143867002,0.08197219219021146,0.15122339657763187,0.19128064209704887,-1.7606682797852482,-3.091916252778669,-0.3636769151630123,-2.2626921951286003,2.4656972749710926,0.11404764154527985,0.13090999128838868,0.016862349743108823,0.07402385143867002,0.17757039212205497,0.10354654068338495,0.08197219219021146,0.4362201388787996,0.35424794668858817,0.15122339657763187,0.5101447443670882,0.3589213477894564,0.19128064209704887,0.5575988448372385,0.36631820274018967,427.0,0.38517179023508136,160.0,0.1437613019891501,816.0,0.7368896925858951,861.0,0.7775768535262206,887.0,0.8010849909584087,0.1437613019891501,WACC_0p3_WRT_0p7,0.5688969258589511,549,False,,,False,False,False,False,False,35.0,0.3434343434343434
OCDD,PokerHand,559,0.8,258,0.7903225806451613,0.8962723655749759,0,17,740,5000,0.259,"{'nu':0.5,'kernel':'rbf','gamma':'auto'}",0.11054225722054004,0.07075635644704709,0.031168634788382003,0.11054225722054004,0.16022151785171265,0.187578721182626,-1.7606682797852482,-3.091916252778669,-0.3636769151630123,-2.2626921951286003,2.4656972749710926,0.07075635644704709,0.09811861792993695,0.027362261482889866,0.031168634788382003,0.18897138671020894,0.15780275192182694,0.11054225722054004,0.45776999752549213,0.34722774030495207,0.16022151785171265,0.5231890596414951,0.3629675417897824,0.187578721182626,0.5496544708663806,0.36207574968375467,160.0,0.1437613019891501,377.0,0.3399638336347197,888.0,0.8019891500904159,914.0,0.825497287522604,845.0,0.7631103074141049,0.1437613019891501,WACC_0p1_WRT_0p9,0.574864376130199,550,False,,,False,False,False,False,False,17.0,0.16161616161616163
OCDD,PokerHand,850,0.92,506,0.9838709677419356,0.6713815152352999,0,30,4161,933,0.639,"{'nu':0.5,'kernel':'rbf','gamma':'auto'}",0.2945694901992589,0.28885994405264576,0.3068238898937868,0.2945694901992589,0.14866161882732948,0.04933008336510162,-1.7606682797852482,-3.091916252778669,-0.3636769151630123,-2.2626921951286003,2.4656972749710926,0.28885994405264576,0.24729608451442445,0.04156385953822131,0.3068238898937868,0.2337776530815147,0.07304623681227207,0.2945694901992589,0.31512060439284073,0.020551114193581854,0.14866161882732948,0.29657007750421893,0.14790845867688945,0.04933008336510162,0.3613998560681069,0.31206977270300523,958.0,0.8652802893309223,892.0,0.8056057866184448,223.0,0.2007233273056058,161.0,0.14466546112115733,170.0,0.15280289330922242,0.14466546112115733,WACC_0p7_WRT_0p3,0.4338155515370706,551,False,,,False,False,False,False,False,30.0,0.29292929292929293
OCDD,PokerHand,9,0.91,640,0.967741935483871,0.5928607562577377,0,58,832,555,0.624,"{'nu':0.5,'kernel':'rbf','gamma':'auto'}",0.36489294325537946,0.3726411047896456,0.3847820819115586,0.36489294325537946,0.1816526635367309,0.05806127241059176,-1.7606682797852482,-3.091916252778669,-0.3636769151630123,-2.2626921951286003,2.4656972749710926,0.3726411047896456,0.22171659210883302,0.1509245126808126,0.3847820819115586,0.24415900198524157,0.14062307992631704,0.36489294325537946,0.35618601849599235,0.008706924759387114,0.1816526635367309,0.334899754244689,0.15324709070795808,0.05806127241059176,0.3561705244726535,0.29810925206206174,858.0,0.7748643761301989,947.0,0.8553345388788427,458.0,0.4132007233273056,232.0,0.2088607594936709,161.0,0.14466546112115733,0.14466546112115733,WACC_0p9_WRT_0p1,0.4793851717902352,552,False,,,False,False,False,False,False,58.0,0.5757575757575758
OCDD,PokerHand,942,0.83,324,0.8387096774193548,0.8202698764550143,0,42,1234,3810,0.441,"{'nu':0.5,'kernel':'rbf','gamma':'auto'}",0.03964355040874774,0.1460167948262579,0.12060813324144555,0.03964355040874774,0.09358375531738344,0.14451147337544787,-1.7606682797852482,-3.091916252778669,-0.3636769151630123,-2.2626921951286003,2.4656972749710926,0.1460167948262579,0.12766996393889818,0.018346830887359722,0.12060813324144555,0.17757172851816855,0.056963595276723,0.03964355040874774,0.4317934370521507,0.39214988664340295,0.09358375531738344,0.49231591089564425,0.3987321555782608,0.14451147337544787,0.5456203778950056,0.4011089045195577,407.0,0.3670886075949367,161.0,0.14466546112115733,802.0,0.7242314647377939,781.0,0.705244122965642,825.0,0.7450271247739603,0.14466546112115733,WACC_0p3_WRT_0p7,0.5372513562386981,553,False,,,False,False,False,False,False,42.0,0.41414141414141414
OCDD,PokerHand,105,0.83,261,0.8387096774193548,0.8924164652884246,0,15,1348,4342,0.167,"{'nu':0.5,'kernel':'rbf','gamma':'auto'}",0.05766305957203908,0.07038770791525603,0.04574084996999665,0.05766305957203908,0.10930330936455517,0.13804428493465074,-1.7606682797852482,-3.091916252778669,-0.3636769151630123,-2.2626921951286003,2.4656972749710926,0.07038770791525603,0.09820153556589327,0.027813827650637238,0.04574084996999665,0.1905928166231099,0.14485196665311323,0.05766305957203908,0.44935268377690724,0.39168962420486814,0.10930330936455517,0.5110502454140342,0.40174693604947903,0.13804428493465074,0.538473082565003,0.40042879763035233,161.0,0.14466546112115733,404.0,0.364376130198915,864.0,0.7802893309222423,866.0,0.7820976491862568,776.0,0.7007233273056058,0.14466546112115733,WACC_0p1_WRT_0p9,0.5544303797468354,554,False,,,False,False,False,False,False,15.0,0.1414141414141414
OCDD,PokerHand,1029,0.9,362,0.9516129032258064,0.7832466016012307,0,31,3285,1533,0.401,"{'nu':0.5,'kernel':'rbf','gamma':'auto'}",0.15616992589147755,0.1745356056306538,0.1836930279707689,0.15616992589147755,0.053520321628984846,0.03144337603795664,-1.7606682797852482,-3.091916252778669,-0.3636769151630123,-2.2626921951286003,2.4656972749710926,0.1745356056306538,0.16357740681292943,0.010958198817724363,0.1836930279707689,0.20554940756482887,0.021856379594059977,0.15616992589147755,0.3026662365823208,0.14649631069084323,0.053520321628984846,0.3261892063653981,0.27266888473641326,0.03144337603795664,0.3857824643938292,0.3543390883558725,598.0,0.5397830018083183,653.0,0.5895117540687161,162.0,0.14556962025316456,223.0,0.2007233273056058,226.0,0.20343580470162748,0.14556962025316456,WACC_0p5_WRT_0p5,0.33580470162748643,555,False,,,False,False,False,False,False,31.0,0.30303030303030304
OCDD,PokerHand,295,0.9,328,0.9516129032258064,0.8161742049026288,0,15,2363,528,0.686,"{'nu':0.5,'kernel':'rbf','gamma':'auto'}",0.12200069637833544,0.14001859502599986,0.14952370349296265,0.12200069637833544,0.033790769167815274,0.028491760183385003,-1.7606682797852482,-3.091916252778669,-0.3636769151630123,-2.2626921951286003,2.4656972749710926,0.14001859502599986,0.19920104788781468,0.05918245286181481,0.14952370349296265,0.2192768925772872,0.06975318908432454,0.12200069637833544,0.33781183779423124,0.2158111414158958,0.033790769167815274,0.32021415220305255,0.2864233830352373,0.028491760183385003,0.35638711172321186,0.32789535153982685,756.0,0.6826401446654611,796.0,0.7188065099457505,353.0,0.3182640144665461,210.0,0.18896925858951175,162.0,0.14556962025316456,0.14556962025316456,WACC_0p9_WRT_0p1,0.4108499095840868,556,False,,,False,False,False,False,False,15.0,0.1414141414141414
OCDD,PokerHand,503,0.84,562,0.8548387096774193,0.6363032013551286,0,73,3696,3983,0.578,"{'nu':0.5,'kernel':'rbf','gamma':'auto'}",0.2417053449885291,0.33739327197464175,0.31503594588494394,0.2417053449885291,0.05722381373465264,0.14437547260617195,-1.7606682797852482,-3.091916252778669,-0.3636769151630123,-2.2626921951286003,2.4656972749710926,0.33739327197464175,0.18116457137545774,0.156228700599184,0.31503594588494394,0.177640791284954,0.13739515459998994,0.2417053449885291,0.3725970979556679,0.1308917529671388,0.05722381373465264,0.46678789782025054,0.4095640840855979,0.14437547260617195,0.5390638460526641,0.39468837344649216,666.0,0.6012658227848101,162.0,0.14556962025316456,540.0,0.4873417721518987,646.0,0.5831826401446655,782.0,0.7061482820976492,0.14556962025316456,WACC_0p3_WRT_0p7,0.5047016274864375,557,False,,,False,False,False,False,False,73.0,0.7272727272727273
OCDD,PokerHand,283,0.71,239,0.6451612903225805,0.9217817823596586,0,16,2337,4221,0.305,"{'nu':0.5,'kernel':'rbf','gamma':'auto'}",0.27882480138198096,0.05724762292270261,0.11416467473725211,0.27882480138198096,0.31601381370810666,0.33493230065267865,-1.7606682797852482,-3.091916252778669,-0.3636769151630123,-2.2626921951286003,2.4656972749710926,0.05724762292270261,0.09831629933688193,0.04106867641417933,0.11416467473725211,0.23153674268424249,0.11737206794699037,0.27882480138198096,0.5121838735291349,0.2333590721471539,0.31601381370810666,0.561310381108274,0.24529656740016736,0.33493230065267865,0.578542116939102,0.2436098162864233,162.0,0.14556962025316456,878.0,0.7929475587703436,1031.0,0.9312839059674503,1023.0,0.9240506329113924,977.0,0.8824593128390597,0.14556962025316456,WACC_0p1_WRT_0p9,0.7352622061482821,558,False,,,False,False,False,False,False,16.0,0.15151515151515152
OCDD,PokerHand,7,0.92,652,0.9838709677419356,0.5866506807179874,0,47,4648,1269,0.521,"{'nu':0.5,'kernel':'rbf','gamma':'auto'}",0.3824953348154439,0.3776807150879634,0.39474997887744573,0.3824953348154439,0.1994306173902165,0.07591340474603347,-1.7606682797852482,-3.091916252778669,-0.3636769151630123,-2.2626921951286003,2.4656972749710926,0.3776807150879634,0.2193823722021354,0.158298342885828,0.39474997887744573,0.2204187726121054,0.17433120626534032,0.3824953348154439,0.303125483969585,0.0793698508458589,0.1994306173902165,0.3047156984662982,0.1052850810760817,0.07591340474603347,0.3692919880881453,0.2933785833421118,850.0,0.7676311030741411,805.0,0.7269439421338155,163.0,0.14647377938517178,172.0,0.1546112115732369,191.0,0.1717902350813743,0.14647377938517178,WACC_0p5_WRT_0p5,0.39349005424954797,559,False,,,False,False,False,False,False,47.0,0.46464646464646464
OCDD,PokerHand,795,0.88,314,0.9193548387096774,0.8307337585124055,0,17,1411,3627,0.378,"{'nu':0.5,'kernel':'rbf','gamma':'auto'}",0.08457583864758661,0.1276967034657588,0.12736782878043684,0.08457583864758661,0.012400210814449262,0.060440033178988495,-1.7606682797852482,-3.091916252778669,-0.3636769151630123,-2.2626921951286003,2.4656972749710926,0.1276967034657588,0.11916362238845833,0.008533081077300456,0.12736782878043684,0.17772134271423395,0.05035351393379711,0.08457583864758661,0.4141523863845981,0.3295765477370115,0.012400210814449262,0.48043554612626027,0.468035335311811,0.060440033178988495,0.5307182009554491,0.4702781677764606,337.0,0.3037974683544304,163.0,0.14647377938517178,714.0,0.6446654611211573,719.0,0.6491862567811935,734.0,0.6627486437613019,0.14647377938517178,WACC_0p3_WRT_0p7,0.48137432188065093,560,False,,,False,False,False,False,False,17.0,0.16161616161616163
OCDD,PokerHand,401,0.81,226,0.8064516129032256,0.9404273733258413,0,3,3089,4367,0.001,"{'nu':0.5,'kernel':'rbf','gamma':'auto'}",0.12435169809553186,0.02299977328622407,0.03355836523233556,0.12435169809553186,0.1531494767417387,0.1669939932554508,-1.7606682797852482,-3.091916252778669,-0.3636769151630123,-2.2626921951286003,2.4656972749710926,0.02299977328622407,0.09854596418537541,0.07554619089915134,0.03355836523233556,0.2072486544473522,0.1736902892150166,0.12435169809553186,0.47810213660761935,0.3537504385120875,0.1531494767417387,0.5275582366269953,0.37440875988525657,0.1669939932554508,0.541860429698587,0.3748664364431362,163.0,0.14647377938517178,676.0,0.6103074141048824,955.0,0.8625678119349005,933.0,0.8426763110307414,797.0,0.7197106690777577,0.14647377938517178,WACC_0p1_WRT_0p9,0.6363471971066907,561,False,,,False,False,False,False,False,3.0,0.020202020202020204
OCDD,PokerHand,916,0.9,380,0.9516129032258064,0.7670426182199225,0,41,4780,2523,0.221,"{'nu':0.5,'kernel':'rbf','gamma':'auto'}",0.17298492521332473,0.1915217512997042,0.2005080740256207,0.17298492521332473,0.06322942001902367,0.03289589397003017,-1.7606682797852482,-3.091916252778669,-0.3636769151630123,-2.2626921951286003,2.4656972749710926,0.1915217512997042,0.14866592849627713,0.04285582280342706,0.2005080740256207,0.1819187454048834,0.01858932862073731,0.17298492521332473,0.30316393593946794,0.1301790107261432,0.06322942001902367,0.35826321960133783,0.2950337995823142,0.03289589397003017,0.42166601386700175,0.3887701198969716,533.0,0.4810126582278481,243.0,0.21880650994575046,164.0,0.14737793851717904,294.0,0.26491862567811936,312.0,0.28119349005424954,0.14737793851717904,WACC_0p5_WRT_0p5,0.2786618444846293,562,False,,,False,False,False,False,False,41.0,0.40404040404040403
OCDD,PokerHand,161,0.85,362,0.8709677419354838,0.7832466016012307,0,57,4793,4489,0.614,"{'nu':0.5,'kernel':'rbf','gamma':'auto'}",0.10037918602636225,0.18188672592348082,0.16607485062720248,0.10037918602636225,0.052131612335164015,0.11457683845637186,-1.7606682797852482,-3.091916252778669,-0.3636769151630123,-2.2626921951286003,2.4656972749710926,0.18188672592348082,0.20443975804803804,0.022553032124557226,0.16607485062720248,0.17775532743896225,0.011680476811759766,0.10037918602636225,0.38244517008250795,0.2820659840561457,0.052131612335164015,0.4841066694361482,0.4319750571009842,0.11457683845637186,0.5558353033320848,0.4412584648757129,782.0,0.7061482820976492,164.0,0.14737793851717904,575.0,0.5189873417721519,745.0,0.6726943942133815,879.0,0.7938517179023508,0.14737793851717904,WACC_0p3_WRT_0p7,0.5678119349005424,563,False,,,False,False,False,False,False,57.0,0.5656565656565656
OCDD,PokerHand,656,0.71,228,0.6451612903225805,0.9374903634897238,0,13,178,3246,0.316,"{'nu':0.5,'kernel':'rbf','gamma':'auto'}",0.28969207908910233,0.04078079244957472,0.1278918005182364,0.28969207908910233,0.3194364549454992,0.33352419036017045,-1.7606682797852482,-3.091916252778669,-0.3636769151630123,-2.2626921951286003,2.4656972749710926,0.04078079244957472,0.09856187484966657,0.057781082400091846,0.1278918005182364,0.24302995726778454,0.11513815674954814,0.28969207908910233,0.5283165781937265,0.23862449910462413,0.3194364549454992,0.5897242913701816,0.27028783642468235,0.33352419036017045,0.6116979180901237,0.2781737277299533,164.0,0.14737793851717904,939.0,0.8481012658227848,1052.0,0.9502712477396021,1073.0,0.969258589511754,1067.0,0.9638336347197106,0.14737793851717904,WACC_0p1_WRT_0p9,0.7757685352622061,564,False,,,False,False,False,False,False,13.0,0.12121212121212122
OCDD,PokerHand,583,0.88,411,0.9193548387096774,0.7408519038474888,0,50,1850,3352,0.541,"{'nu':0.5,'kernel':'rbf','gamma':'auto'}",0.1778469368505347,0.22191713312281688,0.22063918620662876,0.1778469368505347,0.05080836025504743,0.06849700303612982,-1.7606682797852482,-3.091916252778669,-0.3636769151630123,-2.2626921951286003,2.4656972749710926,0.22191713312281688,0.15285180911394616,0.06906532400887072,0.22063918620662876,0.1777847498614645,0.042854436345164254,0.1778469368505347,0.3892446902774335,0.21139775342689882,0.05080836025504743,0.4592011432347915,0.4083927829797441,0.06849700303612982,0.529014365901371,0.46051736286524114,555.0,0.5009041591320073,165.0,0.14828209764918626,607.0,0.5479204339963833,612.0,0.5524412296564195,724.0,0.6537070524412296,0.14828209764918626,WACC_0p3_WRT_0p7,0.48065099457504523,565,False,,,False,False,False,False,False,50.0,0.494949494949495
OCDD,PokerHand,342,0.8,259,0.7903225806451613,0.8949821251560734,0,18,2473,2951,0.26,"{'nu':0.5,'kernel':'rbf','gamma':'auto'}",0.10964966222261692,0.07210887645326076,0.032507531006376315,0.10964966222261692,0.1599403957040583,0.18769437776539583,-1.7606682797852482,-3.091916252778669,-0.3636769151630123,-2.2626921951286003,2.4656972749710926,0.07210887645326076,0.09857191547747349,0.026463039024212723,0.032507531006376315,0.18214541301631312,0.1496378820099368,0.10964966222261692,0.4419244065122988,0.3322747442896819,0.1599403957040583,0.4938216248676965,0.33388122916363816,0.18769437776539583,0.521581359087358,0.3338869813219622,165.0,0.14828209764918626,246.0,0.22151898734177214,839.0,0.7576853526220615,788.0,0.7115732368896925,680.0,0.6139240506329114,0.14828209764918626,WACC_0p1_WRT_0p9,0.49059674502712475,566,False,,,False,False,False,False,False,18.0,0.1717171717171717
OCDD,PokerHand,1039,0.92,560,0.9838709677419356,0.6374947220943705,0,34,1186,643,0.756,"{'nu':0.5,'kernel':'rbf','gamma':'auto'}",0.32973407845362546,0.3243824443541939,0.3419885758791634,0.32973407845362546,0.16896589839772808,0.05996167359746766,-1.7606682797852482,-3.091916252778669,-0.3636769151630123,-2.2626921951286003,2.4656972749710926,0.3243824443541939,0.24343529735509642,0.08094714699909747,0.3419885758791634,0.2678983415282716,0.07409023435089185,0.32973407845362546,0.3586243094287971,0.028890230975171627,0.16896589839772808,0.3221527005723199,0.15318680217459185,0.05996167359746766,0.3573720335061699,0.29741035990870224,945.0,0.8535262206148282,1018.0,0.9195298372513563,470.0,0.4240506329113924,216.0,0.19439421338155516,165.0,0.14828209764918626,0.14828209764918626,WACC_0p9_WRT_0p1,0.5079566003616636,567,False,,,False,False,False,False,False,34.0,0.3333333333333333
OCDD,PokerHand,825,0.87,320,0.9032258064516128,0.8244162696866761,0,31,3297,2984,0.096,"{'nu':0.5,'kernel':'rbf','gamma':'auto'}",0.07997339786215257,0.1357893599800512,0.13039991871922976,0.07997339786215257,0.027716424426160884,0.07763302257801107,-1.7606682797852482,-3.091916252778669,-0.3636769151630123,-2.2626921951286003,2.4656972749710926,0.1357893599800512,0.09864026079090946,0.03714909918914175,0.13039991871922976,0.18242435133786353,0.052024432618633765,0.07997339786215257,0.4124496812734299,0.33247628341127733,0.027716424426160884,0.44815837735240555,0.42044195292624464,0.07763302257801107,0.48009754906167357,0.4024645264836625,166.0,0.1491862567811935,251.0,0.22603978300180833,707.0,0.6383363471971067,571.0,0.515370705244123,485.0,0.4376130198915009,0.1491862567811935,WACC_0p1_WRT_0p9,0.39330922242314653,568,False,,,False,False,False,False,False,31.0,0.30303030303030304
OCDD,PokerHand,264,0.92,762,0.9838709677419356,0.5345260721405664,0,58,1782,642,0.554,"{'nu':0.5,'kernel':'rbf','gamma':'auto'}",0.43658544570088975,0.43232136568623775,0.4488402400925679,0.43658544570088975,0.23066262629268328,0.09226689907383624,-1.7606682797852482,-3.091916252778669,-0.3636769151630123,-2.2626921951286003,2.4656972749710926,0.43232136568623775,0.22956794226526014,0.2027534234209776,0.4488402400925679,0.24583304291815944,0.20300719717440846,0.43658544570088975,0.3562066670890698,0.08037877861181997,0.23066262629268328,0.3138192544495351,0.08315662815685185,0.09226689907383624,0.3575913622211329,0.2653244631472967,892.0,0.8056057866184448,950.0,0.8580470162748643,459.0,0.4141048824593128,198.0,0.17811934900542495,166.0,0.1491862567811935,0.1491862567811935,WACC_0p9_WRT_0p1,0.4810126582278481,569,False,,,False,False,False,False,False,58.0,0.5757575757575758
OCDD,PokerHand,1028,0.86,410,0.8870967741935483,0.7416655542463777,0,59,4625,4522,0.606,"{'nu':0.5,'kernel':'rbf','gamma':'auto'}",0.15468630957042165,0.2240046561366579,0.21274758158853155,0.15468630957042165,0.0263790961837766,0.10167745274017126,-1.7606682797852482,-3.091916252778669,-0.3636769151630123,-2.2626921951286003,2.4656972749710926,0.2240046561366579,0.205194055360968,0.018810600775689912,0.21274758158853155,0.17783753187369516,0.03491004971483638,0.15468630957042165,0.37375465154175963,0.21906834197133798,0.0263790961837766,0.4789720269171071,0.4525929307333305,0.10167745274017126,0.5561250301577287,0.4544475774175575,787.0,0.7106690777576854,166.0,0.1491862567811935,545.0,0.4918625678119349,705.0,0.6365280289330922,881.0,0.7956600361663653,0.1491862567811935,WACC_0p3_WRT_0p7,0.5567811934900543,570,False,,,False,False,False,False,False,59.0,0.5858585858585859
OCDD,PokerHand,964,0.88,420,0.9193548387096774,0.7336166816854801,0,52,4559,3169,0.466,"{'nu':0.5,'kernel':'rbf','gamma':'auto'}",0.1853549830441594,0.22950159767698253,0.22814725326695415,0.1853549830441594,0.05514355871777629,0.06914556516345069,-1.7606682797852482,-3.091916252778669,-0.3636769151630123,-2.2626921951286003,2.4656972749710926,0.22950159767698253,0.15683039818950165,0.07267119948748088,0.22814725326695415,0.1778784994229305,0.050268753844023656,0.1853549830441594,0.3217910862559207,0.13643610321176128,0.05514355871777629,0.39694758136666247,0.3418040226488862,0.06914556516345069,0.4625312772590496,0.3933857120955989,574.0,0.5180831826401446,167.0,0.15009041591320071,262.0,0.2359855334538879,385.0,0.3471971066907776,414.0,0.37341772151898733,0.15009041591320071,WACC_0p3_WRT_0p7,0.3249547920433996,571,False,,,False,False,False,False,False,52.0,0.5151515151515151
OCDD,PokerHand,840,0.81,236,0.8064516129032256,0.9259933721594106,0,7,325,2011,0.343,"{'nu':0.5,'kernel':'rbf','gamma':'auto'}",0.11436618140234693,0.038130500134725694,0.020945045932908527,0.11436618140234693,0.15000454549659611,0.16828785076150057,-1.7606682797852482,-3.091916252778669,-0.3636769151630123,-2.2626921951286003,2.4656972749710926,0.038130500134725694,0.09880391707793777,0.06067341694321208,0.020945045932908527,0.20482603434903576,0.18388098841612724,0.11436618140234693,0.45255533528724345,0.3381891538848965,0.15000454549659611,0.4970706852535419,0.3470661397569458,0.16828785076150057,0.5189604005796912,0.3506725498181906,167.0,0.15009041591320071,640.0,0.5777576853526221,872.0,0.7875226039783002,803.0,0.7251356238698011,666.0,0.6012658227848101,0.15009041591320071,WACC_0p1_WRT_0p9,0.5683544303797469,572,False,,,False,False,False,False,False,7.0,0.06060606060606061
OCDD,PokerHand,368,0.9,359,0.9516129032258064,0.7860251816505348,0,30,3846,2154,0.001,"{'nu':0.5,'kernel':'rbf','gamma':'auto'}",0.15328657180839195,0.17162290420656814,0.1808096658741355,0.15328657180839195,0.05185545278479609,0.031194305346365355,-1.7606682797852482,-3.091916252778669,-0.3636769151630123,-2.2626921951286003,2.4656972749710926,0.17162290420656814,0.14253832519817952,0.029084579008388622,0.1808096658741355,0.18649274360015067,0.005683077726015173,0.15328657180839195,0.30437117397788166,0.1510846021694897,0.05185545278479609,0.3475255035101887,0.2956700507253926,0.031194305346365355,0.415124505200163,0.3839301998537976,496.0,0.4475587703435805,337.0,0.3037974683544304,168.0,0.15099457504520797,259.0,0.2332730560578662,299.0,0.2694394213381555,0.15099457504520797,WACC_0p5_WRT_0p5,0.2810126582278481,573,False,,,False,False,False,False,False,30.0,0.29292929292929293
OCDD,PokerHand,589,0.7,314,0.6290322580645159,0.8307337585124055,0,42,2240,4503,0.635,"{'nu':0.5,'kernel':'rbf','gamma':'auto'}",0.23257452933168893,0.15416073651993598,0.06394239034359804,0.23257452933168893,0.31286863855212343,0.3597204978852833,-1.7606682797852482,-3.091916252778669,-0.3636769151630123,-2.2626921951286003,2.4656972749710926,0.15416073651993598,0.18776385546168697,0.033603118941751,0.06394239034359804,0.17789775892949045,0.1139553685858924,0.23257452933168893,0.4641433684873873,0.23156883915569837,0.31286863855212343,0.5567078332593928,0.24383919470726934,0.3597204978852833,0.6066809399690314,0.24696044208374807,698.0,0.6301989150090416,168.0,0.15099457504520797,912.0,0.8236889692585895,1017.0,0.918625678119349,1056.0,0.953887884267631,0.15099457504520797,WACC_0p3_WRT_0p7,0.6954792043399638,574,False,,,False,False,False,False,False,42.0,0.41414141414141414
OCDD,PokerHand,268,0.76,241,0.7258064516129031,0.9190032023103544,0,14,2493,4113,0.289,"{'nu':0.5,'kernel':'rbf','gamma':'auto'}",0.19321645552896577,0.052809204053961355,0.06328659264535506,0.19321645552896577,0.23194495470631937,0.25204790892585466,-1.7606682797852482,-3.091916252778669,-0.3636769151630123,-2.2626921951286003,2.4656972749710926,0.052809204053961355,0.09895284123507542,0.04614363718111406,0.06328659264535506,0.22238266567522538,0.15909607302987033,0.19321645552896577,0.5074465296219544,0.3142300740929886,0.23194495470631937,0.5525067020152726,0.32056174730895326,0.25204790892585466,0.5756306063748236,0.3235826974489689,168.0,0.15099457504520797,832.0,0.7513562386980108,1023.0,0.9240506329113924,1006.0,0.9086799276672695,968.0,0.8743218806509946,0.15099457504520797,WACC_0p1_WRT_0p9,0.721880650994575,575,False,,,False,False,False,False,False,14.0,0.13131313131313133
OCDD,PokerHand,156,0.9,331,0.9516129032258064,0.8131349981855814,0,17,1038,1295,0.314,"{'nu':0.5,'kernel':'rbf','gamma':'auto'}",0.1251545047773897,0.14320450350290398,0.15267752065722343,0.1251545047773897,0.0356118002284567,0.02876419333466075,-1.7606682797852482,-3.091916252778669,-0.3636769151630123,-2.2626921951286003,2.4656972749710926,0.14320450350290398,0.15132450719035792,0.008120003687453942,0.15267752065722343,0.18927593756007613,0.036598416902852704,0.1251545047773897,0.30482858829312925,0.17967408351573955,0.0356118002284567,0.33309592775065267,0.297484127522196,0.02876419333466075,0.37751043672225737,0.34874624338759663,545.0,0.4918625678119349,387.0,0.34900542495479203,169.0,0.1518987341772152,230.0,0.2070524412296564,207.0,0.18625678119349007,0.1518987341772152,WACC_0p5_WRT_0p5,0.27721518987341776,576,False,,,False,False,False,False,False,17.0,0.16161616161616163
OCDD,PokerHand,1074,0.91,586,0.967741935483871,0.6223262025795472,0,57,1637,1191,0.448,"{'nu':0.5,'kernel':'rbf','gamma':'auto'}",0.33431642091145514,0.3417533686294625,0.354205474587984,0.33431642091145514,0.16399756536038618,0.04881682871229189,-1.7606682797852482,-3.091916252778669,-0.3636769151630123,-2.2626921951286003,2.4656972749710926,0.3417533686294625,0.19580118392589088,0.1459521847035716,0.354205474587984,0.2331599331998614,0.12104554138812262,0.33431642091145514,0.3255346780759002,0.00878174283555494,0.16399756536038618,0.30393922683967134,0.13994166147928516,0.04881682871229189,0.36712136691725245,0.3183045382049606,742.0,0.6699819168173599,891.0,0.8047016274864376,283.0,0.2549728752260398,169.0,0.1518987341772152,184.0,0.1654611211573237,0.1518987341772152,WACC_0p7_WRT_0p3,0.40940325497287516,577,False,,,False,False,False,False,False,57.0,0.5656565656565656
OCDD,PokerHand,253,0.86,278,0.8870967741935483,0.8713674334614477,0,23,4570,4228,0.001,"{'nu':0.5,'kernel':'rbf','gamma':'auto'}",0.020093662829035918,0.0880420991497051,0.07815456078119021,0.020093662829035918,0.054639000543895914,0.0900510334239898,-1.7606682797852482,-3.091916252778669,-0.3636769151630123,-2.2626921951286003,2.4656972749710926,0.0880420991497051,0.11767558674003242,0.02963348759032733,0.07815456078119021,0.17795832131030137,0.09980376052911116,0.020093662829035918,0.4112724193830191,0.3911787565539832,0.054639000543895914,0.4756424645181296,0.42100346397423366,0.0900510334239898,0.5075173229008396,0.41746628947684983,321.0,0.28933092224231466,169.0,0.1518987341772152,699.0,0.6311030741410488,684.0,0.6175406871609403,590.0,0.5325497287522604,0.1518987341772152,WACC_0p3_WRT_0p7,0.44448462929475585,578,False,,,False,False,False,False,False,23.0,0.2222222222222222
OCDD,PokerHand,922,0.83,322,0.8387096774193548,0.8223366544644555,0,40,1461,4245,0.167,"{'nu':0.5,'kernel':'rbf','gamma':'auto'}",0.03749883882707263,0.14385025395122505,0.11846341569909123,0.03749883882707263,0.09403407222284292,0.14432620830514475,-1.7606682797852482,-3.091916252778669,-0.3636769151630123,-2.2626921951286003,2.4656972749710926,0.14385025395122505,0.09898663090326472,0.044863623047960335,0.11846341569909123,0.1885410561286389,0.07007764042954766,0.03749883882707263,0.4498559010376163,0.4123570622105437,0.09403407222284292,0.5059021880656321,0.4118681158427892,0.14432620830514475,0.5404283635669551,0.39610215526181036,169.0,0.1518987341772152,367.0,0.3309222423146474,866.0,0.7820976491862568,844.0,0.7622061482820977,790.0,0.713381555153707,0.1518987341772152,WACC_0p1_WRT_0p9,0.5481012658227848,579,False,,,False,False,False,False,False,40.0,0.3939393939393939
OCDD,PokerHand,598,0.89,464,0.935483870967742,0.7003343436817744,0,56,3302,1009,0.793,"{'nu':0.5,'kernel':'rbf','gamma':'auto'}",0.2310504714841793,0.26292024188210905,0.2662083251903989,0.2310504714841793,0.0891426634894182,0.05550228679678525,-1.7606682797852482,-3.091916252778669,-0.3636769151630123,-2.2626921951286003,2.4656972749710926,0.26292024188210905,0.22800565158453315,0.034914590297575904,0.2662083251903989,0.2213620507248755,0.04484627446552339,0.2310504714841793,0.3048333759639052,0.07378290447972591,0.0891426634894182,0.32170580176224445,0.23256313827282626,0.05550228679678525,0.38649768938891327,0.330995402592128,886.0,0.8001808318264014,818.0,0.7386980108499096,170.0,0.15280289330922242,214.0,0.19258589511754068,229.0,0.20614828209764918,0.15280289330922242,WACC_0p5_WRT_0p5,0.41808318264014466,580,False,,,False,False,False,False,False,56.0,0.5555555555555556
OCDD,PokerHand,45,0.86,267,0.8870967741935483,0.8848353797308413,0,16,5000,5000,0.001,"{'nu':0.5,'kernel':'rbf','gamma':'auto'}",0.006117870453948803,0.07392405843023896,0.06417872956395043,0.006117870453948803,0.057573444329935254,0.0888437726533411,-1.7606682797852482,-3.091916252778669,-0.3636769151630123,-2.2626921951286003,2.4656972749710926,0.07392405843023896,0.1153625096479178,0.04143845121767885,0.06417872956395043,0.17796525397615406,0.11378652441220363,0.006117870453948803,0.4185813250895413,0.41246345463559253,0.057573444329935254,0.4795688864128845,0.4219954420829492,0.0888437726533411,0.5143156908761858,0.4254719182228447,306.0,0.2757685352622061,170.0,0.15280289330922242,741.0,0.6690777576853526,710.0,0.6410488245931284,638.0,0.5759493670886076,0.15280289330922242,WACC_0p3_WRT_0p7,0.4629294755877035,581,False,,,False,False,False,False,False,16.0,0.15151515151515152
OCDD,PokerHand,358,0.86,252,0.8870967741935483,0.9041199976610024,0,8,1844,5000,0.001,"{'nu':0.5,'kernel':'rbf','gamma':'auto'}",0.015547957946722896,0.053708576741238946,0.04416687624275178,0.015547957946722896,0.06177524511821923,0.08711510799739869,-1.7606682797852482,-3.091916252778669,-0.3636769151630123,-2.2626921951286003,2.4656972749710926,0.053708576741238946,0.09968670341689459,0.045978126675655644,0.04416687624275178,0.18564495382085563,0.14147807757810385,0.015547957946722896,0.4607277815386509,0.445179823591928,0.06177524511821923,0.509843897315002,0.44806865219678277,0.08711510799739869,0.542591566849978,0.4554764588525793,170.0,0.15280289330922242,323.0,0.2911392405063291,900.0,0.8128390596745028,860.0,0.7766726943942134,804.0,0.7260397830018083,0.15280289330922242,WACC_0p1_WRT_0p9,0.5518987341772152,582,False,,,False,False,False,False,False,8.0,0.0707070707070707
OCDD,PokerHand,943,0.92,441,0.9838709677419356,0.7173187796205289,0,13,976,601,0.697,"{'nu':0.5,'kernel':'rbf','gamma':'auto'}",0.24690003440506417,0.2407052992271471,0.25915430161449005,0.24690003440506417,0.1211369411483892,0.03491779686432524,-1.7606682797852482,-3.091916252778669,-0.3636769151630123,-2.2626921951286003,2.4656972749710926,0.2407052992271471,0.23204774221155214,0.008657557015594952,0.25915430161449005,0.24837488870823368,0.010779412906256364,0.24690003440506417,0.3509605673746597,0.10406053296959553,0.1211369411483892,0.34011053233784033,0.21897359118945114,0.03491779686432524,0.3616902408443325,0.32677244398000727,907.0,0.8191681735985533,962.0,0.8688969258589512,423.0,0.38155515370705245,244.0,0.2197106690777577,171.0,0.15370705244122965,0.15370705244122965,WACC_0p9_WRT_0p1,0.4886075949367089,583,False,,,False,False,False,False,False,13.0,0.12121212121212122
OCDD,PokerHand,144,0.85,247,0.8709677419354838,0.9108031930919572,0,6,1538,4415,0.001,"{'nu':0.5,'kernel':'rbf','gamma':'auto'}",0.0369086490864236,0.04817300917106928,0.03370801772914743,0.0369086490864236,0.07992409381535454,0.10314272178675205,-1.7606682797852482,-3.091916252778669,-0.3636769151630123,-2.2626921951286003,2.4656972749710926,0.04817300917106928,0.09972147882179015,0.05154846965072087,0.03370801772914743,0.20469305970283638,0.17098504197368897,0.0369086490864236,0.4724717240556039,0.4355630749691803,0.07992409381535454,0.5180844699463116,0.4381603761309571,0.10314272178675205,0.5452945833910945,0.44215186160434244,171.0,0.15370705244122965,636.0,0.5741410488245932,938.0,0.8471971066907775,894.0,0.8074141048824593,821.0,0.7414104882459313,0.15370705244122965,WACC_0p1_WRT_0p9,0.6247739602169982,584,False,,,False,False,False,False,False,6.0,0.050505050505050504
OCDD,PokerHand,699,0.91,466,0.967741935483871,0.6988973587533918,0,44,4665,1600,0.687,"{'nu':0.5,'kernel':'rbf','gamma':'auto'}",0.2548579378435529,0.2614861416020103,0.2747467706854811,0.2548579378435529,0.11811768066558576,0.024793512234004004,-1.7606682797852482,-3.091916252778669,-0.3636769151630123,-2.2626921951286003,2.4656972749710926,0.2614861416020103,0.22435645288854142,0.03712968871346886,0.2747467706854811,0.21599539220782338,0.05875137847765771,0.2548579378435529,0.3053620440467374,0.05050410620318452,0.11811768066558576,0.35315073904126315,0.2350330583756774,0.024793512234004004,0.4171452263491811,0.3923517141151771,870.0,0.7857142857142857,768.0,0.6934900542495479,172.0,0.1546112115732369,280.0,0.2522603978300181,304.0,0.2739602169981917,0.1546112115732369,WACC_0p5_WRT_0p5,0.4320072332730561,585,False,,,False,False,False,False,False,44.0,0.43434343434343436
OCDD,PokerHand,518,0.75,268,0.7096774193548386,0.8835883876958545,0,25,2511,3535,0.234,"{'nu':0.5,'kernel':'rbf','gamma':'auto'}",0.18545352549033278,0.09140370710791429,0.04202894375473099,0.18545352549033278,0.24092134002177024,0.271849169790542,-1.7606682797852482,-3.091916252778669,-0.3636769151630123,-2.2626921951286003,2.4656972749710926,0.09140370710791429,0.0997586757858961,0.008354968677981814,0.04202894375473099,0.20380691669715165,0.16177797294242066,0.18545352549033278,0.4606074927874181,0.2751539672970853,0.24092134002177024,0.5003497324709133,0.25942839244914306,0.271849169790542,0.5301894812283289,0.25834031143778685,172.0,0.1546112115732369,623.0,0.5623869801084991,899.0,0.8119349005424955,818.0,0.7386980108499096,730.0,0.659132007233273,0.1546112115732369,WACC_0p1_WRT_0p9,0.5853526220614829,586,False,,,False,False,False,False,False,25.0,0.24242424242424243
OCDD,PokerHand,839,0.63,954,0.5161290322580644,0.4593752942682781,0,96,106,4549,0.972,"{'nu':0.5,'kernel':'rbf','gamma':'auto'}",0.1909836999633456,0.5537361507996684,0.4246395737181745,0.1909836999633456,0.3488045754152971,0.5093957544139734,-1.7606682797852482,-3.091916252778669,-0.3636769151630123,-2.2626921951286003,2.4656972749710926,0.5537361507996684,0.2504753709920437,0.3032607798076247,0.4246395737181745,0.17805300375460012,0.2465865699635744,0.1909836999633456,0.433267648745856,0.2422839487825104,0.3488045754152971,0.5900498698395318,0.2412452944242347,0.5093957544139734,0.6521864931549608,0.14279073874098736,972.0,0.8779385171790235,172.0,0.1546112115732369,808.0,0.7296564195298373,1075.0,0.9710669077757685,1099.0,0.9927667269439421,0.1546112115732369,WACC_0p3_WRT_0p7,0.7452079566003617,587,False,,,False,False,False,False,False,96.0,0.9595959595959596
OCDD,PokerHand,906,0.89,318,0.935483870967742,0.8265088825883934,0,17,1599,2709,0.276,"{'nu':0.5,'kernel':'rbf','gamma':'auto'}",0.10011817315829158,0.1306552890517229,0.13527566297156096,0.10011817315829158,0.013541437313435822,0.04419205671197891,-1.7606682797852482,-3.091916252778669,-0.3636769151630123,-2.2626921951286003,2.4656972749710926,0.1306552890517229,0.12215785871452958,0.008497430337193329,0.13527566297156096,0.1780914216174135,0.04281575864585255,0.10011817315829158,0.37877502977583943,0.27865685661754785,0.013541437313435822,0.4309336398928822,0.41739220257944637,0.04419205671197891,0.4733039149671484,0.4291118582551695,358.0,0.3227848101265823,173.0,0.15551537070524413,561.0,0.5063291139240507,502.0,0.45298372513562385,458.0,0.4132007233273056,0.15551537070524413,WACC_0p3_WRT_0p7,0.3701627486437613,588,False,,,False,False,False,False,False,17.0,0.16161616161616163
OCDD,PokerHand,280,0.81,239,0.8064516129032256,0.9217817823596586,0,9,2434,2251,0.248,"{'nu':0.5,'kernel':'rbf','gamma':'auto'}",0.1114525817867339,0.04254538233704861,0.01726469934778916,0.1114525817867339,0.14908690940939887,0.16866537581584826,-1.7606682797852482,-3.091916252778669,-0.3636769151630123,-2.2626921951286003,2.4656972749710926,0.04254538233704861,0.09977567730127025,0.05723029496422164,0.01726469934778916,0.1811024393016369,0.16383773995384776,0.1114525817867339,0.4064131437719448,0.2949605619852109,0.14908690940939887,0.4584880054063774,0.3094010959969785,0.16866537581584826,0.49008473086775883,0.32141935505191055,173.0,0.15551537070524413,230.0,0.2070524412296564,683.0,0.6166365280289331,610.0,0.5506329113924051,520.0,0.4692585895117541,0.15551537070524413,WACC_0p1_WRT_0p9,0.3998191681735985,589,False,,,False,False,False,False,False,9.0,0.08080808080808081
OCDD,PokerHand,969,0.91,505,0.967741935483871,0.6720425558732643,0,49,4934,861,0.851,"{'nu':0.5,'kernel':'rbf','gamma':'auto'}",0.2827253752255594,0.28963721920442703,0.3026142855179267,0.2827253752255594,0.13420853420898182,0.033218896684078535,-1.7606682797852482,-3.091916252778669,-0.3636769151630123,-2.2626921951286003,2.4656972749710926,0.28963721920442703,0.2681054734471964,0.021531745757230658,0.3026142855179267,0.2461778323723139,0.0564364531456128,0.2827253752255594,0.31908107902363086,0.03635570379807146,0.13420853420898182,0.3047827988514728,0.17057426464249098,0.033218896684078535,0.36572473333166344,0.33250583664758493,1015.0,0.9168173598553345,951.0,0.8589511754068716,243.0,0.21880650994575046,173.0,0.15551537070524413,180.0,0.16184448462929477,0.15551537070524413,WACC_0p7_WRT_0p3,0.4623869801084991,590,False,,,False,False,False,False,False,49.0,0.48484848484848486
OCDD,PokerHand,657,0.92,477,0.9838709677419356,0.691102325794446,0,22,4689,1086,0.626,"{'nu':0.5,'kernel':'rbf','gamma':'auto'}",0.2741050520191486,0.2681872148238678,0.28635939483798667,0.2741050520191486,0.1368453088778307,0.04314290666640948,-1.7606682797852482,-3.091916252778669,-0.3636769151630123,-2.2626921951286003,2.4656972749710926,0.2681872148238678,0.2407716173721348,0.027415597451733026,0.28635939483798667,0.23896526483862957,0.047394129999357104,0.2741050520191486,0.30547221947098496,0.031367167451836375,0.1368453088778307,0.30630053352457737,0.16945522464674667,0.04314290666640948,0.3675480601140685,0.324405153447659,932.0,0.8417721518987342,921.0,0.8318264014466547,174.0,0.15641952983725135,175.0,0.15732368896925858,186.0,0.16726943942133815,0.15641952983725135,WACC_0p5_WRT_0p5,0.4309222423146474,591,False,,,False,False,False,False,False,22.0,0.21212121212121213
OCDD,PokerHand,970,0.83,327,0.8387096774193548,0.8171934354442612,0,43,1703,4891,0.397,"{'nu':0.5,'kernel':'rbf','gamma':'auto'}",0.04283599712337401,0.14924173488705633,0.12380058882866375,0.04283599712337401,0.09291344946476532,0.14478724419240885,-1.7606682797852482,-3.091916252778669,-0.3636769151630123,-2.2626921951286003,2.4656972749710926,0.14924173488705633,0.12723413885348803,0.022007596033568305,0.12380058882866375,0.17814236998935737,0.05434178116069362,0.04283599712337401,0.4334217138537657,0.3905857167303917,0.09291344946476532,0.507682653548624,0.41476920408385864,0.14478724419240885,0.5536876861101744,0.40890044191776553,401.0,0.3616636528028933,174.0,0.15641952983725135,809.0,0.7305605786618445,854.0,0.77124773960217,863.0,0.779385171790235,0.15641952983725135,WACC_0p3_WRT_0p7,0.5598553345388788,592,False,,,False,False,False,False,False,43.0,0.42424242424242425
OCDD,PokerHand,520,0.66,285,0.564516129032258,0.8630706591273891,0,32,162,4593,0.301,"{'nu':0.5,'kernel':'rbf','gamma':'auto'}",0.3218942523369451,0.12614383790917652,0.11130926656718962,0.3218942523369451,0.3866850785934046,0.4233286022940357,-1.7606682797852482,-3.091916252778669,-0.3636769151630123,-2.2626921951286003,2.4656972749710926,0.12614383790917652,0.09978279039132931,0.026361047517847208,0.11130926656718962,0.23434757810426063,0.12303831153707101,0.3218942523369451,0.5190290167171012,0.19713476438015615,0.3866850785934046,0.5998888100629007,0.21320373146949612,0.4233286022940357,0.6212597464591948,0.1979311441651591,174.0,0.15641952983725135,896.0,0.8092224231464737,1041.0,0.9403254972875226,1082.0,0.9773960216998192,1076.0,0.9719710669077758,0.15641952983725135,WACC_0p1_WRT_0p9,0.7710669077757685,593,False,,,False,False,False,False,False,32.0,0.31313131313131315
OCDD,PokerHand,440,0.83,278,0.8387096774193548,0.8713674334614477,0,25,1461,5000,0.199,"{'nu':0.5,'kernel':'rbf','gamma':'auto'}",0.04310123043955378,0.09245277132540129,0.06758365437505043,0.04310123043955378,0.1047170718335082,0.1399311108750389,-1.7606682797852482,-3.091916252778669,-0.3636769151630123,-2.2626921951286003,2.4656972749710926,0.09245277132540129,0.1092514379553434,0.016798666629942102,0.06758365437505043,0.1781741332929454,0.11059047891789497,0.04310123043955378,0.4396829682734072,0.3965817378338534,0.1047170718335082,0.496691100883435,0.3919740290499268,0.1399311108750389,0.5318231343301653,0.39189202345512636,251.0,0.22603978300180833,175.0,0.15732368896925858,829.0,0.7486437613019892,798.0,0.720614828209765,742.0,0.6699819168173599,0.15732368896925858,WACC_0p3_WRT_0p7,0.5045207956600362,594,False,,,False,False,False,False,False,25.0,0.24242424242424243
OCDD,PokerHand,233,0.82,248,0.8225806451612901,0.9094558392641956,0,11,1096,4698,0.181,"{'nu':0.5,'kernel':'rbf','gamma':'auto'}",0.08618820861530246,0.05399607161202037,0.024535274733377868,0.08618820861530246,0.12970859888570924,0.1531435754413814,-1.7606682797852482,-3.091916252778669,-0.3636769151630123,-2.2626921951286003,2.4656972749710926,0.05399607161202037,0.09979378437384413,0.04579771276182376,0.024535274733377868,0.1905298019028066,0.16599452716942875,0.08618820861530246,0.44649444587073683,0.36030623725543437,0.12970859888570924,0.5122142009741498,0.3825056020884406,0.1531435754413814,0.5411590803885913,0.3880155049472099,175.0,0.15732368896925858,403.0,0.36347197106690776,853.0,0.7703435804701627,871.0,0.786618444846293,794.0,0.716998191681736,0.15732368896925858,WACC_0p1_WRT_0p9,0.5589511754068716,595,False,,,False,False,False,False,False,11.0,0.10101010101010101
OCDD,PokerHand,592,0.89,320,0.935483870967742,0.8244162696866761,0,18,413,804,0.075,"{'nu':0.5,'kernel':'rbf','gamma':'auto'}",0.1022896938081988,0.1328489118629204,0.13744718965665637,0.1022896938081988,0.014795288547230234,0.04437963761064479,-1.7606682797852482,-3.091916252778669,-0.3636769151630123,-2.2626921951286003,2.4656972749710926,0.1328489118629204,0.17500859934839738,0.04215968748547699,0.13744718965665637,0.2225208305287514,0.08507364087209504,0.1022896938081988,0.33077399945838315,0.22848430565018435,0.014795288547230234,0.31770778621065554,0.3029124976634253,0.04437963761064479,0.36326990968555656,0.3188902720749118,637.0,0.5750452079566004,833.0,0.7522603978300181,319.0,0.2875226039783002,203.0,0.18264014466546113,176.0,0.15822784810126583,0.15822784810126583,WACC_0p9_WRT_0p1,0.39113924050632914,596,False,,,False,False,False,False,False,18.0,0.1717171717171717
OCDD,PokerHand,956,0.85,321,0.8709677419354838,0.8233748474648785,0,39,3973,4676,0.367,"{'nu':0.5,'kernel':'rbf','gamma':'auto'}",0.05873779383865456,0.13982149951318568,0.12443334270785911,0.05873779383865456,0.060874896527412486,0.11097976017456863,-1.7606682797852482,-3.091916252778669,-0.3636769151630123,-2.2626921951286003,2.4656972749710926,0.13982149951318568,0.14080607896768693,0.0009845794545012554,0.12443334270785911,0.17823607545365266,0.05380273274579356,0.05873779383865456,0.39521536793252865,0.3364775740938741,0.060874896527412486,0.47217001856863816,0.41129512204122565,0.11097976017456863,0.5232172321135574,0.4122374719389888,488.0,0.4403254972875226,176.0,0.15822784810126583,641.0,0.5786618444846293,667.0,0.6021699819168174,692.0,0.6247739602169982,0.15822784810126583,WACC_0p3_WRT_0p7,0.4808318264014467,597,False,,,False,False,False,False,False,39.0,0.3838383838383838
OCDD,PokerHand,123,0.74,286,0.693548387096774,0.8619020123061318,0,32,125,1985,0.47,"{'nu':0.5,'kernel':'rbf','gamma':'auto'}",0.18718800074284045,0.11560710255620478,0.0456933034539722,0.18718800074284045,0.2528889262500668,0.29041981941081335,-1.7606682797852482,-3.091916252778669,-0.3636769151630123,-2.2626921951286003,2.4656972749710926,0.11560710255620478,0.09984987104448524,0.01575723151171954,0.0456933034539722,0.23096473147048313,0.18527142801651092,0.18718800074284045,0.5217781820644328,0.33459018132159235,0.2528889262500668,0.5675927991145617,0.3147038728644949,0.29041981941081335,0.5965015996292135,0.3060817802184001,176.0,0.15822784810126583,874.0,0.7893309222423146,1043.0,0.9421338155515371,1037.0,0.9367088607594937,1032.0,0.9321880650994575,0.15822784810126583,WACC_0p1_WRT_0p9,0.7517179023508137,598,False,,,False,False,False,False,False,32.0,0.31313131313131315
OCDD,PokerHand,784,0.87,362,0.9032258064516128,0.7832466016012307,0,45,1197,2292,0.267,"{'nu':0.5,'kernel':'rbf','gamma':'auto'}",0.12269548197240836,0.17894627780635003,0.17312212156462903,0.12269548197240836,0.018746231475422485,0.08132345348900581,-1.7606682797852482,-3.091916252778669,-0.3636769151630123,-2.2626921951286003,2.4656972749710926,0.17894627780635003,0.1183997863083502,0.06054649149799983,0.17312212156462903,0.1782552719883195,0.005133150423690475,0.12269548197240836,0.35298284442643757,0.2302873624540292,0.018746231475422485,0.4052613436107922,0.3865151121353697,0.08132345348900581,0.45085044236720423,0.3695269888781984,331.0,0.298372513562387,177.0,0.15913200723327306,435.0,0.3924050632911392,404.0,0.364376130198915,385.0,0.3471971066907776,0.15913200723327306,WACC_0p3_WRT_0p7,0.3122965641952984,599,False,,,False,False,False,False,False,45.0,0.4444444444444444
OCDD,PokerHand,89,0.87,350,0.9032258064516128,0.7945020135174995,0,42,3539,3188,0.19,"{'nu':0.5,'kernel':'rbf','gamma':'auto'}",0.1110156536681232,0.16714756992841887,0.16144226079923818,0.1110156536681232,0.021198600448119276,0.08031452332309902,-1.7606682797852482,-3.091916252778669,-0.3636769151630123,-2.2626921951286003,2.4656972749710926,0.16714756992841887,0.1139335564097829,0.05321401351863597,0.16144226079923818,0.1782744259348945,0.01683216513565633,0.1110156536681232,0.3795045874551785,0.2684889337870553,0.021198600448119276,0.430015812902723,0.40881721245460373,0.08031452332309902,0.47542429925173385,0.39510977592863483,289.0,0.2603978300180832,178.0,0.16003616636528029,565.0,0.5099457504520796,498.0,0.44936708860759494,467.0,0.4213381555153707,0.16003616636528029,WACC_0p3_WRT_0p7,0.36021699819168174,600,False,,,False,False,False,False,False,42.0,0.41414141414141414
OCDD,PokerHand,763,0.73,990,0.6774193548387095,0.4469859968616664,0,96,1269,3793,0.998,"{'nu':0.5,'kernel':'rbf','gamma':'auto'}",0.3154216497718315,0.552021235955699,0.47273243421484434,0.3154216497718315,0.17917824716129452,0.34423940073890164,-1.7606682797852482,-3.091916252778669,-0.3636769151630123,-2.2626921951286003,2.4656972749710926,0.552021235955699,0.26031599474184913,0.29170524121384983,0.47273243421484434,0.19566910517404243,0.2770633290408019,0.3154216497718315,0.30580515756504933,0.009616492206782179,0.17917824716129452,0.45346735664493737,0.2742891094836428,0.34423940073890164,0.5611845380536341,0.21694513731473247,992.0,0.8960216998191681,495.0,0.44665461121157324,178.0,0.16003616636528029,588.0,0.530741410488246,908.0,0.8200723327305606,0.16003616636528029,WACC_0p5_WRT_0p5,0.5707052441229656,601,False,,,False,False,False,False,False,96.0,0.9595959595959596
OCDD,PokerHand,865,0.78,243,0.7580645161290321,0.9162474914919164,0,13,2650,4600,0.258,"{'nu':0.5,'kernel':'rbf','gamma':'auto'}",0.1578355966067709,0.05275748423790747,0.04149848771288646,0.1578355966067709,0.1979591498230827,0.21904154466229944,-1.7606682797852482,-3.091916252778669,-0.3636769151630123,-2.2626921951286003,2.4656972749710926,0.05275748423790747,0.09999231496313518,0.04723483072522771,0.04149848771288646,0.204652325504854,0.16315383779196752,0.1578355966067709,0.47820963955050055,0.3203740429437296,0.1979591498230827,0.5313696442010855,0.33341049437800274,0.21904154466229944,0.558734890494967,0.33969334583266764,178.0,0.16003616636528029,635.0,0.5732368896925859,956.0,0.8634719710669078,942.0,0.8508137432188065,895.0,0.8083182640144665,0.16003616636528029,WACC_0p1_WRT_0p9,0.6511754068716094,602,False,,,False,False,False,False,False,13.0,0.12121212121212122
OCDD,PokerHand,638,0.84,461,0.8548387096774193,0.7025014514051069,0,66,2929,1344,0.922,"{'nu':0.5,'kernel':'rbf','gamma':'auto'}",0.17301090711457565,0.2679996486954275,0.24634131709230975,0.17301090711457565,0.051231263744357255,0.1384414906335418,-1.7606682797852482,-3.091916252778669,-0.3636769151630123,-2.2626921951286003,2.4656972749710926,0.2679996486954275,0.207181746581337,0.060817902114090466,0.24634131709230975,0.18778060670303273,0.058560710389277015,0.17301090711457565,0.30624079554975897,0.13322988843518332,0.051231263744357255,0.3525289770581491,0.30129771331379185,0.1384414906335418,0.42738206970106235,0.2889405790675206,795.0,0.7179023508137432,353.0,0.3182640144665461,179.0,0.1609403254972875,273.0,0.24593128390596744,329.0,0.2965641952983725,0.1609403254972875,WACC_0p5_WRT_0p5,0.34792043399638334,603,False,,,False,False,False,False,False,66.0,0.6565656565656566
OCDD,PokerHand,1016,0.84,263,0.8548387096774193,0.8898703163309742,0,15,3403,4535,0.234,"{'nu':0.5,'kernel':'rbf','gamma':'auto'}",0.03916439858914187,0.07158653479735262,0.05190665131697332,0.03916439858914187,0.09205585499094192,0.12164582812187646,-1.7606682797852482,-3.091916252778669,-0.3636769151630123,-2.2626921951286003,2.4656972749710926,0.07158653479735262,0.10953923707987677,0.03795270228252415,0.05190665131697332,0.17839509568479175,0.12648844436781842,0.03916439858914187,0.43995315948509595,0.40078876089595405,0.09205585499094192,0.4972865841833657,0.40523072919242376,0.12164582812187646,0.525084388348083,0.40343856022620656,252.0,0.22694394213381555,179.0,0.1609403254972875,832.0,0.7513562386980108,806.0,0.7278481012658228,702.0,0.6338155515370705,0.1609403254972875,WACC_0p3_WRT_0p7,0.5001808318264014,604,False,,,False,False,False,False,False,15.0,0.1414141414141414
OCDD,PokerHand,452,0.83,241,0.8387096774193548,0.9190032023103544,0,8,3238,4150,0.001,"{'nu':0.5,'kernel':'rbf','gamma':'auto'}",0.07605590181229277,0.042517635644003564,0.01815150993230705,0.07605590181229277,0.115096121697224,0.13566106154007337,-1.7606682797852482,-3.091916252778669,-0.3636769151630123,-2.2626921951286003,2.4656972749710926,0.042517635644003564,0.10004756419655654,0.05752992855255298,0.01815150993230705,0.203558991703659,0.18540748177135194,0.07605590181229277,0.4728914434941632,0.3968355416818704,0.115096121697224,0.5157758556339082,0.40067973393668416,0.13566106154007337,0.5386768116580204,0.403015750117947,179.0,0.1609403254972875,621.0,0.5605786618444847,940.0,0.849005424954792,886.0,0.8001808318264014,779.0,0.7034358047016275,0.1609403254972875,WACC_0p1_WRT_0p9,0.6148282097649186,605,False,,,False,False,False,False,False,8.0,0.0707070707070707
OCDD,PokerHand,323,0.81,252,0.8064516129032256,0.9041199976610024,0,14,2423,1934,0.204,"{'nu':0.5,'kernel':'rbf','gamma':'auto'}",0.09923406774434651,0.06105969703406594,0.02654869889918546,0.09923406774434651,0.14523869726757313,0.1702485704158139,-1.7606682797852482,-3.091916252778669,-0.3636769151630123,-2.2626921951286003,2.4656972749710926,0.06105969703406594,0.10174421705183688,0.04068452001777094,0.02654869889918546,0.17840208950351674,0.15185339060433128,0.09923406774434651,0.390189979896625,0.2909559121522785,0.14523869726757313,0.4270413710225882,0.2818026737550151,0.1702485704158139,0.46205981207983693,0.29181124166402306,196.0,0.1763110307414105,180.0,0.16184448462929477,611.0,0.5515370705244123,488.0,0.4403254972875226,412.0,0.3716094032549729,0.16184448462929477,WACC_0p3_WRT_0p7,0.3403254972875226,606,False,,,False,False,False,False,False,14.0,0.13131313131313133
OCDD,PokerHand,124,0.92,494,0.9838709677419356,0.6794014669207913,0,28,1262,922,0.625,"{'nu':0.5,'kernel':'rbf','gamma':'auto'}",0.28624712408844544,0.28045287127413093,0.298501500653078,0.28624712408844544,0.14385622634046635,0.04681391608869643,-1.7606682797852482,-3.091916252778669,-0.3636769151630123,-2.2626921951286003,2.4656972749710926,0.28045287127413093,0.20681159391506695,0.07364127735906398,0.298501500653078,0.2215325665755434,0.0769689340775346,0.28624712408844544,0.3333778153679748,0.047130691279529346,0.14385622634046635,0.3082542913758935,0.16439806503542714,0.04681391608869643,0.37232360628984285,0.3255096902011464,793.0,0.7160940325497287,819.0,0.7396021699819169,333.0,0.30018083182640143,180.0,0.16184448462929477,197.0,0.17721518987341772,0.16184448462929477,WACC_0p7_WRT_0p3,0.4189873417721519,607,False,,,False,False,False,False,False,28.0,0.2727272727272727
OCDD,PokerHand,424,0.69,244,0.6129032258064514,0.9148780950047856,0,17,2354,3896,0.247,"{'nu':0.5,'kernel':'rbf','gamma':'auto'}",0.3075232386669905,0.06742499768336012,0.1275118025632736,0.3075232386669905,0.3478949947400464,0.3688045291133027,-1.7606682797852482,-3.091916252778669,-0.3636769151630123,-2.2626921951286003,2.4656972749710926,0.06742499768336012,0.10007846651216228,0.03265346882880216,0.1275118025632736,0.21737735605045339,0.08986555348717978,0.3075232386669905,0.5030500521678828,0.1955268135008923,0.3478949947400464,0.5510334626092607,0.20313846786921425,0.3688045291133027,0.5619631103180684,0.19315858120476576,180.0,0.16184448462929477,778.0,0.7025316455696202,1015.0,0.9168173598553345,1003.0,0.9059674502712477,916.0,0.8273056057866185,0.16184448462929477,WACC_0p1_WRT_0p9,0.7028933092224232,608,False,,,False,False,False,False,False,17.0,0.16161616161616163
OCDD,PokerHand,402,0.87,300,0.9032258064516128,0.8459553330484337,0,21,3818,3881,0.168,"{'nu':0.5,'kernel':'rbf','gamma':'auto'}",0.05762214463642035,0.11321061133360684,0.10804860337388626,0.05762214463642035,0.03240943176185643,0.07570227042671535,-1.7606682797852482,-3.091916252778669,-0.3636769151630123,-2.2626921951286003,2.4656972749710926,0.11321061133360684,0.12057705740554589,0.007366446071939051,0.10804860337388626,0.17868961098978264,0.07064100761589638,0.05762214463642035,0.41113385677682385,0.3535117121404035,0.03240943176185643,0.4693215827151358,0.4369121509532794,0.07570227042671535,0.5069713075333871,0.4312690371066718,346.0,0.31193490054249545,181.0,0.162748643761302,698.0,0.6301989150090416,656.0,0.5922242314647378,585.0,0.5280289330922242,0.162748643761302,WACC_0p3_WRT_0p7,0.4450271247739602,609,False,,,False,False,False,False,False,21.0,0.20202020202020202
OCDD,PokerHand,201,0.79,267,0.7741935483870968,0.8848353797308413,0,22,2765,3742,0.278,"{'nu':0.5,'kernel':'rbf','gamma':'auto'}",0.11936731319438282,0.08421562684019675,0.03951328128295759,0.11936731319438282,0.17442227733903057,0.20523062003912226,-1.7606682797852482,-3.091916252778669,-0.3636769151630123,-2.2626921951286003,2.4656972749710926,0.08421562684019675,0.1001355570341542,0.015919930193957446,0.03951328128295759,0.20360280938032765,0.16408952809737007,0.11936731319438282,0.47881792385242067,0.35945061065803785,0.17442227733903057,0.5243247190614646,0.349902441722434,0.20523062003912226,0.548608376736332,0.3433777566972097,181.0,0.162748643761302,622.0,0.5614828209764918,959.0,0.8661844484629295,917.0,0.8282097649186256,837.0,0.755877034358047,0.162748643761302,WACC_0p1_WRT_0p9,0.6349005424954792,610,False,,,False,False,False,False,False,22.0,0.21212121212121213
OCDD,PokerHand,354,0.9,285,0.9516129032258064,0.8630706591273891,0,2,3927,3012,0.001,"{'nu':0.5,'kernel':'rbf','gamma':'auto'}",0.07333588184291624,0.09085846050360698,0.10085875370609547,0.07333588184291624,0.005691364379645956,0.024287982685642927,-1.7606682797852482,-3.091916252778669,-0.3636769151630123,-2.2626921951286003,2.4656972749710926,0.09085846050360698,0.11960073328472186,0.02874227278111488,0.10085875370609547,0.17874787814701182,0.07788912444091635,0.07333588184291624,0.3586889172095241,0.2853530353666079,0.005691364379645956,0.40835637271656855,0.4026650083369226,0.024287982685642927,0.45461931104486536,0.43033132835922244,340.0,0.3065099457504521,182.0,0.16365280289330922,471.0,0.42495479204339964,414.0,0.37341772151898733,395.0,0.3562386980108499,0.16365280289330922,WACC_0p3_WRT_0p7,0.3249547920433996,611,False,,,False,False,False,False,False,2.0,0.010101010101010102
OCDD,PokerHand,152,0.76,215,0.7258064516129031,0.9570582714302082,0,5,111,1365,0.319,"{'nu':0.5,'kernel':'rbf','gamma':'auto'}",0.2195431492554686,0.012917226118383569,0.09654145609145376,0.2195431492554686,0.24023652781422739,0.24863666929408315,-1.7606682797852482,-3.091916252778669,-0.3636769151630123,-2.2626921951286003,2.4656972749710926,0.012917226118383569,0.10022261681514406,0.0873053906967605,0.09654145609145376,0.24015571208423245,0.1436142559927787,0.2195431492554686,0.5061590340605853,0.2866158848051167,0.24023652781422739,0.5536512840161805,0.3134147562019531,0.24863666929408315,0.5579394047616517,0.3093027354675686,182.0,0.16365280289330922,927.0,0.8372513562386981,1019.0,0.9204339963833634,1009.0,0.9113924050632911,889.0,0.8028933092224232,0.16365280289330922,WACC_0p1_WRT_0p9,0.727124773960217,612,False,,,False,False,False,False,False,5.0,0.04040404040404041
OCDD,PokerHand,1052,0.85,292,0.8709677419354838,0.8549745174371612,0,31,3872,4092,0.184,"{'nu':0.5,'kernel':'rbf','gamma':'auto'}",0.025946571047877485,0.10669652125245288,0.09164202878223632,0.025946571047877485,0.0677599444282781,0.10814717967863378,-1.7606682797852482,-3.091916252778669,-0.3636769151630123,-2.2626921951286003,2.4656972749710926,0.10669652125245288,0.1204013993939179,0.013704878141465024,0.09164202878223632,0.17879100434337458,0.08714897556113826,0.025946571047877485,0.4101878684405526,0.3842412973926751,0.0677599444282781,0.4743669246181999,0.4066069801899218,0.10814717967863378,0.5065797467591141,0.3984325670804803,345.0,0.31103074141048825,183.0,0.16455696202531644,695.0,0.6274864376130199,679.0,0.6130198915009042,582.0,0.5253164556962026,0.16455696202531644,WACC_0p3_WRT_0p7,0.44828209764918625,613,False,,,False,False,False,False,False,31.0,0.30303030303030304
OCDD,PokerHand,100,0.75,250,0.7096774193548386,0.9067772891835794,0,17,379,3358,0.399,"{'nu':0.5,'kernel':'rbf','gamma':'auto'}",0.20149572752650988,0.06709548305541875,0.062292834223846225,0.20149572752650988,0.2459738199258794,0.26977052687642616,-1.7606682797852482,-3.091916252778669,-0.3636769151630123,-2.2626921951286003,2.4656972749710926,0.06709548305541875,0.10024263959682436,0.03314715654140561,0.062292834223846225,0.20405513099292694,0.1417622967690807,0.20149572752650988,0.48713012538506945,0.2856343978585596,0.2459738199258794,0.5410288611269506,0.2950550412010712,0.26977052687642616,0.563213922380283,0.29344339550385684,183.0,0.16455696202531644,628.0,0.5669077757685352,979.0,0.8842676311030742,973.0,0.8788426763110307,924.0,0.8345388788426763,0.16455696202531644,WACC_0p1_WRT_0p9,0.6658227848101266,614,False,,,False,False,False,False,False,17.0,0.16161616161616163
OCDD,PokerHand,210,0.9,286,0.9516129032258064,0.8619020123061318,0,3,4431,3026,0.001,"{'nu':0.5,'kernel':'rbf','gamma':'auto'}",0.07454859571977616,0.09208351761915844,0.10207147095338445,0.07454859571977616,0.006391593866667111,0.024392739671884652,-1.7606682797852482,-3.091916252778669,-0.3636769151630123,-2.2626921951286003,2.4656972749710926,0.09208351761915844,0.12238339119579124,0.030299873576632802,0.10207147095338445,0.17896249526995436,0.07689102431656991,0.07454859571977616,0.3392812545866062,0.26473265886683,0.006391593866667111,0.3993997337560682,0.3930081398894011,0.024392739671884652,0.4487701026498659,0.42437736297798123,361.0,0.325497287522604,184.0,0.1654611211573237,355.0,0.32007233273056057,390.0,0.35171790235081374,379.0,0.34177215189873417,0.1654611211573237,WACC_0p3_WRT_0p7,0.30090415913200724,615,False,,,False,False,False,False,False,3.0,0.020202020202020204
OCDD,PokerHand,622,0.89,451,0.935483870967742,0.7098281545766654,0,55,2652,934,0.558,"{'nu':0.5,'kernel':'rbf','gamma':'auto'}",0.2211986702324275,0.25296816707308045,0.25635649655807663,0.2211986702324275,0.08345416443916324,0.05465126577040904,-1.7606682797852482,-3.091916252778669,-0.3636769151630123,-2.2626921951286003,2.4656972749710926,0.25296816707308045,0.15991285340261394,0.09305531367046652,0.25635649655807663,0.20087537983734244,0.05548111672073419,0.2211986702324275,0.30760401091038814,0.08640534067796063,0.08345416443916324,0.3464370143122526,0.26298284987308934,0.05465126577040904,0.3922747348718949,0.3376234691014859,588.0,0.530741410488246,584.0,0.527124773960217,184.0,0.1654611211573237,257.0,0.2314647377938517,240.0,0.21609403254972875,0.1654611211573237,WACC_0p5_WRT_0p5,0.3341772151898734,616,False,,,False,False,False,False,False,55.0,0.5454545454545454
OCDD,PokerHand,525,0.75,249,0.7096774193548386,0.908113885666664,0,16,2534,4884,0.168,"{'nu':0.5,'kernel':'rbf','gamma':'auto'}",0.20242039188949565,0.06569436938921959,0.0634608345600833,0.20242039188949565,0.24626504229681667,0.26965071495648396,-1.7606682797852482,-3.091916252778669,-0.3636769151630123,-2.2626921951286003,2.4656972749710926,0.06569436938921959,0.10031670974959853,0.034622340360378936,0.0634608345600833,0.20532600265358975,0.14186516809350644,0.20242039188949565,0.4747230921072338,0.27230270021773817,0.24626504229681667,0.5358429518099906,0.28957790951317397,0.26965071495648396,0.5594275900049059,0.289776875048422,184.0,0.1654611211573237,648.0,0.5849909584086799,945.0,0.8535262206148282,958.0,0.8652802893309223,900.0,0.8128390596745028,0.1654611211573237,WACC_0p1_WRT_0p9,0.6564195298372514,617,False,,,False,False,False,False,False,16.0,0.15151515151515152
OCDD,PokerHand,806,0.86,503,0.8870967741935483,0.6733685654257267,0,66,3245,1349,0.851,"{'nu':0.5,'kernel':'rbf','gamma':'auto'}",0.22555862495604334,0.2955983237902113,0.28362009394568943,0.22555862495604334,0.06312900382682483,0.10779956473166188,-1.7606682797852482,-3.091916252778669,-0.3636769151630123,-2.2626921951286003,2.4656972749710926,0.2955983237902113,0.21434899019795717,0.08124933359225411,0.28362009394568943,0.20393399603516268,0.07968609791052675,0.22555862495604334,0.3077237701639893,0.08216514520794593,0.06312900382682483,0.34567635484686726,0.2825473510200424,0.10779956473166188,0.4060987848427325,0.2982992201110706,821.0,0.7414104882459313,626.0,0.5650994575045208,185.0,0.16636528028933092,254.0,0.22875226039783003,276.0,0.24864376130198915,0.16636528028933092,WACC_0p5_WRT_0p5,0.39005424954792045,618,False,,,False,False,False,False,False,66.0,0.6565656565656566
OCDD,PokerHand,1034,0.86,367,0.8870967741935483,0.7786662706030079,0,55,1617,3749,0.539,"{'nu':0.5,'kernel':'rbf','gamma':'auto'}",0.11629037902643684,0.18521792431256043,0.17435154433284447,0.11629037902643684,0.03444094318107729,0.0983607248256285,-1.7606682797852482,-3.091916252778669,-0.3636769151630123,-2.2626921951286003,2.4656972749710926,0.18521792431256043,0.1558841543864588,0.02933376992610162,0.17435154433284447,0.17896685222584774,0.004615307893003268,0.11629037902643684,0.4247917512503839,0.308501372223947,0.03444094318107729,0.5004826853674255,0.4660417421863482,0.0983607248256285,0.5562505087425533,0.4578897839169248,571.0,0.515370705244123,185.0,0.16636528028933092,775.0,0.6998191681735986,820.0,0.740506329113924,882.0,0.7965641952983725,0.16636528028933092,WACC_0p3_WRT_0p7,0.5837251356238699,619,False,,,False,False,False,False,False,55.0,0.5454545454545454
OCDD,PokerHand,189,0.83,259,0.8387096774193548,0.8949821251560734,0,14,3085,3689,0.001,"{'nu':0.5,'kernel':'rbf','gamma':'auto'}",0.05943799634404281,0.06769820427756455,0.0430784374125161,0.05943799634404281,0.10986232441444602,0.13781430031434677,-1.7606682797852482,-3.091916252778669,-0.3636769151630123,-2.2626921951286003,2.4656972749710926,0.06769820427756455,0.10039923109885927,0.03270102682129472,0.0430784374125161,0.21095238301832697,0.16787394560581087,0.05943799634404281,0.46550183752018237,0.4060638411761396,0.10986232441444602,0.50478708033275,0.394924755918304,0.13781430031434677,0.533416706555702,0.3956024062413552,185.0,0.16636528028933092,723.0,0.6528028933092225,917.0,0.8282097649186256,839.0,0.7576853526220615,749.0,0.6763110307414105,0.16636528028933092,WACC_0p1_WRT_0p9,0.6162748643761302,620,False,,,False,False,False,False,False,14.0,0.13131313131313133
OCDD,PokerHand,566,0.89,424,0.935483870967742,0.7304505401311192,0,52,3763,2386,0.574,"{'nu':0.5,'kernel':'rbf','gamma':'auto'}",0.1997986606821205,0.23135034404597532,0.23495642753189772,0.1997986606821205,0.07109764902725085,0.052802684213942394,-1.7606682797852482,-3.091916252778669,-0.3636769151630123,-2.2626921951286003,2.4656972749710926,0.23135034404597532,0.18336878877461796,0.04798155527135736,0.23495642753189772,0.18549247700330287,0.04946395052859484,0.1997986606821205,0.30774465150492,0.10794599082279949,0.07109764902725085,0.38738243880870155,0.3162847897814507,0.052802684213942394,0.4626565266100185,0.4098538423960761,677.0,0.6112115732368897,316.0,0.2848101265822785,186.0,0.16726943942133815,358.0,0.3227848101265823,416.0,0.3752260397830018,0.16726943942133815,WACC_0p5_WRT_0p5,0.35226039783001806,621,False,,,False,False,False,False,False,52.0,0.5151515151515151
OCDD,PokerHand,48,0.85,623,0.8709677419354838,0.6018603313602708,0,72,5000,1021,0.999,"{'nu':0.5,'kernel':'rbf','gamma':'auto'}",0.28860512648322545,0.3720284667643636,0.3543013142100908,0.28860512648322545,0.09191828575160285,0.1308362238159525,-1.7606682797852482,-3.091916252778669,-0.3636769151630123,-2.2626921951286003,2.4656972749710926,0.3720284667643636,0.2784903125083865,0.09353815425597706,0.3543013142100908,0.25362569630407866,0.10067561790601215,0.28860512648322545,0.3447001175226834,0.056094991039457975,0.09191828575160285,0.31155215085627863,0.21963386510467578,0.1308362238159525,0.3977487964271802,0.2669125726112277,1035.0,0.9349005424954792,983.0,0.8878842676311031,398.0,0.3589511754068716,186.0,0.16726943942133815,258.0,0.23236889692585896,0.16726943942133815,WACC_0p7_WRT_0p3,0.5162748643761301,622,False,,,False,False,False,False,False,72.0,0.7171717171717171
OCDD,PokerHand,627,0.83,376,0.8387096774193548,0.770576339405428,0,59,3080,4221,0.416,"{'nu':0.5,'kernel':'rbf','gamma':'auto'}",0.09121091950102071,0.1981090266726766,0.17217564565207702,0.09121091950102071,0.08275635163722012,0.1489659801454281,-1.7606682797852482,-3.091916252778669,-0.3636769151630123,-2.2626921951286003,2.4656972749710926,0.1981090266726766,0.12298296174726531,0.0751260649254113,0.17217564565207702,0.17897837675714642,0.006802731105069404,0.09121091950102071,0.4386346632495569,0.3474237437485362,0.08275635163722012,0.5039383395559183,0.42118198791869815,0.1489659801454281,0.5475767354110795,0.39861075526565143,369.0,0.33273056057866185,186.0,0.16726943942133815,823.0,0.7432188065099458,836.0,0.7549728752260397,833.0,0.7522603978300181,0.16726943942133815,WACC_0p3_WRT_0p7,0.5500904159132006,623,False,,,False,False,False,False,False,59.0,0.5858585858585859
OCDD,PokerHand,728,0.77,243,0.7419354838709676,0.9162474914919164,0,14,181,1679,0.443,"{'nu':0.5,'kernel':'rbf','gamma':'auto'}",0.17457281856629558,0.05422770829647288,0.05118848525183275,0.17457281856629558,0.21465184025295347,0.23566823714598248,-1.7606682797852482,-3.091916252778669,-0.3636769151630123,-2.2626921951286003,2.4656972749710926,0.05422770829647288,0.10049201322381365,0.04626430492734077,0.05118848525183275,0.21324462884571738,0.16205614359388462,0.17457281856629558,0.49452348195109247,0.3199506633847969,0.21465184025295347,0.5275439469440135,0.31289210669106005,0.23566823714598248,0.5626376655953493,0.32696942844936683,186.0,0.16726943942133815,746.0,0.6735985533453888,1003.0,0.9059674502712477,931.0,0.840867992766727,919.0,0.8300180831826401,0.16726943942133815,WACC_0p1_WRT_0p9,0.6835443037974683,624,False,,,False,False,False,False,False,14.0,0.13131313131313133
OCDD,PokerHand,44,0.92,415,0.9838709677419356,0.7376169320693946,0,7,1963,1040,0.001,"{'nu':0.5,'kernel':'rbf','gamma':'auto'}",0.22583648406495813,0.21942735995779764,0.23809069273361472,0.22583648406495813,0.10897469964119426,0.028549485811315427,-1.7606682797852482,-3.091916252778669,-0.3636769151630123,-2.2626921951286003,2.4656972749710926,0.21942735995779764,0.1859091296374593,0.03351823032033832,0.23809069273361472,0.23265414072121643,0.005436552012398288,0.22583648406495813,0.3192032600894668,0.09336677602450869,0.10897469964119426,0.31251920030714697,0.2035445006659527,0.028549485811315427,0.367775137525657,0.33922565171434155,689.0,0.6220614828209765,888.0,0.8019891500904159,244.0,0.2197106690777577,192.0,0.17269439421338156,187.0,0.16817359855334538,0.16817359855334538,WACC_0p9_WRT_0p1,0.39692585895117544,625,False,,,False,False,False,False,False,7.0,0.06060606060606061
OCDD,PokerHand,673,0.9,544,0.9516129032258064,0.6471826883653744,0,60,4420,1807,0.761,"{'nu':0.5,'kernel':'rbf','gamma':'auto'}",0.2973645047150999,0.3171672904539871,0.32488799920873446,0.2973645047150999,0.13504706044707765,0.043640085281139246,-1.7606682797852482,-3.091916252778669,-0.3636769151630123,-2.2626921951286003,2.4656972749710926,0.3171672904539871,0.22355004036819115,0.09361725008579597,0.32488799920873446,0.2051596571650339,0.11972834204370056,0.2973645047150999,0.3083957211946738,0.011031216479573891,0.13504706044707765,0.36601753469703996,0.2309704742499623,0.043640085281139246,0.43675644914626416,0.39311636386512494,866.0,0.7820976491862568,645.0,0.5822784810126582,187.0,0.16817359855334538,310.0,0.2793851717902351,356.0,0.3209764918625678,0.16817359855334538,WACC_0p5_WRT_0p5,0.4265822784810127,626,False,,,False,False,False,False,False,60.0,0.5959595959595959
OCDD,PokerHand,90,0.81,242,0.8064516129032256,0.9176225117996988,0,11,337,2032,0.37,"{'nu':0.5,'kernel':'rbf','gamma':'auto'}",0.10857517689192595,0.046905419862757675,0.01363007253706869,0.10857517689192595,0.1481806728232857,0.16903821099658883,-1.7606682797852482,-3.091916252778669,-0.3636769151630123,-2.2626921951286003,2.4656972749710926,0.046905419862757675,0.10069075358414165,0.05378533372138397,0.01363007253706869,0.19868394048733795,0.18505386795026926,0.10857517689192595,0.44697808255178745,0.33840290565986153,0.1481806728232857,0.48338923111925736,0.3352085582959716,0.16903821099658883,0.515710800854766,0.3466725898581771,187.0,0.16817359855334538,543.0,0.49005424954792043,855.0,0.7721518987341772,737.0,0.6654611211573237,648.0,0.5849909584086799,0.16817359855334538,WACC_0p1_WRT_0p9,0.5361663652802894,627,False,,,False,False,False,False,False,11.0,0.10101010101010101
OCDD,PokerHand,803,0.63,689,0.5161290322580644,0.5681974211928251,0,86,2138,4094,0.922,"{'nu':0.5,'kernel':'rbf','gamma':'auto'}",0.1681110864417048,0.43966120660486585,0.3117136941388376,0.1681110864417048,0.3725151254687242,0.4996409868951038,-1.7606682797852482,-3.091916252778669,-0.3636769151630123,-2.2626921951286003,2.4656972749710926,0.43966120660486585,0.2430527031372785,0.19660850346758735,0.3117136941388376,0.17907716478308366,0.13263652935575393,0.1681110864417048,0.36591627877469696,0.19780519233299215,0.3725151254687242,0.5156249744822449,0.1431098490135207,0.4996409868951038,0.5896335656958462,0.08999257880074246,943.0,0.8517179023508138,187.0,0.16817359855334538,502.0,0.45298372513562385,883.0,0.7974683544303798,1009.0,0.9113924050632911,0.16817359855334538,WACC_0p3_WRT_0p7,0.6363471971066909,628,False,,,False,False,False,False,False,86.0,0.8585858585858586
OCDD,PokerHand,1043,0.9,366,0.9516129032258064,0.7795773377620845,0,32,1805,1918,0.296,"{'nu':0.5,'kernel':'rbf','gamma':'auto'}",0.15997754945631612,0.178381983931795,0.1875006621179266,0.15997754945631612,0.05571887014603511,0.03177228723210269,-1.7606682797852482,-3.091916252778669,-0.3636769151630123,-2.2626921951286003,2.4656972749710926,0.178381983931795,0.14180809923820512,0.03657388469358988,0.1875006621179266,0.17913306535195572,0.008367596765970875,0.15997754945631612,0.31109094286588357,0.15111339340956745,0.05571887014603511,0.35900071736958555,0.30328184722355045,0.03177228723210269,0.41447387839896765,0.382701591166865,492.0,0.44394213381555153,188.0,0.16907775768535263,193.0,0.1735985533453888,296.0,0.2667269439421338,297.0,0.26763110307414106,0.16907775768535263,WACC_0p3_WRT_0p7,0.2641952983725136,629,False,,,False,False,False,False,False,32.0,0.31313131313131315
OCDD,PokerHand,500,0.8,1128,0.7903225806451613,0.4033348934780761,0,94,4054,4851,0.942,"{'nu':0.5,'kernel':'rbf','gamma':'auto'}",0.4388257743617703,0.587487798940997,0.5426950971663271,0.4388257743617703,0.14058569171677882,0.23176541903111145,-1.7606682797852482,-3.091916252778669,-0.3636769151630123,-2.2626921951286003,2.4656972749710926,0.587487798940997,0.2811155609244136,0.3063722380165834,0.5426950971663271,0.20423085352069006,0.3384642436456371,0.4388257743617703,0.3091712596908123,0.129654514670958,0.14058569171677882,0.46666736442726925,0.32608167271049043,0.23176541903111145,0.56422736722553,0.33246194819441854,1039.0,0.9385171790235082,631.0,0.569620253164557,188.0,0.16907775768535263,645.0,0.5822784810126582,929.0,0.8390596745027125,0.16907775768535263,WACC_0p5_WRT_0p5,0.6197106690777577,630,False,,,False,False,False,False,False,94.0,0.9393939393939394
OCDD,PokerHand,568,0.76,255,0.7258064516129031,0.9001731899821036,0,17,171,1668,0.452,"{'nu':0.5,'kernel':'rbf','gamma':'auto'}",0.1801897555676326,0.07254813644058902,0.04683176801497107,0.1801897555676326,0.22784220499508465,0.253735822935906,-1.7606682797852482,-3.091916252778669,-0.3636769151630123,-2.2626921951286003,2.4656972749710926,0.07254813644058902,0.10090875653241933,0.02836062009183031,0.04683176801497107,0.21353467333120046,0.1667029053162294,0.1801897555676326,0.5025260343754089,0.32233627880777627,0.22784220499508465,0.5417503714221987,0.31390816642711405,0.253735822935906,0.5748203967892836,0.32108457385337763,188.0,0.16907775768535263,750.0,0.6772151898734177,1013.0,0.9150090415913201,976.0,0.8815551537070524,966.0,0.8725135623869801,0.16907775768535263,WACC_0p1_WRT_0p9,0.7030741410488246,631,False,,,False,False,False,False,False,17.0,0.16161616161616163
OCDD,PokerHand,1057,0.89,502,0.935483870967742,0.6740335447393888,0,62,3893,1611,0.833,"{'nu':0.5,'kernel':'rbf','gamma':'auto'}",0.25834301468009474,0.29049057391312716,0.2935009442389816,0.25834301468009474,0.10490156910288681,0.05785987882787455,-1.7606682797852482,-3.091916252778669,-0.3636769151630123,-2.2626921951286003,2.4656972749710926,0.29049057391312716,0.224887569102429,0.06560300481069817,0.2935009442389816,0.20220815864650216,0.09129278559247944,0.25834301468009474,0.309606665883863,0.051263651203768246,0.10490156910288681,0.35752264605010886,0.252621076947222,0.05785987882787455,0.4304028623782372,0.37254298355036264,873.0,0.7884267631103075,604.0,0.5452079566003617,189.0,0.16998191681735986,292.0,0.2631103074141049,334.0,0.3010849909584087,0.16998191681735986,WACC_0p5_WRT_0p5,0.4135623869801085,632,False,,,False,False,False,False,False,62.0,0.6161616161616161
OCDD,PokerHand,241,0.77,314,0.7419354838709676,0.8307337585124055,0,41,2197,438,0.999,"{'nu':0.5,'kernel':'rbf','gamma':'auto'}",0.1154139756150158,0.14386916810997818,0.08860783862459093,0.1154139756150158,0.1960198055430279,0.24333365049950192,-1.7606682797852482,-3.091916252778669,-0.3636769151630123,-2.2626921951286003,2.4656972749710926,0.14386916810997818,0.22091541196712428,0.07704624385714609,0.08860783862459093,0.22286187092654322,0.1342540323019523,0.1154139756150158,0.33824506541771837,0.22283108980270255,0.1960198055430279,0.32337282383480465,0.12735301829177675,0.24333365049950192,0.3682999344112095,0.12496628391170758,854.0,0.77124773960217,835.0,0.7540687160940326,354.0,0.3191681735985534,217.0,0.19529837251356238,189.0,0.16998191681735986,0.16998191681735986,WACC_0p9_WRT_0p1,0.4419529837251356,633,False,,,False,False,False,False,False,41.0,0.40404040404040403
OCDD,PokerHand,528,0.81,302,0.8064516129032256,0.8437379939883676,0,37,2895,4116,0.472,"{'nu':0.5,'kernel':'rbf','gamma':'auto'}",0.057461485167359924,0.12435632515549658,0.08920774690899737,0.057461485167359924,0.13208245266118995,0.1756611866253691,-1.7606682797852482,-3.091916252778669,-0.3636769151630123,-2.2626921951286003,2.4656972749710926,0.12435632515549658,0.13204518010275024,0.007688854947253659,0.08920774690899737,0.17913357655847265,0.08992582964947528,0.057461485167359924,0.44540227311624636,0.3879407879488864,0.13208245266118995,0.5187648237225072,0.38668237106131725,0.1756611866253691,0.5670605200611246,0.3913993334357555,436.0,0.3933092224231465,189.0,0.16998191681735986,849.0,0.7667269439421338,898.0,0.8110307414104883,937.0,0.8462929475587704,0.16998191681735986,WACC_0p3_WRT_0p7,0.5974683544303797,634,False,,,False,False,False,False,False,37.0,0.36363636363636365
OCDD,PokerHand,782,0.87,269,0.9032258064516128,0.882346022729149,0,11,2976,2477,0.228,"{'nu':0.5,'kernel':'rbf','gamma':'auto'}",0.01985924350874873,0.07506335202285756,0.07028559729385625,0.01985924350874873,0.04033836398858629,0.07244022503467082,-1.7606682797852482,-3.091916252778669,-0.3636769151630123,-2.2626921951286003,2.4656972749710926,0.07506335202285756,0.1099220801935186,0.03485872817066103,0.07028559729385625,0.1791691920964307,0.10888359480257445,0.01985924350874873,0.38217697276746027,0.36231772925871153,0.04033836398858629,0.43158942259520405,0.39125105860661774,0.07244022503467082,0.4667769345899029,0.39433670955523203,256.0,0.23056057866184448,190.0,0.17088607594936708,574.0,0.5180831826401446,507.0,0.45750452079566006,433.0,0.39059674502712477,0.17088607594936708,WACC_0p3_WRT_0p7,0.3535262206148282,635,False,,,False,False,False,False,False,11.0,0.10101010101010101
OCDD,PokerHand,391,0.91,342,0.967741935483871,0.8022214787799776,0,7,3225,1532,0.579,"{'nu':0.5,'kernel':'rbf','gamma':'auto'}",0.1476376965427854,0.1531745917443027,0.16752623139338194,0.1476376965427854,0.056207962308338875,0.01311578392283993,-1.7606682797852482,-3.091916252778669,-0.3636769151630123,-2.2626921951286003,2.4656972749710926,0.1531745917443027,0.18125493487435773,0.02808034313005503,0.16752623139338194,0.20072443093775907,0.03319819954437714,0.1476376965427854,0.3101051816385803,0.1624674850957949,0.056207962308338875,0.35537020625328714,0.2991622439449483,0.01311578392283993,0.414525291687721,0.4014095077648811,668.0,0.6030741410488246,582.0,0.5253164556962026,190.0,0.17088607594936708,284.0,0.25587703435804704,298.0,0.26853526220614826,0.17088607594936708,WACC_0p5_WRT_0p5,0.3647377938517179,636,False,,,False,False,False,False,False,7.0,0.06060606060606061
OCDD,PokerHand,434,0.85,253,0.8709677419354838,0.9027992189290462,0,10,1200,3248,0.001,"{'nu':0.5,'kernel':'rbf','gamma':'auto'}",0.03137145834533872,0.05656333319592303,0.0420138269245853,0.03137145834533872,0.07818015960473557,0.10386019450478089,-1.7606682797852482,-3.091916252778669,-0.3636769151630123,-2.2626921951286003,2.4656972749710926,0.05656333319592303,0.10104445426466649,0.04448112106874346,0.0420138269245853,0.19596435629052034,0.15395052936593503,0.03137145834533872,0.45715635475118743,0.4257848964058487,0.07818015960473557,0.4793707725951901,0.40119061299045455,0.10386019450478089,0.5095295562411114,0.4056693617363305,190.0,0.17088607594936708,505.0,0.45569620253164556,885.0,0.7992766726943942,708.0,0.6392405063291139,603.0,0.5443037974683544,0.17088607594936708,WACC_0p1_WRT_0p9,0.521880650994575,637,False,,,False,False,False,False,False,10.0,0.09090909090909091
OCDD,PokerHand,69,0.89,470,0.935483870967742,0.6960417595726236,0,57,4078,621,0.999,"{'nu':0.5,'kernel':'rbf','gamma':'auto'}",0.23550491933109594,0.2674200279692014,0.270662785417318,0.23550491933109594,0.09171469287765724,0.055887072145347626,-1.7606682797852482,-3.091916252778669,-0.3636769151630123,-2.2626921951286003,2.4656972749710926,0.2674200279692014,0.31028966088741056,0.042869632918209166,0.270662785417318,0.30432636767324717,0.03366358225592919,0.23550491933109594,0.3892837105635481,0.15377879123245217,0.09171469287765724,0.3144196313166859,0.22270493843902864,0.055887072145347626,0.3691302689814592,0.31324319683611157,1061.0,0.9584086799276673,1061.0,0.9584086799276673,608.0,0.5488245931283906,199.0,0.17902350813743217,190.0,0.17088607594936708,0.17088607594936708,WACC_0p9_WRT_0p1,0.563110307414105,638,False,,,False,False,False,False,False,57.0,0.5656565656565656
OCDD,PokerHand,1013,0.9,508,0.9516129032258064,0.6700633364682009,0,55,3671,1993,0.582,"{'nu':0.5,'kernel':'rbf','gamma':'auto'}",0.27362107859086326,0.29318219910137466,0.3011445070956967,0.27362107859086326,0.12133743989078564,0.04158907406465298,-1.7606682797852482,-3.091916252778669,-0.3636769151630123,-2.2626921951286003,2.4656972749710926,0.29318219910137466,0.18682036806154487,0.1063618310398298,0.3011445070956967,0.19743852358504613,0.10370598351065055,0.27362107859086326,0.31060213384604207,0.03698105525517881,0.12133743989078564,0.3859823246009003,0.26464488471011466,0.04158907406465298,0.44965526763211766,0.40806619356746465,694.0,0.6265822784810127,522.0,0.47106690777576854,191.0,0.1717902350813743,352.0,0.31735985533453887,383.0,0.3453887884267631,0.1717902350813743,WACC_0p5_WRT_0p5,0.3864376130198915,639,False,,,False,False,False,False,False,55.0,0.5454545454545454
OCDD,PokerHand,558,0.84,535,0.8548387096774193,0.6527579379431032,0,69,3263,698,0.999,"{'nu':0.5,'kernel':'rbf','gamma':'auto'}",0.22463013711790566,0.3201442693033848,0.29796069055813246,0.22463013711790566,0.047364469105905076,0.14290047726711538,-1.7606682797852482,-3.091916252778669,-0.3636769151630123,-2.2626921951286003,2.4656972749710926,0.3201442693033848,0.24805683453966335,0.07208743476372145,0.29796069055813246,0.2598715653698914,0.038089125188241035,0.22463013711790566,0.3329263492636374,0.10829621214573174,0.047364469105905076,0.31197191507965943,0.26460744597375435,0.14290047726711538,0.3715798909335884,0.228679413666473,965.0,0.8716094032549728,1003.0,0.9059674502712477,330.0,0.2974683544303797,191.0,0.1717902350813743,196.0,0.1763110307414105,0.1717902350813743,WACC_0p7_WRT_0p3,0.484629294755877,640,False,,,False,False,False,False,False,69.0,0.6868686868686869
OCDD,PokerHand,139,0.84,291,0.8548387096774193,0.8561191919687434,0,32,1817,4809,0.322,"{'nu':0.5,'kernel':'rbf','gamma':'auto'}",0.015815196115982033,0.10696681762166156,0.08693055236642774,0.015815196115982033,0.08470204059522639,0.12467126404156118,-1.7606682797852482,-3.091916252778669,-0.3636769151630123,-2.2626921951286003,2.4656972749710926,0.10696681762166156,0.11771102362792195,0.010744206006260387,0.08693055236642774,0.17918333905105877,0.09225278668463102,0.015815196115982033,0.4416355932705033,0.42582039715452125,0.08470204059522639,0.5039300167287538,0.4192279761335274,0.12467126404156118,0.5447456637305489,0.42007439968898774,322.0,0.29023508137432186,191.0,0.1717902350813743,836.0,0.7549728752260397,835.0,0.7540687160940326,817.0,0.7377938517179023,0.1717902350813743,WACC_0p3_WRT_0p7,0.5417721518987342,641,False,,,False,False,False,False,False,32.0,0.31313131313131315
OCDD,PokerHand,946,0.74,291,0.693548387096774,0.8561191919687434,0,35,2288,3579,0.31,"{'nu':0.5,'kernel':'rbf','gamma':'auto'}",0.18318741571122926,0.12166905820731556,0.05169419767929508,0.18318741571122926,0.2516289448939342,0.2909381888783916,-1.7606682797852482,-3.091916252778669,-0.3636769151630123,-2.2626921951286003,2.4656972749710926,0.12166905820731556,0.10121475961908084,0.02045429858823472,0.05169419767929508,0.20981164550942716,0.15811744783013207,0.18318741571122926,0.4808600462799772,0.29767263056874793,0.2516289448939342,0.5371362768564917,0.28550733196255745,0.2909381888783916,0.5520708316716239,0.26113264279323223,191.0,0.1717902350813743,709.0,0.6401446654611211,964.0,0.8707052441229657,963.0,0.8698010849909584,855.0,0.7721518987341772,0.1717902350813743,WACC_0p1_WRT_0p9,0.6649186256781194,642,False,,,False,False,False,False,False,35.0,0.3434343434343434
OCDD,PokerHand,756,0.91,419,0.967741935483871,0.7344129174337912,0,29,1665,1485,0.318,"{'nu':0.5,'kernel':'rbf','gamma':'auto'}",0.21800316694722996,0.22425625564946955,0.23789189736071614,0.21800316694722996,0.09683747779874251,0.01919411349068304,-1.7606682797852482,-3.091916252778669,-0.3636769151630123,-2.2626921951286003,2.4656972749710926,0.22425625564946955,0.16945724974538912,0.05479900590408043,0.23789189736071614,0.22057769274681432,0.017314204613901818,0.21800316694722996,0.31061718867562077,0.09261402172839081,0.09683747779874251,0.3401922848142425,0.2433548070155,0.01919411349068304,0.39489890554618723,0.37570479205550417,622.0,0.5614828209764918,808.0,0.7296564195298373,192.0,0.17269439421338156,245.0,0.2206148282097649,251.0,0.22603978300180833,0.17269439421338156,WACC_0p5_WRT_0p5,0.38209764918625677,643,False,,,False,False,False,False,False,29.0,0.2828282828282828
OCDD,PokerHand,299,0.83,229,0.8387096774193548,0.9360314636896868,0,2,802,3193,0.001,"{'nu':0.5,'kernel':'rbf','gamma':'auto'}",0.08783614114431486,0.024667424280934807,0.010336953542866236,0.08783614114431486,0.1188062995366761,0.13413465569137034,-1.7606682797852482,-3.091916252778669,-0.3636769151630123,-2.2626921951286003,2.4656972749710926,0.024667424280934807,0.1014929867348858,0.07682556245395099,0.010336953542866236,0.20024150529229406,0.18990455174942783,0.08783614114431486,0.4537253761558899,0.36588923501157505,0.1188062995366761,0.48288624221483567,0.3640799426781596,0.13413465569137034,0.5176343079969059,0.38349965230553557,192.0,0.17269439421338156,574.0,0.5180831826401446,877.0,0.7920433996383364,733.0,0.6618444846292948,659.0,0.5949367088607594,0.17269439421338156,WACC_0p1_WRT_0p9,0.5479204339963835,644,False,,,False,False,False,False,False,2.0,0.010101010101010102
OCDD,PokerHand,677,0.7,290,0.6290322580645159,0.8572677933503181,0,35,2180,3467,0.65,"{'nu':0.5,'kernel':'rbf','gamma':'auto'}",0.25093091192834116,0.1263459103541458,0.06747837486068683,0.25093091192834116,0.3186499679464655,0.3573419986912648,-1.7606682797852482,-3.091916252778669,-0.3636769151630123,-2.2626921951286003,2.4656972749710926,0.1263459103541458,0.17445906705524006,0.048113156701094256,0.06747837486068683,0.17919559311448496,0.11171721825379813,0.25093091192834116,0.41804132657515747,0.1671104146468163,0.3186499679464655,0.5056476566913054,0.1869976887448399,0.3573419986912648,0.574340687538204,0.21699868884693918,633.0,0.5714285714285714,192.0,0.17269439421338156,738.0,0.666365280289331,843.0,0.7613019891500904,962.0,0.8688969258589512,0.17269439421338156,WACC_0p3_WRT_0p7,0.6081374321880652,645,False,,,False,False,False,False,False,35.0,0.3434343434343434
OCDD,PokerHand,328,0.86,261,0.8870967741935483,0.8924164652884246,0,13,5000,4537,0.001,"{'nu':0.5,'kernel':'rbf','gamma':'auto'}",0.007451393693464995,0.06597703573955985,0.05631175637613644,0.007451393693464995,0.05922523807494288,0.08816420748360167,-1.7606682797852482,-3.091916252778669,-0.3636769151630123,-2.2626921951286003,2.4656972749710926,0.06597703573955985,0.11833601340410017,0.05235897766454033,0.05631175637613644,0.17941807404656937,0.12310631767043292,0.007451393693464995,0.4156161718252959,0.40816477813183094,0.05922523807494288,0.4811596088109147,0.4219343707359718,0.08816420748360167,0.5135531599182845,0.4253889524346829,330.0,0.2974683544303797,193.0,0.1735985533453888,723.0,0.6528028933092225,727.0,0.6564195298372514,630.0,0.5687160940325497,0.1735985533453888,WACC_0p3_WRT_0p7,0.46980108499095846,646,False,,,False,False,False,False,False,13.0,0.12121212121212122
OCDD,PokerHand,467,0.71,199,0.6451612903225805,0.9828261343677231,0,4,73,1473,0.001,"{'nu':0.5,'kernel':'rbf','gamma':'auto'}",0.321055599964625,0.0388960428445538,0.16750898962445548,0.321055599964625,0.3293143731133624,0.32946031183011515,-1.7606682797852482,-3.091916252778669,-0.3636769151630123,-2.2626921951286003,2.4656972749710926,0.0388960428445538,0.10165483368326095,0.06275879083870714,0.16750898962445548,0.29724547883630026,0.12973648921184477,0.321055599964625,0.5816787338622839,0.26062313389765884,0.3293143731133624,0.617449439291052,0.2881350661776896,0.32946031183011515,0.6263820842480339,0.29692177241791873,193.0,0.1735985533453888,1054.0,0.9520795660036167,1092.0,0.9864376130198915,1093.0,0.9873417721518988,1084.0,0.9792043399638336,0.1735985533453888,WACC_0p1_WRT_0p9,0.8157323688969258,647,False,,,False,False,False,False,False,4.0,0.030303030303030304
OCDD,PokerHand,1095,0.89,365,0.935483870967742,0.780490890782793,0,33,4248,3274,0.569,"{'nu':0.5,'kernel':'rbf','gamma':'auto'}",0.14787140042317085,0.17889455799029585,0.1830290229543637,0.14787140042317085,0.041114485226331314,0.04831708922545038,-1.7606682797852482,-3.091916252778669,-0.3636769151630123,-2.2626921951286003,2.4656972749710926,0.17889455799029585,0.18687953680666292,0.007984978816367061,0.1830290229543637,0.17945000244824696,0.003579020506116748,0.14787140042317085,0.32939591887072983,0.18152451844755899,0.041114485226331314,0.42214100610856564,0.3810265208822343,0.04831708922545038,0.49064869633991853,0.4423316071144682,695.0,0.6274864376130199,194.0,0.17450271247739602,307.0,0.2766726943942134,465.0,0.41952983725135623,521.0,0.4701627486437613,0.17450271247739602,WACC_0p3_WRT_0p7,0.39367088607594936,648,False,,,False,False,False,False,False,33.0,0.32323232323232326
OCDD,PokerHand,917,0.91,499,0.967741935483871,0.676036443878926,0,48,3445,798,0.773,"{'nu':0.5,'kernel':'rbf','gamma':'auto'}",0.27858088664356034,0.28545054720818813,0.298469785417378,0.27858088664356034,0.13181547747143324,0.03196586041907798,-1.7606682797852482,-3.091916252778669,-0.3636769151630123,-2.2626921951286003,2.4656972749710926,0.28545054720818813,0.2477074141987429,0.037743133009445234,0.298469785417378,0.24890646585546988,0.049563319561908126,0.27858088664356034,0.3204898308843721,0.04190894424081176,0.13181547747143324,0.31282605377422795,0.1810105763027947,0.03196586041907798,0.3712140702117217,0.3392482097926437,960.0,0.8670886075949367,964.0,0.8707052441229657,252.0,0.22694394213381555,195.0,0.17540687160940324,194.0,0.17450271247739602,0.17450271247739602,WACC_0p9_WRT_0p1,0.4629294755877035,649,False,,,False,False,False,False,False,48.0,0.47474747474747475
OCDD,PokerHand,619,0.8,756,0.7903225806451613,0.5371693777726201,0,89,3733,3059,0.951,"{'nu':0.5,'kernel':'rbf','gamma':'auto'}",0.2999446912542393,0.4471931570449979,0.4038136280742246,0.2999446912542393,0.08197888827577544,0.21976855481611343,-1.7606682797852482,-3.091916252778669,-0.3636769151630123,-2.2626921951286003,2.4656972749710926,0.4471931570449979,0.247798953505196,0.1993942035398019,0.4038136280742246,0.1842635433437188,0.2195500847305058,0.2999446912542393,0.31128661099376,0.0113419197395207,0.08197888827577544,0.42412806912119044,0.342149180845415,0.21976855481611343,0.5242104942854874,0.3044419394693739,963.0,0.8698010849909584,291.0,0.26220614828209765,194.0,0.17450271247739602,476.0,0.4294755877034358,698.0,0.6301989150090416,0.17450271247739602,WACC_0p5_WRT_0p5,0.4732368896925859,650,False,,,False,False,False,False,False,89.0,0.8888888888888888
OCDD,PokerHand,27,0.87,276,0.9032258064516128,0.8737761990620119,0,14,1925,4202,0.001,"{'nu':0.5,'kernel':'rbf','gamma':'auto'}",0.02875221604274215,0.08404683896817149,0.07917859454360016,0.02875221604274215,0.03847114048587361,0.07320842025298878,-1.7606682797852482,-3.091916252778669,-0.3636769151630123,-2.2626921951286003,2.4656972749710926,0.08404683896817149,0.10166801420609693,0.017621175237925446,0.07917859454360016,0.21085198286421328,0.13167338832061312,0.02875221604274215,0.4744930236730488,0.44574080763030666,0.03847114048587361,0.5322537272181496,0.49378258673227593,0.07320842025298878,0.5492041639403668,0.47599574368737796,194.0,0.17450271247739602,721.0,0.650994575045208,942.0,0.8508137432188065,945.0,0.8535262206148282,841.0,0.759493670886076,0.17450271247739602,WACC_0p1_WRT_0p9,0.6578661844484629,651,False,,,False,False,False,False,False,14.0,0.13131313131313133
OCDD,PokerHand,535,0.84,236,0.8548387096774193,0.9259933721594106,0,3,526,1783,0.001,"{'nu':0.5,'kernel':'rbf','gamma':'auto'}",0.06415451552377274,0.0337198279590295,0.014421371734558602,0.06415451552377274,0.0999264742069837,0.1184077733104514,-1.7606682797852482,-3.091916252778669,-0.3636769151630123,-2.2626921951286003,2.4656972749710926,0.0337198279590295,0.10169474111369842,0.06797491315466891,0.014421371734558602,0.19826958977221762,0.18384821803765902,0.06415451552377274,0.41541122109285067,0.35125670556907795,0.0999264742069837,0.4344318493628183,0.3345053751558346,0.1184077733104514,0.46930617701682453,0.35089840370637315,195.0,0.17540687160940324,532.0,0.48010849909584086,719.0,0.6491862567811935,521.0,0.4701627486437613,442.0,0.3987341772151899,0.17540687160940324,WACC_0p1_WRT_0p9,0.4347197106690778,652,False,,,False,False,False,False,False,3.0,0.020202020202020204
OCDD,PokerHand,572,0.79,284,0.7741935483870968,0.8642433992908762,0,30,2418,2635,0.502,"{'nu':0.5,'kernel':'rbf','gamma':'auto'}",0.10512167457636579,0.10580157710542361,0.06088179859815279,0.10512167457636579,0.16993562378134452,0.20707647609452032,-1.7606682797852482,-3.091916252778669,-0.3636769151630123,-2.2626921951286003,2.4656972749710926,0.10580157710542361,0.12967616753977587,0.023874590434352264,0.06088179859815279,0.1794574557575309,0.1185756571593781,0.10512167457636579,0.42033852313572617,0.3152168485593604,0.16993562378134452,0.476776467933906,0.30684084415256146,0.20707647609452032,0.4971298121706526,0.29005333607613226,421.0,0.379746835443038,195.0,0.17540687160940324,750.0,0.6772151898734177,691.0,0.6238698010849909,548.0,0.4945750452079566,0.17540687160940324,WACC_0p3_WRT_0p7,0.4701627486437613,653,False,,,False,False,False,False,False,30.0,0.29292929292929293
OCDD,PokerHand,465,0.82,620,0.8225806451612901,0.6034739102633746,0,80,4341,3645,0.853,"{'nu':0.5,'kernel':'rbf','gamma':'auto'}",0.25345625921262815,0.3747476729806313,0.34205597979878993,0.25345625921262815,0.06304017355665414,0.18057166076494602,-1.7606682797852482,-3.091916252778669,-0.3636769151630123,-2.2626921951286003,2.4656972749710926,0.3747476729806313,0.2479416657043457,0.12680600727628558,0.34205597979878993,0.18563660317902836,0.15641937661976157,0.25345625921262815,0.3113281658330331,0.05787190662040492,0.06304017355665414,0.44810585343000003,0.3850656798733459,0.18057166076494602,0.5272510544204237,0.34667939365547773,964.0,0.8707052441229657,322.0,0.29023508137432186,195.0,0.17540687160940324,570.0,0.5144665461121157,718.0,0.6482820976491862,0.17540687160940324,WACC_0p5_WRT_0p5,0.4998191681735985,654,False,,,False,False,False,False,False,80.0,0.797979797979798
OCDD,PokerHand,28,0.83,332,0.8387096774193548,0.8121280290825956,0,44,1466,3877,0.348,"{'nu':0.5,'kernel':'rbf','gamma':'auto'}",0.04809240861997785,0.1545516471664923,0.12905701493412355,0.04809240861997785,0.09180978080404807,0.1452413049872406,-1.7606682797852482,-3.091916252778669,-0.3636769151630123,-2.2626921951286003,2.4656972749710926,0.1545516471664923,0.12275856744264274,0.031793079723849565,0.12905701493412355,0.17948953532829676,0.0504325203941732,0.04809240861997785,0.4302124772322037,0.3821200686122258,0.09180978080404807,0.4892680347436232,0.3974582539395751,0.1452413049872406,0.5339514410357415,0.3887101360485009,368.0,0.3318264014466546,196.0,0.1763110307414105,792.0,0.7151898734177216,766.0,0.6916817359855335,750.0,0.6772151898734177,0.1763110307414105,WACC_0p3_WRT_0p7,0.5184448462929476,655,False,,,False,False,False,False,False,44.0,0.43434343434343436
OCDD,PokerHand,94,0.88,299,0.9193548387096774,0.8470695336585994,0,11,1293,2352,0.24,"{'nu':0.5,'kernel':'rbf','gamma':'auto'}",0.06762407798841709,0.11057240447578418,0.11041602100816936,0.06762407798841709,0.015959507303240736,0.05897570149116792,-1.7606682797852482,-3.091916252778669,-0.3636769151630123,-2.2626921951286003,2.4656972749710926,0.11057240447578418,0.11414824214791845,0.003575837672134277,0.11041602100816936,0.1794999006382427,0.06908387963007334,0.06762407798841709,0.3662436441338319,0.29861956614541485,0.015959507303240736,0.41242316767429177,0.396463660371051,0.05897570149116792,0.45914710746571585,0.4001714059745479,292.0,0.2631103074141049,197.0,0.17721518987341772,504.0,0.45479204339963836,431.0,0.3887884267631103,407.0,0.3670886075949367,0.17721518987341772,WACC_0p3_WRT_0p7,0.3301989150090416,656,False,,,False,False,False,False,False,11.0,0.10101010101010101
OCDD,PokerHand,543,0.86,341,0.8870967741935483,0.8031990472828119,0,48,4321,4832,0.001,"{'nu':0.5,'kernel':'rbf','gamma':'auto'}",0.09083252625489029,0.15950095654338034,0.148893620807685,0.09083252625489029,0.03978623136699337,0.09616161753130258,-1.7606682797852482,-3.091916252778669,-0.3636769151630123,-2.2626921951286003,2.4656972749710926,0.15950095654338034,0.11681839811139097,0.04268255843198937,0.148893620807685,0.17951783913501007,0.030624218327325065,0.09083252625489029,0.4194915564734346,0.3286590302185443,0.03978623136699337,0.483527259151937,0.4437410277849436,0.09616161753130258,0.5149374328443285,0.4187758153130259,314.0,0.283001808318264,198.0,0.17811934900542495,746.0,0.6735985533453888,739.0,0.6672694394213382,644.0,0.581374321880651,0.17811934900542495,WACC_0p3_WRT_0p7,0.47667269439421334,657,False,,,False,False,False,False,False,48.0,0.47474747474747475
OCDD,PokerHand,745,0.82,578,0.8225806451612901,0.626920675694661,0,75,3531,4658,0.823,"{'nu':0.5,'kernel':'rbf','gamma':'auto'}",0.22912536874273426,0.3501691379555151,0.3177250217073877,0.22912536874273426,0.06814883776917172,0.1784699030405243,-1.7606682797852482,-3.091916252778669,-0.3636769151630123,-2.2626921951286003,2.4656972749710926,0.3501691379555151,0.25396251654804447,0.0962066214074706,0.3177250217073877,0.1846349472617573,0.1330900744456304,0.22912536874273426,0.3120220105300595,0.08289664178732525,0.06814883776917172,0.45220913585565503,0.38406029808648334,0.1784699030405243,0.5422582010719608,0.3637882980314365,980.0,0.8851717902350814,300.0,0.27034358047016277,198.0,0.17811934900542495,583.0,0.5262206148282098,800.0,0.7224231464737794,0.17811934900542495,WACC_0p5_WRT_0p5,0.5164556962025316,658,False,,,False,False,False,False,False,75.0,0.7474747474747475
OCDD,PokerHand,60,0.83,310,0.8387096774193548,0.8350126279214204,0,37,3536,4706,0.001,"{'nu':0.5,'kernel':'rbf','gamma':'auto'}",0.024344882786332164,0.1305624143768278,0.10530942310028274,0.024344882786332164,0.09679595817031819,0.14318993962851986,-1.7606682797852482,-3.091916252778669,-0.3636769151630123,-2.2626921951286003,2.4656972749710926,0.1305624143768278,0.10206679642475015,0.028495617952077654,0.10530942310028274,0.19334436832885873,0.088034945228576,0.024344882786332164,0.4443014495978774,0.4199565668115452,0.09679595817031819,0.5034652984747223,0.40666934030440416,0.14318993962851986,0.5313642051797466,0.3881742655512267,198.0,0.17811934900542495,450.0,0.40596745027124775,847.0,0.7649186256781193,834.0,0.7531645569620253,737.0,0.6654611211573237,0.17811934900542495,WACC_0p1_WRT_0p9,0.5535262206148281,659,False,,,False,False,False,False,False,37.0,0.36363636363636365
OCDD,PokerHand,345,0.89,306,0.935483870967742,0.8393468887628397,0,14,831,1315,0.001,"{'nu':0.5,'kernel':'rbf','gamma':'auto'}",0.08679607450900527,0.11719759548047046,0.12195352729689714,0.08679607450900527,0.005849164237951992,0.04304126349393819,-1.7606682797852482,-3.091916252778669,-0.3636769151630123,-2.2626921951286003,2.4656972749710926,0.11719759548047046,0.15122421179928872,0.03402661631881826,0.12195352729689714,0.2111851349700659,0.08923160767316878,0.08679607450900527,0.31218264726523104,0.22538657275622576,0.005849164237951992,0.34922558430561074,0.3433764200676587,0.04304126349393819,0.39290173898769953,0.3498604754937613,542.0,0.4891500904159132,725.0,0.6546112115732369,199.0,0.17902350813743217,266.0,0.23960216998191683,241.0,0.21699819168173598,0.17902350813743217,WACC_0p5_WRT_0p5,0.355877034358047,660,False,,,False,False,False,False,False,14.0,0.13131313131313133
OCDD,PokerHand,266,0.89,304,0.935483870967742,0.8415352427908573,0,13,1719,2855,0.296,"{'nu':0.5,'kernel':'rbf','gamma':'auto'}",0.0845252025492423,0.11490361014238133,0.11968264902582436,0.0845252025492423,0.004537946861935049,0.04284510040288691,-1.7606682797852482,-3.091916252778669,-0.3636769151630123,-2.2626921951286003,2.4656972749710926,0.11490361014238133,0.12675459424702695,0.01185098410464562,0.11968264902582436,0.1795595496274946,0.05987690060167024,0.0845252025492423,0.3889202150555652,0.3043950125063229,0.004537946861935049,0.44145637868609316,0.4369184318241581,0.04284510040288691,0.49076488095218423,0.4479197805492973,398.0,0.3589511754068716,199.0,0.17902350813743217,602.0,0.5433996383363472,544.0,0.4909584086799277,522.0,0.47106690777576854,0.17902350813743217,WACC_0p3_WRT_0p7,0.40867992766726946,661,False,,,False,False,False,False,False,13.0,0.12121212121212122
OCDD,PokerHand,353,0.86,259,0.8870967741935483,0.8949821251560734,0,11,1570,3765,0.001,"{'nu':0.5,'kernel':'rbf','gamma':'auto'}",0.009226330465468731,0.0632875321018684,0.05364934381865589,0.009226330465468731,0.05978425312483375,0.08793422286329775,-1.7606682797852482,-3.091916252778669,-0.3636769151630123,-2.2626921951286003,2.4656972749710926,0.0632875321018684,0.10245107672210117,0.039163544620232776,0.05364934381865589,0.2078670148498133,0.1542176710311574,0.009226330465468731,0.4612451003491507,0.452018769883682,0.05978425312483375,0.5030891509092996,0.44330489778446586,0.08793422286329775,0.5361812807412436,0.44824705787794583,199.0,0.17902350813743217,687.0,0.620253164556962,903.0,0.8155515370705244,831.0,0.7504520795660036,760.0,0.6862567811934901,0.17902350813743217,WACC_0p1_WRT_0p9,0.6103074141048824,662,False,,,False,False,False,False,False,11.0,0.10101010101010101
OCDD,PokerHand,635,0.82,375,0.8225806451612901,0.7714656280407582,0,59,3386,4836,0.567,"{'nu':0.5,'kernel':'rbf','gamma':'auto'}",0.07912994980891007,0.19864703635246309,0.16772918589952848,0.07912994980891007,0.09964280342147581,0.16551295718759232,-1.7606682797852482,-3.091916252778669,-0.3636769151630123,-2.2626921951286003,2.4656972749710926,0.19864703635246309,0.18243305771480745,0.01621397863765564,0.16772918589952848,0.17960323838992737,0.011874052490398884,0.07912994980891007,0.39461000125763934,0.31548005144872926,0.09964280342147581,0.49352667871598593,0.39388387529451013,0.16551295718759232,0.5613150097205637,0.3958020525329714,672.0,0.6066907775768535,200.0,0.17992766726943943,636.0,0.5741410488245932,787.0,0.7106690777576854,911.0,0.8227848101265823,0.17992766726943943,WACC_0p3_WRT_0p7,0.5788426763110308,663,False,,,False,False,False,False,False,59.0,0.5858585858585859
OCDD,PokerHand,56,0.31,239,0.0,0.9217817823596586,0,17,1,4307,0.292,"{'nu':0.5,'kernel':'rbf','gamma':'auto'}",0.9483136797629693,0.18351867831997926,0.501764576295104,0.9483136797629693,0.9837214309029376,1.0,-1.7606682797852482,-3.091916252778669,-0.3636769151630123,-2.2626921951286003,2.4656972749710926,0.18351867831997926,0.102744574669265,0.08077410365071426,0.501764576295104,0.28055396812027766,0.2212106081748263,0.9483136797629693,0.596939654661078,0.3513740251018913,0.9837214309029376,0.6526380419681662,0.3310833889347714,1.0,0.6740774780429358,0.32592252195706417,200.0,0.17992766726943943,1037.0,0.9367088607594937,1097.0,0.9909584086799277,1102.0,0.9954792043399638,1104.0,0.9972875226039783,0.17992766726943943,WACC_0p1_WRT_0p9,0.8200723327305607,664,False,,,False,False,False,False,False,17.0,0.16161616161616163
OCDD,PokerHand,1036,0.89,332,0.935483870967742,0.8121280290825956,0,23,4320,2551,0.258,"{'nu':0.5,'kernel':'rbf','gamma':'auto'}",0.11504129645811623,0.14573030281509994,0.15019882774640317,0.11504129645811623,0.022158153236607327,0.04548115008514228,-1.7606682797852482,-3.091916252778669,-0.3636769151630123,-2.2626921951286003,2.4656972749710926,0.14573030281509994,0.1393332240955248,0.00639707871957515,0.15019882774640317,0.18372083015463284,0.03352200240822967,0.11504129645811623,0.312227167756635,0.19718587129851878,0.022158153236607327,0.3666299799803642,0.34447182674375687,0.04548115008514228,0.42823783706319885,0.38275668697805654,474.0,0.42766726943942135,279.0,0.2513562386980108,201.0,0.18083182640144665,312.0,0.28119349005424954,331.0,0.298372513562387,0.18083182640144665,WACC_0p5_WRT_0p5,0.2878842676311031,665,False,,,False,False,False,False,False,23.0,0.2222222222222222
OCDD,PokerHand,789,0.86,392,0.8870967741935483,0.7566598645793008,0,57,4811,4411,0.447,"{'nu':0.5,'kernel':'rbf','gamma':'auto'}",0.13912659735974967,0.208286574136168,0.1971878261336055,0.13912659735974967,0.029646109572624407,0.10033336936726621,-1.7606682797852482,-3.091916252778669,-0.3636769151630123,-2.2626921951286003,2.4656972749710926,0.208286574136168,0.14827393114647017,0.06001264298969783,0.1971878261336055,0.17964140480864507,0.017546421324960426,0.13912659735974967,0.39159934191120543,0.25247274455145574,0.029646109572624407,0.4730516355929451,0.4434055260203207,0.10033336936726621,0.5298026335626402,0.429469264195374,531.0,0.47920433996383366,201.0,0.18083182640144665,622.0,0.5614828209764918,673.0,0.6075949367088608,729.0,0.6582278481012658,0.18083182640144665,WACC_0p3_WRT_0p7,0.49746835443037973,666,False,,,False,False,False,False,False,57.0,0.5656565656565656
OCDD,PokerHand,322,0.86,288,0.8870967741935483,0.8595768850843719,0,29,1879,4451,0.215,"{'nu':0.5,'kernel':'rbf','gamma':'auto'}",0.03232880639215711,0.10040177439363429,0.09038973834877434,0.03232880639215711,0.05207003414567577,0.09110793298650346,-1.7606682797852482,-3.091916252778669,-0.3636769151630123,-2.2626921951286003,2.4656972749710926,0.10040177439363429,0.10279281300312036,0.002391038609486071,0.09038973834877434,0.20883439080429933,0.11844465245552499,0.03232880639215711,0.4907822782018599,0.45845347180970275,0.05207003414567577,0.5362017503289018,0.48413171618322604,0.09110793298650346,0.555168872570568,0.4640609395840646,201.0,0.18083182640144665,699.0,0.6311030741410488,988.0,0.8924050632911392,959.0,0.8661844484629295,875.0,0.7902350813743219,0.18083182640144665,WACC_0p1_WRT_0p9,0.6721518987341772,667,False,,,False,False,False,False,False,29.0,0.2828282828282828
OCDD,PokerHand,721,0.91,463,0.967741935483871,0.701055155530399,0,43,1107,957,0.657,"{'nu':0.5,'kernel':'rbf','gamma':'auto'}",0.2526187753803333,0.2592241885059135,0.27250760199908003,0.2526187753803333,0.11682477257498385,0.024116528400141238,-1.7606682797852482,-3.091916252778669,-0.3636769151630123,-2.2626921951286003,2.4656972749710926,0.2592241885059135,0.20498506817334822,0.05423912033256528,0.27250760199908003,0.22893735274074856,0.04357024925833147,0.2526187753803333,0.32869711241490107,0.07607833703456779,0.11682477257498385,0.32153625622832477,0.2047114836533409,0.024116528400141238,0.37475314167334467,0.35063661327320345,786.0,0.7097649186256781,865.0,0.7811934900542495,304.0,0.2739602169981917,212.0,0.19077757685352623,202.0,0.18173598553345388,0.18173598553345388,WACC_0p9_WRT_0p1,0.4274864376130199,668,False,,,False,False,False,False,False,43.0,0.42424242424242425
OCDD,PokerHand,477,0.8,289,0.7903225806451613,0.8584203486170777,0,33,936,3793,0.281,"{'nu':0.5,'kernel':'rbf','gamma':'auto'}",0.08435603603033646,0.11043548094281129,0.0704480757405551,0.08435603603033646,0.15197418646729946,0.19097175930804894,-1.7606682797852482,-3.091916252778669,-0.3636769151630123,-2.2626921951286003,2.4656972749710926,0.11043548094281129,0.10303370906882682,0.0074017718739844696,0.0704480757405551,0.19445916497506646,0.12401108923451136,0.08435603603033646,0.458620032649127,0.3742639966187905,0.15197418646729946,0.5074286774094138,0.35545449094211434,0.19097175930804894,0.5418070126415186,0.3508352533334697,202.0,0.18173598553345388,470.0,0.4240506329113924,892.0,0.8056057866184448,851.0,0.7685352622061483,796.0,0.7188065099457505,0.18173598553345388,WACC_0p1_WRT_0p9,0.579746835443038,669,False,,,False,False,False,False,False,33.0,0.32323232323232326
OCDD,PokerHand,843,0.85,387,0.8709677419354838,0.760946952271704,0,59,1647,4045,0.664,"{'nu':0.5,'kernel':'rbf','gamma':'auto'}",0.12351970521412935,0.20526277383507166,0.18921543412814443,0.12351970521412935,0.04727288583767311,0.11657576919876284,-1.7606682797852482,-3.091916252778669,-0.3636769151630123,-2.2626921951286003,2.4656972749710926,0.20526277383507166,0.19510081077772257,0.010161963057349094,0.18921543412814443,0.17975480271997207,0.009460631408172354,0.12351970521412935,0.4123708984254945,0.28885119321136515,0.04727288583767311,0.5153885273762548,0.46811564153858176,0.11657576919876284,0.5720317429659896,0.45545597376722674,735.0,0.6636528028933092,202.0,0.18173598553345388,706.0,0.6374321880650995,880.0,0.794755877034358,953.0,0.8607594936708861,0.18173598553345388,WACC_0p3_WRT_0p7,0.6276672694394214,670,False,,,False,False,False,False,False,59.0,0.5858585858585859
OCDD,PokerHand,522,0.88,478,0.9193548387096774,0.6904026035452722,0,60,5000,3617,0.693,"{'nu':0.5,'kernel':'rbf','gamma':'auto'}",0.23019856733591154,0.27480160872797105,0.27299096219001867,0.23019856733591154,0.08103655839723102,0.07301925609114478,-1.7606682797852482,-3.091916252778669,-0.3636769151630123,-2.2626921951286003,2.4656972749710926,0.27480160872797105,0.22151928772380705,0.053282321004163996,0.27299096219001867,0.17980045677552306,0.09319050541449561,0.23019856733591154,0.3150804431544186,0.08488187581850704,0.08103655839723102,0.43187251340711846,0.35083595500988746,0.07301925609114478,0.5253573940862071,0.4523381379950623,856.0,0.7730560578661845,203.0,0.18264014466546113,222.0,0.19981916817359854,508.0,0.45840867992766726,705.0,0.6365280289330922,0.18264014466546113,WACC_0p3_WRT_0p7,0.45009041591320076,671,False,,,False,False,False,False,False,60.0,0.5959595959595959
OCDD,PokerHand,17,0.7,992,0.6290322580645159,0.4463109624104922,0,97,783,3715,0.999,"{'nu':0.5,'kernel':'rbf','gamma':'auto'}",0.28264769434201936,0.557139526329307,0.46286201824479073,0.28264769434201936,0.22910923955624934,0.39417998798078585,-1.7606682797852482,-3.091916252778669,-0.3636769151630123,-2.2626921951286003,2.4656972749710926,0.557139526329307,0.2579915839297281,0.29914794239957887,0.46286201824479073,0.1856263095822652,0.27723570866252556,0.28264769434201936,0.3122899824967567,0.02964228815473735,0.22910923955624934,0.46601858218357267,0.23690934262732333,0.39417998798078585,0.5615755435856304,0.1673955556048446,988.0,0.8924050632911392,321.0,0.28933092224231466,203.0,0.18264014466546113,641.0,0.5786618444846293,913.0,0.8245931283905967,0.18264014466546113,WACC_0p5_WRT_0p5,0.5535262206148281,672,False,,,False,False,False,False,False,97.0,0.9696969696969697
OCDD,PokerHand,66,0.85,266,0.8709677419354838,0.8860870334291328,0,16,1849,4063,0.001,"{'nu':0.5,'kernel':'rbf','gamma':'auto'}",0.019809881942178732,0.07408221177470391,0.059356239727997126,0.019809881942178732,0.07453884949624444,0.10535826745089148,-1.7606682797852482,-3.091916252778669,-0.3636769151630123,-2.2626921951286003,2.4656972749710926,0.07408221177470391,0.10310198594106224,0.029019774166358328,0.059356239727997126,0.194550174286611,0.1351939345586139,0.019809881942178732,0.4558278037769462,0.43601792183476745,0.07453884949624444,0.5156859912124511,0.4411471417162066,0.10535826745089148,0.5453292188594374,0.4399709514085459,203.0,0.18264014466546113,473.0,0.4267631103074141,883.0,0.7974683544303798,885.0,0.7992766726943942,822.0,0.7423146473779385,0.18264014466546113,WACC_0p1_WRT_0p9,0.5896925858951174,673,False,,,False,False,False,False,False,16.0,0.15151515151515152
OCDD,PokerHand,1011,0.92,751,0.9838709677419356,0.5393881862530202,0,57,1653,502,0.831,"{'nu':0.5,'kernel':'rbf','gamma':'auto'}",0.43153999214914374,0.4272245585228241,0.4437947725182698,0.43153999214914374,0.2277493460707432,0.09074146688874764,-1.7606682797852482,-3.091916252778669,-0.3636769151630123,-2.2626921951286003,2.4656972749710926,0.4272245585228241,0.30264437709573583,0.12458018142708827,0.4437947725182698,0.3207751890853173,0.1230195834329525,0.43153999214914374,0.43137901704153137,0.0001609751076123711,0.2277493460707432,0.33481954968085836,0.10707020361011516,0.09074146688874764,0.37477162849906664,0.284030161610319,1056.0,0.953887884267631,1077.0,0.972875226039783,799.0,0.7215189873417721,231.0,0.20795660036166366,203.0,0.18264014466546113,0.18264014466546113,WACC_0p9_WRT_0p1,0.6077757685352622,674,False,,,False,False,False,False,False,57.0,0.5656565656565656
OCDD,PokerHand,170,0.91,456,0.967741935483871,0.7061447623744966,0,41,1760,1266,0.292,"{'nu':0.5,'kernel':'rbf','gamma':'auto'}",0.24733725085527775,0.2538889075927175,0.26722606279537336,0.24733725085527775,0.11377518331948257,0.022519722996181782,-1.7606682797852482,-3.091916252778669,-0.3636769151630123,-2.2626921951286003,2.4656972749710926,0.2538889075927175,0.18520905230890836,0.06867985528380913,0.26722606279537336,0.211206103862814,0.05601995893255937,0.24733725085527775,0.313150238536934,0.06581298768165628,0.11377518331948257,0.3247304949469422,0.21095531162745967,0.022519722996181782,0.37525599220066497,0.3527362692044832,685.0,0.6184448462929476,726.0,0.6555153707052441,210.0,0.18896925858951175,220.0,0.1980108499095841,204.0,0.18354430379746836,0.18354430379746836,WACC_0p9_WRT_0p1,0.3688969258589512,675,False,,,False,False,False,False,False,41.0,0.40404040404040403
OCDD,PokerHand,1037,0.9,519,0.9516129032258064,0.6629046833683354,0,57,3004,848,0.748,"{'nu':0.5,'kernel':'rbf','gamma':'auto'}",0.281049668474412,0.30068639862362184,0.3085731176251176,0.281049668474412,0.12562675972352044,0.0422307725749738,-1.7606682797852482,-3.091916252778669,-0.3636769151630123,-2.2626921951286003,2.4656972749710926,0.30068639862362184,0.2189306806376239,0.08175571798599796,0.3085731176251176,0.21982001213694494,0.08875310548817264,0.281049668474412,0.31932336530376326,0.03827369682935128,0.12562675972352044,0.3179857426228908,0.19235898289937037,0.0422307725749738,0.38147444341957254,0.3392436708445987,848.0,0.7658227848101266,802.0,0.7242314647377939,246.0,0.22151898734177214,204.0,0.18354430379746836,220.0,0.1980108499095841,0.18354430379746836,WACC_0p7_WRT_0p3,0.41862567811934903,676,False,,,False,False,False,False,False,57.0,0.5656565656565656
OCDD,PokerHand,1068,0.85,328,0.8709677419354838,0.8161742049026288,0,43,4112,4305,0.481,"{'nu':0.5,'kernel':'rbf','gamma':'auto'}",0.06620995651322016,0.14736971531882684,0.1319055261493963,0.06620995651322016,0.059305995048327835,0.11162522260180022,-1.7606682797852482,-3.091916252778669,-0.3636769151630123,-2.2626921951286003,2.4656972749710926,0.14736971531882684,0.15973724264969616,0.012367527330869321,0.1319055261493963,0.17982648630453668,0.047920960155140385,0.06620995651322016,0.37570200411593285,0.3094920476027127,0.059305995048327835,0.4660780031693751,0.40677200812104725,0.11162522260180022,0.5275854072908066,0.4159601846890064,586.0,0.5289330922242315,204.0,0.18354430379746836,549.0,0.49547920433996384,642.0,0.5795660036166366,720.0,0.6500904159132007,0.18354430379746836,WACC_0p3_WRT_0p7,0.4875226039783002,677,False,,,False,False,False,False,False,43.0,0.42424242424242425
OCDD,PokerHand,410,0.79,273,0.7741935483870968,0.8774221549555011,0,24,3011,4239,0.282,"{'nu':0.5,'kernel':'rbf','gamma':'auto'}",0.11423880593635022,0.09198668615000789,0.04720606355007005,0.11423880593635022,0.1728070576951903,0.20589513824228792,-1.7606682797852482,-3.091916252778669,-0.3636769151630123,-2.2626921951286003,2.4656972749710926,0.09198668615000789,0.10311294174437809,0.011126255594370194,0.04720606355007005,0.19997041629818998,0.15276435274811995,0.11423880593635022,0.4763456048578514,0.36210679892150116,0.1728070576951903,0.5260806001004835,0.3532735424052932,0.20589513824228792,0.5495994044046875,0.3437042661623996,204.0,0.18354430379746836,569.0,0.5135623869801085,948.0,0.85623869801085,924.0,0.8345388788426763,844.0,0.7622061482820977,0.18354430379746836,WACC_0p1_WRT_0p9,0.6300180831826402,678,False,,,False,False,False,False,False,24.0,0.23232323232323232
OCDD,PokerHand,249,0.86,241,0.8870967741935483,0.9190032023103544,0,4,2143,567,0.436,"{'nu':0.5,'kernel':'rbf','gamma':'auto'}",0.02584423593371867,0.03810696346830738,0.028722416338446837,0.02584423593371867,0.0650180504076117,0.08578098408902432,-1.7606682797852482,-3.091916252778669,-0.3636769151630123,-2.2626921951286003,2.4656972749710926,0.03810696346830738,0.17580950450138066,0.13770254103307328,0.028722416338446837,0.20250140310815015,0.17377898676970333,0.02584423593371867,0.3418856731290738,0.31604143719535516,0.0650180504076117,0.33997702022849724,0.2749589698208855,0.08578098408902432,0.3759800370987453,0.29019905300972093,639.0,0.5768535262206148,608.0,0.5488245931283906,374.0,0.337251356238698,243.0,0.21880650994575046,205.0,0.1844484629294756,0.1844484629294756,WACC_0p9_WRT_0p1,0.37323688969258595,679,False,,,False,False,False,False,False,4.0,0.030303030303030304
OCDD,PokerHand,967,0.83,272,0.8387096774193548,0.8786463500098796,0,22,387,1634,0.594,"{'nu':0.5,'kernel':'rbf','gamma':'auto'}",0.04813682257125647,0.08482250326753918,0.06003024518478359,0.04813682257125647,0.1063030279256546,0.13927863200216742,-1.7606682797852482,-3.091916252778669,-0.3636769151630123,-2.2626921951286003,2.4656972749710926,0.08482250326753918,0.14533010577869554,0.06050760251115636,0.06003024518478359,0.1798766721083636,0.11984642692358002,0.04813682257125647,0.40674901350405174,0.3586121909327953,0.1063030279256546,0.46813583356155564,0.36183280563590103,0.13927863200216742,0.5160807838913938,0.3768021518892264,514.0,0.4638336347197107,205.0,0.1844484629294756,684.0,0.6175406871609403,652.0,0.5886075949367089,651.0,0.5877034358047016,0.1844484629294756,WACC_0p3_WRT_0p7,0.4884267631103074,680,False,,,False,False,False,False,False,22.0,0.21212121212121213
OCDD,PokerHand,87,0.8,256,0.7903225806451613,0.8988678589939789,0,16,2953,4819,0.127,"{'nu':0.5,'kernel':'rbf','gamma':'auto'}",0.11233783299773913,0.06803557919982385,0.028475263637067177,0.11233783299773913,0.16078703314133094,0.18734606229592107,-1.7606682797852482,-3.091916252778669,-0.3636769151630123,-2.2626921951286003,2.4656972749710926,0.06803557919982385,0.1032189607347562,0.03518338153493235,0.028475263637067177,0.1957518990873729,0.16727663545030572,0.11233783299773913,0.461865043915705,0.34952721091796585,0.16078703314133094,0.5204417365110994,0.35965470336976846,0.18734606229592107,0.5429773927236087,0.3556313304276876,205.0,0.1844484629294756,498.0,0.44936708860759494,906.0,0.8182640144665461,904.0,0.8164556962025317,806.0,0.7278481012658228,0.1844484629294756,WACC_0p1_WRT_0p9,0.5992766726943942,681,False,,,False,False,False,False,False,16.0,0.15151515151515152
OCDD,PokerHand,125,0.86,416,0.8870967741935483,0.7368130493918189,0,61,4779,3822,0.699,"{'nu':0.5,'kernel':'rbf','gamma':'auto'}",0.15972179152066776,0.22909139020566402,0.2177830775336163,0.15972179152066776,0.025321815256724972,0.10211242913769404,-1.7606682797852482,-3.091916252778669,-0.3636769151630123,-2.2626921951286003,2.4656972749710926,0.22909139020566402,0.2185971478421997,0.010494242363464329,0.2177830775336163,0.17991286535032758,0.03787021218328873,0.15972179152066776,0.3531231535375003,0.19340136201683253,0.025321815256724972,0.46821299858501625,0.44289118332829125,0.10211242913769404,0.5452114040849507,0.4430989749472567,846.0,0.7640144665461122,206.0,0.1853526220614828,439.0,0.3960216998191682,653.0,0.5895117540687161,820.0,0.740506329113924,0.1853526220614828,WACC_0p3_WRT_0p7,0.5350813743218807,682,False,,,False,False,False,False,False,61.0,0.6060606060606061
OCDD,PokerHand,319,0.81,253,0.8064516129032256,0.9027992189290462,0,15,1113,5000,0.217,"{'nu':0.5,'kernel':'rbf','gamma':'auto'}",0.09832034618343763,0.06244422943018464,0.027919285049732234,0.09832034618343763,0.14495092132421875,0.1703669644395131,-1.7606682797852482,-3.091916252778669,-0.3636769151630123,-2.2626921951286003,2.4656972749710926,0.06244422943018464,0.1034945541661463,0.04105032473596165,0.027919285049732234,0.1869850997105705,0.15906581466083827,0.09832034618343763,0.4530640790675063,0.3547437328840687,0.14495092132421875,0.5015909300755382,0.3566400087513195,0.1703669644395131,0.5424670328251732,0.37210006838566007,206.0,0.1853526220614828,342.0,0.30831826401446655,875.0,0.7902350813743219,826.0,0.7459312839059674,801.0,0.7233273056057866,0.1853526220614828,WACC_0p1_WRT_0p9,0.5506329113924051,683,False,,,False,False,False,False,False,15.0,0.1414141414141414
OCDD,PokerHand,441,0.87,272,0.9032258064516128,0.8786463500098796,0,12,1075,2380,0.001,"{'nu':0.5,'kernel':'rbf','gamma':'auto'}",0.023698422604509377,0.07894160703327761,0.07412478705963664,0.023698422604509377,0.03953226620617153,0.0727718620674353,-1.7606682797852482,-3.091916252778669,-0.3636769151630123,-2.2626921951286003,2.4656972749710926,0.07894160703327761,0.10363439569075168,0.02469278865747407,0.07412478705963664,0.18355993020553085,0.10943514314589421,0.023698422604509377,0.39951593150254194,0.37581750889803256,0.03953226620617153,0.42193859635926656,0.38240633015309505,0.0727718620674353,0.46891600395893507,0.39614414189149977,207.0,0.18625678119349007,272.0,0.24502712477396021,660.0,0.5958408679927667,463.0,0.4177215189873418,439.0,0.3960216998191682,0.18625678119349007,WACC_0p1_WRT_0p9,0.36817359855334536,684,False,,,False,False,False,False,False,12.0,0.1111111111111111
OCDD,PokerHand,505,0.88,545,0.9193548387096774,0.6465689082221415,0,64,2633,769,0.827,"{'nu':0.5,'kernel':'rbf','gamma':'auto'}",0.2756851331875354,0.3207511457307272,0.3184776544599585,0.2756851331875354,0.10730082013315609,0.07694848923016041,-1.7606682797852482,-3.091916252778669,-0.3636769151630123,-2.2626921951286003,2.4656972749710926,0.3207511457307272,0.19562070048251212,0.1251304452482151,0.3184776544599585,0.21459841400454233,0.10387924045541619,0.2756851331875354,0.3124975615047898,0.0368124283172544,0.10730082013315609,0.33954149367631337,0.23224067354315728,0.07694848923016041,0.3936163391522713,0.3166678499221109,740.0,0.6681735985533453,758.0,0.6844484629294756,207.0,0.18625678119349007,242.0,0.2179023508137432,243.0,0.21880650994575046,0.18625678119349007,WACC_0p5_WRT_0p5,0.39511754068716093,685,False,,,False,False,False,False,False,64.0,0.6363636363636364
OCDD,PokerHand,1012,0.85,353,0.8709677419354838,0.7916524901530937,0,51,4983,4063,0.409,"{'nu':0.5,'kernel':'rbf','gamma':'auto'}",0.09165633023386964,0.1730750872010878,0.15735197059175554,0.09165633023386964,0.05396311707491854,0.11382333830956987,-1.7606682797852482,-3.091916252778669,-0.3636769151630123,-2.2626921951286003,2.4656972749710926,0.1730750872010878,0.15235656710171092,0.020718520099376886,0.15735197059175554,0.18000465230099444,0.022652681709238898,0.09165633023386964,0.3718191064576184,0.28016277622374874,0.05396311707491854,0.4528001236995211,0.3988370066246026,0.11382333830956987,0.5149916547682583,0.4011683164586884,551.0,0.4972875226039783,207.0,0.18625678119349007,535.0,0.48282097649186256,586.0,0.5289330922242315,645.0,0.5822784810126582,0.18625678119349007,WACC_0p3_WRT_0p7,0.4555153707052441,686,False,,,False,False,False,False,False,51.0,0.5050505050505051
OCDD,PokerHand,979,0.93,512,1.0,0.667442446573688,0,16,1758,773,0.655,"{'nu':0.5,'kernel':'rbf','gamma':'auto'}",0.30981524029548063,0.2915189265300308,0.314435138846147,0.30981524029548063,0.16507883139236507,0.06646971350410216,-1.7606682797852482,-3.091916252778669,-0.3636769151630123,-2.2626921951286003,2.4656972749710926,0.2915189265300308,0.22701978525030692,0.06449914127972389,0.314435138846147,0.2291954368909044,0.08523970195524258,0.30981524029548063,0.3507487803624118,0.04093354006693117,0.16507883139236507,0.3184684386378355,0.15338960724547046,0.06646971350410216,0.37844362602015424,0.3119739125160521,880.0,0.794755877034358,867.0,0.783001808318264,422.0,0.3806509945750452,207.0,0.18625678119349007,209.0,0.18806509945750452,0.18625678119349007,WACC_0p7_WRT_0p3,0.46654611211573227,687,False,,,False,False,False,False,False,16.0,0.15151515151515152
OCDD,PokerHand,492,0.9,519,0.9516129032258064,0.6629046833683354,0,57,3116,1531,0.517,"{'nu':0.5,'kernel':'rbf','gamma':'auto'}",0.281049668474412,0.30068639862362184,0.3085731176251176,0.281049668474412,0.12562675972352044,0.0422307725749738,-1.7606682797852482,-3.091916252778669,-0.3636769151630123,-2.2626921951286003,2.4656972749710926,0.30068639862362184,0.1713436973018094,0.12934270132181244,0.3085731176251176,0.2014912178313534,0.10708189979376417,0.281049668474412,0.312723903899198,0.031674235424786035,0.12562675972352044,0.352929412769914,0.22730265304639358,0.0422307725749738,0.40616284685665344,0.3639320742816796,626.0,0.5650994575045208,591.0,0.5334538878842676,208.0,0.1871609403254973,276.0,0.24864376130198915,278.0,0.2504520795660036,0.1871609403254973,WACC_0p5_WRT_0p5,0.3569620253164557,688,False,,,False,False,False,False,False,57.0,0.5656565656565656
OCDD,PokerHand,234,0.87,263,0.9032258064516128,0.8898703163309742,0,9,1209,2696,0.001,"{'nu':0.5,'kernel':'rbf','gamma':'auto'}",0.012051225638401093,0.06717586262165644,0.06247755772311313,0.012051225638401093,0.041977783701329624,0.0717657506708274,-1.7606682797852482,-3.091916252778669,-0.3636769151630123,-2.2626921951286003,2.4656972749710926,0.06717586262165644,0.10911299756755935,0.04193713494590291,0.06247755772311313,0.18000883328718217,0.11753127556406905,0.012051225638401093,0.394858146790361,0.3828069211519599,0.041977783701329624,0.4205031610256924,0.37852537732436276,0.0717657506708274,0.46749257666123195,0.39572682599040454,249.0,0.22423146473779385,208.0,0.1871609403254973,639.0,0.5768535262206148,459.0,0.4141048824593128,436.0,0.3933092224231465,0.1871609403254973,WACC_0p3_WRT_0p7,0.35913200723327304,689,False,,,False,False,False,False,False,9.0,0.08080808080808081
OCDD,PokerHand,399,0.87,263,0.9032258064516128,0.8898703163309742,0,9,1122,2991,0.199,"{'nu':0.5,'kernel':'rbf','gamma':'auto'}",0.012051225638401093,0.06717586262165644,0.06247755772311313,0.012051225638401093,0.041977783701329624,0.0717657506708274,-1.7606682797852482,-3.091916252778669,-0.3636769151630123,-2.2626921951286003,2.4656972749710926,0.06717586262165644,0.1036379073397186,0.036462044718062164,0.06247755772311313,0.18904414374763318,0.12656658602452003,0.012051225638401093,0.41902315053527744,0.40697192489687634,0.041977783701329624,0.45501810644642754,0.41304032274509794,0.0717657506708274,0.49501462720901657,0.42324887653818916,208.0,0.1871609403254973,380.0,0.3426763110307414,744.0,0.6717902350813744,596.0,0.5379746835443038,542.0,0.4891500904159132,0.1871609403254973,WACC_0p1_WRT_0p9,0.445750452079566,690,False,,,False,False,False,False,False,9.0,0.08080808080808081
OCDD,PokerHand,553,0.87,261,0.9032258064516128,0.8924164652884246,0,7,2711,1743,0.001,"{'nu':0.5,'kernel':'rbf','gamma':'auto'}",0.009409067103343872,0.06450681168099445,0.059835391844849706,0.009409067103343872,0.04253254764507212,0.07153751499991864,-1.7606682797852482,-3.091916252778669,-0.3636769151630123,-2.2626921951286003,2.4656972749710926,0.06450681168099445,0.11044493804320148,0.045938126362207024,0.059835391844849706,0.1800232174814804,0.12018782563663069,0.009409067103343872,0.34197147680541756,0.3325624097020737,0.04253254764507212,0.3918241154478293,0.34929156780275716,0.07153751499991864,0.42489043324159353,0.3533529182416749,258.0,0.23236889692585896,209.0,0.18806509945750452,375.0,0.33815551537070526,376.0,0.33905967450271246,322.0,0.29023508137432186,0.18806509945750452,WACC_0p3_WRT_0p7,0.27757685352622063,691,False,,,False,False,False,False,False,7.0,0.06060606060606061
OCDD,PokerHand,338,0.89,323,0.935483870967742,0.8213016707210846,0,19,5000,2703,0.001,"{'nu':0.5,'kernel':'rbf','gamma':'auto'}",0.1055217373287235,0.13611385175364124,0.14067924215982225,0.1055217373287235,0.016661493115010997,0.044658828889868,-1.7606682797852482,-3.091916252778669,-0.3636769151630123,-2.2626921951286003,2.4656972749710926,0.13611385175364124,0.1418894482355868,0.005775596481945561,0.14067924215982225,0.194907039142099,0.054227796982276755,0.1055217373287235,0.3127893834596828,0.20726764613095933,0.016661493115010997,0.3690942549768017,0.35243276186179073,0.044658828889868,0.4216358523527453,0.3769770234628773,493.0,0.4448462929475588,481.0,0.43399638336347196,209.0,0.18806509945750452,316.0,0.2848101265822785,311.0,0.28028933092224234,0.18806509945750452,WACC_0p5_WRT_0p5,0.3264014466546112,692,False,,,False,False,False,False,False,19.0,0.18181818181818182
OCDD,PokerHand,1055,0.91,365,0.967741935483871,0.780490890782793,0,18,784,894,0.579,"{'nu':0.5,'kernel':'rbf','gamma':'auto'}",0.1701876963692169,0.1759541098731651,0.19007629389179023,0.1701876963692169,0.06922849016085686,0.01506370425808433,-1.7606682797852482,-3.091916252778669,-0.3636769151630123,-2.2626921951286003,2.4656972749710926,0.1759541098731651,0.17697872617264088,0.0010246162994757835,0.19007629389179023,0.21508958048218405,0.025013286590393813,0.1701876963692169,0.3270220424383211,0.1568343460691042,0.06922849016085686,0.34201417621065916,0.2727856860498023,0.01506370425808433,0.3792241596793555,0.3641604554212712,650.0,0.5867992766726944,763.0,0.6889692585895117,293.0,0.2640144665461121,248.0,0.22332730560578662,210.0,0.18896925858951175,0.18896925858951175,WACC_0p9_WRT_0p1,0.39041591320072333,693,False,,,False,False,False,False,False,18.0,0.1717171717171717
OCDD,PokerHand,829,0.85,356,0.8709677419354838,0.7888270136859847,0,53,3908,4260,0.572,"{'nu':0.5,'kernel':'rbf','gamma':'auto'}",0.09458834909369745,0.17603694872151798,0.1602839976003824,0.09458834909369745,0.05334749226504308,0.11407661277539423,-1.7606682797852482,-3.091916252778669,-0.3636769151630123,-2.2626921951286003,2.4656972749710926,0.17603694872151798,0.18945904234956634,0.01342209362804836,0.1602839976003824,0.18011160876586507,0.019827611165482678,0.09458834909369745,0.3724944910912175,0.27790614199752006,0.05334749226504308,0.4668088831404873,0.4134613908754442,0.11407661277539423,0.5412840468021056,0.4272074340267114,711.0,0.6419529837251357,210.0,0.18896925858951175,538.0,0.48553345388788427,647.0,0.5840867992766727,795.0,0.7179023508137432,0.18896925858951175,WACC_0p3_WRT_0p7,0.5236889692585895,694,False,,,False,False,False,False,False,53.0,0.5252525252525253
OCDD,PokerHand,902,0.58,209,0.4354838709677418,0.9664903592215291,0,9,20,3387,0.085,"{'nu':0.5,'kernel':'rbf','gamma':'auto'}",0.5273383116656598,0.08941147325811713,0.2792037510856867,0.5273383116656598,0.5427600522128911,0.5470716458058151,-1.7606682797852482,-3.091916252778669,-0.3636769151630123,-2.2626921951286003,2.4656972749710926,0.08941147325811713,0.10418992000977062,0.01477844675165349,0.2792037510856867,0.3105498827238687,0.03134613163818201,0.5273383116656598,0.6365963860909044,0.1092580744252446,0.5427600522128911,0.6817026796202201,0.138942627407329,0.5470716458058151,0.6882353632319134,0.14116371742609823,210.0,0.18896925858951175,1066.0,0.9629294755877035,1104.0,0.9972875226039783,1105.0,0.9981916817359855,1105.0,0.9981916817359855,0.18896925858951175,WACC_0p1_WRT_0p9,0.8291139240506329,695,False,,,False,False,False,False,False,9.0,0.08080808080808081
OCDD,PokerHand,753,0.81,309,0.8064516129032256,0.8360909443908979,0,38,3092,4229,0.403,"{'nu':0.5,'kernel':'rbf','gamma':'auto'}",0.052171216687491945,0.13237249595402434,0.09714317168322388,0.052171216687491945,0.1304162864377751,0.17634666478258526,-1.7606682797852482,-3.091916252778669,-0.3636769151630123,-2.2626921951286003,2.4656972749710926,0.13237249595402434,0.12252702511615704,0.009845470837867298,0.09714317168322388,0.18023424011642541,0.08309106843320153,0.052171216687491945,0.4423265459125644,0.39015532922507246,0.1304162864377751,0.5069075081929497,0.37649122175517463,0.17634666478258526,0.549154165220958,0.3728075004383727,363.0,0.32730560578661844,211.0,0.189873417721519,842.0,0.7603978300180831,847.0,0.7649186256781193,840.0,0.7585895117540687,0.189873417721519,WACC_0p3_WRT_0p7,0.5602169981916817,696,False,,,False,False,False,False,False,38.0,0.37373737373737376
OCDD,PokerHand,739,0.63,248,0.5161290322580644,0.9094558392641956,0,18,2072,4782,0.29,"{'nu':0.5,'kernel':'rbf','gamma':'auto'}",0.404195425846272,0.08193032872476291,0.1809134867402579,0.404195425846272,0.4468697170532539,0.469050732631359,-1.7606682797852482,-3.091916252778669,-0.3636769151630123,-2.2626921951286003,2.4656972749710926,0.08193032872476291,0.10426025934753405,0.022329930622771138,0.1809134867402579,0.21017323673504096,0.029259749994783063,0.404195425846272,0.48322275539165266,0.07902732954538066,0.4468697170532539,0.5525832436392747,0.10571352658602079,0.469050732631359,0.5727195700237455,0.10366883739238653,211.0,0.189873417721519,714.0,0.6446654611211573,971.0,0.8770343580470162,1007.0,0.9095840867992767,956.0,0.8634719710669078,0.189873417721519,WACC_0p1_WRT_0p9,0.6969258589511754,697,False,,,False,False,False,False,False,18.0,0.1717171717171717
OCDD,PokerHand,778,0.92,570,0.9838709677419356,0.6315790739622165,0,37,4856,1174,0.688,"{'nu':0.5,'kernel':'rbf','gamma':'auto'}",0.33587279243460866,0.3305836393650161,0.3481273069211374,0.33587279243460866,0.17251043484931364,0.06181763992152681,-1.7606682797852482,-3.091916252778669,-0.3636769151630123,-2.2626921951286003,2.4656972749710926,0.3305836393650161,0.24540395000148355,0.08517968936353257,0.3481273069211374,0.23431094972683378,0.11381635719430364,0.33587279243460866,0.313522720987349,0.022350071447259645,0.17251043484931364,0.33108553939984975,0.1585751045505361,0.06181763992152681,0.38920589609855466,0.3273882561770278,951.0,0.8589511754068716,895.0,0.8083182640144665,212.0,0.19077757685352623,226.0,0.20343580470162748,234.0,0.21066907775768534,0.19077757685352623,WACC_0p5_WRT_0p5,0.4544303797468355,698,False,,,False,False,False,False,False,37.0,0.36363636363636365
OCDD,PokerHand,1091,0.83,263,0.8387096774193548,0.8898703163309742,0,16,685,2830,0.382,"{'nu':0.5,'kernel':'rbf','gamma':'auto'}",0.05590162054866658,0.07305675885591803,0.048383015848260075,0.05590162054866658,0.10874854542081264,0.1382725206055595,-1.7606682797852482,-3.091916252778669,-0.3636769151630123,-2.2626921951286003,2.4656972749710926,0.07305675885591803,0.10472962019292442,0.03167286133700639,0.048383015848260075,0.180380563191031,0.13199754734277092,0.05590162054866658,0.4310765598264967,0.3751749392778301,0.10874854542081264,0.4728498578042569,0.3641013123834443,0.1382725206055595,0.5190488067414748,0.3807762861359153,215.0,0.19349005424954793,212.0,0.19077757685352623,797.0,0.7197106690777577,670.0,0.604882459312839,668.0,0.6030741410488246,0.19077757685352623,WACC_0p3_WRT_0p7,0.4623869801084991,699,False,,,False,False,False,False,False,16.0,0.15151515151515152
OCDD,PokerHand,1090,0.82,256,0.8225806451612901,0.8988678589939789,0,14,3243,4399,0.142,"{'nu':0.5,'kernel':'rbf','gamma':'auto'}",0.07886338907868982,0.06509513108269305,0.03552253457449367,0.07886338907868982,0.12740165228158953,0.15409267732855514,-1.7606682797852482,-3.091916252778669,-0.3636769151630123,-2.2626921951286003,2.4656972749710926,0.06509513108269305,0.1042936267451873,0.039198495662494254,0.03552253457449367,0.18889137603051673,0.15336884145602306,0.07886338907868982,0.4590174600939873,0.38015407101529747,0.12740165228158953,0.5075491300522919,0.38014747777070235,0.15409267732855514,0.5385499650116341,0.38445728768307896,212.0,0.19077757685352623,374.0,0.337251356238698,893.0,0.8065099457504521,853.0,0.7703435804701627,778.0,0.7025316455696202,0.19077757685352623,WACC_0p1_WRT_0p9,0.5614828209764917,700,False,,,False,False,False,False,False,14.0,0.13131313131313133
OCDD,PokerHand,864,0.77,496,0.7419354838709676,0.6780513966465069,0,76,862,1208,0.99,"{'nu':0.5,'kernel':'rbf','gamma':'auto'}",0.12027588289528202,0.30392146998659425,0.24704795091822382,0.12027588289528202,0.1627528323124188,0.2570200301570732,-1.7606682797852482,-3.091916252778669,-0.3636769151630123,-2.2626921951286003,2.4656972749710926,0.30392146998659425,0.1998377715410579,0.10408369844553636,0.24704795091822382,0.18235991081443564,0.06468804010378817,0.12027588289528202,0.3139434659617211,0.1936675830664391,0.1627528323124188,0.3616864231552568,0.198933590842838,0.2570200301570732,0.42414392338834095,0.16712389323126775,758.0,0.6844484629294756,250.0,0.22513562386980107,213.0,0.19168173598553345,300.0,0.27034358047016277,319.0,0.2875226039783002,0.19168173598553345,WACC_0p5_WRT_0p5,0.33182640144665465,701,False,,,False,False,False,False,False,76.0,0.7575757575757576
OCDD,PokerHand,137,0.9,358,0.9516129032258064,0.7869565229308064,0,29,4232,2828,0.555,"{'nu':0.5,'kernel':'rbf','gamma':'auto'}",0.15232011173325757,0.17064660731203155,0.17984320311297167,0.15232011173325757,0.05129741196778981,0.031110820324279045,-1.7606682797852482,-3.091916252778669,-0.3636769151630123,-2.2626921951286003,2.4656972749710926,0.17064660731203155,0.17691696853252886,0.006270361220497317,0.17984320311297167,0.1803991044200394,0.0005559013070677299,0.15232011173325757,0.3320930919816535,0.1797729802483959,0.05129741196778981,0.4103192024135582,0.3590217904457684,0.031110820324279045,0.472274189392082,0.44116336906780296,649.0,0.5858951175406871,213.0,0.19168173598553345,327.0,0.29475587703435807,424.0,0.38245931283905965,452.0,0.4077757685352622,0.19168173598553345,WACC_0p3_WRT_0p7,0.3725135623869801,702,False,,,False,False,False,False,False,29.0,0.2828282828282828
OCDD,PokerHand,1103,0.91,448,0.967741935483871,0.7120577986056733,0,38,3566,1223,0.627,"{'nu':0.5,'kernel':'rbf','gamma':'auto'}",0.24120124726421102,0.24769045055868963,0.26109004215084863,0.24120124726421102,0.11023221186601989,0.02119801649449213,-1.7606682797852482,-3.091916252778669,-0.3636769151630123,-2.2626921951286003,2.4656972749710926,0.24769045055868963,0.20791947690107276,0.039770973657616865,0.26109004215084863,0.21254728172291545,0.04854276042793318,0.24120124726421102,0.3146746344248937,0.07347338716068266,0.11023221186601989,0.32168952691723346,0.21145731505121357,0.02119801649449213,0.38595031357682646,0.3647522970823343,800.0,0.7224231464737794,738.0,0.666365280289331,219.0,0.19710669077757687,213.0,0.19168173598553345,228.0,0.20524412296564196,0.19168173598553345,WACC_0p7_WRT_0p3,0.3965641952983725,703,False,,,False,False,False,False,False,38.0,0.37373737373737376
OCDD,PokerHand,205,0.6,244,0.4677419354838708,0.9148780950047856,0,18,1,287,0.107,"{'nu':0.5,'kernel':'rbf','gamma':'auto'}",0.45815823630271285,0.0806570142104487,0.21472178041379025,0.45815823630271285,0.4981292086088834,0.5184447614664499,-1.7606682797852482,-3.091916252778669,-0.3636769151630123,-2.2626921951286003,2.4656972749710926,0.0806570142104487,0.19582425306903975,0.11516723885859105,0.21472178041379025,0.28160935176017965,0.0668875713463894,0.45815823630271285,0.45759210739005435,0.0005661289126585034,0.4981292086088834,0.3747349846392595,0.12339422396962385,0.5184447614664499,0.3802734428733656,0.1381713185930843,743.0,0.6708860759493671,1039.0,0.9385171790235082,887.0,0.8010849909584087,329.0,0.2965641952983725,214.0,0.19258589511754068,0.19258589511754068,WACC_0p9_WRT_0p1,0.5799276672694395,704,False,,,False,False,False,False,False,18.0,0.1717171717171717
OCDD,PokerHand,514,0.73,258,0.6774193548387095,0.8962723655749759,0,18,246,3684,0.348,"{'nu':0.5,'kernel':'rbf','gamma':'auto'}",0.22770281093721312,0.08104792485700482,0.07249297998874547,0.22770281093721312,0.27707035086080817,0.3039655685684074,-1.7606682797852482,-3.091916252778669,-0.3636769151630123,-2.2626921951286003,2.4656972749710926,0.08104792485700482,0.10469047184981914,0.023642546992814317,0.07249297998874547,0.2196259325257977,0.14713295253705222,0.22770281093721312,0.5176153685773918,0.28991255764017865,0.27707035086080817,0.5735132070139963,0.29644285615318816,0.3039655685684074,0.596558638526198,0.29259306995779055,214.0,0.19258589511754068,800.0,0.7224231464737794,1038.0,0.9376130198915009,1047.0,0.945750452079566,1033.0,0.9330922242314648,0.19258589511754068,WACC_0p1_WRT_0p9,0.7462929475587703,705,False,,,False,False,False,False,False,18.0,0.1717171717171717
OCDD,PokerHand,349,0.89,299,0.935483870967742,0.8470695336585994,0,10,3724,2815,0.001,"{'nu':0.5,'kernel':'rbf','gamma':'auto'}",0.07878222596144019,0.1091021804172188,0.11393965647688263,0.07878222596144019,0.0012219119531370504,0.04234900900748479,-1.7606682797852482,-3.091916252778669,-0.3636769151630123,-2.2626921951286003,2.4656972749710926,0.1091021804172188,0.11765529072180804,0.008553110304589245,0.11393965647688263,0.18048843501331915,0.06654877853643652,0.07878222596144019,0.3421634452693852,0.263381219307945,0.0012219119531370504,0.40081041019909963,0.3995884982459626,0.04234900900748479,0.4458271479186615,0.40347813891117673,320.0,0.2884267631103074,215.0,0.19349005424954793,377.0,0.3399638336347197,394.0,0.3553345388788427,374.0,0.337251356238698,0.19349005424954793,WACC_0p3_WRT_0p7,0.3028933092224232,706,False,,,False,False,False,False,False,10.0,0.09090909090909091
OCDD,PokerHand,501,0.88,377,0.9193548387096774,0.7696894065043408,0,40,483,1008,0.363,"{'nu':0.5,'kernel':'rbf','gamma':'auto'}",0.1479220365215155,0.19168765131367368,0.1907142027089766,0.1479220365215155,0.03352951319443182,0.065912022001552,-1.7606682797852482,-3.091916252778669,-0.3636769151630123,-2.2626921951286003,2.4656972749710926,0.19168765131367368,0.14008810594324334,0.05159954537043035,0.1907142027089766,0.19742987218444835,0.006715669475471753,0.1479220365215155,0.3265932681536249,0.17867123163210938,0.03352951319443182,0.33922649595832616,0.30569698276389434,0.065912022001552,0.3805325192255514,0.31462049722399943,482.0,0.4349005424954792,521.0,0.4701627486437613,289.0,0.2603978300180832,241.0,0.21699819168173598,215.0,0.19349005424954793,0.19349005424954793,WACC_0p9_WRT_0p1,0.31518987341772153,707,False,,,False,False,False,False,False,40.0,0.3939393939393939
OCDD,PokerHand,1044,0.8,936,0.7903225806451613,0.4657462111570919,0,93,4841,3524,0.967,"{'nu':0.5,'kernel':'rbf','gamma':'auto'}",0.3740610656014043,0.5220639023257962,0.47793020840896083,0.3740610656014043,0.10319009523051463,0.2261708960079837,-1.7606682797852482,-3.091916252778669,-0.3636769151630123,-2.2626921951286003,2.4656972749710926,0.5220639023257962,0.26286376714110943,0.2592001351846868,0.47793020840896083,0.2057973637585703,0.27213284465039056,0.3740610656014043,0.3142278213445426,0.059833244256861706,0.10319009523051463,0.434266958011697,0.33107686278118237,0.2261708960079837,0.5323529948469349,0.3061820988389512,999.0,0.9023508137432188,656.0,0.5922242314647378,215.0,0.19349005424954793,520.0,0.4692585895117541,745.0,0.6726943942133815,0.19349005424954793,WACC_0p5_WRT_0p5,0.5660036166365281,708,False,,,False,False,False,False,False,93.0,0.9292929292929293
OCDD,PokerHand,959,0.9,281,0.9516129032258064,0.8677864691193724,1,1,668,1069,0.255,"{'nu':0.5,'kernel':'rbf','gamma':'auto'}",0.06844224921252055,0.0859150195245331,0.09596510747509522,0.06844224921252055,0.0028657466211317252,0.023865259555384183,-1.7606682797852482,-3.091916252778669,-0.3636769151630123,-2.2626921951286003,2.4656972749710926,0.0859150195245331,0.14087044491146267,0.05495542538692956,0.09596510747509522,0.1982495884117725,0.10228448093667729,0.06844224921252055,0.32536201118649405,0.2569197619739735,0.0028657466211317252,0.34096923748980046,0.33810349086866875,0.023865259555384183,0.3805341910436622,0.35666893148827805,490.0,0.4421338155515371,531.0,0.47920433996383366,280.0,0.2522603978300181,247.0,0.2224231464737794,216.0,0.19439421338155516,0.19439421338155516,WACC_0p9_WRT_0p1,0.3180831826401446,709,False,,,False,False,False,False,False,1.0,0.0
OCDD,PokerHand,230,0.86,247,0.8870967741935483,0.9108031930919572,0,5,4273,5000,0.001,"{'nu':0.5,'kernel':'rbf','gamma':'auto'}",0.020171427126898907,0.0467027851125039,0.0372316531978607,0.020171427126898907,0.06323140338548379,0.086516029303069,-1.7606682797852482,-3.091916252778669,-0.3636769151630123,-2.2626921951286003,2.4656972749710926,0.0467027851125039,0.11736371152519859,0.0706609264126947,0.0372316531978607,0.18050559226908652,0.14327393907122582,0.020171427126898907,0.4154908148488195,0.3953193877219206,0.06323140338548379,0.480801796096525,0.41757039271104124,0.086516029303069,0.5122863827408856,0.42577035343781655,317.0,0.2857142857142857,216.0,0.19439421338155516,721.0,0.650994575045208,724.0,0.6537070524412296,625.0,0.5641952983725136,0.19439421338155516,WACC_0p3_WRT_0p7,0.46980108499095846,710,False,,,False,False,False,False,False,5.0,0.04040404040404041
OCDD,PokerHand,378,0.85,250,0.8709677419354838,0.9067772891835794,0,8,1375,3538,0.001,"{'nu':0.5,'kernel':'rbf','gamma':'auto'}",0.034123507931262766,0.0523932424697648,0.03788574107277112,0.034123507931262766,0.07904691562717168,0.10350360203959584,-1.7606682797852482,-3.091916252778669,-0.3636769151630123,-2.2626921951286003,2.4656972749710926,0.0523932424697648,0.10478927158620949,0.052396029116444684,0.03788574107277112,0.19858237096052464,0.16069662988775352,0.034123507931262766,0.4535195406821932,0.4193960327509304,0.07904691562717168,0.4867466046111877,0.407699688984016,0.10350360203959584,0.5183205817646452,0.4148169797250494,216.0,0.19439421338155516,540.0,0.4873417721518987,876.0,0.7911392405063291,753.0,0.6799276672694394,663.0,0.5985533453887885,0.19439421338155516,WACC_0p1_WRT_0p9,0.5502712477396022,711,False,,,False,False,False,False,False,8.0,0.0707070707070707
OCDD,PokerHand,76,0.82,412,0.8225806451612901,0.7400402259363499,0,68,2751,656,0.999,"{'nu':0.5,'kernel':'rbf','gamma':'auto'}",0.11174033348061553,0.231589334878251,0.20033966020348343,0.11174033348061553,0.0927957256202647,0.16832991638861988,-1.7606682797852482,-3.091916252778669,-0.3636769151630123,-2.2626921951286003,2.4656972749710926,0.231589334878251,0.20781488586529465,0.02377444901295636,0.20033966020348343,0.2265798209573364,0.026240160753852965,0.11174033348061553,0.3207713720552813,0.20903103857466576,0.0927957256202647,0.3327736379706419,0.23997791235037721,0.16832991638861988,0.38073310221629425,0.21240318582767437,797.0,0.7197106690777577,857.0,0.7739602169981917,253.0,0.22784810126582278,229.0,0.20614828209764918,217.0,0.19529837251356238,0.19529837251356238,WACC_0p9_WRT_0p1,0.4245931283905967,712,False,,,False,False,False,False,False,68.0,0.6767676767676768
OCDD,PokerHand,724,0.76,252,0.7258064516129031,0.9041199976610024,0,16,2428,2990,0.336,"{'nu':0.5,'kernel':'rbf','gamma':'auto'}",0.18292017754197,0.06841081732689291,0.05028073167330582,0.18292017754197,0.22870214941692696,0.253382032834229,-1.7606682797852482,-3.091916252778669,-0.3636769151630123,-2.2626921951286003,2.4656972749710926,0.06841081732689291,0.10486639494381975,0.03645557761692683,0.05028073167330582,0.18273928867987557,0.13245855700656975,0.18292017754197,0.43808936307354507,0.2551691855315751,0.22870214941692696,0.4899868554240757,0.26128470600714876,0.253382032834229,0.521255608349389,0.26787357551516,217.0,0.19529837251356238,255.0,0.22965641952983726,822.0,0.7423146473779385,770.0,0.6952983725135624,678.0,0.6121157323688969,0.19529837251356238,WACC_0p1_WRT_0p9,0.49493670886075947,713,False,,,False,False,False,False,False,16.0,0.15151515151515152
OCDD,PokerHand,660,0.85,358,0.8709677419354838,0.7869565229308064,0,55,1684,4274,0.617,"{'nu':0.5,'kernel':'rbf','gamma':'auto'}",0.09652937186814227,0.17799772760485855,0.16222502576940534,0.09652937186814227,0.05293994312105439,0.11424428274269428,-1.7606682797852482,-3.091916252778669,-0.3636769151630123,-2.2626921951286003,2.4656972749710926,0.17799772760485855,0.18908199134974224,0.011084263744883693,0.16222502576940534,0.1805214871297806,0.01829646136037527,0.09652937186814227,0.4172148963770115,0.3206855245088692,0.05293994312105439,0.5140594181440926,0.46111947502303824,0.11424428274269428,0.5794181813284601,0.46517389858576585,708.0,0.6392405063291139,217.0,0.19529837251356238,733.0,0.6618444846292948,876.0,0.7911392405063291,980.0,0.8851717902350814,0.19529837251356238,WACC_0p3_WRT_0p7,0.6345388788426763,714,False,,,False,False,False,False,False,55.0,0.5454545454545454
OCDD,PokerHand,687,0.88,370,0.9193548387096774,0.7759478499239796,0,37,2911,1269,0.286,"{'nu':0.5,'kernel':'rbf','gamma':'auto'}",0.14142760121010697,0.18512711437124985,0.18421974934794047,0.14142760121010697,0.02977958075498878,0.06535101789040368,-1.7606682797852482,-3.091916252778669,-0.3636769151630123,-2.2626921951286003,2.4656972749710926,0.18512711437124985,0.15636806300674497,0.02875905136450488,0.18421974934794047,0.20257382267888574,0.01835407333094527,0.14142760121010697,0.31789625101934366,0.17646864980923668,0.02977958075498878,0.3358993760909424,0.3061197953359536,0.06535101789040368,0.38086772208777436,0.31551670419737066,573.0,0.5171790235081374,609.0,0.5497287522603979,239.0,0.21518987341772153,234.0,0.21066907775768534,218.0,0.1962025316455696,0.1962025316455696,WACC_0p9_WRT_0p1,0.3377938517179023,715,False,,,False,False,False,False,False,37.0,0.36363636363636365
OCDD,PokerHand,59,0.85,354,0.8709677419354838,0.790708012871315,0,52,4325,4489,0.433,"{'nu':0.5,'kernel':'rbf','gamma':'auto'}",0.09263642163972288,0.17406515416868965,0.15833206472152309,0.09263642163972288,0.05375733102297466,0.1139080008370446,-1.7606682797852482,-3.091916252778669,-0.3636769151630123,-2.2626921951286003,2.4656972749710926,0.17406515416868965,0.14644138905638202,0.02762376511230763,0.15833206472152309,0.18056716919490812,0.02223510447338503,0.09263642163972288,0.39620744008224523,0.3035710184425223,0.05375733102297466,0.474715940275348,0.4209586092523734,0.1139080008370446,0.5332260402851577,0.41931803944811313,519.0,0.46835443037974683,218.0,0.1962025316455696,645.0,0.5822784810126582,680.0,0.6139240506329114,747.0,0.674502712477396,0.1962025316455696,WACC_0p3_WRT_0p7,0.5070524412296564,716,False,,,False,False,False,False,False,52.0,0.5151515151515151
OCDD,PokerHand,1002,0.86,298,0.8870967741935483,0.8481874544780369,0,31,1768,3838,0.089,"{'nu':0.5,'kernel':'rbf','gamma':'auto'}",0.04414770693130876,0.11234097001080037,0.10220867173554755,0.04414770693130876,0.0495884647065967,0.09212887652874949,-1.7606682797852482,-3.091916252778669,-0.3636769151630123,-2.2626921951286003,2.4656972749710926,0.11234097001080037,0.10500003766236364,0.007340932348436732,0.10220867173554755,0.18812792017861052,0.08591924844306296,0.04414770693130876,0.44894013212810174,0.404792425196793,0.0495884647065967,0.500356443640353,0.4507679789337563,0.09212887652874949,0.5252479701511413,0.43311909362239187,218.0,0.1962025316455696,361.0,0.325497287522604,862.0,0.7784810126582279,819.0,0.7396021699819169,704.0,0.635623869801085,0.1962025316455696,WACC_0p1_WRT_0p9,0.5350813743218807,717,False,,,False,False,False,False,False,31.0,0.30303030303030304
OCDD,PokerHand,702,0.83,680,0.8387096774193548,0.5725933308289797,0,82,3965,3652,0.844,"{'nu':0.5,'kernel':'rbf','gamma':'auto'}",0.2966594241440478,0.4056486263217161,0.3776247212868565,0.2966594241440478,0.08134047429820655,0.16671308981815736,-1.7606682797852482,-3.091916252778669,-0.3636769151630123,-2.2626921951286003,2.4656972749710926,0.4056486263217161,0.2403642308705471,0.16528439545116902,0.3776247212868565,0.180578795390423,0.19704592589643347,0.2966594241440478,0.31937221650478764,0.022712792360739864,0.08134047429820655,0.44854548190567406,0.3672050076074675,0.16671308981815736,0.5319417876029612,0.3652286977848038,931.0,0.840867992766727,219.0,0.19710669077757687,248.0,0.22332730560578662,572.0,0.5162748643761302,743.0,0.6708860759493671,0.19710669077757687,WACC_0p3_WRT_0p7,0.48969258589511755,718,False,,,False,False,False,False,False,82.0,0.8181818181818182
OCDD,PokerHand,382,0.85,222,0.8709677419354838,0.946379831868282,1,1,106,471,0.001,"{'nu':0.5,'kernel':'rbf','gamma':'auto'}",0.06152075187706293,0.010879094801413247,0.0,0.06152075187706293,0.08767565775072607,0.09995364755916895,-1.7606682797852482,-3.091916252778669,-0.3636769151630123,-2.2626921951286003,2.4656972749710926,0.010879094801413247,0.18524611371037938,0.17436701890896614,0.0,0.26655316984508315,0.26655316984508315,0.06152075187706293,0.4368888363297478,0.3753680844526849,0.08767565775072607,0.37713425078527313,0.2894585930345471,0.09995364755916895,0.38113930117207007,0.2811856536129011,686.0,0.6193490054249547,1015.0,0.9168173598553345,819.0,0.7396021699819169,336.0,0.30289330922242313,219.0,0.19710669077757687,0.19710669077757687,WACC_0p9_WRT_0p1,0.5551537070524413,719,False,,,False,False,False,False,False,1.0,0.0
OCDD,PokerHand,548,0.85,288,0.8709677419354838,0.8595768850843719,0,30,1887,4553,0.001,"{'nu':0.5,'kernel':'rbf','gamma':'auto'}",0.02117065841913406,0.1018719984521997,0.08686610288006108,0.02117065841913406,0.06876272457554651,0.1077346254701865,-1.7606682797852482,-3.091916252778669,-0.3636769151630123,-2.2626921951286003,2.4656972749710926,0.1018719984521997,0.10503598187706091,0.003163983424861211,0.08686610288006108,0.2054573240861161,0.11859122120605503,0.02117065841913406,0.47014584508085394,0.44897518666171987,0.06876272457554651,0.518613197106634,0.4498504725310875,0.1077346254701865,0.5438099590573312,0.4360753335871447,219.0,0.19710669077757687,651.0,0.5877034358047016,927.0,0.8372513562386981,897.0,0.810126582278481,810.0,0.7314647377938517,0.19710669077757687,WACC_0p1_WRT_0p9,0.6327305605786618,720,False,,,False,False,False,False,False,30.0,0.29292929292929293
OCDD,PokerHand,35,0.89,365,0.935483870967742,0.780490890782793,0,33,5000,2735,0.315,"{'nu':0.5,'kernel':'rbf','gamma':'auto'}",0.14787140042317085,0.17889455799029585,0.1830290229543637,0.14787140042317085,0.041114485226331314,0.04831708922545038,-1.7606682797852482,-3.091916252778669,-0.3636769151630123,-2.2626921951286003,2.4656972749710926,0.17889455799029585,0.15339683214603148,0.02549772584426438,0.1830290229543637,0.19667357095194546,0.013644547997581746,0.14787140042317085,0.3147231707845398,0.16685177036136897,0.041114485226331314,0.37556997807902454,0.3344554928526932,0.04831708922545038,0.4390216178167244,0.390704528591274,556.0,0.5018083182640145,512.0,0.4620253164556962,220.0,0.1980108499095841,330.0,0.2974683544303797,362.0,0.32640144665461124,0.1980108499095841,WACC_0p5_WRT_0p5,0.35714285714285715,721,False,,,False,False,False,False,False,33.0,0.32323232323232326
OCDD,PokerHand,330,0.85,270,0.8709677419354838,0.8811082506193819,0,19,887,2551,0.255,"{'nu':0.5,'kernel':'rbf','gamma':'auto'}",0.01636553423254065,0.0793013192047045,0.06452277565148101,0.01636553423254065,0.07345405468151353,0.10580456334868932,-1.7606682797852482,-3.091916252778669,-0.3636769151630123,-2.2626921951286003,2.4656972749710926,0.0793013192047045,0.10511738370704105,0.025816064502336547,0.06452277565148101,0.18435778555711196,0.11983500990563095,0.01636553423254065,0.41172649502099434,0.3953609607884537,0.07345405468151353,0.44528731768603136,0.3718332630045178,0.10580456334868932,0.48528052913882014,0.3794759657901308,220.0,0.1980108499095841,294.0,0.26491862567811936,702.0,0.6338155515370705,561.0,0.5063291139240507,502.0,0.45298372513562385,0.1980108499095841,WACC_0p1_WRT_0p9,0.4112115732368896,722,False,,,False,False,False,False,False,19.0,0.18181818181818182
OCDD,PokerHand,1070,0.85,273,0.8709677419354838,0.8774221549555011,0,21,1208,3203,0.231,"{'nu':0.5,'kernel':'rbf','gamma':'auto'}",0.013815474179202028,0.08316534179861554,0.06834787636234962,0.013815474179202028,0.07265091511596572,0.10613498334018978,-1.7606682797852482,-3.091916252778669,-0.3636769151630123,-2.2626921951286003,2.4656972749710926,0.08316534179861554,0.10988631376629748,0.026720971967681945,0.06834787636234962,0.18065381227532568,0.11230593591297605,0.013815474179202028,0.41645100758365716,0.4026355334044551,0.07265091511596572,0.46365722997336994,0.3910063148574042,0.10613498334018978,0.5044332921941852,0.3982983088539954,253.0,0.22784810126582278,220.0,0.1980108499095841,728.0,0.6573236889692586,629.0,0.5678119349005425,569.0,0.5135623869801085,0.1980108499095841,WACC_0p3_WRT_0p7,0.43291139240506327,723,False,,,False,False,False,False,False,21.0,0.20202020202020202
OCDD,PokerHand,1017,0.91,522,0.967741935483871,0.6609785976672193,0,50,4587,1286,0.773,"{'nu':0.5,'kernel':'rbf','gamma':'auto'}",0.29420653052877926,0.30123523194868546,0.31409547273009125,0.29420653052877926,0.14083783370145608,0.03669008587290208,-1.7606682797852482,-3.091916252778669,-0.3636769151630123,-2.2626921951286003,2.4656972749710926,0.30123523194868546,0.24103806999018446,0.060197161958501,0.31409547273009125,0.23581536302484352,0.07828010970524774,0.29420653052877926,0.3176632924728885,0.023456761944109228,0.14083783370145608,0.3260057761293192,0.1851679424278631,0.03669008587290208,0.40184889921667205,0.36515881334377,935.0,0.8444846292947559,905.0,0.8173598553345389,238.0,0.21428571428571427,221.0,0.19891500904159132,268.0,0.24141048824593128,0.19891500904159132,WACC_0p7_WRT_0p3,0.4632911392405063,724,False,,,False,False,False,False,False,50.0,0.494949494949495
OCDD,PokerHand,859,0.87,482,0.9032258064516128,0.687618246755755,0,61,1550,3066,0.777,"{'nu':0.5,'kernel':'rbf','gamma':'auto'}",0.22192976801412925,0.2791905897926628,0.27235668340275443,0.22192976801412925,0.06864788607979905,0.08989553709086708,-1.7606682797852482,-3.091916252778669,-0.3636769151630123,-2.2626921951286003,2.4656972749710926,0.2791905897926628,0.21666522192001816,0.06252536787264465,0.27235668340275443,0.18068022330654648,0.09167646009620795,0.22192976801412925,0.37219726276172577,0.15026749474759651,0.06864788607979905,0.47628698505318967,0.4076390989733906,0.08989553709086708,0.5425039882984503,0.4526084512075832,833.0,0.7522603978300181,221.0,0.19891500904159132,537.0,0.484629294755877,688.0,0.6211573236889693,802.0,0.7242314647377939,0.19891500904159132,WACC_0p3_WRT_0p7,0.5562386980108499,725,False,,,False,False,False,False,False,61.0,0.6060606060606061
OCDD,PokerHand,464,0.87,260,0.9032258064516128,0.8936968376876273,0,6,1852,3775,0.001,"{'nu':0.5,'kernel':'rbf','gamma':'auto'}",0.008080414727092927,0.06316463602136145,0.05850673577594813,0.008080414727092927,0.04281151971367884,0.07142274298208758,-1.7606682797852482,-3.091916252778669,-0.3636769151630123,-2.2626921951286003,2.4656972749710926,0.06316463602136145,0.10542535160998384,0.04226071558862239,0.05850673577594813,0.20918688860186352,0.1506801528259154,0.008080414727092927,0.4602664132878865,0.45218599856079356,0.04281151971367884,0.5165981561760631,0.4737866364623842,0.07142274298208758,0.5402028905414797,0.4687801475593922,221.0,0.19891500904159132,702.0,0.6338155515370705,896.0,0.8092224231464737,888.0,0.8019891500904159,787.0,0.7106690777576854,0.19891500904159132,WACC_0p1_WRT_0p9,0.6309222423146473,726,False,,,False,False,False,False,False,6.0,0.050505050505050504
OCDD,PokerHand,552,0.84,267,0.8548387096774193,0.8848353797308413,0,18,686,2052,0.001,"{'nu':0.5,'kernel':'rbf','gamma':'auto'}",0.03568120339675933,0.07686450654736977,0.05713145862652391,0.03568120339675933,0.09095882518967675,0.12209715762070715,-1.7606682797852482,-3.091916252778669,-0.3636769151630123,-2.2626921951286003,2.4656972749710926,0.07686450654736977,0.10572117579885427,0.0288566692514845,0.05713145862652391,0.19003180648952192,0.132900347862998,0.03568120339675933,0.41409871381017815,0.3784175104134188,0.09095882518967675,0.43248139093696797,0.34152256574729123,0.12209715762070715,0.4646573174198499,0.3425601597991427,222.0,0.19981916817359854,396.0,0.35714285714285715,712.0,0.6428571428571429,512.0,0.4620253164556962,423.0,0.38155515370705245,0.19981916817359854,WACC_0p1_WRT_0p9,0.40867992766726946,727,False,,,False,False,False,False,False,18.0,0.1717171717171717
OCDD,PokerHand,962,0.54,401,0.3709677419354839,0.7490787790217174,0,67,2007,3111,0.737,"{'nu':0.5,'kernel':'rbf','gamma':'auto'}",0.443880743362826,0.2632807667009399,0.12797611072700496,0.443880743362826,0.5621604095834815,0.6330670940148626,-1.7606682797852482,-3.091916252778669,-0.3636769151630123,-2.2626921951286003,2.4656972749710926,0.2632807667009399,0.20418427322226018,0.059096493478679735,0.12797611072700496,0.18077318885651367,0.05279707812950871,0.443880743362826,0.391373108898706,0.05250763446411999,0.5621604095834815,0.4898999975943412,0.07226041198914024,0.6330670940148626,0.5580050997163852,0.07506199429847737,781.0,0.705244122965642,222.0,0.19981916817359854,620.0,0.5596745027124774,769.0,0.6943942133815552,890.0,0.8037974683544303,0.19981916817359854,WACC_0p3_WRT_0p7,0.5925858951175407,728,False,,,False,False,False,False,False,67.0,0.6666666666666666
OCDD,PokerHand,907,0.79,236,0.7741935483870968,0.9259933721594106,0,9,2304,1905,0.196,"{'nu':0.5,'kernel':'rbf','gamma':'auto'}",0.1478406253213962,0.041070948251856476,0.04032504101080103,0.1478406253213962,0.18338992635633752,0.20154123572886648,-1.7606682797852482,-3.091916252778669,-0.3636769151630123,-2.2626921951286003,2.4656972749710926,0.041070948251856476,0.10572740713474588,0.0646564588828894,0.04032504101080103,0.19045896080669344,0.1501339197958924,0.1478406253213962,0.3947198789482006,0.2468792536268044,0.18338992635633752,0.4376861523643719,0.25429622600803437,0.20154123572886648,0.46964934110303197,0.2681081053741655,223.0,0.2007233273056058,401.0,0.3616636528028933,637.0,0.5750452079566004,534.0,0.4819168173598553,445.0,0.4014466546112116,0.2007233273056058,WACC_0p1_WRT_0p9,0.40415913200723325,729,False,,,False,False,False,False,False,9.0,0.08080808080808081
OCDD,PokerHand,698,0.83,302,0.8387096774193548,0.8437379939883676,0,36,3325,4847,0.322,"{'nu':0.5,'kernel':'rbf','gamma':'auto'}",0.023987041248310404,0.12141587703836576,0.09625501784642393,0.023987041248310404,0.09869707180144828,0.14240780165800296,-1.7606682797852482,-3.091916252778669,-0.3636769151630123,-2.2626921951286003,2.4656972749710926,0.12141587703836576,0.11510489094485232,0.006310986093513438,0.09625501784642393,0.1808434224443862,0.08458840459796227,0.023987041248310404,0.4280504738955335,0.4040634326472231,0.09869707180144828,0.49627981015915407,0.3975827383577058,0.14240780165800296,0.5271468852474959,0.38473908358949294,302.0,0.2721518987341772,223.0,0.2007233273056058,787.0,0.7106690777576854,796.0,0.7188065099457505,716.0,0.6464737793851718,0.2007233273056058,WACC_0p3_WRT_0p7,0.5097649186256781,730,False,,,False,False,False,False,False,36.0,0.35353535353535354
OCDD,PokerHand,82,0.87,254,0.9032258064516128,0.9014836299107928,0,3,3012,2376,0.001,"{'nu':0.5,'kernel':'rbf','gamma':'auto'}",0.0,0.05500197725500577,0.050426298591402054,0.0,0.044508133554823616,0.0707247383574639,-1.7606682797852482,-3.091916252778669,-0.3636769151630123,-2.2626921951286003,2.4656972749710926,0.05500197725500577,0.10590061995238391,0.05089864269737814,0.050426298591402054,0.18373384764269488,0.13330754905129283,0.0,0.3879860363219016,0.3879860363219016,0.044508133554823616,0.41796686368631225,0.3734587301314886,0.0707247383574639,0.45339509235143166,0.38267035399396776,224.0,0.20162748643761302,280.0,0.2522603978300181,600.0,0.5415913200723327,447.0,0.40325497287522605,392.0,0.3535262206148282,0.20162748643761302,WACC_0p1_WRT_0p9,0.3504520795660036,731,False,,,False,False,False,False,False,3.0,0.020202020202020204
OCDD,PokerHand,645,0.87,330,0.9032258064516128,0.814145004907354,0,36,1531,2850,0.523,"{'nu':0.5,'kernel':'rbf','gamma':'auto'}",0.0906319690439795,0.14655641618107204,0.14105851952383858,0.0906319690439795,0.025478484913813573,0.0785537342281014,-1.7606682797852482,-3.091916252778669,-0.3636769151630123,-2.2626921951286003,2.4656972749710926,0.14655641618107204,0.1504863779900602,0.003929961808988164,0.14105851952383858,0.18090859561193978,0.039850076088101205,0.0906319690439795,0.37093731830849064,0.2803053492645111,0.025478484913813573,0.4314403732762641,0.40596188836245056,0.0785537342281014,0.4910947313211642,0.4125409970930628,539.0,0.4864376130198915,224.0,0.20162748643761302,528.0,0.47649186256781195,506.0,0.4566003616636528,524.0,0.472875226039783,0.20162748643761302,WACC_0p3_WRT_0p7,0.4188065099457504,732,False,,,False,False,False,False,False,36.0,0.35353535353535354
OCDD,PokerHand,188,0.89,362,0.935483870967742,0.7832466016012307,0,32,2813,1226,0.282,"{'nu':0.5,'kernel':'rbf','gamma':'auto'}",0.14501177791845457,0.17600582968921918,0.18016939250205558,0.14501177791845457,0.03946331916172218,0.048070068521639545,-1.7606682797852482,-3.091916252778669,-0.3636769151630123,-2.2626921951286003,2.4656972749710926,0.17600582968921918,0.14616753034764673,0.02983829934157245,0.18016939250205558,0.20382167159094186,0.023652279088886285,0.14501177791845457,0.321588684954288,0.17657690703583342,0.03946331916172218,0.3369869791229549,0.2975236599612327,0.048070068521639545,0.38514022375939644,0.3370701552377569,516.0,0.4656419529837251,624.0,0.5632911392405063,260.0,0.23417721518987342,237.0,0.21338155515370705,225.0,0.20253164556962025,0.20253164556962025,WACC_0p9_WRT_0p1,0.33580470162748643,733,False,,,False,False,False,False,False,32.0,0.31313131313131315
OCDD,PokerHand,12,0.79,346,0.7741935483870968,0.7983394993584385,0,51,2540,4257,0.706,"{'nu':0.5,'kernel':'rbf','gamma':'auto'}",0.05952901559474826,0.17488664205940446,0.12927097714030072,0.05952901559474826,0.1555762488800658,0.21298407265228209,-1.7606682797852482,-3.091916252778669,-0.3636769151630123,-2.2626921951286003,2.4656972749710926,0.17488664205940446,0.2022281433122404,0.027341501252835937,0.12927097714030072,0.18091231769001276,0.051641340549712034,0.05952901559474826,0.43675975120044275,0.3772307356056945,0.1555762488800658,0.5333818923737249,0.3778056434936591,0.21298407265228209,0.5999167242806603,0.38693265162837825,771.0,0.6962025316455697,225.0,0.20253164556962025,818.0,0.7386980108499096,948.0,0.85623869801085,1040.0,0.9394213381555153,0.20253164556962025,WACC_0p3_WRT_0p7,0.686618444846293,734,False,,,False,False,False,False,False,51.0,0.5050505050505051
OCDD,PokerHand,793,0.82,336,0.8225806451612901,0.8081301669646324,0,46,3270,3868,0.131,"{'nu':0.5,'kernel':'rbf','gamma':'auto'}",0.04108287319613419,0.16021270916302038,0.12968200354460083,0.04108287319613419,0.10763140289025028,0.1622263640700279,-1.7606682797852482,-3.091916252778669,-0.3636769151630123,-2.2626921951286003,2.4656972749710926,0.16021270916302038,0.10607582524974775,0.054136883913272635,0.12968200354460083,0.19462677588051425,0.06494477233591342,0.04108287319613419,0.454420272537319,0.4133373993411848,0.10763140289025028,0.5069279214458294,0.3992965185555791,0.1622263640700279,0.5254790876526259,0.36325272358259797,226.0,0.20343580470162748,478.0,0.43128390596745025,880.0,0.794755877034358,848.0,0.7658227848101266,706.0,0.6374321880650995,0.20343580470162748,WACC_0p1_WRT_0p9,0.5665461121157324,735,False,,,False,False,False,False,False,46.0,0.45454545454545453
OCDD,PokerHand,914,0.7,695,0.6290322580645159,0.5652985548212751,0,86,2406,3679,0.951,"{'nu':0.5,'kernel':'rbf','gamma':'auto'}",0.15917334617627793,0.43240843213239505,0.33938732691357065,0.15917334617627793,0.2550346771977024,0.3835139926138513,-1.7606682797852482,-3.091916252778669,-0.3636769151630123,-2.2626921951286003,2.4656972749710926,0.43240843213239505,0.24594187014262497,0.18646656198977007,0.33938732691357065,0.18093774915634844,0.1584495777572222,0.15917334617627793,0.35545090639405197,0.19627756021777404,0.2550346771977024,0.49472804062273723,0.23969336342503483,0.3835139926138513,0.5847700579864776,0.20125606537262636,954.0,0.8616636528028933,226.0,0.20343580470162748,450.0,0.40596745027124775,790.0,0.713381555153707,996.0,0.8996383363471971,0.20343580470162748,WACC_0p3_WRT_0p7,0.6168173598553346,736,False,,,False,False,False,False,False,86.0,0.8585858585858586
OCDD,PokerHand,615,0.89,362,0.935483870967742,0.7832466016012307,0,32,4312,2951,0.102,"{'nu':0.5,'kernel':'rbf','gamma':'auto'}",0.14501177791845457,0.17600582968921918,0.18016939250205558,0.14501177791845457,0.03946331916172218,0.048070068521639545,-1.7606682797852482,-3.091916252778669,-0.3636769151630123,-2.2626921951286003,2.4656972749710926,0.17600582968921918,0.12549347587789644,0.05051235381132274,0.18016939250205558,0.18107733749065066,0.0009079449885950885,0.14501177791845457,0.35271011008887204,0.20769833217041747,0.03946331916172218,0.404905893289552,0.3654425741278298,0.048070068521639545,0.45614111410189045,0.4080710455802509,394.0,0.3553345388788427,227.0,0.20433996383363473,433.0,0.39059674502712477,403.0,0.36347197106690776,402.0,0.36256781193490056,0.20433996383363473,WACC_0p3_WRT_0p7,0.33526220614828206,737,False,,,False,False,False,False,False,32.0,0.31313131313131315
OCDD,PokerHand,608,0.78,225,0.7580645161290321,0.9419055963644034,0,6,146,1293,0.439,"{'nu':0.5,'kernel':'rbf','gamma':'auto'}",0.17558600632099325,0.025860868961284793,0.06392012019325109,0.17558600632099325,0.2035496284973049,0.21674156344451434,-1.7606682797852482,-3.091916252778669,-0.3636769151630123,-2.2626921951286003,2.4656972749710926,0.025860868961284793,0.10618639223583648,0.08032552327455168,0.06392012019325109,0.22229826066155378,0.15837814046830268,0.17558600632099325,0.4796537861003632,0.30406777977936994,0.2035496284973049,0.5389363163443115,0.3353866878470066,0.21674156344451434,0.5497730651399235,0.3330315016954092,227.0,0.20433996383363473,831.0,0.7504520795660036,962.0,0.8688969258589512,968.0,0.8743218806509946,846.0,0.7640144665461122,0.20433996383363473,WACC_0p1_WRT_0p9,0.6924050632911392,738,False,,,False,False,False,False,False,6.0,0.050505050505050504
OCDD,PokerHand,13,0.91,438,0.967741935483871,0.7195990402459912,0,35,1679,1777,0.165,"{'nu':0.5,'kernel':'rbf','gamma':'auto'}",0.2333756422827776,0.2397851950413513,0.2532644154201408,0.2333756422827776,0.10571365273485195,0.020522022915944228,-1.7606682797852482,-3.091916252778669,-0.3636769151630123,-2.2626921951286003,2.4656972749710926,0.2397851950413513,0.14729340315678932,0.09249179188456197,0.2532644154201408,0.19944969466257662,0.05381472075756416,0.2333756422827776,0.31605159928303805,0.08267595700026045,0.10571365273485195,0.3501453792593905,0.24443172652453854,0.020522022915944228,0.4036160971710752,0.383094074255131,526.0,0.47468354430379744,562.0,0.5072332730560579,228.0,0.20524412296564196,269.0,0.2423146473779385,271.0,0.244122965641953,0.20524412296564196,WACC_0p5_WRT_0p5,0.33471971066907774,739,False,,,False,False,False,False,False,35.0,0.3434343434343434
OCDD,PokerHand,347,0.86,260,0.8870967741935483,0.8936968376876273,0,12,827,2182,0.051,"{'nu':0.5,'kernel':'rbf','gamma':'auto'}",0.008337161944299483,0.06463486007992686,0.054983100307234856,0.008337161944299483,0.0595042101435496,0.08804943546577058,-1.7606682797852482,-3.091916252778669,-0.3636769151630123,-2.2626921951286003,2.4656972749710926,0.06463486007992686,0.10638730942069444,0.04175244934076758,0.054983100307234856,0.20010804485246841,0.14512494454523356,0.008337161944299483,0.4122868292875276,0.40394966734322807,0.0595042101435496,0.43114009738814424,0.3716358872445946,0.08804943546577058,0.47489465505062145,0.38684521958485085,228.0,0.20524412296564196,572.0,0.5162748643761302,705.0,0.6365280289330922,503.0,0.4538878842676311,466.0,0.4204339963833635,0.20524412296564196,WACC_0p1_WRT_0p9,0.4464737793851718,740,False,,,False,False,False,False,False,12.0,0.1111111111111111
OCDD,PokerHand,25,0.86,522,0.8870967741935483,0.6609785976672193,0,68,4040,1207,0.999,"{'nu':0.5,'kernel':'rbf','gamma':'auto'}",0.2384157906636638,0.30858635224151243,0.29647729538652484,0.2384157906636638,0.070552821365142,0.10891019598346904,-1.7606682797852482,-3.091916252778669,-0.3636769151630123,-2.2626921951286003,2.4656972749710926,0.30858635224151243,0.27068826288658254,0.03789808935492989,0.29647729538652484,0.24312896186750654,0.0533483335190183,0.2384157906636638,0.3460646884995411,0.10764889783587728,0.070552821365142,0.3322154422384607,0.2616626208733187,0.10891019598346904,0.40982891351011297,0.3009187175266439,1018.0,0.9195298372513563,940.0,0.849005424954792,403.0,0.36347197106690776,228.0,0.20524412296564196,286.0,0.2576853526220615,0.20524412296564196,WACC_0p7_WRT_0p3,0.518987341772152,741,False,,,False,False,False,False,False,68.0,0.6767676767676768
OCDD,PokerHand,711,0.88,367,0.9193548387096774,0.7786662706030079,0,35,3363,1845,0.061,"{'nu':0.5,'kernel':'rbf','gamma':'auto'}",0.138606674972483,0.1822774761954296,0.18139881527027096,0.138606674972483,0.028150758186048893,0.06510733985826235,-1.7606682797852482,-3.091916252778669,-0.3636769151630123,-2.2626921951286003,2.4656972749710926,0.1822774761954296,0.13984964329698737,0.042427832898442236,0.18139881527027096,0.19513164669525332,0.013732831424982356,0.138606674972483,0.3163894435321031,0.17778276855962008,0.028150758186048893,0.3377268388443118,0.3095760806582629,0.06510733985826235,0.3990070688629876,0.33389972900472525,479.0,0.4321880650994575,485.0,0.4376130198915009,229.0,0.20614828209764918,239.0,0.21518987341772153,260.0,0.23417721518987342,0.20614828209764918,WACC_0p5_WRT_0p5,0.30506329113924047,742,False,,,False,False,False,False,False,35.0,0.3434343434343434
OCDD,PokerHand,908,0.87,377,0.9032258064516128,0.7696894065043408,0,49,4342,3591,0.553,"{'nu':0.5,'kernel':'rbf','gamma':'auto'}",0.1367638885484924,0.1931578753722391,0.18719056724026334,0.1367638885484924,0.019472510727168955,0.08253871448523514,-1.7606682797852482,-3.091916252778669,-0.3636769151630123,-2.2626921951286003,2.4656972749710926,0.1931578753722391,0.17690692485157314,0.01625095052066597,0.18719056724026334,0.18109262159395959,0.006097945646303754,0.1367638885484924,0.3433670990893559,0.20660321054086353,0.019472510727168955,0.43422462579311305,0.4147521150659441,0.08253871448523514,0.5153360686109765,0.43279735412574133,648.0,0.5849909584086799,229.0,0.20614828209764918,389.0,0.3508137432188065,519.0,0.46835443037974683,646.0,0.5831826401446655,0.20614828209764918,WACC_0p3_WRT_0p7,0.4386980108499096,743,False,,,False,False,False,False,False,49.0,0.48484848484848486
OCDD,PokerHand,554,0.77,209,0.7419354838709676,0.9664903592215291,1,1,94,1253,0.001,"{'nu':0.5,'kernel':'rbf','gamma':'auto'}",0.2093310944346903,0.0015596297133701749,0.09509379784570697,0.2093310944346903,0.2255989340453463,0.23116448861583747,-1.7606682797852482,-3.091916252778669,-0.3636769151630123,-2.2626921951286003,2.4656972749710926,0.0015596297133701749,0.10646905267074186,0.10490942295737168,0.09509379784570697,0.2762362301149897,0.18114243226928273,0.2093310944346903,0.5607440007060276,0.35141290627133726,0.2255989340453463,0.5844200385713951,0.3588211045260488,0.23116448861583747,0.5915291167645381,0.3603646281487006,229.0,0.20614828209764918,1030.0,0.930379746835443,1084.0,0.9792043399638336,1061.0,0.9584086799276673,1014.0,0.9159132007233273,0.20614828209764918,WACC_0p1_WRT_0p9,0.7980108499095842,744,False,,,False,False,False,False,False,1.0,0.0
OCDD,PokerHand,1085,0.8,288,0.7903225806451613,0.8595768850843719,0,32,758,4689,0.337,"{'nu':0.5,'kernel':'rbf','gamma':'auto'}",0.08515613394270895,0.10922311874502669,0.06924792553649477,0.08515613394270895,0.15222617672490035,0.1908680878886016,-1.7606682797852482,-3.091916252778669,-0.3636769151630123,-2.2626921951286003,2.4656972749710926,0.10922311874502669,0.10650418894535923,0.002718929799667452,0.06924792553649477,0.18560842873815978,0.11636050320166501,0.08515613394270895,0.4483231761472435,0.36316704220453455,0.15222617672490035,0.5219581282985961,0.36973195157369576,0.1908680878886016,0.5549535028240213,0.36408541493541974,230.0,0.2070524412296564,319.0,0.2875226039783002,859.0,0.7757685352622061,909.0,0.8209764918625678,872.0,0.7875226039783002,0.2070524412296564,WACC_0p1_WRT_0p9,0.5757685352622062,745,False,,,False,False,False,False,False,32.0,0.31313131313131315
OCDD,PokerHand,988,0.88,455,0.9193548387096774,0.7068782062041974,0,56,3822,2906,0.759,"{'nu':0.5,'kernel':'rbf','gamma':'auto'}",0.21310170658151076,0.2575307327856567,0.2558940539192513,0.21310170658151076,0.07116471124172159,0.07154239032668018,-1.7606682797852482,-3.091916252778669,-0.3636769151630123,-2.2626921951286003,2.4656972749710926,0.2575307327856567,0.21771248231411883,0.039818250471537864,0.2558940539192513,0.1816743161922178,0.0742197377270335,0.21310170658151076,0.3164887891540812,0.10338708257257043,0.07116471124172159,0.43233263577751463,0.36116792453579305,0.07154239032668018,0.5113802456433668,0.4398378553166866,841.0,0.759493670886076,239.0,0.21518987341772153,231.0,0.20795660036166366,509.0,0.4593128390596745,614.0,0.554249547920434,0.20795660036166366,WACC_0p5_WRT_0p5,0.43924050632911393,746,False,,,False,False,False,False,False,56.0,0.5555555555555556
OCDD,PokerHand,146,0.86,304,0.8870967741935483,0.8415352427908573,0,33,4114,4434,0.001,"{'nu':0.5,'kernel':'rbf','gamma':'auto'}",0.051050758630173006,0.11931428231807753,0.1091117426196845,0.051050758630173006,0.048139057287053935,0.09272517785393619,-1.7606682797852482,-3.091916252778669,-0.3636769151630123,-2.2626921951286003,2.4656972749710926,0.11931428231807753,0.11886193130060296,0.0004523510174745671,0.1091117426196845,0.18116701765709572,0.07205527503741123,0.051050758630173006,0.4259141930808259,0.3748634344506529,0.048139057287053935,0.48335734386087514,0.4352182865738212,0.09272517785393619,0.5180666377045514,0.4253414598506152,334.0,0.3010849909584087,231.0,0.20795660036166366,777.0,0.701627486437613,736.0,0.6645569620253164,662.0,0.5976491862567812,0.20795660036166366,WACC_0p3_WRT_0p7,0.4945750452079566,747,False,,,False,False,False,False,False,33.0,0.32323232323232326
OCDD,PokerHand,982,0.81,251,0.8064516129032256,0.9054460072134648,0,13,568,2783,0.353,"{'nu':0.5,'kernel':'rbf','gamma':'auto'}",0.10015140801394763,0.05966968132702312,0.025172684670514426,0.10015140801394763,0.14552761292060737,0.17012970750366885,-1.7606682797852482,-3.091916252778669,-0.3636769151630123,-2.2626921951286003,2.4656972749710926,0.05966968132702312,0.10653253114713411,0.04686284982011099,0.025172684670514426,0.19393053974396324,0.16875785507344881,0.10015140801394763,0.4497323114065661,0.3495809033926185,0.14552761292060737,0.49746093502863686,0.3519333221080295,0.17012970750366885,0.5280141652846495,0.35788445778098066,231.0,0.20795660036166366,460.0,0.41500904159132007,865.0,0.7811934900542495,807.0,0.72875226039783,721.0,0.650994575045208,0.20795660036166366,WACC_0p1_WRT_0p9,0.5567811934900542,748,False,,,False,False,False,False,False,13.0,0.12121212121212122
OCDD,PokerHand,948,0.89,370,0.935483870967742,0.7759478499239796,0,36,4893,2701,0.519,"{'nu':0.5,'kernel':'rbf','gamma':'auto'}",0.1525857491831301,0.1836568903126845,0.18774338481665373,0.1525857491831301,0.04383658322225164,0.04872432540672055,-1.7606682797852482,-3.091916252778669,-0.3636769151630123,-2.2626921951286003,2.4656972749710926,0.1836568903126845,0.17475580645370023,0.008901083858984277,0.18774338481665373,0.1882099004137829,0.0004665155971291801,0.1525857491831301,0.3170211108476592,0.16443536166452913,0.04383658322225164,0.38220931174561895,0.3383727285233673,0.04872432540672055,0.4536308887533833,0.40490656334666275,634.0,0.5723327305605787,363.0,0.32730560578661844,232.0,0.2088607594936709,346.0,0.31193490054249545,393.0,0.35443037974683544,0.2088607594936709,WACC_0p5_WRT_0p5,0.3549728752260398,749,False,,,False,False,False,False,False,36.0,0.35353535353535354
OCDD,PokerHand,777,0.88,353,0.9193548387096774,0.7916524901530937,0,29,3682,2928,0.303,"{'nu':0.5,'kernel':'rbf','gamma':'auto'}",0.12513077415293883,0.16866441502539162,0.16792287699789535,0.12513077415293883,0.02036967866014227,0.0639432608585207,-1.7606682797852482,-3.091916252778669,-0.3636769151630123,-2.2626921951286003,2.4656972749710926,0.16866441502539162,0.13978840148537028,0.02887601354002134,0.16792287699789535,0.18117598646044655,0.013253109462551205,0.12513077415293883,0.3431161434294162,0.21798536927647738,0.02036967866014227,0.41075808211367776,0.3903884034535355,0.0639432608585207,0.4732395234872903,0.4092962626287696,478.0,0.43128390596745025,232.0,0.2088607594936709,386.0,0.34810126582278483,426.0,0.38426763110307416,457.0,0.41229656419529837,0.2088607594936709,WACC_0p3_WRT_0p7,0.3569620253164557,750,False,,,False,False,False,False,False,29.0,0.2828282828282828
OCDD,PokerHand,542,0.86,276,0.8870967741935483,0.8737761990620119,0,21,733,2303,0.275,"{'nu':0.5,'kernel':'rbf','gamma':'auto'}",0.017594068069719117,0.08551706302673687,0.07565495907488685,0.017594068069719117,0.055163830915744345,0.0898351127366718,-1.7606682797852482,-3.091916252778669,-0.3636769151630123,-2.2626921951286003,2.4656972749710926,0.08551706302673687,0.10658325867071282,0.021066195643975952,0.07565495907488685,0.1920453247914894,0.11639036571660254,0.017594068069719117,0.4078900208762917,0.3902959528065726,0.055163830915744345,0.4493097461617389,0.39414591524599457,0.0898351127366718,0.484031242902275,0.3941961301656032,232.0,0.2088607594936709,431.0,0.3887884267631103,687.0,0.620253164556962,576.0,0.5198915009041591,494.0,0.445750452079566,0.2088607594936709,WACC_0p1_WRT_0p9,0.43670886075949367,751,False,,,False,False,False,False,False,21.0,0.20202020202020202
OCDD,PokerHand,639,0.89,424,0.935483870967742,0.7304505401311192,0,52,4736,2723,0.36,"{'nu':0.5,'kernel':'rbf','gamma':'auto'}",0.1997986606821205,0.23135034404597532,0.23495642753189772,0.1997986606821205,0.07109764902725085,0.052802684213942394,-1.7606682797852482,-3.091916252778669,-0.3636769151630123,-2.2626921951286003,2.4656972749710926,0.23135034404597532,0.14704914914671205,0.08430119489926327,0.23495642753189772,0.18943060643047524,0.045525821101422476,0.1997986606821205,0.3171964219088942,0.1173977612267737,0.07109764902725085,0.37651780213453423,0.3054201531072834,0.052802684213942394,0.4361401571232479,0.3833374729093055,524.0,0.472875226039783,390.0,0.35171790235081374,233.0,0.20976491862567812,332.0,0.29927667269439423,353.0,0.3182640144665461,0.20976491862567812,WACC_0p5_WRT_0p5,0.330379746835443,752,False,,,False,False,False,False,False,52.0,0.5151515151515151
OCDD,PokerHand,300,0.9,303,0.9516129032258064,0.8426348069133212,0,7,1110,1573,0.001,"{'nu':0.5,'kernel':'rbf','gamma':'auto'}",0.09454232429812803,0.11228074627191781,0.12206525509920882,0.09454232429812803,0.01793611279499882,0.0261198434756496,-1.7606682797852482,-3.091916252778669,-0.3636769151630123,-2.2626921951286003,2.4656972749710926,0.11228074627191781,0.1405570009220853,0.028276254650167504,0.12206525509920882,0.20474954162401368,0.08268428652480486,0.09454232429812803,0.32222570122100874,0.2276833769228807,0.01793611279499882,0.33585553958398445,0.31791942678898566,0.0261198434756496,0.40042551978926566,0.37430567631361605,487.0,0.4394213381555154,638.0,0.5759493670886076,266.0,0.23960216998191683,233.0,0.20976491862567812,263.0,0.23688969258589512,0.20976491862567812,WACC_0p7_WRT_0p3,0.3403254972875226,753,False,,,False,False,False,False,False,7.0,0.06060606060606061
OCDD,PokerHand,88,0.86,493,0.8870967741935483,0.6800785490006123,0,65,1358,659,0.999,"{'nu':0.5,'kernel':'rbf','gamma':'auto'}",0.21859562292091053,0.28856445096043426,0.2766570725586672,0.21859562292091053,0.059108517679001514,0.10719808475991102,-1.7606682797852482,-3.091916252778669,-0.3636769151630123,-2.2626921951286003,2.4656972749710926,0.28856445096043426,0.2289181790578204,0.05964627190261387,0.2766570725586672,0.23799442206774019,0.03866265049092704,0.21859562292091053,0.3402748484626306,0.12167922554172009,0.059108517679001514,0.3457791969044946,0.2866706792254931,0.10719808475991102,0.389110782414619,0.28191269765470794,891.0,0.8047016274864376,916.0,0.8273056057866185,362.0,0.32640144665461124,255.0,0.22965641952983726,233.0,0.20976491862567812,0.20976491862567812,WACC_0p9_WRT_0p1,0.4795660036166366,754,False,,,False,False,False,False,False,65.0,0.6464646464646465
OCDD,PokerHand,986,0.88,274,0.9193548387096774,0.8762024196379794,0,7,1489,3316,0.038,"{'nu':0.5,'kernel':'rbf','gamma':'auto'}",0.03739265609299574,0.08003328126386985,0.08018451509221644,0.03739265609299574,0.02230708357965201,0.05636424242568184,-1.7606682797852482,-3.091916252778669,-0.3636769151630123,-2.2626921951286003,2.4656972749710926,0.08003328126386985,0.10668573271696884,0.026652451453098983,0.08018451509221644,0.20707631655432487,0.12689180146210843,0.03739265609299574,0.4572790780366245,0.41988642194362874,0.02230708357965201,0.486327365178992,0.46402028159934,0.05636424242568184,0.5190604732114326,0.46269623078575073,233.0,0.20976491862567812,672.0,0.6066907775768535,886.0,0.8001808318264014,751.0,0.6781193490054249,669.0,0.6039783001808319,0.20976491862567812,WACC_0p1_WRT_0p9,0.5797468354430381,755,False,,,False,False,False,False,False,7.0,0.06060606060606061
OCDD,PokerHand,871,0.85,323,0.8709677419354838,0.8213016707210846,0,40,586,1735,0.144,"{'nu':0.5,'kernel':'rbf','gamma':'auto'}",0.060889145436631174,0.14199474798790288,0.1265847002849691,0.060889145436631174,0.06042318544307197,0.11116559882460034,-1.7606682797852482,-3.091916252778669,-0.3636769151630123,-2.2626921951286003,2.4656972749710926,0.14199474798790288,0.10681281653734905,0.03518193145055383,0.1265847002849691,0.2018493791436322,0.07526467885866311,0.060889145436631174,0.40496943353709913,0.344080288100468,0.06042318544307197,0.4193186392859993,0.3588954538429273,0.11116559882460034,0.4585364393314079,0.34737084050680755,234.0,0.21066907775768534,600.0,0.5415913200723327,679.0,0.6130198915009042,454.0,0.40958408679927666,406.0,0.36618444846292947,0.21066907775768534,WACC_0p1_WRT_0p9,0.4282097649186256,756,False,,,False,False,False,False,False,40.0,0.3939393939393939
OCDD,PokerHand,1054,0.81,286,0.8064516129032256,0.8619020123061318,0,30,810,3415,0.434,"{'nu':0.5,'kernel':'rbf','gamma':'auto'}",0.07002744702616744,0.10531553414624699,0.07035875173496506,0.07002744702616744,0.13604009324097135,0.17403297202503207,-1.7606682797852482,-3.091916252778669,-0.3636769151630123,-2.2626921951286003,2.4656972749710926,0.10531553414624699,0.11904875219549577,0.013733218049248777,0.07035875173496506,0.18144285900305768,0.11108410726809262,0.07002744702616744,0.43213757496158167,0.36211012793541425,0.13604009324097135,0.4775413933415313,0.3415013001005599,0.17403297202503207,0.5332459202415538,0.3592129482165217,336.0,0.30289330922242313,234.0,0.21066907775768534,804.0,0.7260397830018083,695.0,0.6274864376130199,748.0,0.6754068716094033,0.21066907775768534,WACC_0p3_WRT_0p7,0.5084990958408679,757,False,,,False,False,False,False,False,30.0,0.29292929292929293
OCDD,PokerHand,261,0.88,265,0.9193548387096774,0.8873433837751918,0,6,3008,2561,0.24,"{'nu':0.5,'kernel':'rbf','gamma':'auto'}",0.025831591137322717,0.06835454553110844,0.06862341800551015,0.025831591137322717,0.02473451626530397,0.05536557130827275,-1.7606682797852482,-3.091916252778669,-0.3636769151630123,-2.2626921951286003,2.4656972749710926,0.06835454553110844,0.11319656947838139,0.04484202394727295,0.06862341800551015,0.1814815275287471,0.11285810952323695,0.025831591137322717,0.38371168417525375,0.35788009303793106,0.02473451626530397,0.4302133604093865,0.40547884414408253,0.05536557130827275,0.4654089863186472,0.41004341501037445,282.0,0.25406871609403253,235.0,0.2115732368896926,581.0,0.5244122965641953,500.0,0.4511754068716094,427.0,0.38517179023508136,0.2115732368896926,WACC_0p3_WRT_0p7,0.3652802893309222,758,False,,,False,False,False,False,False,6.0,0.050505050505050504
OCDD,PokerHand,708,0.58,223,0.4354838709677418,0.9448817668439744,0,14,2019,3964,0.223,"{'nu':0.5,'kernel':'rbf','gamma':'auto'}",0.5123893756489353,0.06774469309134688,0.26032083205813733,0.5123893756489353,0.5380518956492233,0.5490086305074579,-1.7606682797852482,-3.091916252778669,-0.3636769151630123,-2.2626921951286003,2.4656972749710926,0.06774469309134688,0.10686127139277302,0.03911657830142613,0.26032083205813733,0.225752899331678,0.03456793272645933,0.5123893756489353,0.51169601980539,0.0006933558435452403,0.5380518956492233,0.564544080958424,0.026492185309200722,0.5490086305074579,0.5791716126301765,0.030162982122718618,235.0,0.2115732368896926,851.0,0.7685352622061483,1030.0,0.930379746835443,1030.0,0.930379746835443,979.0,0.8842676311030742,0.2115732368896926,WACC_0p1_WRT_0p9,0.7450271247739602,759,False,,,False,False,False,False,False,14.0,0.13131313131313133
OCDD,PokerHand,945,0.86,569,0.8870967741935483,0.6321659575031382,0,69,4349,1904,0.95,"{'nu':0.5,'kernel':'rbf','gamma':'auto'}",0.2683148909909647,0.3387897714514808,0.32637647881075416,0.2683148909909647,0.08781677132404789,0.11149294835514736,-1.7606682797852482,-3.091916252778669,-0.3636769151630123,-2.2626921951286003,2.4656972749710926,0.3387897714514808,0.24355617998095844,0.09523359147052238,0.32637647881075416,0.201560592248682,0.12481588656207215,0.2683148909909647,0.31757686870775503,0.049261977716790306,0.08781677132404789,0.3582757765859981,0.2704590052619502,0.11149294835514736,0.44400386199870323,0.3325109136435559,946.0,0.8544303797468354,593.0,0.5352622061482821,236.0,0.21247739602169982,295.0,0.26582278481012656,371.0,0.3345388788426763,0.21247739602169982,WACC_0p5_WRT_0p5,0.440506329113924,760,False,,,False,False,False,False,False,69.0,0.6868686868686869
OCDD,PokerHand,30,0.85,277,0.8709677419354838,0.8725696501009428,0,23,130,460,0.206,"{'nu':0.5,'kernel':'rbf','gamma':'auto'}",0.010458486212369588,0.08825207586762118,0.07338337230743389,0.010458486212369588,0.07159363418891422,0.10656995973771252,-1.7606682797852482,-3.091916252778669,-0.3636769151630123,-2.2626921951286003,2.4656972749710926,0.08825207586762118,0.17862367014439337,0.09037159427677219,0.07338337230743389,0.253043759718039,0.1796603874106051,0.010458486212369588,0.4078406366262351,0.3973821504138655,0.07159363418891422,0.3560895389826843,0.28449590479377007,0.10656995973771252,0.39015608480480496,0.28358612506709246,655.0,0.5913200723327305,979.0,0.8842676311030742,686.0,0.6193490054249547,288.0,0.25949367088607594,236.0,0.21247739602169982,0.21247739602169982,WACC_0p9_WRT_0p1,0.5133815551537071,761,False,,,False,False,False,False,False,23.0,0.2222222222222222
OCDD,PokerHand,529,0.72,303,0.661290322580645,0.8426348069133212,0,41,196,2861,0.429,"{'nu':0.5,'kernel':'rbf','gamma':'auto'}",0.20733329227631403,0.13874477932609494,0.05863981666237001,0.20733329227631403,0.28207630022677205,0.32540030818194426,-1.7606682797852482,-3.091916252778669,-0.3636769151630123,-2.2626921951286003,2.4656972749710926,0.13874477932609494,0.10696304037354956,0.03178173895254538,0.05863981666237001,0.20922520046262727,0.15058538380025727,0.20733329227631403,0.4956029617653468,0.28826966948903276,0.28207630022677205,0.5407737845465991,0.25869748431982703,0.32540030818194426,0.5872568858481262,0.2618565776661819,236.0,0.21247739602169982,704.0,0.635623869801085,1007.0,0.9095840867992767,972.0,0.8779385171790235,1004.0,0.906871609403255,0.21247739602169982,WACC_0p1_WRT_0p9,0.708499095840868,762,False,,,False,False,False,False,False,41.0,0.40404040404040403
OCDD,PokerHand,1,0.8,256,0.7903225806451613,0.8988678589939789,0,16,461,2338,0.459,"{'nu':0.5,'kernel':'rbf','gamma':'auto'}",0.11233783299773913,0.06803557919982385,0.028475263637067177,0.11233783299773913,0.16078703314133094,0.18734606229592107,-1.7606682797852482,-3.091916252778669,-0.3636769151630123,-2.2626921951286003,2.4656972749710926,0.06803557919982385,0.10731158061222298,0.039276001412399134,0.028475263637067177,0.19926460757057513,0.17078934393350795,0.11233783299773913,0.45266740999071153,0.3403295769929724,0.16078703314133094,0.48915267760216663,0.3283656444608357,0.18734606229592107,0.5359403185570717,0.3485942562611506,237.0,0.21338155515370705,559.0,0.5045207956600362,873.0,0.7884267631103075,765.0,0.6907775768535263,758.0,0.6844484629294756,0.21338155515370705,WACC_0p1_WRT_0p9,0.5763110307414105,763,False,,,False,False,False,False,False,16.0,0.15151515151515152
OCDD,PokerHand,499,0.88,404,0.9193548387096774,0.7465894220200254,0,48,3357,2025,0.156,"{'nu':0.5,'kernel':'rbf','gamma':'auto'}",0.17189306971120044,0.2159026663609,0.21468530252003837,0.17189306971120044,0.04737055566460008,0.0679826944346522,-1.7606682797852482,-3.091916252778669,-0.3636769151630123,-2.2626921951286003,2.4656972749710926,0.2159026663609,0.12733676621123208,0.08856590014966792,0.21468530252003837,0.1816661126461232,0.03301918987391517,0.17189306971120044,0.3222472065233302,0.15035413681212978,0.04737055566460008,0.3530649038243773,0.3056943481597772,0.0679826944346522,0.41838274630962086,0.35040005187496864,403.0,0.36347197106690776,238.0,0.21428571428571427,267.0,0.24050632911392406,278.0,0.2504520795660036,306.0,0.2757685352622061,0.21428571428571427,WACC_0p3_WRT_0p7,0.2688969258589512,764,False,,,False,False,False,False,False,48.0,0.47474747474747475
OCDD,PokerHand,494,0.84,554,0.8548387096774193,0.6410949393029223,0,72,878,516,0.995,"{'nu':0.5,'kernel':'rbf','gamma':'auto'}",0.23673292132907495,0.3323702380160271,0.31006350840590563,0.23673292132907495,0.054352701484063876,0.1439459433274024,-1.7606682797852482,-3.091916252778669,-0.3636769151630123,-2.2626921951286003,2.4656972749710926,0.3323702380160271,0.23186142206029473,0.10050881595573238,0.31006350840590563,0.2667996292715505,0.04326387913435514,0.23673292132907495,0.37214013389784684,0.1354072125687719,0.054352701484063876,0.35250137405421367,0.29814867257014976,0.1439459433274024,0.39099000128898226,0.24704405796157985,905.0,0.8173598553345389,1017.0,0.918625678119349,536.0,0.4837251356238698,272.0,0.24502712477396021,238.0,0.21428571428571427,0.21428571428571427,WACC_0p9_WRT_0p1,0.5358047016274865,765,False,,,False,False,False,False,False,72.0,0.7171717171717171
OCDD,PokerHand,863,0.8,279,0.7903225806451613,0.8701695181429151,0,27,930,4339,0.3,"{'nu':0.5,'kernel':'rbf','gamma':'auto'}",0.0924841723023609,0.09811918189708066,0.058255837447401086,0.0924841723023609,0.15453413709500333,0.18991856892753198,-1.7606682797852482,-3.091916252778669,-0.3636769151630123,-2.2626921951286003,2.4656972749710926,0.09811918189708066,0.1073391498971768,0.00921996800009614,0.058255837447401086,0.18597868042190963,0.12772284297450853,0.0924841723023609,0.4501214872765428,0.3576373149741819,0.15453413709500333,0.5156831185702436,0.3611489814752403,0.18991856892753198,0.5395396497857782,0.34962108085824617,238.0,0.21428571428571427,329.0,0.2965641952983725,867.0,0.783001808318264,884.0,0.798372513562387,784.0,0.7079566003616636,0.21428571428571427,WACC_0p1_WRT_0p9,0.5600361663652803,766,False,,,False,False,False,False,False,27.0,0.26262626262626265
OCDD,PokerHand,475,0.88,259,0.9193548387096774,0.8949821251560734,0,4,3395,3625,0.1,"{'nu':0.5,'kernel':'rbf','gamma':'auto'}",0.017904809918362966,0.06034708398473758,0.06069661475608244,0.017904809918362966,0.026398872265092126,0.05468083789593159,-1.7606682797852482,-3.091916252778669,-0.3636769151630123,-2.2626921951286003,2.4656972749710926,0.06034708398473758,0.10745840933265349,0.047111325347915914,0.06069661475608244,0.190518193667438,0.12982157891135554,0.017904809918362966,0.4211582579989756,0.40325344808061264,0.026398872265092126,0.47431355856527774,0.4479146863001856,0.05468083789593159,0.5093279707307449,0.4546471328348133,239.0,0.21518987341772153,402.0,0.36256781193490056,757.0,0.6835443037974683,677.0,0.6112115732368897,602.0,0.5433996383363472,0.21518987341772153,WACC_0p1_WRT_0p9,0.4831826401446654,767,False,,,False,False,False,False,False,4.0,0.030303030303030304
OCDD,PokerHand,732,0.72,300,0.661290322580645,0.8459553330484337,0,40,2062,454,0.981,"{'nu':0.5,'kernel':'rbf','gamma':'auto'}",0.20963044943807438,0.1352639722120878,0.05519407134318729,0.20963044943807438,0.28279978820991797,0.32510265768196084,-1.7606682797852482,-3.091916252778669,-0.3636769151630123,-2.2626921951286003,2.4656972749710926,0.1352639722120878,0.23374570063433603,0.09848172842224823,0.05519407134318729,0.24136204185246043,0.18616797050927314,0.20963044943807438,0.34872924688246165,0.13909879744438727,0.28279978820991797,0.34845454880809695,0.06565476059817899,0.32510265768196084,0.39100037069684074,0.0658977130148799,912.0,0.8236889692585895,933.0,0.8426763110307414,416.0,0.3752260397830018,262.0,0.2359855334538879,239.0,0.21518987341772153,0.21518987341772153,WACC_0p9_WRT_0p1,0.49855334538878837,768,False,,,False,False,False,False,False,40.0,0.3939393939393939
OCDD,PokerHand,243,0.89,307,0.935483870967742,0.8382580521142308,0,15,4085,2718,0.001,"{'nu':0.5,'kernel':'rbf','gamma':'auto'}",0.08792596875026211,0.11833899000599225,0.123083424678407,0.08792596875026211,0.006501573087261165,0.04313886633146193,-1.7606682797852482,-3.091916252778669,-0.3636769151630123,-2.2626921951286003,2.4656972749710926,0.11833899000599225,0.12573531569551097,0.007396325689518715,0.123083424678407,0.18319171095216474,0.06010828627375775,0.08792596875026211,0.31873159889483166,0.23080563014456956,0.006501573087261165,0.37560019063282074,0.36909861754555956,0.04313886633146193,0.42351373539428905,0.38037486906282714,395.0,0.3562386980108499,266.0,0.23960216998191683,240.0,0.21609403254972875,331.0,0.298372513562387,318.0,0.28661844484629295,0.21609403254972875,WACC_0p5_WRT_0p5,0.27938517179023503,769,False,,,False,False,False,False,False,15.0,0.1414141414141414
OCDD,PokerHand,128,0.88,382,0.9193548387096774,0.7652896457634151,0,42,3154,1946,0.406,"{'nu':0.5,'kernel':'rbf','gamma':'auto'}",0.15248770239107545,0.19629978742216553,0.1952798812676411,0.15248770239107545,0.03616576064797797,0.06630641461617288,-1.7606682797852482,-3.091916252778669,-0.3636769151630123,-2.2626921951286003,2.4656972749710926,0.19629978742216553,0.14570104945717263,0.050598737964992896,0.1952798812676411,0.18170445870673782,0.013575422560903272,0.15248770239107545,0.32972613432440173,0.17723843193332628,0.03616576064797797,0.3795277421887392,0.34336198154076125,0.06630641461617288,0.42298737679731585,0.356680962181143,515.0,0.46473779385171793,240.0,0.21609403254972875,308.0,0.27757685352622063,338.0,0.3047016274864376,315.0,0.28390596745027125,0.21609403254972875,WACC_0p3_WRT_0p7,0.30940325497287524,770,False,,,False,False,False,False,False,42.0,0.41414141414141414
OCDD,PokerHand,387,0.8,287,0.7903225806451613,0.860737430351594,0,31,759,3259,0.302,"{'nu':0.5,'kernel':'rbf','gamma':'auto'}",0.08595900516361442,0.10800655424352879,0.06804361535807339,0.08595900516361442,0.15247904043401356,0.19076405712209468,-1.7606682797852482,-3.091916252778669,-0.3636769151630123,-2.2626921951286003,2.4656972749710926,0.10800655424352879,0.10748968416175707,0.000516870081771717,0.06804361535807339,0.19192834168109862,0.12388472632302523,0.08595900516361442,0.4395509081841493,0.3535919030205349,0.15247904043401356,0.490428538323755,0.33794949788974143,0.19076405712209468,0.5190079846996137,0.3282439275775191,240.0,0.21609403254972875,429.0,0.38698010849909587,827.0,0.7468354430379747,773.0,0.6980108499095841,667.0,0.6021699819168174,0.21609403254972875,WACC_0p1_WRT_0p9,0.5300180831826401,771,False,,,False,False,False,False,False,31.0,0.30303030303030304
OCDD,PokerHand,374,0.88,326,0.9193548387096774,0.8182157781450479,0,22,3544,2876,0.39,"{'nu':0.5,'kernel':'rbf','gamma':'auto'}",0.09756584403297973,0.14081892366301763,0.14035787026823893,0.09756584403297973,0.009672748960355528,0.061562139424660524,-1.7606682797852482,-3.091916252778669,-0.3636769151630123,-2.2626921951286003,2.4656972749710926,0.14081892366301763,0.1328809966753024,0.007937926987715227,0.14035787026823893,0.18171147289023942,0.041353602622000496,0.09756584403297973,0.35603597768921846,0.2584701336562387,0.009672748960355528,0.4165382467924211,0.40686549783206555,0.061562139424660524,0.4780878092285982,0.4165256698039377,441.0,0.39783001808318263,241.0,0.21699819168173598,456.0,0.41139240506329117,443.0,0.3996383363471971,480.0,0.43309222423146476,0.21699819168173598,WACC_0p3_WRT_0p7,0.3717902350813743,772,False,,,False,False,False,False,False,22.0,0.21212121212121213
OCDD,PokerHand,1096,0.87,362,0.9032258064516128,0.7832466016012307,0,45,285,713,0.06,"{'nu':0.5,'kernel':'rbf','gamma':'auto'}",0.12269548197240836,0.17894627780635003,0.17312212156462903,0.12269548197240836,0.018746231475422485,0.08132345348900581,-1.7606682797852482,-3.091916252778669,-0.3636769151630123,-2.2626921951286003,2.4656972749710926,0.17894627780635003,0.1662105338367717,0.012735743969578328,0.17312212156462903,0.21796756912974147,0.04484544756511244,0.12269548197240836,0.36852295439184374,0.24582747241943537,0.018746231475422485,0.3636497669929305,0.344903535517508,0.08132345348900581,0.39302716240519736,0.31170370891619154,606.0,0.5470162748643761,784.0,0.7079566003616636,515.0,0.46473779385171793,305.0,0.27486437613019893,242.0,0.2179023508137432,0.2179023508137432,WACC_0p9_WRT_0p1,0.44249547920433996,773,False,,,False,False,False,False,False,45.0,0.4444444444444444
OCDD,PokerHand,332,0.83,246,0.8387096774193548,0.9121559907883502,0,9,3417,3930,0.001,"{'nu':0.5,'kernel':'rbf','gamma':'auto'}",0.07131896545165588,0.04969536038011554,0.025256934220919028,0.07131896545165588,0.11360422702371287,0.13627484256455186,-1.7606682797852482,-3.091916252778669,-0.3636769151630123,-2.2626921951286003,2.4656972749710926,0.04969536038011554,0.10771653220467947,0.058021171824563934,0.025256934220919028,0.19898723588592487,0.17373030166500586,0.07131896545165588,0.44919822064309217,0.3778792551914363,0.11360422702371287,0.5062981616787295,0.3926939346550167,0.13627484256455186,0.5238469065958397,0.3875720640312878,242.0,0.2179023508137432,550.0,0.49638336347197104,863.0,0.779385171790235,846.0,0.7640144665461122,696.0,0.6283905967450272,0.2179023508137432,WACC_0p1_WRT_0p9,0.5772151898734178,774,False,,,False,False,False,False,False,9.0,0.08080808080808081
OCDD,PokerHand,759,0.74,358,0.693548387096774,0.7869565229308064,0,58,349,4492,0.675,"{'nu':0.5,'kernel':'rbf','gamma':'auto'}",0.13534032340048896,0.19417019224907794,0.12346503561355941,0.13534032340048896,0.23655953784963302,0.2971379000632078,-1.7606682797852482,-3.091916252778669,-0.3636769151630123,-2.2626921951286003,2.4656972749710926,0.19417019224907794,0.20484734584042824,0.010677153591350297,0.12346503561355941,0.18184686415228066,0.058381828538721245,0.13534032340048896,0.4511577719289454,0.31581744852845645,0.23655953784963302,0.5662043961621767,0.32964485831254364,0.2971379000632078,0.6271072292284234,0.32996932916521565,784.0,0.7079566003616636,242.0,0.2179023508137432,870.0,0.7857142857142857,1033.0,0.9330922242314648,1085.0,0.9801084990958409,0.2179023508137432,WACC_0p3_WRT_0p7,0.7249547920433995,775,False,,,False,False,False,False,False,58.0,0.5757575757575758
OCDD,PokerHand,904,0.83,250,0.8387096774193548,0.9067772891835794,0,11,3721,4786,0.031,"{'nu':0.5,'kernel':'rbf','gamma':'auto'}",0.06759795185031217,0.0553336905868956,0.0308384701353446,0.06759795185031217,0.11243229648691318,0.13675698700696187,-1.7606682797852482,-3.091916252778669,-0.3636769151630123,-2.2626921951286003,2.4656972749710926,0.0553336905868956,0.10818752608295706,0.052853835496061465,0.0308384701353446,0.19341846804268012,0.16257999790733552,0.06759795185031217,0.4464675351315187,0.37886958328120657,0.11243229648691318,0.5022775728144893,0.3898452763275761,0.13675698700696187,0.5315612613937423,0.3948042743867804,243.0,0.21880650994575046,452.0,0.4077757685352622,852.0,0.7694394213381555,827.0,0.7468354430379747,740.0,0.6681735985533453,0.21880650994575046,WACC_0p1_WRT_0p9,0.5622061482820977,776,False,,,False,False,False,False,False,11.0,0.10101010101010101
OCDD,PokerHand,263,0.84,255,0.8548387096774193,0.9001731899821036,0,12,2150,647,0.691,"{'nu':0.5,'kernel':'rbf','gamma':'auto'}",0.046291979891434895,0.06078634397206587,0.04121524964959684,0.046291979891434895,0.09430068155611847,0.12072228306644174,-1.7606682797852482,-3.091916252778669,-0.3636769151630123,-2.2626921951286003,2.4656972749710926,0.06078634397206587,0.1811906686670664,0.12040432469500054,0.04121524964959684,0.18479611522287642,0.1435808655732796,0.046291979891434895,0.3486838950932871,0.3023919152018522,0.09430068155611847,0.3553261742143446,0.2610254926582261,0.12072228306644174,0.3940381888957969,0.27331590582935517,667.0,0.6021699819168174,305.0,0.27486437613019893,414.0,0.37341772151898733,283.0,0.2549728752260398,244.0,0.2197106690777577,0.2197106690777577,WACC_0p9_WRT_0p1,0.34502712477396025,777,False,,,False,False,False,False,False,12.0,0.1111111111111111
OCDD,PokerHand,990,0.77,325,0.7419354838709676,0.8192412520687954,0,44,879,4599,0.513,"{'nu':0.5,'kernel':'rbf','gamma':'auto'}",0.10746340019133502,0.15591641500970316,0.10053373490500192,0.10746340019133502,0.19351577757581595,0.24436383371439407,-1.7606682797852482,-3.091916252778669,-0.3636769151630123,-2.2626921951286003,2.4656972749710926,0.15591641500970316,0.143067119782992,0.01284929522671116,0.10053373490500192,0.18198626276236826,0.08145252785736634,0.10746340019133502,0.43196587576742834,0.32450247557609335,0.19351577757581595,0.522574182017089,0.3290584044412731,0.24436383371439407,0.5658443555548442,0.3214805218404502,498.0,0.44936708860759494,244.0,0.2197106690777577,803.0,0.7251356238698011,911.0,0.8227848101265823,935.0,0.8444846292947559,0.2197106690777577,WACC_0p3_WRT_0p7,0.6122965641952984,778,False,,,False,False,False,False,False,44.0,0.43434343434343436
OCDD,PokerHand,1015,0.76,236,0.7258064516129031,0.9259933721594106,0,12,109,1219,0.53,"{'nu':0.5,'kernel':'rbf','gamma':'auto'}",0.19805229119997042,0.04548162042755268,0.06939503362763996,0.19805229119997042,0.2334679976459499,0.2514213131799156,-1.7606682797852482,-3.091916252778669,-0.3636769151630123,-2.2626921951286003,2.4656972749710926,0.04548162042755268,0.10839599251888848,0.0629143720913358,0.06939503362763996,0.21781608486057227,0.1484210512329323,0.19805229119997042,0.4933256458444645,0.29527335464449406,0.2334679976459499,0.5610082025599074,0.32754020491395747,0.2514213131799156,0.5691108623955468,0.31768954921563114,244.0,0.2197106690777577,781.0,0.705244122965642,998.0,0.9014466546112115,1021.0,0.9222423146473779,942.0,0.8508137432188065,0.2197106690777577,WACC_0p1_WRT_0p9,0.7198915009041591,779,False,,,False,False,False,False,False,12.0,0.1111111111111111
OCDD,PokerHand,614,0.91,395,0.967741935483871,0.7541137156218505,0,25,3658,1732,0.662,"{'nu':0.5,'kernel':'rbf','gamma':'auto'}",0.1975594957599222,0.20360450478400297,0.21744816935543523,0.1975594957599222,0.08503315885635153,0.017428142619759602,-1.7606682797852482,-3.091916252778669,-0.3636769151630123,-2.2626921951286003,2.4656972749710926,0.20360450478400297,0.21680071051018387,0.01319620572618091,0.21744816935543523,0.19853411499054813,0.018914054364887106,0.1975594957599222,0.3192915407353035,0.12173204497538131,0.08503315885635153,0.3736240124700878,0.28859085361373626,0.017428142619759602,0.43430861001832993,0.4168804673985703,835.0,0.7540687160940326,539.0,0.4864376130198915,245.0,0.2206148282097649,326.0,0.2938517179023508,346.0,0.31193490054249545,0.2206148282097649,WACC_0p5_WRT_0p5,0.41338155515370706,780,False,,,False,False,False,False,False,25.0,0.24242424242424243
OCDD,PokerHand,764,0.92,562,0.9838709677419356,0.6363032013551286,0,36,1970,803,0.533,"{'nu':0.5,'kernel':'rbf','gamma':'auto'}",0.33097052877271366,0.3256314795061185,0.3432250296346501,0.33097052877271366,0.16967983347275514,0.06033549947707516,-1.7606682797852482,-3.091916252778669,-0.3636769151630123,-2.2626921951286003,2.4656972749710926,0.3256314795061185,0.19257334224768435,0.13305813725843413,0.3432250296346501,0.2204592690391021,0.12276576059554803,0.33097052877271366,0.3600666865596302,0.029096157786916543,0.16967983347275514,0.3560067182322927,0.18632688475953754,0.06033549947707516,0.394062192127025,0.3337266926499498,727.0,0.6564195298372514,806.0,0.7278481012658228,476.0,0.4294755877034358,287.0,0.2585895117540687,245.0,0.2206148282097649,0.2206148282097649,WACC_0p9_WRT_0p1,0.4585895117540687,781,False,,,False,False,False,False,False,36.0,0.35353535353535354
OCDD,PokerHand,546,0.79,268,0.7741935483870968,0.8835883876958545,0,23,844,4539,0.32,"{'nu':0.5,'kernel':'rbf','gamma':'auto'}",0.11850463765223386,0.08552281087365267,0.04080729819256044,0.11850463765223386,0.17415057830228706,0.20534239985580982,-1.7606682797852482,-3.091916252778669,-0.3636769151630123,-2.2626921951286003,2.4656972749710926,0.08552281087365267,0.10872208252512927,0.023199271651476602,0.04080729819256044,0.18360603163565395,0.14279873344309352,0.11850463765223386,0.4562930623548117,0.33778842470257786,0.17415057830228706,0.5181406170216999,0.3439900387194128,0.20534239985580982,0.5440958073322895,0.33875340747647964,245.0,0.2206148282097649,275.0,0.24773960216998192,884.0,0.798372513562387,896.0,0.8092224231464737,812.0,0.7332730560578662,0.2206148282097649,WACC_0p1_WRT_0p9,0.5618444846292947,782,False,,,False,False,False,False,False,23.0,0.2222222222222222
OCDD,PokerHand,484,0.84,942,0.8548387096774193,0.4636090742774276,0,79,1985,3856,0.865,"{'nu':0.5,'kernel':'rbf','gamma':'auto'}",0.4209113810208918,0.518423302042131,0.4942424799748064,0.4209113810208918,0.1606986341984524,0.15985569808168681,-1.7606682797852482,-3.091916252778669,-0.3636769151630123,-2.2626921951286003,2.4656972749710926,0.518423302042131,0.23919515612062003,0.279228145921511,0.4942424799748064,0.1821050814991486,0.3121373984756578,0.4209113810208918,0.3826467538635765,0.03826462715731532,0.1606986341984524,0.524503042149986,0.36380440795153357,0.15985569808168681,0.5955183374501611,0.4356626393684743,927.0,0.8372513562386981,245.0,0.2206148282097649,580.0,0.523508137432188,918.0,0.8291139240506329,1025.0,0.9258589511754068,0.2206148282097649,WACC_0p3_WRT_0p7,0.6672694394213381,783,False,,,False,False,False,False,False,79.0,0.7878787878787878
OCDD,PokerHand,389,0.79,267,0.7741935483870968,0.8848353797308413,0,22,194,1160,0.324,"{'nu':0.5,'kernel':'rbf','gamma':'auto'}",0.11936731319438282,0.08421562684019675,0.03951328128295759,0.11936731319438282,0.17442227733903057,0.20523062003912226,-1.7606682797852482,-3.091916252778669,-0.3636769151630123,-2.2626921951286003,2.4656972749710926,0.08421562684019675,0.108839194835353,0.024623567995156248,0.03951328128295759,0.2264777105923046,0.186964429309347,0.11936731319438282,0.46153848035507206,0.34217116716068924,0.17442227733903057,0.5031358385668345,0.32871356122780393,0.20523062003912226,0.5220778219031823,0.31684720186406,246.0,0.22151898734177214,856.0,0.7730560578661845,905.0,0.8173598553345389,832.0,0.7513562386980108,683.0,0.6166365280289331,0.22151898734177214,WACC_0p1_WRT_0p9,0.635985533453888,784,False,,,False,False,False,False,False,22.0,0.21212121212121213
OCDD,PokerHand,262,0.9,347,0.9516129032258064,0.7973759966090131,0,24,628,792,0.657,"{'nu':0.5,'kernel':'rbf','gamma':'auto'}",0.14150774302673613,0.15972418820507203,0.16903080435622736,0.14150774302673613,0.04505427454080234,0.030176823293782108,-1.7606682797852482,-3.091916252778669,-0.3636769151630123,-2.2626921951286003,2.4656972749710926,0.15972418820507203,0.19150238028788014,0.031778192082808104,0.16903080435622736,0.23112002619133373,0.06208922183510637,0.14150774302673613,0.3431187182690019,0.2016109752422658,0.04505427454080234,0.36317227975264144,0.3181180052118391,0.030176823293782108,0.3942451984424166,0.3640683751486345,722.0,0.6518987341772152,876.0,0.7911392405063291,387.0,0.34900542495479203,304.0,0.2739602169981917,247.0,0.2224231464737794,0.2224231464737794,WACC_0p9_WRT_0p1,0.45768535262206156,785,False,,,False,False,False,False,False,24.0,0.23232323232323232
OCDD,PokerHand,984,0.83,267,0.8387096774193548,0.8848353797308413,0,19,3192,4181,0.284,"{'nu':0.5,'kernel':'rbf','gamma':'auto'}",0.052418425356284014,0.07833473060593515,0.05360782315781065,0.052418425356284014,0.10765151561954754,0.13872385010439017,-1.7606682797852482,-3.091916252778669,-0.3636769151630123,-2.2626921951286003,2.4656972749710926,0.07833473060593515,0.10910389823870373,0.030769167632768574,0.05360782315781065,0.1926087410256933,0.13900091786788266,0.052418425356284014,0.44847415195646967,0.3960557266001857,0.10765151561954754,0.5090044858230822,0.40135297020353466,0.13872385010439017,0.5381892013286537,0.3994653512242635,247.0,0.2224231464737794,442.0,0.3987341772151899,860.0,0.7766726943942134,859.0,0.7757685352622061,772.0,0.6971066907775768,0.2224231464737794,WACC_0p1_WRT_0p9,0.574141048824593,786,False,,,False,False,False,False,False,19.0,0.18181818181818182
OCDD,PokerHand,18,0.86,359,0.8870967741935483,0.7860251816505348,0,51,4185,4163,0.268,"{'nu':0.5,'kernel':'rbf','gamma':'auto'}",0.1086539799162997,0.17750380044082975,0.1667151239992824,0.1086539799162997,0.036044328757726465,0.09770107528109757,-1.7606682797852482,-3.091916252778669,-0.3636769151630123,-2.2626921951286003,2.4656972749710926,0.17750380044082975,0.12805865077210063,0.04944514966872912,0.1667151239992824,0.1822808531033308,0.01556572910404841,0.1086539799162997,0.3980566106804403,0.2894026307641406,0.036044328757726465,0.46882436323669907,0.4327800344789726,0.09770107528109757,0.5122352514453518,0.4145341761642542,411.0,0.3707052441229656,248.0,0.22332730560578662,654.0,0.5904159132007233,655.0,0.5913200723327305,624.0,0.5632911392405063,0.22332730560578662,WACC_0p3_WRT_0p7,0.4678119349005424,787,False,,,False,False,False,False,False,51.0,0.5050505050505051
OCDD,PokerHand,581,0.78,259,0.7580645161290321,0.8949821251560734,0,19,74,762,0.402,"{'nu':0.5,'kernel':'rbf','gamma':'auto'}",0.14312410614166643,0.07504932457039158,0.025460260068949764,0.14312410614166643,0.19332577656379993,0.22094776273276207,-1.7606682797852482,-3.091916252778669,-0.3636769151630123,-2.2626921951286003,2.4656972749710926,0.07504932457039158,0.10910638576587602,0.034057061195484434,0.025460260068949764,0.24276061549199415,0.21730035542304438,0.14312410614166643,0.5104135064855585,0.36728940034389207,0.19332577656379993,0.5241590682793953,0.3308332917155954,0.22094776273276207,0.5254926985359614,0.3045449358031993,248.0,0.22332730560578662,938.0,0.8471971066907775,1029.0,0.9294755877034359,916.0,0.8273056057866185,707.0,0.6383363471971067,0.22332730560578662,WACC_0p1_WRT_0p9,0.6931283905967451,788,False,,,False,False,False,False,False,19.0,0.18181818181818182
OCDD,PokerHand,1084,0.86,490,0.8870967741935483,0.6821180495670169,0,64,2763,748,0.915,"{'nu':0.5,'kernel':'rbf','gamma':'auto'}",0.2164792173535881,0.2864265042038965,0.274540661109335,0.2164792173535881,0.05788649027994823,0.10701526482758535,-1.7606682797852482,-3.091916252778669,-0.3636769151630123,-2.2626921951286003,2.4656972749710926,0.2864265042038965,0.20831834541582642,0.07810815878807006,0.274540661109335,0.2169538224231906,0.05758683868614439,0.2164792173535881,0.33011152366435415,0.11363230631076604,0.05788649027994823,0.34901180581396946,0.2911253155340212,0.10701526482758535,0.39438215260575893,0.2873668877781736,802.0,0.7242314647377939,777.0,0.701627486437613,314.0,0.283001808318264,264.0,0.23779385171790235,249.0,0.22423146473779385,0.22423146473779385,WACC_0p9_WRT_0p1,0.43417721518987334,789,False,,,False,False,False,False,False,64.0,0.6363636363636364
OCDD,PokerHand,771,0.87,554,0.9032258064516128,0.6410949393029223,0,66,1930,2800,0.833,"{'nu':0.5,'kernel':'rbf','gamma':'auto'}",0.2702073652481441,0.32795956584033087,0.3206344148120454,0.2702073652481441,0.0965237088858522,0.09406586587635332,-1.7606682797852482,-3.091916252778669,-0.3636769151630123,-2.2626921951286003,2.4656972749710926,0.32795956584033087,0.21872938054545202,0.10923018529487885,0.3206344148120454,0.18229307054250532,0.1383413442695401,0.2702073652481441,0.4058212039164874,0.1356138386683433,0.0965237088858522,0.49711113225717457,0.40058742337132236,0.09406586587635332,0.5582542834298586,0.46418841755350526,847.0,0.7649186256781193,249.0,0.22423146473779385,680.0,0.6139240506329114,804.0,0.7260397830018083,893.0,0.8065099457504521,0.22423146473779385,WACC_0p3_WRT_0p7,0.627124773960217,790,False,,,False,False,False,False,False,66.0,0.6565656565656566
OCDD,PokerHand,258,0.88,299,0.9193548387096774,0.8470695336585994,0,11,2308,790,0.543,"{'nu':0.5,'kernel':'rbf','gamma':'auto'}",0.06762407798841709,0.11057240447578418,0.11041602100816936,0.06762407798841709,0.015959507303240736,0.05897570149116792,-1.7606682797852482,-3.091916252778669,-0.3636769151630123,-2.2626921951286003,2.4656972749710926,0.11057240447578418,0.14960295023602468,0.03903054576024051,0.11041602100816936,0.18314331496190175,0.0727272939537324,0.06762407798841709,0.3253633369773873,0.2577392589889702,0.015959507303240736,0.36632674104327284,0.3503672337400321,0.05897570149116792,0.3946104764522432,0.33563477496107524,536.0,0.4837251356238698,264.0,0.23779385171790235,281.0,0.25316455696202533,311.0,0.28028933092224234,250.0,0.22513562386980107,0.22513562386980107,WACC_0p9_WRT_0p1,0.29602169981916815,791,False,,,False,False,False,False,False,11.0,0.10101010101010101
OCDD,PokerHand,511,0.7,285,0.6290322580645159,0.8630706591273891,0,31,2124,2934,0.332,"{'nu':0.5,'kernel':'rbf','gamma':'auto'}",0.2549453644988464,0.12026294167491494,0.07254927641140455,0.2549453644988464,0.31991431687392174,0.35682183235930387,-1.7606682797852482,-3.091916252778669,-0.3636769151630123,-2.2626921951286003,2.4656972749710926,0.12026294167491494,0.10912605155564753,0.011136890119267412,0.07254927641140455,0.2080627423393837,0.13551346592797917,0.2549453644988464,0.4628758338257407,0.2079304693268943,0.31991431687392174,0.5101613553817193,0.1902470385077975,0.35682183235930387,0.5377600566044799,0.18093822424517603,250.0,0.22513562386980107,691.0,0.6238698010849909,909.0,0.8209764918625678,862.0,0.7784810126582279,770.0,0.6952983725135624,0.22513562386980107,WACC_0p1_WRT_0p9,0.62875226039783,792,False,,,False,False,False,False,False,31.0,0.30303030303030304
OCDD,PokerHand,841,0.81,708,0.8064516129032256,0.5591024766928743,0,86,3655,3452,0.92,"{'nu':0.5,'kernel':'rbf','gamma':'auto'}",0.28834269224417486,0.4227311287821104,0.3845770533038232,0.28834269224417486,0.07006505904327907,0.20117578900725286,-1.7606682797852482,-3.091916252778669,-0.3636769151630123,-2.2626921951286003,2.4656972749710926,0.4227311287821104,0.24561202601023135,0.17711910277187903,0.3845770533038232,0.18439739487083706,0.20017965843298613,0.28834269224417486,0.32037348032650587,0.03203078808233101,0.07006505904327907,0.4221735843515358,0.3521085253082567,0.20117578900725286,0.5343249560042839,0.333149166997031,953.0,0.8607594936708861,295.0,0.26582278481012656,251.0,0.22603978300180833,466.0,0.4204339963833635,752.0,0.6790235081374322,0.22603978300180833,WACC_0p5_WRT_0p5,0.49041591320072336,793,False,,,False,False,False,False,False,86.0,0.8585858585858586
OCDD,PokerHand,744,0.9,354,0.9516129032258064,0.790708012871315,0,27,606,1097,0.432,"{'nu':0.5,'kernel':'rbf','gamma':'auto'}",0.14842716150483817,0.16671403387586267,0.17595024206508939,0.14842716150483817,0.04904959523751261,0.03077453841862935,-1.7606682797852482,-3.091916252778669,-0.3636769151630123,-2.2626921951286003,2.4656972749710926,0.16671403387586267,0.13728184562017945,0.029432188255683223,0.17595024206508939,0.20656380619769968,0.030613564132610294,0.14842716150483817,0.33145532394360894,0.18302816243877076,0.04904959523751261,0.35989046409864744,0.3108408688611348,0.03077453841862935,0.3954268043225073,0.36465226590387795,465.0,0.41952983725135623,663.0,0.5985533453887885,324.0,0.29204339963833637,298.0,0.26853526220614826,252.0,0.22694394213381555,0.22694394213381555,WACC_0p9_WRT_0p1,0.36112115732368893,794,False,,,False,False,False,False,False,27.0,0.26262626262626265
OCDD,PokerHand,359,0.69,515,0.6129032258064514,0.6654901554774393,0,79,2219,1505,0.999,"{'nu':0.5,'kernel':'rbf','gamma':'auto'}",0.13499537168711634,0.3288508316423323,0.23189380085078862,0.13499537168711634,0.29355746808074756,0.3911595541514175,-1.7606682797852482,-3.091916252778669,-0.3636769151630123,-2.2626921951286003,2.4656972749710926,0.3288508316423323,0.18536009207228585,0.14349073957004646,0.23189380085078862,0.18250721374227255,0.04938658710851607,0.13499537168711634,0.36714996108029735,0.232154589393181,0.29355746808074756,0.45072141950099026,0.1571639514202427,0.3911595541514175,0.49663289956171053,0.10547334541029302,687.0,0.620253164556962,252.0,0.22694394213381555,507.0,0.45750452079566006,582.0,0.5253164556962026,547.0,0.4936708860759494,0.22694394213381555,WACC_0p3_WRT_0p7,0.46473779385171793,795,False,,,False,False,False,False,False,79.0,0.7878787878787878
OCDD,PokerHand,939,0.82,264,0.8225806451612901,0.8886044661487877,0,17,2418,2089,0.552,"{'nu':0.5,'kernel':'rbf','gamma':'auto'}",0.07176312080223143,0.07585393537326074,0.04617296658925382,0.07176312080223143,0.12516542793410346,0.1550126833419377,-1.7606682797852482,-3.091916252778669,-0.3636769151630123,-2.2626921951286003,2.4656972749710926,0.07585393537326074,0.1441718674659075,0.06831793209264675,0.04617296658925382,0.18254983898351368,0.13637687239425986,0.07176312080223143,0.39183129162759767,0.3200681708253662,0.12516542793410346,0.45649566929474833,0.3313302413606449,0.1550126833419377,0.49882673117103093,0.3438140478290932,506.0,0.4566003616636528,253.0,0.22784810126582278,626.0,0.5650994575045208,602.0,0.5433996383363472,554.0,0.5,0.22784810126582278,WACC_0p3_WRT_0p7,0.4585895117540687,796,False,,,False,False,False,False,False,17.0,0.16161616161616163
OCDD,PokerHand,879,0.86,362,0.8870967741935483,0.7832466016012307,0,53,1075,2153,0.568,"{'nu':0.5,'kernel':'rbf','gamma':'auto'}",0.1115373339993853,0.18041650186491537,0.16959848609591577,0.1115373339993853,0.03543892190529326,0.09795014597268883,-1.7606682797852482,-3.091916252778669,-0.3636769151630123,-2.2626921951286003,2.4656972749710926,0.18041650186491537,0.15953317453302437,0.020883327331890994,0.16959848609591577,0.18272731863081626,0.013128832534900492,0.1115373339993853,0.36405565765316833,0.252518323653783,0.03543892190529326,0.42560216791679545,0.3901632460115022,0.09795014597268883,0.47676809272636367,0.37881794675367486,585.0,0.5280289330922242,254.0,0.22875226039783003,492.0,0.44394213381555153,483.0,0.4358047016274864,476.0,0.4294755877034358,0.22875226039783003,WACC_0p3_WRT_0p7,0.41320072332730556,797,False,,,False,False,False,False,False,53.0,0.5252525252525253
OCDD,PokerHand,409,0.86,248,0.8870967741935483,0.9094558392641956,0,6,2948,2600,0.001,"{'nu':0.5,'kernel':'rbf','gamma':'auto'}",0.019239320777203535,0.04811517537775876,0.03862981660823095,0.019239320777203535,0.0629378371662261,0.08663680550664923,-1.7606682797852482,-3.091916252778669,-0.3636769151630123,-2.2626921951286003,2.4656972749710926,0.04811517537775876,0.10988802731359364,0.06177285193583488,0.03862981660823095,0.19850834566156672,0.15987852905333577,0.019239320777203535,0.39056488800824163,0.3713255672310381,0.0629378371662261,0.4243288446741347,0.3613910075079086,0.08663680550664923,0.46524918068515947,0.3786123751785102,254.0,0.22875226039783003,537.0,0.484629294755877,613.0,0.5533453887884268,478.0,0.43128390596745025,426.0,0.38426763110307416,0.22875226039783003,WACC_0p1_WRT_0p9,0.41645569620253164,798,False,,,False,False,False,False,False,6.0,0.050505050505050504
OCDD,PokerHand,376,0.76,937,0.7258064516129031,0.4653890730172358,0,94,1744,3711,0.999,"{'nu':0.5,'kernel':'rbf','gamma':'auto'}",0.32979907872896497,0.5283191756699829,0.4642062725837628,0.32979907872896497,0.1331099032190092,0.292709679648245,-1.7606682797852482,-3.091916252778669,-0.3636769151630123,-2.2626921951286003,2.4656972749710926,0.5283191756699829,0.2696937707601275,0.25862540490985536,0.4642062725837628,0.21949410249154455,0.24471217009221824,0.32979907872896497,0.32102326393085906,0.008775814798105908,0.1331099032190092,0.46193867923220777,0.3288287760131986,0.292709679648245,0.5603940492155979,0.26768436956735286,1017.0,0.918625678119349,798.0,0.720614828209765,255.0,0.22965641952983726,622.0,0.5614828209764918,904.0,0.8164556962025317,0.22965641952983726,WACC_0p5_WRT_0p5,0.649367088607595,799,False,,,False,False,False,False,False,94.0,0.9393939393939394
OCDD,PokerHand,951,0.42,220,0.1774193548387096,0.949396221408267,0,13,2,2420,0.421,"{'nu':0.5,'kernel':'rbf','gamma':'auto'}",0.7833080500281742,0.15460385149456185,0.4193058011529836,0.7833080500281742,0.8061185678608599,0.8146310365279642,-1.7606682797852482,-3.091916252778669,-0.3636769151630123,-2.2626921951286003,2.4656972749710926,0.15460385149456185,0.10990733799433738,0.044696513500224466,0.4193058011529836,0.2767135591784002,0.14259224197458342,0.7833080500281742,0.613621528936752,0.16968652109142213,0.8061185678608599,0.6434841739675002,0.16263439389335965,0.8146310365279642,0.6717937937177154,0.1428372428102488,255.0,0.22965641952983726,1032.0,0.9321880650994575,1101.0,0.9945750452079566,1100.0,0.9936708860759493,1103.0,0.9963833634719711,0.22965641952983726,WACC_0p1_WRT_0p9,0.8292947558770344,800,False,,,False,False,False,False,False,13.0,0.12121212121212122
OCDD,PokerHand,719,0.87,464,0.9032258064516128,0.7003343436817744,0,57,3082,1162,0.837,"{'nu':0.5,'kernel':'rbf','gamma':'auto'}",0.208734175538133,0.26586068999923984,0.25916105425297226,0.208734175538133,0.06102865855489246,0.08875567176415154,-1.7606682797852482,-3.091916252778669,-0.3636769151630123,-2.2626921951286003,2.4656972749710926,0.26586068999923984,0.2094697489165383,0.05639094108270154,0.25916105425297226,0.21311116173518002,0.046049892517792235,0.208734175538133,0.3336747258806035,0.12494055034247048,0.06102865855489246,0.3463566144595155,0.285327955904623,0.08875567176415154,0.4151401366364684,0.32638446487231687,805.0,0.7269439421338155,745.0,0.6726943942133815,337.0,0.3037974683544304,256.0,0.23056057866184448,300.0,0.27034358047016277,0.23056057866184448,WACC_0p7_WRT_0p3,0.44086799276672695,801,False,,,False,False,False,False,False,57.0,0.5656565656565656
OCDD,PokerHand,415,0.86,279,0.8870967741935483,0.8701695181429151,0,24,4622,4647,0.223,"{'nu':0.5,'kernel':'rbf','gamma':'auto'}",0.021336748852685643,0.08929783754568829,0.07939765025968068,0.021336748852685643,0.05437799451577877,0.09015841402543384,-1.7606682797852482,-3.091916252778669,-0.3636769151630123,-2.2626921951286003,2.4656972749710926,0.08929783754568829,0.12503635312305977,0.03573851557737148,0.07939765025968068,0.18275043167241697,0.1033527814127363,0.021336748852685643,0.4108684894799743,0.3895317406272886,0.05437799451577877,0.4807348845080247,0.4263568899922459,0.09015841402543384,0.518745848994124,0.4285874349686902,389.0,0.3508137432188065,256.0,0.23056057866184448,696.0,0.6283905967450272,723.0,0.6528028933092225,665.0,0.6003616636528029,0.23056057866184448,WACC_0p3_WRT_0p7,0.4925858951175407,802,False,,,False,False,False,False,False,24.0,0.23232323232323232
OCDD,PokerHand,989,0.88,326,0.9193548387096774,0.8182157781450479,0,22,2643,1196,0.247,"{'nu':0.5,'kernel':'rbf','gamma':'auto'}",0.09756584403297973,0.14081892366301763,0.14035787026823893,0.09756584403297973,0.009672748960355528,0.061562139424660524,-1.7606682797852482,-3.091916252778669,-0.3636769151630123,-2.2626921951286003,2.4656972749710926,0.14081892366301763,0.1334527478745691,0.007366175788448531,0.14035787026823893,0.19562820000206474,0.05527032973382581,0.09756584403297973,0.32642304850805265,0.2288572044750729,0.009672748960355528,0.3562516519514888,0.34657890299113325,0.061562139424660524,0.3977327635152135,0.336170624090553,446.0,0.4023508137432188,494.0,0.445750452079566,287.0,0.2585895117540687,289.0,0.2603978300180832,257.0,0.2314647377938517,0.2314647377938517,WACC_0p9_WRT_0p1,0.3197106690777577,803,False,,,False,False,False,False,False,22.0,0.21212121212121213
OCDD,PokerHand,805,0.87,266,0.9032258064516128,0.8860870334291328,0,10,4433,4628,0.156,"{'nu':0.5,'kernel':'rbf','gamma':'auto'}",0.015977167669556435,0.07114176365757313,0.06640351066542366,0.015977167669556435,0.04115346863650293,0.07210488248352544,-1.7606682797852482,-3.091916252778669,-0.3636769151630123,-2.2626921951286003,2.4656972749710926,0.07114176365757313,0.12341165904975292,0.052269895392179785,0.06640351066542366,0.18279762873620914,0.11639411807078548,0.015977167669556435,0.4198031714057727,0.4038260037362163,0.04115346863650293,0.4825950789772451,0.44144161034074214,0.07210488248352544,0.5260449115229643,0.45394002903943886,372.0,0.33544303797468356,257.0,0.2314647377938517,748.0,0.6754068716094033,731.0,0.6600361663652803,711.0,0.6419529837251357,0.2314647377938517,WACC_0p3_WRT_0p7,0.5088607594936709,804,False,,,False,False,False,False,False,10.0,0.09090909090909091
OCDD,PokerHand,406,0.83,290,0.8387096774193548,0.8572677933503181,0,32,1472,4069,0.228,"{'nu':0.5,'kernel':'rbf','gamma':'auto'}",0.033347026454519736,0.10723299759279561,0.08221500101657848,0.033347026454519736,0.1016449923581452,0.14119499640338518,-1.7606682797852482,-3.091916252778669,-0.3636769151630123,-2.2626921951286003,2.4656972749710926,0.10723299759279561,0.10993592683003955,0.0027029292372439395,0.08221500101657848,0.18303718897360322,0.10082218795702473,0.033347026454519736,0.4475152723052462,0.4141682458507264,0.1016449923581452,0.4976363124933158,0.3959913201351706,0.14119499640338518,0.528837356998922,0.3876423605955368,257.0,0.2314647377938517,261.0,0.23508137432188064,857.0,0.7739602169981917,808.0,0.7296564195298373,723.0,0.6528028933092225,0.2314647377938517,WACC_0p1_WRT_0p9,0.5245931283905968,805,False,,,False,False,False,False,False,32.0,0.31313131313131315
OCDD,PokerHand,804,0.92,512,0.9838709677419356,0.667442446573688,0,31,1432,1148,0.608,"{'nu':0.5,'kernel':'rbf','gamma':'auto'}",0.2986570923224577,0.2929891505885962,0.31091150337743373,0.2986570923224577,0.15102182892510238,0.05056592069362209,-1.7606682797852482,-3.091916252778669,-0.3636769151630123,-2.2626921951286003,2.4656972749710926,0.2929891505885962,0.189853705667636,0.10313544492096019,0.31091150337743373,0.23810450853740084,0.07280699484003289,0.2986570923224577,0.3515168998301251,0.05285980750766739,0.15102182892510238,0.3466825313247647,0.1956607023996623,0.05056592069362209,0.4082224800659422,0.3576565593723201,714.0,0.6446654611211573,917.0,0.8282097649186256,428.0,0.3860759493670886,258.0,0.23236889692585896,283.0,0.2549728752260398,0.23236889692585896,WACC_0p7_WRT_0p3,0.46925858951175403,806,False,,,False,False,False,False,False,31.0,0.30303030303030304
OCDD,PokerHand,95,0.75,271,0.7096774193548386,0.8798750375332376,0,26,584,4004,0.46,"{'nu':0.5,'kernel':'rbf','gamma':'auto'}",0.18288461063374484,0.09529629976850423,0.03878398965422859,0.18288461063374484,0.24011226214960485,0.27218203286330295,-1.7606682797852482,-3.091916252778669,-0.3636769151630123,-2.2626921951286003,2.4656972749710926,0.09529629976850423,0.13751159904485674,0.04221529927635251,0.03878398965422859,0.18288611636254037,0.1441021267083118,0.18288461063374484,0.4595387518696407,0.2766541412358959,0.24011226214960485,0.5424291298412159,0.3023168676916111,0.27218203286330295,0.5872426879820287,0.3150606551187258,467.0,0.4213381555153707,258.0,0.23236889692585896,895.0,0.8083182640144665,978.0,0.8833634719710669,1003.0,0.9059674502712477,0.23236889692585896,WACC_0p3_WRT_0p7,0.6502712477396021,807,False,,,False,False,False,False,False,26.0,0.25252525252525254
OCDD,PokerHand,356,0.89,320,0.935483870967742,0.8244162696866761,0,18,4760,2842,0.001,"{'nu':0.5,'kernel':'rbf','gamma':'auto'}",0.1022896938081988,0.1328489118629204,0.13744718965665637,0.1022896938081988,0.014795288547230234,0.04437963761064479,-1.7606682797852482,-3.091916252778669,-0.3636769151630123,-2.2626921951286003,2.4656972749710926,0.1328489118629204,0.1277413310757366,0.005107580787183791,0.13744718965665637,0.18296134837653916,0.04551415871988279,0.1022896938081988,0.3267952841909341,0.22450559038273532,0.014795288547230234,0.38829414805692636,0.37349885950969614,0.04437963761064479,0.43946422138516045,0.39508458377451566,408.0,0.3679927667269439,259.0,0.2332730560578662,291.0,0.26220614828209765,361.0,0.325497287522604,363.0,0.32730560578661844,0.2332730560578662,WACC_0p3_WRT_0p7,0.303254972875226,808,False,,,False,False,False,False,False,18.0,0.1717171717171717
OCDD,PokerHand,1019,0.89,411,0.935483870967742,0.7408519038474888,0,49,1978,2436,0.055,"{'nu':0.5,'kernel':'rbf','gamma':'auto'}",0.18900508482355782,0.22044690906425152,0.22416282167534202,0.18900508482355782,0.06486536272231028,0.051870310552446675,-1.7606682797852482,-3.091916252778669,-0.3636769151630123,-2.2626921951286003,2.4656972749710926,0.22044690906425152,0.11057692356143858,0.10986998550281293,0.22416282167534202,0.22182600915454562,0.0023368125207963997,0.18900508482355782,0.42735269662138253,0.2383476117978247,0.06486536272231028,0.4488629507848331,0.3839975880625228,0.051870310552446675,0.5017848624988431,0.44991455194639646,259.0,0.2332730560578662,822.0,0.7423146473779385,783.0,0.7070524412296564,574.0,0.5180831826401446,562.0,0.5072332730560579,0.2332730560578662,WACC_0p1_WRT_0p9,0.5415913200723328,809,False,,,False,False,False,False,False,49.0,0.48484848484848486
OCDD,PokerHand,590,0.84,266,0.8548387096774193,0.8860870334291328,0,17,2730,2327,0.321,"{'nu':0.5,'kernel':'rbf','gamma':'auto'}",0.03654710390170344,0.07555243583326929,0.055832604259283866,0.03654710390170344,0.0912315399261152,0.12198495993457446,-1.7606682797852482,-3.091916252778669,-0.3636769151630123,-2.2626921951286003,2.4656972749710926,0.07555243583326929,0.11059597304485247,0.03504353721158318,0.055832604259283866,0.1855507673094827,0.12971816305019884,0.03654710390170344,0.39052119053634937,0.3539740866346459,0.0912315399261152,0.43843452700792257,0.34720298708180736,0.12198495993457446,0.4719653698544271,0.34998040991985263,260.0,0.23417721518987342,318.0,0.28661844484629295,612.0,0.5524412296564195,535.0,0.48282097649186256,450.0,0.40596745027124775,0.23417721518987342,WACC_0p1_WRT_0p9,0.3924050632911392,810,False,,,False,False,False,False,False,17.0,0.16161616161616163
OCDD,PokerHand,167,0.73,300,0.6774193548387095,0.8459553330484337,0,39,391,4564,0.588,"{'nu':0.5,'kernel':'rbf','gamma':'auto'}",0.19289322747854973,0.13379374815352243,0.05871770681190056,0.19289322747854973,0.2661070977800473,0.30847596519827786,-1.7606682797852482,-3.091916252778669,-0.3636769151630123,-2.2626921951286003,2.4656972749710926,0.13379374815352243,0.17225201883328148,0.03845827067975904,0.05871770681190056,0.18296350860968907,0.12424580179778852,0.19289322747854973,0.46462942348668257,0.2717361960081328,0.2661070977800473,0.5556846089481619,0.28957751116811453,0.30847596519827786,0.6214128402685722,0.3129368750702944,628.0,0.5669077757685352,260.0,0.23417721518987342,913.0,0.8245931283905967,1015.0,0.9168173598553345,1077.0,0.972875226039783,0.23417721518987342,WACC_0p3_WRT_0p7,0.7030741410488246,811,False,,,False,False,False,False,False,39.0,0.3838383838383838
OCDD,PokerHand,573,0.88,335,0.9193548387096774,0.8091251661348505,0,24,3302,2675,0.001,"{'nu':0.5,'kernel':'rbf','gamma':'auto'}",0.10699924267266057,0.15034833727647223,0.14979129512564682,0.10699924267266057,0.00990040538010211,0.06237701788063118,-1.7606682797852482,-3.091916252778669,-0.3636769151630123,-2.2626921951286003,2.4656972749710926,0.15034833727647223,0.1111228106005666,0.039225526675905634,0.14979129512564682,0.18747150563447088,0.03768021050882406,0.10699924267266057,0.37670470970894937,0.2697054670362888,0.00990040538010211,0.40691777395252576,0.39701736857242365,0.06237701788063118,0.4523245361285362,0.389947518247905,261.0,0.23508137432188064,350.0,0.3155515370705244,553.0,0.49909584086799275,408.0,0.3679927667269439,387.0,0.34900542495479203,0.23508137432188064,WACC_0p1_WRT_0p9,0.35334538878842675,812,False,,,False,False,False,False,False,24.0,0.23232323232323232
OCDD,PokerHand,183,0.73,937,0.6774193548387095,0.4653890730172358,0,95,1259,3216,0.999,"{'nu':0.5,'kernel':'rbf','gamma':'auto'}",0.29632463480989574,0.5327298478456791,0.453635366177623,0.29632463480989574,0.18318797450862162,0.3425897570992942,-1.7606682797852482,-3.091916252778669,-0.3636769151630123,-2.2626921951286003,2.4656972749710926,0.5327298478456791,0.25302145486511124,0.2797083929805679,0.453635366177623,0.18676235039820452,0.26687301577941847,0.29632463480989574,0.32162926238335793,0.02530462757346219,0.18318797450862162,0.4543580213347219,0.2711700468261003,0.3425897570992942,0.5434774619106022,0.20088770481130802,978.0,0.8833634719710669,338.0,0.3047016274864376,261.0,0.23508137432188064,593.0,0.5352622061482821,808.0,0.7296564195298373,0.23508137432188064,WACC_0p5_WRT_0p5,0.5376130198915009,813,False,,,False,False,False,False,False,95.0,0.9494949494949495
OCDD,PokerHand,282,0.86,300,0.8870967741935483,0.8459553330484337,0,32,2950,2418,0.367,"{'nu':0.5,'kernel':'rbf','gamma':'auto'}",0.046463996663397296,0.11468083539217228,0.10452496790517303,0.046463996663397296,0.049102122191727195,0.09232896291039834,-1.7606682797852482,-3.091916252778669,-0.3636769151630123,-2.2626921951286003,2.4656972749710926,0.11468083539217228,0.12263730714360352,0.007956471751431243,0.10452496790517303,0.18303804590681372,0.07851307800164069,0.046463996663397296,0.3814664735944335,0.3350024769310362,0.049102122191727195,0.4226424586729542,0.373540336481227,0.09232896291039834,0.4694702902092868,0.3771413272988885,366.0,0.33001808318264014,262.0,0.2359855334538879,572.0,0.5162748643761302,472.0,0.4258589511754069,444.0,0.40054249547920434,0.2359855334538879,WACC_0p3_WRT_0p7,0.3817359855334539,814,False,,,False,False,False,False,False,32.0,0.31313131313131315
OCDD,PokerHand,71,0.88,491,0.9193548387096774,0.6814368347351376,0,62,1577,751,0.999,"{'nu':0.5,'kernel':'rbf','gamma':'auto'}",0.2395024152179179,0.2842001529908373,0.2822948359296989,0.2395024152179179,0.08640866533362493,0.07382294365765811,-1.7606682797852482,-3.091916252778669,-0.3636769151630123,-2.2626921951286003,2.4656972749710926,0.2842001529908373,0.22736018966662083,0.05683996332421645,0.2822948359296989,0.23654324447366137,0.04575159145603752,0.2395024152179179,0.35020769251175327,0.11070527729383536,0.08640866533362493,0.35391358599239064,0.26750492065876574,0.07382294365765811,0.40037015933557235,0.3265472156779142,883.0,0.7974683544303798,911.0,0.8227848101265823,420.0,0.37884267631103075,281.0,0.25316455696202533,262.0,0.2359855334538879,0.2359855334538879,WACC_0p9_WRT_0p1,0.4976491862567813,815,False,,,False,False,False,False,False,62.0,0.6161616161616161
OCDD,PokerHand,459,0.79,257,0.7741935483870968,0.8975675972651773,0,17,2918,5000,0.185,"{'nu':0.5,'kernel':'rbf','gamma':'auto'}",0.12817552716529892,0.07086882830066325,0.026300923606312775,0.12817552716529892,0.17719641794508872,0.20408930966817868,-1.7606682797852482,-3.091916252778669,-0.3636769151630123,-2.2626921951286003,2.4656972749710926,0.07086882830066325,0.11118826259197531,0.04031943429131206,0.026300923606312775,0.18932062729823748,0.1630197036919247,0.12817552716529892,0.45836417922080774,0.33018865205550885,0.17719641794508872,0.5181011752249348,0.3409047572798461,0.20408930966817868,0.5366845595006118,0.3325952498324331,262.0,0.2359855334538879,389.0,0.3508137432188065,890.0,0.8037974683544303,895.0,0.8083182640144665,765.0,0.6907775768535263,0.2359855334538879,WACC_0p1_WRT_0p9,0.5779385171790234,816,False,,,False,False,False,False,False,17.0,0.16161616161616163
OCDD,PokerHand,455,0.86,298,0.8870967741935483,0.8481874544780369,0,31,4635,4171,0.233,"{'nu':0.5,'kernel':'rbf','gamma':'auto'}",0.04414770693130876,0.11234097001080037,0.10220867173554755,0.04414770693130876,0.0495884647065967,0.09212887652874949,-1.7606682797852482,-3.091916252778669,-0.3636769151630123,-2.2626921951286003,2.4656972749710926,0.11234097001080037,0.13201601179698788,0.019675041786187508,0.10220867173554755,0.1831249701560697,0.08091629842052216,0.04414770693130876,0.40107301428671727,0.3569253073554085,0.0495884647065967,0.4556079948451463,0.40601953013854963,0.09212887652874949,0.5038626201415687,0.4117337436128192,435.0,0.3924050632911392,263.0,0.23688969258589512,665.0,0.6003616636528029,599.0,0.5406871609403255,567.0,0.5117540687160941,0.23688969258589512,WACC_0p3_WRT_0p7,0.4564195298372513,817,False,,,False,False,False,False,False,31.0,0.30303030303030304
OCDD,PokerHand,79,0.84,270,0.8548387096774193,0.8811082506193819,0,20,3525,4235,0.001,"{'nu':0.5,'kernel':'rbf','gamma':'auto'}",0.03310275619206536,0.08077154326326991,0.060999140182767767,0.03310275619206536,0.09014674511138429,0.12243125583237234,-1.7606682797852482,-3.091916252778669,-0.3636769151630123,-2.2626921951286003,2.4656972749710926,0.08077154326326991,0.11131834026716007,0.030546797003890166,0.060999140182767767,0.1933866340685025,0.13238749388573473,0.03310275619206536,0.4507219434750046,0.41761918728293923,0.09014674511138429,0.49949027887861885,0.40934353376723454,0.12243125583237234,0.5266906946243295,0.40425943879195714,263.0,0.23688969258589512,451.0,0.40687160940325495,869.0,0.7848101265822784,815.0,0.7359855334538878,713.0,0.64376130198915,0.23688969258589512,WACC_0p1_WRT_0p9,0.5616636528028933,818,False,,,False,False,False,False,False,20.0,0.1919191919191919
OCDD,PokerHand,1026,0.86,360,0.8870967741935483,0.785096423844539,0,52,1941,4278,0.316,"{'nu':0.5,'kernel':'rbf','gamma':'auto'}",0.10961775910012643,0.1784773891574233,0.16767890586168768,0.10961775910012643,0.0358419677207855,0.09778432872168787,-1.7606682797852482,-3.091916252778669,-0.3636769151630123,-2.2626921951286003,2.4656972749710926,0.1784773891574233,0.1113435597673781,0.06713382939004521,0.16767890586168768,0.2114319411292848,0.04375303526759711,0.10961775910012643,0.4677057778871819,0.35808801878705543,0.0358419677207855,0.5352886726326332,0.4994467049118477,0.09778432872168787,0.560808381936984,0.46302405321529616,264.0,0.23779385171790235,730.0,0.659132007233273,922.0,0.8327305605786618,953.0,0.8607594936708861,905.0,0.8173598553345389,0.23779385171790235,WACC_0p1_WRT_0p9,0.6815551537070524,819,False,,,False,False,False,False,False,52.0,0.5151515151515151
OCDD,PokerHand,644,0.8,400,0.7903225806451613,0.7499126947065313,0,65,2325,679,0.971,"{'nu':0.5,'kernel':'rbf','gamma':'auto'}",0.07917930006667939,0.22418077258866329,0.1830476233255302,0.07917930006667939,0.12833215490684477,0.20069833760447608,-1.7606682797852482,-3.091916252778669,-0.3636769151630123,-2.2626921951286003,2.4656972749710926,0.22418077258866329,0.1842806356249549,0.039900136963708394,0.1830476233255302,0.18931060492638246,0.006262981600852258,0.07917930006667939,0.3221444773885692,0.24296517732188982,0.12833215490684477,0.3677037978939506,0.2393716429871058,0.20069833760447608,0.40110310286654993,0.20040476526207385,681.0,0.6148282097649186,388.0,0.3499095840867993,265.0,0.23869801084990958,314.0,0.283001808318264,266.0,0.23960216998191683,0.23869801084990958,WACC_0p5_WRT_0p5,0.34520795660036163,820,False,,,False,False,False,False,False,65.0,0.6464646464646465
OCDD,PokerHand,893,0.9,312,0.9516129032258064,0.832866357915752,0,9,2686,1062,0.514,"{'nu':0.5,'kernel':'rbf','gamma':'auto'}",0.10467911964062993,0.12252071589721386,0.13220207861434957,0.10467911964062993,0.02378916942950997,0.026995482940565505,-1.7606682797852482,-3.091916252778669,-0.3636769151630123,-2.2626921951286003,2.4656972749710926,0.12252071589721386,0.15412600675198943,0.031605290854775564,0.13220207861434957,0.2047667143437528,0.07256463572940322,0.10467911964062993,0.3353773679798369,0.230698248339207,0.02378916942950997,0.3579483657353817,0.3341591963058717,0.026995482940565505,0.4009059345411902,0.3739104516006247,560.0,0.5054249547920434,639.0,0.5768535262206148,344.0,0.310126582278481,293.0,0.2640144665461121,265.0,0.23869801084990958,0.23869801084990958,WACC_0p9_WRT_0p1,0.37902350813743213,821,False,,,False,False,False,False,False,9.0,0.08080808080808081
OCDD,PokerHand,481,0.84,356,0.8548387096774193,0.7888270136859847,0,54,1134,3558,0.295,"{'nu':0.5,'kernel':'rbf','gamma':'auto'}",0.08343020112067441,0.1775071727800834,0.1567603621316692,0.08343020112067441,0.07004018269491387,0.13070330525907725,-1.7606682797852482,-3.091916252778669,-0.3636769151630123,-2.2626921951286003,2.4656972749710926,0.1775071727800834,0.11139376525701103,0.06611340752307238,0.1567603621316692,0.1856200602134827,0.028859698081813517,0.08343020112067441,0.4236684775288456,0.3402382764081712,0.07004018269491387,0.47981453695280446,0.4097743542578906,0.13070330525907725,0.5224054798167187,0.39170217455764145,265.0,0.23869801084990958,320.0,0.2884267631103074,768.0,0.6934900542495479,713.0,0.64376130198915,686.0,0.6193490054249547,0.23869801084990958,WACC_0p1_WRT_0p9,0.4967450271247739,822,False,,,False,False,False,False,False,54.0,0.5353535353535354
OCDD,PokerHand,549,0.85,319,0.8709677419354838,0.8254609412810444,0,38,3955,5000,0.151,"{'nu':0.5,'kernel':'rbf','gamma':'auto'}",0.056573038094421824,0.13763471046219386,0.12226858094723952,0.056573038094421824,0.061329422029185114,0.11079276364385977,-1.7606682797852482,-3.091916252778669,-0.3636769151630123,-2.2626921951286003,2.4656972749710926,0.13763471046219386,0.12103611566021868,0.016598594801975175,0.12226858094723952,0.1831620290547634,0.06089344810752387,0.056573038094421824,0.4170286244752903,0.3604555863808685,0.061329422029185114,0.4882999012054925,0.42697047917630737,0.11079276364385977,0.5190786847576692,0.4082859211138094,350.0,0.3155515370705244,265.0,0.23869801084990958,732.0,0.6609403254972875,759.0,0.6853526220614828,670.0,0.604882459312839,0.23869801084990958,WACC_0p3_WRT_0p7,0.5010849909584086,823,False,,,False,False,False,False,False,38.0,0.37373737373737376
OCDD,PokerHand,533,0.81,281,0.8064516129032256,0.8677864691193724,0,28,2327,1535,0.001,"{'nu':0.5,'kernel':'rbf','gamma':'auto'}",0.07409834469767355,0.09914703605162169,0.06425238825667581,0.07409834469767355,0.13732221951207715,0.1735054919085316,-1.7606682797852482,-3.091916252778669,-0.3636769151630123,-2.2626921951286003,2.4656972749710926,0.09914703605162169,0.11139754687026203,0.012250510818640342,0.06425238825667581,0.19433396525651833,0.13008157699984252,0.07409834469767355,0.37595291582148677,0.3018545711238132,0.13732221951207715,0.40772208291302364,0.27039986340094646,0.1735054919085316,0.43428750454961945,0.26078201264108786,266.0,0.23960216998191683,468.0,0.42224231464737794,550.0,0.49638336347197104,413.0,0.37251356238698013,345.0,0.31103074141048825,0.23960216998191683,WACC_0p1_WRT_0p9,0.36835443037974686,824,False,,,False,False,False,False,False,28.0,0.2727272727272727
OCDD,PokerHand,578,0.9,374,0.9516129032258064,0.7723572849575402,0,37,1906,2499,0.529,"{'nu':0.5,'kernel':'rbf','gamma':'auto'}",0.16746985428996325,0.1859505469073467,0.1949929877745253,0.16746985428996325,0.060044979437251664,0.032419489584902914,-1.7606682797852482,-3.091916252778669,-0.3636769151630123,-2.2626921951286003,2.4656972749710926,0.1859505469073467,0.15911217018245194,0.026838376724894752,0.1949929877745253,0.18324299217943446,0.01174999559509085,0.16746985428996325,0.3538882038272455,0.18641834953728226,0.060044979437251664,0.4190553838950534,0.35901040445780175,0.032419489584902914,0.484270932375755,0.4518514427908521,581.0,0.5244122965641953,267.0,0.24050632911392406,442.0,0.3987341772151899,453.0,0.40867992766726946,495.0,0.44665461121157324,0.24050632911392406,WACC_0p3_WRT_0p7,0.4037974683544304,825,False,,,False,False,False,False,False,37.0,0.36363636363636365
OCDD,PokerHand,165,0.9,466,0.9516129032258064,0.6988973587533918,0,51,1471,1256,0.743,"{'nu':0.5,'kernel':'rbf','gamma':'auto'}",0.24369978987052984,0.2629563656605758,0.2712231352167678,0.24369978987052984,0.10406067819832285,0.0390044050090577,-1.7606682797852482,-3.091916252778669,-0.3636769151630123,-2.2626921951286003,2.4656972749710926,0.2629563656605758,0.20412278898902295,0.05883357667155284,0.2712231352167678,0.20717544850614117,0.0640476867106266,0.24369978987052984,0.3273231282967213,0.08362333842619143,0.10406067819832285,0.3497254402516077,0.24566476205328483,0.0390044050090577,0.41071959949529374,0.371715194486236,780.0,0.7043399638336347,675.0,0.6094032549728752,297.0,0.26763110307414106,267.0,0.24050632911392406,289.0,0.2603978300180832,0.24050632911392406,WACC_0p7_WRT_0p3,0.41645569620253164,826,False,,,False,False,False,False,False,51.0,0.5050505050505051
OCDD,PokerHand,667,0.91,389,0.967741935483871,0.7592255244469497,0,22,1845,1368,0.107,"{'nu':0.5,'kernel':'rbf','gamma':'auto'}",0.19225493206686095,0.19824595020564947,0.2121435909196913,0.19225493206686095,0.08197026662386457,0.01696992232854693,-1.7606682797852482,-3.091916252778669,-0.3636769151630123,-2.2626921951286003,2.4656972749710926,0.19824595020564947,0.18230424125072556,0.015941708954923917,0.2121435909196913,0.23099416889184188,0.01885057797215059,0.19225493206686095,0.3544162956349157,0.16216136356805477,0.08197026662386457,0.35074938846065323,0.26877912183678865,0.01696992232854693,0.4014926559729719,0.38452273364442496,671.0,0.6057866184448463,875.0,0.7902350813743219,444.0,0.40054249547920434,270.0,0.24321880650994576,267.0,0.24050632911392406,0.24050632911392406,WACC_0p9_WRT_0p1,0.45605786618444843,827,False,,,False,False,False,False,False,22.0,0.21212121212121213
OCDD,PokerHand,527,0.83,348,0.8387096774193548,0.796415258577159,0,51,3407,4238,0.281,"{'nu':0.5,'kernel':'rbf','gamma':'auto'}",0.06439767252798896,0.1710228692351092,0.14536232415845965,0.06439767252798896,0.08838622677072647,0.1466497908135116,-1.7606682797852482,-3.091916252778669,-0.3636769151630123,-2.2626921951286003,2.4656972749710926,0.1710228692351092,0.11391209096562531,0.057110778269483894,0.14536232415845965,0.1832495560812749,0.03788723192281526,0.06439767252798896,0.42984425806356097,0.365446585535572,0.08838622677072647,0.4949887282574436,0.40660250148671717,0.1466497908135116,0.5240501689077137,0.3774003780942021,288.0,0.25949367088607594,268.0,0.24141048824593128,791.0,0.7142857142857143,793.0,0.7160940325497287,697.0,0.6292947558770343,0.24141048824593128,WACC_0p3_WRT_0p7,0.512115732368897,828,False,,,False,False,False,False,False,51.0,0.5050505050505051
OCDD,PokerHand,248,0.74,1051,0.693548387096774,0.4269860869347056,0,96,4279,4205,0.999,"{'nu':0.5,'kernel':'rbf','gamma':'auto'}",0.3473338595051735,0.5715163125514852,0.4970101891245011,0.3473338595051735,0.15812790559200027,0.32940549137065167,-1.7606682797852482,-3.091916252778669,-0.3636769151630123,-2.2626921951286003,2.4656972749710926,0.5715163125514852,0.28265828775940494,0.2888580247920802,0.4970101891245011,0.22109730052139095,0.27591288860311014,0.3473338595051735,0.3226217336500486,0.02471212585512489,0.15812790559200027,0.46760472268698966,0.3094768170949894,0.32940549137065167,0.5648560730717085,0.23545058170105682,1044.0,0.9430379746835443,815.0,0.7359855334538878,268.0,0.24141048824593128,650.0,0.5867992766726944,933.0,0.8426763110307414,0.24141048824593128,WACC_0p5_WRT_0p5,0.66998191681736,829,False,,,False,False,False,False,False,96.0,0.9595959595959596
OCDD,PokerHand,4,0.87,329,0.9032258064516128,0.815158067629915,0,35,3733,3479,0.369,"{'nu':0.5,'kernel':'rbf','gamma':'auto'}",0.08958070599390115,0.14549445317034979,0.14000725355204255,0.08958070599390115,0.025699214604267048,0.07846292373192842,-1.7606682797852482,-3.091916252778669,-0.3636769151630123,-2.2626921951286003,2.4656972749710926,0.14549445317034979,0.13583352414415162,0.009660929026198167,0.14000725355204255,0.1832737308981138,0.04326647734607125,0.08958070599390115,0.35101699297205136,0.2614362869781502,0.025699214604267048,0.42160927680701776,0.3959100622027507,0.07846292373192842,0.4881305446725144,0.40966762094058595,456.0,0.41139240506329117,269.0,0.2423146473779385,425.0,0.3833634719710669,462.0,0.4168173598553345,512.0,0.4620253164556962,0.2423146473779385,WACC_0p3_WRT_0p7,0.38318264014466547,830,False,,,False,False,False,False,False,35.0,0.3434343434343434
OCDD,PokerHand,135,0.86,271,0.8870967741935483,0.8798750375332376,0,18,1394,3116,0.001,"{'nu':0.5,'kernel':'rbf','gamma':'auto'}",0.011265256052051136,0.07912383512428486,0.06932612946789905,0.011265256052051136,0.05649266742102632,0.0892884155427896,-1.7606682797852482,-3.091916252778669,-0.3636769151630123,-2.2626921951286003,2.4656972749710926,0.07912383512428486,0.11195006272717994,0.03282622760289508,0.06932612946789905,0.1880472414520336,0.11872111198413456,0.011265256052051136,0.4208342513500723,0.40956899529802115,0.05649266742102632,0.4548669403936321,0.3983742729726058,0.0892884155427896,0.49407477888444407,0.40478636334165446,269.0,0.2423146473779385,359.0,0.32368896925858953,754.0,0.6808318264014467,595.0,0.5370705244122965,535.0,0.48282097649186256,0.2423146473779385,WACC_0p1_WRT_0p9,0.4533453887884268,831,False,,,False,False,False,False,False,18.0,0.1717171717171717
OCDD,PokerHand,240,0.88,291,0.9193548387096774,0.8561191919687434,0,10,3010,1753,0.001,"{'nu':0.5,'kernel':'rbf','gamma':'auto'}",0.05823317732114333,0.10108592138739998,0.10102509424128082,0.05823317732114333,0.017931278875743254,0.05816449410682897,-1.7606682797852482,-3.091916252778669,-0.3636769151630123,-2.2626921951286003,2.4656972749710926,0.10108592138739998,0.11918551045408635,0.018099589066686364,0.10102509424128082,0.18374889794809163,0.0827238037068108,0.05823317732114333,0.32364366316094345,0.2654104858398001,0.017931278875743254,0.3568955452871703,0.3389642664114271,0.05816449410682897,0.41000835501268257,0.3518438609058536,338.0,0.3047016274864376,283.0,0.2549728752260398,270.0,0.24321880650994576,290.0,0.2613019891500904,287.0,0.2585895117540687,0.24321880650994576,WACC_0p5_WRT_0p5,0.2645569620253164,832,False,,,False,False,False,False,False,10.0,0.09090909090909091
OCDD,PokerHand,62,0.88,331,0.9193548387096774,0.8131349981855814,0,23,3532,2408,0.001,"{'nu':0.5,'kernel':'rbf','gamma':'auto'}",0.1028382088313436,0.1461449516200348,0.14563024971979693,0.1028382088313436,0.008565730645753878,0.06201757830202679,-1.7606682797852482,-3.091916252778669,-0.3636769151630123,-2.2626921951286003,2.4656972749710926,0.1461449516200348,0.12156620512659148,0.024578746493443313,0.14563024971979693,0.18337344714637765,0.03774319742658072,0.1028382088313436,0.3414398969693771,0.2386016881380335,0.008565730645753878,0.3813967379852083,0.3728310073394544,0.06201757830202679,0.4357839579614701,0.3737663796594433,355.0,0.32007233273056057,270.0,0.24321880650994576,369.0,0.33273056057866185,343.0,0.3092224231464738,350.0,0.3155515370705244,0.24321880650994576,WACC_0p3_WRT_0p7,0.30415913200723327,833,False,,,False,False,False,False,False,23.0,0.2222222222222222
OCDD,PokerHand,377,0.85,272,0.8709677419354838,0.8786463500098796,0,20,1334,3602,0.215,"{'nu':0.5,'kernel':'rbf','gamma':'auto'}",0.01466237865220707,0.0818820551504084,0.06707751612221013,0.01466237865220707,0.07291764706591307,0.10602524703480137,-1.7606682797852482,-3.091916252778669,-0.3636769151630123,-2.2626921951286003,2.4656972749710926,0.0818820551504084,0.11218825877030869,0.030306203619900288,0.06707751612221013,0.18493700841278018,0.11785949229057005,0.01466237865220707,0.43396128166907594,0.4192989030168689,0.07291764706591307,0.4776786329808074,0.40476098591489434,0.10602524703480137,0.5229909200106269,0.4169656729758255,270.0,0.24321880650994576,306.0,0.2757685352622061,812.0,0.7332730560578662,696.0,0.6283905967450272,690.0,0.6229656419529838,0.24321880650994576,WACC_0p1_WRT_0p9,0.5007233273056058,834,False,,,False,False,False,False,False,20.0,0.1919191919191919
OCDD,PokerHand,1063,0.87,263,0.9032258064516128,0.8898703163309742,0,9,507,1424,0.303,"{'nu':0.5,'kernel':'rbf','gamma':'auto'}",0.012051225638401093,0.06717586262165644,0.06247755772311313,0.012051225638401093,0.041977783701329624,0.0717657506708274,-1.7606682797852482,-3.091916252778669,-0.3636769151630123,-2.2626921951286003,2.4656972749710926,0.06717586262165644,0.11228449617725107,0.045108633555594635,0.06247755772311313,0.19608895493824177,0.13361139721512866,0.012051225638401093,0.37515623764221717,0.36310501200381606,0.041977783701329624,0.40902048495575194,0.3670427012544223,0.0717657506708274,0.4529205285707041,0.3811547778998767,271.0,0.244122965641953,509.0,0.4593128390596745,547.0,0.4936708860759494,418.0,0.3770343580470163,391.0,0.352622061482821,0.244122965641953,WACC_0p1_WRT_0p9,0.38535262206148285,835,False,,,False,False,False,False,False,9.0,0.08080808080808081
OCDD,PokerHand,799,0.72,880,0.661290322580645,0.4863795269437351,0,93,801,4912,0.915,"{'nu':0.5,'kernel':'rbf','gamma':'auto'}",0.2633845298801351,0.5121964139354087,0.42832971321477475,0.2633845298801351,0.20445413930932047,0.357334874539783,-1.7606682797852482,-3.091916252778669,-0.3636769151630123,-2.2626921951286003,2.4656972749710926,0.5121964139354087,0.255836295348288,0.2563601185871207,0.42832971321477475,0.1835183616645995,0.24481135155017525,0.2633845298801351,0.35375225229845286,0.09036772241831775,0.20445413930932047,0.5166000518456233,0.31214591253630286,0.357334874539783,0.5930305546501093,0.23569568011032632,986.0,0.8905967450271248,271.0,0.244122965641953,441.0,0.39783001808318263,889.0,0.8028933092224232,1016.0,0.9177215189873418,0.244122965641953,WACC_0p3_WRT_0p7,0.6506329113924051,836,False,,,False,False,False,False,False,93.0,0.9292929292929293
OCDD,PokerHand,458,0.76,1192,0.7258064516129031,0.3848734678896593,0,95,5000,4183,0.999,"{'nu':0.5,'kernel':'rbf','gamma':'auto'}",0.41335074709095815,0.6127212492308814,0.5477581731563218,0.41335074709095815,0.11556687829005294,0.2999270630229073,-1.7606682797852482,-3.091916252778669,-0.3636769151630123,-2.2626921951286003,2.4656972749710926,0.6127212492308814,0.2825444434786858,0.33017680575219566,0.5477581731563218,0.21438808761438485,0.3333700855419369,0.41335074709095815,0.3238023166949045,0.08954843039605365,0.11556687829005294,0.4651939680829643,0.34962708979291135,0.2999270630229073,0.5632103987251738,0.2632833357022665,1042.0,0.9412296564195298,757.0,0.6835443037974683,271.0,0.244122965641953,637.0,0.5750452079566004,923.0,0.833634719710669,0.244122965641953,WACC_0p5_WRT_0p5,0.655515370705244,837,False,,,False,False,False,False,False,95.0,0.9494949494949495
OCDD,PokerHand,174,0.87,380,0.9032258064516128,0.7670426182199225,0,50,788,1132,0.754,"{'nu':0.5,'kernel':'rbf','gamma':'auto'}",0.1395104812942555,0.19593242347540038,0.18993716761948085,0.1395104812942555,0.021058412617235248,0.08277597142107936,-1.7606682797852482,-3.091916252778669,-0.3636769151630123,-2.2626921951286003,2.4656972749710926,0.19593242347540038,0.182233668358355,0.01369875511704538,0.18993716761948085,0.19860150796726442,0.008664340347783572,0.1395104812942555,0.32412100715804004,0.18461052586378454,0.021058412617235248,0.37681418762179675,0.3557557750045615,0.08277597142107936,0.42556986480626285,0.3427938933851835,670.0,0.604882459312839,541.0,0.488245931283906,272.0,0.24502712477396021,334.0,0.3010849909584087,326.0,0.2938517179023508,0.24502712477396021,WACC_0p5_WRT_0p5,0.38661844484629293,838,False,,,False,False,False,False,False,50.0,0.494949494949495
OCDD,PokerHand,844,0.77,312,0.7419354838709676,0.832866357915752,0,40,2196,708,0.865,"{'nu':0.5,'kernel':'rbf','gamma':'auto'}",0.11688931891701855,0.14163362865856402,0.08639481752107714,0.11688931891701855,0.19648446384668347,0.24314248522844503,-1.7606682797852482,-3.091916252778669,-0.3636769151630123,-2.2626921951286003,2.4656972749710926,0.14163362865856402,0.19096466259915665,0.04933103394059263,0.08639481752107714,0.2057944206437604,0.11939960312268327,0.11688931891701855,0.3606583404963232,0.2437690215793047,0.19648446384668347,0.36860454286446837,0.1721200790177849,0.24314248522844503,0.40469105908931324,0.1615485738608682,719.0,0.6491862567811935,655.0,0.5913200723327305,479.0,0.4321880650994575,315.0,0.28390596745027125,272.0,0.24502712477396021,0.24502712477396021,WACC_0p9_WRT_0p1,0.4403254972875226,839,False,,,False,False,False,False,False,40.0,0.3939393939393939
OCDD,PokerHand,130,0.7,265,0.6290322580645159,0.8873433837751918,0,23,351,5000,0.375,"{'nu':0.5,'kernel':'rbf','gamma':'auto'}",0.27173736100522133,0.09481857858528561,0.09376027831722725,0.27173736100522133,0.32520294400297817,0.3546460360145676,-1.7606682797852482,-3.091916252778669,-0.3636769151630123,-2.2626921951286003,2.4656972749710926,0.09481857858528561,0.11251798721627575,0.017699408630990135,0.09376027831722725,0.20731614103689192,0.11355586271966467,0.27173736100522133,0.48857394455679604,0.2168365835515747,0.32520294400297817,0.573862121454846,0.24865917745186789,0.3546460360145676,0.5910702215690701,0.23642418555450245,272.0,0.24502712477396021,678.0,0.6121157323688969,984.0,0.8887884267631103,1049.0,0.9475587703435805,1013.0,0.9150090415913201,0.24502712477396021,WACC_0p1_WRT_0p9,0.7216998191681736,840,False,,,False,False,False,False,False,23.0,0.2222222222222222
OCDD,PokerHand,1005,0.89,292,0.935483870967742,0.8549745174371612,0,6,2833,1582,0.129,"{'nu':0.5,'kernel':'rbf','gamma':'auto'}",0.0705791629399698,0.10081562501819125,0.10573657065708943,0.0705791629399698,0.0009891827087948315,0.041640409743901464,-1.7606682797852482,-3.091916252778669,-0.3636769151630123,-2.2626921951286003,2.4656972749710926,0.10081562501819125,0.13945800325923643,0.03864237824104519,0.10573657065708943,0.20088061216193023,0.0951440415048408,0.0705791629399698,0.32981611829347107,0.2592369553535013,0.0009891827087948315,0.3526237507963829,0.3516345680875881,0.041640409743901464,0.4053083949423458,0.3636679851984443,475.0,0.42857142857142855,585.0,0.5280289330922242,310.0,0.2793851717902351,274.0,0.2468354430379747,273.0,0.24593128390596744,0.24593128390596744,WACC_0p9_WRT_0p1,0.345750452079566,841,False,,,False,False,False,False,False,6.0,0.050505050505050504
OCDD,PokerHand,679,0.89,405,0.935483870967742,0.7457637323922697,0,48,4377,2736,0.428,"{'nu':0.5,'kernel':'rbf','gamma':'auto'}",0.18390804221952792,0.21529798776510412,0.21906576490538135,0.18390804221952792,0.061922294620223126,0.05143001640546584,-1.7606682797852482,-3.091916252778669,-0.3636769151630123,-2.2626921951286003,2.4656972749710926,0.21529798776510412,0.15087493727132756,0.06442305049377656,0.21906576490538135,0.18907795178150497,0.029987813123876383,0.18390804221952792,0.3241841574062941,0.14027611518676616,0.061922294620223126,0.391006043003477,0.3290837483832539,0.05143001640546584,0.4558763236176788,0.404446307212213,541.0,0.488245931283906,382.0,0.3444846292947559,273.0,0.24593128390596744,374.0,0.337251356238698,400.0,0.36075949367088606,0.24593128390596744,WACC_0p5_WRT_0p5,0.3553345388788427,842,False,,,False,False,False,False,False,48.0,0.47474747474747475
OCDD,PokerHand,375,0.85,251,0.8709677419354838,0.9054460072134648,0,9,4081,4806,0.001,"{'nu':0.5,'kernel':'rbf','gamma':'auto'}",0.0332025201758487,0.05378878509276153,0.039267226545367497,0.0332025201758487,0.07875685120112424,0.10362293756893663,-1.7606682797852482,-3.091916252778669,-0.3636769151630123,-2.2626921951286003,2.4656972749710926,0.05378878509276153,0.11399940598913323,0.0602106208963717,0.039267226545367497,0.18357139106900947,0.14430416452364198,0.0332025201758487,0.4276479918023444,0.39444547162649574,0.07875685120112424,0.4907766752713825,0.4120198240702583,0.10362293756893663,0.5184198719384762,0.4147969343695395,290.0,0.2613019891500904,273.0,0.24593128390596744,785.0,0.7088607594936709,776.0,0.7007233273056058,664.0,0.5994575045207957,0.24593128390596744,WACC_0p3_WRT_0p7,0.503254972875226,843,False,,,False,False,False,False,False,9.0,0.08080808080808081
OCDD,PokerHand,490,0.78,268,0.7580645161290321,0.8835883876958545,0,24,2252,2055,0.414,"{'nu':0.5,'kernel':'rbf','gamma':'auto'}",0.13524185961175866,0.08699303493221808,0.03728366272384716,0.13524185961175866,0.19084326873215796,0.22196909233949294,-1.7606682797852482,-3.091916252778669,-0.3636769151630123,-2.2626921951286003,2.4656972749710926,0.08699303493221808,0.11263739315963718,0.025644358227419103,0.03728366272384716,0.201793460684243,0.16450979796039583,0.13524185961175866,0.42190589455645733,0.28666403494469866,0.19084326873215796,0.47803486621208036,0.2871915974799224,0.22196909233949294,0.4975330673300841,0.27556397499059115,273.0,0.24593128390596744,598.0,0.5397830018083183,761.0,0.6871609403254972,698.0,0.6301989150090416,549.0,0.49547920433996384,0.24593128390596744,WACC_0p1_WRT_0p9,0.5197106690777578,844,False,,,False,False,False,False,False,24.0,0.23232323232323232
OCDD,PokerHand,600,0.87,363,0.9032258064516128,0.7823255089312653,0,46,1086,2142,0.546,"{'nu':0.5,'kernel':'rbf','gamma':'auto'}",0.12365130698508349,0.1799118313926845,0.17407794923377617,0.12365130698508349,0.01854554054544092,0.08140601983017903,-1.7606682797852482,-3.091916252778669,-0.3636769151630123,-2.2626921951286003,2.4656972749710926,0.1799118313926845,0.15370607606072206,0.026205755331962427,0.17407794923377617,0.18357830216988824,0.009500352936112066,0.12365130698508349,0.36299505928335385,0.23934375229827037,0.01854554054544092,0.4247560533281025,0.40621051278266157,0.08140601983017903,0.47783438451705856,0.39642836468687953,557.0,0.5027124773960217,274.0,0.2468354430379747,488.0,0.4403254972875226,481.0,0.43399638336347196,478.0,0.43128390596745025,0.2468354430379747,WACC_0p3_WRT_0p7,0.41103074141048823,845,False,,,False,False,False,False,False,46.0,0.45454545454545453
OCDD,PokerHand,172,0.81,271,0.8064516129032256,0.8798750375332376,0,22,67,312,0.831,"{'nu':0.5,'kernel':'rbf','gamma':'auto'}",0.08246127887659664,0.08647495541711184,0.05170795212433267,0.08246127887659664,0.13995611957038023,0.1724218779612048,-1.7606682797852482,-3.091916252778669,-0.3636769151630123,-2.2626921951286003,2.4656972749710926,0.08647495541711184,0.19713516032907033,0.11066020491195849,0.05170795212433267,0.2757114314632312,0.22400347933889853,0.08246127887659664,0.4269143097712951,0.3444530308946984,0.13995611957038023,0.3904822573448729,0.2505261377744927,0.1724218779612048,0.40557130007816394,0.23314942211695913,747.0,0.674502712477396,1029.0,0.9294755877034359,781.0,0.705244122965642,371.0,0.3345388788426763,274.0,0.2468354430379747,0.2468354430379747,WACC_0p9_WRT_0p1,0.5781193490054249,846,False,,,False,False,False,False,False,22.0,0.21212121212121213
OCDD,PokerHand,604,0.91,562,0.967741935483871,0.6363032013551286,0,56,1725,1227,0.739,"{'nu':0.5,'kernel':'rbf','gamma':'auto'}",0.3198123807996906,0.327101703564684,0.33970139416593687,0.3198123807996906,0.15562283100549226,0.044431706666594864,-1.7606682797852482,-3.091916252778669,-0.3636769151630123,-2.2626921951286003,2.4656972749710926,0.327101703564684,0.1998975997525861,0.12720410381209787,0.33970139416593687,0.20700212027013423,0.13269927389580263,0.3198123807996906,0.3319868421366253,0.012174461336934728,0.15562283100549226,0.3528724879947026,0.19724965698921035,0.044431706666594864,0.42277321866213874,0.3783415119955439,759.0,0.6853526220614828,671.0,0.6057866184448463,326.0,0.2938517179023508,275.0,0.24773960216998192,314.0,0.283001808318264,0.24773960216998192,WACC_0p7_WRT_0p3,0.4231464737793852,847,False,,,False,False,False,False,False,56.0,0.5555555555555556
OCDD,PokerHand,288,0.81,277,0.8064516129032256,0.8725696501009428,0,25,986,4030,0.3,"{'nu':0.5,'kernel':'rbf','gamma':'auto'}",0.07740737405046849,0.09413297210188278,0.05928883043258083,0.07740737405046849,0.13836439590839736,0.17307672967244472,-1.7606682797852482,-3.091916252778669,-0.3636769151630123,-2.2626921951286003,2.4656972749710926,0.09413297210188278,0.11280376676973776,0.018670794667854984,0.05928883043258083,0.1858691681948841,0.12658033776230326,0.07740737405046849,0.4484754046286192,0.3710680305781507,0.13836439590839736,0.515503042035952,0.37713864612755466,0.17307672967244472,0.5406145850559259,0.36753785538348116,275.0,0.24773960216998192,327.0,0.29475587703435807,861.0,0.7775768535262206,881.0,0.7956600361663653,791.0,0.7142857142857143,0.24773960216998192,WACC_0p1_WRT_0p9,0.5660036166365281,848,False,,,False,False,False,False,False,25.0,0.24242424242424243
OCDD,PokerHand,121,0.86,286,0.8870967741935483,0.8619020123061318,0,28,3982,4149,0.001,"{'nu':0.5,'kernel':'rbf','gamma':'auto'}",0.029916003827683904,0.09796441385342003,0.0879769290785314,0.029916003827683904,0.05257664109161746,0.09089950960661687,-1.7606682797852482,-3.091916252778669,-0.3636769151630123,-2.2626921951286003,2.4656972749710926,0.09796441385342003,0.11775052040251616,0.019786106549096127,0.0879769290785314,0.1836090572928562,0.0956321282143248,0.029916003827683904,0.4180360677713791,0.3881200639436952,0.05257664109161746,0.4806620660152121,0.42808542492359464,0.09089950960661687,0.5132299301544948,0.42233042054787795,323.0,0.2911392405063291,276.0,0.24864376130198915,737.0,0.6654611211573237,722.0,0.6518987341772152,628.0,0.5669077757685352,0.24864376130198915,WACC_0p3_WRT_0p7,0.4848101265822785,849,False,,,False,False,False,False,False,28.0,0.2727272727272727
OCDD,PokerHand,869,0.89,451,0.935483870967742,0.7098281545766654,0,55,4520,3308,0.795,"{'nu':0.5,'kernel':'rbf','gamma':'auto'}",0.2211986702324275,0.25296816707308045,0.25635649655807663,0.2211986702324275,0.08345416443916324,0.05465126577040904,-1.7606682797852482,-3.091916252778669,-0.3636769151630123,-2.2626921951286003,2.4656972749710926,0.25296816707308045,0.2414413745981518,0.01152679247492866,0.25635649655807663,0.1862015514357725,0.07015494512230414,0.2211986702324275,0.32477649445355855,0.10357782422113104,0.08345416443916324,0.44115828237357285,0.3577041179344096,0.05465126577040904,0.5208938478379191,0.4662425820675101,938.0,0.8471971066907775,334.0,0.3010849909584087,276.0,0.24864376130198915,543.0,0.49005424954792043,676.0,0.6103074141048824,0.24864376130198915,WACC_0p5_WRT_0p5,0.4994575045207957,850,False,,,False,False,False,False,False,55.0,0.5454545454545454
OCDD,PokerHand,67,0.89,283,0.935483870967742,0.8654202615723743,0,3,1779,3196,0.198,"{'nu':0.5,'kernel':'rbf','gamma':'auto'}",0.059739533176315016,0.08986566738573457,0.0948969107674466,0.059739533176315016,0.0032651384005539926,0.040704057841211214,-1.7606682797852482,-3.091916252778669,-0.3636769151630123,-2.2626921951286003,2.4656972749710926,0.08986566738573457,0.11287285070470549,0.02300718331897092,0.0948969107674466,0.2006276202771143,0.10573070950966772,0.059739533176315016,0.43515911757999143,0.3754195844036764,0.0032651384005539926,0.48013597072830333,0.47687083232774935,0.040704057841211214,0.5178063002308874,0.47710224238967613,276.0,0.24864376130198915,580.0,0.523508137432188,815.0,0.7359855334538878,716.0,0.6464737793851718,661.0,0.596745027124774,0.24864376130198915,WACC_0p1_WRT_0p9,0.5502712477396021,851,False,,,False,False,False,False,False,3.0,0.020202020202020204
OCDD,PokerHand,308,0.89,315,0.935483870967742,0.8296725310807964,0,16,3391,2033,0.001,"{'nu':0.5,'kernel':'rbf','gamma':'auto'}",0.09683523056309715,0.1273389320256093,0.13199271125226436,0.09683523056309715,0.011645843263415325,0.04390846865477974,-1.7606682797852482,-3.091916252778669,-0.3636769151630123,-2.2626921951286003,2.4656972749710926,0.1273389320256093,0.12493205421106308,0.002406877814546224,0.13199271125226436,0.1877625003212149,0.055769789068950526,0.09683523056309715,0.33219856951068016,0.23536333894758302,0.011645843263415325,0.35298732885554757,0.34134148559213223,0.04390846865477974,0.4167896663564673,0.37288119770168754,387.0,0.34900542495479203,351.0,0.31645569620253167,328.0,0.29566003616636527,277.0,0.24954792043399637,302.0,0.2721518987341772,0.24954792043399637,WACC_0p7_WRT_0p3,0.2965641952983725,852,False,,,False,False,False,False,False,16.0,0.15151515151515152
OCDD,PokerHand,451,0.87,288,0.9032258064516128,0.8595768850843719,0,18,3163,2170,0.001,"{'nu':0.5,'kernel':'rbf','gamma':'auto'}",0.04348695436518013,0.09893155033506891,0.0939133738174876,0.04348695436518013,0.03537734371580501,0.07448124050282044,-1.7606682797852482,-3.091916252778669,-0.3636769151630123,-2.2626921951286003,2.4656972749710926,0.09893155033506891,0.11295939623808016,0.014027845903011246,0.0939133738174876,0.18363046093240343,0.08971708711491583,0.04348695436518013,0.3709518089777231,0.327464854612543,0.03537734371580501,0.3990647275537438,0.36368738383793875,0.07448124050282044,0.4409514130399247,0.36647017253710423,278.0,0.2504520795660036,277.0,0.24954792043399637,529.0,0.47739602169981915,389.0,0.3508137432188065,367.0,0.3309222423146474,0.24954792043399637,WACC_0p3_WRT_0p7,0.33182640144665465,853,False,,,False,False,False,False,False,18.0,0.1717171717171717
OCDD,PokerHand,936,0.82,452,0.8225806451612901,0.7090882272603429,0,70,3452,4970,0.731,"{'nu':0.5,'kernel':'rbf','gamma':'auto'}",0.14385946274035266,0.26403537890871964,0.2324588787301535,0.14385946274035266,0.08605179463304996,0.1711044399148707,-1.7606682797852482,-3.091916252778669,-0.3636769151630123,-2.2626921951286003,2.4656972749710926,0.26403537890871964,0.2407999424696978,0.023235436439021845,0.2324588787301535,0.19424345762852588,0.03821542110162762,0.14385946274035266,0.324958204380145,0.18109874163979234,0.08605179463304996,0.465792039573289,0.37974024494023906,0.1711044399148707,0.5592683707744498,0.3881639308595791,933.0,0.8426763110307414,467.0,0.4213381555153707,277.0,0.24954792043399637,640.0,0.5777576853526221,899.0,0.8119349005424955,0.24954792043399637,WACC_0p5_WRT_0p5,0.5806509945750452,854,False,,,False,False,False,False,False,70.0,0.696969696969697
OCDD,PokerHand,694,0.85,272,0.8709677419354838,0.8786463500098796,0,20,4904,4374,0.006,"{'nu':0.5,'kernel':'rbf','gamma':'auto'}",0.01466237865220707,0.0818820551504084,0.06707751612221013,0.01466237865220707,0.07291764706591307,0.10602524703480137,-1.7606682797852482,-3.091916252778669,-0.3636769151630123,-2.2626921951286003,2.4656972749710926,0.0818820551504084,0.1193014867148881,0.0374194315644797,0.06707751612221013,0.18369991585687453,0.1166223997346644,0.01466237865220707,0.41738244949810593,0.4027200708458989,0.07291764706591307,0.482892257508549,0.40997461044263594,0.10602524703480137,0.5136752969816079,0.4076500499468065,339.0,0.30560578661844484,278.0,0.2504520795660036,734.0,0.6627486437613019,734.0,0.6627486437613019,632.0,0.5705244122965641,0.2504520795660036,WACC_0p3_WRT_0p7,0.49041591320072325,855,False,,,False,False,False,False,False,20.0,0.1919191919191919
OCDD,PokerHand,923,0.81,238,0.8064516129032256,0.923179767582184,0,8,2167,985,0.364,"{'nu':0.5,'kernel':'rbf','gamma':'auto'}",0.11241971519731027,0.04107991671207218,0.018486344945865166,0.11241971519731027,0.14939150737609383,0.16854006103634567,-1.7606682797852482,-3.091916252778669,-0.3636769151630123,-2.2626921951286003,2.4656972749710926,0.04107991671207218,0.14683073490572363,0.10575081819365145,0.018486344945865166,0.1991477405679686,0.18066139562210343,0.11241971519731027,0.3487839856291248,0.23636427043181457,0.14939150737609383,0.3722551064755624,0.2228635990994686,0.16854006103634567,0.40670723023823946,0.2381671692018938,522.0,0.47106690777576854,554.0,0.5,417.0,0.37613019891500904,321.0,0.28933092224231466,279.0,0.2513562386980108,0.2513562386980108,WACC_0p9_WRT_0p1,0.3775768535262206,856,False,,,False,False,False,False,False,8.0,0.0707070707070707
OCDD,PokerHand,68,0.86,270,0.8870967741935483,0.8811082506193819,0,17,1839,3520,0.001,"{'nu':0.5,'kernel':'rbf','gamma':'auto'}",0.00998554126098747,0.07783109514613909,0.06804641112019429,0.00998554126098747,0.05676136425164274,0.08917787086500632,-1.7606682797852482,-3.091916252778669,-0.3636769151630123,-2.2626921951286003,2.4656972749710926,0.07783109514613909,0.11301899985196594,0.03518790470582685,0.06804641112019429,0.197772184526369,0.1297257734061747,0.00998554126098747,0.43074220571388594,0.42075666445289844,0.05676136425164274,0.4747219145210399,0.41796055026939716,0.08917787086500632,0.508834977729473,0.4196571068644666,279.0,0.2513562386980108,526.0,0.47468354430379744,796.0,0.7188065099457505,681.0,0.6148282097649186,597.0,0.538878842676311,0.2513562386980108,WACC_0p1_WRT_0p9,0.5197106690777576,857,False,,,False,False,False,False,False,17.0,0.16161616161616163
OCDD,PokerHand,813,0.81,804,0.8064516129032256,0.5165851569760813,0,89,4123,2695,0.993,"{'nu':0.5,'kernel':'rbf','gamma':'auto'}",0.3324632449120653,0.4673007490521557,0.42869772859354405,0.3324632449120653,0.08678543185999309,0.2049870228168101,-1.7606682797852482,-3.091916252778669,-0.3636769151630123,-2.2626921951286003,2.4656972749710926,0.4673007490521557,0.2574850649578752,0.20981568409428047,0.42869772859354405,0.22006516980406413,0.20863255878947992,0.3324632449120653,0.3253554526978356,0.007107792214229691,0.08678543185999309,0.41645100304820837,0.32966557118821527,0.2049870228168101,0.5119844709518434,0.30699744813503327,987.0,0.891500904159132,803.0,0.7251356238698011,279.0,0.2513562386980108,441.0,0.39783001808318263,622.0,0.5614828209764918,0.2513562386980108,WACC_0p5_WRT_0p5,0.5654611211573237,858,False,,,False,False,False,False,False,89.0,0.8888888888888888
OCDD,PokerHand,700,0.89,301,0.935483870967742,0.8448448279694667,0,11,1356,2648,0.078,"{'nu':0.5,'kernel':'rbf','gamma':'auto'}",0.08109082032208535,0.11143427210215372,0.11624825725367736,0.08109082032208535,0.0025549105076520156,0.04254843064542467,-1.7606682797852482,-3.091916252778669,-0.3636769151630123,-2.2626921951286003,2.4656972749710926,0.11143427210215372,0.11303585625816404,0.001601584156010319,0.11624825725367736,0.18899979257777247,0.0727515353240951,0.08109082032208535,0.4011974486082726,0.32010662828618724,0.0025549105076520156,0.4386035191478575,0.4360486086402055,0.04254843064542467,0.4745105775209375,0.4319621468755128,280.0,0.2522603978300181,379.0,0.34177215189873417,666.0,0.6012658227848101,538.0,0.48553345388788427,464.0,0.41862567811934903,0.2522603978300181,WACC_0p1_WRT_0p9,0.41989150090415917,859,False,,,False,False,False,False,False,11.0,0.10101010101010101
OCDD,PokerHand,1086,0.86,274,0.8870967741935483,0.8762024196379794,0,19,642,1687,0.045,"{'nu':0.5,'kernel':'rbf','gamma':'auto'}",0.015076360146949574,0.08297372938100067,0.0731372441547899,0.015076360146949574,0.055692464439393644,0.08961762739304802,-1.7606682797852482,-3.091916252778669,-0.3636769151630123,-2.2626921951286003,2.4656972749710926,0.08297372938100067,0.11314342958527795,0.030169700204277283,0.0731372441547899,0.21200244469902013,0.13886520054423024,0.015076360146949574,0.3849612035027373,0.36988484335578775,0.055692464439393644,0.4074356899543805,0.3517432255149869,0.08961762739304802,0.4494294663493459,0.35981183895629787,281.0,0.25316455696202533,736.0,0.6645569620253164,588.0,0.530741410488246,412.0,0.3716094032549729,381.0,0.3435804701627486,0.25316455696202533,WACC_0p1_WRT_0p9,0.4327305605786618,860,False,,,False,False,False,False,False,19.0,0.18181818181818182
OCDD,PokerHand,516,0.79,531,0.7741935483870968,0.6552659419874538,0,76,622,645,0.999,"{'nu':0.5,'kernel':'rbf','gamma':'auto'}",0.16623682199011822,0.32486632481421207,0.27773993071869935,0.16623682199011822,0.12440287597109186,0.2258091233078283,-1.7606682797852482,-3.091916252778669,-0.3636769151630123,-2.2626921951286003,2.4656972749710926,0.32486632481421207,0.21514958774960807,0.109716737064604,0.27773993071869935,0.23811437613557596,0.03962555458312339,0.16623682199011822,0.3618507945847309,0.1956139725946127,0.12440287597109186,0.3733076975479356,0.24890482157684374,0.2258091233078283,0.4075995102679711,0.1817903869601428,824.0,0.744122965641953,918.0,0.8291139240506329,484.0,0.43670886075949367,325.0,0.29294755877034356,281.0,0.25316455696202533,0.25316455696202533,WACC_0p9_WRT_0p1,0.5112115732368897,861,False,,,False,False,False,False,False,76.0,0.7575757575757576
OCDD,PokerHand,854,0.9,441,0.9516129032258064,0.7173187796205289,0,49,3551,2138,0.163,"{'nu':0.5,'kernel':'rbf','gamma':'auto'}",0.22458373845901786,0.24364574734427794,0.2521070306770634,0.22458373845901786,0.09302293621386344,0.03735311695758662,-1.7606682797852482,-3.091916252778669,-0.3636769151630123,-2.2626921951286003,2.4656972749710926,0.24364574734427794,0.12975463555197414,0.1138911117923038,0.2521070306770634,0.18606325085211478,0.06604377982494863,0.22458373845901786,0.32551455560539805,0.10093081714638019,0.09302293621386344,0.3655137724607739,0.27249083624691045,0.03735311695758662,0.4233619450824858,0.3860088281248992,422.0,0.3806509945750452,331.0,0.298372513562387,282.0,0.25406871609403253,307.0,0.2766726943942134,317.0,0.2857142857142857,0.25406871609403253,WACC_0p5_WRT_0p5,0.29909584086799273,862,False,,,False,False,False,False,False,49.0,0.48484848484848486
OCDD,PokerHand,222,0.76,576,0.7258064516129031,0.6280792130940889,0,78,2770,1881,0.999,"{'nu':0.5,'kernel':'rbf','gamma':'auto'}",0.1609742576532327,0.35777602259248786,0.2953809823024717,0.1609742576532327,0.16855740657617022,0.2781262071605001,-1.7606682797852482,-3.091916252778669,-0.3636769151630123,-2.2626921951286003,2.4656972749710926,0.35777602259248786,0.21613484998670524,0.14164117260578263,0.2953809823024717,0.18374224861056296,0.11163873369190871,0.1609742576532327,0.34131922331067216,0.18034496565743946,0.16855740657617022,0.42221250131649685,0.25365509474032666,0.2781262071605001,0.4737350488106062,0.19560884165010606,829.0,0.7486437613019892,282.0,0.25406871609403253,368.0,0.3318264014466546,467.0,0.4213381555153707,462.0,0.4168173598553345,0.25406871609403253,WACC_0p3_WRT_0p7,0.4345388788426763,863,False,,,False,False,False,False,False,78.0,0.7777777777777778
OCDD,PokerHand,54,0.84,581,0.8548387096774193,0.6251903515625801,0,75,4429,1457,0.999,"{'nu':0.5,'kernel':'rbf','gamma':'auto'}",0.2532372354705352,0.3490425362902453,0.3265678684169003,0.2532372354705352,0.06388240807473557,0.1453716235661104,-1.7606682797852482,-3.091916252778669,-0.3636769151630123,-2.2626921951286003,2.4656972749710926,0.3490425362902453,0.27207650099614317,0.07696603529410212,0.3265678684169003,0.2595974309848992,0.0669704374320011,0.2532372354705352,0.372921366196339,0.11968413072580375,0.06388240807473557,0.3543503756474873,0.29046796757275173,0.1453716235661104,0.44857634646788486,0.30320472290177447,1022.0,0.9231464737793852,1002.0,0.9050632911392406,541.0,0.488245931283906,282.0,0.25406871609403253,378.0,0.34086799276672697,0.25406871609403253,WACC_0p7_WRT_0p3,0.5822784810126582,864,False,,,False,False,False,False,False,75.0,0.7474747474747475
OCDD,PokerHand,290,0.89,493,0.935483870967742,0.6800785490006123,0,60,5000,620,0.999,"{'nu':0.5,'kernel':'rbf','gamma':'auto'}",0.25207006683997984,0.2841537787847381,0.2872279789648071,0.25207006683997984,0.10127952508079006,0.057318007308861746,-1.7606682797852482,-3.091916252778669,-0.3636769151630123,-2.2626921951286003,2.4656972749710926,0.2841537787847381,0.28259136268756047,0.0015624160971776102,0.2872279789648071,0.31306472017383236,0.025836741209025238,0.25207006683997984,0.44351945721661185,0.191449390376632,0.10127952508079006,0.376569723133494,0.27529019805270394,0.057318007308861746,0.40804712544532523,0.35072911813646346,1043.0,0.9421338155515371,1071.0,0.9674502712477396,844.0,0.7622061482820977,333.0,0.30018083182640143,282.0,0.25406871609403253,0.25406871609403253,WACC_0p9_WRT_0p1,0.6452079566003618,865,False,,,False,False,False,False,False,60.0,0.5959595959595959
OCDD,PokerHand,37,0.48,213,0.2741935483870967,0.9601728703958,0,10,1,1097,0.325,"{'nu':0.5,'kernel':'rbf','gamma':'auto'}",0.6903400598025118,0.13453481469817138,0.3705831156056696,0.6903400598025118,0.7083104796934395,0.7139048675579848,-1.7606682797852482,-3.091916252778669,-0.3636769151630123,-2.2626921951286003,2.4656972749710926,0.13453481469817138,0.11324923820234344,0.02128557649582795,0.3705831156056696,0.2834855559219461,0.08709755968372351,0.6903400598025118,0.5888165548697617,0.10152350493275009,0.7083104796934395,0.6048088513101052,0.10350162838333432,0.7139048675579848,0.6096366286679941,0.1042682388899907,283.0,0.2549728752260398,1042.0,0.9412296564195298,1094.0,0.9882459312839059,1085.0,0.9801084990958409,1064.0,0.961121157323689,0.2549728752260398,WACC_0p1_WRT_0p9,0.825135623869801,866,False,,,False,False,False,False,False,10.0,0.09090909090909091
OCDD,PokerHand,689,0.9,368,0.9516129032258064,0.7777576758137518,0,34,946,1474,0.216,"{'nu':0.5,'kernel':'rbf','gamma':'auto'}",0.16186582678338998,0.1802894805142997,0.18938894469298592,0.16186582678338998,0.05680917470123182,0.03193540092754834,-1.7606682797852482,-3.091916252778669,-0.3636769151630123,-2.2626921951286003,2.4656972749710926,0.1802894805142997,0.12981055519443352,0.05047892531986617,0.18938894469298592,0.18826931471726774,0.0011196299757181838,0.16186582678338998,0.325980274045611,0.164114447262221,0.05680917470123182,0.3617137724042299,0.3049045977029981,0.03193540092754834,0.40874462976257125,0.37680922883502294,423.0,0.38155515370705245,364.0,0.3282097649186257,286.0,0.2576853526220615,301.0,0.27124773960216997,284.0,0.25587703435804704,0.25587703435804704,WACC_0p9_WRT_0p1,0.29891500904159135,867,False,,,False,False,False,False,False,34.0,0.3333333333333333
OCDD,PokerHand,176,0.84,411,0.8548387096774193,0.7408519038474888,0,65,2757,1048,0.873,"{'nu':0.5,'kernel':'rbf','gamma':'auto'}",0.13321434495844248,0.2277980293570785,0.20654464433177566,0.13321434495844248,0.05958719601571553,0.135003772970862,-1.7606682797852482,-3.091916252778669,-0.3636769151630123,-2.2626921951286003,2.4656972749710926,0.2277980293570785,0.18745402757019378,0.040344001786884714,0.20654464433177566,0.20109578599674122,0.0054488583350344455,0.13321434495844248,0.3258736071484522,0.19265926219000973,0.05958719601571553,0.37153664826733246,0.3119494522516169,0.135003772970862,0.42065621319820085,0.2856524402273388,696.0,0.6283905967450272,588.0,0.530741410488246,284.0,0.25587703435804704,320.0,0.2884267631103074,309.0,0.27848101265822783,0.25587703435804704,WACC_0p5_WRT_0p5,0.39638336347197106,868,False,,,False,False,False,False,False,65.0,0.6464646464646465
OCDD,PokerHand,562,0.87,323,0.9032258064516128,0.8213016707210846,0,32,764,1595,0.28,"{'nu':0.5,'kernel':'rbf','gamma':'auto'}",0.08320544138267727,0.1390542998707721,0.13363197122239565,0.08320544138267727,0.027037804583330452,0.07791221385723429,-1.7606682797852482,-3.091916252778669,-0.3636769151630123,-2.2626921951286003,2.4656972749710926,0.1390542998707721,0.11330403810086456,0.02575026176990755,0.13363197122239565,0.19330154100944882,0.05966956978705318,0.08320544138267727,0.35554912373717057,0.2723436823544933,0.027037804583330452,0.38737755631203025,0.3603397517286998,0.07791221385723429,0.4230907674120212,0.3451785535547869,285.0,0.25678119349005424,449.0,0.4050632911392405,452.0,0.4077757685352622,357.0,0.321880650994575,316.0,0.2848101265822785,0.25678119349005424,WACC_0p1_WRT_0p9,0.33526220614828206,869,False,,,False,False,False,False,False,32.0,0.31313131313131315
OCDD,PokerHand,710,0.78,1014,0.7580645161290321,0.4389740419034724,0,94,4547,4836,0.948,"{'nu':0.5,'kernel':'rbf','gamma':'auto'}",0.3795264574817772,0.553068805714032,0.4986647025100735,0.3795264574817772,0.0939691219174074,0.2618241264334887,-1.7606682797852482,-3.091916252778669,-0.3636769151630123,-2.2626921951286003,2.4656972749710926,0.553068805714032,0.2742832505179397,0.2787855551960923,0.4986647025100735,0.19598802607914378,0.3026766764309297,0.3795264574817772,0.3259021090934459,0.0536243483883313,0.0939691219174074,0.48195166326028804,0.3879825413428806,0.2618241264334887,0.5710841958241981,0.30926006939070944,1029.0,0.9294755877034359,506.0,0.4566003616636528,285.0,0.25678119349005424,729.0,0.6582278481012658,950.0,0.8580470162748643,0.25678119349005424,WACC_0p5_WRT_0p5,0.6318264014466546,870,False,,,False,False,False,False,False,94.0,0.9393939393939394
OCDD,PokerHand,388,0.86,326,0.8870967741935483,0.8182157781450479,0,39,3745,3893,0.001,"{'nu':0.5,'kernel':'rbf','gamma':'auto'}",0.07524954808693358,0.14375937178014841,0.13331059933081238,0.07524954808693358,0.043058129820097164,0.09481552439202667,-1.7606682797852482,-3.091916252778669,-0.3636769151630123,-2.2626921951286003,2.4656972749710926,0.14375937178014841,0.11344262566825555,0.03031674611189286,0.13331059933081238,0.18547089996306582,0.05216030063225344,0.07524954808693358,0.42751506108684045,0.3522655129999069,0.043058129820097164,0.4838402775152523,0.44078214769515517,0.09481552439202667,0.5172506839850771,0.42243515959305045,286.0,0.2576853526220615,315.0,0.28390596745027125,784.0,0.7079566003616636,743.0,0.6708860759493671,657.0,0.593128390596745,0.2576853526220615,WACC_0p1_WRT_0p9,0.5027124773960218,871,False,,,False,False,False,False,False,39.0,0.3838383838383838
OCDD,PokerHand,453,0.86,318,0.8870967741935483,0.8265088825883934,0,37,4851,4429,0.224,"{'nu':0.5,'kernel':'rbf','gamma':'auto'}",0.0666437292392223,0.13506596122741907,0.12470475656542115,0.0666437292392223,0.04486506075923034,0.09407213416302819,-1.7606682797852482,-3.091916252778669,-0.3636769151630123,-2.2626921951286003,2.4656972749710926,0.13506596122741907,0.12508321332176509,0.009982747905653983,0.12470475656542115,0.18406553944220172,0.059360782876780566,0.0666437292392223,0.409497648071115,0.3428539188318927,0.04486506075923034,0.4760252280512036,0.43116016729197326,0.09407213416302819,0.5172309580224866,0.42315882385945847,391.0,0.352622061482821,287.0,0.2585895117540687,692.0,0.6247739602169982,685.0,0.6184448462929476,656.0,0.5922242314647378,0.2585895117540687,WACC_0p3_WRT_0p7,0.48933092224231467,872,False,,,False,False,False,False,False,37.0,0.36363636363636365
OCDD,PokerHand,1092,0.82,556,0.8225806451612901,0.6398905603986254,0,73,1007,1552,0.896,"{'nu':0.5,'kernel':'rbf','gamma':'auto'}",0.2156664187197932,0.3365732001105986,0.3042660342787255,0.2156664187197932,0.07097476213907257,0.17730728828919315,-1.7606682797852482,-3.091916252778669,-0.3636769151630123,-2.2626921951286003,2.4656972749710926,0.3365732001105986,0.20667955373170788,0.12989364637889073,0.3042660342787255,0.1916303222652825,0.112635712013443,0.2156664187197932,0.32646941507443744,0.11080299635464425,0.07097476213907257,0.3863082236443876,0.31533346150531505,0.17730728828919315,0.46835108397888237,0.2910437956896892,792.0,0.7151898734177216,420.0,0.37884267631103075,288.0,0.25949367088607594,355.0,0.32007233273056057,437.0,0.39421338155515373,0.25949367088607594,WACC_0p5_WRT_0p5,0.4135623869801085,873,False,,,False,False,False,False,False,73.0,0.7272727272727273
OCDD,PokerHand,686,0.84,287,0.8548387096774193,0.860737430351594,0,30,2389,1236,0.036,"{'nu':0.5,'kernel':'rbf','gamma':'auto'}",0.01901011732551561,0.10212565800926718,0.08213815723292646,0.01901011732551561,0.08570827871453057,0.1242572871873626,-1.7606682797852482,-3.091916252778669,-0.3636769151630123,-2.2626921951286003,2.4656972749710926,0.10212565800926718,0.14260312683334658,0.040477468824079404,0.08213815723292646,0.21215027433263722,0.13001211709971078,0.01901011732551561,0.37159751607654407,0.35258739875102846,0.08570827871453057,0.364215209145082,0.2785069304305514,0.1242572871873626,0.41013798031724236,0.28588069312987974,497.0,0.4484629294755877,737.0,0.6654611211573237,532.0,0.48010849909584086,306.0,0.2757685352622061,288.0,0.25949367088607594,0.25949367088607594,WACC_0p9_WRT_0p1,0.42585895117540684,874,False,,,False,False,False,False,False,30.0,0.29292929292929293
OCDD,PokerHand,296,0.86,277,0.8870967741935483,0.8725696501009428,0,22,4439,3914,0.001,"{'nu':0.5,'kernel':'rbf','gamma':'auto'}",0.01884611329123884,0.0867818518090558,0.07690700777614716,0.01884611329123884,0.05490094375904346,0.08994326725402949,-1.7606682797852482,-3.091916252778669,-0.3636769151630123,-2.2626921951286003,2.4656972749710926,0.0867818518090558,0.1206451850737498,0.033863333264694,0.07690700777614716,0.18417509902012555,0.10726809124397839,0.01884611329123884,0.40275466847118674,0.3839085551799479,0.05490094375904346,0.4703829811187728,0.41548203735972933,0.08994326725402949,0.5052164370766501,0.41527316982262064,347.0,0.3128390596745027,288.0,0.25949367088607594,674.0,0.608499095840868,662.0,0.5976491862567812,571.0,0.515370705244123,0.25949367088607594,WACC_0p3_WRT_0p7,0.4587703435804702,875,False,,,False,False,False,False,False,22.0,0.21212121212121213
OCDD,PokerHand,849,0.85,268,0.8709677419354838,0.8835883876958545,0,17,2850,2623,0.368,"{'nu':0.5,'kernel':'rbf','gamma':'auto'}",0.018081305895085657,0.07670146652226029,0.06194911100484001,0.018081305895085657,0.07399443572306252,0.10558224495371167,-1.7606682797852482,-3.091916252778669,-0.3636769151630123,-2.2626921951286003,2.4656972749710926,0.07670146652226029,0.11420092411954613,0.037499457597285846,0.06194911100484001,0.18418042956467073,0.12223131855983072,0.018081305895085657,0.40143086071303685,0.3833495548179512,0.07399443572306252,0.4448951065506084,0.37090067082754585,0.10558224495371167,0.48014279369655793,0.3745605487428463,294.0,0.26491862567811936,289.0,0.2603978300180832,668.0,0.6030741410488246,558.0,0.5036166365280289,486.0,0.4385171790235081,0.2603978300180832,WACC_0p3_WRT_0p7,0.4141048824593129,876,False,,,False,False,False,False,False,17.0,0.16161616161616163
OCDD,PokerHand,449,0.86,313,0.8870967741935483,0.8317983602817474,0,35,494,1225,0.001,"{'nu':0.5,'kernel':'rbf','gamma':'auto'}",0.061154797182597864,0.12952116174828943,0.11921580925370907,0.061154797182597864,0.046017550874514646,0.0935979877127324,-1.7606682797852482,-3.091916252778669,-0.3636769151630123,-2.2626921951286003,2.4656972749710926,0.12952116174828943,0.1320657429056732,0.002544581157383763,0.11921580925370907,0.2127708433367574,0.09355503408304831,0.061154797182597864,0.3709131139857729,0.30975831680317506,0.046017550874514646,0.37372432270643996,0.3277067718319253,0.0935979877127324,0.41199356304161117,0.31839557532887874,437.0,0.39421338155515373,741.0,0.6690777576853526,526.0,0.47468354430379744,327.0,0.29475587703435807,290.0,0.2613019891500904,0.2613019891500904,WACC_0p9_WRT_0p1,0.4188065099457504,877,False,,,False,False,False,False,False,35.0,0.3434343434343434
OCDD,PokerHand,438,0.8,539,0.7903225806451613,0.6502685809414109,0,75,3505,1398,0.999,"{'nu':0.5,'kernel':'rbf','gamma':'auto'}",0.18258077030759037,0.3286346831888304,0.286449380944472,0.18258077030759037,0.10662134283463255,0.2096303920668602,-1.7606682797852482,-3.091916252778669,-0.3636769151630123,-2.2626921951286003,2.4656972749710926,0.3286346831888304,0.23639388049608517,0.0922408026927452,0.286449380944472,0.21899405102679467,0.0674553299176773,0.18258077030759037,0.34084173309207194,0.15826096278448157,0.10662134283463255,0.35699360003299035,0.2503722571983578,0.2096303920668602,0.4242264740326058,0.21459608196574562,919.0,0.8300180831826401,793.0,0.7160940325497287,366.0,0.33001808318264014,291.0,0.26220614828209765,320.0,0.2884267631103074,0.26220614828209765,WACC_0p7_WRT_0p3,0.48535262206148283,878,False,,,False,False,False,False,False,75.0,0.7474747474747475
OCDD,PokerHand,820,0.83,722,0.8387096774193548,0.5525555674854241,0,83,1609,2058,0.965,"{'nu':0.5,'kernel':'rbf','gamma':'auto'}",0.31745276668856587,0.42665360756776044,0.3984181216211702,0.31745276668856587,0.09334669593154339,0.16850926609717864,-1.7606682797852482,-3.091916252778669,-0.3636769151630123,-2.2626921951286003,2.4656972749710926,0.42665360756776044,0.21669093037936046,0.20996267718839998,0.3984181216211702,0.18426512982716606,0.21415299179400413,0.31745276668856587,0.3365255000495688,0.019072733361002958,0.09334669593154339,0.39881532147844934,0.30546862554690596,0.16850926609717864,0.4799296918519648,0.3114204257547862,834.0,0.7531645569620253,292.0,0.2631103074141049,348.0,0.31374321880650996,388.0,0.3499095840867993,484.0,0.43670886075949367,0.2631103074141049,WACC_0p3_WRT_0p7,0.42332730560578663,879,False,,,False,False,False,False,False,83.0,0.8282828282828283
OCDD,PokerHand,808,0.89,372,0.935483870967742,0.7741477543279291,0,38,477,576,0.784,"{'nu':0.5,'kernel':'rbf','gamma':'auto'}",0.15445372235457658,0.1855438760799002,0.18961136317965552,0.15445372235457658,0.04491516401576749,0.04888568518296704,-1.7606682797852482,-3.091916252778669,-0.3636769151630123,-2.2626921951286003,2.4656972749710926,0.1855438760799002,0.2030904190815402,0.01754654300164002,0.18961136317965552,0.2630951039409677,0.07348374076131217,0.15445372235457658,0.3801789039659298,0.22572518161135322,0.04491516401576749,0.3854116429497688,0.3404964789340013,0.04888568518296704,0.41247465030975483,0.3635889651267878,776.0,0.7007233273056058,1011.0,0.9132007233273056,570.0,0.5144665461121157,351.0,0.31645569620253167,292.0,0.2631103074141049,0.2631103074141049,WACC_0p9_WRT_0p1,0.5415913200723328,880,False,,,False,False,False,False,False,38.0,0.37373737373737376
OCDD,PokerHand,1075,0.82,657,0.8225806451612901,0.5840967631148909,0,83,4854,4583,0.808,"{'nu':0.5,'kernel':'rbf','gamma':'auto'}",0.27356407520415377,0.39506015025053803,0.3621638516748649,0.27356407520415377,0.060390848377879884,0.18230861969925763,-1.7606682797852482,-3.091916252778669,-0.3636769151630123,-2.2626921951286003,2.4656972749710926,0.39506015025053803,0.23763484562481485,0.15742530462572318,0.3621638516748649,0.1843350545872998,0.17782879708756513,0.27356407520415377,0.3352798536010739,0.06171577839692011,0.060390848377879884,0.4555904619205781,0.3951996135426982,0.18230861969925763,0.5520031604489082,0.3696945407496506,922.0,0.8327305605786618,293.0,0.2640144665461121,342.0,0.30831826401446655,598.0,0.5397830018083183,854.0,0.77124773960217,0.2640144665461121,WACC_0p3_WRT_0p7,0.5432188065099457,881,False,,,False,False,False,False,False,83.0,0.8282828282828283
OCDD,PokerHand,726,0.89,368,0.935483870967742,0.7777576758137518,0,35,4763,3213,0.617,"{'nu':0.5,'kernel':'rbf','gamma':'auto'}",0.150707678810367,0.18175970457286506,0.18586530922427275,0.150707678810367,0.04275217223396915,0.048562093411231244,-1.7606682797852482,-3.091916252778669,-0.3636769151630123,-2.2626921951286003,2.4656972749710926,0.18175970457286506,0.20331019301934222,0.021550488446477167,0.18586530922427275,0.18450943509523,0.0013558741290427556,0.150707678810367,0.3270315801409699,0.17632390133060288,0.04275217223396915,0.41821240172728463,0.3754602294933155,0.048562093411231244,0.4979445517176298,0.44938245830639856,777.0,0.701627486437613,297.0,0.26763110307414106,294.0,0.26491862567811936,449.0,0.4050632911392405,552.0,0.49819168173598555,0.26491862567811936,WACC_0p5_WRT_0p5,0.4274864376130199,882,False,,,False,False,False,False,False,35.0,0.3434343434343434
OCDD,PokerHand,534,0.89,562,0.935483870967742,0.6363032013551286,0,64,5000,3125,0.383,"{'nu':0.5,'kernel':'rbf','gamma':'auto'}",0.2974960848536445,0.3300421516818148,0.3326541232285103,0.2974960848536445,0.12750882607096672,0.06124201018775661,-1.7606682797852482,-3.091916252778669,-0.3636769151630123,-2.2626921951286003,2.4656972749710926,0.3300421516818148,0.15546872431286105,0.17457342736895373,0.3326541232285103,0.18718879740460617,0.14546532582390412,0.2974960848536445,0.32712434780440475,0.029628262950760265,0.12750882607096672,0.3970268787360717,0.269518052665105,0.06124201018775661,0.46339715437414414,0.40215514418638754,568.0,0.5126582278481012,346.0,0.31193490054249545,295.0,0.26582278481012656,386.0,0.34810126582278483,420.0,0.37884267631103075,0.26582278481012656,WACC_0p5_WRT_0p5,0.36347197106690776,883,False,,,False,False,False,False,False,64.0,0.6363636363636364
OCDD,PokerHand,882,0.7,263,0.6290322580645159,0.8898703163309742,0,22,2264,3903,0.425,"{'nu':0.5,'kernel':'rbf','gamma':'auto'}",0.27348550602248806,0.0921696716172682,0.09596846763401409,0.27348550602248806,0.3257535210091329,0.3544195228934391,-1.7606682797852482,-3.091916252778669,-0.3636769151630123,-2.2626921951286003,2.4656972749710926,0.0921696716172682,0.1142080829278756,0.022038411310607395,0.09596846763401409,0.20300617128876847,0.10703770365475437,0.27348550602248806,0.4918128498804496,0.21832734385796154,0.3257535210091329,0.5523074984513076,0.22655397744217465,0.3544195228934391,0.5758427091279792,0.2214231862345401,295.0,0.26582278481012656,614.0,0.554249547920434,991.0,0.895117540687161,1005.0,0.9077757685352622,971.0,0.8770343580470162,0.26582278481012656,WACC_0p1_WRT_0p9,0.7,884,False,,,False,False,False,False,False,22.0,0.21212121212121213
OCDD,PokerHand,647,0.87,277,0.9032258064516128,0.8725696501009428,0,15,818,1842,0.21,"{'nu':0.5,'kernel':'rbf','gamma':'auto'}",0.030004261264261884,0.08531162775049039,0.08043064324486043,0.030004261264261884,0.03820825332917271,0.07331657477034649,-1.7606682797852482,-3.091916252778669,-0.3636769151630123,-2.2626921951286003,2.4656972749710926,0.08531162775049039,0.11428527519547105,0.028973647444980655,0.08043064324486043,0.1958536645206213,0.11542302127576087,0.030004261264261884,0.36206932942844955,0.3320650681641877,0.03820825332917271,0.4004266575402377,0.362218404211065,0.07331657477034649,0.4384639592429835,0.365147384472637,296.0,0.2667269439421338,503.0,0.4538878842676311,485.0,0.4376130198915009,393.0,0.35443037974683544,359.0,0.32368896925858953,0.2667269439421338,WACC_0p1_WRT_0p9,0.36726943942133816,885,False,,,False,False,False,False,False,15.0,0.1414141414141414
OCDD,PokerHand,837,0.89,398,0.935483870967742,0.7515867830660681,0,45,4575,2959,0.721,"{'nu':0.5,'kernel':'rbf','gamma':'auto'}",0.17786541733977462,0.20919385986915118,0.2130231232316925,0.17786541733977462,0.05843324068874927,0.05090804070825414,-1.7606682797852482,-3.091916252778669,-0.3636769151630123,-2.2626921951286003,2.4656972749710926,0.20919385986915118,0.22189137268253736,0.012697512813386186,0.2130231232316925,0.19183439620464685,0.021188727027045662,0.17786541733977462,0.32717872410729193,0.1493133067675173,0.05843324068874927,0.4228782965611749,0.36444505587242565,0.05090804070825414,0.5103466662335986,0.4594386255253444,860.0,0.7766726943942134,425.0,0.3833634719710669,296.0,0.2667269439421338,473.0,0.4267631103074141,608.0,0.5488245931283906,0.2667269439421338,WACC_0p5_WRT_0p5,0.48047016274864374,886,False,,,False,False,False,False,False,45.0,0.4444444444444444
OCDD,PokerHand,286,0.82,422,0.8225806451612901,0.7320298684102489,0,69,938,781,0.999,"{'nu':0.5,'kernel':'rbf','gamma':'auto'}",0.12005274365776465,0.23998635038966415,0.20865209348285788,0.12005274365776465,0.09105040057988799,0.16904796130851313,-1.7606682797852482,-3.091916252778669,-0.3636769151630123,-2.2626921951286003,2.4656972749710926,0.23998635038966415,0.23060453525304192,0.009381815136622229,0.20865209348285788,0.2587143762421874,0.05006228275932953,0.12005274365776465,0.36049752781744987,0.24044478415968523,0.09105040057988799,0.362964257582445,0.271913857002557,0.16904796130851313,0.4137676943011956,0.24471973299268246,893.0,0.8065099457504521,1001.0,0.9041591320072333,478.0,0.43128390596745025,302.0,0.2721518987341772,296.0,0.2667269439421338,0.2667269439421338,WACC_0p9_WRT_0p1,0.5361663652802895,887,False,,,False,False,False,False,False,69.0,0.6868686868686869
OCDD,PokerHand,767,0.82,292,0.8225806451612901,0.8549745174371612,0,34,630,2518,0.461,"{'nu':0.5,'kernel':'rbf','gamma':'auto'}",0.048497748271162176,0.11110719342814904,0.08107112237609654,0.048497748271162176,0.11783801571789049,0.15802725712968294,-1.7606682797852482,-3.091916252778669,-0.3636769151630123,-2.2626921951286003,2.4656972749710926,0.11110719342814904,0.11462022899503736,0.0035130355668883256,0.08107112237609654,0.187854789491232,0.10678366711513546,0.048497748271162176,0.41846544869289226,0.3699677004217301,0.11783801571789049,0.4767169883797291,0.3588789726618386,0.15802725712968294,0.5122110200427505,0.35418376291306763,297.0,0.26763110307414106,355.0,0.32007233273056057,740.0,0.6681735985533453,690.0,0.6229656419529838,623.0,0.5623869801084991,0.26763110307414106,WACC_0p1_WRT_0p9,0.48824593128390603,888,False,,,False,False,False,False,False,34.0,0.3333333333333333
OCDD,PokerHand,305,0.9,510,0.9516129032258064,0.6687503270428761,0,56,5000,1618,0.724,"{'nu':0.5,'kernel':'rbf','gamma':'auto'}",0.27498359866243305,0.29455858716834404,0.3025070309540438,0.27498359866243305,0.12212416852395817,0.041706771651128294,-1.7606682797852482,-3.091916252778669,-0.3636769151630123,-2.2626921951286003,2.4656972749710926,0.29455858716834404,0.23909802885819417,0.05546055831014987,0.3025070309540438,0.22327916738043635,0.07922786357360745,0.27498359866243305,0.3279132549076687,0.05292965624523566,0.12212416852395817,0.3593265457985934,0.23720237727463522,0.041706771651128294,0.4404446850894711,0.3987379134383428,926.0,0.8363471971066908,837.0,0.755877034358047,299.0,0.2694394213381555,297.0,0.26763110307414106,366.0,0.33001808318264014,0.26763110307414106,WACC_0p7_WRT_0p3,0.49186256781193494,889,False,,,False,False,False,False,False,56.0,0.5555555555555556
OCDD,PokerHand,1069,0.87,430,0.9032258064516128,0.7257567673579333,0,55,2938,2298,0.526,"{'nu':0.5,'kernel':'rbf','gamma':'auto'}",0.1823531291734823,0.23921113219225779,0.2327799345689274,0.1823531291734823,0.04579605759642673,0.08647681690498231,-1.7606682797852482,-3.091916252778669,-0.3636769151630123,-2.2626921951286003,2.4656972749710926,0.23921113219225779,0.14955907316136752,0.08965205903089027,0.2327799345689274,0.18451180137578196,0.048268133193145435,0.1823531291734823,0.3649514315257516,0.18259830235226931,0.04579605759642673,0.4262780019901952,0.3804819443937685,0.08647681690498231,0.4717806956945589,0.38530387878957656,535.0,0.48282097649186256,298.0,0.26853526220614826,498.0,0.44936708860759494,486.0,0.4385171790235081,449.0,0.4050632911392405,0.26853526220614826,WACC_0p3_WRT_0p7,0.40886075949367084,890,False,,,False,False,False,False,False,55.0,0.5454545454545454
OCDD,PokerHand,223,0.79,730,0.7741935483870968,0.5488711619499593,0,89,3860,2605,0.999,"{'nu':0.5,'kernel':'rbf','gamma':'auto'}",0.27664351101710416,0.4363967546854346,0.3881469265929362,0.27664351101710416,0.10122120484595847,0.23534630452104452,-1.7606682797852482,-3.091916252778669,-0.3636769151630123,-2.2626921951286003,2.4656972749710926,0.4363967546854346,0.26333050764808213,0.17306624703735246,0.3881469265929362,0.2218683194551801,0.1662786071377561,0.27664351101710416,0.3278621397909298,0.05121862877382566,0.10122120484595847,0.42019779379584626,0.3189765889498878,0.23534630452104452,0.5048982177152288,0.26955191319418426,1000.0,0.903254972875226,823.0,0.7432188065099458,298.0,0.26853526220614826,457.0,0.41229656419529837,570.0,0.5144665461121157,0.26853526220614826,WACC_0p5_WRT_0p5,0.5683544303797469,891,False,,,False,False,False,False,False,89.0,0.8888888888888888
OCDD,PokerHand,547,0.9,379,0.9516129032258064,0.767922558212262,0,40,4675,3211,0.001,"{'nu':0.5,'kernel':'rbf','gamma':'auto'}",0.1720718046536281,0.19059933682061117,0.1995949509281382,0.1720718046536281,0.06270217781185076,0.03281701653675064,-1.7606682797852482,-3.091916252778669,-0.3636769151630123,-2.2626921951286003,2.4656972749710926,0.19059933682061117,0.12434125349681636,0.0662580833237948,0.1995949509281382,0.1845635307700587,0.015031420158079511,0.1720718046536281,0.3592767342569948,0.1872049296033667,0.06270217781185076,0.4223529080428261,0.3596507302309753,0.03281701653675064,0.4723505218070366,0.439533505270286,382.0,0.3444846292947559,299.0,0.2694394213381555,473.0,0.4267631103074141,469.0,0.4231464737793852,454.0,0.40958408679927666,0.2694394213381555,WACC_0p3_WRT_0p7,0.37468354430379747,892,False,,,False,False,False,False,False,40.0,0.3939393939393939
OCDD,PokerHand,811,0.85,299,0.8709677419354838,0.8470695336585994,0,33,1808,3527,0.209,"{'nu':0.5,'kernel':'rbf','gamma':'auto'}",0.03414963406934789,0.11498307665148037,0.09984511460202954,0.03414963406934789,0.06603757859285313,0.10885577894221708,-1.7606682797852482,-3.091916252778669,-0.3636769151630123,-2.2626921951286003,2.4656972749710926,0.11498307665148037,0.11498556438968895,2.487738208573065e-06,0.09984511460202954,0.1887734868441002,0.08892837224207066,0.03414963406934789,0.42032855050845463,0.38617891643910673,0.06603757859285313,0.46310908418930297,0.3970715055964498,0.10885577894221708,0.5147052490731312,0.4058494701309141,300.0,0.27034358047016277,372.0,0.33544303797468356,749.0,0.6763110307414105,626.0,0.5650994575045208,643.0,0.5804701627486437,0.27034358047016277,WACC_0p1_WRT_0p9,0.48553345388788427,893,False,,,False,False,False,False,False,33.0,0.32323232323232326
OCDD,PokerHand,541,0.89,590,0.935483870967742,0.6200523943541361,0,66,4256,2685,0.234,"{'nu':0.5,'kernel':'rbf','gamma':'auto'}",0.3143596734090591,0.34707738113514186,0.3495177586519711,0.3143596734090591,0.13724598022481344,0.06269872536847178,-1.7606682797852482,-3.091916252778669,-0.3636769151630123,-2.2626921951286003,2.4656972749710926,0.34707738113514186,0.13717799205885903,0.20989938907628283,0.3495177586519711,0.1916429412576426,0.1578748173943285,0.3143596734090591,0.32810488337329824,0.013745209964239113,0.13724598022481344,0.3915291393453775,0.25428315912056404,0.06269872536847178,0.44962922376723874,0.386930498398767,464.0,0.41862567811934903,422.0,0.3806509945750452,301.0,0.27124773960216997,375.0,0.33815551537070526,382.0,0.3444846292947559,0.27124773960216997,WACC_0p5_WRT_0p5,0.35063291139240504,894,False,,,False,False,False,False,False,66.0,0.6565656565656566
OCDD,PokerHand,15,0.87,394,0.9032258064516128,0.7549602823797372,0,53,4745,3597,0.398,"{'nu':0.5,'kernel':'rbf','gamma':'auto'}",0.15204841497255098,0.20859797069143346,0.20247513614376722,0.15204841497255098,0.028297903345741518,0.08385902668324705,-1.7606682797852482,-3.091916252778669,-0.3636769151630123,-2.2626921951286003,2.4656972749710926,0.20859797069143346,0.14769412286381334,0.06090384782762012,0.20247513614376722,0.18468995819863307,0.01778517794513415,0.15204841497255098,0.3377073171134048,0.18565890214085382,0.028297903345741518,0.41052523218890696,0.38222732884316546,0.08385902668324705,0.4772364023622783,0.3933773756790313,529.0,0.47739602169981915,301.0,0.27124773960216997,352.0,0.31735985533453887,425.0,0.3833634719710669,477.0,0.43037974683544306,0.27124773960216997,WACC_0p3_WRT_0p7,0.37594936708860766,895,False,,,False,False,False,False,False,53.0,0.5252525252525253
OCDD,PokerHand,903,0.88,323,0.9193548387096774,0.8213016707210846,0,20,415,691,0.733,"{'nu':0.5,'kernel':'rbf','gamma':'auto'}",0.09436358935570037,0.1375840758122067,0.13715560669110896,0.09436358935570037,0.010345114153459596,0.06128552137355115,-1.7606682797852482,-3.091916252778669,-0.3636769151630123,-2.2626921951286003,2.4656972749710926,0.1375840758122067,0.17609881139240297,0.038514735580196274,0.13715560669110896,0.22041527137690764,0.08325966468579868,0.09436358935570037,0.37033459447284417,0.2759710051171438,0.010345114153459596,0.38873044728065326,0.37838533312719363,0.06128552137355115,0.41519511096069417,0.353909589587143,643.0,0.5804701627486437,804.0,0.7260397830018083,522.0,0.47106690777576854,364.0,0.3282097649186257,301.0,0.27124773960216997,0.27124773960216997,WACC_0p9_WRT_0p1,0.4754068716094032,896,False,,,False,False,False,False,False,20.0,0.1919191919191919
OCDD,PokerHand,775,0.61,242,0.4838709677419354,0.9176225117996988,0,17,40,4014,0.373,"{'nu':0.5,'kernel':'rbf','gamma':'auto'}",0.44331961608242015,0.0763099010340656,0.2074300233159946,0.44331961608242015,0.48203448142070116,0.5015720606702494,-1.7606682797852482,-3.091916252778669,-0.3636769151630123,-2.2626921951286003,2.4656972749710926,0.0763099010340656,0.11501723710660201,0.038707336072536416,0.2074300233159946,0.25776740709368046,0.050337383777685846,0.44331961608242015,0.5530073072143477,0.1096876911319275,0.48203448142070116,0.6433309526904628,0.16129647126976165,0.5015720606702494,0.6616623450885264,0.160090284418277,301.0,0.27124773960216997,997.0,0.9005424954792043,1079.0,0.9746835443037974,1099.0,0.9927667269439421,1101.0,0.9945750452079566,0.27124773960216997,WACC_0p1_WRT_0p9,0.8267631103074141,897,False,,,False,False,False,False,False,17.0,0.16161616161616163
OCDD,PokerHand,414,0.89,353,0.935483870967742,0.7916524901530937,0,28,1804,2568,0.257,"{'nu':0.5,'kernel':'rbf','gamma':'auto'}",0.13628892212596197,0.16719419096682622,0.17144651246660864,0.13628892212596197,0.034426681127405136,0.04731656837483755,-1.7606682797852482,-3.091916252778669,-0.3636769151630123,-2.2626921951286003,2.4656972749710926,0.16719419096682622,0.12364305482596495,0.04355113614086127,0.17144651246660864,0.1847351378812524,0.013288625414643762,0.13628892212596197,0.36328798917724997,0.226999067051288,0.034426681127405136,0.41742649763304446,0.3829998165056393,0.04731656837483755,0.4628923234449247,0.41557575507008715,376.0,0.33905967450271246,302.0,0.2721518987341772,491.0,0.4430379746835443,445.0,0.4014466546112116,417.0,0.37613019891500904,0.2721518987341772,WACC_0p3_WRT_0p7,0.3663652802893309,898,False,,,False,False,False,False,False,28.0,0.2727272727272727
OCDD,PokerHand,973,0.87,356,0.9032258064516128,0.7888270136859847,0,44,3054,2166,0.328,"{'nu':0.5,'kernel':'rbf','gamma':'auto'}",0.11690464503974353,0.17309650060438717,0.167331268537809,0.11690464503974353,0.019962111405301557,0.08082322780802818,-1.7606682797852482,-3.091916252778669,-0.3636769151630123,-2.2626921951286003,2.4656972749710926,0.17309650060438717,0.12925961009548323,0.043836890508903936,0.167331268537809,0.18476485209995766,0.017433583562148663,0.11690464503974353,0.35267924567094056,0.23577460063119704,0.019962111405301557,0.4092023454677268,0.38924023406242525,0.08082322780802818,0.442398910931877,0.3615756831238488,418.0,0.3770343580470163,303.0,0.2730560578661845,432.0,0.3896925858951175,419.0,0.3779385171790235,369.0,0.33273056057866185,0.2730560578661845,WACC_0p3_WRT_0p7,0.3500904159132007,899,False,,,False,False,False,False,False,44.0,0.43434343434343436
OCDD,PokerHand,695,0.79,663,0.7741935483870968,0.5810575563978435,0,84,3750,2306,0.986,"{'nu':0.5,'kernel':'rbf','gamma':'auto'}",0.24324343968413903,0.4026567309031383,0.354746762432986,0.24324343968413903,0.1082340903515418,0.23246113030158233,-1.7606682797852482,-3.091916252778669,-0.3636769151630123,-2.2626921951286003,2.4656972749710926,0.4026567309031383,0.24775129466150086,0.15490543624163744,0.354746762432986,0.21135315878715283,0.14339360364583315,0.24324343968413903,0.3284522522043911,0.08520881252025209,0.1082340903515418,0.4047113365261325,0.2964772461745907,0.23246113030158233,0.4922477110051537,0.25978658070357136,962.0,0.8688969258589512,728.0,0.6573236889692586,303.0,0.2730560578661845,402.0,0.36256781193490056,528.0,0.47649186256781195,0.2730560578661845,WACC_0p5_WRT_0p5,0.5276672694394213,900,False,,,False,False,False,False,False,84.0,0.8383838383838383
OCDD,PokerHand,587,0.85,276,0.8709677419354838,0.8737761990620119,0,22,3498,3838,0.186,"{'nu':0.5,'kernel':'rbf','gamma':'auto'}",0.011293183026716572,0.08698728708530226,0.07213132360617361,0.011293183026716572,0.07185652134561511,0.10646180522035485,-1.7606682797852482,-3.091916252778669,-0.3636769151630123,-2.2626921951286003,2.4656972749710926,0.08698728708530226,0.11530884805906062,0.02832156097375836,0.07213132360617361,0.18681614500238594,0.11468482139621233,0.011293183026716572,0.42237660738451266,0.4110834243577961,0.07185652134561511,0.4855533930938504,0.41369687174823533,0.10646180522035485,0.5114076956216722,0.40494589040131734,304.0,0.2739602169981917,339.0,0.30560578661844484,764.0,0.689873417721519,749.0,0.6763110307414105,615.0,0.5551537070524413,0.2739602169981917,WACC_0p1_WRT_0p9,0.5001808318264015,901,False,,,False,False,False,False,False,22.0,0.21212121212121213
OCDD,PokerHand,557,0.86,333,0.8870967741935483,0.8111240793817514,0,43,4984,4575,0.342,"{'nu':0.5,'kernel':'rbf','gamma':'auto'}",0.08260865893575918,0.1511933850964873,0.14066973063241087,0.08260865893575918,0.041512965401398046,0.09545122114511234,-1.7606682797852482,-3.091916252778669,-0.3636769151630123,-2.2626921951286003,2.4656972749710926,0.1511933850964873,0.14371347574017126,0.007479909356316039,0.14066973063241087,0.1847796073402317,0.04410987670782082,0.08260865893575918,0.4014437049684821,0.3188350460327229,0.041512965401398046,0.47981849341034327,0.43830552800894523,0.09545122114511234,0.5257961545626376,0.4303449334175253,502.0,0.45298372513562385,304.0,0.2739602169981917,669.0,0.6039783001808319,714.0,0.6446654611211573,709.0,0.6401446654611211,0.2739602169981917,WACC_0p3_WRT_0p7,0.5231464737793852,902,False,,,False,False,False,False,False,43.0,0.42424242424242425
OCDD,PokerHand,1007,0.87,306,0.9032258064516128,0.8393468887628397,0,25,1024,1787,0.371,"{'nu':0.5,'kernel':'rbf','gamma':'auto'}",0.06447977856295904,0.12013804359760127,0.11490625635947055,0.06447977856295904,0.0309695605386308,0.07629464846130446,-1.7606682797852482,-3.091916252778669,-0.3636769151630123,-2.2626921951286003,2.4656972749710926,0.12013804359760127,0.12946830144991592,0.009330257852314644,0.11490625635947055,0.18611724323576864,0.0712109868762981,0.06447977856295904,0.3360289674847634,0.27154918892180435,0.0309695605386308,0.3835827535917423,0.3526131930531115,0.07629464846130446,0.41722101863453503,0.3409263701732306,420.0,0.37884267631103075,332.0,0.29927667269439423,346.0,0.31193490054249545,349.0,0.31464737793851716,305.0,0.27486437613019893,0.27486437613019893,WACC_0p9_WRT_0p1,0.3159132007233273,903,False,,,False,False,False,False,False,25.0,0.24242424242424243
OCDD,PokerHand,19,0.81,270,0.8064516129032256,0.8811082506193819,0,21,2349,1750,0.346,"{'nu':0.5,'kernel':'rbf','gamma':'auto'}",0.08331442207063956,0.08518221543896606,0.05042823377662796,0.08331442207063956,0.14022481640099668,0.17231133328342157,-1.7606682797852482,-3.091916252778669,-0.3636769151630123,-2.2626921951286003,2.4656972749710926,0.08518221543896606,0.11535018054773943,0.03016796510877337,0.05042823377662796,0.19956126025395446,0.1491330264773265,0.08331442207063956,0.4073234898677898,0.3240090677971503,0.14022481640099668,0.45033571622957086,0.3101108998285742,0.17231133328342157,0.46703602471929684,0.29472469143587526,305.0,0.27486437613019893,565.0,0.5099457504520796,685.0,0.6184448462929476,578.0,0.5216998191681737,435.0,0.3924050632911392,0.27486437613019893,WACC_0p1_WRT_0p9,0.4634719710669078,904,False,,,False,False,False,False,False,21.0,0.20202020202020202
OCDD,PokerHand,11,0.84,553,0.8548387096774193,0.6416987572742738,0,71,3430,2143,0.852,"{'nu':0.5,'kernel':'rbf','gamma':'auto'}",0.236106334733676,0.3317372738998827,0.30943692006906887,0.236106334733676,0.0539909059949196,0.1438918173504461,-1.7606682797852482,-3.091916252778669,-0.3636769151630123,-2.2626921951286003,2.4656972749710926,0.3317372738998827,0.2139213655418483,0.11781590835803443,0.30943692006906887,0.19726586662840323,0.11217105344066564,0.236106334733676,0.32882168416292834,0.09271534942925233,0.0539909059949196,0.4209865399224993,0.3669956339275797,0.1438918173504461,0.5018493395204541,0.357957522170008,818.0,0.7386980108499096,518.0,0.4674502712477396,305.0,0.27486437613019893,460.0,0.41500904159132007,563.0,0.5081374321880651,0.27486437613019893,WACC_0p5_WRT_0p5,0.4808318264014467,905,False,,,False,False,False,False,False,71.0,0.7070707070707071
OCDD,PokerHand,666,0.8,721,0.7903225806451613,0.553018982056801,0,88,3271,4212,0.919,"{'nu':0.5,'kernel':'rbf','gamma':'auto'}",0.2834974338719911,0.4305784962648308,0.3873663249810167,0.2834974338719911,0.08543225613696095,0.21834780327019424,-1.7606682797852482,-3.091916252778669,-0.3636769151630123,-2.2626921951286003,2.4656972749710926,0.4305784962648308,0.2514374518007622,0.1791410444640686,0.3873663249810167,0.18917196899476815,0.19819435598624854,0.2834974338719911,0.32884052602899894,0.045343092157007825,0.08543225613696095,0.47284453211186595,0.387412275974905,0.21834780327019424,0.5618181139510762,0.34347031068088196,974.0,0.879746835443038,383.0,0.3453887884267631,306.0,0.2757685352622061,669.0,0.6039783001808319,915.0,0.8264014466546112,0.2757685352622061,WACC_0p5_WRT_0p5,0.5862567811934901,906,False,,,False,False,False,False,False,88.0,0.8787878787878788
OCDD,PokerHand,491,0.9,341,0.9516129032258064,0.8031990472828119,0,21,1421,2610,0.164,"{'nu':0.5,'kernel':'rbf','gamma':'auto'}",0.1354651181469825,0.1536200603091188,0.1629881626825381,0.1354651181469825,0.04156522060932828,0.029654847596570385,-1.7606682797852482,-3.091916252778669,-0.3636769151630123,-2.2626921951286003,2.4656972749710926,0.1536200603091188,0.11564735062575729,0.0379727096833615,0.1629881626825381,0.1958430205470737,0.0328548578645356,0.1354651181469825,0.3891708166510705,0.253705698504088,0.04156522060932828,0.43374465287655595,0.3921794322672277,0.029654847596570385,0.4759628750466949,0.4463080274501245,307.0,0.2766726943942134,502.0,0.45298372513562385,606.0,0.5470162748643761,516.0,0.4656419529837251,471.0,0.42495479204339964,0.2766726943942134,WACC_0p1_WRT_0p9,0.43345388788426764,907,False,,,False,False,False,False,False,21.0,0.20202020202020202
OCDD,PokerHand,898,0.85,385,0.8709677419354838,0.7626772764037849,0,58,1880,4682,0.622,"{'nu':0.5,'kernel':'rbf','gamma':'auto'}",0.12172413443237454,0.20344892738321063,0.18741985835605832,0.12172413443237454,0.04764989498187782,0.11642066370581061,-1.7606682797852482,-3.091916252778669,-0.3636769151630123,-2.2626921951286003,2.4656972749710926,0.20344892738321063,0.18861940001481214,0.014829527368398487,0.18741985835605832,0.18502388499979483,0.0023959733562634866,0.12172413443237454,0.4377253995787037,0.3160012651463292,0.04764989498187782,0.526009469017387,0.47835957403550916,0.11642066370581061,0.6014500835867855,0.4850294198809749,705.0,0.6365280289330922,307.0,0.2766726943942134,821.0,0.7414104882459313,923.0,0.833634719710669,1045.0,0.9439421338155516,0.2766726943942134,WACC_0p3_WRT_0p7,0.6864376130198915,908,False,,,False,False,False,False,False,58.0,0.5757575757575758
OCDD,PokerHand,580,0.89,477,0.935483870967742,0.691102325794446,0,59,1902,3285,0.001,"{'nu':0.5,'kernel':'rbf','gamma':'auto'}",0.24063060810007939,0.27259788699956405,0.27578848843184683,0.24063060810007939,0.09467430147604228,0.05632984081328941,-1.7606682797852482,-3.091916252778669,-0.3636769151630123,-2.2626921951286003,2.4656972749710926,0.27259788699956405,0.11567176452054284,0.1569261224790212,0.27578848843184683,0.20278799460688737,0.07300049382495946,0.24063060810007939,0.4468959054287964,0.20626529732871704,0.09467430147604228,0.4732872666291433,0.378612965153101,0.05632984081328941,0.5118324279896685,0.45550258717637915,308.0,0.27757685352622063,611.0,0.5515370705244123,854.0,0.77124773960217,676.0,0.6103074141048824,620.0,0.5596745027124774,0.27757685352622063,WACC_0p1_WRT_0p9,0.5540687160940326,909,False,,,False,False,False,False,False,59.0,0.5858585858585859
OCDD,PokerHand,621,0.75,321,0.7096774193548386,0.8233748474648785,0,43,2474,3720,0.494,"{'nu':0.5,'kernel':'rbf','gamma':'auto'}",0.1437974867939708,0.15452374009883968,0.08919698802072644,0.1437974867939708,0.2278018008261202,0.27724668501139893,-1.7606682797852482,-3.091916252778669,-0.3636769151630123,-2.2626921951286003,2.4656972749710926,0.15452374009883968,0.12462457674932248,0.0298991633495172,0.08919698802072644,0.18507613548525567,0.09587914746452923,0.1437974867939708,0.4584243833543742,0.3146268965604034,0.2278018008261202,0.5355715141490572,0.307769713322937,0.27724668501139893,0.5719545360328311,0.29470785102143215,384.0,0.3462929475587703,308.0,0.27757685352622063,891.0,0.8047016274864376,955.0,0.8625678119349005,952.0,0.8598553345388789,0.27757685352622063,WACC_0p3_WRT_0p7,0.6301989150090416,910,False,,,False,False,False,False,False,43.0,0.42424242424242425
OCDD,PokerHand,34,0.91,329,0.967741935483871,0.815158067629915,0,4,1185,1668,0.456,"{'nu':0.5,'kernel':'rbf','gamma':'auto'}",0.13421329788599348,0.1396135569360882,0.15410179542689562,0.13421329788599348,0.04845662049195517,0.011956153797196115,-1.7606682797852482,-3.091916252778669,-0.3636769151630123,-2.2626921951286003,2.4656972749710926,0.1396135569360882,0.14052251875781227,0.0009089618217240636,0.15410179542689562,0.19318974858556334,0.039087953158667726,0.13421329788599348,0.32976387699763443,0.19555057911164095,0.04845662049195517,0.37314911511437454,0.3246924946224194,0.011956153797196115,0.42793414681377195,0.41597799301657584,486.0,0.4385171790235081,448.0,0.40415913200723325,309.0,0.27848101265822783,324.0,0.29204339963833637,330.0,0.2974683544303797,0.27848101265822783,WACC_0p5_WRT_0p5,0.34213381555153705,911,False,,,False,False,False,False,False,4.0,0.030303030303030304
OCDD,PokerHand,111,0.78,260,0.7580645161290321,0.8936968376876273,0,20,292,3126,0.497,"{'nu':0.5,'kernel':'rbf','gamma':'auto'}",0.1422349376204972,0.07639665254845003,0.026794016557528746,0.1422349376204972,0.19304573358251578,0.22106297533523492,-1.7606682797852482,-3.091916252778669,-0.3636769151630123,-2.2626921951286003,2.4656972749710926,0.07639665254845003,0.1160301397871145,0.03963348723866447,0.026794016557528746,0.19554991488936063,0.16875589833183188,0.1422349376204972,0.49355249920825145,0.3513175615877543,0.19304573358251578,0.5454256928682962,0.3523799592857805,0.22106297533523492,0.5726364585260202,0.3515734831907853,309.0,0.27848101265822783,492.0,0.44394213381555153,1000.0,0.903254972875226,989.0,0.8933092224231465,955.0,0.8625678119349005,0.27848101265822783,WACC_0p1_WRT_0p9,0.6763110307414105,912,False,,,False,False,False,False,False,20.0,0.1919191919191919
OCDD,PokerHand,1058,0.73,226,0.6774193548387095,0.9404273733258413,0,10,2129,2583,0.414,"{'nu':0.5,'kernel':'rbf','gamma':'auto'}",0.2582494737717295,0.03476156575474725,0.11107834554390596,0.2582494737717295,0.28669100018070487,0.300007533124915,-1.7606682797852482,-3.091916252778669,-0.3636769151630123,-2.2626921951286003,2.4656972749710926,0.03476156575474725,0.11606832609580951,0.08130676034106227,0.11107834554390596,0.20673332147446882,0.09565497593056287,0.2582494737717295,0.44757315457780694,0.18932368080607742,0.28669100018070487,0.4920373031836584,0.20534630300295353,0.300007533124915,0.5193442087515305,0.21933667562661552,310.0,0.2793851717902351,665.0,0.6003616636528029,858.0,0.7748643761301989,779.0,0.7034358047016275,672.0,0.6066907775768535,0.2793851717902351,WACC_0p1_WRT_0p9,0.5929475587703436,913,False,,,False,False,False,False,False,10.0,0.09090909090909091
OCDD,PokerHand,238,0.58,202,0.4354838709677418,0.9778411741800076,0,8,1,370,0.542,"{'nu':0.5,'kernel':'rbf','gamma':'auto'}",0.5351908641867684,0.10079285378128798,0.2891227923639274,0.5351908641867684,0.5452332079379837,0.546054163753232,-1.7606682797852482,-3.091916252778669,-0.3636769151630123,-2.2626921951286003,2.4656972749710926,0.10079285378128798,0.17074846350145548,0.0699556097201675,0.2891227923639274,0.26103049454343474,0.028092297820492662,0.5351908641867684,0.47113088866406483,0.0640599755227036,0.5452332079379837,0.41236577848434625,0.13286742945363744,0.546054163753232,0.4215637847885345,0.1244903789646975,625.0,0.5641952983725136,1005.0,0.9077757685352622,933.0,0.8426763110307414,430.0,0.38788426763110306,310.0,0.2793851717902351,0.2793851717902351,WACC_0p9_WRT_0p1,0.596383363471971,914,False,,,False,False,False,False,False,8.0,0.0707070707070707
OCDD,PokerHand,416,0.87,306,0.9032258064516128,0.8393468887628397,0,25,1165,1984,0.271,"{'nu':0.5,'kernel':'rbf','gamma':'auto'}",0.06447977856295904,0.12013804359760127,0.11490625635947055,0.06447977856295904,0.0309695605386308,0.07629464846130446,-1.7606682797852482,-3.091916252778669,-0.3636769151630123,-2.2626921951286003,2.4656972749710926,0.12013804359760127,0.12468868042686182,0.004550636829260546,0.11490625635947055,0.18523852915557631,0.07033227279610577,0.06447977856295904,0.3437565818991025,0.27927680333614346,0.0309695605386308,0.38969966034679226,0.35873009980816145,0.07629464846130446,0.43785826568474,0.36156361722343555,385.0,0.3471971066907776,311.0,0.28028933092224234,393.0,0.35443037974683544,368.0,0.3318264014466546,358.0,0.3227848101265823,0.28028933092224234,WACC_0p3_WRT_0p7,0.32730560578661844,915,False,,,False,False,False,False,False,25.0,0.24242424242424243
OCDD,PokerHand,636,0.89,414,0.935483870967742,0.7384227494845222,0,50,1647,1997,0.381,"{'nu':0.5,'kernel':'rbf','gamma':'auto'}",0.1915258371598668,0.22299331811016274,0.2266835810174396,0.1915258371598668,0.06632086277804597,0.052088058879444704,-1.7606682797852482,-3.091916252778669,-0.3636769151630123,-2.2626921951286003,2.4656972749710926,0.22299331811016274,0.13895910629045183,0.08403421181971091,0.2266835810174396,0.19742385154915473,0.029259729468284867,0.1915258371598668,0.3298938426621404,0.1383680055022736,0.06632086277804597,0.37700988496976073,0.3106890221917148,0.052088058879444704,0.4314412504052594,0.3793531915258147,471.0,0.42495479204339964,520.0,0.4692585895117541,311.0,0.28028933092224234,335.0,0.30198915009041594,337.0,0.3037974683544304,0.28028933092224234,WACC_0p5_WRT_0p5,0.3560578661844485,916,False,,,False,False,False,False,False,50.0,0.494949494949495
OCDD,PokerHand,39,0.88,278,0.9193548387096774,0.8713674334614477,0,8,1682,3266,0.001,"{'nu':0.5,'kernel':'rbf','gamma':'auto'}",0.04240995877508207,0.08510165103257432,0.08520183171861673,0.04240995877508207,0.021253619684154283,0.05679764845662364,-1.7606682797852482,-3.091916252778669,-0.3636769151630123,-2.2626921951286003,2.4656972749710926,0.08510165103257432,0.11618704274751532,0.031085391714941,0.08520183171861673,0.20266908922248306,0.11746725750386633,0.04240995877508207,0.44028209715860156,0.3978721383835195,0.021253619684154283,0.47308668420531047,0.4518330645211562,0.05679764845662364,0.5074043028862754,0.4506066544296517,311.0,0.28028933092224234,610.0,0.5506329113924051,833.0,0.7522603978300181,674.0,0.608499095840868,588.0,0.530741410488246,0.28028933092224234,WACC_0p1_WRT_0p9,0.5444846292947559,917,False,,,False,False,False,False,False,8.0,0.0707070707070707
OCDD,PokerHand,878,0.84,579,0.8548387096774193,0.6263429068293398,0,74,1131,3514,0.325,"{'nu':0.5,'kernel':'rbf','gamma':'auto'}",0.2520412199246719,0.34783434746456465,0.3253718495470166,0.2520412199246719,0.06319182032099618,0.14526830901972512,-1.7606682797852482,-3.091916252778669,-0.3636769151630123,-2.2626921951286003,2.4656972749710926,0.34783434746456465,0.1166110533204634,0.23122329414410125,0.3253718495470166,0.18551025023795947,0.13986159930905712,0.2520412199246719,0.4192371587313207,0.16719593880664885,0.06319182032099618,0.4781119386236627,0.4149201183026665,0.14526830901972512,0.5272227443771755,0.38195443535745044,312.0,0.28119349005424954,317.0,0.2857142857142857,745.0,0.6726943942133815,700.0,0.6320072332730561,717.0,0.6473779385171791,0.28119349005424954,WACC_0p1_WRT_0p9,0.5037974683544304,918,False,,,False,False,False,False,False,74.0,0.7373737373737373
OCDD,PokerHand,781,0.85,552,0.8709677419354838,0.6423036661549291,0,70,4311,4204,0.78,"{'nu':0.5,'kernel':'rbf','gamma':'auto'}",0.24663676406624854,0.32963294215794575,0.3123328351527478,0.24663676406624854,0.06768545932229592,0.12721090110117741,-1.7606682797852482,-3.091916252778669,-0.3636769151630123,-2.2626921951286003,2.4656972749710926,0.32963294215794575,0.24541071557033053,0.08422222658761522,0.3123328351527478,0.18524185027460519,0.1270909848781426,0.24663676406624854,0.34129373546870173,0.09465697140245319,0.06768545932229592,0.4677406923171203,0.4000552329948244,0.12721090110117741,0.5587528049199999,0.4315419038188225,952.0,0.8598553345388789,312.0,0.28119349005424954,367.0,0.3309222423146474,651.0,0.5877034358047016,896.0,0.8092224231464737,0.28119349005424954,WACC_0p3_WRT_0p7,0.5737793851717903,919,False,,,False,False,False,False,False,70.0,0.696969696969697
OCDD,PokerHand,960,0.69,1080,0.6129032258064514,0.4178812668739247,0,98,2688,4394,0.989,"{'nu':0.5,'kernel':'rbf','gamma':'auto'}",0.3009912620841051,0.5884117403274535,0.4888401804836855,0.3009912620841051,0.23960756733144728,0.41335510584843277,-1.7606682797852482,-3.091916252778669,-0.3636769151630123,-2.2626921951286003,2.4656972749710926,0.5884117403274535,0.2606928407701271,0.32771889955732636,0.4888401804836855,0.19107304545610615,0.29776713502757934,0.3009912620841051,0.3300422450298873,0.029050982945782233,0.23960756733144728,0.4838678958995256,0.24426032856807833,0.41335510584843277,0.5771115365753674,0.16375643072693463,994.0,0.8978300180831826,412.0,0.3716094032549729,312.0,0.28119349005424954,744.0,0.6717902350813744,974.0,0.879746835443038,0.28119349005424954,WACC_0p5_WRT_0p5,0.6204339963833634,920,False,,,False,False,False,False,False,98.0,0.9797979797979798
OCDD,PokerHand,895,0.87,304,0.9032258064516128,0.8415352427908573,0,23,720,1374,0.387,"{'nu':0.5,'kernel':'rbf','gamma':'auto'}",0.062208906603196064,0.11784405825951215,0.11263537808839773,0.062208906603196064,0.03144636685718316,0.07609848537025317,-1.7606682797852482,-3.091916252778669,-0.3636769151630123,-2.2626921951286003,2.4656972749710926,0.11784405825951215,0.136592927076902,0.018748868817389838,0.11263537808839773,0.19737622559244927,0.08474084750405154,0.062208906603196064,0.35427565650778947,0.2920667499045934,0.03144636685718316,0.38836484396949816,0.356918477112315,0.07609848537025317,0.4226979636840881,0.3465994783138349,462.0,0.4168173598553345,519.0,0.46835443037974683,443.0,0.3996383363471971,362.0,0.32640144665461124,313.0,0.2820976491862568,0.2820976491862568,WACC_0p9_WRT_0p1,0.3786618444846293,921,False,,,False,False,False,False,False,23.0,0.2222222222222222
OCDD,PokerHand,876,0.85,287,0.8709677419354838,0.860737430351594,0,29,4191,3991,0.075,"{'nu':0.5,'kernel':'rbf','gamma':'auto'}",0.01996635158777659,0.1006554339507018,0.08566179270163972,0.01996635158777659,0.06901558828465983,0.10763059470367958,-1.7606682797852482,-3.091916252778669,-0.3636769151630123,-2.2626921951286003,2.4656972749710926,0.1006554339507018,0.11677282289788107,0.016117388947179276,0.08566179270163972,0.18972652041491975,0.10406472771328003,0.01996635158777659,0.42777239021423347,0.40780603862645687,0.06901558828465983,0.48053651653386303,0.4115209282492032,0.10763059470367958,0.5144332298555538,0.40680263515187426,313.0,0.2820976491862568,392.0,0.3535262206148282,786.0,0.7097649186256781,721.0,0.650994575045208,639.0,0.5768535262206148,0.2820976491862568,WACC_0p1_WRT_0p9,0.5146473779385172,922,False,,,False,False,False,False,False,29.0,0.2828282828282828
OCDD,PokerHand,761,0.82,520,0.8225806451612901,0.6622614228931059,0,71,3431,3704,0.742,"{'nu':0.5,'kernel':'rbf','gamma':'auto'}",0.1924520010780333,0.31312250159211724,0.2810515521184089,0.1924520010780333,0.0758490048129131,0.17530197403006678,-1.7606682797852482,-3.091916252778669,-0.3636769151630123,-2.2626921951286003,2.4656972749710926,0.31312250159211724,0.21639011417826354,0.0967323874138537,0.2810515521184089,0.1854315373876985,0.09562001473071038,0.1924520010780333,0.3756689129070828,0.1832169118290495,0.0758490048129131,0.49705956452449923,0.42121055971158616,0.17530197403006678,0.5646398613489402,0.3893378873188734,832.0,0.7513562386980108,314.0,0.283001808318264,548.0,0.4945750452079566,802.0,0.7242314647377939,932.0,0.8417721518987342,0.283001808318264,WACC_0p3_WRT_0p7,0.6189873417721519,923,False,,,False,False,False,False,False,71.0,0.7070707070707071
OCDD,PokerHand,597,0.87,325,0.9032258064516128,0.8192412520687954,0,33,1565,3165,0.233,"{'nu':0.5,'kernel':'rbf','gamma':'auto'}",0.08534355381007767,0.14121417442404927,0.13577008959213455,0.08534355381007767,0.026588873277108228,0.07809690887756375,-1.7606682797852482,-3.091916252778669,-0.3636769151630123,-2.2626921951286003,2.4656972749710926,0.14121417442404927,0.11682642739813438,0.024387747025914883,0.13577008959213455,0.18896712030733315,0.0531970307151986,0.08534355381007767,0.41697362948409666,0.331630075674019,0.026588873277108228,0.47287656864844557,0.44628769537133733,0.07809690887756375,0.5115483315422696,0.4334514226647059,315.0,0.28390596745027125,376.0,0.33905967450271246,731.0,0.6600361663652803,671.0,0.6057866184448463,616.0,0.5560578661844484,0.28390596745027125,WACC_0p1_WRT_0p9,0.48896925858951173,924,False,,,False,False,False,False,False,33.0,0.32323232323232326
OCDD,PokerHand,148,0.82,237,0.8225806451612901,0.9245836143951084,0,6,315,1353,0.317,"{'nu':0.5,'kernel':'rbf','gamma':'auto'}",0.09665368172692973,0.03813808250060619,0.010023115223737408,0.09665368172692973,0.1330046920569739,0.1517875283427789,-1.7606682797852482,-3.091916252778669,-0.3636769151630123,-2.2626921951286003,2.4656972749710926,0.03813808250060619,0.11705882341583793,0.07892074091523174,0.010023115223737408,0.20397750291229494,0.19395438768855752,0.09665368172692973,0.4165906667779707,0.31993698505104096,0.1330046920569739,0.4597108120990739,0.3267061200421,0.1517875283427789,0.4922522381161815,0.3404647097734026,316.0,0.2848101265822785,627.0,0.566003616636528,729.0,0.6582278481012658,613.0,0.5533453887884268,529.0,0.47739602169981915,0.2848101265822785,WACC_0p1_WRT_0p9,0.5079566003616637,925,False,,,False,False,False,False,False,6.0,0.050505050505050504
OCDD,PokerHand,957,0.87,333,0.9032258064516128,0.8111240793817514,0,38,2804,1380,0.626,"{'nu':0.5,'kernel':'rbf','gamma':'auto'}",0.09376680690878221,0.14972316103792185,0.1441933661011241,0.09376680690878221,0.02482027497152727,0.07882452866142932,-1.7606682797852482,-3.091916252778669,-0.3636769151630123,-2.2626921951286003,2.4656972749710926,0.14972316103792185,0.1748292900563995,0.02510612901847764,0.1441933661011241,0.19927413150476445,0.05508076540364035,0.09376680690878221,0.33062086064719526,0.23685405373841306,0.02482027497152727,0.37961363942079446,0.3547933644492672,0.07882452866142932,0.42945574135437303,0.35063121269294373,635.0,0.5732368896925859,561.0,0.5063291139240507,317.0,0.2857142857142857,339.0,0.30560578661844484,333.0,0.30018083182640143,0.2857142857142857,WACC_0p5_WRT_0p5,0.39421338155515373,926,False,,,False,False,False,False,False,38.0,0.37373737373737376
OCDD,PokerHand,122,0.83,253,0.8387096774193548,0.9027992189290462,0,12,315,1422,0.183,"{'nu':0.5,'kernel':'rbf','gamma':'auto'}",0.06484590226438812,0.059503781313053845,0.034966555987158775,0.06484590226438812,0.11156554046447707,0.13711357947214692,-1.7606682797852482,-3.091916252778669,-0.3636769151630123,-2.2626921951286003,2.4656972749710926,0.059503781313053845,0.11739598428716613,0.05789220297411229,0.034966555987158775,0.22714694128879037,0.1921803853016316,0.06484590226438812,0.4387492398250962,0.3739033375607081,0.11156554046447707,0.45999777091444655,0.34843223044996946,0.13711357947214692,0.49501249408384296,0.35789891461169604,318.0,0.28661844484629295,859.0,0.7757685352622061,824.0,0.744122965641953,616.0,0.5560578661844484,541.0,0.488245931283906,0.28661844484629295,WACC_0p1_WRT_0p9,0.5701627486437613,927,False,,,False,False,False,False,False,12.0,0.1111111111111111
OCDD,PokerHand,742,0.88,388,0.9193548387096774,0.7600851320420258,0,44,3155,1881,0.485,"{'nu':0.5,'kernel':'rbf','gamma':'auto'}",0.15788846667454512,0.20175552173932532,0.2006806605611585,0.15788846667454512,0.03928419977520917,0.06677294493345039,-1.7606682797852482,-3.091916252778669,-0.3636769151630123,-2.2626921951286003,2.4656972749710926,0.20175552173932532,0.1625863477377595,0.039169174001565804,0.2006806605611585,0.19112539367840117,0.009555266882757318,0.15788846667454512,0.3336001572058676,0.1757116905313225,0.03928419977520917,0.37051714853953477,0.3312329487643256,0.06677294493345039,0.4255402066776296,0.3587672617441792,595.0,0.5370705244122965,414.0,0.37341772151898733,336.0,0.30289330922242313,319.0,0.2875226039783002,325.0,0.29294755877034356,0.2875226039783002,WACC_0p7_WRT_0p3,0.3587703435804702,928,False,,,False,False,False,False,False,44.0,0.43434343434343436
OCDD,PokerHand,536,0.85,303,0.8709677419354838,0.8426348069133212,0,35,2361,1132,0.293,"{'nu':0.5,'kernel':'rbf','gamma':'auto'}",0.03875158443301275,0.11963186656474478,0.10444707775564246,0.03875158443301275,0.06507132463845193,0.10925330589406484,-1.7606682797852482,-3.091916252778669,-0.3636769151630123,-2.2626921951286003,2.4656972749710926,0.11963186656474478,0.13134222365066092,0.01171035708591614,0.10444707775564246,0.19688971689679582,0.09244263914115336,0.03875158443301275,0.3717802865978714,0.33302870216485864,0.06507132463845193,0.3896841506578579,0.32461282601940594,0.10925330589406484,0.4244327734884199,0.31517946759435506,429.0,0.38698010849909587,516.0,0.4656419529837251,534.0,0.4819168173598553,367.0,0.3309222423146474,321.0,0.28933092224231466,0.28933092224231466,WACC_0p9_WRT_0p1,0.3909584086799277,929,False,,,False,False,False,False,False,35.0,0.3434343434343434
OCDD,PokerHand,905,0.84,584,0.8548387096774193,0.6234689237378258,0,76,4891,1817,0.976,"{'nu':0.5,'kernel':'rbf','gamma':'auto'}",0.2550235744851285,0.3508470570122155,0.3283542123961676,0.2550235744851285,0.06491385273427336,0.14552593159799285,-1.7606682797852482,-3.091916252778669,-0.3636769151630123,-2.2626921951286003,2.4656972749710926,0.3508470570122155,0.25504809974751724,0.09579895726469828,0.3283542123961676,0.23288554132247735,0.09546867107369023,0.2550235744851285,0.33453024647575136,0.07950667199062283,0.06491385273427336,0.37257450028244155,0.3076606475481682,0.14552593159799285,0.46021110863578146,0.31468517703778864,984.0,0.8887884267631103,890.0,0.8037974683544303,339.0,0.30560578661844484,322.0,0.29023508137432186,409.0,0.3688969258589512,0.29023508137432186,WACC_0p7_WRT_0p3,0.5314647377938517,930,False,,,False,False,False,False,False,76.0,0.7575757575757576
OCDD,PokerHand,888,0.78,875,0.7580645161290321,0.4882851494718815,0,92,3387,4326,0.953,"{'nu':0.5,'kernel':'rbf','gamma':'auto'}",0.3283559384303446,0.5013774631256772,0.4474940412432259,0.3283559384303446,0.10471320050908352,0.25740390047373224,-1.7606682797852482,-3.091916252778669,-0.3636769151630123,-2.2626921951286003,2.4656972749710926,0.5013774631256772,0.2646074361123476,0.2367700270133296,0.4474940412432259,0.20229013107031157,0.24520391017291432,0.3283559384303446,0.33111629766015216,0.002760359229807552,0.10471320050908352,0.47983574401351176,0.37512254350442825,0.25740390047373224,0.5642339184394883,0.3068300179657561,1002.0,0.9050632911392406,605.0,0.546112115732369,322.0,0.29023508137432186,715.0,0.6455696202531646,930.0,0.8399638336347197,0.29023508137432186,WACC_0p5_WRT_0p5,0.6453887884267632,931,False,,,False,False,False,False,False,92.0,0.9191919191919192
OCDD,PokerHand,439,0.82,257,0.8225806451612901,0.8975675972651773,0,15,2302,1212,0.448,"{'nu':0.5,'kernel':'rbf','gamma':'auto'}",0.07796386128672496,0.06645815612496705,0.036871830012452526,0.07796386128672496,0.12711834665547656,0.15420923221712973,-1.7606682797852482,-3.091916252778669,-0.3636769151630123,-2.2626921951286003,2.4656972749710926,0.06645815612496705,0.1272820091472232,0.06082385302225615,0.036871830012452526,0.1988883865569236,0.16201655654447106,0.07796386128672496,0.3715171703185072,0.29355330903178223,0.12711834665547656,0.39517410747557286,0.2680557608200963,0.15420923221712973,0.42507787831977417,0.27086864610264444,402.0,0.36256781193490056,548.0,0.4945750452079566,531.0,0.47920433996383366,380.0,0.3426763110307414,323.0,0.2911392405063291,0.2911392405063291,WACC_0p9_WRT_0p1,0.3940325497287523,932,False,,,False,False,False,False,False,15.0,0.1414141414141414
OCDD,PokerHand,216,0.83,591,0.8387096774193548,0.6194863469253673,0,78,3891,1684,0.999,"{'nu':0.5,'kernel':'rbf','gamma':'auto'}",0.24799817738112587,0.35649209588530595,0.32896333928240235,0.24799817738112587,0.05324312956686784,0.16250962051272808,-1.7606682797852482,-3.091916252778669,-0.3636769151630123,-2.2626921951286003,2.4656972749710926,0.35649209588530595,0.2553952869558608,0.10109680892944517,0.32896333928240235,0.2299018219524037,0.09906151732999866,0.24799817738112587,0.3485800978313718,0.10058192045024592,0.05324312956686784,0.3730755286860085,0.3198323991191407,0.16250962051272808,0.44932925327172646,0.28681963275899836,985.0,0.8896925858951176,870.0,0.7857142857142857,412.0,0.3716094032549729,323.0,0.2911392405063291,380.0,0.3426763110307414,0.2911392405063291,WACC_0p7_WRT_0p3,0.5361663652802895,933,False,,,False,False,False,False,False,78.0,0.7777777777777778
OCDD,PokerHand,1098,0.86,280,0.8870967741935483,0.8689758734762919,0,25,2726,1669,0.293,"{'nu':0.5,'kernel':'rbf','gamma':'auto'}",0.02257540318770231,0.09054909914644599,0.08063630803722134,0.02257540318770231,0.05411791899241027,0.09026541180752207,-1.7606682797852482,-3.091916252778669,-0.3636769151630123,-2.2626921951286003,2.4656972749710926,0.09054909914644599,0.13287686048458497,0.04232776133813898,0.08063630803722134,0.19478357194537074,0.1141472639081494,0.02257540318770231,0.3430404035071354,0.3204650003194331,0.05411791899241027,0.38132433853369996,0.3272064195412897,0.09026541180752207,0.425471267240148,0.33520585543262593,440.0,0.3969258589511754,479.0,0.4321880650994575,385.0,0.3471971066907776,342.0,0.30831826401446655,324.0,0.29204339963833637,0.29204339963833637,WACC_0p9_WRT_0p1,0.35533453887884264,934,False,,,False,False,False,False,False,25.0,0.24242424242424243
OCDD,PokerHand,819,0.78,262,0.7580645161290321,0.8911409705101816,0,21,2314,2549,0.503,"{'nu':0.5,'kernel':'rbf','gamma':'auto'}",0.1404667754822466,0.07907589080519359,0.029446267136137037,0.1404667754822466,0.19248885219861528,0.22129208214310295,-1.7606682797852482,-3.091916252778669,-0.3636769151630123,-2.2626921951286003,2.4656972749710926,0.07907589080519359,0.13243545641263563,0.05335956560744204,0.029446267136137037,0.1856604805578628,0.15621421342172576,0.1404667754822466,0.421648841073567,0.2811820655913204,0.19248885219861528,0.47832622832043287,0.2858373761218176,0.22129208214310295,0.5064924339284815,0.2852003517853786,438.0,0.39511754068716093,324.0,0.29204339963833637,759.0,0.6853526220614828,703.0,0.6347197106690777,580.0,0.523508137432188,0.29204339963833637,WACC_0p3_WRT_0p7,0.5061482820976492,935,False,,,False,False,False,False,False,21.0,0.20202020202020202
OCDD,PokerHand,276,0.82,232,0.8225806451612901,0.9316925220900684,0,4,232,1168,0.001,"{'nu':0.5,'kernel':'rbf','gamma':'auto'}",0.1015716608541191,0.03068602958171001,0.016235316649577898,0.1015716608541191,0.13455360601859326,0.15115028898863983,-1.7606682797852482,-3.091916252778669,-0.3636769151630123,-2.2626921951286003,2.4656972749710926,0.03068602958171001,0.11791316807002523,0.08722713848831523,0.016235316649577898,0.24192818265389485,0.22569286600431696,0.1015716608541191,0.46698647682053274,0.3654148159664136,0.13455360601859326,0.4981854494532209,0.3636318434346276,0.15115028898863983,0.5246116653767976,0.3734613763881578,324.0,0.29204339963833637,936.0,0.8453887884267631,920.0,0.8309222423146474,811.0,0.7323688969258589,700.0,0.6320072332730561,0.29204339963833637,WACC_0p1_WRT_0p9,0.6665461121157323,936,False,,,False,False,False,False,False,4.0,0.030303030303030304
OCDD,PokerHand,901,0.88,373,0.9193548387096774,0.7732513228034941,0,39,3345,2407,0.66,"{'nu':0.5,'kernel':'rbf','gamma':'auto'}",0.14422580833210452,0.18795380219184762,0.18701796424684144,0.14422580833210452,0.031395285147428606,0.06559273339360186,-1.7606682797852482,-3.091916252778669,-0.3636769151630123,-2.2626921951286003,2.4656972749710926,0.18795380219184762,0.2028825219498672,0.01492871975801957,0.18701796424684144,0.18579974258360596,0.0012182216632354859,0.14422580833210452,0.33408293045795745,0.18985712212585293,0.031395285147428606,0.42442254360533826,0.39302725845790965,0.06559273339360186,0.48784668627716826,0.4222539528835664,775.0,0.6998191681735986,325.0,0.29294755877034356,338.0,0.3047016274864376,479.0,0.4321880650994575,509.0,0.4593128390596745,0.29294755877034356,WACC_0p3_WRT_0p7,0.43779385171790236,937,False,,,False,False,False,False,False,39.0,0.3838383838383838
OCDD,PokerHand,515,0.85,279,0.8709677419354838,0.8701695181429151,0,25,3728,4868,0.22,"{'nu':0.5,'kernel':'rbf','gamma':'auto'}",0.010178600879662592,0.0907680616042537,0.0758740147909674,0.010178600879662592,0.07107068494564954,0.10678510650911686,-1.7606682797852482,-3.091916252778669,-0.3636769151630123,-2.2626921951286003,2.4656972749710926,0.0907680616042537,0.11799753206508472,0.027229470460831018,0.0758740147909674,0.19026631014210368,0.11439229535113628,0.010178600879662592,0.4245579926911337,0.4143793918114711,0.07107068494564954,0.4902487038550265,0.41917801890937695,0.10678510650911686,0.5230087411097736,0.4162236346006567,325.0,0.29294755877034356,398.0,0.3589511754068716,771.0,0.6962025316455697,772.0,0.6971066907775768,691.0,0.6238698010849909,0.29294755877034356,WACC_0p1_WRT_0p9,0.5338155515370705,938,False,,,False,False,False,False,False,25.0,0.24242424242424243
OCDD,PokerHand,367,0.78,813,0.7580645161290321,0.5128626321956238,0,90,3968,3175,0.999,"{'nu':0.5,'kernel':'rbf','gamma':'auto'}",0.3028516938500178,0.47561363136282647,0.42198972578035193,0.3028516938500178,0.11006822940603365,0.2552007857493217,-1.7606682797852482,-3.091916252778669,-0.3636769151630123,-2.2626921951286003,2.4656972749710926,0.47561363136282647,0.26553022989944747,0.210083401463379,0.42198972578035193,0.20858409055814142,0.2134056352222105,0.3028516938500178,0.3315950889904708,0.028743395140452987,0.11006822940603365,0.4491073926501111,0.33903916324407746,0.2552007857493217,0.5475812102489932,0.2923804244996715,1005.0,0.9077757685352622,696.0,0.6283905967450272,325.0,0.29294755877034356,575.0,0.5189873417721519,834.0,0.7531645569620253,0.29294755877034356,WACC_0p5_WRT_0p5,0.620253164556962,939,False,,,False,False,False,False,False,90.0,0.898989898989899
OCDD,PokerHand,968,0.9,302,0.9516129032258064,0.8437379939883676,0,6,3603,2617,0.143,"{'nu':0.5,'kernel':'rbf','gamma':'auto'}",0.09339753850797632,0.11112430862840797,0.1209204661274168,0.09339753850797632,0.017275105461049062,0.026020954272221695,-1.7606682797852482,-3.091916252778669,-0.3636769151630123,-2.2626921951286003,2.4656972749710926,0.11112430862840797,0.11963343844873492,0.00850912982032695,0.1209204661274168,0.18582085626389652,0.06490039013647972,0.09339753850797632,0.3579401512715451,0.2645426127635688,0.017275105461049062,0.4033941684173755,0.3861190629563265,0.026020954272221695,0.4542472737558064,0.42822631948358475,341.0,0.3074141048824593,326.0,0.2938517179023508,464.0,0.41862567811934903,396.0,0.35714285714285715,394.0,0.3553345388788427,0.2938517179023508,WACC_0p3_WRT_0p7,0.3464737793851718,940,False,,,False,False,False,False,False,6.0,0.050505050505050504
OCDD,PokerHand,427,0.88,304,0.9193548387096774,0.8415352427908573,0,14,1072,1894,0.207,"{'nu':0.5,'kernel':'rbf','gamma':'auto'}",0.0733670545762192,0.11637383420094671,0.11615901355711104,0.0733670545762192,0.014753676427312302,0.05947179288657005,-1.7606682797852482,-3.091916252778669,-0.3636769151630123,-2.2626921951286003,2.4656972749710926,0.11637383420094671,0.12521313685468535,0.00883930265373864,0.11615901355711104,0.19571430073612595,0.0795552871790149,0.0733670545762192,0.34240422865360487,0.2690371740773857,0.014753676427312302,0.39301470774795777,0.3782610313206455,0.05947179288657005,0.42649572562283805,0.367023932736268,393.0,0.35443037974683544,496.0,0.4475587703435805,378.0,0.34086799276672697,378.0,0.34086799276672697,327.0,0.29475587703435807,0.29475587703435807,WACC_0p9_WRT_0p1,0.3556962025316456,941,False,,,False,False,False,False,False,14.0,0.13131313131313133
OCDD,PokerHand,113,0.88,252,0.9193548387096774,0.9041199976610024,1,1,680,1590,0.001,"{'nu':0.5,'kernel':'rbf','gamma':'auto'}",0.00842236869648729,0.05076812862410813,0.05121414718017834,0.00842236869648729,0.028389864258477608,0.05386172303003251,-1.7606682797852482,-3.091916252778669,-0.3636769151630123,-2.2626921951286003,2.4656972749710926,0.05076812862410813,0.12343647902467038,0.07266835040056224,0.05121414718017834,0.19389528515577767,0.14268113797559934,0.00842236869648729,0.3648679735838735,0.35644560488738625,0.028389864258477608,0.38001048319004255,0.35162061893156493,0.05386172303003251,0.4266781227144532,0.3728163996844207,374.0,0.337251356238698,459.0,0.4141048824593128,497.0,0.4484629294755877,340.0,0.3065099457504521,328.0,0.29566003616636527,0.29566003616636527,WACC_0p9_WRT_0p1,0.3603978300180832,942,False,,,False,False,False,False,False,1.0,0.0
OCDD,PokerHand,725,0.9,355,0.9516129032258064,0.7897661923505186,0,28,1727,2230,0.135,"{'nu':0.5,'kernel':'rbf','gamma':'auto'}",0.14940449596919964,0.16770131584128373,0.17692757924570293,0.14940449596919964,0.049613915003028905,0.030858962795219973,-1.7606682797852482,-3.091916252778669,-0.3636769151630123,-2.2626921951286003,2.4656972749710926,0.16770131584128373,0.12830543166588276,0.039395884175400964,0.17692757924570293,0.20180092719905462,0.024873347953351693,0.14940449596919964,0.3551462840514662,0.20574178808226656,0.049613915003028905,0.37426482919567694,0.324650914192648,0.030858962795219973,0.43116620565003444,0.40030724285481445,413.0,0.37251356238698013,599.0,0.5406871609403255,449.0,0.4050632911392405,328.0,0.29566003616636527,336.0,0.30289330922242313,0.29566003616636527,WACC_0p7_WRT_0p3,0.3833634719710669,943,False,,,False,False,False,False,False,28.0,0.2727272727272727
OCDD,PokerHand,556,0.83,265,0.8387096774193548,0.8873433837751918,0,17,434,1562,0.001,"{'nu':0.5,'kernel':'rbf','gamma':'auto'}",0.05415347553139987,0.07570566582393544,0.05100524066194382,0.05415347553139987,0.10819796841465787,0.13849903372668793,-1.7606682797852482,-3.091916252778669,-0.3636769151630123,-2.2626921951286003,2.4656972749710926,0.07570566582393544,0.11814258183839811,0.04243691601446267,0.05100524066194382,0.20683133021528546,0.15582608955334165,0.05415347553139987,0.41559405619379447,0.3614405806623946,0.10819796841465787,0.42983363115925444,0.32163566274459654,0.13849903372668793,0.4764198933306906,0.3379208596040027,328.0,0.29566003616636527,669.0,0.6039783001808319,722.0,0.6518987341772152,497.0,0.4484629294755877,474.0,0.42766726943942135,0.29566003616636527,WACC_0p1_WRT_0p9,0.48553345388788427,944,False,,,False,False,False,False,False,17.0,0.16161616161616163
OCDD,PokerHand,682,0.8,272,0.7903225806451613,0.8786463500098796,0,23,520,2453,0.512,"{'nu':0.5,'kernel':'rbf','gamma':'auto'}",0.09834848844983057,0.08923317544323539,0.0494593387786438,0.09834848844983057,0.15638109921526686,0.18915870945321647,-1.7606682797852482,-3.091916252778669,-0.3636769151630123,-2.2626921951286003,2.4656972749710926,0.08923317544323539,0.12180954234038638,0.03257636689715099,0.0494593387786438,0.18588985920042483,0.13643052042178103,0.09834848844983057,0.4210291656303542,0.3226806771805236,0.15638109921526686,0.49204887899175986,0.335667779776493,0.18915870945321647,0.5273085071199493,0.3381497976667328,356.0,0.3209764918625678,328.0,0.29566003616636527,756.0,0.6826401446654611,780.0,0.7043399638336347,719.0,0.6491862567811935,0.29566003616636527,WACC_0p3_WRT_0p7,0.5305605786618445,945,False,,,False,False,False,False,False,23.0,0.2222222222222222
OCDD,PokerHand,207,0.87,279,0.9032258064516128,0.8701695181429151,0,16,956,1863,0.001,"{'nu':0.5,'kernel':'rbf','gamma':'auto'}",0.03249489682570868,0.08782761348712288,0.08292128572839393,0.03249489682570868,0.03768530408590802,0.07353172154175085,-1.7606682797852482,-3.091916252778669,-0.3636769151630123,-2.2626921951286003,2.4656972749710926,0.08782761348712288,0.11820244631904664,0.030374832831923756,0.08292128572839393,0.19153378938393564,0.10861250365554172,0.03249489682570868,0.36724375999557557,0.3347488631698669,0.03768530408590802,0.3949692322194663,0.35728392813355825,0.07353172154175085,0.4369769527065291,0.3634452311647782,329.0,0.2965641952983725,419.0,0.3779385171790235,509.0,0.4593128390596745,379.0,0.34177215189873417,357.0,0.321880650994575,0.2965641952983725,WACC_0p1_WRT_0p9,0.359493670886076,946,False,,,False,False,False,False,False,16.0,0.15151515151515152
OCDD,PokerHand,733,0.86,353,0.8870967741935483,0.7916524901530937,0,50,3794,3779,0.279,"{'nu':0.5,'kernel':'rbf','gamma':'auto'}",0.10281447820689268,0.17160486314252246,0.16087560606046883,0.10281447820689268,0.03727042664504778,0.09719664582588686,-1.7606682797852482,-3.091916252778669,-0.3636769151630123,-2.2626921951286003,2.4656972749710926,0.17160486314252246,0.13180903264403876,0.0397958304984837,0.16087560606046883,0.1860339770157821,0.02515837095531326,0.10281447820689268,0.3929838849850097,0.290169406778117,0.03727042664504778,0.4626283734035969,0.42535794675854915,0.09719664582588686,0.5101121654652252,0.41291551963933837,432.0,0.3896925858951175,330.0,0.2974683544303797,631.0,0.569620253164557,624.0,0.5632911392405063,605.0,0.546112115732369,0.2974683544303797,WACC_0p3_WRT_0p7,0.4732368896925859,947,False,,,False,False,False,False,False,50.0,0.494949494949495
OCDD,PokerHand,486,0.9,569,0.9516129032258064,0.6321659575031382,0,62,4195,2840,0.651,"{'nu':0.5,'kernel':'rbf','gamma':'auto'}",0.3129474828830569,0.33290887521721924,0.34047102068560725,0.3129474828830569,0.1440447811930991,0.044986178420415156,-1.7606682797852482,-3.091916252778669,-0.3636769151630123,-2.2626921951286003,2.4656972749710926,0.33290887521721924,0.2019779200395134,0.13093095517770584,0.34047102068560725,0.18619743361481572,0.15427358707079153,0.3129474828830569,0.33491301662302136,0.02196553373996446,0.1440447811930991,0.4155546089171998,0.2715098277241007,0.044986178420415156,0.4936483917848067,0.44866221336439155,769.0,0.6943942133815552,333.0,0.30018083182640143,341.0,0.3074141048824593,437.0,0.39421338155515373,534.0,0.4819168173598553,0.30018083182640143,WACC_0p3_WRT_0p7,0.43562386980108503,948,False,,,False,False,False,False,False,62.0,0.6161616161616161
OCDD,PokerHand,362,0.9,290,0.9516129032258064,0.8572677933503181,0,4,1850,2982,0.001,"{'nu':0.5,'kernel':'rbf','gamma':'auto'}",0.0793575606986706,0.09694142918283785,0.10688044929757137,0.0793575606986706,0.009168323930145241,0.02480814901760389,-1.7606682797852482,-3.091916252778669,-0.3636769151630123,-2.2626921951286003,2.4656972749710926,0.09694142918283785,0.11872124894897382,0.021779819766135966,0.10688044929757137,0.19167544375660128,0.08479499445902991,0.0793575606986706,0.40947203896579853,0.3301144782671279,0.009168323930145241,0.43603590706711015,0.42686758313696493,0.02480814901760389,0.49238968859000587,0.467581539572402,333.0,0.30018083182640143,423.0,0.38155515370705245,691.0,0.6238698010849909,525.0,0.47377938517179025,530.0,0.4783001808318264,0.30018083182640143,WACC_0p1_WRT_0p9,0.45153707052441233,949,False,,,False,False,False,False,False,4.0,0.030303030303030304
OCDD,PokerHand,75,0.87,262,0.9032258064516128,0.8911409705101816,0,8,3536,3320,0.01,"{'nu':0.5,'kernel':'rbf','gamma':'auto'}",0.010732657934467234,0.06584387427810498,0.06115898635455642,0.010732657934467234,0.04225463832977832,0.07165184978995562,-1.7606682797852482,-3.091916252778669,-0.3636769151630123,-2.2626921951286003,2.4656972749710926,0.06584387427810498,0.11899499800594915,0.05315112372784417,0.06115898635455642,0.19112114379482376,0.12996215744026735,0.010732657934467234,0.4041934005560216,0.39346074262155434,0.04225463832977832,0.4472450062028608,0.40499036787308246,0.07165184978995562,0.49254206553992863,0.420890215749973,335.0,0.30198915009041594,413.0,0.37251356238698013,678.0,0.6121157323688969,568.0,0.5126582278481012,532.0,0.48010849909584086,0.30198915009041594,WACC_0p1_WRT_0p9,0.455877034358047,950,False,,,False,False,False,False,False,8.0,0.0707070707070707
OCDD,PokerHand,433,0.85,233,0.8709677419354838,0.930258614226623,0,2,2335,1388,0.114,"{'nu':0.5,'kernel':'rbf','gamma':'auto'}",0.05036801009610462,0.02777847964894175,0.013518920104342818,0.05036801009610462,0.08416310981017923,0.10139874640680054,-1.7606682797852482,-3.091916252778669,-0.3636769151630123,-2.2626921951286003,2.4656972749710926,0.02777847964894175,0.1423534596407491,0.11457497999180735,0.013518920104342818,0.23739714159429673,0.2238782214899539,0.05036801009610462,0.39741815248638185,0.3470501423902772,0.08416310981017923,0.4092056753427482,0.325042565532569,0.10139874640680054,0.4305492615142103,0.3291505151074098,495.0,0.44665461121157324,915.0,0.8264014466546112,649.0,0.5858951175406871,420.0,0.37884267631103075,335.0,0.30198915009041594,0.30198915009041594,WACC_0p9_WRT_0p1,0.5079566003616637,951,False,,,False,False,False,False,False,2.0,0.010101010101010102
OCDD,PokerHand,874,0.81,681,0.8064516129032256,0.5721020365744756,0,84,1740,4711,0.847,"{'nu':0.5,'kernel':'rbf','gamma':'auto'}",0.2748529480590763,0.4091040833460396,0.37108727162741895,0.2748529480590763,0.07289744914588143,0.2000105141860709,-1.7606682797852482,-3.091916252778669,-0.3636769151630123,-2.2626921951286003,2.4656972749710926,0.4091040833460396,0.25149095422623097,0.15761312911980863,0.37108727162741895,0.18634149161969607,0.18474578000772288,0.2748529480590763,0.3577236617654188,0.08287071370634252,0.07289744914588143,0.494772120675945,0.4218746715300636,0.2000105141860709,0.5799597275378514,0.3799492133517805,975.0,0.8806509945750453,336.0,0.30289330922242313,462.0,0.4168173598553345,791.0,0.7142857142857143,983.0,0.8878842676311031,0.30289330922242313,WACC_0p3_WRT_0p7,0.6405063291139241,952,False,,,False,False,False,False,False,84.0,0.8383838383838383
OCDD,PokerHand,5,0.71,271,0.6451612903225805,0.8798750375332376,0,27,2051,958,0.752,"{'nu':0.5,'kernel':'rbf','gamma':'auto'}",0.24983349847184372,0.10117719600276581,0.0775439798100138,0.24983349847184372,0.306883023869088,0.3386888027980352,-1.7606682797852482,-3.091916252778669,-0.3636769151630123,-2.2626921951286003,2.4656972749710926,0.10117719600276581,0.18071121524003994,0.07953401923727413,0.0775439798100138,0.21075764113301443,0.1332136613230006,0.24983349847184372,0.3851366997667952,0.1353032012949515,0.306883023869088,0.4010131425936306,0.09413011872454258,0.3386888027980352,0.4321113849137825,0.09342258211574728,662.0,0.5976491862567812,720.0,0.6500904159132007,589.0,0.5316455696202531,395.0,0.3562386980108499,338.0,0.3047016274864376,0.3047016274864376,WACC_0p9_WRT_0p1,0.48806509945750454,953,False,,,False,False,False,False,False,27.0,0.26262626262626265
OCDD,PokerHand,628,0.91,535,0.967741935483871,0.6527579379431032,0,53,1967,1440,0.602,"{'nu':0.5,'kernel':'rbf','gamma':'auto'}",0.3027371729290671,0.309852700893427,0.3226261388391254,0.3027371729290671,0.14576348637674466,0.03926922297988774,-1.7606682797852482,-3.091916252778669,-0.3636769151630123,-2.2626921951286003,2.4656972749710926,0.309852700893427,0.18427081707835258,0.1255818838150744,0.3226261388391254,0.20726157048676483,0.11536456835236056,0.3027371729290671,0.3613821872524564,0.05864501432338931,0.14576348637674466,0.3998691931718373,0.2541057067950926,0.03926922297988774,0.43296647748156936,0.39369725450168164,680.0,0.6139240506329114,677.0,0.6112115732368897,482.0,0.4349005424954792,392.0,0.3535262206148282,339.0,0.30560578661844484,0.30560578661844484,WACC_0p9_WRT_0p1,0.46383363471971073,954,False,,,False,False,False,False,False,53.0,0.5252525252525253
OCDD,PokerHand,312,0.88,301,0.9193548387096774,0.8448448279694667,0,12,181,534,0.514,"{'nu':0.5,'kernel':'rbf','gamma':'auto'}",0.0699326723490622,0.11290449616071915,0.11272462178496409,0.0699326723490622,0.01547478055614363,0.05917512312910779,-1.7606682797852482,-3.091916252778669,-0.3636769151630123,-2.2626921951286003,2.4656972749710926,0.11290449616071915,0.15248551984778183,0.03958102368706268,0.11272462178496409,0.2105531020992833,0.0978284803143192,0.0699326723490622,0.40605127267018964,0.33611860032112745,0.01547478055614363,0.4117363880153202,0.39626160745917655,0.05917512312910779,0.43315349708117784,0.37397837395207006,553.0,0.49909584086799275,718.0,0.6482820976491862,681.0,0.6148282097649186,428.0,0.3860759493670886,340.0,0.3065099457504521,0.3065099457504521,WACC_0p9_WRT_0p1,0.49095840867992757,955,False,,,False,False,False,False,False,12.0,0.1111111111111111
OCDD,PokerHand,925,0.84,286,0.8548387096774193,0.8619020123061318,0,29,2534,1520,0.113,"{'nu':0.5,'kernel':'rbf','gamma':'auto'}",0.019815781147593234,0.10090486197055082,0.08092965814110488,0.019815781147593234,0.08596202195135898,0.12415289457398292,-1.7606682797852482,-3.091916252778669,-0.3636769151630123,-2.2626921951286003,2.4656972749710926,0.10090486197055082,0.13928814015886246,0.03838327818831164,0.08092965814110488,0.2205315649120295,0.1396019067709246,0.019815781147593234,0.3872116898756083,0.36739590872801503,0.08596202195135898,0.4099401815032603,0.3239781595519013,0.12415289457398292,0.4334428560021715,0.30928996142818854,473.0,0.4267631103074141,807.0,0.72875226039783,597.0,0.538878842676311,422.0,0.3806509945750452,341.0,0.3074141048824593,0.3074141048824593,WACC_0p9_WRT_0p1,0.4764918625678119,956,False,,,False,False,False,False,False,29.0,0.2828282828282828
OCDD,PokerHand,582,0.9,353,0.9516129032258064,0.7916524901530937,0,26,1873,2809,0.001,"{'nu':0.5,'kernel':'rbf','gamma':'auto'}",0.14744707009898492,0.16572396690826083,0.1749701479353219,0.14744707009898492,0.04848368359466782,0.030689875891154645,-1.7606682797852482,-3.091916252778669,-0.3636769151630123,-2.2626921951286003,2.4656972749710926,0.16572396690826083,0.11979215454020081,0.045931812368060015,0.1749701479353219,0.19766103016971123,0.022690882234389337,0.14744707009898492,0.39913106897915346,0.25168399888016857,0.04848368359466782,0.430096194672066,0.3816125110773982,0.030689875891154645,0.4879593893170977,0.4572695134259431,342.0,0.30831826401446655,524.0,0.472875226039783,656.0,0.5922242314647378,499.0,0.45027124773960214,511.0,0.46112115732368897,0.30831826401446655,WACC_0p1_WRT_0p9,0.45696202531645574,957,False,,,False,False,False,False,False,26.0,0.25252525252525254
OCDD,PokerHand,577,0.8,222,0.7903225806451613,0.946379831868282,0,3,61,506,0.001,"{'nu':0.5,'kernel':'rbf','gamma':'auto'}",0.1452068616746864,0.018230215094240235,0.04844998769473145,0.1452068616746864,0.17113910990007988,0.18308710997758407,-1.7606682797852482,-3.091916252778669,-0.3636769151630123,-2.2626921951286003,2.4656972749710926,0.018230215094240235,0.1762396495858097,0.15800943449156946,0.04844998769473145,0.27486688811992593,0.22641690042519447,0.1452068616746864,0.470363956285627,0.32515709461094056,0.17113910990007988,0.415819648415666,0.2446805385155861,0.18308710997758407,0.43364170138652286,0.25055459140893876,644.0,0.581374321880651,1027.0,0.9276672694394213,928.0,0.8381555153707052,438.0,0.39511754068716093,342.0,0.30831826401446655,0.30831826401446655,WACC_0p9_WRT_0p1,0.6101265822784809,958,False,,,False,False,False,False,False,3.0,0.020202020202020204
OCDD,PokerHand,915,0.91,505,0.967741935483871,0.6720425558732643,0,49,1857,1709,0.516,"{'nu':0.5,'kernel':'rbf','gamma':'auto'}",0.2827253752255594,0.28963721920442703,0.3026142855179267,0.2827253752255594,0.13420853420898182,0.033218896684078535,-1.7606682797852482,-3.091916252778669,-0.3636769151630123,-2.2626921951286003,2.4656972749710926,0.28963721920442703,0.16438434853876266,0.12525287066566437,0.3026142855179267,0.204737430079496,0.0978768554384307,0.2827253752255594,0.3428168183310943,0.06009144310553488,0.13420853420898182,0.3860062663397466,0.2517977321307648,0.033218896684078535,0.4337588903350838,0.4005399936510053,602.0,0.5433996383363472,637.0,0.5750452079566004,383.0,0.3453887884267631,353.0,0.3182640144665461,343.0,0.3092224231464738,0.3092224231464738,WACC_0p9_WRT_0p1,0.4182640144665461,959,False,,,False,False,False,False,False,49.0,0.48484848484848486
OCDD,PokerHand,493,0.86,338,0.8870967741935483,0.8061489956552799,0,46,4919,4095,0.324,"{'nu':0.5,'kernel':'rbf','gamma':'auto'}",0.08777134193278388,0.15640861488936952,0.14583242797779705,0.08777134193278388,0.040428976556020284,0.09589718545871459,-1.7606682797852482,-3.091916252778669,-0.3636769151630123,-2.2626921951286003,2.4656972749710926,0.15640861488936952,0.14490287325683748,0.01150574163253204,0.14583242797779705,0.1870194131946298,0.041186985216832755,0.08777134193278388,0.3775088440697786,0.2897375021369947,0.040428976556020284,0.45464517236684143,0.41421619581082114,0.09589718545871459,0.5107890640988328,0.41489187864011823,512.0,0.4620253164556962,343.0,0.3092224231464738,555.0,0.5009041591320073,594.0,0.5361663652802894,613.0,0.5533453887884268,0.3092224231464738,WACC_0p3_WRT_0p7,0.47233273056057873,960,False,,,False,False,False,False,False,46.0,0.45454545454545453
OCDD,PokerHand,1102,0.87,307,0.9032258064516128,0.8382580521142308,0,26,1903,3702,0.245,"{'nu':0.5,'kernel':'rbf','gamma':'auto'}",0.06560967280421585,0.12127943812312307,0.1160361537409804,0.06560967280421585,0.030732320957063464,0.07639225129882818,-1.7606682797852482,-3.091916252778669,-0.3636769151630123,-2.2626921951286003,2.4656972749710926,0.12127943812312307,0.11991913422666867,0.001360303896454404,0.1160361537409804,0.1969582765319099,0.08092212279092949,0.06560967280421585,0.4592847517733884,0.39367507896917253,0.030732320957063464,0.5170243736614303,0.4862920527043668,0.07639225129882818,0.5373774628139288,0.46098521151510063,343.0,0.3092224231464738,517.0,0.4665461121157324,894.0,0.8074141048824593,890.0,0.8037974683544303,767.0,0.6925858951175407,0.3092224231464738,WACC_0p1_WRT_0p9,0.6159132007233273,961,False,,,False,False,False,False,False,26.0,0.25252525252525254
OCDD,PokerHand,521,0.67,1240,0.5806451612903225,0.3716661559444016,0,100,2608,4472,0.999,"{'nu':0.5,'kernel':'rbf','gamma':'auto'}",0.32663274544777116,0.6397980913986528,0.5297508221423947,0.32663274544777116,0.2629234363015808,0.4507511930007031,-1.7606682797852482,-3.091916252778669,-0.3636769151630123,-2.2626921951286003,2.4656972749710926,0.6397980913986528,0.26964184864845575,0.3701562427501971,0.5297508221423947,0.19880509656777307,0.3309457255746216,0.32663274544777116,0.335299715124594,0.008666969676822844,0.2629234363015808,0.4857173088012299,0.22279387249964905,0.4507511930007031,0.5818684937608326,0.1311173007601295,1016.0,0.9177215189873418,546.0,0.49276672694394213,343.0,0.3092224231464738,750.0,0.6772151898734177,991.0,0.895117540687161,0.3092224231464738,WACC_0p5_WRT_0p5,0.6584086799276673,962,False,,,False,False,False,False,False,100.0,1.0
OCDD,PokerHand,270,0.89,315,0.935483870967742,0.8296725310807964,0,16,3560,2544,0.359,"{'nu':0.5,'kernel':'rbf','gamma':'auto'}",0.09683523056309715,0.1273389320256093,0.13199271125226436,0.09683523056309715,0.011645843263415325,0.04390846865477974,-1.7606682797852482,-3.091916252778669,-0.3636769151630123,-2.2626921951286003,2.4656972749710926,0.1273389320256093,0.1400141409337292,0.012675208908119878,0.13199271125226436,0.18706665270397724,0.05507394145171288,0.09683523056309715,0.33570033724780857,0.23886510668471142,0.011645843263415325,0.38919251830886814,0.3775466750454528,0.04390846865477974,0.44510870483434656,0.4012002361795668,481.0,0.43399638336347196,344.0,0.310126582278481,345.0,0.31103074141048825,366.0,0.33001808318264014,373.0,0.33634719710669075,0.310126582278481,WACC_0p3_WRT_0p7,0.34430379746835443,963,False,,,False,False,False,False,False,16.0,0.15151515151515152
OCDD,PokerHand,975,0.88,299,0.9193548387096774,0.8470695336585994,0,11,1118,1980,0.18,"{'nu':0.5,'kernel':'rbf','gamma':'auto'}",0.06762407798841709,0.11057240447578418,0.11041602100816936,0.06762407798841709,0.015959507303240736,0.05897570149116792,-1.7606682797852482,-3.091916252778669,-0.3636769151630123,-2.2626921951286003,2.4656972749710926,0.11057240447578418,0.12311274320566801,0.012540338729883832,0.11041602100816936,0.1927555214882706,0.08233950048010125,0.06762407798841709,0.34775628633832434,0.28013220834990726,0.015959507303240736,0.38789241853411627,0.3719329112308755,0.05897570149116792,0.4339150894329583,0.3749393879417904,370.0,0.3336347197106691,446.0,0.4023508137432188,409.0,0.3688969258589512,360.0,0.32459312839059673,344.0,0.310126582278481,0.310126582278481,WACC_0p9_WRT_0p1,0.34792043399638334,964,False,,,False,False,False,False,False,11.0,0.10101010101010101
OCDD,PokerHand,289,0.86,275,0.8870967741935483,0.8749871116816224,0,20,3688,3574,0.001,"{'nu':0.5,'kernel':'rbf','gamma':'auto'}",0.016337494645862483,0.08424769995315327,0.0743983821587047,0.016337494645862483,0.05542766884180795,0.08972656706288475,-1.7606682797852482,-3.091916252778669,-0.3636769151630123,-2.2626921951286003,2.4656972749710926,0.08424769995315327,0.12026688984503422,0.03601918989188095,0.0743983821587047,0.19912787463764503,0.12472949247894033,0.016337494645862483,0.4029302443882196,0.38659274974235713,0.05542766884180795,0.46464581473243766,0.4092181458906297,0.08972656706288475,0.4989827347468935,0.40925616768400874,344.0,0.310126582278481,552.0,0.49819168173598555,675.0,0.6094032549728752,633.0,0.5714285714285714,555.0,0.5009041591320073,0.310126582278481,WACC_0p1_WRT_0p9,0.49801084990958405,965,False,,,False,False,False,False,False,20.0,0.1919191919191919
OCDD,PokerHand,272,0.9,338,0.9516129032258064,0.8061489956552799,0,19,1702,2081,0.361,"{'nu':0.5,'kernel':'rbf','gamma':'auto'}",0.13240393382487614,0.15052771865510792,0.15992696985265015,0.13240393382487614,0.03979767133950707,0.029390415523982378,-1.7606682797852482,-3.091916252778669,-0.3636769151630123,-2.2626921951286003,2.4656972749710926,0.15052771865510792,0.13377909368882396,0.01674862496628396,0.15992696985265015,0.19575764042952407,0.03583067057687392,0.13240393382487614,0.33928576134542787,0.20688182752055173,0.03979767133950707,0.38183225686548944,0.34203458552598237,0.029390415523982378,0.43594548707179714,0.4065550715478148,448.0,0.40415913200723325,499.0,0.45027124773960214,356.0,0.3209764918625678,345.0,0.31103074141048825,351.0,0.31645569620253167,0.31103074141048825,WACC_0p7_WRT_0p3,0.36057866184448456,966,False,,,False,False,False,False,False,19.0,0.18181818181818182
OCDD,PokerHand,918,0.77,278,0.7419354838709676,0.8713674334614477,0,26,545,4971,0.475,"{'nu':0.5,'kernel':'rbf','gamma':'auto'}",0.14352456219670212,0.10127411567679365,0.04644184156277082,0.14352456219670212,0.20487321441273285,0.23969126577713712,-1.7606682797852482,-3.091916252778669,-0.3636769151630123,-2.2626921951286003,2.4656972749710926,0.10127411567679365,0.14045425265512076,0.03918013697832712,0.04644184156277082,0.1871163254854601,0.14067448392268928,0.14352456219670212,0.447231736065054,0.3037071738683519,0.20487321441273285,0.5490527035635919,0.34417948915085905,0.23969126577713712,0.5883934137258002,0.3487021479486631,485.0,0.4376130198915009,345.0,0.31103074141048825,856.0,0.7730560578661845,999.0,0.9023508137432188,1005.0,0.9077757685352622,0.31103074141048825,WACC_0p3_WRT_0p7,0.666365280289331,967,False,,,False,False,False,False,False,26.0,0.25252525252525254
OCDD,PokerHand,630,0.89,306,0.935483870967742,0.8393468887628397,0,14,3224,2096,0.095,"{'nu':0.5,'kernel':'rbf','gamma':'auto'}",0.08679607450900527,0.11719759548047046,0.12195352729689714,0.08679607450900527,0.005849164237951992,0.04304126349393819,-1.7606682797852482,-3.091916252778669,-0.3636769151630123,-2.2626921951286003,2.4656972749710926,0.11719759548047046,0.12477629065465398,0.007578695174183525,0.12195352729689714,0.19415946987486357,0.07220594257796643,0.08679607450900527,0.3465221630727913,0.25972608856378604,0.005849164237951992,0.38345880001056676,0.37760963577261475,0.04304126349393819,0.43443186878160817,0.39139060528767,386.0,0.34810126582278483,464.0,0.41862567811934903,404.0,0.364376130198915,348.0,0.31374321880650996,347.0,0.3128390596745027,0.3128390596745027,WACC_0p9_WRT_0p1,0.3515370705244123,968,False,,,False,False,False,False,False,14.0,0.13131313131313133
OCDD,PokerHand,995,0.91,453,0.967741935483871,0.7083499315381032,0,40,1558,1452,0.719,"{'nu':0.5,'kernel':'rbf','gamma':'auto'}",0.2450489296988037,0.25157729545658514,0.26493773527909387,0.2450489296988037,0.11245389065506074,0.02182787662278749,-1.7606682797852482,-3.091916252778669,-0.3636769151630123,-2.2626921951286003,2.4656972749710926,0.25157729545658514,0.19859613145702404,0.0529811639995611,0.26493773527909387,0.19844204046464778,0.06649569481444609,0.2450489296988037,0.3376681428552393,0.09261921315643556,0.11245389065506074,0.38278139229159763,0.2703275016365369,0.02182787662278749,0.45154523598074386,0.42971735935795635,754.0,0.6808318264014467,535.0,0.48282097649186256,351.0,0.31645569620253167,347.0,0.3128390596745027,386.0,0.34810126582278483,0.3128390596745027,WACC_0p7_WRT_0p3,0.4282097649186257,969,False,,,False,False,False,False,False,40.0,0.3939393939393939
OCDD,PokerHand,623,0.85,354,0.8709677419354838,0.790708012871315,0,52,4380,4384,0.245,"{'nu':0.5,'kernel':'rbf','gamma':'auto'}",0.09263642163972288,0.17406515416868965,0.15833206472152309,0.09263642163972288,0.05375733102297466,0.1139080008370446,-1.7606682797852482,-3.091916252778669,-0.3636769151630123,-2.2626921951286003,2.4656972749710926,0.17406515416868965,0.12718689485989035,0.0468782593087993,0.15833206472152309,0.18726798211235024,0.028935917390827154,0.09263642163972288,0.4146980242134596,0.3220616025737367,0.05375733102297466,0.47824674443173487,0.42448941340876023,0.1139080008370446,0.522376087219577,0.40846808638253235,399.0,0.35985533453887886,347.0,0.3128390596745027,716.0,0.6464737793851718,701.0,0.6329113924050633,685.0,0.6184448462929476,0.3128390596745027,WACC_0p3_WRT_0p7,0.5141048824593129,970,False,,,False,False,False,False,False,52.0,0.5151515151515151
OCDD,PokerHand,629,0.81,886,0.8064516129032256,0.4841070048188268,0,92,1799,4902,0.903,"{'nu':0.5,'kernel':'rbf','gamma':'auto'}",0.36616607548451885,0.5013466136166113,0.4624006528344247,0.36616607548451885,0.10624568230589161,0.20789835006881424,-1.7606682797852482,-3.091916252778669,-0.3636769151630123,-2.2626921951286003,2.4656972749710926,0.5013466136166113,0.27216530423090485,0.2291813093857064,0.4624006528344247,0.2009433542656406,0.2614572985687841,0.36616607548451885,0.33626641313846894,0.029899662346049904,0.10624568230589161,0.4893045090874713,0.3830588267815797,0.20789835006881424,0.5804818322704157,0.3725834822016015,1023.0,0.9240506329113924,586.0,0.5289330922242315,347.0,0.3128390596745027,767.0,0.6925858951175407,985.0,0.8896925858951176,0.3128390596745027,WACC_0p5_WRT_0p5,0.669620253164557,971,False,,,False,False,False,False,False,92.0,0.9191919191919192
OCDD,PokerHand,1082,0.89,445,0.935483870967742,0.7143023900805439,0,54,1917,1757,0.67,"{'nu':0.5,'kernel':'rbf','gamma':'auto'}",0.21655572132331627,0.24827796132316682,0.2517135347450724,0.21655572132331627,0.08077329321724681,0.05425019727084489,-1.7606682797852482,-3.091916252778669,-0.3636769151630123,-2.2626921951286003,2.4656972749710926,0.24827796132316682,0.1927718612661878,0.05550610005697901,0.2517135347450724,0.18730033701347898,0.06441319773159343,0.21655572132331627,0.35549466355217985,0.13893894222886358,0.08077329321724681,0.40399685325176304,0.32322356003451624,0.05425019727084489,0.46419764329570784,0.40994744602486294,729.0,0.6582278481012658,348.0,0.31374321880650996,451.0,0.40687160940325495,400.0,0.36075949367088606,422.0,0.3806509945750452,0.31374321880650996,WACC_0p3_WRT_0p7,0.42405063291139233,972,False,,,False,False,False,False,False,54.0,0.5353535353535354
OCDD,PokerHand,830,0.85,269,0.8709677419354838,0.882346022729149,0,18,2752,2265,0.437,"{'nu':0.5,'kernel':'rbf','gamma':'auto'}",0.017221831382715682,0.07800380013998832,0.06323832635642976,0.017221831382715682,0.0737237448483278,0.10569361000203689,-1.7606682797852482,-3.091916252778669,-0.3636769151630123,-2.2626921951286003,2.4656972749710926,0.07800380013998832,0.12086180506730836,0.04285800492732003,0.06323832635642976,0.19603529947970283,0.13279697312327307,0.017221831382715682,0.392832815593671,0.37561098421095535,0.0737237448483278,0.4355816892301212,0.3618579443817934,0.10569361000203689,0.4810735862933039,0.37537997629126696,348.0,0.31374321880650996,508.0,0.45840867992766726,630.0,0.5687160940325497,524.0,0.472875226039783,487.0,0.4394213381555154,0.31374321880650996,WACC_0p1_WRT_0p9,0.4506329113924051,973,False,,,False,False,False,False,False,18.0,0.1717171717171717
OCDD,PokerHand,131,0.89,318,0.935483870967742,0.8265088825883934,0,17,1419,2029,0.001,"{'nu':0.5,'kernel':'rbf','gamma':'auto'}",0.10011817315829158,0.1306552890517229,0.13527566297156096,0.10011817315829158,0.013541437313435822,0.04419205671197891,-1.7606682797852482,-3.091916252778669,-0.3636769151630123,-2.2626921951286003,2.4656972749710926,0.1306552890517229,0.12659147029872458,0.004063818752998327,0.13527566297156096,0.2083603482270364,0.07308468525547543,0.10011817315829158,0.3676475051674962,0.26752933200920465,0.013541437313435822,0.3874408453694221,0.37389940805598626,0.04419205671197891,0.43576318747625803,0.39157113076427913,397.0,0.35804701627486435,693.0,0.6256781193490054,512.0,0.4620253164556962,359.0,0.32368896925858953,349.0,0.31464737793851716,0.31464737793851716,WACC_0p9_WRT_0p1,0.4168173598553346,974,False,,,False,False,False,False,False,17.0,0.16161616161616163
OCDD,PokerHand,220,0.76,630,0.7258064516129031,0.5981252825540788,0,82,2739,2129,0.999,"{'nu':0.5,'kernel':'rbf','gamma':'auto'}",0.19205768386174943,0.3891758219837996,0.32646449489944884,0.19205768386174943,0.16203093820583384,0.280811264298712,-1.7606682797852482,-3.091916252778669,-0.3636769151630123,-2.2626921951286003,2.4656972749710926,0.3891758219837996,0.2224054095309965,0.16677041245280308,0.32646449489944884,0.18739257210699925,0.1390719227924496,0.19205768386174943,0.370573697602252,0.17851601374050258,0.16203093820583384,0.46015000581275095,0.2981190676069171,0.280811264298712,0.5165291824521419,0.23571791815342985,862.0,0.7784810126582279,349.0,0.31464737793851716,524.0,0.472875226039783,617.0,0.5569620253164557,654.0,0.5904159132007233,0.31464737793851716,WACC_0p3_WRT_0p7,0.5426763110307414,975,False,,,False,False,False,False,False,82.0,0.8181818181818182
OCDD,PokerHand,214,0.81,694,0.8064516129032256,0.5657799596121456,0,85,4155,2480,0.999,"{'nu':0.5,'kernel':'rbf','gamma':'auto'}",0.28141341639162654,0.4157313254065912,0.37764775819311874,0.28141341639162654,0.0715199726482857,0.200577222379954,-1.7606682797852482,-3.091916252778669,-0.3636769151630123,-2.2626921951286003,2.4656972749710926,0.4157313254065912,0.26656490514337394,0.14916642026321725,0.37764775819311874,0.23502703857440826,0.14262071961871048,0.28141341639162654,0.33680390420617645,0.055390487814549916,0.0715199726482857,0.4067287284886129,0.3352087558403272,0.200577222379954,0.5031543939333293,0.30257717155337527,1007.0,0.9095840867992767,903.0,0.8155515370705244,349.0,0.31464737793851716,406.0,0.36618444846292947,564.0,0.5090415913200723,0.31464737793851716,WACC_0p5_WRT_0p5,0.583001808318264,976,False,,,False,False,False,False,False,85.0,0.8484848484848485
OCDD,PokerHand,429,0.9,339,0.9516129032258064,0.8051627888321784,0,20,1805,2181,0.068,"{'nu':0.5,'kernel':'rbf','gamma':'auto'}",0.13342732829964343,0.15156152943871662,0.1609503671716815,0.13342732829964343,0.04038858647766161,0.029478818669158434,-1.7606682797852482,-3.091916252778669,-0.3636769151630123,-2.2626921951286003,2.4656972749710926,0.15156152943871662,0.12764062385587308,0.023920905582843544,0.1609503671716815,0.20863020137375382,0.04767983420207231,0.13342732829964343,0.3732890645154904,0.23986173621584694,0.04038858647766161,0.38398630244157494,0.3435977159639133,0.029478818669158434,0.4462191555975798,0.4167403369284214,405.0,0.36528028933092227,697.0,0.6292947558770343,543.0,0.49005424954792043,350.0,0.3155515370705244,375.0,0.33815551537070526,0.3155515370705244,WACC_0p7_WRT_0p3,0.42766726943942135,977,False,,,False,False,False,False,False,20.0,0.1919191919191919
OCDD,PokerHand,1047,0.82,245,0.8225806451612901,0.9135142765228756,0,10,260,1367,0.097,"{'nu':0.5,'kernel':'rbf','gamma':'auto'}",0.08899585651054055,0.04974173458621461,0.020323791185810684,0.08899585651054055,0.13059286555536684,0.1527797789133482,-1.7606682797852482,-3.091916252778669,-0.3636769151630123,-2.2626921951286003,2.4656972749710926,0.04974173458621461,0.12135655847543411,0.0716148238892195,0.020323791185810684,0.23697699246964538,0.2166532012838347,0.08899585651054055,0.4718561569002141,0.38286030038967356,0.13059286555536684,0.4925559535103001,0.36196308795493326,0.1527797789133482,0.5146209571217985,0.36184117820845024,351.0,0.31645569620253167,912.0,0.8236889692585895,936.0,0.8453887884267631,783.0,0.7070524412296564,640.0,0.5777576853526221,0.31645569620253167,WACC_0p1_WRT_0p9,0.6540687160940326,978,False,,,False,False,False,False,False,10.0,0.09090909090909091
OCDD,PokerHand,861,0.89,296,0.935483870967742,0.8504345567004646,0,9,3766,3156,0.052,"{'nu':0.5,'kernel':'rbf','gamma':'auto'}",0.07529031543330215,0.10557472854172696,0.11044773624386933,0.07529031543330215,0.0,0.042047369824381946,-1.7606682797852482,-3.091916252778669,-0.3636769151630123,-2.2626921951286003,2.4656972749710926,0.10557472854172696,0.12142120284512657,0.01584647430339961,0.11044773624386933,0.19208737337504772,0.08163963713117839,0.07529031543330215,0.39407407205372286,0.3187837566204207,0.0,0.4241867753840873,0.4241867753840873,0.042047369824381946,0.4812494942509058,0.43920212442652384,352.0,0.31735985533453887,435.0,0.3924050632911392,633.0,0.5714285714285714,477.0,0.43037974683544306,489.0,0.4412296564195298,0.31735985533453887,WACC_0p1_WRT_0p9,0.4305605786618445,979,False,,,False,False,False,False,False,9.0,0.08080808080808081
OCDD,PokerHand,444,0.84,287,0.8548387096774193,0.860737430351594,0,30,2519,1529,0.277,"{'nu':0.5,'kernel':'rbf','gamma':'auto'}",0.01901011732551561,0.10212565800926718,0.08213815723292646,0.01901011732551561,0.08570827871453057,0.1242572871873626,-1.7606682797852482,-3.091916252778669,-0.3636769151630123,-2.2626921951286003,2.4656972749710926,0.10212565800926718,0.12153079217711593,0.019405134167848753,0.08213815723292646,0.19366939776230035,0.1115312405293739,0.01901011732551561,0.37607675709821214,0.35706663977269654,0.08570827871453057,0.4160209851068956,0.33031270639236504,0.1242572871873626,0.44691263816257065,0.32265535097520803,353.0,0.3182640144665461,456.0,0.41139240506329117,551.0,0.4972875226039783,439.0,0.3960216998191682,377.0,0.3399638336347197,0.3182640144665461,WACC_0p1_WRT_0p9,0.39258589511754066,980,False,,,False,False,False,False,False,30.0,0.29292929292929293
OCDD,PokerHand,987,0.71,430,0.6451612903225805,0.7257567673579333,0,72,2034,1301,0.496,"{'nu':0.5,'kernel':'rbf','gamma':'auto'}",0.1432136817061755,0.26273471712930413,0.17640176706951513,0.1432136817061755,0.27330318985543334,0.35250389664391085,-1.7606682797852482,-3.091916252778669,-0.3636769151630123,-2.2626921951286003,2.4656972749710926,0.26273471712930413,0.1644433386973749,0.09829137843192923,0.17640176706951513,0.2233244590853357,0.04692269201582058,0.1432136817061755,0.3986360952305021,0.2554224135243266,0.27330318985543334,0.39655296195167533,0.123249772096242,0.35250389664391085,0.4361539935449081,0.08365009690099723,603.0,0.5443037974683544,838.0,0.7567811934900542,655.0,0.5913200723327305,383.0,0.3453887884267631,354.0,0.3191681735985534,0.3191681735985534,WACC_0p9_WRT_0p1,0.5113924050632911,981,False,,,False,False,False,False,False,72.0,0.7171717171717171
OCDD,PokerHand,526,0.85,357,0.8709677419354838,0.7878904620980689,0,54,1906,4260,0.415,"{'nu':0.5,'kernel':'rbf','gamma':'auto'}",0.09556021594551399,0.1770187074239658,0.16125586715325518,0.09556021594551399,0.05314343309132105,0.1141605648471625,-1.7606682797852482,-3.091916252778669,-0.3636769151630123,-2.2626921951286003,2.4656972749710926,0.1770187074239658,0.12156619378747825,0.05545251363648755,0.16125586715325518,0.19069178328783573,0.029435916134580548,0.09556021594551399,0.44590683965882694,0.35034662371331293,0.05314343309132105,0.5138928666971975,0.4607494336058764,0.1141605648471625,0.5461033629224221,0.4319427980752596,354.0,0.3191681735985534,406.0,0.36618444846292947,851.0,0.7685352622061483,873.0,0.7884267631103075,828.0,0.7477396021699819,0.3191681735985534,WACC_0p1_WRT_0p9,0.5980108499095841,982,False,,,False,False,False,False,False,54.0,0.5353535353535354
OCDD,PokerHand,513,0.8,356,0.7903225806451613,0.7888270136859847,0,55,918,4282,0.483,"{'nu':0.5,'kernel':'rbf','gamma':'auto'}",0.03879760922858224,0.18338806901434496,0.1426658202568161,0.03879760922858224,0.1368109444143969,0.19721007519380937,-1.7606682797852482,-3.091916252778669,-0.3636769151630123,-2.2626921951286003,2.4656972749710926,0.18338806901434496,0.14355477093684554,0.03983329807749941,0.1426658202568161,0.18782608205063522,0.04516026179381913,0.03879760922858224,0.43972885827895436,0.40093124905037214,0.1368109444143969,0.5208694351255295,0.3840584907111326,0.19721007519380937,0.5561164066524713,0.3589063314586619,501.0,0.45207956600361665,354.0,0.3191681735985534,830.0,0.7495479204339964,905.0,0.8173598553345389,880.0,0.794755877034358,0.3191681735985534,WACC_0p3_WRT_0p7,0.6265822784810127,983,False,,,False,False,False,False,False,55.0,0.5454545454545454
OCDD,PokerHand,1059,0.89,302,0.935483870967742,0.8437379939883676,0,12,1424,2170,0.12,"{'nu':0.5,'kernel':'rbf','gamma':'auto'}",0.08223939053495334,0.11259453268697339,0.11739683065870353,0.08223939053495334,0.0032181029937863844,0.0426476467559046,-1.7606682797852482,-3.091916252778669,-0.3636769151630123,-2.2626921951286003,2.4656972749710926,0.11259453268697339,0.1313669121576478,0.018772379470674422,0.11739683065870353,0.2041934862956783,0.08679665563697476,0.08223939053495334,0.3698133907408567,0.28757400020590335,0.0032181029937863844,0.38703215525154067,0.3838140522577543,0.0426476467559046,0.43881331130648155,0.39616566455057695,430.0,0.38788426763110306,630.0,0.5687160940325497,520.0,0.4692585895117541,356.0,0.3209764918625678,361.0,0.325497287522604,0.3209764918625678,WACC_0p7_WRT_0p3,0.4144665461121157,984,False,,,False,False,False,False,False,12.0,0.1111111111111111
OCDD,PokerHand,692,0.72,502,0.661290322580645,0.6740335447393888,0,77,2277,4426,0.791,"{'nu':0.5,'kernel':'rbf','gamma':'auto'}",0.09069406670625223,0.3154843829087389,0.23359914127085607,0.09069406670625223,0.24534086067211427,0.3405136510504864,-1.7606682797852482,-3.091916252778669,-0.3636769151630123,-2.2626921951286003,2.4656972749710926,0.3154843829087389,0.23141990488633718,0.08406447802240175,0.23359914127085607,0.18787588866756522,0.045723252603290854,0.09069406670625223,0.4388034905273246,0.34810942382107235,0.24534086067211427,0.5542395347744715,0.3088986741023573,0.3405136510504864,0.6113711007140463,0.2708574496635599,901.0,0.8137432188065099,356.0,0.3209764918625678,825.0,0.7450271247739603,1011.0,0.9132007233273056,1066.0,0.9629294755877035,0.3209764918625678,WACC_0p3_WRT_0p7,0.7511754068716094,985,False,,,False,False,False,False,False,77.0,0.7676767676767676
OCDD,PokerHand,49,0.37,191,0.096774193548387,0.996494031060718,0,2,1,3282,0.001,"{'nu':0.5,'kernel':'rbf','gamma':'auto'}",0.8995766682428518,0.22755740752793566,0.5089127559700133,0.8995766682428518,0.8998438574207754,0.8935426720368009,-1.7606682797852482,-3.091916252778669,-0.3636769151630123,-2.2626921951286003,2.4656972749710926,0.22755740752793566,0.12199453943842613,0.10556286808950953,0.5089127559700133,0.3779030694610401,0.1310096865089732,0.8995766682428518,0.7181083534590158,0.18146831478383596,0.8998438574207754,0.7408623526718231,0.15898150474895234,0.8935426720368009,0.7255866660977962,0.16795600593900473,357.0,0.321880650994575,1096.0,0.9900542495479204,1106.0,0.9990958408679927,1106.0,0.9990958408679927,1106.0,0.9990958408679927,0.321880650994575,WACC_0p1_WRT_0p9,0.8618444846292947,986,False,,,False,False,False,False,False,2.0,0.010101010101010102
OCDD,PokerHand,41,0.89,294,0.935483870967742,0.8526968421611579,0,7,1645,2805,0.001,"{'nu':0.5,'kernel':'rbf','gamma':'auto'}",0.07294272425203353,0.10320324311891178,0.10810013853806937,0.07294272425203353,0.000492914760691084,0.0418445795522741,-1.7606682797852482,-3.091916252778669,-0.3636769151630123,-2.2626921951286003,2.4656972749710926,0.10320324311891178,0.12222037925742836,0.019017136138516577,0.10810013853806937,0.19461694316187447,0.08651680462380511,0.07294272425203353,0.38629418606070565,0.3133514618086721,0.000492914760691084,0.42010214447253297,0.4196092297118419,0.0418445795522741,0.4779613289408442,0.4361167493885701,359.0,0.32368896925858953,477.0,0.43037974683544306,592.0,0.5343580470162749,455.0,0.4104882459312839,479.0,0.4321880650994575,0.32368896925858953,WACC_0p1_WRT_0p9,0.4262206148282098,987,False,,,False,False,False,False,False,7.0,0.06060606060606061
OCDD,PokerHand,460,0.75,1128,0.7096774193548386,0.4033348934780761,0,95,5000,4639,0.999,"{'nu':0.5,'kernel':'rbf','gamma':'auto'}",0.38303503449665505,0.594838919233824,0.5250769198227607,0.38303503449665505,0.1362820094481341,0.3148988814495267,-1.7606682797852482,-3.091916252778669,-0.3636769151630123,-2.2626921951286003,2.4656972749710926,0.594838919233824,0.28481785186102676,0.3100210673727973,0.5250769198227607,0.20801419625801262,0.3170627235647481,0.38303503449665505,0.33987903509912165,0.043155999397533396,0.1362820094481341,0.4827936005327565,0.3465115910846224,0.3148988814495267,0.5706536470898581,0.2557547656403314,1046.0,0.9448462929475587,689.0,0.6220614828209765,359.0,0.32368896925858953,732.0,0.6609403254972875,948.0,0.85623869801085,0.32368896925858953,WACC_0p5_WRT_0p5,0.6815551537070524,988,False,,,False,False,False,False,False,95.0,0.9494949494949495
OCDD,PokerHand,856,0.83,281,0.8387096774193548,0.8677864691193724,0,27,230,1036,0.232,"{'nu':0.5,'kernel':'rbf','gamma':'auto'}",0.040623900778624045,0.0962065879344909,0.07129965919410235,0.040623900778624045,0.10393683865233554,0.1402521069411654,-1.7606682797852482,-3.091916252778669,-0.3636769151630123,-2.2626921951286003,2.4656972749710926,0.0962065879344909,0.1223138640023096,0.026107276067818708,0.07129965919410235,0.21917369184652383,0.1478740326524215,0.040623900778624045,0.43071316171668805,0.390089260938064,0.10393683865233554,0.4333176492472892,0.32938081059495367,0.1402521069411654,0.47206983837007677,0.33181773142891136,360.0,0.32459312839059673,794.0,0.716998191681736,795.0,0.7179023508137432,514.0,0.4638336347197107,451.0,0.40687160940325495,0.32459312839059673,WACC_0p1_WRT_0p9,0.5260397830018082,989,False,,,False,False,False,False,False,27.0,0.26262626262626265
OCDD,PokerHand,1032,0.84,491,0.8548387096774193,0.6814368347351376,0,67,3710,3756,0.781,"{'nu':0.5,'kernel':'rbf','gamma':'auto'}",0.19486982332582564,0.29008104922509886,0.2682002940548458,0.19486982332582564,0.046641630532576146,0.1403297135923903,-1.7606682797852482,-3.091916252778669,-0.3636769151630123,-2.2626921951286003,2.4656972749710926,0.29008104922509886,0.23321530223649986,0.056865746988599,0.2682002940548458,0.18806797223424157,0.08013232182060423,0.19486982332582564,0.3448160539479622,0.14994623062213658,0.046641630532576146,0.476041767210474,0.42940013667789784,0.1403297135923903,0.5610365465217856,0.42070683292939526,910.0,0.8218806509945751,360.0,0.32459312839059673,399.0,0.35985533453887886,686.0,0.6193490054249547,906.0,0.8182640144665461,0.32459312839059673,WACC_0p3_WRT_0p7,0.5887884267631103,990,False,,,False,False,False,False,False,67.0,0.6666666666666666
OCDD,PokerHand,224,0.69,1149,0.6129032258064514,0.3971643314131514,0,99,2509,5000,0.999,"{'nu':0.5,'kernel':'rbf','gamma':'auto'}",0.32248938680604794,0.6101286771615738,0.5103383649541864,0.32248938680604794,0.23509368813170634,0.41521216281685047,-1.7606682797852482,-3.091916252778669,-0.3636769151630123,-2.2626921951286003,2.4656972749710926,0.6101286771615738,0.28010937332043473,0.3300193038411391,0.5103383649541864,0.20553035030370792,0.30480801465047846,0.32248938680604794,0.340114026616283,0.017624639810235043,0.23509368813170634,0.5006000559965065,0.26550636786480014,0.41521216281685047,0.6091631917081923,0.19395102889134186,1038.0,0.9376130198915009,652.0,0.5886075949367089,360.0,0.32459312839059673,823.0,0.7432188065099458,1063.0,0.9602169981916817,0.32459312839059673,WACC_0p5_WRT_0p5,0.7108499095840868,991,False,,,False,False,False,False,False,99.0,0.98989898989899
OCDD,PokerHand,718,0.9,1176,0.9516129032258064,0.3893942720905804,0,70,4242,2863,0.172,"{'nu':0.5,'kernel':'rbf','gamma':'auto'}",0.5648735451058059,0.5873990901044704,0.5923977830726336,0.5648735451058059,0.28950865415072313,0.10599274063201695,-1.7606682797852482,-3.091916252778669,-0.3636769151630123,-2.2626921951286003,2.4656972749710926,0.5873990901044704,0.13275062193917664,0.4546484681652938,0.5923977830726336,0.18818810063354005,0.4042096824390935,0.5648735451058059,0.34806886325352127,0.21680468185228463,0.28950865415072313,0.4132313870685597,0.12372273291783659,0.10599274063201695,0.4567731821294355,0.35078044149741855,439.0,0.3960216998191682,362.0,0.32640144665461124,410.0,0.36980108499095843,432.0,0.3896925858951175,404.0,0.364376130198915,0.32640144665461124,WACC_0p3_WRT_0p7,0.36925858951175405,992,False,,,False,False,False,False,False,70.0,0.696969696969697
OCDD,PokerHand,846,0.88,355,0.9193548387096774,0.7897661923505186,0,30,3111,1789,0.61,"{'nu':0.5,'kernel':'rbf','gamma':'auto'}",0.12708820002315355,0.17064176395841452,0.16988030830827633,0.12708820002315355,0.021499910068503342,0.06411234776258601,-1.7606682797852482,-3.091916252778669,-0.3636769151630123,-2.2626921951286003,2.4656972749710926,0.17064176395841452,0.1886736526867183,0.018031888728303774,0.16988030830827633,0.1934467000643396,0.02356639175606326,0.12708820002315355,0.34029075585662166,0.21320255583346812,0.021499910068503342,0.39062087974381343,0.3691209696753101,0.06411234776258601,0.4426012425048527,0.3784888947422667,706.0,0.6374321880650995,453.0,0.40867992766726946,363.0,0.32730560578661844,373.0,0.33634719710669075,370.0,0.3336347197106691,0.32730560578661844,WACC_0p5_WRT_0p5,0.40867992766726946,993,False,,,False,False,False,False,False,30.0,0.29292929292929293
OCDD,PokerHand,955,0.9,537,0.9516129032258064,0.6515109459081164,0,59,1892,1115,0.88,"{'nu':0.5,'kernel':'rbf','gamma':'auto'}",0.29287303826926664,0.3126301089854483,0.3203965202800149,0.29287303826926664,0.13245365626052527,0.04325210218170473,-1.7606682797852482,-3.091916252778669,-0.3636769151630123,-2.2626921951286003,2.4656972749710926,0.3126301089854483,0.2026943945772178,0.1099357144082305,0.3203965202800149,0.22495455972751405,0.09544196055250087,0.29287303826926664,0.3914118784441141,0.09853884017484749,0.13245365626052527,0.3886717368358001,0.25621808057527484,0.04325210218170473,0.43979556677714005,0.3965434645954353,774.0,0.6989150090415913,847.0,0.7649186256781193,621.0,0.5605786618444847,363.0,0.32730560578661844,364.0,0.3282097649186257,0.32730560578661844,WACC_0p7_WRT_0p3,0.5359855334538879,994,False,,,False,False,False,False,False,59.0,0.5858585858585859
OCDD,PokerHand,381,0.81,594,0.8064516129032256,0.617793923906311,0,79,1623,1823,0.999,"{'nu':0.5,'kernel':'rbf','gamma':'auto'}",0.2274381219376796,0.36120665986388006,0.32367231372859856,0.2274381219376796,0.08285295922673298,0.19591471353397116,-1.7606682797852482,-3.091916252778669,-0.3636769151630123,-2.2626921951286003,2.4656972749710926,0.36120665986388006,0.21760670393428902,0.14359995592959104,0.32367231372859856,0.1919514584672295,0.13172085526136906,0.2274381219376796,0.34031113402122243,0.11287301208354283,0.08285295922673298,0.4100232240980234,0.3271702648712904,0.19591471353397116,0.4757648095709131,0.27985009603694194,840.0,0.7585895117540687,430.0,0.38788426763110306,364.0,0.3282097649186257,423.0,0.38155515370705245,469.0,0.4231464737793852,0.3282097649186257,WACC_0p5_WRT_0p5,0.45587703435804705,995,False,,,False,False,False,False,False,79.0,0.7878787878787878
OCDD,PokerHand,848,0.85,439,0.8709677419354838,0.7188372265513009,0,64,1140,1564,0.884,"{'nu':0.5,'kernel':'rbf','gamma':'auto'}",0.1672172944284291,0.24940512564688733,0.2329131447887554,0.1672172944284291,0.03809786980327799,0.12035046646203817,-1.7606682797852482,-3.091916252778669,-0.3636769151630123,-2.2626921951286003,2.4656972749710926,0.24940512564688733,0.20704268186329244,0.04236244378359488,0.2329131447887554,0.19914083696175763,0.03377230782699778,0.1672172944284291,0.3403224041698193,0.1731051097413902,0.03809786980327799,0.39036491087360675,0.35226704107032875,0.12035046646203817,0.4647897917385482,0.34443932527651,794.0,0.716998191681736,553.0,0.49909584086799275,365.0,0.3291139240506329,370.0,0.3336347197106691,424.0,0.38245931283905965,0.3291139240506329,WACC_0p5_WRT_0p5,0.45226039783001803,996,False,,,False,False,False,False,False,64.0,0.6363636363636364
OCDD,PokerHand,678,0.87,540,0.9032258064516128,0.6496491229027871,0,64,1479,1766,0.819,"{'nu':0.5,'kernel':'rbf','gamma':'auto'}",0.2613306225333493,0.31899247390448526,0.3117576474266069,0.2613306225333493,0.09139821546468835,0.09329907262677581,-1.7606682797852482,-3.091916252778669,-0.3636769151630123,-2.2626921951286003,2.4656972749710926,0.31899247390448526,0.19852411722735872,0.12046835667712655,0.3117576474266069,0.18827956576330163,0.12347808166330526,0.2613306225333493,0.37947281672263405,0.11814219418928473,0.09139821546468835,0.4296204379426776,0.3382222224779893,0.09329907262677581,0.48490178429516667,0.3916027116683909,753.0,0.6799276672694394,365.0,0.3291139240506329,564.0,0.5090415913200723,493.0,0.4448462929475588,499.0,0.45027124773960214,0.3291139240506329,WACC_0p3_WRT_0p7,0.48264014466546107,997,False,,,False,False,False,False,False,64.0,0.6363636363636364
OCDD,PokerHand,602,0.83,607,0.8387096774193548,0.6105573651255831,0,79,3884,1891,0.99,"{'nu':0.5,'kernel':'rbf','gamma':'auto'}",0.25726385109696964,0.36585207743789067,0.3382290387498245,0.25726385109696964,0.058593194472326374,0.1633100105078391,-1.7606682797852482,-3.091916252778669,-0.3636769151630123,-2.2626921951286003,2.4656972749710926,0.36585207743789067,0.24772541676981627,0.1181266606680744,0.3382290387498245,0.21613696697018678,0.12209207177963774,0.25726385109696964,0.3435082892395788,0.08624443814260918,0.058593194472326374,0.3890643549366653,0.33047116046433894,0.1633100105078391,0.46242047327578634,0.2991104627679472,961.0,0.8679927667269439,770.0,0.6952983725135624,391.0,0.352622061482821,365.0,0.3291139240506329,413.0,0.37251356238698013,0.3291139240506329,WACC_0p7_WRT_0p3,0.5235081374321882,998,False,,,False,False,False,False,False,79.0,0.7878787878787878
OCDD,PokerHand,1078,0.82,221,0.8225806451612901,0.9478846297917196,1,1,58,532,0.132,"{'nu':0.5,'kernel':'rbf','gamma':'auto'}",0.11277344474538847,0.013712332828449383,0.03038497773223274,0.11277344474538847,0.1380815997362375,0.14969883558725922,-1.7606682797852482,-3.091916252778669,-0.3636769151630123,-2.2626921951286003,2.4656972749710926,0.013712332828449383,0.15265591346271146,0.13894358063426207,0.03038497773223274,0.24796571656644403,0.2175807388342113,0.11277344474538847,0.4543409226745289,0.34156747792914044,0.1380815997362375,0.3955724671536747,0.2574908674174372,0.14969883558725922,0.4401820014546169,0.2904831658673577,554.0,0.5,961.0,0.8679927667269439,879.0,0.7938517179023508,381.0,0.3435804701627486,365.0,0.3291139240506329,0.3291139240506329,WACC_0p9_WRT_0p1,0.5669077757685351,999,False,,,False,False,False,False,False,1.0,0.0
OCDD,PokerHand,668,0.54,244,0.3709677419354839,0.9148780950047856,0,19,2008,4793,0.4,"{'nu':0.5,'kernel':'rbf','gamma':'auto'}",0.5585815680598609,0.08947835856184108,0.27286176564746795,0.5585815680598609,0.5982853511881079,0.6182049163685479,-1.7606682797852482,-3.091916252778669,-0.3636769151630123,-2.2626921951286003,2.4656972749710926,0.08947835856184108,0.12271161269109897,0.033233254129257886,0.27286176564746795,0.19877917555794197,0.07408259008952597,0.5585815680598609,0.4713033997687601,0.0872781682911008,0.5982853511881079,0.5438908719070226,0.05439447928108532,0.6182049163685479,0.5820504421844542,0.03615447418409368,367.0,0.3309222423146474,544.0,0.4909584086799277,934.0,0.8435804701627486,982.0,0.8869801084990958,992.0,0.8960216998191681,0.3309222423146474,WACC_0p1_WRT_0p9,0.6896925858951175,1000,False,,,False,False,False,False,False,19.0,0.18181818181818182
OCDD,PokerHand,933,0.87,295,0.9032258064516128,0.8515637887131053,0,20,3232,2195,0.085,"{'nu':0.5,'kernel':'rbf','gamma':'auto'}",0.05180220666321509,0.10733143689502932,0.10222864922564684,0.05180220666321509,0.03363142192615295,0.07519953093158774,-1.7606682797852482,-3.091916252778669,-0.3636769151630123,-2.2626921951286003,2.4656972749710926,0.10733143689502932,0.1237592701699728,0.016427833274943487,0.10222864922564684,0.19170813445841167,0.08947948523276483,0.05180220666321509,0.3530186094763748,0.3012164028131597,0.03363142192615295,0.3906071226860962,0.3569757007599433,0.07519953093158774,0.44142286874800685,0.36622333781641914,378.0,0.34086799276672697,424.0,0.38245931283905965,436.0,0.3933092224231465,372.0,0.33544303797468356,368.0,0.3318264014466546,0.3318264014466546,WACC_0p9_WRT_0p1,0.35678119349005427,1001,False,,,False,False,False,False,False,20.0,0.1919191919191919
OCDD,PokerHand,579,0.77,307,0.7419354838709676,0.8382580521142308,0,39,2657,4224,0.453,"{'nu':0.5,'kernel':'rbf','gamma':'auto'}",0.12061932086191733,0.13598167870877703,0.08079979905384777,0.12061932086191733,0.19765922525577115,0.24265917613565852,-1.7606682797852482,-3.091916252778669,-0.3636769151630123,-2.2626921951286003,2.4656972749710926,0.13598167870877703,0.1275162471147914,0.008465431593985634,0.08079979905384777,0.1886193545302644,0.10781955547641664,0.12061932086191733,0.45495166812017906,0.3343323472582617,0.19765922525577115,0.5257104536836447,0.3280512284278735,0.24265917613565852,0.5706283947473914,0.32796921861173284,404.0,0.364376130198915,368.0,0.3318264014466546,881.0,0.7956600361663653,921.0,0.8318264014466547,947.0,0.8553345388788427,0.3318264014466546,WACC_0p3_WRT_0p7,0.6358047016274865,1002,False,,,False,False,False,False,False,39.0,0.3838383838383838
OCDD,PokerHand,510,0.89,360,0.935483870967742,0.785096423844539,0,31,1705,2395,0.082,"{'nu':0.5,'kernel':'rbf','gamma':'auto'}",0.1430922030191957,0.1740667169817271,0.17824981226782755,0.1430922030191957,0.03835494316912024,0.04790425127063858,-1.7606682797852482,-3.091916252778669,-0.3636769151630123,-2.2626921951286003,2.4656972749710926,0.1740667169817271,0.12333647017821285,0.05073024680351425,0.17824981226782755,0.20137074321602816,0.023120930948200613,0.1430922030191957,0.3889975784027958,0.2459053753836001,0.03835494316912024,0.40733458213700696,0.3689796389678867,0.04790425127063858,0.4547619307434799,0.40685767947284135,371.0,0.3345388788426763,590.0,0.5325497287522604,603.0,0.5443037974683544,411.0,0.3707052441229656,396.0,0.35714285714285715,0.3345388788426763,WACC_0p1_WRT_0p9,0.42784810126582273,1003,False,,,False,False,False,False,False,31.0,0.30303030303030304
OCDD,PokerHand,1010,0.7,365,0.6290322580645159,0.780490890782793,0,61,2198,4737,0.638,"{'nu':0.5,'kernel':'rbf','gamma':'auto'}",0.1978162534632944,0.20682881510303847,0.11607994904881162,0.1978162534632944,0.30192154475973065,0.3642242464154283,-1.7606682797852482,-3.091916252778669,-0.3636769151630123,-2.2626921951286003,2.4656972749710926,0.20682881510303847,0.18818001983325805,0.018648795269780416,0.11607994904881162,0.18874411083239576,0.07266416178358413,0.1978162534632944,0.48315742851251314,0.28534117504921874,0.30192154475973065,0.5692733436694773,0.2673517989097467,0.3642242464154283,0.6376605759278319,0.2734363295124036,700.0,0.6320072332730561,371.0,0.3345388788426763,970.0,0.8761301989150091,1038.0,0.9376130198915009,1093.0,0.9873417721518988,0.3345388788426763,WACC_0p3_WRT_0p7,0.7535262206148282,1004,False,,,False,False,False,False,False,61.0,0.6060606060606061
OCDD,PokerHand,52,0.87,316,0.9032258064516128,0.8286146566640378,0,29,683,1375,0.465,"{'nu':0.5,'kernel':'rbf','gamma':'auto'}",0.07561669911000361,0.13138831789710437,0.12604320785874712,0.07561669911000361,0.028631183835700926,0.07725668101884628,-1.7606682797852482,-3.091916252778669,-0.3636769151630123,-2.2626921951286003,2.4656972749710926,0.13138831789710437,0.13460754219283996,0.0032192242957355954,0.12604320785874712,0.20169627529685677,0.07565306743810965,0.07561669911000361,0.3584864338495226,0.282869734739519,0.028631183835700926,0.40363110417533865,0.37499992033963775,0.07725668101884628,0.4448936765095072,0.36763699549066087,451.0,0.40687160940325495,597.0,0.538878842676311,468.0,0.42224231464737794,398.0,0.3589511754068716,372.0,0.33544303797468356,0.33544303797468356,WACC_0p9_WRT_0p1,0.41247739602169975,1005,False,,,False,False,False,False,False,29.0,0.2828282828282828
OCDD,PokerHand,588,0.87,475,0.9032258064516128,0.6925061726073702,0,59,1446,1678,0.874,"{'nu':0.5,'kernel':'rbf','gamma':'auto'}",0.2168575294203179,0.27406672496379436,0.26728443071194874,0.2168575294203179,0.0657191399869531,0.08945738557077193,-1.7606682797852482,-3.091916252778669,-0.3636769151630123,-2.2626921951286003,2.4656972749710926,0.27406672496379436,0.20602713206767873,0.06803959289611564,0.26728443071194874,0.19879689822443797,0.06848753248751077,0.2168575294203179,0.3417184154568274,0.1248608860365095,0.0657191399869531,0.4072320833302765,0.3415129433433234,0.08945738557077193,0.4578658965358044,0.36840851096503247,790.0,0.713381555153707,545.0,0.4918625678119349,372.0,0.33544303797468356,409.0,0.3688969258589512,405.0,0.36528028933092227,0.33544303797468356,WACC_0p5_WRT_0p5,0.4549728752260398,1006,False,,,False,False,False,False,False,59.0,0.5858585858585859
OCDD,PokerHand,538,0.87,325,0.9032258064516128,0.8192412520687954,0,33,1917,3419,0.24,"{'nu':0.5,'kernel':'rbf','gamma':'auto'}",0.08534355381007767,0.14121417442404927,0.13577008959213455,0.08534355381007767,0.026588873277108228,0.07809690887756375,-1.7606682797852482,-3.091916252778669,-0.3636769151630123,-2.2626921951286003,2.4656972749710926,0.14121417442404927,0.12342674069073199,0.017787433733317273,0.13577008959213455,0.19881476943028806,0.06304467983815351,0.08534355381007767,0.433671871772917,0.3483283179628393,0.026588873277108228,0.477536445816784,0.45094757253967577,0.07809690887756375,0.5177114058676485,0.43961449699008476,373.0,0.33634719710669075,547.0,0.4936708860759494,811.0,0.7323688969258589,694.0,0.6265822784810127,660.0,0.5958408679927667,0.33634719710669075,WACC_0p1_WRT_0p9,0.5569620253164557,1007,False,,,False,False,False,False,False,33.0,0.32323232323232326
OCDD,PokerHand,8,0.89,295,0.935483870967742,0.8515637887131053,0,8,4951,3111,0.005,"{'nu':0.5,'kernel':'rbf','gamma':'auto'}",0.07411850260926134,0.1043909887778985,0.10927592016307341,0.07411850260926134,0.0002460410664111902,0.04194614596422147,-1.7606682797852482,-3.091916252778669,-0.3636769151630123,-2.2626921951286003,2.4656972749710926,0.1043909887778985,0.13408354082116605,0.029692552043267553,0.10927592016307341,0.1889529446883002,0.07967702452522679,0.07411850260926134,0.3516797837160941,0.27756128110683276,0.0002460410664111902,0.4220507110699984,0.42180467000358723,0.04194614596422147,0.46978962470978974,0.4278434787455683,449.0,0.4050632911392405,375.0,0.33815551537070526,430.0,0.38788426763110306,464.0,0.41862567811934903,446.0,0.4023508137432188,0.33815551537070526,WACC_0p3_WRT_0p7,0.39041591320072333,1008,False,,,False,False,False,False,False,8.0,0.0707070707070707
OCDD,PokerHand,74,0.89,329,0.935483870967742,0.815158067629915,0,21,1823,2433,0.001,"{'nu':0.5,'kernel':'rbf','gamma':'auto'}",0.1118970019399474,0.14255400505321897,0.14705452448946912,0.1118970019399474,0.020342615557429604,0.04520953876456216,-1.7606682797852482,-3.091916252778669,-0.3636769151630123,-2.2626921951286003,2.4656972749710926,0.14255400505321897,0.12361479998895618,0.01893920506426279,0.14705452448946912,0.20679366733619897,0.05973914284672985,0.1118970019399474,0.387130062444853,0.2752330605049056,0.020342615557429604,0.40845040512550557,0.38810778956807596,0.04520953876456216,0.46675935608874836,0.42154981732418617,375.0,0.33815551537070526,667.0,0.6021699819168174,595.0,0.5370705244122965,415.0,0.3743218806509946,432.0,0.3896925858951175,0.33815551537070526,WACC_0p1_WRT_0p9,0.4482820976491862,1009,False,,,False,False,False,False,False,21.0,0.20202020202020202
OCDD,PokerHand,749,0.87,371,0.9032258064516128,0.7750465923828336,0,48,4150,3373,0.347,"{'nu':0.5,'kernel':'rbf','gamma':'auto'}",0.13120469518263297,0.1875420994505465,0.18163135842404288,0.13120469518263297,0.016959584453294575,0.0820584987030505,-1.7606682797852482,-3.091916252778669,-0.3636769151630123,-2.2626921951286003,2.4656972749710926,0.1875420994505465,0.1434190557264147,0.04412304372413181,0.18163135842404288,0.1918408873294107,0.010209528905367832,0.13120469518263297,0.3421223816199064,0.2109176864372734,0.016959584453294575,0.41514341166368524,0.39818382721039064,0.0820584987030505,0.4755483124250199,0.3934898137219694,500.0,0.4511754068716094,426.0,0.38426763110307416,376.0,0.33905967450271246,434.0,0.391500904159132,468.0,0.42224231464737794,0.33905967450271246,WACC_0p5_WRT_0p5,0.3976491862567812,1010,False,,,False,False,False,False,False,48.0,0.47474747474747475
OCDD,PokerHand,701,0.9,425,0.9516129032258064,0.7296636608632504,0,47,1901,2122,0.391,"{'nu':0.5,'kernel':'rbf','gamma':'auto'}",0.2117733593787669,0.23070498172377743,0.23929661599362897,0.2117733593787669,0.08562613360190899,0.03624652724119285,-1.7606682797852482,-3.091916252778669,-0.3636769151630123,-2.2626921951286003,2.4656972749710926,0.23070498172377743,0.14082796356435914,0.08987701815941829,0.23929661599362897,0.20338288147586192,0.035913734517767054,0.2117733593787669,0.34816003148614727,0.13638667210738037,0.08562613360190899,0.3925911043945338,0.30696497079262486,0.03624652724119285,0.455149911029565,0.4189033837883721,489.0,0.4412296564195298,619.0,0.5587703435804702,411.0,0.3707052441229656,377.0,0.3399638336347197,397.0,0.35804701627486435,0.3399638336347197,WACC_0p7_WRT_0p3,0.41374321880651,1011,False,,,False,False,False,False,False,47.0,0.46464646464646464
OCDD,PokerHand,605,0.89,475,0.935483870967742,0.6925061726073702,0,58,1894,2765,0.75,"{'nu':0.5,'kernel':'rbf','gamma':'auto'}",0.2391738253663641,0.2711262768466635,0.27433170164937526,0.2391738253663641,0.09383314492147884,0.056204000603405656,-1.7606682797852482,-3.091916252778669,-0.3636769151630123,-2.2626921951286003,2.4656972749710926,0.2711262768466635,0.21187736034162225,0.05924891650504127,0.27433170164937526,0.18898696334632276,0.0853447383030525,0.2391738253663641,0.38264324151885337,0.14346941615248926,0.09383314492147884,0.478393537554286,0.38456039263280717,0.056204000603405656,0.5582045688836103,0.5020005682802046,814.0,0.7350813743218807,378.0,0.34086799276672697,579.0,0.5226039783001808,704.0,0.635623869801085,892.0,0.8056057866184448,0.34086799276672697,WACC_0p3_WRT_0p7,0.6079566003616637,1012,False,,,False,False,False,False,False,58.0,0.5757575757575758
OCDD,PokerHand,219,0.89,306,0.935483870967742,0.8393468887628397,0,14,4128,3308,0.001,"{'nu':0.5,'kernel':'rbf','gamma':'auto'}",0.08679607450900527,0.11719759548047046,0.12195352729689714,0.08679607450900527,0.005849164237951992,0.04304126349393819,-1.7606682797852482,-3.091916252778669,-0.3636769151630123,-2.2626921951286003,2.4656972749710926,0.11719759548047046,0.12392872095090138,0.006731125470430921,0.12195352729689714,0.19676951610783272,0.07481598881093558,0.08679607450900527,0.37900889725726855,0.29221282274826327,0.005849164237951992,0.4344713614151066,0.4286221971771546,0.04304126349393819,0.4797605284965029,0.43671926500256475,379.0,0.34177215189873417,514.0,0.4638336347197107,562.0,0.5072332730560579,522.0,0.47106690777576854,483.0,0.4358047016274864,0.34177215189873417,WACC_0p1_WRT_0p9,0.44394213381555153,1013,False,,,False,False,False,False,False,14.0,0.13131313131313133
OCDD,PokerHand,142,0.73,239,0.6774193548387095,0.9217817823596586,0,15,102,2035,0.555,"{'nu':0.5,'kernel':'rbf','gamma':'auto'}",0.2453503574629316,0.05430717480557179,0.09478467965935952,0.2453503574629316,0.2826284328483651,0.3016789156853125,-1.7606682797852482,-3.091916252778669,-0.3636769151630123,-2.2626921951286003,2.4656972749710926,0.05430717480557179,0.12398515167260536,0.06967797686703357,0.09478467965935952,0.21496769167161195,0.12018301201225243,0.2453503574629316,0.506874943637716,0.2615245861747844,0.2826284328483651,0.5699704156557108,0.28734198280734574,0.3016789156853125,0.6067510711176833,0.3050721554323708,380.0,0.3426763110307414,760.0,0.6862567811934901,1022.0,0.9231464737793852,1040.0,0.9394213381555153,1057.0,0.9547920433996383,0.3426763110307414,WACC_0p1_WRT_0p9,0.7692585895117541,1014,False,,,False,False,False,False,False,15.0,0.1414141414141414
OCDD,PokerHand,544,0.86,365,0.8870967741935483,0.780490890782793,0,54,3551,3734,0.269,"{'nu':0.5,'kernel':'rbf','gamma':'auto'}",0.11439695650410156,0.1833052301659921,0.1724581165482239,0.11439695650410156,0.034838497881798096,0.09819716667649966,-1.7606682797852482,-3.091916252778669,-0.3636769151630123,-2.2626921951286003,2.4656972749710926,0.1833052301659921,0.12399341016862055,0.05931181999737155,0.1724581165482239,0.18920964219075595,0.016751525642532045,0.11439695650410156,0.40121725915460565,0.28682030265050407,0.034838497881798096,0.46935472915048837,0.43451623126869027,0.09819716667649966,0.5084206469905564,0.41022348031405675,381.0,0.3435804701627486,385.0,0.3471971066907776,667.0,0.6021699819168174,657.0,0.593128390596745,595.0,0.5370705244122965,0.3435804701627486,WACC_0p1_WRT_0p9,0.484629294755877,1015,False,,,False,False,False,False,False,54.0,0.5353535353535354
OCDD,PokerHand,97,0.86,306,0.8870967741935483,0.8393468887628397,0,34,4907,4019,0.224,"{'nu':0.5,'kernel':'rbf','gamma':'auto'}",0.053321630589936,0.12160826765616663,0.11138262089075728,0.053321630589936,0.04766225096850157,0.09292134094498748,-1.7606682797852482,-3.091916252778669,-0.3636769151630123,-2.2626921951286003,2.4656972749710926,0.12160826765616663,0.13972860380284582,0.018120336146679197,0.11138262089075728,0.18906561818306022,0.07768299729230295,0.053321630589936,0.38947742632866383,0.33615579573872784,0.04766225096850157,0.45715175145616127,0.4094895004876597,0.09292134094498748,0.5117672988689909,0.41884595792400336,476.0,0.4294755877034358,381.0,0.3435804701627486,609.0,0.5497287522603979,605.0,0.546112115732369,619.0,0.5587703435804702,0.3435804701627486,WACC_0p3_WRT_0p7,0.48553345388788427,1016,False,,,False,False,False,False,False,34.0,0.3333333333333333
OCDD,PokerHand,337,0.9,323,0.9516129032258064,0.8213016707210846,0,14,4652,2906,0.27,"{'nu':0.5,'kernel':'rbf','gamma':'auto'}",0.11667988530174647,0.1346436276950759,0.14420287762853545,0.11667988530174647,0.030718495582273703,0.02803213640618511,-1.7606682797852482,-3.091916252778669,-0.3636769151630123,-2.2626921951286003,2.4656972749710926,0.1346436276950759,0.14450229707294326,0.009858669377867363,0.14420287762853545,0.19576410674621686,0.051561229117681406,0.11667988530174647,0.3466134856245323,0.22993360032278584,0.030718495582273703,0.39621224780742276,0.36549375222514907,0.02803213640618511,0.46302354792441053,0.4349914115182254,511.0,0.46112115732368897,500.0,0.4511754068716094,405.0,0.36528028933092227,382.0,0.3444846292947559,419.0,0.3779385171790235,0.3444846292947559,WACC_0p7_WRT_0p3,0.4,1017,False,,,False,False,False,False,False,14.0,0.13131313131313133
OCDD,PokerHand,447,0.87,286,0.9032258064516128,0.8619020123061318,0,17,4705,3811,0.001,"{'nu':0.5,'kernel':'rbf','gamma':'auto'}",0.041074151800706955,0.09649418979485462,0.09150056454724464,0.041074151800706955,0.03588395066174671,0.07427281712293382,-1.7606682797852482,-3.091916252778669,-0.3636769151630123,-2.2626921951286003,2.4656972749710926,0.09649418979485462,0.12454450690944267,0.028050317114588053,0.09150056454724464,0.19164169642095066,0.10014113187370602,0.041074151800706955,0.401641649327713,0.36056749752700606,0.03588395066174671,0.47067321941560786,0.43478926875386115,0.07427281712293382,0.5106819243193469,0.43640910719641307,383.0,0.3453887884267631,421.0,0.379746835443038,670.0,0.604882459312839,663.0,0.5985533453887885,612.0,0.5524412296564195,0.3453887884267631,WACC_0p1_WRT_0p9,0.4962025316455697,1018,False,,,False,False,False,False,False,17.0,0.16161616161616163
OCDD,PokerHand,927,0.83,409,0.8387096774193548,0.742481186743202,0,67,839,1507,0.868,"{'nu':0.5,'kernel':'rbf','gamma':'auto'}",0.12036547747887406,0.22756032543574975,0.20133028465759314,0.12036547747887406,0.07663488036770276,0.1514844172535099,-1.7606682797852482,-3.091916252778669,-0.3636769151630123,-2.2626921951286003,2.4656972749710926,0.22756032543574975,0.19865691752337852,0.028903407912371226,0.20133028465759314,0.1921608490156576,0.009169435641935536,0.12036547747887406,0.3429247242719357,0.22255924679306166,0.07663488036770276,0.4161205601885162,0.3394856798208134,0.1514844172535099,0.4740710632951666,0.32258664604165666,755.0,0.6817359855334539,436.0,0.3933092224231465,384.0,0.3462929475587703,440.0,0.3969258589511754,463.0,0.4177215189873418,0.3462929475587703,WACC_0p5_WRT_0p5,0.4471971066907776,1019,False,,,False,False,False,False,False,67.0,0.6666666666666666
OCDD,PokerHand,788,0.91,541,0.967741935483871,0.6490308088316439,0,54,1836,1087,0.804,"{'nu':0.5,'kernel':'rbf','gamma':'auto'}",0.30660484373610575,0.3137597376093271,0.3264938203953692,0.30660484373610575,0.14799670659204553,0.04043856672071808,-1.7606682797852482,-3.091916252778669,-0.3636769151630123,-2.2626921951286003,2.4656972749710926,0.3137597376093271,0.1955673228628023,0.11819241474652484,0.3264938203953692,0.2323653834677621,0.09412843692760714,0.30660484373610575,0.3847357836431391,0.07813093990703335,0.14799670659204553,0.3968439273278911,0.24884722073584556,0.04043856672071808,0.455397945741312,0.4149593790205939,739.0,0.6672694394213382,884.0,0.798372513562387,586.0,0.5289330922242315,384.0,0.3462929475587703,398.0,0.3589511754068716,0.3462929475587703,WACC_0p7_WRT_0p3,0.5399638336347197,1020,False,,,False,False,False,False,False,54.0,0.5353535353535354
OCDD,PokerHand,766,0.83,401,0.8387096774193548,0.7490787790217174,0,65,2725,1694,0.787,"{'nu':0.5,'kernel':'rbf','gamma':'auto'}",0.11351910476430864,0.22064426900254341,0.1944838929152798,0.11351910476430864,0.07807238711722904,0.15089301198805471,-1.7606682797852482,-3.091916252778669,-0.3636769151630123,-2.2626921951286003,2.4656972749710926,0.22064426900254341,0.19165217485646605,0.02899209414607737,0.1944838929152798,0.18924797354330666,0.0052359193719731245,0.11351910476430864,0.34547782972200897,0.2319587249577003,0.07807238711722904,0.4151699068568959,0.3370975197396669,0.15089301198805471,0.47645116714395425,0.32555815515589953,723.0,0.6528028933092225,386.0,0.34810126582278483,400.0,0.36075949367088606,435.0,0.3924050632911392,475.0,0.42857142857142855,0.34810126582278483,WACC_0p3_WRT_0p7,0.4365280289330922,1021,False,,,False,False,False,False,False,65.0,0.6464646464646465
OCDD,PokerHand,640,0.87,313,0.9032258064516128,0.8317983602817474,0,28,224,523,0.674,"{'nu':0.5,'kernel':'rbf','gamma':'auto'}",0.07231294515562088,0.1280509376897241,0.12273944472242239,0.07231294515562088,0.029324860444643896,0.07697129522904937,-1.7606682797852482,-3.091916252778669,-0.3636769151630123,-2.2626921951286003,2.4656972749710926,0.1280509376897241,0.16709455762355227,0.03904361993382818,0.12273944472242239,0.22371149412937635,0.10097204940695396,0.07231294515562088,0.4114032232082256,0.3390902780526047,0.029324860444643896,0.40845618938435807,0.3791313289397142,0.07697129522904937,0.452429612293012,0.3754583170639626,610.0,0.5506329113924051,841.0,0.759493670886076,700.0,0.6320072332730561,416.0,0.3752260397830018,388.0,0.3499095840867993,0.3499095840867993,WACC_0p9_WRT_0p1,0.5334538878842676,1022,False,,,False,False,False,False,False,28.0,0.2727272727272727
OCDD,PokerHand,1083,0.9,329,0.9516129032258064,0.815158067629915,0,16,3938,2808,0.094,"{'nu':0.5,'kernel':'rbf','gamma':'auto'}",0.12305514991297035,0.1410837809946536,0.15057815995818236,0.12305514991297035,0.0343996180246923,0.02858284628087925,-1.7606682797852482,-3.091916252778669,-0.3636769151630123,-2.2626921951286003,2.4656972749710926,0.1410837809946536,0.1285807686976787,0.012503012296974897,0.15057815995818236,0.1903519219995456,0.039773762041363236,0.12305514991297035,0.3560141460226382,0.23295899610966786,0.0343996180246923,0.39976674636283704,0.3653671283381448,0.02858284628087925,0.4558991792423734,0.4273163329614941,414.0,0.37341772151898733,399.0,0.35985533453887886,455.0,0.4104882459312839,391.0,0.352622061482821,401.0,0.3616636528028933,0.352622061482821,WACC_0p7_WRT_0p3,0.37160940325497294,1023,False,,,False,False,False,False,False,16.0,0.15151515151515152
OCDD,PokerHand,226,0.81,681,0.8064516129032256,0.5721020365744756,0,84,1800,2230,0.999,"{'nu':0.5,'kernel':'rbf','gamma':'auto'}",0.2748529480590763,0.4091040833460396,0.37108727162741895,0.2748529480590763,0.07289744914588143,0.2000105141860709,-1.7606682797852482,-3.091916252778669,-0.3636769151630123,-2.2626921951286003,2.4656972749710926,0.4091040833460396,0.22669215252566013,0.18241193082037946,0.37108727162741895,0.1980567566480122,0.17303051497940675,0.2748529480590763,0.3436962315774816,0.0688432835184053,0.07289744914588143,0.42972342423266685,0.35682597508678543,0.2000105141860709,0.507852443649317,0.3078419294632461,876.0,0.7911392405063291,528.0,0.47649186256781195,392.0,0.3535262206148282,496.0,0.4475587703435805,593.0,0.5352622061482821,0.3535262206148282,WACC_0p5_WRT_0p5,0.5207956600361664,1024,False,,,False,False,False,False,False,84.0,0.8383838383838383
OCDD,PokerHand,835,0.89,327,0.935483870967742,0.8171934354442612,0,20,1986,3322,0.45,"{'nu':0.5,'kernel':'rbf','gamma':'auto'}",0.10978488496151244,0.14042039053566394,0.14494240164094338,0.10978488496151244,0.019123064419639645,0.04502708929031046,-1.7606682797852482,-3.091916252778669,-0.3636769151630123,-2.2626921951286003,2.4656972749710926,0.14042039053566394,0.12720191254654567,0.013218477989118266,0.14494240164094338,0.1897566665542849,0.044814264913341506,0.10978488496151244,0.4145474573508777,0.30476257238936527,0.019123064419639645,0.45883633162314574,0.4397132672035061,0.04502708929031046,0.5218532265278668,0.47682613723755635,400.0,0.36075949367088606,393.0,0.35443037974683544,715.0,0.6455696202531646,611.0,0.5515370705244123,681.0,0.6148282097649186,0.35443037974683544,WACC_0p3_WRT_0p7,0.5054249547920434,1025,False,,,False,False,False,False,False,20.0,0.1919191919191919
OCDD,PokerHand,555,0.89,501,0.935483870967742,0.6746998473958413,0,61,4077,3262,0.309,"{'nu':0.5,'kernel':'rbf','gamma':'auto'}",0.2576515872419922,0.28979210899151825,0.2928095148792328,0.2576515872419922,0.10450233405698417,0.05780015175127179,-1.7606682797852482,-3.091916252778669,-0.3636769151630123,-2.2626921951286003,2.4656972749710926,0.28979210899151825,0.14410410893345107,0.14568800005806717,0.2928095148792328,0.19460224586871183,0.09820726901052096,0.2576515872419922,0.3439703864541093,0.0863187992121171,0.10450233405698417,0.4201619471628849,0.31565961310590074,0.05780015175127179,0.47358433128081334,0.41578417952954155,505.0,0.45569620253164556,476.0,0.4294755877034358,394.0,0.3553345388788427,456.0,0.41139240506329117,461.0,0.4159132007233273,0.3553345388788427,WACC_0p5_WRT_0p5,0.4135623869801085,1026,False,,,False,False,False,False,False,61.0,0.6060606060606061
OCDD,PokerHand,53,0.31,191,0.0,0.996494031060718,0,3,1,4353,0.001,"{'nu':0.5,'kernel':'rbf','gamma':'auto'}",1.0,0.25843211275786376,0.5670527412036911,1.0,1.0,0.9933028269388989,-1.7606682797852482,-3.091916252778669,-0.3636769151630123,-2.2626921951286003,2.4656972749710926,0.25843211275786376,0.1257888777790386,0.13264323497882516,0.5670527412036911,0.39587832195438355,0.17117441924930754,1.0,0.7461274180520998,0.2538725819479002,1.0,0.7660694165265631,0.23393058347343687,0.9933028269388989,0.7430645150661103,0.25023831187278867,396.0,0.35714285714285715,1100.0,0.9936708860759493,1107.0,1.0,1107.0,1.0,1107.0,1.0,0.35714285714285715,WACC_0p1_WRT_0p9,0.8701627486437612,1027,False,,,False,False,False,False,False,3.0,0.020202020202020204
OCDD,PokerHand,938,0.81,1006,0.8064516129032256,0.4416234482055885,0,93,1873,2535,0.979,"{'nu':0.5,'kernel':'rbf','gamma':'auto'}",0.41025159191779853,0.5458808410464072,0.5064862917921605,0.41025159191779853,0.13170096829393566,0.21170655736864227,-1.7606682797852482,-3.091916252778669,-0.3636769151630123,-2.2626921951286003,2.4656972749710926,0.5458808410464072,0.23198940390793946,0.3138914371384678,0.5064862917921605,0.1903633679043355,0.31612292388782504,0.41025159191779853,0.34756679631442516,0.06268479560337337,0.13170096829393566,0.43091585691567325,0.2992148886217376,0.21170655736864227,0.509102241433242,0.2973956840645997,906.0,0.8182640144665461,400.0,0.36075949367088606,408.0,0.3679927667269439,501.0,0.45207956600361665,598.0,0.5397830018083183,0.36075949367088606,WACC_0p3_WRT_0p7,0.5077757685352622,1028,False,,,False,False,False,False,False,93.0,0.9292929292929293
OCDD,PokerHand,386,0.89,399,0.935483870967742,0.7507486925799852,0,46,4250,3003,0.209,"{'nu':0.5,'kernel':'rbf','gamma':'auto'}",0.17873511034201423,0.21007240477662556,0.213892818651022,0.17873511034201423,0.0589354075200557,0.050983166770228495,-1.7606682797852482,-3.091916252778669,-0.3636769151630123,-2.2626921951286003,2.4656972749710926,0.21007240477662556,0.1319207395977885,0.07815166517883707,0.213892818651022,0.1920641096115691,0.021828709039452887,0.17873511034201423,0.34707138391897135,0.16833627357695713,0.0589354075200557,0.4168745831999508,0.3579391756798951,0.050983166770228495,0.46654284685214087,0.41555968008191235,434.0,0.391500904159132,432.0,0.3896925858951175,406.0,0.36618444846292947,444.0,0.40054249547920434,430.0,0.38788426763110306,0.36618444846292947,WACC_0p5_WRT_0p5,0.3871609403254973,1029,False,,,False,False,False,False,False,46.0,0.45454545454545453
OCDD,PokerHand,195,0.83,630,0.8387096774193548,0.5981252825540788,0,80,4681,1954,0.999,"{'nu':0.5,'kernel':'rbf','gamma':'auto'}",0.27016471967291084,0.3788842535738418,0.3511299431804416,0.27016471967291084,0.06604224635293111,0.16442441691293078,-1.7606682797852482,-3.091916252778669,-0.3636769151630123,-2.2626921951286003,2.4656972749710926,0.3788842535738418,0.2598406241883451,0.11904362938549673,0.3511299431804416,0.24706156150251288,0.10406838167792873,0.27016471967291084,0.37024055169233894,0.1000758320194281,0.06604224635293111,0.4067732800098688,0.3407310336569377,0.16442441691293078,0.4874974641701737,0.32307304725724295,991.0,0.895117540687161,956.0,0.8634719710669078,521.0,0.4701627486437613,407.0,0.3670886075949367,508.0,0.45840867992766726,0.3670886075949367,WACC_0p7_WRT_0p3,0.6108499095840869,1030,False,,,False,False,False,False,False,80.0,0.797979797979798
OCDD,PokerHand,23,0.8,303,0.7903225806451613,0.8426348069133212,0,38,2204,1168,0.698,"{'nu':0.5,'kernel':'rbf','gamma':'auto'}",0.07343551660011627,0.1269829868575718,0.08682890041207612,0.07343551660011627,0.14853477678780574,0.19238676831247994,-1.7606682797852482,-3.091916252778669,-0.3636769151630123,-2.2626921951286003,2.4656972749710926,0.1269829868575718,0.16804680693785048,0.041063820080278673,0.08682890041207612,0.19186193824466075,0.10503303783258462,0.07343551660011627,0.3853034918651471,0.31186797526503085,0.14853477678780574,0.42248668380591026,0.2739519070181045,0.19238676831247994,0.45992154909355254,0.2675347807810726,616.0,0.5560578661844484,427.0,0.38517179023508136,590.0,0.5325497287522604,470.0,0.4240506329113924,408.0,0.3679927667269439,0.3679927667269439,WACC_0p9_WRT_0p1,0.45316455696202523,1031,False,,,False,False,False,False,False,38.0,0.37373737373737376
OCDD,PokerHand,607,0.84,334,0.8548387096774193,0.8101231310297821,0,45,4970,4132,0.503,"{'nu':0.5,'kernel':'rbf','gamma':'auto'}",0.06133105486340279,0.15518309709606312,0.13466115445545335,0.06133105486340279,0.0746802560926142,0.12879433068180815,-1.7606682797852482,-3.091916252778669,-0.3636769151630123,-2.2626921951286003,2.4656972749710926,0.15518309709606312,0.16774502372659802,0.012561926630534903,0.13466115445545335,0.19079954376808825,0.0561383893126349,0.06133105486340279,0.37727081081376795,0.31593975595036516,0.0746802560926142,0.46435669755823994,0.38967644146562574,0.12879433068180815,0.5314141725574815,0.40261984187567335,613.0,0.5533453887884268,408.0,0.3679927667269439,554.0,0.5,632.0,0.5705244122965641,738.0,0.666365280289331,0.3679927667269439,WACC_0p3_WRT_0p7,0.5316455696202531,1032,False,,,False,False,False,False,False,45.0,0.4444444444444444
OCDD,PokerHand,506,0.87,327,0.9032258064516128,0.8171934354442612,0,34,4426,3607,0.021,"{'nu':0.5,'kernel':'rbf','gamma':'auto'}",0.08746858901546618,0.1433608386527948,0.13789513070351678,0.08746858901546618,0.026142687745282278,0.07828047425767673,-1.7606682797852482,-3.091916252778669,-0.3636769151630123,-2.2626921951286003,2.4656972749710926,0.1433608386527948,0.127943924248511,0.015416914404283805,0.13789513070351678,0.19459211542415983,0.05669698472064305,0.08746858901546618,0.39075673531306054,0.3032881462975944,0.026142687745282278,0.445082381158036,0.4189396934127537,0.07828047425767673,0.49761967157925474,0.419339197321578,409.0,0.3688969258589512,475.0,0.42857142857142855,614.0,0.554249547920434,559.0,0.5045207956600362,550.0,0.49638336347197104,0.3688969258589512,WACC_0p1_WRT_0p9,0.4705244122965643,1033,False,,,False,False,False,False,False,34.0,0.3333333333333333
OCDD,PokerHand,1066,0.86,415,0.8870967741935483,0.7376169320693946,0,60,1819,4398,0.69,"{'nu':0.5,'kernel':'rbf','gamma':'auto'}",0.1588875962268197,0.2282487043091901,0.21694887992133505,0.1588875962268197,0.025496968058847262,0.10204036944860495,-1.7606682797852482,-3.091916252778669,-0.3636769151630123,-2.2626921951286003,2.4656972749710926,0.2282487043091901,0.21054971324715044,0.01769899106203965,0.21694887992133505,0.1908875983439664,0.026061281577368645,0.1588875962268197,0.42459558106799167,0.265707984841172,0.025496968058847262,0.522149492448117,0.49665252438926977,0.10204036944860495,0.5957332833356996,0.4936929138870947,808.0,0.7296564195298373,409.0,0.3688969258589512,772.0,0.6971066907775768,910.0,0.8218806509945751,1028.0,0.9285714285714286,0.3688969258589512,WACC_0p3_WRT_0p7,0.7092224231464739,1034,False,,,False,False,False,False,False,60.0,0.5959595959595959
OCDD,PokerHand,430,0.88,324,0.9193548387096774,0.8202698764550143,0,21,4693,3298,0.267,"{'nu':0.5,'kernel':'rbf','gamma':'auto'}",0.09543429027386303,0.13866567453343093,0.13822631058501184,0.09543429027386303,0.01012030316802954,0.06137801095703262,-1.7606682797852482,-3.091916252778669,-0.3636769151630123,-2.2626921951286003,2.4656972749710926,0.13866567453343093,0.15145066277208574,0.012784988238654815,0.13822631058501184,0.2059866765322089,0.06776036594719706,0.09543429027386303,0.356718577044961,0.261284286771098,0.01012030316802954,0.40732393520637594,0.3972036320383464,0.06137801095703262,0.4712240636275578,0.4098460526705252,546.0,0.49276672694394213,657.0,0.593128390596745,461.0,0.4159132007233273,410.0,0.36980108499095843,448.0,0.40415913200723325,0.36980108499095843,WACC_0p7_WRT_0p3,0.4551537070524412,1035,False,,,False,False,False,False,False,21.0,0.20202020202020202
OCDD,PokerHand,435,0.82,276,0.8225806451612901,0.8737761990620119,0,24,3359,5000,0.309,"{'nu':0.5,'kernel':'rbf','gamma':'auto'}",0.06150484890529079,0.09139795926099846,0.0615604172000338,0.06150484890529079,0.12193459263522753,0.156341882671404,-1.7606682797852482,-3.091916252778669,-0.3636769151630123,-2.2626921951286003,2.4656972749710926,0.09139795926099846,0.12798063532343373,0.036582676062435274,0.0615604172000338,0.19126091897153974,0.12970050177150594,0.06150484890529079,0.4267705534509916,0.3652657045457008,0.12193459263522753,0.49807025435770175,0.3761356617224742,0.156341882671404,0.5384546651117256,0.38211278244032154,410.0,0.36980108499095843,416.0,0.3752260397830018,780.0,0.7043399638336347,810.0,0.7314647377938517,775.0,0.6998191681735986,0.36980108499095843,WACC_0p1_WRT_0p9,0.5761301989150089,1036,False,,,False,False,False,False,False,24.0,0.23232323232323232
OCDD,PokerHand,215,0.87,273,0.9032258064516128,0.8774221549555011,0,13,4025,3724,0.001,"{'nu':0.5,'kernel':'rbf','gamma':'auto'}",0.0249687793140162,0.08022489368148474,0.07539514729977614,0.0249687793140162,0.03926553425622423,0.07288159837282374,-1.7606682797852482,-3.091916252778669,-0.3636769151630123,-2.2626921951286003,2.4656972749710926,0.08022489368148474,0.12817409550990613,0.0479492018284214,0.07539514729977614,0.1929614483097923,0.11756630101001617,0.0249687793140162,0.41489137000710496,0.38992259069308877,0.03926553425622423,0.4717651526585439,0.43249961840231965,0.07288159837282374,0.5078803467332313,0.43499874836040764,412.0,0.3716094032549729,447.0,0.40325497287522605,718.0,0.6482820976491862,665.0,0.6003616636528029,594.0,0.5361663652802894,0.3716094032549729,WACC_0p1_WRT_0p9,0.5119349005424955,1037,False,,,False,False,False,False,False,13.0,0.12121212121212122
OCDD,PokerHand,77,0.86,265,0.8870967741935483,0.8873433837751918,0,15,4972,4136,0.001,"{'nu':0.5,'kernel':'rbf','gamma':'auto'}",0.0039418096528257805,0.07129499364823925,0.061576147068083606,0.0039418096528257805,0.05811989712504561,0.08861895627563891,-1.7606682797852482,-3.091916252778669,-0.3636769151630123,-2.2626921951286003,2.4656972749710926,0.07129499364823925,0.12859075238501608,0.05729575873677682,0.061576147068083606,0.1918671856507904,0.1302910385827068,0.0039418096528257805,0.41543032254640094,0.4114885128935752,0.05811989712504561,0.47974237127572006,0.42162247415067444,0.08861895627563891,0.5161809519512575,0.42756199567561853,415.0,0.3743218806509946,428.0,0.3860759493670886,720.0,0.6500904159132007,711.0,0.6419529837251357,652.0,0.5886075949367089,0.3743218806509946,WACC_0p1_WRT_0p9,0.5282097649186256,1038,False,,,False,False,False,False,False,15.0,0.1414141414141414
OCDD,PokerHand,211,0.88,285,0.9193548387096774,0.8630706591273891,0,9,4562,3429,0.001,"{'nu':0.5,'kernel':'rbf','gamma':'auto'}",0.05101958589687014,0.0937989086207378,0.09381148276866894,0.05101958589687014,0.019445889136247573,0.05754136765300897,-1.7606682797852482,-3.091916252778669,-0.3636769151630123,-2.2626921951286003,2.4656972749710926,0.0937989086207378,0.12900856491598747,0.03520965629524968,0.09381148276866894,0.19517490519161643,0.10136342242294749,0.05101958589687014,0.379941627671878,0.32892204177500783,0.019445889136247573,0.43253361449418737,0.4130877253579398,0.05754136765300897,0.4844533777764637,0.4269120101234547,417.0,0.37613019891500904,489.0,0.4412296564195298,569.0,0.5135623869801085,513.0,0.4629294755877034,496.0,0.4475587703435805,0.37613019891500904,WACC_0p1_WRT_0p9,0.44828209764918625,1039,False,,,False,False,False,False,False,9.0,0.08080808080808081
OCDD,PokerHand,845,0.84,379,0.8548387096774193,0.767922558212262,0,59,4294,4736,0.383,"{'nu':0.5,'kernel':'rbf','gamma':'auto'}",0.10512291681548974,0.19942068117200354,0.17845313811585864,0.10512291681548974,0.06548544597126012,0.1325771714388489,-1.7606682797852482,-3.091916252778669,-0.3636769151630123,-2.2626921951286003,2.4656972749710926,0.19942068117200354,0.15624108638294074,0.0431795947890628,0.17845313811585864,0.1914009250406894,0.012947786924830756,0.10512291681548974,0.40313948923599185,0.2980165724205021,0.06548544597126012,0.48352516913994964,0.41803972316868954,0.1325771714388489,0.5432994575155309,0.410722286076682,572.0,0.5162748643761302,417.0,0.37613019891500904,676.0,0.6103074141048824,738.0,0.666365280289331,807.0,0.72875226039783,0.37613019891500904,WACC_0p3_WRT_0p7,0.5795660036166365,1040,False,,,False,False,False,False,False,59.0,0.5858585858585859
OCDD,PokerHand,796,0.75,208,0.7096774193548386,0.9680885339713156,0,5,2112,1612,0.092,"{'nu':0.5,'kernel':'rbf','gamma':'auto'}",0.24391116391512144,0.0035356201007694186,0.11587037646151832,0.24391116391512144,0.2593325308743015,0.2642746139026653,-1.7606682797852482,-3.091916252778669,-0.3636769151630123,-2.2626921951286003,2.4656972749710926,0.0035356201007694186,0.1308616882825757,0.12732606818180628,0.11587037646151832,0.23723553710244236,0.12136516064092404,0.24391116391512144,0.4207460559479583,0.17683489203283684,0.2593325308743015,0.4360719899799733,0.1767394591056718,0.2642746139026653,0.462900990127816,0.19862637622515067,426.0,0.38426763110307416,914.0,0.825497287522604,752.0,0.6790235081374322,526.0,0.47468354430379744,418.0,0.3770343580470163,0.3770343580470163,WACC_0p9_WRT_0p1,0.5481012658227847,1041,False,,,False,False,False,False,False,5.0,0.04040404040404041
OCDD,PokerHand,193,0.69,871,0.6129032258064514,0.4898174952786956,0,93,2663,3366,0.999,"{'nu':0.5,'kernel':'rbf','gamma':'auto'}",0.22634247953611872,0.5130031678911822,0.414191190468435,0.22634247953611872,0.25528128730412075,0.40690677402379033,-1.7606682797852482,-3.091916252778669,-0.3636769151630123,-2.2626921951286003,2.4656972749710926,0.5130031678911822,0.2496242447714443,0.2633789231197379,0.414191190468435,0.1957371750583752,0.2184540154100598,0.22634247953611872,0.3488440096909519,0.1225015301548332,0.25528128730412075,0.4720268986940677,0.21674561138994697,0.40690677402379033,0.5588311300870412,0.1519243560632509,970.0,0.8761301989150091,497.0,0.4484629294755877,418.0,0.3770343580470163,666.0,0.6012658227848101,897.0,0.810126582278481,0.3770343580470163,WACC_0p5_WRT_0p5,0.6226039783001809,1042,False,,,False,False,False,False,False,93.0,0.9292929292929293
OCDD,PokerHand,669,0.87,352,0.9032258064516128,0.7925996392270636,0,43,3122,1973,0.589,"{'nu':0.5,'kernel':'rbf','gamma':'auto'}",0.11298976223456862,0.16914177135741287,0.1634163748522152,0.11298976223456862,0.020784104406656956,0.0804850513164541,-1.7606682797852482,-3.091916252778669,-0.3636769151630123,-2.2626921951286003,2.4656972749710926,0.16914177135741287,0.1830522867767216,0.013910515419308739,0.1634163748522152,0.19516910220367648,0.031752727351461285,0.11298976223456862,0.34895526041388064,0.235965498179312,0.020784104406656956,0.4186031514928633,0.39781904708620636,0.0804850513164541,0.4660721491365833,0.3855870978201292,675.0,0.6094032549728752,488.0,0.4403254972875226,419.0,0.3779385171790235,451.0,0.40687160940325495,429.0,0.38698010849909587,0.3779385171790235,WACC_0p5_WRT_0p5,0.4443037974683544,1043,False,,,False,False,False,False,False,43.0,0.42424242424242425
OCDD,PokerHand,203,0.87,293,0.9032258064516128,0.8538337429967211,0,19,4247,3573,0.001,"{'nu':0.5,'kernel':'rbf','gamma':'auto'}",0.04944665748487832,0.10495191247709763,0.09987309350066155,0.04944665748487832,0.03412600759711653,0.07499605322957144,-1.7606682797852482,-3.091916252778669,-0.3636769151630123,-2.2626921951286003,2.4656972749710926,0.10495191247709763,0.12942346922167167,0.024471556744574033,0.09987309350066155,0.20002146195532777,0.10014836845466622,0.04944665748487832,0.3890216938947492,0.3395750364098709,0.03412600759711653,0.4467722183589124,0.41264621076179586,0.07499605322957144,0.4898932887289543,0.4148972354993829,419.0,0.3779385171790235,570.0,0.5144665461121157,604.0,0.5452079566003617,565.0,0.5099457504520796,519.0,0.46835443037974683,0.3779385171790235,WACC_0p1_WRT_0p9,0.4831826401446654,1044,False,,,False,False,False,False,False,19.0,0.18181818181818182
OCDD,PokerHand,281,0.87,325,0.9032258064516128,0.8192412520687954,0,33,5000,3474,0.284,"{'nu':0.5,'kernel':'rbf','gamma':'auto'}",0.08534355381007767,0.14121417442404927,0.13577008959213455,0.08534355381007767,0.026588873277108228,0.07809690887756375,-1.7606682797852482,-3.091916252778669,-0.3636769151630123,-2.2626921951286003,2.4656972749710926,0.14121417442404927,0.16552915403286236,0.024314979608813098,0.13577008959213455,0.21288776655417838,0.07711767696204383,0.08534355381007767,0.3530382477443176,0.2676946939342399,0.026588873277108228,0.4098840016884314,0.3832951284113232,0.07809690887756375,0.48187938098890915,0.4037824721113454,604.0,0.5452079566003617,743.0,0.6708860759493671,437.0,0.39421338155515373,421.0,0.379746835443038,491.0,0.4430379746835443,0.379746835443038,WACC_0p7_WRT_0p3,0.48661844484629296,1045,False,,,False,False,False,False,False,33.0,0.32323232323232326
OCDD,PokerHand,182,0.74,1071,0.693548387096774,0.4206804961553652,0,97,3117,3857,0.999,"{'nu':0.5,'kernel':'rbf','gamma':'auto'}",0.35387721999767807,0.5781262726450537,0.5035535678026084,0.35387721999767807,0.15675402116228648,0.3299707217503541,-1.7606682797852482,-3.091916252778669,-0.3636769151630123,-2.2626921951286003,2.4656972749710926,0.5781262726450537,0.2636159389625039,0.31451033368254977,0.5035535678026084,0.21023277504213547,0.29332079276047296,0.35387721999767807,0.3509642152248044,0.0029130047728736508,0.15675402116228648,0.49722207978857125,0.34046805862628476,0.3299707217503541,0.5769722718282102,0.24700155007785612,1001.0,0.9041591320072333,717.0,0.6473779385171791,424.0,0.38245931283905965,805.0,0.7269439421338155,973.0,0.8788426763110307,0.38245931283905965,WACC_0p5_WRT_0p5,0.7079566003616636,1046,False,,,False,False,False,False,False,97.0,0.9696969696969697
OCDD,PokerHand,51,0.46,201,0.2419354838709677,0.9794945946974912,0,8,1,1084,0.001,"{'nu':0.5,'kernel':'rbf','gamma':'auto'}",0.7371813725703992,0.16420013710253226,0.40684762352394704,0.7371813725703992,0.7459057462089855,0.7454262616706107,-1.7606682797852482,-3.091916252778669,-0.3636769151630123,-2.2626921951286003,2.4656972749710926,0.16420013710253226,0.12993975407350958,0.03426038302902268,0.40684762352394704,0.3387611375946437,0.06808648592930333,0.7371813725703992,0.6398069642670582,0.09737440830334099,0.7459057462089855,0.6557771661065831,0.09012858010240243,0.7454262616706107,0.6475113111201801,0.09791495055043054,424.0,0.38245931283905965,1083.0,0.9783001808318263,1105.0,0.9981916817359855,1103.0,0.9963833634719711,1098.0,0.9918625678119349,0.38245931283905965,WACC_0p1_WRT_0p9,0.8694394213381555,1047,False,,,False,False,False,False,False,8.0,0.0707070707070707
OCDD,PokerHand,717,0.8,258,0.7903225806451613,0.8962723655749759,0,17,2238,1346,0.593,"{'nu':0.5,'kernel':'rbf','gamma':'auto'}",0.11054225722054004,0.07075635644704709,0.031168634788382003,0.11054225722054004,0.16022151785171265,0.187578721182626,-1.7606682797852482,-3.091916252778669,-0.3636769151630123,-2.2626921951286003,2.4656972749710926,0.07075635644704709,0.15225671144590427,0.08150035499885719,0.031168634788382003,0.19912144149954056,0.16795280671115856,0.11054225722054004,0.39746875539526066,0.2869264981747206,0.16022151785171265,0.4469770503645581,0.28675553251284547,0.187578721182626,0.4649227773977802,0.27734405621515423,549.0,0.49547920433996384,551.0,0.4972875226039783,650.0,0.5867992766726944,567.0,0.5117540687160941,425.0,0.3833634719710669,0.3833634719710669,WACC_0p9_WRT_0p1,0.49493670886075947,1048,False,,,False,False,False,False,False,17.0,0.16161616161616163
OCDD,PokerHand,133,0.87,305,0.9032258064516128,0.8404392779027283,0,24,893,1935,0.489,"{'nu':0.5,'kernel':'rbf','gamma':'auto'}",0.06334619787392864,0.11899292510292048,0.11377267251994154,0.06334619787392864,0.031207574149567745,0.07619672718002735,-1.7606682797852482,-3.091916252778669,-0.3636769151630123,-2.2626921951286003,2.4656972749710926,0.11899292510292048,0.13109372848219666,0.012100803379276187,0.11377267251994154,0.19352516701976027,0.07975249449981874,0.06334619787392864,0.37783201796690025,0.3144858200929716,0.031207574149567745,0.4155012528780018,0.38429367872843406,0.07619672718002735,0.4693350272863959,0.3931383001063686,428.0,0.3860759493670886,455.0,0.4104882459312839,556.0,0.5018083182640145,436.0,0.3933092224231465,443.0,0.3996383363471971,0.3860759493670886,WACC_0p1_WRT_0p9,0.4182640144665461,1049,False,,,False,False,False,False,False,24.0,0.23232323232323232
OCDD,PokerHand,868,0.87,339,0.9032258064516128,0.8051627888321784,0,39,1501,2481,0.468,"{'nu':0.5,'kernel':'rbf','gamma':'auto'}",0.09995288438057423,0.15597220161441283,0.1503794607655417,0.09995288438057423,0.023521407894092974,0.07935889612020763,-1.7606682797852482,-3.091916252778669,-0.3636769151630123,-2.2626921951286003,2.4656972749710926,0.15597220161441283,0.13363182969612272,0.02234037191829011,0.1503794607655417,0.1984325173616813,0.04805305659613959,0.09995288438057423,0.3557032628508757,0.25575037847030146,0.023521407894092974,0.411848574536972,0.38832716664287903,0.07935889612020763,0.46697256136273163,0.387613665242524,447.0,0.40325497287522605,534.0,0.4819168173598553,453.0,0.40867992766726946,429.0,0.38698010849909587,434.0,0.391500904159132,0.38698010849909587,WACC_0p7_WRT_0p3,0.4144665461121157,1050,False,,,False,False,False,False,False,39.0,0.3838383838383838
OCDD,PokerHand,884,0.84,393,0.8548387096774193,0.7558089950632599,0,61,4931,4897,0.653,"{'nu':0.5,'kernel':'rbf','gamma':'auto'}",0.11769325531451488,0.21211896303136057,0.19102351155093555,0.11769325531451488,0.06284609997162802,0.13366302590322257,-1.7606682797852482,-3.091916252778669,-0.3636769151630123,-2.2626921951286003,2.4656972749710926,0.21211896303136057,0.21817168557335606,0.006052722541995487,0.19102351155093555,0.19207442747037295,0.0010509159194374007,0.11769325531451488,0.36574662146700637,0.2480533661524915,0.06284609997162802,0.48732520779628297,0.4244791078246549,0.13366302590322257,0.5613418912396553,0.42767886533643273,844.0,0.7622061482820977,434.0,0.391500904159132,501.0,0.45207956600361665,755.0,0.6817359855334539,912.0,0.8236889692585895,0.391500904159132,WACC_0p3_WRT_0p7,0.622242314647378,1051,False,,,False,False,False,False,False,61.0,0.6060606060606061
OCDD,PokerHand,1089,0.79,1122,0.7741935483870968,0.4051190023587365,0,94,1958,4993,0.962,"{'nu':0.5,'kernel':'rbf','gamma':'auto'}",0.4258162427559417,0.587087795622552,0.5373200729193593,0.4258162427559417,0.12545968737181376,0.24823218478067302,-1.7606682797852482,-3.091916252778669,-0.3636769151630123,-2.2626921951286003,2.4656972749710926,0.587087795622552,0.2750433006480039,0.31204449497454806,0.5373200729193593,0.1992589495611633,0.33806112335819605,0.4258162427559417,0.35288138498976185,0.07293485776617986,0.12545968737181376,0.5136801451681614,0.3882204577963476,0.24823218478067302,0.5985357218250051,0.35030353704433215,1030.0,0.930379746835443,558.0,0.5036166365280289,434.0,0.391500904159132,872.0,0.7875226039783002,1038.0,0.9376130198915009,0.391500904159132,WACC_0p5_WRT_0p5,0.710126582278481,1052,False,,,False,False,False,False,False,94.0,0.9393939393939394
OCDD,PokerHand,1050,0.81,754,0.8064516129032256,0.5380551374806695,0,88,1439,4610,0.894,"{'nu':0.5,'kernel':'rbf','gamma':'auto'}",0.3101836795034038,0.4447944178753853,0.4064181012645091,0.3101836795034038,0.07392105473456852,0.2030624632223985,-1.7606682797852482,-3.091916252778669,-0.3636769151630123,-2.2626921951286003,2.4656972749710926,0.4447944178753853,0.26485406364350295,0.17994035423188237,0.4064181012645091,0.19262932503222924,0.21378877623227988,0.3101836795034038,0.353122724348764,0.04293904484536021,0.07392105473456852,0.49130756635454786,0.41738651161997936,0.2030624632223985,0.5709728807301171,0.3679104175077186,1003.0,0.9059674502712477,443.0,0.3996383363471971,438.0,0.39511754068716093,778.0,0.7025316455696202,949.0,0.8571428571428571,0.39511754068716093,WACC_0p5_WRT_0p5,0.6520795660036167,1053,False,,,False,False,False,False,False,88.0,0.8787878787878788
OCDD,PokerHand,218,0.6,692,0.4677419354838708,0.5667448506959831,0,87,2062,2674,0.999,"{'nu':0.5,'kernel':'rbf','gamma':'auto'}",0.21731785653448837,0.4455945644976052,0.30265013560066045,0.21731785653448837,0.42227670555893754,0.5496512721255992,-1.7606682797852482,-3.091916252778669,-0.3636769151630123,-2.2626921951286003,2.4656972749710926,0.4455945644976052,0.23365410363519545,0.21194046086240975,0.30265013560066045,0.19482680216121287,0.10782333343944758,0.21731785653448837,0.3531651290256846,0.1358472724911962,0.42227670555893754,0.47620561835065955,0.05392891279172202,0.5496512721255992,0.536688724414582,0.012962547711017125,911.0,0.8227848101265823,480.0,0.43309222423146476,440.0,0.3969258589511754,687.0,0.620253164556962,766.0,0.6916817359855335,0.3969258589511754,WACC_0p5_WRT_0p5,0.5929475587703436,1054,False,,,False,False,False,False,False,87.0,0.8686868686868687
OCDD,PokerHand,153,0.72,317,0.661290322580645,0.8275601141407232,0,43,282,4729,0.62,"{'nu':0.5,'kernel':'rbf','gamma':'auto'}",0.1969045418148345,0.15454712380682947,0.07428298583066079,0.1969045418148345,0.2787917728275553,0.32675159700133155,-1.7606682797852482,-3.091916252778669,-0.3636769151630123,-2.2626921951286003,2.4656972749710926,0.15454712380682947,0.18676732577691607,0.0322202019700866,0.07428298583066079,0.19258634944346295,0.11830336361280216,0.1969045418148345,0.47463404784369023,0.2777295060288557,0.2787917728275553,0.584551118947145,0.30575934611958966,0.32675159700133155,0.6374397846623112,0.31068818766097966,693.0,0.6256781193490054,441.0,0.39783001808318263,944.0,0.8526220614828209,1062.0,0.9593128390596745,1092.0,0.9864376130198915,0.39783001808318263,WACC_0p3_WRT_0p7,0.7643761301989149,1055,False,,,False,False,False,False,False,43.0,0.42424242424242425
OCDD,PokerHand,132,0.85,295,0.8709677419354838,0.8515637887131053,0,32,5000,4805,0.248,"{'nu':0.5,'kernel':'rbf','gamma':'auto'}",0.029485910717168995,0.11027188501216008,0.0951813782882203,0.029485910717168995,0.06701680278589446,0.10845291589895376,-1.7606682797852482,-3.091916252778669,-0.3636769151630123,-2.2626921951286003,2.4656972749710926,0.11027188501216008,0.13288455927716256,0.022612674265002478,0.0951813782882203,0.19272692642837766,0.09754554814015735,0.029485910717168995,0.4213214523308131,0.3918355416136441,0.06701680278589446,0.4926570414288477,0.42564023864295325,0.10845291589895376,0.5347709910942477,0.42631807519529397,442.0,0.3987341772151899,445.0,0.4014466546112116,758.0,0.6844484629294756,784.0,0.7079566003616636,753.0,0.6799276672694394,0.3987341772151899,WACC_0p1_WRT_0p9,0.574502712477396,1056,False,,,False,False,False,False,False,32.0,0.31313131313131315
OCDD,PokerHand,765,0.85,307,0.8709677419354838,0.8382580521142308,0,36,4052,4987,0.204,"{'nu':0.5,'kernel':'rbf','gamma':'auto'}",0.04329337685816977,0.12421988624025385,0.10898888280355387,0.04329337685816977,0.06411770181680496,0.10964563626619424,-1.7606682797852482,-3.091916252778669,-0.3636769151630123,-2.2626921951286003,2.4656972749710926,0.12421988624025385,0.13294334556373474,0.008723459323480898,0.10898888280355387,0.19366988392104667,0.0846810011174928,0.04329337685816977,0.412251366526063,0.3689579896678932,0.06411770181680496,0.4878143342229837,0.4236966324061787,0.10964563626619424,0.5257193691379852,0.416073732871791,443.0,0.3996383363471971,457.0,0.41229656419529837,704.0,0.635623869801085,757.0,0.6835443037974683,708.0,0.6392405063291139,0.3996383363471971,WACC_0p1_WRT_0p9,0.5540687160940325,1057,False,,,False,False,False,False,False,36.0,0.35353535353535354
OCDD,PokerHand,108,0.73,234,0.6774193548387095,0.928830821127437,0,13,42,932,0.672,"{'nu':0.5,'kernel':'rbf','gamma':'auto'}",0.2502269189565153,0.04691788067223009,0.10094456392892798,0.2502269189565153,0.28416430235629925,0.30104704295543244,-1.7606682797852482,-3.091916252778669,-0.3636769151630123,-2.2626921951286003,2.4656972749710926,0.04691788067223009,0.13332133189399664,0.08640345122176654,0.10094456392892798,0.23621041452513386,0.13526585059620588,0.2502269189565153,0.5255867353355316,0.2753598163790163,0.28416430235629925,0.5484421111890131,0.26427780883271385,0.30104704295543244,0.5723297912785833,0.27128274832315086,444.0,0.40054249547920434,907.0,0.8191681735985533,1048.0,0.9466546112115732,998.0,0.9014466546112115,954.0,0.8616636528028933,0.40054249547920434,WACC_0p1_WRT_0p9,0.7858951175406872,1058,False,,,False,False,False,False,False,13.0,0.12121212121212122
OCDD,PokerHand,564,0.79,255,0.7741935483870968,0.9001731899821036,0,16,2273,1520,0.516,"{'nu':0.5,'kernel':'rbf','gamma':'auto'}",0.1299780896890584,0.06813746426489285,0.023597072306030534,0.1299780896890584,0.1777641337054722,0.20385574548485688,-1.7606682797852482,-3.091916252778669,-0.3636769151630123,-2.2626921951286003,2.4656972749710926,0.06813746426489285,0.13525119392169951,0.06711372965680666,0.023597072306030534,0.1991595788641293,0.17556250655809877,0.1299780896890584,0.4081189542174629,0.2781408645284045,0.1777641337054722,0.4504880479981218,0.27272391429264964,0.20385574548485688,0.47580062537912426,0.2719448798942674,452.0,0.4077757685352622,557.0,0.5027124773960217,689.0,0.6220614828209765,579.0,0.5226039783001808,470.0,0.4240506329113924,0.4077757685352622,WACC_0p1_WRT_0p9,0.4958408679927667,1059,False,,,False,False,False,False,False,16.0,0.15151515151515152
OCDD,PokerHand,260,0.87,331,0.9032258064516128,0.8131349981855814,0,37,4404,3687,0.336,"{'nu':0.5,'kernel':'rbf','gamma':'auto'}",0.09168006085832048,0.14761517567860016,0.14210661425108362,0.09168006085832048,0.02525842107562474,0.07864427078570993,-1.7606682797852482,-3.091916252778669,-0.3636769151630123,-2.2626921951286003,2.4656972749710926,0.14761517567860016,0.15041691912872254,0.0028017434501223792,0.14210661425108362,0.1934753832656532,0.051368769014569576,0.09168006085832048,0.38182572928286795,0.2901456684245475,0.02525842107562474,0.44211105751888935,0.4168526364432646,0.07864427078570993,0.5011161966541784,0.4224719258684685,537.0,0.484629294755877,454.0,0.40958408679927666,573.0,0.5171790235081374,550.0,0.49638336347197104,560.0,0.5054249547920434,0.40958408679927666,WACC_0p3_WRT_0p7,0.48264014466546107,1060,False,,,False,False,False,False,False,37.0,0.36363636363636365
OCDD,PokerHand,190,0.76,833,0.7258064516129031,0.504735607604081,0,91,5000,3213,0.999,"{'nu':0.5,'kernel':'rbf','gamma':'auto'}",0.28896887440044006,0.48707339354733303,0.42337595477809215,0.28896887440044006,0.14168286539238367,0.28918267362093264,-1.7606682797852482,-3.091916252778669,-0.3636769151630123,-2.2626921951286003,2.4656972749710926,0.48707339354733303,0.2787219516669003,0.20835144188043275,0.42337595477809215,0.22599461367227766,0.19738134110581448,0.28896887440044006,0.3559480409569499,0.06697916655650982,0.14168286539238367,0.4648662935132524,0.32318342812086875,0.28918267362093264,0.5528529804983744,0.26367030687744175,1036.0,0.9358047016274864,854.0,0.77124773960217,454.0,0.40958408679927666,634.0,0.5723327305605787,858.0,0.7748643761301989,0.40958408679927666,WACC_0p5_WRT_0p5,0.6927667269439421,1061,False,,,False,False,False,False,False,91.0,0.9090909090909091
OCDD,PokerHand,103,0.86,288,0.8870967741935483,0.8595768850843719,0,29,4919,5000,0.249,"{'nu':0.5,'kernel':'rbf','gamma':'auto'}",0.03232880639215711,0.10040177439363429,0.09038973834877434,0.03232880639215711,0.05207003414567577,0.09110793298650346,-1.7606682797852482,-3.091916252778669,-0.3636769151630123,-2.2626921951286003,2.4656972749710926,0.10040177439363429,0.13565714832846837,0.03525537393483408,0.09038973834877434,0.20029476316890718,0.10990502482013284,0.03232880639215711,0.4217783200694069,0.3894495136772498,0.05207003414567577,0.4908255788634271,0.4387555447177513,0.09110793298650346,0.5296471983842624,0.438539265397759,455.0,0.4104882459312839,575.0,0.5189873417721519,760.0,0.6862567811934901,777.0,0.701627486437613,727.0,0.6564195298372514,0.4104882459312839,WACC_0p1_WRT_0p9,0.5947558770343581,1062,False,,,False,False,False,False,False,29.0,0.2828282828282828
OCDD,PokerHand,65,0.73,363,0.6774193548387095,0.7823255089312653,0,60,300,706,0.999,"{'nu':0.5,'kernel':'rbf','gamma':'auto'}",0.14887378591274833,0.20049496821260013,0.12474705267179043,0.14887378591274833,0.2522432065636318,0.31417971460174154,-1.7606682797852482,-3.091916252778669,-0.3636769151630123,-2.2626921951286003,2.4656972749710926,0.20049496821260013,0.1770946794580829,0.023400288754517218,0.12474705267179043,0.22342746885824208,0.09868041618645165,0.14887378591274833,0.39253167699239194,0.2436578910796436,0.2522432065636318,0.4272631447363053,0.17501993817267347,0.31417971460174154,0.4727927582040703,0.15861304360232875,651.0,0.5877034358047016,839.0,0.7576853526220615,629.0,0.5678119349005425,490.0,0.4421338155515371,456.0,0.41139240506329117,0.41139240506329117,WACC_0p9_WRT_0p1,0.5533453887884268,1063,False,,,False,False,False,False,False,60.0,0.5959595959595959
OCDD,PokerHand,102,0.71,273,0.6451612903225805,0.8774221549555011,0,28,433,4910,0.453,"{'nu':0.5,'kernel':'rbf','gamma':'auto'}",0.248136581612548,0.1037484786185311,0.07540049992524375,0.248136581612548,0.30634858113415664,0.33890867811175235,-1.7606682797852482,-3.091916252778669,-0.3636769151630123,-2.2626921951286003,2.4656972749710926,0.1037484786185311,0.13586583671928226,0.032117358100751156,0.07540049992524375,0.20149175810249642,0.12609125817725267,0.248136581612548,0.4796242042077869,0.2314876225952389,0.30634858113415664,0.5627482222297474,0.25639964109559077,0.33890867811175235,0.6029773787735804,0.264068700661828,457.0,0.41229656419529837,592.0,0.5343580470162749,961.0,0.8679927667269439,1026.0,0.9267631103074141,1047.0,0.945750452079566,0.41229656419529837,WACC_0p1_WRT_0p9,0.7374321880650995,1064,False,,,False,False,False,False,False,28.0,0.2727272727272727
OCDD,PokerHand,106,0.74,272,0.693548387096774,0.8786463500098796,0,27,426,4614,0.465,"{'nu':0.5,'kernel':'rbf','gamma':'auto'}",0.198771820206979,0.09805451979462779,0.04740028435273312,0.198771820206979,0.25653724179449167,0.2889188643553149,-1.7606682797852482,-3.091916252778669,-0.3636769151630123,-2.2626921951286003,2.4656972749710926,0.09805451979462779,0.13599761819025027,0.03794309839562249,0.04740028435273312,0.19848900718120846,0.15108872282847535,0.198771820206979,0.4770603780864646,0.2782885578794856,0.25653724179449167,0.5582823221570296,0.3017450803625379,0.2889188643553149,0.6002703544917285,0.3113514901364136,459.0,0.4141048824593128,536.0,0.4837251356238698,951.0,0.8589511754068716,1018.0,0.9195298372513563,1042.0,0.9412296564195298,0.4141048824593128,WACC_0p1_WRT_0p9,0.723508137432188,1065,False,,,False,False,False,False,False,27.0,0.26262626262626265
OCDD,PokerHand,824,0.72,266,0.661290322580645,0.8860870334291328,0,23,69,1535,0.641,"{'nu':0.5,'kernel':'rbf','gamma':'auto'}",0.23739376741600007,0.09319512453605411,0.07328240692049075,0.23739376741600007,0.29154382508456456,0.32150526973877097,-1.7606682797852482,-3.091916252778669,-0.3636769151630123,-2.2626921951286003,2.4656972749710926,0.09319512453605411,0.13639065619314336,0.04319553165708925,0.07328240692049075,0.23265148700926308,0.15936908008877232,0.23739376741600007,0.5402680941417981,0.30287432672579806,0.29154382508456456,0.5948949297374391,0.3033511046528745,0.32150526973877097,0.6259685572957882,0.3044632875570172,460.0,0.41500904159132007,887.0,0.8010849909584087,1067.0,0.9638336347197106,1078.0,0.9737793851717902,1083.0,0.9783001808318263,0.41500904159132007,WACC_0p1_WRT_0p9,0.8264014466546111,1066,False,,,False,False,False,False,False,23.0,0.2222222222222222
OCDD,PokerHand,257,0.71,1127,0.6451612903225805,0.4036315855438963,0,98,1267,4655,0.999,"{'nu':0.5,'kernel':'rbf','gamma':'auto'}",0.33809456294508844,0.6004088021493057,0.5106744974327604,0.33809456294508844,0.2031174154846868,0.3813790560381784,-1.7606682797852482,-3.091916252778669,-0.3636769151630123,-2.2626921951286003,2.4656972749710926,0.6004088021493057,0.2726190928646857,0.32778970928462,0.5106744974327604,0.19407208716313928,0.3166024102696211,0.33809456294508844,0.35802969990580635,0.019935136960717914,0.2031174154846868,0.5175294891512034,0.3144120736665167,0.3813790560381784,0.6076044282207163,0.22622537218253785,1024.0,0.9249547920433996,461.0,0.4159132007233273,466.0,0.4204339963833635,893.0,0.8065099457504521,1059.0,0.9566003616636528,0.4159132007233273,WACC_0p3_WRT_0p7,0.7048824593128391,1067,False,,,False,False,False,False,False,98.0,0.9797979797979798
OCDD,PokerHand,22,0.75,316,0.7096774193548386,0.8286146566640378,0,42,401,4329,0.454,"{'nu':0.5,'kernel':'rbf','gamma':'auto'}",0.14742241391043762,0.14903100659988913,0.08375958223418795,0.14742241391043762,0.22894346899415016,0.27677699082304263,-1.7606682797852482,-3.091916252778669,-0.3636769151630123,-2.2626921951286003,2.4656972749710926,0.14903100659988913,0.13669045377014735,0.01234055282974178,0.08375958223418795,0.2020139356136202,0.11825435337943224,0.14742241391043762,0.4899122074502529,0.34248979353981523,0.22894346899415016,0.5635462146405839,0.33460274564643366,0.27677699082304263,0.6053948197424927,0.32861782891945,463.0,0.4177215189873418,602.0,0.5433996383363472,987.0,0.891500904159132,1029.0,0.9294755877034359,1051.0,0.9493670886075949,0.4177215189873418,WACC_0p1_WRT_0p9,0.7462929475587703,1068,False,,,False,False,False,False,False,42.0,0.41414141414141414
OCDD,PokerHand,773,0.88,335,0.9193548387096774,0.8091251661348505,0,24,4636,3480,0.12,"{'nu':0.5,'kernel':'rbf','gamma':'auto'}",0.10699924267266057,0.15034833727647223,0.14979129512564682,0.10699924267266057,0.00990040538010211,0.06237701788063118,-1.7606682797852482,-3.091916252778669,-0.3636769151630123,-2.2626921951286003,2.4656972749710926,0.15034833727647223,0.14679196484511087,0.0035563724313613654,0.14979129512564682,0.21019414371350167,0.06040284858785486,0.10699924267266057,0.3784962092512588,0.27149696657859823,0.00990040538010211,0.4223034287442288,0.4124030233641267,0.06237701788063118,0.4884745569818504,0.4260975391012192,521.0,0.4701627486437613,715.0,0.6455696202531646,560.0,0.5054249547920434,468.0,0.42224231464737794,514.0,0.4638336347197107,0.42224231464737794,WACC_0p7_WRT_0p3,0.5014466546112116,1069,False,,,False,False,False,False,False,24.0,0.23232323232323232
OCDD,PokerHand,267,0.86,289,0.8870967741935483,0.8584203486170777,0,30,4346,4835,0.27,"{'nu':0.5,'kernel':'rbf','gamma':'auto'}",0.03352895326071512,0.10161413659141891,0.09158988855283468,0.03352895326071512,0.05181804388807489,0.09121160440595083,-1.7606682797852482,-3.091916252778669,-0.3636769151630123,-2.2626921951286003,2.4656972749710926,0.10161413659141891,0.1375646703709247,0.0359505337795058,0.09158988855283468,0.19588640585433537,0.10429651730150069,0.03352895326071512,0.4196202672978196,0.38609131403710445,0.05181804388807489,0.4950184654098294,0.44320042152175454,0.09121160440595083,0.5377585423411295,0.4465469379351787,468.0,0.42224231464737794,504.0,0.45479204339963836,747.0,0.674502712477396,794.0,0.716998191681736,769.0,0.6943942133815552,0.42224231464737794,WACC_0p1_WRT_0p9,0.5925858951175407,1070,False,,,False,False,False,False,False,30.0,0.29292929292929293
OCDD,PokerHand,114,0.86,304,0.8870967741935483,0.8415352427908573,0,33,5000,4167,0.261,"{'nu':0.5,'kernel':'rbf','gamma':'auto'}",0.051050758630173006,0.11931428231807753,0.1091117426196845,0.051050758630173006,0.048139057287053935,0.09272517785393619,-1.7606682797852482,-3.091916252778669,-0.3636769151630123,-2.2626921951286003,2.4656972749710926,0.11931428231807753,0.13808495660358264,0.018770674285505107,0.1091117426196845,0.19513638281895393,0.08602464019926943,0.051050758630173006,0.393512745213542,0.342461986583369,0.048139057287053935,0.45763116934852593,0.409492112061472,0.09272517785393619,0.5146403845648564,0.4219152067109202,469.0,0.4231464737793852,486.0,0.4385171790235081,632.0,0.5705244122965641,607.0,0.5479204339963833,641.0,0.5786618444846293,0.4231464737793852,WACC_0p1_WRT_0p9,0.511754068716094,1071,False,,,False,False,False,False,False,33.0,0.32323232323232326
OCDD,PokerHand,242,0.72,1134,0.661290322580645,0.4015602410493061,0,98,1027,4531,0.999,"{'nu':0.5,'kernel':'rbf','gamma':'auto'}",0.3514021611768684,0.601109905874036,0.5163475891340796,0.3514021611768684,0.18597341318741487,0.36493803796251556,-1.7606682797852482,-3.091916252778669,-0.3636769151630123,-2.2626921951286003,2.4656972749710926,0.601109905874036,0.2720094616862135,0.3291004441878225,0.5163475891340796,0.1943985121107303,0.3219490770233493,0.3514021611768684,0.35939459091422404,0.007992429737355644,0.18597341318741487,0.5112252051339329,0.325251791946518,0.36493803796251556,0.594593039144608,0.22965500118209248,1021.0,0.9222423146473779,469.0,0.4231464737793852,474.0,0.42766726943942135,867.0,0.783001808318264,1022.0,0.9231464737793852,0.4231464737793852,WACC_0p3_WRT_0p7,0.6958408679927668,1072,False,,,False,False,False,False,False,98.0,0.9797979797979798
OCDD,PokerHand,163,0.85,423,0.8709677419354838,0.731239273062109,0,63,4894,5000,0.658,"{'nu':0.5,'kernel':'rbf','gamma':'auto'}",0.1543475945057969,0.23640443540488615,0.22004340909807266,0.1543475945057969,0.04080007157850459,0.11923875247619575,-1.7606682797852482,-3.091916252778669,-0.3636769151630123,-2.2626921951286003,2.4656972749710926,0.23640443540488615,0.22650409530329516,0.009900340101590993,0.22004340909807266,0.1944949534327861,0.025548455665286546,0.1543475945057969,0.36865197993828736,0.21430438543249045,0.04080007157850459,0.48454395323438176,0.4437438816558772,0.11923875247619575,0.5610607929845839,0.44182204050838814,875.0,0.7902350813743219,471.0,0.42495479204339964,516.0,0.4656419529837251,747.0,0.674502712477396,907.0,0.8191681735985533,0.42495479204339964,WACC_0p3_WRT_0p7,0.6349005424954792,1073,False,,,False,False,False,False,False,63.0,0.6262626262626263
OCDD,PokerHand,670,0.89,342,0.935483870967742,0.8022214787799776,0,24,4851,3347,0.152,"{'nu':0.5,'kernel':'rbf','gamma':'auto'}",0.12532140059673932,0.15611503986143346,0.16047896045595544,0.12532140059673932,0.02809395737381333,0.04636916889020597,-1.7606682797852482,-3.091916252778669,-0.3636769151630123,-2.2626921951286003,2.4656972749710926,0.15611503986143346,0.13897965369935397,0.01713538616207949,0.16047896045595544,0.20005501349050947,0.039576053034554026,0.12532140059673932,0.3673852069342912,0.2420638063375519,0.02809395737381333,0.4247507512435409,0.3966567938697276,0.04636916889020597,0.48509348219583975,0.4387243133056338,472.0,0.4258589511754069,571.0,0.515370705244123,510.0,0.4602169981916817,480.0,0.43309222423146476,500.0,0.4511754068716094,0.4258589511754069,WACC_0p1_WRT_0p9,0.45714285714285713,1074,False,,,False,False,False,False,False,24.0,0.23232323232323232
OCDD,PokerHand,159,0.72,277,0.661290322580645,0.8725696501009428,0,29,86,1432,0.701,"{'nu':0.5,'kernel':'rbf','gamma':'auto'}",0.22804237168619088,0.10736498862897136,0.06147008474833079,0.22804237168619088,0.28859860977723434,0.322716962025592,-1.7606682797852482,-3.091916252778669,-0.3636769151630123,-2.2626921951286003,2.4656972749710926,0.10736498862897136,0.13974197289718873,0.032376984268217376,0.06147008474833079,0.21297630970910422,0.15150622496077343,0.22804237168619088,0.508749925016568,0.2807075533303771,0.28859860977723434,0.5784834727201963,0.28988486294296195,0.322716962025592,0.5972907658899808,0.27457380386438873,477.0,0.43037974683544306,744.0,0.6717902350813744,1026.0,0.9267631103074141,1054.0,0.9520795660036167,1034.0,0.933996383363472,0.43037974683544306,WACC_0p1_WRT_0p9,0.783001808318264,1075,False,,,False,False,False,False,False,29.0,0.2828282828282828
OCDD,PokerHand,565,0.79,266,0.7741935483870968,0.8860870334291328,0,21,114,910,0.001,"{'nu':0.5,'kernel':'rbf','gamma':'auto'}",0.12023321369932692,0.08290355612609632,0.03821442691571756,0.12023321369932692,0.17469499207546899,0.20511842235298966,-1.7606682797852482,-3.091916252778669,-0.3636769151630123,-2.2626921951286003,2.4656972749710926,0.08290355612609632,0.1401063918131644,0.05720283568706808,0.03821442691571756,0.27421499199794475,0.2360005650822272,0.12023321369932692,0.49424659251762715,0.3740133788183002,0.17469499207546899,0.47156062004367516,0.29686562796820615,0.20511842235298966,0.48630704293901883,0.28118862058602917,483.0,0.4358047016274864,1026.0,0.9267631103074141,1002.0,0.9050632911392406,664.0,0.5994575045207957,504.0,0.45479204339963836,0.4358047016274864,WACC_0p1_WRT_0p9,0.6643761301989151,1076,False,,,False,False,False,False,False,21.0,0.20202020202020202
OCDD,PokerHand,200,0.7,843,0.6290322580645159,0.5007448932039886,0,92,3105,3371,0.999,"{'nu':0.5,'kernel':'rbf','gamma':'auto'}",0.22616118186916961,0.5000780831002355,0.40637534878207715,0.22616118186916961,0.24096949699799985,0.38930055440385386,-1.7606682797852482,-3.091916252778669,-0.3636769151630123,-2.2626921951286003,2.4656972749710926,0.5000780831002355,0.25482621702620484,0.24525186607403066,0.40637534878207715,0.2004443081531982,0.20593104062887896,0.22616118186916961,0.36325924029872936,0.13709805842955974,0.24096949699799985,0.47948758630233007,0.23851808930433022,0.38930055440385386,0.5599399246432406,0.17063937023938675,983.0,0.8878842676311031,579.0,0.5226039783001808,490.0,0.4421338155515371,709.0,0.6401446654611211,903.0,0.8155515370705244,0.4421338155515371,WACC_0p5_WRT_0p5,0.6616636528028932,1077,False,,,False,False,False,False,False,92.0,0.9191919191919192
OCDD,PokerHand,685,0.86,335,0.8870967741935483,0.8091251661348505,0,44,1846,4150,0.497,"{'nu':0.5,'kernel':'rbf','gamma':'auto'}",0.08468294672661439,0.15328878539360302,0.14274402418822027,0.08468294672661439,0.04107743511052289,0.09563040284799733,-1.7606682797852482,-3.091916252778669,-0.3636769151630123,-2.2626921951286003,2.4656972749710926,0.15328878539360302,0.14139079265073334,0.011897992742869679,0.14274402418822027,0.1958288200679639,0.05308479587974363,0.08468294672661439,0.42665256532363216,0.3419696185970178,0.04107743511052289,0.5007691231744099,0.45969168806388705,0.09563040284799733,0.557623006559759,0.4619926037117617,491.0,0.4430379746835443,501.0,0.45207956600361665,779.0,0.7034358047016275,824.0,0.744122965641953,888.0,0.8019891500904159,0.4430379746835443,WACC_0p1_WRT_0p9,0.6289330922242315,1078,False,,,False,False,False,False,False,44.0,0.43434343434343436
OCDD,PokerHand,168,0.68,325,0.5967741935483871,0.8192412520687954,0,45,233,5000,0.587,"{'nu':0.5,'kernel':'rbf','gamma':'auto'}",0.25809839782705735,0.16914843153679174,0.06882101568658255,0.25809839782705735,0.3437499914446528,0.3940040660675413,-1.7606682797852482,-3.091916252778669,-0.3636769151630123,-2.2626921951286003,2.4656972749710926,0.16914843153679174,0.17732868213964628,0.008180250602854544,0.06882101568658255,0.19538206297340824,0.12656104728682568,0.25809839782705735,0.47653351653122117,0.21843511870416382,0.3437499914446528,0.5884820831634189,0.2447320917187661,0.3940040660675413,0.6309009202308051,0.23689685416326384,652.0,0.5886075949367089,491.0,0.4430379746835443,949.0,0.8571428571428571,1071.0,0.9674502712477396,1088.0,0.9828209764918626,0.4430379746835443,WACC_0p3_WRT_0p7,0.7678119349005426,1079,False,,,False,False,False,False,False,45.0,0.4444444444444444
OCDD,PokerHand,118,0.86,339,0.8870967741935483,0.8051627888321784,0,47,4921,5000,0.502,"{'nu':0.5,'kernel':'rbf','gamma':'auto'}",0.08879473640755119,0.1574424256729782,0.14685582529682842,0.08879473640755119,0.040214098323963735,0.09598558860389063,-1.7606682797852482,-3.091916252778669,-0.3636769151630123,-2.2626921951286003,2.4656972749710926,0.1574424256729782,0.1759556134510046,0.018513187778026408,0.14685582529682842,0.1955870719264273,0.04873124662959888,0.08879473640755119,0.3980364004590541,0.3092416640515029,0.040214098323963735,0.4884680136805499,0.44825391535658615,0.09598558860389063,0.554806608174673,0.45882101957078236,640.0,0.5777576853526221,493.0,0.4448462929475588,653.0,0.5895117540687161,760.0,0.6862567811934901,871.0,0.786618444846293,0.4448462929475588,WACC_0p3_WRT_0p7,0.616998191681736,1080,False,,,False,False,False,False,False,47.0,0.46464646464646464
OCDD,PokerHand,149,0.76,287,0.7258064516129031,0.860737430351594,0,32,153,1227,0.735,"{'nu':0.5,'kernel':'rbf','gamma':'auto'}",0.1529078930017133,0.11388745047779036,0.05394907348322033,0.1529078930017133,0.21924980215349682,0.25727082705682686,-1.7606682797852482,-3.091916252778669,-0.3636769151630123,-2.2626921951286003,2.4656972749710926,0.11388745047779036,0.14231360093254827,0.02842615045475791,0.05394907348322033,0.20294358508452662,0.14899451160130628,0.1529078930017133,0.4602776516605063,0.307369758658793,0.21924980215349682,0.5455889960379822,0.32633919388448535,0.25727082705682686,0.5521791541830566,0.2949083271262298,494.0,0.445750452079566,613.0,0.5533453887884268,897.0,0.810126582278481,990.0,0.8942133815551537,856.0,0.7730560578661845,0.445750452079566,WACC_0p1_WRT_0p9,0.6952983725135624,1081,False,,,False,False,False,False,False,32.0,0.31313131313131315
OCDD,PokerHand,853,0.84,633,0.8548387096774193,0.5965372148762997,0,78,4711,3840,0.828,"{'nu':0.5,'kernel':'rbf','gamma':'auto'}",0.28297081780093747,0.3790787528288156,0.35630153338421594,0.28297081780093747,0.08105078678285205,0.1479400781163036,-1.7606682797852482,-3.091916252778669,-0.3636769151630123,-2.2626921951286003,2.4656972749710926,0.3790787528288156,0.24335662603657382,0.13572212679224177,0.35630153338421594,0.19890746063170037,0.15739407275251557,0.28297081780093747,0.3647680385886653,0.08179722078772783,0.08105078678285205,0.4948843163615875,0.4138335295787354,0.1479400781163036,0.5688982699574429,0.42095819184113925,944.0,0.8526220614828209,549.0,0.49547920433996384,496.0,0.4475587703435805,792.0,0.7151898734177216,941.0,0.8499095840867993,0.4475587703435805,WACC_0p5_WRT_0p5,0.6721518987341771,1082,False,,,False,False,False,False,False,78.0,0.7777777777777778
OCDD,PokerHand,277,0.8,704,0.7903225806451613,0.5609967786305752,0,86,5000,2542,0.999,"{'nu':0.5,'kernel':'rbf','gamma':'auto'}",0.2752188124477931,0.4222156134148955,0.3790876805485005,0.2752188124477931,0.08717048668183616,0.21763267709972378,-1.7606682797852482,-3.091916252778669,-0.3636769151630123,-2.2626921951286003,2.4656972749710926,0.4222156134148955,0.2717103021500479,0.15050531126484762,0.3790876805485005,0.24642836448340807,0.13265931606509243,0.2752188124477931,0.3652453574414282,0.0900265449936351,0.08717048668183616,0.43392000097018124,0.3467495142883451,0.21763267709972378,0.5141931150667625,0.2965604379670387,1019.0,0.9204339963833634,953.0,0.8607594936708861,499.0,0.45027124773960214,518.0,0.4674502712477396,637.0,0.5750452079566004,0.45027124773960214,WACC_0p5_WRT_0p5,0.6547920433996384,1083,False,,,False,False,False,False,False,86.0,0.8585858585858586
OCDD,PokerHand,173,0.45,267,0.2258064516129032,0.8848353797308413,0,24,1,1328,0.722,"{'nu':0.5,'kernel':'rbf','gamma':'auto'}",0.688432859818223,0.13420324483142027,0.3338185683733119,0.688432859818223,0.741973751954637,0.7705381644843454,-1.7606682797852482,-3.091916252778669,-0.3636769151630123,-2.2626921951286003,2.4656972749710926,0.13420324483142027,0.14333111315061056,0.009127868319190297,0.3338185683733119,0.24754343906213544,0.08627512931117648,0.688432859818223,0.5578392856690566,0.1305935741491664,0.741973751954637,0.6167781998535328,0.12519555210110422,0.7705381644843454,0.6186683207230262,0.15186984376131918,499.0,0.45027124773960214,958.0,0.8652802893309223,1083.0,0.9783001808318263,1092.0,0.9864376130198915,1073.0,0.969258589511754,0.45027124773960214,WACC_0p1_WRT_0p9,0.8499095840867993,1084,False,,,False,False,False,False,False,24.0,0.23232323232323232
OCDD,PokerHand,671,0.65,311,0.5483870967741935,0.8339377731480089,0,44,26,1152,0.835,"{'nu':0.5,'kernel':'rbf','gamma':'auto'}",0.31847719303284355,0.15815318517965646,0.09554115386111697,0.31847719303284355,0.397030192746864,0.4425667538432049,-1.7606682797852482,-3.091916252778669,-0.3636769151630123,-2.2626921951286003,2.4656972749710926,0.15815318517965646,0.1438049177531786,0.014348267426477851,0.09554115386111697,0.23232212446098457,0.1367809705998676,0.31847719303284355,0.5330438701578487,0.21456667712500516,0.397030192746864,0.5732763325521476,0.17624613980528359,0.4425667538432049,0.6069105377704677,0.1643437839272628,503.0,0.4538878842676311,883.0,0.7974683544303798,1062.0,0.9593128390596745,1045.0,0.9439421338155516,1058.0,0.9556962025316456,0.4538878842676311,WACC_0p1_WRT_0p9,0.8220614828209765,1085,False,,,False,False,False,False,False,44.0,0.43434343434343436
OCDD,PokerHand,821,0.87,325,0.9032258064516128,0.8192412520687954,0,33,4882,3732,0.295,"{'nu':0.5,'kernel':'rbf','gamma':'auto'}",0.08534355381007767,0.14121417442404927,0.13577008959213455,0.08534355381007767,0.026588873277108228,0.07809690887756375,-1.7606682797852482,-3.091916252778669,-0.3636769151630123,-2.2626921951286003,2.4656972749710926,0.14121417442404927,0.14714183304506995,0.005927658621020682,0.13577008959213455,0.20431390547826458,0.06854381588613004,0.08534355381007767,0.3666355688657786,0.2812920150557009,0.026588873277108228,0.441482601616334,0.4148937283392258,0.07809690887756375,0.49923998821469817,0.4211430793371344,525.0,0.47377938517179025,632.0,0.5705244122965641,506.0,0.4566003616636528,546.0,0.49276672694394213,556.0,0.5018083182640145,0.4566003616636528,WACC_0p5_WRT_0p5,0.4990958408679928,1086,False,,,False,False,False,False,False,33.0,0.32323232323232326
OCDD,PokerHand,350,0.87,302,0.9032258064516128,0.8437379939883676,0,22,5000,3401,0.001,"{'nu':0.5,'kernel':'rbf','gamma':'auto'}",0.05992309458890712,0.11553498080410421,0.11034955972127695,0.05992309458890712,0.03192631008196526,0.07590103172327087,-1.7606682797852482,-3.091916252778669,-0.3636769151630123,-2.2626921951286003,2.4656972749710926,0.11553498080410421,0.14419990673223407,0.02866492592812986,0.11034955972127695,0.23139670263876885,0.1210471429174919,0.05992309458890712,0.39754245033036867,0.33761935574146157,0.03192631008196526,0.4572954144873562,0.42536910440539094,0.07590103172327087,0.509872126399851,0.4339710946765801,507.0,0.45750452079566006,877.0,0.7920433996383364,651.0,0.5877034358047016,606.0,0.5470162748643761,604.0,0.5452079566003617,0.45750452079566006,WACC_0p1_WRT_0p9,0.5858951175406871,1087,False,,,False,False,False,False,False,22.0,0.21212121212121213
OCDD,PokerHand,940,0.87,311,0.9032258064516128,0.8339377731480089,0,27,4072,3687,0.192,"{'nu':0.5,'kernel':'rbf','gamma':'auto'}",0.0700928598192686,0.12580825589121775,0.12051935321590876,0.0700928598192686,0.029791003289707105,0.07677951920217821,-1.7606682797852482,-3.091916252778669,-0.3636769151630123,-2.2626921951286003,2.4656972749710926,0.12580825589121775,0.14440787686066117,0.018599620969443426,0.12051935321590876,0.19867702511994292,0.07815767190403416,0.0700928598192686,0.3895507026845712,0.3194578428653026,0.029791003289707105,0.45993749399871103,0.4301464907090039,0.07677951920217821,0.5071542530888206,0.4303747338866424,508.0,0.45840867992766726,542.0,0.4891500904159132,610.0,0.5506329113924051,614.0,0.554249547920434,586.0,0.5289330922242315,0.45840867992766726,WACC_0p1_WRT_0p9,0.5162748643761302,1088,False,,,False,False,False,False,False,27.0,0.26262626262626265
OCDD,PokerHand,537,0.88,487,0.9193548387096774,0.6841700497041785,0,61,5000,2150,0.799,"{'nu':0.5,'kernel':'rbf','gamma':'auto'}",0.23666613683072205,0.28133500640826836,0.27945854965979017,0.23666613683072205,0.08477097832598729,0.07357793947187724,-1.7606682797852482,-3.091916252778669,-0.3636769151630123,-2.2626921951286003,2.4656972749710926,0.28133500640826836,0.2342785297443274,0.04705647666394097,0.27945854965979017,0.23224713145580778,0.04721141820398239,0.23666613683072205,0.3693442432024686,0.13267810637174657,0.08477097832598729,0.4385552990717672,0.3537843207457799,0.07357793947187724,0.5063854293835242,0.4328074899116469,913.0,0.8245931283905967,882.0,0.7965641952983725,518.0,0.4674502712477396,537.0,0.484629294755877,578.0,0.5216998191681737,0.4674502712477396,WACC_0p5_WRT_0p5,0.6189873417721519,1089,False,,,False,False,False,False,False,61.0,0.6060606060606061
OCDD,PokerHand,469,0.86,314,0.8870967741935483,0.8307337585124055,0,36,4643,5000,0.306,"{'nu':0.5,'kernel':'rbf','gamma':'auto'}",0.06225954270154045,0.1306371515828896,0.1203205578430103,0.06225954270154045,0.045785591674190905,0.09369341814635465,-1.7606682797852482,-3.091916252778669,-0.3636769151630123,-2.2626921951286003,2.4656972749710926,0.1306371515828896,0.14647806179557793,0.015840910212688325,0.1203205578430103,0.19807911407138246,0.07775855622837216,0.06225954270154045,0.40341765316315104,0.3411581104616106,0.045785591674190905,0.48656222900539065,0.44077663733119976,0.09369341814635465,0.5314359171859936,0.4377424990396389,520.0,0.4692585895117541,529.0,0.47739602169981915,677.0,0.6112115732368897,752.0,0.6790235081374322,739.0,0.6672694394213382,0.4692585895117541,WACC_0p1_WRT_0p9,0.5808318264014466,1090,False,,,False,False,False,False,False,36.0,0.35353535353535354
OCDD,PokerHand,43,0.87,295,0.9032258064516128,0.8515637887131053,0,20,5000,3700,0.001,"{'nu':0.5,'kernel':'rbf','gamma':'auto'}",0.05180220666321509,0.10733143689502932,0.10222864922564684,0.05180220666321509,0.03363142192615295,0.07519953093158774,-1.7606682797852482,-3.091916252778669,-0.3636769151630123,-2.2626921951286003,2.4656972749710926,0.10733143689502932,0.1468574597229439,0.03952602282791458,0.10222864922564684,0.22591658651946347,0.12368793729381664,0.05180220666321509,0.3994210729943255,0.3476188663311104,0.03363142192615295,0.46612327265692394,0.432491850730771,0.07519953093158774,0.5172870710265307,0.442087540094943,523.0,0.4719710669077758,853.0,0.7703435804701627,659.0,0.5949367088607594,643.0,0.5804701627486437,658.0,0.5940325497287523,0.4719710669077758,WACC_0p1_WRT_0p9,0.6023508137432187,1091,False,,,False,False,False,False,False,20.0,0.1919191919191919
OCDD,PokerHand,181,0.72,874,0.661290322580645,0.4886675789530587,0,92,2804,3521,0.999,"{'nu':0.5,'kernel':'rbf','gamma':'auto'}",0.2610102005513659,0.5097979182190056,0.42595537728716243,0.2610102005513659,0.20495266817679544,0.35712977456560674,-1.7606682797852482,-3.091916252778669,-0.3636769151630123,-2.2626921951286003,2.4656972749710926,0.5097979182190056,0.25286462902886236,0.2569332891901432,0.42595537728716243,0.2049874329659899,0.22096794432117253,0.2610102005513659,0.3706883885067635,0.10967818795539758,0.20495266817679544,0.4970245507976483,0.2920718826208528,0.35712977456560674,0.5817616424999171,0.2246318679343104,977.0,0.8824593128390597,643.0,0.5804701627486437,525.0,0.47377938517179025,800.0,0.7224231464737794,990.0,0.8942133815551537,0.47377938517179025,WACC_0p5_WRT_0p5,0.7106690777576854,1092,False,,,False,False,False,False,False,92.0,0.9191919191919192
OCDD,PokerHand,539,0.87,365,0.9032258064516128,0.780490890782793,0,47,5000,3772,0.329,"{'nu':0.5,'kernel':'rbf','gamma':'auto'}",0.12555510447712456,0.18183500610742667,0.17598175201693717,0.12555510447712456,0.01814580745192732,0.08157047419281663,-1.7606682797852482,-3.091916252778669,-0.3636769151630123,-2.2626921951286003,2.4656972749710926,0.18183500610742667,0.15863672555620156,0.02319828055122511,0.17598175201693717,0.1980999922006365,0.022118240183699345,0.12555510447712456,0.370914797376054,0.24535969289892942,0.01814580745192732,0.445603019966627,0.42745721251469965,0.08157047419281663,0.5077995256601452,0.4262290514673286,580.0,0.523508137432188,530.0,0.4783001808318264,527.0,0.4755877034358047,562.0,0.5072332730560579,591.0,0.5334538878842676,0.4755877034358047,WACC_0p5_WRT_0p5,0.5036166365280289,1093,False,,,False,False,False,False,False,47.0,0.46464646464646464
OCDD,PokerHand,599,0.84,396,0.8548387096774193,0.753269283965241,0,62,4035,4923,0.482,"{'nu':0.5,'kernel':'rbf','gamma':'auto'}",0.12032873323287281,0.21478126535870173,0.19365899679393261,0.12032873323287281,0.06229273873147713,0.13389068448724792,-1.7606682797852482,-3.091916252778669,-0.3636769151630123,-2.2626921951286003,2.4656972749710926,0.21478126535870173,0.17596916729552034,0.038812098063181394,0.19365899679393261,0.19793902744893324,0.004280030655000627,0.12032873323287281,0.3871663506802206,0.2668376174473478,0.06229273873147713,0.4808118793510308,0.4185191406195537,0.13389068448724792,0.5454829661593867,0.4115922816721388,641.0,0.5786618444846293,527.0,0.4755877034358047,596.0,0.5379746835443038,725.0,0.6546112115732369,823.0,0.7432188065099458,0.4755877034358047,WACC_0p3_WRT_0p7,0.5980108499095841,1094,False,,,False,False,False,False,False,62.0,0.6161616161616161
OCDD,PokerHand,158,0.46,261,0.2419354838709677,0.8924164652884246,0,23,1,1133,0.754,"{'nu':0.5,'kernel':'rbf','gamma':'auto'}",0.6769402720744533,0.12478599808217578,0.3307533903609474,0.6769402720744533,0.7269328552697738,0.7532319068309229,-1.7606682797852482,-3.091916252778669,-0.3636769151630123,-2.2626921951286003,2.4656972749710926,0.12478599808217578,0.14780224172905937,0.023016243646883594,0.3307533903609474,0.25196296115480776,0.07879042920613966,0.6769402720744533,0.5495236650360705,0.12741660703838276,0.7269328552697738,0.5959487045229421,0.13098415074683167,0.7532319068309229,0.5935844581942278,0.1596474486366951,530.0,0.4783001808318264,975.0,0.8806509945750453,1075.0,0.9710669077757685,1081.0,0.976491862567812,1018.0,0.9195298372513563,0.4783001808318264,WACC_0p1_WRT_0p9,0.8452079566003616,1095,False,,,False,False,False,False,False,23.0,0.2222222222222222
OCDD,PokerHand,712,0.73,299,0.6774193548387095,0.8470695336585994,0,38,149,2661,0.7,"{'nu':0.5,'kernel':'rbf','gamma':'auto'}",0.1936640372259011,0.13262576535426515,0.05756148897747035,0.1936640372259011,0.2663498637513025,0.3083760887464136,-1.7606682797852482,-3.091916252778669,-0.3636769151630123,-2.2626921951286003,2.4656972749710926,0.13262576535426515,0.16918972483384162,0.03656395947957647,0.05756148897747035,0.1983948303617373,0.14083334138426695,0.1936640372259011,0.4728150989921364,0.27915106176623533,0.2663498637513025,0.5694368373298919,0.30308697357858944,0.3083760887464136,0.6152056660482249,0.3068295773018113,620.0,0.5596745027124774,533.0,0.4810126582278481,939.0,0.8481012658227848,1039.0,0.9385171790235082,1070.0,0.9665461121157324,0.4810126582278481,WACC_0p3_WRT_0p7,0.7587703435804702,1096,False,,,False,False,False,False,False,38.0,0.37373737373737376
OCDD,PokerHand,20,0.81,266,0.8064516129032256,0.8860870334291328,0,20,101,571,0.734,"{'nu':0.5,'kernel':'rbf','gamma':'auto'}",0.08675876978027766,0.07996310800896554,0.045261697853144066,0.08675876978027766,0.1413096112157276,0.17186503738562364,-1.7606682797852482,-3.091916252778669,-0.3636769151630123,-2.2626921951286003,2.4656972749710926,0.07996310800896554,0.153968949360901,0.07400584135193546,0.045261697853144066,0.23448287479393776,0.18922117694079368,0.08675876978027766,0.4664078133442511,0.37964904356397344,0.1413096112157276,0.48452683348563397,0.34321722226990636,0.17186503738562364,0.49457225468556665,0.322707217299943,559.0,0.5045207956600362,897.0,0.810126582278481,919.0,0.8300180831826401,746.0,0.6735985533453888,538.0,0.48553345388788427,0.48553345388788427,WACC_0p9_WRT_0p1,0.6607594936708862,1097,False,,,False,False,False,False,False,20.0,0.1919191919191919
OCDD,PokerHand,470,0.77,217,0.7419354838709676,0.9539723788541716,0,4,25,475,0.666,"{'nu':0.5,'kernel':'rbf','gamma':'auto'}",0.2006710908444232,0.014681849910628904,0.08415481554018706,0.2006710908444232,0.22287147219125258,0.23228659486150943,-1.7606682797852482,-3.091916252778669,-0.3636769151630123,-2.2626921951286003,2.4656972749710926,0.014681849910628904,0.17209199966534597,0.15741014975471707,0.08415481554018706,0.25573724889822513,0.17158243335803808,0.2006710908444232,0.5102894579673362,0.30961836712291296,0.22287147219125258,0.46834410763107426,0.24547263543982167,0.23228659486150943,0.4965990286456588,0.26431243378414937,627.0,0.566003616636528,991.0,0.895117540687161,1028.0,0.9285714285714286,654.0,0.5904159132007233,546.0,0.49276672694394213,0.49276672694394213,WACC_0p9_WRT_0p1,0.6945750452079565,1098,False,,,False,False,False,False,False,4.0,0.030303030303030304
OCDD,PokerHand,164,0.75,287,0.7096774193548386,0.860737430351594,0,33,99,913,0.787,"{'nu':0.5,'kernel':'rbf','gamma':'auto'}",0.16964511496123802,0.11535767453635576,0.05042543801450709,0.16964511496123802,0.23594249258336752,0.2738975195405099,-1.7606682797852482,-3.091916252778669,-0.3636769151630123,-2.2626921951286003,2.4656972749710926,0.11535767453635576,0.1523024109488282,0.03694473641247245,0.05042543801450709,0.2183704335169474,0.1679449955024403,0.16964511496123802,0.4745113015298923,0.3048661865686543,0.23594249258336752,0.54340054932303,0.3074580567396624,0.2738975195405099,0.5444168841502987,0.27051936460978876,550.0,0.49638336347197104,789.0,0.7124773960216998,943.0,0.8517179023508138,980.0,0.8851717902350814,815.0,0.7359855334538878,0.49638336347197104,WACC_0p1_WRT_0p9,0.7363471971066907,1099,False,,,False,False,False,False,False,33.0,0.32323232323232326
OCDD,PokerHand,31,0.83,396,0.8387096774193548,0.753269283965241,0,63,3512,5000,0.588,"{'nu':0.5,'kernel':'rbf','gamma':'auto'}",0.10917058525984975,0.21625148941726713,0.19013536132521935,0.10917058525984975,0.07898542916134789,0.15051737697093096,-1.7606682797852482,-3.091916252778669,-0.3636769151630123,-2.2626921951286003,2.4656972749710926,0.21625148941726713,0.2135408177949424,0.0027106716223247174,0.19013536132521935,0.19915645416629002,0.009021092841070666,0.10917058525984975,0.38251423126046863,0.2733436460006189,0.07898542916134789,0.48526434429372783,0.40627891513237996,0.15051737697093096,0.5670965465781638,0.41657916960723285,817.0,0.7377938517179023,556.0,0.5018083182640145,576.0,0.5198915009041591,748.0,0.6754068716094033,938.0,0.8471971066907775,0.5018083182640145,WACC_0p3_WRT_0p7,0.6564195298372514,1100,False,,,False,False,False,False,False,63.0,0.6262626262626263
OCDD,PokerHand,177,0.43,286,0.1935483870967741,0.8619020123061318,0,33,1,455,0.999,"{'nu':0.5,'kernel':'rbf','gamma':'auto'}",0.7060418814881064,0.1611840483717321,0.33315797438628986,0.7060418814881064,0.7703623295760608,0.8058472864049872,-1.7606682797852482,-3.091916252778669,-0.3636769151630123,-2.2626921951286003,2.4656972749710926,0.1611840483717321,0.15416552479013923,0.007018523581592884,0.33315797438628986,0.25752154557931,0.07563642880697985,0.7060418814881064,0.5307404114407439,0.17530147004736252,0.7703623295760608,0.5024789170706444,0.26788341250541636,0.8058472864049872,0.5214026908388818,0.28444459556610535,562.0,0.5072332730560579,996.0,0.8996383363471971,1057.0,0.9547920433996383,828.0,0.7477396021699819,679.0,0.6130198915009042,0.5072332730560579,WACC_0p1_WRT_0p9,0.744484629294756,1101,False,,,False,False,False,False,False,33.0,0.32323232323232326
OCDD,PokerHand,654,0.87,320,0.9032258064516128,0.8244162696866761,0,31,4573,3757,0.267,"{'nu':0.5,'kernel':'rbf','gamma':'auto'}",0.07997339786215257,0.1357893599800512,0.13039991871922976,0.07997339786215257,0.027716424426160884,0.07763302257801107,-1.7606682797852482,-3.091916252778669,-0.3636769151630123,-2.2626921951286003,2.4656972749710926,0.1357893599800512,0.15509482788835308,0.01930546790830187,0.13039991871922976,0.21166073735867422,0.08126081863944445,0.07997339786215257,0.3922109318895574,0.31223753402740484,0.027716424426160884,0.4556106197777829,0.427894195351622,0.07763302257801107,0.5092356048466745,0.43160258226866344,565.0,0.5099457504520796,734.0,0.6627486437613019,627.0,0.566003616636528,600.0,0.5415913200723327,601.0,0.5424954792043399,0.5099457504520796,WACC_0p1_WRT_0p9,0.5645569620253164,1102,False,,,False,False,False,False,False,31.0,0.30303030303030304
OCDD,PokerHand,194,0.74,994,0.693548387096774,0.445637286178447,0,95,3147,3582,0.999,"{'nu':0.5,'kernel':'rbf','gamma':'auto'}",0.32797936528883653,0.5519648245129252,0.47765564111728076,0.32797936528883653,0.16219169487569807,0.32773360608672436,-1.7606682797852482,-3.091916252778669,-0.3636769151630123,-2.2626921951286003,2.4656972749710926,0.5519648245129252,0.2614807937427028,0.2904840307702224,0.47765564111728076,0.2101648761113322,0.2674907650059486,0.32797936528883653,0.37967471144998355,0.051695346161147016,0.16219169487569807,0.5040323441221249,0.3418406492464269,0.32773360608672436,0.5802435736132822,0.2525099675265578,997.0,0.9005424954792043,713.0,0.64376130198915,567.0,0.5117540687160941,837.0,0.755877034358047,984.0,0.8887884267631103,0.5117540687160941,WACC_0p5_WRT_0p5,0.7401446654611211,1103,False,,,False,False,False,False,False,95.0,0.9494949494949495
OCDD,PokerHand,870,0.69,273,0.6129032258064514,0.8774221549555011,0,29,161,4200,0.539,"{'nu':0.5,'kernel':'rbf','gamma':'auto'}",0.28161102553159756,0.10668892673566188,0.09478049500313641,0.28161102553159756,0.3397339619938983,0.37216206307911853,-1.7606682797852482,-3.091916252778669,-0.3636769151630123,-2.2626921951286003,2.4656972749710926,0.10668892673566188,0.15526391062075043,0.048574983885088546,0.09478049500313641,0.21022486585505296,0.11544437085191654,0.28161102553159756,0.5050605724328852,0.2234495469012876,0.3397339619938983,0.5912502616850597,0.25151629969116135,0.37216206307911853,0.6445427237941594,0.2723806607150409,567.0,0.5117540687160941,716.0,0.6464737793851718,1018.0,0.9195298372513563,1076.0,0.9719710669077758,1095.0,0.9891500904159132,0.5117540687160941,WACC_0p1_WRT_0p9,0.8077757685352621,1104,False,,,False,False,False,False,False,29.0,0.2828282828282828
OCDD,PokerHand,697,0.65,368,0.5483870967741935,0.7777576758137518,0,63,30,908,0.929,"{'nu':0.5,'kernel':'rbf','gamma':'auto'}",0.2796115110027859,0.21704508197843458,0.10129805797515433,0.2796115110027859,0.3847894743608515,0.4476027130196241,-1.7606682797852482,-3.091916252778669,-0.3636769151630123,-2.2626921951286003,2.4656972749710926,0.21704508197843458,0.15573888984817982,0.06130619213025476,0.10129805797515433,0.2410241264708595,0.13972606849570518,0.2796115110027859,0.5298679306885709,0.25025641968578494,0.3847894743608515,0.5591218540461962,0.1743323796853447,0.4476027130196241,0.593924732133914,0.14632201911428983,570.0,0.5144665461121157,930.0,0.8399638336347197,1055.0,0.9529837251356239,1019.0,0.9204339963833634,1020.0,0.9213381555153707,0.5144665461121157,WACC_0p1_WRT_0p9,0.8298372513562388,1105,False,,,False,False,False,False,False,63.0,0.6262626262626263
OCDD,PokerHand,891,0.9,498,0.9516129032258064,0.6767067483558,0,54,1996,1446,0.759,"{'nu':0.5,'kernel':'rbf','gamma':'auto'}",0.2667271585123232,0.2862181113578368,0.29425056785726306,0.2667271585123232,0.11735684214858742,0.040993561549624156,-1.7606682797852482,-3.091916252778669,-0.3636769151630123,-2.2626921951286003,2.4656972749710926,0.2862181113578368,0.18255777778341567,0.10366033357442114,0.29425056785726306,0.204924695699517,0.08932587215774607,0.2667271585123232,0.3993832761644244,0.13265611765210117,0.11735684214858742,0.45229403881321334,0.3349371966646259,0.040993561549624156,0.5062722909617785,0.46527872941215437,673.0,0.6075949367088608,642.0,0.5795660036166366,658.0,0.5940325497287523,584.0,0.527124773960217,577.0,0.5207956600361664,0.5207956600361664,WACC_0p9_WRT_0p1,0.5658227848101266,1106,False,,,False,False,False,False,False,54.0,0.5353535353535354
OCDD,PokerHand,271,0.86,327,0.8870967741935483,0.8171934354442612,0,40,4204,5000,0.39,"{'nu':0.5,'kernel':'rbf','gamma':'auto'}",0.07631044104244315,0.14483106271136018,0.13437149523480352,0.07631044104244315,0.042835378175153066,0.09490716674135974,-1.7606682797852482,-3.091916252778669,-0.3636769151630123,-2.2626921951286003,2.4656972749710926,0.14483106271136018,0.16686961083227145,0.022038548120911272,0.13437149523480352,0.20790699312078625,0.07353549788598274,0.07631044104244315,0.39628404831902764,0.31997360727658447,0.042835378175153066,0.4831570623907473,0.44032168421559426,0.09490716674135974,0.5443767983193918,0.44946963157803205,609.0,0.5497287522603979,688.0,0.6211573236889693,646.0,0.5831826401446655,735.0,0.6636528028933092,814.0,0.7350813743218807,0.5497287522603979,WACC_0p1_WRT_0p9,0.6305605786618445,1107,False,,,False,False,False,False,False,40.0,0.3939393939393939
