Status,ACCURACY,RUNTIME,recent_samples_size,n_reference_samples,recent_samples_proportion,threshold
Completed,0.59,21,1699,1963,0.356,0.225
Completed,0.56,8,349,3702,0.854,0.82
Completed,0.71,125,3522,157,0.084,0.377
Completed,0.55,9,3185,4819,0.771,0.183
Completed,0.55,9,129,1313,0.04,0.611
Completed,0.56,15,1285,3023,0.547,0.465
Completed,0.6,45,4456,924,0.268,0.771
Completed,0.57,16,3895,3348,0.216,0.978
Completed,0.64,55,1934,604,0.971,0.285
Completed,0.51,7,739,3889,0.473,0.638
Completed,0.58,12,2507,2239,0.713,0.068
Completed,0.49,7,2718,3940,0.03,0.859
Completed,0.57,13,513,2792,0.763,0.403
Completed,0.61,21,475,942,0.187,0.766
Completed,0.59,17,4505,3748,0.793,0.285
Completed,0.63,13,3009,2303,0.347,0.575
Completed,0.54,8,1,1440,0.86,0.717
Completed,0.53,13,913,2426,0.781,0.431
Completed,0.53,6,2063,3238,0.289,0.523
Completed,0.68,84,3985,319,0.525,0.218
Completed,0.58,20,4674,2899,0.958,0.034
Completed,0.65,41,1462,662,0.23,0.727
Completed,0.55,6,273,4846,0.731,0.319
Completed,0.63,23,3290,1516,0.456,0.89
Completed,0.57,15,3734,3499,0.642,0.677
Completed,0.72,63,523,131,0.422,0.122
Completed,0.56,11,1828,4363,0.914,0.955
Completed,0.56,24,4845,2087,0.147,0.278
Completed,0.57,16,4284,4668,0.339,0.473
Completed,0.59,13,2477,1787,0.598,0.794
Completed,0.57,14,1133,2550,0.098,0.13
Completed,0.57,13,4755,4101,0.581,0.546
Completed,0.46,8,1,882,0.999,0.001
Completed,0.54,7,2163,5000,0.999,0.001
Completed,0.55,10,1715,3979,0.001,0.232
Completed,0.64,15,2115,374,0.999,0.001
Completed,0.53,11,2796,3952,0.999,0.248
Completed,0.53,15,5000,5000,0.001,0.999
Completed,0.53,12,5000,5000,0.001,0.001
Completed,0.56,9,5000,4134,0.999,0.001
Completed,0.54,10,5000,5000,0.999,0.001
Completed,0.52,7,4534,5000,0.999,0.999
Completed,0.61,19,395,775,0.999,0.001
Completed,0.62,44,1642,653,0.999,0.001
Completed,0.59,47,4500,34,0.999,0.999
Completed,0.58,8,1,430,0.701,0.001
Completed,0.67,41,730,381,0.999,0.716
Completed,0.53,6,1,1647,0.523,0.686
Completed,0.55,8,3396,4285,0.999,0.741
Completed,0.52,7,2151,2558,0.999,0.999
Completed,0.55,14,4779,3937,0.999,0.891
Completed,0.58,7,2176,3012,0.999,0.827
Completed,0.6,17,5000,2752,0.999,0.529
Completed,0.55,23,3956,2250,0.001,0.633
Completed,0.52,105,1,4065,0.001,0.999
Completed,0.58,20,1612,2233,0.001,0.631
Completed,0.61,19,1973,3066,0.001,0.001
Completed,0.49,7,1,2879,0.999,0.001
Completed,0.56,19,2370,2217,0.001,0.999
Completed,0.62,16,5000,3275,0.001,0.001
Completed,0.57,13,5000,2637,0.999,0.999
Completed,0.61,15,2968,2281,0.999,0.633
Completed,0.52,7,1,5000,0.999,0.668
Completed,0.54,10,4496,5000,0.999,0.672
Completed,0.54,10,2291,5000,0.999,0.822
Completed,0.53,8,146,2871,0.999,0.742
Completed,0.53,11,1308,5000,0.001,0.622
Completed,0.58,14,4043,4107,0.001,0.705
Completed,0.6,15,4663,3374,0.001,0.711
Completed,0.57,11,3142,3571,0.999,0.001
Completed,0.52,6,1385,5000,0.999,0.999
Completed,0.57,12,1698,3844,0.999,0.532
Completed,0.52,10,4678,1917,0.999,0.999
Completed,0.59,34,1882,1123,0.999,0.804
Completed,0.59,24,1035,1361,0.999,0.386
Completed,0.55,16,5000,3558,0.001,0.378
Completed,0.59,15,3324,2941,0.999,0.816
Completed,0.54,19,4404,2391,0.001,0.001
Completed,0.54,18,5000,3940,0.001,0.001
Completed,0.6,20,3205,1522,0.999,0.427
Completed,0.53,8,335,3628,0.999,0.303
Completed,0.54,11,1630,5000,0.001,0.198
Completed,0.57,8,475,3423,0.001,0.354
Completed,0.58,10,1,238,0.999,0.001
Completed,0.54,9,712,4415,0.999,0.212
Completed,0.56,10,2796,3581,0.999,0.682
Completed,0.6,17,3396,3082,0.001,0.271
Completed,0.59,26,5000,1853,0.999,0.449
Completed,0.54,12,937,2431,0.999,0.899
Completed,0.55,7,152,4285,0.001,0.001
Completed,0.55,7,2329,4226,0.999,0.001
Completed,0.53,7,21,5000,0.999,0.001
Completed,0.52,13,5000,4533,0.001,0.722
Completed,0.65,54,4907,603,0.999,0.001
Completed,0.56,8,129,4206,0.001,0.327
Completed,0.58,19,3454,2241,0.999,0.25
Completed,0.55,13,3407,2563,0.999,0.001
Completed,0.62,28,4197,1354,0.189,0.001
Completed,0.68,153,4554,193,0.999,0.001
Completed,0.56,43,5000,1188,0.999,0.295
Completed,0.53,16,4854,3802,0.001,0.905
Completed,0.58,8,2937,3227,0.999,0.449
Completed,0.58,30,1279,1045,0.152,0.208
Completed,0.59,41,4098,1161,0.406,0.001
Completed,0.57,34,4394,1183,0.999,0.064
Completed,0.7,62,2829,212,0.999,0.001
Completed,0.54,13,3739,3809,0.068,0.745
Completed,0.53,191,5000,2705,0.001,0.999
Completed,0.52,5,31,3708,0.001,0.001
Completed,0.52,7,4908,3428,0.999,0.999
Completed,0.57,13,4152,3494,0.999,0.373
Completed,0.58,14,1680,3312,0.001,0.62
Completed,0.58,16,2607,1398,0.994,0.557
Completed,0.54,8,415,4444,0.285,0.277
Completed,0.53,9,2749,3687,0.001,0.001
Completed,0.66,44,782,333,0.999,0.288
Completed,0.57,8,1,334,0.999,0.365
Completed,0.64,53,4474,602,0.999,0.729
Completed,0.66,48,3785,463,0.657,0.989
Completed,0.55,8,2292,2712,0.999,0.423
Completed,0.59,24,5000,2320,0.999,0.775
Completed,0.59,24,1644,1802,0.999,0.507
Completed,0.67,30,2315,272,0.999,0.256
Completed,0.52,11,2976,3382,0.224,0.052
Completed,0.71,64,1330,307,0.999,0.001
Completed,0.57,12,1643,4167,0.513,0.332
Completed,0.63,15,2072,294,0.999,0.114
Completed,0.54,11,1559,3615,0.424,0.381
Completed,0.61,27,3122,880,0.527,0.386
Completed,0.57,12,305,2694,0.193,0.666
Completed,0.57,15,108,646,0.887,0.233
Completed,0.55,20,2926,2618,0.332,0.952
Completed,0.6,33,4462,2043,0.688,0.33
Completed,0.53,7,2269,3994,0.025,0.609
Completed,0.62,36,1680,1744,0.411,0.689
Completed,0.54,11,3862,4955,0.871,0.47
Completed,0.68,94,3519,329,0.228,0.872
Completed,0.56,10,710,3519,0.547,0.094
Completed,0.58,18,1034,2311,0.156,0.417
Completed,0.59,10,3216,4115,0.57,0.636
Completed,0.58,54,4161,1246,0.457,0.022
Completed,0.59,18,1354,3031,0.76,0.8
Completed,0.69,131,1966,276,0.679,0.88
Completed,0.55,22,4782,3340,0.11,0.161
Completed,0.65,48,4594,731,0.732,0.607
Completed,0.58,17,1941,3202,0.258,0.221
Completed,0.62,11,582,2164,0.919,0.959
Completed,0.55,11,2924,4538,0.068,0.339
Completed,0.72,66,2673,178,0.949,0.143
Completed,0.55,6,15,2805,0.037,0.529
Completed,0.6,14,2464,1304,0.639,0.292
Completed,0.54,16,4811,3833,0.35,0.912
Completed,0.59,28,4020,2202,0.168,0.754
Completed,0.54,9,1361,4809,0.814,0.384
Completed,0.59,25,1157,1154,0.477,0.687
Completed,0.57,15,3503,3703,0.501,0.051
Completed,0.74,158,1947,149,0.999,0.001
Completed,0.61,27,2490,688,0.04,0.001
Completed,0.52,13,2466,1964,0.828,0.053
Completed,0.54,14,4658,3759,0.383,0.771
Completed,0.6,27,4986,1542,0.87,0.112
Completed,0.56,8,2328,3915,0.144,0.748
Completed,0.71,45,190,104,0.555,0.447
Completed,0.55,11,2537,2575,0.454,0.817
Completed,0.59,18,3060,1924,0.587,0.638
Completed,0.53,8,406,4454,0.422,0.003
Completed,0.55,10,2077,804,0.775,0.801
Completed,0.56,16,4419,3431,0.239,0.431
Completed,0.64,62,4253,531,0.311,0.277
Completed,0.6,17,1599,3080,0.71,0.897
Completed,0.55,22,924,1573,0.123,0.157
Completed,0.55,8,3265,4181,0.894,0.543
Completed,0.62,23,3403,1812,0.385,0.493
Completed,0.56,8,748,4263,0.594,0.863
Completed,0.65,59,1736,457,0.198,0.067
Completed,0.56,18,4077,2850,0.784,0.702
Completed,0.61,25,4499,2090,0.49,0.2
Completed,0.54,7,2153,4619,0.528,0.563
Completed,0.59,20,326,652,0.178,0.367
Completed,0.58,9,2984,3279,0.843,0.995
Completed,0.56,16,2612,1378,0.211,0.547
Completed,0.57,7,270,3751,0.81,0.184
Completed,0.68,30,2253,257,0.395,0.885
Completed,0.55,19,4906,2728,0.622,0.258
Completed,0.62,30,3763,1233,0.922,0.411
Completed,0.55,13,1422,3626,0.088,0.79
Completed,0.6,16,1061,2276,0.737,0.031
Completed,0.56,14,3716,4727,0.276,0.643
Completed,0.58,37,3640,1082,0.029,0.975
Completed,0.55,10,981,3474,0.988,0.355
Completed,0.6,16,1498,2441,0.343,0.59
Completed,0.57,8,3843,4893,0.678,0.204
Completed,0.79,535,4730,27,0.095,0.707
Completed,0.56,9,2388,2655,0.883,0.094
Completed,0.54,8,95,1461,0.285,0.852
Completed,0.57,8,2749,3990,0.698,0.473
Completed,0.6,27,2848,881,0.315,0.048
Completed,0.54,7,501,3351,0.667,0.66
Completed,0.53,6,2017,2006,0.003,0.395
Completed,0.55,11,4675,4379,0.976,0.774
Completed,0.57,25,4157,1655,0.537,0.932
Completed,0.57,13,1812,4107,0.449,0.304
Completed,0.6,28,667,608,0.849,0.502
Completed,0.61,13,3326,3000,0.141,0.139
Completed,0.67,57,3190,378,0.642,0.836
Completed,0.53,10,844,2927,0.371,0.458
Completed,0.6,22,1674,1738,0.954,0.721
Completed,0.53,12,4334,4345,0.056,0.109
Completed,0.57,27,4641,1760,0.045,0.312
Completed,0.56,10,1992,4309,0.941,0.924
Completed,0.68,34,536,346,0.359,0.13
Completed,0.56,11,2872,2954,0.632,0.508
Completed,0.61,13,2784,2313,0.266,0.94
Completed,0.53,5,119,4706,0.725,0.328
Completed,0.55,12,2355,1207,0.075,0.617
Completed,0.57,13,4705,3658,0.911,0.239
Completed,0.69,81,3973,309,0.601,0.085
Completed,0.57,16,1310,2682,0.377,0.713
Completed,0.64,27,1203,1337,0.792,0.482
Completed,0.54,10,3555,3808,0.19,0.844
Completed,0.58,19,3579,2360,0.757,0.32
Completed,0.59,11,1238,4967,0.234,0.947
Completed,0.57,31,1285,1005,0.567,0.248
Completed,0.59,13,3939,3554,0.419,0.611
Completed,0.62,39,4882,968,0.43,0.781
Completed,0.49,7,2218,3576,0.58,0.419
Completed,0.55,9,296,2387,0.246,0.652
Completed,0.54,7,2646,4936,0.767,0.024
Completed,0.63,39,3009,586,0.152,0.466
Completed,0.55,9,360,3038,0.862,0.828
Completed,0.53,9,2129,1687,0.462,0.102
Completed,0.57,14,4465,4080,0.548,0.73
Completed,0.59,26,4357,1960,0.996,0.572
Completed,0.53,11,1709,4431,0.021,0.194
Completed,0.6,21,819,937,0.686,0.986
Completed,0.53,12,3156,3310,0.335,0.374
Completed,0.64,43,3292,698,0.823,0.666
Completed,0.54,9,643,3228,0.16,0.038
Completed,0.61,22,1846,2034,0.509,0.766
Completed,0.59,15,4182,4661,0.47,0.404
Completed,0.69,78,4394,421,0.803,0.904
Completed,0.52,6,2044,2872,0.219,0.269
Completed,0.58,12,430,1839,0.614,0.537
Completed,0.58,11,3095,4232,0.403,0.166
Completed,0.59,19,2561,1133,0.52,0.347
Completed,0.53,6,225,3740,0.498,0.982
Completed,0.55,9,2303,2233,0.835,0.213
Completed,0.56,13,4952,4783,0.187,0.584
Completed,0.57,35,3868,1258,0.363,0.741
Completed,0.58,11,1531,3885,0.651,0.122
Completed,0.7,68,957,235,0.048,0.824
Completed,0.59,16,3606,2764,0.962,0.439
Completed,0.63,29,3691,1410,0.718,0.178
Completed,0.55,11,1028,4037,0.303,0.556
Completed,0.74,202,1446,69,0.902,0.265
Completed,0.61,21,3798,2599,0.116,0.877
Completed,0.62,21,4776,2464,0.659,0.377
Completed,0.53,7,2441,4856,0.323,0.763
Completed,0.55,9,48,1050,0.968,0.058
Completed,0.54,9,2698,3501,0.011,0.678
Completed,0.61,18,2957,1610,0.876,0.872
Completed,0.55,9,607,4159,0.103,0.486
Completed,0.68,68,1906,504,0.69,0.693
Completed,0.57,17,4570,3112,0.293,0.073
Completed,0.62,47,4111,855,0.226,0.228
Completed,0.58,14,1760,3385,0.764,0.598
Completed,0.57,14,714,1883,0.412,0.332
Completed,0.55,12,3377,4510,0.575,0.967
Completed,0.59,19,3241,2113,0.08,0.012
Completed,0.54,9,889,4584,0.929,0.632
Completed,0.6,43,1624,773,0.269,0.423
Completed,0.58,18,4287,3146,0.745,0.809
Completed,0.59,25,4551,2300,0.898,0.683
Completed,0.57,15,1887,4752,0.112,0.055
Completed,0.55,18,586,1219,0.714,0.75
Completed,0.56,9,2938,3611,0.3,0.388
Completed,0.63,15,2717,1753,0.682,0.071
Completed,0.53,7,69,4360,0.332,0.698
Completed,0.66,34,2459,353,0.992,0.497
Completed,0.58,22,4796,2902,0.017,0.86
Completed,0.64,53,4025,627,0.466,0.955
Completed,0.59,15,1375,3255,0.551,0.343
Completed,0.57,17,1114,2105,0.156,0.603
Completed,0.55,8,3449,4634,0.866,0.225
Completed,0.71,130,3469,151,0.442,0.52
Completed,0.57,15,1132,2524,0.545,0.15
Completed,0.56,25,1396,1486,0.133,0.92
Completed,0.56,13,4044,3957,0.857,0.285
Completed,0.58,14,3888,3337,0.938,0.007
Completed,0.64,54,4933,593,0.513,0.161
Completed,0.52,8,2284,2986,0.474,0.539
Completed,0.52,10,205,1680,0.826,0.281
Completed,0.54,8,2541,4131,0.164,0.893
Completed,0.62,30,3114,980,0.796,0.586
Completed,0.54,10,451,3529,0.194,0.208
Completed,0.55,9,2062,2374,0.606,0.971
Completed,0.57,16,4414,4982,0.381,0.359
Completed,0.61,28,4268,1475,0.072,0.451
Completed,0.55,14,1603,4005,0.907,0.813
Completed,0.54,14,3221,2630,0.72,0.744
Completed,0.71,80,3397,243,0.25,0.296
Completed,0.55,11,733,2714,0.771,0.908
Completed,0.59,31,1780,1403,0.434,0.147
Completed,0.58,15,4131,3776,0.583,0.525
Completed,0.58,17,4339,2790,0.327,0.18
Completed,0.58,39,4485,1140,0.13,0.027
Completed,0.54,7,2148,3688,0.853,0.647
Completed,0.56,10,380,2226,0.438,0.408
Completed,0.52,7,3028,4834,0.541,0.793
Completed,0.63,35,2627,433,0.408,0.725
Completed,0.56,8,275,2825,0.571,0.105
Completed,0.53,11,2198,1827,0.222,0.84
Completed,0.55,13,4862,4278,0.761,0.454
Completed,0.57,21,3817,2179,0.694,0.363
Completed,0.52,8,1466,4552,0.297,0.998
Completed,0.6,34,1047,707,0.879,0.196
Completed,0.57,15,3711,3178,0.107,0.566
Completed,0.63,21,3626,2031,0.354,0.798
Completed,0.57,9,976,4404,0.628,0.435
Completed,0.62,42,1552,866,0.041,0.635
Completed,0.56,14,3954,4478,0.215,0.664
Completed,0.57,31,4726,1598,0.273,0.505
Completed,0.51,7,2374,4205,0.749,0.135
Completed,0.57,14,139,516,0.084,0.935
Completed,0.58,10,2802,3065,0.934,0.3
Completed,0.57,13,2853,2456,0.052,0.244
Completed,0.52,7,516,4907,0.966,0.615
Completed,0.64,36,1973,1057,0.367,0.316
Completed,0.57,14,4621,3450,0.654,0.951
Completed,0.73,221,4201,80,0.831,0.855
Completed,0.6,20,1865,2551,0.182,0.469
Completed,0.55,15,662,1557,0.516,0.71
Completed,0.56,10,3312,3930,0.494,0.091
Completed,0.6,22,3135,1328,0.972,0.889
Completed,0.52,10,800,3858,0.014,0.254
Completed,0.73,131,1689,164,0.664,0.551
Completed,0.55,16,4177,3716,0.148,0.324
Completed,0.71,113,4656,210,0.339,0.478
Completed,0.55,16,1997,2740,0.674,0.848
Completed,0.54,17,483,1272,0.025,0.081
Completed,0.56,10,2828,3899,0.985,0.717
Completed,0.61,29,2769,759,0.12,0.77
Completed,0.59,7,114,3131,0.89,0.4
Completed,0.54,11,2409,2138,0.307,0.67
Completed,0.55,9,4749,4609,0.706,0.034
Completed,0.61,24,3919,1864,0.779,0.126
Completed,0.57,11,1266,4256,0.242,0.512
Completed,0.68,57,1218,406,0.591,0.308
Completed,0.56,15,3560,2857,0.426,0.928
Completed,0.62,41,3535,789,0.611,0.391
Completed,0.58,14,1184,3416,0.4,0.777
Completed,0.6,22,1290,1949,0.799,0.044
Completed,0.54,13,3783,4174,0.254,0.832
Completed,0.61,26,4887,1898,0.202,0.99
Completed,0.52,7,2232,4525,0.788,0.37
Completed,0.56,14,252,831,0.388,0.576
Completed,0.56,9,2593,3360,0.598,0.19
Completed,0.59,25,3004,1511,0.481,0.261
Completed,0.59,8,345,3982,0.505,0.881
Completed,0.72,33,2173,136,0.172,0.174
Completed,0.55,17,4519,2510,0.819,0.56
Completed,0.59,42,4314,1035,0.636,0.656
Completed,0.57,15,1656,3487,0.347,0.02
Completed,0.56,12,824,2488,0.945,0.785
Completed,0.56,11,3170,4881,0.033,0.415
Completed,0.59,16,3346,2248,0.559,0.621
Completed,0.55,9,688,4797,0.458,0.235
Completed,0.61,30,1830,1108,0.873,0.944
Completed,0.55,10,4233,4720,0.887,0.978
Completed,0.56,34,4438,1352,0.563,0.82
Completed,0.53,6,2097,3822,0.415,0.442
Completed,0.67,36,426,285,0.752,0.737
Completed,0.61,15,3080,2658,0.23,0.125
Completed,0.53,10,2516,2058,0.845,0.427
Completed,0.55,8,171,4685,0.137,0.805
Completed,0.6,17,2308,684,0.533,0.016
Completed,0.56,16,4967,3213,0.446,0.628
Completed,0.7,80,3864,332,0.007,0.533
Completed,0.58,18,1517,2939,0.98,0.17
Completed,0.54,21,1001,1784,0.319,0.9
Completed,0.57,13,3659,4333,0.671,0.272
Completed,0.64,58,3735,480,0.915,0.098
Completed,0.6,11,1082,3087,0.063,0.734
Completed,0.62,23,1441,1625,0.728,0.462
Completed,0.51,19,4000,3013,0.523,0.49
Completed,0.6,43,4830,913,0.958,0.335
Completed,0.58,9,2484,3286,0.06,0.963
Completed,0.53,8,34,1975,0.646,0.231
Completed,0.59,9,2693,4446,0.375,0.594
Completed,0.73,123,2904,55,0.741,0.916
Completed,0.6,11,563,2584,0.281,0.289
Completed,0.61,32,1921,1434,0.926,0.516
Completed,0.54,13,4576,4061,0.092,0.154
Completed,0.62,21,4097,2411,0.391,0.062
Completed,0.56,8,1755,4960,0.618,0.674
Completed,0.61,25,768,954,0.207,0.38
Completed,0.59,11,3421,3561,0.807,0.759
Completed,0.55,26,3246,1183,0.289,0.217
Completed,0.58,8,904,3634,0.701,0.58
Completed,0.61,23,1580,2328,0.099,0.35
Completed,0.56,13,4085,4944,0.101,0.822
Completed,0.58,31,4583,1438,0.418,0.976
Completed,0.56,13,1933,4046,0.565,0.348
Completed,0.78,131,556,44,0.227,0.581
Completed,0.52,10,2892,2593,0.751,0.219
Completed,0.62,13,2686,1991,0.135,0.27
Completed,0.53,7,21,4442,0.844,0.898
Completed,0.61,18,2492,905,0.448,0.172
Completed,0.57,18,4842,3298,0.534,0.534
Completed,0.66,58,3993,553,0.982,0.626
Completed,0.61,15,1330,3024,0.008,0.014
Completed,0.59,20,1144,1717,0.669,0.806
Completed,0.57,11,3496,4090,0.317,0.428
Completed,0.56,27,3484,1702,0.175,0.689
Completed,0.52,10,1138,4095,0.839,0.077
Completed,0.62,51,1342,562,0.486,0.868
Completed,0.55,15,3856,2941,0.487,0.334
Completed,0.62,58,4979,665,0.062,0.492
Completed,0.52,8,2315,3214,0.959,0.87
Completed,0.53,8,159,2064,0.373,0.076
Completed,0.53,6,2510,4671,0.645,0.688
Completed,0.68,63,3068,283,0.278,0.761
Completed,0.55,9,418,2675,0.74,0.383
Completed,0.59,8,2110,1364,0.094,0.672
Completed,0.56,15,4446,3816,0.927,0.06
Completed,0.6,22,4221,2342,0.62,0.156
Completed,0.58,12,1573,4715,0.393,0.519
Completed,0.58,24,916,1182,0.804,0.287
Completed,0.51,13,3253,3653,0.205,0.915
Completed,0.58,33,3429,942,0.699,0.123
Completed,0.57,14,780,3569,0.287,0.735
Completed,0.57,19,1747,2414,0.89,0.444
Completed,0.58,15,4306,3487,0.872,0.48
Completed,0.73,185,4531,119,0.672,0.322
Completed,0.58,8,2180,2511,0.338,0.942
Completed,0.6,12,333,1518,0.987,0.237
Completed,0.51,9,2997,3969,0.027,0.623
Completed,0.56,20,2580,830,0.893,0.927
Completed,0.53,7,244,3379,0.121,0.307
Completed,0.54,11,2245,1912,0.704,0.514
Completed,0.55,16,4894,4519,0.306,0.128
Completed,0.55,27,3771,1638,0.24,0.033
Completed,0.56,12,1434,4167,0.777,0.668
Completed,0.66,51,1094,478,0.429,0.402
Completed,0.57,16,3742,3105,0.593,0.773
Completed,0.61,22,3672,1791,0.837,0.596
Completed,0.54,10,1009,4320,0.173,0.234
Completed,0.7,75,1505,314,0.526,0.962
Completed,0.56,14,3907,4241,0.727,0.988
Completed,0.58,20,4757,2141,0.786,0.834
Completed,0.54,7,2421,4592,0.201,0.463
Completed,0.54,11,107,747,0.6,0.731
Completed,0.54,10,2757,3139,0.39,0.096
Completed,0.57,19,2821,1287,0.507,0.416
Completed,0.52,7,470,3895,0.482,0.787
Completed,0.55,11,2004,201,0.816,0.018
Completed,0.59,23,4668,2750,0.17,0.653
Completed,0.55,38,4170,1100,0.344,0.561
Completed,0.58,13,1819,3727,0.634,0.176
Completed,0.57,13,695,2265,0.036,0.879
Completed,0.54,9,3358,4794,0.946,0.259
Completed,0.57,16,3183,2494,0.461,0.715
Completed,0.55,6,831,4867,0.561,0.08
Completed,0.59,36,1643,1017,0.145,0.85
Completed,0.59,21,4213,2548,0.661,0.025
Completed,0.59,39,4614,1072,0.852,0.183
Completed,0.55,18,1961,3446,0.127,0.553
Completed,0.56,12,523,2447,0.542,0.252
Completed,0.54,7,2865,4918,0.44,0.888
Completed,0.63,38,2810,520,0.572,0.569
Completed,0.53,7,152,3049,0.41,0.199
Completed,0.57,10,2366,1586,0.759,0.997
Completed,0.54,14,4713,4213,0.22,0.361
Completed,0.61,25,3961,1938,0.295,0.457
Completed,0.56,7,1302,4487,0.691,0.843
Completed,0.6,32,1177,794,0.108,0.103
Completed,0.59,12,3523,3401,0.882,0.723
Completed,0.69,74,3567,396,0.066,0.191
Completed,0.58,15,1230,2867,0.916,0.577
Completed,0.57,21,1259,1868,0.252,0.368
Completed,0.57,8,3824,4570,0.797,0.507
Completed,0.61,24,4849,1826,0.747,0.661
Completed,0.52,6,2192,4297,0.27,0.041
Completed,0.64,22,288,447,0.935,0.779
Completed,0.56,12,2634,2820,0.087,0.393
Completed,0.59,15,3040,2208,0.967,0.088
Completed,0.57,8,387,4835,0.054,0.708
Completed,0.56,13,2136,1146,0.653,0.471
Completed,0.57,13,4477,3676,0.365,0.857
Completed,0.71,109,4351,169,0.181,0.949
Completed,0.59,18,1696,2777,0.829,0.313
Completed,0.57,18,788,1309,0.496,0.616
Completed,0.56,10,3128,3858,0.518,0.246
Completed,0.56,24,3304,1549,0.016,0.796
Completed,0.53,9,650,3942,0.974,0.41
Completed,0.75,219,1873,96,0.325,0.645
Completed,0.56,13,4275,4023,0.436,0.68
Completed,0.58,20,4402,2373,0.113,0.527
Completed,0.51,6,2055,4999,0.9,0.148
Completed,0.58,17,463,993,0.298,0.906
Completed,0.58,11,3121,3523,0.712,0.293
Completed,0.56,11,2554,1661,0.33,0.226
Completed,0.53,8,212,4132,0.68,0.605
Completed,0.62,17,2272,599,0.019,0.34
Completed,0.59,20,4925,2972,0.995,0.952
Completed,0.63,42,3899,873,0.553,0.861
Completed,0.59,15,1559,3324,0.469,0.499
Completed,0.53,16,964,2013,0.864,0.696
Completed,0.57,13,3618,4406,0.153,0.068
Completed,0.64,44,3699,720,0.401,0.298
Completed,0.59,14,1039,3171,0.613,0.933
Completed,0.61,20,1479,2177,0.213,0.137
Completed,0.61,18,4037,3250,0.044,0.164
Completed,0.66,82,4789,370,0.475,0.005
Completed,0.55,8,2447,2899,0.516,0.633
Completed,0.54,7,76,1744,0.163,0.437
Completed,0.53,7,2729,4371,0.824,0.8
Completed,0.54,22,2946,1223,0.193,0.742
Completed,0.58,8,599,3596,0.794,0.115
Completed,0.6,19,1880,2290,0.382,0.816
Completed,0.55,11,4538,4761,0.608,0.453
Completed,0.63,37,4138,1391,0.909,0.357
Completed,0.56,14,1792,3784,0.074,0.969
Completed,0.68,54,726,246,0.719,0.21
Completed,0.62,21,3385,2697,0.259,0.588
Completed,0.81,594,3209,17,0.77,0.389
Completed,0.58,12,863,2625,0.248,0.752
Completed,0.63,27,1616,1475,0.585,0.053
Completed,0.55,23,4119,3394,0.266,0.902
Completed,0.65,86,4559,493,0.217,0.81
Completed,0.57,23,1899,3120,0.801,0.424
Completed,0.57,15,619,1613,0.405,0.63
Completed,0.59,9,2965,4143,0.617,0.01
Completed,0.63,20,2710,1041,0.499,0.44
Completed,0.5,6,56,3512,0.522,0.826
Completed,0.55,9,2428,2479,0.185,0.119
Completed,0.55,11,4769,4852,0.833,0.739
Completed,0.58,30,4056,1503,0.649,0.585
Completed,0.57,12,1403,3954,0.361,0.215
Completed,0.7,68,1120,143,0.963,0.98
Completed,0.6,18,3462,2536,0.05,0.344
Completed,0.56,30,3442,2095,0.626,0.891
Completed,0.6,11,1101,4644,0.352,0.279
Completed,0.63,44,1383,643,0.939,0.542
Completed,0.55,13,3881,3871,0.131,0.379
Completed,0.58,23,4945,2240,0.321,0.283
Completed,0.51,7,2291,4770,0.657,0.919
Completed,0.55,12,232,1115,0.012,0.152
Completed,0.51,8,2573,3742,0.971,0.522
Completed,0.52,19,3102,1853,0.105,0.966
Completed,0.53,8,443,4227,0.878,0.33
Completed,0.62,11,2036,420,0.291,0.6
Completed,0.6,17,4382,2891,0.687,0.23
Completed,0.64,50,4294,771,0.763,0.072
Completed,0.57,14,1636,3164,0.223,0.692
Completed,0.54,17,882,2126,0.576,0.488
Completed,0.6,11,3229,4577,0.414,0.874
Completed,0.6,21,3365,1887,0.931,0.168
Completed,0.53,12,707,4495,0.083,0.538
Completed,0.56,44,1772,845,0.744,0.266
Completed,0.59,14,4370,4418,0.511,0.311
Completed,0.6,29,4458,1693,0.943,0.406
Completed,0.56,7,2117,4066,0.047,0.769
Completed,0.65,22,367,567,0.631,0.037
Completed,0.55,11,3021,3038,0.356,0.665
Completed,0.54,12,2654,2400,0.723,0.847
Completed,0.53,10,308,4929,0.264,0.484
Completed,0.59,13,2210,966,0.912,0.711
Completed,0.55,16,4870,3594,0.078,0.084
Completed,0.77,338,3805,69,0.378,0.241
Completed,0.58,14,1458,2618,0.604,0.62
Completed,0.61,28,1021,1424,0.189,0.326
Completed,0.58,12,3679,4031,0.79,0.938
Completed,0.72,104,3598,216,0.546,0.676
Completed,0.55,11,945,2765,0.444,0.056
Completed,0.6,26,1539,1263,0.855,0.765
Completed,0.56,20,3981,2690,0.904,0.783
Completed,0.58,47,4693,1197,0.581,0.875
Completed,0.54,7,2348,3667,0.433,0.263
Completed,0.52,10,131,2317,0.766,0.558
Completed,0.54,9,2791,4690,0.244,0.18
Completed,0.68,52,2884,338,0.86,0.372
Completed,0.56,8,544,2965,0.149,0.984
Completed,0.59,29,1979,1776,0.549,0.195
Completed,0.57,13,4634,4306,0.465,0.573
Completed,0.54,26,4194,2049,0.023,0.728
Completed,0.54,11,1852,4657,0.999,0.1
Completed,0.6,26,631,689,0.334,0.83
Completed,0.58,13,3285,3238,0.683,0.467
Completed,0.63,32,3148,920,0.159,0.51
Completed,0.58,10,806,3312,0.82,0.132
Completed,0.6,22,1717,1967,0.471,0.923
Completed,0.56,9,4150,4117,0.955,0.202
Completed,0.62,24,4687,1998,0.53,0.107
Completed,0.53,6,2024,4391,0.492,0.719
Completed,0.57,21,489,897,0.84,0.461
Completed,0.55,10,2841,3349,0.177,0.839
Completed,0.59,18,2736,1450,0.808,0.641
Completed,0.51,6,88,3999,0.209,0.029
Completed,0.77,107,2401,32,0.625,0.792
Completed,0.6,22,4738,2639,0.397,0.414
Completed,0.62,37,3927,1008,0.09,0.256
Completed,0.57,11,1278,3537,0.923,0.884
Completed,0.59,18,1250,2348,0.274,0.187
Completed,0.56,9,3586,4975,0.735,0.549
Completed,0.58,33,3543,1340,0.302,0.022
Completed,0.59,10,1196,3791,0.716,0.65
Completed,0.7,71,1322,297,0.117,0.42
Completed,0.61,24,1945,2431,0.396,0.607
Completed,0.56,7,3074,4761,0.507,0.094
Completed,0.59,42,4411,1128,0.072,0.796
Completed,0.55,8,609,3564,0.963,0.253
Completed,0.55,9,2600,3769,0.283,0.317
Completed,0.63,34,2977,657,0.665,0.14
Completed,0.54,8,314,3265,0.314,0.503
Completed,0.53,8,2160,2071,0.978,0.302
Completed,0.54,13,4512,4620,0.004,0.929
Completed,0.56,25,4326,1720,0.452,0.775
Completed,0.59,13,1662,4347,0.538,0.397
Completed,0.65,41,851,384,0.139,0.657
Completed,0.58,14,3201,2914,0.848,0.045
Completed,0.6,36,3339,623,0.368,0.993
Completed,0.57,11,675,2996,0.641,0.365
Completed,0.59,31,1799,1646,0.058,0.565
Completed,0.62,29,2372,487,0.214,0.196
Completed,0.61,12,2649,2952,0.82,0.744
Completed,0.54,28,4907,1820,0.258,0.397
Completed,0.54,7,115,4120,0.646,0.912
Completed,0.57,12,271,1637,0.044,0.033
Completed,0.56,11,4751,4298,0.935,0.518
Completed,0.63,55,2804,431,0.486,0.372
Completed,0.55,10,2217,3004,0.597,0.827
Completed,0.54,14,1421,842,0.87,0.998
Completed,0.55,19,3558,3220,0.229,0.45
Completed,0.59,20,3956,2165,0.662,0.659
Completed,0.55,12,1024,4397,0.301,0.143
Completed,0.74,112,755,92,0.69,0.426
Completed,0.61,29,4228,2723,0.329,0.876
Completed,0.61,31,3220,1278,0.78,0.233
Completed,0.54,12,1762,4037,0.139,0.715
Completed,0.56,11,2112,1223,0.68,0.099
Completed,0.55,13,2871,3464,0.292,0.584
Completed,0.57,24,4656,2410,0.848,0.307
Completed,0.58,8,327,4777,0.242,0.76
Completed,0.54,16,453,1082,0.347,0.63
Completed,0.58,16,4566,3605,0.735,0.18
Completed,0.57,16,2919,2239,0.187,0.961
Completed,0.51,6,2100,4949,0.793,0.479
Completed,0.61,29,1606,1554,0.551,0.34
Completed,0.59,13,3376,3756,0.413,0.853
Completed,0.72,141,4073,202,0.977,0.007
Completed,0.64,13,910,2608,0.121,0.551
Completed,0.57,21,1180,1880,0.887,0.771
Completed,0.54,13,3800,4687,0.032,0.286
Completed,0.64,53,3714,742,0.578,0.574
Completed,0.56,19,1266,3325,0.44,0.119
Completed,0.53,11,2322,1759,0.991,0.689
Completed,0.53,9,2658,4176,0.1,0.238
Completed,0.61,59,4779,621,0.542,0.902
Completed,0.56,8,202,2814,0.431,0.421
Completed,0.6,13,45,335,0.751,0.54
Completed,0.59,18,4936,3104,0.145,0.028
Completed,0.61,14,2501,1659,0.715,0.863
Completed,0.54,7,2479,4280,0.327,0.319
Completed,0.56,26,1394,2071,0.085,0.491
Completed,0.53,9,3628,4496,0.941,0.942
Completed,0.61,47,3850,864,0.386,0.168
Completed,0.58,16,1172,3203,0.525,0.648
Completed,0.57,20,802,1374,0.484,0.931
Completed,0.57,16,4217,3936,0.623,0.384
Completed,0.75,248,3346,69,0.05,0.726
Completed,0.55,17,1673,2741,0.906,0.209
Completed,0.8,664,1995,27,0.924,0.359
Completed,0.62,16,2988,2787,0.033,0.839
Completed,0.57,33,4461,1342,0.608,0.051
Completed,0.59,8,522,3973,0.497,0.502
Completed,0.57,12,484,2300,0.576,0.138
Completed,0.55,9,4499,4892,0.465,0.685
Completed,0.61,27,3028,947,0.893,0.455
Completed,0.54,19,1955,3745,0.003,0.971
Completed,0.72,94,1830,262,0.276,0.83
Completed,0.58,15,3189,2553,0.636,0.344
Completed,0.6,35,4374,1420,0.192,0.515
Completed,0.57,10,646,3895,0.834,0.061
Completed,0.65,35,1015,680,0.158,0.282
Completed,0.58,13,4007,3382,0.799,0.794
Completed,0.59,24,3471,2014,0.372,0.065
Completed,0.56,10,1550,4548,0.733,0.61
Completed,0.55,11,2440,1993,0.746,0.948
Completed,0.6,8,2540,4575,0.358,0.494
Completed,0.65,67,4974,630,0.783,0.647
Completed,0.52,7,6,3438,0.176,0.161
Completed,0.57,11,162,915,0.51,0.785
Completed,0.54,16,4819,3147,0.399,0.267
Completed,0.58,16,2696,2092,0.96,0.623
Completed,0.48,8,2284,4470,0.069,0.076
Completed,0.59,29,1511,1681,0.342,0.248
Completed,0.58,11,3511,4254,0.702,0.702
Completed,0.66,94,4045,386,0.126,0.407
Completed,0.59,13,977,3049,0.767,0.892
Completed,0.62,12,685,2378,0.224,0.672
Completed,0.55,11,4334,4814,0.865,0.128
Completed,0.58,24,3151,1181,0.306,0.981
Completed,0.57,13,1868,3511,0.667,0.469
Completed,0.52,9,2062,1319,0.155,0.85
Completed,0.55,9,2957,3990,0.761,0.334
Completed,0.73,233,4606,124,0.316,0.557
Completed,0.56,10,414,2686,0.704,0.009
Completed,0.56,13,367,1452,0.817,0.381
Completed,0.56,14,4616,3858,0.211,0.926
Completed,0.69,63,2832,304,0.649,0.215
Completed,0.52,8,2150,2506,0.261,0.727
Completed,0.66,42,1713,988,0.019,0.586
Completed,0.58,11,3306,3699,0.875,0.105
Completed,0.6,25,4179,2332,0.453,0.755
Completed,0.55,7,841,4855,0.591,0.305
Completed,0.65,48,1133,570,0.418,0.022
Completed,0.55,16,3889,2870,0.556,0.539
Completed,0.59,28,3666,1737,0.116,0.321
Completed,0.57,11,1355,4202,0.972,0.869
Completed,0.56,17,2255,764,0.455,0.44
Completed,0.58,12,2766,3298,0.566,0.984
Completed,0.53,28,4712,1931,0.014,0.156
Completed,0.54,8,311,4632,0.904,0.669
Completed,0.54,8,154,2114,0.289,0.292
Completed,0.55,9,4868,4453,0.677,0.774
Completed,0.54,24,2609,821,0.245,0.118
Completed,0.58,9,2412,3247,0.852,0.568
Completed,0.66,54,1304,409,0.61,0.738
Completed,0.55,16,3676,3031,0.471,0.195
Completed,0.61,31,3761,1585,0.918,0.915
Completed,0.54,11,1220,4354,0.063,0.402
Completed,0.62,23,872,1160,0.946,0.181
Completed,0.55,19,4111,3527,0.09,0.636
Completed,0.58,18,3416,2473,0.52,0.474
Completed,0.58,12,1567,4714,0.382,0.958
Completed,0.61,51,1878,891,0.111,0.663
Completed,0.58,12,3102,3172,0.971,0.147
Completed,0.58,28,4422,2039,0.419,0.993
Completed,0.55,12,558,4524,0.561,0.446
Completed,0.7,59,571,170,0.102,0.89
Completed,0.58,19,4449,2645,0.993,0.435
Completed,0.59,23,3114,1512,0.428,0.705
Completed,0.56,12,1905,3803,0.539,0.22
Completed,0.61,25,1724,2197,0.812,0.081
Completed,0.56,11,3259,4995,0.171,0.597
Completed,0.62,44,4268,1050,0.721,0.262
Completed,0.58,8,715,3642,0.36,0.811
Completed,0.58,21,1063,1871,0.631,0.528
Completed,0.53,15,3918,4064,0.271,0.046
Completed,0.64,54,3519,509,0.838,0.813
Completed,0.59,19,1461,2926,0.197,0.363
Completed,0.59,15,2400,1427,0.311,0.003
Completed,0.57,10,2582,3883,0.668,0.547
Completed,0.73,149,4856,250,0.223,0.344
Completed,0.51,12,127,2560,0.86,0.856
Completed,0.78,123,284,42,0.446,0.23
Completed,0.56,19,4699,2773,0.588,0.711
Completed,0.62,25,2739,1405,0.022,0.429
Completed,0.5,7,2243,3910,0.882,0.88
Completed,0.57,28,1473,2402,0.656,0.801
Completed,0.57,15,3546,4790,0.264,0.256
Completed,0.58,36,3930,1235,0.814,0.603
Completed,0.52,16,1090,3457,0.204,0.091
Completed,0.61,19,727,1666,0.787,0.369
Completed,0.58,15,4295,4269,0.177,0.823
Completed,0.72,64,3271,323,0.745,0.036
Completed,0.54,18,1750,3112,0.353,0.522
Completed,0.56,282,2182,2177,0.839,0.171
Completed,0.53,10,2839,4390,0.202,0.653
Completed,0.6,54,4648,835,0.626,0.488
Completed,0.54,9,374,3232,0.27,0.938
Completed,0.55,11,401,2007,0.133,0.577
Completed,0.56,15,4579,4560,0.77,0.123
Completed,0.62,46,2945,693,0.339,0.768
Completed,0.52,10,2035,3374,0.695,0.282
Completed,0.65,72,1594,594,0.953,0.392
Completed,0.62,21,3428,2845,0.066,0.909
Completed,0.59,31,4138,1791,0.513,0.201
Completed,0.54,10,884,4149,0.406,0.748
Completed,0.63,39,1247,974,0.603,0.964
Completed,0.58,16,3773,3713,0.496,0.483
Completed,0.59,25,3703,2268,0.925,0.627
Completed,0.56,16,1316,4919,0.038,0.176
Completed,0.69,50,2291,233,0.519,0.511
Completed,0.56,17,2728,2581,0.377,0.057
Completed,0.59,38,4826,1526,0.951,0.833
Completed,0.54,9,194,3788,0.092,0.349
Completed,0.52,11,38,1265,0.724,0.721
Completed,0.57,23,4982,4044,0.367,0.206
Completed,0.7,70,2572,99,0.805,0.935
Completed,0.56,14,2447,2711,0.168,0.387
Completed,0.59,37,1348,1097,0.425,0.31
Completed,0.57,18,3635,3591,0.532,0.765
Completed,0.57,560,3882,2458,0.109,0.095
Completed,0.54,10,1101,4729,0.996,0.58
Completed,0.63,1095,834,463,0.012,0.859
Completed,0.58,20,4147,2977,0.899,0.315
Completed,0.62,31,3299,1610,0.46,0.545
Completed,0.58,15,1681,4330,0.567,0.032
Completed,0.58,35,1987,1573,0.585,0.411
Completed,0.59,14,3035,4362,0.443,0.896
Completed,0.69,97,4531,416,0.885,0.244
Completed,0.55,10,491,3018,0.025,0.699
Completed,0.65,25,529,711,0.915,0.07
Completed,0.57,22,4493,3352,0.056,0.613
Completed,0.62,21,2995,1906,0.617,0.277
Completed,0.53,8,2026,4656,0.474,0.79
Completed,0.56,37,1837,1807,0.248,0.898
Completed,0.56,16,3143,4128,0.859,0.417
Completed,0.66,79,4303,494,0.282,0.692
Completed,0.57,17,678,2940,0.674,0.242
Completed,0.59,15,945,2250,0.317,0.459
Completed,0.55,18,4038,4942,0.709,0.975
Completed,0.56,38,3479,1074,0.15,0.134
Completed,0.6,17,1503,3618,0.76,0.682
Completed,0.61,21,2486,1018,0.773,0.751
Completed,0.54,12,2532,3669,0.136,0.301
Completed,0.6,30,4943,2224,0.693,0.59
Completed,0.56,7,76,4964,0.336,0.109
Completed,0.5,12,233,2485,0.982,0.977
Completed,0.57,16,4786,4707,0.122,0.464
Completed,0.61,21,2689,1152,0.551,0.676
Completed,0.57,10,2330,3540,0.408,0.132
Completed,0.72,204,1543,155,0.182,0.055
Completed,0.56,20,3439,2660,0.792,0.505
Completed,0.62,43,3999,1292,0.348,0.354
Completed,0.56,14,984,4023,0.74,0.836
Completed,0.59,32,638,789,0.251,0.62
Completed,0.57,15,4342,3274,0.643,0.071
Completed,0.58,446,3182,2140,0.217,0.788
Completed,0.56,13,1798,4422,0.827,0.272
Completed,0.6,15,2073,360,0.37,0.918
Completed,0.59,15,2906,3080,0.726,0.406
Completed,0.55,33,4539,1713,0.164,0.735
Completed,0.51,9,441,4227,0.802,0.19
Completed,0.61,34,334,541,0.657,0.325
Completed,0.58,22,4688,2899,0.3,0.873
Completed,0.58,18,2878,1844,0.871,0.018
Completed,0.53,8,2143,4096,0.234,0.535
Completed,0.62,30,1641,1943,0.491,0.642
Completed,0.55,12,3339,4624,0.598,0.158
Completed,0.63,63,4185,757,0.043,0.952
Completed,0.58,12,795,3310,0.93,0.497
Completed,0.56,26,1141,1500,0.079,0.218
Completed,0.55,18,3842,3810,0.965,0.732
Completed,0.72,139,3596,177,0.393,0.378
Completed,0.57,19,1386,2632,0.5,0.921
Completed,0.48,8,2205,2324,0.053,0.259
Completed,0.53,10,2778,4868,0.913,0.806
Completed,0.6,46,4739,1000,0.477,0.084
Completed,0.59,9,244,3692,0.62,0.601
Completed,0.55,10,88,1208,0.191,0.469
Completed,0.58,16,4895,3479,0.829,0.955
Completed,0.58,13,2622,2346,0.281,0.186
Completed,0.53,10,2360,4841,0.637,0.64
Completed,0.59,28,1278,1349,0.894,0.561
Completed,0.56,16,3741,3961,0.007,0.013
Completed,0.77,617,3813,16,0.571,0.846
Completed,0.55,16,1207,2794,0.464,0.33
Completed,0.56,15,922,2085,0.545,0.113
Completed,0.56,18,4100,4482,0.437,0.564
Completed,0.57,31,3388,928,0.984,0.296
Completed,0.58,17,1633,3140,0.097,0.777
Completed,0.6,71,1929,549,0.728,0.779
Completed,0.54,13,3054,2888,0.368,0.294
Completed,0.6,28,4395,1755,0.804,0.566
Completed,0.54,10,588,4182,0.162,0.111
Completed,0.54,16,597,1744,0.387,0.818
Completed,0.57,15,4384,4190,0.529,0.367
Completed,0.66,44,3062,557,0.081,0.524
Completed,0.58,23,1918,2878,0.94,0.043
Completed,0.63,47,1789,656,0.714,0.153
Completed,0.52,15,3232,3406,0.323,0.665
Completed,0.61,29,4255,1960,0.756,0.444
Completed,0.55,12,767,4602,0.146,0.988
Completed,0.69,87,1051,277,0.846,0.709
Completed,0.62,27,3968,2538,0.236,0.224
Completed,0.62,28,3585,1483,0.686,0.885
Completed,0.57,15,1434,3832,0.294,0.431
Completed,0.56,13,2349,2355,0.911,0.434
Completed,0.56,10,2631,4830,0.055,0.883
Completed,0.56,53,4884,1197,0.618,0.225
Completed,0.54,7,96,3487,0.479,0.707
Completed,0.61,16,252,1009,0.831,0.332
Completed,0.53,15,4728,3681,0.189,0.845
Completed,0.56,14,2787,2313,0.639,0.016
Completed,0.52,9,2194,4876,0.279,0.559
Completed,0.59,29,1445,1475,0.006,0.638
Completed,0.56,14,3577,3843,0.896,0.188
Completed,0.65,87,3979,288,0.462,0.953
Completed,0.57,17,1043,2530,0.573,0.471
Completed,0.62,375,775,1969,0.436,0.188
Completed,0.56,18,4244,4591,0.547,0.737
Completed,0.64,51,3241,645,0.095,0.404
Completed,0.58,14,1778,3415,0.986,0.921
Completed,0.55,14,1652,4613,0.219,0.413
Completed,0.55,8,2133,1855,0.445,0.274
Completed,0.59,11,2887,4087,0.583,0.786
Completed,0.64,78,4676,533,0.027,0.073
Completed,0.56,10,343,2909,0.883,0.617
Completed,0.55,19,432,1704,0.527,0.99
Completed,0.56,18,4550,4238,0.389,0.442
Completed,0.68,56,2898,371,0.938,0.667
Completed,0.51,7,2085,3071,0.082,0.151
Completed,0.62,36,1623,936,0.324,0.041
Completed,0.59,16,3397,3129,0.712,0.526
Completed,0.57,31,4088,2074,0.148,0.365
Completed,0.55,7,931,4490,0.754,0.819
Completed,0.55,21,3823,2805,0.844,0.086
Completed,0.61,33,3733,1360,0.297,0.805
Completed,0.59,10,1289,3952,0.684,0.261
Completed,0.62,22,1532,2671,0.391,0.753
Completed,0.53,16,2341,1141,0.134,0.923
Completed,0.59,8,2681,3548,0.775,0.376
Completed,0.6,24,4797,2493,0.334,0.733
Completed,0.53,10,225,4696,0.695,0.217
Completed,0.54,7,68,2213,0.124,0.838
Completed,0.54,13,4954,4972,0.98,0.352
Completed,0.56,22,2524,1027,0.41,0.507
Completed,0.51,9,2498,3658,0.549,0.053
Completed,0.71,117,1375,188,0.79,0.13
Completed,0.6,21,3605,2624,0.184,0.678
Completed,0.62,31,3831,1491,0.738,0.462
Completed,0.57,10,1149,3821,0.35,0.98
Completed,0.61,27,786,746,0.641,0.697
Completed,0.57,18,4196,3318,0.253,0.246
Completed,0.6,22,3331,1952,0.825,0.894
Completed,0.58,15,1848,4139,0.457,0.169
Completed,0.52,7,2016,1895,0.2,0.029
Completed,0.55,8,3004,4665,0.841,0.547
Completed,0.62,47,4481,719,0.268,0.314
Completed,0.54,8,538,3341,0.628,0.861
Completed,0.65,31,499,427,0.298,0.499
Completed,0.58,18,4520,3010,0.659,0.95
Completed,0.54,24,3043,1564,0.232,0.16
Completed,0.57,9,1976,4373,0.873,0.641
Completed,0.61,23,1809,2129,0.6,0.532
Completed,0.6,11,3174,4430,0.489,0.02
Completed,0.6,44,4353,797,0.932,0.871
Completed,0.56,9,629,3263,0.041,0.327
Completed,0.6,24,992,1303,0.968,0.106
Completed,0.54,14,3988,4014,0.077,0.593
Completed,0.73,151,3448,147,0.502,0.299
Completed,0.53,15,1337,3580,0.152,0.509
Completed,0.72,74,2458,110,0.379,0.68
Completed,0.53,11,2564,2702,0.517,0.136
Completed,0.58,39,4992,1257,0.093,0.973
Completed,0.53,6,29,4055,0.949,0.461
Completed,0.56,10,185,1537,0.365,0.578
Completed,0.58,15,4836,3780,0.725,0.097
Completed,0.69,60,2719,225,0.166,0.763
Completed,0.55,8,2303,2592,0.807,0.312
Completed,0.57,43,1493,1063,0.534,0.389
Completed,0.55,14,3488,3626,0.423,0.933
Completed,0.57,26,4027,2259,0.998,0.207
Completed,0.54,12,953,4931,0.107,0.72
Completed,0.64,33,669,506,0.901,0.94
Completed,0.6,25,4313,2932,0.011,0.486
Completed,0.6,27,3135,1799,0.569,0.655
Completed,0.59,17,1583,2837,0.743,0.662
Completed,0.55,10,2046,702,0.969,0.52
Completed,0.54,14,2937,3363,0.113,0.038
Completed,0.61,32,4590,1996,0.559,0.821
Completed,0.52,8,392,4569,0.421,0.371
Completed,0.58,17,382,824,0.058,0.241
Completed,0.58,14,4637,3240,0.913,0.694
Completed,0.55,12,2848,2186,0.476,0.414
Completed,0.54,7,2172,4379,0.615,0.901
Completed,0.62,25,1692,1621,0.857,0.792
Completed,0.55,14,3291,4321,0.25,0.275
Completed,0.66,76,4158,454,0.672,0.615
Completed,0.55,10,825,2988,0.284,0.068
Completed,0.6,15,1109,2447,0.707,0.351
Completed,0.56,16,3871,4738,0.319,0.832
Completed,0.58,43,3644,1105,0.758,0.059
Completed,0.53,9,1485,4798,0.927,0.001
Completed,0.49,12,2232,1396,0.67,0.174
Completed,0.56,10,2748,3921,0.309,0.628
Completed,0.79,350,4688,53,0.863,0.481
Completed,0.58,9,292,2764,0.221,0.966
Completed,0.67,28,135,242,0.586,0.088
Completed,0.6,28,4845,2571,0.448,0.605
Completed,0.58,20,2591,1438,0.88,0.255
Completed,0.53,9,2389,3874,0.024,0.803
Completed,0.59,20,1328,2277,0.266,0.882
Completed,0.56,9,3694,4908,0.654,0.427
Completed,0.63,37,3783,963,0.206,0.713
Completed,0.58,12,1238,3722,0.812,0.228
Completed,0.56,17,892,1782,0.179,0.448
Completed,0.55,13,4126,4160,0.785,0.991
Completed,0.64,43,3436,605,0.355,0.148
Completed,0.57,9,1733,4984,0.522,0.848
Completed,0.61,34,1897,1523,0.763,0.956
Completed,0.54,10,3125,3794,0.153,0.475
Completed,0.7,177,4440,161,0.706,0.634
Completed,0.56,11,581,2656,0.314,0.184
Completed,0.52,14,549,2047,0.772,0.746
Completed,0.53,13,4433,4513,0.131,0.202
Completed,0.59,38,3094,880,0.698,0.907
Completed,0.54,16,1889,3180,0.337,0.394
Completed,0.68,81,1740,314,0.064,0.284
Completed,0.58,12,3280,3123,0.955,0.766
Completed,0.57,27,4283,1677,0.404,0.126
Completed,0.59,8,736,4260,0.515,0.575
Completed,0.57,24,1081,1243,0.494,0.858
Completed,0.58,13,3940,3446,0.605,0.342
Completed,0.58,18,3537,2391,0.036,0.549
Completed,0.6,15,1296,3041,0.836,0.438
Completed,0.64,19,2421,810,0.564,0.361
Completed,0.52,12,2599,3255,0.457,0.815
Completed,0.6,24,4877,2123,0.902,0.044
Completed,0.53,6,142,4442,0.015,0.53
Completed,0.56,10,299,1920,0.679,0.4
Completed,0.57,17,4720,4640,0.287,0.917
Completed,0.65,32,2756,773,0.854,0.193
Completed,0.51,8,2264,3287,0.244,0.74
Completed,0.64,52,1453,520,0.47,0.569
Completed,0.55,15,3530,2917,0.612,0.116
Completed,0.55,32,3909,1862,0.06,0.776
Completed,0.55,16,1074,4075,0.92,0.29
Completed,0.61,26,704,1039,0.089,0.011
Completed,0.55,13,4276,3651,0.948,0.556
Completed,0.61,27,3248,2205,0.379,0.336
Completed,0.56,12,1704,3707,0.308,0.356
Completed,0.66,22,2159,295,0.035,0.467
Completed,0.56,11,2821,2517,0.922,0.982
Completed,0.57,36,4625,1463,0.499,0.126
Completed,0.59,10,355,3849,0.606,0.674
Completed,0.71,58,424,135,0.991,0.808
Completed,0.6,20,4597,2678,0.104,0.265
Completed,0.62,21,2969,1311,0.537,0.595
Completed,0.51,7,2054,4001,0.429,0.083
Completed,0.61,21,1576,2462,0.172,0.222
Completed,0.56,9,3405,4723,0.81,0.703
Completed,0.58,36,4119,1169,0.362,0.437
Completed,0.58,9,861,3516,0.719,0.888
Completed,0.6,27,1231,1597,0.272,0.671
Completed,0.57,20,3752,4346,0.629,0.154
Completed,0.63,51,3687,401,0.199,0.986
Completed,0.55,11,1519,4245,0.114,0.946
Completed,0.57,9,2276,2101,0.356,0.867
Completed,0.53,9,2707,4459,0.748,0.324
Completed,0.59,42,4809,904,0.174,0.537
Completed,0.52,7,173,3156,0.785,0.024
Completed,0.56,8,17,638,0.401,0.891
Completed,0.53,16,4965,3427,0.508,0.409
Completed,0.6,12,2552,1982,0.071,0.7
Completed,0.53,8,2431,4583,0.958,0.25
Completed,0.61,26,1364,1729,0.7,0.078
Completed,0.57,12,3656,4213,0.344,0.621
Completed,0.66,56,3898,581,0.765,0.269
Completed,0.63,18,1121,2861,0.128,0.782
Completed,0.56,14,851,2341,0.863,0.504
Completed,0.56,14,4170,4844,0.226,0.049
Completed,0.58,43,3318,977,0.665,0.842
Completed,0.59,21,1822,2544,0.048,0.101
Completed,0.62,45,1964,955,0.29,0.211
Completed,0.59,23,3017,3735,0.681,0.724
Completed,0.59,22,4507,2289,0.24,0.386
Completed,0.54,7,473,4901,0.85,0.929
Completed,0.56,16,511,1333,0.209,0.302
Completed,0.57,14,4469,3984,0.819,0.757
Completed,0.77,283,2977,38,0.259,0.103
Completed,0.52,6,2004,2779,0.651,0.588
Completed,0.55,35,1860,1190,0.877,0.729
Completed,0.52,13,3162,3500,0.018,0.213
Completed,0.61,22,4326,2367,0.593,0.928
Completed,0.55,8,696,4823,0.451,0.379
Completed,0.65,48,966,378,0.558,0.163
Completed,0.54,16,4054,3059,0.416,0.645
Completed,0.6,24,3500,1692,0.974,0.496
Completed,0.59,12,1402,4505,0.374,0.691
Completed,0.57,13,2471,1651,0.102,0.612
Completed,0.55,8,2512,4291,0.989,0.064
Completed,0.71,87,4927,346,0.433,0.796
Completed,0.54,7,56,3096,0.54,0.279
Completed,0.59,17,213,612,0.143,0.651
Completed,0.6,17,4770,2825,0.753,0.165
Completed,0.51,15,2669,1770,0.325,0.944
Completed,0.56,7,2314,4167,0.717,0.49
Completed,0.58,21,1559,2023,0.943,0.317
Completed,0.58,14,3461,4537,0.084,0.865
Completed,0.64,67,4015,670,0.526,0.026
Completed,0.54,12,1004,3390,0.384,0.542
Completed,0.59,21,656,1411,0.625,0.758
Completed,0.56,13,4365,3906,0.482,0.309
Completed,0.7,71,3201,273,0.908,0.583
Completed,0.57,13,1615,3767,0.778,0.609
Completed,0.53,8,2092,2228,0.505,0.717
Completed,0.55,11,2930,4957,0.398,0.231
Completed,0.56,37,4558,1090,0.961,0.877
Completed,0.51,9,464,3595,0.074,0.424
Completed,0.58,13,316,2419,0.467,0.063
Completed,0.55,9,4664,4766,0.574,0.513
Completed,0.53,19,2860,1212,0.004,0.346
Completed,0.53,7,2121,3473,0.891,0.828
Completed,0.7,159,1665,61,0.634,0.97
Completed,0.61,18,3357,2752,0.278,0.456
Completed,0.59,36,4208,1385,0.832,0.683
Completed,0.57,10,813,3928,0.194,0.14
Completed,0.57,32,1161,872,0.797,0.419
Completed,0.57,16,3858,3192,0.159,0.904
Completed,0.59,31,3617,2060,0.731,0.236
Completed,0.59,15,1413,3209,0.58,0.198
Completed,0.64,23,2226,442,0.822,0.121
Completed,0.56,13,2794,2995,0.212,0.572
Completed,0.6,27,4760,1628,0.648,0.288
Completed,0.52,8,259,4309,0.256,0.769
Completed,0.54,10,104,1831,0.933,0.145
Completed,0.56,13,4915,4111,0.046,0.657
Completed,0.61,55,2638,479,0.595,0.451
Completed,0.53,8,2381,2963,0.488,0.996
Completed,0.62,45,1258,731,0.231,0.825
Completed,0.58,16,3725,3333,0.868,0.375
Completed,0.62,27,3791,1888,0.303,0.516
Completed,0.55,9,1191,4676,0.66,0.035
Completed,0.71,82,899,213,0.331,0.251
Completed,0.55,19,4081,2600,0.688,0.799
Completed,0.57,34,3365,1545,0.141,0.092
Completed,0.56,15,1774,2720,0.621,0.314
Completed,0.54,37,1944,1131,0.847,0.485
Completed,0.52,13,3078,3558,0.241,0.939
Completed,0.63,23,4400,2426,0.681,0.171
Completed,0.59,12,622,4764,0.293,0.655
Completed,0.61,18,619,1117,0.737,0.553
Completed,0.55,16,4402,3573,0.345,0.006
Completed,0.55,16,3086,2440,0.795,0.855
Completed,0.56,15,1936,4750,0.185,0.337
Completed,0.61,32,1771,1289,0.411,0.477
Completed,0.59,10,3209,4029,0.554,0.962
Completed,0.74,276,4236,83,0.119,0.178
Completed,0.58,13,744,2734,0.979,0.632
Completed,0.59,18,1035,2154,0.03,0.911
Completed,0.56,11,3947,4406,0.89,0.398
Completed,0.62,46,3570,851,0.438,0.742
Completed,0.56,12,1255,4681,0.799,0.972
Completed,0.58,10,2374,1826,0.542,0.833
Completed,0.58,8,2646,4116,0.431,0.351
Completed,0.66,83,4918,483,0.99,0.508
Completed,0.52,6,101,2959,0.099,0.058
Completed,0.62,22,257,437,0.716,0.934
Completed,0.57,17,4762,3000,0.328,0.391
Completed,0.62,22,2801,1633,0.75,0.719
Completed,0.5,7,2218,4304,0.144,0.206
Completed,0.58,22,1411,2160,0.386,0.098
Completed,0.58,11,3572,4400,0.524,0.58
Completed,0.6,53,3954,846,0.086,0.311
Completed,0.58,11,1028,3214,0.942,0.762
Completed,0.56,20,751,1275,0.052,0.545
Completed,0.56,14,4229,4042,0.907,0.029
Completed,0.71,138,3207,97,0.483,0.862
Completed,0.54,15,1667,3943,0.33,0.821
Completed,0.51,8,2128,2403,0.072,0.993
Completed,0.53,9,2852,4782,0.963,0.449
Completed,0.57,38,4662,1227,0.395,0.66
Completed,0.49,8,318,3458,0.506,0.148
Completed,0.54,11,466,2242,0.892,0.275
Completed,0.57,13,4555,4942,0.001,0.791
Completed,0.6,25,2923,1075,0.578,0.068
Completed,0.51,7,2099,3610,0.466,0.617
Completed,0.73,123,1618,197,0.194,0.694
Completed,0.55,14,3363,2615,0.835,0.239
Completed,0.58,36,4073,1560,0.274,0.901
Completed,0.59,10,906,3752,0.635,0.416
Completed,0.62,40,1184,736,0.372,0.137
Completed,0.58,15,3799,3329,0.732,0.681
Completed,0.53,31,3728,1883,0.158,0.459
Completed,0.56,17,1557,3384,0.03,0.482
Completed,0.61,19,2307,618,0.257,0.341
Completed,0.55,10,2676,2819,0.644,0.857
Completed,0.55,30,4772,1765,0.215,0.003
Completed,0.51,9,210,4173,0.822,0.55
Completed,0.51,9,53,1655,0.485,0.427
Completed,0.57,18,4929,4287,0.596,0.88
Completed,0.65,34,2519,342,0.046,0.229
Completed,0.58,9,2464,3100,0.936,0.714
Completed,0.6,65,1400,868,0.663,0.604
Completed,0.55,13,3620,3197,0.303,0.087
Completed,0.59,19,3865,2064,0.869,0.803
Completed,0.55,11,1154,4501,0.227,0.256
Completed,0.75,139,820,76,0.78,0.04
Completed,0.6,22,4201,2736,0.138,0.521
Completed,0.61,30,3355,1369,0.69,0.369
Completed,0.54,16,1862,4808,0.089,0.565
Completed,0.5,8,2011,1347,0.315,0.737
Completed,0.58,9,2970,3970,0.703,0.19
Completed,0.76,453,4466,25,0.157,0.92
Completed,0.55,11,1971,4887,0.735,0.124
Completed,0.6,37,1824,1425,0.977,0.203
Completed,0.54,13,3198,3892,0.121,0.747
Completed,0.71,133,4358,259,0.552,0.394
Completed,0.55,11,663,2558,0.414,0.906
Completed,0.61,22,997,2017,0.58,0.627
Completed,0.56,17,4022,4542,0.441,0.173
Completed,0.58,37,3463,676,0.886,0.968
Completed,0.57,13,1361,2866,0.271,0.227
Completed,0.61,24,2424,634,0.014,0.086
Completed,0.53,8,2559,3431,0.905,0.598
Completed,0.63,27,4968,1985,0.454,0.261
Completed,0.52,6,15,4579,0.565,0.806
Completed,0.53,8,170,2096,0.246,0.186
Completed,0.56,12,4812,4464,0.852,0.637
Completed,0.55,26,2714,910,0.288,0.472
Completed,0.55,8,2268,3150,0.676,0.953
Completed,0.67,74,1517,384,0.918,0.843
Completed,0.59,18,3503,3054,0.062,0.331
Completed,0.6,34,4061,1687,0.61,0.56
Completed,0.6,10,958,4251,0.472,0.016
Completed,0.61,20,703,1176,0.521,0.295
Completed,0.56,22,4318,3514,0.383,0.78
Completed,0.55,18,3160,2381,0.945,0.111
Completed,0.59,12,1578,3532,0.866,0.075
Completed,0.69,23,2061,119,0.608,0.245
Completed,0.56,12,2961,2693,0.497,0.695
Completed,0.6,36,4595,1326,0.924,0.414
Completed,0.53,8,427,3987,0.033,0.895
Completed,0.68,32,358,310,0.426,0.527
Completed,0.6,21,4622,2502,0.537,0.041
Completed,0.58,23,2814,1447,0.104,0.818
Completed,0.52,8,2167,3865,0.995,0.364
Completed,0.61,21,1707,2325,0.722,0.443
Completed,0.6,11,3315,4860,0.361,0.991
Completed,0.61,48,4163,992,0.81,0.15
Completed,0.5,12,859,3692,0.169,0.666
Completed,0.64,24,1114,1733,0.838,0.883
Completed,0.58,13,3905,4209,0.196,0.432
Completed,0.66,60,3658,576,0.632,0.708
Completed,0.58,13,1451,4069,0.555,0.732
Completed,0.52,9,2257,1925,0.781,0.593
Completed,0.56,10,2763,4635,0.175,0.108
Completed,0.65,50,4722,768,0.748,0.752
Completed,0.53,8,297,3292,0.36,0.298
Completed,0.54,15,140,814,0.959,0.679
Completed,0.59,17,4879,3251,0.068,0.131
Completed,0.56,12,2606,2118,0.511,0.978
Completed,0.59,8,2414,4447,0.4,0.462
Completed,0.57,23,1294,1592,0.127,0.354
Completed,0.56,10,3689,4350,0.769,0.838
Completed,0.72,69,3759,405,0.34,0.052
Completed,0.59,16,1223,3037,0.701,0.507
Completed,0.57,14,868,2477,0.306,0.785
Completed,0.56,13,4112,4708,0.666,0.272
Completed,0.61,36,3402,1153,0.225,0.618
Completed,0.56,8,1747,4275,0.898,0.386
Completed,0.6,26,1892,2032,0.625,0.308
Completed,0.55,10,3091,4528,0.268,0.758
Completed,0.56,42,4426,895,0.841,0.102
Completed,0.53,8,557,3165,0.203,0.583
Completed,0.56,14,583,1509,0.649,0.019
Completed,0.56,12,4438,3808,0.261,0.532
Completed,0.73,131,3118,176,0.816,0.328
Completed,0.59,19,1904,2642,0.21,0.872
Completed,0.59,43,1735,1053,0.452,0.948
Completed,0.57,12,3245,3636,0.591,0.499
Completed,0.56,28,4269,2191,0.02,0.642
Completed,0.53,10,711,4998,0.876,0.16
Completed,0.66,47,1066,515,0.118,0.376
Completed,0.58,18,3916,2922,0.973,0.925
Completed,0.62,21,3532,1868,0.416,0.216
Completed,0.59,12,1321,3717,0.71,0.795
Completed,0.68,45,2387,247,0.952,0.905
Completed,0.57,13,2594,2566,0.092,0.42
Completed,0.57,34,4852,1433,0.518,0.689
Completed,0.52,6,127,3880,0.376,0.236
Completed,0.55,15,284,1401,0.805,0.866
Completed,0.53,13,4695,3916,0.168,0.318
Completed,0.77,226,2751,49,0.723,0.542
Completed,0.48,10,2230,2768,0.366,0.025
Completed,0.58,29,1477,1239,0.109,0.166
Completed,0.56,12,3545,3450,0.996,0.652
Completed,0.59,21,3943,2396,0.425,0.489
Completed,0.52,8,1079,4794,0.532,0.943
Completed,0.67,45,738,330,0.461,0.722
Completed,0.58,23,4281,3107,0.568,0.21
Completed,0.56,26,3272,1662,0.011,0.931
Completed,0.58,16,1699,2974,0.178,0.877
Completed,0.56,12,2174,838,0.419,0.8
Completed,0.6,15,2846,3227,0.562,0.252
Completed,0.58,32,4629,2172,0.111,0.607
Completed,0.54,7,390,4393,0.97,0.092
Completed,0.6,21,400,687,0.615,0.456
Completed,0.58,20,4583,3377,0.473,0.968
Completed,0.54,15,2934,2010,0.917,0.141
Completed,0.53,7,2049,4555,0.057,0.685
Completed,0.6,30,1590,1796,0.283,0.513
Completed,0.57,11,3429,4146,0.675,0.061
Completed,0.62,54,4124,591,0.247,0.829
Completed,0.58,12,895,2851,0.857,0.348
Completed,0.6,20,1235,2271,0.15,0.065
Completed,0.56,12,3786,4914,0.76,0.612
Completed,0.59,33,3701,968,0.318,0.278
Completed,0.56,7,1485,4935,0.494,0.289
Completed,0.57,11,2300,1534,0.222,0.397
Completed,0.55,12,2722,3784,0.859,0.91
Completed,0.74,155,4844,229,0.313,0.2
Completed,0.53,8,178,2588,0.67,0.743
Completed,0.66,11,22,104,0.021,0.374
Completed,0.57,16,4999,2708,0.881,0.824
Completed,0.55,21,2566,1262,0.447,0.035
Completed,0.53,9,2456,4050,0.589,0.517
Completed,0.57,16,1330,2452,0.815,0.657
Completed,0.54,13,3651,4732,0.205,0.144
Completed,0.53,18,3873,1099,0.654,0.996
Completed,0.53,12,1106,3586,0.262,0.453
Completed,0.58,23,827,1607,0.744,0.232
Completed,0.57,16,4155,4336,0.353,0.718
Completed,0.68,71,3284,468,0.788,0.422
Completed,0.56,17,1817,3278,0.436,0.633
Completed,0.69,86,1979,412,0.163,0.556
Completed,0.59,14,3041,3025,0.8,0.012
Completed,0.6,32,4512,1580,0.371,0.848
Completed,0.51,9,507,4357,0.728,0.335
Completed,0.54,14,545,1911,0.339,0.963
Completed,0.56,8,4474,4649,0.696,0.479
Completed,0.64,37,3001,704,0.132,0.631
Completed,0.52,6,2018,3356,0.77,0.177
Completed,0.65,70,1855,490,0.513,0.006
Completed,0.53,10,3128,2947,0.405,0.554
Completed,0.62,34,4311,1814,0.954,0.337
Completed,0.57,10,671,4123,0.067,0.853
Completed,0.64,27,951,1068,0.927,0.571
Completed,0.54,16,4029,3622,0.04,0.12
Completed,0.6,19,3495,2255,0.601,0.771
Completed,0.56,12,1368,3816,0.236,0.046
Completed,0.56,12,2496,2218,0.478,0.154
Completed,0.52,7,2526,4967,0.62,0.67
Completed,0.59,37,4961,1021,0.052,0.439
Completed,0.55,7,61,3664,0.912,0.987
Completed,0.55,11,217,1146,0.281,0.114
Completed,0.56,14,4804,3544,0.638,0.569
Completed,0.57,12,2683,2490,0.191,0.291
Completed,0.54,7,2339,4700,0.828,0.776
Completed,0.56,28,1525,1299,0.571,0.915
Completed,0.56,16,3456,4018,0.464,0.4
Completed,0.72,165,3991,151,0.895,0.742
Completed,0.57,17,989,2666,0.008,0.193
Completed,0.61,12,632,2145,0.985,0.476
Completed,0.53,13,4351,4415,0.098,0.958
Completed,0.64,43,3166,782,0.543,0.183
Completed,0.57,24,1630,4477,0.644,0.127
Completed,0.59,10,2087,1718,0.885,0.049
Completed,0.53,16,2896,4224,0.026,0.502
Completed,0.67,88,4543,356,0.584,0.357
Completed,0.54,9,439,3086,0.442,0.843
Completed,0.51,11,350,1841,0.079,0.704
Completed,0.56,8,4669,4101,0.939,0.223
Completed,0.67,38,2884,546,0.389,0.886
Completed,0.54,7,2135,2896,0.531,0.436
Completed,0.66,49,1660,760,0.757,0.266
Completed,0.54,13,3323,3305,0.147,0.809
Completed,0.62,27,4194,1937,0.713,0.081
Completed,0.59,9,788,4627,0.321,0.594
Completed,0.69,111,1146,182,0.686,0.815
Completed,0.58,21,3834,2630,0.294,0.36
Completed,0.62,31,3613,1497,0.846,0.53
Completed,0.56,13,1438,2534,0.964,0.535
Completed,0.57,17,2191,1005,0.691,0.645
Completed,0.58,10,2789,3685,0.335,0.165
Completed,0.62,30,4735,2318,0.775,0.945
Completed,0.54,9,245,4872,0.137,0.494
Completed,0.56,8,89,2349,0.549,0.623
Completed,0.58,16,4891,4836,0.407,0.078
Completed,0.61,18,2634,1202,0.983,0.781
Completed,0.51,12,2347,3482,0.124,0.269
Completed,0.81,759,1282,12,0.349,0.41
Completed,0.58,16,3740,2800,0.741,0.891
Completed,0.6,30,3826,1354,0.181,0.249
Completed,0.56,11,1196,3958,0.791,0.699
Completed,0.65,32,933,922,0.216,0.982
Completed,0.58,14,4086,3143,0.826,0.465
Completed,0.62,23,3389,2088,0.252,0.675
Completed,0.55,16,1796,4597,0.254,0.05
Completed,0.58,39,1920,1749,0.027,0.13
Completed,0.55,9,3060,4186,0.883,0.673
Completed,0.66,72,4377,553,0.444,0.467
Completed,0.53,13,604,2882,0.583,0.98
Completed,0.61,34,595,564,0.871,0.212
Completed,0.6,19,4387,2873,0.234,0.729
Completed,0.61,21,3052,1741,0.657,0.381
Completed,0.56,17,1931,4197,0.3,0.928
Completed,0.52,35,1786,1954,0.043,0.756
Completed,0.54,13,3234,4606,0.93,0.302
Completed,0.62,65,4241,661,0.492,0.589
Completed,0.57,12,778,3399,0.599,0.104
Completed,0.59,26,1040,1479,0.394,0.324
Completed,0.55,14,3981,3838,0.502,0.868
Completed,0.71,96,3584,283,0.077,0.023
Completed,0.6,16,1271,2809,0.075,0.648
Completed,0.57,18,2358,1194,0.333,0.537
Completed,0.58,11,2624,3494,0.693,0.021
Completed,0.61,26,4902,2360,0.135,0.87
Completed,0.55,6,81,4827,0.777,0.322
Completed,0.53,8,237,2309,0.409,0.702
Completed,0.54,10,4746,4883,0.547,0.247
Completed,0.6,27,2780,1016,0.126,0.893
Completed,0.5,9,2202,3676,0.981,0.408
Completed,0.7,110,1426,292,0.739,0.267
Completed,0.61,20,3593,2523,0.352,0.783
Completed,0.61,37,3971,1468,0.789,0.076
Completed,0.53,11,1049,3846,0.182,0.624
Completed,0.58,44,769,652,0.825,0.841
Completed,0.57,20,4253,3410,0.218,0.359
Completed,0.63,18,3225,1965,0.642,0.5
Completed,0.62,43,3331,751,0.434,0.011
Completed,0.55,22,1649,3316,0.545,0.558
Completed,0.61,13,2146,535,0.802,0.635
Completed,0.54,12,2876,2905,0.161,0.181
Completed,0.62,30,4681,1849,0.73,0.96
Completed,0.53,8,341,4090,0.369,0.474
Completed,0.66,31,448,365,0.232,0.105
Completed,0.58,18,4532,3075,0.873,0.588
Completed,0.57,19,2904,1707,0.298,0.304
Completed,0.54,6,2076,4232,0.658,0.754
Completed,0.59,18,1641,2080,0.932,0.926
Completed,0.54,13,3381,4488,0.041,0.383
Completed,0.62,40,4097,933,0.601,0.727
Completed,0.56,13,925,3135,0.49,0.214
Completed,0.59,27,1204,1363,0.504,0.493
Completed,0.56,15,3815,3947,0.392,0.947
Completed,0.55,17,4002,2675,0.684,0.441
Completed,0.59,24,3447,1308,0.238,0.668
Completed,0.56,12,1536,4007,0.844,0.156
Completed,0.52,11,2327,2500,0.618,0.048
Completed,0.55,11,2692,4692,0.48,0.529
Completed,0.56,38,4794,1137,0.91,0.362
Completed,0.5,7,226,3555,0.055,0.812
Completed,0.56,9,69,1032,0.64,0.195
Completed,0.57,12,4950,3655,0.279,0.739
Completed,0.59,13,2535,2210,0.83,0.401
Completed,0.59,9,2484,4978,0.189,0.914
Completed,0.6,23,1379,1486,0.462,0.774
Completed,0.58,13,3603,3824,0.573,0.293
Completed,0.59,15,1138,2619,0.897,0.116
Completed,0.56,21,798,1948,0.096,0.332
Completed,0.53,14,4183,4619,0.987,0.85
Completed,0.56,15,4300,4132,0.743,0.606
Completed,0.62,54,3136,499,0.18,0.254
Completed,0.57,20,1844,2936,0.786,0.798
Completed,0.56,9,2029,715,0.56,0.875
Completed,0.54,14,2993,3347,0.421,0.424
Completed,0.58,26,4485,1902,0.968,0.716
Completed,0.55,9,537,4660,0.113,0.235
Completed,0.6,15,498,1569,0.937,0.596
Completed,0.55,17,4524,4366,0.081,0.079
Completed,0.64,59,3032,421,0.529,0.811
Completed,0.58,16,1989,3014,0.391,0.264
Completed,0.61,42,1805,793,0.149,0.434
Completed,0.56,12,3174,3269,0.755,0.888
Completed,0.59,30,4340,2137,0.323,0.22
Completed,0.55,7,641,4426,0.711,0.707
Completed,0.67,59,981,140,0.296,0.985
Completed,0.57,17,3885,3577,0.928,0.198
Completed,0.62,27,3642,2444,0.492,0.912
Completed,0.54,7,1341,4743,0.603,0.395
Completed,0.58,17,2444,1251,0.861,0.287
Completed,0.56,8,2575,4058,0.22,0.773
Completed,0.73,196,4989,113,0.671,0.119
Completed,0.52,6,31,2697,0.311,0.572
Completed,0.68,29,186,218,0.878,0.451
Completed,0.58,29,4833,2597,0.023,0.998
Completed,0.58,17,2730,1542,0.588,0.141
Completed,0.51,6,2289,3773,0.449,0.659
Completed,0.61,28,1496,2266,0.207,0.519
Completed,0.54,15,3486,4926,0.813,0.034
Completed,0.57,39,4040,1059,0.264,0.826
Completed,0.58,8,943,3633,0.652,0.372
Completed,0.53,15,680,1803,0.355,0.093
Completed,0.58,17,4136,2840,0.459,0.1
Completed,0.61,22,3421,1785,0.9,0.76
Completed,0.55,10,1601,4154,0.009,0.305
Completed,0.54,7,2037,2001,0.266,0.384
Completed,0.51,7,2942,4566,0.627,0.932
Completed,0.67,57,4572,698,0.201,0.208
Completed,0.58,9,409,3369,0.843,0.725
Completed,0.56,10,381,2183,0.698,0.851
Completed,0.57,14,4641,4384,0.337,0.339
Completed,0.59,31,2837,829,0.771,0.553
Completed,0.51,6,2184,3238,0.13,0.008
Completed,0.66,62,1688,457,0.403,0.179
Completed,0.53,12,3292,2983,0.514,0.629
Completed,0.58,31,4145,1615,0.065,0.48
Completed,0.54,8,836,4325,0.956,0.961
Completed,0.58,34,1098,1110,0.038,0.745
Completed,0.56,13,3932,4805,0.152,0.687
Completed,0.61,31,3553,1250,0.708,0.421
Completed,0.53,15,1466,3442,0.32,0.903
Completed,0.75,66,2241,58,0.094,0.793
Completed,0.6,14,2742,2757,0.95,0.28
Completed,0.58,40,4707,1390,0.378,0.611
Completed,0.59,7,276,3925,0.516,0.067
Completed,0.55,10,119,1441,0.166,0.941
Completed,0.56,13,4864,3869,0.807,0.491
Completed,0.69,47,2585,236,0.364,0.65
Completed,0.56,10,2398,2574,0.725,0.168
Completed,0.57,40,1309,959,0.998,0.027
Completed,0.54,14,3710,3728,0.107,0.54
Completed,0.55,23,3776,2282,0.534,0.321
Completed,0.57,11,1244,4905,0.423,0.864
Completed,0.64,39,886,599,0.57,0.585
Completed,0.58,14,4261,4990,0.308,0.411
Completed,0.6,32,3256,1045,0.864,0.697
Completed,0.54,16,1726,3647,0.226,0.243
Completed,0.71,177,1912,165,0.499,0.073
Completed,0.54,14,3107,2650,0.606,0.62
Completed,0.61,27,4447,1518,0.035,0.27
Completed,0.52,9,573,3797,0.922,0.787
Completed,0.58,19,566,886,0.475,0.346
Completed,0.57,19,4415,3176,0.613,0.831
Completed,0.59,16,3099,2043,0.059,0.06
Completed,0.56,12,1881,4519,0.915,0.514
Completed,0.6,26,1758,1671,0.673,0.687
Completed,0.56,14,3264,4264,0.286,0.139
Completed,0.69,83,4292,319,0.855,0.97
Completed,0.53,10,730,3116,0.249,0.454
Completed,0.58,16,1087,2388,0.758,0.238
Completed,0.59,18,3768,3046,0.116,0.75
Completed,0.61,29,3678,1600,0.557,0.11
Completed,0.59,12,1302,4339,0.414,0.591
Completed,0.54,13,2405,2129,0.173,0.73
Completed,0.53,7,2617,4438,0.783,0.218
Completed,0.65,53,4871,805,0.358,0.923
Completed,0.48,9,151,3262,0.749,0.379
Completed,0.55,17,308,779,0.07,0.504
Completed,0.57,19,4714,3284,0.956,0.054
Completed,0.57,14,2773,1917,0.402,0.837
Completed,0.54,8,2248,4645,0.51,0.356
Completed,0.61,21,1459,1857,0.767,0.464
Completed,0.56,11,3521,4078,0.129,0.976
Completed,0.67,59,3925,523,0.699,0.133
Completed,0.54,11,1056,2911,0.342,0.677
Completed,0.54,12,722,2202,0.665,0.898
Completed,0.57,17,4104,2468,0.878,0.534
Completed,0.53,10,879,4719,0.018,0.017
Completed,0.67,61,1212,394,0.975,0.299
Completed,0.55,12,3413,3523,0.45,0.326
Completed,0.69,64,3863,418,0.358,0.951
Completed,0.55,7,347,4043,0.783,0.306
Completed,0.56,27,1154,951,0.653,0.382
Completed,0.56,13,4669,4591,0.205,0.86
Completed,0.57,13,2608,1717,0.891,0.177
Completed,0.57,13,1593,2741,0.466,0.565
Completed,0.71,98,1405,199,0.996,0.764
Completed,0.54,8,2889,4093,0.423,0.493
Completed,0.59,20,4871,2137,0.735,0.559
Completed,0.53,10,888,3571,0.185,0.198
Completed,0.5,15,150,1418,0.254,0.116
Completed,0.59,17,4135,2876,0.827,0.628
Completed,0.61,33,3617,935,0.015,0.32
Completed,0.53,7,2132,4775,0.565,0.922
Completed,0.62,30,4314,1369,0.153,0.42
Completed,0.56,8,174,3081,0.71,0.836
Completed,0.54,12,666,1952,0.851,0.975
Completed,0.57,16,4807,3600,0.286,0.268
Completed,0.73,135,3059,92,0.599,0.707
Completed,0.53,13,1418,4356,0.041,0.035
Completed,0.6,28,1855,1747,0.508,0.36
Completed,0.55,11,2715,2555,0.068,0.9
Completed,0.57,35,4385,1215,0.755,0.091
Completed,0.58,25,1025,4483,0.322,0.667
Completed,0.65,31,601,545,0.241,0.521
Completed,0.58,12,3959,3760,0.681,0.222
Completed,0.57,15,3130,2434,0.496,0.787
Completed,0.52,7,2271,3267,0.929,0.453
Completed,0.51,10,2408,2229,0.098,0.747
Completed,0.55,15,3425,3316,0.547,0.012
Completed,0.56,26,4004,2303,0.973,0.26
Completed,0.54,8,489,3405,0.416,0.995
Completed,0.57,18,981,1565,0.023,0.816
Completed,0.54,16,4497,2730,0.588,0.428
Completed,0.59,26,2749,1082,0.278,0.61
Completed,0.56,11,1733,4629,0.835,0.133
Completed,0.63,22,1540,2082,0.366,0.449
Completed,0.58,10,3025,3462,0.806,0.809
Completed,0.71,96,4695,271,0.122,0.243
Completed,0.59,10,710,4189,0.554,0.514
Completed,0.56,17,286,785,0.883,0.673
Completed,0.57,14,4270,4757,0.442,0.071
Completed,0.63,25,3440,1551,0.63,0.877
Completed,0.6,18,1956,2907,0.197,0.364
Completed,0.65,53,1921,652,0.397,0.154
Completed,0.54,12,3562,4902,0.962,0.605
Completed,0.64,58,4179,756,0.516,0.854
Completed,0.53,6,37,4942,0.091,0.403
Completed,0.75,141,844,66,0.472,0.285
Completed,0.57,8,4984,4238,0.921,0.957
Completed,0.56,14,2923,1955,0.233,0.017
Completed,0.59,11,1283,3746,0.658,0.724
Completed,0.57,33,1716,1131,0.129,0.917
Completed,0.51,8,2574,4424,0.702,0.342
Completed,0.58,27,4556,1848,0.389,0.648
Completed,0.58,14,1198,2603,0.939,0.109
Completed,0.55,10,460,2411,0.622,0.205
Completed,0.6,16,3820,3141,0.049,0.539
Completed,0.67,43,3302,551,0.859,0.471
Completed,0.57,8,2442,3897,0.31,0.77
Completed,0.62,21,2236,365,0.727,0.057
Completed,0.52,10,3251,3927,0.162,0.702
Completed,0.59,30,3781,1639,0.577,0.096
Completed,0.51,9,421,2663,0.004,0.648
Completed,0.61,16,1237,2307,0.435,0.539
Completed,0.59,14,4595,3394,0.985,0.218
Completed,0.64,34,2535,340,0.173,0.776
Completed,0.57,11,1676,3964,0.746,0.482
Completed,0.56,23,1322,1496,0.217,0.157
Completed,0.57,13,2962,2954,0.642,0.584
Completed,0.65,48,4945,857,0.453,0.394
Completed,0.54,18,805,4697,0.902,0.848
Completed,0.61,15,76,277,0.534,0.963
Completed,0.56,13,4217,4171,0.109,0.294
Completed,0.59,19,3700,2059,0.795,0.728
Completed,0.56,6,2059,3493,0.347,0.032
Completed,0.47,9,2098,1287,0.778,0.588
Completed,0.58,20,3739,3014,0.33,0.172
Completed,0.82,906,4230,14,0.932,0.501
Completed,0.53,7,247,4278,0.492,0.242
Completed,0.6,27,749,730,0.071,0.072
Completed,0.55,8,4734,4980,0.504,0.686
Completed,0.65,21,2986,1291,0.319,0.371
Completed,0.59,17,1501,3003,0.759,0.888
Completed,0.65,50,1772,623,0.29,0.688
Completed,0.55,9,2789,3838,0.847,0.054
Completed,0.52,20,4458,2356,0.038,0.987
Completed,0.59,13,942,3189,0.603,0.256
Completed,0.54,13,528,1825,0.959,0.432
Completed,0.6,21,4043,2633,0.401,0.824
Completed,0.61,25,3212,1137,0.714,0.135
Completed,0.53,7,2197,4405,0.149,0.624
Completed,0.63,18,2481,1029,0.815,0.331
Completed,0.56,13,3341,4669,0.265,0.91
Completed,0.58,51,3169,2808,0.878,0.344
Completed,0.61,39,3920,1004,0.194,0.661
Completed,0.51,9,562,4550,0.634,0.082
Completed,0.65,55,1064,444,0.803,0.232
Completed,0.57,16,4424,4005,0.37,0.526
Completed,0.54,13,2676,2225,0.558,0.468
Completed,0.55,14,1816,3327,0.117,0.79
Completed,0.61,45,1457,863,0.584,0.598
Completed,0.55,10,3098,4835,0.027,0.144
Completed,0.62,31,4768,1473,0.838,0.835
Completed,0.54,10,627,2829,0.273,0.408
Completed,0.57,20,4353,3540,0.722,0.976
Completed,0.72,110,3522,193,0.412,0.045
Completed,0.56,9,1882,4111,0.977,0.714
Completed,0.62,23,1995,2030,0.678,0.798
Completed,0.54,11,3479,3678,0.245,0.442
Completed,0.57,17,3656,4316,0.611,0.75
Completed,0.57,34,4096,1877,0.298,0.194
Completed,0.53,6,111,3667,0.871,0.55
Completed,0.6,22,926,1366,0.69,0.637
Completed,0.59,22,4910,3093,0.141,0.12
Completed,0.63,33,2850,678,0.951,0.936
Completed,0.58,11,1366,4864,0.378,0.322
Completed,0.57,13,1632,2489,0.909,0.005
Completed,0.54,12,2647,3219,0.484,0.736
Completed,0.65,125,4630,473,0.67,0.304
Completed,0.57,12,1115,3819,0.222,0.938
Completed,0.59,15,386,1209,0.342,0.873
Completed,0.56,9,3903,4502,0.767,0.384
Completed,0.57,24,3385,1770,0.079,0.576
Completed,0.51,33,2369,2525,0.528,0.184
Completed,0.51,11,2310,1643,0.446,0.896
Completed,0.52,15,3365,4218,0.764,0.202
Completed,0.57,22,3882,2092,0.078,0.76
Completed,0.54,8,366,3452,0.503,0.497
Completed,0.6,21,1104,1541,0.934,0.316
Completed,0.55,17,4619,2916,0.486,0.926
Completed,0.61,27,2636,814,0.672,0.112
Completed,0.55,60,1621,4727,0.247,0.632
Completed,0.6,21,1341,2274,0.716,0.947
Completed,0.54,36,2824,3434,0.143,0.31
Completed,0.68,88,4885,375,0.952,0.743
Completed,0.56,11,901,3917,0.403,0.016
Completed,0.53,10,95,1072,0.035,0.173
Completed,0.55,10,4080,4638,0.608,0.569
Completed,0.59,28,3640,1594,0.296,0.379
Completed,0.54,8,2155,2700,0.846,0.864
Completed,0.7,33,2171,144,0.061,0.491
Completed,0.54,15,3538,2593,0.745,0.67
Completed,0.57,38,4369,1101,0.433,0.356
Completed,0.55,9,229,4453,0.99,0.903
Completed,0.62,29,652,580,0.571,0.783
Completed,0.56,18,4794,3868,0.005,0.457
Completed,0.55,16,3124,2401,0.818,0.517
Completed,0.55,13,1483,3151,0.26,0.226
Completed,0.68,48,1827,766,0.789,0.417
Completed,0.55,9,2687,4932,0.348,0.839
Completed,0.57,32,4435,1258,0.537,0.151
Completed,0.57,11,1075,3043,0.104,0.609
Completed,0.58,28,582,1984,0.46,0.703
Completed,0.55,27,3941,3716,0.9,0.039
Completed,0.66,122,3189,56,0.215,0.971
Completed,0.55,8,2331,4247,0.648,0.272
Completed,0.7,35,2348,242,0.316,0.555
Completed,0.56,11,3223,3580,0.379,0.51
Completed,0.71,105,4054,228,0.692,0.453
Completed,0.54,8,539,4063,0.135,0.806
Completed,0.6,32,963,906,0.304,0.881
Completed,0.55,9,4479,4804,0.869,0.36
Completed,0.62,20,2809,1428,0.059,0.677
Completed,0.56,15,1793,2866,0.616,0.067
Completed,0.67,62,1517,408,0.085,0.264
Completed,0.59,10,3002,4052,0.526,0.991
Completed,0.59,20,4750,2258,0.339,0.06
Completed,0.54,9,765,3286,0.772,0.698
Completed,0.54,10,272,1688,0.664,0.614
Completed,0.64,22,4256,2770,0.223,0.129
Completed,0.56,35,3504,961,0.911,0.819
Completed,0.53,6,2021,4581,0.478,0.424
Completed,0.56,25,1898,1857,0.179,0.088
Completed,0.56,13,3675,4454,0.112,0.105
Completed,0.62,28,4192,1737,0.797,0.921
Completed,0.52,7,51,2565,0.372,0.338
Completed,0.62,12,789,2443,0.191,0.475
Completed,0.57,17,4929,3257,0.64,0.766
Completed,0.64,37,2946,515,0.452,0.209
Completed,0.56,11,1306,3789,0.877,0.535
Completed,0.57,29,1655,1398,0.41,0.858
Completed,0.58,16,2515,3052,0.983,0.399
Completed,0.65,58,4574,642,0.171,0.592
Completed,0.55,8,1216,4911,0.721,0.169
Completed,0.74,78,410,101,0.841,0.021
Completed,0.57,13,3770,4346,0.268,0.72
Completed,0.61,21,3330,1922,0.578,0.289
Completed,0.52,8,2470,3629,0.029,0.953
Completed,0.56,10,2208,2127,0.945,0.247
Completed,0.55,20,4015,4854,0.182,0.884
Completed,0.6,28,3262,1336,0.995,0.076
Completed,0.55,8,2247,3122,0.429,0.682
Completed,0.58,13,2431,1463,0.597,0.398
Completed,0.62,18,3291,2838,0.048,0.844
Completed,0.58,45,3809,892,0.857,0.161
Completed,0.6,8,449,4805,0.284,0.58
Completed,0.7,94,1177,164,0.154,0.732
Completed,0.56,15,4536,4140,0.704,0.028
Completed,0.56,13,2553,2170,0.392,0.967
Completed,0.57,12,1695,3530,0.965,0.29
Completed,0.54,28,4968,1672,0.236,0.335
Completed,0.55,16,4153,3356,0.328,0.478
Completed,0.67,64,3714,453,0.514,0.543
Completed,0.56,34,2073,3995,0.066,0.214
Completed,0.57,7,2033,1244,0.56,0.652
Completed,0.61,20,190,329,0.384,0.465
Completed,0.55,16,4330,3974,0.941,0.794
Completed,0.62,16,3577,2336,0.131,0.228
Completed,0.58,13,1937,3364,0.696,0.53
Completed,0.6,49,1982,502,0.896,0.991
Completed,0.56,11,3465,3790,0.463,0.252
Completed,0.62,21,4295,2479,0.652,0.692
Completed,0.53,14,726,1779,0.352,0.139
Completed,0.54,20,4711,2515,0.785,0.62
Completed,0.58,23,3041,1179,0.099,0.436
Completed,0.57,12,1556,4531,0.54,0.82
Completed,0.59,24,1754,1906,0.01,0.505
Completed,0.54,11,2770,3638,0.567,0.238
Completed,0.73,236,4518,134,0.255,0.802
Completed,0.55,9,1002,4326,0.821,0.438
Completed,0.58,21,499,687,0.74,0.375
Completed,0.59,10,327,1320,0.123,0.932
Completed,0.56,17,3843,2974,0.548,0.326
Completed,0.64,50,3404,720,0.36,0.633
Completed,0.54,8,2387,4990,0.809,0.124
Completed,0.56,18,2291,828,0.228,0.831
Completed,0.55,8,3150,4726,0.661,0.412
Completed,0.6,30,3980,1506,0.474,0.594
Completed,0.56,17,622,2944,0.915,0.148
Completed,0.6,18,1036,2049,0.522,0.041
Completed,0.55,16,4396,3502,0.089,0.717
Completed,0.66,50,2726,306,0.777,0.276
Completed,0.57,12,1866,4141,0.336,0.98
Completed,0.61,34,1444,1610,0.865,0.657
Completed,0.54,15,3085,2692,0.308,0.086
Completed,0.61,43,4833,1039,0.621,0.892
Completed,0.54,9,692,4659,0.055,0.348
Completed,0.54,17,127,605,0.943,0.35
Completed,0.56,13,4111,3855,0.386,0.89
Completed,0.59,20,3613,2378,0.698,0.084
Completed,0.55,9,2129,3166,0.133,0.659
Completed,0.53,7,2116,2365,0.279,0.3
Completed,0.58,13,3601,3179,0.829,0.942
Completed,0.66,60,4119,593,0.017,0.001
Completed,0.54,6,134,3867,0.59,0.74
Completed,0.56,28,862,1166,0.971,0.572
Completed,0.57,15,4846,4376,0.422,0.188
Completed,0.59,16,2864,1815,0.732,0.869
Completed,0.62,18,1380,2643,0.159,0.388
Completed,0.8,583,1582,23,0.628,0.19
Completed,0.54,9,2597,4268,0.203,0.554
Completed,0.59,29,4658,2000,0.888,0.487
Completed,0.58,11,1143,3707,0.44,0.754
Completed,0.59,13,1049,3514,0.886,0.93
Completed,0.57,16,614,1519,0.55,0.756
Completed,0.62,17,3974,2932,0.125,0.485
Completed,0.59,34,3163,840,0.811,0.552
Completed,0.51,7,2303,4715,0.362,0.192
Completed,0.61,18,2395,713,0.663,0.982
Completed,0.56,18,3410,4998,0.23,0.274
Completed,0.53,7,315,2981,0.476,0.043
Completed,0.58,22,1149,2008,0.087,0.146
Completed,0.57,19,4666,3700,0.52,0.596
Completed,0.78,206,2586,30,0.334,0.414
Completed,0.57,11,1569,4262,0.775,0.829
Completed,0.59,21,1371,1803,0.305,0.528
Completed,0.58,11,2857,2655,0.863,0.23
Completed,0.59,39,4859,1153,0.054,0.796
Completed,0.56,11,874,4389,0.619,0.463
Completed,0.54,12,734,2502,0.238,0.778
Completed,0.55,10,299,2467,0.326,0.908
Completed,0.59,13,4284,3241,0.751,0.333
Completed,0.65,60,3473,489,0.064,0.642
Completed,0.56,13,1988,3803,0.512,0.102
Completed,0.58,21,1944,2329,0.83,0.39
Completed,0.55,14,3586,3371,0.281,0.867
Completed,0.67,113,4318,322,0.592,0.186
Completed,0.53,7,177,3982,0.019,0.574
Completed,0.61,21,700,1046,0.42,0.738
Completed,0.53,9,4840,4652,0.969,0.003
Completed,0.56,23,3072,1618,0.157,0.944
Completed,0.56,17,1432,2684,0.73,0.299
Completed,0.69,88,1859,294,0.201,0.122
Completed,0.56,10,2718,4155,0.626,0.635
Completed,0.6,23,4407,2038,0.438,0.328
Completed,0.57,15,1184,4129,0.257,0.373
Completed,0.59,25,437,880,0.18,0.44
Completed,0.56,11,3796,4819,0.738,0.801
Completed,0.61,35,3298,1452,0.428,0.236
Completed,0.53,10,2439,2850,0.993,0.507
Completed,0.61,11,2259,1344,0.046,0.292
Completed,0.57,20,3275,3114,0.595,0.965
Completed,0.65,53,4008,694,0.282,0.026
Completed,0.54,8,491,4848,0.855,0.734
Completed,0.72,109,1015,127,0.706,0.578
Completed,0.57,13,4530,4334,0.156,0.163
Completed,0.55,14,2762,1900,0.967,0.846
Completed,0.57,13,1747,3645,0.394,0.396
Completed,0.62,31,1545,1191,0.924,0.212
Completed,0.58,9,3028,4520,0.499,0.545
Completed,0.6,24,4718,1792,0.686,0.48
Completed,0.5,11,800,3244,0.337,0.616
Completed,0.53,9,44,1725,0.225,0.696
Completed,0.59,16,4184,2577,0.666,0.063
Completed,0.57,28,3686,1232,0.48,0.993
Completed,0.55,10,2046,4467,0.913,0.263
Completed,0.56,21,2085,460,0.461,0.822
Completed,0.56,13,3725,3988,0.894,0.434
Completed,0.6,29,4145,2204,0.209,0.618
Completed,0.52,9,5,3348,0.65,0.14
Completed,0.6,16,839,1665,0.787,0.049
Completed,0.59,17,4981,2785,0.354,0.694
Completed,0.6,25,2901,986,0.542,0.254
Completed,0.54,12,1260,4568,0.102,0.989
Completed,0.62,20,1682,2183,0.569,0.68
Completed,0.53,9,2541,3518,0.011,0.078
Completed,0.72,168,4544,175,0.823,0.886
Completed,0.55,9,976,4793,0.17,0.023
Completed,0.7,72,530,216,0.27,0.166
Completed,0.55,20,4047,4076,0.843,0.593
Completed,0.58,18,3237,2116,0.031,0.401
Completed,0.49,7,2220,3592,0.58,0.855
Completed,0.53,12,2478,1930,0.381,0.065
Completed,0.58,11,3337,3622,0.946,0.678
Completed,0.75,170,3757,108,0.137,0.362
Completed,0.51,7,398,4340,0.695,0.878
Completed,0.64,40,1223,635,0.867,0.808
Completed,0.56,14,4583,4920,0.302,0.451
Completed,0.56,22,2502,1392,0.614,0.509
Completed,0.6,15,1642,3059,0.057,0.249
Completed,0.66,68,1298,527,0.524,0.426
Completed,0.53,15,2940,3777,0.083,0.817
Completed,0.56,21,4941,2456,0.77,0.126
Completed,0.56,9,661,3881,0.954,0.174
Completed,0.57,11,215,1113,0.606,0.015
Completed,0.53,13,4357,4441,0.033,0.746
Completed,0.62,22,3546,1871,0.844,0.312
Completed,0.63,21,1905,2580,0.294,0.945
Completed,0.53,7,2027,968,0.114,0.533
Completed,0.57,12,3512,4574,0.562,0.211
Completed,0.57,27,4245,1696,0.374,0.768
Completed,0.57,9,260,2762,0.799,0.474
Completed,0.58,13,773,2251,0.638,0.339
Completed,0.56,15,4756,3293,0.189,0.918
Completed,0.69,53,2989,400,0.875,0.103
Completed,0.56,12,1505,4060,0.45,0.654
Completed,0.62,30,1786,1441,0.981,0.955
Completed,0.52,10,2801,2854,0.408,0.287
Completed,0.6,49,4491,918,0.719,0.719
Completed,0.59,28,4627,1530,0.106,0.037
Completed,0.52,12,1110,2928,0.539,0.706
Completed,0.61,10,354,2105,0.898,0.606
Completed,0.59,18,3869,3440,0.458,0.152
Completed,0.69,79,3371,254,0.646,0.841
Completed,0.55,7,2356,4207,0.213,0.414
Completed,0.77,106,2342,49,0.762,0.63
Completed,0.56,13,3202,4256,0.314,0.114
Completed,0.62,27,3935,1978,0.501,0.927
Completed,0.5,9,575,3723,0.076,0.313
Completed,0.64,21,1088,1266,0.488,0.499
Completed,0.58,13,4447,3036,0.936,0.759
Completed,0.56,9,1821,4926,0.674,0.557
Completed,0.58,17,1471,2389,0.145,0.866
Completed,0.59,13,3111,3163,0.718,0.376
Completed,0.64,61,4801,567,0.405,0.566
Completed,0.58,33,4919,1354,0.271,0.978
Completed,0.56,13,934,3104,0.836,0.278
Completed,0.5,8,99,1890,0.724,0.41
Completed,0.55,21,4083,3654,0.167,0.833
Completed,0.73,137,3663,156,0.979,0.142
Completed,0.54,6,2179,4304,0.414,0.6
Completed,0.54,13,2168,1587,0.743,0.224
Completed,0.59,19,3652,2707,0.177,0.519
Completed,0.58,39,4072,1064,0.989,0.459
Completed,0.58,7,88,4646,0.431,0.781
Completed,0.64,51,913,382,0.007,0.905
Completed,0.58,12,4898,3910,0.572,0.353
Completed,0.61,12,2817,2282,0.262,0.668
Completed,0.59,11,1333,3426,0.82,0.089
Completed,0.6,42,1609,802,0.35,0.274
Completed,0.55,7,2625,4740,0.791,0.97
Completed,0.66,86,4431,430,0.22,0.386
Completed,0.58,11,1072,4017,0.668,0.871
Completed,0.59,21,549,1015,0.769,0.94
Completed,0.57,13,3909,4539,0.344,0.303
Completed,0.6,18,3176,1655,0.53,0.734
Completed,0.53,10,2316,2795,0.081,0.007
Completed,0.59,10,2382,1763,0.88,0.792
Completed,0.58,16,3397,2531,0.448,0.467
Completed,0.56,36,3895,1201,0.636,0.524
Completed,0.54,7,380,4509,0.195,0.234
Completed,0.67,54,1126,479,0.368,0.08
Completed,0.57,19,4643,3812,0.801,0.663
Completed,0.57,11,2641,2496,0.115,0.346
Completed,0.6,17,1625,3211,0.556,0.894
Completed,0.64,38,1353,665,0.025,0.712
Completed,0.55,6,2838,4877,0.582,0.047
Completed,0.59,77,4745,742,0.904,0.296
Completed,0.52,7,762,4968,0.455,0.961
Completed,0.57,14,4224,4291,0.532,0.392
Completed,0.62,19,3491,2018,0.345,0.582
Completed,0.56,6,2006,3690,0.793,0.159
Completed,0.71,135,1894,185,0.613,0.324
Completed,0.54,11,3535,4119,0.063,0.934
Completed,0.6,19,4346,2153,0.873,0.118
Completed,0.56,7,204,3547,0.3,0.639
Completed,0.57,17,640,1481,0.139,0.549
Completed,0.56,18,4780,2820,0.688,0.196
Completed,0.6,31,3090,870,0.376,0.752
Completed,0.54,12,1450,4828,0.949,0.489
Completed,0.62,19,1805,2213,0.482,0.182
Completed,0.59,9,2663,3338,0.907,0.578
Completed,0.6,24,4608,2319,0.605,0.826
Completed,0.56,11,1249,3381,0.04,0.43
Completed,0.52,13,414,1627,0.399,0.258
Completed,0.56,18,3773,2674,0.957,0.985
Completed,0.59,32,3353,1016,0.147,0.053
Completed,0.52,7,2494,4681,0.712,0.69
Completed,0.6,14,2204,1143,0.263,0.484
Completed,0.55,7,3221,4398,0.813,0.774
Completed,0.56,26,4031,1832,0.002,0.216
Completed,0.57,8,515,2625,0.575,0.541
Completed,0.57,16,950,2349,0.987,0.646
Completed,0.56,15,4465,3195,0.437,0.098
Completed,0.6,29,2775,615,0.748,0.912
Completed,0.53,12,1760,3845,0.175,0.329
Completed,0.6,27,1494,1304,0.644,0.03
Completed,0.53,10,2978,2990,0.219,0.73
Completed,0.56,10,906,3648,0.383,0.735
Completed,0.57,16,2954,1628,0.5,0.287
Completed,0.55,12,4034,4458,0.056,0.807
Completed,0.69,33,2341,271,0.921,0.234
Completed,0.55,42,3746,1276,0.199,0.812
Completed,0.53,7,2106,3026,0.632,0.447
Completed,0.55,6,2067,2067,0.244,0.889
Completed,0.57,16,3707,3484,0.676,0.369
Completed,0.71,97,4205,284,0.49,0.684
Completed,0.52,6,65,4164,0.93,0.074
Completed,0.61,25,811,849,0.506,0.24
Completed,0.57,15,4952,4705,0.073,0.503
Completed,0.55,19,2951,1489,0.761,0.444
Completed,0.56,14,1310,2961,0.321,0.797
Completed,0.67,65,1668,351,0.849,0.622
Completed,0.56,8,2528,3953,0.292,0.137
Completed,0.54,10,1144,3840,0.158,0.48
Completed,0.63,22,2576,888,0.79,0.561
Completed,0.57,19,4266,3011,0.268,0.033
Completed,0.58,19,1939,2266,0.65,0.989
Completed,0.52,6,2103,2938,0.121,0.354
Completed,0.59,16,4122,2491,0.987,0.687
Completed,0.5,7,2721,3925,0.448,0.159
Completed,0.62,34,979,646,0.566,0.863
Completed,0.51,11,350,4944,0.771,0.897
Completed,0.7,58,3296,410,0.155,0.067
Completed,0.57,20,4708,3196,0.662,0.591
Completed,0.58,23,1413,1455,0.295,0.384
Completed,0.57,12,1644,4098,0.725,0.013
Completed,0.6,35,4639,1097,0.358,0.962
Completed,0.56,15,3531,2799,0.834,0.445
Completed,0.5,9,266,2005,0.218,0.518
Completed,0.5,11,646,4405,0.682,0.27
Completed,0.73,85,2976,168,0.3,0.689
Completed,0.58,12,3788,3750,0.76,0.219
Completed,0.54,10,2358,1682,0.129,0.759
Completed,0.59,9,2486,4538,0.331,0.611
Completed,0.79,660,3869,33,0.713,0.411
Completed,0.53,12,3118,3570,0.222,0.931
Completed,0.57,15,761,1859,0.854,0.11
Completed,0.52,7,99,2564,0.559,0.139
Completed,0.61,24,3680,2088,0.426,0.836
Completed,0.57,13,4491,4331,0.886,0.319
Completed,0.6,35,1812,1022,0.005,0.643
Completed,0.57,11,1265,3436,0.952,0.773
Completed,0.62,32,4875,1368,0.07,0.19
Completed,0.56,8,3128,4716,0.624,0.715
Completed,0.62,35,498,480,0.492,0.26
Completed,0.58,11,1054,3112,0.893,0.516
Completed,0.54,14,2749,2319,0.027,0.463
Completed,0.56,13,4162,3787,0.534,0.941
Completed,0.55,13,2117,786,0.417,0.018
Completed,0.56,14,1969,4017,0.821,0.639
Completed,0.64,50,4329,709,0.19,0.339
Completed,0.56,10,2582,2875,0.744,0.817
Completed,0.61,14,1201,2399,0.361,0.142
Completed,0.57,9,597,3259,0.039,0.112
Completed,0.59,21,3278,1547,0.92,0.913
Completed,0.58,14,4969,4851,0.398,0.432
Completed,0.69,61,1391,347,0.531,0.606
Completed,0.6,16,1784,2697,0.457,0.976
Completed,0.63,26,4417,1952,0.59,0.061
Completed,0.51,13,3666,4151,0.099,0.534
Completed,0.53,10,59,1199,0.98,0.491
Completed,0.55,11,859,4189,0.997,0.18
Completed,0.6,23,2865,1242,0.116,0.845
Completed,0.58,18,3967,2676,0.576,0.372
Completed,0.55,10,2233,1897,0.444,0.666
Completed,0.53,6,2191,3507,0.594,0.396
Completed,0.59,26,3935,1766,0.477,0.563
Completed,0.53,9,2828,4630,0.952,0.093
Completed,0.72,101,812,96,0.087,0.885
Completed,0.52,8,204,4239,0.265,0.852
Completed,0.58,35,3501,960,0.631,0.184
Completed,0.62,23,4582,2627,0.187,0.658
Completed,0.61,18,1638,2180,0.803,0.367
Completed,0.57,12,1556,4769,0.248,0.238
Completed,0.63,55,4824,582,0.864,0.787
Completed,0.54,13,3424,3334,0.326,0.306
Completed,0.58,16,432,1315,0.693,0.731
Completed,0.59,11,1232,3289,0.71,0.917
Completed,0.59,15,2623,1284,0.344,0.12
Completed,0.55,10,4375,4822,0.851,0.601
Completed,0.51,9,2005,610,0.234,0.424
Completed,0.52,6,2153,4897,0.513,0.794
Completed,0.66,79,4207,377,0.38,0.244
Completed,0.58,12,2790,3207,0.934,0.725
Completed,0.6,25,1085,1519,0.053,0.3
Completed,0.53,7,400,2850,0.348,0.455
Completed,0.58,17,3383,2349,0.73,0.504
Completed,0.58,12,4778,4050,0.208,0.026
Completed,0.59,41,1520,756,0.839,0.952
Completed,0.53,14,1596,3692,0.142,0.573
Completed,0.59,28,4549,1658,0.774,0.405
Completed,0.55,13,3464,4445,0.282,0.875
Completed,0.69,27,157,204,0.665,0.084
Completed,0.56,13,716,2768,0.201,0.831
Completed,0.56,17,3082,1960,0.817,0.132
Completed,0.57,14,3838,4126,0.372,0.649
Completed,0.54,16,2445,1150,0.739,0.326
Completed,0.56,9,2400,2589,0.785,0.055
Completed,0.63,23,3820,2137,0.169,0.971
Completed,0.55,9,3013,4260,0.645,0.497
Completed,0.55,21,693,1014,0.279,0.54
Completed,0.52,7,12,4687,0.073,0.697
Completed,0.72,162,3629,119,0.939,0.282
Completed,0.54,14,4384,3467,0.494,0.751
Completed,0.6,25,1742,1731,0.611,0.208
Completed,0.56,11,1355,3813,0.431,0.329
Completed,0.59,44,4923,836,0.548,0.63
Completed,0.58,14,3237,3080,0.01,0.152
Completed,0.54,12,565,2271,0.876,0.826
Completed,0.55,10,947,4759,0.474,0.072
Completed,0.63,32,2679,518,0.606,0.903
Completed,0.55,15,4075,3381,0.084,0.378
Completed,0.56,10,2066,1347,0.965,0.584
Completed,0.57,16,1902,3153,0.313,0.197
Completed,0.57,30,4219,1417,0.679,0.777
Completed,0.54,8,2534,4999,0.141,0.253
Completed,0.68,46,1111,430,0.757,0.71
Completed,0.58,7,530,3948,0.579,0.552
Completed,0.59,36,3170,703,0.462,0.469
Completed,0.57,19,4922,2902,0.969,0.998
Completed,0.54,16,1303,2451,0.104,0.043
Completed,0.56,10,1853,4508,0.908,0.422
Completed,0.7,87,4522,296,0.042,0.619
Completed,0.57,13,3716,3600,0.518,0.099
Completed,0.55,8,145,1595,0.401,0.923
Completed,0.55,9,890,4864,0.013,0.586
Completed,0.67,54,2907,330,0.879,0.389
Completed,0.56,15,4012,3273,0.435,0.893
Completed,0.5,13,2270,1532,0.551,0.069
Completed,0.54,7,2300,4361,0.023,0.954
Completed,0.58,43,4003,1067,0.904,0.008
Completed,0.56,12,2918,2536,0.413,0.525
Completed,0.6,16,861,2035,0.545,0.45
Completed,0.53,7,312,3520,0.867,0.296
Completed,0.56,23,3567,1833,0.235,0.745
Completed,0.56,8,4670,4585,0.695,0.225
Completed,0.74,228,1685,66,0.314,0.797
Completed,0.57,13,1450,2988,0.636,0.676
Completed,0.6,25,4755,2208,0.254,0.346
Completed,0.58,11,3338,3875,0.808,0.874
Completed,0.58,16,382,928,0.176,0.167
Completed,0.59,15,1122,2641,0.287,0.317
Completed,0.52,10,2505,2164,0.669,0.647
Completed,0.57,13,4250,4252,0.147,0.134
Completed,0.6,43,1892,943,0.778,0.841
Completed,0.52,6,2038,4178,0.5,0.44
Completed,0.59,35,4084,1177,0.617,0.522
Completed,0.6,11,2670,2722,0.079,0.01
Completed,0.55,15,976,1928,0.944,0.965
Completed,0.59,8,353,3725,0.641,0.81
Completed,0.61,21,3347,1705,0.275,0.231
Completed,0.56,9,4745,4378,0.782,0.74
Completed,0.72,103,1479,191,0.166,0.282
Completed,0.58,17,1716,2861,0.845,0.162
Completed,0.59,22,4661,2414,0.229,0.86
Completed,0.58,12,3578,4004,0.705,0.359
Completed,0.59,16,283,725,0.339,0.682
Completed,0.54,9,682,3180,0.81,0.434
Completed,0.59,20,3042,1468,0.178,0.603
Completed,0.56,8,3790,4928,0.639,0.117
Completed,0.66,29,2409,424,0.257,0.908
Completed,0.51,8,2435,3359,0.21,0.712
Completed,0.62,32,3867,1291,0.841,0.263
Completed,0.59,10,3053,4795,0.35,0.768
Completed,0.63,29,725,559,0.732,0.195
Completed,0.5,6,136,3761,0.93,0.038
Completed,0.58,45,3745,809,0.049,0.984
Completed,0.57,17,4494,3087,0.509,0.483
Completed,0.63,18,1863,2342,0.376,0.558
Completed,0.56,11,1312,4617,0.574,0.936
Completed,0.73,193,4892,112,0.441,0.105
Completed,0.56,10,3199,3493,0.995,0.614
Completed,0.56,12,519,1782,0.114,0.407
Completed,0.59,11,1056,4315,0.523,0.663
Completed,0.58,23,2801,1036,0.406,0.362
Completed,0.59,16,4198,2547,0.913,0.856
Completed,0.51,8,2183,2100,0.048,0.182
Completed,0.52,6,2015,2776,0.7,0.537
Completed,0.63,23,4346,2031,0.318,0.488
Completed,0.54,8,2653,4074,0.872,0.981
Completed,0.56,29,1223,1123,0.24,0.056
Completed,0.6,9,574,4482,0.41,0.214
Completed,0.71,69,3208,245,0.542,0.764
Completed,0.54,16,4952,3670,0.02,0.267
Completed,0.6,22,1345,1602,0.901,0.692
Completed,0.54,11,1732,3940,0.08,0.812
Completed,0.66,54,4414,632,0.961,0.147
Completed,0.55,13,3600,2954,0.47,0.636
Completed,0.52,7,22,2478,0.602,0.342
Completed,0.56,15,2838,2425,0.487,0.947
Completed,0.56,14,3926,3971,0.947,0.458
Completed,0.6,13,2221,677,0.066,0.501
Completed,0.51,7,2261,4692,0.972,0.311
Completed,0.63,63,3957,505,0.107,0.726
Completed,0.56,10,2874,3413,0.583,0.241
Completed,0.57,22,830,1394,0.466,0.784
Completed,0.52,6,187,3033,0.136,0.938
Completed,0.6,19,3455,2239,0.752,0.021
Completed,0.58,16,4559,3864,0.307,0.51
Completed,0.6,37,1568,863,0.674,0.468
Completed,0.58,11,1490,3587,0.369,0.09
Completed,0.62,24,4787,1846,0.735,0.888
Completed,0.55,11,3372,4553,0.197,0.391
Completed,0.8,202,429,19,0.813,0.568
Completed,0.61,29,2679,772,0.249,0.2
Completed,0.6,26,3055,1075,0.84,0.573
Completed,0.57,9,1,182,0.019,0.001
Completed,0.69,32,179,160,0.439,0.001
Completed,0.56,8,1,361,0.634,0.866
Completed,0.6,26,4066,1677,0.904,0.703
Completed,0.56,27,2808,173,0.254,0.999
Completed,0.67,30,188,187,0.525,0.78
Completed,0.59,27,5000,1619,0.999,0.001
Completed,0.52,9,1,521,0.293,0.999
Completed,0.52,6,1,4034,0.999,0.001
Completed,0.53,7,1,5000,0.001,0.999
Completed,0.53,6,1,5000,0.001,0.001
Completed,0.52,6,1,2693,0.001,0.798
Completed,0.52,8,1,1370,0.999,0.999
Completed,0.52,7,1,3158,0.999,0.999
Completed,0.56,8,1,388,0.999,0.999
Completed,0.51,7,1,1715,0.999,0.001
Completed,0.64,10,1,21,0.999,0.001
Completed,0.52,8,1,703,0.999,0.769
Completed,0.56,7,2300,4382,0.157,0.026
Failed,,,659,1,0.001,0.171
Failed,,,3491,3130,0.161,0.789
Failed,,,233,1442,0.793,0.248
Failed,,,784,2926,0.619,0.032
Failed,,,206,1694,0.176,0.392
Failed,,,3483,105,0.363,0.12
Failed,,,2240,2712,0.573,0.869
Failed,,,2119,2274,0.297,0.713
Failed,,,3371,4921,0.508,0.463
Failed,,,4155,772,0.236,0.8
Failed,,,397,3282,0.945,0.048
Failed,,,1107,562,0.625,0.17
Failed,,,2508,1547,0.812,0.317
Failed,,,1261,3764,0.118,0.57
Failed,,,1553,1256,0.56,0.071
Failed,,,2805,4059,0.256,0.817
Failed,,,2202,1,0.999,0.001
Failed,,,2204,1,0.866,0.077
Failed,,,2081,1,0.001,0.097
Failed,,,1348,1,0.001,0.001
Failed,,,1,1079,0.001,0.001
Failed,,,2970,1,0.001,0.001
Failed,,,3024,1,0.845,0.106
Failed,,,5000,156,0.001,0.001
Failed,,,2789,418,0.001,0.001
Failed,,,1476,1166,0.001,0.001
Failed,,,2116,714,0.001,0.001
Failed,,,2168,1,0.001,0.202
Failed,,,2566,1,0.999,0.001
Failed,,,2237,1,0.999,0.257
Failed,,,2079,1,0.999,0.104
Failed,,,2580,1,0.001,0.05
Failed,,,1553,1,0.999,0.001
Failed,,,1,1,0.001,0.999
Failed,,,4653,1,0.001,0.001
Failed,,,3979,1,0.999,0.001
Failed,,,1384,1,0.999,0.169
Failed,,,1664,1,0.001,0.001
Failed,,,2217,1,0.999,0.349
Failed,,,405,1,0.999,0.001
Failed,,,1,1,0.999,0.978
Failed,,,511,1,0.001,0.001
Failed,,,2834,1,0.999,0.133
Failed,,,1814,1,0.001,0.289
Failed,,,2649,1,0.001,0.001
Failed,,,990,1,0.999,0.001
Failed,,,2209,1,0.001,0.12
Failed,,,1865,1,0.999,0.25
Failed,,,3176,1,0.001,0.103
Failed,,,2616,702,0.001,0.001
Failed,,,1514,1,0.001,0.104
Failed,,,2262,1,0.999,0.106
Failed,,,2147,1,0.999,0.382
Failed,,,2377,1268,0.001,0.001
Failed,,,33,1,0.001,0.999
Failed,,,2024,1,0.001,0.257
Failed,,,1258,1,0.001,0.001
Failed,,,2549,1,0.999,0.196
Failed,,,2958,1,0.001,0.001
Failed,,,2162,1,0.355,0.178
Failed,,,1035,1,0.999,0.001
Failed,,,2169,1,0.999,0.001
Failed,,,2328,1,0.399,0.034
Failed,,,2291,1,0.999,0.039
Failed,,,861,1,0.999,0.001
Failed,,,206,1,0.001,0.999
Failed,,,3805,1,0.999,0.001
Failed,,,2294,1208,0.001,0.001
Failed,,,2161,1,0.001,0.269
Failed,,,1391,1,0.001,0.001
Failed,,,1945,1,0.999,0.071
Failed,,,2578,1,0.001,0.001
Failed,,,2362,1,0.999,0.261
Failed,,,2033,1,0.001,0.164
Failed,,,2007,1,0.999,0.001
Failed,,,2261,1,0.776,0.092
Failed,,,1450,1170,0.001,0.828
Failed,,,2783,1786,0.001,0.001
Failed,,,1654,1,0.999,0.687
Failed,,,2968,1,0.773,0.001
Failed,,,2549,1,0.999,0.001
Failed,,,2584,1,0.001,0.001
Failed,,,2440,1,0.001,0.11
Failed,,,2124,1,0.999,0.274
Failed,,,1788,1,0.999,0.001
Failed,,,2508,1,0.999,0.089
Failed,,,909,1046,0.001,0.918
Failed,,,1862,714,0.001,0.001
Failed,,,407,1,0.999,0.001
Failed,,,1143,1190,0.001,0.001
Failed,,,400,1,0.001,0.915
Failed,,,1769,1,0.999,0.197
Failed,,,2042,1,0.999,0.382
Failed,,,1371,1,0.999,0.001
Failed,,,1912,1,0.001,0.083
Failed,,,2941,1,0.001,0.082
Failed,,,2537,1,0.999,0.067
Failed,,,1789,1,0.999,0.071
Failed,,,1670,1,0.001,0.335
Failed,,,4562,1,0.999,0.001
Failed,,,1283,1,0.001,0.999
Failed,,,4170,1,0.001,0.041
Failed,,,1353,1,0.001,0.001
Failed,,,2259,1,0.999,0.384
Failed,,,781,1361,0.001,0.999
Failed,,,2255,1081,0.001,0.001
Failed,,,2466,1,0.999,0.162
Failed,,,714,1212,0.001,0.001
Failed,,,527,1,0.999,0.001
Failed,,,165,1,0.999,0.999
Failed,,,1070,1,0.999,0.001
Failed,,,2430,1,0.001,0.231
Failed,,,965,1326,0.001,0.001
Failed,,,2661,1384,0.001,0.001
Failed,,,2353,1,0.999,0.148
Failed,,,2762,1,0.001,0.263
Failed,,,2314,1,0.999,0.001
Failed,,,525,1,0.001,0.001
Failed,,,1343,1,0.999,0.001
Failed,,,2635,1,0.999,0.317
Failed,,,1289,1,0.001,0.001
Failed,,,4561,1,0.999,0.001
Failed,,,2693,1,0.001,0.073
Failed,,,2256,1,0.999,0.242
Failed,,,679,1,0.999,0.001
Failed,,,2580,1,0.001,0.164
Failed,,,1679,1,0.999,0.001
Failed,,,2442,1,0.001,0.001
Failed,,,2133,1,0.999,0.335
Failed,,,2449,1,0.001,0.255
Failed,,,3422,1,0.001,0.026
Failed,,,695,1,0.999,0.001
Failed,,,2523,1,0.001,0.001
Failed,,,2551,1,0.999,0.21
Failed,,,2323,1,0.001,0.154
Failed,,,1724,1,0.999,0.001
Failed,,,2546,1,0.999,0.067
Failed,,,4230,1,0.001,0.001
Failed,,,1911,1,0.001,0.288
Failed,,,353,1,0.999,0.001
Failed,,,3017,1,0.999,0.171
Failed,,,441,1,0.001,0.948
Failed,,,1,803,0.001,0.999
Failed,,,635,1,0.999,0.93
Failed,,,350,1,0.999,0.001
Failed,,,1524,1666,0.001,0.551
Failed,,,2954,1,0.999,0.268
Failed,,,2392,1426,0.001,0.001
Failed,,,2667,1606,0.001,0.523
Failed,,,2161,1,0.999,0.001
Failed,,,4272,1,0.999,0.001
Failed,,,274,915,0.001,0.001
Failed,,,3025,1,0.999,0.001
Failed,,,1,882,0.001,0.999
Failed,,,1137,1,0.999,0.001
Failed,,,728,1,0.999,0.953
Failed,,,2640,1,0.001,0.078
Failed,,,2376,1,0.999,0.137
Failed,,,2153,1,0.999,0.68
Failed,,,1371,1,0.001,0.001
Failed,,,479,925,0.001,0.966
Failed,,,199,1,0.001,0.917
Failed,,,2510,1411,0.001,0.001
Failed,,,4294,1,0.001,0.073
Failed,,,1552,874,0.001,0.001
Failed,,,527,1,0.001,0.001
Failed,,,3485,1,0.999,0.001
Failed,,,2460,1,0.999,0.324
Failed,,,1974,1,0.999,0.189
Failed,,,2124,1,0.001,0.249
Failed,,,2893,1,0.001,0.001
Failed,,,2725,1,0.001,0.099
Failed,,,1270,1,0.999,0.001
Failed,,,1755,1,0.001,0.001
Failed,,,2686,1,0.824,0.195
Failed,,,2454,1,0.999,0.068
Failed,,,3647,1,0.999,0.001
Failed,,,308,1,0.001,0.999
Failed,,,2435,1,0.001,0.001
Failed,,,1074,1,0.999,0.001
Failed,,,1860,1,0.999,0.001
Failed,,,2488,1,0.999,0.258
Failed,,,2246,1,0.001,0.148
Failed,,,2627,1,0.999,0.07
Failed,,,930,1,0.999,0.001
Failed,,,1175,1,0.001,0.66
Failed,,,1,983,0.001,0.999
Failed,,,3063,1,0.999,0.12
Failed,,,549,1,0.999,0.001
Failed,,,2730,1,0.999,0.003
Failed,,,3216,1,0.001,0.176
Failed,,,1865,1,0.001,0.083
Failed,,,4496,1,0.875,0.168
Failed,,,1047,1,0.001,0.984
Failed,,,3646,1,0.001,0.001
Failed,,,2014,1,0.001,0.303
Failed,,,130,976,0.001,0.926
Failed,,,2128,1,0.001,0.641
Failed,,,844,1,0.001,0.001
Failed,,,1999,1,0.999,0.407
Failed,,,511,1,0.999,0.001
Failed,,,2554,1548,0.001,0.001
Failed,,,3182,1,0.999,0.331
Failed,,,2361,1,0.999,0.004
Failed,,,1746,1,0.001,0.001
Failed,,,2407,1,0.001,0.07
Failed,,,3021,1,0.999,0.138
Failed,,,2666,1,0.001,0.226
Failed,,,2302,1,0.001,0.067
Failed,,,2494,1,0.999,0.142
Failed,,,3557,1,0.001,0.03
Failed,,,2649,1395,0.001,0.001
Failed,,,2353,1,0.999,0.001
Failed,,,3491,1,0.999,0.001
Failed,,,369,1,0.001,0.999
Failed,,,2586,1,0.001,0.24
Failed,,,2366,1,0.001,0.001
Failed,,,1076,1,0.999,0.001
Failed,,,2407,1,0.999,0.255
Failed,,,2504,1,0.001,0.123
Failed,,,1798,1,0.999,0.001
Failed,,,2614,1,0.999,0.065
Failed,,,2590,1103,0.001,0.001
Failed,,,4359,1,0.001,0.107
Failed,,,3101,1469,0.001,0.286
Failed,,,3043,1206,0.001,0.204
Failed,,,2477,1,0.999,0.322
Failed,,,1,393,0.001,0.001
Failed,,,2869,1,0.999,0.001
Failed,,,2848,1,0.999,0.178
Failed,,,3300,1,0.001,0.148
Failed,,,850,1290,0.001,0.001
Failed,,,4670,1,0.999,0.148
Failed,,,553,1247,0.001,0.999
Failed,,,1015,1,0.001,0.959
Failed,,,775,1,0.001,0.001
Failed,,,1760,1,0.001,0.001
Failed,,,2041,1840,0.001,0.001
Failed,,,1808,1,0.001,0.334
Failed,,,2767,1,0.999,0.317
Failed,,,1463,1,0.999,0.113
Failed,,,3289,566,0.001,0.205
Failed,,,1,385,0.001,0.001
Failed,,,2063,1,0.999,0.261
Failed,,,2168,1243,0.001,0.001
Failed,,,2296,1,0.999,0.092
Failed,,,3740,1285,0.001,0.351
Failed,,,3128,655,0.001,0.261
Failed,,,3980,1068,0.001,0.001
Failed,,,917,893,0.001,0.001
Failed,,,2559,1642,0.001,0.457
Failed,,,2570,1,0.001,0.066
Failed,,,1,557,0.001,0.001
Failed,,,1191,463,0.001,0.001
Failed,,,3315,911,0.001,0.081
Failed,,,2551,1,0.001,0.246
Failed,,,2156,1,0.999,0.273
Failed,,,1502,1592,0.001,0.688
Failed,,,2217,1784,0.001,0.796
Failed,,,2421,1235,0.001,0.653
Failed,,,621,397,0.001,0.001
Failed,,,3807,1897,0.001,0.787
Failed,,,1,515,0.001,0.001
Failed,,,1803,1,0.999,0.652
Failed,,,3638,665,0.001,0.001
Failed,,,1751,1,0.999,0.181
Failed,,,2619,1,0.999,0.261
Failed,,,2443,559,0.001,0.001
Failed,,,2221,1,0.001,0.248
Failed,,,1,418,0.001,0.261
Failed,,,4927,637,0.001,0.001
Failed,,,2290,1495,0.001,0.413
Failed,,,1,1,0.999,0.861
Failed,,,1910,1820,0.001,0.701
Failed,,,1051,1,0.999,0.292
Failed,,,2423,1,0.999,0.001
Failed,,,1740,1,0.999,0.278
Failed,,,516,1,0.999,0.446
Failed,,,1405,1,0.999,0.901
Failed,,,2868,1721,0.001,0.999
Failed,,,472,1,0.999,0.067
Failed,,,1,1,0.001,0.639
Failed,,,3114,1754,0.001,0.517
Failed,,,2348,1,0.001,0.239
Failed,,,2638,1,0.956,0.227
Failed,,,22,1,0.999,0.441
Failed,,,1356,1,0.999,0.297
Failed,,,774,1,0.999,0.317
Failed,,,1705,1,0.999,0.248
Failed,,,781,1,0.999,0.434
Failed,,,3019,1741,0.001,0.534
Failed,,,2419,1,0.001,0.18
Failed,,,1183,1,0.999,0.26
Failed,,,2217,1,0.999,0.239
Failed,,,1670,1,0.001,0.288
Failed,,,5000,475,0.001,0.999
Failed,,,2556,1697,0.001,0.215
Failed,,,1,557,0.001,0.157
Failed,,,5000,1660,0.001,0.609
Failed,,,1157,1,0.999,0.001
Failed,,,4039,1892,0.001,0.015
Failed,,,2491,1,0.001,0.001
Failed,,,370,1,0.001,0.999
Failed,,,2898,1452,0.001,0.645
Failed,,,2218,1492,0.001,0.791
Failed,,,2004,1762,0.001,0.999
Failed,,,1522,1,0.999,0.548
Failed,,,1391,1,0.999,0.001
Failed,,,3271,1973,0.001,0.001
Failed,,,838,1,0.001,0.628
Failed,,,3269,1714,0.001,0.925
Failed,,,1,1,0.999,0.431
Failed,,,3141,1416,0.001,0.531
Failed,,,1783,1,0.001,0.001
Failed,,,361,1,0.999,0.001
Failed,,,865,1,0.999,0.001
Failed,,,215,1,0.001,0.999
Failed,,,942,1,0.999,0.999
Failed,,,479,1,0.999,0.7
Failed,,,2656,1,0.999,0.173
Failed,,,489,1,0.999,0.974
Failed,,,1613,1,0.999,0.275
Failed,,,3066,1744,0.001,0.519
Failed,,,548,1,0.999,0.394
Failed,,,2649,1,0.999,0.192
Failed,,,2337,1,0.001,0.185
Failed,,,1085,1,0.999,0.33
Failed,,,2135,1,0.999,0.242
Failed,,,92,1,0.001,0.689
Failed,,,2275,400,0.001,0.018
Failed,,,1839,1,0.999,0.01
Failed,,,4708,1674,0.001,0.575
Failed,,,1048,533,0.001,0.001
Failed,,,128,729,0.001,0.001
Failed,,,2934,1,0.001,0.157
Failed,,,1326,1,0.999,0.744
Failed,,,2084,1,0.999,0.999
Failed,,,2005,1,0.999,0.001
Failed,,,4605,1740,0.001,0.491
Failed,,,1138,659,0.001,0.001
Failed,,,540,1,0.001,0.568
Failed,,,567,1,0.001,0.999
Failed,,,1928,1804,0.001,0.584
Failed,,,1279,1,0.999,0.649
Failed,,,3014,1351,0.001,0.469
Failed,,,1009,1,0.999,0.845
Failed,,,2529,1632,0.001,0.955
Failed,,,477,1,0.999,0.001
Failed,,,1471,1,0.001,0.343
Failed,,,945,1,0.999,0.001
Failed,,,1,1,0.999,0.483
Failed,,,3053,1840,0.001,0.001
Failed,,,2467,4680,0.638,0.267
Failed,,,4752,2299,0.474,0.852
Failed,,,4471,3733,0.741,0.709
Failed,,,2069,727,0.405,0.172
Failed,,,487,4352,0.936,0.771
Failed,,,2929,1346,0.21,0.36
Failed,,,3635,4891,0.354,0.497
Failed,,,1076,1881,0.504,0.879
Failed,,,1370,3042,0.034,0.061
Failed,,,3967,32,0.823,0.567
Failed,,,2067,627,0.001,0.001
Failed,,,1,597,0.001,0.001
Failed,,,1420,848,0.001,0.999
Failed,,,2633,1,0.999,0.353
Failed,,,5000,1638,0.001,0.795
Failed,,,1386,1,0.999,0.011
Failed,,,3016,650,0.786,0.786
Failed,,,3840,1958,0.181,0.016
Failed,,,3824,2899,0.409,0.31
Failed,,,1538,279,0.699,0.817
Failed,,,1245,4800,0.229,0.248
Failed,,,3491,2180,0.878,0.629
Failed,,,3224,3228,0.142,0.808
Failed,,,784,1232,0.993,0.315
Failed,,,1740,3847,0.462,0.745
Failed,,,4143,1851,0.673,0.129
Failed,,,4311,3969,0.088,0.995
Failed,,,1597,1585,0.797,0.378
Failed,,,639,3338,0.267,0.558
Failed,,,3394,954,0.618,0.066
Failed,,,2545,2780,0.942,0.204
Failed,,,299,399,0.17,0.666
Failed,,,3286,2251,0.043,0.892
Failed,,,2653,4018,0.398,0.75
Failed,,,211,1711,0.748,0.369
Failed,,,2419,3368,0.218,0.687
Failed,,,4820,1060,0.928,0.182
Failed,,,4403,4940,0.162,0.257
Failed,,,2118,2008,0.949,0.874
Failed,,,2868,3530,0.45,0.091
Failed,,,621,911,0.661,0.537
Failed,,,2165,4168,0.13,0.403
Failed,,,4449,1550,0.981,0.973
Failed,,,4774,2616,0.249,0.588
Failed,,,2372,621,0.897,0.036
Failed,,,4599,4273,0.255,0.153
Failed,,,2000,1261,0.606,0.724
Failed,,,458,3661,0.076,0.341
Failed,,,1194,1370,0.908,0.53
Failed,,,1486,3709,0.378,0.414
Failed,,,3772,778,0.729,0.966
Failed,,,3872,4212,0.983,0.732
Failed,,,1469,1518,0.151,0.146
Failed,,,1138,3561,0.679,0.794
Failed,,,3579,868,0.455,0.333
Failed,,,2984,2869,0.108,0.444
Failed,,,426,173,0.754,0.937
Failed,,,1969,4751,0.287,0.008
Failed,,,4567,2053,0.574,0.624
Failed,,,4970,3198,0.343,0.937
Failed,,,2254,1126,0.553,0.431
Failed,,,48,3797,0.024,0.5
Failed,,,2801,1725,0.873,0.12
Failed,,,3137,4509,0.69,0.23
Failed,,,4680,1792,0.351,0.32
Failed,,,4849,2834,0.613,0.243
Failed,,,2532,4983,0.683,0.056
Failed,,,246,1977,0.459,0.564
Failed,,,2454,3102,0.988,0.493
Failed,,,4699,96,0.155,0.876
Failed,,,4516,4030,0.889,0.561
Failed,,,2075,1649,0.226,0.07
Failed,,,532,3430,0.694,0.998
Failed,,,2935,1050,0.421,0.383
Failed,,,3629,2719,0.02,0.271
Failed,,,1031,335,0.869,0.856
Failed,,,1364,4588,0.339,0.21
Failed,,,3922,2203,0.55,0.668
Failed,,,3940,3482,0.004,0.164
Failed,,,1343,783,0.853,0.717
Failed,,,709,858,0.363,0.969
Failed,,,61,12,0.538,0.012
Failed,,,2229,4911,0.008,0.923
Failed,,,4983,1900,0.857,0.449
Failed,,,4546,3358,0.123,0.115
Failed,,,1987,973,0.769,0.513
Failed,,,405,3950,0.303,0.427
Failed,,,3003,1565,0.59,0.95
Failed,,,3560,4660,0.968,0.843
Failed,,,3759,4478,0.215,0.459
Failed,,,1512,2483,0.924,0.918
Failed,,,1181,2597,0.394,0.022
Failed,,,3465,601,0.744,0.606
Failed,,,3098,3131,0.818,0.749
Failed,,,384,1141,0.047,0.133
Failed,,,1926,3781,0.514,0.81
Failed,,,1861,4811,0.738,0.441
Failed,,,4108,2118,0.401,0.931
Failed,,,4276,4875,0.862,0.191
Failed,,,1718,1948,0.027,0.682
Failed,,,760,2975,0.558,0.254
Failed,,,3359,48,0.331,0.869
Failed,,,2581,3690,0.233,0.977
Failed,,,178,758,0.882,0.392
Failed,,,2347,4321,0.413,0.539
Failed,,,4787,1389,0.702,0.081
Failed,,,4428,2769,0.466,0.483
Failed,,,2183,461,0.677,0.897
Failed,,,1256,3303,0.758,0.755
Failed,,,4009,1001,0.095,0.372
Failed,,,4061,2512,0.789,0.905
Failed,,,3307,3473,0.526,0.4
Failed,,,4230,2522,0.17,0.644
Failed,,,49,2405,0.746,0.405
Failed,,,1703,4114,0.35,0.926
Failed,,,2770,794,0.803,0.188
Failed,,,4484,2460,0.194,0.217
Failed,,,2486,888,0.185,0.777
Failed,,,278,4192,0.653,0.16
Failed,,,4169,3052,0.127,0.634
Failed,,,4634,4534,0.546,0.91
Failed,,,1879,2231,0.319,0.466
Failed,,,337,2692,0.851,0.598
Failed,,,3051,389,0.015,0.03
Failed,,,34,3500,0.358,0.727
Failed,,,2749,804,0.508,0.143
Failed,,,3189,2961,0.933,0.004
Failed,,,905,268,0.206,0.62
Failed,,,441,2038,0.826,0.624
Failed,,,4188,4528,0.116,0.371
Failed,,,3404,1165,0.639,0.896
Failed,,,892,4847,0.253,0.574
Failed,,,4832,42,0.831,0.315
Failed,,,4210,4182,0.59,0.41
Failed,,,1722,2611,0.897,0.131
Failed,,,2556,2493,0.444,0.889
Failed,,,2630,4238,0.085,0.531
Failed,,,1804,680,0.504,0.291
Failed,,,177,2721,0.405,0.751
Failed,,,3940,4449,0.479,0.332
Failed,,,3380,4934,0.555,0.089
Failed,,,2343,131,0.103,0.828
Failed,,,677,3422,0.986,0.371
Failed,,,4852,1662,0.409,0.611
Failed,,,4693,98,0.715,0.691
Failed,,,2400,575,0.297,0.516
Failed,,,3637,2870,0.523,0.269
Failed,,,3791,1534,0.234,0.993
Failed,,,58,3770,0.959,0.245
Failed,,,899,2300,0.655,0.102
Failed,,,4667,4888,0.413,0.847
Failed,,,2946,746,0.843,0.389
Failed,,,1683,3315,0.102,0.638
Failed,,,1631,2475,0.438,0.913
Failed,,,2884,4711,0.742,0.168
Failed,,,4605,887,0.002,0.563
Failed,,,1046,1805,0.067,0.222
Failed,,,2554,2801,0.943,0.76
Failed,,,4895,1623,0.311,0.47
Failed,,,1142,4308,0.506,0.72
Failed,,,4042,2314,0.437,0.607
Failed,,,276,4883,0.632,0.357
Failed,,,682,1509,0.952,0.484
Failed,,,4415,3804,0.242,0.737
Failed,,,255,1288,0.394,0.744
Failed,,,4022,4032,0.666,0.493
Failed,,,3550,352,0.081,0.768
Failed,,,2289,3077,0.853,0.017
Failed,,,2110,1939,0.018,0.422
Failed,,,3342,4624,0.789,0.675
Failed,,,1234,227,0.907,0.944
Failed,,,4997,2580,0.151,0.192
Failed,,,2655,1729,0.595,0.545
Failed,,,1388,4219,0.338,0.295
Failed,,,1425,1701,0.778,0.794
Failed,,,2659,4230,0.037,0.046
Failed,,,4874,4592,0.543,0.615
Failed,,,2533,1084,0.207,0.153
Failed,,,38,2365,0.191,0.856
Failed,,,3770,4816,0.994,0.109
Failed,,,3616,840,0.252,0.629
Failed,,,2379,3232,0.557,0.382
Failed,,,2015,1793,0.314,0.039
Failed,,,3281,4147,0.618,0.785
Failed,,,4372,160,0.127,0.451
Failed,,,611,2650,0.931,0.7
Failed,,,1012,1005,0.736,0.578
Failed,,,2598,4384,0.364,0.431
Failed,,,4939,1173,0.886,0.831
Failed,,,1177,3507,0.177,0.079
Failed,,,2310,735,0.126,0.881
Failed,,,3571,3322,0.819,0.13
Failed,,,3204,4773,0.3,0.319
Failed,,,4295,786,0.947,0.918
Failed,,,532,3276,0.238,0.172
Failed,,,1090,381,0.432,0.05
Failed,,,4828,3066,0.628,0.798
Failed,,,2794,1262,0.12,0.465
Failed,,,1562,4045,0.814,0.711
Failed,,,1253,1562,0.258,0.212
Failed,,,406,769,0.679,0.671
Failed,,,4145,3298,0.39,0.419
Failed,,,3361,2280,0.866,0.819
Failed,,,2143,239,0.659,0.752
Failed,,,3386,2573,0.402,0.002
Failed,,,4169,1873,0.847,0.729
Failed,,,423,4070,0.09,0.477
Failed,,,1121,1965,0.27,0.365
Failed,,,699,3638,0.286,0.679
Failed,,,1200,1339,0.587,0.772
Failed,,,4952,3966,0.345,0.021
Failed,,,2610,458,0.898,0.748
Failed,,,2702,2960,0.467,0.249
Failed,,,4736,1483,0.786,0.52
Failed,,,989,3837,0.03,0.274
Failed,,,594,2201,0.334,0.386
Failed,,,4347,4984,0.606,0.634
Failed,,,3256,689,0.147,0.098
Failed,,,1998,3375,0.919,0.844
Failed,,,2356,1611,0.21,0.688
Failed,,,1587,970,0.057,0.867
Failed,,,3695,213,0.572,0.226
Failed,,,2457,2606,0.361,0.974
Failed,,,1936,2420,0.51,0.568
Failed,,,3144,1491,0.539,0.704
Failed,,,1876,3825,0.281,0.456
Failed,,,72,1055,0.309,0.934
Failed,,,3815,3624,0.503,0.187
Failed,,,2413,4579,0.94,0.336
Failed,,,2681,930,0.695,0.853
Failed,,,1439,3127,0.485,0.105
Failed,,,1375,645,0.927,0.604
Failed,,,2275,2081,0.382,0.835
Failed,,,3528,4473,0.686,0.084
Failed,,,3999,1122,0.069,0.686
Failed,,,242,3573,0.873,0.436
Failed,,,639,43,0.553,0.283
Failed,,,4381,2768,0.264,0.535
Failed,,,2977,1597,0.99,0.198
Failed,,,4441,1050,0.527,0.427
Failed,,,455,314,0.217,0.913
Failed,,,4213,3117,0.973,0.161
Failed,,,732,1767,0.732,0.651
Failed,,,1823,2618,0.023,0.111
Failed,,,3944,4658,0.471,0.901
Failed,,,3473,979,0.774,0.361
Failed,,,2210,3704,0.033,0.612
Failed,,,2187,1312,0.837,0.955
Failed,,,3421,3997,0.097,0.205
Failed,,,4204,329,0.651,0.558
Failed,,,1504,2326,0.086,0.328
Failed,,,2736,4855,0.858,0.575
Failed,,,4770,721,0.398,0.163
Failed,,,1033,3348,0.671,0.911
Failed,,,472,618,0.975,0.805
Failed,,,4235,2816,0.219,0.059
Failed,,,3517,2078,0.938,0.698
Failed,,,2283,4490,0.244,0.446
Failed,,,2075,535,0.877,0.103
Failed,,,3227,392,0.749,0.355
Failed,,,1988,3039,0.445,0.602
Failed,,,2404,1977,0.684,0.945
Failed,,,3672,4584,0.38,0.2
Failed,,,934,267,0.263,0.438
Failed,,,4671,2542,0.551,0.684
Failed,,,2950,1845,0.2,0.086
Failed,,,1718,4101,0.988,0.833
Failed,,,1887,1496,0.095,0.825
Failed,,,1321,2359,0.856,0.454
Failed,,,2568,4829,0.085,0.706
Failed,,,4909,847,0.669,0.057
Failed,,,1167,3220,0.396,0.807
Failed,,,3954,4243,0.886,0.644
Failed,,,4849,2877,0.431,0.92
Failed,,,4745,3842,0.588,0.137
Failed,,,4944,1336,0.031,0.636
Failed,,,2343,1832,0.98,0.593
Failed,,,3577,4108,0.208,0.341
Failed,,,4048,277,0.543,0.928
Failed,,,309,2533,0.27,0.178
Failed,,,687,1043,0.091,0.041
Failed,,,1721,1585,0.423,0.334
Failed,,,2988,4348,0.634,0.584
Failed,,,4392,58,0.112,0.185
Failed,,,630,2763,0.822,0.936
Failed,,,250,1128,0.502,0.783
Failed,,,3628,3236,0.123,0.028
Failed,,,890,1300,0.24,0.359
Failed,,,1673,3104,0.514,0.879
Failed,,,1581,1445,0.915,0.656
Failed,,,3169,2735,0.657,0.155
Failed,,,4260,1571,0.089,0.613
Failed,,,1286,1088,0.645,0.251
Failed,,,2525,3598,0.419,0.503
Failed,,,4866,1959,0.832,0.229
Failed,,,2266,2458,0.164,0.06
Failed,,,3498,4733,0.905,0.81
Failed,,,3969,903,0.351,0.457
Failed,,,232,3159,0.593,0.71
Failed,,,765,420,0.772,0.572
Failed,,,4528,3027,0.047,0.322
Failed,,,3124,1379,0.71,0.909
Failed,,,4199,2043,0.26,0.971
Failed,,,432,4514,0.548,0.22
Failed,,,910,4895,0.969,0.742
Failed,,,48,1531,0.665,0.599
Failed,,,377,939,0.896,0.443
Failed,,,4134,3742,0.171,0.693
Failed,,,2041,1650,0.62,0.18
Failed,,,3293,4296,0.316,0.932
Failed,,,1338,4389,0.8,0.037
Failed,,,1474,1882,0.366,0.536
Failed,,,2727,4685,0.577,0.288
Failed,,,619,176,0.693,0.081
Failed,,,4361,2646,0.498,0.829
Failed,,,3270,1780,0.756,0.433
Failed,,,2023,4153,0.062,0.68
Failed,,,2371,824,0.817,0.773
Failed,,,2127,1,0.999,0.001
Failed,,,2526,1,0.001,0.187
Failed,,,5000,1,0.001,0.338
Failed,,,2495,1,0.001,0.183
Failed,,,2639,232,0.066,0.049
Failed,,,1408,93,0.312,0.299
Failed,,,144,1362,0.082,0.937
Failed,,,2198,493,0.233,0.79
Failed,,,1799,2208,0.744,0.803
Failed,,,3066,4971,0.44,0.052
Failed,,,4470,683,0.807,0.716
Failed,,,3909,2934,0.612,0.565
Failed,,,3438,1451,0.136,0.166
Failed,,,2206,3863,0.923,0.915
Failed,,,2154,1163,0.197,0.51
Failed,,,3415,3535,0.985,0.26
Failed,,,2673,822,0.001,0.196
Failed,,,2586,1,0.001,0.222
Failed,,,2142,1,0.999,0.001
Failed,,,2121,1,0.999,0.001
Failed,,,2586,1,0.001,0.208
Failed,,,2143,1,0.999,0.001
Failed,,,2622,1,0.001,0.233
Failed,,,2130,1,0.999,0.001
Failed,,,2560,696,0.001,0.215
Failed,,,2559,1,0.001,0.203
Failed,,,2583,1,0.001,0.215
Failed,,,2139,1,0.999,0.001
Failed,,,2132,1,0.999,0.001
Failed,,,2376,1,0.001,0.106
Failed,,,2131,1,0.999,0.001
Failed,,,2514,1,0.001,0.194
Failed,,,2124,1,0.999,0.001
Failed,,,2412,1,0.001,0.137
Failed,,,2117,1,0.999,0.001
Failed,,,2529,1,0.001,0.175
Failed,,,2571,1,0.001,0.214
Failed,,,2123,1,0.999,0.001
Failed,,,2525,1,0.001,0.2
Failed,,,2126,1,0.999,0.001
Failed,,,2562,1,0.001,0.174
Failed,,,2515,1,0.001,0.205
Failed,,,2148,1,0.999,0.001
Failed,,,2486,1,0.001,0.188
Failed,,,2573,1,0.001,0.221
Failed,,,2136,1,0.999,0.001
Failed,,,2135,1,0.999,0.001
Failed,,,2485,1,0.001,0.166
Failed,,,2591,1,0.001,0.218
Failed,,,2489,1,0.001,0.218
Failed,,,2150,1,0.999,0.001
Failed,,,2428,1,0.001,0.164
Failed,,,2046,1,0.001,0.001
Failed,,,2521,1,0.001,0.187
Failed,,,2137,1,0.999,0.001
Failed,,,2523,1,0.001,0.187
Failed,,,2133,1,0.999,0.001
Failed,,,2119,1,0.001,0.001
Failed,,,2486,1,0.001,0.181
Failed,,,2134,1,0.999,0.001
Failed,,,2459,1,0.001,0.175
Failed,,,2106,1,0.999,0.001
Failed,,,2468,1,0.001,0.152
Failed,,,2604,1,0.001,0.239
Failed,,,3037,1114,0.001,0.001
Failed,,,2600,1,0.001,0.19
Failed,,,2538,1,0.001,0.166
Failed,,,1829,1,0.001,0.001
Failed,,,2460,1,0.001,0.167
Failed,,,2558,1,0.001,0.181
Failed,,,2559,1,0.001,0.226
Failed,,,2604,1,0.001,0.226
Failed,,,2590,1,0.001,0.217
Failed,,,2115,1,0.001,0.001
Failed,,,2566,1,0.001,0.198
Failed,,,2140,1,0.999,0.001
Failed,,,2545,1,0.001,0.182
Failed,,,2129,1,0.999,0.001
Failed,,,2516,1,0.001,0.193
Failed,,,2528,1,0.001,0.206
Failed,,,2520,1,0.001,0.185
Failed,,,2561,1,0.001,0.186
Failed,,,2566,1,0.001,0.238
Failed,,,2116,1,0.999,0.001
Failed,,,2396,1,0.001,0.137
Failed,,,2128,1,0.999,0.001
Failed,,,2521,1,0.001,0.197
Failed,,,2557,1,0.001,0.227
Failed,,,2122,1,0.999,0.001
Failed,,,2487,1,0.001,0.175
Failed,,,2542,1,0.001,0.219
Failed,,,2466,1,0.001,0.188
Failed,,,2138,1,0.999,0.001
Failed,,,2577,1,0.001,0.192
Failed,,,2187,1,0.001,0.001
Failed,,,2519,1,0.001,0.187
Failed,,,2125,1,0.999,0.001
Failed,,,2533,1,0.001,0.172
Failed,,,5000,221,0.001,0.306
Failed,,,2519,1,0.001,0.156
Failed,,,2568,1,0.001,0.207
Failed,,,2107,1,0.999,0.001
Failed,,,2492,1,0.001,0.17
Failed,,,2028,1,0.001,0.001
Failed,,,2470,1,0.001,0.198
Failed,,,2609,1,0.001,0.234
Failed,,,2268,1,0.001,0.001
Failed,,,2493,1,0.001,0.156
Failed,,,2115,1,0.999,0.001
Failed,,,2530,1,0.001,0.189
Failed,,,2510,1,0.001,0.216
Failed,,,2540,1,0.001,0.202
Failed,,,2560,1,0.001,0.211
Failed,,,2506,1,0.001,0.186
Failed,,,2531,1,0.001,0.179
Failed,,,2562,1,0.001,0.211
Failed,,,2587,1,0.001,0.215
Failed,,,2118,1,0.001,0.001
Failed,,,2562,1,0.001,0.2
Failed,,,2540,1,0.001,0.207
Failed,,,2528,1,0.001,0.211
Failed,,,2141,1,0.999,0.001
Failed,,,2488,1,0.001,0.176
Failed,,,2124,1,0.001,0.001
Failed,,,2511,1,0.001,0.192
Failed,,,2507,1,0.001,0.186
Failed,,,2536,1,0.001,0.221
Failed,,,2539,1,0.001,0.185
Failed,,,2497,1,0.001,0.154
Failed,,,2565,1,0.001,0.198
Failed,,,2529,1,0.001,0.205
Failed,,,2539,1,0.001,0.202
Failed,,,5000,1,0.001,0.512
Failed,,,2486,1,0.001,0.22
Failed,,,2503,1,0.001,0.21
Failed,,,2170,1,0.001,0.001
Failed,,,2573,1,0.001,0.194
Failed,,,5000,1,0.001,0.001
Failed,,,2499,1,0.001,0.162
Failed,,,2242,1,0.001,0.001
Failed,,,2547,1,0.001,0.219
Failed,,,2505,1,0.001,0.19
Failed,,,2510,1,0.001,0.191
Failed,,,2474,1,0.001,0.153
Failed,,,2253,1,0.001,0.001
Failed,,,2281,1,0.999,0.188
Failed,,,2284,1,0.999,0.174
Failed,,,5000,1,0.001,0.371
Failed,,,2229,1,0.001,0.001
Failed,,,2341,563,0.001,0.001
Failed,,,2566,696,0.001,0.001
Failed,,,2342,1,0.001,0.001
Failed,,,2637,732,0.001,0.339
Failed,,,5000,9,0.001,0.14
Failed,,,2303,1,0.001,0.001
Failed,,,1273,1,0.001,0.485
Failed,,,2214,1,0.001,0.001
Failed,,,2240,1,0.001,0.001
Failed,,,2532,1,0.001,0.207
Failed,,,2236,1,0.001,0.001
Failed,,,2334,1,0.001,0.001
Failed,,,2182,1,0.001,0.001
Failed,,,2388,1,0.001,0.001
Failed,,,1971,1,0.001,0.001
Failed,,,5000,1,0.001,0.59
Failed,,,2111,1,0.999,0.001
Failed,,,2262,1,0.001,0.001
Failed,,,1857,1,0.001,0.001
Failed,,,1741,1,0.001,0.001
Failed,,,2093,1,0.001,0.001
Failed,,,2118,1,0.999,0.001
Failed,,,1515,1,0.001,0.221
Failed,,,2280,1,0.001,0.001
Failed,,,1565,1,0.001,0.031
Failed,,,2361,1,0.001,0.001
Failed,,,2064,1,0.001,0.001
Failed,,,2267,1,0.001,0.001
Failed,,,2363,1,0.001,0.001
Failed,,,2020,1,0.001,0.001
Failed,,,2640,1000,0.001,0.359
Failed,,,2321,1,0.001,0.001
Failed,,,2206,1,0.001,0.001
Failed,,,2275,1,0.001,0.001
Failed,,,2842,1101,0.001,0.334
Failed,,,1697,1,0.001,0.001
Failed,,,2176,1,0.001,0.001
Failed,,,2347,1,0.001,0.001
Failed,,,1788,1,0.001,0.001
Failed,,,2405,1,0.001,0.001
Failed,,,2164,1,0.001,0.001
Failed,,,2663,714,0.001,0.272
Failed,,,2271,1,0.001,0.001
Failed,,,2777,1010,0.001,0.353
Failed,,,1944,1,0.001,0.001
Failed,,,2277,1,0.001,0.001
Failed,,,2604,663,0.001,0.101
Failed,,,2637,842,0.001,0.276
Failed,,,2312,1,0.999,0.212
Failed,,,2163,1,0.999,0.001
Failed,,,2212,1,0.001,0.001
Failed,,,2681,879,0.001,0.476
Failed,,,2233,1,0.001,0.001
Failed,,,2090,1,0.001,0.003
Failed,,,2352,472,0.001,0.001
Failed,,,2035,1,0.001,0.001
Failed,,,2301,1,0.999,0.164
Failed,,,2200,1,0.001,0.001
Failed,,,1765,1,0.001,0.001
Failed,,,2204,1,0.001,0.001
Failed,,,2196,1,0.001,0.001
Failed,,,2249,1,0.001,0.001
Failed,,,2536,539,0.001,0.001
Failed,,,2257,1,0.001,0.001
Failed,,,1818,1,0.001,0.001
Failed,,,2198,1,0.001,0.001
Failed,,,1630,1,0.001,0.001
Failed,,,2246,1,0.001,0.001
Failed,,,2152,1,0.001,0.001
Failed,,,2300,1,0.999,0.189
Failed,,,2221,1,0.001,0.001
Failed,,,2276,1,0.999,0.186
Failed,,,2120,1,0.999,0.001
Failed,,,2243,1,0.001,0.001
Failed,,,1002,589,0.001,0.882
Failed,,,2350,1,0.001,0.001
Failed,,,5000,1,0.001,0.372
Failed,,,2295,1,0.001,0.001
Failed,,,1917,1,0.001,0.001
Failed,,,2326,1,0.001,0.001
Failed,,,2705,852,0.001,0.001
Failed,,,2181,1,0.001,0.001
Failed,,,2283,1,0.999,0.182
Failed,,,5000,1,0.001,0.089
Failed,,,1961,1,0.001,0.001
Failed,,,2358,1,0.001,0.001
Failed,,,1684,1,0.001,0.001
Failed,,,1714,1,0.001,0.001
Failed,,,2238,1,0.001,0.001
Failed,,,2591,667,0.001,0.262
Failed,,,2264,1,0.001,0.001
Failed,,,2299,1,0.999,0.193
Failed,,,2629,773,0.001,0.001
Failed,,,2112,1,0.999,0.001
Failed,,,2718,850,0.001,0.216
Failed,,,2634,820,0.001,0.069
Failed,,,2752,1039,0.001,0.274
Failed,,,1877,1,0.001,0.001
Failed,,,2313,1,0.001,0.001
Failed,,,5000,1,0.001,0.566
Failed,,,2247,1,0.001,0.001
Failed,,,1981,1,0.001,0.001
Failed,,,1517,1,0.001,0.001
Failed,,,2144,1,0.001,0.001
Failed,,,2154,1,0.001,0.001
Failed,,,2160,1,0.999,0.001
Failed,,,5000,1,0.001,0.36
Failed,,,2352,1,0.001,0.001
Failed,,,2688,801,0.001,0.403
Failed,,,2338,1,0.001,0.001
Failed,,,1776,1,0.001,0.001
Failed,,,2319,1,0.001,0.001
Failed,,,2329,1,0.001,0.001
Failed,,,2208,1,0.001,0.001
Failed,,,2307,1,0.001,0.001
Failed,,,2199,1,0.001,0.001
Failed,,,2635,799,0.001,0.123
Failed,,,2228,1,0.001,0.001
Failed,,,2351,1,0.001,0.001
Failed,,,2089,1,0.001,0.001
Failed,,,2251,1,0.001,0.001
Failed,,,5000,1,0.001,0.388
Failed,,,2751,882,0.001,0.518
Failed,,,5000,1,0.001,0.274
Failed,,,2122,1,0.001,0.001
Failed,,,2273,1,0.999,0.188
Failed,,,2295,1,0.999,0.168
Failed,,,2155,1,0.001,0.001
Failed,,,2370,1,0.001,0.001
Failed,,,2256,1,0.999,0.184
Failed,,,2227,1,0.511,0.001
Failed,,,2811,1107,0.001,0.231
Failed,,,2126,1,0.001,0.001
Failed,,,2381,1,0.001,0.001
Failed,,,2231,1,0.001,0.001
Failed,,,2401,1,0.001,0.001
Failed,,,2739,935,0.001,0.228
Failed,,,2353,1,0.001,0.001
Failed,,,1886,1,0.001,0.001
Failed,,,2085,1,0.001,0.001
Failed,,,2119,1,0.999,0.001
Failed,,,2171,1,0.001,0.001
Failed,,,2210,1,0.265,0.001
Failed,,,2250,1,0.001,0.001
Failed,,,2688,916,0.001,0.392
Failed,,,2723,871,0.001,0.543
Failed,,,2213,1,0.001,0.001
Failed,,,2744,926,0.001,0.479
Failed,,,2258,1,0.001,0.001
Failed,,,1717,1,0.001,0.001
Failed,,,2176,1,0.001,0.003
Failed,,,5000,1,0.001,0.545
Failed,,,2148,1,0.001,0.001
Failed,,,5000,1,0.001,0.561
Failed,,,2218,1,0.001,0.001
Failed,,,3254,1,0.999,0.146
Failed,,,2174,1,0.001,0.001
Failed,,,2273,1,0.001,0.001
Failed,,,2363,521,0.001,0.04
Failed,,,2284,1,0.001,0.001
Failed,,,2076,1,0.001,0.001
Failed,,,2712,865,0.001,0.645
Failed,,,2280,1,0.999,0.183
Failed,,,2547,462,0.001,0.001
Failed,,,2697,770,0.001,0.548
Failed,,,2146,1,0.001,0.001
Failed,,,2292,1,0.999,0.174
Failed,,,2144,1,0.999,0.001
Failed,,,2314,1,0.999,0.186
Failed,,,2791,896,0.001,0.643
Failed,,,2724,877,0.001,0.414
Failed,,,2162,1,0.001,0.001
Failed,,,2648,877,0.001,0.33
Failed,,,5000,1,0.001,0.038
Failed,,,2623,756,0.001,0.001
Failed,,,3000,1157,0.001,0.001
Failed,,,1262,1,0.001,0.534
Failed,,,4719,1,0.001,0.243
Failed,,,2173,1,0.001,0.001
Failed,,,2113,1,0.001,0.001
Failed,,,2246,1,0.2,0.001
Failed,,,2695,945,0.001,0.599
Failed,,,2205,1,0.001,0.001
Failed,,,2320,1,0.999,0.166
Failed,,,2149,1,0.999,0.001
Failed,,,1991,1,0.999,0.001
Failed,,,2606,597,0.001,0.036
Failed,,,2116,1,0.001,0.001
Failed,,,2197,1,0.001,0.001
Failed,,,1715,1,0.001,0.001
Failed,,,2232,1,0.001,0.001
Failed,,,2278,1,0.001,0.001
Failed,,,2295,1,0.999,0.179
Failed,,,2111,1,0.001,0.001
Failed,,,2047,1,0.001,0.001
Failed,,,1679,1,0.001,0.001
Failed,,,2532,771,0.001,0.001
Failed,,,2276,1,0.001,0.001
Failed,,,5000,1,0.001,0.483
Failed,,,2391,1,0.001,0.001
Failed,,,2651,652,0.001,0.185
Failed,,,2030,1,0.001,0.001
Failed,,,2289,1,0.999,0.192
Failed,,,2055,1,0.001,0.001
Failed,,,2729,708,0.001,0.941
Failed,,,2138,1,0.001,0.001
Failed,,,5000,1,0.001,0.771
Failed,,,2426,1,0.001,0.001
Failed,,,2036,1,0.001,0.001
Failed,,,5000,1,0.001,0.231
Failed,,,2272,1,0.999,0.158
Failed,,,1569,1,0.001,0.001
Failed,,,2009,1,0.001,0.001
Failed,,,5000,1,0.001,0.095
Failed,,,2168,1,0.001,0.001
Failed,,,2150,1,0.001,0.001
Failed,,,5000,1,0.001,0.23
Failed,,,2289,1,0.999,0.207
Failed,,,1764,1,0.001,0.001
Failed,,,1947,1,0.001,0.001
Failed,,,3038,1156,0.001,0.136
Failed,,,2816,1161,0.001,0.672
Failed,,,2210,1,0.001,0.001
Failed,,,2347,1,0.999,0.211
Failed,,,2312,1,0.999,0.199
Failed,,,1670,1,0.001,0.001
Failed,,,2318,1,0.999,0.186
Failed,,,1965,1,0.001,0.001
Failed,,,2191,1,0.001,0.001
Failed,,,2277,1,0.999,0.179
Failed,,,2823,906,0.001,0.775
Failed,,,1408,1,0.001,0.295
Failed,,,2062,1,0.001,0.001
Failed,,,2078,1,0.001,0.001
Failed,,,2273,1,0.999,0.201
Failed,,,5000,1,0.001,0.22
Failed,,,2260,1,0.001,0.001
Failed,,,5000,1,0.001,0.204
Failed,,,2312,1,0.999,0.185
Failed,,,2275,1,0.999,0.194
Failed,,,1399,1,0.001,0.001
Failed,,,5000,1,0.001,0.235
Failed,,,2296,1,0.999,0.193
Failed,,,2321,1,0.413,0.001
Failed,,,2290,1,0.999,0.194
Failed,,,2240,1,0.311,0.001
Failed,,,5000,74,0.001,0.28
Failed,,,1705,1,0.001,0.001
Failed,,,2699,1735,0.001,0.342
Failed,,,2296,1,0.999,0.208
Failed,,,1893,1,0.001,0.001
Failed,,,2083,1,0.001,0.001
Failed,,,2296,1,0.999,0.21
Failed,,,2146,1,0.999,0.001
Failed,,,2233,1,0.001,0.061
Failed,,,5000,1,0.001,0.299
Failed,,,2311,1,0.999,0.208
Failed,,,2290,1,0.999,0.186
Failed,,,2255,1,0.999,0.193
Failed,,,5000,1,0.001,0.576
Failed,,,2141,1,0.001,0.001
Failed,,,2769,864,0.001,0.7
Failed,,,2165,1,0.001,0.001
Failed,,,2195,1,0.001,0.001
Failed,,,2315,1,0.999,0.205
Failed,,,2082,1,0.001,0.001
Failed,,,2153,1,0.001,0.001
Failed,,,2172,1,0.024,0.001
Failed,,,2012,1,0.001,0.001
Failed,,,2024,1,0.001,0.001
Failed,,,5000,50,0.001,0.371
Failed,,,2075,1,0.001,0.001
Failed,,,2269,1,0.999,0.196
Failed,,,2223,1,0.001,0.001
Failed,,,2316,1,0.999,0.19
Failed,,,2127,1,0.001,0.001
Failed,,,2743,842,0.001,0.805
Failed,,,2291,1,0.999,0.217
Failed,,,2463,1,0.001,0.339
Failed,,,2312,1,0.999,0.188
Failed,,,2139,1,0.001,0.001
Failed,,,2284,1,0.999,0.198
Failed,,,2375,1,0.001,0.001
Failed,,,258,1,0.001,0.238
Failed,,,694,1,0.001,0.235
Failed,,,1838,1,0.999,0.221
Failed,,,665,1,0.999,0.235
Failed,,,442,1,0.999,0.246
Failed,,,848,1,0.999,0.235
Failed,,,1036,1,0.999,0.258
Failed,,,581,1,0.999,0.259
Failed,,,568,1,0.999,0.246
Failed,,,715,1,0.001,0.198
Failed,,,5000,1,0.001,0.258
Failed,,,5000,232,0.001,0.001
Failed,,,1620,1,0.001,0.001
Failed,,,5000,1,0.001,0.397
Failed,,,2045,1,0.001,0.001
Failed,,,2217,1,0.001,0.001
Failed,,,2104,1,0.999,0.178
Failed,,,627,1,0.999,0.26
Failed,,,860,1,0.001,0.211
Failed,,,667,1,0.999,0.222
Failed,,,1108,1,0.999,0.275
Failed,,,586,1,0.999,0.234
Failed,,,996,1,0.999,0.257
Failed,,,657,1,0.001,0.18
Failed,,,1965,1,0.999,0.21
Failed,,,646,1,0.999,0.237
Failed,,,943,1,0.999,0.278
Failed,,,649,1,0.001,0.219
Failed,,,966,1,0.999,0.267
Failed,,,638,1,0.001,0.212
Failed,,,921,1,0.001,0.212
Failed,,,654,1,0.999,0.25
Failed,,,896,1,0.001,0.241
Failed,,,687,1,0.999,0.25
Failed,,,1912,1,0.999,0.211
Failed,,,640,1,0.999,0.224
Failed,,,815,1,0.001,0.204
Failed,,,599,1,0.999,0.243
Failed,,,657,1,0.999,0.237
Failed,,,2043,1,0.999,0.21
Failed,,,600,1,0.999,0.251
Failed,,,843,1,0.001,0.185
Failed,,,497,1,0.999,0.23
Failed,,,950,1,0.999,0.273
Failed,,,510,1,0.001,0.2
Failed,,,705,1,0.999,0.224
Failed,,,1941,1,0.999,0.203
Failed,,,695,1,0.999,0.236
Failed,,,832,1,0.001,0.205
Failed,,,523,1,0.999,0.239
Failed,,,1019,1,0.999,0.263
Failed,,,542,1,0.001,0.229
Failed,,,880,1,0.999,0.253
Failed,,,519,1,0.001,0.185
Failed,,,1004,1,0.999,0.249
Failed,,,521,1,0.999,0.245
Failed,,,608,1,0.001,0.199
Failed,,,991,1,0.999,0.25
Failed,,,551,1,0.999,0.238
Failed,,,1044,1,0.999,0.257
Failed,,,687,1,0.001,0.192
Failed,,,2000,1,0.999,0.205
Failed,,,654,1,0.999,0.255
Failed,,,507,1,0.999,0.238
Failed,,,725,1,0.001,0.21
Failed,,,505,1,0.999,0.274
Failed,,,706,1,0.001,0.187
Failed,,,882,1,0.001,0.248
Failed,,,615,1,0.999,0.238
Failed,,,474,1,0.999,0.246
Failed,,,714,1,0.001,0.202
Failed,,,786,1,0.999,0.241
Failed,,,382,1,0.001,0.205
Failed,,,770,1,0.001,0.25
Failed,,,630,1,0.999,0.215
Failed,,,599,1,0.999,0.249
Failed,,,801,1,0.001,0.213
Failed,,,665,1,0.999,0.215
Failed,,,946,1,0.001,0.234
Failed,,,629,1,0.999,0.213
Failed,,,1983,1,0.999,0.218
Failed,,,635,1,0.999,0.243
Failed,,,1971,1,0.999,0.225
Failed,,,562,1,0.999,0.24
Failed,,,827,1,0.001,0.218
Failed,,,607,1,0.999,0.234
Failed,,,885,1,0.001,0.266
Failed,,,563,1,0.999,0.255
Failed,,,829,1,0.001,0.206
Failed,,,646,1,0.999,0.216
Failed,,,622,1,0.999,0.248
Failed,,,1181,1,0.999,0.28
Failed,,,612,1,0.999,0.226
Failed,,,478,1,0.999,0.261
Failed,,,762,1,0.001,0.206
Failed,,,529,1,0.999,0.226
Failed,,,697,1,0.999,0.261
Failed,,,539,1,0.001,0.22
Failed,,,1963,1,0.999,0.196
Failed,,,530,1,0.999,0.282
Failed,,,662,1,0.001,0.162
Failed,,,622,1,0.999,0.24
Failed,,,794,1,0.001,0.211
Failed,,,608,1,0.999,0.235
Failed,,,2034,1,0.999,0.212
Failed,,,567,1,0.999,0.24
Failed,,,762,1,0.001,0.191
Failed,,,578,1,0.999,0.217
Failed,,,1939,1,0.999,0.219
Failed,,,700,1,0.001,0.2
Failed,,,656,1,0.999,0.228
Failed,,,554,1,0.999,0.255
Failed,,,804,1,0.999,0.237
Failed,,,623,1,0.001,0.162
Failed,,,587,1,0.999,0.277
Failed,,,2007,1,0.999,0.193
Failed,,,622,1,0.999,0.228
Failed,,,931,1,0.001,0.261
Failed,,,545,1,0.999,0.193
Failed,,,2163,1,0.999,0.185
Failed,,,551,1,0.999,0.24
Failed,,,1106,1,0.999,0.262
Failed,,,571,1,0.999,0.241
Failed,,,560,1,0.999,0.227
Failed,,,1954,1,0.999,0.224
Failed,,,442,1,0.001,0.216
Failed,,,678,1,0.999,0.231
Failed,,,1897,1,0.999,0.193
Failed,,,2034,1,0.999,0.226
Failed,,,794,1,0.001,0.2
Failed,,,634,1,0.999,0.227
Failed,,,805,1,0.001,0.219
Failed,,,1052,1,0.999,0.258
Failed,,,636,1,0.999,0.241
Failed,,,519,1,0.999,0.263
Failed,,,667,1,0.001,0.215
Failed,,,558,1,0.999,0.234
Failed,,,839,1,0.001,0.163
Failed,,,691,1,0.999,0.207
Failed,,,979,1,0.001,0.233
Failed,,,543,1,0.001,0.203
Failed,,,1914,1,0.999,0.21
Failed,,,663,1,0.001,0.216
Failed,,,2001,1,0.999,0.214
Failed,,,839,1,0.001,0.216
Failed,,,574,1,0.999,0.245
Failed,,,816,1,0.001,0.222
Failed,,,509,1,0.999,0.265
Failed,,,644,1,0.001,0.189
Failed,,,1006,1,0.001,0.266
Failed,,,646,1,0.999,0.232
Failed,,,1937,1,0.999,0.222
Failed,,,694,1,0.999,0.258
Failed,,,773,1,0.001,0.222
Failed,,,684,1,0.999,0.228
Failed,,,599,1,0.999,0.271
Failed,,,783,1,0.001,0.185
Failed,,,590,1,0.999,0.234
Failed,,,817,1,0.001,0.183
Failed,,,662,1,0.999,0.24
Failed,,,646,1,0.999,0.221
Failed,,,1987,1,0.999,0.21
Failed,,,657,1,0.999,0.216
Failed,,,795,1,0.001,0.177
Failed,,,792,1,0.999,0.245
Failed,,,806,1,0.001,0.238
Failed,,,372,1,0.999,0.276
Failed,,,749,1,0.999,0.236
Failed,,,2106,1,0.999,0.197
Failed,,,637,1,0.999,0.243
Failed,,,1935,1,0.999,0.233
Failed,,,575,1,0.001,0.172
Failed,,,857,1,0.999,0.263
Failed,,,514,1,0.001,0.242
Failed,,,1054,1,0.999,0.25
Failed,,,597,1,0.999,0.268
Failed,,,1132,1,0.001,0.282
Failed,,,628,1,0.999,0.239
Failed,,,2046,1,0.999,0.222
Failed,,,567,1,0.999,0.236
Failed,,,1064,1,0.001,0.278
Failed,,,670,1,0.999,0.22
Failed,,,672,1,0.001,0.202
Failed,,,830,1,0.001,0.218
Failed,,,650,1,0.999,0.221
Failed,,,895,1,0.999,0.278
Failed,,,630,1,0.001,0.195
Failed,,,812,1,0.999,0.217
Failed,,,653,1,0.001,0.171
Failed,,,865,1,0.001,0.241
Failed,,,671,1,0.999,0.218
Failed,,,1978,1,0.999,0.212
Failed,,,933,1,0.001,0.229
Failed,,,621,1,0.999,0.21
Failed,,,695,1,0.999,0.207
Failed,,,1023,1,0.999,0.289
Failed,,,629,1,0.001,0.211
Failed,,,1987,1,0.999,0.224
Failed,,,664,1,0.999,0.229
Failed,,,596,1,0.999,0.263
Failed,,,856,1,0.001,0.193
Failed,,,626,1,0.999,0.238
Failed,,,1896,1,0.999,0.223
Failed,,,626,1,0.999,0.228
Failed,,,955,1,0.001,0.254
Failed,,,757,1,0.999,0.233
Failed,,,1988,1,0.999,0.188
Failed,,,592,1,0.999,0.259
Failed,,,587,1,0.001,0.203
Failed,,,727,1,0.001,0.24
Failed,,,684,1,0.999,0.22
Failed,,,1360,1,0.999,0.276
Failed,,,625,1,0.001,0.181
Failed,,,773,1,0.999,0.261
Failed,,,657,1,0.001,0.218
Failed,,,549,1,0.999,0.245
Failed,,,851,1,0.001,0.229
Failed,,,659,1,0.999,0.204
Failed,,,1869,1,0.999,0.206
Failed,,,652,1,0.999,0.236
Failed,,,1990,1,0.999,0.22
Failed,,,590,1,0.999,0.236
Failed,,,950,1,0.001,0.247
Failed,,,709,1,0.999,0.233
Failed,,,865,1,0.001,0.243
Failed,,,608,1,0.999,0.237
Failed,,,1916,1,0.999,0.233
Failed,,,607,1,0.999,0.244
Failed,,,784,1,0.001,0.166
Failed,,,623,1,0.999,0.228
Failed,,,790,1,0.999,0.216
Failed,,,618,1,0.001,0.2
Failed,,,999,1,0.999,0.271
Failed,,,626,1,0.001,0.205
Failed,,,2070,1,0.999,0.186
Failed,,,641,1,0.001,0.23
Failed,,,704,1,0.999,0.234
Failed,,,583,1,0.001,0.189
Failed,,,518,1,0.001,0.213
Failed,,,1011,1,0.999,0.269
Failed,,,607,1,0.999,0.254
Failed,,,533,1,0.999,0.254
Failed,,,726,1,0.001,0.189
Failed,,,1896,1,0.999,0.219
Failed,,,567,1,0.999,0.212
Failed,,,1322,1,0.001,0.296
Failed,,,638,1,0.999,0.204
Failed,,,877,1,0.001,0.218
Failed,,,601,1,0.999,0.26
Failed,,,655,1,0.001,0.201
Failed,,,2185,1,0.999,0.211
Failed,,,534,1,0.001,0.216
Failed,,,781,1,0.001,0.177
Failed,,,679,1,0.999,0.208
Failed,,,1903,1,0.999,0.223
Failed,,,552,1,0.999,0.229
Failed,,,2297,1,0.42,0.001
Failed,,,3845,191,0.006,0.567
Failed,,,3748,1,0.966,0.162
Failed,,,1198,7,0.237,0.599
Failed,,,871,3,0.262,0.116
Failed,,,909,1,0.001,0.206
Failed,,,1856,3928,0.484,0.157
Failed,,,1844,1213,0.752,0.975
Failed,,,3100,3469,0.059,0.224
Failed,,,4504,2149,0.691,0.515
Failed,,,752,4424,0.496,0.264
Failed,,,3844,3415,0.784,0.957
Failed,,,3689,2241,0.463,0.311
Failed,,,2423,4946,0.72,0.56
Failed,,,1932,69,0.4,0.903
Failed,,,528,4374,0.845,0.367
Failed,,,1056,2093,0.54,0.479
Failed,,,4823,4467,0.268,0.727
Failed,,,2790,1109,0.977,0.004
Failed,,,1527,3580,0.205,0.75
Failed,,,1133,4606,0.106,0.978
Failed,,,412,1856,0.286,0.866
Failed,,,4178,4073,0.528,0.115
Failed,,,3394,253,0.224,0.654
Failed,,,2133,2567,0.965,0.404
Failed,,,4761,1011,0.179,0.949
Failed,,,1003,3676,0.888,0.203
Failed,,,3782,2379,0.63,0.735
Failed,,,30,4811,0.435,0.486
Failed,,,4638,4005,0.949,0.605
Failed,,,2917,340,0.303,0.132
Failed,,,2815,3877,0.144,0.41
Failed,,,4536,510,0.604,0.821
Failed,,,798,2922,0.331,0.073
Failed,,,82,652,0.027,0.211
Failed,,,1765,587,0.072,0.38
Failed,,,3023,2843,0.859,0.631
Failed,,,4427,1522,0.384,0.107
Failed,,,673,3797,0.672,0.858
Failed,,,285,2318,0.992,0.986
Failed,,,4032,4867,0.189,0.236
Failed,,,3561,729,0.555,0.527
Failed,,,2319,3336,0.251,0.274
Failed,,,4077,149,0.932,0.33
Failed,,,320,2659,0.13,0.58
Failed,,,1185,1189,0.449,0.702
Failed,,,4928,3503,0.738,0.45
Failed,,,2587,2173,0.012,0.787
Failed,,,1414,4225,0.597,0.424
Failed,,,1398,1732,0.039,0.923
Failed,,,2647,4202,0.779,0.174
Failed,,,4988,221,0.475,0.589
Failed,,,1245,2594,0.717,0.336
Failed,,,3350,1951,0.584,0.044
Failed,,,2098,4617,0.358,0.795
Failed,,,2300,369,0.521,0.64
Failed,,,3542,3074,0.295,0.387
Failed,,,4014,1274,0.957,0.849
Failed,,,267,4038,0.232,0.1
Failed,,,653,2392,0.412,0.243
Failed,,,4406,4804,0.653,0.994
Failed,,,3002,813,0.1,0.267
Failed,,,1744,3245,0.841,0.518
Failed,,,1694,761,0.274,0.019
Failed,,,2937,3310,0.531,0.766
Failed,,,4658,2288,0.212,0.495
Failed,,,3800,3787,0.391,0.35
Failed,,,3646,581,0.851,0.886
Failed,,,2389,2856,0.079,0.141
Failed,,,1965,2121,0.792,0.297
Failed,,,3212,4435,0.02,0.543
Failed,,,4304,1238,0.73,0.194
Failed,,,562,3455,0.457,0.942
Failed,,,943,81,0.153,0.836
Failed,,,2523,1,0.001,0.172
Failed,,,4701,2728,0.909,0.09
Failed,,,2667,1715,0.339,0.673
Failed,,,1508,300,0.941,0.148
Failed,,,2771,2516,0.247,0.894
Failed,,,4805,1812,0.504,0.373
Failed,,,1037,4126,0.309,0.622
Failed,,,507,2032,0.114,0.718
Failed,,,4239,4541,0.824,0.472
Failed,,,3148,1018,0.427,0.758
Failed,,,1911,3664,0.637,0.011
Failed,,,2483,1352,0.492,0.417
Failed,,,3749,3959,0.703,0.665
Failed,,,3903,445,0.055,0.067
Failed,,,142,2994,0.764,0.812
Failed,,,855,889,0.569,0.965
Failed,,,4594,3165,0.375,0.218
Failed,,,2872,2470,0.882,0.551
Failed,,,1639,4726,0.188,0.304
Failed,,,4467,4964,0.101,0.592
Failed,,,3059,673,0.654,0.177
Failed,,,1807,3398,0.413,0.928
Failed,,,708,3388,0.003,0.466
Failed,,,172,502,0.323,0.313
Failed,,,1151,1638,0.868,0.123
Failed,,,4884,4304,0.065,0.873
Failed,,,2543,5,0.681,0.395
Failed,,,1305,2808,0.376,0.648
Failed,,,4797,2506,0.336,0.498
Failed,,,2768,1800,0.906,0.769
Failed,,,1511,4134,0.15,0.023
Failed,,,1302,1627,0.716,0.523
Failed,,,2545,4313,0.474,0.27
Failed,,,4891,13,0.778,0.998
Failed,,,1144,2796,0.038,0.248
Failed,,,439,1170,0.358,0.095
Failed,,,4192,3524,0.583,0.846
Failed,,,3413,2033,0.17,0.384
Failed,,,2155,4523,0.895,0.635
Failed,,,3446,2944,0.958,0.041
Failed,,,3913,1462,0.296,0.69
Failed,,,169,3855,0.522,0.438
Failed,,,711,2219,0.842,0.341
Failed,,,918,751,0.185,0.617
Failed,,,4650,3319,0.879,0.371
Failed,,,2934,2296,0.372,0.891
Failed,,,1697,4884,0.567,0.143
Failed,,,1632,881,0.972,0.429
Failed,,,2879,3176,0.215,0.676
Failed,,,4596,2480,0.534,0.093
Failed,,,854,4717,0.277,0.84
Failed,,,3902,3950,0.854,0.192
Failed,,,3743,437,0.394,0.54
Failed,,,2490,3006,0.667,0.292
Failed,,,1907,2020,0.454,0.136
Failed,,,3151,4549,0.727,0.883
Failed,,,4247,1027,0.017,0.347
Failed,,,499,3653,0.789,0.594
Failed,,,1045,309,0.594,0.747
Failed,,,374,4629,0.198,0.318
Failed,,,1248,1724,0.377,0.461
Failed,,,4985,4214,0.682,0.714
Failed,,,1407,2585,0.869,0.798
Failed,,,2674,2720,0.507,0.548
Failed,,,4703,1706,0.25,0.215
Failed,,,941,4236,0.944,0.96
Failed,,,564,2112,0.64,0.817
Failed,,,4302,4446,0.43,0.07
Failed,,,3206,1250,0.827,0.668
Failed,,,1972,3447,0.117,0.421
Failed,,,2386,1539,0.761,0.016
Failed,,,3649,3775,0.052,0.761
Failed,,,3807,570,0.7,0.475
Failed,,,40,2865,0.489,0.723
Failed,,,3024,1514,0.044,0.506
Failed,,,1763,3809,0.769,0.256
Failed,,,1742,2401,0.003,0.643
Failed,,,3004,4794,0.806,0.392
Failed,,,4412,802,0.439,0.87
Failed,,,646,3253,0.743,0.118
Failed,,,273,357,0.922,0.224
Failed,,,4006,3082,0.135,0.974
Failed,,,3540,1283,0.611,0.263
Failed,,,2302,4027,0.322,0.515
Failed,,,2091,949,0.549,0.92
Failed,,,3358,3733,0.261,0.169
Failed,,,4137,1943,0.986,0.568
Failed,,,2620,1,0.001,0.225
Failed,,,1438,4963,0.953,0.616
Failed,,,3072,4084,0.562,0.522
Failed,,,319,1470,0.334,0.11
Failed,,,1900,3453,0.866,0.958
Failed,,,4616,839,0.03,0.422
Failed,,,4921,4381,0.763,0.017
Failed,,,2322,2392,0.099,0.603
Failed,,,155,2531,0.568,0.454
Failed,,,2713,542,0.294,0.915
Failed,,,3333,3762,0.847,0.361
Failed,,,774,1772,0.011,0.758
Failed,,,1692,3151,0.543,0.174
Failed,,,4289,1160,0.315,0.695
Failed,,,4126,3410,0.917,0.423
Failed,,,1840,1031,0.19,0.945
Failed,,,923,4049,0.722,0.112
Failed,,,3169,1669,0.385,0.508
Failed,,,2769,4609,0.054,0.651
Failed,,,16,2222,0.843,0.223
Failed,,,2223,2700,0.374,0.838
Failed,,,4938,315,0.523,0.286
Failed,,,3547,3121,0.649,0.929
Failed,,,1106,116,0.485,0.452
Failed,,,574,3072,0.482,0.195
Failed,,,2821,138,0.629,0.687
Failed,,,3743,3625,0.805,0.545
Failed,,,988,698,0.081,0.083
Failed,,,1321,4224,0.61,0.981
Failed,,,4035,1298,0.276,0.396
Failed,,,3989,4723,0.579,0.866
Failed,,,1274,2108,0.306,0.265
Failed,,,942,2815,0.774,0.679
Failed,,,3697,200,0.111,0.203
Failed,,,164,4457,0.428,0.9
Failed,,,2606,2464,0.718,0.473
Failed,,,892,2439,0.417,0.643
Failed,,,1809,2639,0.885,0.293
Failed,,,4094,571,0.223,0.83
Failed,,,4243,2672,0.511,0.043
Failed,,,1645,370,0.347,0.581
Failed,,,727,4553,0.815,0.48
Failed,,,1624,4429,0.12,0.844
Failed,,,4338,2355,0.765,0.275
Failed,,,4195,4637,0.494,0.595
Failed,,,1792,2331,0.641,0.025
Failed,,,835,2749,0.174,0.907
Failed,,,3276,442,0.96,0.462
Failed,,,2662,3284,0.598,0.323
Failed,,,104,981,0.264,0.8
Failed,,,2271,3942,0.793,0.136
Failed,,,4870,1639,0.069,0.737
Failed,,,4667,2995,0.834,0.824
Failed,,,1951,67,0.062,0.303
Failed,,,370,4856,0.53,0.637
Failed,,,3124,1928,0.367,0.241
Failed,,,3439,4301,0.199,0.102
Failed,,,1049,4140,0.324,0.352
Failed,,,3609,1441,0.534,0.779
Failed,,,2955,4830,0.904,0.887
Failed,,,514,2138,0.242,0.49
Failed,,,2096,2941,0.709,0.574
Failed,,,4498,249,0.437,0.054
Failed,,,4725,3869,0.668,0.385
Failed,,,2440,1802,0.443,0.987
Failed,,,272,3277,0.972,0.074
Failed,,,2519,1210,0.139,0.55
Failed,,,3421,2567,0.299,0.658
Failed,,,666,494,0.586,0.212
Failed,,,2289,220,0.28,0.627
Failed,,,83,4703,0.808,0.306
Failed,,,2680,2089,0.085,0.813
Failed,,,3258,4149,0.478,0.956
Failed,,,856,1529,0.625,0.417
Failed,,,1773,3550,0.159,0.519
Failed,,,4215,930,0.944,0.105
Failed,,,4364,3641,0.283,0.769
Failed,,,1610,631,0.571,0.354
Failed,,,691,4292,0.104,0.706
Failed,,,3407,1282,0.75,0.168
Failed,,,4081,4371,0.706,0.338
Failed,,,1834,1366,0.433,0.781
Failed,,,878,3713,0.9,0.151
Failed,,,3162,708,0.238,0.719
Failed,,,2775,3023,0.328,0.612
Failed,,,1159,2280,0.135,0.288
Failed,,,1451,2799,0.664,0.655
Failed,,,3893,419,0.439,0.226
Failed,,,1308,522,0.065,0.475
Failed,,,1014,4401,0.594,0.593
Failed,,,3730,2411,0.26,0.039
Failed,,,2834,3866,0.178,0.177
Failed,,,549,1872,0.964,0.701
Failed,,,213,2160,0.165,0.28
Failed,,,2132,3208,0.498,0.364
Failed,,,4377,1213,0.644,0.762
Failed,,,4838,4780,0.383,0.674
Failed,,,2398,2161,0.733,0.199
Failed,,,229,2918,0.203,0.861
Failed,,,2632,299,0.912,0.262
Failed,,,1667,4065,0.83,0.089
Failed,,,4224,1450,0.059,0.532
Failed,,,3029,4448,0.271,0.296
Failed,,,432,2376,0.622,0.835
Failed,,,2014,2547,0.091,0.234
Failed,,,4573,475,0.801,0.647
Failed,,,4956,4120,0.038,0.789
Failed,,,2202,1422,0.827,0.33
Failed,,,600,4618,0.146,0.047
Failed,,,2886,2311,0.996,0.585
Failed,,,3678,3922,0.563,0.693
Failed,,,963,1620,0.29,0.185
Failed,,,1727,120,0.977,0.235
Failed,,,809,4959,0.446,0.821
Failed,,,3211,2028,0.657,0.298
Failed,,,2727,4244,0.778,0.409
Failed,,,130,1317,0.115,0.964
Failed,,,2336,3606,0.583,0.097
Failed,,,4895,678,0.31,0.527
Failed,,,3511,3387,0.424,0.141
Failed,,,1227,1080,0.714,0.741
Failed,,,1559,3998,0.245,0.328
Failed,,,3805,1692,0.893,0.802
Failed,,,3866,3258,0.634,0.506
Failed,,,1424,1190,0.469,0.122
Failed,,,1132,3889,0.938,0.942
Failed,,,3534,1821,0.165,0.435
Failed,,,3804,385,0.633,0.949
Failed,,,4416,3900,0.881,0.79
Failed,,,1112,1204,0.459,0.035
Failed,,,2144,2893,0.574,0.508
Failed,,,3581,2152,0.029,0.253
Failed,,,3413,3523,0.45,0.326
Failed,,,4731,3580,0.957,0.346
Failed,,,2564,1499,0.489,0.714
Failed,,,3375,4732,0.072,0.572
Failed,,,660,2033,0.782,0.048
Failed,,,1579,2889,0.251,0.883
Failed,,,4332,191,0.603,0.485
Failed,,,1267,994,0.497,0.1
Failed,,,2907,4560,0.922,0.644
Failed,,,3252,253,0.339,0.693
Failed,,,828,2778,0.684,0.906
Failed,,,12,2195,0.753,0.78
Failed,,,3677,3091,0.874,0.903
Failed,,,2008,1963,0.296,0.148
Failed,,,1008,4024,0.676,0.684
Failed,,,4559,1090,0.225,0.429
Failed,,,377,508,0.933,0.587
Failed,,,1370,3447,0.034,0.113
Failed,,,3065,1451,0.61,0.867
Failed,,,2961,3637,0.268,0.476
Failed,,,1513,1252,0.815,0.731
Failed,,,473,4562,0.213,0.195
Failed,,,716,668,0.372,0.814
Failed,,,4460,3393,0.568,0.065
Failed,,,3056,2225,0.186,0.667
Failed,,,1808,4969,0.88,0.415
Failed,,,3165,3352,0.197,0.853
Failed,,,2363,1595,0.648,0.095
Failed,,,264,863,0.014,0.67
Failed,,,4141,2217,0.952,0.012
Failed,,,4750,3232,0.688,0.233
Failed,,,818,1862,0.143,0.972
Failed,,,2432,4821,0.761,0.453
Failed,,,3158,3659,0.199,0.397
Failed,,,4250,2015,0.551,0.871
Failed,,,498,4544,0.262,0.125
Failed,,,4794,4139,0.87,0.969
Failed,,,2760,304,0.379,0.262
Failed,,,1517,2502,0.682,0.508
Failed,,,1296,18,0.249,0.009
Failed,,,2162,3519,0.429,0.146
Failed,,,2198,1458,0.7,0.303
Failed,,,3449,3850,0.49,0.553
Failed,,,3921,498,0.763,0.216
Failed,,,164,2949,0.053,0.967
Failed,,,311,3229,0.211,0.05
Failed,,,551,1246,0.169,0.338
Failed,,,4313,3443,0.894,0.587
Failed,,,3221,2116,0.356,0.176
Failed,,,1955,4450,0.583,0.921
Failed,,,847,3181,0.805,0.315
Failed,,,150,433,0.61,0.468
Failed,,,3892,3001,0.322,0.714
Failed,,,3739,1367,0.921,0.054
Failed,,,2492,3955,0.134,0.801
Failed,,,1902,1032,0.987,0.646
Failed,,,3012,603,0.515,0.026
Failed,,,1773,2839,0.305,0.775
Failed,,,1755,806,0.534,0.139
Failed,,,2993,3258,0.276,0.888
Failed,,,4397,2396,0.97,0.348
Failed,,,664,4789,0.214,0.601
Failed,,,3830,1314,0.917,0.716
Failed,,,4126,954,0.455,0.088
Failed,,,388,3737,0.728,0.838
Failed,,,954,2725,0.473,0.445
Failed,,,4750,3690,0.447,0.332
Failed,,,2717,1886,0.797,0.93
Failed,,,1483,4669,0.01,0.182
Failed,,,1330,2186,0.575,0.682
Failed,,,329,143,0.496,0.201
Failed,,,4066,2672,0.691,0.951
Failed,,,3282,1654,0.06,0.286
Failed,,,2050,4281,0.754,0.538
Failed,,,4268,4360,0.288,0.231
Failed,,,3177,66,0.967,0.501
Failed,,,1920,2751,0.226,0.253
Failed,,,2434,2235,0.903,0.159
Failed,,,3681,4960,0.163,0.907
Failed,,,3835,656,0.591,0.324
Failed,,,93,3400,0.349,0.57
Failed,,,787,524,0.045,0.708
Failed,,,4545,2916,0.77,0.459
Failed,,,2824,1429,0.482,0.808
Failed,,,1571,3880,0.708,0.062
Failed,,,1664,347,0.861,0.276
Failed,,,2927,3091,0.073,0.525
Failed,,,4649,1296,0.674,0.238
Failed,,,881,4021,0.386,0.984
Failed,,,1852,3463,0.621,0.368
Failed,,,1868,1373,0.141,0.562
Failed,,,3116,3942,0.914,0.309
Failed,,,4519,423,0.329,0.959
Failed,,,776,3011,0.602,0.209
Failed,,,221,916,0.781,0.071
Failed,,,3978,3153,0.025,0.823
Failed,,,3507,2443,0.719,0.408
Failed,,,2255,4738,0.461,0.658
Failed,,,1275,3613,0.979,0.905
Failed,,,1538,1096,0.421,0.406
Failed,,,2781,3586,0.647,0.653
Failed,,,4814,2109,0.108,0.116
Failed,,,1066,4462,0.833,0.864
Failed,,,516,1577,0.529,0.976
Failed,,,2519,3759,0.562,0.964
Failed,,,4861,549,0.195,0.299
Failed,,,1099,2883,0.998,0.55
Failed,,,2127,4907,0.079,0.069
Failed,,,2231,109,0.801,0.474
Failed,,,3494,2697,0.014,0.725
Failed,,,3965,1688,0.738,0.013
Failed,,,197,4256,0.449,0.765
Failed,,,760,2132,0.13,0.892
Failed,,,4493,4427,0.933,0.143
Failed,,,3089,1227,0.318,0.621
Failed,,,3604,4336,0.982,0.441
Failed,,,3758,31,0.272,0.79
Failed,,,14,2775,0.545,0.042
Failed,,,866,1150,0.849,0.18
Failed,,,4623,3542,0.093,0.926
Failed,,,2901,2056,0.662,0.343
Failed,,,1650,4507,0.405,0.591
Failed,,,2849,3714,0.751,0.122
Failed,,,4570,1920,0.494,0.642
Failed,,,803,4645,0.689,0.394
Failed,,,116,1740,0.884,0.266
Failed,,,3849,4191,0.174,0.513
Failed,,,1790,1999,0.963,0.092
Failed,,,3037,4567,0.222,0.842
Failed,,,299,293,0.106,0.542
Failed,,,4057,2529,0.831,0.291
Failed,,,3586,1819,0.417,0.94
Failed,,,2333,4113,0.644,0.189
Failed,,,2065,863,0.477,0.345
Failed,,,3308,3197,0.703,0.597
Failed,,,4092,2496,0.04,0.135
Failed,,,344,4693,0.766,0.885
Failed,,,1354,2987,0.157,0.498
Failed,,,1460,470,0.724,0.997
Failed,,,968,2432,0.758,0.626
Failed,,,4715,4766,0.048,0.379
Failed,,,2631,3428,0.139,0.353
Failed,,,4973,2248,0.614,0.878
Failed,,,1221,4933,0.326,0.126
Failed,,,362,1413,0.006,0.03
Failed,,,4110,3903,0.809,0.779
Failed,,,3327,542,0.443,0.489
Failed,,,263,1376,0.695,0.945
Failed,,,2083,2896,0.747,0.741
Failed,,,239,1,0.107,0.85
Failed,,,1730,4341,0.203,0.947
Failed,,,3870,2161,0.91,0.402
Failed,,,136,4397,0.153,0.649
Failed,,,822,1678,0.457,0.506
Failed,,,4588,4265,0.73,0.257
Failed,,,2867,122,0.021,0.98
Failed,,,1605,2690,0.793,0.235
Failed,,,1709,1850,0.636,0.448
Failed,,,2961,4086,0.425,0.696
Failed,,,4682,259,0.823,0.036
Failed,,,926,2554,0.114,0.781
Failed,,,3661,1991,0.246,0.582
Failed,,,1979,407,0.181,0.243
Failed,,,3237,3034,0.874,0.988
Failed,,,4329,1392,0.368,0.281
Failed,,,576,3921,0.563,0.529
Failed,,,3071,2635,0.579,0.481
Failed,,,4475,1772,0.167,0.756
Failed,,,742,4164,0.891,0.007
Failed,,,177,1914,0.712,0.15
Failed,,,466,3112,0.409,0.306
Failed,,,1156,851,0.23,0.412
Failed,,,4918,3205,0.955,0.663
Failed,,,2577,2352,0.292,0.076
Failed,,,1310,4842,0.518,0.827
Failed,,,2478,1201,0.598,0.113
Failed,,,3716,3496,0.341,0.86
Failed,,,1022,708,0.953,0.308
Failed,,,4779,3355,0.228,0.556
Failed,,,2745,2341,0.516,0.207
Failed,,,1493,4850,0.29,0.953
Failed,,,3429,1329,0.28,0.577
Failed,,,2176,3994,0.537,0.326
Failed,,,2221,992,0.343,0.233
Failed,,,3465,3697,0.6,0.982
Failed,,,3936,1898,0.155,0.255
Failed,,,188,4662,0.911,0.508
Failed,,,4483,4179,0.459,0.4
Failed,,,3080,186,0.795,0.862
Failed,,,1834,184,0.353,0.734
Failed,,,63,3621,0.068,0.285
Failed,,,1617,136,0.581,0.61
Failed,,,2859,2685,0.355,0.363
Failed,,,4580,1661,0.894,0.899
Failed,,,833,4268,0.168,0.152
Failed,,,125,2154,0.472,0.008
Failed,,,3878,4410,0.714,0.754
Failed,,,3725,1205,0.036,0.483
Failed,,,2467,3481,0.776,0.732
Failed,,,3135,3810,0.836,0.078
Failed,,,4226,616,0.407,0.661
Failed,,,483,2832,0.649,0.414
Failed,,,4121,1417,0.565,0.377
Failed,,,354,3888,0.37,0.628
Failed,,,1230,2262,0.051,0.531
Failed,,,4962,4928,0.76,0.279
Failed,,,2621,628,0.487,0.99
Failed,,,1383,3431,0.697,0.241
Failed,,,1431,924,0.141,0.739
Failed,,,2693,3141,0.928,0.491
Failed,,,4726,2435,0.328,0.777
Failed,,,960,4749,0.616,0.032
Failed,,,585,1404,0.811,0.128
Failed,,,4318,3914,0.008,0.876
Failed,,,3826,1072,0.87,0.533
Failed,,,1211,3982,0.788,0.384
Failed,,,333,2483,0.608,0.272
Failed,,,4101,4700,0.335,0.522
Failed,,,3317,879,0.921,0.247
Failed,,,2054,3193,0.149,0.999
Failed,,,4449,3651,0.847,0.792
Failed,,,3045,2003,0.403,0.439
Failed,,,1779,4552,0.661,0.69
Failed,,,3988,3559,0.307,0.034
Failed,,,3338,2908,0.182,0.855
Failed,,,4614,1134,0.283,0.293
Failed,,,877,3546,0.525,0.54
Failed,,,3,26,0.829,0.677
Failed,,,3766,2789,0.104,0.429
Failed,,,3612,1615,0.641,0.84
Failed,,,2344,4320,0.416,0.094
Failed,,,2009,696,0.705,0.5
Failed,,,3247,3362,0.479,0.746
Failed,,,4339,2197,0.768,0.023
Failed,,,605,5000,0.043,0.771
Failed,,,978,1470,0.347,0.883
Failed,,,2711,486,0.159,0.595
Failed,,,1449,2956,0.9,0.347
Failed,,,1365,464,0.469,0.846
Failed,,,2602,2973,0.726,0.096
Failed,,,4838,385,0.996,0.421
Failed,,,1082,3051,0.193,0.669
Failed,,,540,800,0.388,0.548
Failed,,,4283,3270,0.677,0.301
Failed,,,3192,2403,0.077,0.962
Failed,,,1944,4776,0.864,0.214
Failed,,,2448,200,0.015,0.37
Failed,,,3706,2612,0.803,0.619
Failed,,,3860,1755,0.452,0.145
Failed,,,107,4187,0.74,0.89
Failed,,,812,1926,0.935,0.763
Failed,,,4559,4631,0.132,0.015
Failed,,,2838,967,0.624,0.723
Failed,,,1596,3730,0.319,0.476
Failed,,,1660,2069,0.221,0.191
Failed,,,2892,4501,0.961,0.938
Failed,,,1303,1,0.999,0.001
Failed,,,2192,1,0.38,0.141
Failed,,,5000,1,0.999,0.001
Failed,,,1670,1,0.153,0.001
Failed,,,1,469,0.001,0.001
Failed,,,470,1643,0.001,0.996
Failed,,,1,1,0.999,0.999
Failed,,,138,1,0.574,0.001
Failed,,,1,212,0.001,0.999
Failed,,,1,1840,0.001,0.749
