detector,dataset_name,index,ACCURACY,RUNTIME,transformed_accuracy,transformed_runtime,is_pareto,pareto_layer,recent_samples_size,n_samples,n_clusters,threshold,apd,apd_WACC_0p1_WRT_0p9,apd_WACC_0p3_WRT_0p7,apd_WACC_0p5_WRT_0p5,apd_WACC_0p7_WRT_0p3,apd_WACC_0p9_WRT_0p1,PC1,PC2,PC3,PC4,PC5,PC6,real_apd_WACC_0p1_WRT_0p9,pred_apd_WACC_0p1_WRT_0p9,abs_error_apd_WACC_0p1_WRT_0p9,real_apd_WACC_0p3_WRT_0p7,pred_apd_WACC_0p3_WRT_0p7,abs_error_apd_WACC_0p3_WRT_0p7,real_apd_WACC_0p5_WRT_0p5,pred_apd_WACC_0p5_WRT_0p5,abs_error_apd_WACC_0p5_WRT_0p5,real_apd_WACC_0p7_WRT_0p3,pred_apd_WACC_0p7_WRT_0p3,abs_error_apd_WACC_0p7_WRT_0p3,real_apd_WACC_0p9_WRT_0p1,pred_apd_WACC_0p9_WRT_0p1,abs_error_apd_WACC_0p9_WRT_0p1,rank_apd_WACC_0p1_WRT_0p9,rank_pct_apd_WACC_0p1_WRT_0p9,rank_apd_WACC_0p3_WRT_0p7,rank_pct_apd_WACC_0p3_WRT_0p7,rank_apd_WACC_0p5_WRT_0p5,rank_pct_apd_WACC_0p5_WRT_0p5,rank_apd_WACC_0p7_WRT_0p3,rank_pct_apd_WACC_0p7_WRT_0p3,rank_apd_WACC_0p9_WRT_0p1,rank_pct_apd_WACC_0p9_WRT_0p1,best_region_rank_pct,best_region_name,mean_region_rank_pct,recommendation_rank,selected_at_20,selection_source_region_at_20,final_selection_rank_at_20,selected_WACC_0p1_WRT_0p9_at_20,selected_WACC_0p3_WRT_0p7_at_20,selected_WACC_0p5_WRT_0p5_at_20,selected_WACC_0p7_WRT_0p3_at_20,selected_WACC_0p9_WRT_0p1_at_20,real_pareto_layer,normalized_pareto_depth
SPLL,RialtoBridgeTimelapse,403,0.62,237,0.8250000000000001,0.4937141952312432,0,92,546,160,1,0.999,0.4058588555562539,0.44967003770210895,0.45183486946127077,0.4046556660732603,0.06280664972289016,0.10748761484973647,-2.8192817631169373,2.486580303846317,-2.921841313157002,-2.3302840836398757,-3.215787996382892,1.7111958757000287,0.44967003770210895,0.32082518855722775,0.1288448491448812,0.45183486946127077,0.30616354460820744,0.14567132485306333,0.4046556660732603,0.2745612327717632,0.13009443330149711,0.06280664972289016,0.1729872981509029,0.11018064842801276,0.10748761484973647,0.18052960855700712,0.07304199370727064,49.0,0.022058823529411766,15.0,0.006433823529411764,1.0,0.0,9.0,0.003676470588235294,29.0,0.012867647058823529,0.0,WACC_0p5_WRT_0p5,0.009007352941176472,1,True,WACC_0p5_WRT_0p5,1.0,False,False,True,False,False,92.0,0.3872340425531915
SPLL,RialtoBridgeTimelapse,567,0.62,127,0.8250000000000001,0.6404474693503497,0,14,277,151,1,0.999,0.20868732701533724,0.27727954567051866,0.2739757514606164,0.2089628308220663,0.02181298402480565,0.10575812920956112,-2.8192817631169373,2.486580303846317,-2.921841313157002,-2.3302840836398757,-3.215787996382892,1.7111958757000287,0.27727954567051866,0.2963218904715034,0.019042344800984767,0.2739757514606164,0.2895840779919007,0.0156083265312843,0.2089628308220663,0.3176693920062759,0.10870656118420963,0.02181298402480565,0.2564562700037889,0.23464328597898326,0.10575812920956112,0.2612141978981797,0.15545606868861855,1.0,0.0,1.0,0.0,14.0,0.0059742647058823525,273.0,0.125,268.0,0.12270220588235294,0.0,WACC_0p1_WRT_0p9,0.05073529411764706,2,True,WACC_0p1_WRT_0p9,2.0,True,False,False,False,False,14.0,0.05531914893617021
SPLL,RialtoBridgeTimelapse,900,0.62,303,0.8250000000000001,0.4358108411793062,0,132,1026,165,1,0.999,0.485089413999721,0.5190967683830551,0.5233660121708532,0.4831572412828816,0.09506373248825888,0.10864473796584563,-2.8192817631169373,2.486580303846317,-2.921841313157002,-2.3302840836398757,-3.215787996382892,1.7111958757000287,0.5190967683830551,0.40430745693129344,0.11478931145176163,0.5233660121708532,0.35415302353215394,0.16921298863869927,0.4831572412828816,0.2943401332795754,0.1888171080033062,0.09506373248825888,0.13879899491582756,0.043735262427568686,0.10864473796584563,0.14693275613777593,0.038288018171930296,691.0,0.3170955882352941,154.0,0.0703125,5.0,0.001838235294117647,1.0,0.0,5.0,0.001838235294117647,0.0,WACC_0p7_WRT_0p3,0.07821691176470588,3,True,WACC_0p7_WRT_0p3,3.0,False,False,False,True,False,132.0,0.5574468085106383
SPLL,RialtoBridgeTimelapse,359,0.62,409,0.8250000000000001,0.3650443382063069,0,160,951,119,1,0.999,0.5826320997405883,0.6046284679371073,0.611453016436019,0.5797510643236367,0.1346617663184421,0.11024551158065293,-2.8192817631169373,2.486580303846317,-2.921841313157002,-2.3302840836398757,-3.215787996382892,1.7111958757000287,0.6046284679371073,0.4210574588374412,0.18357100909966612,0.611453016436019,0.3731462551983154,0.2383067612377036,0.5797510643236367,0.323902582769996,0.25584848155364065,0.1346617663184421,0.14171283385343109,0.007051067534988992,0.11024551158065293,0.12425942223930396,0.014013910658651027,962.0,0.4416360294117647,277.0,0.12683823529411764,22.0,0.009650735294117647,2.0,0.00045955882352941176,1.0,0.0,0.0,WACC_0p9_WRT_0p1,0.11571691176470589,4,True,WACC_0p9_WRT_0p1,4.0,False,False,False,False,True,160.0,0.676595744680851
SPLL,RialtoBridgeTimelapse,411,0.61,188,0.8,0.548250292296512,0,65,563,225,1,0.999,0.31300454441042036,0.3759526573174425,0.37103152085736185,0.30596557349449705,0.022340004982812127,0.1290696430268489,-2.8192817631169373,2.486580303846317,-2.921841313157002,-2.3302840836398757,-3.215787996382892,1.7111958757000287,0.3759526573174425,0.32021950869232446,0.05573314862511802,0.37103152085736185,0.29926531487565167,0.07176620598171018,0.30596557349449705,0.27808414407301335,0.027881429421483694,0.022340004982812127,0.2101765056148167,0.18783650063200458,0.1290696430268489,0.19976536805483733,0.07069572502798843,45.0,0.02022058823529412,6.0,0.002297794117647059,2.0,0.00045955882352941176,50.0,0.022518382352941176,70.0,0.03170955882352941,0.00045955882352941176,WACC_0p5_WRT_0p5,0.015441176470588236,5,True,WACC_0p5_WRT_0p5,5.0,False,False,True,False,False,65.0,0.2723404255319149
SPLL,RialtoBridgeTimelapse,630,0.63,119,0.8500000000000001,0.6557156594979566,0,3,304,147,1,0.999,0.20645237849821035,0.2676978585922551,0.2689398807198776,0.21341752758508753,0.000415639057392694,0.08285948053036139,-2.8192817631169373,2.486580303846317,-2.921841313157002,-2.3302840836398757,-3.215787996382892,1.7111958757000287,0.2676978585922551,0.30124913768474193,0.03355127909248684,0.2689398807198776,0.29146630623516934,0.022526425515291715,0.21341752758508753,0.31257909077538687,0.09916156319029934,0.000415639057392694,0.23213837154041206,0.23172273248301936,0.08285948053036139,0.2525739235436373,0.16971444301327587,5.0,0.001838235294117647,2.0,0.00045955882352941176,11.0,0.004595588235294118,135.0,0.06158088235294118,233.0,0.10661764705882353,0.00045955882352941176,WACC_0p3_WRT_0p7,0.03501838235294118,6,True,WACC_0p3_WRT_0p7,6.0,False,True,False,False,False,3.0,0.00851063829787234
SPLL,RialtoBridgeTimelapse,503,0.62,168,0.8250000000000001,0.5747107857207654,0,47,274,141,1,0.999,0.2962305604045043,0.35372446395117796,0.3529064962720711,0.29593320988890276,0.017944762451553155,0.1062391074684388,-2.8192817631169373,2.486580303846317,-2.921841313157002,-2.3302840836398757,-3.215787996382892,1.7111958757000287,0.35372446395117796,0.2982956574513507,0.05542880649982723,0.3529064962720711,0.29599891516917654,0.05690758110289457,0.29593320988890276,0.31406661862510776,0.018133408736205003,0.017944762451553155,0.2512708301895583,0.23332606773800516,0.1062391074684388,0.2538562179640745,0.1476171104956357,2.0,0.00045955882352941176,3.0,0.0009191176470588235,13.0,0.0055147058823529415,237.0,0.10845588235294118,237.0,0.10845588235294118,0.00045955882352941176,WACC_0p1_WRT_0p9,0.044761029411764706,7,True,WACC_0p1_WRT_0p9,7.0,True,False,False,False,False,47.0,0.19574468085106383
SPLL,RialtoBridgeTimelapse,116,0.61,476,0.8,0.3292365290329727,0,178,727,83,10,0.999,0.6104495618779494,0.6363628822753293,0.6394807383399432,0.6008746831579101,0.13164995164854137,0.13272513886587842,-2.8192817631169373,2.486580303846317,-2.921841313157002,-2.3302840836398757,-3.215787996382892,1.7111958757000287,0.6363628822753293,0.45317380738742513,0.1831890748879042,0.6394807383399432,0.4142016792559038,0.22527905908403945,0.6008746831579101,0.3696500621394893,0.23122462101842084,0.13164995164854137,0.17616214871453675,0.04451219706599538,0.13272513886587842,0.133507004886972,0.0007818660210935913,1628.0,0.7477022058823529,578.0,0.26516544117647056,175.0,0.07996323529411764,13.0,0.0055147058823529415,2.0,0.00045955882352941176,0.00045955882352941176,WACC_0p9_WRT_0p1,0.21976102941176473,8,True,WACC_0p9_WRT_0p1,8.0,False,False,False,False,True,178.0,0.7531914893617021
SPLL,RialtoBridgeTimelapse,71,0.61,196,0.8,0.538442676996703,0,72,946,345,1,0.999,0.32609318306545043,0.3873859478559524,0.3828340721196796,0.3189650936658741,0.019693562330848385,0.12915345423397728,-2.8192817631169373,2.486580303846317,-2.921841313157002,-2.3302840836398757,-3.215787996382892,1.7111958757000287,0.3873859478559524,0.36801503195208846,0.019370915903863917,0.3828340721196796,0.33712713127021543,0.045706940849464195,0.3189650936658741,0.28533762568991744,0.03362746797595667,0.019693562330848385,0.20364520397521485,0.18395164164436648,0.12915345423397728,0.241562467781493,0.11240901354751573,311.0,0.14246323529411764,78.0,0.035386029411764705,3.0,0.0009191176470588235,39.0,0.017463235294117647,188.0,0.0859375,0.0009191176470588235,WACC_0p5_WRT_0p5,0.056433823529411765,9,True,WACC_0p5_WRT_0p5,9.0,False,False,True,False,False,72.0,0.3021276595744681
SPLL,RialtoBridgeTimelapse,564,0.62,467,0.8250000000000001,0.3337428526619463,0,169,1031,176,10,0.999,0.6259768100020267,0.6426504995139573,0.6506017189235754,0.62266135722188,0.15222936082267513,0.11100064123890087,-2.8192817631169373,2.486580303846317,-2.921841313157002,-2.3302840836398757,-3.215787996382892,1.7111958757000287,0.6426504995139573,0.4486954997345021,0.19395499977945513,0.6506017189235754,0.4103058289960039,0.24029588992757156,0.62266135722188,0.34558907142865414,0.27707228579322585,0.15222936082267513,0.154360571518953,0.002131210696277863,0.11100064123890087,0.14874094516141317,0.037740303922512305,1563.0,0.7178308823529411,547.0,0.2509191176470588,74.0,0.03354779411764706,3.0,0.0009191176470588235,6.0,0.002297794117647059,0.0009191176470588235,WACC_0p7_WRT_0p3,0.20110294117647057,10,True,WACC_0p7_WRT_0p3,10.0,False,False,False,True,False,169.0,0.7148936170212766
SPLL,RialtoBridgeTimelapse,125,0.62,896,0.8250000000000001,0.179830204952869,0,185,3084,108,10,0.999,0.8404038649444475,0.8308277585923667,0.8443033507775509,0.83486796383671,0.2389776066609829,0.1149810115516968,-2.8192817631169373,2.486580303846317,-2.921841313157002,-2.3302840836398757,-3.215787996382892,1.7111958757000287,0.8308277585923667,0.47653829762461014,0.35428946096775654,0.8443033507775509,0.44569432231731887,0.39860902846023205,0.83486796383671,0.4012682244571636,0.43359973937954643,0.2389776066609829,0.16604408496699644,0.07293352169398645,0.1149810115516968,0.13594941844692843,0.020968406895231634,1953.0,0.8970588235294118,951.0,0.4365808823529412,310.0,0.14200367647058823,7.0,0.0027573529411764708,3.0,0.0009191176470588235,0.0009191176470588235,WACC_0p9_WRT_0p1,0.2958639705882353,11,True,WACC_0p9_WRT_0p1,11.0,False,False,False,False,True,185.0,0.7829787234042553
SPLL,RialtoBridgeTimelapse,531,0.46,120,0.4250000000000001,0.6537523715710118,0,21,525,2089,1,0.999,0.37453917049255553,0.22013012475598584,0.12363296614989079,0.32758874748746714,0.47933983736705915,0.5348350335281064,-2.8192817631169373,2.486580303846317,-2.921841313157002,-2.3302840836398757,-3.215787996382892,1.7111958757000287,0.22013012475598584,0.3002419895216952,0.08011186476570933,0.12363296614989079,0.36009091627424844,0.23645795012435766,0.32758874748746714,0.5001293449590568,0.17254059747158967,0.47933983736705915,0.48447175008771476,0.005131912720655607,0.5348350335281064,0.5179580846960975,0.016876948832008853,3.0,0.0009191176470588235,177.0,0.08088235294117647,821.0,0.37683823529411764,1945.0,0.8933823529411765,1593.0,0.7316176470588235,0.0009191176470588235,WACC_0p1_WRT_0p9,0.41672794117647055,12,True,WACC_0p1_WRT_0p9,12.0,True,False,False,False,False,21.0,0.0851063829787234
SPLL,RialtoBridgeTimelapse,514,0.62,256,0.8250000000000001,0.4755439675554405,0,103,618,126,1,0.999,0.4306558379932526,0.4713928314545053,0.47421982658562556,0.4292296238986624,0.07291364602327975,0.10783218356799715,-2.8192817631169373,2.486580303846317,-2.921841313157002,-2.3302840836398757,-3.215787996382892,1.7111958757000287,0.4713928314545053,0.35276643033188637,0.11862640112261891,0.47421982658562556,0.32122167369810406,0.1529981528875215,0.4292296238986624,0.2859426483599459,0.14328697553871655,0.07291364602327975,0.15578632664974695,0.0828726806264672,0.10783218356799715,0.14893187072869818,0.04109968716070103,189.0,0.08639705882352941,39.0,0.017463235294117647,4.0,0.0013786764705882354,4.0,0.0013786764705882354,7.0,0.0027573529411764708,0.0013786764705882354,WACC_0p5_WRT_0p5,0.021875,13,True,WACC_0p7_WRT_0p3,13.0,False,False,False,True,False,103.0,0.4340425531914894
SPLL,RialtoBridgeTimelapse,597,0.62,137,0.8250000000000001,0.622651500698375,0,22,219,137,1,0.001,0.2322310012722578,0.29781698253658345,0.2951946980407528,0.23237123629046824,0.01697063815738611,0.10582304648361865,-2.8192817631169373,2.486580303846317,-2.921841313157002,-2.3302840836398757,-3.215787996382892,1.7111958757000287,0.29781698253658345,0.32783432958770525,0.0300173470511218,0.2951946980407528,0.2967611945568361,0.00156649651608326,0.23237123629046824,0.3490131978130986,0.11664196152263034,0.01697063815738611,0.2793590687040317,0.2623884305466456,0.10582304648361865,0.2702943075679283,0.16447126108430968,75.0,0.03400735294117647,4.0,0.0013786764705882354,90.0,0.04090073529411765,396.0,0.18152573529411764,299.0,0.13694852941176472,0.0013786764705882354,WACC_0p3_WRT_0p7,0.07895220588235294,14,True,WACC_0p3_WRT_0p7,14.0,False,True,False,False,False,22.0,0.08936170212765958
SPLL,RialtoBridgeTimelapse,120,0.6,846,0.775,0.1933989943592342,0,202,3666,80,10,0.999,0.7762779978079535,0.7891244806531679,0.792144873630676,0.758657751597509,0.18464447147296023,0.15750052125178846,-2.8192817631169373,2.486580303846317,-2.921841313157002,-2.3302840836398757,-3.215787996382892,1.7111958757000287,0.7891244806531679,0.5588464266257596,0.2302780540274083,0.792144873630676,0.5344999849306462,0.2576448887000298,0.758657751597509,0.47106054362232025,0.2875972079751888,0.18464447147296023,0.18106180196370494,0.0035826695092552874,0.15750052125178846,0.1363172123459628,0.02118330890582565,2168.0,0.9958639705882353,2166.0,0.9949448529411765,674.0,0.3092830882352941,14.0,0.0059742647058823525,4.0,0.0013786764705882354,0.0013786764705882354,WACC_0p9_WRT_0p1,0.46148897058823524,15,True,WACC_0p9_WRT_0p1,15.0,False,False,False,False,True,202.0,0.8553191489361702
SPLL,RialtoBridgeTimelapse,333,0.37,157,0.2,0.5906331433253553,0,47,2298,4915,1,0.999,0.6248445014572027,0.27433687632698966,0.12619068232055308,0.5599009805364629,0.7265196124035948,0.7863059561229602,-2.8192817631169373,2.486580303846317,-2.921841313157002,-2.3302840836398757,-3.215787996382892,1.7111958757000287,0.27433687632698966,0.30027803699517186,0.025941160668182195,0.12619068232055308,0.4046613517026193,0.2784706693820662,0.5599009805364629,0.57670515199107,0.01680417145460711,0.7265196124035948,0.5669788661391154,0.15954074626447934,0.7863059561229602,0.6218738145470242,0.164432141575936,4.0,0.0013786764705882354,497.0,0.22794117647058823,1476.0,0.6778492647058824,2172.0,0.9977022058823529,2164.0,0.9940257352941176,0.0013786764705882354,WACC_0p1_WRT_0p9,0.5797794117647059,16,True,WACC_0p1_WRT_0p9,16.0,True,False,False,False,False,47.0,0.19574468085106383
SPLL,RialtoBridgeTimelapse,598,0.62,146,0.8250000000000001,0.6077049623167738,0,29,338,145,1,0.999,0.2520992539583893,0.3151618591689514,0.3131065047321059,0.2521134785662177,0.012923054576607874,0.1059184883585785,-2.8192817631169373,2.486580303846317,-2.921841313157002,-2.3302840836398757,-3.215787996382892,1.7111958757000287,0.3151618591689514,0.30575817524160653,0.009403683927344864,0.3131065047321059,0.2979470874799604,0.01515941725214548,0.2521134785662177,0.3083675960753322,0.05625411750911452,0.012923054576607874,0.21808649080705209,0.20516343623044422,0.1059184883585785,0.2375391470283282,0.1316206586697497,14.0,0.0059742647058823525,5.0,0.001838235294117647,9.0,0.003676470588235294,85.0,0.03860294117647059,174.0,0.07950367647058823,0.001838235294117647,WACC_0p3_WRT_0p7,0.02591911764705882,17,True,WACC_0p3_WRT_0p7,17.0,False,True,False,False,False,29.0,0.11914893617021277
SPLL,RialtoBridgeTimelapse,107,0.62,383,0.8250000000000001,0.3805434457343299,0,155,2770,120,10,0.999,0.5612116780120855,0.5858413846941718,0.592107372533318,0.5585427575702252,0.12597435704407103,0.10988114311780446,-2.8192817631169373,2.486580303846317,-2.921841313157002,-2.3302840836398757,-3.215787996382892,1.7111958757000287,0.5858413846941718,0.44209005653590366,0.14375132815826813,0.592107372533318,0.4120530182603196,0.18005435427299843,0.5585427575702252,0.3632039581121257,0.1953387994580995,0.12597435704407103,0.16316975734095773,0.0371954002968867,0.10988114311780446,0.14972642355569923,0.03984528043789477,1413.0,0.6488970588235294,561.0,0.25735294117647056,148.0,0.06755514705882353,5.0,0.001838235294117647,9.0,0.003676470588235294,0.001838235294117647,WACC_0p7_WRT_0p3,0.1958639705882353,18,True,WACC_0p7_WRT_0p3,18.0,False,False,False,True,False,155.0,0.6553191489361702
SPLL,RialtoBridgeTimelapse,589,0.63,251,0.8500000000000001,0.4801919527679605,0,32,497,114,1,0.999,0.44529839275636757,0.4768512099195623,0.4845207008522195,0.45018699892691905,0.09323810562784084,0.08593274602393651,-2.8192817631169373,2.486580303846317,-2.921841313157002,-2.3302840836398757,-3.215787996382892,1.7111958757000287,0.4768512099195623,0.33169831871235583,0.14515289120720648,0.4845207008522195,0.32136182803135777,0.16315887282086172,0.45018699892691905,0.303156400433897,0.14703059849302202,0.09323810562784084,0.17399317819203966,0.08075507256419882,0.08593274602393651,0.17339984751676255,0.08746710149282604,91.0,0.04136029411764706,42.0,0.01884191176470588,6.0,0.002297794117647059,10.0,0.004136029411764706,21.0,0.009191176470588236,0.002297794117647059,WACC_0p5_WRT_0p5,0.015165441176470586,19,True,WACC_0p5_WRT_0p5,19.0,False,False,True,False,False,32.0,0.13191489361702127
SPLL,RialtoBridgeTimelapse,1415,0.59,48,0.75,0.8676089859327936,1,1,128,236,1,0.869,0.09430757293623131,0.03287705504655766,0.0,0.10662512102263941,0.183831082263677,0.20590006746022999,-2.8192817631169373,2.486580303846317,-2.921841313157002,-2.3302840836398757,-3.215787996382892,1.7111958757000287,0.03287705504655766,0.30132183573279375,0.2684447806862361,0.0,0.30987795709240157,0.30987795709240157,0.10662512102263941,0.3470501718745056,0.2404250508518662,0.183831082263677,0.338466804350312,0.154635722086635,0.20590006746022999,0.347654041725955,0.141753974265725,6.0,0.002297794117647059,20.0,0.008731617647058824,82.0,0.03722426470588235,638.0,0.2927389705882353,520.0,0.23851102941176472,0.002297794117647059,WACC_0p1_WRT_0p9,0.11590073529411767,20,False,,,False,False,False,False,False,1.0,0.0
SPLL,RialtoBridgeTimelapse,532,0.62,299,0.8250000000000001,0.4389443285447265,0,129,866,157,1,0.001,0.48078696446792324,0.5153254106634686,0.5194811547343211,0.4788955013964902,0.09331458171823066,0.10857804990508245,-2.8192817631169373,2.486580303846317,-2.921841313157002,-2.3302840836398757,-3.215787996382892,1.7111958757000287,0.5153254106634686,0.4245902865113951,0.09073512415207352,0.5194811547343211,0.3801509062440414,0.1393302484902797,0.4788955013964902,0.342330974077868,0.13656452731862218,0.09331458171823066,0.1642650845314483,0.07095050281321764,0.10857804990508245,0.14956448844777975,0.040986438542697304,1031.0,0.4733455882352941,326.0,0.14935661764705882,66.0,0.029871323529411766,6.0,0.002297794117647059,8.0,0.003216911764705882,0.002297794117647059,WACC_0p7_WRT_0p3,0.13161764705882353,21,False,,,False,False,False,False,False,129.0,0.5446808510638298
SPLL,RialtoBridgeTimelapse,543,0.61,110,0.8,0.674159398498774,0,8,317,189,1,0.392,0.14812183705916032,0.23240933094777225,0.22254269434039275,0.14178008573441647,0.05707099545452095,0.1294725320508064,-2.8192817631169373,2.486580303846317,-2.921841313157002,-2.3302840836398757,-3.215787996382892,1.7111958757000287,0.23240933094777225,0.3257334453640964,0.09332411441632413,0.22254269434039275,0.30001692227852567,0.07747422793813291,0.14178008573441647,0.31047650097850155,0.16869641524408507,0.05707099545452095,0.2372302558283972,0.18015926037387625,0.1294725320508064,0.24716209454323565,0.11768956249242926,65.0,0.029411764705882353,7.0,0.0027573529411764708,10.0,0.004136029411764706,159.0,0.07261029411764706,210.0,0.09604779411764706,0.0027573529411764708,WACC_0p3_WRT_0p7,0.04099264705882353,22,True,WACC_0p3_WRT_0p7,20.0,False,True,False,False,False,8.0,0.029787234042553193
SPLL,RialtoBridgeTimelapse,552,0.62,163,0.8250000000000001,0.581815669159537,0,44,287,127,1,0.999,0.2866978785807266,0.3453909332000136,0.3443079335747941,0.2864710926326411,0.014025549820413666,0.10615866684403139,-2.8192817631169373,2.486580303846317,-2.921841313157002,-2.3302840836398757,-3.215787996382892,1.7111958757000287,0.3453909332000136,0.3014082370472019,0.043982696152811696,0.3443079335747941,0.3047475167483699,0.039560416826424194,0.2864710926326411,0.32606738761728177,0.03959629498464068,0.014025549820413666,0.24306747806520537,0.2290419282447917,0.10615866684403139,0.2515240322697741,0.14536536542574272,7.0,0.0027573529411764708,12.0,0.00505514705882353,25.0,0.011029411764705883,192.0,0.08777573529411764,229.0,0.10477941176470588,0.0027573529411764708,WACC_0p1_WRT_0p9,0.042279411764705885,23,False,,,False,False,False,False,False,44.0,0.1829787234042553
SPLL,RialtoBridgeTimelapse,219,0.61,171,0.8,0.5705480712116793,0,51,1095,465,1,0.999,0.2833588741439452,0.35007141124724606,0.3443047965291517,0.2765085697170768,0.028377344761633602,0.12892502231462813,-2.8192817631169373,2.486580303846317,-2.921841313157002,-2.3302840836398757,-3.215787996382892,1.7111958757000287,0.35007141124724606,0.3716076447713001,0.021536233524054038,0.3443047965291517,0.3329137629911088,0.011391033538042883,0.2765085697170768,0.30504055832155863,0.028531988604481806,0.028377344761633602,0.2338120391805051,0.20543469441887152,0.12892502231462813,0.2579920309731726,0.12906700865854445,334.0,0.15303308823529413,63.0,0.02849264705882353,7.0,0.0027573529411764708,145.0,0.0661764705882353,256.0,0.1171875,0.0027573529411764708,WACC_0p5_WRT_0p5,0.07352941176470588,24,False,,,False,False,False,False,False,51.0,0.2127659574468085
SPLL,RialtoBridgeTimelapse,253,0.61,213,0.8,0.518860836823448,0,87,429,120,1,0.999,0.35230894718676176,0.410296819525864,0.40647810458139755,0.3449930232006156,0.02629469587866411,0.12935333157481144,-2.8192817631169373,2.486580303846317,-2.921841313157002,-2.3302840836398757,-3.215787996382892,1.7111958757000287,0.410296819525864,0.31392627820371,0.096370541322154,0.40647810458139755,0.31048107390505225,0.0959970306763453,0.3449930232006156,0.305595569003786,0.03939745419682961,0.02629469587866411,0.1871904300381152,0.16089573415945108,0.12935333157481144,0.1961045964642693,0.06675126488945787,29.0,0.012867647058823529,22.0,0.009650735294117647,8.0,0.003216911764705882,17.0,0.007352941176470588,60.0,0.027113970588235295,0.003216911764705882,WACC_0p5_WRT_0p5,0.012040441176470589,25,False,,,False,False,False,False,False,87.0,0.3659574468085106
SPLL,RialtoBridgeTimelapse,615,0.63,146,0.8500000000000001,0.6077049623167738,0,9,285,132,1,0.999,0.2709739017306658,0.32411499422216333,0.32714361672254866,0.2774509293990029,0.022230976223111702,0.08343996879894841,-2.8192817631169373,2.486580303846317,-2.921841313157002,-2.3302840836398757,-3.215787996382892,1.7111958757000287,0.32411499422216333,0.3024518729025023,0.021663121319661027,0.32714361672254866,0.3015060165708265,0.025637600151722173,0.2774509293990029,0.3235553399661234,0.0461044105671205,0.022230976223111702,0.23901918287116988,0.21678820664805817,0.08343996879894841,0.254971799840535,0.17153183104158656,8.0,0.003216911764705882,8.0,0.003216911764705882,20.0,0.008731617647058824,172.0,0.07858455882352941,243.0,0.11121323529411764,0.003216911764705882,WACC_0p1_WRT_0p9,0.04099264705882353,26,False,,,False,False,False,False,False,9.0,0.03404255319148936
SPLL,RialtoBridgeTimelapse,462,0.61,573,0.8,0.2854434735200449,0,189,1681,153,1,0.999,0.6708546791764675,0.689333285676454,0.6940315607773286,0.6606893021312229,0.1561653158427156,0.13372638215410082,-2.8192817631169373,2.486580303846317,-2.921841313157002,-2.3302840836398757,-3.215787996382892,1.7111958757000287,0.689333285676454,0.4160218836139185,0.2733114020625355,0.6940315607773286,0.37846392621090236,0.3155676345664263,0.6606893021312229,0.33471189162563975,0.32597741050558315,0.1561653158427156,0.1684109146173997,0.012245598774684119,0.13372638215410082,0.15471991858710585,0.020993536433005028,891.0,0.40900735294117646,319.0,0.14613970588235295,40.0,0.017922794117647058,8.0,0.003216911764705882,10.0,0.004136029411764706,0.003216911764705882,WACC_0p7_WRT_0p3,0.11608455882352942,27,False,,,False,False,False,False,False,189.0,0.8
SPLL,RialtoBridgeTimelapse,482,0.63,198,0.8500000000000001,0.5360530118555942,0,26,308,137,1,0.999,0.3685070689353372,0.40953178908787624,0.4151798380759946,0.3741285468589983,0.06203274642569728,0.08472096536575018,-2.8192817631169373,2.486580303846317,-2.921841313157002,-2.3302840836398757,-3.215787996382892,1.7111958757000287,0.40953178908787624,0.303846494144816,0.10568529494306023,0.4151798380759946,0.3022493190761321,0.1129305189998625,0.3741285468589983,0.31855254284515805,0.055576004013840274,0.06203274642569728,0.2299906590930307,0.16795791266733343,0.08472096536575018,0.24640247662222023,0.16168151125647007,10.0,0.004136029411764706,9.0,0.003676470588235294,16.0,0.006893382352941176,125.0,0.05698529411764706,206.0,0.09420955882352941,0.003676470588235294,WACC_0p3_WRT_0p7,0.03318014705882353,28,False,,,False,False,False,False,False,26.0,0.10638297872340426
SPLL,RialtoBridgeTimelapse,2044,0.51,136,0.5500000000000002,0.6243720525544902,0,29,1493,3370,1,0.991,0.2000702516907743,0.2519517852532569,0.18826775599410173,0.14414527712493452,0.3173756548496059,0.3856205948858304,-2.8192817631169373,2.486580303846317,-2.921841313157002,-2.3302840836398757,-3.215787996382892,1.7111958757000287,0.2519517852532569,0.30361009843027964,0.05165831317702274,0.18826775599410173,0.3861335259467514,0.19786576995264965,0.14414527712493452,0.5176851769001835,0.37353989977524893,0.3173756548496059,0.4658877268728988,0.14851207202329292,0.3856205948858304,0.5083926037773069,0.12277200889147649,9.0,0.003676470588235294,358.0,0.1640625,915.0,0.42003676470588236,1781.0,0.8180147058823529,1500.0,0.6888786764705882,0.003676470588235294,WACC_0p1_WRT_0p9,0.4189338235294118,29,False,,,False,False,False,False,False,29.0,0.11914893617021277
SPLL,RialtoBridgeTimelapse,578,0.63,146,0.8500000000000001,0.6077049623167738,0,9,326,132,1,0.999,0.2709739017306658,0.32411499422216333,0.32714361672254866,0.2774509293990029,0.022230976223111702,0.08343996879894841,-2.8192817631169373,2.486580303846317,-2.921841313157002,-2.3302840836398757,-3.215787996382892,1.7111958757000287,0.32411499422216333,0.30676359710863627,0.017351397113527067,0.32714361672254866,0.3034969234877933,0.023646693234755378,0.2774509293990029,0.31964459734512385,0.04219366794612095,0.022230976223111702,0.22143036847705333,0.19919939225394162,0.08343996879894841,0.23731532667041577,0.15387535787146736,16.0,0.006893382352941176,10.0,0.004136029411764706,17.0,0.007352941176470588,96.0,0.043658088235294115,171.0,0.078125,0.004136029411764706,WACC_0p3_WRT_0p7,0.02803308823529412,30,False,,,False,False,False,False,False,9.0,0.03404255319148936
SPLL,RialtoBridgeTimelapse,466,0.63,150,0.8500000000000001,0.6013535785033906,0,11,241,106,1,0.999,0.27956551965771437,0.3316338883899203,0.3348965175518505,0.2859719087406773,0.025747606974763373,0.08353660656412767,-2.8192817631169373,2.486580303846317,-2.921841313157002,-2.3302840836398757,-3.215787996382892,1.7111958757000287,0.3316338883899203,0.3119315291275011,0.0197023592624192,0.3348965175518505,0.30356960966185936,0.03132690788999115,0.2859719087406773,0.3391650889739769,0.05319318023329961,0.025747606974763373,0.2673074101932774,0.24155980321851406,0.08353660656412767,0.24989479984810253,0.16635819328397486,25.0,0.011029411764705883,11.0,0.004595588235294118,56.0,0.025275735294117647,328.0,0.15027573529411764,221.0,0.10110294117647059,0.004595588235294118,WACC_0p3_WRT_0p7,0.05845588235294117,31,False,,,False,False,False,False,False,11.0,0.0425531914893617
SPLL,RialtoBridgeTimelapse,99,0.62,434,0.8250000000000001,0.3510417405780863,0,166,3432,209,10,0.999,0.6020087107804754,0.6216247289233268,0.6289534979686948,0.5989342850328309,0.1425169021587953,0.11058030554607205,-2.8192817631169373,2.486580303846317,-2.921841313157002,-2.3302840836398757,-3.215787996382892,1.7111958757000287,0.6216247289233268,0.4623716574961823,0.15925307142714445,0.6289534979686948,0.4437776231434672,0.18517587482522763,0.5989342850328309,0.3984313818975094,0.2005029031353215,0.1425169021587953,0.17498517901796287,0.03246827685916756,0.11058030554607205,0.16256124651788528,0.05198094097181323,1776.0,0.8157169117647058,915.0,0.42003676470588236,294.0,0.13465073529411764,11.0,0.004595588235294118,13.0,0.0055147058823529415,0.004595588235294118,WACC_0p7_WRT_0p3,0.27610294117647066,32,False,,,False,False,False,False,False,166.0,0.7021276595744681
SPLL,RialtoBridgeTimelapse,686,0.6,772,0.775,0.2150270554167013,0,197,3024,59,10,0.898,0.7464092293439017,0.7629292585652785,0.7651698227959616,0.729083355287743,0.17252757142674216,0.15699725154858113,-2.8192817631169373,2.486580303846317,-2.921841313157002,-2.3302840836398757,-3.215787996382892,1.7111958757000287,0.7629292585652785,0.5098940360604959,0.2530352225047826,0.7651698227959616,0.47083371699500165,0.2943361058009599,0.729083355287743,0.441142365032097,0.28794099025564607,0.17252757142674216,0.21750036905177944,0.04497279762503728,0.15699725154858113,0.1587825786268323,0.0017853270782511588,2126.0,0.9765625,1368.0,0.6282169117647058,500.0,0.22931985294117646,81.0,0.03676470588235294,11.0,0.004595588235294118,0.004595588235294118,WACC_0p9_WRT_0p1,0.3750919117647059,33,False,,,False,False,False,False,False,197.0,0.8340425531914893
SPLL,RialtoBridgeTimelapse,468,0.48,164,0.475,0.580377519822145,0,52,3548,5000,1,0.999,0.2675708091849371,0.2898477412457469,0.2111693775831841,0.19959797899639378,0.3874866839189291,0.46215298146194017,-2.8192817631169373,2.486580303846317,-2.921841313157002,-2.3302840836398757,-3.215787996382892,1.7111958757000287,0.2898477412457469,0.3044404633480393,0.0145927221022924,0.2111693775831841,0.40314652178623606,0.19197714420305195,0.19959797899639378,0.5608486798074959,0.3612507008111021,0.3874866839189291,0.524757112306583,0.13727042838765385,0.46215298146194017,0.5895139879534873,0.12736100649154714,11.0,0.004595588235294118,482.0,0.22104779411764705,1239.0,0.5689338235294118,2124.0,0.9756433823529411,2082.0,0.9563419117647058,0.004595588235294118,WACC_0p1_WRT_0p9,0.5453125,34,False,,,False,False,False,False,False,52.0,0.2170212765957447
SPLL,RialtoBridgeTimelapse,400,0.61,228,0.8,0.5028338405982749,0,99,1275,463,1,0.999,0.3738426122224467,0.42912530778423835,0.4259030934990493,0.3663641190920276,0.0351408680012896,0.12954590572562552,-2.8192817631169373,2.486580303846317,-2.921841313157002,-2.3302840836398757,-3.215787996382892,1.7111958757000287,0.42912530778423835,0.37165710140831554,0.057468206375922815,0.4259030934990493,0.3429840625458577,0.08291903095319159,0.3663641190920276,0.31283317006877626,0.05353094902325134,0.0351408680012896,0.23984089383108145,0.20470002582979185,0.12954590572562552,0.2662235535436007,0.1366776478179752,335.0,0.15349264705882354,115.0,0.05238970588235294,12.0,0.00505514705882353,177.0,0.08088235294117647,285.0,0.13051470588235295,0.00505514705882353,WACC_0p5_WRT_0p5,0.08446691176470589,35,False,,,False,False,False,False,False,99.0,0.41702127659574467
SPLL,RialtoBridgeTimelapse,555,0.61,526,0.8,0.305653789297009,0,185,3275,192,10,0.999,0.642950374823831,0.6648613978881479,0.6688308442475672,0.6330595903036087,0.1448444096629718,0.13325764840913962,-2.8192817631169373,2.486580303846317,-2.921841313157002,-2.3302840836398757,-3.215787996382892,1.7111958757000287,0.6648613978881479,0.46475068344655784,0.20011071444159007,0.6688308442475672,0.4254503452215682,0.243380499025999,0.6330595903036087,0.3843702613000532,0.2486893290035555,0.1448444096629718,0.17519969655734688,0.030355286894375083,0.13325764840913962,0.16622705538904084,0.03296940697990122,1810.0,0.8313419117647058,694.0,0.31847426470588236,235.0,0.10753676470588236,12.0,0.00505514705882353,14.0,0.0059742647058823525,0.00505514705882353,WACC_0p7_WRT_0p3,0.2536764705882353,36,False,,,False,False,False,False,False,185.0,0.7829787234042553
SPLL,RialtoBridgeTimelapse,1225,0.6,792,0.775,0.208983946830124,0,198,3941,106,4,0.89,0.7547502486286478,0.7702440806358164,0.7727026211639715,0.7373424660919864,0.17591194345278255,0.15713677554510408,-2.8192817631169373,2.486580303846317,-2.921841313157002,-2.3302840836398757,-3.215787996382892,1.7111958757000287,0.7702440806358164,0.5063630646835049,0.2638810159523115,0.7727026211639715,0.47779969922720833,0.29490292193676315,0.7373424660919864,0.44249730330948805,0.29484516278249834,0.17591194345278255,0.20640756563230675,0.0304956221795242,0.15713677554510408,0.16192276197909217,0.0047859864339880875,2120.0,0.9738051470588235,1524.0,0.6999080882352942,516.0,0.23667279411764705,46.0,0.02068014705882353,12.0,0.00505514705882353,0.00505514705882353,WACC_0p9_WRT_0p1,0.3872242647058824,37,False,,,False,False,False,False,False,198.0,0.8382978723404255
SPLL,RialtoBridgeTimelapse,483,0.44,148,0.3750000000000001,0.6045079564015148,0,39,904,4984,1,0.999,0.40738298971689546,0.2637676611590518,0.158820750325826,0.3467811331796204,0.517192112401425,0.5815102379202834,-2.8192817631169373,2.486580303846317,-2.921841313157002,-2.3302840836398757,-3.215787996382892,1.7111958757000287,0.2637676611590518,0.30500978032352466,0.041242119164472846,0.158820750325826,0.4075256842375252,0.24870493391169923,0.3467811331796204,0.5683341910444436,0.2215530578648232,0.517192112401425,0.551732634773641,0.03454052237221594,0.5815102379202834,0.6060478840930141,0.024537646172730687,12.0,0.00505514705882353,528.0,0.2421875,1346.0,0.6181066176470589,2162.0,0.9931066176470589,2134.0,0.9802389705882353,0.00505514705882353,WACC_0p1_WRT_0p9,0.5677389705882353,38,False,,,False,False,False,False,False,39.0,0.16170212765957448
SPLL,RialtoBridgeTimelapse,515,0.63,144,0.8500000000000001,0.6109457641941061,0,8,319,125,1,0.999,0.2665946370226751,0.32028301180091145,0.32319205564633957,0.2731072323997221,0.02043752677717234,0.08339221207680843,-2.8192817631169373,2.486580303846317,-2.921841313157002,-2.3302840836398757,-3.215787996382892,1.7111958757000287,0.32028301180091145,0.3051931269826154,0.01508988481829604,0.32319205564633957,0.30630477586019966,0.016887279786139908,0.2731072323997221,0.32417779680868797,0.051070564408965846,0.02043752677717234,0.22689394448025785,0.2064564177030855,0.08339221207680843,0.2356465915709147,0.15225437949410625,13.0,0.0055147058823529415,16.0,0.006893382352941176,23.0,0.01011029411764706,116.0,0.05284926470588235,162.0,0.0739889705882353,0.0055147058823529415,WACC_0p1_WRT_0p9,0.029871323529411763,39,False,,,False,False,False,False,False,8.0,0.029787234042553193
SPLL,RialtoBridgeTimelapse,465,0.63,163,0.8500000000000001,0.581815669159537,0,17,295,116,1,0.999,0.3060659950766488,0.3548330779331227,0.358812969313792,0.31224795494690394,0.036579921776458434,0.08385713086648808,-2.8192817631169373,2.486580303846317,-2.921841313157002,-2.3302840836398757,-3.215787996382892,1.7111958757000287,0.3548330779331227,0.30785574032576957,0.04697733760735312,0.358812969313792,0.30527146476494826,0.05354150454884371,0.31224795494690394,0.3333558449476163,0.021107890000712337,0.036579921776458434,0.23735515156046721,0.20077522978400877,0.08385713086648808,0.23990724023826093,0.15605010937177285,17.0,0.007352941176470588,13.0,0.0055147058823529415,35.0,0.015625,161.0,0.07352941176470588,181.0,0.08272058823529412,0.0055147058823529415,WACC_0p3_WRT_0p7,0.036948529411764706,40,False,,,False,False,False,False,False,17.0,0.06808510638297872
SPLL,RialtoBridgeTimelapse,733,0.59,55,0.75,0.8360188184277143,0,2,62,145,2,0.198,0.07391944360905457,0.06124026003440323,0.03106911091553767,0.07757015971876391,0.16856034047063442,0.197692464429397,-2.8192817631169373,2.486580303846317,-2.921841313157002,-2.3302840836398757,-3.215787996382892,1.7111958757000287,0.06124026003440323,0.31146187466745134,0.2502216146330481,0.03106911091553767,0.30578621066386935,0.2747170997483317,0.07757015971876391,0.3702586782692778,0.29268851855051387,0.16856034047063442,0.3244769912317826,0.15591665076114816,0.197692464429397,0.32227835494189294,0.12458589051249594,23.0,0.01011029411764706,14.0,0.0059742647058823525,178.0,0.08134191176470588,577.0,0.2647058823529412,453.0,0.20772058823529413,0.0059742647058823525,WACC_0p3_WRT_0p7,0.11397058823529412,41,False,,,False,False,False,False,False,2.0,0.00425531914893617
SPLL,RialtoBridgeTimelapse,410,0.62,293,0.8250000000000001,0.4437237807444882,0,123,499,129,10,0.999,0.4742275473843185,0.5095759356627197,0.5135584886840457,0.47239792926300117,0.09064737602645591,0.10847713328513861,-2.8192817631169373,2.486580303846317,-2.921841313157002,-2.3302840836398757,-3.215787996382892,1.7111958757000287,0.5095759356627197,0.37497901740465356,0.1345969182580662,0.5135584886840457,0.35758992442915,0.15596856425489575,0.47239792926300117,0.34396588464220607,0.1284320446207951,0.09064737602645591,0.1876445144695305,0.0969971384430746,0.10847713328513861,0.16872228482994656,0.060245151544807946,359.0,0.1645220588235294,169.0,0.07720588235294118,69.0,0.03125,19.0,0.008272058823529412,15.0,0.006433823529411764,0.006433823529411764,WACC_0p9_WRT_0p1,0.05753676470588235,42,False,,,False,False,False,False,False,123.0,0.5191489361702127
SPLL,RialtoBridgeTimelapse,74,0.61,333,0.8,0.4135460045238111,0,148,3558,344,1,0.999,0.494875315759177,0.5350713721096922,0.535130491418083,0.48637972001753016,0.08463171818752681,0.1309826864862699,-2.8192817631169373,2.486580303846317,-2.921841313157002,-2.3302840836398757,-3.215787996382892,1.7111958757000287,0.5350713721096922,0.3989230659134901,0.13614830619620216,0.535130491418083,0.36848194440338494,0.16664854701469806,0.48637972001753016,0.31818690440386427,0.1681928156136659,0.08463171818752681,0.21624028670308865,0.13160856851556185,0.1309826864862699,0.2614039778253448,0.1304212913390749,620.0,0.2844669117647059,236.0,0.10799632352941177,15.0,0.006433823529411764,72.0,0.03262867647058824,270.0,0.12362132352941177,0.006433823529411764,WACC_0p5_WRT_0p5,0.11102941176470589,43,False,,,False,False,False,False,False,148.0,0.625531914893617
SPLL,RialtoBridgeTimelapse,355,0.62,248,0.8250000000000001,0.4830252182181488,0,98,982,191,1,0.001,0.4204383395057736,0.4624413177520265,0.4649959075420274,0.41910465388248386,0.06875050578762902,0.1076880382638702,-2.8192817631169373,2.486580303846317,-2.921841313157002,-2.3302840836398757,-3.215787996382892,1.7111958757000287,0.4624413177520265,0.4383567803778359,0.02408453737419064,0.4649959075420274,0.3897304297374559,0.07526547780457149,0.41910465388248386,0.36690456305370733,0.052200090828776524,0.06875050578762902,0.18109167860956252,0.1123411728219335,0.1076880382638702,0.16946900716956143,0.06178096890569122,1336.0,0.6135110294117647,387.0,0.17738970588235295,162.0,0.0739889705882353,15.0,0.006433823529411764,16.0,0.006893382352941176,0.006433823529411764,WACC_0p7_WRT_0p3,0.17564338235294116,44,False,,,False,False,False,False,False,98.0,0.4127659574468085
SPLL,RialtoBridgeTimelapse,614,0.47,115,0.45,0.6637359135750507,0,18,3820,3778,1,0.999,0.34882943260076327,0.2115419712656159,0.120488182304539,0.30466079979558214,0.4535030516133002,0.5078744461048126,-2.8192817631169373,2.486580303846317,-2.921841313157002,-2.3302840836398757,-3.215787996382892,1.7111958757000287,0.2115419712656159,0.3057789575673974,0.09423698630178151,0.120488182304539,0.3668619122002204,0.2463737298956814,0.30466079979558214,0.5036403296078201,0.198979529812238,0.4535030516133002,0.4513131043938015,0.002189947219498667,0.5078744461048126,0.5085290884245414,0.0006546423197287821,15.0,0.006433823529411764,222.0,0.1015625,840.0,0.38556985294117646,1634.0,0.7504595588235294,1503.0,0.6902573529411765,0.006433823529411764,WACC_0p1_WRT_0p9,0.38685661764705886,45,False,,,False,False,False,False,False,18.0,0.07234042553191489
SPLL,RialtoBridgeTimelapse,581,0.61,494,0.8,0.3204734962061252,0,181,3438,159,1,0.999,0.6225185965887486,0.6469450811893616,0.650379534155755,0.6128269326965139,0.1365508252244346,0.13292108368724723,-2.8192817631169373,2.486580303846317,-2.921841313157002,-2.3302840836398757,-3.215787996382892,1.7111958757000287,0.6469450811893616,0.44492838238233606,0.2020166988070255,0.650379534155755,0.4074391931103035,0.24294034104545148,0.6128269326965139,0.3316482151817851,0.2811787175147288,0.1365508252244346,0.18254758896438744,0.045996763739952845,0.13292108368724723,0.17292378229627026,0.04000269860902303,1478.0,0.6787683823529411,526.0,0.24126838235294118,30.0,0.01332720588235294,16.0,0.006893382352941176,20.0,0.008731617647058824,0.006893382352941176,WACC_0p7_WRT_0p3,0.18979779411764702,46,False,,,False,False,False,False,False,181.0,0.7659574468085106
SPLL,RialtoBridgeTimelapse,546,0.62,199,0.8250000000000001,0.5348671705884607,0,65,326,118,1,0.999,0.3499555807692356,0.4007223597224523,0.40137926608356866,0.3492332920991756,0.039972288247768974,0.1067858745457806,-2.8192817631169373,2.486580303846317,-2.921841313157002,-2.3302840836398757,-3.215787996382892,1.7111958757000287,0.4007223597224523,0.3117106749811469,0.08901168474130539,0.40137926608356866,0.3072983464573258,0.09408091962624288,0.3492332920991756,0.32753129179970214,0.021702000299473445,0.039972288247768974,0.2290622358234215,0.18908994757565253,0.1067858745457806,0.22820423952441166,0.12141836497863105,24.0,0.010569852941176471,17.0,0.007352941176470588,27.0,0.011948529411764705,122.0,0.05560661764705882,139.0,0.06341911764705882,0.007352941176470588,WACC_0p3_WRT_0p7,0.02977941176470588,47,False,,,False,False,False,False,False,65.0,0.2723404255319149
SPLL,RialtoBridgeTimelapse,404,0.63,370,0.8500000000000001,0.3886911990532347,0,37,438,75,10,0.999,0.5720795686208283,0.5880684290273458,0.5990305866423785,0.5756934830755325,0.14461346629237984,0.08815532227332308,-2.8192817631169373,2.486580303846317,-2.921841313157002,-2.3302840836398757,-3.215787996382892,1.7111958757000287,0.5880684290273458,0.4030114305698168,0.185056998457529,0.5990305866423785,0.39135689549929725,0.20767369114308126,0.5756934830755325,0.3846351936121968,0.1910582894633357,0.14461346629237984,0.21076034355662712,0.06614687726424728,0.08815532227332308,0.16947358002643717,0.08131825775311409,673.0,0.3088235294117647,398.0,0.18244485294117646,237.0,0.10845588235294118,54.0,0.024356617647058824,17.0,0.007352941176470588,0.007352941176470588,WACC_0p9_WRT_0p1,0.12628676470588235,48,False,,,False,False,False,False,False,37.0,0.15319148936170213
SPLL,RialtoBridgeTimelapse,245,0.62,161,0.8250000000000001,0.5847184643199843,0,42,443,139,1,0.305,0.2828076624195261,0.3419906319867991,0.34079914233558745,0.2826091918693017,0.012425076265346988,0.10612749043841574,-2.8192817631169373,2.486580303846317,-2.921841313157002,-2.3302840836398757,-3.215787996382892,1.7111958757000287,0.3419906319867991,0.34698673564823024,0.004996103661431162,0.34079914233558745,0.34308469096984057,0.0022855486342531206,0.2826091918693017,0.3316280431955551,0.04901885132625339,0.012425076265346988,0.18737204293517185,0.17494696666982484,0.10612749043841574,0.2056384043913232,0.09951091395290745,152.0,0.06939338235294118,116.0,0.05284926470588235,29.0,0.012867647058823529,18.0,0.0078125,86.0,0.0390625,0.0078125,WACC_0p7_WRT_0p3,0.036397058823529414,49,False,,,False,False,False,False,False,42.0,0.17446808510638298
SPLL,RialtoBridgeTimelapse,591,0.62,113,0.8250000000000001,0.6678503622801433,0,8,312,170,4,0.999,0.17269907586372416,0.24592764488812555,0.2415572881318399,0.17314539802963985,0.029332553659635968,0.10578215867224833,-2.8192817631169373,2.486580303846317,-2.921841313157002,-2.3302840836398757,-3.215787996382892,1.7111958757000287,0.24592764488812555,0.31649367723906535,0.0705660323509398,0.2415572881318399,0.3078344411464515,0.06627715301461157,0.17314539802963985,0.36302052300027704,0.1898751249706372,0.029332553659635968,0.2588314755360729,0.22949892187643692,0.10578215867224833,0.2718847198854954,0.16610256121324707,37.0,0.016544117647058824,18.0,0.0078125,145.0,0.0661764705882353,290.0,0.1328125,305.0,0.13970588235294118,0.0078125,WACC_0p3_WRT_0p7,0.07261029411764705,50,False,,,False,False,False,False,False,8.0,0.029787234042553193
SPLL,RialtoBridgeTimelapse,419,0.61,235,0.8,0.4957106192094297,0,104,1280,519,1,0.999,0.3834341983362078,0.43751440996115804,0.43455640246324045,0.37588113799050754,0.03907635546796545,0.12963907211716733,-2.8192817631169373,2.486580303846317,-2.921841313157002,-2.3302840836398757,-3.215787996382892,1.7111958757000287,0.43751440996115804,0.3703010607164328,0.06721334924472522,0.43455640246324045,0.3412691696077512,0.09328723285548923,0.37588113799050754,0.32048711478366393,0.05539402320684361,0.03907635546796545,0.2577999534147977,0.21872359794683227,0.12963907211716733,0.29219185983177093,0.1625527877146036,327.0,0.14981617647058823,108.0,0.04917279411764706,18.0,0.0078125,284.0,0.13005514705882354,361.0,0.16544117647058823,0.0078125,WACC_0p5_WRT_0p5,0.10045955882352942,51,False,,,False,False,False,False,False,104.0,0.43829787234042555
SPLL,RialtoBridgeTimelapse,1842,0.62,469,0.8250000000000001,0.3327340032122036,0,170,2467,72,10,0.623,0.6273755849966782,0.64387762690026,0.6518651323836684,0.6240460079207579,0.15279604943741684,0.1110253708041943,-2.8192817631169373,2.486580303846317,-2.921841313157002,-2.3302840836398757,-3.215787996382892,1.7111958757000287,0.64387762690026,0.46142236081227195,0.182455266087988,0.6518651323836684,0.4241824097049026,0.22768272267876577,0.6240460079207579,0.39935254128044945,0.22469346664030848,0.15279604943741684,0.2222166380241012,0.06942058858668435,0.1110253708041943,0.1704156550125221,0.05939028420832779,1762.0,0.8092830882352942,680.0,0.31204044117647056,302.0,0.13832720588235295,103.0,0.046875,18.0,0.0078125,0.0078125,WACC_0p9_WRT_0p1,0.26286764705882354,52,False,,,False,False,False,False,False,170.0,0.7191489361702128
SPLL,RialtoBridgeTimelapse,279,0.54,169,0.6250000000000002,0.5733150599175052,0,56,4290,3229,1,0.999,0.1719765169021659,0.3099102660164907,0.2664867489319608,0.11590165222566759,0.21452108287174773,0.29958627895266543,-2.8192817631169373,2.486580303846317,-2.921841313157002,-2.3302840836398757,-3.215787996382892,1.7111958757000287,0.3099102660164907,0.3088153690994407,0.0010948969170500034,0.2664867489319608,0.36647783274640483,0.09999108381444405,0.11590165222566759,0.4837883136562825,0.3678866614306149,0.21452108287174773,0.4208028058053945,0.20628172293364674,0.29958627895266543,0.47333701472134,0.17375073576867456,18.0,0.0078125,217.0,0.09926470588235294,736.0,0.33777573529411764,1337.0,0.6139705882352942,1221.0,0.5606617647058824,0.0078125,WACC_0p1_WRT_0p9,0.3238970588235294,53,False,,,False,False,False,False,False,56.0,0.23404255319148937
SPLL,RialtoBridgeTimelapse,618,0.62,123,0.8250000000000001,0.6479584124934801,0,12,277,172,4,0.999,0.19878978677508072,0.2686517229624084,0.2650578501146453,0.1991169742764358,0.023865624684637664,0.10574860603568363,-2.8192817631169373,2.486580303846317,-2.921841313157002,-2.3302840836398757,-3.215787996382892,1.7111958757000287,0.2686517229624084,0.3155016240432478,0.04684990108083936,0.2650578501146453,0.30839219147012265,0.04333434135547737,0.1991169742764358,0.36960468441077593,0.17048771013434014,0.023865624684637664,0.2667614069497014,0.24289578226506375,0.10574860603568363,0.2803972790000149,0.17464867296433123,35.0,0.015625,19.0,0.008272058823529412,174.0,0.07950367647058823,327.0,0.14981617647058823,333.0,0.15257352941176472,0.008272058823529412,WACC_0p3_WRT_0p7,0.0811580882352941,54,False,,,False,False,False,False,False,12.0,0.04680851063829787
SPLL,RialtoBridgeTimelapse,415,0.61,179,0.8,0.5597928174542224,0,57,3540,464,1,0.999,0.29763838524529546,0.3625349368568934,0.35717723627716713,0.29069962421189405,0.025461404333359954,0.1289863885942652,-2.8192817631169373,2.486580303846317,-2.921841313157002,-2.3302840836398757,-3.215787996382892,1.7111958757000287,0.3625349368568934,0.3795526898649382,0.017017753008044756,0.35717723627716713,0.3493250820934525,0.007852154183714655,0.29069962421189405,0.3228446725534441,0.032145048341550075,0.025461404333359954,0.2566465326615167,0.23118512832815677,0.1289863885942652,0.29289123996809274,0.16390485137382754,408.0,0.1870404411764706,137.0,0.0625,19.0,0.008272058823529412,275.0,0.12591911764705882,363.0,0.16636029411764705,0.008272058823529412,WACC_0p5_WRT_0p5,0.11001838235294117,55,False,,,False,False,False,False,False,57.0,0.23829787234042554
SPLL,RialtoBridgeTimelapse,33,0.61,748,0.8,0.2224886411839558,0,196,4544,122,6,0.788,0.7580441741604539,0.765816818940605,0.772780948625392,0.7470042469148862,0.19150161807568378,0.13524776569789584,-2.8192817631169373,2.486580303846317,-2.921841313157002,-2.3302840836398757,-3.215787996382892,1.7111958757000287,0.765816818940605,0.48361695497417156,0.2821998639664335,0.772780948625392,0.4632998238188162,0.30948112480657586,0.7470042469148862,0.4428342900323852,0.304169956882501,0.19150161807568378,0.2134609384355811,0.02195932035989731,0.13524776569789584,0.17257799513794508,0.03733022944004924,2018.0,0.9269301470588235,1208.0,0.5546875,518.0,0.23759191176470587,62.0,0.02803308823529412,19.0,0.008272058823529412,0.008272058823529412,WACC_0p9_WRT_0p1,0.35110294117647056,56,False,,,False,False,False,False,False,196.0,0.8297872340425532
SPLL,RialtoBridgeTimelapse,825,0.38,27,0.2250000000000001,1.0,1,1,2270,4122,1,0.968,0.9630968239739828,0.07317392816673908,0.35633328838073475,1.0,1.0,0.9732879188619634,-2.8192817631169373,2.486580303846317,-2.921841313157002,-2.3302840836398757,-3.215787996382892,1.7111958757000287,0.07317392816673908,0.3093386408117579,0.23616471264501881,0.35633328838073475,0.406291752041618,0.049958463660883246,1.0,0.5614788238031792,0.43852117619682085,1.0,0.53533847599091,0.46466152400909,0.9732879188619634,0.5849928086713492,0.38829511019061425,19.0,0.008272058823529412,512.0,0.2348345588235294,1248.0,0.5730698529411765,2145.0,0.9852941176470589,2065.0,0.9485294117647058,0.008272058823529412,WACC_0p1_WRT_0p9,0.55,57,False,,,False,False,False,False,False,1.0,0.0
SPLL,RialtoBridgeTimelapse,496,0.49,261,0.5000000000000001,0.4709855444942608,0,125,1287,3340,1,0.958,0.2285497349683649,0.39982223257718685,0.33353280460772566,0.1366645703175084,0.3190490399668202,0.4214091333807789,-2.8192817631169373,2.486580303846317,-2.921841313157002,-2.3302840836398757,-3.215787996382892,1.7111958757000287,0.39982223257718685,0.30956470112744927,0.09025753144973758,0.33353280460772566,0.38890801005844056,0.05537520545071489,0.1366645703175084,0.5180843953508206,0.38141982503331223,0.3190490399668202,0.4669030858472422,0.147854045880422,0.4214091333807789,0.5163912359722552,0.09498210259147633,20.0,0.008731617647058824,379.0,0.17371323529411764,918.0,0.42141544117647056,1798.0,0.8258272058823529,1575.0,0.7233455882352942,0.008731617647058824,WACC_0p1_WRT_0p9,0.4306066176470589,58,False,,,False,False,False,False,False,125.0,0.5276595744680851
SPLL,RialtoBridgeTimelapse,1337,0.61,1071,0.8,0.1376665410930716,0,201,4350,145,10,0.837,0.8760527505879468,0.8693697075016927,0.8793797458859267,0.863798930623448,0.23926104416102056,0.13741050693684106,-2.8192817631169373,2.486580303846317,-2.921841313157002,-2.3302840836398757,-3.215787996382892,1.7111958757000287,0.8693697075016927,0.5250612206168193,0.3443084868848735,0.8793797458859267,0.4981298018183923,0.38124994406753443,0.863798930623448,0.4722481102509433,0.3915508203725047,0.23926104416102056,0.1917322527238585,0.04752879143716207,0.13741050693684106,0.18472273179133536,0.047312224854494295,2152.0,0.9885110294117647,1966.0,0.9030330882352942,678.0,0.31112132352941174,20.0,0.008731617647058824,36.0,0.01608455882352941,0.008731617647058824,WACC_0p7_WRT_0p3,0.44549632352941176,59,False,,,False,False,False,False,False,201.0,0.851063829787234
SPLL,RialtoBridgeTimelapse,489,0.61,546,0.8,0.2968417896897769,0,186,1746,356,1,0.999,0.6551114754661795,0.6755261906097508,0.6798135193830744,0.6451013790850095,0.14977902550933214,0.13346069661803203,-2.8192817631169373,2.486580303846317,-2.921841313157002,-2.3302840836398757,-3.215787996382892,1.7111958757000287,0.6755261906097508,0.37785149463005857,0.29767469597969226,0.6798135193830744,0.35426698234678183,0.3255465370362926,0.6451013790850095,0.3238835850652277,0.32121779401978184,0.14977902550933214,0.2322942616682939,0.08251523615896175,0.13346069661803203,0.2542319423291806,0.12077124571114858,396.0,0.18152573529411764,155.0,0.07077205882352941,21.0,0.009191176470588236,136.0,0.06204044117647059,241.0,0.11029411764705882,0.009191176470588236,WACC_0p5_WRT_0p5,0.08676470588235295,60,False,,,False,False,False,False,False,186.0,0.7872340425531915
SPLL,RialtoBridgeTimelapse,251,0.61,129,0.8,0.6367795689407558,0,17,2369,190,10,0.999,0.19636583542934696,0.27428591461963064,0.2659409769016434,0.18992820961486787,0.04655488260497769,0.12898391064070974,-2.8192817631169373,2.486580303846317,-2.921841313157002,-2.3302840836398757,-3.215787996382892,1.7111958757000287,0.27428591461963064,0.40328874383340185,0.1290028292137712,0.2659409769016434,0.36575301816061373,0.09981204125897031,0.18992820961486787,0.346186765668261,0.15625855605339314,0.04655488260497769,0.19234126703954385,0.14578638443456615,0.12898391064070974,0.2074536856812935,0.07846977504058375,674.0,0.3092830882352941,210.0,0.09604779411764706,76.0,0.034466911764705885,21.0,0.009191176470588236,95.0,0.043198529411764705,0.009191176470588236,WACC_0p7_WRT_0p3,0.09843750000000001,61,False,,,False,False,False,False,False,17.0,0.06808510638297872
SPLL,RialtoBridgeTimelapse,2170,0.53,40,0.6000000000000002,0.909778032304108,1,1,79,338,1,0.844,0.3323667586828495,0.0,0.06924637765020862,0.3536708845931839,0.4063918967803047,0.4134483456090352,-2.8192817631169373,2.486580303846317,-2.921841313157002,-2.3302840836398757,-3.215787996382892,1.7111958757000287,0.0,0.31405236411593923,0.31405236411593923,0.06924637765020862,0.30989957258908835,0.2406531949388797,0.3536708845931839,0.36432744712105586,0.010656562527871949,0.4063918967803047,0.3851609829700615,0.021230913810243168,0.4134483456090352,0.3937866501594774,0.019661695449557814,31.0,0.013786764705882353,21.0,0.009191176470588236,154.0,0.0703125,962.0,0.4416360294117647,699.0,0.32077205882352944,0.009191176470588236,WACC_0p3_WRT_0p7,0.17113970588235294,62,False,,,False,False,False,False,False,1.0,0.0
SPLL,RialtoBridgeTimelapse,58,0.49,148,0.5000000000000001,0.6045079564015148,0,37,5000,5000,2,0.999,0.2503968118647543,0.26815631480029,0.19384472594157395,0.1892140510740956,0.36786090447203357,0.4381684743810758,-2.8192817631169373,2.486580303846317,-2.921841313157002,-2.3302840836398757,-3.215787996382892,1.7111958757000287,0.26815631480029,0.3107683393952051,0.04261202459491509,0.19384472594157395,0.41707727236617265,0.2232325464245987,0.1892140510740956,0.5574592859341647,0.3682452348600691,0.36786090447203357,0.5118167627832009,0.1439558583111673,0.4381684743810758,0.5587714856626276,0.12060301128155176,21.0,0.009191176470588236,607.0,0.27849264705882354,1194.0,0.5482536764705882,2087.0,0.9586397058823529,1910.0,0.8772977941176471,0.009191176470588236,WACC_0p1_WRT_0p9,0.534375,63,False,,,False,False,False,False,False,37.0,0.15319148936170213
SPLL,RialtoBridgeTimelapse,114,0.62,195,0.8250000000000001,0.5396466227882225,0,62,2591,200,10,0.999,0.34348870060513004,0.39506273845317413,0.3955436154284319,0.3428197357118221,0.037325676595649816,0.10671260637788724,-2.8192817631169373,2.486580303846317,-2.921841313157002,-2.3302840836398757,-3.215787996382892,1.7111958757000287,0.39506273845317413,0.39648113893067705,0.0014184004775029124,0.3955436154284319,0.36434159354583184,0.031202021882600073,0.3428197357118221,0.33269034670162034,0.010129389010201773,0.037325676595649816,0.19252185636807942,0.1551961797724296,0.10671260637788724,0.19437891009270244,0.08766630371481521,588.0,0.2697610294117647,204.0,0.09329044117647059,34.0,0.015165441176470588,22.0,0.009650735294117647,56.0,0.025275735294117647,0.009650735294117647,WACC_0p7_WRT_0p3,0.08262867647058822,64,False,,,False,False,False,False,False,62.0,0.25957446808510637
SPLL,RialtoBridgeTimelapse,1264,0.52,127,0.5750000000000002,0.6404474693503497,0,21,1504,2967,1,0.99,0.17839020056880242,0.23799526632683862,0.17920890800217307,0.12688656245091318,0.29459235744496826,0.3603712041089725,-2.8192817631169373,2.486580303846317,-2.921841313157002,-2.3302840836398757,-3.215787996382892,1.7111958757000287,0.23799526632683862,0.311037047804958,0.07304178147811938,0.17920890800217307,0.37638759898856194,0.19717869098638888,0.12688656245091318,0.5011212739711591,0.37423471152024596,0.29459235744496826,0.4494827932189019,0.15489043577393363,0.3603712041089725,0.49802965226126,0.1376584481522875,22.0,0.009650735294117647,301.0,0.13786764705882354,825.0,0.3786764705882353,1624.0,0.7458639705882353,1416.0,0.6502757352941176,0.009650735294117647,WACC_0p1_WRT_0p9,0.3844669117647059,65,False,,,False,False,False,False,False,21.0,0.0851063829787234
SPLL,RialtoBridgeTimelapse,142,0.6,853,0.775,0.1914518653638522,0,204,3129,48,1,0.001,0.7789692363444446,0.7914848857968246,0.7945754458244736,0.7613223258947793,0.185735916201143,0.1575463492905839,-2.8192817631169373,2.486580303846317,-2.921841313157002,-2.3302840836398757,-3.215787996382892,1.7111958757000287,0.7914848857968246,0.5823091680061149,0.20917571779070976,0.7945754458244736,0.5796652890409935,0.21491015678348013,0.7613223258947793,0.5084456125623961,0.25287671333238326,0.185735916201143,0.2635703040053939,0.07783438780425089,0.1575463492905839,0.17469833739717802,0.01715198810659413,2176.0,0.9995404411764706,2177.0,1.0,871.0,0.39981617647058826,310.0,0.14200367647058823,22.0,0.009650735294117647,0.009650735294117647,WACC_0p9_WRT_0p1,0.510202205882353,66,False,,,False,False,False,False,False,204.0,0.8638297872340426
SPLL,RialtoBridgeTimelapse,558,0.63,176,0.8500000000000001,0.5637689587379813,0,20,295,103,1,0.999,0.33063203987962586,0.37634765327317043,0.3809871120731481,0.3365982234156602,0.046604306494424666,0.08418076022254464,-2.8192817631169373,2.486580303846317,-2.921841313157002,-2.3302840836398757,-3.215787996382892,1.7111958757000287,0.37634765327317043,0.3178817893658075,0.058465863907362914,0.3809871120731481,0.310916605392448,0.07007050668070014,0.3365982234156602,0.3429491394708303,0.006350916055170075,0.046604306494424666,0.24270477079886096,0.19610046430443628,0.08418076022254464,0.23725677272636223,0.15307601250381758,39.0,0.017463235294117647,23.0,0.01011029411764706,67.0,0.030330882352941176,187.0,0.08547794117647059,170.0,0.07766544117647059,0.01011029411764706,WACC_0p3_WRT_0p7,0.04420955882352941,67,False,,,False,False,False,False,False,20.0,0.08085106382978724
SPLL,RialtoBridgeTimelapse,84,0.62,385,0.8250000000000001,0.3793144827760286,0,156,5000,345,1,0.999,0.5629090803761826,0.5873300377620696,0.5936403341025807,0.5602234193849832,0.12666291813411354,0.10990978362593203,-2.8192817631169373,2.486580303846317,-2.921841313157002,-2.3302840836398757,-3.215787996382892,1.7111958757000287,0.5873300377620696,0.43250394623734006,0.15482609152472954,0.5936403341025807,0.4034770650342112,0.19016326906836944,0.5602234193849832,0.33185644126337405,0.22836697812160917,0.12666291813411354,0.19341510237299622,0.06675218423888268,0.10990978362593203,0.24209124521082837,0.13218146158489635,1205.0,0.5533088235294118,487.0,0.22334558823529413,31.0,0.013786764705882353,23.0,0.01011029411764706,191.0,0.08731617647058823,0.01011029411764706,WACC_0p7_WRT_0p3,0.1775735294117647,68,False,,,False,False,False,False,False,156.0,0.6595744680851063
SPLL,RialtoBridgeTimelapse,450,0.61,741,0.8,0.2247100174809491,0,194,4071,120,1,0.001,0.7549613761538042,0.7631121324740145,0.7699964034240742,0.7439527416478351,0.19025304255579678,0.1351927018492588,-2.8192817631169373,2.486580303846317,-2.921841313157002,-2.3302840836398757,-3.215787996382892,1.7111958757000287,0.7631121324740145,0.5680351693808111,0.19507696309320344,0.7699964034240742,0.5462337675027484,0.22376263592132573,0.7439527416478351,0.49244022141282207,0.251512520235013,0.19025304255579678,0.22316243657047807,0.03290939401468129,0.1351927018492588,0.17511592637533535,0.03992322452607655,2171.0,0.9972426470588235,2174.0,0.9986213235294118,785.0,0.3602941176470588,106.0,0.04825367647058824,23.0,0.01011029411764706,0.01011029411764706,WACC_0p9_WRT_0p1,0.4829044117647059,69,False,,,False,False,False,False,False,194.0,0.8212765957446808
SPLL,RialtoBridgeTimelapse,494,0.63,164,0.8500000000000001,0.580377519822145,0,18,319,107,1,0.999,0.3080206854935228,0.3565446748970563,0.3605772234874762,0.3141857315125656,0.03737811827101882,0.08388200663331313,-2.8192817631169373,2.486580303846317,-2.921841313157002,-2.3302840836398757,-3.215787996382892,1.7111958757000287,0.3565446748970563,0.3186636807134907,0.03788099418356561,0.3605772234874762,0.31308553657327626,0.047491686914199915,0.3141857315125656,0.3390225851325143,0.024836853619948696,0.03737811827101882,0.23023581500559856,0.19285769673457975,0.08388200663331313,0.2276822199511774,0.14380021331786427,40.0,0.017922794117647058,24.0,0.010569852941176471,54.0,0.024356617647058824,127.0,0.057904411764705885,135.0,0.06158088235294118,0.010569852941176471,WACC_0p3_WRT_0p7,0.034466911764705885,70,False,,,False,False,False,False,False,18.0,0.07234042553191489
SPLL,RialtoBridgeTimelapse,562,0.62,176,0.8250000000000001,0.5637689587379813,0,52,301,150,1,0.56,0.3109407701254937,0.3665877595706663,0.36617663500072495,0.3105314345196209,0.02398574320286904,0.10637384806754643,-2.8192817631169373,2.486580303846317,-2.921841313157002,-2.3302840836398757,-3.215787996382892,1.7111958757000287,0.3665877595706663,0.33410374310023355,0.03248401647043275,0.36617663500072495,0.31916733027829514,0.04700930472242981,0.3105314345196209,0.3253436886578142,0.014812254138193315,0.02398574320286904,0.2313958664328852,0.20741012323001617,0.10637384806754643,0.25301906093896764,0.1466452128714212,101.0,0.04595588235294118,36.0,0.01608455882352941,24.0,0.010569852941176471,133.0,0.06066176470588235,235.0,0.10753676470588236,0.010569852941176471,WACC_0p5_WRT_0p5,0.048161764705882355,71,False,,,False,False,False,False,False,52.0,0.2170212765957447
SPLL,RialtoBridgeTimelapse,360,0.63,191,0.8500000000000001,0.5445246273066155,0,24,2410,117,1,0.999,0.3569125888591783,0.3993717179831586,0.4047119726089713,0.36264097985060484,0.057312816543141305,0.0845508287934912,-2.8192817631169373,2.486580303846317,-2.921841313157002,-2.3302840836398757,-3.215787996382892,1.7111958757000287,0.3993717179831586,0.40704481852012003,0.007673100536961408,0.4047119726089713,0.3579673312607555,0.04674464134821582,0.36264097985060484,0.3575792778673355,0.005061701983269329,0.057312816543141305,0.2116553109144416,0.1543424943713003,0.0845508287934912,0.1753315896653132,0.090780760871822,740.0,0.3396139705882353,170.0,0.07766544117647059,127.0,0.057904411764705885,58.0,0.02619485294117647,24.0,0.010569852941176471,0.010569852941176471,WACC_0p9_WRT_0p1,0.10238970588235294,72,False,,,False,False,False,False,False,24.0,0.09787234042553192
SPLL,RialtoBridgeTimelapse,560,0.61,480,0.8,0.3272609447970021,0,179,4107,211,8,0.999,0.6131696382678171,0.6387477964066816,0.6419370449027701,0.6035684953110768,0.13275461880060022,0.13276910686596538,-2.8192817631169373,2.486580303846317,-2.921841313157002,-2.3302840836398757,-3.215787996382892,1.7111958757000287,0.6387477964066816,0.49842157746045873,0.14032621894622282,0.6419370449027701,0.46177436892559126,0.1801626759771789,0.6035684953110768,0.41680986579189744,0.18675862951917938,0.13275461880060022,0.1938550792391559,0.06110046043855569,0.13276910686596538,0.19057735964088057,0.05780825277491519,2098.0,0.9636948529411765,1186.0,0.5445772058823529,384.0,0.17601102941176472,24.0,0.010569852941176471,45.0,0.02022058823529412,0.010569852941176471,WACC_0p7_WRT_0p3,0.34301470588235294,73,False,,,False,False,False,False,False,179.0,0.7574468085106383
SPLL,RialtoBridgeTimelapse,569,0.63,228,0.8500000000000001,0.5028338405982749,0,30,233,93,1,0.999,0.41410692597813464,0.44950178272270563,0.4563533983537348,0.4192978529219428,0.0805732956774152,0.0854246321662155,-2.8192817631169373,2.486580303846317,-2.921841313157002,-2.3302840836398757,-3.215787996382892,1.7111958757000287,0.44950178272270563,0.31914956613584866,0.13035221658685697,0.4563533983537348,0.31318197673055875,0.14317142162317603,0.4192978529219428,0.3463408839479397,0.07295696897400311,0.0805732956774152,0.27235503656683324,0.19178174088941805,0.0854246321662155,0.2517524753301472,0.16632784316393173,41.0,0.01838235294117647,25.0,0.011029411764705883,78.0,0.035386029411764705,357.0,0.1636029411764706,230.0,0.1052389705882353,0.011029411764705883,WACC_0p3_WRT_0p7,0.06672794117647059,74,False,,,False,False,False,False,False,30.0,0.12340425531914893
SPLL,RialtoBridgeTimelapse,461,0.62,405,0.8250000000000001,0.3673637179355586,0,159,2867,150,1,0.999,0.5794247722569326,0.601815303925535,0.6085562977339276,0.5765756129125892,0.13336123866131433,0.11019055744112488,-2.8192817631169373,2.486580303846317,-2.921841313157002,-2.3302840836398757,-3.215787996382892,1.7111958757000287,0.601815303925535,0.3953163467465097,0.20649895717902528,0.6085562977339276,0.35030276690458184,0.25825353082934577,0.5765756129125892,0.33600131070263317,0.24057430220995601,0.13336123866131433,0.19532560699359253,0.0619643683322782,0.11019055744112488,0.17939871392441367,0.06920815648328879,572.0,0.2624080882352941,143.0,0.06525735294117647,45.0,0.02022058823529412,25.0,0.011029411764705883,27.0,0.011948529411764705,0.011029411764705883,WACC_0p7_WRT_0p3,0.07417279411764706,75,False,,,False,False,False,False,False,159.0,0.6723404255319149
SPLL,RialtoBridgeTimelapse,38,0.61,836,0.8,0.196208704789992,0,200,4552,110,10,0.683,0.7945467780573706,0.7978443301047564,0.8057528216594652,0.7831345483993418,0.20628172477379536,0.13590584227415412,-2.8192817631169373,2.486580303846317,-2.921841313157002,-2.3302840836398757,-3.215787996382892,1.7111958757000287,0.7978443301047564,0.5219384781335727,0.27590585197118367,0.8057528216594652,0.48690204738224035,0.3188507742772248,0.7831345483993418,0.4582406850801351,0.3248938633192067,0.20628172477379536,0.20035738112668905,0.0059243436471063116,0.13590584227415412,0.17652699715885153,0.04062115488469742,2146.0,0.9857536764705882,1735.0,0.796875,604.0,0.2771139705882353,32.0,0.014246323529411764,25.0,0.011029411764705883,0.011029411764705883,WACC_0p9_WRT_0p1,0.4170036764705882,76,False,,,False,False,False,False,False,200.0,0.8468085106382979
SPLL,RialtoBridgeTimelapse,600,0.62,181,0.8250000000000001,0.5571787042544939,0,54,290,159,3,0.999,0.3198172735945369,0.37435172410745,0.3741849300260292,0.3193386709732252,0.02762725098015083,0.10646095670032019,-2.8192817631169373,2.486580303846317,-2.921841313157002,-2.3302840836398757,-3.215787996382892,1.7111958757000287,0.37435172410745,0.32562144581521174,0.04873027829223825,0.3741849300260292,0.3137931835765475,0.0603917464494817,0.3193386709732252,0.36772306302128255,0.048384392048057334,0.02762725098015083,0.26153160130577113,0.2339043503256203,0.10646095670032019,0.2761083978949957,0.1696474411946755,64.0,0.028952205882352942,26.0,0.011488970588235295,166.0,0.07582720588235294,301.0,0.13786764705882354,321.0,0.14705882352941177,0.011488970588235295,WACC_0p3_WRT_0p7,0.0802389705882353,77,False,,,False,False,False,False,False,54.0,0.225531914893617
SPLL,RialtoBridgeTimelapse,903,0.62,151,0.8250000000000001,0.5997920227515918,0,34,1175,575,1,0.999,0.26265032174273356,0.3243773147623226,0.3226203528638214,0.26259375216240916,0.010786267724997295,0.10598246293667005,-2.8192817631169373,2.486580303846317,-2.921841313157002,-2.3302840836398757,-3.215787996382892,1.7111958757000287,0.3243773147623226,0.3654229373366711,0.04104562257434846,0.3226203528638214,0.33916026428333496,0.016539911419513553,0.26259375216240916,0.3269485651442118,0.06435481298180262,0.010786267724997295,0.28081757040843397,0.27003130268343667,0.10598246293667005,0.3107049538710169,0.20472249093434683,294.0,0.13465073529411764,93.0,0.042279411764705885,26.0,0.011488970588235295,401.0,0.18382352941176472,425.0,0.1948529411764706,0.011488970588235295,WACC_0p5_WRT_0p5,0.11341911764705884,78,False,,,False,False,False,False,False,34.0,0.14042553191489363
SPLL,RialtoBridgeTimelapse,109,0.62,483,0.8250000000000001,0.3257900084264407,0,174,3908,206,9,0.999,0.6370063228761549,0.6523267387321678,0.6605639642150005,0.6335793330770383,0.1566974023298313,0.11119620335018228,-2.8192817631169373,2.486580303846317,-2.921841313157002,-2.3302840836398757,-3.215787996382892,1.7111958757000287,0.6523267387321678,0.4932064051381324,0.15912033359403543,0.6605639642150005,0.4509755525822461,0.20958841163275443,0.6335793330770383,0.41531172927775306,0.21826760379928523,0.1566974023298313,0.19705965822786806,0.04036225589803677,0.11119620335018228,0.18216447693060892,0.07096827358042664,2080.0,0.9554227941176471,1013.0,0.4650735294117647,374.0,0.1714154411764706,26.0,0.011488970588235295,31.0,0.013786764705882353,0.011488970588235295,WACC_0p7_WRT_0p3,0.32343749999999993,79,False,,,False,False,False,False,False,174.0,0.7361702127659574
SPLL,RialtoBridgeTimelapse,744,0.6,966,0.775,0.1620533486717414,0,206,4969,94,6,0.776,0.8196447379226101,0.8271631319286774,0.8313124024664185,0.8015922198987804,0.20222626447907854,0.15824792132478935,-2.8192817631169373,2.486580303846317,-2.921841313157002,-2.3302840836398757,-3.215787996382892,1.7111958757000287,0.8271631319286774,0.5159698454170072,0.3111932865116702,0.8313124024664185,0.4829419373944572,0.3483704650719613,0.8015922198987804,0.4630363323278676,0.33855588757091276,0.20222626447907854,0.2223187449783539,0.020092480499275367,0.15824792132478935,0.17850349187947018,0.02025557055468083,2140.0,0.9829963235294118,1635.0,0.7509191176470589,628.0,0.2881433823529412,104.0,0.04733455882352941,26.0,0.011488970588235295,0.011488970588235295,WACC_0p9_WRT_0p1,0.4161764705882353,80,False,,,False,False,False,False,False,206.0,0.8723404255319149
SPLL,RialtoBridgeTimelapse,524,0.43,158,0.3500000000000001,0.5891405526489926,0,48,2724,4998,3,0.999,0.42965763058194906,0.27721018992494456,0.16727235253717718,0.3647903831488846,0.5404672199178502,0.6071162767845698,-2.8192817631169373,2.486580303846317,-2.921841313157002,-2.3302840836398757,-3.215787996382892,1.7111958757000287,0.27721018992494456,0.3127741819744416,0.03556399204949706,0.16727235253717718,0.42604000083388616,0.25876764829670895,0.3647903831488846,0.5935530111937579,0.2287626280448733,0.5404672199178502,0.5405917915182585,0.0001245716004083519,0.6071162767845698,0.6008730557117101,0.006243221072859684,26.0,0.011488970588235295,701.0,0.32169117647058826,1763.0,0.8097426470588235,2151.0,0.9880514705882353,2121.0,0.9742647058823529,0.011488970588235295,WACC_0p1_WRT_0p9,0.621047794117647,81,False,,,False,False,False,False,False,48.0,0.2
SPLL,RialtoBridgeTimelapse,574,0.63,249,0.8500000000000001,0.4820770212075161,0,31,316,102,1,0.999,0.44269838103943204,0.47457121670787294,0.48217267769300626,0.44761239800486063,0.0921828798477927,0.08588967006778774,-2.8192817631169373,2.486580303846317,-2.921841313157002,-2.3302840836398757,-3.215787996382892,1.7111958757000287,0.47457121670787294,0.32000592023997154,0.1545652964679014,0.48217267769300626,0.3147140280475477,0.16745864964545853,0.44761239800486063,0.3415863890250233,0.10602600897983733,0.0921828798477927,0.23675294638913888,0.1445700665413462,0.08588967006778774,0.22668898332419962,0.14079931325641187,44.0,0.019761029411764705,27.0,0.011948529411764705,64.0,0.028952205882352942,158.0,0.07215073529411764,134.0,0.06112132352941176,0.011948529411764705,WACC_0p3_WRT_0p7,0.038786764705882354,82,False,,,False,False,False,False,False,31.0,0.1276595744680851
SPLL,RialtoBridgeTimelapse,406,0.62,222,0.8250000000000001,0.5091149574402929,0,81,2541,134,1,0.999,0.3848938984272636,0.43130916615248605,0.4329111605009152,0.38387492070261403,0.05425186583059569,0.10721120059298092,-2.8192817631169373,2.486580303846317,-2.921841313157002,-2.3302840836398757,-3.215787996382892,1.7111958757000287,0.43130916615248605,0.4000212764582694,0.03128788969421664,0.4329111605009152,0.35537777741396936,0.07753338308694585,0.38387492070261403,0.3549038492174908,0.028971071485123234,0.05425186583059569,0.19762926635664013,0.14337740052604445,0.10721120059298092,0.18676493952803364,0.07955373893505271,636.0,0.29181985294117646,161.0,0.07352941176470588,119.0,0.05422794117647059,27.0,0.011948529411764705,42.0,0.01884191176470588,0.011948529411764705,WACC_0p7_WRT_0p3,0.0900735294117647,83,False,,,False,False,False,False,False,81.0,0.3404255319148936
SPLL,RialtoBridgeTimelapse,297,0.55,160,0.6500000000000002,0.5861833286749027,0,46,1736,2249,1,0.999,0.16999930009355413,0.29991400154792924,0.26143001861659354,0.12117196634997218,0.19123960088910305,0.2747704641250885,-2.8192817631169373,2.486580303846317,-2.921841313157002,-2.3302840836398757,-3.215787996382892,1.7111958757000287,0.29991400154792924,0.31333561256087733,0.013421611012948087,0.26143001861659354,0.36030466540087724,0.0988746467842837,0.12117196634997218,0.476070244327297,0.3548982779773248,0.19123960088910305,0.4268733313183299,0.23563373042922683,0.2747704641250885,0.4854047940864455,0.210634329961357,27.0,0.011948529411764705,179.0,0.0818014705882353,700.0,0.3212316176470588,1392.0,0.6392463235294118,1325.0,0.6084558823529411,0.011948529411764705,WACC_0p1_WRT_0p9,0.33253676470588234,84,False,,,False,False,False,False,False,46.0,0.19148936170212766
SPLL,RialtoBridgeTimelapse,463,0.61,171,0.8,0.5705480712116793,0,51,2732,339,1,0.999,0.2833588741439452,0.35007141124724606,0.3443047965291517,0.2765085697170768,0.028377344761633602,0.12892502231462813,-2.8192817631169373,2.486580303846317,-2.921841313157002,-2.3302840836398757,-3.215787996382892,1.7111958757000287,0.35007141124724606,0.36470590129391056,0.014634490046664506,0.3443047965291517,0.32684124884265076,0.017463547686500935,0.2765085697170768,0.3289495060415667,0.05244093632448987,0.028377344761633602,0.23620317331820445,0.20782582855657084,0.12892502231462813,0.26952312722341804,0.1405981049087899,286.0,0.13097426470588236,53.0,0.02389705882352941,28.0,0.012408088235294117,152.0,0.06939338235294118,296.0,0.13556985294117646,0.012408088235294117,WACC_0p5_WRT_0p5,0.0744485294117647,85,False,,,False,False,False,False,False,51.0,0.2127659574468085
SPLL,RialtoBridgeTimelapse,340,0.62,132,0.8250000000000001,0.631382190256671,0,18,398,195,6,0.999,0.22066460754915065,0.28772512854506715,0.2847694535105341,0.220873349274143,0.01934283692401202,0.1057841163940133,-2.8192817631169373,2.486580303846317,-2.921841313157002,-2.3302840836398757,-3.215787996382892,1.7111958757000287,0.28772512854506715,0.3491065089397816,0.06138138039471447,0.2847694535105341,0.3149368187544735,0.03016736524393937,0.220873349274143,0.38050896208257307,0.15963561280843006,0.01934283692401202,0.26286087774486566,0.24351804082085365,0.1057841163940133,0.26576561361816947,0.15998149722415617,162.0,0.0739889705882353,28.0,0.012408088235294117,213.0,0.0974264705882353,307.0,0.140625,283.0,0.12959558823529413,0.012408088235294117,WACC_0p3_WRT_0p7,0.09080882352941178,86,False,,,False,False,False,False,False,18.0,0.07234042553191489
SPLL,RialtoBridgeTimelapse,1659,0.62,265,0.8250000000000001,0.4674010086843854,0,109,622,120,10,0.687,0.44178900050781744,0.4811476360874052,0.48427079576951787,0.4402610201326907,0.07744776942339911,0.10799248913228478,-2.8192817631169373,2.486580303846317,-2.921841313157002,-2.3302840836398757,-3.215787996382892,1.7111958757000287,0.4811476360874052,0.39150498059252165,0.08964265549488354,0.48427079576951787,0.3709336603086906,0.11333713546082724,0.4402610201326907,0.3774438325630185,0.0628171875696722,0.07744776942339911,0.1983175295684923,0.1208697601450932,0.10799248913228478,0.20562681203422903,0.09763432290194425,522.0,0.23943014705882354,255.0,0.11672794117647059,203.0,0.09283088235294118,28.0,0.012408088235294117,85.0,0.03860294117647059,0.012408088235294117,WACC_0p7_WRT_0p3,0.1,87,False,,,False,False,False,False,False,109.0,0.4595744680851064
SPLL,RialtoBridgeTimelapse,397,0.62,325,0.8250000000000001,0.4192814329997297,0,142,2529,114,1,0.999,0.5078103658564692,0.5390151110675397,0.543882499997232,0.5056614133744538,0.10429688516487191,0.10900306702343045,-2.8192817631169373,2.486580303846317,-2.921841313157002,-2.3302840836398757,-3.215787996382892,1.7111958757000287,0.5390151110675397,0.41260722351488993,0.1264078875526498,0.543882499997232,0.3659970350160039,0.17788546498122815,0.5056614133744538,0.361861178593313,0.1438002347811408,0.10429688516487191,0.20037282610166435,0.09607594093679243,0.10900306702343045,0.17997306781902617,0.07097000079559572,834.0,0.3828125,211.0,0.09650735294117647,141.0,0.06433823529411764,33.0,0.014705882352941176,28.0,0.012408088235294117,0.012408088235294117,WACC_0p9_WRT_0p1,0.1141544117647059,88,False,,,False,False,False,False,False,142.0,0.6
SPLL,RialtoBridgeTimelapse,280,0.57,151,0.7,0.5997920227515918,0,36,1676,1968,1,0.999,0.1815002930776996,0.29332865114542556,0.2652162931444599,0.14714464306291444,0.14128368401963096,0.22495714669166933,-2.8192817631169373,2.486580303846317,-2.921841313157002,-2.3302840836398757,-3.215787996382892,1.7111958757000287,0.29332865114542556,0.31336354383256115,0.020034892687135597,0.2652162931444599,0.3487265153549367,0.08351022221047683,0.14714464306291444,0.4568061799045126,0.30966153684159814,0.14128368401963096,0.4130114027340211,0.27172771871439017,0.22495714669166933,0.4649449316160473,0.23998778492437794,28.0,0.012408088235294117,135.0,0.06158088235294118,593.0,0.27205882352941174,1232.0,0.5657169117647058,1161.0,0.5330882352941176,0.012408088235294117,WACC_0p1_WRT_0p9,0.2889705882352941,89,False,,,False,False,False,False,False,36.0,0.14893617021276595
SPLL,RialtoBridgeTimelapse,584,0.63,154,0.8500000000000001,0.5951682631125356,0,13,319,141,3,0.999,0.2879436835255154,0.3389671713682878,0.34245727356593586,0.2942801465232077,0.02917454737301842,0.08363441771498434,-2.8192817631169373,2.486580303846317,-2.921841313157002,-2.3302840836398757,-3.215787996382892,1.7111958757000287,0.3389671713682878,0.3320068022727598,0.006960369095527996,0.34245727356593586,0.3155041762910293,0.02695309727490658,0.2942801465232077,0.36369754974842194,0.06941740322521422,0.02917454737301842,0.2481445683821884,0.21897002100916999,0.08363441771498434,0.25710656884632016,0.17347215113133582,94.0,0.042738970588235295,29.0,0.012867647058823529,150.0,0.06847426470588236,220.0,0.10064338235294118,254.0,0.11626838235294118,0.012867647058823529,WACC_0p3_WRT_0p7,0.06819852941176471,90,False,,,False,False,False,False,False,13.0,0.05106382978723404
SPLL,RialtoBridgeTimelapse,108,0.62,226,0.8250000000000001,0.5049090717776001,0,85,3058,247,8,0.999,0.3906143422182806,0.4363185800860123,0.438074442273185,0.38954552596558845,0.05658704846177774,0.10728516504074467,-2.8192817631169373,2.486580303846317,-2.921841313157002,-2.3302840836398757,-3.215787996382892,1.7111958757000287,0.4363185800860123,0.4479679941761607,0.011649414090148358,0.438074442273185,0.4156907751328739,0.022383667140311092,0.38954552596558845,0.3779051961622615,0.011640329803326965,0.05658704846177774,0.19925982482128407,0.14267277635950631,0.10728516504074467,0.20633017042750443,0.09904500538675975,1541.0,0.7077205882352942,590.0,0.27068014705882354,204.0,0.09329044117647059,29.0,0.012867647058823529,91.0,0.04136029411764706,0.012867647058823529,WACC_0p7_WRT_0p3,0.22518382352941177,91,False,,,False,False,False,False,False,85.0,0.3574468085106383
SPLL,RialtoBridgeTimelapse,587,0.62,177,0.8250000000000001,0.5624361392270425,0,53,362,166,6,0.999,0.3127349790623462,0.3681569775117239,0.3677953079667021,0.31231174165753334,0.024722022511224122,0.10639111538645363,-2.8192817631169373,2.486580303846317,-2.921841313157002,-2.3302840836398757,-3.215787996382892,1.7111958757000287,0.3681569775117239,0.35137171767972697,0.016785259831996913,0.3677953079667021,0.3155527401060812,0.052242567860620925,0.31231174165753334,0.37420351514028677,0.06189177348275343,0.024722022511224122,0.2597329222978426,0.2350108997866185,0.10639111538645363,0.25932088492660965,0.15292976954015602,172.0,0.07858455882352941,30.0,0.01332720588235294,192.0,0.08777573529411764,292.0,0.13373161764705882,262.0,0.11994485294117647,0.01332720588235294,WACC_0p3_WRT_0p7,0.08667279411764706,92,False,,,False,False,False,False,False,53.0,0.22127659574468084
SPLL,RialtoBridgeTimelapse,1027,0.59,1070,0.75,0.1378873295714895,0,207,1437,40,1,0.729,0.8312620321899484,0.8446808753634999,0.8447059006645465,0.8066831654558962,0.19265995302111336,0.18042772749249786,-2.8192817631169373,2.486580303846317,-2.921841313157002,-2.3302840836398757,-3.215787996382892,1.7111958757000287,0.8446808753634999,0.46653934042308415,0.37814153494041575,0.8447059006645465,0.43270534881350237,0.41200055185104417,0.8066831654558962,0.4061478712223804,0.40053529423351586,0.19265995302111336,0.2742973652407724,0.08163741221965906,0.18042772749249786,0.1806824680333789,0.0002547405408810377,1837.0,0.84375,786.0,0.36075367647058826,330.0,0.15119485294117646,368.0,0.16865808823529413,30.0,0.01332720588235294,0.01332720588235294,WACC_0p9_WRT_0p1,0.30753676470588237,93,False,,,False,False,False,False,False,207.0,0.8765957446808511
SPLL,RialtoBridgeTimelapse,1015,0.62,624,0.8250000000000001,0.2653056902542861,0,182,4071,149,10,0.429,0.7210867960071984,0.7261034544276621,0.7365133851819662,0.7167985516887053,0.19073383601128704,0.11272467310409875,-2.8192817631169373,2.486580303846317,-2.921841313157002,-2.3302840836398757,-3.215787996382892,1.7111958757000287,0.7261034544276621,0.5132687973622616,0.2128346570654005,0.7365133851819662,0.48321465733932245,0.25329872784264373,0.7167985516887053,0.44896173946777795,0.26783681222092737,0.19073383601128704,0.19996862102706,0.009234785015772962,0.11272467310409875,0.20600687120018266,0.0932821980960839,2137.0,0.9816176470588235,1645.0,0.7555147058823529,546.0,0.25045955882352944,30.0,0.01332720588235294,88.0,0.03998161764705882,0.01332720588235294,WACC_0p7_WRT_0p3,0.40818014705882355,94,False,,,False,False,False,False,False,182.0,0.7702127659574468
SPLL,RialtoBridgeTimelapse,762,0.41,215,0.3,0.5166601247914328,0,94,2775,4507,1,0.924,0.4485849269598332,0.3423778754364476,0.22573790879777558,0.3634796561941583,0.5682179238669116,0.6490017981250507,-2.8192817631169373,2.486580303846317,-2.921841313157002,-2.3302840836398757,-3.215787996382892,1.7111958757000287,0.3423778754364476,0.31404765321665834,0.02833022221978926,0.22573790879777558,0.4029680687614824,0.1772301599637068,0.3634796561941583,0.5716845961092152,0.2082049399150569,0.5682179238669116,0.5383129240627087,0.029904999804202914,0.6490017981250507,0.5913701518860298,0.05763164623902084,30.0,0.01332720588235294,481.0,0.22058823529411764,1399.0,0.6424632352941176,2149.0,0.9871323529411765,2090.0,0.9600183823529411,0.01332720588235294,WACC_0p1_WRT_0p9,0.5647058823529412,95,False,,,False,False,False,False,False,94.0,0.39574468085106385
SPLL,RialtoBridgeTimelapse,518,0.63,133,0.8500000000000001,0.6296100858099285,0,6,319,149,3,0.999,0.24143781867729794,0.2982772480085245,0.30049503433014596,0.2481484569832542,0.01012102384500271,0.08313939331527209,-2.8192817631169373,2.486580303846317,-2.921841313157002,-2.3302840836398757,-3.215787996382892,1.7111958757000287,0.2982772480085245,0.3296893103115089,0.03141206230298438,0.30049503433014596,0.31660681211237424,0.016111777782228276,0.2481484569832542,0.36905578034499875,0.12090732336174456,0.01012102384500271,0.2470497837639755,0.23692875991897278,0.08313939331527209,0.2637456980722298,0.18060630475695771,81.0,0.03676470588235294,31.0,0.013786764705882353,171.0,0.078125,210.0,0.09604779411764706,278.0,0.12729779411764705,0.013786764705882353,WACC_0p3_WRT_0p7,0.07040441176470588,96,False,,,False,False,False,False,False,6.0,0.02127659574468085
SPLL,RialtoBridgeTimelapse,105,0.62,203,0.8250000000000001,0.5301823672547157,0,69,837,224,10,0.999,0.3562998769030062,0.4062752825146131,0.40710452906563016,0.35552476484873835,0.04256759496643424,0.10685950383790044,-2.8192817631169373,2.486580303846317,-2.921841313157002,-2.3302840836398757,-3.215787996382892,1.7111958757000287,0.4062752825146131,0.4027556670371899,0.003519615477423188,0.40710452906563016,0.37943621500783403,0.02766831405779613,0.35552476484873835,0.3409639299954902,0.014560834853248161,0.04256759496643424,0.20002708014361656,0.15745948517718233,0.10685950383790044,0.18343935902833108,0.07657985519043065,665.0,0.30514705882352944,323.0,0.1479779411764706,63.0,0.02849264705882353,31.0,0.013786764705882353,34.0,0.015165441176470588,0.013786764705882353,WACC_0p7_WRT_0p3,0.1021139705882353,97,False,,,False,False,False,False,False,69.0,0.28936170212765955
SPLL,RialtoBridgeTimelapse,493,0.62,182,0.8250000000000001,0.5558824005318957,0,55,316,165,1,0.649,0.3215647027766175,0.37588030134105926,0.37576150798093927,0.32107232203740915,0.02834380179801952,0.10647859249445761,-2.8192817631169373,2.486580303846317,-2.921841313157002,-2.3302840836398757,-3.215787996382892,1.7111958757000287,0.37588030134105926,0.33466861041880913,0.04121169092225013,0.37576150798093927,0.3251999759585999,0.05056153202233937,0.32107232203740915,0.331914724557285,0.010842402519875838,0.02834380179801952,0.24695867118228026,0.21861486938426075,0.10647859249445761,0.25810193717189084,0.1516233446774332,103.0,0.046875,47.0,0.021139705882352942,32.0,0.014246323529411764,209.0,0.09558823529411764,257.0,0.11764705882352941,0.014246323529411764,WACC_0p5_WRT_0p5,0.05909926470588236,98,False,,,False,False,False,False,False,55.0,0.2297872340425532
SPLL,RialtoBridgeTimelapse,1198,0.62,109,0.8250000000000001,0.6763003618658789,0,5,364,223,1,0.548,0.1616729094534924,0.2363338919183858,0.23162955999669738,0.16216114171339388,0.03167054650188206,0.10582526685243153,-2.8192817631169373,2.486580303846317,-2.921841313157002,-2.3302840836398757,-3.215787996382892,1.7111958757000287,0.2363338919183858,0.35484307525823916,0.11850918333985336,0.23162955999669738,0.3169203419033508,0.0852907819066534,0.16216114171339388,0.3353606379478761,0.1731994962344822,0.03167054650188206,0.26243921824172434,0.23076867173984228,0.10582526685243153,0.26963820845647846,0.1638129416040469,202.0,0.09237132352941177,32.0,0.014246323529411764,43.0,0.019301470588235295,305.0,0.13970588235294118,297.0,0.13602941176470587,0.014246323529411764,WACC_0p3_WRT_0p7,0.08033088235294117,99,False,,,False,False,False,False,False,5.0,0.01702127659574468
SPLL,RialtoBridgeTimelapse,1172,0.6,845,0.775,0.1936784685056799,0,201,3380,66,1,0.753,0.7758917499566533,0.7887857162769262,0.7917960375726874,0.7582753287672821,0.18448782269455655,0.15749395030992308,-2.8192817631169373,2.486580303846317,-2.921841313157002,-2.3302840836398757,-3.215787996382892,1.7111958757000287,0.7887857162769262,0.5080743197698577,0.28071139650706844,0.7917960375726874,0.48790757089373393,0.3038884666789534,0.7582753287672821,0.4330448635112387,0.3252304652560434,0.18448782269455655,0.2504362153860179,0.06594839269146135,0.15749395030992308,0.18226209359723486,0.024768143287311778,2124.0,0.9756433823529411,1759.0,0.8079044117647058,463.0,0.21231617647058823,232.0,0.10615808823529412,32.0,0.014246323529411764,0.014246323529411764,WACC_0p9_WRT_0p1,0.4232536764705882,100,False,,,False,False,False,False,False,201.0,0.851063829787234
SPLL,RialtoBridgeTimelapse,64,0.49,258,0.5000000000000001,0.4737100449030162,0,122,5000,4427,2,0.999,0.22527592195678364,0.3970526104387815,0.33061636478528805,0.13333418682854078,0.31996914354421613,0.4216585586987901,-2.8192817631169373,2.486580303846317,-2.921841313157002,-2.3302840836398757,-3.215787996382892,1.7111958757000287,0.3970526104387815,0.31458018284096906,0.08247242759781243,0.33061636478528805,0.4136883699640478,0.08307200517875973,0.13333418682854078,0.5486730393193928,0.415338852490852,0.31996914354421613,0.49270478828169245,0.17273564473747632,0.4216585586987901,0.5393487005213238,0.11769014182253368,32.0,0.014246323529411764,573.0,0.26286764705882354,1110.0,0.5096507352941176,1992.0,0.9149816176470589,1757.0,0.8069852941176471,0.014246323529411764,WACC_0p1_WRT_0p9,0.5017463235294117,101,False,,,False,False,False,False,False,122.0,0.5148936170212766
SPLL,RialtoBridgeTimelapse,541,0.63,148,0.8500000000000001,0.6045079564015148,0,10,333,127,1,0.581,0.275297061891365,0.32789821826641535,0.33104468525250924,0.28173868470584484,0.02400079695591083,0.08348811766187275,-2.8192817631169373,2.486580303846317,-2.921841313157002,-2.3302840836398757,-3.215787996382892,1.7111958757000287,0.32789821826641535,0.3444663011121007,0.01656808284568534,0.33104468525250924,0.3333528533485049,0.002308168095995655,0.28173868470584484,0.332006343138672,0.050267658432827156,0.02400079695591083,0.2201208889736739,0.19612009201776306,0.08348811766187275,0.22949832813370302,0.14601021047183027,138.0,0.06295955882352941,65.0,0.029411764705882353,33.0,0.014705882352941176,87.0,0.03952205882352941,142.0,0.06479779411764706,0.014705882352941176,WACC_0p5_WRT_0p5,0.042279411764705885,102,False,,,False,False,False,False,False,10.0,0.03829787234042553
SPLL,RialtoBridgeTimelapse,220,0.63,176,0.8500000000000001,0.5637689587379813,0,20,409,139,10,0.999,0.33063203987962586,0.37634765327317043,0.3809871120731481,0.3365982234156602,0.046604306494424666,0.08418076022254464,-2.8192817631169373,2.486580303846317,-2.921841313157002,-2.3302840836398757,-3.215787996382892,1.7111958757000287,0.37634765327317043,0.36845127196994915,0.00789638130322129,0.3809871120731481,0.34010957563946315,0.04087753643368497,0.3365982234156602,0.33715722245057894,0.000558999034918739,0.046604306494424666,0.2011489121714876,0.1545446056770629,0.08418076022254464,0.18264872310201719,0.09846796287947254,314.0,0.14384191176470587,102.0,0.04641544117647059,48.0,0.021599264705882353,35.0,0.015625,33.0,0.014705882352941176,0.014705882352941176,WACC_0p9_WRT_0p1,0.0484375,103,False,,,False,False,False,False,False,20.0,0.08085106382978724
SPLL,RialtoBridgeTimelapse,381,0.62,127,0.8250000000000001,0.6404474693503497,0,14,381,210,4,0.999,0.20868732701533724,0.27727954567051866,0.2739757514606164,0.2089628308220663,0.02181298402480565,0.10575812920956112,-2.8192817631169373,2.486580303846317,-2.921841313157002,-2.3302840836398757,-3.215787996382892,1.7111958757000287,0.27727954567051866,0.31986206831211716,0.04258252264159851,0.2739757514606164,0.3172009146546533,0.04322516319403685,0.2089628308220663,0.35794776367791914,0.14898493285585285,0.02181298402480565,0.2514686178356146,0.22965563381080895,0.10575812920956112,0.2794783290994549,0.1737201998898938,43.0,0.019301470588235295,33.0,0.014705882352941176,128.0,0.058363970588235295,240.0,0.10983455882352941,331.0,0.15165441176470587,0.014705882352941176,WACC_0p3_WRT_0p7,0.07077205882352941,104,False,,,False,False,False,False,False,14.0,0.05531914893617021
SPLL,RialtoBridgeTimelapse,1819,0.46,265,0.4250000000000001,0.4674010086843854,0,128,3000,3271,2,0.953,0.26657340740574675,0.39623142672927997,0.3128772262859072,0.16572040283097592,0.40231615646548713,0.501072242286553,-2.8192817631169373,2.486580303846317,-2.921841313157002,-2.3302840836398757,-3.215787996382892,1.7111958757000287,0.39623142672927997,0.3146229942610856,0.08160843246819438,0.3128772262859072,0.39312982046245426,0.08025259417654707,0.16572040283097592,0.5327279701355505,0.3670075673045746,0.40231615646548713,0.4632022747046234,0.060886118239136255,0.501072242286553,0.5147727770685573,0.013700534782004281,33.0,0.014705882352941176,407.0,0.18658088235294118,993.0,0.45588235294117646,1754.0,0.8056066176470589,1560.0,0.7164522058823529,0.014705882352941176,WACC_0p1_WRT_0p9,0.4358455882352941,105,False,,,False,False,False,False,False,128.0,0.5404255319148936
SPLL,RialtoBridgeTimelapse,364,0.61,140,0.8,0.6175636736939851,0,25,417,211,6,0.999,0.2214233697858985,0.2960852010966775,0.28850106006092424,0.2148931379662317,0.04123304081513364,0.12887690419318082,-2.8192817631169373,2.486580303846317,-2.921841313157002,-2.3302840836398757,-3.215787996382892,1.7111958757000287,0.2960852010966775,0.3476549079316129,0.05156970683493539,0.28850106006092424,0.31764104196238085,0.029139981901456613,0.2148931379662317,0.3757521353499389,0.1608589973837072,0.04123304081513364,0.261127931526211,0.21989489071107737,0.12887690419318082,0.26478418075632065,0.13590727656313983,155.0,0.07077205882352941,34.0,0.015165441176470588,197.0,0.0900735294117647,298.0,0.13648897058823528,281.0,0.12867647058823528,0.015165441176470588,WACC_0p3_WRT_0p7,0.08823529411764705,106,False,,,False,False,False,False,False,25.0,0.10212765957446808
SPLL,RialtoBridgeTimelapse,288,0.55,157,0.6500000000000002,0.5906331433253553,0,44,4309,2947,1,0.999,0.1645659240651344,0.2952813692540691,0.2565754894929776,0.11567622817873267,0.1926634494379412,0.2750763340665177,-2.8192817631169373,2.486580303846317,-2.921841313157002,-2.3302840836398757,-3.215787996382892,1.7111958757000287,0.2952813692540691,0.3149330010805742,0.01965163182650509,0.2565754894929776,0.36676522984336246,0.11018974035038487,0.11567622817873267,0.47409758102800587,0.3584213528492732,0.1926634494379412,0.4128207928091291,0.2201573433711879,0.2750763340665177,0.4594557488748285,0.18437941480831077,34.0,0.015165441176470588,219.0,0.10018382352941177,687.0,0.31525735294117646,1227.0,0.5634191176470589,1126.0,0.5170036764705882,0.015165441176470588,WACC_0p1_WRT_0p9,0.3022058823529412,107,False,,,False,False,False,False,False,44.0,0.1829787234042553
SPLL,RialtoBridgeTimelapse,110,0.61,408,0.8,0.3656220548241797,0,169,4951,238,8,0.999,0.560443660536123,0.5925259081266686,0.5943268741102666,0.5513452355751669,0.1113275175399796,0.13193873360593308,-2.8192817631169373,2.486580303846317,-2.921841313157002,-2.3302840836398757,-3.215787996382892,1.7111958757000287,0.5925259081266686,0.48407484253598115,0.10845106559068746,0.5943268741102666,0.4673999789941655,0.1269268951161011,0.5513452355751669,0.42167285308644203,0.12967238248872487,0.1113275175399796,0.20080409663910392,0.08947657909912432,0.13193873360593308,0.19131153983532823,0.05937280622939514,2022.0,0.9287683823529411,1296.0,0.5951286764705882,401.0,0.18382352941176472,34.0,0.015165441176470588,48.0,0.021599264705882353,0.015165441176470588,WACC_0p7_WRT_0p3,0.3488970588235294,108,False,,,False,False,False,False,False,169.0,0.7148936170212766
SPLL,RialtoBridgeTimelapse,469,0.63,182,0.8500000000000001,0.5558824005318957,0,22,292,97,1,0.999,0.3413920864422743,0.3857734767191116,0.39070041851337173,0.3472617159237338,0.050990485856488146,0.08432951611377103,-2.8192817631169373,2.486580303846317,-2.921841313157002,-2.3302840836398757,-3.215787996382892,1.7111958757000287,0.3857734767191116,0.32284263301078825,0.06293084370832336,0.39070041851337173,0.31778427453337954,0.07291614397999219,0.3472617159237338,0.3476023063348468,0.0003405904111130065,0.050990485856488146,0.24516305904723865,0.19417257319075049,0.08432951611377103,0.23992854179729312,0.15559902568352207,52.0,0.0234375,35.0,0.015625,84.0,0.03814338235294118,204.0,0.09329044117647059,182.0,0.08318014705882353,0.015625,WACC_0p3_WRT_0p7,0.05073529411764706,109,False,,,False,False,False,False,False,22.0,0.08936170212765958
SPLL,RialtoBridgeTimelapse,277,0.63,192,0.8500000000000001,0.5432956643483142,0,25,2338,98,1,0.999,0.35859365062675,0.400844725535796,0.406229656200811,0.36430661220193494,0.057997309953898,0.08457525071310713,-2.8192817631169373,2.486580303846317,-2.921841313157002,-2.3302840836398757,-3.215787996382892,1.7111958757000287,0.400844725535796,0.42125233743625307,0.02040761190045709,0.406229656200811,0.3767356554253045,0.029494000775506457,0.36430661220193494,0.37171371837949935,0.007407106177564404,0.057997309953898,0.22344560626604082,0.1654482963121428,0.08457525071310713,0.18446403802596023,0.0998887873128531,966.0,0.44347426470588236,305.0,0.13970588235294118,183.0,0.08363970588235294,107.0,0.04871323529411765,35.0,0.015625,0.015625,WACC_0p9_WRT_0p1,0.14623161764705883,110,False,,,False,False,False,False,False,25.0,0.10212765957446808
SPLL,RialtoBridgeTimelapse,448,0.62,147,0.8250000000000001,0.6061010589702227,0,30,2428,227,1,0.999,0.2542361228834069,0.31702799589861125,0.3150332161130794,0.2542362158921908,0.012489624347789803,0.1059307382912538,-2.8192817631169373,2.486580303846317,-2.921841313157002,-2.3302840836398757,-3.215787996382892,1.7111958757000287,0.31702799589861125,0.3777956447384429,0.060767648839831656,0.3150332161130794,0.33741195901177484,0.02237874289869546,0.2542362158921908,0.33340981793322094,0.07917360204103013,0.012489624347789803,0.22242622484869778,0.20993660050090798,0.1059307382912538,0.22496371992789443,0.11903298163664064,394.0,0.18060661764705882,81.0,0.03676470588235294,36.0,0.01608455882352941,105.0,0.04779411764705882,132.0,0.06020220588235294,0.01608455882352941,WACC_0p5_WRT_0p5,0.06829044117647058,111,False,,,False,False,False,False,False,30.0,0.12340425531914893
SPLL,RialtoBridgeTimelapse,104,0.62,290,0.8250000000000001,0.4461502106043822,0,121,3579,294,7,0.999,0.4708988886380108,0.5066584112051847,0.5105530043701798,0.4691005504222918,0.08929363711973698,0.10842627877449211,-2.8192817631169373,2.486580303846317,-2.921841313157002,-2.3302840836398757,-3.215787996382892,1.7111958757000287,0.5066584112051847,0.43616078456885,0.07049762663633474,0.5105530043701798,0.4163512657467572,0.09420173862342263,0.4691005504222918,0.3915733082786771,0.07752724214361473,0.08929363711973698,0.20177536850760416,0.11248173138786718,0.10842627877449211,0.24324871913485197,0.13482244036035984,1282.0,0.5886948529411765,597.0,0.27389705882352944,269.0,0.12316176470588236,36.0,0.01608455882352941,194.0,0.08869485294117647,0.01608455882352941,WACC_0p7_WRT_0p3,0.21810661764705883,112,False,,,False,False,False,False,False,121.0,0.5106382978723404
SPLL,RialtoBridgeTimelapse,963,0.31,219,0.05,0.5123191802935934,0,100,2021,3484,1,0.843,0.767631668201705,0.3426210402645769,0.16330059915261946,0.6808747426516828,0.8730665500356288,0.9437499407194938,-2.8192817631169373,2.486580303846317,-2.921841313157002,-2.3302840836398757,-3.215787996382892,1.7111958757000287,0.3426210402645769,0.3163401779716635,0.026280862292913376,0.16330059915261946,0.380869748313928,0.21756914916130854,0.6808747426516828,0.5269690530446073,0.1539056896070755,0.8730665500356288,0.49598464346900056,0.37708190656662827,0.9437499407194938,0.5504451024539128,0.39330483826558105,36.0,0.01608455882352941,327.0,0.14981617647058823,969.0,0.44485294117647056,2018.0,0.9269301470588235,1844.0,0.8469669117647058,0.01608455882352941,WACC_0p1_WRT_0p9,0.47693014705882353,113,False,,,False,False,False,False,False,100.0,0.42127659574468085
SPLL,RialtoBridgeTimelapse,572,0.62,129,0.8250000000000001,0.6367795689407558,0,16,340,200,4,0.79,0.21352938029713942,0.2815017672552583,0.278339077153891,0.21377843006744343,0.020812623875220315,0.10576679776438459,-2.8192817631169373,2.486580303846317,-2.921841313157002,-2.3302840836398757,-3.215787996382892,1.7111958757000287,0.2815017672552583,0.3300004913569274,0.04849872410166911,0.278339077153891,0.3206755509376249,0.0423364737837339,0.21377843006744343,0.3523994537738267,0.13862102370638327,0.020812623875220315,0.26202839208501527,0.24121576820979496,0.10576679776438459,0.2943247918424814,0.1885579940780968,83.0,0.03768382352941176,37.0,0.016544117647058824,106.0,0.04825367647058824,303.0,0.13878676470588236,370.0,0.16957720588235295,0.016544117647058824,WACC_0p3_WRT_0p7,0.08216911764705884,114,False,,,False,False,False,False,False,16.0,0.06382978723404255
SPLL,RialtoBridgeTimelapse,408,0.61,149,0.8,0.6029255101170121,0,33,1416,643,1,0.999,0.24061627367053096,0.31280045056794953,0.30578816361804567,0.23399935281928458,0.03720834014579627,0.12884896812152802,-2.8192817631169373,2.486580303846317,-2.921841313157002,-2.3302840836398757,-3.215787996382892,1.7111958757000287,0.31280045056794953,0.3603974957702723,0.047597045202322774,0.30578816361804567,0.34004025748400146,0.03425209386595579,0.23399935281928458,0.33365616762746303,0.09965681480817845,0.03720834014579627,0.29039623117540453,0.25318789102960826,0.12884896812152802,0.32996279052641075,0.20111382240488274,248.0,0.1135110294117647,101.0,0.04595588235294118,37.0,0.016544117647058824,428.0,0.19623161764705882,474.0,0.21737132352941177,0.016544117647058824,WACC_0p5_WRT_0p5,0.11792279411764706,115,False,,,False,False,False,False,False,33.0,0.13617021276595745
SPLL,RialtoBridgeTimelapse,1605,0.61,563,0.8,0.2896013105494139,0,188,4997,222,10,0.859,0.6651102846987522,0.6842952205703188,0.6888436215176815,0.6550016713291738,0.15383531364483993,0.1336290795050538,-2.8192817631169373,2.486580303846317,-2.921841313157002,-2.3302840836398757,-3.215787996382892,1.7111958757000287,0.6842952205703188,0.5106662557153148,0.173628964855004,0.6888436215176815,0.4669879599418773,0.22185566157580422,0.6550016713291738,0.4374677859788416,0.21753388535033213,0.15383531364483993,0.202688932318753,0.04885361867391308,0.1336290795050538,0.20965593616568137,0.07602685666062758,2129.0,0.9779411764705882,1288.0,0.5914522058823529,479.0,0.21966911764705882,37.0,0.016544117647058824,101.0,0.04595588235294118,0.016544117647058824,WACC_0p7_WRT_0p3,0.3703125,116,False,,,False,False,False,False,False,188.0,0.7957446808510639
SPLL,RialtoBridgeTimelapse,1147,0.57,2052,0.7,0.0,0,213,4702,20,8,0.638,0.9784189930413505,0.9884154366763681,0.9834166103594443,0.9395504863680786,0.22376427805575874,0.22692892035736753,-2.8192817631169373,2.486580303846317,-2.921841313157002,-2.3302840836398757,-3.215787996382892,1.7111958757000287,0.9884154366763681,0.576860930489644,0.41155450618672407,0.9834166103594443,0.5513887456056341,0.43202786475381016,0.9395504863680786,0.5236194881830077,0.41593099818507084,0.22376427805575874,0.2567775493906879,0.03301327133492918,0.22692892035736753,0.1850244093421607,0.04190451101520684,2174.0,0.9986213235294118,2175.0,0.9990808823529411,943.0,0.4329044117647059,278.0,0.12729779411764705,37.0,0.016544117647058824,0.016544117647058824,WACC_0p9_WRT_0p1,0.5148897058823529,117,False,,,False,False,False,False,False,213.0,0.902127659574468
SPLL,RialtoBridgeTimelapse,537,0.63,156,0.8500000000000001,0.5921352108313891,0,14,337,164,3,0.999,0.29205594792042194,0.34256698559124105,0.34616849098426034,0.2983577303406346,0.030855797953676618,0.08368365624454586,-2.8192817631169373,2.486580303846317,-2.921841313157002,-2.3302840836398757,-3.215787996382892,1.7111958757000287,0.34256698559124105,0.3276300266058815,0.014936958985359572,0.34616849098426034,0.32097670778130544,0.025191783202954898,0.2983577303406346,0.3647561605346576,0.06639843019402297,0.030855797953676618,0.25752669687600743,0.2266708989223308,0.08368365624454586,0.2727962165029217,0.1891125602583758,73.0,0.03308823529411765,38.0,0.017003676470588234,157.0,0.07169117647058823,281.0,0.12867647058823528,311.0,0.14246323529411764,0.017003676470588234,WACC_0p3_WRT_0p7,0.07858455882352941,118,False,,,False,False,False,False,False,14.0,0.05531914893617021
SPLL,RialtoBridgeTimelapse,396,0.61,156,0.8,0.5921352108313891,0,38,1369,584,1,0.999,0.2548181597038548,0.3251777621606633,0.31858331852769517,0.24812941322190687,0.03425538247783451,0.12885462756720636,-2.8192817631169373,2.486580303846317,-2.921841313157002,-2.3302840836398757,-3.215787996382892,1.7111958757000287,0.3251777621606633,0.36562252468753587,0.04044476252687257,0.31858331852769517,0.3385378874207352,0.019954568893040037,0.24812941322190687,0.3336622822716576,0.08553286904975074,0.03425538247783451,0.2811888068510074,0.2469334243731729,0.12885462756720636,0.31587240741609746,0.1870177798488911,297.0,0.13602941176470587,88.0,0.03998161764705882,38.0,0.017003676470588234,402.0,0.18428308823529413,440.0,0.20174632352941177,0.017003676470588234,WACC_0p5_WRT_0p5,0.11580882352941177,119,False,,,False,False,False,False,False,38.0,0.1574468085106383
SPLL,RialtoBridgeTimelapse,391,0.61,354,0.8,0.3991204288036956,0,154,3335,229,5,0.999,0.5145734808812835,0.5523285382466488,0.5529130204579584,0.5058997856435712,0.09265840925274028,0.13125960567357342,-2.8192817631169373,2.486580303846317,-2.921841313157002,-2.3302840836398757,-3.215787996382892,1.7111958757000287,0.5523285382466488,0.4341620439500096,0.11816649429663922,0.5529130204579584,0.406084459525866,0.1468285609320924,0.5058997856435712,0.38334297103024917,0.12255681461332202,0.09265840925274028,0.20319194608447066,0.11053353683173038,0.13125960567357342,0.2194622855589828,0.08820267988540939,1245.0,0.5716911764705882,511.0,0.234375,228.0,0.10431985294117647,38.0,0.017003676470588234,120.0,0.0546875,0.017003676470588234,WACC_0p7_WRT_0p3,0.19641544117647058,120,False,,,False,False,False,False,False,154.0,0.6510638297872341
SPLL,RialtoBridgeTimelapse,296,0.58,127,0.725,0.6404474693503497,0,19,1702,1836,1,0.999,0.14543146862092846,0.25421064008763633,0.22967838528184445,0.11797964090965904,0.12678034969541013,0.2018973663080476,-2.8192817631169373,2.486580303846317,-2.921841313157002,-2.3302840836398757,-3.215787996382892,1.7111958757000287,0.25421064008763633,0.3169351233605629,0.06272448327292657,0.22967838528184445,0.3460806400919734,0.11640225481012897,0.11797964090965904,0.4485785093877395,0.3305988684780805,0.12678034969541013,0.40227917724759016,0.27549882755218,0.2018973663080476,0.4535432600443186,0.251645893736271,38.0,0.017003676470588234,123.0,0.05606617647058824,542.0,0.24862132352941177,1115.0,0.5119485294117647,1075.0,0.49356617647058826,0.017003676470588234,WACC_0p1_WRT_0p9,0.2654411764705883,121,False,,,False,False,False,False,False,19.0,0.07659574468085106
SPLL,RialtoBridgeTimelapse,456,0.61,606,0.8,0.2722190832956994,0,190,1557,165,1,0.001,0.6891374694274914,0.7053689041626479,0.7105436574592284,0.6787906634492733,0.16357935063783313,0.13403869590727932,-2.8192817631169373,2.486580303846317,-2.921841313157002,-2.3302840836398757,-3.215787996382892,1.7111958757000287,0.7053689041626479,0.46847895068951684,0.23688995347313102,0.7105436574592284,0.44128509635601254,0.2692585611032159,0.6787906634492733,0.43064530640572085,0.24814535704355245,0.16357935063783313,0.21367598772956187,0.050096637091728735,0.13403869590727932,0.18577797615943176,0.051739280252152436,1863.0,0.8556985294117647,879.0,0.40349264705882354,448.0,0.20542279411764705,64.0,0.028952205882352942,38.0,0.017003676470588234,0.017003676470588234,WACC_0p9_WRT_0p1,0.3021139705882353,122,False,,,False,False,False,False,False,190.0,0.8042553191489362
SPLL,RialtoBridgeTimelapse,476,0.62,146,0.8250000000000001,0.6077049623167738,0,29,2295,112,1,0.999,0.2520992539583893,0.3151618591689514,0.3131065047321059,0.2521134785662177,0.012923054576607874,0.1059184883585785,-2.8192817631169373,2.486580303846317,-2.921841313157002,-2.3302840836398757,-3.215787996382892,1.7111958757000287,0.3151618591689514,0.4110138287293195,0.09585196956036812,0.3131065047321059,0.3639282822930587,0.0508217775609528,0.2521134785662177,0.36393927985710944,0.11182580129089176,0.012923054576607874,0.21516069678617716,0.2022376422095693,0.1059184883585785,0.18596784881752149,0.08004936045894298,803.0,0.36856617647058826,199.0,0.09099264705882353,153.0,0.06985294117647059,69.0,0.03125,39.0,0.017463235294117647,0.017463235294117647,WACC_0p9_WRT_0p1,0.115625,123,False,,,False,False,False,False,False,29.0,0.11914893617021277
SPLL,RialtoBridgeTimelapse,550,0.63,323,0.8500000000000001,0.4207372827476988,0,36,3217,188,1,0.999,0.5275601230822806,0.5490064362317341,0.5588171157543891,0.5316285237175511,0.12658822525800237,0.08735128566561987,-2.8192817631169373,2.486580303846317,-2.921841313157002,-2.3302840836398757,-3.215787996382892,1.7111958757000287,0.5490064362317341,0.41735467322369946,0.1316517630080346,0.5588171157543891,0.3699774449088673,0.18883967084552178,0.5316285237175511,0.33443779844029814,0.19719072527725295,0.12658822525800237,0.20576564749106951,0.07917742223306715,0.08735128566561987,0.19906121979640828,0.11170993413078842,909.0,0.4172794117647059,248.0,0.1135110294117647,39.0,0.017463235294117647,43.0,0.019301470588235295,68.0,0.03079044117647059,0.017463235294117647,WACC_0p5_WRT_0p5,0.11966911764705881,124,False,,,False,False,False,False,False,36.0,0.14893617021276595
SPLL,RialtoBridgeTimelapse,336,0.61,183,0.8,0.5545931611698236,0,60,373,180,1,0.001,0.30455532600900365,0.3685741006004522,0.3634133411184549,0.2975720727484189,0.0240543162695953,0.12902175153281578,-2.8192817631169373,2.486580303846317,-2.921841313157002,-2.3302840836398757,-3.215787996382892,1.7111958757000287,0.3685741006004522,0.3580370589417445,0.010537041658707724,0.3634133411184549,0.3212605181085171,0.042152823009937834,0.2975720727484189,0.3446298451430012,0.04705777239458231,0.0240543162695953,0.2477224633957436,0.2236681471261483,0.12902175153281578,0.23342049274901447,0.10439874121619869,224.0,0.10248161764705882,40.0,0.017922794117647058,71.0,0.03216911764705882,215.0,0.09834558823529412,152.0,0.06939338235294118,0.017922794117647058,WACC_0p3_WRT_0p7,0.0640625,125,False,,,False,False,False,False,False,60.0,0.251063829787234
SPLL,RialtoBridgeTimelapse,401,0.62,270,0.8250000000000001,0.4629953909118257,0,113,2556,155,1,0.999,0.44781745509630466,0.4864301770750698,0.48971343500251324,0.44623397752619187,0.07990206165191144,0.1080806369484773,-2.8192817631169373,2.486580303846317,-2.921841313157002,-2.3302840836398757,-3.215787996382892,1.7111958757000287,0.4864301770750698,0.38549587694590365,0.10093430012916615,0.48971343500251324,0.3494267369854493,0.14028669801706395,0.44623397752619187,0.3502407082610048,0.09599326926518709,0.07990206165191144,0.20408665273299825,0.12418459108108681,0.1080806369484773,0.19374118654377112,0.08566054959529382,466.0,0.21369485294117646,138.0,0.06295955882352941,97.0,0.04411764705882353,40.0,0.017922794117647058,55.0,0.024816176470588234,0.017922794117647058,WACC_0p7_WRT_0p3,0.07270220588235295,126,False,,,False,False,False,False,False,113.0,0.4765957446808511
SPLL,RialtoBridgeTimelapse,369,0.63,164,0.8500000000000001,0.580377519822145,0,18,2415,139,1,0.999,0.3080206854935228,0.3565446748970563,0.3605772234874762,0.3141857315125656,0.03737811827101882,0.08388200663331313,-2.8192817631169373,2.486580303846317,-2.921841313157002,-2.3302840836398757,-3.215787996382892,1.7111958757000287,0.3565446748970563,0.39471326629189424,0.038168591394837914,0.3605772234874762,0.3480191658304833,0.01255805765699286,0.3141857315125656,0.3493929938756463,0.035207262363080694,0.03737811827101882,0.21044364952312986,0.17306553125211105,0.08388200663331313,0.18649851864687975,0.10261651201356661,565.0,0.25919117647058826,131.0,0.05974264705882353,93.0,0.042279411764705885,52.0,0.0234375,40.0,0.017922794117647058,0.017922794117647058,WACC_0p9_WRT_0p1,0.08051470588235296,127,False,,,False,False,False,False,False,18.0,0.07234042553191489
SPLL,RialtoBridgeTimelapse,588,0.63,180,0.8500000000000001,0.5584821501823984,0,21,321,94,1,0.999,0.3378435329693463,0.38266478966101924,0.38749701114653184,0.3437451333678477,0.04954425458660549,0.0842800177828776,-2.8192817631169373,2.486580303846317,-2.921841313157002,-2.3302840836398757,-3.215787996382892,1.7111958757000287,0.38266478966101924,0.33008489124792245,0.05257989841309679,0.38749701114653184,0.32126442214314677,0.06623258900338508,0.3437451333678477,0.3462844769625047,0.0025393435946570175,0.04954425458660549,0.23923505402220152,0.18969079943559602,0.0842800177828776,0.22803992297534464,0.14375990519246706,84.0,0.03814338235294118,41.0,0.01838235294117647,77.0,0.034926470588235295,173.0,0.07904411764705882,138.0,0.06295955882352941,0.01838235294117647,WACC_0p3_WRT_0p7,0.046691176470588236,128,False,,,False,False,False,False,False,21.0,0.0851063829787234
SPLL,RialtoBridgeTimelapse,254,0.62,183,0.8250000000000001,0.5545931611698236,0,56,445,154,10,0.999,0.3233030652495393,0.3774009991028511,0.37732992617448213,0.32279693265077214,0.029056533992865716,0.106496291864489,-2.8192817631169373,2.486580303846317,-2.921841313157002,-2.3302840836398757,-3.215787996382892,1.7111958757000287,0.3774009991028511,0.3706470844912485,0.006753914611602574,0.37732992617448213,0.34395482358373175,0.03337510259075038,0.32279693265077214,0.33851690536555545,0.015719972714783315,0.029056533992865716,0.20458268777236038,0.17552615377949465,0.106496291864489,0.18793009983844808,0.08143380797395908,330.0,0.15119485294117646,118.0,0.05376838235294118,53.0,0.02389705882352941,41.0,0.01838235294117647,43.0,0.019301470588235295,0.01838235294117647,WACC_0p7_WRT_0p3,0.05330882352941176,129,False,,,False,False,False,False,False,56.0,0.23404255319148937
SPLL,RialtoBridgeTimelapse,309,0.62,154,0.8250000000000001,0.5951682631125356,0,36,2343,128,1,0.999,0.2688255493780534,0.32977215697297024,0.3281890447242843,0.2687264010307202,0.009539418194028221,0.10602383126159895,-2.8192817631169373,2.486580303846317,-2.921841313157002,-2.3302840836398757,-3.215787996382892,1.7111958757000287,0.32977215697297024,0.40010258113996067,0.07033042416699042,0.3281890447242843,0.3550042974402984,0.026815252716014093,0.2687264010307202,0.3540446305036756,0.08531822947295536,0.009539418194028221,0.21479457446817382,0.2052551562741456,0.10602383126159895,0.18669114338843054,0.08066731212683159,637.0,0.2922794117647059,159.0,0.07261029411764706,111.0,0.050551470588235295,67.0,0.030330882352941176,41.0,0.01838235294117647,0.01838235294117647,WACC_0p9_WRT_0p1,0.09283088235294118,130,False,,,False,False,False,False,False,36.0,0.14893617021276595
SPLL,RialtoBridgeTimelapse,409,0.61,240,0.8,0.4907507973506212,0,106,3827,535,1,0.999,0.3901200153751313,0.44336287225809506,0.4405885245711407,0.3825142457659365,0.0418179572696354,0.12970652413399383,-2.8192817631169373,2.486580303846317,-2.921841313157002,-2.3302840836398757,-3.215787996382892,1.7111958757000287,0.44336287225809506,0.3859788482705538,0.05738402398754128,0.4405885245711407,0.3547368274252289,0.08585169714591184,0.3825142457659365,0.33493908969480746,0.047575156071129054,0.0418179572696354,0.2791334781640757,0.2373155208944403,0.12970652413399383,0.31817429136048697,0.18846776722649314,469.0,0.21507352941176472,157.0,0.07169117647058823,41.0,0.01838235294117647,394.0,0.18060661764705882,445.0,0.20404411764705882,0.01838235294117647,WACC_0p5_WRT_0p5,0.1379595588235294,131,False,,,False,False,False,False,False,106.0,0.44680851063829785
SPLL,RialtoBridgeTimelapse,557,0.62,147,0.8250000000000001,0.6061010589702227,0,30,357,143,1,0.834,0.2542361228834069,0.31702799589861125,0.3150332161130794,0.2542362158921908,0.012489624347789803,0.1059307382912538,-2.8192817631169373,2.486580303846317,-2.921841313157002,-2.3302840836398757,-3.215787996382892,1.7111958757000287,0.31702799589861125,0.34567103442960934,0.02864303853099809,0.3150332161130794,0.34172056197119816,0.02668734585811877,0.2542362158921908,0.3351529291283439,0.08091671323615307,0.012489624347789803,0.23850651148255528,0.22601688713476548,0.1059307382912538,0.2397762345092714,0.1338454962180176,146.0,0.0666360294117647,110.0,0.050091911764705885,42.0,0.01884191176470588,167.0,0.07628676470588236,180.0,0.0822610294117647,0.01884191176470588,WACC_0p5_WRT_0p5,0.058823529411764705,132,False,,,False,False,False,False,False,30.0,0.12340425531914893
SPLL,RialtoBridgeTimelapse,535,0.61,610,0.8,0.270665219992213,0,191,3960,206,10,0.001,0.6912868866028244,0.7072542170992799,0.712484936457826,0.680918676889999,0.16445081714949125,0.13407566692288092,-2.8192817631169373,2.486580303846317,-2.921841313157002,-2.3302840836398757,-3.215787996382892,1.7111958757000287,0.7072542170992799,0.5721158839931824,0.13513833310609757,0.712484936457826,0.5384452458175736,0.17403969064025238,0.680918676889999,0.4908136062557587,0.19010507063424026,0.16445081714949125,0.20463534762459562,0.04018453047510437,0.13407566692288092,0.1924425727273498,0.05836690580446888,2172.0,0.9977022058823529,2170.0,0.9967830882352942,777.0,0.35661764705882354,42.0,0.01884191176470588,54.0,0.024356617647058824,0.01884191176470588,WACC_0p7_WRT_0p3,0.4788602941176471,133,False,,,False,False,False,False,False,191.0,0.8085106382978723
SPLL,RialtoBridgeTimelapse,697,0.49,99,0.5000000000000001,0.698848352160746,0,13,1859,4021,1,0.867,0.30706874106254545,0.1807070064325549,0.09926819941017753,0.2726380980413175,0.40903103257027323,0.4577585535128745,-2.8192817631169373,2.486580303846317,-2.921841313157002,-2.3302840836398757,-3.215787996382892,1.7111958757000287,0.1807070064325549,0.31955557188597283,0.13884856545341792,0.09926819941017753,0.39377969008206737,0.29451149067188986,0.2726380980413175,0.5656383322602594,0.2930002342189419,0.40903103257027323,0.525848529083277,0.11681749651300372,0.4577585535128745,0.5592558460410554,0.1014972925281809,42.0,0.01884191176470588,413.0,0.18933823529411764,1297.0,0.5955882352941176,2126.0,0.9765625,1916.0,0.8800551470588235,0.01884191176470588,WACC_0p1_WRT_0p9,0.5320772058823529,134,False,,,False,False,False,False,False,13.0,0.05106382978723404
SPLL,RialtoBridgeTimelapse,488,0.62,128,0.8250000000000001,0.6386064107402307,0,15,317,159,5,0.999,0.21111703716158994,0.2793981219884209,0.2761651971597568,0.211379359593699,0.021310705231536404,0.1057621598760538,-2.8192817631169373,2.486580303846317,-2.921841313157002,-2.3302840836398757,-3.215787996382892,1.7111958757000287,0.2793981219884209,0.33091099020256026,0.05151286821413936,0.2761651971597568,0.3216028493713504,0.04543765221159363,0.211379359593699,0.36720403745086555,0.15582467785716655,0.021310705231536404,0.2520299805707122,0.23071927533917577,0.1057621598760538,0.2594676376668457,0.1537054777907919,89.0,0.04044117647058824,43.0,0.019301470588235295,164.0,0.07490808823529412,244.0,0.11167279411764706,263.0,0.12040441176470588,0.019301470588235295,WACC_0p3_WRT_0p7,0.07334558823529412,135,False,,,False,False,False,False,False,15.0,0.059574468085106386
SPLL,RialtoBridgeTimelapse,561,0.63,202,0.8500000000000001,0.5313448995078442,0,27,328,99,1,0.999,0.37495706918660765,0.4151843826562975,0.42100332279380004,0.3805185868742215,0.0646573605972994,0.08481727366676933,-2.8192817631169373,2.486580303846317,-2.921841313157002,-2.3302840836398757,-3.215787996382892,1.7111958757000287,0.4151843826562975,0.3266187926378984,0.08856559001839909,0.42100332279380004,0.322185544536456,0.09881777825734406,0.3805185868742215,0.3422373264765553,0.03828126039766622,0.0646573605972994,0.23501853026499925,0.17036116966769985,0.08481727366676933,0.222777025730306,0.13795975206353667,69.0,0.03125,44.0,0.019761029411764705,65.0,0.029411764705882353,149.0,0.06801470588235294,127.0,0.057904411764705885,0.019761029411764705,WACC_0p3_WRT_0p7,0.04126838235294118,136,False,,,False,False,False,False,False,27.0,0.11063829787234042
SPLL,RialtoBridgeTimelapse,101,0.62,188,0.8250000000000001,0.548250292296512,0,58,2761,226,9,0.999,0.3318620826843767,0.3848890541170285,0.385052494811935,0.33128759957197546,0.03256431964616814,0.10658563692426515,-2.8192817631169373,2.486580303846317,-2.921841313157002,-2.3302840836398757,-3.215787996382892,1.7111958757000287,0.3848890541170285,0.42417355404693313,0.039284499929904626,0.385052494811935,0.3945852370362006,0.009532742224265589,0.33128759957197546,0.36882462915156816,0.03753702957959271,0.03256431964616814,0.20579756590599949,0.17323324625983133,0.10658563692426515,0.20551833071025527,0.09893269378599012,1026.0,0.4710477941176471,422.0,0.19347426470588236,168.0,0.07674632352941177,44.0,0.019761029411764705,82.0,0.03722426470588235,0.019761029411764705,WACC_0p7_WRT_0p3,0.15965073529411766,137,False,,,False,False,False,False,False,58.0,0.2425531914893617
SPLL,RialtoBridgeTimelapse,422,0.61,213,0.8,0.518860836823448,0,87,4809,561,1,0.999,0.35230894718676176,0.410296819525864,0.40647810458139755,0.3449930232006156,0.02629469587866411,0.12935333157481144,-2.8192817631169373,2.486580303846317,-2.921841313157002,-2.3302840836398757,-3.215787996382892,1.7111958757000287,0.410296819525864,0.4066019336591304,0.0036948858667336104,0.40647810458139755,0.38462373232685737,0.021854372254540178,0.3449930232006156,0.3355108188144286,0.009482204386186965,0.02629469587866411,0.26613731659889045,0.23984262072022633,0.12935333157481144,0.291133100165143,0.16177976859033155,727.0,0.3336397058823529,348.0,0.15946691176470587,44.0,0.019761029411764705,324.0,0.1484375,359.0,0.1645220588235294,0.019761029411764705,WACC_0p5_WRT_0p5,0.16516544117647058,138,False,,,False,False,False,False,False,87.0,0.3659574468085106
SPLL,RialtoBridgeTimelapse,1397,0.62,820,0.8250000000000001,0.2007748265100269,0,184,3201,86,5,0.532,0.8111204743894126,0.8051232688962121,0.8178479984836851,0.8058929912731903,0.2271423054173012,0.11441966607923136,-2.8192817631169373,2.486580303846317,-2.921841313157002,-2.3302840836398757,-3.215787996382892,1.7111958757000287,0.8051232688962121,0.507120057996872,0.2980032108993401,0.8178479984836851,0.45943457436843343,0.3584134241152516,0.8058929912731903,0.44095299177487024,0.36493999949832,0.2271423054173012,0.2468623030508453,0.019719997633544095,0.11441966607923136,0.18939272758708867,0.0749730615078573,2121.0,0.9742647058823529,1144.0,0.5252757352941176,499.0,0.22886029411764705,208.0,0.09512867647058823,44.0,0.019761029411764705,0.019761029411764705,WACC_0p9_WRT_0p1,0.3686580882352941,139,False,,,False,False,False,False,False,184.0,0.7787234042553192
SPLL,RialtoBridgeTimelapse,345,0.61,180,0.8,0.5584821501823984,0,58,2561,193,8,0.999,0.29938111227121206,0.36405639570760534,0.3587483820668147,0.2924312391788567,0.02510656762465993,0.12899496304447397,-2.8192817631169373,2.486580303846317,-2.921841313157002,-2.3302840836398757,-3.215787996382892,1.7111958757000287,0.36405639570760534,0.4213887813550169,0.057332385647411555,0.3587483820668147,0.3902096527414191,0.031461270674604414,0.2924312391788567,0.38222285957068214,0.08979162039182542,0.02510656762465993,0.2061428288044135,0.18103626117975358,0.12899496304447397,0.2078211263229391,0.07882616327846512,969.0,0.44485294117647056,393.0,0.1801470588235294,221.0,0.10110294117647059,45.0,0.02022058823529412,96.0,0.043658088235294115,0.02022058823529412,WACC_0p7_WRT_0p3,0.1579963235294118,140,False,,,False,False,False,False,False,58.0,0.2425531914893617
SPLL,RialtoBridgeTimelapse,1611,0.53,76,0.6000000000000002,0.7606806787519026,0,4,158,464,1,0.886,0.21820034356413204,0.1266088825898711,0.06510359190824845,0.2009315202087364,0.31610183847109147,0.35542413044137566,-2.8192817631169373,2.486580303846317,-2.921841313157002,-2.3302840836398757,-3.215787996382892,1.7111958757000287,0.1266088825898711,0.32916029078872705,0.20255140819885595,0.06510359190824845,0.3233981386436209,0.25829454673537244,0.2009315202087364,0.37861894458403955,0.17768742437530316,0.31610183847109147,0.38149145706499626,0.0653896185939048,0.35542413044137566,0.39503067553369947,0.03960654509232381,78.0,0.035386029411764705,45.0,0.02022058823529412,208.0,0.09512867647058823,929.0,0.4264705882352941,705.0,0.3235294117647059,0.02022058823529412,WACC_0p3_WRT_0p7,0.18014705882352938,141,False,,,False,False,False,False,False,4.0,0.01276595744680851
SPLL,RialtoBridgeTimelapse,165,0.62,160,0.8250000000000001,0.5861833286749027,0,41,465,178,1,0.586,0.28084551432462107,0.34027571247643434,0.3390294269850243,0.28066121599523064,0.011617585220384585,0.10611214113423519,-2.8192817631169373,2.486580303846317,-2.921841313157002,-2.3302840836398757,-3.215787996382892,1.7111958757000287,0.34027571247643434,0.3560495486719744,0.01577383619554007,0.3390294269850243,0.33626321386290364,0.0027662131221206643,0.28066121599523064,0.33623694376125796,0.055575727766027316,0.011617585220384585,0.2170535892963177,0.20543600407593313,0.10611214113423519,0.22431709647092385,0.11820495533668866,212.0,0.09696691176470588,75.0,0.03400735294117647,46.0,0.02068014705882353,78.0,0.035386029411764705,130.0,0.059283088235294115,0.02068014705882353,WACC_0p5_WRT_0p5,0.04926470588235295,142,False,,,False,False,False,False,False,41.0,0.1702127659574468
SPLL,RialtoBridgeTimelapse,521,0.64,288,0.8750000000000001,0.4477817676742642,0,2,308,91,1,0.999,0.5126281204309697,0.528625250735944,0.542447299887799,0.5232174024857109,0.13472492774054942,0.0652463822510519,-2.8192817631169373,2.486580303846317,-2.921841313157002,-2.3302840836398757,-3.215787996382892,1.7111958757000287,0.528625250735944,0.33103817236929295,0.19758707836665107,0.542447299887799,0.32518404984858107,0.21726325003921798,0.5232174024857109,0.35024696437886765,0.17297043810684326,0.13472492774054942,0.24303369094817096,0.10830876320762153,0.0652463822510519,0.2357664416627449,0.17052005941169301,90.0,0.04090073529411765,46.0,0.02068014705882353,98.0,0.04457720588235294,191.0,0.08731617647058823,163.0,0.0744485294117647,0.02068014705882353,WACC_0p3_WRT_0p7,0.053584558823529416,143,False,,,False,False,False,False,False,2.0,0.00425531914893617
SPLL,RialtoBridgeTimelapse,421,0.62,377,0.8250000000000001,0.3842691107242263,0,153,2516,90,1,0.999,0.5560670769514929,0.5813295599484984,0.5874612033001936,0.5534488205903405,0.12388725439177109,0.10979459229306454,-2.8192817631169373,2.486580303846317,-2.921841313157002,-2.3302840836398757,-3.215787996382892,1.7111958757000287,0.5813295599484984,0.4343788525390268,0.14695070740947164,0.5874612033001936,0.38603935719664434,0.20142184610354924,0.5534488205903405,0.3838215682383073,0.1696272523520332,0.12388725439177109,0.217417203088528,0.0935299486967569,0.10979459229306454,0.19083721278107355,0.081042620488009,1249.0,0.5735294117647058,357.0,0.1636029411764706,234.0,0.10707720588235294,80.0,0.03630514705882353,46.0,0.02068014705882353,0.02068014705882353,WACC_0p9_WRT_0p1,0.18023897058823526,144,False,,,False,False,False,False,False,153.0,0.6468085106382979
SPLL,RialtoBridgeTimelapse,302,0.54,217,0.6250000000000002,0.514479696108121,0,93,4325,2602,1,0.999,0.2441755402737392,0.3715958049838232,0.33104423936409694,0.18881837881601538,0.19596416292118635,0.29590233463655286,-2.8192817631169373,2.486580303846317,-2.921841313157002,-2.3302840836398757,-3.215787996382892,1.7111958757000287,0.3715958049838232,0.3202678699643331,0.05132793501949012,0.33104423936409694,0.36555833459884063,0.03451409523474369,0.18881837881601538,0.4629696977710689,0.2741513189550535,0.19596416292118635,0.40071615304307334,0.204751990121887,0.29590233463655286,0.4532890394006684,0.15738670476411554,46.0,0.02068014705882353,208.0,0.09512867647058823,627.0,0.28768382352941174,1100.0,0.5050551470588235,1072.0,0.4921875,0.02068014705882353,WACC_0p1_WRT_0p9,0.2801470588235294,145,False,,,False,False,False,False,False,93.0,0.39148936170212767
SPLL,RialtoBridgeTimelapse,405,0.62,251,0.8250000000000001,0.4801919527679605,0,100,4774,448,1,0.999,0.42430660497108086,0.4658301760292033,0.46848796595088726,0.4229379895634996,0.07032686272919646,0.10774226503069084,-2.8192817631169373,2.486580303846317,-2.921841313157002,-2.3302840836398757,-3.215787996382892,1.7111958757000287,0.4658301760292033,0.4181156152409848,0.04771456078821851,0.46848796595088726,0.39461684908278744,0.07387111686809983,0.4229379895634996,0.33706879337495566,0.08586919618854394,0.07032686272919646,0.24063460062840156,0.1703077378992051,0.10774226503069084,0.25837047888670406,0.15062821385601322,920.0,0.42233455882352944,423.0,0.19393382352941177,47.0,0.021139705882352942,182.0,0.08318014705882353,259.0,0.11856617647058823,0.021139705882352942,WACC_0p5_WRT_0p5,0.16783088235294116,146,False,,,False,False,False,False,False,100.0,0.42127659574468085
SPLL,RialtoBridgeTimelapse,301,0.59,135,0.75,0.6261052092984497,0,23,1626,1440,1,0.999,0.17821268330692802,0.27435174908703763,0.2558756163702985,0.15796863289714896,0.09582632169530186,0.17662898116945952,-2.8192817631169373,2.486580303846317,-2.921841313157002,-2.3302840836398757,-3.215787996382892,1.7111958757000287,0.27435174908703763,0.3205218566739887,0.04617010758695106,0.2558756163702985,0.33490648373435183,0.07903086736405335,0.15796863289714896,0.4174640053326311,0.25949537243548215,0.09582632169530186,0.3779718062388668,0.2821454845435649,0.17662898116945952,0.42506556705764187,0.24843658588818235,47.0,0.021139705882352942,69.0,0.03125,387.0,0.17738970588235295,900.0,0.4131433823529412,881.0,0.40441176470588236,0.021139705882352942,WACC_0p1_WRT_0p9,0.2094669117647059,147,False,,,False,False,False,False,False,23.0,0.09361702127659574
SPLL,RialtoBridgeTimelapse,1161,0.62,419,0.8250000000000001,0.3593434638584646,0,162,1034,133,10,0.093,0.5905181736850273,0.6115455748818953,0.6185754504963497,0.5875585966201443,0.1378590928119263,0.11038119946970702,-2.8192817631169373,2.486580303846317,-2.921841313157002,-2.3302840836398757,-3.215787996382892,1.7111958757000287,0.6115455748818953,0.47869956970417843,0.13284600517771689,0.6185754504963497,0.432732593724761,0.18584285677158863,0.5875585966201443,0.4306795612052178,0.15687903541492654,0.1378590928119263,0.20803470931924217,0.07017561650731588,0.11038119946970702,0.20051292762737363,0.09013172815766661,1973.0,0.90625,787.0,0.36121323529411764,449.0,0.20588235294117646,47.0,0.021139705882352942,74.0,0.03354779411764706,0.021139705882352942,WACC_0p7_WRT_0p3,0.3056066176470588,148,False,,,False,False,False,False,False,162.0,0.6851063829787234
SPLL,RialtoBridgeTimelapse,1748,0.6,882,0.775,0.1835516836295821,0,205,3634,87,9,0.17,0.7898921648268415,0.8010653203483112,0.8044405106493084,0.7721368053183817,0.1901652570075387,0.15773312957546737,-2.8192817631169373,2.486580303846317,-2.921841313157002,-2.3302840836398757,-3.215787996382892,1.7111958757000287,0.8010653203483112,0.5224543288619166,0.2786109914863947,0.8044405106493084,0.49905349809464195,0.3053870125546665,0.7721368053183817,0.44913860641861475,0.32299819889976694,0.1901652570075387,0.24607273377436434,0.05590747676682564,0.15773312957546737,0.19122695947632604,0.03349382990085867,2148.0,0.9866727941176471,1984.0,0.9113051470588235,550.0,0.2522977941176471,206.0,0.09420955882352941,47.0,0.021139705882352942,0.021139705882352942,WACC_0p9_WRT_0p1,0.453125,149,False,,,False,False,False,False,False,205.0,0.8680851063829788
SPLL,RialtoBridgeTimelapse,260,0.62,138,0.8250000000000001,0.6209433717076739,0,23,455,248,3,0.495,0.23449738497958736,0.2997949350170132,0.29723767589509564,0.23462376047169653,0.016507243380615228,0.1058321693515548,-2.8192817631169373,2.486580303846317,-2.921841313157002,-2.3302840836398757,-3.215787996382892,1.7111958757000287,0.2997949350170132,0.3604627653947323,0.06066783037771911,0.29723767589509564,0.32520643365455915,0.027968757759463503,0.23462376047169653,0.37156967696753523,0.1369459164958387,0.016507243380615228,0.27156030664007846,0.25505306325946325,0.1058321693515548,0.3068098397177533,0.20097767036619846,249.0,0.11397058823529412,48.0,0.021599264705882353,182.0,0.08318014705882353,353.0,0.16176470588235295,407.0,0.18658088235294118,0.021599264705882353,WACC_0p3_WRT_0p7,0.11341911764705884,150,False,,,False,False,False,False,False,23.0,0.09361702127659574
SPLL,RialtoBridgeTimelapse,416,0.62,402,0.8250000000000001,0.3691182983202596,0,158,4401,360,10,0.999,0.5769988963233298,0.5996875854247969,0.6063653640426045,0.5741738201673056,0.13237752014698137,0.11014908321375243,-2.8192817631169373,2.486580303846317,-2.921841313157002,-2.3302840836398757,-3.215787996382892,1.7111958757000287,0.5996875854247969,0.48648821949428384,0.11319936593051311,0.6063653640426045,0.4595206027492222,0.14684476129338236,0.5741738201673056,0.4168470421728108,0.15732677799449474,0.13237752014698137,0.20810744840545467,0.0757299282584733,0.11014908321375243,0.2322896825989993,0.12214059938524686,2040.0,0.9370404411764706,1145.0,0.5257352941176471,385.0,0.17647058823529413,48.0,0.021599264705882353,150.0,0.06847426470588236,0.021599264705882353,WACC_0p7_WRT_0p3,0.3458639705882353,151,False,,,False,False,False,False,False,158.0,0.6680851063829787
SPLL,RialtoBridgeTimelapse,1791,0.48,276,0.475,0.4578147129947271,0,132,4161,4686,1,0.852,0.23116202101697259,0.4104708282608269,0.3392008351037535,0.13193963490042238,0.34248156831037824,0.44652170726156254,-2.8192817631169373,2.486580303846317,-2.921841313157002,-2.3302840836398757,-3.215787996382892,1.7111958757000287,0.4104708282608269,0.32073075500251896,0.08974007325830796,0.3392008351037535,0.4003589650057657,0.06115812990201219,0.13193963490042238,0.5571588254656983,0.4252191905652759,0.34248156831037824,0.4982426456782927,0.15576107736791445,0.44652170726156254,0.5477380258936607,0.10121631863209818,48.0,0.021599264705882353,468.0,0.21461397058823528,1192.0,0.5473345588235294,2031.0,0.9329044117647058,1814.0,0.8331801470588235,0.021599264705882353,WACC_0p1_WRT_0p9,0.5099264705882353,152,False,,,False,False,False,False,False,132.0,0.5574468085106383
SPLL,RialtoBridgeTimelapse,632,0.63,133,0.8500000000000001,0.6296100858099285,0,6,400,176,7,0.999,0.24143781867729794,0.2982772480085245,0.30049503433014596,0.2481484569832542,0.01012102384500271,0.08313939331527209,-2.8192817631169373,2.486580303846317,-2.921841313157002,-2.3302840836398757,-3.215787996382892,1.7111958757000287,0.2982772480085245,0.34859321655271813,0.05031596854419362,0.30049503433014596,0.32538073109179894,0.024885696761652976,0.2481484569832542,0.386363926380638,0.1382154693973838,0.01012102384500271,0.25260670739567087,0.24248568355066816,0.08313939331527209,0.26101494292194277,0.17787554960667068,159.0,0.07261029411764706,49.0,0.022058823529411766,246.0,0.11259191176470588,249.0,0.11397058823529412,267.0,0.12224264705882353,0.022058823529411766,WACC_0p3_WRT_0p7,0.08869485294117647,153,False,,,False,False,False,False,False,6.0,0.02127659574468085
SPLL,RialtoBridgeTimelapse,338,0.62,165,0.8250000000000001,0.5789480602618828,0,45,3655,653,1,0.999,0.290543514182185,0.34875258555190985,0.34777664093086447,0.2902884596158237,0.015607064079989838,0.10619043813533453,-2.8192817631169373,2.486580303846317,-2.921841313157002,-2.3302840836398757,-3.215787996382892,1.7111958757000287,0.34875258555190985,0.37471220835251906,0.025959622800609206,0.34777664093086447,0.34323751612821957,0.0045391248026449005,0.2902884596158237,0.3375836767336047,0.04729521711778095,0.015607064079989838,0.3053572530677043,0.28975018898771443,0.10619043813533453,0.34409861348365406,0.23790817534831954,356.0,0.16314338235294118,117.0,0.05330882352941176,49.0,0.022058823529411766,488.0,0.22380514705882354,509.0,0.23345588235294118,0.022058823529411766,WACC_0p5_WRT_0p5,0.1391544117647059,154,False,,,False,False,False,False,False,45.0,0.18723404255319148
SPLL,RialtoBridgeTimelapse,974,0.62,513,0.8250000000000001,0.3115627859831549,0,178,882,83,5,0.6,0.656753420549456,0.6696519902981032,0.6784006505591621,0.653125828583913,0.16469490475636014,0.11154944751436527,-2.8192817631169373,2.486580303846317,-2.921841313157002,-2.3302840836398757,-3.215787996382892,1.7111958757000287,0.6696519902981032,0.4299803386433942,0.239671651654709,0.6784006505591621,0.39454904895203363,0.28385160160712847,0.653125828583913,0.40986442620330926,0.24326140238060373,0.16469490475636014,0.20954674918741206,0.04485184443105192,0.11154944751436527,0.19573214370029723,0.08418269618593197,1145.0,0.5257352941176471,421.0,0.19301470588235295,354.0,0.16222426470588236,49.0,0.022058823529411766,59.0,0.02665441176470588,0.022058823529411766,WACC_0p7_WRT_0p3,0.1859375,155,False,,,False,False,False,False,False,178.0,0.7531914893617021
SPLL,RialtoBridgeTimelapse,1489,0.61,486,0.8,0.3243281613190745,0,180,4684,187,9,0.612,0.6172085266754096,0.642289090938045,0.6455843039302507,0.6075683244500737,0.13439474110525707,0.13283460155907628,-2.8192817631169373,2.486580303846317,-2.921841313157002,-2.3302840836398757,-3.215787996382892,1.7111958757000287,0.642289090938045,0.5046552747847557,0.1376338161532893,0.6455843039302507,0.45861584142925454,0.18696846250099614,0.6075683244500737,0.4522021600348547,0.155366164415219,0.13439474110525707,0.21099841326014399,0.07660367215488692,0.13283460155907628,0.1915055745841707,0.058670973025094414,2116.0,0.9719669117647058,1126.0,0.5170036764705882,568.0,0.26056985294117646,56.0,0.025275735294117647,49.0,0.022058823529411766,0.022058823529411766,WACC_0p9_WRT_0p1,0.35937499999999994,156,False,,,False,False,False,False,False,180.0,0.7617021276595745
SPLL,RialtoBridgeTimelapse,204,0.62,162,0.8250000000000001,0.5832626145720154,0,43,437,166,1,0.001,0.2847584069826452,0.34369566835865606,0.34255860560917084,0.2845457734760056,0.013227711596502439,0.10614300117493193,-2.8192817631169373,2.486580303846317,-2.921841313157002,-2.3302840836398757,-3.215787996382892,1.7111958757000287,0.34369566835865606,0.3647969631359372,0.02110129477728112,0.34255860560917084,0.32565057123625774,0.016908034372913106,0.2845457734760056,0.33909016787167034,0.05454439439566472,0.013227711596502439,0.22200846231605073,0.2087807507195483,0.10614300117493193,0.20865966559880583,0.1025166644238739,288.0,0.13189338235294118,50.0,0.022518382352941176,55.0,0.024816176470588234,98.0,0.04457720588235294,98.0,0.04457720588235294,0.022518382352941176,WACC_0p3_WRT_0p7,0.05367647058823529,157,False,,,False,False,False,False,False,43.0,0.17872340425531916
SPLL,RialtoBridgeTimelapse,399,0.61,244,0.8,0.4868564734072778,0,110,1416,691,1,0.999,0.3953736511044632,0.44795898833554565,0.4453286781876643,0.38772605745888633,0.04397137191040694,0.1297609182122379,-2.8192817631169373,2.486580303846317,-2.921841313157002,-2.3302840836398757,-3.215787996382892,1.7111958757000287,0.44795898833554565,0.35771981828672605,0.0902391700488196,0.4453286781876643,0.3411806308957648,0.10414804729189953,0.38772605745888633,0.33798676976702646,0.04973928769185987,0.04397137191040694,0.29952860360556616,0.2555572316951592,0.1297609182122379,0.3345391334084144,0.2047782151961765,223.0,0.10202205882352941,107.0,0.04871323529411765,50.0,0.022518382352941176,465.0,0.21323529411764705,487.0,0.22334558823529413,0.022518382352941176,WACC_0p5_WRT_0p5,0.1219669117647059,158,False,,,False,False,False,False,False,110.0,0.46382978723404256
SPLL,RialtoBridgeTimelapse,1137,0.62,580,0.8250000000000001,0.282575864622391,0,181,4685,176,6,0.469,0.6970458449412578,0.7050065772790738,0.7147965139877703,0.6930056573114294,0.18100587944006385,0.1122814693615935,-2.8192817631169373,2.486580303846317,-2.921841313157002,-2.3302840836398757,-3.215787996382892,1.7111958757000287,0.7050065772790738,0.47994623179254686,0.22506034548652692,0.7147965139877703,0.4604754850424863,0.254321028945284,0.6930056573114294,0.45281328044022123,0.24019237687120815,0.18100587944006385,0.21516266227075045,0.0341567828306866,0.1122814693615935,0.1915833739181963,0.0793019045566028,1986.0,0.9122242647058824,1163.0,0.5340073529411765,571.0,0.2619485294117647,70.0,0.03170955882352941,50.0,0.022518382352941176,0.022518382352941176,WACC_0p9_WRT_0p1,0.3524816176470588,159,False,,,False,False,False,False,False,181.0,0.7659574468085106
SPLL,RialtoBridgeTimelapse,1138,0.44,152,0.3750000000000001,0.5982407067832671,0,41,1182,3654,1,0.878,0.40347560967669,0.269474682308578,0.1650339374040763,0.3411289179968863,0.5143057148043894,0.5800388239034774,-2.8192817631169373,2.486580303846317,-2.921841313157002,-2.3302840836398757,-3.215787996382892,1.7111958757000287,0.269474682308578,0.3220931534957897,0.05261847118721169,0.1650339374040763,0.3940721383203611,0.2290382009162848,0.3411289179968863,0.5511101128324114,0.20998119483552508,0.5143057148043894,0.4967984682096604,0.017507246594728965,0.5800388239034774,0.5518888653787666,0.028149958524710805,50.0,0.022518382352941176,416.0,0.19071691176470587,1134.0,0.5206801470588235,2022.0,0.9287683823529411,1854.0,0.8515625,0.022518382352941176,WACC_0p1_WRT_0p9,0.5028492647058823,160,False,,,False,False,False,False,False,41.0,0.1702127659574468
SPLL,RialtoBridgeTimelapse,386,0.62,158,0.8250000000000001,0.5891405526489926,0,39,379,145,10,0.999,0.27688647395612903,0.33681576815482184,0.3354587629434438,0.2767305425587594,0.009987796187554243,0.10608195404461569,-2.8192817631169373,2.486580303846317,-2.921841313157002,-2.3302840836398757,-3.215787996382892,1.7111958757000287,0.33681576815482184,0.36512155411164043,0.028305785956818597,0.3354587629434438,0.33621841472270014,0.000759651779256354,0.2767305425587594,0.33810925799913616,0.06137871544037676,0.009987796187554243,0.21783883512112254,0.2078510389335683,0.10608195404461569,0.19531642547801242,0.08923447143339673,292.0,0.13373161764705882,74.0,0.03354779411764706,51.0,0.02297794117647059,83.0,0.03768382352941176,57.0,0.025735294117647058,0.02297794117647059,WACC_0p5_WRT_0p5,0.05073529411764706,161,False,,,False,False,False,False,False,39.0,0.16170212765957448
SPLL,RialtoBridgeTimelapse,511,0.62,176,0.8250000000000001,0.5637689587379813,0,52,338,176,7,0.999,0.3109407701254937,0.3665877595706663,0.36617663500072495,0.3105314345196209,0.02398574320286904,0.10637384806754643,-2.8192817631169373,2.486580303846317,-2.921841313157002,-2.3302840836398757,-3.215787996382892,1.7111958757000287,0.3665877595706663,0.34529189316082404,0.021295866409842268,0.36617663500072495,0.3262878937930157,0.039888741207709244,0.3105314345196209,0.38287224658430674,0.07234081206468584,0.02398574320286904,0.26257806628851144,0.2385923230856424,0.10637384806754643,0.2621854154270915,0.15581156735954507,144.0,0.06571691176470588,51.0,0.02297794117647059,222.0,0.1015625,306.0,0.1401654411764706,274.0,0.1254595588235294,0.02297794117647059,WACC_0p3_WRT_0p7,0.0911764705882353,162,False,,,False,False,False,False,False,52.0,0.2170212765957447
SPLL,RialtoBridgeTimelapse,210,0.61,367,0.8,0.390611979597538,0,159,4211,274,1,0.669,0.5262078603416752,0.5625226415633838,0.5634165397586604,0.5174276986135348,0.09739639540523322,0.1314275351151927,-2.8192817631169373,2.486580303846317,-2.921841313157002,-2.3302840836398757,-3.215787996382892,1.7111958757000287,0.5625226415633838,0.42907369074387264,0.1334489508195112,0.5634165397586604,0.3926825660958195,0.17073397366284088,0.5174276986135348,0.35890730809374105,0.15852039051979372,0.09739639540523322,0.21018522608886162,0.1127888306836284,0.1314275351151927,0.24863118713917742,0.11720365202398472,1129.0,0.5183823529411765,405.0,0.18566176470588236,132.0,0.06020220588235294,51.0,0.02297794117647059,215.0,0.09834558823529412,0.02297794117647059,WACC_0p7_WRT_0p3,0.1771139705882353,163,False,,,False,False,False,False,False,159.0,0.6723404255319149
SPLL,RialtoBridgeTimelapse,1808,0.61,636,0.8,0.2608065086150019,0,192,4526,122,1,0.286,0.7049298572637868,0.7192212393430815,0.724806951400903,0.6944254442626869,0.1699814922846327,0.1343115244647029,-2.8192817631169373,2.486580303846317,-2.921841313157002,-2.3302840836398757,-3.215787996382892,1.7111958757000287,0.7192212393430815,0.5016760640062512,0.21754517533683027,0.724806951400903,0.4700753899927295,0.2547315614081735,0.6944254442626869,0.4351030075712124,0.25932243669147453,0.1699814922846327,0.2347395524557839,0.06475806017115121,0.1343115244647029,0.1916122039312383,0.05730067946653539,2108.0,0.9682904411764706,1352.0,0.6208639705882353,468.0,0.21461397058823528,147.0,0.06709558823529412,51.0,0.02297794117647059,0.02297794117647059,WACC_0p9_WRT_0p1,0.3787683823529412,164,False,,,False,False,False,False,False,192.0,0.8127659574468085
SPLL,RialtoBridgeTimelapse,43,0.53,136,0.6000000000000002,0.6243720525544902,0,27,1435,2380,1,0.936,0.1393730404148873,0.2555738891316901,0.20364654921882694,0.0826283284712686,0.2599237854341351,0.33091987615213675,-2.8192817631169373,2.486580303846317,-2.921841313157002,-2.3302840836398757,-3.215787996382892,1.7111958757000287,0.2555738891316901,0.32270934584219213,0.06713545671050203,0.20364654921882694,0.3774111612146675,0.17376461199584056,0.0826283284712686,0.5038256940673057,0.4211973655960371,0.2599237854341351,0.44523057274403566,0.18530678730990058,0.33091987615213675,0.49322207984839367,0.16230220369625692,51.0,0.02297794117647059,309.0,0.14154411764705882,843.0,0.3869485294117647,1585.0,0.7279411764705882,1384.0,0.6355698529411765,0.02297794117647059,WACC_0p1_WRT_0p9,0.38299632352941176,165,False,,,False,False,False,False,False,27.0,0.11063829787234042
SPLL,RialtoBridgeTimelapse,603,0.61,141,0.8,0.6158917597569257,0,26,315,183,7,0.999,0.22361107351631251,0.2979897502874923,0.2904712384980073,0.21707160696732997,0.040772168747441946,0.1288715031937329,-2.8192817631169373,2.486580303846317,-2.921841313157002,-2.3302840836398757,-3.215787996382892,1.7111958757000287,0.2979897502874923,0.34134487305247485,0.043355122764982545,0.2904712384980073,0.3267273841017857,0.03625614560377838,0.21707160696732997,0.38515546839066855,0.1680838614233386,0.040772168747441946,0.2725283843654849,0.23175621561804294,0.1288715031937329,0.2651795134316545,0.13630801023792163,124.0,0.05652573529411765,52.0,0.0234375,239.0,0.109375,359.0,0.1645220588235294,282.0,0.12913602941176472,0.0234375,WACC_0p3_WRT_0p7,0.09659926470588236,166,False,,,False,False,False,False,False,26.0,0.10638297872340426
SPLL,RialtoBridgeTimelapse,512,0.62,210,0.8250000000000001,0.5222007723553289,0,74,3800,646,1,0.999,0.367120940724916,0.41574782354908474,0.4168702510909884,0.3662546178935788,0.0469917658936734,0.10698890570736494,-2.8192817631169373,2.486580303846317,-2.921841313157002,-2.3302840836398757,-3.215787996382892,1.7111958757000287,0.41574782354908474,0.37937177703420405,0.03637604651488069,0.4168702510909884,0.350044658143661,0.06682559294732743,0.3662546178935788,0.3381237819053747,0.02813083598820415,0.0469917658936734,0.3008912257931936,0.25389945989952023,0.10698890570736494,0.3431639923408107,0.23617508663344575,407.0,0.18658088235294118,141.0,0.06433823529411764,52.0,0.0234375,472.0,0.21645220588235295,507.0,0.23253676470588236,0.0234375,WACC_0p5_WRT_0p5,0.14466911764705884,167,False,,,False,False,False,False,False,74.0,0.31063829787234043
SPLL,RialtoBridgeTimelapse,782,0.61,826,0.8,0.199052186587102,0,198,1136,60,8,0.446,0.7905944686465406,0.7943763871461582,0.802182732677446,0.7792227012618166,0.20468174979469364,0.1358340703482744,-2.8192817631169373,2.486580303846317,-2.921841313157002,-2.3302840836398757,-3.215787996382892,1.7111958757000287,0.7943763871461582,0.5159361188576546,0.27844026828850366,0.802182732677446,0.4637153453659934,0.3384673873114526,0.7792227012618166,0.47202169169747055,0.30720100956434604,0.20468174979469364,0.2595486304369786,0.05486688064228498,0.1358340703482744,0.19176488942537498,0.05593081907710057,2139.0,0.9825367647058824,1221.0,0.5606617647058824,677.0,0.31066176470588236,291.0,0.1332720588235294,52.0,0.0234375,0.0234375,WACC_0p9_WRT_0p1,0.40211397058823534,168,False,,,False,False,False,False,False,198.0,0.8382978723404255
SPLL,RialtoBridgeTimelapse,242,0.62,262,0.8250000000000001,0.4700843059283132,0,106,408,84,1,0.999,0.4381190122990469,0.4779318955755246,0.4809574990903891,0.43662468423027917,0.07595335474395512,0.10793928321917394,-2.8192817631169373,2.486580303846317,-2.921841313157002,-2.3302840836398757,-3.215787996382892,1.7111958757000287,0.4779318955755246,0.3454734884131115,0.13245840716241314,0.4809574990903891,0.33232954362670936,0.14862795546367974,0.43662468423027917,0.34860765879356276,0.08801702543671641,0.07595335474395512,0.21052960777464594,0.13457625303069082,0.10793928321917394,0.2058566911099669,0.09791740789079297,145.0,0.0661764705882353,61.0,0.027573529411764705,87.0,0.03952205882352941,53.0,0.02389705882352941,87.0,0.03952205882352941,0.02389705882352941,WACC_0p7_WRT_0p3,0.039338235294117646,169,False,,,False,False,False,False,False,106.0,0.44680851063829785
SPLL,RialtoBridgeTimelapse,395,0.62,476,0.8250000000000001,0.3292365290329727,0,172,2501,64,1,0.999,0.632225668889785,0.6481325976178097,0.6562458879266362,0.6288470700666521,0.15476086830933797,0.11111128029156842,-2.8192817631169373,2.486580303846317,-2.921841313157002,-2.3302840836398757,-3.215787996382892,1.7111958757000287,0.6481325976178097,0.453488368527266,0.19464422909054374,0.6562458879266362,0.399552473842707,0.2566934140839292,0.6288470700666521,0.4066887469677746,0.2221583230988775,0.15476086830933797,0.24055606109972036,0.08579519279038239,0.11111128029156842,0.19230138326108862,0.0811901029695202,1633.0,0.75,463.0,0.21231617647058823,332.0,0.15211397058823528,180.0,0.0822610294117647,53.0,0.02389705882352941,0.02389705882352941,WACC_0p9_WRT_0p1,0.2441176470588235,170,False,,,False,False,False,False,False,172.0,0.7276595744680852
SPLL,RialtoBridgeTimelapse,2014,0.33,260,0.1000000000000001,0.4718902294875823,0,128,74,3524,5,0.955,0.6756371756093993,0.37878831398044854,0.21588180859961845,0.5781548652457074,0.7905419043993381,0.8723325568012318,-2.8192817631169373,2.486580303846317,-2.921841313157002,-2.3302840836398757,-3.215787996382892,1.7111958757000287,0.37878831398044854,0.32316244384600484,0.0556258701344437,0.21588180859961845,0.42267158054847226,0.2067897719488538,0.5781548652457074,0.5586381195033135,0.019516745742393815,0.7905419043993381,0.5485242561902196,0.24201764820911853,0.8723325568012318,0.6194907029977026,0.2528418538035292,53.0,0.02389705882352941,664.0,0.3046875,1214.0,0.5574448529411765,2160.0,0.9921875,2159.0,0.9917279411764706,0.02389705882352941,WACC_0p1_WRT_0p9,0.5739889705882353,171,False,,,False,False,False,False,False,128.0,0.5404255319148936
SPLL,RialtoBridgeTimelapse,525,0.62,122,0.8250000000000001,0.6498740086880885,0,11,286,186,10,0.999,0.19626942225229185,0.2664552987362452,0.2627871887183749,0.1966092350437705,0.024390074243275387,0.10574801784573815,-2.8192817631169373,2.486580303846317,-2.921841313157002,-2.3302840836398757,-3.215787996382892,1.7111958757000287,0.2664552987362452,0.34922317198199815,0.08276787324575297,0.2627871887183749,0.3277153498541765,0.06492816113580158,0.1966092350437705,0.3623099780123139,0.1657007429685434,0.024390074243275387,0.26586014711257316,0.24147007286929778,0.10574801784573815,0.2506877572404782,0.14493973939474006,164.0,0.07490808823529412,54.0,0.024356617647058824,143.0,0.06525735294117647,321.0,0.14705882352941177,224.0,0.10248161764705882,0.024356617647058824,WACC_0p3_WRT_0p7,0.0828125,172,False,,,False,False,False,False,False,11.0,0.0425531914893617
SPLL,RialtoBridgeTimelapse,1203,0.41,297,0.3,0.4405267748292292,0,143,3160,4238,3,0.991,0.4042431807897097,0.4139661814615729,0.30275779580290724,0.2972277857342771,0.5364748380656567,0.6348594114870986,-2.8192817631169373,2.486580303846317,-2.921841313157002,-2.3302840836398757,-3.215787996382892,1.7111958757000287,0.4139661814615729,0.32389996533063403,0.09006621613093885,0.30275779580290724,0.4198711551788875,0.11711335937598027,0.2972277857342771,0.578050720877781,0.28082293514350387,0.5364748380656567,0.5022250941289146,0.03424974393674207,0.6348594114870986,0.5536666906299172,0.08119272085718132,54.0,0.024356617647058824,642.0,0.2945772058823529,1495.0,0.6865808823529411,2043.0,0.9384191176470589,1866.0,0.8570772058823529,0.024356617647058824,WACC_0p1_WRT_0p9,0.5602022058823529,173,False,,,False,False,False,False,False,143.0,0.6042553191489362
SPLL,RialtoBridgeTimelapse,495,0.63,204,0.8500000000000001,0.5290255197785925,0,28,279,86,1,0.999,0.37813618812184097,0.41797061008816583,0.42387369586109663,0.38366803008821676,0.0659507258865812,0.0848651614565052,-2.8192817631169373,2.486580303846317,-2.921841313157002,-2.3302840836398757,-3.215787996382892,1.7111958757000287,0.41797061008816583,0.33204525678699415,0.08592535330117168,0.42387369586109663,0.32773514990525493,0.0961385459558417,0.38366803008821676,0.3538335457275933,0.02983448436062347,0.0659507258865812,0.25569465260250934,0.18974392671592816,0.0848651614565052,0.24767137049969348,0.16280620904318827,95.0,0.043198529411764705,55.0,0.024816176470588234,110.0,0.050091911764705885,269.0,0.12316176470588236,212.0,0.09696691176470588,0.024816176470588234,WACC_0p3_WRT_0p7,0.06764705882352942,174,False,,,False,False,False,False,False,28.0,0.1148936170212766
SPLL,RialtoBridgeTimelapse,413,0.62,311,0.8250000000000001,0.4296656947056806,0,134,4599,359,1,0.999,0.4935315168418007,0.5264971509672823,0.5309888773384309,0.49151914335887925,0.0984951328547114,0.10877669424989354,-2.8192817631169373,2.486580303846317,-2.921841313157002,-2.3302840836398757,-3.215787996382892,1.7111958757000287,0.5264971509672823,0.428459773892102,0.09803737707518034,0.5309888773384309,0.40697266170493734,0.12401621563349358,0.49151914335887925,0.34841173785426366,0.1431074055046156,0.0984951328547114,0.21078875726364385,0.11229362440893245,0.10877669424989354,0.23877311276414034,0.12999641851424681,1113.0,0.5110294117647058,521.0,0.23897058823529413,86.0,0.0390625,55.0,0.024816176470588234,177.0,0.08088235294117647,0.024816176470588234,WACC_0p7_WRT_0p3,0.17895220588235294,175,False,,,False,False,False,False,False,134.0,0.5659574468085107
SPLL,RialtoBridgeTimelapse,2146,0.57,174,0.7,0.5664573380935396,0,59,4031,2296,1,0.998,0.2232341251474528,0.3292513236772812,0.30263835081033014,0.18906059406984557,0.13131896161416873,0.22362567483019166,-2.8192817631169373,2.486580303846317,-2.921841313157002,-2.3302840836398757,-3.215787996382892,1.7111958757000287,0.3292513236772812,0.32437636356359983,0.004874960113681381,0.30263835081033014,0.355654014624466,0.05301566381413586,0.18906059406984557,0.4492640921914628,0.26020349812161725,0.13131896161416873,0.388867605911173,0.25754864429700425,0.22362567483019166,0.4395454227306062,0.21591974790041454,55.0,0.024816176470588234,163.0,0.0744485294117647,551.0,0.25275735294117646,990.0,0.45450367647058826,972.0,0.4462316176470588,0.024816176470588234,WACC_0p1_WRT_0p9,0.2505514705882353,176,False,,,False,False,False,False,False,59.0,0.24680851063829787
SPLL,RialtoBridgeTimelapse,356,0.63,150,0.8500000000000001,0.6013535785033906,0,11,439,187,7,0.999,0.27956551965771437,0.3316338883899203,0.3348965175518505,0.2859719087406773,0.025747606974763373,0.08353660656412767,-2.8192817631169373,2.486580303846317,-2.921841313157002,-2.3302840836398757,-3.215787996382892,1.7111958757000287,0.3316338883899203,0.34901238129114215,0.017378492901221843,0.3348965175518505,0.3284483677998604,0.0064481497519900954,0.2859719087406773,0.39149759342811696,0.10552568468743967,0.025747606974763373,0.24987212356053126,0.22412451658576787,0.08353660656412767,0.2571018209667709,0.17356521440264325,161.0,0.07352941176470588,56.0,0.025275735294117647,268.0,0.12270220588235294,227.0,0.10386029411764706,253.0,0.11580882352941177,0.025275735294117647,WACC_0p3_WRT_0p7,0.08823529411764705,177,False,,,False,False,False,False,False,11.0,0.0425531914893617
SPLL,RialtoBridgeTimelapse,1086,0.45,330,0.4000000000000001,0.41568052881585,0,157,1797,4635,2,0.9,0.26924455068455844,0.44540631046551,0.3592755025515839,0.15317750994454868,0.41216338570544503,0.5219550558978264,-2.8192817631169373,2.486580303846317,-2.921841313157002,-2.3302840836398757,-3.215787996382892,1.7111958757000287,0.44540631046551,0.3245504615399361,0.12085584892557388,0.3592755025515839,0.4235758567170136,0.06430035416542967,0.15317750994454868,0.5710867571758819,0.41790924723133316,0.41216338570544503,0.5196535420806869,0.1074901563752419,0.5219550558978264,0.5767956654286371,0.05484060953081071,56.0,0.025275735294117647,672.0,0.3083639705882353,1387.0,0.6369485294117647,2117.0,0.9724264705882353,2027.0,0.9310661764705882,0.025275735294117647,WACC_0p1_WRT_0p9,0.5748161764705882,178,False,,,False,False,False,False,False,157.0,0.6638297872340425
SPLL,RialtoBridgeTimelapse,619,0.63,202,0.8500000000000001,0.5313448995078442,0,27,340,159,7,0.999,0.37495706918660765,0.4151843826562975,0.42100332279380004,0.3805185868742215,0.0646573605972994,0.08481727366676933,-2.8192817631169373,2.486580303846317,-2.921841313157002,-2.3302840836398757,-3.215787996382892,1.7111958757000287,0.4151843826562975,0.3446078037832791,0.07057657887301838,0.42100332279380004,0.3289873895039203,0.09201593328987973,0.3805185868742215,0.37972956359836035,0.000789023275861167,0.0646573605972994,0.2531657013111817,0.1885083407138823,0.08481727366676933,0.2528027870143386,0.16798551334756928,141.0,0.06433823529411764,57.0,0.025735294117647058,210.0,0.09604779411764706,254.0,0.11626838235294118,234.0,0.10707720588235294,0.025735294117647058,WACC_0p3_WRT_0p7,0.08189338235294116,179,False,,,False,False,False,False,False,27.0,0.11063829787234042
SPLL,RialtoBridgeTimelapse,72,0.6,113,0.775,0.6678503622801433,0,10,2413,429,1,0.652,0.1406434289799995,0.23390403022367381,0.21897717235874845,0.1273300742795764,0.08157183650635276,0.15350248108973377,-2.8192817631169373,2.486580303846317,-2.921841313157002,-2.3302840836398757,-3.215787996382892,1.7111958757000287,0.23390403022367381,0.3647965503029816,0.13089252007930777,0.21897717235874845,0.33965022936629324,0.1206730570075448,0.1273300742795764,0.33939917217612076,0.21206909789654435,0.08157183650635276,0.322679308999652,0.24110747249329928,0.15350248108973377,0.34063781299288476,0.187135331903151,287.0,0.13143382352941177,98.0,0.04457720588235294,57.0,0.025735294117647058,567.0,0.2601102941176471,501.0,0.22977941176470587,0.025735294117647058,WACC_0p5_WRT_0p5,0.13832720588235295,180,False,,,False,False,False,False,False,10.0,0.03829787234042553
SPLL,RialtoBridgeTimelapse,716,0.61,523,0.8,0.3070043629219752,0,184,4220,183,5,0.364,0.6410872841719102,0.663227601192466,0.6671483124560056,0.6312147272824048,0.144088308767883,0.13322671627129182,-2.8192817631169373,2.486580303846317,-2.921841313157002,-2.3302840836398757,-3.215787996382892,1.7111958757000287,0.663227601192466,0.4840176446594399,0.17920995653302613,0.6671483124560056,0.43706050328690715,0.23008780916909843,0.6312147272824048,0.4141200935993059,0.2170946336830989,0.144088308767883,0.21125182125871772,0.06716351249083471,0.13322671627129182,0.20636522561933776,0.07313850934804594,2021.0,0.9283088235294118,826.0,0.3791360294117647,366.0,0.16773897058823528,57.0,0.025735294117647058,92.0,0.04181985294117647,0.025735294117647058,WACC_0p7_WRT_0p3,0.30854779411764705,181,False,,,False,False,False,False,False,184.0,0.7787234042553192
SPLL,RialtoBridgeTimelapse,1588,0.44,239,0.3750000000000001,0.491734477925671,0,114,1259,4866,3,0.992,0.3407555796418914,0.36912379416020863,0.27243959672410617,0.24791547755421964,0.46916720199936346,0.5594317885025938,-2.8192817631169373,2.486580303846317,-2.921841313157002,-2.3302840836398757,-3.215787996382892,1.7111958757000287,0.36912379416020863,0.3246065205830758,0.04451727357713281,0.27243959672410617,0.43221369773194324,0.15977410100783707,0.24791547755421964,0.5851396631437977,0.3372241855895781,0.46916720199936346,0.5264632584629251,0.05729605646356162,0.5594317885025938,0.5796137655805322,0.02018197707793845,57.0,0.025735294117647058,781.0,0.3584558823529412,1600.0,0.7348345588235294,2127.0,0.9770220588235294,2037.0,0.9356617647058824,0.025735294117647058,WACC_0p1_WRT_0p9,0.6063419117647059,182,False,,,False,False,False,False,False,114.0,0.4808510638297872
SPLL,RialtoBridgeTimelapse,366,0.63,161,0.8500000000000001,0.5847184643199843,0,16,384,155,10,0.999,0.3021222372561926,0.35137994565085223,0.3552534978449535,0.30833817937316815,0.03496917269130672,0.08380743186272248,-2.8192817631169373,2.486580303846317,-2.921841313157002,-2.3302840836398757,-3.215787996382892,1.7111958757000287,0.35137994565085223,0.3656894737411376,0.01430952809028535,0.3552534978449535,0.33836661512933447,0.016886882715619056,0.30833817937316815,0.33948074775317605,0.031142568380007896,0.03496917269130672,0.22210426110508857,0.18713508841378185,0.08380743186272248,0.1964678336175565,0.11266040175483401,298.0,0.13648897058823528,86.0,0.0390625,58.0,0.02619485294117647,100.0,0.04549632352941176,62.0,0.02803308823529412,0.02619485294117647,WACC_0p5_WRT_0p5,0.05505514705882353,183,False,,,False,False,False,False,False,16.0,0.06382978723404255
SPLL,RialtoBridgeTimelapse,526,0.62,142,0.8250000000000001,0.6142315786458887,0,26,2342,148,1,0.999,0.2434133848138594,0.30757774064746446,0.3052753864515726,0.24348392427997353,0.014688534992542199,0.10587255855948396,-2.8192817631169373,2.486580303846317,-2.921841313157002,-2.3302840836398757,-3.215787996382892,1.7111958757000287,0.30757774064746446,0.3884544506294982,0.08087670998203372,0.3052753864515726,0.34763994864316333,0.04236456219159074,0.24348392427997353,0.3451737252711243,0.10168980099115074,0.014688534992542199,0.2204852869096622,0.20579675191712002,0.10587255855948396,0.19568379762078214,0.08981123906129818,491.0,0.22518382352941177,129.0,0.058823529411764705,73.0,0.03308823529411765,90.0,0.04090073529411765,58.0,0.02619485294117647,0.02619485294117647,WACC_0p9_WRT_0p1,0.07683823529411764,184,False,,,False,False,False,False,False,26.0,0.10638297872340426
SPLL,RialtoBridgeTimelapse,502,0.61,125,0.8,0.6441731343402461,0,15,312,183,10,0.999,0.18676892017352287,0.2659449042517263,0.25730374530082056,0.1803597532183012,0.048616066255645865,0.12904892436695134,-2.8192817631169373,2.486580303846317,-2.921841313157002,-2.3302840836398757,-3.215787996382892,1.7111958757000287,0.2659449042517263,0.3515798827024969,0.08563497845077062,0.25730374530082056,0.33047983340952536,0.0731760881087048,0.1803597532183012,0.3582728819578964,0.17791312873959522,0.048616066255645865,0.26750000597794615,0.2188839397223003,0.12904892436695134,0.2496862863358407,0.12063736196888936,174.0,0.07950367647058823,58.0,0.02619485294117647,129.0,0.058823529411764705,331.0,0.15165441176470587,220.0,0.10064338235294118,0.02619485294117647,WACC_0p3_WRT_0p7,0.08336397058823529,185,False,,,False,False,False,False,False,15.0,0.059574468085106386
SPLL,RialtoBridgeTimelapse,1850,0.56,93,0.6750000000000003,0.7134865157377193,0,7,1337,1714,1,0.982,0.0965754523584601,0.17380073585878045,0.13402472455516706,0.0653197602386821,0.2069042801650714,0.26077013287095974,-2.8192817631169373,2.486580303846317,-2.921841313157002,-2.3302840836398757,-3.215787996382892,1.7111958757000287,0.17380073585878045,0.3247460474586046,0.15094531159982413,0.13402472455516706,0.3556440794700442,0.22161935491487716,0.0653197602386821,0.431576112518478,0.3662563522797959,0.2069042801650714,0.38125736560439366,0.17435308543932226,0.26077013287095974,0.4361536225344404,0.17538348966348066,58.0,0.02619485294117647,162.0,0.0739889705882353,453.0,0.20772058823529413,927.0,0.4255514705882353,955.0,0.4384191176470588,0.02619485294117647,WACC_0p1_WRT_0p9,0.234375,186,False,,,False,False,False,False,False,7.0,0.02553191489361702
SPLL,RialtoBridgeTimelapse,536,0.62,185,0.8250000000000001,0.5520355704497459,0,57,338,154,7,0.999,0.32675296059926945,0.3804190749720288,0.3804426154572031,0.3262194048275449,0.030470704904119357,0.10653186898209178,-2.8192817631169373,2.486580303846317,-2.921841313157002,-2.3302840836398757,-3.215787996382892,1.7111958757000287,0.3804190749720288,0.34522331445805693,0.035195760513971885,0.3804426154572031,0.33057789524514625,0.049864720212056846,0.3262194048275449,0.37726474999570875,0.051045345168163836,0.030470704904119357,0.25252354860541437,0.22205284370129502,0.10653186898209178,0.2484287904450961,0.1418969214630043,143.0,0.06525735294117647,59.0,0.02665441176470588,202.0,0.09237132352941177,248.0,0.1135110294117647,214.0,0.0978860294117647,0.02665441176470588,WACC_0p3_WRT_0p7,0.0791360294117647,187,False,,,False,False,False,False,False,57.0,0.23829787234042554
SPLL,RialtoBridgeTimelapse,190,0.61,146,0.8,0.6077049623167738,0,30,2657,265,1,0.616,0.2343401514911609,0.30733295590504944,0.30013462041666833,0.22775295248414437,0.038519927199870456,0.1288533911410103,-2.8192817631169373,2.486580303846317,-2.921841313157002,-2.3302840836398757,-3.215787996382892,1.7111958757000287,0.30733295590504944,0.39801531341663043,0.09068235751158099,0.30013462041666833,0.3609084438284926,0.060773823411824246,0.22775295248414437,0.3397157256035267,0.11196277311938233,0.038519927199870456,0.24290825920667164,0.20438833200680118,0.1288533911410103,0.2682190225878772,0.13936563144686692,608.0,0.2789522058823529,182.0,0.08318014705882353,59.0,0.02665441176470588,188.0,0.0859375,289.0,0.1323529411764706,0.02665441176470588,WACC_0p5_WRT_0p5,0.12141544117647059,188,False,,,False,False,False,False,False,30.0,0.12340425531914893
SPLL,RialtoBridgeTimelapse,556,0.62,265,0.8250000000000001,0.4674010086843854,0,109,1032,232,10,0.001,0.44178900050781744,0.4811476360874052,0.48427079576951787,0.4402610201326907,0.07744776942339911,0.10799248913228478,-2.8192817631169373,2.486580303846317,-2.921841313157002,-2.3302840836398757,-3.215787996382892,1.7111958757000287,0.4811476360874052,0.4949044809166107,0.013756844829205528,0.48427079576951787,0.4511716664507184,0.03309912931879949,0.4402610201326907,0.4363373545036983,0.003923665628992379,0.07744776942339911,0.21205162312144946,0.13460385369805034,0.10799248913228478,0.21738489487743748,0.1093924057451527,2086.0,0.9581801470588235,1016.0,0.4664522058823529,477.0,0.21875,59.0,0.02665441176470588,111.0,0.050551470588235295,0.02665441176470588,WACC_0p7_WRT_0p3,0.34411764705882353,189,False,,,False,False,False,False,False,109.0,0.4595744680851064
SPLL,RialtoBridgeTimelapse,1642,0.45,364,0.4000000000000001,0.3925484829405364,0,164,3326,4285,2,0.912,0.26994899155688523,0.4686024843525062,0.38377739876014194,0.14924773921938098,0.404087219776146,0.5195082936558532,-2.8192817631169373,2.486580303846317,-2.921841313157002,-2.3302840836398757,-3.215787996382892,1.7111958757000287,0.4686024843525062,0.3250651236932335,0.1435373606592727,0.38377739876014194,0.41748446261128913,0.03370706385114719,0.14924773921938098,0.5613929095995419,0.41214517038016096,0.404087219776146,0.49616132347573666,0.09207410369959068,0.5195082936558532,0.5543523119992119,0.03484401834335871,59.0,0.02665441176470588,615.0,0.2821691176470588,1247.0,0.5726102941176471,2019.0,0.9273897058823529,1873.0,0.8602941176470589,0.02665441176470588,WACC_0p1_WRT_0p9,0.5338235294117647,190,False,,,False,False,False,False,False,164.0,0.6936170212765957
SPLL,RialtoBridgeTimelapse,382,0.63,164,0.8500000000000001,0.580377519822145,0,18,414,163,10,0.999,0.3080206854935228,0.3565446748970563,0.3605772234874762,0.3141857315125656,0.03737811827101882,0.08388200663331313,-2.8192817631169373,2.486580303846317,-2.921841313157002,-2.3302840836398757,-3.215787996382892,1.7111958757000287,0.3565446748970563,0.363729396470726,0.007184721573669672,0.3605772234874762,0.3402468729974038,0.02033035049007237,0.3141857315125656,0.3398697595368311,0.02568402802426545,0.03737811827101882,0.22217775129026526,0.18479963301924646,0.08388200663331313,0.20104514214217997,0.11716313550886684,275.0,0.12591911764705882,104.0,0.04733455882352941,60.0,0.027113970588235295,101.0,0.04595588235294118,77.0,0.034926470588235295,0.027113970588235295,WACC_0p5_WRT_0p5,0.05625,191,False,,,False,False,False,False,False,18.0,0.07234042553191489
SPLL,RialtoBridgeTimelapse,349,0.62,133,0.8250000000000001,0.6296100858099285,0,19,370,196,10,0.999,0.22300985836652987,0.28977104201595527,0.2868831801688089,0.22320501858766925,0.018860827681323907,0.10579094986408928,-2.8192817631169373,2.486580303846317,-2.921841313157002,-2.3302840836398757,-3.215787996382892,1.7111958757000287,0.28977104201595527,0.3517401533569787,0.06196911134102345,0.2868831801688089,0.3317343568389134,0.044851176670104465,0.22320501858766925,0.36054630129501786,0.1373412827073486,0.018860827681323907,0.2556503193526406,0.2367894916713167,0.10579094986408928,0.24410481064627912,0.13831386078218982,176.0,0.08042279411764706,60.0,0.027113970588235295,139.0,0.06341911764705882,267.0,0.12224264705882353,196.0,0.0896139705882353,0.027113970588235295,WACC_0p3_WRT_0p7,0.0765625,192,False,,,False,False,False,False,False,19.0,0.07659574468085106
SPLL,RialtoBridgeTimelapse,477,0.61,156,0.8,0.5921352108313891,0,38,2425,218,10,0.999,0.2548181597038548,0.3251777621606633,0.31858331852769517,0.24812941322190687,0.03425538247783451,0.12885462756720636,-2.8192817631169373,2.486580303846317,-2.921841313157002,-2.3302840836398757,-3.215787996382892,1.7111958757000287,0.3251777621606633,0.3976783871238141,0.0725006249631508,0.31858331852769517,0.3670864335246116,0.04850311499691645,0.24812941322190687,0.3574508332060437,0.10932141998413683,0.03425538247783451,0.21298223356533003,0.17872685108749553,0.12885462756720636,0.2174336658536643,0.08857903828645794,603.0,0.2766544117647059,224.0,0.10248161764705882,126.0,0.05744485294117647,60.0,0.027113970588235295,112.0,0.051011029411764705,0.027113970588235295,WACC_0p7_WRT_0p3,0.10294117647058823,193,False,,,False,False,False,False,False,38.0,0.1574468085106383
SPLL,RialtoBridgeTimelapse,1996,0.52,115,0.5750000000000002,0.6637359135750507,0,15,3562,2994,1,0.895,0.19142191532449507,0.21563799333779932,0.1553156895381269,0.1467649178671393,0.3037258893393028,0.36403396284430956,-2.8192817631169373,2.486580303846317,-2.921841313157002,-2.3302840836398757,-3.215787996382892,1.7111958757000287,0.21563799333779932,0.32520154853743954,0.10956355519964023,0.1553156895381269,0.3740540313769408,0.2187383418388139,0.1467649178671393,0.4999823647667162,0.3532174468995769,0.3037258893393028,0.44113625760977004,0.13741036827046726,0.36403396284430956,0.4801691709247088,0.11613520808039923,60.0,0.027113970588235295,284.0,0.13005514705882354,820.0,0.37637867647058826,1542.0,0.7081801470588235,1271.0,0.5836397058823529,0.027113970588235295,WACC_0p1_WRT_0p9,0.3650735294117647,194,False,,,False,False,False,False,False,15.0,0.059574468085106386
SPLL,RialtoBridgeTimelapse,407,0.61,175,0.8,0.5651093296745381,0,54,2577,185,1,0.999,0.29057499974868706,0.3563691592682556,0.3508095948597724,0.28368058228824344,0.026901853410631744,0.12895401638435017,-2.8192817631169373,2.486580303846317,-2.921841313157002,-2.3302840836398757,-3.215787996382892,1.7111958757000287,0.3563691592682556,0.3776678262780427,0.02129866700978711,0.3508095948597724,0.33980132096160937,0.011008273898163057,0.28368058228824344,0.34782490092763535,0.0641443186393919,0.026901853410631744,0.21340048598058534,0.18649863256995358,0.12895401638435017,0.2061474955215642,0.07719347913721403,391.0,0.1792279411764706,99.0,0.04503676470588235,85.0,0.03860294117647059,61.0,0.027573529411764705,90.0,0.04090073529411765,0.027573529411764705,WACC_0p7_WRT_0p3,0.06626838235294118,195,False,,,False,False,False,False,False,54.0,0.225531914893617
SPLL,RialtoBridgeTimelapse,209,0.62,157,0.8250000000000001,0.5906331433253553,0,38,2645,229,1,0.795,0.2748893090771933,0.3350705105491131,0.33365757054496065,0.27474756958087426,0.00916537610762587,0.10606713051261298,-2.8192817631169373,2.486580303846317,-2.921841313157002,-2.3302840836398757,-3.215787996382892,1.7111958757000287,0.3350705105491131,0.3861301710379909,0.051059660488877834,0.33365757054496065,0.3629911535456105,0.029333583000649865,0.27474756958087426,0.34024548915986746,0.0654979195789932,0.00916537610762587,0.23267178664674612,0.22350641053912024,0.10606713051261298,0.24202109331995694,0.13595396280734395,471.0,0.21599264705882354,188.0,0.0859375,61.0,0.027573529411764705,138.0,0.06295955882352941,190.0,0.08685661764705882,0.027573529411764705,WACC_0p5_WRT_0p5,0.09586397058823529,196,False,,,False,False,False,False,False,38.0,0.1574468085106383
SPLL,RialtoBridgeTimelapse,1277,0.59,1114,0.75,0.1283624449147771,0,208,3046,45,6,0.922,0.8444012323620659,0.8562029951557911,0.8565717273959532,0.8196938308934711,0.19799228392146,0.18064582697969445,-2.8192817631169373,2.486580303846317,-2.921841313157002,-2.3302840836398757,-3.215787996382892,1.7111958757000287,0.8562029951557911,0.5132275901792664,0.3429754049765247,0.8565717273959532,0.4742541562720904,0.38231757112386283,0.8196938308934711,0.466403388344462,0.35329044254900915,0.19799228392146,0.2581143275019684,0.06012204358050838,0.18064582697969445,0.19634552711250047,0.015699700132806027,2136.0,0.9811580882352942,1436.0,0.6594669117647058,644.0,0.29549632352941174,287.0,0.13143382352941177,61.0,0.027573529411764705,0.027573529411764705,WACC_0p9_WRT_0p1,0.4190257352941176,197,False,,,False,False,False,False,False,208.0,0.8808510638297873
SPLL,RialtoBridgeTimelapse,695,0.42,237,0.325,0.4937141952312432,0,111,385,2603,2,0.938,0.4037287918519127,0.3647399629492856,0.2558868912091531,0.31193264443381097,0.5286805243120957,0.615949253359233,-2.8192817631169373,2.486580303846317,-2.921841313157002,-2.3302840836398757,-3.215787996382892,1.7111958757000287,0.3647399629492856,0.32540789650619123,0.03933206644309439,0.2558868912091531,0.4109844665838734,0.1550975753747203,0.31193264443381097,0.5334266812406134,0.22149403680680246,0.5286805243120957,0.49208379350379206,0.03659673080830361,0.615949253359233,0.5516170901755949,0.0643321631836381,61.0,0.027573529411764705,552.0,0.2532169117647059,997.0,0.4577205882352941,1988.0,0.9131433823529411,1852.0,0.8506433823529411,0.027573529411764705,WACC_0p1_WRT_0p9,0.5004595588235293,198,False,,,False,False,False,False,False,111.0,0.46808510638297873
SPLL,RialtoBridgeTimelapse,343,0.61,104,0.8,0.6873058270030358,0,7,437,311,1,0.453,0.1313288175082725,0.2178692444381843,0.20745085918860234,0.1249884806623292,0.06083611512984791,0.12975218702125904,-2.8192817631169373,2.486580303846317,-2.921841313157002,-2.3302840836398757,-3.215787996382892,1.7111958757000287,0.2178692444381843,0.3698422450832188,0.15197300064503447,0.20745085918860234,0.33278620591719565,0.1253353467285933,0.1249884806623292,0.3638698187742812,0.238881338111952,0.06083611512984791,0.25129134900659583,0.19045523387674793,0.12975218702125904,0.27869085164298774,0.1489386646217287,323.0,0.1479779411764706,62.0,0.02803308823529412,152.0,0.06939338235294118,238.0,0.10891544117647059,327.0,0.14981617647058823,0.02803308823529412,WACC_0p3_WRT_0p7,0.10082720588235294,199,False,,,False,False,False,False,False,7.0,0.02553191489361702
SPLL,RialtoBridgeTimelapse,484,0.62,278,0.8250000000000001,0.4561127284060119,0,117,4435,471,1,0.999,0.45724226498494863,0.494689437496338,0.4982226270652633,0.4555714967578974,0.08373789745931012,0.10822025318042998,-2.8192817631169373,2.486580303846317,-2.921841313157002,-2.3302840836398757,-3.215787996382892,1.7111958757000287,0.494689437496338,0.4021270313983259,0.09256240609801208,0.4982226270652633,0.3812857778506619,0.1169368492146014,0.4555714967578974,0.34060258129972815,0.11496891545816923,0.08373789745931012,0.25430336287088695,0.17056546541157683,0.10822025318042998,0.2735967368098046,0.16537648362937463,660.0,0.30284926470588236,331.0,0.15165441176470587,62.0,0.02803308823529412,262.0,0.11994485294117647,313.0,0.14338235294117646,0.02803308823529412,WACC_0p5_WRT_0p5,0.14917279411764706,200,False,,,False,False,False,False,False,117.0,0.49361702127659574
SPLL,RialtoBridgeTimelapse,60,0.53,155,0.6000000000000002,0.5936468762779661,0,42,4039,3105,3,0.999,0.1341524076825781,0.286272645101411,0.23610185656354776,0.07010923369740646,0.24909681430623556,0.32754770514147674,-2.8192817631169373,2.486580303846317,-2.921841313157002,-2.3302840836398757,-3.215787996382892,1.7111958757000287,0.286272645101411,0.325445543386543,0.03917289828513204,0.23610185656354776,0.3929654450451372,0.15686358848158943,0.07010923369740646,0.5134327544235616,0.44332352072615516,0.24909681430623556,0.43964912635199616,0.1905523120457606,0.32754770514147674,0.486685341906348,0.15913763676487125,62.0,0.02803308823529412,406.0,0.18612132352941177,900.0,0.4131433823529412,1520.0,0.6980698529411765,1337.0,0.6139705882352942,0.02803308823529412,WACC_0p1_WRT_0p9,0.38786764705882354,201,False,,,False,False,False,False,False,42.0,0.17446808510638298
SPLL,RialtoBridgeTimelapse,337,0.62,141,0.8250000000000001,0.6158917597569257,0,25,2529,200,6,0.999,0.2412064257824415,0.305651060788566,0.30328574222471444,0.2412909769808503,0.015138091669852203,0.10586190706475063,-2.8192817631169373,2.486580303846317,-2.921841313157002,-2.3302840836398757,-3.215787996382892,1.7111958757000287,0.305651060788566,0.39495083616046844,0.08929977537190242,0.30328574222471444,0.36343204098424653,0.06014629875953209,0.2412909769808503,0.373467802636519,0.1321768256556687,0.015138091669852203,0.2136416717254708,0.1985035800556186,0.10586190706475063,0.2354431156941109,0.12958120862936026,566.0,0.25965073529411764,193.0,0.08823529411764706,186.0,0.08501838235294118,63.0,0.02849264705882353,161.0,0.07352941176470588,0.02849264705882353,WACC_0p7_WRT_0p3,0.10698529411764705,202,False,,,False,False,False,False,False,25.0,0.10212765957446808
SPLL,RialtoBridgeTimelapse,1279,0.61,372,0.8,0.3874192882612611,0,161,1224,197,10,0.729,0.5305764915650281,0.5663507232209817,0.5673606452918267,0.5217561210479869,0.09917496214677692,0.13149138466979143,-2.8192817631169373,2.486580303846317,-2.921841313157002,-2.3302840836398757,-3.215787996382892,1.7111958757000287,0.5663507232209817,0.4498932422669597,0.11645748095402197,0.5673606452918267,0.4365142970872903,0.13084634820453644,0.5217561210479869,0.40980810039558785,0.111948020652399,0.09917496214677692,0.2164723088082405,0.11729734666146359,0.13149138466979143,0.19653436729012147,0.06504298262033004,1579.0,0.7251838235294118,820.0,0.37637867647058826,353.0,0.16176470588235295,74.0,0.03354779411764706,63.0,0.02849264705882353,0.02849264705882353,WACC_0p9_WRT_0p1,0.2650735294117647,203,False,,,False,False,False,False,False,161.0,0.6808510638297872
SPLL,RialtoBridgeTimelapse,1362,0.53,342,0.6000000000000002,0.407255608721016,0,154,3993,3262,1,0.905,0.3636442309467584,0.4825150180866228,0.4413710968578771,0.3017347539322199,0.19059494822429396,0.31634397061583897,-2.8192817631169373,2.486580303846317,-2.921841313157002,-2.3302840836398757,-3.215787996382892,1.7111958757000287,0.4825150180866228,0.32545667586040194,0.15705834222622084,0.4413710968578771,0.3679071214549509,0.07346397540292621,0.3017347539322199,0.4940989862179373,0.19236423228571742,0.19059494822429396,0.4377830477228571,0.24718809949856313,0.31634397061583897,0.4843533320679782,0.16800936145213924,63.0,0.02849264705882353,230.0,0.1052389705882353,794.0,0.36443014705882354,1502.0,0.6897977941176471,1308.0,0.6006433823529411,0.02849264705882353,WACC_0p1_WRT_0p9,0.3577205882352941,204,False,,,False,False,False,False,False,154.0,0.6510638297872341
SPLL,RialtoBridgeTimelapse,517,0.63,150,0.8500000000000001,0.6013535785033906,0,11,334,132,10,0.999,0.27956551965771437,0.3316338883899203,0.3348965175518505,0.2859719087406773,0.025747606974763373,0.08353660656412767,-2.8192817631169373,2.486580303846317,-2.921841313157002,-2.3302840836398757,-3.215787996382892,1.7111958757000287,0.3316338883899203,0.3627333773594824,0.031099488969562106,0.3348965175518505,0.34399579440649264,0.009099276854642124,0.2859719087406773,0.3487889821143318,0.0628170733736545,0.025747606974763373,0.22151482332934952,0.19576721635458616,0.08353660656412767,0.19695703050768898,0.1134204239435613,260.0,0.11902573529411764,119.0,0.05422794117647059,88.0,0.03998161764705882,97.0,0.04411764705882353,64.0,0.028952205882352942,0.028952205882352942,WACC_0p9_WRT_0p1,0.0572610294117647,205,False,,,False,False,False,False,False,11.0,0.0425531914893617
SPLL,RialtoBridgeTimelapse,330,0.62,118,0.8250000000000001,0.6576953768035289,0,10,406,356,1,0.45,0.1859957893610387,0.2575048532164211,0.2535324871893595,0.18638468108206957,0.026535668263833575,0.10575379722664678,-2.8192817631169373,2.486580303846317,-2.921841313157002,-2.3302840836398757,-3.215787996382892,1.7111958757000287,0.2575048532164211,0.37712779756706977,0.11962294435064869,0.2535324871893595,0.33308029474455125,0.07954780755519175,0.18638468108206957,0.3764481205007986,0.19006343941872905,0.026535668263833575,0.27525591914753456,0.24872025088370098,0.10575379722664678,0.3064545800253915,0.2007007827987447,389.0,0.17830882352941177,64.0,0.028952205882352942,199.0,0.09099264705882353,373.0,0.17095588235294118,405.0,0.18566176470588236,0.028952205882352942,WACC_0p3_WRT_0p7,0.13097426470588236,206,False,,,False,False,False,False,False,10.0,0.03829787234042553
SPLL,RialtoBridgeTimelapse,229,0.61,556,0.8,0.2925558964317242,0,187,4800,157,1,0.575,0.6610294232679456,0.6807162237981654,0.6851581029224068,0.6509610627097117,0.1521799008676011,0.13356020366124713,-2.8192817631169373,2.486580303846317,-2.921841313157002,-2.3302840836398757,-3.215787996382892,1.7111958757000287,0.6807162237981654,0.4820857453035745,0.19863047849459092,0.6851581029224068,0.4431202320878022,0.24203787083460454,0.6509610627097117,0.39983330149664636,0.2511277612130653,0.1521799008676011,0.21453914503946503,0.06235924417186392,0.13356020366124713,0.2176329511548867,0.08407274749363958,2002.0,0.9195772058823529,904.0,0.4149816176470588,303.0,0.13878676470588236,65.0,0.029411764705882353,114.0,0.05193014705882353,0.029411764705882353,WACC_0p7_WRT_0p3,0.3109375,207,False,,,False,False,False,False,False,187.0,0.7914893617021277
SPLL,RialtoBridgeTimelapse,398,0.55,1875,0.6500000000000002,0.005275527025865,0,213,2479,8,1,0.999,0.9298169048407647,0.9606253821223666,0.9453962122061939,0.878449740242216,0.1751467417907101,0.27060596601245324,-2.8192817631169373,2.486580303846317,-2.921841313157002,-2.3302840836398757,-3.215787996382892,1.7111958757000287,0.9606253821223666,0.5275048330206009,0.4331205491017657,0.9453962122061939,0.4533037781231936,0.49209243408300024,0.878449740242216,0.4491063118987534,0.4293434283434626,0.1751467417907101,0.2694015505141596,0.09425480872344949,0.27060596601245324,0.19722077617216593,0.0733851898402873,2155.0,0.9898897058823529,1044.0,0.47931985294117646,549.0,0.25183823529411764,345.0,0.15808823529411764,65.0,0.029411764705882353,0.029411764705882353,WACC_0p9_WRT_0p1,0.3817095588235294,208,False,,,False,False,False,False,False,213.0,0.902127659574468
SPLL,RialtoBridgeTimelapse,528,0.62,131,0.8250000000000001,0.6331676692030894,0,17,349,176,10,0.999,0.21830293038825496,0.28566507326937157,0.2826409965363937,0.2185251843156995,0.019828760467669335,0.1057777988273792,-2.8192817631169373,2.486580303846317,-2.921841313157002,-2.3302840836398757,-3.215787996382892,1.7111958757000287,0.28566507326937157,0.35566551900944765,0.07000044574007608,0.2826409965363937,0.3338638632270905,0.05122286669069681,0.2185251843156995,0.351796369452593,0.1332711851368935,0.019828760467669335,0.2540292153879068,0.23420045492023744,0.1057777988273792,0.23847322259427553,0.13269542376689633,209.0,0.09558823529411764,66.0,0.029871323529411766,104.0,0.04733455882352941,260.0,0.11902573529411764,176.0,0.08042279411764706,0.029871323529411766,WACC_0p3_WRT_0p7,0.0744485294117647,209,False,,,False,False,False,False,False,17.0,0.06808510638297872
SPLL,RialtoBridgeTimelapse,183,0.61,302,0.8,0.4365903306405303,0,137,965,221,1,0.609,0.4634837877704633,0.5075769710002187,0.506794577815128,0.45526581805440064,0.07182636332642625,0.13056263190488776,-2.8192817631169373,2.486580303846317,-2.921841313157002,-2.3302840836398757,-3.215787996382892,1.7111958757000287,0.5075769710002187,0.4046146554533525,0.10296231554686619,0.506794577815128,0.35118822668784555,0.1556063511272825,0.45526581805440064,0.3504609901409719,0.10480482791342877,0.07182636332642625,0.21461825396694698,0.14279189064052072,0.13056263190488776,0.22439239342265793,0.09382976151777017,696.0,0.3193933823529412,146.0,0.0666360294117647,99.0,0.04503676470588235,66.0,0.029871323529411766,131.0,0.05974264705882353,0.029871323529411766,WACC_0p7_WRT_0p3,0.1041360294117647,210,False,,,False,False,False,False,False,137.0,0.5787234042553191
SPLL,RialtoBridgeTimelapse,417,0.61,680,0.8,0.2450050481615805,0,193,2494,38,1,0.999,0.726816549005836,0.738420663855127,0.7445750456368077,0.7160924358824515,0.17885139561084512,0.1346940003368044,-2.8192817631169373,2.486580303846317,-2.921841313157002,-2.3302840836398757,-3.215787996382892,1.7111958757000287,0.738420663855127,0.4902889448005061,0.24813171905462084,0.7445750456368077,0.4293070353567403,0.31526801028006735,0.7160924358824515,0.42449754547596863,0.2915948904064829,0.17885139561084512,0.2545212200039867,0.07566982439314157,0.1346940003368044,0.1977489309678586,0.06305493063105419,2062.0,0.9471507352941176,739.0,0.3391544117647059,419.0,0.19209558823529413,263.0,0.12040441176470588,66.0,0.029871323529411766,0.029871323529411766,WACC_0p9_WRT_0p1,0.32573529411764707,211,False,,,False,False,False,False,False,193.0,0.8170212765957446
SPLL,RialtoBridgeTimelapse,1582,0.53,569,0.6000000000000002,0.2870978497546275,0,189,4631,3344,1,0.926,0.5175629391405222,0.6158707738777192,0.5797316580718543,0.4555647264838894,0.15633327313716436,0.31404054796714215,-2.8192817631169373,2.486580303846317,-2.921841313157002,-2.3302840836398757,-3.215787996382892,1.7111958757000287,0.6158707738777192,0.3259119518144223,0.2899588220632969,0.5797316580718543,0.3736403379295098,0.20609132014234455,0.4555647264838894,0.4975664348161221,0.04200170833223271,0.15633327313716436,0.42421051423139283,0.2678772410942285,0.31404054796714215,0.47374817325443064,0.1597076252872885,66.0,0.029871323529411766,281.0,0.12867647058823528,810.0,0.3717830882352941,1362.0,0.6254595588235294,1223.0,0.5615808823529411,0.029871323529411766,WACC_0p1_WRT_0p9,0.3434742647058823,212,False,,,False,False,False,False,False,189.0,0.8
SPLL,RialtoBridgeTimelapse,487,0.63,123,0.8500000000000001,0.6479584124934801,0,4,308,172,10,0.999,0.21682197929926164,0.2767582375868309,0.27829145464870875,0.22371456047819965,0.0,0.08293261097438076,-2.8192817631169373,2.486580303846317,-2.921841313157002,-2.3302840836398757,-3.215787996382892,1.7111958757000287,0.2767582375868309,0.3573528862814042,0.08059464869457333,0.27829145464870875,0.334086833508014,0.055795378859305245,0.22371456047819965,0.35362941327274156,0.1299148527945419,0.0,0.2567247230982192,0.2567247230982192,0.08293261097438076,0.24306501113613208,0.16013240016175131,217.0,0.09926470588235294,67.0,0.030330882352941176,109.0,0.04963235294117647,277.0,0.12683823529411764,193.0,0.08823529411764706,0.030330882352941176,WACC_0p3_WRT_0p7,0.07886029411764706,213,False,,,False,False,False,False,False,4.0,0.01276595744680851
SPLL,RialtoBridgeTimelapse,137,0.57,165,0.7,0.5789480602618828,0,51,4842,2079,1,0.999,0.20753836384113047,0.31572487247094466,0.2885577916019839,0.1733105295942978,0.13502016117596422,0.2240777770398209,-2.8192817631169373,2.486580303846317,-2.921841313157002,-2.3302840836398757,-3.215787996382892,1.7111958757000287,0.31572487247094466,0.3261310863724371,0.010406213901492434,0.2885577916019839,0.36358164601660015,0.07502385441461623,0.1733105295942978,0.4415176664551757,0.26820713686087794,0.13502016117596422,0.36930152213125067,0.23428136095528646,0.2240777770398209,0.4204087577620971,0.19633098072227617,67.0,0.030330882352941176,196.0,0.0896139705882353,505.0,0.23161764705882354,832.0,0.3818933823529412,857.0,0.39338235294117646,0.030330882352941176,WACC_0p1_WRT_0p9,0.2253676470588235,214,False,,,False,False,False,False,False,51.0,0.2127659574468085
SPLL,RialtoBridgeTimelapse,1515,0.6,1286,0.775,0.094423531413849,0,207,1457,37,8,0.789,0.9134887557674664,0.9094961304714145,0.9160769129247858,0.8944843992629504,0.24023604938421236,0.15992156013528297,-2.8192817631169373,2.486580303846317,-2.921841313157002,-2.3302840836398757,-3.215787996382892,1.7111958757000287,0.9094961304714145,0.5253565698228694,0.38413956064854515,0.9160769129247858,0.4994809884555976,0.4165959244691882,0.8944843992629504,0.49083243404392335,0.4036519652190271,0.24023604938421236,0.2708653606989483,0.030629311314735924,0.15992156013528297,0.19835522099464867,0.0384336608593657,2153.0,0.9889705882352942,1991.0,0.9145220588235294,778.0,0.3570772058823529,351.0,0.16084558823529413,67.0,0.030330882352941176,0.030330882352941176,WACC_0p9_WRT_0p1,0.49034926470588236,215,False,,,False,False,False,False,False,207.0,0.8765957446808511
SPLL,RialtoBridgeTimelapse,362,0.62,142,0.8250000000000001,0.6142315786458887,0,26,387,221,1,0.001,0.2434133848138594,0.30757774064746446,0.3052753864515726,0.24348392427997353,0.014688534992542199,0.10587255855948396,-2.8192817631169373,2.486580303846317,-2.921841313157002,-2.3302840836398757,-3.215787996382892,1.7111958757000287,0.30757774064746446,0.37227938850737885,0.06470164785991439,0.3052753864515726,0.33425139147884425,0.028976005027271656,0.24348392427997353,0.35163836325390446,0.10815443897393093,0.014688534992542199,0.26198929586258063,0.24730076087003844,0.10587255855948396,0.25083488032022105,0.1449623217607371,340.0,0.1557904411764706,68.0,0.03079044117647059,102.0,0.04641544117647059,302.0,0.13832720588235295,226.0,0.10340073529411764,0.03079044117647059,WACC_0p3_WRT_0p7,0.09494485294117647,216,False,,,False,False,False,False,False,26.0,0.10638297872340426
SPLL,RialtoBridgeTimelapse,418,0.61,137,0.8,0.622651500698375,0,23,1430,741,1,0.999,0.21477318690904268,0.29029699089733385,0.2825126013519139,0.20826994258687612,0.042637549285070235,0.12889703963372448,-2.8192817631169373,2.486580303846317,-2.921841313157002,-2.3302840836398757,-3.215787996382892,1.7111958757000287,0.29029699089733385,0.3575299834846561,0.06723299258732224,0.2825126013519139,0.3405551156793906,0.0580425143274767,0.20826994258687612,0.34381058819490273,0.13554064560802662,0.042637549285070235,0.3078117267576561,0.26517417747258587,0.12889703963372448,0.3456638237302699,0.2167667840965454,221.0,0.10110294117647059,106.0,0.04825367647058824,68.0,0.03079044117647059,498.0,0.22840073529411764,514.0,0.23575367647058823,0.03079044117647059,WACC_0p5_WRT_0p5,0.12886029411764705,217,False,,,False,False,False,False,False,23.0,0.09361702127659574
SPLL,RialtoBridgeTimelapse,112,0.62,339,0.8250000000000001,0.4093338783452196,0,148,4840,290,7,0.999,0.5215036151476413,0.5510208700433599,0.5562478011968857,0.5192226513292546,0.10985839583482614,0.1092236999786309,-2.8192817631169373,2.486580303846317,-2.921841313157002,-2.3302840836398757,-3.215787996382892,1.7111958757000287,0.5510208700433599,0.45176998214131636,0.0992508879020435,0.5562478011968857,0.43335891546233285,0.12288888573455281,0.5192226513292546,0.4077834550045605,0.11143919632469412,0.10985839583482614,0.21507528454560262,0.10521688871077649,0.1092236999786309,0.21939837290599778,0.11017467292736688,1607.0,0.7380514705882353,791.0,0.3630514705882353,340.0,0.1557904411764706,68.0,0.03079044117647059,119.0,0.05422794117647059,0.03079044117647059,WACC_0p7_WRT_0p3,0.26838235294117646,218,False,,,False,False,False,False,False,148.0,0.625531914893617
SPLL,RialtoBridgeTimelapse,1460,0.34,276,0.1250000000000001,0.4578147129947271,0,134,229,4523,2,0.972,0.6345308009197074,0.39186698725755337,0.23643594954217376,0.5332087550486158,0.7532097451057145,0.8392665057442013,-2.8192817631169373,2.486580303846317,-2.921841313157002,-2.3302840836398757,-3.215787996382892,1.7111958757000287,0.39186698725755337,0.32633754706595225,0.06552944019160112,0.23643594954217376,0.43052663915665135,0.1940906896144776,0.5332087550486158,0.5834085117714773,0.05019975672286159,0.7532097451057145,0.5697733199024672,0.18343642520324732,0.8392665057442013,0.6318688502050427,0.20739765553915857,68.0,0.03079044117647059,755.0,0.34650735294117646,1570.0,0.7210477941176471,2173.0,0.9981617647058824,2171.0,0.9972426470588235,0.03079044117647059,WACC_0p1_WRT_0p9,0.61875,219,False,,,False,False,False,False,False,134.0,0.5659574468085107
SPLL,RialtoBridgeTimelapse,769,0.62,422,0.8250000000000001,0.3576596500779655,0,164,3201,130,3,0.646,0.592848130510613,0.6135892989625957,0.6206798083570297,0.5898653039263808,0.13880365103076409,0.1104214403770885,-2.8192817631169373,2.486580303846317,-2.921841313157002,-2.3302840836398757,-3.215787996382892,1.7111958757000287,0.6135892989625957,0.46619259326605506,0.14739670569654068,0.6206798083570297,0.42529074644777654,0.1953890619092532,0.5898653039263808,0.40253302236864397,0.18733228155773685,0.13880365103076409,0.23064813756814237,0.09184448653737828,0.1104214403770885,0.19926318479030403,0.08884174441321553,1832.0,0.8414522058823529,691.0,0.3170955882352941,314.0,0.14384191176470587,129.0,0.058823529411764705,69.0,0.03125,0.03125,WACC_0p9_WRT_0p1,0.2784926470588235,220,False,,,False,False,False,False,False,164.0,0.6936170212765957
SPLL,RialtoBridgeTimelapse,472,0.62,232,0.8250000000000001,0.4987372042515428,0,89,301,147,10,0.999,0.39901558187793806,0.4436762462608584,0.4456576796969445,0.3978729855194913,0.06001527366489194,0.10739579936732853,-2.8192817631169373,2.486580303846317,-2.921841313157002,-2.3302840836398757,-3.215787996382892,1.7111958757000287,0.4436762462608584,0.36015621939557046,0.08352002686528792,0.4456576796969445,0.33528069454165493,0.11037698515528954,0.3978729855194913,0.34641457145187204,0.05145841406761925,0.06001527366489194,0.23669073399879223,0.1766754603339003,0.10739579936732853,0.21972221289758123,0.1123264135302527,246.0,0.11259191176470588,70.0,0.03170955882352941,80.0,0.03630514705882353,157.0,0.07169117647058823,121.0,0.05514705882352941,0.03170955882352941,WACC_0p3_WRT_0p7,0.061488970588235305,221,False,,,False,False,False,False,False,89.0,0.37446808510638296
SPLL,RialtoBridgeTimelapse,2119,0.63,134,0.8500000000000001,0.6278511569827738,0,7,2364,169,2,0.791,0.24380375777574553,0.30034628193331014,0.30262941524135184,0.25049625699040146,0.01109234962836757,0.08316150270115615,-2.8192817631169373,2.486580303846317,-2.921841313157002,-2.3302840836398757,-3.215787996382892,1.7111958757000287,0.30034628193331014,0.3677506992243413,0.06740441729103114,0.30262941524135184,0.3569639256626646,0.054334510421312765,0.25049625699040146,0.34460259021089473,0.09410633322049328,0.01109234962836757,0.2516135437637667,0.24052119413539913,0.08316150270115615,0.24718354956470592,0.16402204686354976,307.0,0.140625,167.0,0.07628676470588236,70.0,0.03170955882352941,241.0,0.11029411764705882,211.0,0.09650735294117647,0.03170955882352941,WACC_0p5_WRT_0p5,0.09108455882352941,222,False,,,False,False,False,False,False,7.0,0.02553191489361702
SPLL,RialtoBridgeTimelapse,22,0.39,175,0.2500000000000001,0.5651093296745381,0,66,239,3188,4,0.981,0.5426734715445722,0.29723882919217703,0.16418445375904978,0.47105657396491235,0.6514122034388994,0.718993247673317,-2.8192817631169373,2.486580303846317,-2.921841313157002,-2.3302840836398757,-3.215787996382892,1.7111958757000287,0.29723882919217703,0.3268938763403381,0.029655047148161084,0.16418445375904978,0.4217934727278785,0.2576090189688287,0.47105657396491235,0.549568456357043,0.07851188239213064,0.6514122034388994,0.5418089190344386,0.10960328440446077,0.718993247673317,0.6028333645951625,0.1161598830781545,70.0,0.03170955882352941,655.0,0.3005514705882353,1120.0,0.5142463235294118,2154.0,0.9894301470588235,2126.0,0.9765625,0.03170955882352941,WACC_0p1_WRT_0p9,0.5625,223,False,,,False,False,False,False,False,66.0,0.2765957446808511
SPLL,RialtoBridgeTimelapse,342,0.62,110,0.8250000000000001,0.674159398498774,0,6,386,221,7,0.999,0.16446322516146347,0.23876112394132784,0.23414166686310336,0.16494137005138143,0.031077189376736508,0.10581257990834914,-2.8192817631169373,2.486580303846317,-2.921841313157002,-2.3302840836398757,-3.215787996382892,1.7111958757000287,0.23876112394132784,0.3465973918116423,0.10783626787031445,0.23414166686310336,0.3354122740050944,0.10127060714199101,0.16494137005138143,0.381575722360252,0.21663435230887057,0.031077189376736508,0.2660028241241006,0.23492563474736408,0.10581257990834914,0.2642658008323961,0.15845322092404696,150.0,0.06847426470588236,71.0,0.03216911764705882,215.0,0.09834558823529412,323.0,0.1479779411764706,279.0,0.12775735294117646,0.03216911764705882,WACC_0p3_WRT_0p7,0.09494485294117647,224,False,,,False,False,False,False,False,6.0,0.02127659574468085
SPLL,RialtoBridgeTimelapse,559,0.62,173,0.8250000000000001,0.5678130715313164,0,50,959,284,1,0.296,0.30549979136694877,0.36182943292115133,0.3612681162727431,0.30513229669515624,0.021752254698489504,0.10632256998943498,-2.8192817631169373,2.486580303846317,-2.921841313157002,-2.3302840836398757,-3.215787996382892,1.7111958757000287,0.36182943292115133,0.413957301131636,0.05212786821048465,0.3612681162727431,0.3688828029346818,0.007614686661938708,0.30513229669515624,0.36450934435307897,0.05937704765792273,0.021752254698489504,0.21590562521711898,0.19415337051862946,0.10632256998943498,0.2590937034932079,0.15277113350377294,853.0,0.3915441176470588,239.0,0.109375,156.0,0.07123161764705882,71.0,0.03216911764705882,261.0,0.11948529411764706,0.03216911764705882,WACC_0p7_WRT_0p3,0.14476102941176475,225,False,,,False,False,False,False,False,50.0,0.20851063829787234
SPLL,RialtoBridgeTimelapse,1457,0.58,2006,0.725,0.0,0,212,4503,29,1,0.698,1.0,1.0,1.0,0.9673419849807425,0.246823415554553,0.20526963986782693,-2.8192817631169373,2.486580303846317,-2.921841313157002,-2.3302840836398757,-3.215787996382892,1.7111958757000287,1.0,0.5495632932077417,0.45043670679225833,1.0,0.4953817628145891,0.5046182371854109,0.9673419849807425,0.4467871173737484,0.5205548676069942,0.246823415554553,0.2554713039896184,0.00864788843506542,0.20526963986782693,0.20014953686556933,0.005120103002257598,2163.0,0.9935661764705882,1915.0,0.8795955882352942,528.0,0.2421875,265.0,0.1213235294117647,71.0,0.03216911764705882,0.03216911764705882,WACC_0p9_WRT_0p1,0.45376838235294115,226,False,,,False,False,False,False,False,212.0,0.8978723404255319
SPLL,RialtoBridgeTimelapse,1294,0.41,346,0.3,0.4045126813279888,0,163,2719,4206,2,0.886,0.38415364268509405,0.44860004490148053,0.33975175421401665,0.26653156739010986,0.5224196390701878,0.6292759191574877,-2.8192817631169373,2.486580303846317,-2.921841313157002,-2.3302840836398757,-3.215787996382892,1.7111958757000287,0.44860004490148053,0.32720452635641156,0.12139551854506897,0.33975175421401665,0.4230811092631252,0.08332935504910854,0.26653156739010986,0.5797541935853526,0.31322262619524277,0.5224196390701878,0.5122249570594882,0.010194682010699618,0.6292759191574877,0.5747161347642175,0.05455978439327025,71.0,0.03216911764705882,667.0,0.30606617647058826,1522.0,0.6989889705882353,2088.0,0.9590992647058824,2013.0,0.9246323529411765,0.03216911764705882,WACC_0p1_WRT_0p9,0.5841911764705883,227,False,,,False,False,False,False,False,163.0,0.6893617021276596
SPLL,RialtoBridgeTimelapse,549,0.62,173,0.8250000000000001,0.5678130715313164,0,50,352,150,10,0.999,0.30549979136694877,0.36182943292115133,0.3612681162727431,0.30513229669515624,0.021752254698489504,0.10632256998943498,-2.8192817631169373,2.486580303846317,-2.921841313157002,-2.3302840836398757,-3.215787996382892,1.7111958757000287,0.36182943292115133,0.3638370012050111,0.002007568283859784,0.3612681162727431,0.33739060480184085,0.023877511470902224,0.30513229669515624,0.34477401235592314,0.03964171566076691,0.021752254698489504,0.22796995825876196,0.20621770356027244,0.10632256998943498,0.20502120336632704,0.09869863337689205,276.0,0.12637867647058823,80.0,0.03630514705882353,72.0,0.03262867647058824,118.0,0.05376838235294118,81.0,0.03676470588235294,0.03262867647058824,WACC_0p5_WRT_0p5,0.05716911764705882,228,False,,,False,False,False,False,False,50.0,0.20851063829787234
SPLL,RialtoBridgeTimelapse,519,0.62,151,0.8250000000000001,0.5997920227515918,0,34,319,157,10,0.999,0.26265032174273356,0.3243773147623226,0.3226203528638214,0.26259375216240916,0.010786267724997295,0.10598246293667005,-2.8192817631169373,2.486580303846317,-2.921841313157002,-2.3302840836398757,-3.215787996382892,1.7111958757000287,0.3243773147623226,0.3580498376110009,0.03367252284867828,0.3226203528638214,0.33590788992652737,0.013287537062705967,0.26259375216240916,0.3475500205559972,0.08495626839358805,0.010786267724997295,0.24060631863491105,0.22982005090991375,0.10598246293667005,0.21689576060023796,0.11091329766356792,225.0,0.10294117647058823,72.0,0.03262867647058824,83.0,0.03768382352941176,181.0,0.08272058823529412,110.0,0.050091911764705885,0.03262867647058824,WACC_0p3_WRT_0p7,0.06121323529411765,229,False,,,False,False,False,False,False,34.0,0.14042553191489363
SPLL,RialtoBridgeTimelapse,1978,0.52,204,0.5750000000000002,0.5290255197785925,0,85,3873,2788,1,0.977,0.1986126915427042,0.34925331281630057,0.29687009436961115,0.1282930381013393,0.25517309026619905,0.3479755369288615,-2.8192817631169373,2.486580303846317,-2.921841313157002,-2.3302840836398757,-3.215787996382892,1.7111958757000287,0.34925331281630057,0.327584748924609,0.021668563891691583,0.29687009436961115,0.37286966642895364,0.07599957205934249,0.1282930381013393,0.48572792891659344,0.35743489081525415,0.25517309026619905,0.4169570690752221,0.16178397880902307,0.3479755369288615,0.4686471867534092,0.1206716498245477,72.0,0.03262867647058824,275.0,0.12591911764705882,746.0,0.34237132352941174,1281.0,0.5882352941176471,1193.0,0.5477941176470589,0.03262867647058824,WACC_0p1_WRT_0p9,0.32738970588235294,230,False,,,False,False,False,False,False,85.0,0.3574468085106383
SPLL,RialtoBridgeTimelapse,941,0.61,423,0.8,0.3571010315481555,0,171,3355,163,8,0.584,0.5721382739969694,0.6027765123444047,0.6048862468556311,0.5629295738605635,0.11608277902550261,0.13211870125483266,-2.8192817631169373,2.486580303846317,-2.921841313157002,-2.3302840836398757,-3.215787996382892,1.7111958757000287,0.6027765123444047,0.47338041439490475,0.1293960979494999,0.6048862468556311,0.4588769764953557,0.1460092703602754,0.5629295738605635,0.43801521788166287,0.12491435597890066,0.11608277902550261,0.2202542067397271,0.10417142771422448,0.13211870125483266,0.2001662468428906,0.06804754558805795,1911.0,0.8777573529411765,1132.0,0.5197610294117647,480.0,0.22012867647058823,88.0,0.03998161764705882,72.0,0.03262867647058824,0.03262867647058824,WACC_0p9_WRT_0p1,0.3380514705882353,231,False,,,False,False,False,False,False,171.0,0.723404255319149
SPLL,RialtoBridgeTimelapse,265,0.62,135,0.8250000000000001,0.6261052092984497,0,21,429,192,10,0.999,0.22765197033516463,0.2938211915480346,0.291067233079659,0.22781977885384716,0.017908289568035123,0.1058060835844351,-2.8192817631169373,2.486580303846317,-2.921841313157002,-2.3302840836398757,-3.215787996382892,1.7111958757000287,0.2938211915480346,0.35955085198833725,0.06572966044030265,0.291067233079659,0.33613237547698654,0.04506514239732756,0.22781977885384716,0.3566246520440004,0.12880487319015324,0.017908289568035123,0.23799465089099697,0.22008636132296186,0.1058060835844351,0.22785977787553974,0.12205369429110463,237.0,0.10845588235294118,73.0,0.03308823529411765,123.0,0.05606617647058824,165.0,0.07536764705882353,137.0,0.0625,0.03308823529411765,WACC_0p3_WRT_0p7,0.06709558823529412,232,False,,,False,False,False,False,False,21.0,0.0851063829787234
SPLL,RialtoBridgeTimelapse,1633,0.62,580,0.8250000000000001,0.282575864622391,0,181,3006,82,3,0.493,0.6970458449412578,0.7050065772790738,0.7147965139877703,0.6930056573114294,0.18100587944006385,0.1122814693615935,-2.8192817631169373,2.486580303846317,-2.921841313157002,-2.3302840836398757,-3.215787996382892,1.7111958757000287,0.7050065772790738,0.47383414060946705,0.23117243666960674,0.7147965139877703,0.4347070109860916,0.28008950300167873,0.6930056573114294,0.4133423494693578,0.2796633078420716,0.18100587944006385,0.2566978318322046,0.07569195239214077,0.1122814693615935,0.20041870915931567,0.08813723979772217,1924.0,0.8837316176470589,803.0,0.36856617647058826,364.0,0.16681985294117646,276.0,0.12637867647058823,73.0,0.03308823529411765,0.03308823529411765,WACC_0p9_WRT_0p1,0.31571691176470595,233,False,,,False,False,False,False,False,181.0,0.7659574468085106
SPLL,RialtoBridgeTimelapse,1895,0.61,362,0.8,0.3938483479549922,0,157,3787,228,9,0.824,0.5217811092863885,0.5586437771301614,0.5594200199002434,0.5130415638713803,0.09559388305086487,0.13136327295613787,-2.8192817631169373,2.486580303846317,-2.921841313157002,-2.3302840836398757,-3.215787996382892,1.7111958757000287,0.5586437771301614,0.48470264935760515,0.07394112777255629,0.5594200199002434,0.4564574055471384,0.102962614353105,0.5130415638713803,0.43188373676230385,0.08115782710907649,0.09559388305086487,0.21641149030159004,0.12081760725072517,0.13136327295613787,0.20606016334391292,0.07469689038777505,2026.0,0.9306066176470589,1094.0,0.5022977941176471,454.0,0.20818014705882354,73.0,0.03308823529411765,89.0,0.04044117647058824,0.03308823529411765,WACC_0p7_WRT_0p3,0.34292279411764715,234,False,,,False,False,False,False,False,157.0,0.6638297872340425
SPLL,RialtoBridgeTimelapse,1322,0.52,188,0.5750000000000002,0.548250292296512,0,71,4445,3448,1,0.815,0.17541635327841237,0.3295870128001469,0.2761891222576579,0.1047329369646183,0.26157108251597205,0.34961574458301253,-2.8192817631169373,2.486580303846317,-2.921841313157002,-2.3302840836398757,-3.215787996382892,1.7111958757000287,0.3295870128001469,0.32780260674458933,0.0017844060555575747,0.2761891222576579,0.37586515694315265,0.09967603468549474,0.1047329369646183,0.5018598441392923,0.397126907174674,0.26157108251597205,0.42504908910164213,0.16347800658567008,0.34961574458301253,0.48480576959424665,0.13519002501123412,74.0,0.03354779411764706,297.0,0.13602941176470587,827.0,0.3795955882352941,1377.0,0.6323529411764706,1314.0,0.6034007352941176,0.03354779411764706,WACC_0p1_WRT_0p9,0.356985294117647,235,False,,,False,False,False,False,False,71.0,0.2978723404255319
SPLL,RialtoBridgeTimelapse,565,0.61,163,0.8,0.581815669159537,0,45,2766,251,1,0.835,0.2684411289435301,0.33705684375164174,0.33085939830924643,0.261677963648236,0.03144087085981817,0.12887898607067538,-2.8192817631169373,2.486580303846317,-2.921841313157002,-2.3302840836398757,-3.215787996382892,1.7111958757000287,0.33705684375164174,0.39174162262336454,0.054684778871722795,0.33085939830924643,0.36680749523210415,0.03594809692285772,0.261677963648236,0.345743389101168,0.084065425452932,0.03144087085981817,0.22983584641009325,0.19839497555027508,0.12887898607067538,0.25221804908467343,0.12333906301399805,524.0,0.24034926470588236,221.0,0.10110294117647059,75.0,0.03400735294117647,124.0,0.05652573529411765,231.0,0.1056985294117647,0.03400735294117647,WACC_0p5_WRT_0p5,0.10753676470588233,236,False,,,False,False,False,False,False,45.0,0.18723404255319148
SPLL,RialtoBridgeTimelapse,501,0.62,285,0.8250000000000001,0.4502503970736031,0,119,1072,237,10,0.001,0.46527632717224554,0.5017304987208532,0.5054764028071543,0.46353066164308243,0.08700662249563317,0.10834093865628536,-2.8192817631169373,2.486580303846317,-2.921841313157002,-2.3302840836398757,-3.215787996382892,1.7111958757000287,0.5017304987208532,0.5032612121698719,0.0015307134490186725,0.5054764028071543,0.4530140443411696,0.05246235846598474,0.46353066164308243,0.4402560732388117,0.023274588404270713,0.08700662249563317,0.21689396422625867,0.1298873417306255,0.10834093865628536,0.21762327354040215,0.10928233488411679,2114.0,0.9710477941176471,1043.0,0.4788602941176471,496.0,0.22748161764705882,75.0,0.03400735294117647,113.0,0.051470588235294115,0.03400735294117647,WACC_0p7_WRT_0p3,0.35257352941176473,237,False,,,False,False,False,False,False,119.0,0.502127659574468
SPLL,RialtoBridgeTimelapse,937,0.61,820,0.8,0.2007748265100269,0,197,4559,78,4,0.178,0.7882003937169084,0.792275732431454,0.8000201920460973,0.7768531187384266,0.20371254132731084,0.13579065428447779,-2.8192817631169373,2.486580303846317,-2.921841313157002,-2.3302840836398757,-3.215787996382892,1.7111958757000287,0.792275732431454,0.555821551748447,0.23645418068300694,0.8000201920460973,0.49234676291852625,0.30767342912757106,0.7768531187384266,0.4872036608950384,0.28964945784338814,0.20371254132731084,0.2737313122415197,0.07001877091420886,0.13579065428447779,0.20095677486003205,0.06516612057555426,2167.0,0.9954044117647058,1856.0,0.8524816176470589,753.0,0.34558823529411764,366.0,0.16773897058823528,75.0,0.03400735294117647,0.03400735294117647,WACC_0p9_WRT_0p1,0.4790441176470589,238,False,,,False,False,False,False,False,197.0,0.8340425531914893
SPLL,RialtoBridgeTimelapse,460,0.63,206,0.8500000000000001,0.526728658654641,0,29,311,102,10,0.999,0.38128548161147047,0.42073078665471814,0.4267171751127282,0.38678784875294403,0.06723178463212497,0.08491286573927932,-2.8192817631169373,2.486580303846317,-2.921841313157002,-2.3302840836398757,-3.215787996382892,1.7111958757000287,0.42073078665471814,0.37367330660077064,0.0470574800539475,0.4267171751127282,0.3599197958171379,0.06679737929559032,0.38678784875294403,0.3720124606875507,0.014775388065393358,0.06723178463212497,0.2213458354366957,0.15411405080457075,0.08491286573927932,0.20100805388433202,0.1160951881450527,349.0,0.15992647058823528,176.0,0.08042279411764706,184.0,0.08409926470588236,95.0,0.043198529411764705,76.0,0.034466911764705885,0.034466911764705885,WACC_0p9_WRT_0p1,0.08042279411764706,239,False,,,False,False,False,False,False,29.0,0.11914893617021277
SPLL,RialtoBridgeTimelapse,136,0.59,127,0.75,0.6404474693503497,0,18,700,651,1,0.814,0.16011240336980812,0.25873253251503403,0.2396298342712019,0.13982373050724564,0.10003560464667424,0.17708862848520468,-2.8192817631169373,2.486580303846317,-2.921841313157002,-2.3302840836398757,-3.215787996382892,1.7111958757000287,0.25873253251503403,0.3725043304515484,0.11377179793651437,0.2396298342712019,0.3371137817348258,0.0974839474636239,0.13982373050724564,0.3562313699423234,0.21640763943507776,0.10003560464667424,0.3184872475476653,0.21845164290099103,0.17708862848520468,0.34494056640890264,0.16785193792369796,341.0,0.15625,76.0,0.034466911764705885,122.0,0.05560661764705882,553.0,0.2536764705882353,511.0,0.234375,0.034466911764705885,WACC_0p3_WRT_0p7,0.146875,240,False,,,False,False,False,False,False,18.0,0.07234042553191489
SPLL,RialtoBridgeTimelapse,510,0.62,409,0.8250000000000001,0.3650443382063069,0,160,3322,205,1,0.443,0.5826320997405883,0.6046284679371073,0.611453016436019,0.5797510643236367,0.1346617663184421,0.11024551158065293,-2.8192817631169373,2.486580303846317,-2.921841313157002,-2.3302840836398757,-3.215787996382892,1.7111958757000287,0.6046284679371073,0.4438193936359988,0.16080907430110852,0.611453016436019,0.4063356393053425,0.20511737713067651,0.5797510643236367,0.38317892660029107,0.19657213772334559,0.1346617663184421,0.2170271087029623,0.0823653423845202,0.11024551158065293,0.22528955368508063,0.1150440421044277,1451.0,0.6663602941176471,513.0,0.23529411764705882,226.0,0.10340073529411764,76.0,0.034466911764705885,133.0,0.06066176470588235,0.034466911764705885,WACC_0p7_WRT_0p3,0.2200367647058823,241,False,,,False,False,False,False,False,160.0,0.676595744680851
SPLL,RialtoBridgeTimelapse,275,0.55,132,0.6500000000000002,0.631382190256671,0,24,4774,2250,1,0.999,0.11522923102235716,0.2533827164652169,0.21256103535765963,0.06562713146307118,0.20607081282695505,0.2783547780131882,-2.8192817631169373,2.486580303846317,-2.921841313157002,-2.3302840836398757,-3.215787996382892,1.7111958757000287,0.2533827164652169,0.3287177715776952,0.07533505511247834,0.21256103535765963,0.364510686608453,0.15194965125079335,0.06562713146307118,0.44973287304534326,0.38410574158227206,0.20607081282695505,0.3772342515477283,0.17116343872077328,0.2783547780131882,0.4262913515904025,0.1479365735772143,76.0,0.034466911764705885,205.0,0.09375,553.0,0.2536764705882353,892.0,0.4094669117647059,885.0,0.40625,0.034466911764705885,WACC_0p1_WRT_0p9,0.23952205882352945,242,False,,,False,False,False,False,False,24.0,0.09787234042553192
SPLL,RialtoBridgeTimelapse,346,0.63,154,0.8500000000000001,0.5951682631125356,0,13,363,165,10,0.999,0.2879436835255154,0.3389671713682878,0.34245727356593586,0.2942801465232077,0.02917454737301842,0.08363441771498434,-2.8192817631169373,2.486580303846317,-2.921841313157002,-2.3302840836398757,-3.215787996382892,1.7111958757000287,0.3389671713682878,0.3617666708933878,0.02279949952510002,0.34245727356593586,0.3371140779779563,0.005343195587979577,0.2942801465232077,0.3464105996492992,0.05213045312609149,0.02917454737301842,0.23889141531076874,0.20971686793775032,0.08363441771498434,0.2208124245546131,0.13717800683962877,254.0,0.11626838235294118,77.0,0.034926470588235295,79.0,0.035845588235294115,170.0,0.07766544117647059,125.0,0.05698529411764706,0.034926470588235295,WACC_0p3_WRT_0p7,0.06433823529411764,243,False,,,False,False,False,False,False,13.0,0.05106382978723404
SPLL,RialtoBridgeTimelapse,1098,0.62,327,0.8250000000000001,0.4178344875872514,0,143,2891,141,8,0.501,0.5098012595121441,0.5407605865490887,0.545680292450911,0.5076331748269087,0.10510562262448823,0.10903493541328788,-2.8192817631169373,2.486580303846317,-2.921841313157002,-2.3302840836398757,-3.215787996382892,1.7111958757000287,0.5407605865490887,0.4392777876571976,0.10148279889189105,0.545680292450911,0.4370367206364933,0.1086435718144177,0.5076331748269087,0.4235729991237952,0.08406017570311353,0.10510562262448823,0.21704563455113376,0.11194001192664553,0.10903493541328788,0.20289886052878614,0.09386392511549826,1354.0,0.6217830882352942,825.0,0.3786764705882353,412.0,0.18887867647058823,77.0,0.034926470588235295,78.0,0.035386029411764705,0.034926470588235295,WACC_0p7_WRT_0p3,0.25193014705882355,244,False,,,False,False,False,False,False,143.0,0.6042553191489362
SPLL,RialtoBridgeTimelapse,789,0.43,431,0.3500000000000001,0.3526789432191471,0,180,3225,4852,1,0.77,0.2960718366333663,0.5037257387321229,0.40965464221136105,0.16184465598809594,0.4464456602363858,0.5685719930280009,-2.8192817631169373,2.486580303846317,-2.921841313157002,-2.3302840836398757,-3.215787996382892,1.7111958757000287,0.5037257387321229,0.32872586223072253,0.17499987650140036,0.40965464221136105,0.42536116199860097,0.015706519787239914,0.16184465598809594,0.5856729667827526,0.42382831079465666,0.4464456602363858,0.5444076217572813,0.09796196152089548,0.5685719930280009,0.5904277665440808,0.021855773516079924,77.0,0.034926470588235295,692.0,0.31755514705882354,1616.0,0.7421875,2157.0,0.9908088235294118,2087.0,0.9586397058823529,0.034926470588235295,WACC_0p1_WRT_0p9,0.6088235294117647,245,False,,,False,False,False,False,False,180.0,0.7617021276595745
SPLL,RialtoBridgeTimelapse,580,0.62,131,0.8250000000000001,0.6331676692030894,0,17,326,165,10,0.999,0.21830293038825496,0.28566507326937157,0.2826409965363937,0.2185251843156995,0.019828760467669335,0.1057777988273792,-2.8192817631169373,2.486580303846317,-2.921841313157002,-2.3302840836398757,-3.215787996382892,1.7111958757000287,0.28566507326937157,0.3582710886671591,0.07260601539778755,0.2826409965363937,0.3372472133733729,0.05460621683697919,0.2185251843156995,0.3487928219591783,0.13026763764347882,0.019828760467669335,0.24836059066192212,0.22853183019425277,0.1057777988273792,0.22915966416622785,0.12338186533884865,228.0,0.10431985294117647,79.0,0.035845588235294115,89.0,0.04044117647058824,222.0,0.1015625,141.0,0.06433823529411764,0.035845588235294115,WACC_0p3_WRT_0p7,0.0693014705882353,246,False,,,False,False,False,False,False,17.0,0.06808510638297872
SPLL,RialtoBridgeTimelapse,248,0.62,163,0.8250000000000001,0.581815669159537,0,44,2977,337,10,0.999,0.2866978785807266,0.3453909332000136,0.3443079335747941,0.2864710926326411,0.014025549820413666,0.10615866684403139,-2.8192817631169373,2.486580303846317,-2.921841313157002,-2.3302840836398757,-3.215787996382892,1.7111958757000287,0.3453909332000136,0.430753022593517,0.08536208939350343,0.3443079335747941,0.3963323278618856,0.05202439428709149,0.2864710926326411,0.36782638159602643,0.08135528896338534,0.014025549820413666,0.21726191134054762,0.20323636152013397,0.10615866684403139,0.2367797355212095,0.13062106867717813,1166.0,0.5353860294117647,436.0,0.19990808823529413,167.0,0.07628676470588236,79.0,0.035845588235294115,168.0,0.07674632352941177,0.035845588235294115,WACC_0p7_WRT_0p3,0.18483455882352945,247,False,,,False,False,False,False,False,44.0,0.1829787234042553
SPLL,RialtoBridgeTimelapse,1599,0.59,1310,0.75,0.0900525093827605,0,210,1769,60,6,0.542,0.8973296562544275,0.9026233396673988,0.9043730090952907,0.8720992498979184,0.219460776438886,0.18154232726460326,-2.8192817631169373,2.486580303846317,-2.921841313157002,-2.3302840836398757,-3.215787996382892,1.7111958757000287,0.9026233396673988,0.48840160824564094,0.4142217314217579,0.9043730090952907,0.4433682009538669,0.4610048081414238,0.8720992498979184,0.4542384013942646,0.41786084850365385,0.219460776438886,0.2727394800423409,0.05327870360345488,0.18154232726460326,0.20378825078693732,0.022245923522334066,2056.0,0.9443933823529411,908.0,0.41681985294117646,578.0,0.26516544117647056,360.0,0.16498161764705882,79.0,0.035845588235294115,0.035845588235294115,WACC_0p9_WRT_0p1,0.3654411764705882,248,False,,,False,False,False,False,False,210.0,0.8893617021276595
SPLL,RialtoBridgeTimelapse,2116,0.53,174,0.6000000000000002,0.5664573380935396,0,60,1800,3080,4,0.978,0.1667991264271783,0.31387952816947756,0.2651800692223657,0.10333058003223944,0.23988708922294646,0.32502440725079856,-2.8192817631169373,2.486580303846317,-2.921841313157002,-2.3302840836398757,-3.215787996382892,1.7111958757000287,0.31387952816947756,0.32935260795618565,0.015473079786708088,0.2651800692223657,0.41256150428554905,0.14738143506318335,0.10333058003223944,0.5198775127723461,0.4165469327401066,0.23988708922294646,0.4591480912507763,0.21926100202782986,0.32502440725079856,0.5164071350210749,0.19138272777027637,79.0,0.035845588235294115,566.0,0.25965073529411764,927.0,0.4255514705882353,1710.0,0.7853860294117647,1576.0,0.7238051470588235,0.035845588235294115,WACC_0p1_WRT_0p9,0.446047794117647,249,False,,,False,False,False,False,False,60.0,0.251063829787234
SPLL,RialtoBridgeTimelapse,1751,0.47,270,0.45,0.4629953909118257,0,129,4963,4711,1,0.951,0.23421759657186808,0.4027844543446845,0.32548571267546733,0.13149881180259565,0.37237605534608664,0.4736439769225724,-2.8192817631169373,2.486580303846317,-2.921841313157002,-2.3302840836398757,-3.215787996382892,1.7111958757000287,0.4027844543446845,0.3293562270568935,0.07342822728779103,0.32548571267546733,0.39519868373103817,0.06971297105557084,0.13149881180259565,0.5529940320248133,0.4214952202222177,0.37237605534608664,0.5005746169792575,0.1281985616331709,0.4736439769225724,0.5457126269374603,0.07206865001488788,80.0,0.03630514705882353,428.0,0.19623161764705882,1153.0,0.5294117647058824,2038.0,0.9361213235294118,1793.0,0.8235294117647058,0.03630514705882353,WACC_0p1_WRT_0p9,0.5043198529411764,250,False,,,False,False,False,False,False,129.0,0.5446808510638298
SPLL,RialtoBridgeTimelapse,1688,0.59,1266,0.75,0.0981287729706209,0,209,4351,46,7,0.034,0.8861611667325704,0.8928273754031814,0.8942861060925759,0.8610417783874941,0.21493215000732993,0.18135089917409788,-2.8192817631169373,2.486580303846317,-2.921841313157002,-2.3302840836398757,-3.215787996382892,1.7111958757000287,0.8928273754031814,0.5780655604689632,0.3147618149342182,0.8942861060925759,0.5587495956726394,0.3355365104199365,0.8610417783874941,0.5250930087278854,0.3359487696596086,0.21493215000732993,0.2926636278088632,0.07773147780153325,0.18135089917409788,0.20456884544257586,0.02321794626847798,2175.0,0.9990808823529411,2176.0,0.9995404411764706,955.0,0.4384191176470588,439.0,0.20128676470588236,80.0,0.03630514705882353,0.03630514705882353,WACC_0p9_WRT_0p1,0.5349264705882353,251,False,,,False,False,False,False,False,209.0,0.8851063829787233
SPLL,RialtoBridgeTimelapse,263,0.62,228,0.8250000000000001,0.5028338405982749,0,87,4554,475,1,0.999,0.39343827726075653,0.4387916480620071,0.44062338504097726,0.39234473756238825,0.057739558902303895,0.10732209063652769,-2.8192817631169373,2.486580303846317,-2.921841313157002,-2.3302840836398757,-3.215787996382892,1.7111958757000287,0.4387916480620071,0.4096440014219515,0.02914764664005559,0.44062338504097726,0.38974657965438697,0.050876805386590285,0.39234473756238825,0.34691177814176793,0.04543295942062031,0.057739558902303895,0.2534538994279243,0.1957143405256204,0.10732209063652769,0.2720225752089927,0.164700484572465,778.0,0.3570772058823529,388.0,0.17784926470588236,81.0,0.03676470588235294,257.0,0.11764705882352941,306.0,0.1401654411764706,0.03676470588235294,WACC_0p5_WRT_0p5,0.16590073529411764,252,False,,,False,False,False,False,False,87.0,0.3659574468085106
SPLL,RialtoBridgeTimelapse,196,0.61,140,0.8,0.6175636736939851,0,25,528,226,1,0.304,0.2214233697858985,0.2960852010966775,0.28850106006092424,0.2148931379662317,0.04123304081513364,0.12887690419318082,-2.8192817631169373,2.486580303846317,-2.921841313157002,-2.3302840836398757,-3.215787996382892,1.7111958757000287,0.2960852010966775,0.3679791166320574,0.07189391553537988,0.28850106006092424,0.3479783311202587,0.05947727105933448,0.2148931379662317,0.35176241221958027,0.13686927425334858,0.04123304081513364,0.21751532128817336,0.17628228047303973,0.12887690419318082,0.24123430477508903,0.11235740058190821,310.0,0.14200367647058823,130.0,0.059283088235294115,103.0,0.046875,82.0,0.03722426470588235,186.0,0.08501838235294118,0.03722426470588235,WACC_0p7_WRT_0p3,0.07408088235294118,253,False,,,False,False,False,False,False,25.0,0.10212765957446808
SPLL,RialtoBridgeTimelapse,383,0.62,122,0.8250000000000001,0.6498740086880885,0,11,475,267,6,0.999,0.19626942225229185,0.2664552987362452,0.2627871887183749,0.1966092350437705,0.024390074243275387,0.10574801784573815,-2.8192817631169373,2.486580303846317,-2.921841313157002,-2.3302840836398757,-3.215787996382892,1.7111958757000287,0.2664552987362452,0.3522507984927917,0.08579549975654649,0.2627871887183749,0.3375711578687637,0.07478396915038876,0.1966092350437705,0.37006680447508156,0.17345756943131105,0.024390074243275387,0.273930625513004,0.24954055126972863,0.10574801784573815,0.273250307853627,0.16750229000788883,179.0,0.0818014705882353,82.0,0.03722426470588235,176.0,0.08042279411764706,367.0,0.16819852941176472,312.0,0.14292279411764705,0.03722426470588235,WACC_0p3_WRT_0p7,0.1021139705882353,254,False,,,False,False,False,False,False,11.0,0.0425531914893617
SPLL,RialtoBridgeTimelapse,890,0.31,114,0.05,0.6657841933611647,0,20,1,1216,5,0.999,0.881646256504014,0.21164914889236341,0.14764321032192423,0.8348117145999449,0.9625642882979344,1.0,-2.8192817631169373,2.486580303846317,-2.921841313157002,-2.3302840836398757,-3.215787996382892,1.7111958757000287,0.21164914889236341,0.32994744862688313,0.11829829973451972,0.14764321032192423,0.3739728756990573,0.22632966537713306,0.8348117145999449,0.506395334254123,0.3284163803458219,0.9625642882979344,0.4940293169338769,0.4685349713640575,1.0,0.5474258658028944,0.45257413419710557,82.0,0.03722426470588235,283.0,0.12959558823529413,854.0,0.39200367647058826,2002.0,0.9195772058823529,1812.0,0.8322610294117647,0.03722426470588235,WACC_0p1_WRT_0p9,0.46213235294117644,255,False,,,False,False,False,False,False,20.0,0.08085106382978724
SPLL,RialtoBridgeTimelapse,325,0.59,164,0.75,0.580377519822145,0,48,1613,1301,1,0.999,0.23657099085033093,0.32486738486185507,0.3083167489634848,0.2163337348514279,0.0827036224542149,0.1756169880445027,-2.8192817631169373,2.486580303846317,-2.921841313157002,-2.3302840836398757,-3.215787996382892,1.7111958757000287,0.32486738486185507,0.3318372415231693,0.006969856661314222,0.3083167489634848,0.3379315098759179,0.02961476091243309,0.2163337348514279,0.41529498435669804,0.19896124950527014,0.0827036224542149,0.36233471430118214,0.2796310918469672,0.1756169880445027,0.4097354126159701,0.23411842457146737,92.0,0.04181985294117647,83.0,0.03768382352941176,373.0,0.17095588235294118,777.0,0.35661764705882354,787.0,0.36121323529411764,0.03768382352941176,WACC_0p3_WRT_0p7,0.19365808823529412,256,False,,,False,False,False,False,False,48.0,0.2
SPLL,RialtoBridgeTimelapse,962,0.58,1310,0.725,0.0900525093827605,0,211,3533,32,6,0.309,0.8757719978354032,0.8910610379576885,0.8878114125379111,0.8443293084027372,0.19640763375417053,0.20320735436249895,-2.8192817631169373,2.486580303846317,-2.921841313157002,-2.3302840836398757,-3.215787996382892,1.7111958757000287,0.8910610379576885,0.5676023798214747,0.3234586581362139,0.8878114125379111,0.535634119768416,0.35217729276949505,0.8443293084027372,0.48101571223479284,0.3633135961679444,0.19640763375417053,0.26900419075014204,0.0725965569959715,0.20320735436249895,0.20555730845565093,0.0023499540931519736,2170.0,0.9967830882352942,2168.0,0.9958639705882353,726.0,0.33318014705882354,344.0,0.15762867647058823,83.0,0.03768382352941176,0.03768382352941176,WACC_0p9_WRT_0p1,0.5042279411764705,257,False,,,False,False,False,False,False,211.0,0.8936170212765957
SPLL,RialtoBridgeTimelapse,247,0.62,150,0.8250000000000001,0.6013535785033906,0,33,432,175,10,0.999,0.26056643488583614,0.32255698993715703,0.32074123170028235,0.2605240468104825,0.011207640977005173,0.10596914427959778,-2.8192817631169373,2.486580303846317,-2.921841313157002,-2.3302840836398757,-3.215787996382892,1.7111958757000287,0.32255698993715703,0.3631956596494105,0.04063866971225344,0.32074123170028235,0.33808415285389515,0.0173429211536128,0.2605240468104825,0.3492295508172083,0.08870550400672578,0.011207640977005173,0.23494606647075789,0.22373842549375272,0.10596914427959778,0.21769291177716207,0.1117237674975643,265.0,0.1213235294117647,84.0,0.03814338235294118,92.0,0.04181985294117647,148.0,0.06755514705882353,115.0,0.05238970588235294,0.03814338235294118,WACC_0p3_WRT_0p7,0.06424632352941176,258,False,,,False,False,False,False,False,33.0,0.13617021276595745
SPLL,RialtoBridgeTimelapse,377,0.61,241,0.8,0.4897711899987262,0,107,963,218,4,0.999,0.3914412171220554,0.44451868092311286,0.4417805791441912,0.383824962584668,0.042359578885495866,0.12972008978262173,-2.8192817631169373,2.486580303846317,-2.921841313157002,-2.3302840836398757,-3.215787996382892,1.7111958757000287,0.44451868092311286,0.3757200853874905,0.06879859553562234,0.4417805791441912,0.3546193872175893,0.08716119192660193,0.383824962584668,0.34918211325618936,0.03464284932847861,0.042359578885495866,0.2179243523670368,0.17556477348154093,0.12972008978262173,0.23656267074059387,0.10684258095797214,370.0,0.16957720588235295,156.0,0.07123161764705882,91.0,0.04136029411764706,84.0,0.03814338235294118,166.0,0.07582720588235294,0.03814338235294118,WACC_0p7_WRT_0p3,0.07922794117647058,259,False,,,False,False,False,False,False,107.0,0.451063829787234
SPLL,RialtoBridgeTimelapse,1557,0.61,743,0.8,0.2240732073051748,0,195,4467,139,7,0.128,0.7558450893554275,0.7638874535732301,0.7707946185087425,0.7448274869862934,0.19061096409576375,0.13520847786231546,-2.8192817631169373,2.486580303846317,-2.921841313157002,-2.3302840836398757,-3.215787996382892,1.7111958757000287,0.7638874535732301,0.5075712902152283,0.2563161633580018,0.7707946185087425,0.468644026126656,0.3021505923820865,0.7448274869862934,0.4666757481396281,0.27815173884666533,0.19061096409576375,0.23203013169159065,0.041419167595826895,0.13520847786231546,0.2056211035401679,0.07041262567785245,2122.0,0.9747242647058824,1326.0,0.6089154411764706,646.0,0.29641544117647056,134.0,0.06112132352941176,84.0,0.03814338235294118,0.03814338235294118,WACC_0p9_WRT_0p1,0.39586397058823525,260,False,,,False,False,False,False,False,195.0,0.825531914893617
SPLL,RialtoBridgeTimelapse,1822,0.51,78,0.5500000000000002,0.754614324897641,0,5,175,609,3,0.835,0.2789061468638828,0.13148594964211108,0.05783306939045926,0.2598297724617905,0.37482279697174553,0.4133157019320883,-2.8192817631169373,2.486580303846317,-2.921841313157002,-2.3302840836398757,-3.215787996382892,1.7111958757000287,0.13148594964211108,0.3445211009212429,0.2130351512791318,0.05783306939045926,0.3381471849892899,0.2803141155988307,0.2598297724617905,0.4167901831245362,0.1569604106627457,0.37482279697174553,0.36684635727102155,0.00797643970072398,0.4133157019320883,0.4314481795157525,0.018132477583664208,139.0,0.06341911764705882,85.0,0.03860294117647059,383.0,0.17555147058823528,807.0,0.3704044117647059,922.0,0.42325367647058826,0.03860294117647059,WACC_0p3_WRT_0p7,0.21424632352941178,261,False,,,False,False,False,False,False,5.0,0.01702127659574468
SPLL,RialtoBridgeTimelapse,982,0.41,572,0.3,0.2858559842391277,0,202,859,4898,3,0.975,0.3451890778237143,0.5659595849811438,0.46414803349352335,0.1963022055778719,0.4794648194535822,0.6148724684511349,-2.8192817631169373,2.486580303846317,-2.921841313157002,-2.3302840836398757,-3.215787996382892,1.7111958757000287,0.5659595849811438,0.330273989311839,0.23568559566930486,0.46414803349352335,0.4409530112350677,0.023195022258455655,0.1963022055778719,0.5844993893885333,0.3881971838106614,0.4794648194535822,0.5410470461223141,0.06158222666873192,0.6148724684511349,0.59848568082196,0.016386787629174893,85.0,0.03860294117647059,877.0,0.4025735294117647,1589.0,0.7297794117647058,2153.0,0.9889705882352942,2117.0,0.9724264705882353,0.03860294117647059,WACC_0p1_WRT_0p9,0.6264705882352942,262,False,,,False,False,False,False,False,202.0,0.8553191489361702
SPLL,RialtoBridgeTimelapse,1229,0.58,157,0.725,0.5906331433253553,0,43,4694,1737,1,0.999,0.20784876744148875,0.30794952146720894,0.28565203455243654,0.1806581392171663,0.1119136612475361,0.19994433811349605,-2.8192817631169373,2.486580303846317,-2.921841313157002,-2.3302840836398757,-3.215787996382892,1.7111958757000287,0.30794952146720894,0.330445436713656,0.022495915246447062,0.28565203455243654,0.36900562629574873,0.0833535917433122,0.1806581392171663,0.4224585469802973,0.24180040776313097,0.1119136612475361,0.3574289146224869,0.24551525337495078,0.19994433811349605,0.400868640319344,0.20092430220584795,86.0,0.0390625,241.0,0.11029411764705882,406.0,0.18612132352941177,746.0,0.34237132352941174,737.0,0.3382352941176471,0.0390625,WACC_0p1_WRT_0p9,0.20321691176470588,263,False,,,False,False,False,False,False,43.0,0.17872340425531916
SPLL,RialtoBridgeTimelapse,922,0.62,332,0.8250000000000001,0.4142553748827543,0,144,4045,281,7,0.713,0.5147271748997715,0.5450793860512826,0.5501284733174047,0.5125116623545382,0.10710641807496676,0.10911409527938268,-2.8192817631169373,2.486580303846317,-2.921841313157002,-2.3302840836398757,-3.215787996382892,1.7111958757000287,0.5450793860512826,0.44412737995483326,0.10095200609644933,0.5501284733174047,0.416915625305535,0.13321284801186967,0.5125116623545382,0.42785736264274166,0.0846542997117965,0.10710641807496676,0.21904083552483228,0.11193441744986551,0.10911409527938268,0.24434379715432958,0.1352297018749469,1458.0,0.6695772058823529,606.0,0.2780330882352941,436.0,0.19990808823529413,86.0,0.0390625,197.0,0.0900735294117647,0.0390625,WACC_0p7_WRT_0p3,0.25533088235294116,264,False,,,False,False,False,False,False,144.0,0.6085106382978723
SPLL,RialtoBridgeTimelapse,414,0.6,128,0.775,0.6386064107402307,0,18,1343,795,1,0.999,0.17781241795841232,0.266042950025263,0.2523635994768992,0.16453400379072694,0.07311364400051062,0.15275297066199942,-2.8192817631169373,2.486580303846317,-2.921841313157002,-2.3302840836398757,-3.215787996382892,1.7111958757000287,0.266042950025263,0.35412408097153925,0.08808113094627623,0.2523635994768992,0.33852018373497755,0.08615658425807837,0.16453400379072694,0.355693723815385,0.19115972002465806,0.07311364400051062,0.3148335799350612,0.2417199359345506,0.15275297066199942,0.35171679029444614,0.19896381963244672,198.0,0.09053308823529412,87.0,0.03952205882352941,121.0,0.05514705882352941,535.0,0.24540441176470587,536.0,0.24586397058823528,0.03952205882352941,WACC_0p3_WRT_0p7,0.13529411764705884,265,False,,,False,False,False,False,False,18.0,0.07234042553191489
SPLL,RialtoBridgeTimelapse,643,0.58,86,0.725,0.731794253103602,0,5,3911,1915,1,0.999,0.04606093149490151,0.15980869230408717,0.13059584217043121,0.019380035330550976,0.15656768525993783,0.20887723161389968,-2.8192817631169373,2.486580303846317,-2.921841313157002,-2.3302840836398757,-3.215787996382892,1.7111958757000287,0.15980869230408717,0.33061215559547674,0.17080346329138957,0.13059584217043121,0.35684033541596266,0.22624449324553145,0.019380035330550976,0.432359736253095,0.412979700922544,0.15656768525993783,0.3731660400767152,0.2165983548167774,0.20887723161389968,0.4244674886086734,0.21559025699477372,87.0,0.03952205882352941,166.0,0.07582720588235294,460.0,0.2109375,853.0,0.3915441176470588,878.0,0.4030330882352941,0.03952205882352941,WACC_0p1_WRT_0p9,0.22417279411764707,266,False,,,False,False,False,False,False,5.0,0.01702127659574468
SPLL,RialtoBridgeTimelapse,218,0.59,175,0.75,0.5651093296745381,0,58,4940,1553,1,0.999,0.2562576630331692,0.34195222811698384,0.32602466527621016,0.2359843562958493,0.07840231087866996,0.17540706518456473,-2.8192817631169373,2.486580303846317,-2.921841313157002,-2.3302840836398757,-3.215787996382892,1.7111958757000287,0.34195222811698384,0.3308714812507874,0.011080746866196423,0.32602466527621016,0.3604954134476184,0.034470748171408216,0.2359843562958493,0.4218257698601983,0.18584141356434902,0.07840231087866996,0.3512207167789346,0.2728184059002647,0.17540706518456473,0.3940029614615062,0.21859589627694148,88.0,0.03998161764705882,180.0,0.0822610294117647,404.0,0.18520220588235295,696.0,0.3193933823529412,701.0,0.32169117647058826,0.03998161764705882,WACC_0p1_WRT_0p9,0.18970588235294117,267,False,,,False,False,False,False,False,58.0,0.2425531914893617
SPLL,RialtoBridgeTimelapse,358,0.61,162,0.8,0.5832626145720154,0,44,1575,743,1,0.999,0.2665286701839898,0.3353888484422171,0.32913588309547337,0.2597762600955705,0.03183497766927481,0.1288745107133162,-2.8192817631169373,2.486580303846317,-2.921841313157002,-2.3302840836398757,-3.215787996382892,1.7111958757000287,0.3353888484422171,0.3596861876749931,0.024297339232775994,0.32913588309547337,0.3385671913439892,0.009431308248515846,0.2597762600955705,0.3506057297441536,0.09082946964858313,0.03183497766927481,0.3170303153059312,0.2851953376366564,0.1288745107133162,0.351823953226798,0.22294944251348178,239.0,0.109375,89.0,0.04044117647058824,100.0,0.04549632352941176,546.0,0.25045955882352944,539.0,0.24724264705882354,0.04044117647058824,WACC_0p3_WRT_0p7,0.1386029411764706,268,False,,,False,False,False,False,False,44.0,0.1829787234042553
SPLL,RialtoBridgeTimelapse,188,0.62,167,0.8250000000000001,0.5761147948116947,0,46,2768,297,10,0.782,0.29434557056285504,0.35207644576360797,0.35120616023440204,0.29406230306610365,0.017170067054289327,0.10622275680427375,-2.8192817631169373,2.486580303846317,-2.921841313157002,-2.3302840836398757,-3.215787996382892,1.7111958757000287,0.35207644576360797,0.42773911949074933,0.07566267372714136,0.35120616023440204,0.41616438777553105,0.06495822754112901,0.29406230306610365,0.4104967142166161,0.11643441115051245,0.017170067054289327,0.22043492018907287,0.20326485313478354,0.10622275680427375,0.25139881077812004,0.1451760539738463,1095.0,0.5027573529411765,595.0,0.27297794117647056,358.0,0.1640625,89.0,0.04044117647058824,228.0,0.10431985294117647,0.04044117647058824,WACC_0p7_WRT_0p3,0.21691176470588233,269,False,,,False,False,False,False,False,46.0,0.19148936170212766
SPLL,RialtoBridgeTimelapse,1495,0.6,119,0.775,0.6557156594979566,0,12,471,418,3,0.64,0.1560121420214762,0.24717988569804986,0.23277671138298078,0.14272461948081233,0.0780372557486523,0.15315353706552806,-2.8192817631169373,2.486580303846317,-2.921841313157002,-2.3302840836398757,-3.215787996382892,1.7111958757000287,0.24717988569804986,0.3785364566812828,0.13135657098323292,0.23277671138298078,0.3386896776350666,0.1059129662520858,0.14272461948081233,0.38293834065824717,0.24021372117743484,0.0780372557486523,0.30900182861219194,0.23096457286353964,0.15315353706552806,0.3612748008063622,0.20812126374083414,399.0,0.18290441176470587,90.0,0.04090073529411765,223.0,0.10202205882352941,504.0,0.23115808823529413,574.0,0.2633272058823529,0.04090073529411765,WACC_0p3_WRT_0p7,0.1640625,270,False,,,False,False,False,False,False,12.0,0.04680851063829787
SPLL,RialtoBridgeTimelapse,326,0.6,154,0.775,0.5951682631125356,0,38,1573,925,1,0.999,0.233787762851682,0.31461265686422996,0.30270962574793087,0.22041369291810545,0.060861258051159176,0.15213261604726044,-2.8192817631169373,2.486580303846317,-2.921841313157002,-2.3302840836398757,-3.215787996382892,1.7111958757000287,0.31461265686422996,0.35321113688738726,0.0385984800231573,0.30270962574793087,0.3387713010875689,0.036061675339638055,0.22041369291810545,0.378256305038898,0.15784261212079256,0.060861258051159176,0.34261234955062775,0.2817510914994686,0.15213261604726044,0.3814417747039215,0.22930915865666104,194.0,0.08869485294117647,91.0,0.04136029411764706,206.0,0.09420955882352941,659.0,0.3023897058823529,642.0,0.2945772058823529,0.04136029411764706,WACC_0p3_WRT_0p7,0.16424632352941176,271,False,,,False,False,False,False,False,38.0,0.1574468085106383
SPLL,RialtoBridgeTimelapse,1848,0.62,286,0.8250000000000001,0.4494246550923305,0,120,4137,334,4,0.728,0.4664084367866538,0.5027227208022501,0.5064985751618827,0.46465218226809474,0.08746715291784672,0.10835806466492028,-2.8192817631169373,2.486580303846317,-2.921841313157002,-2.3302840836398757,-3.215787996382892,1.7111958757000287,0.5027227208022501,0.4595300004517489,0.0431927203505012,0.5064985751618827,0.44335745584992414,0.06314111931195854,0.46465218226809474,0.4149741868822753,0.04967799538581946,0.08746715291784672,0.22066017652106326,0.13319302360321655,0.10835806466492028,0.25604700882754505,0.1476889441626248,1732.0,0.7954963235294118,907.0,0.4163602941176471,371.0,0.17003676470588236,91.0,0.04136029411764706,248.0,0.1135110294117647,0.04136029411764706,WACC_0p7_WRT_0p3,0.30735294117647055,272,False,,,False,False,False,False,False,120.0,0.5063829787234042
SPLL,RialtoBridgeTimelapse,273,0.62,154,0.8250000000000001,0.5951682631125356,0,36,482,218,4,0.366,0.2688255493780534,0.32977215697297024,0.3281890447242843,0.2687264010307202,0.009539418194028221,0.10602383126159895,-2.8192817631169373,2.486580303846317,-2.921841313157002,-2.3302840836398757,-3.215787996382892,1.7111958757000287,0.32977215697297024,0.3702038420852241,0.04043168511225387,0.3281890447242843,0.3390102096495374,0.01082116492525309,0.2687264010307202,0.373468249160732,0.1047418481300118,0.009539418194028221,0.2485748709041008,0.23903545271007257,0.10602383126159895,0.2707747885811296,0.16475095731953063,326.0,0.14935661764705882,92.0,0.04181985294117647,187.0,0.08547794117647059,223.0,0.10202205882352941,301.0,0.13786764705882354,0.04181985294117647,WACC_0p3_WRT_0p7,0.10330882352941177,273,False,,,False,False,False,False,False,36.0,0.14893617021276595
SPLL,RialtoBridgeTimelapse,212,0.62,195,0.8250000000000001,0.5396466227882225,0,62,2573,265,10,0.8,0.34348870060513004,0.39506273845317413,0.3955436154284319,0.3428197357118221,0.037325676595649816,0.10671260637788724,-2.8192817631169373,2.486580303846317,-2.921841313157002,-2.3302840836398757,-3.215787996382892,1.7111958757000287,0.39506273845317413,0.4240176582257482,0.028954919772574084,0.3955436154284319,0.4042711691563382,0.00872755372790629,0.3428197357118221,0.38693591466426996,0.04411617895244785,0.037325676595649816,0.22119373363090516,0.18386805703525536,0.10671260637788724,0.23993019338171587,0.13321758700382863,1020.0,0.46829044117647056,493.0,0.2261029411764706,248.0,0.1135110294117647,92.0,0.04181985294117647,183.0,0.08363970588235294,0.04181985294117647,WACC_0p7_WRT_0p3,0.18667279411764706,274,False,,,False,False,False,False,False,62.0,0.25957446808510637
SPLL,RialtoBridgeTimelapse,481,0.61,221,0.8,0.5101782169264885,0,95,2949,251,10,0.19,0.36396654429719966,0.4204889406287715,0.4169937459144455,0.35656347250034875,0.03108563273109966,0.1294546305004687,-2.8192817631169373,2.486580303846317,-2.921841313157002,-2.3302840836398757,-3.215787996382892,1.7111958757000287,0.4204889406287715,0.4677210328588584,0.0472320922300869,0.4169937459144455,0.43264376070860494,0.01565001479415945,0.35656347250034875,0.436256954915272,0.07969348241492324,0.03108563273109966,0.22120951146335324,0.1901238787322536,0.1294546305004687,0.22836449361183891,0.0989098631113702,1856.0,0.8524816176470589,785.0,0.3602941176470588,476.0,0.2182904411764706,93.0,0.042279411764705885,140.0,0.06387867647058823,0.042279411764705885,WACC_0p7_WRT_0p3,0.3074448529411765,275,False,,,False,False,False,False,False,95.0,0.4
SPLL,RialtoBridgeTimelapse,1363,0.61,833,0.8,0.1970581665193684,0,199,1886,68,8,0.488,0.7933659974760224,0.7968082532306558,0.8046862304824991,0.781965859901703,0.2058037290759262,0.13588438724357038,-2.8192817631169373,2.486580303846317,-2.921841313157002,-2.3302840836398757,-3.215787996382892,1.7111958757000287,0.7968082532306558,0.5027607117973676,0.29404754143328826,0.8046862304824991,0.45562115841541206,0.34906507206708703,0.781965859901703,0.45602838361732484,0.32593747628437814,0.2058037290759262,0.26896231819320493,0.06315858911727873,0.13588438724357038,0.20683519960982016,0.07095081236624978,2113.0,0.9705882352941176,1078.0,0.49494485294117646,587.0,0.2693014705882353,343.0,0.15716911764705882,93.0,0.042279411764705885,0.042279411764705885,WACC_0p9_WRT_0p1,0.3868566176470588,276,False,,,False,False,False,False,False,199.0,0.8425531914893617
SPLL,RialtoBridgeTimelapse,1908,0.33,205,0.1000000000000001,0.5278743017528486,0,87,81,3839,2,0.909,0.7128116505872735,0.3291106796872912,0.1611770565072678,0.6305018986477267,0.8186880064179004,0.8880610673760455,-2.8192817631169373,2.486580303846317,-2.921841313157002,-2.3302840836398757,-3.215787996382892,1.7111958757000287,0.3291106796872912,0.3319433419326725,0.002832662245381312,0.1611770565072678,0.4124558842683037,0.25127882776103594,0.6305018986477267,0.5550510701133281,0.07545082853439855,0.8186880064179004,0.565174608171137,0.25351339824676344,0.8880610673760455,0.6242263738650542,0.2638346935109913,93.0,0.042279411764705885,564.0,0.2587316176470588,1170.0,0.5372242647058824,2170.0,0.9967830882352942,2165.0,0.9944852941176471,0.042279411764705885,WACC_0p1_WRT_0p9,0.5659007352941177,277,False,,,False,False,False,False,False,87.0,0.3659574468085106
SPLL,RialtoBridgeTimelapse,373,0.6,167,0.775,0.5761147948116947,0,50,3516,892,1,0.999,0.258595538642189,0.3361879042690345,0.32504216839341227,0.2451356967797234,0.055573110993213076,0.1520064092531096,-2.8192817631169373,2.486580303846317,-2.921841313157002,-2.3302840836398757,-3.215787996382892,1.7111958757000287,0.3361879042690345,0.35895611817444023,0.022768213905405732,0.32504216839341227,0.3391739442659247,0.014131775872512409,0.2451356967797234,0.3618126886820229,0.11667699190229947,0.055573110993213076,0.3297666266119693,0.27419351561875627,0.1520064092531096,0.37696295486852527,0.22495654561541567,233.0,0.10661764705882353,94.0,0.042738970588235295,140.0,0.06387867647058823,595.0,0.27297794117647056,621.0,0.2849264705882353,0.042738970588235295,WACC_0p3_WRT_0p7,0.1542279411764706,278,False,,,False,False,False,False,False,50.0,0.20851063829787234
SPLL,RialtoBridgeTimelapse,505,0.62,226,0.8250000000000001,0.5049090717776001,0,85,4430,574,1,0.999,0.3906143422182806,0.4363185800860123,0.438074442273185,0.38954552596558845,0.05658704846177774,0.10728516504074467,-2.8192817631169373,2.486580303846317,-2.921841313157002,-2.3302840836398757,-3.215787996382892,1.7111958757000287,0.4363185800860123,0.3972333458296347,0.03908523425637761,0.438074442273185,0.3759789968240294,0.06209544544915557,0.38954552596558845,0.349633924256,0.03991160170958846,0.05658704846177774,0.2793159413335364,0.22272889287175862,0.10728516504074467,0.30416068893183645,0.19687552389109178,597.0,0.27389705882352944,299.0,0.13694852941176472,94.0,0.042738970588235295,395.0,0.18106617647058823,396.0,0.18152573529411764,0.042738970588235295,WACC_0p5_WRT_0p5,0.16323529411764706,279,False,,,False,False,False,False,False,85.0,0.3574468085106383
SPLL,RialtoBridgeTimelapse,553,0.62,421,0.8250000000000001,0.3582195907830433,0,163,3280,154,1,0.845,0.5920732832034369,0.6129096383078856,0.6199799849388031,0.5890981906562154,0.13848953493781205,0.11040805034412386,-2.8192817631169373,2.486580303846317,-2.921841313157002,-2.3302840836398757,-3.215787996382892,1.7111958757000287,0.6129096383078856,0.44725136041353686,0.16565827789434873,0.6199799849388031,0.4263314099718254,0.19364857496697774,0.5890981906562154,0.3835978137475635,0.20550037690865186,0.13848953493781205,0.2288008002069269,0.09031126526911484,0.11040805034412386,0.20742887206087365,0.09702082171674979,1526.0,0.7008272058823529,704.0,0.32306985294117646,231.0,0.1056985294117647,120.0,0.0546875,94.0,0.042738970588235295,0.042738970588235295,WACC_0p9_WRT_0p1,0.2454044117647059,280,False,,,False,False,False,False,False,163.0,0.6893617021276596
SPLL,RialtoBridgeTimelapse,1317,0.61,460,0.8,0.3373080952971139,0,174,3608,159,2,0.456,0.599341378885915,0.6266238290463255,0.6294498914761112,0.5898734056267303,0.12713795486031657,0.13254678960526148,-2.8192817631169373,2.486580303846317,-2.921841313157002,-2.3302840836398757,-3.215787996382892,1.7111958757000287,0.6266238290463255,0.48316078179017286,0.14346304725615266,0.6294498914761112,0.44511501424999317,0.18433487722611802,0.5898734056267303,0.39327787087922483,0.19659553474750546,0.12713795486031657,0.2212798273848542,0.09414187252453762,0.13254678960526148,0.20926440234070962,0.07671761273544814,2014.0,0.9250919117647058,942.0,0.43244485294117646,276.0,0.12637867647058823,94.0,0.042738970588235295,100.0,0.04549632352941176,0.042738970588235295,WACC_0p7_WRT_0p3,0.3144301470588235,281,False,,,False,False,False,False,False,174.0,0.7361702127659574
SPLL,RialtoBridgeTimelapse,498,0.62,113,0.8250000000000001,0.6678503622801433,0,8,311,191,8,0.999,0.17269907586372416,0.24592764488812555,0.2415572881318399,0.17314539802963985,0.029332553659635968,0.10578215867224833,-2.8192817631169373,2.486580303846317,-2.921841313157002,-2.3302840836398757,-3.215787996382892,1.7111958757000287,0.24592764488812555,0.3475132180761253,0.10158557318799974,0.2415572881318399,0.33937184019040834,0.09781455205856843,0.17314539802963985,0.38186160596597235,0.2087162079363325,0.029332553659635968,0.25978444037094356,0.2304518867113076,0.10578215867224833,0.24899900467288472,0.1432168460006364,153.0,0.06985294117647059,95.0,0.043198529411764705,219.0,0.10018382352941177,293.0,0.13419117647058823,217.0,0.09926470588235294,0.043198529411764705,WACC_0p3_WRT_0p7,0.08933823529411763,282,False,,,False,False,False,False,False,8.0,0.029787234042553193
SPLL,RialtoBridgeTimelapse,199,0.62,219,0.8250000000000001,0.5123191802935934,0,79,1035,345,2,0.746,0.38053841577114517,0.42749531008948155,0.428979996324887,0.3795571603134271,0.05247338422008368,0.10715565371345259,-2.8192817631169373,2.486580303846317,-2.921841313157002,-2.3302840836398757,-3.215787996382892,1.7111958757000287,0.42749531008948155,0.3901354822885388,0.03735982780094277,0.428979996324887,0.36398876812760683,0.06499122819728015,0.3795571603134271,0.34967507759226024,0.02988208272116688,0.05247338422008368,0.2480387556452447,0.195565371425161,0.10715565371345259,0.27929830644130726,0.17214265272785467,510.0,0.2339154411764706,200.0,0.09145220588235294,95.0,0.043198529411764705,217.0,0.09926470588235294,330.0,0.15119485294117646,0.043198529411764705,WACC_0p5_WRT_0p5,0.12380514705882353,283,False,,,False,False,False,False,False,79.0,0.33191489361702126
SPLL,RialtoBridgeTimelapse,529,0.62,147,0.8250000000000001,0.6061010589702227,0,30,299,135,10,0.999,0.2542361228834069,0.31702799589861125,0.3150332161130794,0.2542362158921908,0.012489624347789803,0.1059307382912538,-2.8192817631169373,2.486580303846317,-2.921841313157002,-2.3302840836398757,-3.215787996382892,1.7111958757000287,0.31702799589861125,0.3626541658335036,0.045626169934892324,0.3150332161130794,0.3399449784261914,0.02491176231311204,0.2542362158921908,0.35017464608195376,0.09593843018976295,0.012489624347789803,0.22904535897275902,0.21655573462496921,0.1059307382912538,0.21322276277925598,0.10729202448800218,259.0,0.11856617647058823,100.0,0.04549632352941176,96.0,0.043658088235294115,121.0,0.05514705882352941,106.0,0.04825367647058824,0.043658088235294115,WACC_0p5_WRT_0p5,0.06222426470588235,284,False,,,False,False,False,False,False,30.0,0.12340425531914893
SPLL,RialtoBridgeTimelapse,189,0.61,143,0.8,0.612582966835167,0,28,482,222,1,0.001,0.22794405917786412,0.3017624952461488,0.29437362033332537,0.22138579683238774,0.03986101588299783,0.1288625387996547,-2.8192817631169373,2.486580303846317,-2.921841313157002,-2.3302840836398757,-3.215787996382892,1.7111958757000287,0.3017624952461488,0.37984468221030393,0.07808218696415514,0.29437362033332537,0.3395820543135355,0.04520843398021013,0.22138579683238774,0.3526158251425817,0.13123002831019398,0.03986101588299783,0.23341141377940963,0.19355039789641182,0.1288625387996547,0.23211273580966812,0.10325019701001342,414.0,0.18979779411764705,96.0,0.043658088235294115,107.0,0.04871323529411765,142.0,0.06479779411764706,149.0,0.06801470588235294,0.043658088235294115,WACC_0p3_WRT_0p7,0.08299632352941176,285,False,,,False,False,False,False,False,28.0,0.1148936170212766
SPLL,RialtoBridgeTimelapse,89,0.54,141,0.6250000000000002,0.6158917597569257,0,31,4517,3091,1,0.793,0.12063673196445958,0.2663997773905088,0.22072063003487405,0.06374244505787838,0.22872843997565145,0.3032655891783997,-2.8192817631169373,2.486580303846317,-2.921841313157002,-2.3302840836398757,-3.215787996382892,1.7111958757000287,0.2663997773905088,0.3324596587303649,0.06605988133985613,0.22072063003487405,0.3791630804327354,0.15844245039786134,0.06374244505787838,0.4861441690572487,0.42240172399937037,0.22872843997565145,0.41997100270937265,0.1912425627337212,0.3032655891783997,0.4716149432355374,0.1683493540571377,96.0,0.043658088235294115,322.0,0.14751838235294118,748.0,0.34329044117647056,1321.0,0.6066176470588235,1207.0,0.5542279411764706,0.043658088235294115,WACC_0p1_WRT_0p9,0.3390625,286,False,,,False,False,False,False,False,31.0,0.1276595744680851
SPLL,RialtoBridgeTimelapse,504,0.63,157,0.8500000000000001,0.5906331433253553,0,15,265,112,10,0.999,0.2940934130397005,0.344350648558579,0.3480072914125716,0.3003779279727558,0.03168860296867011,0.08370834215226909,-2.8192817631169373,2.486580303846317,-2.921841313157002,-2.3302840836398757,-3.215787996382892,1.7111958757000287,0.344350648558579,0.3665681836537353,0.022217535095156282,0.3480072914125716,0.3472546725534049,0.0007526188591666649,0.3003779279727558,0.36595560588589143,0.06557767791313562,0.03168860296867011,0.23261071805274697,0.20092211508407687,0.08370834215226909,0.207871546133658,0.1241632039813889,301.0,0.13786764705882354,127.0,0.057904411764705885,160.0,0.07306985294117647,137.0,0.0625,97.0,0.04411764705882353,0.04411764705882353,WACC_0p9_WRT_0p1,0.0750919117647059,287,False,,,False,False,False,False,False,15.0,0.059574468085106386
SPLL,RialtoBridgeTimelapse,402,0.61,186,0.8,0.5507670696226381,0,63,1436,789,1,0.999,0.3096504999716992,0.3730234271537722,0.3680072901496276,0.3026338228572285,0.02301995102801397,0.12905002888400474,-2.8192817631169373,2.486580303846317,-2.921841313157002,-2.3302840836398757,-3.215787996382892,1.7111958757000287,0.3730234271537722,0.3538878621835299,0.01913556497024227,0.3680072901496276,0.3395881142088466,0.028419175940780972,0.3026338228572285,0.3553794370660074,0.05274561420877888,0.02301995102801397,0.31390798673036996,0.290888035702356,0.12905002888400474,0.3545709921657862,0.22552096328178145,196.0,0.0896139705882353,97.0,0.04411764705882353,120.0,0.0546875,529.0,0.2426470588235294,549.0,0.25183823529411764,0.04411764705882353,WACC_0p3_WRT_0p7,0.13658088235294116,288,False,,,False,False,False,False,False,63.0,0.26382978723404255
SPLL,RialtoBridgeTimelapse,1032,0.37,144,0.2,0.6109457641941061,0,36,2105,2071,2,0.916,0.6389976396284062,0.2566363376695385,0.10652066924565295,0.5794557381449792,0.7374153777983448,0.7927483455766234,-2.8192817631169373,2.486580303846317,-2.921841313157002,-2.3302840836398757,-3.215787996382892,1.7111958757000287,0.2566363376695385,0.33279768283397704,0.07616134516443857,0.10652066924565295,0.39693535442928884,0.2904146851836359,0.5794557381449792,0.5068824487412187,0.07257328940376051,0.7374153777983448,0.44174907675190506,0.2956663010464397,0.7927483455766234,0.5117374655280483,0.2810108800485751,97.0,0.04411764705882353,440.0,0.20174632352941177,859.0,0.3943014705882353,1548.0,0.7109375,1540.0,0.7072610294117647,0.04411764705882353,WACC_0p1_WRT_0p9,0.4116727941176471,289,False,,,False,False,False,False,False,36.0,0.14893617021276595
SPLL,RialtoBridgeTimelapse,2067,0.45,72,0.4000000000000001,0.7733009954660521,0,5,239,1245,1,0.927,0.4919679559783707,0.11629942387335666,0.05645184998386664,0.4765332180811184,0.5761259356556017,0.6044025960832694,-2.8192817631169373,2.486580303846317,-2.921841313157002,-2.3302840836398757,-3.215787996382892,1.7111958757000287,0.11629942387335666,0.33309937426537395,0.21679995039201727,0.05645184998386664,0.34628769760409583,0.2898358476202292,0.4765332180811184,0.4632663626605289,0.01326685542058953,0.5761259356556017,0.489779228545366,0.08634670711023568,0.6044025960832694,0.5062040773830768,0.09819851870019258,98.0,0.04457720588235294,125.0,0.05698529411764706,632.0,0.2899816176470588,1973.0,0.90625,1479.0,0.6792279411764706,0.04457720588235294,WACC_0p1_WRT_0p9,0.39540441176470587,290,False,,,False,False,False,False,False,5.0,0.01702127659574468
SPLL,RialtoBridgeTimelapse,40,0.62,212,0.8250000000000001,0.5199689177131914,0,76,3183,311,10,0.601,0.3701494595450454,0.4183992040461339,0.41960351805152696,0.3692573676920527,0.048229431829000975,0.10702595020002395,-2.8192817631169373,2.486580303846317,-2.921841313157002,-2.3302840836398757,-3.215787996382892,1.7111958757000287,0.4183992040461339,0.4441372453911972,0.0257380413450633,0.41960351805152696,0.4164346747225737,0.0031688433289532303,0.3692573676920527,0.39876022082166773,0.029502853129615036,0.048229431829000975,0.22209024442465444,0.17386081259565347,0.10702595020002395,0.2566443656962248,0.14961841549620084,1459.0,0.6700367647058824,598.0,0.2743566176470588,298.0,0.13648897058823528,99.0,0.04503676470588235,251.0,0.11488970588235294,0.04503676470588235,WACC_0p7_WRT_0p3,0.24816176470588233,291,False,,,False,False,False,False,False,76.0,0.3191489361702128
SPLL,RialtoBridgeTimelapse,69,0.59,924,0.75,0.1725583970637624,0,206,1237,47,3,0.999,0.7835082735672695,0.8028099334391114,0.8015823783484436,0.7593916434307139,0.17326891725393573,0.1796519125792863,-2.8192817631169373,2.486580303846317,-2.921841313157002,-2.3302840836398757,-3.215787996382892,1.7111958757000287,0.8028099334391114,0.4920111593202348,0.31079877411887663,0.8015823783484436,0.449601200118038,0.3519811782304056,0.7593916434307139,0.41483246083682945,0.3445591825938844,0.17326891725393573,0.2621379427088512,0.08886902545491548,0.1796519125792863,0.20902282442182096,0.029370911842534653,2074.0,0.9526654411764706,996.0,0.4572610294117647,370.0,0.16957720588235295,304.0,0.13924632352941177,99.0,0.04503676470588235,0.04503676470588235,WACC_0p9_WRT_0p1,0.35275735294117644,292,False,,,False,False,False,False,False,206.0,0.8723404255319149
SPLL,RialtoBridgeTimelapse,916,0.48,258,0.475,0.4737100449030162,0,123,4099,4053,2,0.886,0.2121616454419024,0.3944437256047893,0.32229319971280207,0.1125697526749149,0.3479564418683804,0.44811052227734216,-2.8192817631169373,2.486580303846317,-2.921841313157002,-2.3302840836398757,-3.215787996382892,1.7111958757000287,0.3944437256047893,0.3331322521067568,0.06131147349803251,0.32229319971280207,0.40895742266353996,0.08666422295073789,0.1125697526749149,0.5510498893499184,0.4384801366750035,0.3479564418683804,0.4777108112484252,0.1297543693800448,0.44811052227734216,0.5156289814247738,0.0675184591474316,99.0,0.04503676470588235,537.0,0.24632352941176472,1133.0,0.5202205882352942,1889.0,0.8676470588235294,1568.0,0.7201286764705882,0.04503676470588235,WACC_0p1_WRT_0p9,0.47987132352941175,293,False,,,False,False,False,False,False,123.0,0.5191489361702127
SPLL,RialtoBridgeTimelapse,1114,0.41,259,0.3,0.4727983873684702,0,126,457,3239,1,0.784,0.4227011827656649,0.3833465361570107,0.2699147051793605,0.3250596630396429,0.5495668141844017,0.6404394054929613,-2.8192817631169373,2.486580303846317,-2.921841313157002,-2.3302840836398757,-3.215787996382892,1.7111958757000287,0.3833465361570107,0.3334622291134003,0.04988430704361041,0.2699147051793605,0.39396680020620384,0.12405209502684333,0.3250596630396429,0.5252951652513312,0.20023550221168834,0.5495668141844017,0.515742769309041,0.033824044875360726,0.6404394054929613,0.5588479202618841,0.08159148523107718,100.0,0.04549632352941176,415.0,0.19025735294117646,956.0,0.43887867647058826,2100.0,0.9646139705882353,1911.0,0.8777573529411765,0.04549632352941176,WACC_0p1_WRT_0p9,0.5034007352941177,294,False,,,False,False,False,False,False,126.0,0.5319148936170213
SPLL,RialtoBridgeTimelapse,683,0.62,438,0.8250000000000001,0.3488762807224838,0,168,1977,235,1,0.891,0.6050072316522926,0.6242550295198156,0.6316617432556763,0.6019027583786992,0.14373221222047428,0.11063252779181836,-2.8192817631169373,2.486580303846317,-2.921841313157002,-2.3302840836398757,-3.215787996382892,1.7111958757000287,0.6242550295198156,0.3759268614152345,0.24832816810458108,0.6316617432556763,0.3505576372789489,0.28110410597672736,0.6019027583786992,0.35119783263875165,0.25070492573994757,0.14373221222047428,0.2501164940861001,0.10638428186562582,0.11063252779181836,0.2694127600768405,0.15878023228502214,373.0,0.17095588235294118,144.0,0.06571691176470588,101.0,0.04595588235294118,230.0,0.1052389705882353,295.0,0.13511029411764705,0.04595588235294118,WACC_0p5_WRT_0p5,0.1045955882352941,295,False,,,False,False,False,False,False,168.0,0.7106382978723405
SPLL,RialtoBridgeTimelapse,202,0.62,198,0.8250000000000001,0.5360530118555942,0,64,1054,303,1,0.001,0.34835053595441273,0.39931761531314924,0.3999308665037519,0.3476415317388024,0.0393155243551183,0.10676751910139501,-2.8192817631169373,2.486580303846317,-2.921841313157002,-2.3302840836398757,-3.215787996382892,1.7111958757000287,0.39931761531314924,0.44384759605019675,0.0445299807370475,0.3999308665037519,0.39120987540555885,0.008720991098193076,0.3476415317388024,0.381439647852138,0.03379811611333561,0.0393155243551183,0.22221467208187073,0.18289914772675242,0.10676751910139501,0.23450976437180732,0.1277422452704123,1453.0,0.6672794117647058,397.0,0.18198529411764705,214.0,0.0978860294117647,102.0,0.04641544117647059,157.0,0.07169117647058823,0.04641544117647059,WACC_0p7_WRT_0p3,0.2130514705882353,296,False,,,False,False,False,False,False,64.0,0.2680851063829787
SPLL,RialtoBridgeTimelapse,1498,0.48,314,0.475,0.427401803387016,0,149,4790,4758,1,0.906,0.26773861383675285,0.44142831654237497,0.37179020998894174,0.1691360515106255,0.33224169965095685,0.4437768677779754,-2.8192817631169373,2.486580303846317,-2.921841313157002,-2.3302840836398757,-3.215787996382892,1.7111958757000287,0.44142831654237497,0.33412468117459765,0.10730363536777732,0.37179020998894174,0.3976201615556455,0.025829951566703757,0.1691360515106255,0.5552036985619928,0.3860676470513673,0.33224169965095685,0.49366128851497165,0.1614195888640148,0.4437768677779754,0.5447515225684119,0.10097465479043644,102.0,0.04641544117647059,443.0,0.203125,1173.0,0.5386029411764706,2000.0,0.9186580882352942,1785.0,0.8198529411764706,0.04641544117647059,WACC_0p1_WRT_0p9,0.5053308823529411,297,False,,,False,False,False,False,False,149.0,0.6297872340425532
SPLL,RialtoBridgeTimelapse,827,0.58,2795,0.725,0.0,0,212,3895,14,3,0.525,1.0,1.0,1.0,0.9673419849807425,0.246823415554553,0.20526963986782693,-2.8192817631169373,2.486580303846317,-2.921841313157002,-2.3302840836398757,-3.215787996382892,1.7111958757000287,1.0,0.5843182122914723,0.4156817877085277,1.0,0.5263168612150156,0.47368313878498436,0.9673419849807425,0.49948309584109457,0.46785888913964796,0.246823415554553,0.3071419654516912,0.060318549897138196,0.20526963986782693,0.20991869375698113,0.004649053889154209,2177.0,1.0,2165.0,0.9944852941176471,819.0,0.3759191176470588,496.0,0.22748161764705882,102.0,0.04641544117647059,0.04641544117647059,WACC_0p9_WRT_0p1,0.5288602941176471,298,False,,,False,False,False,False,False,212.0,0.8978723404255319
SPLL,RialtoBridgeTimelapse,601,0.62,145,0.8250000000000001,0.6093198138937665,0,28,388,218,10,0.999,0.24994872102097218,0.31328391399788597,0.31116752242216794,0.2499770587632241,0.01335961259367683,0.10590653322837429,-2.8192817631169373,2.486580303846317,-2.921841313157002,-2.3302840836398757,-3.215787996382892,1.7111958757000287,0.31328391399788597,0.3525647868770679,0.039280872879181916,0.31116752242216794,0.3401562229868509,0.028988700564682945,0.2499770587632241,0.3603928763217192,0.11041581755849508,0.01335961259367683,0.2654927071308774,0.25213309453720056,0.10590653322837429,0.2445301793452323,0.138623646116858,185.0,0.08455882352941177,103.0,0.046875,137.0,0.0625,319.0,0.14613970588235295,199.0,0.09099264705882353,0.046875,WACC_0p3_WRT_0p7,0.08621323529411765,299,False,,,False,False,False,False,False,28.0,0.1148936170212766
SPLL,RialtoBridgeTimelapse,839,0.6,793,0.775,0.2086858058486944,0,199,1848,102,8,0.318,0.7551618530665909,0.7706050522716609,0.773074345068935,0.7377500224917604,0.1760789385418026,0.15714368154919164,-2.8192817631169373,2.486580303846317,-2.921841313157002,-2.3302840836398757,-3.215787996382892,1.7111958757000287,0.7706050522716609,0.484348951844001,0.28625610042765987,0.773074345068935,0.43455090037922833,0.3385234446897067,0.7377500224917604,0.4532636889140566,0.28448633357770375,0.1760789385418026,0.2541228673077543,0.0780439287659517,0.15714368154919164,0.20996500810784247,0.05282132655865082,2024.0,0.9296875,800.0,0.3671875,575.0,0.26378676470588236,261.0,0.11948529411764706,103.0,0.046875,0.046875,WACC_0p9_WRT_0p1,0.3454044117647058,300,False,,,False,False,False,False,False,199.0,0.8425531914893617
SPLL,RialtoBridgeTimelapse,283,0.59,112,0.75,0.6699347355650616,0,10,1583,1141,1,0.999,0.12323659625712916,0.2270032117523825,0.2065685512825403,0.1027767032341885,0.1088741043035045,0.17830042825085868,-2.8192817631169373,2.486580303846317,-2.921841313157002,-2.3302840836398757,-3.215787996382892,1.7111958757000287,0.2270032117523825,0.33493530385701326,0.10793209210463076,0.2065685512825403,0.34206930471864266,0.13550075343610235,0.1027767032341885,0.40655412983937605,0.3037774266051876,0.1088741043035045,0.35766817225974723,0.24879406795624273,0.17830042825085868,0.40290380051736724,0.22460337226650856,104.0,0.04733455882352941,112.0,0.051011029411764705,331.0,0.15165441176470587,749.0,0.34375,751.0,0.3446691176470588,0.04733455882352941,WACC_0p1_WRT_0p9,0.18768382352941176,301,False,,,False,False,False,False,False,10.0,0.03829787234042553
SPLL,RialtoBridgeTimelapse,2070,0.63,313,0.8500000000000001,0.4281540292591035,0,35,2770,113,2,0.057,0.5172731567578868,0.5399815737916476,0.5495255399640852,0.5214456400261893,0.12242111019461364,0.08716870199353272,-2.8192817631169373,2.486580303846317,-2.921841313157002,-2.3302840836398757,-3.215787996382892,1.7111958757000287,0.5399815737916476,0.48096713636794824,0.05901443742369933,0.5495255399640852,0.4567711733196303,0.09275436664445486,0.5214456400261893,0.44863425384019706,0.07281138618599226,0.12242111019461364,0.2698920559383544,0.14747094574374076,0.08716870199353272,0.2111216360680628,0.12395293407453009,1994.0,0.9159007352941176,1098.0,0.5041360294117647,544.0,0.2495404411764706,348.0,0.15946691176470587,104.0,0.04733455882352941,0.04733455882352941,WACC_0p9_WRT_0p1,0.3752757352941176,302,False,,,False,False,False,False,False,35.0,0.14468085106382977
SPLL,RialtoBridgeTimelapse,534,0.62,134,0.8250000000000001,0.6278511569827738,0,20,344,182,8,0.999,0.2253389062923632,0.29180300157950945,0.28898237511907504,0.22552042056785435,0.018382666670138836,0.10579827878998874,-2.8192817631169373,2.486580303846317,-2.921841313157002,-2.3302840836398757,-3.215787996382892,1.7111958757000287,0.29180300157950945,0.3515603454683522,0.05975734388884274,0.28898237511907504,0.34032219387431545,0.05133981875524041,0.22552042056785435,0.3829562701540741,0.15743584958621973,0.018382666670138836,0.25662651185248186,0.23824384518234304,0.10579827878998874,0.24459485369171488,0.13879657490172614,173.0,0.07904411764705882,105.0,0.04779411764705882,224.0,0.10248161764705882,274.0,0.1254595588235294,200.0,0.09145220588235294,0.04779411764705882,WACC_0p3_WRT_0p7,0.08924632352941175,303,False,,,False,False,False,False,False,20.0,0.08085106382978724
SPLL,RialtoBridgeTimelapse,2039,0.63,117,0.8500000000000001,0.6596918007817153,0,2,2200,126,7,0.977,0.20114635810181797,0.26306293913111656,0.26415524370289983,0.20814760251231185,0.0014885904315036927,0.08282561574791146,-2.8192817631169373,2.486580303846317,-2.921841313157002,-2.3302840836398757,-3.215787996382892,1.7111958757000287,0.26306293913111656,0.4132029873908304,0.15014004825971383,0.26415524370289983,0.3859384567883156,0.12178321308541579,0.20814760251231185,0.39333282922954355,0.1851852267172317,0.0014885904315036927,0.22846568904416928,0.22697709861266557,0.08282561574791146,0.21217966384462897,0.12935404809671752,849.0,0.3897058823529412,356.0,0.16314338235294118,277.0,0.12683823529411764,119.0,0.05422794117647059,105.0,0.04779411764705882,0.04779411764705882,WACC_0p9_WRT_0p1,0.15634191176470588,304,False,,,False,False,False,False,False,2.0,0.00425531914893617
SPLL,RialtoBridgeTimelapse,586,0.62,295,0.8250000000000001,0.442119877397937,0,125,5000,581,1,0.999,0.4764283647921403,0.5115049667252005,0.5155456496094705,0.4745780264927869,0.09154234454255819,0.10851088980353267,-2.8192817631169373,2.486580303846317,-2.921841313157002,-2.3302840836398757,-3.215787996382892,1.7111958757000287,0.5115049667252005,0.40290042096651324,0.10860454575868728,0.5155456496094705,0.37301063704412635,0.14253501256534412,0.4745780264927869,0.3520217210599737,0.1225563054328132,0.09154234454255819,0.27500932750034623,0.18346698295778804,0.10851088980353267,0.30372180777663327,0.19521091797310058,669.0,0.3069852941176471,276.0,0.12637867647058823,105.0,0.04779411764705882,372.0,0.17049632352941177,395.0,0.18106617647058823,0.04779411764705882,WACC_0p5_WRT_0p5,0.16654411764705881,305,False,,,False,False,False,False,False,125.0,0.5276595744680851
SPLL,RialtoBridgeTimelapse,473,0.53,263,0.6000000000000002,0.4691864876308039,0,124,3721,3139,1,0.717,0.2859898304570283,0.41564129361495117,0.37172689967723166,0.22376963968641803,0.20904419804707824,0.3187249109731329,-2.8192817631169373,2.486580303846317,-2.921841313157002,-2.3302840836398757,-3.215787996382892,1.7111958757000287,0.41564129361495117,0.3357319592599055,0.07990933435504566,0.37172689967723166,0.37889085828499824,0.007163958607766585,0.22376963968641803,0.5028945625369835,0.27912492285056545,0.20904419804707824,0.44377400094924896,0.23472980290217071,0.3187249109731329,0.4905462296304023,0.1718213186572694,105.0,0.04779411764705882,320.0,0.14659926470588236,832.0,0.3818933823529412,1567.0,0.7196691176470589,1371.0,0.6295955882352942,0.04779411764705882,WACC_0p1_WRT_0p9,0.3851102941176471,306,False,,,False,False,False,False,False,124.0,0.5234042553191489
SPLL,RialtoBridgeTimelapse,328,0.59,143,0.75,0.612582966835167,0,29,4535,1682,1,0.999,0.19537042451518738,0.28918078529402574,0.2712845991105448,0.17514841049142402,0.09190255999214604,0.17626274212122758,-2.8192817631169373,2.486580303846317,-2.921841313157002,-2.3302840836398757,-3.215787996382892,1.7111958757000287,0.28918078529402574,0.3359854391108512,0.04680465381682547,0.2712845991105448,0.36625646065236245,0.09497186154181764,0.17514841049142402,0.42488802186313945,0.24973961137171544,0.09190255999214604,0.35876443462009733,0.2668618746279513,0.17626274212122758,0.40448018892715076,0.22821744680592318,106.0,0.04825367647058824,214.0,0.0978860294117647,421.0,0.19301470588235295,754.0,0.3460477941176471,760.0,0.34880514705882354,0.04825367647058824,WACC_0p1_WRT_0p9,0.20680147058823534,307,False,,,False,False,False,False,False,29.0,0.11914893617021277
SPLL,RialtoBridgeTimelapse,492,0.63,188,0.8500000000000001,0.548250292296512,0,23,303,119,10,0.999,0.35181833225686165,0.39490812041474216,0.4001128835554004,0.35759332660873666,0.05523819898534798,0.0844773478660255,-2.8192817631169373,2.486580303846317,-2.921841313157002,-2.3302840836398757,-3.215787996382892,1.7111958757000287,0.39490812041474216,0.3643778768700682,0.030530243544673985,0.4001128835554004,0.3501385660951414,0.04997431746025904,0.35759332660873666,0.3548715971159048,0.002721729492831837,0.05523819898534798,0.2308243035822845,0.17558610459693652,0.0844773478660255,0.2143740605612421,0.12989671269521663,281.0,0.12867647058823528,142.0,0.06479779411764706,118.0,0.05376838235294118,130.0,0.059283088235294115,107.0,0.04871323529411765,0.04871323529411765,WACC_0p9_WRT_0p1,0.07104779411764706,308,False,,,False,False,False,False,False,23.0,0.09361702127659574
SPLL,RialtoBridgeTimelapse,1382,0.46,248,0.4250000000000001,0.4830252182181488,0,115,3219,3767,2,0.829,0.2749569836410729,0.3808604517790516,0.29656339319332276,0.1788139974494576,0.4080453660506047,0.503058542027286,-2.8192817631169373,2.486580303846317,-2.921841313157002,-2.3302840836398757,-3.215787996382892,1.7111958757000287,0.3808604517790516,0.3363951293956576,0.04446532238339401,0.29656339319332276,0.4199776270611927,0.12341423386786993,0.1788139974494576,0.5660851600665859,0.38727116261712835,0.4080453660506047,0.4843260206145732,0.07628065456396849,0.503058542027286,0.5441620956985466,0.04110355367126062,107.0,0.04871323529411765,643.0,0.29503676470588236,1304.0,0.5988051470588235,1941.0,0.8915441176470589,1780.0,0.8175551470588235,0.04871323529411765,WACC_0p1_WRT_0p9,0.5303308823529411,309,False,,,False,False,False,False,False,115.0,0.4851063829787234
SPLL,RialtoBridgeTimelapse,259,0.62,229,0.8250000000000001,0.5018030117888791,0,88,4599,523,1,0.999,0.3948413504341337,0.4400204259848153,0.44188984133746745,0.3937354978543724,0.0583121194967085,0.10734053666042041,-2.8192817631169373,2.486580303846317,-2.921841313157002,-2.3302840836398757,-3.215787996382892,1.7111958757000287,0.4400204259848153,0.4089490895206505,0.031071336464164767,0.44188984133746745,0.3852115772929459,0.05667826404452153,0.3937354978543724,0.35281663536956565,0.04091886248480675,0.0583121194967085,0.2686675178990524,0.2103553984023439,0.10734053666042041,0.2938140178217024,0.18647348116128198,765.0,0.35110294117647056,352.0,0.16130514705882354,108.0,0.04917279411764706,341.0,0.15625,368.0,0.16865808823529413,0.04917279411764706,WACC_0p5_WRT_0p5,0.17729779411764707,310,False,,,False,False,False,False,False,88.0,0.3702127659574468
SPLL,RialtoBridgeTimelapse,1020,0.61,507,0.8,0.3143406046387392,0,182,4806,196,2,0.961,0.6309707942916499,0.6543564457005314,0.65801235892128,0.6211969679545576,0.13998217371636748,0.13305959487341978,-2.8192817631169373,2.486580303846317,-2.921841313157002,-2.3302840836398757,-3.215787996382892,1.7111958757000287,0.6543564457005314,0.46240914189730953,0.1919473038032219,0.65801235892128,0.4349693397066155,0.22304301921466446,0.6211969679545576,0.3781857088766896,0.24301125907786797,0.13998217371636748,0.2236941967827071,0.08371202306633962,0.13305959487341978,0.23502395636090176,0.10196436148748197,1777.0,0.8161764705882353,804.0,0.36902573529411764,205.0,0.09375,108.0,0.04917279411764706,160.0,0.07306985294117647,0.04917279411764706,WACC_0p7_WRT_0p3,0.2802389705882352,311,False,,,False,False,False,False,False,182.0,0.7702127659574468
SPLL,RialtoBridgeTimelapse,344,0.62,162,0.8250000000000001,0.5832626145720154,0,43,2363,149,1,0.001,0.2847584069826452,0.34369566835865606,0.34255860560917084,0.2845457734760056,0.013227711596502439,0.10614300117493193,-2.8192817631169373,2.486580303846317,-2.921841313157002,-2.3302840836398757,-3.215787996382892,1.7111958757000287,0.34369566835865606,0.4453561239698656,0.10166045561120957,0.34255860560917084,0.43627618168396964,0.0937175760747988,0.2845457734760056,0.43945723887591365,0.15491146539990802,0.013227711596502439,0.2579489646229478,0.24472125302644537,0.10614300117493193,0.2147161628093188,0.10857316163438686,1493.0,0.6856617647058824,816.0,0.37454044117647056,487.0,0.22334558823529413,285.0,0.13051470588235295,108.0,0.04917279411764706,0.04917279411764706,WACC_0p9_WRT_0p1,0.29264705882352937,312,False,,,False,False,False,False,False,43.0,0.17872340425531916
SPLL,RialtoBridgeTimelapse,1852,0.48,172,0.475,0.5691766190378111,0,59,2917,2439,1,0.785,0.2612768131671634,0.3005756013976197,0.22264227388082114,0.19001890941893418,0.3830650068663218,0.4603576885917687,-2.8192817631169373,2.486580303846317,-2.921841313157002,-2.3302840836398757,-3.215787996382892,1.7111958757000287,0.3005756013976197,0.33670755274853886,0.03613195135091918,0.22264227388082114,0.3866674832974486,0.16402520941662746,0.19001890941893418,0.49441331731695487,0.3043944078980207,0.3830650068663218,0.44088602116574305,0.05782101429942127,0.4603576885917687,0.4906394321545032,0.030281743562734498,108.0,0.04917279411764706,360.0,0.16498161764705882,798.0,0.3662683823529412,1539.0,0.7068014705882353,1372.0,0.6300551470588235,0.04917279411764706,WACC_0p1_WRT_0p9,0.38345588235294115,313,False,,,False,False,False,False,False,59.0,0.24680851063829787
SPLL,RialtoBridgeTimelapse,92,0.6,101,0.775,0.6941635488270013,0,6,2512,509,1,0.683,0.10760242004185637,0.20543661840326463,0.18933908308557112,0.0941686270713825,0.08938325024312502,0.15447519851050995,-2.8192817631169373,2.486580303846317,-2.921841313157002,-2.3302840836398757,-3.215787996382892,1.7111958757000287,0.20543661840326463,0.3752884972920588,0.1698518788887942,0.18933908308557112,0.34167674756351846,0.15233766447794733,0.0941686270713825,0.35729909031888546,0.26313046324750294,0.08938325024312502,0.3112967154339865,0.2219134651908615,0.15447519851050995,0.35306301312960403,0.19858781461909408,365.0,0.16727941176470587,109.0,0.04963235294117647,125.0,0.05698529411764706,519.0,0.23805147058823528,543.0,0.24908088235294118,0.04963235294117647,WACC_0p3_WRT_0p7,0.15220588235294116,314,False,,,False,False,False,False,False,6.0,0.02127659574468085
SPLL,RialtoBridgeTimelapse,1083,0.61,442,0.8,0.3467304624966697,0,173,1546,177,9,0.936,0.5863848773708575,0.6152651179099248,0.6177503223564362,0.5770408562748613,0.12187354411331348,0.13234130694047133,-2.8192817631169373,2.486580303846317,-2.921841313157002,-2.3302840836398757,-3.215787996382892,1.7111958757000287,0.6152651179099248,0.4387626034531253,0.1765025144567995,0.6177503223564362,0.4287828958281052,0.18896742652833104,0.5770408562748613,0.3950328433431296,0.18200801293173174,0.12187354411331348,0.22532684158036786,0.10345329746705438,0.13234130694047133,0.21487502345155032,0.08253371651107899,1343.0,0.6167279411764706,727.0,0.3336397058823529,286.0,0.13097426470588236,109.0,0.04963235294117647,109.0,0.04963235294117647,0.04963235294117647,WACC_0p7_WRT_0p3,0.23612132352941173,315,False,,,False,False,False,False,False,173.0,0.7319148936170212
SPLL,RialtoBridgeTimelapse,1073,0.42,184,0.325,0.5533109095892781,0,70,2713,3871,2,0.828,0.4392531496812574,0.30933669250714085,0.1960428310258524,0.3644076110151987,0.5544007114713535,0.6280095547222204,-2.8192817631169373,2.486580303846317,-2.921841313157002,-2.3302840836398757,-3.215787996382892,1.7111958757000287,0.30933669250714085,0.3368011622778838,0.02746446977074296,0.1960428310258524,0.4221239211371997,0.2260810901113473,0.3644076110151987,0.5707273552293072,0.20631974421410848,0.5544007114713535,0.5036637351768971,0.05073697629445639,0.6280095547222204,0.568846313614337,0.0591632411078834,109.0,0.04963235294117647,657.0,0.3014705882352941,1377.0,0.6323529411764706,2051.0,0.9420955882352942,1981.0,0.9099264705882353,0.04963235294117647,WACC_0p1_WRT_0p9,0.5670955882352942,316,False,,,False,False,False,False,False,70.0,0.2936170212765957
SPLL,RialtoBridgeTimelapse,1692,0.62,310,0.8250000000000001,0.4304251651410874,0,133,3055,195,3,0.69,0.4924878510970273,0.5255822433219305,0.5300464806442714,0.49048541519239214,0.09807097205732737,0.10876030330551738,-2.8192817631169373,2.486580303846317,-2.921841313157002,-2.3302840836398757,-3.215787996382892,1.7111958757000287,0.5255822433219305,0.4215237476674153,0.10405849565451519,0.5300464806442714,0.38687747343507306,0.14316900720919834,0.49048541519239214,0.37664453702777767,0.11384087816461447,0.09807097205732737,0.22543412416629532,0.12736315210896795,0.10876030330551738,0.21860445470512502,0.10984415139960764,971.0,0.44577205882352944,362.0,0.16590073529411764,200.0,0.09145220588235294,110.0,0.050091911764705885,117.0,0.05330882352941176,0.050091911764705885,WACC_0p7_WRT_0p3,0.16130514705882354,317,False,,,False,False,False,False,False,133.0,0.5617021276595745
SPLL,RialtoBridgeTimelapse,147,0.53,215,0.6000000000000002,0.5166601247914328,0,92,4677,2761,1,0.806,0.2273666526131783,0.36542744997149257,0.31925800586628755,0.16467504311598158,0.22374733861904084,0.3213344298585301,-2.8192817631169373,2.486580303846317,-2.921841313157002,-2.3302840836398757,-3.215787996382892,1.7111958757000287,0.36542744997149257,0.33682861404299924,0.028598835928493327,0.31925800586628755,0.36762533085250826,0.048367324986220706,0.16467504311598158,0.4761997167307323,0.3115246736147507,0.22374733861904084,0.4044592904197011,0.18071195180066024,0.3213344298585301,0.45182013205988125,0.13048570220135114,110.0,0.050091911764705885,227.0,0.10386029411764706,701.0,0.32169117647058826,1148.0,0.5271139705882353,1058.0,0.48575367647058826,0.050091911764705885,WACC_0p1_WRT_0p9,0.29770220588235297,318,False,,,False,False,False,False,False,92.0,0.3872340425531915
SPLL,RialtoBridgeTimelapse,602,0.63,182,0.8500000000000001,0.5558824005318957,0,22,208,108,10,0.999,0.3413920864422743,0.3857734767191116,0.39070041851337173,0.3472617159237338,0.050990485856488146,0.08432951611377103,-2.8192817631169373,2.486580303846317,-2.921841313157002,-2.3302840836398757,-3.215787996382892,1.7111958757000287,0.3857734767191116,0.3600710060424932,0.025702470676618405,0.39070041851337173,0.342056584870734,0.048643833642637746,0.3472617159237338,0.37919593617136965,0.03193422024763587,0.050990485856488146,0.24992029440507935,0.1989298085485912,0.08432951611377103,0.22769273707059667,0.14336322095682563,244.0,0.11167279411764706,111.0,0.050551470588235295,209.0,0.09558823529411764,228.0,0.10431985294117647,136.0,0.06204044117647059,0.050551470588235295,WACC_0p3_WRT_0p7,0.08483455882352942,319,False,,,False,False,False,False,False,22.0,0.08936170212765958
SPLL,RialtoBridgeTimelapse,737,0.61,286,0.8,0.4494246550923305,0,132,3687,302,1,0.492,0.4460436687431002,0.4923061722185124,0.49105372321407004,0.4379762626702724,0.06470393445555914,0.13034186830151867,-2.8192817631169373,2.486580303846317,-2.921841313157002,-2.3302840836398757,-3.215787996382892,1.7111958757000287,0.4923061722185124,0.416312766295881,0.07599340592263143,0.49105372321407004,0.38812645394850415,0.10292726926556589,0.4379762626702724,0.35432724864089976,0.08364901402937264,0.06470393445555914,0.22576010641236455,0.1610561719568054,0.13034186830151867,0.26908703397691636,0.13874516567539769,896.0,0.41130514705882354,369.0,0.16911764705882354,112.0,0.051011029411764705,111.0,0.050551470588235295,293.0,0.13419117647058823,0.050551470588235295,WACC_0p7_WRT_0p3,0.16323529411764706,320,False,,,False,False,False,False,False,132.0,0.5574468085106383
SPLL,RialtoBridgeTimelapse,434,0.34,592,0.1250000000000001,0.2777394133047883,0,207,134,4808,2,0.914,0.5280422846428557,0.5600668802001959,0.41785046825647293,0.3752528248230242,0.6764252036013791,0.803908975284636,-2.8192817631169373,2.486580303846317,-2.921841313157002,-2.3302840836398757,-3.215787996382892,1.7111958757000287,0.5600668802001959,0.3368410134190345,0.2232258667811614,0.41785046825647293,0.42517525689592073,0.007324788639447799,0.3752528248230242,0.5708054107136586,0.19555258589063446,0.6764252036013791,0.566684309083751,0.10974089451762814,0.803908975284636,0.6341522329112778,0.16975674237335825,111.0,0.050551470588235295,690.0,0.3166360294117647,1381.0,0.6341911764705882,2171.0,0.9972426470588235,2172.0,0.9977022058823529,0.050551470588235295,WACC_0p1_WRT_0p9,0.5992647058823529,321,False,,,False,False,False,False,False,207.0,0.8765957446808511
SPLL,RialtoBridgeTimelapse,1409,0.62,378,0.8250000000000001,0.3836440777650048,0,154,4715,331,10,0.882,0.5569300337539734,0.5820863656810704,0.5882405494486822,0.5543032868560075,0.12423736309352865,0.10980908336850448,-2.8192817631169373,2.486580303846317,-2.921841313157002,-2.3302840836398757,-3.215787996382892,1.7111958757000287,0.5820863656810704,0.490909765372106,0.0911766003089644,0.5882405494486822,0.45180866398951236,0.13643188545916984,0.5543032868560075,0.4477995340180223,0.10650375283798519,0.12423736309352865,0.225837032845384,0.10159966975185536,0.10980908336850448,0.23713878156942883,0.12732969820092435,2067.0,0.9494485294117647,1029.0,0.4724264705882353,537.0,0.24632352941176472,112.0,0.051011029411764705,169.0,0.07720588235294118,0.051011029411764705,WACC_0p7_WRT_0p3,0.3592830882352941,322,False,,,False,False,False,False,False,154.0,0.6510638297872341
SPLL,RialtoBridgeTimelapse,1663,0.48,127,0.475,0.6404474693503497,0,22,4184,3743,3,0.994,0.3026164716524571,0.23340995434220124,0.15043220437781105,0.2519164031357197,0.4125960586142586,0.47338375778881553,-2.8192817631169373,2.486580303846317,-2.921841313157002,-2.3302840836398757,-3.215787996382892,1.7111958757000287,0.23340995434220124,0.3369453998622122,0.10353544552001098,0.15043220437781105,0.40752458167446015,0.25709237729664913,0.2519164031357197,0.5423702272015994,0.2904538240658797,0.4125960586142586,0.455978041880664,0.04338198326640541,0.47338375778881553,0.5177232017431501,0.04433944395433459,112.0,0.051011029411764705,527.0,0.2417279411764706,1060.0,0.4866727941176471,1678.0,0.7706801470588235,1590.0,0.7302389705882353,0.051011029411764705,WACC_0p1_WRT_0p9,0.4560661764705882,323,False,,,False,False,False,False,False,22.0,0.08936170212765958
SPLL,RialtoBridgeTimelapse,378,0.62,138,0.8250000000000001,0.6209433717076739,0,23,413,194,9,0.999,0.23449738497958736,0.2997949350170132,0.29723767589509564,0.23462376047169653,0.016507243380615228,0.1058321693515548,-2.8192817631169373,2.486580303846317,-2.921841313157002,-2.3302840836398757,-3.215787996382892,1.7111958757000287,0.2997949350170132,0.35426829017629907,0.05447335515928586,0.29723767589509564,0.3421413935350613,0.044903717639965646,0.23462376047169653,0.35711300020756254,0.122489239735866,0.016507243380615228,0.2366902530400751,0.22018300965945986,0.1058321693515548,0.23491938486867203,0.12908721551711722,199.0,0.09099264705882353,113.0,0.051470588235294115,124.0,0.05652573529411765,156.0,0.07123161764705882,159.0,0.07261029411764706,0.051470588235294115,WACC_0p3_WRT_0p7,0.06856617647058824,324,False,,,False,False,False,False,False,23.0,0.09361702127659574
SPLL,RialtoBridgeTimelapse,631,0.61,250,0.8,0.4811326094245646,0,113,417,218,9,0.999,0.40310184662742227,0.4547206761737977,0.45230181543936976,0.395392102750363,0.04713768999805897,0.12984308027461464,-2.8192817631169373,2.486580303846317,-2.921841313157002,-2.3302840836398757,-3.215787996382892,1.7111958757000287,0.4547206761737977,0.35575787652780877,0.09896279964598892,0.45230181543936976,0.3471698625067582,0.10513195293261157,0.395392102750363,0.35439885766890183,0.04099324508146118,0.04713768999805897,0.2512200710272374,0.20408238102917844,0.12984308027461464,0.24384196703280503,0.1139988867581904,210.0,0.09604779411764706,126.0,0.05744485294117647,113.0,0.051470588235294115,236.0,0.10799632352941177,195.0,0.08915441176470588,0.051470588235294115,WACC_0p5_WRT_0p5,0.08042279411764706,325,False,,,False,False,False,False,False,113.0,0.4765957446808511
SPLL,RialtoBridgeTimelapse,545,0.62,513,0.8250000000000001,0.3115627859831549,0,178,3304,172,1,0.064,0.656753420549456,0.6696519902981032,0.6784006505591621,0.653125828583913,0.16469490475636014,0.11154944751436527,-2.8192817631169373,2.486580303846317,-2.921841313157002,-2.3302840836398757,-3.215787996382892,1.7111958757000287,0.6696519902981032,0.48324455835816127,0.18640743193994191,0.6784006505591621,0.4696956445395136,0.20870500601964848,0.653125828583913,0.4526191810165475,0.20050664756736547,0.16469490475636014,0.2266292439411105,0.06193433918475036,0.11154944751436527,0.2187793999248669,0.10722995241050162,2015.0,0.9255514705882353,1345.0,0.6176470588235294,570.0,0.2614889705882353,113.0,0.051470588235294115,118.0,0.05376838235294118,0.051470588235294115,WACC_0p7_WRT_0p3,0.38198529411764703,326,False,,,False,False,False,False,False,178.0,0.7531914893617021
SPLL,RialtoBridgeTimelapse,1697,0.45,225,0.4000000000000001,0.505953553992776,0,102,923,4264,1,0.753,0.31800926028669824,0.35692269617846983,0.26526522530594593,0.22905313128138777,0.4456256302165231,0.5338550414358708,-2.8192817631169373,2.486580303846317,-2.921841313157002,-2.3302840836398757,-3.215787996382892,1.7111958757000287,0.35692269617846983,0.3384999103810409,0.018422785797428953,0.26526522530594593,0.4076034266517919,0.14233820134584596,0.22905313128138777,0.5467200146937559,0.3176668834123681,0.4456256302165231,0.5175651909187008,0.07193956070217766,0.5338550414358708,0.5755485327551204,0.0416934913192496,113.0,0.051470588235294115,530.0,0.24310661764705882,1087.0,0.4990808823529412,2106.0,0.9673713235294118,2018.0,0.9269301470588235,0.051470588235294115,WACC_0p1_WRT_0p9,0.5375919117647059,327,False,,,False,False,False,False,False,102.0,0.4297872340425532
SPLL,RialtoBridgeTimelapse,509,0.63,130,0.8500000000000001,0.6349667260665464,0,5,340,168,8,0.999,0.23423908955490036,0.2919826662464276,0.294001160330422,0.24100424669943052,0.007164120838494281,0.08307442655952647,-2.8192817631169373,2.486580303846317,-2.921841313157002,-2.3302840836398757,-3.215787996382892,1.7111958757000287,0.2919826662464276,0.3516799374465042,0.05969727120007662,0.294001160330422,0.34217416969616776,0.048173009365745756,0.24100424669943052,0.3772536681465616,0.13624942144713106,0.007164120838494281,0.2512181063719277,0.24405398553343344,0.08307442655952647,0.23379056010477864,0.15071613354525215,175.0,0.07996323529411764,114.0,0.05193014705882353,201.0,0.09191176470588236,235.0,0.10753676470588236,155.0,0.07077205882352941,0.05193014705882353,WACC_0p3_WRT_0p7,0.08042279411764705,328,False,,,False,False,False,False,False,5.0,0.01702127659574468
SPLL,RialtoBridgeTimelapse,367,0.61,179,0.8,0.5597928174542224,0,57,991,426,3,0.999,0.29763838524529546,0.3625349368568934,0.35717723627716713,0.29069962421189405,0.025461404333359954,0.1289863885942652,-2.8192817631169373,2.486580303846317,-2.921841313157002,-2.3302840836398757,-3.215787996382892,1.7111958757000287,0.3625349368568934,0.39070169902514457,0.028166762168251147,0.35717723627716713,0.35812217175497635,0.0009449354778092167,0.29069962421189405,0.3546942086872448,0.06399458447535078,0.025461404333359954,0.2682933631038609,0.24283195877050098,0.1289863885942652,0.30184285032630936,0.17285646173204416,514.0,0.23575367647058823,171.0,0.078125,114.0,0.05193014705882353,339.0,0.15533088235294118,390.0,0.17876838235294118,0.05193014705882353,WACC_0p5_WRT_0p5,0.13998161764705883,329,False,,,False,False,False,False,False,57.0,0.23829787234042554
SPLL,RialtoBridgeTimelapse,357,0.62,300,0.8250000000000001,0.4381570571444728,0,130,4103,379,10,0.999,0.48186778424486043,0.5162728025524469,0.5204570662569756,0.47996610510794113,0.09375401011084779,0.10859476622925911,-2.8192817631169373,2.486580303846317,-2.921841313157002,-2.3302840836398757,-3.215787996382892,1.7111958757000287,0.5162728025524469,0.475230595861242,0.0410422066912049,0.5204570662569756,0.4556851751813528,0.06477189107562281,0.47996610510794113,0.41779099886055515,0.06217510624738598,0.09375401011084779,0.22669918426492827,0.13294517415408047,0.10859476622925911,0.244405848582448,0.1358110823531889,1942.0,0.8920036764705882,1079.0,0.4954044117647059,388.0,0.17784926470588236,114.0,0.05193014705882353,198.0,0.09053308823529412,0.05193014705882353,WACC_0p7_WRT_0p3,0.3415441176470589,330,False,,,False,False,False,False,False,130.0,0.548936170212766
SPLL,RialtoBridgeTimelapse,1062,0.44,169,0.3750000000000001,0.5733150599175052,0,59,541,2470,3,0.959,0.38820078279498615,0.29234724929834993,0.18985945979940952,0.3188592476145953,0.5031055922560718,0.5744974049781553,-2.8192817631169373,2.486580303846317,-2.921841313157002,-2.3302840836398757,-3.215787996382892,1.7111958757000287,0.29234724929834993,0.3386737692708952,0.04632651997254528,0.18985945979940952,0.41875154772387657,0.22889208792446705,0.3188592476145953,0.5310623014390641,0.2122030538244688,0.5031055922560718,0.4705592067246956,0.032546385531376176,0.5744974049781553,0.5323983799649469,0.04209902501320839,114.0,0.05193014705882353,629.0,0.28860294117647056,986.0,0.45266544117647056,1831.0,0.8409926470588235,1700.0,0.7807904411764706,0.05193014705882353,WACC_0p1_WRT_0p9,0.4829963235294118,331,False,,,False,False,False,False,False,59.0,0.24680851063829787
SPLL,RialtoBridgeTimelapse,236,0.62,141,0.8250000000000001,0.6158917597569257,0,25,479,217,5,0.999,0.2412064257824415,0.305651060788566,0.30328574222471444,0.2412909769808503,0.015138091669852203,0.10586190706475063,-2.8192817631169373,2.486580303846317,-2.921841313157002,-2.3302840836398757,-3.215787996382892,1.7111958757000287,0.305651060788566,0.34112308075811154,0.03547201996954552,0.30328574222471444,0.3446600116209004,0.041374269396185936,0.2412909769808503,0.354704641749557,0.1134136647687067,0.015138091669852203,0.24436802676895042,0.22922993509909823,0.10586190706475063,0.2557298694752452,0.14986796241049455,123.0,0.05606617647058824,121.0,0.05514705882352941,115.0,0.05238970588235294,198.0,0.09053308823529412,245.0,0.11213235294117647,0.05238970588235294,WACC_0p5_WRT_0p5,0.07325367647058824,332,False,,,False,False,False,False,False,25.0,0.10212765957446808
SPLL,RialtoBridgeTimelapse,193,0.62,499,0.8250000000000001,0.3180958396352306,0,177,4810,293,1,0.001,0.6476831943762581,0.6616940047435054,0.6702078499684869,0.6441478832286004,0.16102180882231867,0.11138671441947266,-2.8192817631169373,2.486580303846317,-2.921841313157002,-2.3302840836398757,-3.215787996382892,1.7111958757000287,0.6616940047435054,0.5513083495981121,0.11038565514539322,0.6702078499684869,0.5019751346599127,0.1682327153085742,0.6441478832286004,0.46632765941326265,0.17782022381533774,0.16102180882231867,0.22687032945483404,0.06584852063251537,0.11138671441947266,0.22351463756109258,0.11212792314161991,2164.0,0.9940257352941176,2033.0,0.9338235294117647,642.0,0.2945772058823529,115.0,0.05238970588235294,128.0,0.058363970588235295,0.05238970588235294,WACC_0p7_WRT_0p3,0.4666360294117647,333,False,,,False,False,False,False,False,177.0,0.7489361702127659
SPLL,RialtoBridgeTimelapse,439,0.34,111,0.1250000000000001,0.6720376368554289,0,19,18,2346,1,0.691,0.7847938297946739,0.20523609363174808,0.11375734214492911,0.7404202497354304,0.8690815098307678,0.9081498254128143,-2.8192817631169373,2.486580303846317,-2.921841313157002,-2.3302840836398757,-3.215787996382892,1.7111958757000287,0.20523609363174808,0.33886943643553197,0.1336333428037839,0.11375734214492911,0.39314053902770324,0.27938319688277413,0.7404202497354304,0.4965715675015584,0.24384868223387202,0.8690815098307678,0.5781765035498175,0.2909050062809503,0.9081498254128143,0.6086142781473918,0.29953554726542253,115.0,0.05238970588235294,408.0,0.1870404411764706,806.0,0.36994485294117646,2177.0,1.0,2138.0,0.9820772058823529,0.05238970588235294,WACC_0p1_WRT_0p9,0.5182904411764706,334,False,,,False,False,False,False,False,19.0,0.07659574468085106
SPLL,RialtoBridgeTimelapse,393,0.62,111,0.8250000000000001,0.6720376368554289,0,7,387,227,5,0.738,0.16723078644958492,0.24116896503113894,0.23663344744152734,0.16769857400744714,0.03048982397667458,0.10580120407402638,-2.8192817631169373,2.486580303846317,-2.921841313157002,-2.3302840836398757,-3.215787996382892,1.7111958757000287,0.24116896503113894,0.3526389920245661,0.11147002699342717,0.23663344744152734,0.3548113214045028,0.11817787396297544,0.16769857400744714,0.3547821524326233,0.18708357842517614,0.03048982397667458,0.2707615704794115,0.24027174650273694,0.10580120407402638,0.28493546132885766,0.1791342572548313,187.0,0.08547794117647059,158.0,0.07215073529411764,116.0,0.05284926470588235,350.0,0.16038602941176472,341.0,0.15625,0.05284926470588235,WACC_0p5_WRT_0p5,0.10542279411764706,335,False,,,False,False,False,False,False,7.0,0.02553191489361702
SPLL,RialtoBridgeTimelapse,1722,0.62,477,0.8250000000000001,0.3287410841661276,0,173,1392,152,4,0.871,0.6329128236168879,0.6487354440871369,0.6568665513822681,0.6295272735449544,0.15503922861842812,0.11112347208475654,-2.8192817631169373,2.486580303846317,-2.921841313157002,-2.3302840836398757,-3.215787996382892,1.7111958757000287,0.6487354440871369,0.3931962493440388,0.2555391947430981,0.6568665513822681,0.37092456898114223,0.2859419824011259,0.6295272735449544,0.36719365304563906,0.26233362049931536,0.15503922861842812,0.23046690219159008,0.07542767357316196,0.11112347208475654,0.21800621212369478,0.10688274003893825,548.0,0.25137867647058826,254.0,0.11626838235294118,163.0,0.0744485294117647,128.0,0.058363970588235295,116.0,0.05284926470588235,0.05284926470588235,WACC_0p9_WRT_0p1,0.11066176470588236,336,False,,,False,False,False,False,False,173.0,0.7319148936170212
SPLL,RialtoBridgeTimelapse,67,0.59,125,0.75,0.6441731343402461,0,17,5000,1886,2,0.999,0.15542762294716087,0.2546943822659948,0.2354268123548498,0.1351234882257186,0.1011378745051983,0.177221010751916,-2.8192817631169373,2.486580303846317,-2.921841313157002,-2.3302840836398757,-3.215787996382892,1.7111958757000287,0.2546943822659948,0.33936736435697656,0.08467298209098179,0.2354268123548498,0.3889793051875407,0.1535524928326909,0.1351234882257186,0.4574055910862014,0.32228210286048276,0.1011378745051983,0.36408269825126555,0.26294482374606726,0.177221010751916,0.41453018218970217,0.23730917143778615,116.0,0.05284926470588235,380.0,0.17417279411764705,598.0,0.2743566176470588,790.0,0.3625919117647059,823.0,0.37775735294117646,0.05284926470588235,WACC_0p1_WRT_0p9,0.24834558823529412,337,False,,,False,False,False,False,False,17.0,0.06808510638297872
SPLL,RialtoBridgeTimelapse,954,0.61,305,0.8,0.4342595252109815,0,138,4319,408,1,0.873,0.4666544397115919,0.5103535731695894,0.5096564333356919,0.4584088020152676,0.07312057917727047,0.1306037792818424,-2.8192817631169373,2.486580303846317,-2.921841313157002,-2.3302840836398757,-3.215787996382892,1.7111958757000287,0.5103535731695894,0.4155516031274063,0.0948019700421831,0.5096564333356919,0.37613503553414307,0.1335213978015488,0.4584088020152676,0.35479706686429935,0.10361173515096828,0.07312057917727047,0.25210830465003076,0.1789877254727603,0.1306037792818424,0.2938838257800409,0.1632800464981985,883.0,0.4053308823529412,300.0,0.13740808823529413,117.0,0.05330882352941176,246.0,0.11259191176470588,369.0,0.16911764705882354,0.05330882352941176,WACC_0p5_WRT_0p5,0.17555147058823528,338,False,,,False,False,False,False,False,138.0,0.5829787234042553
SPLL,RialtoBridgeTimelapse,1051,0.62,334,0.8250000000000001,0.4128387548566983,0,145,4455,327,7,0.622,0.5166773735528268,0.5467892641313996,0.55188954998066,0.5144430489168601,0.10789846645087496,0.10914555556109568,-2.8192817631169373,2.486580303846317,-2.921841313157002,-2.3302840836398757,-3.215787996382892,1.7111958757000287,0.5467892641313996,0.47084232109015706,0.07594694304124255,0.55188954998066,0.43680782822990466,0.11508172175075532,0.5144430489168601,0.4589212937528736,0.0555217551639865,0.10789846645087496,0.2275020503780956,0.11960358392722063,0.10914555556109568,0.253939183769118,0.14479362820802233,1877.0,0.8621323529411765,821.0,0.37683823529411764,607.0,0.27849264705882354,117.0,0.05330882352941176,238.0,0.10891544117647059,0.05330882352941176,WACC_0p7_WRT_0p3,0.3359375,339,False,,,False,False,False,False,False,145.0,0.6127659574468085
SPLL,RialtoBridgeTimelapse,1726,0.35,106,0.15,0.6828420183957336,0,18,37,2071,1,0.673,0.759429859907956,0.19581134059598285,0.10991098456962567,0.7180949694293324,0.8434509533898977,0.8811952692410719,-2.8192817631169373,2.486580303846317,-2.921841313157002,-2.3302840836398757,-3.215787996382892,1.7111958757000287,0.19581134059598285,0.3393933560540498,0.14358201545806695,0.10991098456962567,0.39324962983484346,0.2833386452652178,0.7180949694293324,0.5085652219482011,0.2095297474811313,0.8434509533898977,0.5736384854858108,0.26981246790408697,0.8811952692410719,0.604017373246067,0.277177895995005,117.0,0.05330882352941176,409.0,0.1875,873.0,0.4007352941176471,2174.0,0.9986213235294118,2130.0,0.9784007352941176,0.05330882352941176,WACC_0p1_WRT_0p9,0.5237132352941176,340,False,,,False,False,False,False,False,18.0,0.07234042553191489
SPLL,RialtoBridgeTimelapse,1827,0.47,456,0.45,0.3393697627017129,0,182,3667,3995,1,0.642,0.36117617024426835,0.5292818777680187,0.4585143931735318,0.256484368297913,0.33120012251690933,0.4630717896838489,-2.8192817631169373,2.486580303846317,-2.921841313157002,-2.3302840836398757,-3.215787996382892,1.7111958757000287,0.5292818777680187,0.33940007239787495,0.18988180537014376,0.4585143931735318,0.3978915501797454,0.0606228429937864,0.256484368297913,0.5503681685769246,0.2938838002790116,0.33120012251690933,0.47099393686510077,0.13979381434819144,0.4630717896838489,0.519550471793209,0.056478682109360134,118.0,0.05376838235294118,446.0,0.20450367647058823,1127.0,0.5174632352941176,1834.0,0.8423713235294118,1608.0,0.7385110294117647,0.05376838235294118,WACC_0p1_WRT_0p9,0.4713235294117647,341,False,,,False,False,False,False,False,182.0,0.7702127659574468
SPLL,RialtoBridgeTimelapse,1622,0.48,140,0.475,0.6175636736939851,0,33,3807,3686,2,0.852,0.28898772248217713,0.2546889049674488,0.1734137549366217,0.2317772921556318,0.4027321561199207,0.468765776248084,-2.8192817631169373,2.486580303846317,-2.921841313157002,-2.3302840836398757,-3.215787996382892,1.7111958757000287,0.2546889049674488,0.3395850922506124,0.08489618728316362,0.1734137549366217,0.41560890643259013,0.24219515149596843,0.2317772921556318,0.5494984740365451,0.31772118188091325,0.4027321561199207,0.4656342540427703,0.06290209792284962,0.468765776248084,0.5124545606113982,0.04368878436331414,119.0,0.05422794117647059,588.0,0.2697610294117647,1118.0,0.5133272058823529,1779.0,0.8170955882352942,1546.0,0.7100183823529411,0.05422794117647059,WACC_0p1_WRT_0p9,0.47288602941176466,342,False,,,False,False,False,False,False,33.0,0.13617021276595745
SPLL,RialtoBridgeTimelapse,128,0.61,178,0.8,0.5611107865312432,0,56,1666,727,1,0.737,0.2958865072697482,0.3610055661766245,0.35559787108582813,0.28895884905913777,0.025818325511806333,0.12897800084568098,-2.8192817631169373,2.486580303846317,-2.921841313157002,-2.3302840836398757,-3.215787996382892,1.7111958757000287,0.3610055661766245,0.3767868666493347,0.015781300472710202,0.35559787108582813,0.34460471904484774,0.010993152040980392,0.28895884905913777,0.3688329676695647,0.07987411861042693,0.025818325511806333,0.3345719608320815,0.30875363532027517,0.12897800084568098,0.3659308015035941,0.2369528006579131,382.0,0.17509191176470587,120.0,0.0546875,169.0,0.07720588235294118,616.0,0.28262867647058826,584.0,0.2679227941176471,0.0546875,WACC_0p3_WRT_0p7,0.17150735294117647,343,False,,,False,False,False,False,False,56.0,0.23404255319148937
SPLL,RialtoBridgeTimelapse,1914,0.54,166,0.6250000000000002,0.5775271860960967,0,54,4636,2821,1,0.826,0.16686245443312914,0.30556113995491735,0.2619219697123308,0.11071904941029714,0.21589347571564277,0.2999079220873379,-2.8192817631169373,2.486580303846317,-2.921841313157002,-2.3302840836398757,-3.215787996382892,1.7111958757000287,0.30556113995491735,0.33968240709276853,0.034121267137851186,0.2619219697123308,0.36987122559104413,0.10794925587871335,0.11071904941029714,0.47760983407844854,0.3668907846681514,0.21589347571564277,0.40271625040124565,0.18682277468560288,0.2999079220873379,0.45493834064351185,0.15503041855617394,120.0,0.0546875,247.0,0.1130514705882353,708.0,0.3249080882352941,1123.0,0.515625,1088.0,0.49954044117647056,0.0546875,WACC_0p1_WRT_0p9,0.3015625,344,False,,,False,False,False,False,False,54.0,0.225531914893617
SPLL,RialtoBridgeTimelapse,783,0.5,406,0.5250000000000001,0.3667817377221254,0,170,4562,3457,2,0.917,0.3698930393217115,0.5121305987118503,0.4565698400870412,0.28680767638789134,0.2585130402370303,0.3888429971734943,-2.8192817631169373,2.486580303846317,-2.921841313157002,-2.3302840836398757,-3.215787996382892,1.7111958757000287,0.5121305987118503,0.34051718661027014,0.17161341210158015,0.4565698400870412,0.3922626343066891,0.0643072057803521,0.28680767638789134,0.5102810677179095,0.22347339133001815,0.2585130402370303,0.42277423112026613,0.16426119088323582,0.3888429971734943,0.47630355934509633,0.08746056217160203,121.0,0.05514705882352941,403.0,0.18474264705882354,885.0,0.40625,1354.0,0.6217830882352942,1243.0,0.5707720588235294,0.05514705882352941,WACC_0p1_WRT_0p9,0.36773897058823535,345,False,,,False,False,False,False,False,170.0,0.7191489361702128
SPLL,RialtoBridgeTimelapse,650,0.59,173,0.75,0.5678130715313164,0,56,1664,1086,1,0.999,0.25276464874772386,0.3389194841187647,0.3228821987616704,0.23249893989634812,0.07916156151248588,0.1754401927310803,-2.8192817631169373,2.486580303846317,-2.921841313157002,-2.3302840836398757,-3.215787996382892,1.7111958757000287,0.3389194841187647,0.34052904868830813,0.0016095645695434202,0.3228821987616704,0.34496125539693095,0.022079056635260552,0.23249893989634812,0.400972422784981,0.1684734828886329,0.07916156151248588,0.35536337297515413,0.27620181146266826,0.1754401927310803,0.3977014666444106,0.22226127391333028,122.0,0.05560661764705882,122.0,0.05560661764705882,309.0,0.14154411764705882,727.0,0.3336397058823529,723.0,0.3318014705882353,0.05560661764705882,WACC_0p1_WRT_0p9,0.18363970588235295,346,False,,,False,False,False,False,False,56.0,0.23404255319148937
SPLL,RialtoBridgeTimelapse,352,0.62,174,0.8250000000000001,0.5664573380935396,0,51,2433,156,1,0.001,0.3073232808173214,0.36342407702882923,0.3629131328017452,0.3069418172350475,0.022500905462892153,0.1063395713450116,-2.8192817631169373,2.486580303846317,-2.921841313157002,-2.3302840836398757,-3.215787996382892,1.7111958757000287,0.36342407702882923,0.44830826640887866,0.08488418938004944,0.3629131328017452,0.4392277922053371,0.07631465940359189,0.3069418172350475,0.43968427964640533,0.13274246241135784,0.022500905462892153,0.25375359866421215,0.23125269320132,0.1063395713450116,0.21981608658977103,0.11347651524475943,1549.0,0.7113970588235294,850.0,0.39016544117647056,491.0,0.22518382352941177,259.0,0.11856617647058823,122.0,0.05560661764705882,0.05560661764705882,WACC_0p9_WRT_0p1,0.30018382352941175,347,False,,,False,False,False,False,False,51.0,0.2127659574468085
SPLL,RialtoBridgeTimelapse,272,0.62,252,0.8250000000000001,0.479255021494012,0,101,3431,390,10,0.999,0.42558613963055686,0.46695116481529936,0.4696430721730746,0.4242059429696152,0.07084822519244124,0.1077602955218729,-2.8192817631169373,2.486580303846317,-2.921841313157002,-2.3302840836398757,-3.215787996382892,1.7111958757000287,0.46695116481529936,0.44583648678465654,0.02111467803064282,0.4696430721730746,0.43020962786047884,0.03943344431259577,0.4242059429696152,0.40011844114766026,0.02408750182195496,0.07084822519244124,0.22981767622813035,0.1589694510356891,0.1077602955218729,0.2541098202824993,0.1463495247606264,1498.0,0.6879595588235294,751.0,0.3446691176470588,306.0,0.1401654411764706,123.0,0.05606617647058824,240.0,0.10983455882352941,0.05606617647058824,WACC_0p7_WRT_0p3,0.2677389705882353,348,False,,,False,False,False,False,False,101.0,0.425531914893617
SPLL,RialtoBridgeTimelapse,1243,0.6,668,0.775,0.249210933824273,0,193,1732,106,3,0.097,0.6992985420167168,0.721620018739446,0.7226261684198971,0.6824305597509097,0.15340184955158748,0.1562254386834082,-2.8192817631169373,2.486580303846317,-2.921841313157002,-2.3302840836398757,-3.215787996382892,1.7111958757000287,0.721620018739446,0.4713250871628617,0.25029493157658433,0.7226261684198971,0.4433247344507824,0.2793014339691147,0.6824305597509097,0.43604766278036333,0.24638289697054638,0.15340184955158748,0.26445224664648703,0.11105039709489956,0.1562254386834082,0.22016503797063106,0.06393959928722284,1886.0,0.8662683823529411,906.0,0.41590073529411764,475.0,0.21783088235294118,314.0,0.14384191176470587,123.0,0.05606617647058824,0.05606617647058824,WACC_0p9_WRT_0p1,0.3399816176470588,349,False,,,False,False,False,False,False,193.0,0.8170212765957446
SPLL,RialtoBridgeTimelapse,380,0.62,221,0.8250000000000001,0.5101782169264885,0,80,1628,495,1,0.628,0.3834483647660921,0.43004336710925256,0.4316064433126902,0.3824419284050307,0.0536616571375047,0.10719269054054884,-2.8192817631169373,2.486580303846317,-2.921841313157002,-2.3302840836398757,-3.215787996382892,1.7111958757000287,0.43004336710925256,0.388626509171045,0.04141685793820754,0.4316064433126902,0.34617462809987853,0.08543181521281168,0.3824419284050307,0.36322604270577263,0.019215885699258084,0.0536616571375047,0.31150972764135837,0.25784807050385367,0.10719269054054884,0.33350933960356954,0.2263166490630207,493.0,0.2261029411764706,124.0,0.05652573529411765,149.0,0.06801470588235294,521.0,0.23897058823529413,483.0,0.22150735294117646,0.05652573529411765,WACC_0p3_WRT_0p7,0.16222426470588233,350,False,,,False,False,False,False,False,80.0,0.33617021276595743
SPLL,RialtoBridgeTimelapse,1782,0.6,849,0.775,0.1925625473919895,0,203,702,38,2,0.984,0.7774340552730218,0.7901384210743493,0.7931889571427231,0.7598023578297849,0.1851133222546936,0.1575201978782752,-2.8192817631169373,2.486580303846317,-2.921841313157002,-2.3302840836398757,-3.215787996382892,1.7111958757000287,0.7901384210743493,0.4400351799757043,0.350103241098645,0.7931889571427231,0.40192202499179813,0.39126693215092495,0.7598023578297849,0.39738420555216925,0.36241815227761565,0.1851133222546936,0.25250658147951566,0.06739325922482206,0.1575201978782752,0.22033041330400324,0.06281021542572804,1375.0,0.6314338235294118,477.0,0.21875,289.0,0.1323529411764706,247.0,0.1130514705882353,124.0,0.05652573529411765,0.05652573529411765,WACC_0p9_WRT_0p1,0.2304227941176471,351,False,,,False,False,False,False,False,203.0,0.8595744680851064
SPLL,RialtoBridgeTimelapse,2139,0.44,312,0.3750000000000001,0.4289086545798216,0,149,1165,3983,5,0.988,0.3063209865700365,0.4301589172495667,0.3374435444749517,0.19478398440611733,0.4453236641688113,0.5504870586343004,-2.8192817631169373,2.486580303846317,-2.921841313157002,-2.3302840836398757,-3.215787996382892,1.7111958757000287,0.4301589172495667,0.34151112647058135,0.08864779077898532,0.3374435444749517,0.44203560666318775,0.10459206218823608,0.19478398440611733,0.5651441365255048,0.37036015211938744,0.4453236641688113,0.49453851657021763,0.04921485240140633,0.5504870586343004,0.5542752692286023,0.0037882105943018995,125.0,0.05698529411764706,890.0,0.4085477941176471,1291.0,0.5928308823529411,2005.0,0.9209558823529411,1871.0,0.859375,0.05698529411764706,WACC_0p1_WRT_0p9,0.5677389705882353,352,False,,,False,False,False,False,False,149.0,0.6297872340425532
SPLL,RialtoBridgeTimelapse,1058,0.62,208,0.8250000000000001,0.5244538830757801,0,72,3135,315,10,0.448,0.3640647545593346,0.4130723416941512,0.4141120618357084,0.36322433065927584,0.045742558173554396,0.10695188453478083,-2.8192817631169373,2.486580303846317,-2.921841313157002,-2.3302840836398757,-3.215787996382892,1.7111958757000287,0.4130723416941512,0.45515781376439957,0.042085472070248375,0.4141120618357084,0.41583092636126356,0.0017188645255551416,0.36322433065927584,0.4056606084008705,0.04243627774159464,0.045742558173554396,0.22999296634854346,0.18425040817498906,0.10695188453478083,0.27046808661996763,0.1635162020851868,1666.0,0.7651654411764706,591.0,0.2711397058823529,327.0,0.14981617647058823,126.0,0.05744485294117647,300.0,0.13740808823529413,0.05744485294117647,WACC_0p7_WRT_0p3,0.27619485294117646,353,False,,,False,False,False,False,False,72.0,0.3021276595744681
SPLL,RialtoBridgeTimelapse,1551,0.56,229,0.6750000000000003,0.5018030117888791,0,103,1550,2030,2,0.905,0.2897823165895916,0.39472263936673657,0.36555333007571833,0.24873475063820272,0.1388826799775929,0.24606694755936134,-2.8192817631169373,2.486580303846317,-2.921841313157002,-2.3302840836398757,-3.215787996382892,1.7111958757000287,0.39472263936673657,0.3417171818153002,0.053005457551436375,0.36555333007571833,0.3957215798169031,0.03016824974118476,0.24873475063820272,0.4985188203061303,0.2497840696679276,0.1388826799775929,0.40582286136110535,0.26694018138351244,0.24606694755936134,0.48336597926979874,0.2372990317104374,126.0,0.05744485294117647,432.0,0.19806985294117646,816.0,0.37454044117647056,1161.0,0.5330882352941176,1299.0,0.5965073529411765,0.05744485294117647,WACC_0p1_WRT_0p9,0.35193014705882353,354,False,,,False,False,False,False,False,103.0,0.4340425531914894
SPLL,RialtoBridgeTimelapse,1923,0.57,1645,0.7,0.0362180367767623,0,212,1568,20,6,0.206,0.9286329221552356,0.94477031311336,0.9384609058320045,0.8902395276819228,0.20353286006564483,0.22614339051283278,-2.8192817631169373,2.486580303846317,-2.921841313157002,-2.3302840836398757,-3.215787996382892,1.7111958757000287,0.94477031311336,0.5548231617047555,0.3899471514086045,0.9384609058320045,0.4905811906566925,0.447879715175312,0.8902395276819228,0.44490050629528244,0.4453390213866404,0.20353286006564483,0.2932906150823675,0.08975775501672265,0.22614339051283278,0.22136710553544817,0.0047762849773846094,2166.0,0.9949448529411765,1818.0,0.8350183823529411,523.0,0.23988970588235295,442.0,0.2026654411764706,126.0,0.05744485294117647,0.05744485294117647,WACC_0p9_WRT_0p1,0.46599264705882354,355,False,,,False,False,False,False,False,212.0,0.8978723404255319
SPLL,RialtoBridgeTimelapse,647,0.59,136,0.75,0.6243720525544902,0,24,4829,1484,1,0.999,0.18040688962285603,0.2762469506304565,0.2578457088318152,0.16016670701579516,0.09532109778891443,0.17657854588912852,-2.8192817631169373,2.486580303846317,-2.921841313157002,-2.3302840836398757,-3.215787996382892,1.7111958757000287,0.2762469506304565,0.34186996019346255,0.06562300956300604,0.2578457088318152,0.37533984957172506,0.11749414073990988,0.16016670701579516,0.42422578289461943,0.26405907587882427,0.09532109778891443,0.35541895393234924,0.26009785614343484,0.17657854588912852,0.39239023460320105,0.21581168871407252,127.0,0.057904411764705885,295.0,0.13511029411764705,415.0,0.19025735294117646,728.0,0.33409926470588236,687.0,0.31525735294117646,0.057904411764705885,WACC_0p1_WRT_0p9,0.2065257352941176,356,False,,,False,False,False,False,False,24.0,0.09787234042553192
SPLL,RialtoBridgeTimelapse,1029,0.62,113,0.8250000000000001,0.6678503622801433,0,8,221,189,7,0.01,0.17269907586372416,0.24592764488812555,0.2415572881318399,0.17314539802963985,0.029332553659635968,0.10578215867224833,-2.8192817631169373,2.486580303846317,-2.921841313157002,-2.3302840836398757,-3.215787996382892,1.7111958757000287,0.24592764488812555,0.3751226822731454,0.12919503738501983,0.2415572881318399,0.34733671672150396,0.10577942858966405,0.17314539802963985,0.42776688206267577,0.2546214840330359,0.029332553659635968,0.31301568557672316,0.28368313191708716,0.10578215867224833,0.32056316871906837,0.21478101004682004,362.0,0.16590073529411764,128.0,0.058363970588235295,435.0,0.19944852941176472,524.0,0.24034926470588236,447.0,0.20496323529411764,0.058363970588235295,WACC_0p3_WRT_0p7,0.17380514705882352,357,False,,,False,False,False,False,False,8.0,0.029787234042553193
SPLL,RialtoBridgeTimelapse,1933,0.32,589,0.075,0.2789392882561997,0,206,2205,4758,2,0.809,0.5903121767127166,0.556194894401076,0.4019243195572428,0.4384119262543022,0.7353425182026867,0.859968570394171,-2.8192817631169373,2.486580303846317,-2.921841313157002,-2.3302840836398757,-3.215787996382892,1.7111958757000287,0.556194894401076,0.3418712215615596,0.21432367283951637,0.4019243195572428,0.4477872223949052,0.04586290283766242,0.4384119262543022,0.5933520591186913,0.15494013286438907,0.7353425182026867,0.5308848667820285,0.2044576514206582,0.859968570394171,0.6040280217363315,0.25594054865783944,128.0,0.058363970588235295,975.0,0.4476102941176471,1756.0,0.8065257352941176,2138.0,0.9820772058823529,2131.0,0.9788602941176471,0.058363970588235295,WACC_0p1_WRT_0p9,0.6546875,358,False,,,False,False,False,False,False,206.0,0.8723404255319149
SPLL,RialtoBridgeTimelapse,888,0.62,302,0.8250000000000001,0.4365903306405303,0,131,2453,75,1,0.117,0.48401898671946114,0.5181584619934292,0.522399474895368,0.4820969528650235,0.09462857619791767,0.10862811027665413,-2.8192817631169373,2.486580303846317,-2.921841313157002,-2.3302840836398757,-3.215787996382892,1.7111958757000287,0.5181584619934292,0.4770318620655111,0.04112659992791806,0.522399474895368,0.452021672271475,0.07037780262389298,0.4820969528650235,0.4631484711070599,0.018948481757963598,0.09462857619791767,0.27451911412118213,0.17989053792326445,0.10862811027665413,0.22383981107776052,0.11521170080110639,1960.0,0.9002757352941176,1031.0,0.4733455882352941,629.0,0.28860294117647056,369.0,0.16911764705882354,129.0,0.058823529411764705,0.058823529411764705,WACC_0p9_WRT_0p1,0.37803308823529413,359,False,,,False,False,False,False,False,131.0,0.5531914893617021
SPLL,RialtoBridgeTimelapse,2138,0.5,100,0.5250000000000001,0.6964943542565498,0,11,616,1854,1,0.802,0.27360318941001444,0.18331353757257174,0.10832889871759771,0.2385321824200957,0.37744522562318794,0.42782742931804274,-2.8192817631169373,2.486580303846317,-2.921841313157002,-2.3302840836398757,-3.215787996382892,1.7111958757000287,0.18331353757257174,0.3419699522020615,0.15865641462948976,0.10832889871759771,0.3821813439709441,0.2738524452533464,0.2385321824200957,0.4895593031192128,0.25102712069911715,0.37744522562318794,0.4537250814318647,0.07627985580867674,0.42782742931804274,0.4850853941556837,0.05725796483764095,129.0,0.058823529411764705,335.0,0.15349264705882354,773.0,0.3547794117647059,1660.0,0.7624080882352942,1320.0,0.6061580882352942,0.058823529411764705,WACC_0p1_WRT_0p9,0.3871323529411765,360,False,,,False,False,False,False,False,11.0,0.0425531914893617
SPLL,RialtoBridgeTimelapse,1014,0.6,131,0.775,0.6331676692030894,0,19,765,652,1,0.767,0.18477309721366436,0.27207277861698925,0.25862032290950027,0.17149148414220425,0.07156156058322363,0.1526460118626659,-2.8192817631169373,2.486580303846317,-2.921841313157002,-2.3302840836398757,-3.215787996382892,1.7111958757000287,0.27207277861698925,0.37341212192335504,0.10133934330636579,0.25862032290950027,0.3486297013587724,0.09000937844927215,0.17149148414220425,0.3585659573282289,0.18707447318602463,0.07156156058322363,0.3140916918319807,0.24253013124875708,0.1526460118626659,0.34093418974006645,0.18828817787740054,346.0,0.15854779411764705,133.0,0.06066176470588235,130.0,0.059283088235294115,530.0,0.24310661764705882,503.0,0.23069852941176472,0.059283088235294115,WACC_0p5_WRT_0p5,0.1504595588235294,361,False,,,False,False,False,False,False,19.0,0.07659574468085106
SPLL,RialtoBridgeTimelapse,1762,0.43,75,0.3500000000000001,0.7637732043238774,0,6,2177,1435,2,0.821,0.5522203280359721,0.12503409897187984,0.07445220000771563,0.5337878238598954,0.6349859816885493,0.6633200633386909,-2.8192817631169373,2.486580303846317,-2.921841313157002,-2.3302840836398757,-3.215787996382892,1.7111958757000287,0.12503409897187984,0.3419838622288298,0.21694976325694998,0.07445220000771563,0.3887761448139432,0.31432394480622755,0.5337878238598954,0.46011577819573374,0.07367204566416169,0.6349859816885493,0.42305832025572565,0.2119276614328236,0.6633200633386909,0.46611361880707136,0.1972064445316195,130.0,0.059283088235294115,378.0,0.17325367647058823,610.0,0.27987132352941174,1355.0,0.6222426470588235,1172.0,0.5381433823529411,0.059283088235294115,WACC_0p1_WRT_0p9,0.3345588235294118,362,False,,,False,False,False,False,False,6.0,0.02127659574468085
SPLL,RialtoBridgeTimelapse,579,0.61,204,0.8,0.5290255197785925,0,80,3196,339,1,0.774,0.3386872551607047,0.39839065914872523,0.3941920141419562,0.3314704066661893,0.020690437157984933,0.12924441208978302,-2.8192817631169373,2.486580303846317,-2.921841313157002,-2.3302840836398757,-3.215787996382892,1.7111958757000287,0.39839065914872523,0.40049967917110135,0.002109020022376118,0.3941920141419562,0.3827225333940207,0.011469480747935523,0.3314704066661893,0.3588355605009193,0.027365153834729983,0.020690437157984933,0.2633551945841668,0.24266475742618185,0.12924441208978302,0.2691601876422744,0.13991577555249138,639.0,0.2931985294117647,339.0,0.15533088235294118,131.0,0.05974264705882353,309.0,0.14154411764705882,294.0,0.13465073529411764,0.05974264705882353,WACC_0p5_WRT_0p5,0.1568933823529412,363,False,,,False,False,False,False,False,80.0,0.33617021276595743
SPLL,RialtoBridgeTimelapse,594,0.62,260,0.8250000000000001,0.4718902294875823,0,105,1001,333,1,0.299,0.4356497640603007,0.4757683413238874,0.47872826691915404,0.43417802007283884,0.07494775090230574,0.1079036837255187,-2.8192817631169373,2.486580303846317,-2.921841313157002,-2.3302840836398757,-3.215787996382892,1.7111958757000287,0.4757683413238874,0.4150533591528386,0.060714982171048815,0.47872826691915404,0.3779930543546805,0.10073521256447354,0.43417802007283884,0.381680696691961,0.05249732338087787,0.07494775090230574,0.23113833514791593,0.1561905842456102,0.1079036837255187,0.2726928977360445,0.1647892140105258,875.0,0.4016544117647059,317.0,0.14522058823529413,216.0,0.09880514705882353,131.0,0.05974264705882353,309.0,0.14154411764705882,0.05974264705882353,WACC_0p7_WRT_0p3,0.16939338235294116,364,False,,,False,False,False,False,False,105.0,0.4425531914893617
SPLL,RialtoBridgeTimelapse,1352,0.47,526,0.45,0.305653789297009,0,191,1895,4789,4,0.955,0.40263227321499867,0.5647320237086924,0.4955949835521454,0.2983256243766551,0.3206330980901169,0.4610488881163371,-2.8192817631169373,2.486580303846317,-2.921841313157002,-2.3302840836398757,-3.215787996382892,1.7111958757000287,0.5647320237086924,0.343235063657786,0.22149696005090636,0.4955949835521454,0.44604607298205934,0.049548910570086035,0.2983256243766551,0.5759069524910546,0.2775813281143995,0.3206330980901169,0.5174511497549518,0.19681805166483485,0.4610488881163371,0.5850579028209006,0.12400901470456355,131.0,0.05974264705882353,955.0,0.4384191176470588,1463.0,0.671875,2105.0,0.9669117647058824,2066.0,0.9489889705882353,0.05974264705882353,WACC_0p1_WRT_0p9,0.6171875,365,False,,,False,False,False,False,False,191.0,0.8085106382978723
SPLL,RialtoBridgeTimelapse,350,0.61,136,0.8,0.6243720525544902,0,22,404,215,2,0.001,0.2125267952462725,0.28834220096404084,0.2804899073742532,0.20603228872285365,0.043113222544612535,0.1289051387205224,-2.8192817631169373,2.486580303846317,-2.921841313157002,-2.3302840836398757,-3.215787996382892,1.7111958757000287,0.28834220096404084,0.38061001352909213,0.09226781256505129,0.2804899073742532,0.3484460983966295,0.06795619102237627,0.20603228872285365,0.37359923579093635,0.1675669470680827,0.043113222544612535,0.2652122531134963,0.22209903056888375,0.1289051387205224,0.27879126170330626,0.14988612298278386,420.0,0.19255514705882354,132.0,0.06020220588235294,189.0,0.08639705882352941,317.0,0.14522058823529413,328.0,0.15027573529411764,0.06020220588235294,WACC_0p3_WRT_0p7,0.12693014705882352,366,False,,,False,False,False,False,False,22.0,0.08936170212765958
SPLL,RialtoBridgeTimelapse,1040,0.61,232,0.8,0.4987372042515428,0,102,2866,239,5,0.831,0.3793573024585499,0.43394845257409226,0.4308782507152381,0.3718360911049186,0.0374039232501111,0.12959894292062374,-2.8192817631169373,2.486580303846317,-2.921841313157002,-2.3302840836398757,-3.215787996382892,1.7111958757000287,0.43394845257409226,0.40150382806598156,0.0324446245081107,0.4308782507152381,0.3886477404317758,0.04223051028346231,0.3718360911049186,0.39422002640091053,0.02238393529599192,0.0374039232501111,0.23136531286179154,0.19396138961168044,0.12959894292062374,0.2555562173546311,0.12595727443400734,653.0,0.29963235294117646,374.0,0.1714154411764706,281.0,0.12867647058823528,132.0,0.06020220588235294,244.0,0.11167279411764706,0.06020220588235294,WACC_0p7_WRT_0p3,0.15431985294117648,367,False,,,False,False,False,False,False,102.0,0.4297872340425532
SPLL,RialtoBridgeTimelapse,475,0.57,127,0.7,0.6404474693503497,0,20,3073,1228,2,0.999,0.13130585701603692,0.2503379595024318,0.2202926702852891,0.09654351479535973,0.15388282691000837,0.22720194196882568,-2.8192817631169373,2.486580303846317,-2.921841313157002,-2.3302840836398757,-3.215787996382892,1.7111958757000287,0.2503379595024318,0.3437844091403243,0.0934464496378925,0.2202926702852891,0.3587871632842476,0.1384944929989585,0.09654351479535973,0.4430158281352488,0.3464723133398891,0.15388282691000837,0.3628744389531361,0.20899161204312772,0.22720194196882568,0.4035927604710549,0.17639081850222924,132.0,0.06020220588235294,173.0,0.07904411764705882,519.0,0.23805147058823528,780.0,0.35799632352941174,755.0,0.34650735294117646,0.06020220588235294,WACC_0p1_WRT_0p9,0.21636029411764707,368,False,,,False,False,False,False,False,20.0,0.08085106382978724
SPLL,RialtoBridgeTimelapse,225,0.61,129,0.8,0.6367795689407558,0,17,526,406,1,0.395,0.19636583542934696,0.27428591461963064,0.2659409769016434,0.18992820961486787,0.04655488260497769,0.12898391064070974,-2.8192817631169373,2.486580303846317,-2.921841313157002,-2.3302840836398757,-3.215787996382892,1.7111958757000287,0.27428591461963064,0.3897152975674059,0.11542938294777527,0.2659409769016434,0.3517849551713945,0.0858439782697511,0.18992820961486787,0.35894990795483206,0.1690216983399642,0.04655488260497769,0.2852806063320171,0.23872572372703937,0.12898391064070974,0.30745154930439555,0.1784676386636858,503.0,0.23069852941176472,149.0,0.06801470588235294,133.0,0.06066176470588235,413.0,0.18933823529411764,410.0,0.1879595588235294,0.06066176470588235,WACC_0p5_WRT_0p5,0.14733455882352942,369,False,,,False,False,False,False,False,17.0,0.06808510638297872
SPLL,RialtoBridgeTimelapse,294,0.55,126,0.6500000000000002,0.6423029677833105,0,20,1690,2122,4,0.999,0.10213871523398418,0.24232316016741792,0.20090540433768048,0.052297358357930056,0.2097926399557604,0.2793968873430078,-2.8192817631169373,2.486580303846317,-2.921841313157002,-2.3302840836398757,-3.215787996382892,1.7111958757000287,0.24232316016741792,0.3438455579368094,0.10152239776939145,0.20090540433768048,0.40722752561499154,0.20632212127731106,0.052297358357930056,0.5031863946657528,0.45088903630782273,0.2097926399557604,0.40720824198621036,0.19741560203044997,0.2793968873430078,0.48001087518561897,0.20061398784261114,133.0,0.06066176470588235,524.0,0.24034926470588236,834.0,0.3828125,1173.0,0.5386029411764706,1270.0,0.5831801470588235,0.06066176470588235,WACC_0p1_WRT_0p9,0.3611213235294118,370,False,,,False,False,False,False,False,20.0,0.08085106382978724
SPLL,RialtoBridgeTimelapse,798,0.62,115,0.8250000000000001,0.6637359135750507,0,9,553,285,4,0.913,0.17808055702776304,0.2506122112183703,0.24640352967112977,0.17850450374559684,0.02819774946967088,0.10576770423460476,-2.8192817631169373,2.486580303846317,-2.921841313157002,-2.3302840836398757,-3.215787996382892,1.7111958757000287,0.2506122112183703,0.35886119271322203,0.10824898149485174,0.24640352967112977,0.3486563727015832,0.1022528430304534,0.17850450374559684,0.35991030917134853,0.1814058054257517,0.02819774946967088,0.27452422999241144,0.24632648052274056,0.10576770423460476,0.2983648731111122,0.19259716887650746,232.0,0.10615808823529412,134.0,0.06112132352941176,136.0,0.06204044117647059,370.0,0.16957720588235295,382.0,0.17509191176470587,0.06112132352941176,WACC_0p3_WRT_0p7,0.11479779411764705,371,False,,,False,False,False,False,False,9.0,0.03404255319148936
SPLL,RialtoBridgeTimelapse,640,0.61,369,0.8,0.3893297280169925,0,160,4451,746,1,0.999,0.5279622014887798,0.5640598935269268,0.5650003944901263,0.5191659077088429,0.09811065973554857,0.13145312464466444,-2.8192817631169373,2.486580303846317,-2.921841313157002,-2.3302840836398757,-3.215787996382892,1.7111958757000287,0.5640598935269268,0.37960867556284744,0.18445121796407932,0.5650003944901263,0.3624386621188084,0.20256173237131792,0.5191659077088429,0.3592382067481147,0.15992770096072817,0.09811065973554857,0.3056613815326054,0.20755072179705686,0.13145312464466444,0.3498603991119031,0.21840727446723865,410.0,0.1879595588235294,186.0,0.08501838235294118,134.0,0.06112132352941176,490.0,0.22472426470588236,531.0,0.24356617647058823,0.06112132352941176,WACC_0p5_WRT_0p5,0.16047794117647057,372,False,,,False,False,False,False,False,160.0,0.676595744680851
SPLL,RialtoBridgeTimelapse,44,0.53,169,0.6000000000000002,0.5733150599175052,0,57,1463,2132,1,0.767,0.15853619234000507,0.30687902000305783,0.25781511769887894,0.0949337232436547,0.24218038474706668,0.3256235718912949,-2.8192817631169373,2.486580303846317,-2.921841313157002,-2.3302840836398757,-3.215787996382892,1.7111958757000287,0.30687902000305783,0.3440053162162949,0.03712629621323704,0.25781511769887894,0.3825297586545386,0.12471464095565965,0.0949337232436547,0.4790938935922268,0.3841601703485721,0.24218038474706668,0.41352846112597785,0.17134807637891117,0.3256235718912949,0.4857439695197482,0.16012039762845326,134.0,0.06112132352941176,337.0,0.15441176470588236,719.0,0.32996323529411764,1239.0,0.5689338235294118,1331.0,0.6112132352941176,0.06112132352941176,WACC_0p1_WRT_0p9,0.3451286764705882,373,False,,,False,False,False,False,False,57.0,0.23829787234042554
SPLL,RialtoBridgeTimelapse,1126,0.6,110,0.775,0.674159398498774,0,9,2619,578,1,0.91,0.1326849249742334,0.2270373455794824,0.2118344365937057,0.11935114390053686,0.08342525388517096,0.15370734790152796,-2.8192817631169373,2.486580303846317,-2.921841313157002,-2.3302840836398757,-3.215787996382892,1.7111958757000287,0.2270373455794824,0.35915991066420244,0.13212256508472003,0.2118344365937057,0.3517037900860265,0.13986935349232077,0.11935114390053686,0.3593786777993229,0.24002753389878606,0.08342525388517096,0.3242412405194882,0.24081598663431725,0.15370734790152796,0.3595425775298475,0.20583522962831952,235.0,0.10753676470588236,148.0,0.06755514705882353,135.0,0.06158088235294118,576.0,0.26424632352941174,568.0,0.26056985294117646,0.06158088235294118,WACC_0p5_WRT_0p5,0.15229779411764705,374,False,,,False,False,False,False,False,9.0,0.03404255319148936
SPLL,RialtoBridgeTimelapse,1924,0.4,222,0.2750000000000001,0.5091149574402929,0,101,2577,3497,1,0.678,0.47556317283484045,0.34858091617188497,0.22635763516423513,0.38840712493655055,0.5949127839883057,0.6762407033265413,-2.8192817631169373,2.486580303846317,-2.921841313157002,-2.3302840836398757,-3.215787996382892,1.7111958757000287,0.34858091617188497,0.34403918321841137,0.004541732953473598,0.22635763516423513,0.404610039459168,0.1782524042949329,0.38840712493655055,0.5288536750268688,0.1404465500903182,0.5949127839883057,0.4768371206286062,0.11807566335969949,0.6762407033265413,0.5328242733002446,0.14341643002629667,135.0,0.06158088235294118,496.0,0.22748161764705882,975.0,0.4476102941176471,1883.0,0.8648897058823529,1706.0,0.7835477941176471,0.06158088235294118,WACC_0p1_WRT_0p9,0.47702205882352944,375,False,,,False,False,False,False,False,101.0,0.425531914893617
SPLL,RialtoBridgeTimelapse,1662,0.57,60,0.7,0.8157864241479156,0,3,110,243,8,0.406,0.12503441024082287,0.0785725153016136,0.03756729913595252,0.12307484419621391,0.2199661238751647,0.25139081068676133,-2.8192817631169373,2.486580303846317,-2.921841313157002,-2.3302840836398757,-3.215787996382892,1.7111958757000287,0.0785725153016136,0.36174540588793885,0.2831728905863252,0.03756729913595252,0.34911465284460697,0.31154735370865444,0.12307484419621391,0.3949933814977789,0.271918537301565,0.2199661238751647,0.3103378195569337,0.09037169568176898,0.25139081068676133,0.31028609796449413,0.0588952872777328,253.0,0.11580882352941177,136.0,0.06204044117647059,285.0,0.13051470588235295,514.0,0.23575367647058823,422.0,0.19347426470588236,0.06204044117647059,WACC_0p3_WRT_0p7,0.14751838235294118,376,False,,,False,False,False,False,False,3.0,0.00851063829787234
SPLL,RialtoBridgeTimelapse,1168,0.42,66,0.325,0.793591267382214,0,4,11,350,7,0.894,0.6108339401931802,0.10079584588116054,0.11321275650740352,0.5996042899904989,0.6873887365038066,0.7083757698205152,-2.8192817631169373,2.486580303846317,-2.921841313157002,-2.3302840836398757,-3.215787996382892,1.7111958757000287,0.10079584588116054,0.34429265139939164,0.2434968055182311,0.11321275650740352,0.37055421787281584,0.2573414613654123,0.5996042899904989,0.41991255231416125,0.17969173767633762,0.6873887365038066,0.37932405031656474,0.30806468618724187,0.7083757698205152,0.4005802947699944,0.3077954750505208,136.0,0.06204044117647059,250.0,0.11443014705882353,395.0,0.18106617647058823,913.0,0.41911764705882354,733.0,0.33639705882352944,0.06204044117647059,WACC_0p1_WRT_0p9,0.22261029411764705,377,False,,,False,False,False,False,False,4.0,0.01276595744680851
SPLL,RialtoBridgeTimelapse,1518,0.42,457,0.325,0.3388526590259891,0,186,2510,3337,7,0.949,0.3187160405769938,0.5151880917871353,0.4161441569136584,0.18083375050282033,0.4697800782054469,0.5937777738603556,-2.8192817631169373,2.486580303846317,-2.921841313157002,-2.3302840836398757,-3.215787996382892,1.7111958757000287,0.5151880917871353,0.34442591336876105,0.17076217841837427,0.4161441569136584,0.4301837048642275,0.014039547950569109,0.18083375050282033,0.5525316613207876,0.3716979108179672,0.4697800782054469,0.48157715696566755,0.011797078760220625,0.5937777738603556,0.5405842143443839,0.05319355951597171,137.0,0.0625,750.0,0.34420955882352944,1150.0,0.5280330882352942,1922.0,0.8828125,1766.0,0.8111213235294118,0.0625,WACC_0p1_WRT_0p9,0.5257352941176471,378,False,,,False,False,False,False,False,186.0,0.7872340425531915
SPLL,RialtoBridgeTimelapse,901,0.61,173,0.8,0.5678130715313164,0,52,4873,824,1,0.999,0.2869864385764646,0.3532371293444312,0.34757470542792546,0.28011411205611747,0.02763510861094266,0.12893907093010246,-2.8192817631169373,2.486580303846317,-2.921841313157002,-2.3302840836398757,-3.215787996382892,1.7111958757000287,0.3532371293444312,0.3777174327663946,0.02448030342196339,0.34757470542792546,0.3632425522529744,0.01566784682504896,0.28011411205611747,0.36041006527456726,0.08029595321844979,0.02763510861094266,0.3138974373968613,0.2862623287859187,0.12893907093010246,0.35514582642512926,0.2262067554950268,392.0,0.1796875,190.0,0.08685661764705882,138.0,0.06295955882352941,528.0,0.2421875,551.0,0.25275735294117646,0.06295955882352941,WACC_0p5_WRT_0p5,0.16488970588235294,379,False,,,False,False,False,False,False,52.0,0.2170212765957447
SPLL,RialtoBridgeTimelapse,771,0.56,141,0.6750000000000003,0.6158917597569257,0,29,1024,1255,1,0.892,0.14750117436273313,0.27243694321568546,0.23804485634258252,0.10567197782443956,0.17338112636857797,0.25115739742371757,-2.8192817631169373,2.486580303846317,-2.921841313157002,-2.3302840836398757,-3.215787996382892,1.7111958757000287,0.27243694321568546,0.346268051864152,0.07383110864846654,0.23804485634258252,0.3498022007910285,0.11175734444844596,0.10567197782443956,0.4334152210018323,0.32774324317739273,0.17338112636857797,0.3840423954019623,0.2106612690333843,0.25115739742371757,0.4198887622617707,0.16873136483805312,149.0,0.06801470588235294,139.0,0.06341911764705882,464.0,0.21277573529411764,948.0,0.4352022058823529,854.0,0.39200367647058826,0.06341911764705882,WACC_0p3_WRT_0p7,0.23428308823529412,380,False,,,False,False,False,False,False,29.0,0.11914893617021277
SPLL,RialtoBridgeTimelapse,192,0.61,314,0.8,0.427401803387016,0,141,986,295,10,0.804,0.47598905205457614,0.5185286500863837,0.5180821553521572,0.4676614561827961,0.0769297201342956,0.13072664036571768,-2.8192817631169373,2.486580303846317,-2.921841313157002,-2.3302840836398757,-3.215787996382892,1.7111958757000287,0.5185286500863837,0.43784098111948594,0.08068766896689777,0.5180821553521572,0.41248934593234643,0.10559280941981075,0.4676614561827961,0.40253822258990557,0.06512323359289052,0.0769297201342956,0.23269731486446327,0.15576759473016766,0.13072664036571768,0.25124176165665396,0.12051512129093628,1323.0,0.6075367647058824,565.0,0.25919117647058826,315.0,0.14430147058823528,139.0,0.06341911764705882,227.0,0.10386029411764706,0.06341911764705882,WACC_0p7_WRT_0p3,0.23566176470588235,381,False,,,False,False,False,False,False,141.0,0.5957446808510638
SPLL,RialtoBridgeTimelapse,255,0.62,148,0.8250000000000001,0.6045079564015148,0,31,437,205,8,0.999,0.25635949828037147,0.3188824689177308,0.31694780863804756,0.2563454437319437,0.012059275432132319,0.10594327154430602,-2.8192817631169373,2.486580303846317,-2.921841313157002,-2.3302840836398757,-3.215787996382892,1.7111958757000287,0.3188824689177308,0.3599446253888589,0.0410621564711281,0.31694780863804756,0.35003602748554635,0.033088218847498796,0.2563454437319437,0.38453144234156333,0.12818599860961966,0.012059275432132319,0.24871648598500068,0.23665721055286837,0.10594327154430602,0.23878868523654248,0.13284541369223646,243.0,0.11121323529411764,140.0,0.06387867647058823,236.0,0.10799632352941177,224.0,0.10248161764705882,178.0,0.08134191176470588,0.06387867647058823,WACC_0p3_WRT_0p7,0.09338235294117647,382,False,,,False,False,False,False,False,31.0,0.1276595744680851
SPLL,RialtoBridgeTimelapse,249,0.62,172,0.8250000000000001,0.5691766190378111,0,49,1058,334,1,0.483,0.30366632985993863,0.36022613155141076,0.35961412876313886,0.30331282509954804,0.020999386459170113,0.1063056655739013,-2.8192817631169373,2.486580303846317,-2.921841313157002,-2.3302840836398757,-3.215787996382892,1.7111958757000287,0.36022613155141076,0.4195861638903742,0.05936003233896342,0.35961412876313886,0.3721612477356801,0.012547118972541238,0.30331282509954804,0.38172323201646013,0.07841040691691209,0.020999386459170113,0.23306583866272973,0.21206645220355963,0.1063056655739013,0.26742217467456564,0.16111650910066433,945.0,0.4338235294117647,267.0,0.12224264705882353,217.0,0.09926470588235294,140.0,0.06387867647058823,287.0,0.13143382352941177,0.06387867647058823,WACC_0p7_WRT_0p3,0.1701286764705882,383,False,,,False,False,False,False,False,49.0,0.20425531914893616
SPLL,RialtoBridgeTimelapse,1526,0.47,317,0.45,0.425159371076707,0,151,3641,4253,1,0.661,0.25714792729301994,0.44087513946525664,0.36568378983162025,0.15100812901127827,0.3592928353537557,0.4697989058589158,-2.8192817631169373,2.486580303846317,-2.921841313157002,-2.3302840836398757,-3.215787996382892,1.7111958757000287,0.44087513946525664,0.34460249275407917,0.09627264671117747,0.36568378983162025,0.4090914190049653,0.043407629173345064,0.15100812901127827,0.5622838332400513,0.411275704228773,0.3592928353537557,0.48181832467062813,0.1225254893168724,0.4697989058589158,0.5356367517524283,0.06583784589351249,140.0,0.06387867647058823,538.0,0.24678308823529413,1257.0,0.5772058823529411,1926.0,0.8846507352941176,1728.0,0.7936580882352942,0.06387867647058823,WACC_0p1_WRT_0p9,0.5132352941176471,384,False,,,False,False,False,False,False,151.0,0.6382978723404256
SPLL,RialtoBridgeTimelapse,1385,0.61,396,0.8,0.37266698742098,0,165,3865,218,8,0.165,0.5507827574697061,0.5840585587056852,0.5856040529261747,0.541774853524302,0.10739791769024168,0.1317920414297276,-2.8192817631169373,2.486580303846317,-2.921841313157002,-2.3302840836398757,-3.215787996382892,1.7111958757000287,0.5840585587056852,0.4912607194955347,0.09279783921015056,0.5856040529261747,0.4404881316898233,0.14511592123635136,0.541774853524302,0.4418182699356306,0.09995658358867138,0.10739791769024168,0.23313005661142658,0.1257321389211849,0.1317920414297276,0.23605442657328243,0.10426238514355482,2071.0,0.9512867647058824,869.0,0.39889705882352944,510.0,0.2339154411764706,141.0,0.06433823529411764,165.0,0.07536764705882353,0.06433823529411764,WACC_0p7_WRT_0p3,0.34476102941176473,385,False,,,False,False,False,False,False,165.0,0.6978723404255319
SPLL,RialtoBridgeTimelapse,77,0.61,282,0.8,0.4527450581943214,0,130,3990,458,1,0.577,0.4415369810042136,0.48836058937929017,0.4869863519178745,0.43350801609834666,0.062862395609119,0.13028641825199003,-2.8192817631169373,2.486580303846317,-2.921841313157002,-2.3302840836398757,-3.215787996382892,1.7111958757000287,0.48836058937929017,0.4154099109641886,0.07295067841510156,0.4869863519178745,0.36840458070268245,0.11858177121519203,0.43350801609834666,0.36212871778039873,0.07137929831794793,0.062862395609119,0.264876224505416,0.202013828896297,0.13028641825199003,0.30464000681335934,0.17435358856136932,878.0,0.4030330882352941,235.0,0.10753676470588236,142.0,0.06479779411764706,315.0,0.14430147058823528,400.0,0.18336397058823528,0.06479779411764706,WACC_0p5_WRT_0p5,0.18060661764705882,386,False,,,False,False,False,False,False,130.0,0.548936170212766
SPLL,RialtoBridgeTimelapse,858,0.55,188,0.6500000000000002,0.548250292296512,0,70,4766,3214,1,0.697,0.21666622436190036,0.33982806340381655,0.3031746229619912,0.16826544561270118,0.17936730266708212,0.27251732867636164,-2.8192817631169373,2.486580303846317,-2.921841313157002,-2.3302840836398757,-3.215787996382892,1.7111958757000287,0.33982806340381655,0.3450180926798217,0.005190029276005148,0.3031746229619912,0.38381986053798783,0.08064523757599662,0.16826544561270118,0.5040546945633868,0.3357892489506856,0.17936730266708212,0.4293885126922239,0.25002121002514177,0.27251732867636164,0.47827511298063713,0.2057577843042755,142.0,0.06479779411764706,343.0,0.15716911764705882,845.0,0.38786764705882354,1415.0,0.6498161764705882,1258.0,0.5776654411764706,0.06479779411764706,WACC_0p1_WRT_0p9,0.3674632352941177,387,False,,,False,False,False,False,False,70.0,0.2936170212765957
SPLL,RialtoBridgeTimelapse,728,0.62,237,0.8250000000000001,0.4937141952312432,0,92,728,214,10,0.661,0.4058588555562539,0.44967003770210895,0.45183486946127077,0.4046556660732603,0.06280664972289016,0.10748761484973647,-2.8192817631169373,2.486580303846317,-2.921841313157002,-2.3302840836398757,-3.215787996382892,1.7111958757000287,0.44967003770210895,0.3875286073111153,0.062141430390993624,0.45183486946127077,0.37590777835961686,0.07592709110165391,0.4046556660732603,0.3856068804740616,0.019048785599198703,0.06280664972289016,0.23759982871774596,0.1747931789948558,0.10748761484973647,0.2308637138119902,0.12337609896225372,481.0,0.22058823529411764,298.0,0.13648897058823528,241.0,0.11029411764705882,162.0,0.0739889705882353,143.0,0.06525735294117647,0.06525735294117647,WACC_0p9_WRT_0p1,0.12132352941176472,388,False,,,False,False,False,False,False,92.0,0.3872340425531915
SPLL,RialtoBridgeTimelapse,479,0.62,631,0.8250000000000001,0.2626707801807842,0,183,4456,345,10,0.001,0.7247568923276322,0.7293242368082911,0.7398287380694368,0.7204306668048449,0.19221865652396578,0.11279271950072592,-2.8192817631169373,2.486580303846317,-2.921841313157002,-2.3302840836398757,-3.215787996382892,1.7111958757000287,0.7293242368082911,0.5730092977853855,0.1563149390229056,0.7398287380694368,0.5160826570404317,0.22374608102900517,0.7204306668048449,0.4988034678631149,0.22162719894173,0.19221865652396578,0.23375149943390833,0.04153284290994255,0.11279271950072592,0.258253367623218,0.14546064812249207,2173.0,0.9981617647058824,2139.0,0.9825367647058824,818.0,0.37545955882352944,143.0,0.06525735294117647,258.0,0.11810661764705882,0.06525735294117647,WACC_0p7_WRT_0p3,0.507904411764706,389,False,,,False,False,False,False,False,183.0,0.774468085106383
SPLL,RialtoBridgeTimelapse,1901,0.63,252,0.8500000000000001,0.479255021494012,0,33,527,109,6,0.737,0.44659087501438405,0.4779846242869683,0.4856879240751432,0.4514668359061307,0.09376263516424,0.08595420533938747,-2.8192817631169373,2.486580303846317,-2.921841313157002,-2.3302840836398757,-3.215787996382892,1.7111958757000287,0.4779846242869683,0.4129217255103473,0.06506289877662103,0.4856879240751432,0.37798717668945814,0.10770074738568508,0.4514668359061307,0.38778378395198415,0.06368305195414653,0.09376263516424,0.23616513815462492,0.14240250299038493,0.08595420533938747,0.2311074446297287,0.14515323929034124,843.0,0.3869485294117647,316.0,0.14476102941176472,256.0,0.1171875,151.0,0.06893382352941177,144.0,0.06571691176470588,0.06571691176470588,WACC_0p9_WRT_0p1,0.1567095588235294,390,False,,,False,False,False,False,False,33.0,0.13617021276595745
SPLL,RialtoBridgeTimelapse,719,0.61,218,0.8,0.5133969718500324,0,92,1639,440,3,0.886,0.35964261570899303,0.4167082943476868,0.41309327076508884,0.35227211166922145,0.029309165240425827,0.12941622209368012,-2.8192817631169373,2.486580303846317,-2.921841313157002,-2.3302840836398757,-3.215787996382892,1.7111958757000287,0.4167082943476868,0.3839909647675311,0.03271732958015572,0.41309327076508884,0.35740791298259017,0.05568535778249867,0.35227211166922145,0.3628014985574413,0.01052938688821986,0.029309165240425827,0.31083424287754846,0.28152507763712264,0.12941622209368012,0.3239211534944974,0.1945049314008173,455.0,0.20863970588235295,168.0,0.07674632352941177,144.0,0.06571691176470588,518.0,0.23759191176470587,462.0,0.21185661764705882,0.06571691176470588,WACC_0p5_WRT_0p5,0.16011029411764705,391,False,,,False,False,False,False,False,92.0,0.3872340425531915
SPLL,RialtoBridgeTimelapse,507,0.61,365,0.8,0.3919012189596104,0,158,4331,361,6,0.999,0.5244442207034411,0.5609772649467957,0.5618242993482726,0.5156802562304196,0.09667830006725872,0.13140187955935492,-2.8192817631169373,2.486580303846317,-2.921841313157002,-2.3302840836398757,-3.215787996382892,1.7111958757000287,0.5609772649467957,0.4428724645170807,0.118104800429715,0.5618242993482726,0.41861022749954546,0.14321407184872714,0.5156802562304196,0.3999974177140531,0.11568283851636646,0.09667830006725872,0.2337952525676533,0.13711695250039457,0.13140187955935492,0.25847260151902146,0.12707072195966654,1424.0,0.6539522058823529,625.0,0.2867647058823529,305.0,0.13970588235294118,144.0,0.06571691176470588,260.0,0.11902573529411764,0.06571691176470588,WACC_0p7_WRT_0p3,0.25303308823529413,392,False,,,False,False,False,False,False,158.0,0.6680851063829787
SPLL,RialtoBridgeTimelapse,596,0.62,165,0.8250000000000001,0.5789480602618828,0,45,505,205,10,0.791,0.290543514182185,0.34875258555190985,0.34777664093086447,0.2902884596158237,0.015607064079989838,0.10619043813533453,-2.8192817631169373,2.486580303846317,-2.921841313157002,-2.3302840836398757,-3.215787996382892,1.7111958757000287,0.34875258555190985,0.3839282039036132,0.03517561835170335,0.34777664093086447,0.38248215658076123,0.03470551564989677,0.2902884596158237,0.3755539049441415,0.08526544532831776,0.015607064079989838,0.2399676683636081,0.22436060428361826,0.10619043813533453,0.2313108956275899,0.12512045749225537,454.0,0.20818014705882354,336.0,0.15395220588235295,196.0,0.0896139705882353,178.0,0.08134191176470588,145.0,0.0661764705882353,0.0661764705882353,WACC_0p9_WRT_0p1,0.11985294117647058,393,False,,,False,False,False,False,False,45.0,0.18723404255319148
SPLL,RialtoBridgeTimelapse,626,0.61,233,0.8,0.4977240342342319,0,103,1645,569,1,0.656,0.3807218217249208,0.4351419342958325,0.43210930071386233,0.3731899757257349,0.03796373485558665,0.12961228802033442,-2.8192817631169373,2.486580303846317,-2.921841313157002,-2.3302840836398757,-3.215787996382892,1.7111958757000287,0.4351419342958325,0.39318302679494627,0.04195890750088621,0.43210930071386233,0.3510200597638152,0.08108924095004716,0.3731899757257349,0.36749551716366124,0.005694458562073679,0.03796373485558665,0.32565411028965063,0.287690375434064,0.12961228802033442,0.35181665293363645,0.22220436491330203,547.0,0.2509191176470588,145.0,0.0661764705882353,165.0,0.07536764705882353,584.0,0.2679227941176471,538.0,0.24678308823529413,0.0661764705882353,WACC_0p3_WRT_0p7,0.1814338235294118,394,False,,,False,False,False,False,False,103.0,0.4340425531914894
SPLL,RialtoBridgeTimelapse,244,0.62,202,0.8250000000000001,0.5313448995078442,0,68,2484,156,1,0.486,0.35472504255106174,0.40489683676453675,0.40568333543765583,0.35396308888159217,0.0419234688962723,0.1068410688223851,-2.8192817631169373,2.486580303846317,-2.921841313157002,-2.3302840836398757,-3.215787996382892,1.7111958757000287,0.40489683676453675,0.41183687000434643,0.006940033239809684,0.40568333543765583,0.38856532209186656,0.017118013345789274,0.35396308888159217,0.3745345178627888,0.020571428981196627,0.0419234688962723,0.24497849093549842,0.20305502203922612,0.1068410688223851,0.2313505008257653,0.1245094320033802,819.0,0.3759191176470588,373.0,0.17095588235294118,194.0,0.08869485294117647,202.0,0.09237132352941177,146.0,0.0666360294117647,0.0666360294117647,WACC_0p9_WRT_0p1,0.1589154411764706,395,False,,,False,False,False,False,False,68.0,0.2851063829787234
SPLL,RialtoBridgeTimelapse,384,0.61,196,0.8,0.538442676996703,0,72,1043,396,1,0.594,0.32609318306545043,0.3873859478559524,0.3828340721196796,0.3189650936658741,0.019693562330848385,0.12915345423397728,-2.8192817631169373,2.486580303846317,-2.921841313157002,-2.3302840836398757,-3.215787996382892,1.7111958757000287,0.3873859478559524,0.4051374055758626,0.017751457719910213,0.3828340721196796,0.36792429382946273,0.01490977829021689,0.3189650936658741,0.3630495367971266,0.04408444313125248,0.019693562330848385,0.26814113286053903,0.24844757052969066,0.12915345423397728,0.2991130064496891,0.1699595522157118,706.0,0.3239889705882353,231.0,0.1056985294117647,146.0,0.0666360294117647,338.0,0.15487132352941177,385.0,0.17647058823529413,0.0666360294117647,WACC_0p5_WRT_0p5,0.16553308823529414,396,False,,,False,False,False,False,False,72.0,0.3021276595744681
SPLL,RialtoBridgeTimelapse,1037,0.61,470,0.8,0.3322311872153694,0,177,4197,246,2,0.221,0.6063273118867806,0.6327486406308299,0.6357582579707018,0.5967921724008284,0.12997569659304933,0.1326587251019669,-2.8192817631169373,2.486580303846317,-2.921841313157002,-2.3302840836398757,-3.215787996382892,1.7111958757000287,0.6327486406308299,0.4800635653238975,0.15268507530693243,0.6357582579707018,0.4418645225854242,0.19389373538527765,0.5967921724008284,0.4458526317586137,0.15093954064221465,0.12997569659304933,0.23389140873654166,0.10391571214349232,0.1326587251019669,0.2409858174082809,0.10832709230631399,1988.0,0.9131433823529411,888.0,0.40762867647058826,525.0,0.24080882352941177,146.0,0.0666360294117647,185.0,0.08455882352941177,0.0666360294117647,WACC_0p7_WRT_0p3,0.3425551470588235,397,False,,,False,False,False,False,False,177.0,0.7489361702127659
SPLL,RialtoBridgeTimelapse,339,0.63,151,0.8500000000000001,0.5997920227515918,0,12,2473,170,3,0.999,0.2816796592764263,0.33348425529553993,0.33680435022616295,0.288068497962829,0.026612569452416985,0.08356096346424294,-2.8192817631169373,2.486580303846317,-2.921841313157002,-2.3302840836398757,-3.215787996382892,1.7111958757000287,0.33348425529553993,0.38097307660661184,0.047488821311071905,0.33680435022616295,0.3513464564000426,0.014542106173879632,0.288068497962829,0.3637295470338582,0.07566104907102916,0.026612569452416985,0.2382466529992826,0.2116340835468656,0.08356096346424294,0.2373734317186617,0.15381246825441877,427.0,0.1957720588235294,147.0,0.06709558823529412,151.0,0.06893382352941177,166.0,0.07582720588235294,172.0,0.07858455882352941,0.06709558823529412,WACC_0p3_WRT_0p7,0.09724264705882353,398,False,,,False,False,False,False,False,12.0,0.04680851063829787
SPLL,RialtoBridgeTimelapse,693,0.62,198,0.8250000000000001,0.5360530118555942,0,64,1081,319,3,0.75,0.34835053595441273,0.39931761531314924,0.3999308665037519,0.3476415317388024,0.0393155243551183,0.10676751910139501,-2.8192817631169373,2.486580303846317,-2.921841313157002,-2.3302840836398757,-3.215787996382892,1.7111958757000287,0.39931761531314924,0.3853982141699992,0.013919401143150045,0.3999308665037519,0.3677735168611366,0.03215734964261535,0.3476415317388024,0.3631282687061681,0.015486736967365688,0.0393155243551183,0.255292065483315,0.2159765411281967,0.10676751910139501,0.2823563517548253,0.1755888326534303,465.0,0.21323529411764705,228.0,0.10431985294117647,147.0,0.06709558823529412,264.0,0.1208639705882353,337.0,0.15441176470588236,0.06709558823529412,WACC_0p5_WRT_0p5,0.13198529411764706,399,False,,,False,False,False,False,False,64.0,0.2680851063829787
SPLL,RialtoBridgeTimelapse,2126,0.69,84,1.0,0.7372962414897908,1,1,2024,26,5,0.07,0.23232874783750615,0.24660569128645038,0.2749741533625751,0.2773442031251266,0.09153012296533655,0.0,-2.8192817631169373,2.486580303846317,-2.921841313157002,-2.3302840836398757,-3.215787996382892,1.7111958757000287,0.24660569128645038,0.525876186969637,0.2792704956831866,0.2749741533625751,0.4869323901648087,0.21195823680223363,0.2773442031251266,0.4546683972052737,0.1773241940801471,0.09153012296533655,0.3080516118770734,0.21652148891173686,0.0,0.2313939722877952,0.2313939722877952,2154.0,0.9894301470588235,1737.0,0.7977941176470589,580.0,0.26608455882352944,501.0,0.22977941176470587,147.0,0.06709558823529412,0.06709558823529412,WACC_0p9_WRT_0p1,0.47003676470588235,400,False,,,False,False,False,False,False,1.0,0.0
SPLL,RialtoBridgeTimelapse,875,0.43,245,0.3500000000000001,0.4858928271158029,0,115,799,3334,4,0.863,0.3682562728381911,0.37334465819875756,0.2710652958728674,0.2739755384003053,0.4960671380470132,0.5864108822597496,-2.8192817631169373,2.486580303846317,-2.921841313157002,-2.3302840836398757,-3.215787996382892,1.7111958757000287,0.37334465819875756,0.3457291802997129,0.02761547789904467,0.2710652958728674,0.42734303368613885,0.15627773781327148,0.2739755384003053,0.5484360372591192,0.27446049885881385,0.4960671380470132,0.4941778145348891,0.0018893235121240637,0.5864108822597496,0.5515784155690605,0.03483246669068907,147.0,0.06709558823529412,712.0,0.32674632352941174,1105.0,0.5073529411764706,2003.0,0.9200367647058824,1851.0,0.8501838235294118,0.06709558823529412,WACC_0p1_WRT_0p9,0.5342830882352941,401,False,,,False,False,False,False,False,115.0,0.4851063829787234
SPLL,RialtoBridgeTimelapse,310,0.61,144,0.8,0.6109457641941061,0,29,2355,170,1,0.053,0.2300897002252989,0.30363099058330245,0.296306141967476,0.22352188672776202,0.03941062201280793,0.12885893532537424,-2.8192817631169373,2.486580303846317,-2.921841313157002,-2.3302840836398757,-3.215787996382892,1.7111958757000287,0.30363099058330245,0.433284670166567,0.12965367958326457,0.296306141967476,0.4273562346971158,0.1310500927296398,0.22352188672776202,0.4262739415267502,0.20275205479898817,0.03941062201280793,0.26881462385777016,0.22940400184496224,0.12885893532537424,0.23191160395476723,0.103052668629393,1227.0,0.5634191176470589,713.0,0.3272058823529412,428.0,0.19623161764705882,342.0,0.1567095588235294,148.0,0.06755514705882353,0.06755514705882353,WACC_0p9_WRT_0p1,0.2622242647058824,402,False,,,False,False,False,False,False,29.0,0.11914893617021277
SPLL,RialtoBridgeTimelapse,298,0.58,141,0.725,0.6158917597569257,0,28,1620,1405,3,0.999,0.17604987898567845,0.2805299798399199,0.25711930465486943,0.14876286085672974,0.11936751573370777,0.2008135580753443,-2.8192817631169373,2.486580303846317,-2.921841313157002,-2.3302840836398757,-3.215787996382892,1.7111958757000287,0.2805299798399199,0.3461188200589011,0.0655888402189812,0.25711930465486943,0.37820736004041994,0.12108805538555051,0.14876286085672974,0.454186572626058,0.30542371176932825,0.11936751573370777,0.39252923336309226,0.27316171762938446,0.2008135580753443,0.4393257320212528,0.2385121739459085,148.0,0.06755514705882353,318.0,0.14568014705882354,577.0,0.2647058823529412,1019.0,0.4678308823529412,968.0,0.4443933823529412,0.06755514705882353,WACC_0p1_WRT_0p9,0.2780330882352941,403,False,,,False,False,False,False,False,28.0,0.1148936170212766
SPLL,RialtoBridgeTimelapse,215,0.61,138,0.8,0.6209433717076739,0,24,514,261,5,0.595,0.2170046166586357,0.29223897962242135,0.2845219098484904,0.21049250157174917,0.04216566999712138,0.12888964992432678,-2.8192817631169373,2.486580303846317,-2.921841313157002,-2.3302840836398757,-3.215787996382892,1.7111958757000287,0.29223897962242135,0.3655310536048058,0.07329207398238446,0.2845219098484904,0.35309231400906205,0.06857040416057164,0.21049250157174917,0.3712627410564659,0.16077023948471672,0.04216566999712138,0.2577125609750993,0.21554689097797794,0.12888964992432678,0.28000789635303175,0.15111824642870497,296.0,0.13556985294117646,150.0,0.06847426470588236,181.0,0.08272058823529412,283.0,0.12959558823529413,332.0,0.15211397058823528,0.06847426470588236,WACC_0p3_WRT_0p7,0.11369485294117647,404,False,,,False,False,False,False,False,24.0,0.09787234042553192
SPLL,RialtoBridgeTimelapse,158,0.61,110,0.8,0.674159398498774,0,8,513,294,1,0.292,0.14812183705916032,0.23240933094777225,0.22254269434039275,0.14178008573441647,0.05707099545452095,0.1294725320508064,-2.8192817631169373,2.486580303846317,-2.921841313157002,-2.3302840836398757,-3.215787996382892,1.7111958757000287,0.23240933094777225,0.38018326423556964,0.1477739332877974,0.22254269434039275,0.3541117193977796,0.13156902505738682,0.14178008573441647,0.36915989277574573,0.22737980704132926,0.05707099545452095,0.23593231715639193,0.17886132170187097,0.1294725320508064,0.28950601763584927,0.16003348558504288,418.0,0.19163602941176472,153.0,0.06985294117647059,172.0,0.07858455882352941,150.0,0.06847426470588236,352.0,0.16130514705882354,0.06847426470588236,WACC_0p7_WRT_0p3,0.11397058823529412,405,False,,,False,False,False,False,False,8.0,0.029787234042553193
SPLL,RialtoBridgeTimelapse,957,0.61,124,0.8,0.6460582027798015,0,14,496,373,2,0.418,0.18432619751998314,0.2638226241764142,0.25510559954451717,0.17792359668847155,0.049142921656802833,0.12906779559626141,-2.8192817631169373,2.486580303846317,-2.921841313157002,-2.3302840836398757,-3.215787996382892,1.7111958757000287,0.2638226241764142,0.38903727460701837,0.12521465043060415,0.25510559954451717,0.35386426679587424,0.09875866725135707,0.17792359668847155,0.37974348362936594,0.2018198869408944,0.049142921656802833,0.2912108912598206,0.24206796960301774,0.12906779559626141,0.31004069864110895,0.18097290304484753,499.0,0.22886029411764705,151.0,0.06893382352941177,211.0,0.09650735294117647,433.0,0.19852941176470587,421.0,0.19301470588235295,0.06893382352941177,WACC_0p3_WRT_0p7,0.15716911764705882,406,False,,,False,False,False,False,False,14.0,0.05531914893617021
SPLL,RialtoBridgeTimelapse,1798,0.62,519,0.8250000000000001,0.3088172057961846,0,179,1184,157,4,0.154,0.66056650279076,0.6729975703795434,0.6818448982291487,0.6569000474588294,0.16623890425016946,0.11161809609870971,-2.8192817631169373,2.486580303846317,-2.921841313157002,-2.3302840836398757,-3.215787996382892,1.7111958757000287,0.6729975703795434,0.42999855655612984,0.2429990138234136,0.6818448982291487,0.3887268445262754,0.29311805370287336,0.6569000474588294,0.40293772488649016,0.2539623225723392,0.16623890425016946,0.23931537102574443,0.07307646677557497,0.11161809609870971,0.23242610102161487,0.12080800492290517,1146.0,0.5261948529411765,376.0,0.1723345588235294,318.0,0.14568014705882354,174.0,0.07950367647058823,151.0,0.06893382352941177,0.06893382352941177,WACC_0p9_WRT_0p1,0.1985294117647059,407,False,,,False,False,False,False,False,179.0,0.7574468085106383
SPLL,RialtoBridgeTimelapse,1186,0.39,516,0.2500000000000001,0.3101860129173364,0,195,397,4798,3,0.923,0.3936535515641772,0.5371414949418711,0.42237248452705667,0.24861478667329334,0.5446311321313999,0.6712081481325842,-2.8192817631169373,2.486580303846317,-2.921841313157002,-2.3302840836398757,-3.215787996382892,1.7111958757000287,0.5371414949418711,0.34673324347521517,0.19040825146665596,0.42237248452705667,0.4396853132294711,0.017312828702414407,0.24861478667329334,0.5763450314723747,0.32773024479908136,0.5446311321313999,0.5581633011910627,0.013532169059662813,0.6712081481325842,0.6169125046562011,0.05429564347638316,151.0,0.06893382352941177,854.0,0.39200367647058826,1470.0,0.6750919117647058,2167.0,0.9954044117647058,2154.0,0.9894301470588235,0.06893382352941177,WACC_0p1_WRT_0p9,0.624172794117647,408,False,,,False,False,False,False,False,195.0,0.825531914893617
SPLL,RialtoBridgeTimelapse,621,0.62,143,0.8250000000000001,0.612582966835167,0,27,437,203,7,0.84,0.2456059650924451,0.309492006176984,0.30725212254683254,0.24566246308083595,0.014242303477826257,0.10588355564375347,-2.8192817631169373,2.486580303846317,-2.921841313157002,-2.3302840836398757,-3.215787996382892,1.7111958757000287,0.309492006176984,0.3751010955905883,0.06560908941360427,0.30725212254683254,0.3540374595994105,0.04678533705257798,0.24566246308083595,0.4016411982720391,0.15597873519120314,0.014242303477826257,0.248128506868915,0.23388620339108873,0.10588355564375347,0.279167544806917,0.17328398916316357,361.0,0.16544117647058823,152.0,0.06939338235294118,311.0,0.14246323529411764,219.0,0.10018382352941177,329.0,0.15073529411764705,0.06939338235294118,WACC_0p3_WRT_0p7,0.1256433823529412,409,False,,,False,False,False,False,False,27.0,0.11063829787234042
SPLL,RialtoBridgeTimelapse,620,0.62,324,0.8250000000000001,0.4200082379875257,0,141,1066,244,5,0.212,0.5068104501737422,0.538138464546829,0.5429795720010678,0.5046710986920449,0.10389068318526676,0.10898708888337776,-2.8192817631169373,2.486580303846317,-2.921841313157002,-2.3302840836398757,-3.215787996382892,1.7111958757000287,0.538138464546829,0.4346299299368889,0.10350853460994008,0.5429795720010678,0.39736033957569317,0.14561923242537467,0.5046710986920449,0.4086718901838728,0.09599920850817206,0.10389068318526676,0.2362103543772526,0.13231967119198584,0.10898708888337776,0.2489740147740676,0.13998692589068984,1256.0,0.5767463235294118,441.0,0.20220588235294118,348.0,0.15946691176470587,153.0,0.06985294117647059,216.0,0.09880514705882353,0.06985294117647059,WACC_0p7_WRT_0p3,0.2214154411764706,410,False,,,False,False,False,False,False,141.0,0.5957446808510638
SPLL,RialtoBridgeTimelapse,1092,0.61,404,0.8,0.3679471333667542,0,168,3485,208,4,0.109,0.5572544211568491,0.5897306150108667,0.591447285876227,0.5481859378322571,0.1100304167425217,0.131890105542893,-2.8192817631169373,2.486580303846317,-2.921841313157002,-2.3302840836398757,-3.215787996382892,1.7111958757000287,0.5897306150108667,0.4658095094642568,0.12392110554660984,0.591447285876227,0.43718965188150366,0.1542576339947233,0.5481859378322571,0.4194065012617156,0.12877943657054153,0.1100304167425217,0.25290730858222193,0.14287689183970023,0.131890105542893,0.2334986402455716,0.10160853470267861,1828.0,0.8396139705882353,828.0,0.38005514705882354,392.0,0.1796875,252.0,0.11534926470588236,153.0,0.06985294117647059,0.06985294117647059,WACC_0p9_WRT_0p1,0.31691176470588234,411,False,,,False,False,False,False,False,168.0,0.7106382978723405
SPLL,RialtoBridgeTimelapse,1828,0.62,315,0.8250000000000001,0.4266519617530698,0,136,3231,266,6,0.937,0.49767386591733026,0.5301285248225821,0.5347293136390227,0.4956219880636712,0.10017850570476518,0.10884196223188405,-2.8192817631169373,2.486580303846317,-2.921841313157002,-2.3302840836398757,-3.215787996382892,1.7111958757000287,0.5301285248225821,0.4301817761693143,0.0999467486532678,0.5347293136390227,0.41561647968704846,0.1191128339519742,0.4956219880636712,0.3982434885626917,0.09737849950097949,0.10017850570476518,0.2366689393228368,0.13649043361807162,0.10884196223188405,0.233967327636423,0.12512536540453895,1149.0,0.5275735294117647,589.0,0.2702205882352941,290.0,0.1328125,154.0,0.0703125,156.0,0.07123161764705882,0.0703125,WACC_0p7_WRT_0p3,0.21443014705882354,412,False,,,False,False,False,False,False,136.0,0.574468085106383
SPLL,RialtoBridgeTimelapse,583,0.61,357,0.8,0.3971296049589576,0,155,3410,263,1,0.001,0.5172946704828204,0.5547127649899454,0.5553696737191313,0.5085961554803275,0.09376676925510338,0.13129860221207051,-2.8192817631169373,2.486580303846317,-2.921841313157002,-2.3302840836398757,-3.215787996382892,1.7111958757000287,0.5547127649899454,0.47322680005469153,0.08148596493525384,0.5553696737191313,0.4563361407666698,0.09903353295246148,0.5085961554803275,0.4423701611464449,0.06622599433388265,0.09376676925510338,0.2429374467463371,0.14917067749123372,0.13129860221207051,0.2337333660078581,0.10243476379578759,1908.0,0.8763786764705882,1090.0,0.5004595588235294,514.0,0.23575367647058823,189.0,0.08639705882352941,154.0,0.0703125,0.0703125,WACC_0p9_WRT_0p1,0.3538602941176471,413,False,,,False,False,False,False,False,155.0,0.6553191489361702
SPLL,RialtoBridgeTimelapse,1717,0.53,255,0.6000000000000002,0.4764662877780642,0,121,1946,2868,3,0.934,0.2769471695452258,0.40787856029084235,0.36362672437277854,0.21466932439780634,0.21126285904372338,0.31907578753474175,-2.8192817631169373,2.486580303846317,-2.921841313157002,-2.3302840836398757,-3.215787996382892,1.7111958757000287,0.40787856029084235,0.3475687841064998,0.06030977618434258,0.36362672437277854,0.4063536188551646,0.042726894482386035,0.21466932439780634,0.5169622273095494,0.3022929029117431,0.21126285904372338,0.4555806247497632,0.2443177657060398,0.31907578753474175,0.5045117691422156,0.18543598160747388,154.0,0.0703125,516.0,0.23667279411764705,911.0,0.4181985294117647,1672.0,0.7679227941176471,1465.0,0.6727941176470589,0.0703125,WACC_0p1_WRT_0p9,0.4331801470588236,414,False,,,False,False,False,False,False,121.0,0.5106382978723404
SPLL,RialtoBridgeTimelapse,595,0.61,280,0.8,0.4544229009538223,0,129,995,243,1,0.045,0.4392605411308943,0.4863676640931439,0.4849318559614327,0.4312509180782451,0.06193201995421516,0.13025866872356323,-2.8192817631169373,2.486580303846317,-2.921841313157002,-2.3302840836398757,-3.215787996382892,1.7111958757000287,0.4863676640931439,0.41584549621649375,0.07052216787665017,0.4849318559614327,0.37766799215942753,0.10726386380200514,0.4312509180782451,0.3917373832638752,0.03951353481436992,0.06193201995421516,0.23666939310183732,0.17473737314762217,0.13025866872356323,0.24214467158892788,0.11188600286536465,887.0,0.4071691176470588,312.0,0.14292279411764705,270.0,0.12362132352941177,155.0,0.07077205882352941,192.0,0.08777573529411764,0.07077205882352941,WACC_0p7_WRT_0p3,0.16645220588235293,415,False,,,False,False,False,False,False,129.0,0.5446808510638298
SPLL,RialtoBridgeTimelapse,197,0.61,226,0.8,0.5049090717776001,0,97,4304,590,1,0.546,0.37105063705888586,0.42668363406616366,0.42338434657249296,0.36359360849274097,0.03399476674255448,0.1295196122637472,-2.8192817631169373,2.486580303846317,-2.921841313157002,-2.3302840836398757,-3.215787996382892,1.7111958757000287,0.42668363406616366,0.41485584563284966,0.011827788433314002,0.42338434657249296,0.36732425521900963,0.05606009135348333,0.36359360849274097,0.3643988915759617,0.0008052830832207536,0.03399476674255448,0.3174470150778799,0.28345224833532545,0.1295196122637472,0.33510130243542735,0.20558169017168015,872.0,0.40027573529411764,225.0,0.10294117647058823,155.0,0.07077205882352941,548.0,0.25137867647058826,488.0,0.22380514705882354,0.07077205882352941,WACC_0p5_WRT_0p5,0.20983455882352944,416,False,,,False,False,False,False,False,97.0,0.4085106382978723
SPLL,RialtoBridgeTimelapse,227,0.59,139,0.75,0.6192474874744844,0,26,5000,1348,1,0.999,0.18690319662858826,0.2818601070680268,0.2636793222819299,0.16667262638254332,0.09383131948871647,0.17643552895349146,-2.8192817631169373,2.486580303846317,-2.921841313157002,-2.3302840836398757,-3.215787996382892,1.7111958757000287,0.2818601070680268,0.3479790047770565,0.06611889770902973,0.2636793222819299,0.36634381843136815,0.10266449614943823,0.16667262638254332,0.42458143778738083,0.2579088114048375,0.09383131948871647,0.3524418182659013,0.25861049877718484,0.17643552895349146,0.3930078371003886,0.21657230814689715,156.0,0.07123161764705882,216.0,0.09880514705882353,420.0,0.19255514705882354,704.0,0.32306985294117646,692.0,0.31755514705882354,0.07123161764705882,WACC_0p1_WRT_0p9,0.20064338235294116,417,False,,,False,False,False,False,False,26.0,0.10638297872340426
SPLL,RialtoBridgeTimelapse,2053,0.32,528,0.075,0.304757671417012,0,199,19,4456,2,0.813,0.6051640778279048,0.5317715816371361,0.37570214047828376,0.46074012394649094,0.7459085253897054,0.8645386440008549,-2.8192817631169373,2.486580303846317,-2.921841313157002,-2.3302840836398757,-3.215787996382892,1.7111958757000287,0.5317715816371361,0.34854115978474126,0.18323042185239485,0.37570214047828376,0.43074829395912967,0.055046153480845905,0.46074012394649094,0.5715626659354648,0.11082254198897384,0.7459085253897054,0.5740573718636544,0.17185115352605107,0.8645386440008549,0.6437090156485833,0.2208296283522716,157.0,0.07169117647058823,761.0,0.3492647058823529,1395.0,0.640625,2176.0,0.9995404411764706,2177.0,1.0,0.07169117647058823,WACC_0p1_WRT_0p9,0.6122242647058823,418,False,,,False,False,False,False,False,199.0,0.8425531914893617
SPLL,RialtoBridgeTimelapse,1483,0.62,484,0.8250000000000001,0.3253017216948862,0,175,1325,180,5,0.89,0.6376837210856929,0.652921037000784,0.6611758196873371,0.6342498688734595,0.1569717883992522,0.11120825584950882,-2.8192817631169373,2.486580303846317,-2.921841313157002,-2.3302840836398757,-3.215787996382892,1.7111958757000287,0.652921037000784,0.41310963857365274,0.23981139842713123,0.6611758196873371,0.40344028059401477,0.2577355390933223,0.6342498688734595,0.39320471547592833,0.24104515339753113,0.1569717883992522,0.24794362130276956,0.09097183290351737,0.11120825584950882,0.2348233462329678,0.12361509038345898,848.0,0.38924632352941174,486.0,0.22288602941176472,275.0,0.12591911764705882,216.0,0.09880514705882353,158.0,0.07215073529411764,0.07215073529411764,WACC_0p9_WRT_0p1,0.1818014705882353,419,False,,,False,False,False,False,False,175.0,0.7404255319148936
SPLL,RialtoBridgeTimelapse,1289,0.62,244,0.8250000000000001,0.4868564734072778,0,96,3935,449,1,0.522,0.41520999949735976,0.45786117289000217,0.4602761390465829,0.41392332427525186,0.0666194580473301,0.10761543335281223,-2.8192817631169373,2.486580303846317,-2.921841313157002,-2.3302840836398757,-3.215787996382892,1.7111958757000287,0.45786117289000217,0.42699238896269104,0.030868783927311128,0.4602761390465829,0.37244709854378283,0.08782904050280005,0.41392332427525186,0.3653463293369798,0.048576994938272056,0.0666194580473301,0.2771757292451381,0.210556271197808,0.10761543335281223,0.30788416995375356,0.20026873660094133,1081.0,0.4963235294117647,270.0,0.12362132352941177,158.0,0.07215073529411764,382.0,0.17509191176470587,413.0,0.18933823529411764,0.07215073529411764,WACC_0p5_WRT_0p5,0.21130514705882356,420,False,,,False,False,False,False,False,96.0,0.40425531914893614
SPLL,RialtoBridgeTimelapse,1974,0.39,173,0.2500000000000001,0.5678130715313164,0,61,2263,3202,5,0.921,0.5444363041770706,0.2948225352495949,0.1615325443877019,0.4735576157491054,0.6527379224533026,0.7197164239690096,-2.8192817631169373,2.486580303846317,-2.921841313157002,-2.3302840836398757,-3.215787996382892,1.7111958757000287,0.2948225352495949,0.34858066510913355,0.05375812985953865,0.1615325443877019,0.4321660750729822,0.2706335306852803,0.4735576157491054,0.541722079614372,0.06816446386526664,0.6527379224533026,0.4798835391136828,0.17285438333961983,0.7197164239690096,0.5390450475597159,0.18067137640929365,158.0,0.07215073529411764,780.0,0.35799632352941174,1054.0,0.48391544117647056,1909.0,0.8768382352941176,1756.0,0.8065257352941176,0.07215073529411764,WACC_0p1_WRT_0p9,0.5194852941176471,421,False,,,False,False,False,False,False,61.0,0.2553191489361702
SPLL,RialtoBridgeTimelapse,371,0.61,202,0.8,0.5313448995078442,0,78,3400,514,1,0.915,0.33558307240482727,0.39567792215202424,0.391392393798288,0.3283883631205719,0.019412332924269787,0.1292210948695054,-2.8192817631169373,2.486580303846317,-2.921841313157002,-2.3302840836398757,-3.215787996382892,1.7111958757000287,0.39567792215202424,0.39075206724992756,0.004925854902096682,0.391392393798288,0.36860971828245614,0.02278267551583185,0.3283883631205719,0.3654924203985903,0.03710405727801841,0.019412332924269787,0.2972829040089477,0.2778705710846779,0.1292210948695054,0.32773855683758213,0.19851746196807674,515.0,0.23621323529411764,238.0,0.10891544117647059,159.0,0.07261029411764706,458.0,0.21001838235294118,470.0,0.21553308823529413,0.07261029411764706,WACC_0p5_WRT_0p5,0.1686580882352941,422,False,,,False,False,False,False,False,78.0,0.3276595744680851
SPLL,RialtoBridgeTimelapse,1429,0.6,170,0.775,0.571927520236409,0,52,3319,847,1,0.951,0.2640664156922133,0.3409492849449189,0.3299685168347115,0.2505847055027338,0.05441657883340705,0.1519887015389755,-2.8192817631169373,2.486580303846317,-2.921841313157002,-2.3302840836398757,-3.215787996382892,1.7111958757000287,0.3409492849449189,0.36344390269045734,0.02249461774553846,0.3299685168347115,0.355196361685267,0.025227844850555514,0.2505847055027338,0.3848584343954263,0.13427372889269246,0.05441657883340705,0.3482184190621876,0.29380184022878053,0.1519887015389755,0.38896643268258363,0.23697773114360812,268.0,0.12270220588235294,160.0,0.07306985294117647,238.0,0.10891544117647059,687.0,0.31525735294117646,671.0,0.3079044117647059,0.07306985294117647,WACC_0p3_WRT_0p7,0.18556985294117645,423,False,,,False,False,False,False,False,52.0,0.2170212765957447
SPLL,RialtoBridgeTimelapse,51,0.53,284,0.6000000000000002,0.451079031326913,0,137,1469,2425,5,0.999,0.30856232183606697,0.435042972091906,0.3919563068968873,0.24646490383589195,0.20357514804053406,0.3179215453496307,-2.8192817631169373,2.486580303846317,-2.921841313157002,-2.3302840836398757,-3.215787996382892,1.7111958757000287,0.435042972091906,0.34863879603522835,0.08640417605667766,0.3919563068968873,0.40696450259150263,0.015008195694615312,0.24646490383589195,0.5179956514619924,0.2715307476261005,0.20357514804053406,0.4158567251009814,0.2122815770604473,0.3179215453496307,0.48082196729937465,0.16290042194974397,160.0,0.07306985294117647,520.0,0.23851102941176472,917.0,0.4209558823529412,1268.0,0.5822610294117647,1277.0,0.5863970588235294,0.07306985294117647,WACC_0p1_WRT_0p9,0.3802389705882353,424,False,,,False,False,False,False,False,137.0,0.5787234042553191
SPLL,RialtoBridgeTimelapse,186,0.61,315,0.8,0.4266519617530698,0,142,4256,301,1,0.001,0.4770102491726951,0.5194230460325484,0.5190039409135985,0.4686736426946478,0.07734633726667332,0.13074023369907858,-2.8192817631169373,2.486580303846317,-2.921841313157002,-2.3302840836398757,-3.215787996382892,1.7111958757000287,0.5194230460325484,0.5245093444606889,0.005086298428140457,0.5190039409135985,0.47411964783659993,0.04488429307699854,0.4686736426946478,0.46907341359260535,0.00039977089795756315,0.07734633726667332,0.2372400725003661,0.15989373523369277,0.13074023369907858,0.239430298131859,0.10869006443278043,2151.0,0.9880514705882353,1434.0,0.6585477941176471,662.0,0.3037683823529412,160.0,0.07306985294117647,179.0,0.0818014705882353,0.07306985294117647,WACC_0p7_WRT_0p3,0.4210477941176471,425,False,,,False,False,False,False,False,142.0,0.6
SPLL,RialtoBridgeTimelapse,628,0.61,198,0.8,0.5360530118555942,0,74,4566,814,1,0.999,0.3292865959242753,0.3901760459460829,0.3857139236667687,0.32213627056325966,0.019049486389514807,0.12917559145847954,-2.8192817631169373,2.486580303846317,-2.921841313157002,-2.3302840836398757,-3.215787996382892,1.7111958757000287,0.3901760459460829,0.377344511213327,0.01283153473275589,0.3857139236667687,0.36833905144828466,0.01737487221848405,0.32213627056325966,0.36688713540804146,0.0447508648447818,0.019049486389514807,0.30926985649187233,0.2902203701023575,0.12917559145847954,0.3524843168913423,0.22330872543286276,390.0,0.17876838235294118,234.0,0.10707720588235294,161.0,0.07352941176470588,508.0,0.23299632352941177,541.0,0.24816176470588236,0.07352941176470588,WACC_0p5_WRT_0p5,0.16810661764705884,426,False,,,False,False,False,False,False,74.0,0.31063829787234043
SPLL,RialtoBridgeTimelapse,533,0.62,298,0.8250000000000001,0.4397342285688886,0,128,944,232,10,0.182,0.47970263558230575,0.514374951124503,0.5185020779786926,0.47782141452149196,0.09287371054235966,0.10856130407466497,-2.8192817631169373,2.486580303846317,-2.921841313157002,-2.3302840836398757,-3.215787996382892,1.7111958757000287,0.514374951124503,0.4601114710582783,0.05426348006622472,0.5185020779786926,0.41864302779608387,0.09985905018260877,0.47782141452149196,0.4166347396292706,0.06118667489222135,0.09287371054235966,0.23789248691820816,0.1450187763758485,0.10856130407466497,0.23592869279474685,0.12736738872008188,1744.0,0.8010110294117647,626.0,0.28722426470588236,381.0,0.17463235294117646,163.0,0.0744485294117647,164.0,0.07490808823529412,0.0744485294117647,WACC_0p7_WRT_0p3,0.2824448529411765,427,False,,,False,False,False,False,False,128.0,0.5404255319148936
SPLL,RialtoBridgeTimelapse,1254,0.45,281,0.4000000000000001,0.4535824921216995,0,138,3258,3548,4,0.915,0.2893540594456882,0.4078492446996723,0.3194882846581275,0.18479721443998873,0.42580399765807037,0.5264622606106432,-2.8192817631169373,2.486580303846317,-2.921841313157002,-2.3302840836398757,-3.215787996382892,1.7111958757000287,0.4078492446996723,0.34918428815044417,0.05866495654922815,0.3194882846581275,0.4294614100206171,0.1099731253624896,0.18479721443998873,0.5449978446349708,0.36020063019498205,0.42580399765807037,0.4496947597579445,0.02389076209987412,0.5264622606106432,0.519808929841432,0.006653330769211152,163.0,0.0744485294117647,740.0,0.3396139705882353,1078.0,0.49494485294117646,1626.0,0.7467830882352942,1609.0,0.7389705882352942,0.0744485294117647,WACC_0p1_WRT_0p9,0.4789522058823529,428,False,,,False,False,False,False,False,138.0,0.5829787234042553
SPLL,RialtoBridgeTimelapse,141,0.61,204,0.8,0.5290255197785925,0,80,1544,639,1,0.855,0.3386872551607047,0.39839065914872523,0.3941920141419562,0.3314704066661893,0.020690437157984933,0.12924441208978302,-2.8192817631169373,2.486580303846317,-2.921841313157002,-2.3302840836398757,-3.215787996382892,1.7111958757000287,0.39839065914872523,0.37257669541081717,0.025813963737908063,0.3941920141419562,0.35573620778055753,0.03845580636139867,0.3314704066661893,0.3835573976684521,0.05208699100226277,0.020690437157984933,0.32528948729815216,0.30459905014016725,0.12924441208978302,0.3521346454625452,0.22289023337276218,342.0,0.1567095588235294,164.0,0.07490808823529412,230.0,0.1052389705882353,579.0,0.265625,540.0,0.24770220588235295,0.07490808823529412,WACC_0p3_WRT_0p7,0.17003676470588236,429,False,,,False,False,False,False,False,80.0,0.33617021276595743
SPLL,RialtoBridgeTimelapse,206,0.62,266,0.8250000000000001,0.4665132971833082,0,110,3599,284,1,0.001,0.44300342546446303,0.4822117728574196,0.48536719911183496,0.44146428692864603,0.0779422319405965,0.10801017206145319,-2.8192817631169373,2.486580303846317,-2.921841313157002,-2.3302840836398757,-3.215787996382892,1.7111958757000287,0.4822117728574196,0.4763292147963229,0.005882558061096721,0.48536719911183496,0.4515169582987692,0.03385024081306576,0.44146428692864603,0.4416282094050672,0.0001639224764211633,0.0779422319405965,0.2379848133187371,0.1600425813781406,0.10801017206145319,0.2505066224146764,0.14249645035322323,1949.0,0.8952205882352942,1023.0,0.4696691176470588,508.0,0.23299632352941177,164.0,0.07490808823529412,223.0,0.10202205882352941,0.07490808823529412,WACC_0p7_WRT_0p3,0.35496323529411766,430,False,,,False,False,False,False,False,110.0,0.46382978723404256
SPLL,RialtoBridgeTimelapse,372,0.61,167,0.8,0.5761147948116947,0,49,434,346,10,0.999,0.2759833018713557,0.3436359952133148,0.3376568573673057,0.2691767849419368,0.02988969487362228,0.1288998457180383,-2.8192817631169373,2.486580303846317,-2.921841313157002,-2.3302840836398757,-3.215787996382892,1.7111958757000287,0.3436359952133148,0.3622030985981227,0.018567103384807937,0.3376568573673057,0.35594467612178576,0.018287818754480045,0.2691767849419368,0.3688989682360811,0.09972218329414428,0.02988969487362228,0.2837082065843386,0.25381851171071634,0.1288998457180383,0.29956479235865346,0.17066494664061516,255.0,0.11672794117647059,165.0,0.07536764705882353,170.0,0.07766544117647059,408.0,0.1870404411764706,386.0,0.17693014705882354,0.07536764705882353,WACC_0p3_WRT_0p7,0.1267463235294118,431,False,,,False,False,False,False,False,49.0,0.20425531914893616
SPLL,RialtoBridgeTimelapse,1554,0.4,280,0.2750000000000001,0.4544229009538223,0,137,2612,4002,3,0.87,0.443146126913752,0.39955947841316325,0.2813692535969292,0.34039187283666417,0.5715048565453511,0.6653931322876386,-2.8192817631169373,2.486580303846317,-2.921841313157002,-2.3302840836398757,-3.215787996382892,1.7111958757000287,0.39955947841316325,0.34959975701876506,0.04995972139439819,0.2813692535969292,0.4231948914795177,0.1418256378825885,0.34039187283666417,0.5728060860604224,0.23241421322375821,0.5715048565453511,0.5083550156441868,0.06314984090116427,0.6653931322876386,0.571872781810166,0.09352035047747265,165.0,0.07536764705882353,668.0,0.30652573529411764,1413.0,0.6488970588235294,2072.0,0.9517463235294118,1999.0,0.9181985294117647,0.07536764705882353,WACC_0p1_WRT_0p9,0.5801470588235293,432,False,,,False,False,False,False,False,137.0,0.5787234042553191
SPLL,RialtoBridgeTimelapse,1119,0.42,177,0.325,0.5624361392270425,0,65,2380,2632,1,0.714,0.444874370379238,0.30098293286581795,0.18696746638319672,0.372583352626785,0.5585318346530908,0.6300725973830009,-2.8192817631169373,2.486580303846317,-2.921841313157002,-2.3302840836398757,-3.215787996382892,1.7111958757000287,0.30098293286581795,0.34971974038568543,0.048736807519867476,0.18696746638319672,0.40017776279695455,0.21321029641375783,0.372583352626785,0.5032129947274885,0.1306296421007035,0.5585318346530908,0.4567108785515274,0.10182095610156333,0.6300725973830009,0.5186476920937225,0.1114249052892784,166.0,0.07582720588235294,466.0,0.21369485294117646,835.0,0.38327205882352944,1688.0,0.7752757352941176,1599.0,0.734375,0.07582720588235294,WACC_0p1_WRT_0p9,0.4364889705882353,433,False,,,False,False,False,False,False,65.0,0.2723404255319149
SPLL,RialtoBridgeTimelapse,284,0.59,139,0.75,0.6192474874744844,0,26,4519,1428,1,0.999,0.18690319662858826,0.2818601070680268,0.2636793222819299,0.16667262638254332,0.09383131948871647,0.17643552895349146,-2.8192817631169373,2.486580303846317,-2.921841313157002,-2.3302840836398757,-3.215787996382892,1.7111958757000287,0.2818601070680268,0.350481577756998,0.06862147068897123,0.2636793222819299,0.3640850275366559,0.10040570525472597,0.16667262638254332,0.4275394400504041,0.2608668136678608,0.09383131948871647,0.3536366491708458,0.2598053296821293,0.17643552895349146,0.40060015325200876,0.2241646242985173,167.0,0.07628676470588236,203.0,0.09283088235294118,433.0,0.19852941176470587,709.0,0.32536764705882354,734.0,0.3368566176470588,0.07628676470588236,WACC_0p1_WRT_0p9,0.20597426470588237,434,False,,,False,False,False,False,False,26.0,0.10638297872340426
SPLL,RialtoBridgeTimelapse,21,0.57,3435,0.7,0.0,0,213,1968,8,7,0.395,0.9784189930413505,0.9884154366763681,0.9834166103594443,0.9395504863680786,0.22376427805575874,0.22692892035736753,-2.8192817631169373,2.486580303846317,-2.921841313157002,-2.3302840836398757,-3.215787996382892,1.7111958757000287,0.9884154366763681,0.5113214694583916,0.4770939672179765,0.9834166103594443,0.4690834898825429,0.5143331204769014,0.9395504863680786,0.46206852945038906,0.4774819569176895,0.22376427805575874,0.3255661223833095,0.10180184432755077,0.22692892035736753,0.2367072260776552,0.009778305720287678,2131.0,0.9788602941176471,1334.0,0.6125919117647058,621.0,0.2849264705882353,582.0,0.26700367647058826,167.0,0.07628676470588236,0.07628676470588236,WACC_0p9_WRT_0p1,0.4439338235294117,435,False,,,False,False,False,False,False,213.0,0.902127659574468
SPLL,RialtoBridgeTimelapse,264,0.62,89,0.8250000000000001,0.723773999026508,0,2,2272,223,7,0.999,0.10044935403450053,0.18320177852479294,0.17655974182462317,0.10104968492429828,0.04504724038401085,0.10647815886253571,-2.8192817631169373,2.486580303846317,-2.921841313157002,-2.3302840836398757,-3.215787996382892,1.7111958757000287,0.18320177852479294,0.39843742176648517,0.21523564324169223,0.17655974182462317,0.3684979628934886,0.1919382210688654,0.10104968492429828,0.3829897428714639,0.28194005794716565,0.04504724038401085,0.23853959457675866,0.1934923541927478,0.10647815886253571,0.2456445208325057,0.13916636196997,612.0,0.28079044117647056,237.0,0.10845588235294118,225.0,0.10294117647058823,168.0,0.07674632352941177,203.0,0.09283088235294118,0.07674632352941177,WACC_0p7_WRT_0p3,0.13235294117647062,436,False,,,False,False,False,False,False,2.0,0.00425531914893617
SPLL,RialtoBridgeTimelapse,1737,0.42,247,0.325,0.4839772309211945,0,116,606,3343,7,0.968,0.3981018437591365,0.37392901730861117,0.2657604239505944,0.3034929991683267,0.5246678480261833,0.6141937368537048,-2.8192817631169373,2.486580303846317,-2.921841313157002,-2.3302840836398757,-3.215787996382892,1.7111958757000287,0.37392901730861117,0.35101358697179763,0.022915430336813536,0.2657604239505944,0.43464216027845887,0.16888173632786446,0.3034929991683267,0.5513414508606688,0.24784845169234204,0.5246678480261833,0.5016421546761665,0.023025693350016807,0.6141937368537048,0.5630011472944725,0.05119258955923234,168.0,0.07674632352941177,802.0,0.3681066176470588,1139.0,0.5229779411764706,2040.0,0.9370404411764706,1946.0,0.8938419117647058,0.07674632352941177,WACC_0p1_WRT_0p9,0.5597426470588236,437,False,,,False,False,False,False,False,116.0,0.48936170212765956
SPLL,RialtoBridgeTimelapse,132,0.58,134,0.725,0.6278511569827738,0,24,4457,1749,1,0.861,0.16110002645267182,0.2676680811766226,0.24371650039462486,0.13374227069031633,0.1229550707840729,0.2013093713886203,-2.8192817631169373,2.486580303846317,-2.921841313157002,-2.3302840836398757,-3.215787996382892,1.7111958757000287,0.2676680811766226,0.35108380476711776,0.08341572359049515,0.24371650039462486,0.3721513992709858,0.12843489887636092,0.13374227069031633,0.4427771544160435,0.3090348837257272,0.1229550707840729,0.35923661879412755,0.23628154801005463,0.2013093713886203,0.41675581522087746,0.21544644383225717,169.0,0.07720588235294118,266.0,0.12178308823529412,517.0,0.23713235294117646,759.0,0.3483455882352941,835.0,0.38327205882352944,0.07720588235294118,WACC_0p1_WRT_0p9,0.23354779411764706,438,False,,,False,False,False,False,False,24.0,0.09787234042553192
SPLL,RialtoBridgeTimelapse,508,0.62,437,0.8250000000000001,0.3494157902777468,0,167,3801,250,4,0.462,0.6042601218733089,0.6235996619529344,0.6309869570542433,0.6011631381509285,0.14342941276426835,0.11061950609239214,-2.8192817631169373,2.486580303846317,-2.921841313157002,-2.3302840836398757,-3.215787996382892,1.7111958757000287,0.6235996619529344,0.4573136657574089,0.16628599619552548,0.6309869570542433,0.42912547013281294,0.2018614869214304,0.6011631381509285,0.42178992009896743,0.17937321805196105,0.14342941276426835,0.2385451032206896,0.09511569045642126,0.11061950609239214,0.25669238584159076,0.14607287974919864,1703.0,0.7821691176470589,735.0,0.33731617647058826,403.0,0.18474264705882354,169.0,0.07720588235294118,252.0,0.11534926470588236,0.07720588235294118,WACC_0p7_WRT_0p3,0.2993566176470589,439,False,,,False,False,False,False,False,167.0,0.7063829787234043
SPLL,RialtoBridgeTimelapse,710,0.42,507,0.325,0.3143406046387392,0,192,970,4663,1,0.625,0.32421324199967,0.5397931806809757,0.4421280159152346,0.18233085868058552,0.46124382371425116,0.5912118335127349,-2.8192817631169373,2.486580303846317,-2.921841313157002,-2.3302840836398757,-3.215787996382892,1.7111958757000287,0.5397931806809757,0.35111377341981953,0.18867940726115617,0.4421280159152346,0.42012771872220134,0.022000297193033258,0.18233085868058552,0.5686358475133534,0.38630498883276787,0.46124382371425116,0.5152399727412048,0.053996149026953655,0.5912118335127349,0.578306594827905,0.012905238684829845,170.0,0.07766544117647059,644.0,0.29549632352941174,1350.0,0.6199448529411765,2098.0,0.9636948529411765,2031.0,0.9329044117647058,0.07766544117647059,WACC_0p1_WRT_0p9,0.5779411764705882,440,False,,,False,False,False,False,False,192.0,0.8127659574468085
SPLL,RialtoBridgeTimelapse,261,0.61,191,0.8,0.5445246273066155,0,68,3058,386,9,0.999,0.3179731918044999,0.38029246246456544,0.3755117729234745,0.3109007810122825,0.021334095302428954,0.12910011890693882,-2.8192817631169373,2.486580303846317,-2.921841313157002,-2.3302840836398757,-3.215787996382892,1.7111958757000287,0.38029246246456544,0.4230714885906437,0.04277902612607826,0.3755117729234745,0.40085767112505716,0.025345898201582673,0.3109007810122825,0.39179192304998356,0.08089114203770104,0.021334095302428954,0.23893755307229878,0.21760345776986983,0.12910011890693882,0.25964439719277255,0.13054427828583373,999.0,0.4586397058823529,471.0,0.21599264705882354,271.0,0.12408088235294118,171.0,0.078125,264.0,0.1208639705882353,0.078125,WACC_0p7_WRT_0p3,0.19954044117647057,441,False,,,False,False,False,False,False,68.0,0.2851063829787234
SPLL,RialtoBridgeTimelapse,1656,0.29,397,0.0,0.3720718302833087,0,175,101,4927,2,0.769,0.7403023630405632,0.4671585248172825,0.287503200847019,0.6151837110114522,0.8654320872330772,0.9651488026375151,-2.8192817631169373,2.486580303846317,-2.921841313157002,-2.3302840836398757,-3.215787996382892,1.7111958757000287,0.4671585248172825,0.35131273866866747,0.11584578614861502,0.287503200847019,0.43876337651504815,0.15126017566802913,0.6151837110114522,0.564606647879747,0.05057706313170518,0.8654320872330772,0.5647940625333836,0.3006380246996936,0.9651488026375151,0.6276420180571674,0.3375067845803478,171.0,0.078125,846.0,0.3883272058823529,1285.0,0.5900735294117647,2169.0,0.9963235294117647,2166.0,0.9949448529411765,0.078125,WACC_0p1_WRT_0p9,0.6095588235294118,442,False,,,False,False,False,False,False,175.0,0.7404255319148936
SPLL,RialtoBridgeTimelapse,658,0.6,249,0.775,0.4820770212075161,0,113,779,772,1,0.595,0.3828803386998551,0.44458000935464237,0.43704582586147545,0.36872659586022166,0.029944803483590573,0.1522799452898197,-2.8192817631169373,2.486580303846317,-2.921841313157002,-2.3302840836398757,-3.215787996382892,1.7111958757000287,0.44458000935464237,0.39390697702504335,0.05067303232959902,0.43704582586147545,0.3587852623253289,0.07826056353614652,0.36872659586022166,0.39496593500250493,0.02623933914228327,0.029944803483590573,0.3379461923953711,0.3080013889117805,0.1522799452898197,0.39096654083819105,0.23868659554837135,555.0,0.2545955882352941,172.0,0.07858455882352941,284.0,0.13005514705882354,635.0,0.2913602941176471,679.0,0.3115808823529412,0.07858455882352941,WACC_0p3_WRT_0p7,0.21323529411764705,443,False,,,False,False,False,False,False,113.0,0.4765957446808511
SPLL,RialtoBridgeTimelapse,119,0.61,140,0.8,0.6175636736939851,0,25,666,279,8,0.999,0.2214233697858985,0.2960852010966775,0.28850106006092424,0.2148931379662317,0.04123304081513364,0.12887690419318082,-2.8192817631169373,2.486580303846317,-2.921841313157002,-2.3302840836398757,-3.215787996382892,1.7111958757000287,0.2960852010966775,0.3767839413750014,0.08069874027832385,0.28850106006092424,0.3716337800769623,0.08313272001603805,0.2148931379662317,0.3737935898087981,0.15890045184256643,0.04123304081513364,0.24763362957623983,0.20640058876110617,0.12887690419318082,0.23744689581593087,0.10856999162275005,380.0,0.17417279411764705,260.0,0.11902573529411764,190.0,0.08685661764705882,214.0,0.0978860294117647,173.0,0.07904411764705882,0.07904411764705882,WACC_0p9_WRT_0p1,0.11139705882352942,444,False,,,False,False,False,False,False,25.0,0.10212765957446808
SPLL,RialtoBridgeTimelapse,585,0.61,321,0.8,0.4222021471026171,0,144,1624,321,3,0.587,0.4830724771595283,0.5247327333096122,0.5244761023337331,0.4746822043796203,0.07981914902742951,0.13082153182329107,-2.8192817631169373,2.486580303846317,-2.921841313157002,-2.3302840836398757,-3.215787996382892,1.7111958757000287,0.5247327333096122,0.4141481959567638,0.11058453735284846,0.5244761023337331,0.3655638267965139,0.1589122755372192,0.4746822043796203,0.3692843848523415,0.10539781952727878,0.07981914902742951,0.26590727914260276,0.18608813011517325,0.13082153182329107,0.2977591755792143,0.1669376437559232,858.0,0.3938419117647059,209.0,0.09558823529411764,173.0,0.07904411764705882,322.0,0.14751838235294118,377.0,0.17279411764705882,0.07904411764705882,WACC_0p5_WRT_0p5,0.1777573529411765,445,False,,,False,False,False,False,False,144.0,0.6085106382978723
SPLL,RialtoBridgeTimelapse,234,0.61,241,0.8,0.4897711899987262,0,107,5000,973,1,0.999,0.3914412171220554,0.44451868092311286,0.4417805791441912,0.383824962584668,0.042359578885495866,0.12972008978262173,-2.8192817631169373,2.486580303846317,-2.921841313157002,-2.3302840836398757,-3.215787996382892,1.7111958757000287,0.44451868092311286,0.3676125498854971,0.07690613103761579,0.4417805791441912,0.3595250134168213,0.08225556572736992,0.383824962584668,0.39826698120635234,0.014442018621684372,0.042359578885495866,0.3371135228795605,0.2947539439940646,0.12972008978262173,0.3760136468462592,0.24629355706363748,305.0,0.13970588235294118,174.0,0.07950367647058823,291.0,0.1332720588235294,631.0,0.28952205882352944,616.0,0.28262867647058826,0.07950367647058823,WACC_0p3_WRT_0p7,0.18492647058823533,446,False,,,False,False,False,False,False,107.0,0.451063829787234
SPLL,RialtoBridgeTimelapse,544,0.62,297,0.8250000000000001,0.4405267748292292,0,127,972,244,10,0.425,0.47861477475172337,0.513421404044248,0.5175198154201945,0.4767438217524355,0.09243138705355534,0.10854452876223582,-2.8192817631169373,2.486580303846317,-2.921841313157002,-2.3302840836398757,-3.215787996382892,1.7111958757000287,0.513421404044248,0.43390259329852265,0.07951881074572531,0.5175198154201945,0.41158283674010787,0.10593697868008667,0.4767438217524355,0.4139762180283019,0.06276760372413359,0.09243138705355534,0.25562133840382745,0.1631899513502721,0.10854452876223582,0.238095934244266,0.1295514054820302,1241.0,0.5698529411764706,557.0,0.2555147058823529,365.0,0.16727941176470587,266.0,0.12178308823529412,175.0,0.07996323529411764,0.07996323529411764,WACC_0p9_WRT_0p1,0.23887867647058822,447,False,,,False,False,False,False,False,127.0,0.5361702127659574
SPLL,RialtoBridgeTimelapse,1299,0.61,198,0.8,0.5360530118555942,0,74,1995,970,1,0.659,0.3292865959242753,0.3901760459460829,0.3857139236667687,0.32213627056325966,0.019049486389514807,0.12917559145847954,-2.8192817631169373,2.486580303846317,-2.921841313157002,-2.3302840836398757,-3.215787996382892,1.7111958757000287,0.3901760459460829,0.38889487222862196,0.0012811737174609483,0.3857139236667687,0.3598525449016733,0.025861378765095422,0.32213627056325966,0.4038735330442839,0.08173726248102425,0.019049486389514807,0.3920862225341557,0.3730367361446409,0.12917559145847954,0.4295812346987779,0.3004056432402984,496.0,0.22748161764705882,175.0,0.07996323529411764,322.0,0.14751838235294118,1012.0,0.4646139705882353,911.0,0.4181985294117647,0.07996323529411764,WACC_0p3_WRT_0p7,0.26755514705882355,448,False,,,False,False,False,False,False,74.0,0.31063829787234043
SPLL,RialtoBridgeTimelapse,246,0.62,243,0.8250000000000001,0.4878240610033443,0,95,3682,428,10,0.999,0.4138900335281667,0.4567048951225702,0.45908458572764516,0.41261518957233834,0.06608136314978239,0.10759723063355857,-2.8192817631169373,2.486580303846317,-2.921841313157002,-2.3302840836398757,-3.215787996382892,1.7111958757000287,0.4567048951225702,0.4538819724764498,0.002822922646120385,0.45908458572764516,0.43990300972987334,0.019181575997771816,0.41261518957233834,0.408696174882542,0.00391901468979633,0.06608136314978239,0.23961294983191295,0.17353158668213056,0.10759723063355857,0.2636437146228816,0.15604648398932303,1646.0,0.7559742647058824,860.0,0.3947610294117647,349.0,0.15992647058823528,175.0,0.07996323529411764,277.0,0.12683823529411764,0.07996323529411764,WACC_0p7_WRT_0p3,0.30349264705882356,449,False,,,False,False,False,False,False,95.0,0.4
SPLL,RialtoBridgeTimelapse,1423,0.62,484,0.8250000000000001,0.3253017216948862,0,175,739,124,7,0.275,0.6376837210856929,0.652921037000784,0.6611758196873371,0.6342498688734595,0.1569717883992522,0.11120825584950882,-2.8192817631169373,2.486580303846317,-2.921841313157002,-2.3302840836398757,-3.215787996382892,1.7111958757000287,0.652921037000784,0.39817928958356347,0.2547417474172205,0.6611758196873371,0.3640336688000254,0.29714215088731166,0.6342498688734595,0.39882903434653366,0.2354208345269258,0.1569717883992522,0.23984008631232087,0.08286829791306868,0.11120825584950882,0.24173177493058687,0.13052351908107807,610.0,0.27987132352941174,202.0,0.09237132352941177,300.0,0.13740808823529413,176.0,0.08042279411764706,189.0,0.08639705882352941,0.08042279411764706,WACC_0p7_WRT_0p3,0.13529411764705884,450,False,,,False,False,False,False,False,175.0,0.7404255319148936
SPLL,RialtoBridgeTimelapse,271,0.61,162,0.8,0.5832626145720154,0,44,1163,485,3,0.999,0.2665286701839898,0.3353888484422171,0.32913588309547337,0.2597762600955705,0.03183497766927481,0.1288745107133162,-2.8192817631169373,2.486580303846317,-2.921841313157002,-2.3302840836398757,-3.215787996382892,1.7111958757000287,0.3353888484422171,0.394982908201625,0.0595940597594079,0.32913588309547337,0.36402959369064847,0.0348937105951751,0.2597762600955705,0.370090997237331,0.11031473714176054,0.03183497766927481,0.2773184353143351,0.24548345764506027,0.1288745107133162,0.3138947712480351,0.1850202605347189,567.0,0.2601102941176471,201.0,0.09191176470588236,177.0,0.08088235294117647,385.0,0.17647058823529413,437.0,0.20036764705882354,0.08088235294117647,WACC_0p5_WRT_0p5,0.1619485294117647,451,False,,,False,False,False,False,False,44.0,0.1829787234042553
SPLL,RialtoBridgeTimelapse,1887,0.58,135,0.725,0.6261052092984497,0,25,4920,1870,1,0.715,0.16327814389431744,0.26954072429267184,0.24566871794561715,0.1359318053420993,0.12242874500982064,0.20123332433937474,-2.8192817631169373,2.486580303846317,-2.921841313157002,-2.3302840836398757,-3.215787996382892,1.7111958757000287,0.26954072429267184,0.3518452403882514,0.08230451609557954,0.24566871794561715,0.37358340012167307,0.12791468217605592,0.1359318053420993,0.45061927694526316,0.31468747160316385,0.12242874500982064,0.3766613431335543,0.25423259812373367,0.20123332433937474,0.4235564392911375,0.22232311495176277,177.0,0.08088235294117647,280.0,0.12821691176470587,559.0,0.25643382352941174,884.0,0.40579044117647056,872.0,0.40027573529411764,0.08088235294117647,WACC_0p1_WRT_0p9,0.2543198529411764,452,False,,,False,False,False,False,False,25.0,0.10212765957446808
SPLL,RialtoBridgeTimelapse,1061,0.59,157,0.75,0.5906331433253553,0,41,1704,1073,1,0.857,0.22340161815655707,0.31344966744806396,0.29647548276062463,0.203178710470298,0.0856129545647576,0.17579090604465697,-2.8192817631169373,2.486580303846317,-2.921841313157002,-2.3302840836398757,-3.215787996382892,1.7111958757000287,0.31344966744806396,0.35983504310273756,0.0463853756546736,0.29647548276062463,0.3602098188564783,0.06373433609585366,0.203178710470298,0.42561431705906366,0.22243560658876566,0.0856129545647576,0.36682954790500477,0.2812165933402472,0.17579090604465697,0.4111233934371601,0.23533248739250312,242.0,0.11075367647058823,178.0,0.08134191176470588,424.0,0.19439338235294118,806.0,0.36994485294117646,796.0,0.36534926470588236,0.08134191176470588,WACC_0p3_WRT_0p7,0.22435661764705878,453,False,,,False,False,False,False,False,41.0,0.1702127659574468
SPLL,RialtoBridgeTimelapse,977,0.35,189,0.15,0.5470018733706472,0,74,191,2837,1,0.663,0.6604782147542424,0.3124868843106871,0.1555942248777465,0.5835657680813574,0.7662232179011645,0.8335027147140791,-2.8192817631169373,2.486580303846317,-2.921841313157002,-2.3302840836398757,-3.215787996382892,1.7111958757000287,0.3124868843106871,0.3522352129247599,0.03974832861407279,0.1555942248777465,0.3968983163565609,0.24130409147881443,0.5835657680813574,0.5122882918066769,0.0712774762746805,0.7662232179011645,0.540036222877449,0.22618699502371553,0.8335027147140791,0.5716169741343134,0.26188574057976566,178.0,0.08134191176470588,439.0,0.20128676470588236,895.0,0.4108455882352941,2150.0,0.9875919117647058,1997.0,0.9172794117647058,0.08134191176470588,WACC_0p1_WRT_0p9,0.5196691176470589,454,False,,,False,False,False,False,False,74.0,0.31063829787234043
SPLL,RialtoBridgeTimelapse,1108,0.62,63,0.8250000000000001,0.8044286509226354,1,1,2057,91,3,0.454,0.0,0.09692449636039217,0.0865617256310268,0.0,0.06956165672066121,0.11023828620980967,-2.8192817631169373,2.486580303846317,-2.921841313157002,-2.3302840836398757,-3.215787996382892,1.7111958757000287,0.09692449636039217,0.41248265169193915,0.31555815533154696,0.0865617256310268,0.3695549682660882,0.28299324263506137,0.0,0.3707009241048423,0.3707009241048423,0.06956165672066121,0.2780069039535638,0.2084452472329026,0.11023828620980967,0.24767820996540393,0.13743992375559427,832.0,0.3818933823529412,243.0,0.11121323529411764,179.0,0.0818014705882353,390.0,0.17876838235294118,213.0,0.0974264705882353,0.0818014705882353,WACC_0p5_WRT_0p5,0.17022058823529412,455,False,,,False,False,False,False,False,1.0,0.0
SPLL,RialtoBridgeTimelapse,539,0.62,351,0.8250000000000001,0.4011281481022525,0,150,979,285,5,0.001,0.5328097072619757,0.5609344724948138,0.566457771866025,0.530419029405287,0.11444876772587653,0.1094083259480623,-2.8192817631169373,2.486580303846317,-2.921841313157002,-2.3302840836398757,-3.215787996382892,1.7111958757000287,0.5609344724948138,0.44532277650235697,0.1156116959924568,0.566457771866025,0.41808631605301255,0.14837145581301242,0.530419029405287,0.41002246687100863,0.12039656253427833,0.11444876772587653,0.2402860493257935,0.12583728159991697,0.1094083259480623,0.27252398165918296,0.16311565571112066,1490.0,0.6842830882352942,622.0,0.2853860294117647,356.0,0.16314338235294118,179.0,0.0818014705882353,308.0,0.1410845588235294,0.0818014705882353,WACC_0p7_WRT_0p3,0.2711397058823529,456,False,,,False,False,False,False,False,150.0,0.6340425531914894
SPLL,RialtoBridgeTimelapse,95,0.62,272,0.8250000000000001,0.4612558622107597,0,114,4627,429,1,0.658,0.45019870320793703,0.4885168721001007,0.4918633184121574,0.44859323081824004,0.08087134721577588,0.10811570694911805,-2.8192817631169373,2.486580303846317,-2.921841313157002,-2.3302840836398757,-3.215787996382892,1.7111958757000287,0.4885168721001007,0.41620793831304115,0.07230893378705955,0.4918633184121574,0.3892133019730548,0.1026500164391026,0.44859323081824004,0.3708930653369899,0.07770016548125014,0.08087134721577588,0.2574903898981804,0.17661904268240453,0.10811570694911805,0.2979364694988828,0.18982076254976477,894.0,0.4103860294117647,382.0,0.17509191176470587,180.0,0.0822610294117647,280.0,0.12821691176470587,379.0,0.17371323529411764,0.0822610294117647,WACC_0p5_WRT_0p5,0.19393382352941174,457,False,,,False,False,False,False,False,114.0,0.4808510638297872
SPLL,RialtoBridgeTimelapse,17,0.54,100,0.6250000000000002,0.6964943542565498,0,9,893,1416,1,0.82,0.14830697414960026,0.1870516220000941,0.13650733861057202,0.11269957762823735,0.25829362652739446,0.31350943926597186,-2.8192817631169373,2.486580303846317,-2.921841313157002,-2.3302840836398757,-3.215787996382892,1.7111958757000287,0.1870516220000941,0.3523357461252083,0.1652841241251142,0.13650733861057202,0.37114122540518846,0.23463388679461644,0.11269957762823735,0.43989194586438546,0.3271923682361481,0.25829362652739446,0.40296124587216087,0.1446676193447664,0.31350943926597186,0.4416256164328158,0.12811617716684393,180.0,0.0822610294117647,256.0,0.1171875,494.0,0.2265625,1128.0,0.5179227941176471,984.0,0.45174632352941174,0.0822610294117647,WACC_0p1_WRT_0p9,0.27913602941176474,458,False,,,False,False,False,False,False,9.0,0.03404255319148936
SPLL,RialtoBridgeTimelapse,919,0.62,213,0.8250000000000001,0.518860836823448,0,77,1926,563,1,0.575,0.37165349870216247,0.41971599032528356,0.42096094490464275,0.37074857118742294,0.04884400320517049,0.10704447810945243,-2.8192817631169373,2.486580303846317,-2.921841313157002,-2.3302840836398757,-3.215787996382892,1.7111958757000287,0.41971599032528356,0.3959708925108432,0.02374509781444034,0.42096094490464275,0.360815488582659,0.06014545632198376,0.37074857118742294,0.3803710191851452,0.009622447997722272,0.04884400320517049,0.3387594612192296,0.28991545801405916,0.10704447810945243,0.3789922755675121,0.27194779745805964,581.0,0.2665441176470588,181.0,0.08272058823529412,212.0,0.09696691176470588,641.0,0.29411764705882354,629.0,0.28860294117647056,0.08272058823529412,WACC_0p3_WRT_0p7,0.20579044117647055,459,False,,,False,False,False,False,False,77.0,0.32340425531914896
SPLL,RialtoBridgeTimelapse,2167,0.53,177,0.6000000000000002,0.5624361392270425,0,62,4072,3383,1,0.621,0.17165325354985098,0.3179959390717044,0.26950821568933747,0.10825996399520739,0.23855106053962527,0.324684139330751,-2.8192817631169373,2.486580303846317,-2.921841313157002,-2.3302840836398757,-3.215787996382892,1.7111958757000287,0.3179959390717044,0.3523737029922,0.034377763920495574,0.26950821568933747,0.39558642956919293,0.12607821387985546,0.10825996399520739,0.5314373813261772,0.42317741733096986,0.23855106053962527,0.4302727059117323,0.191721645372107,0.324684139330751,0.48707698665392296,0.16239284732317194,181.0,0.08272058823529412,430.0,0.19715073529411764,991.0,0.45496323529411764,1432.0,0.6576286764705882,1341.0,0.6158088235294118,0.08272058823529412,WACC_0p1_WRT_0p9,0.4016544117647059,460,False,,,False,False,False,False,False,62.0,0.25957446808510637
SPLL,RialtoBridgeTimelapse,1797,0.38,820,0.2250000000000001,0.2007748265100269,0,219,2354,4949,8,0.998,0.4076821224136619,0.644097673855057,0.5298235948003452,0.23776865214583315,0.534268322482523,0.6859067565073153,-2.8192817631169373,2.486580303846317,-2.921841313157002,-2.3302840836398757,-3.215787996382892,1.7111958757000287,0.644097673855057,0.3524001089185236,0.2916975649365334,0.5298235948003452,0.4562935156948867,0.07353007910545856,0.23776865214583315,0.5836650840257908,0.3458964318799576,0.534268322482523,0.5096666618787048,0.024601660603818187,0.6859067565073153,0.5936085657509923,0.09229819075632295,182.0,0.08318014705882353,1089.0,0.5,1574.0,0.7228860294117647,2081.0,0.9558823529411765,2101.0,0.9650735294117647,0.08318014705882353,WACC_0p1_WRT_0p9,0.645404411764706,461,False,,,False,False,False,False,False,219.0,0.9276595744680851
SPLL,RialtoBridgeTimelapse,374,0.61,123,0.8,0.6479584124934801,0,13,410,252,5,0.137,0.1818655751584997,0.2616851218344526,0.2528914766601023,0.17546930047360199,0.04967458082390446,0.129087792879294,-2.8192817631169373,2.486580303846317,-2.921841313157002,-2.3302840836398757,-3.215787996382892,1.7111958757000287,0.2616851218344526,0.38119708327536406,0.11951196144091147,0.2528914766601023,0.3610533492642585,0.10816187260415622,0.17546930047360199,0.4116312562480778,0.2361619557744758,0.04967458082390446,0.256211680581468,0.2065370997575635,0.129087792879294,0.300444364512229,0.171356571632935,429.0,0.19669117647058823,183.0,0.08363970588235294,362.0,0.16590073529411764,271.0,0.12408088235294118,388.0,0.17784926470588236,0.08363970588235294,WACC_0p3_WRT_0p7,0.14963235294117647,462,False,,,False,False,False,False,False,13.0,0.05106382978723404
SPLL,RialtoBridgeTimelapse,267,0.61,231,0.8,0.4997547320027651,0,101,2897,261,5,0.572,0.37798716844409286,0.43275008919909497,0.42964214677287454,0.37047660985742514,0.03684175102605192,0.1295856308129711,-2.8192817631169373,2.486580303846317,-2.921841313157002,-2.3302840836398757,-3.215787996382892,1.7111958757000287,0.43275008919909497,0.42347792265435935,0.009272166544735616,0.42964214677287454,0.39778802722686973,0.03185411954600481,0.37047660985742514,0.4026625944654963,0.03218598460807115,0.03684175102605192,0.24070990935956835,0.20386815833351643,0.1295856308129711,0.2660883515352653,0.1365027207222942,1007.0,0.46231617647058826,445.0,0.20404411764705882,316.0,0.14476102941176472,183.0,0.08363970588235294,284.0,0.13005514705882354,0.08363970588235294,WACC_0p7_WRT_0p3,0.20496323529411767,463,False,,,False,False,False,False,False,101.0,0.425531914893617
SPLL,RialtoBridgeTimelapse,291,0.58,149,0.725,0.6029255101170121,0,35,1682,1714,4,0.999,0.19233641559513548,0.29456371105961116,0.2717291141522924,0.1651073579892397,0.11552172444462402,0.20033890722268727,-2.8192817631169373,2.486580303846317,-2.921841313157002,-2.3302840836398757,-3.215787996382892,1.7111958757000287,0.29456371105961116,0.35241704917298233,0.05785333811337118,0.2717291141522924,0.401135786880272,0.12940667272797962,0.1651073579892397,0.48624858938522236,0.32114123139598266,0.11552172444462402,0.39457867733333907,0.279056952888715,0.20033890722268727,0.4541409243406495,0.25380201711796224,183.0,0.08363970588235294,474.0,0.21737132352941177,749.0,0.34375,1041.0,0.47794117647058826,1083.0,0.49724264705882354,0.08363970588235294,WACC_0p1_WRT_0p9,0.32398897058823534,464,False,,,False,False,False,False,False,35.0,0.14468085106382977
SPLL,RialtoBridgeTimelapse,449,0.62,474,0.8250000000000001,0.3302305424174171,0,171,1715,219,1,0.16,0.6308471032001046,0.646923175671799,0.6550007186153369,0.627482445536432,0.1542024137420195,0.11108683625533831,-2.8192817631169373,2.486580303846317,-2.921841313157002,-2.3302840836398757,-3.215787996382892,1.7111958757000287,0.646923175671799,0.4338129888787891,0.21311018679300991,0.6550007186153369,0.40592680558195676,0.24907391303338017,0.627482445536432,0.41611819815457846,0.2113642473818535,0.1542024137420195,0.25207258523646203,0.09787017149444252,0.11108683625533831,0.2407332962816683,0.12964646002633,1238.0,0.5684742647058824,508.0,0.23299632352941177,379.0,0.17371323529411764,245.0,0.11213235294117647,184.0,0.08409926470588236,0.08409926470588236,WACC_0p9_WRT_0p1,0.23428308823529412,465,False,,,False,False,False,False,False,171.0,0.723404255319149
SPLL,RialtoBridgeTimelapse,1647,0.58,129,0.725,0.6367795689407558,0,21,1395,1203,1,0.634,0.14998560717018508,0.2581195637437632,0.23375762110421222,0.12256334714112213,0.12566123027080778,0.20171883329675952,-2.8192817631169373,2.486580303846317,-2.921841313157002,-2.3302840836398757,-3.215787996382892,1.7111958757000287,0.2581195637437632,0.38218250961613487,0.12406294587237165,0.23375762110421222,0.36114845788826644,0.12739083678405422,0.12256334714112213,0.41667981395964254,0.29411646681852044,0.12566123027080778,0.36640122538820513,0.24073999511739735,0.20171883329675952,0.4168624338985435,0.21514360060178397,438.0,0.20082720588235295,184.0,0.08409926470588236,382.0,0.17509191176470587,805.0,0.3694852941176471,837.0,0.38419117647058826,0.08409926470588236,WACC_0p3_WRT_0p7,0.2427389705882353,466,False,,,False,False,False,False,False,21.0,0.0851063829787234
SPLL,RialtoBridgeTimelapse,908,0.62,535,0.8250000000000001,0.3016477226653572,0,180,4768,289,10,0.276,0.6705268982616529,0.6817369869363712,0.6908419218296827,0.6667587388371292,0.17027166828029122,0.11179805727939512,-2.8192817631169373,2.486580303846317,-2.921841313157002,-2.3302840836398757,-3.215787996382892,1.7111958757000287,0.6817369869363712,0.5126362294183674,0.1691007575180038,0.6908419218296827,0.4874207970281853,0.20342112480149743,0.6667587388371292,0.47193755655472086,0.19482118228240836,0.17027166828029122,0.24079874296058146,0.07052707468029024,0.11179805727939512,0.2522690283613494,0.14047097108195428,2134.0,0.9802389705882353,1746.0,0.8019301470588235,676.0,0.3102022058823529,184.0,0.08409926470588236,232.0,0.10615808823529412,0.08409926470588236,WACC_0p7_WRT_0p3,0.45652573529411755,467,False,,,False,False,False,False,False,180.0,0.7617021276595745
SPLL,RialtoBridgeTimelapse,1960,0.4,215,0.2750000000000001,0.5166601247914328,0,95,302,3012,8,0.986,0.48015818762728696,0.3416378941780995,0.21882997896992262,0.395125647100646,0.598272772828716,0.6778843064374177,-2.8192817631169373,2.486580303846317,-2.921841313157002,-2.3302840836398757,-3.215787996382892,1.7111958757000287,0.3416378941780995,0.3525553401960841,0.010917446017984611,0.21882997896992262,0.43011974362925703,0.2112897646593344,0.395125647100646,0.5370163954985977,0.14189074839795168,0.598272772828716,0.4962828505862658,0.10198992224245024,0.6778843064374177,0.5635367971610437,0.11434750927637405,184.0,0.08409926470588236,746.0,0.34237132352941174,1024.0,0.47012867647058826,2020.0,0.9278492647058824,1949.0,0.8952205882352942,0.08409926470588236,WACC_0p1_WRT_0p9,0.5439338235294118,468,False,,,False,False,False,False,False,95.0,0.4
SPLL,RialtoBridgeTimelapse,624,0.61,241,0.8,0.4897711899987262,0,107,1708,512,3,0.999,0.3914412171220554,0.44451868092311286,0.4417805791441912,0.383824962584668,0.042359578885495866,0.12972008978262173,-2.8192817631169373,2.486580303846317,-2.921841313157002,-2.3302840836398757,-3.215787996382892,1.7111958757000287,0.44451868092311286,0.39034966791467446,0.054169013008438405,0.4417805791441912,0.3612566320335177,0.08052394711067351,0.383824962584668,0.3904351762213621,0.006610213636694118,0.042359578885495866,0.30803319384884237,0.2656736149633465,0.12972008978262173,0.3303206949243857,0.20060060514176398,512.0,0.2348345588235294,185.0,0.08455882352941177,266.0,0.12178308823529412,500.0,0.22931985294117646,475.0,0.21783088235294118,0.08455882352941177,WACC_0p3_WRT_0p7,0.17766544117647057,469,False,,,False,False,False,False,False,107.0,0.451063829787234
SPLL,RialtoBridgeTimelapse,651,0.61,200,0.8,0.5336872437661941,0,76,4774,899,1,0.999,0.3324497032329354,0.3929398753624026,0.388566528273955,0.32527716973079257,0.018412127574144888,0.1291981467285533,-2.8192817631169373,2.486580303846317,-2.921841313157002,-2.3302840836398757,-3.215787996382892,1.7111958757000287,0.3929398753624026,0.3793545675399287,0.013585307822473913,0.388566528273955,0.37648125562193596,0.01208527265201903,0.32527716973079257,0.37292348804815406,0.04764631831736149,0.018412127574144888,0.315532254472646,0.2971201268985011,0.1291981467285533,0.35079456817780164,0.22159642144924835,406.0,0.18612132352941177,302.0,0.13832720588235295,185.0,0.08455882352941177,537.0,0.24632352941176472,534.0,0.24494485294117646,0.08455882352941177,WACC_0p5_WRT_0p5,0.18005514705882356,470,False,,,False,False,False,False,False,76.0,0.3191489361702128
SPLL,RialtoBridgeTimelapse,168,0.62,357,0.8250000000000001,0.3971296049589576,0,151,3823,410,10,0.001,0.5383223646174625,0.5657684316520788,0.5714360804722889,0.5358779681386265,0.11668645594312442,0.10949911420122269,-2.8192817631169373,2.486580303846317,-2.921841313157002,-2.3302840836398757,-3.215787996382892,1.7111958757000287,0.5657684316520788,0.5525060194099736,0.013262412242105226,0.5714360804722889,0.5023684674267841,0.0690676130455048,0.5358779681386265,0.48823027195447943,0.047647696184147104,0.11668645594312442,0.24211405480284223,0.12542759885971783,0.10949911420122269,0.27810867599791306,0.16860956179669037,2165.0,0.9944852941176471,2035.0,0.9347426470588235,760.0,0.34880514705882354,185.0,0.08455882352941177,325.0,0.1488970588235294,0.08455882352941177,WACC_0p7_WRT_0p3,0.502297794117647,471,False,,,False,False,False,False,False,151.0,0.6382978723404256
SPLL,RialtoBridgeTimelapse,1519,0.62,169,0.8250000000000001,0.5733150599175052,0,48,871,286,5,0.407,0.29810501607385836,0.35536334291093047,0.3545973580329634,0.29779359944352973,0.018714990879895733,0.10625557864244585,-2.8192817631169373,2.486580303846317,-2.921841313157002,-2.3302840836398757,-3.215787996382892,1.7111958757000287,0.35536334291093047,0.42045420419810836,0.06509086128717789,0.3545973580329634,0.37763170685363456,0.02303434882067118,0.29779359944352973,0.3875381188889567,0.08974451944542694,0.018714990879895733,0.24228800617521595,0.22357301529532023,0.10625557864244585,0.27517925661597076,0.16892367797352492,953.0,0.4375,311.0,0.14246323529411764,253.0,0.11580882352941177,186.0,0.08501838235294118,318.0,0.14568014705882354,0.08501838235294118,WACC_0p7_WRT_0p3,0.18529411764705883,472,False,,,False,False,False,False,False,48.0,0.2
SPLL,RialtoBridgeTimelapse,1946,0.57,169,0.7,0.5733150599175052,0,55,1641,2005,4,0.995,0.21460838057614504,0.3218154766592628,0.2948993577200638,0.18040698909045264,0.13334649913125396,0.22386733469902673,-2.8192817631169373,2.486580303846317,-2.921841313157002,-2.3302840836398757,-3.215787996382892,1.7111958757000287,0.3218154766592628,0.35261669453524425,0.030801217875981446,0.2948993577200638,0.4138796637972921,0.11898030607722826,0.18040698909045264,0.5032829551243211,0.3228759660338685,0.13334649913125396,0.4024585207449304,0.2691120216136764,0.22386733469902673,0.47338366959868666,0.24951633489965994,186.0,0.08501838235294118,574.0,0.2633272058823529,836.0,0.3837316176470588,1118.0,0.5133272058823529,1222.0,0.5611213235294118,0.08501838235294118,WACC_0p1_WRT_0p9,0.36130514705882355,473,False,,,False,False,False,False,False,55.0,0.2297872340425532
SPLL,RialtoBridgeTimelapse,389,0.62,139,0.8250000000000001,0.6192474874744844,0,24,415,205,10,0.61,0.2367486186416751,0.3017598209835744,0.29926705864859904,0.23686109125171753,0.016047391463258155,0.10584169754203408,-2.8192817631169373,2.486580303846317,-2.921841313157002,-2.3302840836398757,-3.215787996382892,1.7111958757000287,0.3017598209835744,0.3768439088817417,0.07508408789816728,0.29926705864859904,0.3678581321231923,0.06859107347459326,0.23686109125171753,0.41606262751007694,0.1792015362583594,0.016047391463258155,0.2598007449437436,0.24375335348048546,0.10584169754203408,0.24134435085669062,0.13550265331465655,383.0,0.17555147058823528,229.0,0.10477941176470588,378.0,0.17325367647058823,294.0,0.13465073529411764,187.0,0.08547794117647059,0.08547794117647059,WACC_0p9_WRT_0p1,0.13474264705882352,474,False,,,False,False,False,False,False,24.0,0.09787234042553192
SPLL,RialtoBridgeTimelapse,187,0.61,156,0.8,0.5921352108313891,0,38,1266,552,1,0.603,0.2548181597038548,0.3251777621606633,0.31858331852769517,0.24812941322190687,0.03425538247783451,0.12885462756720636,-2.8192817631169373,2.486580303846317,-2.921841313157002,-2.3302840836398757,-3.215787996382892,1.7111958757000287,0.3251777621606633,0.39788928754768654,0.07271152538702325,0.31858331852769517,0.36281616612025375,0.04423284759255858,0.24812941322190687,0.37437653607931115,0.12624712285740428,0.03425538247783451,0.31649067314931956,0.28223529067148506,0.12885462756720636,0.3508983424887204,0.22204371492151406,606.0,0.2780330882352941,187.0,0.08547794117647059,193.0,0.08823529411764706,541.0,0.24816176470588236,535.0,0.24540441176470587,0.08547794117647059,WACC_0p3_WRT_0p7,0.1890625,475,False,,,False,False,False,False,False,38.0,0.1574468085106383
SPLL,RialtoBridgeTimelapse,361,0.62,227,0.8250000000000001,0.5038691807078577,0,86,3722,582,1,0.557,0.39202929114869817,0.43755771383760766,0.4393516003000999,0.39094809688028337,0.05716454230621126,0.10730363319080916,-2.8192817631169373,2.486580303846317,-2.921841313157002,-2.3302840836398757,-3.215787996382892,1.7111958757000287,0.43755771383760766,0.4085152151412953,0.02904249869631237,0.4393516003000999,0.36946296418581553,0.06988863611428436,0.39094809688028337,0.37349768008881173,0.017450416791471635,0.05716454230621126,0.30705547182205806,0.2498909295158468,0.10730363319080916,0.3332910855935345,0.22598745240272533,758.0,0.3478860294117647,242.0,0.11075367647058823,188.0,0.0859375,495.0,0.2270220588235294,481.0,0.22058823529411764,0.0859375,WACC_0p5_WRT_0p5,0.1984375,476,False,,,False,False,False,False,False,86.0,0.3617021276595745
SPLL,RialtoBridgeTimelapse,91,0.55,201,0.6500000000000002,0.5325131726842642,0,81,4077,2509,1,0.68,0.23620352428664781,0.35659663448091816,0.3206742883094856,0.18793024775241868,0.17456411983612208,0.2717491691432697,-2.8192817631169373,2.486580303846317,-2.921841313157002,-2.3302840836398757,-3.215787996382892,1.7111958757000287,0.35659663448091816,0.35264061141896447,0.003956023061953695,0.3206742883094856,0.38829635292974574,0.06762206462026016,0.18793024775241868,0.49168821523700995,0.3037579674845913,0.17456411983612208,0.4095682710547866,0.23500415121866453,0.2717491691432697,0.45911272443865886,0.18736355529538917,188.0,0.0859375,371.0,0.17003676470588236,781.0,0.3584558823529412,1189.0,0.5459558823529411,1125.0,0.5165441176470589,0.0859375,WACC_0p1_WRT_0p9,0.3353860294117647,477,False,,,False,False,False,False,False,81.0,0.3404255319148936
SPLL,RialtoBridgeTimelapse,497,0.61,226,0.8,0.5049090717776001,0,97,1664,585,3,0.999,0.37105063705888586,0.42668363406616366,0.42338434657249296,0.36359360849274097,0.03399476674255448,0.1295196122637472,-2.8192817631169373,2.486580303846317,-2.921841313157002,-2.3302840836398757,-3.215787996382892,1.7111958757000287,0.42668363406616366,0.3962872973201909,0.030396336745972752,0.42338434657249296,0.3630124722615486,0.06037187431094437,0.36359360849274097,0.38981230403653894,0.026218695543797965,0.03399476674255448,0.31971373232737915,0.2857189655848247,0.1295196122637472,0.34825568541281343,0.21873607314906623,585.0,0.26838235294117646,189.0,0.08639705882352941,262.0,0.11994485294117647,557.0,0.2555147058823529,525.0,0.24080882352941177,0.08639705882352941,WACC_0p3_WRT_0p7,0.19420955882352942,478,False,,,False,False,False,False,False,97.0,0.4085106382978723
SPLL,RialtoBridgeTimelapse,117,0.62,314,0.8250000000000001,0.427401803387016,0,135,4707,370,6,0.812,0.4966430857453262,0.5292248850149627,0.5337985411069807,0.49460104729659793,0.09975963639668299,0.1088256895850945,-2.8192817631169373,2.486580303846317,-2.921841313157002,-2.3302840836398757,-3.215787996382892,1.7111958757000287,0.5292248850149627,0.448314117163342,0.08091076785162066,0.5337985411069807,0.43122296056263937,0.1025755805443413,0.49460104729659793,0.4313164634409943,0.06328458385560365,0.09975963639668299,0.24297757408153942,0.1432179376848564,0.1088256895850945,0.2597939433394197,0.15096825375432518,1550.0,0.7118566176470589,769.0,0.35294117647058826,452.0,0.20726102941176472,190.0,0.08685661764705882,265.0,0.1213235294117647,0.08685661764705882,WACC_0p7_WRT_0p3,0.2960477941176471,479,False,,,False,False,False,False,False,135.0,0.5702127659574469
SPLL,RialtoBridgeTimelapse,1936,0.45,170,0.4000000000000001,0.571927520236409,0,59,2694,2937,5,0.939,0.3559266460733748,0.29446725247318506,0.19822188543605013,0.28608925436016946,0.4725858675137919,0.5454844140265942,-2.8192817631169373,2.486580303846317,-2.921841313157002,-2.3302840836398757,-3.215787996382892,1.7111958757000287,0.29446725247318506,0.3528072114973101,0.05833995902412503,0.19822188543605013,0.43415811493625056,0.23593622950020043,0.28608925436016946,0.536025829367526,0.2499365750073565,0.4725858675137919,0.45611947552420856,0.01646639198958333,0.5454844140265942,0.5095615358293465,0.03592287819724771,190.0,0.08685661764705882,798.0,0.3662683823529412,1019.0,0.4678308823529412,1683.0,0.7729779411764706,1514.0,0.6953125,0.08685661764705882,WACC_0p1_WRT_0p9,0.47784926470588235,480,False,,,False,False,False,False,False,59.0,0.24680851063829787
SPLL,RialtoBridgeTimelapse,1327,0.6,127,0.775,0.6404474693503497,0,17,811,539,2,0.912,0.17545946277812458,0.26400538392564593,0.2502488947045416,0.1621814924522089,0.07364038986310123,0.15279131228208642,-2.8192817631169373,2.486580303846317,-2.921841313157002,-2.3302840836398757,-3.215787996382892,1.7111958757000287,0.26400538392564593,0.37522902099015504,0.1112236370645091,0.2502488947045416,0.3741143199559654,0.1238654252514238,0.1621814924522089,0.3740572417989488,0.2118757493467399,0.07364038986310123,0.2952876236085864,0.22164723374548517,0.15279131228208642,0.32754358349383483,0.1747522712117484,364.0,0.16681985294117646,287.0,0.13143382352941177,191.0,0.08731617647058823,454.0,0.20818014705882354,469.0,0.21507352941176472,0.08731617647058823,WACC_0p5_WRT_0p5,0.16176470588235295,481,False,,,False,False,False,False,False,17.0,0.06808510638297872
SPLL,RialtoBridgeTimelapse,150,0.61,185,0.8,0.5520355704497459,0,62,1566,838,1,0.65,0.30796074259487916,0.37154778946049966,0.3664837313369203,0.30095520994461455,0.023362790857242653,0.12904044592364478,-2.8192817631169373,2.486580303846317,-2.921841313157002,-2.3302840836398757,-3.215787996382892,1.7111958757000287,0.37154778946049966,0.3951088626044454,0.023561073143945732,0.3664837313369203,0.36326442031426437,0.003219311022655935,0.30095520994461455,0.38765867500645723,0.08670346506184268,0.023362790857242653,0.35515404323542693,0.3317912523781843,0.12904044592364478,0.3863828609577434,0.2573424150340986,569.0,0.2610294117647059,191.0,0.08731617647058823,255.0,0.11672794117647059,724.0,0.3322610294117647,660.0,0.30284926470588236,0.08731617647058823,WACC_0p3_WRT_0p7,0.22003676470588235,482,False,,,False,False,False,False,False,62.0,0.25957446808510637
SPLL,RialtoBridgeTimelapse,2022,0.44,371,0.3750000000000001,0.3880543888774604,0,165,3096,4211,3,0.906,0.28467809606834704,0.4706816056450487,0.38036177407228255,0.16072174791880248,0.43065804189737844,0.5456743101743764,-2.8192817631169373,2.486580303846317,-2.921841313157002,-2.3302840836398757,-3.215787996382892,1.7111958757000287,0.4706816056450487,0.35287412915677646,0.11780747648827222,0.38036177407228255,0.42823625028736584,0.047874476215083284,0.16072174791880248,0.5769753373089356,0.4162535893901331,0.43065804189737844,0.4926903401464896,0.06203229824911116,0.5456743101743764,0.5555254333002957,0.009851123125919292,191.0,0.08731617647058823,722.0,0.3313419117647059,1479.0,0.6792279411764706,1991.0,0.9145220588235294,1878.0,0.8625919117647058,0.08731617647058823,WACC_0p1_WRT_0p9,0.575,483,False,,,False,False,False,False,False,165.0,0.6978723404255319
SPLL,RialtoBridgeTimelapse,1559,0.39,99,0.2500000000000001,0.698848352160746,0,15,2044,822,1,0.583,0.6368077692798028,0.18098559720316615,0.07136241010707299,0.6006616874698284,0.7241001675992705,0.7623948735982803,-2.8192817631169373,2.486580303846317,-2.921841313157002,-2.3302840836398757,-3.215787996382892,1.7111958757000287,0.18098559720316615,0.39153552625647103,0.21054992905330489,0.07136241010707299,0.36330945527233105,0.29194704516525805,0.6006616874698284,0.3984302214363714,0.20223146603345699,0.7241001675992705,0.3924461992769913,0.3316539683222792,0.7623948735982803,0.44371049877856555,0.31868437481971473,523.0,0.23988970588235295,192.0,0.08777573529411764,293.0,0.13419117647058823,1017.0,0.46691176470588236,1001.0,0.45955882352941174,0.08777573529411764,WACC_0p3_WRT_0p7,0.2776654411764706,484,False,,,False,False,False,False,False,15.0,0.059574468085106386
SPLL,RialtoBridgeTimelapse,1450,0.48,265,0.475,0.4674010086843854,0,127,4407,3867,3,0.931,0.21969346488362704,0.40079220757136563,0.32899358060072037,0.12025217656846843,0.34577265888250525,0.4474665468977275,-2.8192817631169373,2.486580303846317,-2.921841313157002,-2.3302840836398757,-3.215787996382892,1.7111958757000287,0.40079220757136563,0.35313038473426395,0.047661822837101686,0.32899358060072037,0.4230749505069745,0.09408136990625415,0.12025217656846843,0.5504761080548568,0.4302239314863884,0.34577265888250525,0.45279309905296694,0.1070204401704617,0.4474665468977275,0.5016494245176387,0.054182877619911196,192.0,0.08777573529411764,666.0,0.3056066176470588,1128.0,0.5179227941176471,1649.0,0.7573529411764706,1447.0,0.6645220588235294,0.08777573529411764,WACC_0p1_WRT_0p9,0.4666360294117647,485,False,,,False,False,False,False,False,127.0,0.5361702127659574
SPLL,RialtoBridgeTimelapse,341,0.62,188,0.8250000000000001,0.548250292296512,0,58,2606,233,7,0.835,0.3318620826843767,0.3848890541170285,0.385052494811935,0.33128759957197546,0.03256431964616814,0.10658563692426515,-2.8192817631169373,2.486580303846317,-2.921841313157002,-2.3302840836398757,-3.215787996382892,1.7111958757000287,0.3848890541170285,0.40353918639799286,0.01865013228096435,0.385052494811935,0.37467743888345806,0.010375055928476928,0.33128759957197546,0.39039848649589864,0.05911088692392319,0.03256431964616814,0.24319244909527746,0.2106281294491093,0.10658563692426515,0.2533527216214518,0.14676708469718663,678.0,0.31112132352941174,292.0,0.13373161764705882,264.0,0.1208639705882353,193.0,0.08823529411764706,236.0,0.10799632352941177,0.08823529411764706,WACC_0p7_WRT_0p3,0.15238970588235295,486,False,,,False,False,False,False,False,58.0,0.2425531914893617
SPLL,RialtoBridgeTimelapse,898,0.58,166,0.725,0.5775271860960967,0,51,1487,1541,4,0.999,0.2244623031800877,0.3223043232305712,0.30057073835414544,0.1972964157733635,0.1081032113485031,0.19957804633621995,-2.8192817631169373,2.486580303846317,-2.921841313157002,-2.3302840836398757,-3.215787996382892,1.7111958757000287,0.3223043232305712,0.3531426726738095,0.030838349443238322,0.30057073835414544,0.3966702276622299,0.09609948930808448,0.1972964157733635,0.4754215518067399,0.2781251360333764,0.1081032113485031,0.37974556769428425,0.27164235634578116,0.19957804633621995,0.43435570973706583,0.23477766340084588,193.0,0.08823529411764706,438.0,0.20082720588235295,697.0,0.31985294117647056,916.0,0.42049632352941174,942.0,0.43244485294117646,0.08823529411764706,WACC_0p1_WRT_0p9,0.29237132352941175,487,False,,,False,False,False,False,False,51.0,0.2127659574468085
SPLL,RialtoBridgeTimelapse,1553,0.62,191,0.8250000000000001,0.5445246273066155,0,60,2553,165,5,0.51,0.336894432482166,0.38929227374046654,0.3895932655541275,0.33627927950186,0.034625678462930354,0.10663982274428796,-2.8192817631169373,2.486580303846317,-2.921841313157002,-2.3302840836398757,-3.215787996382892,1.7111958757000287,0.38929227374046654,0.3970236080519664,0.00773133431149986,0.3895932655541275,0.363544193698603,0.026049071855524464,0.33627927950186,0.3834300527061833,0.047150773204323315,0.034625678462930354,0.24468732915926197,0.21006165069633162,0.10663982274428796,0.24644891365940386,0.1398090909151159,595.0,0.27297794117647056,194.0,0.08869485294117647,229.0,0.10477941176470588,199.0,0.09099264705882353,207.0,0.09466911764705882,0.08869485294117647,WACC_0p3_WRT_0p7,0.13042279411764707,488,False,,,False,False,False,False,False,60.0,0.251063829787234
SPLL,RialtoBridgeTimelapse,486,0.61,353,0.8,0.3997877771656957,0,153,5000,388,1,0.001,0.513661449699623,0.5515294562395437,0.5520896561740062,0.5049960616212414,0.0922869070184837,0.13124657474753387,-2.8192817631169373,2.486580303846317,-2.921841313157002,-2.3302840836398757,-3.215787996382892,1.7111958757000287,0.5515294562395437,0.5313276580970854,0.02020179814245837,0.5520896561740062,0.47648983395286326,0.07559982222114292,0.5049960616212414,0.4509423034869592,0.05405375813428226,0.0922869070184837,0.24361974634881253,0.15133283933032882,0.13124657474753387,0.26324677439714456,0.13200019964961068,2159.0,0.9917279411764706,1494.0,0.6861213235294118,561.0,0.25735294117647056,194.0,0.08869485294117647,275.0,0.12591911764705882,0.08869485294117647,WACC_0p7_WRT_0p3,0.4299632352941177,489,False,,,False,False,False,False,False,153.0,0.6468085106382979
SPLL,RialtoBridgeTimelapse,274,0.62,156,0.8250000000000001,0.5921352108313891,0,37,570,223,8,0.715,0.2728801953486683,0.33331490412997533,0.33184563856097804,0.272752651391662,0.008722177043923189,0.1060524969418093,-2.8192817631169373,2.486580303846317,-2.921841313157002,-2.3302840836398757,-3.215787996382892,1.7111958757000287,0.33331490412997533,0.4111425263964167,0.07782762226644135,0.33184563856097804,0.37673365086868116,0.04488801230770312,0.272752651391662,0.4069025264480428,0.13414987505638082,0.008722177043923189,0.24396092845213152,0.23523875140820832,0.1060524969418093,0.24681146299186518,0.1407589660500559,808.0,0.3708639705882353,304.0,0.13924632352941177,334.0,0.15303308823529413,195.0,0.08915441176470588,208.0,0.09512867647058823,0.08915441176470588,WACC_0p7_WRT_0p3,0.16948529411764707,490,False,,,False,False,False,False,False,37.0,0.15319148936170213
SPLL,RialtoBridgeTimelapse,231,0.61,153,0.8,0.5966994971796171,0,36,1120,559,3,0.999,0.24880534720106598,0.31993658442443484,0.31316575078517245,0.2421477590882881,0.03550315837153651,0.12884966428069555,-2.8192817631169373,2.486580303846317,-2.921841313157002,-2.3302840836398757,-3.215787996382892,1.7111958757000287,0.31993658442443484,0.3943147636008683,0.07437817917643347,0.31316575078517245,0.3635473725951237,0.05038162180995126,0.2421477590882881,0.3856080063845158,0.14346024729622772,0.03550315837153651,0.2982365141607005,0.262733355789164,0.12884966428069555,0.3331061008708577,0.20425643659016213,561.0,0.25735294117647056,195.0,0.08915441176470588,242.0,0.11075367647058823,460.0,0.2109375,480.0,0.22012867647058823,0.08915441176470588,WACC_0p3_WRT_0p7,0.1776654411764706,491,False,,,False,False,False,False,False,36.0,0.14893617021276595
SPLL,RialtoBridgeTimelapse,140,0.61,227,0.8,0.5038691807078577,0,98,4900,696,1,0.804,0.3724495506276488,0.42790701395879926,0.4246463534095485,0.3649817811399524,0.03456904934057471,0.12953273904467488,-2.8192817631169373,2.486580303846317,-2.921841313157002,-2.3302840836398757,-3.215787996382892,1.7111958757000287,0.42790701395879926,0.4028024765204397,0.025104537438359553,0.4246463534095485,0.3707063375491297,0.0539400158604188,0.3649817811399524,0.3750187958713132,0.010037014731360816,0.03456904934057471,0.29604818077268596,0.26147913143211127,0.12953273904467488,0.333015566396024,0.2034828273513491,666.0,0.3056066176470588,252.0,0.11534926470588236,195.0,0.08915441176470588,456.0,0.20909926470588236,479.0,0.21966911764705882,0.08915441176470588,WACC_0p5_WRT_0p5,0.18777573529411767,492,False,,,False,False,False,False,False,98.0,0.4127659574468085
SPLL,RialtoBridgeTimelapse,856,0.48,346,0.475,0.4045126813279888,0,157,1959,4418,4,0.95,0.2954562662101264,0.4649703320639418,0.3965190233294142,0.19725122536014902,0.32471823722663146,0.44194431398664125,-2.8192817631169373,2.486580303846317,-2.921841313157002,-2.3302840836398757,-3.215787996382892,1.7111958757000287,0.4649703320639418,0.35328937207124866,0.11168095999269312,0.3965190233294142,0.44555169908564307,0.04903267575622888,0.19725122536014902,0.5611583671607904,0.3639071418006413,0.32471823722663146,0.5093986362506119,0.18468039902398042,0.44194431398664125,0.5747316294795165,0.13278731549287526,195.0,0.08915441176470588,948.0,0.4352022058823529,1245.0,0.5716911764705882,2080.0,0.9554227941176471,2014.0,0.9250919117647058,0.08915441176470588,WACC_0p1_WRT_0p9,0.5953125,493,False,,,False,False,False,False,False,157.0,0.6638297872340425
SPLL,RialtoBridgeTimelapse,270,0.62,202,0.8250000000000001,0.5313448995078442,0,68,1015,277,3,0.387,0.35472504255106174,0.40489683676453675,0.40568333543765583,0.35396308888159217,0.0419234688962723,0.1068410688223851,-2.8192817631169373,2.486580303846317,-2.921841313157002,-2.3302840836398757,-3.215787996382892,1.7111958757000287,0.40489683676453675,0.40460514227461364,0.0002916944899231111,0.40568333543765583,0.36961740173773533,0.036065933699920505,0.35396308888159217,0.388893322141487,0.034930233259894805,0.0419234688962723,0.24401431943864765,0.20209085054237536,0.1068410688223851,0.2889153692415597,0.1820743004191746,695.0,0.31893382352941174,245.0,0.11213235294117647,261.0,0.11948529411764706,196.0,0.0896139705882353,351.0,0.16084558823529413,0.0896139705882353,WACC_0p7_WRT_0p3,0.16020220588235295,494,False,,,False,False,False,False,False,68.0,0.2851063829787234
SPLL,RialtoBridgeTimelapse,978,0.59,138,0.75,0.6209433717076739,0,25,2983,809,1,0.531,0.18475195746672837,0.28000097851031386,0.2617473969976914,0.16451850413154878,0.094323674459145,0.17648186004380756,-2.8192817631169373,2.486580303846317,-2.921841313157002,-2.3302840836398757,-3.215787996382892,1.7111958757000287,0.28000097851031386,0.3997256292986201,0.11972465078830624,0.2617473969976914,0.3637065104735127,0.10195911347582132,0.16451850413154878,0.39881318623801076,0.23429468210646198,0.094323674459145,0.36242654582295386,0.26810287136380884,0.17648186004380756,0.4126490763615582,0.23616721631775062,633.0,0.29044117647058826,197.0,0.0900735294117647,299.0,0.13694852941176472,778.0,0.3570772058823529,810.0,0.3717830882352941,0.0900735294117647,WACC_0p3_WRT_0p7,0.24926470588235294,495,False,,,False,False,False,False,False,25.0,0.10212765957446808
SPLL,RialtoBridgeTimelapse,1684,0.57,81,0.7,0.7457968507318226,0,4,3717,1916,1,0.877,0.08381663316966968,0.14409822950538353,0.10818859438079882,0.06180556226829064,0.1903082263067149,0.23786315500109254,-2.8192817631169373,2.486580303846317,-2.921841313157002,-2.3302840836398757,-3.215787996382892,1.7111958757000287,0.14409822950538353,0.3541041188879226,0.21000588938253906,0.10818859438079882,0.3819598487578047,0.2737712543770059,0.06180556226829064,0.4501310267269514,0.38832546445866073,0.1903082263067149,0.3806057865634036,0.1902975602566887,0.23786315500109254,0.4360820311370341,0.19821887613594155,197.0,0.0900735294117647,334.0,0.15303308823529413,556.0,0.25505514705882354,922.0,0.42325367647058826,954.0,0.43795955882352944,0.0900735294117647,WACC_0p1_WRT_0p9,0.271875,496,False,,,False,False,False,False,False,4.0,0.01276595744680851
SPLL,RialtoBridgeTimelapse,1760,0.61,359,0.8,0.3958116358819368,0,156,4861,309,4,0.576,0.5190965115128425,0.5562915172071956,0.5569963640843141,0.5103815342309079,0.09450061004117799,0.13132451924388813,-2.8192817631169373,2.486580303846317,-2.921841313157002,-2.3302840836398757,-3.215787996382892,1.7111958757000287,0.5562915172071956,0.47178467741351376,0.08450683979368184,0.5569963640843141,0.44355695348650015,0.11343941059781393,0.5103815342309079,0.45808398961868885,0.05229754461221908,0.09450061004117799,0.2440446189286693,0.1495440088874913,0.13132451924388813,0.26182674847103937,0.13050222922715124,1891.0,0.8685661764705882,912.0,0.4186580882352941,603.0,0.2766544117647059,197.0,0.0900735294117647,273.0,0.125,0.0900735294117647,WACC_0p7_WRT_0p3,0.3557904411764706,497,False,,,False,False,False,False,False,156.0,0.6595744680851063
SPLL,RialtoBridgeTimelapse,1163,0.61,181,0.8,0.5571787042544939,0,59,3823,630,1,0.745,0.301114782903752,0.365570023260412,0.3603113929020522,0.2941537896797475,0.024753790350779938,0.12900371860521626,-2.8192817631169373,2.486580303846317,-2.921841313157002,-2.3302840836398757,-3.215787996382892,1.7111958757000287,0.365570023260412,0.4033012492917583,0.03773122603134632,0.3603113929020522,0.3772539236491342,0.016942530747081963,0.2941537896797475,0.3759576356859108,0.0818038460061633,0.024753790350779938,0.3006883726800447,0.27593458232926477,0.12900371860521626,0.3377173427550067,0.20871362414979044,675.0,0.30974264705882354,308.0,0.1410845588235294,198.0,0.09053308823529412,470.0,0.21553308823529413,494.0,0.2265625,0.09053308823529412,WACC_0p5_WRT_0p5,0.19669117647058826,498,False,,,False,False,False,False,False,59.0,0.24680851063829787
SPLL,RialtoBridgeTimelapse,451,0.62,336,0.8250000000000001,0.4114305671426452,0,147,1711,418,1,0.506,0.5186162487121974,0.5484892363591226,0.5536404100679272,0.5163632017399533,0.10868587256392052,0.10917689994625732,-2.8192817631169373,2.486580303846317,-2.921841313157002,-2.3302840836398757,-3.215787996382892,1.7111958757000287,0.5484892363591226,0.4110173495932878,0.13747188676583483,0.5536404100679272,0.3638341428984822,0.189806267169445,0.5163632017399533,0.3837970918649933,0.13256610987496004,0.10868587256392052,0.3099416463200096,0.20125577375608905,0.10917689994625732,0.33037700853110946,0.22120010858485215,804.0,0.36902573529411764,198.0,0.09053308823529412,232.0,0.10615808823529412,512.0,0.2348345588235294,476.0,0.2182904411764706,0.09053308823529412,WACC_0p3_WRT_0p7,0.20376838235294117,499,False,,,False,False,False,False,False,147.0,0.6212765957446809
SPLL,RialtoBridgeTimelapse,1529,0.62,368,0.8250000000000001,0.3899699850720688,0,152,4283,358,6,0.34,0.5481984318762181,0.5744289961653213,0.5803550075773091,0.5456574449773854,0.12069454767946382,0.10966297101753197,-2.8192817631169373,2.486580303846317,-2.921841313157002,-2.3302840836398757,-3.215787996382892,1.7111958757000287,0.5744289961653213,0.47470572182922477,0.09972327433609651,0.5803550075773091,0.44286699546353636,0.1374880121137727,0.5456574449773854,0.43817943345237237,0.10747801152501307,0.12069454767946382,0.2449185103303596,0.12422396265089579,0.10966297101753197,0.27403307792289755,0.16437010690536558,1931.0,0.8869485294117647,900.0,0.4131433823529412,482.0,0.22104779411764705,200.0,0.09145220588235294,315.0,0.14430147058823528,0.09145220588235294,WACC_0p7_WRT_0p3,0.35137867647058824,500,False,,,False,False,False,False,False,152.0,0.6425531914893617
SPLL,RialtoBridgeTimelapse,1028,0.47,458,0.45,0.3383366831672473,0,183,1550,4941,3,0.853,0.36244176620825935,0.5303624934533353,0.4596457668352509,0.2577631457339982,0.3308728670032375,0.46300515337934844,-2.8192817631169373,2.486580303846317,-2.921841313157002,-2.3302840836398757,-3.215787996382892,1.7111958757000287,0.5303624934533353,0.3545019780408691,0.17586051541246622,0.4596457668352509,0.44139361207611366,0.018252154759137218,0.2577631457339982,0.5743418811022935,0.3165787353682952,0.3308728670032375,0.5152674482817351,0.18439458127849762,0.46300515337934844,0.5760248921887567,0.1130197388094083,200.0,0.09145220588235294,880.0,0.4039522058823529,1445.0,0.6636029411764706,2099.0,0.9641544117647058,2021.0,0.9283088235294118,0.09145220588235294,WACC_0p1_WRT_0p9,0.6102941176470588,501,False,,,False,False,False,False,False,183.0,0.774468085106383
SPLL,RialtoBridgeTimelapse,348,0.62,128,0.8250000000000001,0.6386064107402307,0,15,397,214,9,0.303,0.21111703716158994,0.2793981219884209,0.2761651971597568,0.211379359593699,0.021310705231536404,0.1057621598760538,-2.8192817631169373,2.486580303846317,-2.921841313157002,-2.3302840836398757,-3.215787996382892,1.7111958757000287,0.2793981219884209,0.4275083277390421,0.14811020575062123,0.2761651971597568,0.40401692599597855,0.12785172883622176,0.211379359593699,0.4191921286804347,0.2078127690867357,0.021310705231536404,0.27700210240357603,0.25569139717203965,0.1057621598760538,0.24487469193300587,0.13911253205695207,1090.0,0.5004595588235294,489.0,0.22426470588235295,389.0,0.17830882352941177,380.0,0.17417279411764705,201.0,0.09191176470588236,0.09191176470588236,WACC_0p9_WRT_0p1,0.23382352941176468,502,False,,,False,False,False,False,False,15.0,0.059574468085106386
SPLL,RialtoBridgeTimelapse,207,0.61,257,0.8,0.4746252291679451,0,117,2615,199,1,0.001,0.4118969953570455,0.4624168788124328,0.46023805759751074,0.4041156481900919,0.05073920607190346,0.1299395774953394,-2.8192817631169373,2.486580303846317,-2.921841313157002,-2.3302840836398757,-3.215787996382892,1.7111958757000287,0.4624168788124328,0.4567524024359623,0.005664476376470495,0.46023805759751074,0.43891783711874827,0.021320220478762475,0.4041156481900919,0.4354624394187864,0.03134679122869449,0.05073920607190346,0.24495014021506317,0.1942109341431597,0.1299395774953394,0.2503409897544407,0.12040141225910128,1694.0,0.7780330882352942,848.0,0.38924632352941174,472.0,0.21645220588235295,201.0,0.09191176470588236,222.0,0.1015625,0.09191176470588236,WACC_0p7_WRT_0p3,0.3154411764705882,503,False,,,False,False,False,False,False,117.0,0.49361702127659574
SPLL,RialtoBridgeTimelapse,871,0.49,174,0.5000000000000001,0.5664573380935396,0,62,3072,2655,2,0.799,0.22920940107474835,0.3047879184572909,0.23296059135018826,0.15680784761729594,0.3530531855420022,0.4323191852644892,-2.8192817631169373,2.486580303846317,-2.921841313157002,-2.3302840836398757,-3.215787996382892,1.7111958757000287,0.3047879184572909,0.35459758204300595,0.049809663585715036,0.23296059135018826,0.41395567310908865,0.1809950817589004,0.15680784761729594,0.5340218549570759,0.37721400733977994,0.3530531855420022,0.440475100493211,0.08742191495120877,0.4323191852644892,0.4871806132562031,0.054861427991713896,201.0,0.09191176470588236,575.0,0.26378676470588236,1001.0,0.45955882352941174,1531.0,0.703125,1342.0,0.6162683823529411,0.09191176470588236,WACC_0p1_WRT_0p9,0.42693014705882354,504,False,,,False,False,False,False,False,62.0,0.25957446808510637
SPLL,RialtoBridgeTimelapse,1053,0.63,273,0.8500000000000001,0.4603908709822045,0,34,273,53,3,0.341,0.47264158648922067,0.5008312913748044,0.5092147839639367,0.47726087336845474,0.10433081347850813,0.08639290589768783,-2.8192817631169373,2.486580303846317,-2.921841313157002,-2.3302840836398757,-3.215787996382892,1.7111958757000287,0.5008312913748044,0.380794128453908,0.12003716292089645,0.5092147839639367,0.3845773518001948,0.1246374321637419,0.47726087336845474,0.41603372811309813,0.06122714525535661,0.10433081347850813,0.28427564775899117,0.17994483428048302,0.08639290589768783,0.2452312380765071,0.15883833217881926,423.0,0.19393382352941177,347.0,0.15900735294117646,377.0,0.17279411764705882,410.0,0.1879595588235294,202.0,0.09237132352941177,0.09237132352941177,WACC_0p9_WRT_0p1,0.16121323529411763,505,False,,,False,False,False,False,False,34.0,0.14042553191489363
SPLL,RialtoBridgeTimelapse,1187,0.61,179,0.8,0.5597928174542224,0,57,2723,289,10,0.356,0.29763838524529546,0.3625349368568934,0.35717723627716713,0.29069962421189405,0.025461404333359954,0.1289863885942652,-2.8192817631169373,2.486580303846317,-2.921841313157002,-2.3302840836398757,-3.215787996382892,1.7111958757000287,0.3625349368568934,0.4318822494135854,0.06934731255669196,0.35717723627716713,0.4040420964223478,0.04686486014518065,0.29069962421189405,0.40064840168590915,0.1099487774740151,0.025461404333359954,0.24507492781324633,0.21961352347988639,0.1289863885942652,0.26968097939089486,0.14069459079662966,1189.0,0.5459558823529411,490.0,0.22472426470588236,307.0,0.140625,203.0,0.09283088235294118,298.0,0.13648897058823528,0.09283088235294118,WACC_0p7_WRT_0p3,0.228125,506,False,,,False,False,False,False,False,57.0,0.23829787234042554
SPLL,RialtoBridgeTimelapse,1183,0.52,79,0.5750000000000002,0.7516385015416909,0,5,952,1888,2,0.859,0.24455534386627542,0.13437416188017312,0.06733643755244935,0.22475590706631451,0.34243302227689437,0.38267248865115494,-2.8192817631169373,2.486580303846317,-2.921841313157002,-2.3302840836398757,-3.215787996382892,1.7111958757000287,0.13437416188017312,0.35500929528755476,0.22063513340738164,0.06733643755244935,0.4000825061842504,0.33274606863180106,0.22475590706631451,0.4887756219924653,0.26401971492615084,0.34243302227689437,0.41360227447051595,0.07116925219362158,0.38267248865115494,0.4794519915045058,0.09677950285335085,203.0,0.09283088235294118,465.0,0.21323529411764705,765.0,0.35110294117647056,1241.0,0.5698529411764706,1267.0,0.5818014705882353,0.09283088235294118,WACC_0p1_WRT_0p9,0.36176470588235293,507,False,,,False,False,False,False,False,5.0,0.01702127659574468
SPLL,RialtoBridgeTimelapse,1730,0.61,512,0.8,0.3120234966203894,0,183,1899,202,8,0.27,0.6341653437142092,0.6571576962111068,0.6608972576052354,0.6243603857508161,0.14127889509944122,0.13311221304430154,-2.8192817631169373,2.486580303846317,-2.921841313157002,-2.3302840836398757,-3.215787996382892,1.7111958757000287,0.6571576962111068,0.4670626059937883,0.19009509021731846,0.6608972576052354,0.4180520323690156,0.24284522523621982,0.6243603857508161,0.45773344655111153,0.16662693919970456,0.14127889509944122,0.2827413265628058,0.1414624314633646,0.13311221304430154,0.246056554882848,0.11294434183854646,1844.0,0.8469669117647058,619.0,0.28400735294117646,600.0,0.27527573529411764,406.0,0.18612132352941177,204.0,0.09329044117647059,0.09329044117647059,WACC_0p9_WRT_0p1,0.33713235294117644,508,False,,,False,False,False,False,False,183.0,0.774468085106383
SPLL,RialtoBridgeTimelapse,1859,0.47,412,0.45,0.3633196051422233,0,176,3471,4568,4,0.973,0.3319200898391665,0.5043328723999496,0.4323733238670996,0.22689646945910616,0.3388538522993216,0.46470513394610324,-2.8192817631169373,2.486580303846317,-2.921841313157002,-2.3302840836398757,-3.215787996382892,1.7111958757000287,0.5043328723999496,0.3550562133293988,0.14927665907055082,0.4323733238670996,0.44731725637102043,0.014943932503920843,0.22689646945910616,0.5722451484578397,0.34534867899873356,0.3388538522993216,0.47800346846076613,0.13914961616144456,0.46470513394610324,0.5565689217345642,0.09186378778846094,204.0,0.09329044117647059,967.0,0.44393382352941174,1409.0,0.6470588235294118,1892.0,0.8690257352941176,1893.0,0.8694852941176471,0.09329044117647059,WACC_0p1_WRT_0p9,0.5845588235294118,509,False,,,False,False,False,False,False,176.0,0.7446808510638298
SPLL,RialtoBridgeTimelapse,1261,0.52,88,0.5750000000000002,0.7264173207993281,0,8,2619,1189,1,0.768,0.22855334754365197,0.15717131196751055,0.09223283228443162,0.20178597308102414,0.33052698441817524,0.3764312456254926,-2.8192817631169373,2.486580303846317,-2.921841313157002,-2.3302840836398757,-3.215787996382892,1.7111958757000287,0.15717131196751055,0.3552815946543317,0.19811028268682113,0.09223283228443162,0.3721292018317373,0.2798963695473057,0.20178597308102414,0.4294907979438105,0.22770482486278637,0.33052698441817524,0.380653472542743,0.05012648812456777,0.3764312456254926,0.4226200946930074,0.04618884906751475,205.0,0.09375,265.0,0.1213235294117647,442.0,0.2026654411764706,923.0,0.42371323529411764,866.0,0.3975183823529412,0.09375,WACC_0p1_WRT_0p9,0.24779411764705883,510,False,,,False,False,False,False,False,8.0,0.029787234042553193
SPLL,RialtoBridgeTimelapse,593,0.62,223,0.8250000000000001,0.5080564552831432,0,82,967,247,8,0.586,0.38633321019855105,0.43256954123516667,0.4342102715293698,0.38530172382164385,0.05483948677098087,0.10722970389970805,-2.8192817631169373,2.486580303846317,-2.921841313157002,-2.3302840836398757,-3.215787996382892,1.7111958757000287,0.43256954123516667,0.44609922137126434,0.013529680136097677,0.4342102715293698,0.41237597764109474,0.02183429388827507,0.38530172382164385,0.4419463997086489,0.05664467588700506,0.05483948677098087,0.24750244984147343,0.19266296307049258,0.10722970389970805,0.24610481689336244,0.1388751129936544,1504.0,0.6907169117647058,563.0,0.25827205882352944,512.0,0.2348345588235294,213.0,0.0974264705882353,205.0,0.09375,0.09375,WACC_0p9_WRT_0p1,0.275,511,False,,,False,False,False,False,False,82.0,0.3446808510638298
SPLL,RialtoBridgeTimelapse,1712,0.61,320,0.8,0.4229379947797137,0,143,4586,420,10,0.979,0.48206974496179805,0.5238544527630657,0.5235709617018633,0.4736883695059583,0.0794101755740637,0.13080801406614564,-2.8192817631169373,2.486580303846317,-2.921841313157002,-2.3302840836398757,-3.215787996382892,1.7111958757000287,0.5238544527630657,0.4682456846584084,0.05560876810465737,0.5235709617018633,0.4528721532514681,0.07069880845039522,0.4736883695059583,0.45140068277906786,0.02228768672689041,0.0794101755740637,0.24603806996533858,0.1666278943912749,0.13080801406614564,0.25584822768676263,0.12504021362061699,1860.0,0.8543198529411765,1039.0,0.47702205882352944,565.0,0.25919117647058826,205.0,0.09375,246.0,0.11259191176470588,0.09375,WACC_0p7_WRT_0p3,0.35937500000000006,512,False,,,False,False,False,False,False,143.0,0.6042553191489362
SPLL,RialtoBridgeTimelapse,457,0.6,197,0.775,0.5372448271593553,0,75,4431,1210,1,0.999,0.30962443083452407,0.3806395828349466,0.3710080836383005,0.29592516576618927,0.04490175383643348,0.15196278620842382,-2.8192817631169373,2.486580303846317,-2.921841313157002,-2.3302840836398757,-3.215787996382892,1.7111958757000287,0.3806395828349466,0.3553563029222451,0.025283279912701462,0.3710080836383005,0.3717815316233247,0.0007734479850242115,0.29592516576618927,0.42090866475925715,0.12498349899306788,0.04490175383643348,0.3474133045524637,0.30251155071603025,0.15196278620842382,0.38996400414557253,0.2380012179371487,206.0,0.09420955882352941,261.0,0.11948529411764706,398.0,0.18244485294117646,682.0,0.31295955882352944,675.0,0.30974264705882354,0.09420955882352941,WACC_0p1_WRT_0p9,0.20376838235294117,513,False,,,False,False,False,False,False,75.0,0.3148936170212766
SPLL,RialtoBridgeTimelapse,1926,0.55,80,0.6500000000000002,0.7486996458922698,0,4,2426,786,2,0.946,0.1473454184818212,0.1388502582043103,0.0907021918976199,0.12664267820719982,0.2502241369001078,0.29457010370761505,-2.8192817631169373,2.486580303846317,-2.921841313157002,-2.3302840836398757,-3.215787996382892,1.7111958757000287,0.1388502582043103,0.3615856738005329,0.22273541559622262,0.0907021918976199,0.36463735361770816,0.27393516172008825,0.12664267820719982,0.4079105989456152,0.2812679207384154,0.2502241369001078,0.3611171886600504,0.11089305175994257,0.29457010370761505,0.40866959611469167,0.11409949240707662,251.0,0.11488970588235294,206.0,0.09420955882352941,342.0,0.1567095588235294,771.0,0.3538602941176471,780.0,0.35799632352941174,0.09420955882352941,WACC_0p3_WRT_0p7,0.2155330882352941,514,False,,,False,False,False,False,False,4.0,0.01276595744680851
SPLL,RialtoBridgeTimelapse,604,0.62,124,0.8250000000000001,0.6460582027798015,0,13,374,198,8,0.862,0.20129149306425473,0.2708321375426444,0.2673118009861614,0.2016059296296203,0.02334577489641708,0.10574994112736852,-2.8192817631169373,2.486580303846317,-2.921841313157002,-2.3302840836398757,-3.215787996382892,1.7111958757000287,0.2708321375426444,0.3635956506780426,0.09276351313539821,0.2673118009861614,0.3669205360331978,0.09960873504703638,0.2016059296296203,0.3930706260731593,0.191464696443539,0.02334577489641708,0.24666745111380223,0.22332167621738513,0.10574994112736852,0.26822041254660206,0.16247047141923354,271.0,0.12408088235294118,223.0,0.10202205882352941,274.0,0.1254595588235294,207.0,0.09466911764705882,290.0,0.1328125,0.09466911764705882,WACC_0p7_WRT_0p3,0.11580882352941177,515,False,,,False,False,False,False,False,13.0,0.05106382978723404
SPLL,RialtoBridgeTimelapse,1070,0.61,163,0.8,0.581815669159537,0,45,1124,421,2,0.647,0.2684411289435301,0.33705684375164174,0.33085939830924643,0.261677963648236,0.03144087085981817,0.12887898607067538,-2.8192817631169373,2.486580303846317,-2.921841313157002,-2.3302840836398757,-3.215787996382892,1.7111958757000287,0.33705684375164174,0.4037187596026159,0.06666191585097414,0.33085939830924643,0.372293810279754,0.04143441197050757,0.261677963648236,0.37826636375290223,0.11658840010466626,0.03144087085981817,0.27338279600478543,0.24194192514496726,0.12887898607067538,0.3027994073738916,0.17392042130321622,679.0,0.3115808823529412,268.0,0.12270220588235294,207.0,0.09466911764705882,364.0,0.16681985294117646,392.0,0.1796875,0.09466911764705882,WACC_0p5_WRT_0p5,0.1750919117647059,516,False,,,False,False,False,False,False,45.0,0.18723404255319148
SPLL,RialtoBridgeTimelapse,388,0.6,149,0.775,0.6029255101170121,0,34,1499,766,3,0.999,0.22373015171831576,0.30587337673609566,0.29365861350465305,0.21038403734690794,0.06302750774848473,0.15220716044581045,-2.8192817631169373,2.486580303846317,-2.921841313157002,-2.3302840836398757,-3.215787996382892,1.7111958757000287,0.30587337673609566,0.3826392680948347,0.07676589135873901,0.29365861350465305,0.36542390886226267,0.07176529535760962,0.21038403734690794,0.40316631338728254,0.1927822760403746,0.06302750774848473,0.3355298815246535,0.2725023737761688,0.15220716044581045,0.36958827436515085,0.2173811139193404,448.0,0.20542279411764705,207.0,0.09466911764705882,320.0,0.14659926470588236,622.0,0.2853860294117647,589.0,0.2702205882352941,0.09466911764705882,WACC_0p3_WRT_0p7,0.2004595588235294,517,False,,,False,False,False,False,False,34.0,0.14042553191489363
SPLL,RialtoBridgeTimelapse,800,0.49,193,0.5000000000000001,0.5420730526481163,0,76,1107,3039,3,0.85,0.21601048037432974,0.32864954415966247,0.2583221156700743,0.13629809009389868,0.3439830832971958,0.4290653789125553,-2.8192817631169373,2.486580303846317,-2.921841313157002,-2.3302840836398757,-3.215787996382892,1.7111958757000287,0.32864954415966247,0.35538797550830725,0.026738431348644787,0.2583221156700743,0.4210757731866696,0.16275365751659532,0.13629809009389868,0.5424079594436225,0.4061098693497238,0.3439830832971958,0.45350365244988294,0.10952056915268715,0.4290653789125553,0.5216962620690857,0.0926308831565304,207.0,0.09466911764705882,651.0,0.29871323529411764,1062.0,0.4875919117647059,1655.0,0.7601102941176471,1624.0,0.7458639705882353,0.09466911764705882,WACC_0p1_WRT_0p9,0.4773897058823529,518,False,,,False,False,False,False,False,76.0,0.3191489361702128
SPLL,RialtoBridgeTimelapse,1233,0.58,116,0.725,0.6617052158065175,0,13,4663,1778,2,0.966,0.11917693965534068,0.2317204251662504,0.20617934399013788,0.09151558355161227,0.13335995614173424,0.20306056789216503,-2.8192817631169373,2.486580303846317,-2.921841313157002,-2.3302840836398757,-3.215787996382892,1.7111958757000287,0.2317204251662504,0.3554756051061538,0.12375517993990337,0.20617934399013788,0.4014149676234533,0.19523562363331542,0.09151558355161227,0.46272564562619983,0.37121006207458757,0.13335995614173424,0.36470653808929976,0.23134658194756552,0.20306056789216503,0.41950627960544473,0.2164457117132797,208.0,0.09512867647058823,476.0,0.2182904411764706,626.0,0.28722426470588236,792.0,0.3635110294117647,850.0,0.39016544117647056,0.09512867647058823,WACC_0p1_WRT_0p9,0.2708639705882353,519,False,,,False,False,False,False,False,13.0,0.05106382978723404
SPLL,RialtoBridgeTimelapse,627,0.62,156,0.8250000000000001,0.5921352108313891,0,37,414,223,10,0.882,0.2728801953486683,0.33331490412997533,0.33184563856097804,0.272752651391662,0.008722177043923189,0.1060524969418093,-2.8192817631169373,2.486580303846317,-2.921841313157002,-2.3302840836398757,-3.215787996382892,1.7111958757000287,0.33331490412997533,0.3760553171870618,0.04274041305708648,0.33184563856097804,0.37408212907129007,0.04223649051031203,0.272752651391662,0.38213752016970226,0.10938486877804027,0.008722177043923189,0.24957567711940007,0.24085350007547687,0.1060524969418093,0.2470600686352188,0.1410075716934095,375.0,0.171875,285.0,0.13051470588235295,220.0,0.10064338235294118,226.0,0.10340073529411764,209.0,0.09558823529411764,0.09558823529411764,WACC_0p9_WRT_0p1,0.12040441176470587,520,False,,,False,False,False,False,False,37.0,0.15319148936170213
SPLL,RialtoBridgeTimelapse,625,0.61,196,0.8,0.538442676996703,0,72,823,263,6,0.626,0.32609318306545043,0.3873859478559524,0.3828340721196796,0.3189650936658741,0.019693562330848385,0.12915345423397728,-2.8192817631169373,2.486580303846317,-2.921841313157002,-2.3302840836398757,-3.215787996382892,1.7111958757000287,0.3873859478559524,0.3986320573881426,0.01124610953219024,0.3828340721196796,0.37157529241525866,0.011258779704420963,0.3189650936658741,0.4072250076189296,0.08825991395305549,0.019693562330848385,0.2471335649706237,0.22744000263977532,0.12915345423397728,0.266467472061409,0.13731401782743174,616.0,0.28262867647058826,259.0,0.11856617647058823,336.0,0.15395220588235295,211.0,0.09650735294117647,286.0,0.13097426470588236,0.09650735294117647,WACC_0p7_WRT_0p3,0.15652573529411767,521,False,,,False,False,False,False,False,72.0,0.3021276595744681
SPLL,RialtoBridgeTimelapse,1395,0.41,88,0.3,0.7264173207993281,0,10,2152,2107,3,0.927,0.5906180209733088,0.1570945125083374,0.06872522314559915,0.5620853362685176,0.6764268408736582,0.7107889705612419,-2.8192817631169373,2.486580303846317,-2.921841313157002,-2.3302840836398757,-3.215787996382892,1.7111958757000287,0.1570945125083374,0.3559306101193447,0.1988360976110073,0.06872522314559915,0.407529972563863,0.33880474941826383,0.5620853362685176,0.5039713676652983,0.05811396860321938,0.6764268408736582,0.4428507376958273,0.23357610317783095,0.7107889705612419,0.5058730974352905,0.2049158731259514,211.0,0.09650735294117647,529.0,0.2426470588235294,844.0,0.3874080882352941,1556.0,0.7146139705882353,1476.0,0.6778492647058824,0.09650735294117647,WACC_0p1_WRT_0p9,0.42380514705882355,522,False,,,False,False,False,False,False,10.0,0.03829787234042553
SPLL,RialtoBridgeTimelapse,659,0.59,152,0.75,0.5982407067832671,0,37,1241,916,1,0.694,0.21366190631711712,0.30501172261666426,0.2877204928671644,0.19344410744827023,0.08778263175046214,0.1759383983408601,-2.8192817631169373,2.486580303846317,-2.921841313157002,-2.3302840836398757,-3.215787996382892,1.7111958757000287,0.30501172261666426,0.3796204900313484,0.07460876741468414,0.2877204928671644,0.366145808639217,0.07842531577205258,0.19344410744827023,0.39059832147389373,0.1971542140256235,0.08778263175046214,0.34832374302846586,0.2605411112780037,0.1759383983408601,0.39401421931948677,0.21807582097862666,411.0,0.18841911764705882,212.0,0.09696691176470588,267.0,0.12224264705882353,688.0,0.3157169117647059,702.0,0.32215073529411764,0.09696691176470588,WACC_0p3_WRT_0p7,0.20909926470588233,523,False,,,False,False,False,False,False,37.0,0.15319148936170213
SPLL,RialtoBridgeTimelapse,37,0.62,294,0.8250000000000001,0.4429204698284852,0,124,4763,332,1,0.276,0.4753297688634144,0.5105420357267887,0.5145537042040541,0.4734897774150537,0.09109560598131977,0.10849402622125501,-2.8192817631169373,2.486580303846317,-2.921841313157002,-2.3302840836398757,-3.215787996382892,1.7111958757000287,0.5105420357267887,0.46700898217783615,0.04353305354895254,0.5145537042040541,0.42923405695242717,0.08531964725162694,0.4734897774150537,0.4093385310060551,0.06415124640899861,0.09109560598131977,0.2472129718399681,0.15611736585864833,0.10849402622125501,0.2548561107018655,0.14636208448061047,1842.0,0.8460477941176471,738.0,0.33869485294117646,352.0,0.16130514705882354,212.0,0.09696691176470588,242.0,0.11075367647058823,0.09696691176470588,WACC_0p7_WRT_0p3,0.31075367647058827,524,False,,,False,False,False,False,False,124.0,0.5234042553191489
SPLL,RialtoBridgeTimelapse,1889,0.52,99,0.5750000000000002,0.698848352160746,0,9,2117,491,3,0.964,0.21180660401302376,0.18257273763889909,0.11976053027731069,0.17726994363387097,0.31829577905109785,0.3704774823962761,-2.8192817631169373,2.486580303846317,-2.921841313157002,-2.3302840836398757,-3.215787996382892,1.7111958757000287,0.18257273763889909,0.3796684447549625,0.1970957071160634,0.11976053027731069,0.3661786804060475,0.2464181501287368,0.17726994363387097,0.3927775605091181,0.21550761687524714,0.31829577905109785,0.3591493997922372,0.04085362074113935,0.3704774823962761,0.3618092238740257,0.008668258522250394,412.0,0.18887867647058823,213.0,0.0974264705882353,273.0,0.125,758.0,0.3478860294117647,576.0,0.26424632352941174,0.0974264705882353,WACC_0p3_WRT_0p7,0.2046875,525,False,,,False,False,False,False,False,9.0,0.03404255319148936
SPLL,RialtoBridgeTimelapse,1480,0.55,190,0.6500000000000002,0.5457600078551476,0,72,1935,2507,2,0.791,0.21975114365957726,0.342473710536961,0.3059369733442347,0.17137232819137577,0.17860289179678898,0.27238975984915453,-2.8192817631169373,2.486580303846317,-2.921841313157002,-2.3302840836398757,-3.215787996382892,1.7111958757000287,0.342473710536961,0.3560534373579314,0.013579726820970361,0.3059369733442347,0.4209372990164777,0.115000325672243,0.17137232819137577,0.5270183725359446,0.35564604434456887,0.17860289179678898,0.43664832126507663,0.2580454294682877,0.27238975984915453,0.5068158568182253,0.23442609696907074,213.0,0.0974264705882353,649.0,0.2977941176470588,970.0,0.4453125,1499.0,0.6884191176470589,1489.0,0.6838235294117647,0.0974264705882353,WACC_0p1_WRT_0p9,0.44255514705882354,526,False,,,False,False,False,False,False,72.0,0.3021276595744681
SPLL,RialtoBridgeTimelapse,1389,0.5,89,0.5250000000000001,0.723773999026508,0,9,2581,1439,4,0.979,0.2909600173373259,0.1586851752285106,0.08141902531324158,0.26341631396541765,0.39037398315561267,0.4346341490052441,-2.8192817631169373,2.486580303846317,-2.921841313157002,-2.3302840836398757,-3.215787996382892,1.7111958757000287,0.1586851752285106,0.35657818561020765,0.19789301038169704,0.08141902531324158,0.41821664383873297,0.3367976185254914,0.26341631396541765,0.4965075705523725,0.23309125658695484,0.39037398315561267,0.4089869675527625,0.018612984397149812,0.4346341490052441,0.4524475160387626,0.01781336703351849,214.0,0.0978860294117647,623.0,0.2858455882352941,805.0,0.3694852941176471,1187.0,0.5450367647058824,1065.0,0.4889705882352941,0.0978860294117647,WACC_0p1_WRT_0p9,0.3574448529411765,527,False,,,False,False,False,False,False,9.0,0.03404255319148936
SPLL,RialtoBridgeTimelapse,905,0.6,157,0.775,0.5906331433253553,0,40,5000,1148,1,0.999,0.2396793322920051,0.31973414541136996,0.30801240816074865,0.22628698467216726,0.05959853330361848,0.1520954699448954,-2.8192817631169373,2.486580303846317,-2.921841313157002,-2.3302840836398757,-3.215787996382892,1.7111958757000287,0.31973414541136996,0.3601227946039143,0.04038864919254431,0.30801240816074865,0.36634279853565827,0.05833039037490961,0.22628698467216726,0.42105198136303956,0.1947649966908723,0.05959853330361848,0.3570044422556731,0.29740590895205465,0.1520954699448954,0.393138662835441,0.24104319289054563,245.0,0.11213235294117647,215.0,0.09834558823529412,399.0,0.18290441176470587,743.0,0.34099264705882354,693.0,0.3180147058823529,0.09834558823529412,WACC_0p3_WRT_0p7,0.21047794117647056,528,False,,,False,False,False,False,False,40.0,0.16595744680851063
SPLL,RialtoBridgeTimelapse,523,0.46,651,0.4250000000000001,0.2553002514274441,0,207,3243,4902,8,0.999,0.45064417815461677,0.6140700407363838,0.5418182741318249,0.3395383840139068,0.33211274399650487,0.4835474289325675,-2.8192817631169373,2.486580303846317,-2.921841313157002,-2.3302840836398757,-3.215787996382892,1.7111958757000287,0.6140700407363838,0.356584196027722,0.2574858447086618,0.5418182741318249,0.45812459607144534,0.08369367806037958,0.3395383840139068,0.583836158112704,0.24429777409879716,0.33211274399650487,0.5037565499066599,0.171643805910155,0.4835474289325675,0.5888424751648377,0.10529504623227015,215.0,0.09834558823529412,1120.0,0.5142463235294118,1581.0,0.7261029411764706,2053.0,0.9430147058823529,2080.0,0.9554227941176471,0.09834558823529412,WACC_0p1_WRT_0p9,0.6474264705882353,529,False,,,False,False,False,False,False,207.0,0.8765957446808511
SPLL,RialtoBridgeTimelapse,736,0.38,188,0.2250000000000001,0.548250292296512,0,73,2223,2453,1,0.7,0.5639730352632653,0.3120130017300397,0.1740982495220529,0.4876839299398497,0.6739532904355666,0.7441974467347927,-2.8192817631169373,2.486580303846317,-2.921841313157002,-2.3302840836398757,-3.215787996382892,1.7111958757000287,0.3120130017300397,0.35694775150172386,0.04493474977168416,0.1740982495220529,0.4044942073786583,0.2303959578566054,0.4876839299398497,0.507662201756551,0.019978271816701254,0.6739532904355666,0.45743187324011797,0.21652141719544865,0.7441974467347927,0.5154865719198873,0.22871087481490537,216.0,0.09880514705882353,495.0,0.2270220588235294,864.0,0.39659926470588236,1691.0,0.7766544117647058,1566.0,0.7192095588235294,0.09880514705882353,WACC_0p1_WRT_0p9,0.4436580882352941,530,False,,,False,False,False,False,False,73.0,0.30638297872340425
SPLL,RialtoBridgeTimelapse,327,0.61,147,0.8,0.6061010589702227,0,31,480,407,10,0.999,0.23644530112535372,0.30916670971940285,0.30203087828461456,0.22984827652468798,0.038079521375146065,0.1288514146326182,-2.8192817631169373,2.486580303846317,-2.921841313157002,-2.3302840836398757,-3.215787996382892,1.7111958757000287,0.30916670971940285,0.3645707859963632,0.05540407627696037,0.30203087828461456,0.36669644294410336,0.0646655646594888,0.22984827652468798,0.3857873597544259,0.15593908322973793,0.038079521375146065,0.2988136680813041,0.260734146706158,0.1288514146326182,0.3116305805820327,0.18277916594941448,284.0,0.13005514705882354,218.0,0.09972426470588236,244.0,0.11167279411764706,464.0,0.21277573529411764,430.0,0.19715073529411764,0.09972426470588236,WACC_0p3_WRT_0p7,0.15027573529411764,531,False,,,False,False,False,False,False,31.0,0.1276595744680851
SPLL,RialtoBridgeTimelapse,1347,0.61,103,0.8,0.6895697183217003,0,6,2422,298,6,0.501,0.12844686378130138,0.21537618785457427,0.20486174993476355,0.12210479484117058,0.06148873534620151,0.12980695139530926,-2.8192817631169373,2.486580303846317,-2.921841313157002,-2.3302840836398757,-3.215787996382892,1.7111958757000287,0.21537618785457427,0.40408355634283716,0.1887073684882629,0.20486174993476355,0.3713370403607003,0.16647529042593676,0.12210479484117058,0.38181322638293275,0.25970843154176215,0.06148873534620151,0.27554167455080114,0.21405293920459964,0.12980695139530926,0.2928375211253802,0.16303056973007093,686.0,0.3147977941176471,258.0,0.11810661764705882,218.0,0.09972426470588236,375.0,0.171875,362.0,0.16590073529411764,0.09972426470588236,WACC_0p5_WRT_0p5,0.1740808823529412,532,False,,,False,False,False,False,False,6.0,0.02127659574468085
SPLL,RialtoBridgeTimelapse,420,0.62,211,0.8250000000000001,0.5210822131204411,0,75,3484,459,10,0.999,0.3686386273445256,0.41707649948115744,0.41823997182506195,0.3677594037352014,0.04761202817564643,0.10700742566498347,-2.8192817631169373,2.486580303846317,-2.921841313157002,-2.3302840836398757,-3.215787996382892,1.7111958757000287,0.41707649948115744,0.442083599599695,0.025007100118537573,0.41823997182506195,0.42802021050331535,0.009780238678253395,0.3677594037352014,0.41551389911967856,0.04775449538447718,0.04761202817564643,0.24806670671346487,0.20045467853781845,0.10700742566498347,0.26455712936449755,0.15754970369951407,1412.0,0.6484375,720.0,0.3304227941176471,375.0,0.171875,218.0,0.09972426470588236,280.0,0.12821691176470587,0.09972426470588236,WACC_0p7_WRT_0p3,0.2757352941176471,533,False,,,False,False,False,False,False,75.0,0.3148936170212766
SPLL,RialtoBridgeTimelapse,605,0.58,189,0.725,0.5470018733706472,0,69,1724,1591,1,0.638,0.26343811767320546,0.3560471869166242,0.33559660028086125,0.23627244523390875,0.09935309367563683,0.1989169870745385,-2.8192817631169373,2.486580303846317,-2.921841313157002,-2.3302840836398757,-3.215787996382892,1.7111958757000287,0.3560471869166242,0.3573684117312997,0.0013212248146755035,0.33559660028086125,0.3717919890018777,0.036195388721016464,0.23627244523390875,0.46716929391186796,0.2308968486779592,0.09935309367563683,0.4048912476711641,0.30553815399552725,0.1989169870745385,0.453314931014896,0.25439794394035753,218.0,0.09972426470588236,262.0,0.11994485294117647,650.0,0.29825367647058826,1151.0,0.5284926470588235,1073.0,0.49264705882352944,0.09972426470588236,WACC_0p1_WRT_0p9,0.3078125,534,False,,,False,False,False,False,False,69.0,0.28936170212765955
SPLL,RialtoBridgeTimelapse,1303,0.55,1552,0.6500000000000002,0.0499771247778728,0,212,586,7,4,0.135,0.8690859685250482,0.9074498641824339,0.8905830592289071,0.8182419739240411,0.15034211180959925,0.26984108857998895,-2.8192817631169373,2.486580303846317,-2.921841313157002,-2.3302840836398757,-3.215787996382892,1.7111958757000287,0.9074498641824339,0.49412099444262064,0.41332886973981325,0.8905830592289071,0.440336741550364,0.4502463176785431,0.8182419739240411,0.46132563806609844,0.35691633585794263,0.15034211180959925,0.2910484380477082,0.14070632623810894,0.26984108857998895,0.24935226865434676,0.020488819925642193,2083.0,0.9568014705882353,865.0,0.39705882352941174,618.0,0.2835477941176471,431.0,0.19761029411764705,218.0,0.09972426470588236,0.09972426470588236,WACC_0p9_WRT_0p1,0.38694852941176466,535,False,,,False,False,False,False,False,212.0,0.8978723404255319
SPLL,RialtoBridgeTimelapse,79,0.62,201,0.8250000000000001,0.5325131726842642,0,67,2801,218,1,0.098,0.3531427621722881,0.4035119083809258,0.404255436010777,0.35239399862155657,0.04127622943215933,0.106822651151442,-2.8192817631169373,2.486580303846317,-2.921841313157002,-2.3302840836398757,-3.215787996382892,1.7111958757000287,0.4035119083809258,0.4467787848422981,0.04326687646137228,0.404255436010777,0.4291371358005035,0.024881699789726486,0.35239399862155657,0.425551956358405,0.07315795773684841,0.04127622943215933,0.25327923913890077,0.21200300970674144,0.106822651151442,0.24963028450080074,0.14280763334935875,1521.0,0.6985294117647058,736.0,0.33777573529411764,423.0,0.19393382352941177,255.0,0.11672794117647059,219.0,0.10018382352941177,0.10018382352941177,WACC_0p9_WRT_0p1,0.2894301470588235,536,False,,,False,False,False,False,False,67.0,0.28085106382978725
SPLL,RialtoBridgeTimelapse,1661,0.43,432,0.3500000000000001,0.352131949131639,0,181,1281,4868,2,0.747,0.29578708232680645,0.5042746490680851,0.4102343491035168,0.1613916307740742,0.44625504252392084,0.5685145720699833,-2.8192817631169373,2.486580303846317,-2.921841313157002,-2.3302840836398757,-3.215787996382892,1.7111958757000287,0.5042746490680851,0.3574748836101651,0.14679976545791995,0.4102343491035168,0.44974178789878966,0.03950743879527285,0.1613916307740742,0.5835603714224272,0.422168740648353,0.44625504252392084,0.49526884247287833,0.04901379994895749,0.5685145720699833,0.573304497916845,0.0047899258468616646,219.0,0.10018382352941177,998.0,0.45818014705882354,1572.0,0.7219669117647058,2011.0,0.9237132352941176,2008.0,0.9223345588235294,0.10018382352941177,WACC_0p1_WRT_0p9,0.6252757352941176,537,False,,,False,False,False,False,False,181.0,0.7659574468085106
SPLL,RialtoBridgeTimelapse,786,0.54,104,0.6250000000000002,0.6873058270030358,0,10,436,856,3,0.707,0.1431735139667838,0.19588007365612964,0.14593984788872894,0.10486245058327257,0.25469892469474803,0.31207464099403753,-2.8192817631169373,2.486580303846317,-2.921841313157002,-2.3302840836398757,-3.215787996382892,1.7111958757000287,0.19588007365612964,0.3924793891575904,0.19659931550146076,0.14593984788872894,0.3667828501982446,0.22084300230951565,0.10486245058327257,0.4517935419901102,0.34693109140683764,0.25469892469474803,0.3955546186898584,0.1408556939951104,0.31207464099403753,0.4447331937676339,0.1326585527735964,536.0,0.24586397058823528,220.0,0.10064338235294118,567.0,0.2601102941176471,1052.0,0.48299632352941174,1010.0,0.46369485294117646,0.10064338235294118,WACC_0p3_WRT_0p7,0.31066176470588236,538,False,,,False,False,False,False,False,10.0,0.03829787234042553
SPLL,RialtoBridgeTimelapse,1355,0.52,215,0.5750000000000002,0.5166601247914328,0,93,1287,2430,2,0.851,0.21360705897512602,0.3619972589221472,0.31025094649857443,0.14349504632732699,0.2511273796432242,0.3470095751867903,-2.8192817631169373,2.486580303846317,-2.921841313157002,-2.3302840836398757,-3.215787996382892,1.7111958757000287,0.3619972589221472,0.35749672650017705,0.004500532421970127,0.31025094649857443,0.41401394373476796,0.10376299723619353,0.14349504632732699,0.5182474631571142,0.3747524168297872,0.2511273796432242,0.4277000733023662,0.17657269365914202,0.3470095751867903,0.4883739581992888,0.14136438301249848,220.0,0.10064338235294118,576.0,0.26424632352941174,921.0,0.4227941176470588,1400.0,0.6429227941176471,1352.0,0.6208639705882353,0.10064338235294118,WACC_0p1_WRT_0p9,0.41029411764705886,539,False,,,False,False,False,False,False,93.0,0.39148936170212767
SPLL,RialtoBridgeTimelapse,392,0.61,137,0.8,0.622651500698375,0,23,383,206,10,0.801,0.21477318690904268,0.29029699089733385,0.2825126013519139,0.20826994258687612,0.042637549285070235,0.12889703963372448,-2.8192817631169373,2.486580303846317,-2.921841313157002,-2.3302840836398757,-3.215787996382892,1.7111958757000287,0.29029699089733385,0.3830857113077953,0.09278872041046143,0.2825126013519139,0.38501089308696657,0.10249829173505265,0.20826994258687612,0.3886619107285607,0.1803919681416846,0.042637549285070235,0.24815786361804007,0.20552031433296983,0.12889703963372448,0.25404998916590826,0.12515294953218378,451.0,0.20680147058823528,351.0,0.16084558823529413,260.0,0.11902573529411764,221.0,0.10110294117647059,239.0,0.109375,0.10110294117647059,WACC_0p7_WRT_0p3,0.13943014705882353,540,False,,,False,False,False,False,False,23.0,0.09361702127659574
SPLL,RialtoBridgeTimelapse,1100,0.42,418,0.325,0.359907408910862,0,179,769,4153,6,0.944,0.3297984645782175,0.4942171096432172,0.3939566382128433,0.1983439197239377,0.4772569474934726,0.5961594186921241,-2.8192817631169373,2.486580303846317,-2.921841313157002,-2.3302840836398757,-3.215787996382892,1.7111958757000287,0.4942171096432172,0.3576834829491181,0.13653362669409908,0.3939566382128433,0.4543274312223047,0.060370793009461354,0.1983439197239377,0.5707461177647356,0.3724021980407979,0.4772569474934726,0.5037387584191111,0.026481810925638505,0.5961594186921241,0.573985795230361,0.022173623461763103,222.0,0.1015625,1059.0,0.48621323529411764,1378.0,0.6328125,2052.0,0.9425551470588235,2010.0,0.9232536764705882,0.1015625,WACC_0p1_WRT_0p9,0.6172794117647059,541,False,,,False,False,False,False,False,179.0,0.7574468085106383
SPLL,RialtoBridgeTimelapse,622,0.63,172,0.8500000000000001,0.5691766190378111,0,19,404,217,10,0.754,0.3232624969853521,0.3698927085462825,0.37433479313556306,0.329294118840368,0.043598677727806845,0.0840812481919038,-2.8192817631169373,2.486580303846317,-2.921841313157002,-2.3302840836398757,-3.215787996382892,1.7111958757000287,0.3698927085462825,0.3749782439013991,0.005085535355116633,0.37433479313556306,0.3752874423606791,0.0009526492251160645,0.329294118840368,0.3871308903529022,0.05783677151253419,0.043598677727806845,0.2507674817805267,0.20716880405271987,0.0840812481919038,0.2508231568995093,0.1667419087076055,358.0,0.1640625,294.0,0.13465073529411764,250.0,0.11443014705882353,234.0,0.10707720588235294,225.0,0.10294117647058823,0.10294117647058823,WACC_0p9_WRT_0p1,0.12463235294117647,542,False,,,False,False,False,False,False,19.0,0.07659574468085106
SPLL,RialtoBridgeTimelapse,849,0.61,350,0.8,0.401801192190498,0,152,1699,235,3,0.382,0.5109102602912824,0.5491190239365283,0.5496059509244182,0.5022698961477179,0.09116617320265256,0.13120738643167318,-2.8192817631169373,2.486580303846317,-2.921841313157002,-2.3302840836398757,-3.215787996382892,1.7111958757000287,0.5491190239365283,0.42233993149922927,0.12677909243729907,0.5496059509244182,0.3815078823053831,0.16809806861903515,0.5022698961477179,0.393613933578295,0.10865596256942289,0.09116617320265256,0.24924628604289575,0.1580801128402432,0.13120738643167318,0.2727891680717129,0.1415817816400397,986.0,0.45266544117647056,332.0,0.15211397058823528,279.0,0.12775735294117646,225.0,0.10294117647058823,310.0,0.14200367647058823,0.10294117647058823,WACC_0p7_WRT_0p3,0.19549632352941174,543,False,,,False,False,False,False,False,152.0,0.6425531914893617
SPLL,RialtoBridgeTimelapse,968,0.5,81,0.5250000000000001,0.7457968507318226,0,7,122,526,5,0.689,0.3055498448425868,0.13912661112669397,0.05989029603096203,0.28397995206593196,0.40141131081217607,0.4407840191553321,-2.8192817631169373,2.486580303846317,-2.921841313157002,-2.3302840836398757,-3.215787996382892,1.7111958757000287,0.13912661112669397,0.3625497030650821,0.22342309193838814,0.05989029603096203,0.36758772504269915,0.30769742901173713,0.28397995206593196,0.4297180010403355,0.1457380489744035,0.40141131081217607,0.397875890328424,0.0035354204837520498,0.4407840191553321,0.43510373628282395,0.005680282872508158,258.0,0.11810661764705882,226.0,0.10340073529411764,445.0,0.20404411764705882,1077.0,0.4944852941176471,945.0,0.4338235294117647,0.10340073529411764,WACC_0p3_WRT_0p7,0.27077205882352945,544,False,,,False,False,False,False,False,7.0,0.02553191489361702
SPLL,RialtoBridgeTimelapse,1049,0.48,275,0.475,0.4586703191260897,0,131,1705,3811,6,0.932,0.23013722962246394,0.40960540779003873,0.3382885230410188,0.13089578325174858,0.3427740118924437,0.44660442023696534,-2.8192817631169373,2.486580303846317,-2.921841313157002,-2.3302840836398757,-3.215787996382892,1.7111958757000287,0.40960540779003873,0.3580633930136123,0.05154201477642645,0.3382885230410188,0.43898482356536805,0.10069630052434925,0.13089578325174858,0.5507036458827657,0.4198078626310171,0.3427740118924437,0.47832517486024795,0.13555116296780423,0.44660442023696534,0.5374037156231389,0.0907992953861736,226.0,0.10340073529411764,849.0,0.3897058823529412,1130.0,0.5188419117647058,1896.0,0.8708639705882353,1745.0,0.8014705882352942,0.10340073529411764,WACC_0p1_WRT_0p9,0.5368566176470588,545,False,,,False,False,False,False,False,131.0,0.5531914893617021
SPLL,RialtoBridgeTimelapse,834,0.6,175,0.775,0.5651093296745381,0,57,3318,699,2,0.969,0.2729887771493688,0.34871694827022837,0.3380037689112019,0.2594692960458038,0.052537304858097884,0.15196704385979157,-2.8192817631169373,2.486580303846317,-2.921841313157002,-2.3302840836398757,-3.215787996382892,1.7111958757000287,0.34871694827022837,0.39077323485908705,0.04205628658885868,0.3380037689112019,0.38352793818136527,0.045524169270163395,0.2594692960458038,0.38329904780922724,0.12382975176342342,0.052537304858097884,0.3168928570764087,0.2643555522183108,0.15196704385979157,0.36648512730286303,0.21451808344307147,516.0,0.23667279411764705,341.0,0.15625,227.0,0.10386029411764706,544.0,0.2495404411764706,585.0,0.26838235294117646,0.10386029411764706,WACC_0p5_WRT_0p5,0.20294117647058824,546,False,,,False,False,False,False,False,57.0,0.23829787234042554
SPLL,RialtoBridgeTimelapse,1420,0.47,281,0.45,0.4535824921216995,0,137,749,2608,5,0.938,0.22929889962931585,0.41220585799046566,0.3354418350441755,0.12369209483057599,0.3690745010199025,0.47262958269567934,-2.8192817631169373,2.486580303846317,-2.921841313157002,-2.3302840836398757,-3.215787996382892,1.7111958757000287,0.41220585799046566,0.3582052870429063,0.05400057094755939,0.3354418350441755,0.4236824005638404,0.08824056551966486,0.12369209483057599,0.5361294970263872,0.41243740219581126,0.3690745010199025,0.44412759348085606,0.07505309246095354,0.47262958269567934,0.5102017025128598,0.03757211981718045,227.0,0.10386029411764706,674.0,0.3092830882352941,1020.0,0.46829044117647056,1572.0,0.7219669117647058,1522.0,0.6989889705882353,0.10386029411764706,WACC_0p1_WRT_0p9,0.46047794117647056,547,False,,,False,False,False,False,False,137.0,0.5787234042553191
SPLL,RialtoBridgeTimelapse,76,0.58,166,0.725,0.5775271860960967,0,51,4959,1701,1,0.68,0.2244623031800877,0.3223043232305712,0.30057073835414544,0.1972964157733635,0.1081032113485031,0.19957804633621995,-2.8192817631169373,2.486580303846317,-2.921841313157002,-2.3302840836398757,-3.215787996382892,1.7111958757000287,0.3223043232305712,0.35840639551154885,0.03610207228097767,0.30057073835414544,0.37273962690418566,0.07216888855004022,0.1972964157733635,0.44756266103689074,0.25026624526352725,0.1081032113485031,0.3730995504709984,0.2649963391224953,0.19957804633621995,0.41961166904360586,0.2200336227073859,229.0,0.10477941176470588,272.0,0.12454044117647059,533.0,0.24448529411764705,851.0,0.390625,852.0,0.39108455882352944,0.10477941176470588,WACC_0p1_WRT_0p9,0.2511029411764706,548,False,,,False,False,False,False,False,51.0,0.2127659574468085
SPLL,RialtoBridgeTimelapse,867,0.62,243,0.8250000000000001,0.4878240610033443,0,95,3627,370,5,0.987,0.4138900335281667,0.4567048951225702,0.45908458572764516,0.41261518957233834,0.06608136314978239,0.10759723063355857,-2.8192817631169373,2.486580303846317,-2.921841313157002,-2.3302840836398757,-3.215787996382892,1.7111958757000287,0.4567048951225702,0.4366958271767069,0.020009067945863268,0.45908458572764516,0.4253835033131911,0.033701082414454075,0.41261518957233834,0.4116474606821338,0.0009677288902045222,0.06608136314978239,0.25003106044690226,0.18394969729711988,0.10759723063355857,0.2737716728625521,0.16617444222899352,1292.0,0.5932904411764706,693.0,0.3180147058823529,363.0,0.16636029411764705,229.0,0.10477941176470588,314.0,0.14384191176470587,0.10477941176470588,WACC_0p7_WRT_0p3,0.26525735294117647,549,False,,,False,False,False,False,False,95.0,0.4
SPLL,RialtoBridgeTimelapse,299,0.58,160,0.725,0.5861833286749027,0,45,1585,1180,3,0.999,0.21348102876580763,0.31281395379723365,0.29070889610877754,0.1863006086939944,0.11061589628343318,0.19981391694005976,-2.8192817631169373,2.486580303846317,-2.921841313157002,-2.3302840836398757,-3.215787996382892,1.7111958757000287,0.31281395379723365,0.3585146888035941,0.04570073500636046,0.29070889610877754,0.3689514658949376,0.07824256978616007,0.1863006086939944,0.44425051542676575,0.25794990673277135,0.11061589628343318,0.38003614609632524,0.26942024981289203,0.19981391694005976,0.4155710739427571,0.21575715700269735,230.0,0.1052389705882353,240.0,0.10983455882352941,521.0,0.23897058823529413,917.0,0.4209558823529412,827.0,0.3795955882352941,0.1052389705882353,WACC_0p1_WRT_0p9,0.2509191176470588,550,False,,,False,False,False,False,False,45.0,0.18723404255319148
SPLL,RialtoBridgeTimelapse,194,0.61,154,0.8,0.5951682631125356,0,37,2611,236,1,0.192,0.25082165850495075,0.32169400207940785,0.3149824010160361,0.2441537416270263,0.03508434242553634,0.12885091806104362,-2.8192817631169373,2.486580303846317,-2.921841313157002,-2.3302840836398757,-3.215787996382892,1.7111958757000287,0.32169400207940785,0.4209379169685446,0.09924391488913675,0.3149824010160361,0.3959220578001128,0.08093965678407672,0.2441537416270263,0.4056552121405186,0.16150147051349228,0.03508434242553634,0.25024253692086673,0.21515819449533038,0.12885091806104362,0.2575122429516571,0.12866132489061347,961.0,0.4411764705882353,433.0,0.19852941176470587,326.0,0.14935661764705882,231.0,0.1056985294117647,255.0,0.11672794117647059,0.1056985294117647,WACC_0p7_WRT_0p3,0.20229779411764706,551,False,,,False,False,False,False,False,37.0,0.15319148936170213
SPLL,RialtoBridgeTimelapse,940,0.43,624,0.3500000000000001,0.2653056902542861,0,204,3388,4818,6,0.959,0.39658206899694964,0.5926786702113095,0.5032959045020889,0.2632445447399113,0.41702600616051677,0.5606883634868759,-2.8192817631169373,2.486580303846317,-2.921841313157002,-2.3302840836398757,-3.215787996382892,1.7111958757000287,0.5926786702113095,0.35860267654389194,0.23407599366741755,0.5032959045020889,0.45279240382018493,0.05050350068190401,0.2632445447399113,0.5709769059256762,0.30773236118576486,0.41702600616051677,0.5027371003668422,0.08571109420632539,0.5606883634868759,0.5713015480683297,0.010613184581453772,231.0,0.1056985294117647,1036.0,0.4756433823529412,1383.0,0.6351102941176471,2046.0,0.9397977941176471,1995.0,0.9163602941176471,0.1056985294117647,WACC_0p1_WRT_0p9,0.6145220588235294,552,False,,,False,False,False,False,False,204.0,0.8638297872340426
SPLL,RialtoBridgeTimelapse,250,0.61,186,0.8,0.5507670696226381,0,63,1573,627,3,0.999,0.3096504999716992,0.3730234271537722,0.3680072901496276,0.3026338228572285,0.02301995102801397,0.12905002888400474,-2.8192817631169373,2.486580303846317,-2.921841313157002,-2.3302840836398757,-3.215787996382892,1.7111958757000287,0.3730234271537722,0.3927500778607327,0.019726650706960502,0.3680072901496276,0.3681124944705723,0.00010520432094474064,0.3026338228572285,0.39399171254487714,0.09135788968764863,0.02301995102801397,0.32529166856076874,0.3022717175327548,0.12905002888400474,0.3525604516066574,0.22351042272265265,537.0,0.24632352941176472,232.0,0.10615808823529412,280.0,0.12821691176470587,580.0,0.26608455882352944,542.0,0.24862132352941177,0.10615808823529412,WACC_0p3_WRT_0p7,0.1990808823529412,553,False,,,False,False,False,False,False,63.0,0.26382978723404255
SPLL,RialtoBridgeTimelapse,268,0.62,143,0.8250000000000001,0.612582966835167,0,27,427,222,10,0.676,0.2456059650924451,0.309492006176984,0.30725212254683254,0.24566246308083595,0.014242303477826257,0.10588355564375347,-2.8192817631169373,2.486580303846317,-2.921841313157002,-2.3302840836398757,-3.215787996382892,1.7111958757000287,0.309492006176984,0.3714487097421619,0.06195670356517785,0.30725212254683254,0.3696070676762864,0.06235494512945389,0.24566246308083595,0.3954532544498227,0.14979079136898676,0.014242303477826257,0.25070100413226054,0.23645870065443428,0.10588355564375347,0.2614373333272928,0.15555377768353934,333.0,0.15257352941176472,244.0,0.11167279411764706,287.0,0.13143382352941177,233.0,0.10661764705882353,272.0,0.12454044117647059,0.10661764705882353,WACC_0p7_WRT_0p3,0.12536764705882353,554,False,,,False,False,False,False,False,27.0,0.11063829787234042
SPLL,RialtoBridgeTimelapse,575,0.61,162,0.8,0.5832626145720154,0,44,299,207,9,0.783,0.2665286701839898,0.3353888484422171,0.32913588309547337,0.2597762600955705,0.03183497766927481,0.1288745107133162,-2.8192817631169373,2.486580303846317,-2.921841313157002,-2.3302840836398757,-3.215787996382892,1.7111958757000287,0.3353888484422171,0.3800484344185011,0.044659585976284,0.32913588309547337,0.39019875131693965,0.06106286822146628,0.2597762600955705,0.38381241905800595,0.12403615896243547,0.03183497766927481,0.2558345130915494,0.2239995354222746,0.1288745107133162,0.27424586420442226,0.14537135349110605,416.0,0.19071691176470587,392.0,0.1796875,233.0,0.10661764705882353,270.0,0.12362132352941177,316.0,0.14476102941176472,0.10661764705882353,WACC_0p5_WRT_0p5,0.14908088235294117,555,False,,,False,False,False,False,False,44.0,0.1829787234042553
SPLL,RialtoBridgeTimelapse,1952,0.46,201,0.4250000000000001,0.5325131726842642,0,82,156,781,2,0.041,0.30216849616716124,0.33287532700969585,0.24543063663057046,0.22072411282450088,0.4269240901276391,0.5102195535059165,-2.8192817631169373,2.486580303846317,-2.921841313157002,-2.3302840836398757,-3.215787996382892,1.7111958757000287,0.33287532700969585,0.37897551874699675,0.0461001917373009,0.24543063663057046,0.3682923780235719,0.12286174139300143,0.22072411282450088,0.4486078203444046,0.22788370751990372,0.4269240901276391,0.39418953075844065,0.032734559369198446,0.5102195535059165,0.4680266756448056,0.04219287786111092,404.0,0.18520220588235295,233.0,0.10661764705882353,543.0,0.24908088235294118,1038.0,0.4765625,1189.0,0.5459558823529411,0.10661764705882353,WACC_0p3_WRT_0p7,0.31268382352941176,556,False,,,False,False,False,False,False,82.0,0.3446808510638298
SPLL,RialtoBridgeTimelapse,431,0.36,350,0.175,0.401801192190498,0,165,2312,3884,1,0.6,0.5371296305722497,0.44481742893427206,0.3060937721621018,0.41992093776026157,0.6680094783649528,0.7691410129546292,-2.8192817631169373,2.486580303846317,-2.921841313157002,-2.3302840836398757,-3.215787996382892,1.7111958757000287,0.44481742893427206,0.3589745173856409,0.08584291154863116,0.3060937721621018,0.42366846189707674,0.11757468973497492,0.41992093776026157,0.549725789584183,0.12980485182392149,0.6680094783649528,0.495959121002607,0.17205035736234586,0.7691410129546292,0.5594194543668317,0.2097215585877975,234.0,0.10707720588235294,673.0,0.3088235294117647,1121.0,0.5147058823529411,2016.0,0.9260110294117647,1920.0,0.8818933823529411,0.10707720588235294,WACC_0p1_WRT_0p9,0.5477022058823529,557,False,,,False,False,False,False,False,165.0,0.6978723404255319
SPLL,RialtoBridgeTimelapse,1785,0.37,173,0.2,0.5678130715313164,0,62,138,2910,3,0.798,0.6093139791256551,0.29439480160179066,0.1483806826396425,0.5382469343299292,0.7146576406820758,0.7794743124326435,-2.8192817631169373,2.486580303846317,-2.921841313157002,-2.3302840836398757,-3.215787996382892,1.7111958757000287,0.29439480160179066,0.3594670513843382,0.06507224978254755,0.1483806826396425,0.4264082908028989,0.2780276081632564,0.5382469343299292,0.5398723359640984,0.0016254016341692434,0.7146576406820758,0.5189979615832145,0.19565967909886128,0.7794743124326435,0.5814266476245994,0.19804766480804414,236.0,0.10799632352941177,705.0,0.3235294117647059,1041.0,0.47794117647058826,2114.0,0.9710477941176471,2046.0,0.9397977941176471,0.10799632352941177,WACC_0p1_WRT_0p9,0.5640625,558,False,,,False,False,False,False,False,62.0,0.25957446808510637
SPLL,RialtoBridgeTimelapse,1731,0.47,188,0.45,0.548250292296512,0,72,3487,3627,3,0.866,0.28027019492636684,0.31921561278959365,0.23669787159604244,0.20315647880758858,0.4039763117492809,0.48487974943061973,-2.8192817631169373,2.486580303846317,-2.921841313157002,-2.3302840836398757,-3.215787996382892,1.7111958757000287,0.31921561278959365,0.359680636280051,0.04046502349045733,0.23669787159604244,0.4164794476398829,0.17978157604384049,0.20315647880758858,0.5545955988382342,0.3514391200306456,0.4039763117492809,0.45708251276550177,0.05310620101622088,0.48487974943061973,0.5211390917706439,0.03625934234002415,238.0,0.10891544117647059,600.0,0.27527573529411764,1166.0,0.5353860294117647,1689.0,0.7757352941176471,1619.0,0.7435661764705882,0.10891544117647059,WACC_0p1_WRT_0p9,0.48777573529411766,559,False,,,False,False,False,False,False,72.0,0.3021276595744681
SPLL,RialtoBridgeTimelapse,198,0.61,170,0.8,0.571927520236409,0,50,529,275,10,0.817,0.28153020071234075,0.3484756940691872,0.3426564733644502,0.2746908777077923,0.02875190264202643,0.12891835186358827,-2.8192817631169373,2.486580303846317,-2.921841313157002,-2.3302840836398757,-3.215787996382892,1.7111958757000287,0.3484756940691872,0.3873026353167047,0.03882694124751751,0.3426564733644502,0.3895835801763556,0.04692710681190537,0.2746908777077923,0.3999711077552476,0.12528023004745525,0.02875190264202643,0.2513035282664861,0.22255162562445968,0.12891835186358827,0.26142601820657557,0.1325076663429873,479.0,0.21966911764705882,384.0,0.17601102941176472,304.0,0.13924632352941177,239.0,0.109375,271.0,0.12408088235294118,0.109375,WACC_0p7_WRT_0p3,0.15367647058823528,560,False,,,False,False,False,False,False,50.0,0.20851063829787234
SPLL,RialtoBridgeTimelapse,385,0.62,157,0.8250000000000001,0.5906331433253553,0,38,1030,456,7,0.999,0.2748893090771933,0.3350705105491131,0.33365757054496065,0.27474756958087426,0.00916537610762587,0.10606713051261298,-2.8192817631169373,2.486580303846317,-2.921841313157002,-2.3302840836398757,-3.215787996382892,1.7111958757000287,0.3350705105491131,0.40537909872274647,0.07030858817363339,0.33365757054496065,0.3866570739416553,0.05299950339669468,0.27474756958087426,0.3856002453828302,0.11085267580195596,0.00916537610762587,0.2755414130069671,0.26637603689934125,0.10606713051261298,0.2946147932374012,0.18854766272478823,713.0,0.3272058823529412,359.0,0.1645220588235294,240.0,0.10983455882352941,374.0,0.1714154411764706,371.0,0.17003676470588236,0.10983455882352941,WACC_0p5_WRT_0p5,0.18860294117647058,561,False,,,False,False,False,False,False,38.0,0.1574468085106383
SPLL,RialtoBridgeTimelapse,1121,0.48,327,0.475,0.4178344875872514,0,153,4657,3752,4,0.964,0.2793045946298056,0.45124376226872936,0.3821057931488013,0.18087502318105053,0.3290790331794465,0.44298779197968213,-2.8192817631169373,2.486580303846317,-2.921841313157002,-2.3302840836398757,-3.215787996382892,1.7111958757000287,0.45124376226872936,0.35969024146760703,0.09155352080112233,0.3821057931488013,0.42747977871328324,0.04537398556448197,0.18087502318105053,0.5403619515894036,0.35948692840835306,0.3290790331794465,0.4453419227249912,0.1162628895455447,0.44298779197968213,0.5048283420771366,0.06184055009745443,240.0,0.10983455882352941,716.0,0.32858455882352944,1045.0,0.4797794117647059,1587.0,0.7288602941176471,1471.0,0.6755514705882353,0.10983455882352941,WACC_0p1_WRT_0p9,0.46452205882352937,562,False,,,False,False,False,False,False,153.0,0.6468085106382979
SPLL,RialtoBridgeTimelapse,999,0.46,117,0.4250000000000001,0.6596918007817153,0,20,452,1566,6,0.989,0.378355171260199,0.21479021536902235,0.11778802859421832,0.3330365541032798,0.482193394812288,0.5363595362077379,-2.8192817631169373,2.486580303846317,-2.921841313157002,-2.3302840836398757,-3.215787996382892,1.7111958757000287,0.21479021536902235,0.359834505385999,0.14504429001697663,0.11778802859421832,0.4141455579439063,0.29635752934968795,0.3330365541032798,0.5146033026025735,0.18156674849929366,0.482193394812288,0.41345462563864077,0.06873876917364724,0.5363595362077379,0.4891263123311687,0.0472332238765692,241.0,0.11029411764705882,577.0,0.2647058823529412,903.0,0.41452205882352944,1237.0,0.5680147058823529,1356.0,0.6227022058823529,0.11029411764705882,WACC_0p1_WRT_0p9,0.396047794117647,563,False,,,False,False,False,False,False,20.0,0.08085106382978724
SPLL,RialtoBridgeTimelapse,1635,0.61,249,0.8,0.4820770212075161,0,112,1183,245,3,0.161,0.40182620925737866,0.45360451572939875,0.45115078731097913,0.3941267743823566,0.046615160805133636,0.12982934587217795,-2.8192817631169373,2.486580303846317,-2.921841313157002,-2.3302840836398757,-3.215787996382892,1.7111958757000287,0.45360451572939875,0.4399963068772148,0.013608208852183945,0.45115078731097913,0.4069374014140781,0.04421338589690105,0.3941267743823566,0.42337964302858566,0.029252868646229058,0.046615160805133636,0.2517932904552391,0.20517812965010548,0.12982934587217795,0.2603304794810463,0.13050113360886836,1372.0,0.6300551470588235,519.0,0.23805147058823528,409.0,0.1875,242.0,0.11075367647058823,266.0,0.12178308823529412,0.11075367647058823,WACC_0p7_WRT_0p3,0.2576286764705883,564,False,,,False,False,False,False,False,112.0,0.4723404255319149
SPLL,RialtoBridgeTimelapse,98,0.62,192,0.8250000000000001,0.5432956643483142,0,61,1009,302,7,0.962,0.3385552153832976,0.3907455171396249,0.39109185126971074,0.33792656446327735,0.035305801609820046,0.10665796585083336,-2.8192817631169373,2.486580303846317,-2.921841313157002,-2.3302840836398757,-3.215787996382892,1.7111958757000287,0.3907455171396249,0.3984953433650012,0.007749826225376288,0.39109185126971074,0.39165233836340374,0.0005604870936929962,0.33792656446327735,0.38568172212501256,0.047755157661735215,0.035305801609820046,0.25995075404806584,0.22464495243824578,0.10665796585083336,0.26125206166463893,0.15459409581380557,614.0,0.28170955882352944,401.0,0.18382352941176472,243.0,0.11121323529411764,295.0,0.13511029411764705,269.0,0.12316176470588236,0.11121323529411764,WACC_0p5_WRT_0p5,0.16700367647058825,565,False,,,False,False,False,False,False,61.0,0.2553191489361702
SPLL,RialtoBridgeTimelapse,880,0.62,411,0.8250000000000001,0.3638931201805629,0,161,3613,283,9,0.004,0.5842242843851375,0.606024998271899,0.6128910149797582,0.5813274104018485,0.135307342981352,0.11027284207890363,-2.8192817631169373,2.486580303846317,-2.921841313157002,-2.3302840836398757,-3.215787996382892,1.7111958757000287,0.606024998271899,0.527642318944087,0.07838267932781207,0.6128910149797582,0.49658292511688995,0.11630808986286822,0.5813274104018485,0.48531476696961534,0.0960126434322332,0.135307342981352,0.2519773421352922,0.11666999915394022,0.11027284207890363,0.27086586465821094,0.1605930225793073,2157.0,0.9908088235294118,1941.0,0.8915441176470589,742.0,0.3405330882352941,243.0,0.11121323529411764,302.0,0.13832720588235295,0.11121323529411764,WACC_0p7_WRT_0p3,0.494485294117647,566,False,,,False,False,False,False,False,161.0,0.6808510638297872
SPLL,RialtoBridgeTimelapse,351,0.62,177,0.8250000000000001,0.5624361392270425,0,53,1063,506,2,0.734,0.3127349790623462,0.3681569775117239,0.3677953079667021,0.31231174165753334,0.024722022511224122,0.10639111538645363,-2.8192817631169373,2.486580303846317,-2.921841313157002,-2.3302840836398757,-3.215787996382892,1.7111958757000287,0.3681569775117239,0.39417332074943384,0.02601634323770996,0.3677953079667021,0.38693050615012364,0.01913519818342152,0.31231174165753334,0.3860134727641198,0.07370173110658645,0.024722022511224122,0.2920933586836798,0.2673713361724557,0.10639111538645363,0.32695959653548784,0.2205684811490342,558.0,0.25597426470588236,363.0,0.16636029411764705,245.0,0.11213235294117647,436.0,0.19990808823529413,468.0,0.21461397058823528,0.11213235294117647,WACC_0p5_WRT_0p5,0.18979779411764708,567,False,,,False,False,False,False,False,53.0,0.22127659574468084
SPLL,RialtoBridgeTimelapse,609,0.6,310,0.775,0.4304251651410874,0,141,4902,1369,1,0.729,0.45219552110909866,0.5051770328758528,0.4995692248570803,0.43752758489465854,0.052635293346184366,0.15286861197597987,-2.8192817631169373,2.486580303846317,-2.921841313157002,-2.3302840836398757,-3.215787996382892,1.7111958757000287,0.5051770328758528,0.3648645334946639,0.1403124993811889,0.4995692248570803,0.3697858248515523,0.12978340000552796,0.43752758489465854,0.4312429217824993,0.00628466311215925,0.052635293346184366,0.3589281397294428,0.30629284638325843,0.15286861197597987,0.39883918692244597,0.2459705749464661,290.0,0.1328125,246.0,0.11259191176470588,450.0,0.20634191176470587,756.0,0.3469669117647059,727.0,0.3336397058823529,0.11259191176470588,WACC_0p3_WRT_0p7,0.22647058823529412,568,False,,,False,False,False,False,False,141.0,0.5957446808510638
SPLL,RialtoBridgeTimelapse,252,0.53,84,0.6000000000000002,0.7372962414897908,0,6,2105,364,10,0.999,0.20350960792654293,0.14783498035501047,0.08824331259030975,0.17975200806250832,0.3052154888682837,0.3498055531794611,-2.8192817631169373,2.486580303846317,-2.921841313157002,-2.3302840836398757,-3.215787996382892,1.7111958757000287,0.14783498035501047,0.4158067423235819,0.2679717619685714,0.08824331259030975,0.3872523860634323,0.29900907347312256,0.17975200806250832,0.3865995987862384,0.20684759072373007,0.3052154888682837,0.258424285838467,0.04679120302981671,0.3498055531794611,0.2711530376185204,0.07865251556094072,886.0,0.40670955882352944,366.0,0.16773897058823528,247.0,0.1130514705882353,288.0,0.13189338235294118,304.0,0.13924632352941177,0.1130514705882353,WACC_0p5_WRT_0p5,0.19172794117647057,569,False,,,False,False,False,False,False,6.0,0.02127659574468085
SPLL,RialtoBridgeTimelapse,2083,0.57,173,0.7,0.5678130715313164,0,58,4478,2097,2,0.836,0.2215272627389078,0.3277794911591741,0.3011067897214825,0.18734859223755876,0.1317189477671389,0.2236722135604691,-2.8192817631169373,2.486580303846317,-2.921841313157002,-2.3302840836398757,-3.215787996382892,1.7111958757000287,0.3277794911591741,0.3603720376588033,0.03259254649962923,0.3011067897214825,0.39461796208451205,0.09351117236302953,0.18734859223755876,0.486268444190982,0.2989198519534232,0.1317189477671389,0.37053892334573146,0.23881997557859255,0.2236722135604691,0.4281925192528007,0.20452030569233162,247.0,0.1130514705882353,424.0,0.19439338235294118,750.0,0.34420955882352944,836.0,0.3837316176470588,903.0,0.41452205882352944,0.1130514705882353,WACC_0p1_WRT_0p9,0.2899816176470588,570,False,,,False,False,False,False,False,58.0,0.2425531914893617
SPLL,RialtoBridgeTimelapse,1249,0.61,421,0.8,0.3582195907830433,0,170,4961,259,3,0.307,0.5706025330662057,0.6014303507826682,0.6034995669686756,0.5614083566958775,0.115458410743394,0.13209492249774507,-2.8192817631169373,2.486580303846317,-2.921841313157002,-2.3302840836398757,-3.215787996382892,1.7111958757000287,0.6014303507826682,0.4803128699666674,0.12111748081600077,0.6034995669686756,0.45441455346977866,0.1490850134988969,0.5614083566958775,0.44995590429585974,0.11145245240001778,0.115458410743394,0.26419429859402177,0.14873588785062777,0.13209492249774507,0.2558981614457768,0.12380323894803175,1990.0,0.9140625,1062.0,0.4875919117647059,554.0,0.2541360294117647,313.0,0.14338235294117646,247.0,0.1130514705882353,0.1130514705882353,WACC_0p9_WRT_0p1,0.38244485294117647,571,False,,,False,False,False,False,False,170.0,0.7191489361702128
SPLL,RialtoBridgeTimelapse,379,0.62,131,0.8250000000000001,0.6331676692030894,0,17,444,277,7,0.341,0.21830293038825496,0.28566507326937157,0.2826409965363937,0.2185251843156995,0.019828760467669335,0.1057777988273792,-2.8192817631169373,2.486580303846317,-2.921841313157002,-2.3302840836398757,-3.215787996382892,1.7111958757000287,0.28566507326937157,0.38875841448447396,0.10309334121510239,0.2826409965363937,0.37044821953029144,0.08780722299389776,0.2185251843156995,0.43062045580112673,0.21209527148542723,0.019828760467669335,0.3003514894591792,0.2805227289915099,0.1057777988273792,0.3064569416006319,0.20067914277325272,495.0,0.2270220588235294,249.0,0.11397058823529412,447.0,0.20496323529411764,467.0,0.21415441176470587,406.0,0.18612132352941177,0.11397058823529412,WACC_0p3_WRT_0p7,0.18924632352941176,572,False,,,False,False,False,False,False,17.0,0.06808510638297872
SPLL,RialtoBridgeTimelapse,576,0.62,264,0.8250000000000001,0.4682920637394966,0,108,4519,556,2,0.999,0.44057014497700947,0.4800796297713514,0.4831703974712718,0.4390533523313292,0.07695147815625442,0.10797477988403459,-2.8192817631169373,2.486580303846317,-2.921841313157002,-2.3302840836398757,-3.215787996382892,1.7111958757000287,0.4800796297713514,0.4085765829904634,0.07150304678088798,0.4831703974712718,0.39347426422524356,0.08969613324602821,0.4390533523313292,0.3870280732261446,0.05202527910518462,0.07695147815625442,0.29265894672524984,0.21570746856899542,0.10797477988403459,0.3091101024268143,0.20113532254277972,759.0,0.3483455882352941,410.0,0.1879595588235294,249.0,0.11397058823529412,438.0,0.20082720588235295,418.0,0.19163602941176472,0.11397058823529412,WACC_0p5_WRT_0p5,0.20854779411764707,573,False,,,False,False,False,False,False,108.0,0.4553191489361702
SPLL,RialtoBridgeTimelapse,787,0.61,379,0.8,0.3830206917983617,0,162,4396,259,9,0.117,0.5365977922103335,0.5716272111842331,0.5727969111816635,0.5277218016154235,0.10162592155239836,0.13158007501048516,-2.8192817631169373,2.486580303846317,-2.921841313157002,-2.3302840836398757,-3.215787996382892,1.7111958757000287,0.5716272111842331,0.518218207406381,0.05340900377785207,0.5727969111816635,0.4766134730786125,0.09618343810305102,0.5277218016154235,0.4670101613363273,0.0607116402790962,0.10162592155239836,0.2562940034387335,0.15466808188633513,0.13158007501048516,0.2563721960068068,0.12479212099632161,2144.0,0.9848345588235294,1495.0,0.6865808823529411,648.0,0.29733455882352944,272.0,0.12454044117647059,249.0,0.11397058823529412,0.11397058823529412,WACC_0p9_WRT_0p1,0.4414522058823529,574,False,,,False,False,False,False,False,162.0,0.6851063829787234
SPLL,RialtoBridgeTimelapse,516,0.61,322,0.8,0.4214685811274063,0,145,1068,232,6,0.79,0.4840721965840019,0.5256083841771922,0.5253785270434537,0.47567304518926173,0.08022687582591966,0.13083503647478148,-2.8192817631169373,2.486580303846317,-2.921841313157002,-2.3302840836398757,-3.215787996382892,1.7111958757000287,0.5256083841771922,0.40684098334097096,0.11876740083622128,0.5253785270434537,0.4041649755867236,0.12121355145673007,0.47567304518926173,0.40740253682743593,0.0682705083618258,0.08022687582591966,0.25703383868164603,0.1768069628557264,0.13083503647478148,0.2566092472097219,0.1257742107349404,738.0,0.33869485294117646,492.0,0.22564338235294118,337.0,0.15441176470588236,279.0,0.12775735294117646,250.0,0.11443014705882353,0.11443014705882353,WACC_0p9_WRT_0p1,0.19218749999999998,575,False,,,False,False,False,False,False,145.0,0.6127659574468085
SPLL,RialtoBridgeTimelapse,452,0.61,401,0.8,0.3697060621939086,0,167,1714,440,10,0.999,0.554842272138269,0.5876164671622333,0.589269355752388,0.5457963964724873,0.10904928213809312,0.1318534578438715,-2.8192817631169373,2.486580303846317,-2.921841313157002,-2.3302840836398757,-3.215787996382892,1.7111958757000287,0.5876164671622333,0.43560358831114326,0.15201287885109,0.589269355752388,0.40572595328388683,0.1835434024685012,0.5457963964724873,0.3984982233936857,0.14729817307880166,0.10904928213809312,0.2526537232474925,0.1436044411093994,0.1318534578438715,0.2752936129449526,0.14344015510108107,1273.0,0.5845588235294118,506.0,0.23207720588235295,295.0,0.13511029411764705,250.0,0.11443014705882353,319.0,0.14613970588235295,0.11443014705882353,WACC_0p7_WRT_0p3,0.24246323529411767,576,False,,,False,False,False,False,False,167.0,0.7063829787234043
SPLL,RialtoBridgeTimelapse,1390,0.43,174,0.3500000000000001,0.5664573380935396,0,64,2559,2758,1,0.651,0.415630603486566,0.29794077505354305,0.18980888201395651,0.34442447183011093,0.5301414567123905,0.601925102380025,-2.8192817631169373,2.486580303846317,-2.921841313157002,-2.3302840836398757,-3.215787996382892,1.7111958757000287,0.29794077505354305,0.3608572657466709,0.06291649069312782,0.18980888201395651,0.40839096260241364,0.21858208058845713,0.34442447183011093,0.517129041844232,0.1727045700141211,0.5301414567123905,0.45375889664818847,0.07638256006420208,0.601925102380025,0.5066242701168368,0.0953008322631882,250.0,0.11443014705882353,533.0,0.24448529411764705,912.0,0.4186580882352941,1661.0,0.7628676470588235,1485.0,0.6819852941176471,0.11443014705882353,WACC_0p1_WRT_0p9,0.4444852941176471,577,False,,,False,False,False,False,False,64.0,0.2680851063829787
SPLL,RialtoBridgeTimelapse,1149,0.61,98,0.8,0.7012260087316409,0,5,2309,262,5,0.685,0.11365622633440539,0.2025928656585555,0.1915785630422684,0.10729526497617488,0.06487083010551176,0.13012230774427852,-2.8192817631169373,2.486580303846317,-2.921841313157002,-2.3302840836398757,-3.215787996382892,1.7111958757000287,0.2025928656585555,0.3946132127853667,0.1920203471268112,0.1915785630422684,0.3872398138225937,0.1956612507803253,0.10729526497617488,0.38714785318858447,0.2798525882124096,0.06487083010551176,0.26753113213151125,0.2026603020259995,0.13012230774427852,0.284387084738507,0.15426477699422847,563.0,0.25827205882352944,365.0,0.16727941176470587,251.0,0.11488970588235294,332.0,0.15211397058823528,340.0,0.1557904411764706,0.11488970588235294,WACC_0p5_WRT_0p5,0.1696691176470588,578,False,,,False,False,False,False,False,5.0,0.01702127659574468
SPLL,RialtoBridgeTimelapse,929,0.62,203,0.8250000000000001,0.5301823672547157,0,69,982,270,2,0.262,0.3562998769030062,0.4062752825146131,0.40710452906563016,0.35552476484873835,0.04256759496643424,0.10685950383790044,-2.8192817631169373,2.486580303846317,-2.921841313157002,-2.3302840836398757,-3.215787996382892,1.7111958757000287,0.4062752825146131,0.4062942681016728,1.8985587059705544e-05,0.40710452906563016,0.3777825779429809,0.029321951122649237,0.35552476484873835,0.39474664357031924,0.039221878721580894,0.04256759496643424,0.25289717902129605,0.2103295840548618,0.10685950383790044,0.26793830509030914,0.1610788012524087,723.0,0.3318014705882353,313.0,0.14338235294117646,283.0,0.12959558823529413,251.0,0.11488970588235294,288.0,0.13189338235294118,0.11488970588235294,WACC_0p7_WRT_0p3,0.1703125,579,False,,,False,False,False,False,False,69.0,0.28936170212765955
SPLL,RialtoBridgeTimelapse,1720,0.6,125,0.775,0.6441731343402461,0,16,4082,1278,1,0.621,0.1707030652607908,0.25988769458141014,0.2459745704560484,0.15742497494573188,0.07470851379652876,0.15287230583391662,-2.8192817631169373,2.486580303846317,-2.921841313157002,-2.3302840836398757,-3.215787996382892,1.7111958757000287,0.25988769458141014,0.3856890748642826,0.12580138028287247,0.2459745704560484,0.3705696762677786,0.1245951058117302,0.15742497494573188,0.44810392822334344,0.29067895327761156,0.07470851379652876,0.3724141302539709,0.29770561645744215,0.15287230583391662,0.41226025388630877,0.2593879480523922,467.0,0.21415441176470587,251.0,0.11488970588235294,540.0,0.24770220588235295,846.0,0.3883272058823529,807.0,0.3704044117647059,0.11488970588235294,WACC_0p3_WRT_0p7,0.2670955882352941,580,False,,,False,False,False,False,False,16.0,0.06382978723404255
SPLL,RialtoBridgeTimelapse,170,0.61,132,0.8,0.631382190256671,0,19,586,339,10,0.847,0.20338755621415203,0.28039166763501444,0.27226169258682503,0.19692654213101043,0.04505518778698921,0.12894514013394417,-2.8192817631169373,2.486580303846317,-2.921841313157002,-2.3302840836398757,-3.215787996382892,1.7111958757000287,0.28039166763501444,0.3930385575874065,0.11264688995239208,0.27226169258682503,0.3951455279935864,0.12288383540676134,0.19692654213101043,0.3873237827653783,0.1903972406343679,0.04505518778698921,0.27219247444816175,0.22713728666117253,0.12894514013394417,0.28808070805034297,0.1591355679163988,543.0,0.24908088235294118,426.0,0.1953125,252.0,0.11534926470588236,356.0,0.16314338235294118,348.0,0.15946691176470587,0.11534926470588236,WACC_0p5_WRT_0p5,0.1764705882352941,581,False,,,False,False,False,False,False,19.0,0.07659574468085106
SPLL,RialtoBridgeTimelapse,429,0.37,675,0.2,0.2467484225761941,0,214,2363,4723,4,0.872,0.42009326309548783,0.5956990928310857,0.47305501682157974,0.2568226506809854,0.5785784581046985,0.7175563340751829,-2.8192817631169373,2.486580303846317,-2.921841313157002,-2.3302840836398757,-3.215787996382892,1.7111958757000287,0.5956990928310857,0.36167473520775173,0.23402435762333396,0.47305501682157974,0.4551752911588265,0.017879725662753254,0.2568226506809854,0.5835966357331663,0.3267739850521809,0.5785784581046985,0.5151891931254066,0.06338926497929198,0.7175563340751829,0.5870563466829737,0.13049998739220925,252.0,0.11534926470588236,1069.0,0.49080882352941174,1573.0,0.7224264705882353,2097.0,0.9632352941176471,2075.0,0.953125,0.11534926470588236,WACC_0p1_WRT_0p9,0.6489889705882353,582,False,,,False,False,False,False,False,214.0,0.9063829787234042
SPLL,RialtoBridgeTimelapse,222,0.61,194,0.8,0.5408567268970217,0,70,4480,989,1,0.999,0.32286888095399646,0.38456908134237994,0.37992645129555097,0.3157630504478362,0.02034449756383334,0.12913176170447851,-2.8192817631169373,2.486580303846317,-2.921841313157002,-2.3302840836398757,-3.215787996382892,1.7111958757000287,0.38456908134237994,0.3643203297861533,0.02024875155622663,0.37992645129555097,0.37080925756077804,0.009117193734772933,0.3157630504478362,0.4031582191864733,0.08739516873863712,0.02034449756383334,0.32741272638250885,0.3070682288186755,0.12913176170447851,0.3698880696140789,0.24075630790960037,280.0,0.12821691176470587,253.0,0.11580882352941177,319.0,0.14613970588235295,588.0,0.2697610294117647,593.0,0.27205882352941174,0.11580882352941177,WACC_0p3_WRT_0p7,0.1863970588235294,583,False,,,False,False,False,False,False,70.0,0.2936170212765957
SPLL,RialtoBridgeTimelapse,616,0.61,242,0.8,0.4887956222762502,0,108,971,276,9,0.504,0.3927571963793845,0.4456699462772745,0.44296793178384125,0.38513047613168616,0.04289901006185091,0.1297336780182946,-2.8192817631169373,2.486580303846317,-2.921841313157002,-2.3302840836398757,-3.215787996382892,1.7111958757000287,0.4456699462772745,0.46312861305001773,0.017458666772743214,0.44296793178384125,0.42479098298883494,0.01817694879500631,0.38513047613168616,0.4473748926736447,0.06224441654195856,0.04289901006185091,0.2531279779322691,0.2102289678704182,0.1297336780182946,0.26872939230074533,0.13899571428245072,1789.0,0.8216911764705882,686.0,0.3147977941176471,531.0,0.24356617647058823,253.0,0.11580882352941177,292.0,0.13373161764705882,0.11580882352941177,WACC_0p7_WRT_0p3,0.32591911764705883,584,False,,,False,False,False,False,False,108.0,0.4553191489361702
SPLL,RialtoBridgeTimelapse,1907,0.61,213,0.8,0.518860836823448,0,87,3584,452,2,0.599,0.35230894718676176,0.410296819525864,0.40647810458139755,0.3449930232006156,0.02629469587866411,0.12935333157481144,-2.8192817631169373,2.486580303846317,-2.921841313157002,-2.3302840836398757,-3.215787996382892,1.7111958757000287,0.410296819525864,0.4243818080143012,0.0140849884884372,0.40647810458139755,0.37779590932194024,0.02868219525945731,0.3449930232006156,0.3875509837704011,0.0425579605697855,0.02629469587866411,0.2674439334538329,0.24114923757516876,0.12935333157481144,0.30597822651207013,0.1766248949372587,1028.0,0.4719669117647059,314.0,0.14384191176470587,254.0,0.11626838235294118,330.0,0.15119485294117646,404.0,0.18520220588235295,0.11626838235294118,WACC_0p5_WRT_0p5,0.2136948529411765,585,False,,,False,False,False,False,False,87.0,0.3659574468085106
SPLL,RialtoBridgeTimelapse,370,0.61,144,0.8,0.6109457641941061,0,29,413,259,10,0.001,0.2300897002252989,0.30363099058330245,0.296306141967476,0.22352188672776202,0.03941062201280793,0.12885893532537424,-2.8192817631169373,2.486580303846317,-2.921841313157002,-2.3302840836398757,-3.215787996382892,1.7111958757000287,0.30363099058330245,0.4352839187999376,0.13165292821663516,0.296306141967476,0.4009538473725184,0.10464770540504237,0.22352188672776202,0.420300483572916,0.19677859684515397,0.03941062201280793,0.2534436305987951,0.21403300858598717,0.12885893532537424,0.27219159701265205,0.14333266168727782,1264.0,0.5804227941176471,472.0,0.21645220588235295,396.0,0.18152573529411764,256.0,0.1171875,307.0,0.140625,0.1171875,WACC_0p7_WRT_0p3,0.24724264705882354,586,False,,,False,False,False,False,False,29.0,0.11914893617021277
SPLL,RialtoBridgeTimelapse,1487,0.5,124,0.5250000000000001,0.6460582027798015,0,19,668,1994,6,0.974,0.2432667670537471,0.2300063143980389,0.15884230546236802,0.1939120860557808,0.3553892846527071,0.41729641210964075,-2.8192817631169373,2.486580303846317,-2.921841313157002,-2.3302840836398757,-3.215787996382892,1.7111958757000287,0.2300063143980389,0.36251873412016716,0.13251241972212827,0.15884230546236802,0.4259158953051386,0.26707358984277063,0.1939120860557808,0.5254103277513166,0.33149824169553577,0.3553892846527071,0.41519703038498473,0.05980774573227765,0.41729641210964075,0.4928033709373229,0.07550695882768216,256.0,0.1171875,697.0,0.31985294117647056,957.0,0.43933823529411764,1260.0,0.5785845588235294,1379.0,0.6332720588235294,0.1171875,WACC_0p1_WRT_0p9,0.4176470588235294,587,False,,,False,False,False,False,False,19.0,0.07659574468085106
SPLL,RialtoBridgeTimelapse,478,0.62,96,0.8250000000000001,0.7060542342204019,0,4,308,234,7,0.765,0.12314787632257418,0.20286910299869643,0.19696438120777107,0.12373403808054659,0.03999818810868509,0.10614218513601716,-2.8192817631169373,2.486580303846317,-2.921841313157002,-2.3302840836398757,-3.215787996382892,1.7111958757000287,0.20286910299869643,0.3806806859310297,0.1778115829323333,0.19696438120777107,0.37131249561367186,0.17434811440590078,0.12373403808054659,0.3927122621404585,0.2689782240599119,0.03999818810868509,0.277170791935765,0.2371726038270799,0.10614218513601716,0.30303403048326844,0.1968918453472513,422.0,0.19347426470588236,257.0,0.11764705882352941,272.0,0.12454044117647059,381.0,0.17463235294117646,393.0,0.1801470588235294,0.11764705882352941,WACC_0p3_WRT_0p7,0.15808823529411767,588,False,,,False,False,False,False,False,4.0,0.01276595744680851
SPLL,RialtoBridgeTimelapse,354,0.62,189,0.8250000000000001,0.5470018733706472,0,59,3201,479,2,0.7,0.33354794919704556,0.3863641138030918,0.38657366183768765,0.3329598804167649,0.033254973660684355,0.10660365585811722,-2.8192817631169373,2.486580303846317,-2.921841313157002,-2.3302840836398757,-3.215787996382892,1.7111958757000287,0.3863641138030918,0.401380852583173,0.015016738780081196,0.38657366183768765,0.38119799089979206,0.005375670937895594,0.3329598804167649,0.3878175144071019,0.054857633990336996,0.033254973660684355,0.28929807977983546,0.2560431061191511,0.10660365585811722,0.3165187398614797,0.2099150840033625,652.0,0.2991727941176471,330.0,0.15119485294117646,257.0,0.11764705882352941,425.0,0.1948529411764706,441.0,0.20220588235294118,0.11764705882352941,WACC_0p5_WRT_0p5,0.19301470588235295,589,False,,,False,False,False,False,False,59.0,0.24680851063829787
SPLL,RialtoBridgeTimelapse,1017,0.41,524,0.3,0.3065533144775201,0,195,2900,4742,2,0.707,0.3317124984875237,0.5451471594617066,0.442178420840786,0.18450510533039666,0.48664123000408627,0.61700030530276,-2.8192817631169373,2.486580303846317,-2.921841313157002,-2.3302840836398757,-3.215787996382892,1.7111958757000287,0.5451471594617066,0.3625402540432985,0.18260690541840807,0.442178420840786,0.4585047972148453,0.016326376374059315,0.18450510533039666,0.596650643611956,0.4121455382815593,0.48664123000408627,0.5087672808995982,0.02212605089551195,0.61700030530276,0.5836677123341603,0.033332592968599695,257.0,0.11764705882352941,1125.0,0.5165441176470589,1824.0,0.8377757352941176,2075.0,0.953125,2059.0,0.9457720588235294,0.11764705882352941,WACC_0p1_WRT_0p9,0.6741727941176471,590,False,,,False,False,False,False,False,195.0,0.825531914893617
SPLL,RialtoBridgeTimelapse,590,0.61,326,0.8,0.4185568540643868,0,146,4508,626,1,0.546,0.4880413050858494,0.5290850023999523,0.5289613893145665,0.47960682532599547,0.08184546756542783,0.13088892137224037,-2.8192817631169373,2.486580303846317,-2.921841313157002,-2.3302840836398757,-3.215787996382892,1.7111958757000287,0.5290850023999523,0.41771385852825604,0.11137114387169622,0.5289613893145665,0.38258108007335556,0.14638030924121093,0.47960682532599547,0.38823699991610927,0.0913698254098862,0.08184546756542783,0.3161478937968083,0.23430242623138048,0.13088892137224037,0.33849732374314995,0.20760840237090958,913.0,0.41911764705882354,338.0,0.15487132352941177,258.0,0.11810661764705882,539.0,0.24724264705882354,495.0,0.2270220588235294,0.11810661764705882,WACC_0p5_WRT_0p5,0.23327205882352944,591,False,,,False,False,False,False,False,146.0,0.6170212765957447
SPLL,RialtoBridgeTimelapse,258,0.61,243,0.8,0.4878240610033443,0,109,3694,448,8,0.999,0.39406799418692345,0.4468167037436686,0.44415061932854677,0.38643082754032426,0.0434362685563992,0.12974728782504674,-2.8192817631169373,2.486580303846317,-2.921841313157002,-2.3302840836398757,-3.215787996382892,1.7111958757000287,0.4468167037436686,0.45666574376687863,0.00984904002321002,0.44415061932854677,0.4234587287292186,0.02069189059932819,0.38643082754032426,0.40872779984776036,0.022296972307436103,0.0434362685563992,0.25364135630758466,0.21020508775118546,0.12974728782504674,0.27688677281906754,0.1471394849940208,1692.0,0.7771139705882353,671.0,0.3079044117647059,350.0,0.16038602941176472,258.0,0.11810661764705882,323.0,0.1479779411764706,0.11810661764705882,WACC_0p7_WRT_0p3,0.30229779411764707,592,False,,,False,False,False,False,False,109.0,0.4595744680851064
SPLL,RialtoBridgeTimelapse,1653,0.62,227,0.8250000000000001,0.5038691807078577,0,86,4532,524,1,0.559,0.39202929114869817,0.43755771383760766,0.4393516003000999,0.39094809688028337,0.05716454230621126,0.10730363319080916,-2.8192817631169373,2.486580303846317,-2.921841313157002,-2.3302840836398757,-3.215787996382892,1.7111958757000287,0.43755771383760766,0.4291181694060762,0.008439544431531443,0.4393516003000999,0.38999746112476774,0.04935413917533216,0.39094809688028337,0.38847930316942375,0.002468793710859618,0.05716454230621126,0.2942479792470352,0.23708343694082396,0.10730363319080916,0.31803257288080855,0.2107289396899994,1130.0,0.5188419117647058,389.0,0.17830882352941177,259.0,0.11856617647058823,448.0,0.20542279411764705,444.0,0.2035845588235294,0.11856617647058823,WACC_0p5_WRT_0p5,0.24494485294117646,593,False,,,False,False,False,False,False,86.0,0.3617021276595745
SPLL,RialtoBridgeTimelapse,1694,0.42,161,0.325,0.5847184643199843,0,51,232,1550,5,0.942,0.45882785446507435,0.28073062776777175,0.16490176031715348,0.3927282394053656,0.5688582903936692,0.6353749654422597,-2.8192817631169373,2.486580303846317,-2.921841313157002,-2.3302840836398757,-3.215787996382892,1.7111958757000287,0.28073062776777175,0.3627808398709643,0.08205021210319258,0.16490176031715348,0.41555120580377736,0.2506494454866239,0.3927282394053656,0.5168979887295015,0.12416974932413594,0.5688582903936692,0.4640109764863446,0.1048473139073246,0.6353749654422597,0.5271960218602659,0.10817894358199376,261.0,0.11948529411764706,586.0,0.2688419117647059,910.0,0.4177389705882353,1763.0,0.8097426470588235,1666.0,0.7651654411764706,0.11948529411764706,WACC_0p1_WRT_0p9,0.47619485294117647,594,False,,,False,False,False,False,False,51.0,0.2127659574468085
SPLL,RialtoBridgeTimelapse,2103,0.45,149,0.4000000000000001,0.6029255101170121,0,39,2539,2138,5,0.956,0.37461354362405413,0.26580705936052984,0.1672035542749984,0.31354319444003037,0.4861872183729023,0.5520096153779752,-2.8192817631169373,2.486580303846317,-2.921841313157002,-2.3302840836398757,-3.215787996382892,1.7111958757000287,0.26580705936052984,0.36285525896121484,0.097048199600685,0.1672035542749984,0.4281624249386143,0.2609588706636159,0.31354319444003037,0.5199473615912692,0.20640416715123883,0.4861872183729023,0.41831316018957576,0.06787405818332654,0.5520096153779752,0.4904111617366161,0.06159845364135913,262.0,0.11994485294117647,721.0,0.33088235294117646,928.0,0.4260110294117647,1294.0,0.5942095588235294,1369.0,0.6286764705882353,0.11994485294117647,WACC_0p1_WRT_0p9,0.41994485294117645,595,False,,,False,False,False,False,False,39.0,0.16170212765957448
SPLL,RialtoBridgeTimelapse,665,0.59,160,0.75,0.5861833286749027,0,44,4987,1500,1,0.873,0.22911019919129225,0.31839778954352116,0.30160790413316685,0.20888208832189112,0.08434850726958917,0.17571203209002972,-2.8192817631169373,2.486580303846317,-2.921841313157002,-2.3302840836398757,-3.215787996382892,1.7111958757000287,0.31839778954352116,0.3636838617029532,0.045286072159432034,0.30160790413316685,0.3719484786296538,0.07034057449648695,0.20888208832189112,0.4357684805505726,0.22688639222868148,0.08434850726958917,0.3535981690280328,0.26924966175844367,0.17571203209002972,0.39025834622026395,0.21454631413023423,273.0,0.125,263.0,0.12040441176470588,473.0,0.21691176470588236,708.0,0.3249080882352941,676.0,0.3102022058823529,0.12040441176470588,WACC_0p3_WRT_0p7,0.21948529411764706,596,False,,,False,False,False,False,False,44.0,0.1829787234042553
SPLL,RialtoBridgeTimelapse,216,0.61,179,0.8,0.5597928174542224,0,57,1055,426,1,0.43,0.29763838524529546,0.3625349368568934,0.35717723627716713,0.29069962421189405,0.025461404333359954,0.1289863885942652,-2.8192817631169373,2.486580303846317,-2.921841313157002,-2.3302840836398757,-3.215787996382892,1.7111958757000287,0.3625349368568934,0.42576904346109445,0.06323410660420103,0.35717723627716713,0.38552773004313545,0.02835049376596832,0.29069962421189405,0.3902001800592878,0.09950055584739376,0.025461404333359954,0.28001544318251803,0.25455403884915806,0.1289863885942652,0.29349064397098606,0.16450425537672086,1052.0,0.48299632352941174,354.0,0.16222426470588236,263.0,0.12040441176470588,399.0,0.18290441176470587,367.0,0.16819852941176472,0.12040441176470588,WACC_0p5_WRT_0p5,0.2233455882352941,597,False,,,False,False,False,False,False,57.0,0.23829787234042554
SPLL,RialtoBridgeTimelapse,608,0.58,232,0.725,0.4987372042515428,0,104,4204,2035,3,0.999,0.3257906721683135,0.41018234866503805,0.3916911478360592,0.2984904850986161,0.08579633896539135,0.19832182456025374,-2.8192817631169373,2.486580303846317,-2.921841313157002,-2.3302840836398757,-3.215787996382892,1.7111958757000287,0.41018234866503805,0.3630100424057873,0.04717230625925073,0.3916911478360592,0.40791958635569003,0.01622843851963085,0.2984904850986161,0.4775068166023948,0.17901633150377871,0.08579633896539135,0.36877779454540466,0.2829814555800133,0.19832182456025374,0.4326856810686998,0.23436385650844607,263.0,0.12040441176470588,532.0,0.24402573529411764,707.0,0.3244485294117647,826.0,0.3791360294117647,934.0,0.4287683823529412,0.12040441176470588,WACC_0p1_WRT_0p9,0.29935661764705884,598,False,,,False,False,False,False,False,104.0,0.43829787234042555
SPLL,RialtoBridgeTimelapse,266,0.61,134,0.8,0.6278511569827738,0,21,2385,239,7,0.528,0.20798832359807354,0.2843935515107488,0.276403653157135,0.20151086851779998,0.04407621382368808,0.12892356521925571,-2.8192817631169373,2.486580303846317,-2.921841313157002,-2.3302840836398757,-3.215787996382892,1.7111958757000287,0.2843935515107488,0.402623588585995,0.11823003707524621,0.276403653157135,0.37202358287155624,0.09561992971442124,0.20151086851779998,0.40996048917411876,0.20844962065631878,0.04407621382368808,0.291086516710286,0.24701030288659792,0.12892356521925571,0.28147437511215895,0.15255080989290323,662.0,0.3037683823529412,264.0,0.1208639705882353,355.0,0.16268382352941177,432.0,0.19806985294117646,335.0,0.15349264705882354,0.1208639705882353,WACC_0p3_WRT_0p7,0.18777573529411767,599,False,,,False,False,False,False,False,21.0,0.0851063829787234
SPLL,RialtoBridgeTimelapse,738,0.36,168,0.175,0.5747107857207654,0,58,2170,3683,6,0.902,0.6466684463833867,0.28823031336299143,0.1351610726012244,0.5773223777427299,0.7494310254159825,0.8116646166745035,-2.8192817631169373,2.486580303846317,-2.921841313157002,-2.3302840836398757,-3.215787996382892,1.7111958757000287,0.28823031336299143,0.36303849538263744,0.07480818201964601,0.1351610726012244,0.44998967128312284,0.31482859868189844,0.5773223777427299,0.5551246358390569,0.022197741903672963,0.7494310254159825,0.49280645275637575,0.25662457265960675,0.8116646166745035,0.5583558035592312,0.2533088131152723,264.0,0.1208639705882353,1002.0,0.4600183823529412,1172.0,0.5381433823529411,1995.0,0.9163602941176471,1906.0,0.8754595588235294,0.1208639705882353,WACC_0p1_WRT_0p9,0.5821691176470589,600,False,,,False,False,False,False,False,58.0,0.2425531914893617
SPLL,RialtoBridgeTimelapse,599,0.62,228,0.8250000000000001,0.5028338405982749,0,87,4396,556,4,0.999,0.39343827726075653,0.4387916480620071,0.44062338504097726,0.39234473756238825,0.057739558902303895,0.10732209063652769,-2.8192817631169373,2.486580303846317,-2.921841313157002,-2.3302840836398757,-3.215787996382892,1.7111958757000287,0.4387916480620071,0.42055823675955584,0.018233411302451263,0.44062338504097726,0.4133237038609486,0.02729968118002868,0.39234473756238825,0.39040819596068055,0.0019365416017076975,0.057739558902303895,0.27088132123238606,0.21314176233008217,0.10732209063652769,0.3110484479793075,0.20372635734277977,954.0,0.43795955882352944,570.0,0.2614889705882353,265.0,0.1213235294117647,352.0,0.16130514705882354,426.0,0.1953125,0.1213235294117647,WACC_0p5_WRT_0p5,0.2354779411764706,601,False,,,False,False,False,False,False,87.0,0.3659574468085106
SPLL,RialtoBridgeTimelapse,424,0.31,589,0.05,0.2789392882561997,0,207,2009,4240,8,0.979,0.6213027764256064,0.5550043999203584,0.39470095763068586,0.46961739698356864,0.7647738663383943,0.8881442434766357,-2.8192817631169373,2.486580303846317,-2.921841313157002,-2.3302840836398757,-3.215787996382892,1.7111958757000287,0.5550043999203584,0.3632371381556085,0.19176726176474995,0.39470095763068586,0.4633409979183041,0.06864004028761822,0.46961739698356864,0.5676857319612515,0.09806833497768286,0.7647738663383943,0.4894769435404929,0.27529692279790136,0.8881442434766357,0.5656680064919519,0.32247623698468375,266.0,0.12178308823529412,1209.0,0.5551470588235294,1338.0,0.6144301470588235,1971.0,0.9053308823529411,1966.0,0.9030330882352942,0.12178308823529412,WACC_0p1_WRT_0p9,0.6199448529411764,602,False,,,False,False,False,False,False,207.0,0.8765957446808511
SPLL,RialtoBridgeTimelapse,1287,0.35,131,0.15,0.6331676692030894,0,25,89,2373,3,0.878,0.7214801583256967,0.23779794500789472,0.07234318666618737,0.667353975110683,0.813423221300695,0.8618705237342019,-2.8192817631169373,2.486580303846317,-2.921841313157002,-2.3302840836398757,-3.215787996382892,1.7111958757000287,0.23779794500789472,0.36337046689489017,0.12557252188699544,0.07234318666618737,0.4033604727342038,0.3310172860680164,0.667353975110683,0.5311691440131748,0.13618483109750812,0.813423221300695,0.5233930590385816,0.2900301622621134,0.8618705237342019,0.5845038261599841,0.27736669757421784,267.0,0.12224264705882353,485.0,0.22242647058823528,989.0,0.4540441176470588,2120.0,0.9738051470588235,2063.0,0.9476102941176471,0.12224264705882353,WACC_0p1_WRT_0p9,0.5440257352941177,603,False,,,False,False,False,False,False,25.0,0.10212765957446808
SPLL,RialtoBridgeTimelapse,94,0.61,306,0.8,0.4334876653502567,0,139,5000,394,10,0.668,0.4677046451494341,0.5112732807720518,0.510604365810934,0.45944982375831994,0.07354921536217164,0.13061747462227416,-2.8192817631169373,2.486580303846317,-2.921841313157002,-2.3302840836398757,-3.215787996382892,1.7111958757000287,0.5112732807720518,0.47904203665532125,0.03223124411673056,0.510604365810934,0.45367614982569715,0.056928215985236896,0.45944982375831994,0.43130438307100916,0.028145440687310785,0.07354921536217164,0.2556511652545383,0.18210194989236667,0.13061747462227416,0.2777637316844498,0.14714625706217563,1977.0,0.9080882352941176,1046.0,0.4802389705882353,451.0,0.20680147058823528,268.0,0.12270220588235294,324.0,0.1484375,0.12270220588235294,WACC_0p7_WRT_0p3,0.3732536764705882,604,False,,,False,False,False,False,False,139.0,0.5872340425531914
SPLL,RialtoBridgeTimelapse,257,0.61,118,0.8,0.6576953768035289,0,11,416,229,7,0.745,0.1692846478282843,0.2507616742288692,0.24157301469701165,0.16291599588226593,0.052408362034081134,0.1292062280475759,-2.8192817631169373,2.486580303846317,-2.921841313157002,-2.3302840836398757,-3.215787996382892,1.7111958757000287,0.2507616742288692,0.3899493632115436,0.13918768898267442,0.24157301469701165,0.3723570606982858,0.13078404600127413,0.16291599588226593,0.408364426312088,0.2454484304298221,0.052408362034081134,0.26757679231178777,0.21516843027770663,0.1292062280475759,0.28622412681095977,0.15701789876338387,508.0,0.23299632352941177,269.0,0.12316176470588236,347.0,0.15900735294117646,333.0,0.15257352941176472,342.0,0.1567095588235294,0.12316176470588236,WACC_0p3_WRT_0p7,0.16488970588235294,605,False,,,False,False,False,False,False,11.0,0.0425531914893617
SPLL,RialtoBridgeTimelapse,1884,0.51,269,0.5500000000000002,0.4638699754104882,0,127,1421,2736,2,0.776,0.26424687898380517,0.4134525750630793,0.35877336020009554,0.18747377340369914,0.2615651781224448,0.36899025976040073,-2.8192817631169373,2.486580303846317,-2.921841313157002,-2.3302840836398757,-3.215787996382892,1.7111958757000287,0.4134525750630793,0.3635196286852033,0.049932946377875986,0.35877336020009554,0.41880654425843894,0.0600331840583434,0.18747377340369914,0.5249519536164374,0.3374781802127383,0.2615651781224448,0.428407726874336,0.1668425487518912,0.36899025976040073,0.48599673170155894,0.11700647194115821,269.0,0.12316176470588236,632.0,0.2899816176470588,953.0,0.4375,1403.0,0.6443014705882353,1333.0,0.6121323529411765,0.12316176470588236,WACC_0p1_WRT_0p9,0.42141544117647056,606,False,,,False,False,False,False,False,127.0,0.5361702127659574
SPLL,RialtoBridgeTimelapse,910,0.49,206,0.5000000000000001,0.526728658654641,0,87,705,2209,3,0.875,0.20783626251322349,0.34381402145137774,0.27439778389600117,0.12347665148654362,0.33842325698390446,0.4271951002029623,-2.8192817631169373,2.486580303846317,-2.921841313157002,-2.3302840836398757,-3.215787996382892,1.7111958757000287,0.34381402145137774,0.36354654027312666,0.019732518821748923,0.27439778389600117,0.4101203738562962,0.13572258996029501,0.12347665148654362,0.5268872312818215,0.40341057979527783,0.33842325698390446,0.4455157783393175,0.10709252135541303,0.4271951002029623,0.5158768934107159,0.08868179320775355,270.0,0.12362132352941177,545.0,0.25,968.0,0.4443933823529412,1592.0,0.7311580882352942,1570.0,0.7210477941176471,0.12362132352941177,WACC_0p1_WRT_0p9,0.4540441176470589,607,False,,,False,False,False,False,False,87.0,0.3659574468085106
SPLL,RialtoBridgeTimelapse,1686,0.59,122,0.75,0.6498740086880885,0,15,820,717,3,0.629,0.14827316171851557,0.24853123734848295,0.22900958379009687,0.12794208851021366,0.10283211571178993,0.17743458341275065,-2.8192817631169373,2.486580303846317,-2.921841313157002,-2.3302840836398757,-3.215787996382892,1.7111958757000287,0.24853123734848295,0.40847401331866307,0.1599427759701801,0.22900958379009687,0.3726998754409843,0.14369029165088745,0.12794208851021366,0.42435820109288486,0.2964161125826712,0.10283211571178993,0.34452317075118283,0.2416910550393929,0.17743458341275065,0.40279628980342447,0.22536170639067382,757.0,0.3474264705882353,271.0,0.12408088235294118,418.0,0.19163602941176472,668.0,0.30652573529411764,749.0,0.34375,0.12408088235294118,WACC_0p3_WRT_0p7,0.2626838235294118,608,False,,,False,False,False,False,False,15.0,0.059574468085106386
SPLL,RialtoBridgeTimelapse,1502,0.48,197,0.475,0.5372448271593553,0,79,3079,2896,3,0.857,0.2436817267767154,0.33149768425506876,0.2556044524103328,0.16295219495825847,0.37084231518738703,0.45568790629948397,-2.8192817631169373,2.486580303846317,-2.921841313157002,-2.3302840836398757,-3.215787996382892,1.7111958757000287,0.33149768425506876,0.3636156681329295,0.032117983877860745,0.2556044524103328,0.4180731021901605,0.16246864977982767,0.16295219495825847,0.5427089999369727,0.3797568049787143,0.37084231518738703,0.4401311758495912,0.06928886066220419,0.45568790629948397,0.5022155463781781,0.046527640078694144,272.0,0.12454044117647059,620.0,0.2844669117647059,1064.0,0.4885110294117647,1526.0,0.7008272058823529,1449.0,0.6654411764705882,0.12454044117647059,WACC_0p1_WRT_0p9,0.45275735294117647,609,False,,,False,False,False,False,False,79.0,0.33191489361702126
SPLL,RialtoBridgeTimelapse,568,0.61,206,0.8,0.526728658654641,0,82,381,240,7,0.574,0.34176278809824,0.40107854644087787,0.3969658697541649,0.33452384087430537,0.02195638075083155,0.12926807589584421,-2.8192817631169373,2.486580303846317,-2.921841313157002,-2.3302840836398757,-3.215787996382892,1.7111958757000287,0.40107854644087787,0.3866924219458882,0.01438612449498966,0.3969658697541649,0.3727518295904818,0.024214040163683115,0.33452384087430537,0.4067954860231307,0.07227164514882534,0.02195638075083155,0.27292083429388225,0.2509644535430507,0.12926807589584421,0.307583915981139,0.17831584008529477,473.0,0.21691176470588236,273.0,0.125,333.0,0.15257352941176472,361.0,0.16544117647058823,411.0,0.18841911764705882,0.125,WACC_0p3_WRT_0p7,0.16966911764705883,610,False,,,False,False,False,False,False,82.0,0.3446808510638298
SPLL,RialtoBridgeTimelapse,667,0.6,193,0.775,0.5420730526481163,0,71,1067,674,4,0.999,0.30325739720123035,0.3750886308045254,0.36527096100792694,0.28959201051231565,0.04622014225146206,0.15195449809366812,-2.8192817631169373,2.486580303846317,-2.921841313157002,-2.3302840836398757,-3.215787996382892,1.7111958757000287,0.3750886308045254,0.3823882919398431,0.007299661135317659,0.36527096100792694,0.37283518180368,0.007564220795753085,0.28959201051231565,0.4092773135488887,0.11968530303657304,0.04622014225146206,0.3184401119672009,0.27221996971573886,0.15195449809366812,0.36109494907835105,0.20914045098468292,444.0,0.2035845588235294,274.0,0.1254595588235294,351.0,0.16084558823529413,552.0,0.2532169117647059,573.0,0.26286764705882354,0.1254595588235294,WACC_0p3_WRT_0p7,0.2011948529411765,611,False,,,False,False,False,False,False,71.0,0.2978723404255319
SPLL,RialtoBridgeTimelapse,470,0.48,216,0.475,0.5155673984262736,0,94,2868,2527,4,0.941,0.23199979157948294,0.3527673923320111,0.27819477718937136,0.1447531353072251,0.3628369988728944,0.45286445238428813,-2.8192817631169373,2.486580303846317,-2.921841313157002,-2.3302840836398757,-3.215787996382892,1.7111958757000287,0.3527673923320111,0.3637222611615438,0.010954868829532727,0.27819477718937136,0.43753468469909107,0.1593399075097197,0.1447531353072251,0.5359758372474827,0.39122270194025754,0.3628369988728944,0.43011318479314903,0.06727618592025464,0.45286445238428813,0.48802072922587847,0.03515627684159034,274.0,0.1254595588235294,829.0,0.3805147058823529,1018.0,0.46737132352941174,1425.0,0.6544117647058824,1346.0,0.6181066176470589,0.1254595588235294,WACC_0p1_WRT_0p9,0.4491727941176471,612,False,,,False,False,False,False,False,94.0,0.39574468085106385
SPLL,RialtoBridgeTimelapse,841,0.62,163,0.8250000000000001,0.581815669159537,0,44,2612,217,7,0.245,0.2866978785807266,0.3453909332000136,0.3443079335747941,0.2864710926326411,0.014025549820413666,0.10615866684403139,-2.8192817631169373,2.486580303846317,-2.921841313157002,-2.3302840836398757,-3.215787996382892,1.7111958757000287,0.3453909332000136,0.42897733272142397,0.08358639952141039,0.3443079335747941,0.37466065361050416,0.030352720035710046,0.2864710926326411,0.3983086115569676,0.11183751892432653,0.014025549820413666,0.2720272823044963,0.25800173248408265,0.10615866684403139,0.26354166878748975,0.15738300194345836,1126.0,0.5170036764705882,291.0,0.1332720588235294,292.0,0.13373161764705882,355.0,0.16268382352941177,276.0,0.12637867647058823,0.12637867647058823,WACC_0p9_WRT_0p1,0.21461397058823528,613,False,,,False,False,False,False,False,44.0,0.1829787234042553
SPLL,RialtoBridgeTimelapse,1398,0.48,638,0.475,0.2600648940971719,0,204,3616,4966,8,0.987,0.473878048479154,0.6177921219615612,0.5562076908175978,0.3771129288381552,0.2799518622592973,0.4339845208915365,-2.8192817631169373,2.486580303846317,-2.921841313157002,-2.3302840836398757,-3.215787996382892,1.7111958757000287,0.6177921219615612,0.3638799741236833,0.2539121478378779,0.5562076908175978,0.46150656969623344,0.09470112112136436,0.3771129288381552,0.5795585494461234,0.20244562060796817,0.2799518622592973,0.4978523041979019,0.21790044193860458,0.4339845208915365,0.570147809079362,0.13616328818782553,277.0,0.12683823529411764,1181.0,0.5422794117647058,1518.0,0.6971507352941176,2029.0,0.9319852941176471,1990.0,0.9140625,0.12683823529411764,WACC_0p1_WRT_0p9,0.6424632352941176,614,False,,,False,False,False,False,False,204.0,0.8638297872340426
SPLL,RialtoBridgeTimelapse,542,0.62,95,0.8250000000000001,0.7085058088789011,0,3,340,247,7,0.712,0.1199959684914001,0.2001356247281573,0.19413001865963445,0.12058626854660963,0.040692191310181494,0.10618139545997467,-2.8192817631169373,2.486580303846317,-2.921841313157002,-2.3302840836398757,-3.215787996382892,1.7111958757000287,0.2001356247281573,0.38828543219000494,0.18814980746184765,0.19413001865963445,0.37323072892713266,0.17910071026749821,0.12058626854660963,0.40420951591857,0.2836232473719604,0.040692191310181494,0.28053945952341486,0.23984726821323338,0.10618139545997467,0.30947402773380667,0.20329263227383199,488.0,0.22380514705882354,278.0,0.12729779411764705,323.0,0.1479779411764706,400.0,0.18336397058823528,420.0,0.19255514705882354,0.12729779411764705,WACC_0p3_WRT_0p7,0.175,615,False,,,False,False,False,False,False,3.0,0.00851063829787234
SPLL,RialtoBridgeTimelapse,133,0.61,278,0.8,0.4561127284060119,0,127,4784,788,1,0.627,0.43696842152054893,0.4843610714889446,0.4828632325836594,0.4289782213890006,0.06099511987771917,0.13023090688468025,-2.8192817631169373,2.486580303846317,-2.921841313157002,-2.3302840836398757,-3.215787996382892,1.7111958757000287,0.4843610714889446,0.40134161030426585,0.08301946118467873,0.4828632325836594,0.3767910089654451,0.10607222361821428,0.4289782213890006,0.39359533874136926,0.03538288264763134,0.06099511987771917,0.3345720238975042,0.273576904019785,0.13023090688468025,0.3771608764562704,0.24692996957159014,650.0,0.29825367647058826,306.0,0.1401654411764706,278.0,0.12729779411764705,617.0,0.28308823529411764,623.0,0.2858455882352941,0.12729779411764705,WACC_0p5_WRT_0p5,0.22693014705882356,616,False,,,False,False,False,False,False,127.0,0.5361702127659574
SPLL,RialtoBridgeTimelapse,2092,0.52,103,0.5750000000000002,0.6895697183217003,0,11,2734,1410,1,0.656,0.20632466491441392,0.19123362982524092,0.1291016039407085,0.16913785522599978,0.3143432875952374,0.36865809423947166,-2.8192817631169373,2.486580303846317,-2.921841313157002,-2.3302840836398757,-3.215787996382892,1.7111958757000287,0.19123362982524092,0.3640015121831039,0.17276788235786297,0.1291016039407085,0.37745503360829863,0.24835342966759014,0.16913785522599978,0.4564458827943991,0.28730802756839935,0.3143432875952374,0.40665502375789364,0.09231173616265625,0.36865809423947166,0.4521955492762218,0.08353745503675014,278.0,0.12729779411764705,310.0,0.14200367647058823,591.0,0.2711397058823529,1168.0,0.5363051470588235,1063.0,0.4880514705882353,0.12729779411764705,WACC_0p1_WRT_0p9,0.3129595588235294,617,False,,,False,False,False,False,False,11.0,0.0425531914893617
SPLL,RialtoBridgeTimelapse,1447,0.52,175,0.5750000000000002,0.5651093296745381,0,62,249,685,5,0.646,0.1551923406432114,0.31249352182194023,0.2581790720389676,0.08414556948900175,0.2673005020744638,0.35120419661667096,-2.8192817631169373,2.486580303846317,-2.921841313157002,-2.3302840836398757,-3.215787996382892,1.7111958757000287,0.31249352182194023,0.3921016769783314,0.07960815515639119,0.2581790720389676,0.3732470670945807,0.1150679950556131,0.08414556948900175,0.435867538466022,0.35172196897702024,0.2673005020744638,0.39476436664250564,0.12746386456804182,0.35120419661667096,0.44261871945600434,0.09141452283933338,532.0,0.24402573529411764,279.0,0.12775735294117646,474.0,0.21737132352941177,1045.0,0.4797794117647059,991.0,0.45496323529411764,0.12775735294117646,WACC_0p3_WRT_0p7,0.3047794117647059,618,False,,,False,False,False,False,False,62.0,0.25957446808510637
SPLL,RialtoBridgeTimelapse,1292,0.39,604,0.2500000000000001,0.272999859045496,0,206,711,4689,3,0.806,0.37394166082560515,0.5740097387370697,0.46142432163394637,0.21760366267763306,0.5312682095522336,0.6668102033332028,-2.8192817631169373,2.486580303846317,-2.921841313157002,-2.3302840836398757,-3.215787996382892,1.7111958757000287,0.5740097387370697,0.3640848528800515,0.20992488585701824,0.46142432163394637,0.44633323983705175,0.015091081796894612,0.21760366267763306,0.5786764713485133,0.3610728086708802,0.5312682095522336,0.5187242970103582,0.01254391254187548,0.6668102033332028,0.5853230936871497,0.0814871096460531,279.0,0.12775735294117646,960.0,0.4407169117647059,1504.0,0.6907169117647058,2112.0,0.9701286764705882,2067.0,0.9494485294117647,0.12775735294117646,WACC_0p1_WRT_0p9,0.6357536764705882,619,False,,,False,False,False,False,False,206.0,0.8723404255319149
SPLL,RialtoBridgeTimelapse,256,0.62,174,0.8250000000000001,0.5664573380935396,0,51,491,235,4,0.001,0.3073232808173214,0.36342407702882923,0.3629131328017452,0.3069418172350475,0.022500905462892153,0.1063395713450116,-2.8192817631169373,2.486580303846317,-2.921841313157002,-2.3302840836398757,-3.215787996382892,1.7111958757000287,0.36342407702882923,0.4080657690303981,0.04464169200156887,0.3629131328017452,0.37963980300766004,0.01672667020591484,0.3069418172350475,0.4057710707058664,0.09882925347081889,0.022500905462892153,0.2576329860601279,0.23513208059723575,0.1063395713450116,0.28300273606211246,0.17666316471710086,753.0,0.34558823529411764,325.0,0.1488970588235294,328.0,0.15027573529411764,282.0,0.12913602941176472,338.0,0.15487132352941177,0.12913602941176472,WACC_0p7_WRT_0p3,0.18575367647058824,620,False,,,False,False,False,False,False,51.0,0.2127659574468085
SPLL,RialtoBridgeTimelapse,577,0.61,302,0.8,0.4365903306405303,0,137,1681,304,6,0.878,0.4634837877704633,0.5075769710002187,0.506794577815128,0.45526581805440064,0.07182636332642625,0.13056263190488776,-2.8192817631169373,2.486580303846317,-2.921841313157002,-2.3302840836398757,-3.215787996382892,1.7111958757000287,0.5075769710002187,0.4136480276612054,0.0939289433390133,0.506794577815128,0.409259082482012,0.09753549533311606,0.45526581805440064,0.3947017805106266,0.06056403754377404,0.07182636332642625,0.25847986102056164,0.1866534976941354,0.13056263190488776,0.2822098559101338,0.15164722400524605,851.0,0.390625,540.0,0.24770220588235295,282.0,0.12913602941176472,289.0,0.1323529411764706,336.0,0.15395220588235295,0.12913602941176472,WACC_0p5_WRT_0p5,0.21075367647058824,621,False,,,False,False,False,False,False,137.0,0.5787234042553191
SPLL,RialtoBridgeTimelapse,83,0.6,165,0.775,0.5789480602618828,0,48,1621,1057,1,0.581,0.2548975397221175,0.33297014428685695,0.32171250090335446,0.2414519021130388,0.056356750787728206,0.1520203586360141,-2.8192817631169373,2.486580303846317,-2.921841313157002,-2.3302840836398757,-3.215787996382892,1.7111958757000287,0.33297014428685695,0.39296757461782006,0.05999743033096311,0.32171250090335446,0.37392357348932964,0.05221107258597518,0.2414519021130388,0.4297167996992444,0.18826489758620563,0.056356750787728206,0.3831666527861564,0.3268099019984282,0.1520203586360141,0.41692228802490605,0.26490192938889195,542.0,0.24862132352941177,282.0,0.12913602941176472,444.0,0.2035845588235294,944.0,0.4333639705882353,838.0,0.38465073529411764,0.12913602941176472,WACC_0p3_WRT_0p7,0.2798713235294118,622,False,,,False,False,False,False,False,48.0,0.2
SPLL,RialtoBridgeTimelapse,2036,0.5,111,0.5250000000000001,0.6720376368554289,0,14,2843,1803,3,0.943,0.2586343480466914,0.20576908534261845,0.1326963951803657,0.21669589371751075,0.3664755709308201,0.42241243209607265,-2.8192817631169373,2.486580303846317,-2.921841313157002,-2.3302840836398757,-3.215787996382892,1.7111958757000287,0.20576908534261845,0.364434528912416,0.15866544356979756,0.1326963951803657,0.4093917942635761,0.2766953990832104,0.21669589371751075,0.5053882788038172,0.28869238508630646,0.3664755709308201,0.4051003893646195,0.03862481843379939,0.42241243209607265,0.46956391910323636,0.047151487007163706,282.0,0.12913602941176472,541.0,0.24816176470588236,851.0,0.390625,1154.0,0.5298713235294118,1201.0,0.5514705882352942,0.12913602941176472,WACC_0p1_WRT_0p9,0.3698529411764706,623,False,,,False,False,False,False,False,14.0,0.05531914893617021
SPLL,RialtoBridgeTimelapse,1651,0.47,174,0.45,0.5664573380935396,0,63,742,2291,4,0.915,0.2905280631351539,0.3018021532517438,0.21806692659361573,0.21874647263866448,0.4111931828135548,0.48783215487727705,-2.8192817631169373,2.486580303846317,-2.921841313157002,-2.3302840836398757,-3.215787996382892,1.7111958757000287,0.3018021532517438,0.36456738043398856,0.06276522718224475,0.21806692659361573,0.4259440822417084,0.20787715564809264,0.21874647263866448,0.5357263319025316,0.3169798592638671,0.4111931828135548,0.43956023074685474,0.028367047933299916,0.48783215487727705,0.5121187724189054,0.024286617541628308,283.0,0.12959558823529413,698.0,0.3203125,1016.0,0.4664522058823529,1519.0,0.6976102941176471,1544.0,0.7090992647058824,0.12959558823529413,WACC_0p1_WRT_0p9,0.46461397058823534,624,False,,,False,False,False,False,False,63.0,0.26382978723404255
SPLL,RialtoBridgeTimelapse,850,0.42,264,0.325,0.4682920637394966,0,127,2605,3595,8,0.971,0.38913095827678407,0.3888110055647504,0.28172302638031105,0.28996615188477,0.5183049890511532,0.6114819007293643,-2.8192817631169373,2.486580303846317,-2.921841313157002,-2.3302840836398757,-3.215787996382892,1.7111958757000287,0.3888110055647504,0.3646281025381267,0.02418290302662368,0.28172302638031105,0.4501598333743372,0.16843680699402613,0.28996615188477,0.5601296595336334,0.2701635076488634,0.5183049890511532,0.46175964358253824,0.05654534546861495,0.6114819007293643,0.5358692634878642,0.07561263724150002,285.0,0.13051470588235295,1005.0,0.46139705882352944,1229.0,0.5643382352941176,1737.0,0.7977941176470589,1730.0,0.7945772058823529,0.13051470588235295,WACC_0p1_WRT_0p9,0.5497242647058823,625,False,,,False,False,False,False,False,127.0,0.5361702127659574
SPLL,RialtoBridgeTimelapse,808,0.62,209,0.8250000000000001,0.5233246454307502,0,73,2962,346,1,0.344,0.3655963374802452,0.41441312245827605,0.4154942999722471,0.36474294790622386,0.046368618260138446,0.10697039156959061,-2.8192817631169373,2.486580303846317,-2.921841313157002,-2.3302840836398757,-3.215787996382892,1.7111958757000287,0.41441312245827605,0.411704985971042,0.0027081364872340585,0.4154942999722471,0.3766906255572404,0.038803674415006706,0.36474294790622386,0.39852986883671127,0.03378692093048741,0.046368618260138446,0.2579739795131072,0.21160536125296875,0.10697039156959061,0.278675801251102,0.17170540968151138,817.0,0.375,303.0,0.13878676470588236,296.0,0.13556985294117646,286.0,0.13097426470588236,326.0,0.14935661764705882,0.13097426470588236,WACC_0p7_WRT_0p3,0.1859375,626,False,,,False,False,False,False,False,73.0,0.30638297872340425
SPLL,RialtoBridgeTimelapse,129,0.6,192,0.775,0.5432956643483142,0,70,5000,1238,1,0.834,0.30164635128173944,0.3736842668236688,0.3638193759991662,0.28798937112152534,0.0465542755284787,0.15195296906334657,-2.8192817631169373,2.486580303846317,-2.921841313157002,-2.3302840836398757,-3.215787996382892,1.7111958757000287,0.3736842668236688,0.3808999184767169,0.007215651653048105,0.3638193759991662,0.37409172790630035,0.010272351907134158,0.28798937112152534,0.4284508731832031,0.14046150206167773,0.0465542755284787,0.33870337418800794,0.29214909865952926,0.15195296906334657,0.37908059915956327,0.2271276300962167,426.0,0.1953125,286.0,0.13097426470588236,438.0,0.20082720588235295,640.0,0.2936580882352941,631.0,0.28952205882352944,0.13097426470588236,WACC_0p3_WRT_0p7,0.22205882352941178,627,False,,,False,False,False,False,False,70.0,0.2936170212765957
SPLL,RialtoBridgeTimelapse,676,0.62,267,0.8250000000000001,0.4656289042376428,0,111,1289,250,6,0.54,0.44421345188159156,0.4832720679336479,0.48645963633332406,0.4426631846502378,0.07843487917575548,0.1080278284840304,-2.8192817631169373,2.486580303846317,-2.921841313157002,-2.3302840836398757,-3.215787996382892,1.7111958757000287,0.4832720679336479,0.42758079776230334,0.055691270171344565,0.48645963633332406,0.3882554645742796,0.09820417175904445,0.4426631846502378,0.3960896291421102,0.046573555508127584,0.07843487917575548,0.26634692568056084,0.18791204650480536,0.1080278284840304,0.27435891804028717,0.16633108955625675,1093.0,0.5018382352941176,370.0,0.16957720588235295,288.0,0.13189338235294118,326.0,0.14935661764705882,317.0,0.14522058823529413,0.13189338235294118,WACC_0p5_WRT_0p5,0.21957720588235294,628,False,,,False,False,False,False,False,111.0,0.46808510638297873
SPLL,RialtoBridgeTimelapse,365,0.62,149,0.8250000000000001,0.6029255101170121,0,32,431,249,7,0.001,0.25846954751038675,0.3207254203833549,0.31885043162475146,0.2584413318392089,0.011631962428707834,0.10595607707882027,-2.8192817631169373,2.486580303846317,-2.921841313157002,-2.3302840836398757,-3.215787996382892,1.7111958757000287,0.3207254203833549,0.41544576576570447,0.09472034538234958,0.31885043162475146,0.3741291232525227,0.055278691627771215,0.2584413318392089,0.4415603489106599,0.18311901707145095,0.011631962428707834,0.28910951335820556,0.2774775509294977,0.10595607707882027,0.30235563119329434,0.19639955411447407,881.0,0.40441176470588236,288.0,0.13189338235294118,506.0,0.23207720588235295,424.0,0.19439338235294118,391.0,0.1792279411764706,0.13189338235294118,WACC_0p3_WRT_0p7,0.22840073529411767,629,False,,,False,False,False,False,False,32.0,0.13191489361702127
SPLL,RialtoBridgeTimelapse,623,0.62,224,0.8250000000000001,0.507002668073278,0,83,1662,475,1,0.377,0.38776635322048497,0.4338245383822546,0.4355038241607118,0.38672239088618504,0.055424542645908424,0.10724819961688664,-2.8192817631169373,2.486580303846317,-2.921841313157002,-2.3302840836398757,-3.215787996382892,1.7111958757000287,0.4338245383822546,0.4223588319936991,0.011465706388555486,0.4355038241607118,0.37449821464155675,0.06100560951915507,0.38672239088618504,0.4033101916380228,0.016587800751837745,0.055424542645908424,0.32138338060303673,0.2659588379571283,0.10724819961688664,0.32594069259382125,0.2186924929769346,987.0,0.453125,289.0,0.1323529411764706,321.0,0.14705882352941177,564.0,0.2587316176470588,464.0,0.21277573529411764,0.1323529411764706,WACC_0p3_WRT_0p7,0.24080882352941177,630,False,,,False,False,False,False,False,83.0,0.34893617021276596
SPLL,RialtoBridgeTimelapse,774,0.37,538,0.2,0.300327301540125,0,198,323,4165,5,0.831,0.44890036251520266,0.5430503639618977,0.41715880599047,0.3017620723218311,0.5982897211376923,0.7244444494551537,-2.8192817631169373,2.486580303846317,-2.921841313157002,-2.3302840836398757,-3.215787996382892,1.7111958757000287,0.5430503639618977,0.36483657582508733,0.17821378813681032,0.41715880599047,0.4606893747356589,0.0435305687451889,0.3017620723218311,0.5720316494653586,0.27026957714352745,0.5982897211376923,0.5409026447741927,0.0573870763634996,0.7244444494551537,0.6037640917450801,0.12068035771007368,289.0,0.1323529411764706,1169.0,0.5367647058823529,1405.0,0.6452205882352942,2152.0,0.9885110294117647,2128.0,0.9774816176470589,0.1323529411764706,WACC_0p1_WRT_0p9,0.6560661764705882,631,False,,,False,False,False,False,False,198.0,0.8382978723404255
SPLL,RialtoBridgeTimelapse,816,0.6,146,0.775,0.6077049623167738,0,31,786,503,1,0.108,0.2175461304233629,0.30050238395652923,0.2880944753508488,0.2042150704739925,0.06436643460854304,0.15226031269625642,-2.8192817631169373,2.486580303846317,-2.921841313157002,-2.3302840836398757,-3.215787996382892,1.7111958757000287,0.30050238395652923,0.42157356163355686,0.12107117767702763,0.2880944753508488,0.3745370779354164,0.0864426025845676,0.2042150704739925,0.4081604922837921,0.20394542180979958,0.06436643460854304,0.304165129905324,0.239798695296781,0.15226031269625642,0.3467959769848294,0.19453566428857297,973.0,0.44669117647058826,290.0,0.1328125,343.0,0.15716911764705882,483.0,0.22150735294117646,518.0,0.23759191176470587,0.1328125,WACC_0p3_WRT_0p7,0.2391544117647059,632,False,,,False,False,False,False,False,31.0,0.1276595744680851
SPLL,RialtoBridgeTimelapse,176,0.61,277,0.8,0.4569621901353883,0,126,3899,401,10,0.846,0.4358164140871784,0.4833525912582713,0.4818235622286143,0.42783595586052287,0.06052419431781755,0.13021702234576515,-2.8192817631169373,2.486580303846317,-2.921841313157002,-2.3302840836398757,-3.215787996382892,1.7111958757000287,0.4833525912582713,0.47537112098187007,0.007981470276401226,0.4818235622286143,0.46045746946502303,0.02136609276359125,0.42783595586052287,0.4478158195242277,0.019979863663704855,0.06052419431781755,0.2636683135524618,0.20314411923464423,0.13021702234576515,0.26822526973594923,0.13800824739018408,1944.0,0.8929227941176471,1162.0,0.5335477941176471,538.0,0.24678308823529413,311.0,0.14246323529411764,291.0,0.1332720588235294,0.1332720588235294,WACC_0p9_WRT_0p1,0.3897977941176471,633,False,,,False,False,False,False,False,126.0,0.5319148936170213
SPLL,RialtoBridgeTimelapse,711,0.47,260,0.45,0.4718902294875823,0,125,3246,3283,4,0.881,0.23889213343370602,0.3939158100437876,0.3161049961764912,0.13889170742896284,0.3755263459723898,0.4746398824970758,-2.8192817631169373,2.486580303846317,-2.921841313157002,-2.3302840836398757,-3.215787996382892,1.7111958757000287,0.3939158100437876,0.3651007724257029,0.028815037618084738,0.3161049961764912,0.43853982674443465,0.12243483056794346,0.13889170742896284,0.5447554926076754,0.4058637851787126,0.3755263459723898,0.45302674097518814,0.07750039500279832,0.4746398824970758,0.5118724688789243,0.037232586381848565,291.0,0.1332720588235294,843.0,0.3869485294117647,1076.0,0.49402573529411764,1652.0,0.7587316176470589,1542.0,0.7081801470588235,0.1332720588235294,WACC_0p1_WRT_0p9,0.4962316176470588,634,False,,,False,False,False,False,False,125.0,0.5276595744680851
SPLL,RialtoBridgeTimelapse,563,0.61,246,0.8,0.4849330901506568,0,111,1096,388,4,0.517,0.3979697021530372,0.4502302769369172,0.4476710533805341,0.3903013130392067,0.04503518230081001,0.12978823688799457,-2.8192817631169373,2.486580303846317,-2.921841313157002,-2.3302840836398757,-3.215787996382892,1.7111958757000287,0.4502302769369172,0.4123256382255765,0.0379046387113407,0.4476710533805341,0.3750909606948126,0.07258009268572146,0.3903013130392067,0.40769307921587644,0.017391766176669765,0.04503518230081001,0.2947029204777139,0.2496677381769039,0.12978823688799457,0.33209521911254053,0.20230698222454596,830.0,0.38097426470588236,293.0,0.13419117647058823,339.0,0.15533088235294118,451.0,0.20680147058823528,478.0,0.2192095588235294,0.13419117647058823,WACC_0p3_WRT_0p7,0.2193014705882353,635,False,,,False,False,False,False,False,111.0,0.46808510638297873
SPLL,RialtoBridgeTimelapse,1528,0.39,250,0.2500000000000001,0.4811326094245646,0,118,2338,3560,4,0.797,0.4901953020839071,0.37366020183844995,0.24741429288307973,0.3952144968101262,0.6126127004094366,0.6991464010586035,-2.8192817631169373,2.486580303846317,-2.921841313157002,-2.3302840836398757,-3.215787996382892,1.7111958757000287,0.37366020183844995,0.36517309246968166,0.008487109368768286,0.24741429288307973,0.44869831312466973,0.20128402024159,0.3952144968101262,0.5553915243087695,0.16017702749864327,0.6126127004094366,0.4891554269638031,0.12345727344563351,0.6991464010586035,0.5678536832382719,0.13129271782033158,293.0,0.13419117647058823,984.0,0.45174632352941174,1174.0,0.5390625,1968.0,0.9039522058823529,1977.0,0.9080882352941176,0.13419117647058823,WACC_0p1_WRT_0p9,0.5874080882352941,636,False,,,False,False,False,False,False,118.0,0.4978723404255319
SPLL,RialtoBridgeTimelapse,807,0.48,306,0.475,0.4334876653502567,0,145,2914,2680,7,0.985,0.2603961510611256,0.43520346516237,0.3652440404644098,0.16167824435379324,0.3342675473438567,0.44429673920677015,-2.8192817631169373,2.486580303846317,-2.921841313157002,-2.3302840836398757,-3.215787996382892,1.7111958757000287,0.43520346516237,0.3655022346565848,0.0697012305057852,0.3652440404644098,0.44646552495552716,0.08122148449111738,0.16167824435379324,0.5374897741101857,0.3758115297563925,0.3342675473438567,0.4314546693405665,0.09718712199670976,0.44429673920677015,0.493554257528799,0.04925751832202885,295.0,0.13511029411764705,961.0,0.4411764705882353,1027.0,0.47150735294117646,1443.0,0.6626838235294118,1391.0,0.6387867647058824,0.13511029411764705,WACC_0p1_WRT_0p9,0.4698529411764706,637,False,,,False,False,False,False,False,145.0,0.6127659574468085
SPLL,RialtoBridgeTimelapse,634,0.6,167,0.775,0.5761147948116947,0,50,4312,1146,1,0.576,0.258595538642189,0.3361879042690345,0.32504216839341227,0.2451356967797234,0.055573110993213076,0.1520064092531096,-2.8192817631169373,2.486580303846317,-2.921841313157002,-2.3302840836398757,-3.215787996382892,1.7111958757000287,0.3361879042690345,0.3889872930006457,0.05279938873161122,0.32504216839341227,0.3754013213184328,0.05035915292502052,0.2451356967797234,0.4413219940140591,0.19618629723433567,0.055573110993213076,0.37864660128465505,0.32307349029144194,0.1520064092531096,0.4209199710116294,0.2689135617585198,497.0,0.22794117647058823,296.0,0.13556985294117646,502.0,0.23023897058823528,907.0,0.4163602941176471,860.0,0.3947610294117647,0.13556985294117646,WACC_0p3_WRT_0p7,0.2809742647058824,638,False,,,False,False,False,False,False,50.0,0.20851063829787234
SPLL,RialtoBridgeTimelapse,68,0.61,204,0.8,0.5290255197785925,0,80,1284,339,3,0.001,0.3386872551607047,0.39839065914872523,0.3941920141419562,0.3314704066661893,0.020690437157984933,0.12924441208978302,-2.8192817631169373,2.486580303846317,-2.921841313157002,-2.3302840836398757,-3.215787996382892,1.7111958757000287,0.39839065914872523,0.4777724773570586,0.07938181820833334,0.3941920141419562,0.42881642987774843,0.034624415735792224,0.3314704066661893,0.4321110793873651,0.10064067272117577,0.020690437157984933,0.26044603375932485,0.2397555966013399,0.12924441208978302,0.3041735218934796,0.1749291098036966,1969.0,0.9044117647058824,729.0,0.33455882352941174,455.0,0.20863970588235295,296.0,0.13556985294117646,397.0,0.18198529411764705,0.13556985294117646,WACC_0p7_WRT_0p3,0.3530330882352941,639,False,,,False,False,False,False,False,80.0,0.33617021276595743
SPLL,RialtoBridgeTimelapse,230,0.61,217,0.8,0.514479696108121,0,91,4917,550,3,0.999,0.3581887418569601,0.41543716621889293,0.41178180740498693,0.3508291245342314,0.028711705250937875,0.1294035265583282,-2.8192817631169373,2.486580303846317,-2.921841313157002,-2.3302840836398757,-3.215787996382892,1.7111958757000287,0.41543716621889293,0.41418976394519363,0.001247402273699294,0.41178180740498693,0.40554268721558784,0.006239120189399094,0.3508291245342314,0.39858965697710375,0.04776053244287237,0.028711705250937875,0.27982524898474936,0.2511135437338115,0.1294035265583282,0.30762514465514595,0.17822161809681775,860.0,0.3947610294117647,504.0,0.23115808823529413,297.0,0.13602941176470587,398.0,0.18244485294117646,412.0,0.18887867647058823,0.13602941176470587,WACC_0p5_WRT_0p5,0.22665441176470588,640,False,,,False,False,False,False,False,91.0,0.3829787234042553
SPLL,RialtoBridgeTimelapse,913,0.62,223,0.8250000000000001,0.5080564552831432,0,82,1346,338,10,0.035,0.38633321019855105,0.43256954123516667,0.4342102715293698,0.38530172382164385,0.05483948677098087,0.10722970389970805,-2.8192817631169373,2.486580303846317,-2.921841313157002,-2.3302840836398757,-3.215787996382892,1.7111958757000287,0.43256954123516667,0.49603433919552864,0.06346479796036197,0.4342102715293698,0.4461034403452108,0.011893168815841015,0.38530172382164385,0.44740982774891774,0.062108103927273894,0.05483948677098087,0.26101971211726355,0.20618022534628266,0.10722970389970805,0.28747101867979535,0.18024131478008731,2088.0,0.9590992647058824,958.0,0.4397977941176471,532.0,0.24402573529411764,297.0,0.13602941176470587,345.0,0.15808823529411764,0.13602941176470587,WACC_0p7_WRT_0p3,0.3874080882352941,641,False,,,False,False,False,False,False,82.0,0.3446808510638298
SPLL,RialtoBridgeTimelapse,895,0.62,219,0.8250000000000001,0.5123191802935934,0,79,3602,522,10,0.999,0.38053841577114517,0.42749531008948155,0.428979996324887,0.3795571603134271,0.05247338422008368,0.10715565371345259,-2.8192817631169373,2.486580303846317,-2.921841313157002,-2.3302840836398757,-3.215787996382892,1.7111958757000287,0.42749531008948155,0.4464908968724203,0.018995586782938723,0.428979996324887,0.43826749812448923,0.009287501799602249,0.3795571603134271,0.41635678037788965,0.036799620064462524,0.05247338422008368,0.2613834546519723,0.20891007043188864,0.10715565371345259,0.2903902034622967,0.18323454974884412,1515.0,0.6957720588235294,838.0,0.38465073529411764,380.0,0.17417279411764705,299.0,0.13694852941176472,357.0,0.1636029411764706,0.13694852941176472,WACC_0p7_WRT_0p3,0.3110294117647059,642,False,,,False,False,False,False,False,79.0,0.33191489361702126
SPLL,RialtoBridgeTimelapse,1090,0.43,150,0.3500000000000001,0.6013535785033906,0,40,2483,2350,3,0.839,0.4373553904671718,0.2661410316437111,0.15519805069615844,0.3758717816181259,0.546179399548168,0.6100802069275743,-2.8192817631169373,2.486580303846317,-2.921841313157002,-2.3302840836398757,-3.215787996382892,1.7111958757000287,0.2661410316437111,0.3661385124104864,0.09999748076677528,0.15519805069615844,0.42101246166693473,0.2658144109707763,0.3758717816181259,0.5220320836196675,0.14616030200154156,0.546179399548168,0.43635565463096193,0.10982374491720603,0.6100802069275743,0.5015396113442967,0.10854059558327755,299.0,0.13694852941176472,650.0,0.29825367647058826,937.0,0.43014705882352944,1492.0,0.6852022058823529,1445.0,0.6636029411764706,0.13694852941176472,WACC_0p1_WRT_0p9,0.4428308823529412,643,False,,,False,False,False,False,False,40.0,0.16595744680851063
SPLL,RialtoBridgeTimelapse,548,0.61,337,0.8,0.4107296041484798,0,150,3740,507,10,0.999,0.4987183546899057,0.5384379269542355,0.5385996962010107,0.4901882348149495,0.08619819115447473,0.13103594979821753,-2.8192817631169373,2.486580303846317,-2.921841313157002,-2.3302840836398757,-3.215787996382892,1.7111958757000287,0.5384379269542355,0.45399118645345443,0.0844467405007811,0.5385996962010107,0.44266530603492515,0.09593439016608551,0.4901882348149495,0.42706335424461683,0.06312488057033266,0.08619819115447473,0.26141389244916974,0.175215701294695,0.13103594979821753,0.28079316747097466,0.14975721767275713,1650.0,0.7578125,897.0,0.4117647058823529,431.0,0.19761029411764705,300.0,0.13740808823529413,334.0,0.15303308823529413,0.13740808823529413,WACC_0p7_WRT_0p3,0.3315257352941176,644,False,,,False,False,False,False,False,150.0,0.6340425531914894
SPLL,RialtoBridgeTimelapse,1857,0.44,183,0.3750000000000001,0.5545931611698236,0,68,744,3428,2,0.72,0.3769882809583322,0.30970965119417077,0.20862920095576287,0.3023351200656798,0.49496910373152203,0.5706442223228076,-2.8192817631169373,2.486580303846317,-2.921841313157002,-2.3302840836398757,-3.215787996382892,1.7111958757000287,0.30970965119417077,0.3664543319892038,0.05674468079503303,0.20862920095576287,0.4427042742023276,0.23407507324656474,0.3023351200656798,0.5586259621316187,0.25629084206593894,0.49496910373152203,0.4720842610191399,0.022884842712382114,0.5706442223228076,0.5452608625716231,0.025383359751184553,300.0,0.13740808823529413,898.0,0.41222426470588236,1213.0,0.5569852941176471,1844.0,0.8469669117647058,1786.0,0.8203125,0.13740808823529413,WACC_0p1_WRT_0p9,0.5547794117647059,645,False,,,False,False,False,False,False,68.0,0.2851063829787234
SPLL,RialtoBridgeTimelapse,902,0.62,221,0.8250000000000001,0.5101782169264885,0,80,4772,680,3,0.999,0.3834483647660921,0.43004336710925256,0.4316064433126902,0.3824419284050307,0.0536616571375047,0.10719269054054884,-2.8192817631169373,2.486580303846317,-2.921841313157002,-2.3302840836398757,-3.215787996382892,1.7111958757000287,0.43004336710925256,0.4092078509565658,0.02083551615268675,0.4316064433126902,0.40584318139086256,0.02576326192182765,0.3824419284050307,0.39931878249893205,0.016876854093901328,0.0536616571375047,0.2949518746079894,0.24129021747048468,0.10719269054054884,0.3264560114499401,0.21926332090939124,768.0,0.3524816176470588,507.0,0.23253676470588236,301.0,0.13786764705882354,453.0,0.20772058823529413,466.0,0.21369485294117646,0.13786764705882354,WACC_0p5_WRT_0p5,0.22886029411764705,646,False,,,False,False,False,False,False,80.0,0.33617021276595743
SPLL,RialtoBridgeTimelapse,1422,0.46,169,0.4250000000000001,0.5733150599175052,0,58,2681,3168,5,0.863,0.3254925695140877,0.2941481319551939,0.20389544786201574,0.25590420590440266,0.4434622569590195,0.5172573735264696,-2.8192817631169373,2.486580303846317,-2.921841313157002,-2.3302840836398757,-3.215787996382892,1.7111958757000287,0.2941481319551939,0.36660145865856353,0.07245332670336962,0.20389544786201574,0.4528107849458836,0.24891533708386787,0.25590420590440266,0.5509230987584516,0.2950188928540489,0.4434622569590195,0.46158991063073956,0.01812765367172009,0.5172573735264696,0.5257347232390502,0.008477349712580629,302.0,0.13832720588235295,1037.0,0.47610294117647056,1132.0,0.5197610294117647,1736.0,0.7973345588235294,1655.0,0.7601102941176471,0.13832720588235295,WACC_0p1_WRT_0p9,0.5383272058823529,647,False,,,False,False,False,False,False,58.0,0.2425531914893617
SPLL,RialtoBridgeTimelapse,566,0.61,144,0.8,0.6109457641941061,0,29,465,248,10,0.643,0.2300897002252989,0.30363099058330245,0.296306141967476,0.22352188672776202,0.03941062201280793,0.12885893532537424,-2.8192817631169373,2.486580303846317,-2.921841313157002,-2.3302840836398757,-3.215787996382892,1.7111958757000287,0.30363099058330245,0.3688112735522158,0.06518028296891337,0.296306141967476,0.37714808846777337,0.08084194650029736,0.22352188672776202,0.41080129903984935,0.18727941231208733,0.03941062201280793,0.26945225734431344,0.2300416353315055,0.12885893532537424,0.27088046255821513,0.1420215272328409,316.0,0.14476102941176472,307.0,0.140625,359.0,0.1645220588235294,346.0,0.15854779411764705,303.0,0.13878676470588236,0.13878676470588236,WACC_0p9_WRT_0p1,0.14944852941176473,648,False,,,False,False,False,False,False,29.0,0.11914893617021277
SPLL,RialtoBridgeTimelapse,1236,0.33,268,0.1000000000000001,0.4647478051280819,0,131,71,3711,2,0.737,0.6710262249874683,0.3851971315164386,0.22290285401327734,0.5715856181618646,0.7870874396847026,0.8704741778906357,-2.8192817631169373,2.486580303846317,-2.921841313157002,-2.3302840836398757,-3.215787996382892,1.7111958757000287,0.3851971315164386,0.3674916046709905,0.017705526845448072,0.22290285401327734,0.4350185248432598,0.21211567082998248,0.5715856181618646,0.5544545551779945,0.017131062983870127,0.7870874396847026,0.5525162945652933,0.23457114511940935,0.8704741778906357,0.6195077911907507,0.250966386699885,303.0,0.13878676470588236,807.0,0.3704044117647059,1165.0,0.5349264705882353,2164.0,0.9940257352941176,2160.0,0.9921875,0.13878676470588236,WACC_0p1_WRT_0p9,0.6060661764705882,649,False,,,False,False,False,False,False,131.0,0.5531914893617021
SPLL,RialtoBridgeTimelapse,1248,0.51,261,0.5500000000000002,0.4709855444942608,0,123,1585,3307,6,0.833,0.25555021157295743,0.40603447944210763,0.3510019686535834,0.17868000059834238,0.2638353152594269,0.3694705386435296,-2.8192817631169373,2.486580303846317,-2.921841313157002,-2.3302840836398757,-3.215787996382892,1.7111958757000287,0.40603447944210763,0.36756398166099397,0.038470497781113666,0.3510019686535834,0.44044030915451754,0.08943834050093413,0.17868000059834238,0.5615988088102659,0.38291880821192353,0.2638353152594269,0.4575962521246867,0.1937609368652598,0.3694705386435296,0.5171602575139259,0.14768971887039634,304.0,0.13924632352941177,868.0,0.3984375,1249.0,0.5735294117647058,1695.0,0.7784926470588235,1581.0,0.7261029411764706,0.13924632352941177,WACC_0p1_WRT_0p9,0.5231617647058824,650,False,,,False,False,False,False,False,123.0,0.5191489361702127
SPLL,RialtoBridgeTimelapse,1330,0.48,433,0.475,0.351586216853988,0,176,3835,4952,2,0.634,0.36015071360024775,0.5201545876661913,0.4543307835117988,0.2626670814005775,0.3078338381924945,0.43837480637312454,-2.8192817631169373,2.486580303846317,-2.921841313157002,-2.3302840836398757,-3.215787996382892,1.7111958757000287,0.5201545876661913,0.3676603533506891,0.1524942343155022,0.4543307835117988,0.46379245802565755,0.009461674513858764,0.2626670814005775,0.5838425985861454,0.3211755171855679,0.3078338381924945,0.49454667098552507,0.18671283279303058,0.43837480637312454,0.5592571097409448,0.12088230336782024,306.0,0.1401654411764706,1225.0,0.5625,1582.0,0.7265625,2006.0,0.9214154411764706,1917.0,0.8805147058823529,0.1401654411764706,WACC_0p1_WRT_0p9,0.6462316176470588,651,False,,,False,False,False,False,False,176.0,0.7446808510638298
SPLL,RialtoBridgeTimelapse,111,0.61,194,0.8,0.5408567268970217,0,70,892,354,6,0.974,0.32286888095399646,0.38456908134237994,0.37992645129555097,0.3157630504478362,0.02034449756383334,0.12913176170447851,-2.8192817631169373,2.486580303846317,-2.921841313157002,-2.3302840836398757,-3.215787996382892,1.7111958757000287,0.38456908134237994,0.3919348842700174,0.007365802927637444,0.37992645129555097,0.38117747614894854,0.0012510248533975643,0.3157630504478362,0.40089859300977887,0.08513554256194267,0.02034449756383334,0.26401124449846025,0.24366674693462692,0.12913176170447851,0.28982625465112266,0.16069449294664415,526.0,0.24126838235294118,329.0,0.15073529411764705,308.0,0.1410845588235294,312.0,0.14292279411764705,353.0,0.16176470588235295,0.1410845588235294,WACC_0p5_WRT_0p5,0.16755514705882352,652,False,,,False,False,False,False,False,70.0,0.2936170212765957
SPLL,RialtoBridgeTimelapse,262,0.62,272,0.8250000000000001,0.4612558622107597,0,114,1011,309,7,0.582,0.45019870320793703,0.4885168721001007,0.4918633184121574,0.44859323081824004,0.08087134721577588,0.10811570694911805,-2.8192817631169373,2.486580303846317,-2.921841313157002,-2.3302840836398757,-3.215787996382892,1.7111958757000287,0.4885168721001007,0.4383133769609847,0.05020349513911598,0.4918633184121574,0.4162702034995858,0.07559311491257159,0.44859323081824004,0.43280499104117115,0.01578823977706889,0.08087134721577588,0.2633067661000632,0.18243541888428733,0.10811570694911805,0.30698107216424503,0.198865365215127,1334.0,0.6125919117647058,596.0,0.2734375,462.0,0.21185661764705882,308.0,0.1410845588235294,408.0,0.1870404411764706,0.1410845588235294,WACC_0p7_WRT_0p3,0.28520220588235295,653,False,,,False,False,False,False,False,114.0,0.4808510638297872
SPLL,RialtoBridgeTimelapse,777,0.47,334,0.45,0.4128387548566983,0,156,3978,4279,2,0.732,0.2719547666218226,0.4534025674091789,0.3788746732540651,0.16606999580063633,0.3551340978134139,0.4686736484448085,-2.8192817631169373,2.486580303846317,-2.921841313157002,-2.3302840836398757,-3.215787996382892,1.7111958757000287,0.4534025674091789,0.3678020815480566,0.08560048586112229,0.3788746732540651,0.44882840363700305,0.06995373038293795,0.16606999580063633,0.5723733710230228,0.40630337522238646,0.3551340978134139,0.4727815474450342,0.11764744963162033,0.4686736484448085,0.5363572856988977,0.06768363725408921,308.0,0.1410845588235294,986.0,0.45266544117647056,1410.0,0.6475183823529411,1850.0,0.8497242647058824,1733.0,0.7959558823529411,0.1410845588235294,WACC_0p1_WRT_0p9,0.5773897058823529,654,False,,,False,False,False,False,False,156.0,0.6595744680851063
SPLL,RialtoBridgeTimelapse,1825,0.48,501,0.475,0.317151427852279,0,188,861,2698,4,0.896,0.4026751206431063,0.5565805991855686,0.4923916007901816,0.3055320366969436,0.2971730148169319,0.43648674060248666,-2.8192817631169373,2.486580303846317,-2.921841313157002,-2.3302840836398757,-3.215787996382892,1.7111958757000287,0.5565805991855686,0.3678593587576021,0.18872124042796645,0.4923916007901816,0.4313727476233575,0.06101885316682415,0.3055320366969436,0.5420714829127543,0.2365394462158107,0.2971730148169319,0.45228096747804103,0.1551079526611091,0.43648674060248666,0.5178307481617392,0.08134400755925258,309.0,0.14154411764705882,772.0,0.35431985294117646,1058.0,0.48575367647058826,1644.0,0.7550551470588235,1591.0,0.7306985294117647,0.14154411764705882,WACC_0p1_WRT_0p9,0.4934742647058824,655,False,,,False,False,False,False,False,188.0,0.7957446808510639
SPLL,RialtoBridgeTimelapse,238,0.62,242,0.8250000000000001,0.4887956222762502,0,94,1091,465,1,0.001,0.4125648337437742,0.455544050052265,0.4578883146807534,0.4113018526832666,0.06554110060911877,0.10757900813959255,-2.8192817631169373,2.486580303846317,-2.921841313157002,-2.3302840836398757,-3.215787996382892,1.7111958757000287,0.455544050052265,0.4325392157498224,0.0230048343024426,0.4578883146807534,0.40247845333670307,0.05540986134405035,0.4113018526832666,0.4021296042017844,0.009172248481482181,0.06554110060911877,0.29493651865956094,0.22939541805044217,0.10757900813959255,0.31246193502718755,0.20488292688759502,1207.0,0.5542279411764706,479.0,0.21966911764705882,312.0,0.14292279411764705,452.0,0.20726102941176472,432.0,0.19806985294117646,0.14292279411764705,WACC_0p5_WRT_0p5,0.2644301470588235,656,False,,,False,False,False,False,False,94.0,0.39574468085106385
SPLL,RialtoBridgeTimelapse,1909,0.51,251,0.5500000000000002,0.4801919527679605,0,117,1267,2556,7,0.961,0.24432416108054533,0.3964686519160961,0.3409741798556423,0.1673200420090391,0.2667937326971349,0.3701198538624355,-2.8192817631169373,2.486580303846317,-2.921841313157002,-2.3302840836398757,-3.215787996382892,1.7111958757000287,0.3964686519160961,0.3682661826011394,0.02820246931495668,0.3409741798556423,0.4556927010294683,0.11471852117382597,0.1673200420090391,0.5337410547135606,0.3664210127045215,0.2667937326971349,0.43364863043875945,0.16685489774162454,0.3701198538624355,0.4935521491535647,0.1234322952911292,312.0,0.14292279411764705,1080.0,0.4958639705882353,999.0,0.4586397058823529,1461.0,0.6709558823529411,1390.0,0.6383272058823529,0.14292279411764705,WACC_0p1_WRT_0p9,0.48134191176470587,657,False,,,False,False,False,False,False,117.0,0.49361702127659574
SPLL,RialtoBridgeTimelapse,513,0.62,205,0.8250000000000001,0.5278743017528486,0,70,1641,553,1,0.374,0.359427484226304,0.4090129651001345,0.4099270473597695,0.3586261510990015,0.04384662634890614,0.10689641951854131,-2.8192817631169373,2.486580303846317,-2.921841313157002,-2.3302840836398757,-3.215787996382892,1.7111958757000287,0.4090129651001345,0.424106370765244,0.015093405665109472,0.4099270473597695,0.3779821149167286,0.03194493244304086,0.3586261510990015,0.40251779834945994,0.043891647250458465,0.04384662634890614,0.33243679947511684,0.2885901731262107,0.10689641951854131,0.3571089917372611,0.25021257221871973,1024.0,0.47012867647058826,315.0,0.14430147058823528,313.0,0.14338235294117646,605.0,0.2775735294117647,561.0,0.25735294117647056,0.14338235294117646,WACC_0p5_WRT_0p5,0.25854779411764706,658,False,,,False,False,False,False,False,70.0,0.2936170212765957
SPLL,RialtoBridgeTimelapse,1538,0.42,647,0.325,0.2567561011754132,0,208,2976,4736,7,0.962,0.39343672757756826,0.598366757893081,0.5037993448465042,0.2527408738575022,0.4418201234652952,0.5859708542890371,-2.8192817631169373,2.486580303846317,-2.921841313157002,-2.3302840836398757,-3.215787996382892,1.7111958757000287,0.598366757893081,0.36838284346154204,0.22998391443153898,0.5037993448465042,0.4591870583692145,0.044612286477289764,0.2527408738575022,0.5740056051413684,0.32126473128386623,0.4418201234652952,0.5064362434523706,0.0646161199870754,0.5859708542890371,0.5848320513086377,0.0011388029803993671,313.0,0.14338235294117646,1141.0,0.5238970588235294,1441.0,0.6617647058823529,2066.0,0.9489889705882353,2064.0,0.9480698529411765,0.14338235294117646,WACC_0p1_WRT_0p9,0.6452205882352942,659,False,,,False,False,False,False,False,208.0,0.8808510638297873
SPLL,RialtoBridgeTimelapse,1452,0.45,185,0.4000000000000001,0.5520355704497459,0,70,868,3329,1,0.546,0.344247881747956,0.3130922804017825,0.218288018167293,0.2687108679161315,0.46419123347730235,0.5416734627082042,-2.8192817631169373,2.486580303846317,-2.921841313157002,-2.3302840836398757,-3.215787996382892,1.7111958757000287,0.3130922804017825,0.368465542356089,0.05537326195430653,0.218288018167293,0.4142087802210248,0.1959207620537318,0.2687108679161315,0.5337909385676057,0.2650800706514742,0.46419123347730235,0.45907140096959087,0.005119832507711475,0.5416734627082042,0.5277828179301297,0.013890644778074446,315.0,0.14430147058823528,579.0,0.265625,1000.0,0.45909926470588236,1709.0,0.7849264705882353,1671.0,0.7674632352941176,0.14430147058823528,WACC_0p1_WRT_0p9,0.4842830882352941,660,False,,,False,False,False,False,False,70.0,0.2936170212765957
SPLL,RialtoBridgeTimelapse,1583,0.62,265,0.8250000000000001,0.4674010086843854,0,109,1290,299,9,0.463,0.44178900050781744,0.4811476360874052,0.48427079576951787,0.4402610201326907,0.07744776942339911,0.10799248913228478,-2.8192817631169373,2.486580303846317,-2.921841313157002,-2.3302840836398757,-3.215787996382892,1.7111958757000287,0.4811476360874052,0.47355184630867675,0.0075957897787284345,0.48427079576951787,0.43001961869188143,0.05425117707763644,0.4402610201326907,0.43640846950209616,0.003852550630594531,0.07744776942339911,0.26506121378646,0.18761344436306093,0.10799248913228478,0.2903528882600425,0.18236039912775776,1915.0,0.8795955882352942,745.0,0.34191176470588236,478.0,0.2192095588235294,316.0,0.14476102941176472,356.0,0.16314338235294118,0.14476102941176472,WACC_0p7_WRT_0p3,0.34972426470588236,661,False,,,False,False,False,False,False,109.0,0.4595744680851064
SPLL,RialtoBridgeTimelapse,467,0.62,249,0.8250000000000001,0.4820770212075161,0,99,4415,444,1,0.448,0.42173274299268004,0.4635752855715902,0.46616441790065827,0.42038738301381207,0.06927801911156246,0.10770613606544267,-2.8192817631169373,2.486580303846317,-2.921841313157002,-2.3302840836398757,-3.215787996382892,1.7111958757000287,0.4635752855715902,0.4540726292982064,0.009502656273383814,0.46616441790065827,0.3974306782036677,0.06873373969699059,0.42038738301381207,0.40272374113132775,0.017663641882484316,0.06927801911156246,0.27295793719718936,0.2036799180856269,0.10770613606544267,0.290773960865897,0.18306782480045436,1651.0,0.7582720588235294,442.0,0.2026654411764706,317.0,0.14522058823529413,362.0,0.16590073529411764,358.0,0.1640625,0.14522058823529413,WACC_0p5_WRT_0p5,0.28722426470588236,662,False,,,False,False,False,False,False,99.0,0.41702127659574467
SPLL,RialtoBridgeTimelapse,1548,0.33,597,0.1000000000000001,0.2757530469966032,0,208,2179,4661,4,0.786,0.55765068204519,0.5605409634070795,0.4124869576667192,0.40456837226169856,0.7047829617001722,0.8314314891496867,-2.8192817631169373,2.486580303846317,-2.921841313157002,-2.3302840836398757,-3.215787996382892,1.7111958757000287,0.5605409634070795,0.3688592555987261,0.19168170780835336,0.4124869576667192,0.4711780283829563,0.05869107071623708,0.40456837226169856,0.5866473348711555,0.18207896260945694,0.7047829617001722,0.5128116209809273,0.19197134071924493,0.8314314891496867,0.5891125829358411,0.24231890621384555,317.0,0.14522058823529413,1374.0,0.6309742647058824,1627.0,0.7472426470588235,2090.0,0.9600183823529411,2081.0,0.9558823529411765,0.14522058823529413,WACC_0p1_WRT_0p9,0.6878676470588235,663,False,,,False,False,False,False,False,208.0,0.8808510638297873
SPLL,RialtoBridgeTimelapse,2176,0.55,156,0.6500000000000002,0.5921352108313891,0,43,2768,1100,5,0.999,0.1627338425218919,0.2937200422171482,0.25493888702224776,0.11382246128528697,0.19314570950447427,0.2751817245808482,-2.8192817631169373,2.486580303846317,-2.921841313157002,-2.3302840836398757,-3.215787996382892,1.7111958757000287,0.2937200422171482,0.368931125335394,0.07521108311824581,0.25493888702224776,0.3855969013987868,0.130658014376539,0.11382246128528697,0.45893205734242476,0.34510959605713776,0.19314570950447427,0.36861108022223943,0.17546537071776516,0.2751817245808482,0.4285244767090009,0.15334275212815268,318.0,0.14568014705882354,355.0,0.16268382352941177,608.0,0.2789522058823529,825.0,0.3786764705882353,905.0,0.41544117647058826,0.14568014705882354,WACC_0p1_WRT_0p9,0.2762867647058823,664,False,,,False,False,False,False,False,43.0,0.17872340425531916
SPLL,RialtoBridgeTimelapse,1645,0.62,286,0.8250000000000001,0.4494246550923305,0,120,3972,324,8,0.094,0.4664084367866538,0.5027227208022501,0.5064985751618827,0.46465218226809474,0.08746715291784672,0.10835806466492028,-2.8192817631169373,2.486580303846317,-2.921841313157002,-2.3302840836398757,-3.215787996382892,1.7111958757000287,0.5027227208022501,0.5020912294032097,0.0006314913990403959,0.5064985751618827,0.4655297411077468,0.04096883405413587,0.46465218226809474,0.474700014754149,0.010047832486054287,0.08746715291784672,0.2652872382536861,0.17782008533583937,0.10835806466492028,0.28647407373364575,0.1781160090687255,2109.0,0.96875,1260.0,0.5785845588235294,690.0,0.3166360294117647,318.0,0.14568014705882354,343.0,0.15716911764705882,0.14568014705882354,WACC_0p7_WRT_0p3,0.43336397058823534,665,False,,,False,False,False,False,False,120.0,0.5063829787234042
SPLL,RialtoBridgeTimelapse,149,0.59,138,0.75,0.6209433717076739,0,25,4789,1882,1,0.662,0.18475195746672837,0.28000097851031386,0.2617473969976914,0.16451850413154878,0.094323674459145,0.17648186004380756,-2.8192817631169373,2.486580303846317,-2.921841313157002,-2.3302840836398757,-3.215787996382892,1.7111958757000287,0.28000097851031386,0.3691386944184123,0.08913771590809844,0.2617473969976914,0.3867298763438919,0.12498247934620049,0.16451850413154878,0.46822046000266243,0.30370195587111365,0.094323674459145,0.3792894395827722,0.28496576512362726,0.17648186004380756,0.43235447190052395,0.2558726118567164,319.0,0.14613970588235295,361.0,0.16544117647058823,658.0,0.30193014705882354,912.0,0.4186580882352941,932.0,0.42784926470588236,0.14613970588235295,WACC_0p1_WRT_0p9,0.2920036764705882,666,False,,,False,False,False,False,False,25.0,0.10212765957446808
SPLL,RialtoBridgeTimelapse,2052,0.53,139,0.6000000000000002,0.6192474874744844,0,30,900,1647,2,0.738,0.13665777568480336,0.26065587580235294,0.2090291613339556,0.07835554742178649,0.25808359125206376,0.33031537186815596,-2.8192817631169373,2.486580303846317,-2.921841313157002,-2.3302840836398757,-3.215787996382892,1.7111958757000287,0.26065587580235294,0.369460825986829,0.10880495018447606,0.2090291613339556,0.41089764247935084,0.20186848114539524,0.07835554742178649,0.4785678708751979,0.4002123234534114,0.25808359125206376,0.3957397196323522,0.13765612838028846,0.33031537186815596,0.4495911010386154,0.11927572917045942,320.0,0.14659926470588236,551.0,0.25275735294117646,715.0,0.328125,1054.0,0.48391544117647056,1042.0,0.47840073529411764,0.14659926470588236,WACC_0p1_WRT_0p9,0.33795955882352946,667,False,,,False,False,False,False,False,30.0,0.12340425531914893
SPLL,RialtoBridgeTimelapse,506,0.62,285,0.8250000000000001,0.4502503970736031,0,119,4392,592,10,0.999,0.46527632717224554,0.5017304987208532,0.5054764028071543,0.46353066164308243,0.08700662249563317,0.10834093865628536,-2.8192817631169373,2.486580303846317,-2.921841313157002,-2.3302840836398757,-3.215787996382892,1.7111958757000287,0.5017304987208532,0.4742960591763427,0.02743443954451047,0.5054764028071543,0.4440433924503666,0.06143301035678772,0.46353066164308243,0.4477261189848515,0.015804542658230947,0.08700662249563317,0.2658503464318663,0.1788437239362331,0.10834093865628536,0.2984033638293086,0.19006242517302324,1928.0,0.8855698529411765,923.0,0.42371323529411764,536.0,0.24586397058823528,320.0,0.14659926470588236,383.0,0.17555147058823528,0.14659926470588236,WACC_0p7_WRT_0p3,0.3754595588235294,668,False,,,False,False,False,False,False,119.0,0.502127659574468
SPLL,RialtoBridgeTimelapse,500,0.62,423,0.8250000000000001,0.3571010315481555,0,165,3459,295,6,0.03,0.5936211839987914,0.6142673886564873,0.6213780126290427,0.5906306390994008,0.13911703506438655,0.11043480689578321,-2.8192817631169373,2.486580303846317,-2.921841313157002,-2.3302840836398757,-3.215787996382892,1.7111958757000287,0.6142673886564873,0.47883933852091315,0.13542805013557419,0.6213780126290427,0.4540919664905211,0.1672860461385216,0.5906306390994008,0.4634706183249795,0.12716002077442135,0.13911703506438655,0.2763064352281468,0.13718940016376024,0.11043480689578321,0.2758083610384547,0.16537355414267146,1974.0,0.9067095588235294,1052.0,0.48299632352941174,633.0,0.29044117647058826,377.0,0.17279411764705882,320.0,0.14659926470588236,0.14659926470588236,WACC_0p9_WRT_0p1,0.3999080882352941,669,False,,,False,False,False,False,False,165.0,0.6978723404255319
SPLL,RialtoBridgeTimelapse,1255,0.56,112,0.6750000000000003,0.6699347355650616,0,12,198,349,8,0.443,0.08218209184278936,0.2170163648815256,0.17979229665466184,0.03936514279056886,0.19127764218936022,0.25565068995631607,-2.8192817631169373,2.486580303846317,-2.921841313157002,-2.3302840836398757,-3.215787996382892,1.7111958757000287,0.2170163648815256,0.3977513820795603,0.1807350171980347,0.17979229665466184,0.3791420250522196,0.19934972839755777,0.03936514279056886,0.4327155213553196,0.39335037856475075,0.19127764218936022,0.3164011381457221,0.1251234959563619,0.25565068995631607,0.3340245238747329,0.07837383391841685,604.0,0.2771139705882353,321.0,0.14705882352941177,461.0,0.2113970588235294,540.0,0.24770220588235295,484.0,0.22196691176470587,0.14705882352941177,WACC_0p3_WRT_0p7,0.22104779411764705,670,False,,,False,False,False,False,False,12.0,0.04680851063829787
SPLL,RialtoBridgeTimelapse,664,0.59,176,0.75,0.5637689587379813,0,59,3709,1463,4,0.999,0.25799038145807307,0.34345683871369187,0.327583576903218,0.2377131217126493,0.07802628524041691,0.1753912632544366,-2.8192817631169373,2.486580303846317,-2.921841313157002,-2.3302840836398757,-3.215787996382892,1.7111958757000287,0.34345683871369187,0.36962465069350875,0.02616781197981688,0.327583576903218,0.4143571213024345,0.08677354439921653,0.2377131217126493,0.46112900746872537,0.22341588575607607,0.07802628524041691,0.3650431818281767,0.28701689658775975,0.1753912632544366,0.4094111866583661,0.23401992340392952,321.0,0.14705882352941177,581.0,0.2665441176470588,615.0,0.2821691176470588,797.0,0.36580882352941174,786.0,0.36075367647058826,0.14705882352941177,WACC_0p1_WRT_0p9,0.2844669117647059,671,False,,,False,False,False,False,False,59.0,0.24680851063829787
SPLL,RialtoBridgeTimelapse,185,0.62,159,0.8250000000000001,0.5876573199694053,0,40,2625,255,1,0.001,0.2788718298781869,0.33855079633715635,0.33724934079075786,0.278701711723905,0.01080517877567187,0.10609696000464014,-2.8192817631169373,2.486580303846317,-2.921841313157002,-2.3302840836398757,-3.215787996382892,1.7111958757000287,0.33855079633715635,0.45165367673712703,0.11310288039997068,0.33724934079075786,0.4324536464321818,0.09520430564142396,0.278701711723905,0.43966059631155635,0.16095888458765134,0.01080517877567187,0.2673640719500938,0.25655889317442193,0.10609696000464014,0.27652224861136326,0.17042528860672312,1605.0,0.7371323529411765,784.0,0.35983455882352944,489.0,0.22426470588235295,329.0,0.15073529411764705,322.0,0.14751838235294118,0.14751838235294118,WACC_0p9_WRT_0p1,0.3238970588235294,672,False,,,False,False,False,False,False,40.0,0.16595744680851063
SPLL,RialtoBridgeTimelapse,1209,0.52,148,0.5750000000000002,0.6045079564015148,0,36,3071,2229,6,0.975,0.15890606981378988,0.2731347178703232,0.21656638328654546,0.0966364736559834,0.2811905613657744,0.3555361799251172,-2.8192817631169373,2.486580303846317,-2.921841313157002,-2.3302840836398757,-3.215787996382892,1.7111958757000287,0.2731347178703232,0.3697786043032306,0.09664388643290744,0.21656638328654546,0.4350658971692336,0.21849951388268815,0.0966364736559834,0.5242837425530145,0.4276472688970311,0.2811905613657744,0.41365462185098584,0.13246406048521142,0.3555361799251172,0.46678227163615105,0.11124609171103383,322.0,0.14751838235294118,808.0,0.3708639705882353,949.0,0.43566176470588236,1242.0,0.5703125,1179.0,0.5413602941176471,0.14751838235294118,WACC_0p1_WRT_0p9,0.41314338235294124,673,False,,,False,False,False,False,False,36.0,0.14893617021276595
SPLL,RialtoBridgeTimelapse,1736,0.62,296,0.8250000000000001,0.4413219851156211,0,126,3998,487,1,0.38,0.4775233589167964,0.5124647493380107,0.5165343462883453,0.4756627001359303,0.09198760162721593,0.10852772399506146,-2.8192817631169373,2.486580303846317,-2.921841313157002,-2.3302840836398757,-3.215787996382892,1.7111958757000287,0.5124647493380107,0.4422046099615511,0.07026013937645958,0.5165343462883453,0.38910754701347583,0.12742679927486944,0.4756627001359303,0.4044302493776282,0.07123245075830209,0.09198760162721593,0.27485528529712755,0.18286768366991163,0.10852772399506146,0.3046861308092684,0.19615840681420693,1415.0,0.6498161764705882,381.0,0.17463235294117646,324.0,0.1484375,371.0,0.17003676470588236,401.0,0.18382352941176472,0.1484375,WACC_0p5_WRT_0p5,0.2653492647058824,674,False,,,False,False,False,False,False,126.0,0.5319148936170213
SPLL,RialtoBridgeTimelapse,285,0.58,206,0.725,0.526728658654641,0,85,1570,1357,6,0.999,0.2895264274615861,0.37867700944834726,0.35905851108708803,0.26232225939984405,0.0936227257782203,0.19860699133569487,-2.8192817631169373,2.486580303846317,-2.921841313157002,-2.3302840836398757,-3.215787996382892,1.7111958757000287,0.37867700944834726,0.3698832210036977,0.008793788444649564,0.35905851108708803,0.4041440693983507,0.04508555831126265,0.26232225939984405,0.4529590982032877,0.19063683880344368,0.0936227257782203,0.37413744531104576,0.2805147195328255,0.19860699133569487,0.42666077335589797,0.2280537820202031,324.0,0.1484375,491.0,0.22518382352941177,573.0,0.26286764705882354,861.0,0.3952205882352941,887.0,0.4071691176470588,0.1484375,WACC_0p1_WRT_0p9,0.28777573529411765,675,False,,,False,False,False,False,False,85.0,0.3574468085106383
SPLL,RialtoBridgeTimelapse,2149,0.52,82,0.5750000000000002,0.7429292418341684,0,6,2555,1194,3,0.818,0.23894943570505275,0.1421984410547389,0.07590356105644909,0.21675907422515756,0.33823797826898183,0.3804252988846334,-2.8192817631169373,2.486580303846317,-2.921841313157002,-2.3302840836398757,-3.215787996382892,1.7111958757000287,0.1421984410547389,0.37182621060519444,0.22962776955045555,0.07590356105644909,0.3795081769106605,0.30360461585421145,0.21675907422515756,0.46153263387894783,0.24477355965379027,0.33823797826898183,0.38427879384224956,0.046040815573267724,0.3804252988846334,0.43519175160200896,0.05476645271737557,337.0,0.15441176470588236,324.0,0.1484375,619.0,0.28400735294117646,950.0,0.43612132352941174,947.0,0.43474264705882354,0.1484375,WACC_0p3_WRT_0p7,0.29154411764705884,676,False,,,False,False,False,False,False,6.0,0.02127659574468085
SPLL,RialtoBridgeTimelapse,1509,0.62,247,0.8250000000000001,0.4839772309211945,0,97,3697,571,3,0.957,0.4191389028396804,0.4613029568058426,0.4638228599474784,0.4178169227840093,0.0682209096877618,0.10766991871819431,-2.8192817631169373,2.486580303846317,-2.921841313157002,-2.3302840836398757,-3.215787996382892,1.7111958757000287,0.4613029568058426,0.42893503217990314,0.03236792462593946,0.4638228599474784,0.40781004550339334,0.05601281444408507,0.4178169227840093,0.4050041288376016,0.012812793946407663,0.0682209096877618,0.30169362569745745,0.23347271600969566,0.10766991871819431,0.33433567599215996,0.22666575727396565,1122.0,0.5151654411764706,531.0,0.24356617647058823,325.0,0.1488970588235294,475.0,0.21783088235294118,486.0,0.22288602941176472,0.1488970588235294,WACC_0p5_WRT_0p5,0.2696691176470588,677,False,,,False,False,False,False,False,97.0,0.4085106382978723
SPLL,RialtoBridgeTimelapse,134,0.62,321,0.8250000000000001,0.4222021471026171,0,139,4883,430,1,0.165,0.5037926121729813,0.5354927019300187,0.5402544667147705,0.5016822044578881,0.10266465468857017,0.10893897831991581,-2.8192817631169373,2.486580303846317,-2.921841313157002,-2.3302840836398757,-3.215787996382892,1.7111958757000287,0.5354927019300187,0.47392984560752555,0.0615628563224932,0.5402544667147705,0.4455848938832747,0.0946695728314958,0.5016822044578881,0.42939011775258906,0.07229208670529907,0.10266465468857017,0.2661767149188863,0.16351206023031611,0.10893897831991581,0.28855192876023317,0.17961295044031736,1925.0,0.8841911764705882,949.0,0.43566176470588236,441.0,0.20220588235294118,325.0,0.1488970588235294,350.0,0.16038602941176472,0.1488970588235294,WACC_0p7_WRT_0p3,0.3662683823529412,678,False,,,False,False,False,False,False,139.0,0.5872340425531914
SPLL,RialtoBridgeTimelapse,765,0.51,182,0.5500000000000002,0.5558824005318957,0,67,3801,3402,2,0.761,0.16325553480525856,0.3192882526009617,0.25975200335788395,0.0866975626119384,0.29219300704393153,0.37683752768216844,-2.8192817631169373,2.486580303846317,-2.921841313157002,-2.3302840836398757,-3.215787996382892,1.7111958757000287,0.3192882526009617,0.37006203800873183,0.05077378540777011,0.25975200335788395,0.4376832253071699,0.17793122194928596,0.0866975626119384,0.5561164963566706,0.4694189337447322,0.29219300704393153,0.44055592831586876,0.14836292127193723,0.37683752768216844,0.49349306481884014,0.1166555371366717,325.0,0.1488970588235294,831.0,0.38143382352941174,1183.0,0.5431985294117647,1534.0,0.7045036764705882,1389.0,0.6378676470588235,0.1488970588235294,WACC_0p1_WRT_0p9,0.48318014705882345,679,False,,,False,False,False,False,False,67.0,0.28085106382978725
SPLL,RialtoBridgeTimelapse,334,0.61,213,0.8,0.518860836823448,0,87,1485,647,3,0.522,0.35230894718676176,0.410296819525864,0.40647810458139755,0.3449930232006156,0.02629469587866411,0.12935333157481144,-2.8192817631169373,2.486580303846317,-2.921841313157002,-2.3302840836398757,-3.215787996382892,1.7111958757000287,0.410296819525864,0.4354265284306924,0.025129708904828407,0.40647810458139755,0.38097884428527906,0.025499260296118487,0.3449930232006156,0.4217462784472906,0.07675325524667503,0.02629469587866411,0.35430889467439775,0.3280141987957336,0.12935333157481144,0.39578077334690726,0.2664274417720958,1267.0,0.5818014705882353,328.0,0.15027573529411764,402.0,0.18428308823529413,714.0,0.32766544117647056,710.0,0.3258272058823529,0.15027573529411764,WACC_0p3_WRT_0p7,0.3139705882352941,680,False,,,False,False,False,False,False,87.0,0.3659574468085106
SPLL,RialtoBridgeTimelapse,843,0.48,486,0.475,0.3243281613190745,0,186,3783,4968,5,0.9,0.3937851742179045,0.5489566711462349,0.4844312741182261,0.2965786676931402,0.2993762766226546,0.4368548070962052,-2.8192817631169373,2.486580303846317,-2.921841313157002,-2.3302840836398757,-3.215787996382892,1.7111958757000287,0.5489566711462349,0.3704849474100159,0.178471723736219,0.4844312741182261,0.45277151655464026,0.031659757563585855,0.2965786676931402,0.5726079334592037,0.2760292657660635,0.2993762766226546,0.5008769765303159,0.20150069990766134,0.4368548070962052,0.5640905262857795,0.12723571918957427,328.0,0.15027573529411764,1035.0,0.47518382352941174,1412.0,0.6484375,2039.0,0.9365808823529411,1958.0,0.8993566176470589,0.15027573529411764,WACC_0p1_WRT_0p9,0.6219669117647059,681,False,,,False,False,False,False,False,186.0,0.7872340425531915
SPLL,RialtoBridgeTimelapse,200,0.61,213,0.8,0.518860836823448,0,87,1548,583,1,0.411,0.35230894718676176,0.410296819525864,0.40647810458139755,0.3449930232006156,0.02629469587866411,0.12935333157481144,-2.8192817631169373,2.486580303846317,-2.921841313157002,-2.3302840836398757,-3.215787996382892,1.7111958757000287,0.410296819525864,0.4264899832894681,0.01619316376360408,0.40647810458139755,0.3837605538705926,0.022717550710804946,0.3449930232006156,0.40583660877593714,0.060843585575321546,0.02629469587866411,0.3394324553078093,0.3131377594291452,0.12935333157481144,0.3577093418274562,0.22835601025264474,1068.0,0.49034926470588236,342.0,0.1567095588235294,329.0,0.15073529411764705,643.0,0.29503676470588236,564.0,0.2587316176470588,0.15073529411764705,WACC_0p5_WRT_0p5,0.2703125,682,False,,,False,False,False,False,False,87.0,0.3659574468085106
SPLL,RialtoBridgeTimelapse,2171,0.5,212,0.5250000000000001,0.5199689177131914,0,91,1083,2492,8,0.999,0.18300485644497835,0.35289985646036737,0.28963731362102124,0.09767403700231689,0.30781695988060537,0.39970813288959445,-2.8192817631169373,2.486580303846317,-2.921841313157002,-2.3302840836398757,-3.215787996382892,1.7111958757000287,0.35289985646036737,0.3705828335385914,0.017682977078224027,0.28963731362102124,0.4359718659386552,0.14633455231763398,0.09767403700231689,0.531498074071162,0.4338240370688451,0.30781695988060537,0.4262157245984151,0.11839876471780975,0.39970813288959445,0.4858562552330681,0.08614812234347363,329.0,0.15073529411764705,812.0,0.3727022058823529,992.0,0.4554227941176471,1387.0,0.6369485294117647,1332.0,0.6116727941176471,0.15073529411764705,WACC_0p1_WRT_0p9,0.44549632352941176,683,False,,,False,False,False,False,False,91.0,0.3829787234042553
SPLL,RialtoBridgeTimelapse,1350,0.51,209,0.5500000000000002,0.5233246454307502,0,89,3379,3022,1,0.569,0.19213013507338628,0.35215460619590094,0.29441505081387126,0.11436258499008863,0.28100956101728686,0.37362166164537103,-2.8192817631169373,2.486580303846317,-2.921841313157002,-2.3302840836398757,-3.215787996382892,1.7111958757000287,0.35215460619590094,0.37091003571455483,0.018755429518653888,0.29441505081387126,0.41069491447600304,0.11627986366213178,0.11436258499008863,0.5384644559714802,0.42410187098139157,0.28100956101728686,0.43136662246332036,0.1503570614460335,0.37362166164537103,0.4901552730522923,0.11653361140692126,331.0,0.15165441176470587,549.0,0.25183823529411764,1034.0,0.47472426470588236,1440.0,0.6613051470588235,1366.0,0.6272977941176471,0.15165441176470587,WACC_0p1_WRT_0p9,0.43336397058823534,684,False,,,False,False,False,False,False,89.0,0.37446808510638296
SPLL,RialtoBridgeTimelapse,1244,0.44,558,0.3750000000000001,0.2917079570384586,0,198,1128,4036,7,0.901,0.37810406830107823,0.5686227790658825,0.4835000114117844,0.25181650202230865,0.3980954421004964,0.536829512686857,-2.8192817631169373,2.486580303846317,-2.921841313157002,-2.3302840836398757,-3.215787996382892,1.7111958757000287,0.5686227790658825,0.37132142332431606,0.1973013557415665,0.4835000114117844,0.45298781594973964,0.030512195462044756,0.25181650202230865,0.5671196140003457,0.31530311197803707,0.3980954421004964,0.4914175196450566,0.09332207754456018,0.536829512686857,0.5472241772285057,0.010394664541648724,332.0,0.15211397058823528,1042.0,0.47840073529411764,1325.0,0.6084558823529411,1985.0,0.9117647058823529,1809.0,0.8308823529411765,0.15211397058823528,WACC_0p1_WRT_0p9,0.5963235294117647,685,False,,,False,False,False,False,False,198.0,0.8382978723404255
SPLL,RialtoBridgeTimelapse,571,0.61,150,0.8,0.6013535785033906,0,34,403,327,10,0.54,0.24268241769720086,0.3146007067365719,0.30764947614535554,0.23605543394860318,0.03677746725454395,0.12884846607358277,-2.8192817631169373,2.486580303846317,-2.921841313157002,-2.3302840836398757,-3.215787996382892,1.7111958757000287,0.3146007067365719,0.4012594739286303,0.0866587671920584,0.30764947614535554,0.38153496989918667,0.07388549375383113,0.23605543394860318,0.41564520001497457,0.1795897660663714,0.03677746725454395,0.29414682029687195,0.257369353042328,0.12884846607358277,0.2996672179574457,0.17081875188386295,648.0,0.29733455882352944,333.0,0.15257352941176472,376.0,0.1723345588235294,447.0,0.20496323529411764,387.0,0.17738970588235295,0.15257352941176472,WACC_0p3_WRT_0p7,0.20091911764705883,686,False,,,False,False,False,False,False,34.0,0.14042553191489363
SPLL,RialtoBridgeTimelapse,1131,0.62,177,0.8250000000000001,0.5624361392270425,0,53,852,298,7,0.799,0.3127349790623462,0.3681569775117239,0.3677953079667021,0.31231174165753334,0.024722022511224122,0.10639111538645363,-2.8192817631169373,2.486580303846317,-2.921841313157002,-2.3302840836398757,-3.215787996382892,1.7111958757000287,0.3681569775117239,0.40722328063120944,0.03906630311948556,0.3677953079667021,0.38875542065349195,0.020960112686789822,0.31231174165753334,0.40830044969223184,0.0959887080346985,0.024722022511224122,0.26790616883832946,0.24318414632710533,0.10639111538645363,0.28731303009607945,0.18092191470962582,744.0,0.3414522058823529,377.0,0.17279411764705882,346.0,0.15854779411764705,334.0,0.15303308823529413,344.0,0.15762867647058823,0.15303308823529413,WACC_0p7_WRT_0p3,0.19669117647058823,687,False,,,False,False,False,False,False,53.0,0.22127659574468084
SPLL,RialtoBridgeTimelapse,201,0.61,183,0.8,0.5545931611698236,0,60,1172,559,7,0.999,0.30455532600900365,0.3685741006004522,0.3634133411184549,0.2975720727484189,0.0240543162695953,0.12902175153281578,-2.8192817631169373,2.486580303846317,-2.921841313157002,-2.3302840836398757,-3.215787996382892,1.7111958757000287,0.3685741006004522,0.4028819993915167,0.034307898791064495,0.3634133411184549,0.39118143800172334,0.027768096883268423,0.2975720727484189,0.407043915665312,0.1094718429168931,0.0240543162695953,0.2943425512500315,0.2702882349804362,0.12902175153281578,0.32387361181797136,0.19485186028515558,668.0,0.30652573529411764,396.0,0.18152573529411764,335.0,0.15349264705882354,449.0,0.20588235294117646,460.0,0.2109375,0.15349264705882354,WACC_0p5_WRT_0p5,0.21167279411764706,688,False,,,False,False,False,False,False,60.0,0.251063829787234
SPLL,RialtoBridgeTimelapse,1077,0.61,279,0.8,0.4552663059021987,0,128,4427,542,5,0.789,0.43811645476850153,0.48536608788273566,0.4838993223143662,0.4301165330337674,0.06146439121073817,0.13024478914599835,-2.8192817631169373,2.486580303846317,-2.921841313157002,-2.3302840836398757,-3.215787996382892,1.7111958757000287,0.48536608788273566,0.4581273661683548,0.027238721714380854,0.4838993223143662,0.439818851629713,0.044080470684653206,0.4301165330337674,0.4384175601723221,0.008301027138554684,0.06146439121073817,0.26791029412420403,0.20644590291346587,0.13024478914599835,0.30543406967865344,0.1751892805326551,1717.0,0.7886029411764706,857.0,0.39338235294117646,483.0,0.22150735294117646,335.0,0.15349264705882354,402.0,0.18428308823529413,0.15349264705882354,WACC_0p7_WRT_0p3,0.34825367647058825,689,False,,,False,False,False,False,False,128.0,0.5404255319148936
SPLL,RialtoBridgeTimelapse,213,0.62,394,0.8250000000000001,0.3738618123721252,0,157,3709,409,5,0.001,0.5704423879301255,0.5939370511258644,0.6004438955643305,0.5676822864136961,0.1297185280437754,0.11003738667704578,-2.8192817631169373,2.486580303846317,-2.921841313157002,-2.3302840836398757,-3.215787996382892,1.7111958757000287,0.5939370511258644,0.5016722979527,0.0922647531731644,0.6004438955643305,0.46806086568866145,0.13238302987566908,0.5676822864136961,0.47084962189825214,0.09683266451544398,0.1297185280437754,0.26794301705727896,0.13822448901350357,0.11003738667704578,0.2933970002700294,0.18335961359298364,2107.0,0.9678308823529411,1312.0,0.6024816176470589,672.0,0.3083639705882353,336.0,0.15395220588235295,365.0,0.16727941176470587,0.15395220588235295,WACC_0p7_WRT_0p3,0.4399816176470589,690,False,,,False,False,False,False,False,157.0,0.6638297872340425
SPLL,RialtoBridgeTimelapse,1876,0.31,353,0.05,0.3997877771656957,0,166,2082,4530,1,0.589,0.6938592412223614,0.4430150806528832,0.27358806086432574,0.5764332471115478,0.8174792528192838,0.9132143873636234,-2.8192817631169373,2.486580303846317,-2.921841313157002,-2.3302840836398757,-3.215787996382892,1.7111958757000287,0.4430150806528832,0.3716709214231928,0.0713441592296904,0.27358806086432574,0.4419689292820971,0.16838086841777133,0.5764332471115478,0.5857230899694005,0.009289842857852726,0.8174792528192838,0.5170326557745436,0.3004465970447402,0.9132143873636234,0.5912071118736323,0.3220072754899911,336.0,0.15395220588235295,889.0,0.40808823529411764,1617.0,0.7426470588235294,2103.0,0.9659926470588235,2088.0,0.9590992647058824,0.15395220588235295,WACC_0p1_WRT_0p9,0.6459558823529411,691,False,,,False,False,False,False,False,166.0,0.7021276595744681
SPLL,RialtoBridgeTimelapse,1212,0.62,335,0.8250000000000001,0.4121336132394091,0,146,4957,358,2,0.069,0.517648218348487,0.5476404813062414,0.5527662496874709,0.5154045213718867,0.10829274637915864,0.10916124221951727,-2.8192817631169373,2.486580303846317,-2.921841313157002,-2.3302840836398757,-3.215787996382892,1.7111958757000287,0.5476404813062414,0.5230972366271175,0.024543244679123943,0.5527662496874709,0.4947352551927643,0.05803099449470661,0.5154045213718867,0.46085670095309683,0.054547820418789916,0.10829274637915864,0.26806962043048466,0.159776874051326,0.10916124221951727,0.2903476983318997,0.18118645611238243,2149.0,0.9871323529411765,1905.0,0.875,613.0,0.28125,337.0,0.15441176470588236,355.0,0.16268382352941177,0.15441176470588236,WACC_0p7_WRT_0p3,0.4920955882352941,692,False,,,False,False,False,False,False,146.0,0.6170212765957447
SPLL,RialtoBridgeTimelapse,1682,0.59,65,0.75,0.7971488507753751,0,3,2251,331,1,0.178,0.051113656936050925,0.09766859619837148,0.07030890973515952,0.04361641079322234,0.15217629367903623,0.19027239371204896,-2.8192817631169373,2.486580303846317,-2.921841313157002,-2.3302840836398757,-3.215787996382892,1.7111958757000287,0.09766859619837148,0.41627574349030133,0.31860714729192985,0.07030890973515952,0.3953929834053105,0.32508407367015096,0.04361641079322234,0.40764514173974603,0.36402873094652366,0.15217629367903623,0.29348722549915557,0.14131093182011933,0.19027239371204896,0.32098912766642684,0.13071673395437788,895.0,0.4108455882352941,429.0,0.19669117647058823,338.0,0.15487132352941177,445.0,0.20404411764705882,449.0,0.20588235294117646,0.15487132352941177,WACC_0p5_WRT_0p5,0.23446691176470588,693,False,,,False,False,False,False,False,3.0,0.00851063829787234
SPLL,RialtoBridgeTimelapse,1579,0.32,157,0.075,0.5906331433253553,0,48,5,1519,3,0.65,0.7902020932643576,0.27475280328508034,0.09410689537321938,0.7243129294633532,0.8845615213725792,0.9391784803679856,-2.8192817631169373,2.486580303846317,-2.921841313157002,-2.3302840836398757,-3.215787996382892,1.7111958757000287,0.27475280328508034,0.3719014813645131,0.09714867807943278,0.09410689537321938,0.39801970331977776,0.3039128079465584,0.7243129294633532,0.49681134452141257,0.22750158494194067,0.8845615213725792,0.573728700637485,0.3108328207350941,0.9391784803679856,0.6281612046832802,0.3110172756847054,338.0,0.15487132352941177,448.0,0.20542279411764705,807.0,0.3704044117647059,2175.0,0.9990808823529411,2168.0,0.9958639705882353,0.15487132352941177,WACC_0p1_WRT_0p9,0.5451286764705883,694,False,,,False,False,False,False,False,48.0,0.2
SPLL,RialtoBridgeTimelapse,1866,0.62,342,0.8250000000000001,0.407255608721016,0,149,1722,278,1,0.018,0.5243662288515907,0.5535308481037973,0.5588328585610518,0.5220575459641335,0.11102077480605956,0.10927024125780059,-2.8192817631169373,2.486580303846317,-2.921841313157002,-2.3302840836398757,-3.215787996382892,1.7111958757000287,0.5535308481037973,0.4499478263587009,0.10358302174509637,0.5588328585610518,0.43065035380143446,0.12818250475961734,0.5220575459641335,0.439143991711973,0.08291355425216046,0.11102077480605956,0.2842257516876709,0.17320497688161135,0.10927024125780059,0.28315043852564326,0.17388019726784265,1582.0,0.7265625,759.0,0.3483455882352941,486.0,0.22288602941176472,409.0,0.1875,339.0,0.15533088235294118,0.15533088235294118,WACC_0p9_WRT_0p1,0.328125,695,False,,,False,False,False,False,False,149.0,0.6297872340425532
SPLL,RialtoBridgeTimelapse,1586,0.46,145,0.4250000000000001,0.6093198138937665,0,35,2765,2942,1,0.606,0.34688409165708983,0.2606279641369459,0.16770843970776192,0.28755171159984827,0.45892657276990145,0.524460395305678,-2.8192817631169373,2.486580303846317,-2.921841313157002,-2.3302840836398757,-3.215787996382892,1.7111958757000287,0.2606279641369459,0.3719267052163497,0.1112987410794038,0.16770843970776192,0.41030451870380685,0.24259607899604493,0.28755171159984827,0.5259375658684523,0.23838585426860404,0.45892657276990145,0.45852464506436597,0.0004019277055354875,0.524460395305678,0.5035350798739225,0.020925315431755465,339.0,0.15533088235294118,546.0,0.25045955882352944,960.0,0.4407169117647059,1701.0,0.78125,1453.0,0.6672794117647058,0.15533088235294118,WACC_0p1_WRT_0p9,0.45900735294117645,696,False,,,False,False,False,False,False,35.0,0.14468085106382977
SPLL,RialtoBridgeTimelapse,113,0.61,189,0.8,0.5470018733706472,0,66,935,459,4,0.607,0.31466900024663746,0.37740639388466846,0.3725323436237144,0.3076188817594533,0.022002855099513847,0.12907966529502166,-2.8192817631169373,2.486580303846317,-2.921841313157002,-2.3302840836398757,-3.215787996382892,1.7111958757000287,0.37740639388466846,0.39908983200777987,0.02168343812311141,0.3725323436237144,0.3830579192728885,0.010525575649174113,0.3076188817594533,0.41136222049531473,0.10374333873586145,0.022002855099513847,0.30879374394224657,0.28679088884273274,0.12907966529502166,0.3485347705548514,0.21945510525982972,625.0,0.2867647058823529,340.0,0.1557904411764706,360.0,0.16498161764705882,502.0,0.23023897058823528,526.0,0.24126838235294118,0.1557904411764706,WACC_0p3_WRT_0p7,0.21580882352941172,697,False,,,False,False,False,False,False,66.0,0.2765957446808511
SPLL,RialtoBridgeTimelapse,335,0.61,211,0.8,0.5210822131204411,0,86,4638,513,4,0.91,0.3493296687593806,0.40769245673279053,0.4037908252067418,0.3420356749615768,0.02506953708415415,0.12932861490963862,-2.8192817631169373,2.486580303846317,-2.921841313157002,-2.3302840836398757,-3.215787996382892,1.7111958757000287,0.40769245673279053,0.44239097790079684,0.03469852116800631,0.4037908252067418,0.4258250493323573,0.02203422412561551,0.3420356749615768,0.42208537254795914,0.08004969758638236,0.02506953708415415,0.2684747462191598,0.24340520913500563,0.12932861490963862,0.2982418891408845,0.16891327423124589,1420.0,0.6521139705882353,696.0,0.3193933823529412,405.0,0.18566176470588236,340.0,0.1557904411764706,381.0,0.17463235294117646,0.1557904411764706,WACC_0p7_WRT_0p3,0.29751838235294115,698,False,,,False,False,False,False,False,86.0,0.3617021276595745
SPLL,RialtoBridgeTimelapse,118,0.61,181,0.8,0.5571787042544939,0,59,963,386,5,0.795,0.301114782903752,0.365570023260412,0.3603113929020522,0.2941537896797475,0.024753790350779938,0.12900371860521626,-2.8192817631169373,2.486580303846317,-2.921841313157002,-2.3302840836398757,-3.215787996382892,1.7111958757000287,0.365570023260412,0.393312002679258,0.027741979418845986,0.3603113929020522,0.393945189785667,0.033633796883614786,0.2941537896797475,0.4078786714162218,0.11372488173647433,0.024753790350779938,0.28239534551478496,0.257641555164005,0.12900371860521626,0.30158910974234276,0.1725853911371265,550.0,0.2522977941176471,414.0,0.18979779411764705,341.0,0.15625,404.0,0.18520220588235295,389.0,0.17830882352941177,0.15625,WACC_0p5_WRT_0p5,0.19237132352941178,699,False,,,False,False,False,False,False,59.0,0.24680851063829787
SPLL,RialtoBridgeTimelapse,2127,0.5,320,0.5250000000000001,0.4229379947797137,0,149,4390,3864,1,0.572,0.3004963504686981,0.45267166786543755,0.39445170953624786,0.21686781162241334,0.27586955510173017,0.3918810701382748,-2.8192817631169373,2.486580303846317,-2.921841313157002,-2.3302840836398757,-3.215787996382892,1.7111958757000287,0.45267166786543755,0.3727380602015441,0.07993360766389346,0.39445170953624786,0.42388797060061445,0.029436261064366587,0.21686781162241334,0.5485238308078174,0.3316560191854041,0.27586955510173017,0.4484643425097531,0.17259478740802292,0.3918810701382748,0.5080304506550481,0.11614938051677337,343.0,0.15716911764705882,676.0,0.3102022058823529,1106.0,0.5078125,1619.0,0.7435661764705882,1497.0,0.6875,0.15716911764705882,WACC_0p1_WRT_0p9,0.48125,700,False,,,False,False,False,False,False,149.0,0.6297872340425532
SPLL,RialtoBridgeTimelapse,882,0.61,184,0.8,0.5533109095892781,0,61,1475,879,2,0.924,0.3062623804761487,0.37006470552225385,0.3649524410899854,0.2992679894331193,0.023707571659696083,0.12903101853906868,-2.8192817631169373,2.486580303846317,-2.921841313157002,-2.3302840836398757,-3.215787996382892,1.7111958757000287,0.37006470552225385,0.3770851370244348,0.007020431502180957,0.3649524410899854,0.3883251773551042,0.023372736265118765,0.2992679894331193,0.4081795370497824,0.1089115476166631,0.023707571659696083,0.34091752797330077,0.3172099563136047,0.12903101853906868,0.3889377698369592,0.25990675129789054,388.0,0.17784926470588236,372.0,0.17049632352941177,344.0,0.15762867647058823,651.0,0.29871323529411764,670.0,0.30744485294117646,0.15762867647058823,WACC_0p5_WRT_0p5,0.22242647058823528,701,False,,,False,False,False,False,False,61.0,0.2553191489361702
SPLL,RialtoBridgeTimelapse,316,0.59,158,0.75,0.5891405526489926,0,42,4834,1642,4,0.999,0.22531548746530297,0.315108381069458,0.29819610742500907,0.20509101279552389,0.08518845277409583,0.17576385421952462,-2.8192817631169373,2.486580303846317,-2.921841313157002,-2.3302840836398757,-3.215787996382892,1.7111958757000287,0.315108381069458,0.3728721705505159,0.057763789481057926,0.29819610742500907,0.427768501534092,0.12957239410908294,0.20509101279552389,0.48183842294541707,0.2767474101498932,0.08518845277409583,0.3501819195876513,0.2649934668135555,0.17576385421952462,0.40910264800572366,0.23333879378619904,344.0,0.15762867647058823,718.0,0.32950367647058826,731.0,0.33547794117647056,693.0,0.3180147058823529,785.0,0.3602941176470588,0.15762867647058823,WACC_0p1_WRT_0p9,0.30018382352941175,702,False,,,False,False,False,False,False,42.0,0.17446808510638298
SPLL,RialtoBridgeTimelapse,135,0.58,146,0.725,0.6077049623167738,0,32,4050,1894,1,0.55,0.18632381762880212,0.28938028372364877,0.2663345294296338,0.15907555907784454,0.11693430715784277,0.20050660522022765,-2.8192817631169373,2.486580303846317,-2.921841313157002,-2.3302840836398757,-3.215787996382892,1.7111958757000287,0.28938028372364877,0.4027178733036919,0.11333758958004314,0.2663345294296338,0.383829157853126,0.11749462842349218,0.15907555907784454,0.5035670549883872,0.3444914959105426,0.11693430715784277,0.38852148333996567,0.2715871761821229,0.20050660522022765,0.4427436516437507,0.24223704642352303,664.0,0.3046875,344.0,0.15762867647058823,839.0,0.3851102941176471,988.0,0.45358455882352944,993.0,0.45588235294117646,0.15762867647058823,WACC_0p3_WRT_0p7,0.35137867647058824,703,False,,,False,False,False,False,False,32.0,0.13191489361702127
SPLL,RialtoBridgeTimelapse,221,0.61,159,0.8,0.5876573199694053,0,41,1541,767,4,0.999,0.26072471365903716,0.33032748776360477,0.3239056101381738,0.25400433582774135,0.03303300817491255,0.12886301275733927,-2.8192817631169373,2.486580303846317,-2.921841313157002,-2.3302840836398757,-3.215787996382892,1.7111958757000287,0.33032748776360477,0.3795789630257546,0.049251475262149846,0.3239056101381738,0.38441461493711143,0.060509004798937616,0.25400433582774135,0.4172857144938149,0.16328137866607356,0.03303300817491255,0.3365665468651603,0.30353353869024774,0.12886301275733927,0.37739501348381327,0.248532000726474,409.0,0.1875,345.0,0.15808823529411764,386.0,0.17693014705882354,629.0,0.28860294117647056,624.0,0.28630514705882354,0.15808823529411764,WACC_0p3_WRT_0p7,0.21948529411764706,704,False,,,False,False,False,False,False,41.0,0.1702127659574468
SPLL,RialtoBridgeTimelapse,592,0.62,200,0.8250000000000001,0.5336872437661941,0,66,1020,378,10,0.729,0.351552965374364,0.40212043657846297,0.4028207675882609,0.3508174235394257,0.04062584616813628,0.10680425248697967,-2.8192817631169373,2.486580303846317,-2.921841313157002,-2.3302840836398757,-3.215787996382892,1.7111958757000287,0.40212043657846297,0.44328918950353935,0.04116875292507638,0.4028207675882609,0.40552968170531833,0.002708914117057426,0.3508174235394257,0.4082173809106162,0.057399957371190524,0.04062584616813628,0.2731754674411034,0.2325496212729671,0.10680425248697967,0.29216472910674435,0.18536047661976468,1436.0,0.6594669117647058,503.0,0.23069852941176472,345.0,0.15808823529411764,363.0,0.16636029411764705,360.0,0.16498161764705882,0.15808823529411764,WACC_0p5_WRT_0p5,0.27591911764705884,705,False,,,False,False,False,False,False,66.0,0.2765957446808511
SPLL,RialtoBridgeTimelapse,1757,0.44,436,0.3750000000000001,0.3499565329987802,0,179,1476,4305,5,0.883,0.3078127513033126,0.5090261488205223,0.4208300366264523,0.1804248993890411,0.4174765262836601,0.5417928816563979,-2.8192817631169373,2.486580303846317,-2.921841313157002,-2.3302840836398757,-3.215787996382892,1.7111958757000287,0.5090261488205223,0.37289504139128304,0.13613110742923928,0.4208300366264523,0.46557012503312184,0.04474008840666954,0.1804248993890411,0.5730264756483685,0.3926015762593274,0.4174765262836601,0.4904700674811867,0.0729935411975266,0.5417928816563979,0.5613051972313887,0.01951231557499078,345.0,0.15808823529411764,1262.0,0.5795036764705882,1423.0,0.6534926470588235,1979.0,0.9090073529411765,1933.0,0.8878676470588235,0.15808823529411764,WACC_0p1_WRT_0p9,0.6375919117647059,706,False,,,False,False,False,False,False,179.0,0.7574468085106383
SPLL,RialtoBridgeTimelapse,1893,0.6,172,0.775,0.5691766190378111,0,54,1067,886,1,0.478,0.2676641988073178,0.34408110424757365,0.33320844940280797,0.2541675664487276,0.05365778595020731,0.1519789114849601,-2.8192817631169373,2.486580303846317,-2.921841313157002,-2.3302840836398757,-3.215787996382892,1.7111958757000287,0.34408110424757365,0.4049323661586574,0.060851261911083754,0.33320844940280797,0.3845369562257112,0.05132850682290324,0.2541675664487276,0.43512360260666477,0.18095603615793715,0.05365778595020731,0.3517775501254048,0.2981197641751975,0.1519789114849601,0.40170238836575367,0.24972347688079358,700.0,0.3212316176470588,346.0,0.15854779411764705,469.0,0.21507352941176472,702.0,0.32215073529411764,743.0,0.34099264705882354,0.15854779411764705,WACC_0p3_WRT_0p7,0.27159926470588236,707,False,,,False,False,False,False,False,54.0,0.225531914893617
SPLL,RialtoBridgeTimelapse,130,0.62,208,0.8250000000000001,0.5244538830757801,0,72,4880,534,1,0.001,0.3640647545593346,0.4130723416941512,0.4141120618357084,0.36322433065927584,0.045742558173554396,0.10695188453478083,-2.8192817631169373,2.486580303846317,-2.921841313157002,-2.3302840836398757,-3.215787996382892,1.7111958757000287,0.4130723416941512,0.5244819505049676,0.11140960881081641,0.4141120618357084,0.4879269193790292,0.07381485754332079,0.36322433065927584,0.4662061445526561,0.10298181389338024,0.045742558173554396,0.2695879082368711,0.22384535006331674,0.10695188453478083,0.2877978183809997,0.1808459338462189,2150.0,0.9875919117647058,1760.0,0.8083639705882353,641.0,0.29411764705882354,347.0,0.15900735294117646,346.0,0.15854779411764705,0.15854779411764705,WACC_0p9_WRT_0p1,0.4815257352941177,708,False,,,False,False,False,False,False,72.0,0.3021276595744681
SPLL,RialtoBridgeTimelapse,156,0.61,202,0.8,0.5313448995078442,0,78,1159,423,10,0.857,0.33558307240482727,0.39567792215202424,0.391392393798288,0.3283883631205719,0.019412332924269787,0.1292210948695054,-2.8192817631169373,2.486580303846317,-2.921841313157002,-2.3302840836398757,-3.215787996382892,1.7111958757000287,0.39567792215202424,0.44753815823714965,0.05186023608512541,0.391392393798288,0.4414007825408771,0.050008388742589116,0.3283883631205719,0.42273992900521573,0.09435156588464383,0.019412332924269787,0.2827364906811478,0.263324157756878,0.1292210948695054,0.2880471610348751,0.1588260661653697,1533.0,0.7040441176470589,881.0,0.40441176470588236,407.0,0.18658088235294118,405.0,0.18566176470588236,347.0,0.15900735294117646,0.15900735294117646,WACC_0p9_WRT_0p1,0.3279411764705882,709,False,,,False,False,False,False,False,78.0,0.3276595744680851
SPLL,RialtoBridgeTimelapse,1432,0.42,296,0.325,0.4413219851156211,0,142,2479,3727,6,0.883,0.37395774848917895,0.41462589480178474,0.3093361694774214,0.2668880719709085,0.5076384533179835,0.6071362228255546,-2.8192817631169373,2.486580303846317,-2.921841313157002,-2.3302840836398757,-3.215787996382892,1.7111958757000287,0.41462589480178474,0.3735330520143576,0.04109284278742714,0.3093361694774214,0.457939668526402,0.14860349904898063,0.2668880719709085,0.5683071771694352,0.3014191051985267,0.5076384533179835,0.48558776148458493,0.022050691833398584,0.6071362228255546,0.5562968119927867,0.050839410832767884,347.0,0.15900735294117646,1115.0,0.5119485294117647,1345.0,0.6176470588235294,1954.0,0.8975183823529411,1888.0,0.8671875,0.15900735294117646,WACC_0p1_WRT_0p9,0.6106617647058823,710,False,,,False,False,False,False,False,142.0,0.6
SPLL,RialtoBridgeTimelapse,237,0.58,147,0.725,0.6061010589702227,0,33,4228,1767,5,0.999,0.1883403497501968,0.2911184057808124,0.2681436631617009,0.1610988100503742,0.11645963499592647,0.20044940479560516,-2.8192817631169373,2.486580303846317,-2.921841313157002,-2.3302840836398757,-3.215787996382892,1.7111958757000287,0.2911184057808124,0.3736072029768026,0.08248879719599023,0.2681436631617009,0.4251066499984658,0.1569629868367649,0.1610988100503742,0.49274960441199206,0.3316507943616178,0.11645963499592647,0.3660188942762938,0.24955925928036732,0.20044940479560516,0.42341307444110915,0.222963669645504,348.0,0.15946691176470587,689.0,0.3161764705882353,786.0,0.36075367647058826,803.0,0.36856617647058826,870.0,0.3993566176470588,0.15946691176470587,WACC_0p1_WRT_0p9,0.32086397058823535,711,False,,,False,False,False,False,False,33.0,0.13617021276595745
SPLL,RialtoBridgeTimelapse,319,0.6,170,0.775,0.571927520236409,0,52,1505,860,5,0.999,0.2640664156922133,0.3409492849449189,0.3299685168347115,0.2505847055027338,0.05441657883340705,0.1519887015389755,-2.8192817631169373,2.486580303846317,-2.921841313157002,-2.3302840836398757,-3.215787996382892,1.7111958757000287,0.3409492849449189,0.382453510786757,0.041504225841838105,0.3299685168347115,0.38481341400950136,0.05484489717478985,0.2505847055027338,0.4241585238488882,0.17357381834615437,0.05441657883340705,0.34594543988658355,0.2915288610531765,0.1519887015389755,0.387710391396142,0.2357216898571665,446.0,0.20450367647058823,349.0,0.15992647058823528,414.0,0.18979779411764705,676.0,0.3102022058823529,664.0,0.3046875,0.15992647058823528,WACC_0p3_WRT_0p7,0.23382352941176468,712,False,,,False,False,False,False,False,52.0,0.2170212765957447
SPLL,RialtoBridgeTimelapse,759,0.61,312,0.8,0.4289086545798216,0,140,3948,389,9,0.205,0.4739372070348822,0.5167316108523645,0.516230065317083,0.46562768956756945,0.07609257189748606,0.13069941772106644,-2.8192817631169373,2.486580303846317,-2.921841313157002,-2.3302840836398757,-3.215787996382892,1.7111958757000287,0.5167316108523645,0.48722241045954834,0.02950920039281618,0.516230065317083,0.4384779998873543,0.07775206542972873,0.46562768956756945,0.455497689190695,0.010130000376874448,0.07609257189748606,0.2703235538485659,0.19423098195107982,0.13069941772106644,0.30332639868183686,0.17262698096077042,2044.0,0.9388786764705882,840.0,0.38556985294117646,584.0,0.2679227941176471,349.0,0.15992647058823528,394.0,0.18060661764705882,0.15992647058823528,WACC_0p7_WRT_0p3,0.3865808823529412,713,False,,,False,False,False,False,False,140.0,0.5914893617021276
SPLL,RialtoBridgeTimelapse,363,0.62,275,0.8250000000000001,0.4586703191260897,0,115,4639,583,1,0.001,0.4537390483258082,0.49161937336049727,0.49505971371738755,0.45210079970002826,0.08231227499979663,0.10816810550911078,-2.8192817631169373,2.486580303846317,-2.921841313157002,-2.3302840836398757,-3.215787996382892,1.7111958757000287,0.49161937336049727,0.5191302595872503,0.027510886226753073,0.49505971371738755,0.4886718483471093,0.006387865370278245,0.45210079970002826,0.48948228213067807,0.037381482430649815,0.08231227499979663,0.2879985750221186,0.205686300022322,0.10816810550911078,0.28838335840947155,0.18021525290036078,2145.0,0.9852941176470589,1782.0,0.8184742647058824,769.0,0.35294117647058826,421.0,0.19301470588235295,349.0,0.15992647058823528,0.15992647058823528,WACC_0p9_WRT_0p1,0.5019301470588236,714,False,,,False,False,False,False,False,115.0,0.4851063829787234
SPLL,RialtoBridgeTimelapse,1088,0.6,146,0.775,0.6077049623167738,0,31,4545,1229,1,0.59,0.2175461304233629,0.30050238395652923,0.2880944753508488,0.2042150704739925,0.06436643460854304,0.15226031269625642,-2.8192817631169373,2.486580303846317,-2.921841313157002,-2.3302840836398757,-3.215787996382892,1.7111958757000287,0.30050238395652923,0.3875489249023785,0.0870465409458493,0.2880944753508488,0.38497484656630815,0.09688037121545934,0.2042150704739925,0.4567902706159699,0.2525752001419774,0.06436643460854304,0.3720688710767539,0.3077024364682109,0.15226031269625642,0.41432056984029336,0.2620602571440369,482.0,0.22104779411764705,350.0,0.16038602941176472,592.0,0.27159926470588236,843.0,0.3869485294117647,822.0,0.3772977941176471,0.16038602941176472,WACC_0p3_WRT_0p7,0.2834558823529412,715,False,,,False,False,False,False,False,31.0,0.1276595744680851
SPLL,RialtoBridgeTimelapse,2136,0.4,239,0.2750000000000001,0.491734477925671,0,115,2325,2568,4,0.825,0.46509680254535696,0.364657747517937,0.24375411716316833,0.3730228350007918,0.5872984198509386,0.6725951710211974,-2.8192817631169373,2.486580303846317,-2.921841313157002,-2.3302840836398757,-3.215787996382892,1.7111958757000287,0.364657747517937,0.37405315626122376,0.00939540874328676,0.24375411716316833,0.45000968259852764,0.2062555654353593,0.3730228350007918,0.5407000578462304,0.16767722284543862,0.5872984198509386,0.4434721858492412,0.14382623400169736,0.6725951710211974,0.5101340470608845,0.16246112396031287,350.0,0.16038602941176472,1003.0,0.46047794117647056,1048.0,0.4811580882352941,1562.0,0.7173713235294118,1520.0,0.6980698529411765,0.16038602941176472,WACC_0p1_WRT_0p9,0.5034926470588236,716,False,,,False,False,False,False,False,115.0,0.4851063829787234
SPLL,RialtoBridgeTimelapse,1156,0.44,128,0.3750000000000001,0.6386064107402307,0,23,289,1619,1,0.452,0.42915491453045124,0.23302893482380993,0.1252130885458706,0.3779473684976496,0.5334324954589053,0.5901062249868096,-2.8192817631169373,2.486580303846317,-2.921841313157002,-2.3302840836398757,-3.215787996382892,1.7111958757000287,0.23302893482380993,0.3741829583410683,0.14115402351725836,0.1252130885458706,0.3986198245640533,0.2734067360181827,0.3779473684976496,0.5054086074082584,0.12746123891060884,0.5334324954589053,0.4705419621833492,0.06289053327555605,0.5901062249868096,0.536473015280238,0.053633209706571594,351.0,0.16084558823529413,455.0,0.20863970588235295,852.0,0.39108455882352944,1830.0,0.8405330882352942,1735.0,0.796875,0.16084558823529413,WACC_0p1_WRT_0p9,0.47959558823529413,717,False,,,False,False,False,False,False,23.0,0.09361702127659574
SPLL,RialtoBridgeTimelapse,1865,0.41,557,0.3,0.2921315468337263,0,200,552,4911,8,0.861,0.3376895836540255,0.5596345763947855,0.45747491644875704,0.18865605505577757,0.48162842031676706,0.6155023585059742,-2.8192817631169373,2.486580303846317,-2.921841313157002,-2.3302840836398757,-3.215787996382892,1.7111958757000287,0.5596345763947855,0.3744582936398429,0.18517628275494263,0.45747491644875704,0.46616984480977103,0.008694928361013987,0.18865605505577757,0.5730110288909809,0.38435497383520334,0.48162842031676706,0.5235038160292055,0.041875395712438424,0.6155023585059742,0.601964411477549,0.013537947028425257,352.0,0.16130514705882354,1273.0,0.5845588235294118,1422.0,0.6530330882352942,2121.0,0.9742647058823529,2124.0,0.9756433823529411,0.16130514705882354,WACC_0p1_WRT_0p9,0.6697610294117646,718,False,,,False,False,False,False,False,200.0,0.8468085106382979
SPLL,RialtoBridgeTimelapse,1563,0.58,175,0.725,0.5651093296745381,0,59,381,547,4,0.124,0.24027172784097148,0.33598068773569123,0.31477383521696767,0.21311508123599923,0.10452401130419242,0.19927852195394916,-2.8192817631169373,2.486580303846317,-2.921841313157002,-2.3302840836398757,-3.215787996382892,1.7111958757000287,0.33598068773569123,0.41198006473334964,0.07599937699765841,0.31477383521696767,0.3853728411720967,0.07059900595512902,0.21311508123599923,0.4469935124020259,0.23387843116602666,0.10452401130419242,0.3473490814604556,0.2428250701562632,0.19927852195394916,0.4097374844344011,0.21045896248045196,821.0,0.37683823529411764,353.0,0.16176470588235295,529.0,0.2426470588235294,681.0,0.3125,788.0,0.3616727941176471,0.16176470588235295,WACC_0p3_WRT_0p7,0.29108455882352946,719,False,,,False,False,False,False,False,59.0,0.24680851063829787
SPLL,RialtoBridgeTimelapse,290,0.58,134,0.725,0.6278511569827738,0,24,4156,2125,5,0.999,0.16110002645267182,0.2676680811766226,0.24371650039462486,0.13374227069031633,0.1229550707840729,0.2013093713886203,-2.8192817631169373,2.486580303846317,-2.921841313157002,-2.3302840836398757,-3.215787996382892,1.7111958757000287,0.2676680811766226,0.37447942155804537,0.10681134038142276,0.24371650039462486,0.4312508145226905,0.18753431412806562,0.13374227069031633,0.5134091264130117,0.37966685572269543,0.1229550707840729,0.3851007606979534,0.2621456899138805,0.2013093713886203,0.4374082921330156,0.23609892074439529,353.0,0.16176470588235295,770.0,0.35340073529411764,899.0,0.41268382352941174,961.0,0.4411764705882353,963.0,0.4420955882352941,0.16176470588235295,WACC_0p1_WRT_0p9,0.3622242647058823,720,False,,,False,False,False,False,False,24.0,0.09787234042553192
SPLL,RialtoBridgeTimelapse,1477,0.62,222,0.8250000000000001,0.5091149574402929,0,81,3517,425,7,0.855,0.3848938984272636,0.43130916615248605,0.4329111605009152,0.38387492070261403,0.05425186583059569,0.10721120059298092,-2.8192817631169373,2.486580303846317,-2.921841313157002,-2.3302840836398757,-3.215787996382892,1.7111958757000287,0.43130916615248605,0.43151157011522895,0.00020240396274290307,0.4329111605009152,0.4260569195741947,0.00685424092672049,0.38387492070261403,0.4353492681137695,0.051474347411155474,0.05425186583059569,0.27350795757167073,0.21925609174107505,0.10721120059298092,0.2899561290854123,0.18274492849243137,1185.0,0.5441176470588235,702.0,0.32215073529411764,471.0,0.21599264705882354,365.0,0.16727941176470587,354.0,0.16222426470588236,0.16222426470588236,WACC_0p9_WRT_0p1,0.2823529411764706,721,False,,,False,False,False,False,False,81.0,0.3404255319148936
SPLL,RialtoBridgeTimelapse,1577,0.61,253,0.8,0.4783217862110248,0,115,3558,385,2,0.287,0.40689968738595267,0.45804385246587215,0.45572872049000734,0.3991591360650794,0.04869311236863426,0.12988436606590803,-2.8192817631169373,2.486580303846317,-2.921841313157002,-2.3302840836398757,-3.215787996382892,1.7111958757000287,0.45804385246587215,0.44859821301472136,0.009445639451150789,0.45572872049000734,0.41730766510541595,0.038421055384591396,0.3991591360650794,0.43814680095907477,0.038987664893995355,0.04869311236863426,0.2719964404561574,0.22330332808752312,0.12988436606590803,0.3103408203647816,0.18045645429887358,1559.0,0.7159926470588235,610.0,0.27987132352941174,481.0,0.22058823529411764,354.0,0.16222426470588236,424.0,0.19439338235294118,0.16222426470588236,WACC_0p7_WRT_0p3,0.31461397058823526,722,False,,,False,False,False,False,False,115.0,0.4851063829787234
SPLL,RialtoBridgeTimelapse,1935,0.4,397,0.2750000000000001,0.3720718302833087,0,173,593,4082,2,0.693,0.3968243055334926,0.4784119769086494,0.3657096152541691,0.2699242191919296,0.5389477033253962,0.6521424594635803,-2.8192817631169373,2.486580303846317,-2.921841313157002,-2.3302840836398757,-3.215787996382892,1.7111958757000287,0.4784119769086494,0.3745502492525828,0.1038617276560666,0.3657096152541691,0.4528203247786208,0.08711070952445166,0.2699242191919296,0.5764333509151531,0.3065091317232235,0.5389477033253962,0.5067415495687579,0.03220615375663827,0.6521424594635803,0.5752264250100448,0.07691603445353545,354.0,0.16222426470588236,1038.0,0.4765625,1471.0,0.6755514705882353,2067.0,0.9494485294117647,2016.0,0.9260110294117647,0.16222426470588236,WACC_0p1_WRT_0p9,0.6379595588235294,723,False,,,False,False,False,False,False,173.0,0.7319148936170212
SPLL,RialtoBridgeTimelapse,1707,0.36,580,0.175,0.282575864622391,0,205,2554,3924,7,0.894,0.4696234983380606,0.5585957996901787,0.4279217714836608,0.3175774374046726,0.6203945168978966,0.7494051219723613,-2.8192817631169373,2.486580303846317,-2.921841313157002,-2.3302840836398757,-3.215787996382892,1.7111958757000287,0.5585957996901787,0.3745543980264776,0.1840414016637011,0.4279217714836608,0.45692727409378314,0.029005502610122358,0.3175774374046726,0.570031238425491,0.2524538010208184,0.6203945168978966,0.48879089801728764,0.13160361888060895,0.7494051219723613,0.5598960636488404,0.18950905832352094,355.0,0.16268382352941177,1100.0,0.5050551470588235,1362.0,0.6254595588235294,1967.0,0.9034926470588235,1924.0,0.8837316176470589,0.16268382352941177,WACC_0p1_WRT_0p9,0.6160845588235294,724,False,,,False,False,False,False,False,205.0,0.8680851063829788
SPLL,RialtoBridgeTimelapse,1772,0.61,149,0.8,0.6029255101170121,0,33,2783,377,6,0.85,0.24061627367053096,0.31280045056794953,0.30578816361804567,0.23399935281928458,0.03720834014579627,0.12884896812152802,-2.8192817631169373,2.486580303846317,-2.921841313157002,-2.3302840836398757,-3.215787996382892,1.7111958757000287,0.31280045056794953,0.39779266573651134,0.08499221516856181,0.30578816361804567,0.3943158146321651,0.08852765101411941,0.23399935281928458,0.41032078576413505,0.17632143294485048,0.03720834014579627,0.2888947042887961,0.25168636414299983,0.12884896812152802,0.3056859799379948,0.17683701181646677,605.0,0.2775735294117647,419.0,0.19209558823529413,357.0,0.1636029411764706,423.0,0.19393382352941177,403.0,0.18474264705882354,0.1636029411764706,WACC_0p5_WRT_0p5,0.20238970588235294,725,False,,,False,False,False,False,False,33.0,0.13617021276595745
SPLL,RialtoBridgeTimelapse,1066,0.47,177,0.45,0.5624361392270425,0,64,3300,3396,1,0.517,0.2882475337640572,0.3056344052532697,0.22217164091881966,0.21529259418289554,0.4095829260821936,0.4871611300299819,-2.8192817631169373,2.486580303846317,-2.921841313157002,-2.3302840836398757,-3.215787996382892,1.7111958757000287,0.3056344052532697,0.3748568741748188,0.0692224689215491,0.22217164091881966,0.42032816378764115,0.1981565228688215,0.21529259418289554,0.5486024301534731,0.33330983597057756,0.4095829260821936,0.43628513166634214,0.02670220558414854,0.4871611300299819,0.5006079166184981,0.013446786588516224,357.0,0.1636029411764706,646.0,0.29641544117647056,1109.0,0.5091911764705882,1489.0,0.6838235294117647,1433.0,0.6580882352941176,0.1636029411764706,WACC_0p1_WRT_0p9,0.46222426470588235,726,False,,,False,False,False,False,False,64.0,0.2680851063829787
SPLL,RialtoBridgeTimelapse,522,0.61,331,0.8,0.4149668786895975,0,147,4851,497,7,0.001,0.492937022021036,0.5333734485639717,0.5333807656321775,0.4844587967232778,0.08384155005535084,0.13095596742884413,-2.8192817631169373,2.486580303846317,-2.921841313157002,-2.3302840836398757,-3.215787996382892,1.7111958757000287,0.5333734485639717,0.5169017948362555,0.016471653727716196,0.5333807656321775,0.480281459032148,0.05309930660002954,0.4844587967232778,0.4928848081210376,0.00842601139775978,0.08384155005535084,0.2723927981430712,0.1885512480877204,0.13095596742884413,0.3083680318536769,0.17741206442483276,2143.0,0.984375,1571.0,0.7215073529411765,787.0,0.36121323529411764,358.0,0.1640625,416.0,0.19071691176470587,0.1640625,WACC_0p7_WRT_0p3,0.4843750000000001,727,False,,,False,False,False,False,False,147.0,0.6212765957446809
SPLL,RialtoBridgeTimelapse,1507,0.38,90,0.2250000000000001,0.7211598858267796,0,12,2202,2241,1,0.564,0.688044351535325,0.1626089345561847,0.10341988900930839,0.6573256528090641,0.7703246033762197,0.8028326408575205,-2.8192817631169373,2.486580303846317,-2.921841313157002,-2.3302840836398757,-3.215787996382892,1.7111958757000287,0.1626089345561847,0.3749986803769687,0.21238974582078401,0.10341988900930839,0.4187934423986484,0.31537355338934003,0.6573256528090641,0.5192328602886706,0.13809279252039353,0.7703246033762197,0.4652110017422125,0.30511360163400714,0.8028326408575205,0.5194444920785443,0.2833881487789762,360.0,0.16498161764705882,631.0,0.28952205882352944,926.0,0.4250919117647059,1773.0,0.8143382352941176,1607.0,0.7380514705882353,0.16498161764705882,WACC_0p1_WRT_0p9,0.48639705882352935,728,False,,,False,False,False,False,False,12.0,0.04680851063829787
SPLL,RialtoBridgeTimelapse,184,0.61,184,0.8,0.5533109095892781,0,61,1265,721,7,0.999,0.3062623804761487,0.37006470552225385,0.3649524410899854,0.2992679894331193,0.023707571659696083,0.12903101853906868,-2.8192817631169373,2.486580303846317,-2.921841313157002,-2.3302840836398757,-3.215787996382892,1.7111958757000287,0.37006470552225385,0.4020672015557584,0.03200249603350458,0.3649524410899854,0.39250113063001124,0.027548689540025817,0.2992679894331193,0.4114667230084427,0.11219873357532345,0.023707571659696083,0.3148818553239877,0.29117428366429166,0.12903101853906868,0.35022249286925394,0.22119147433018527,658.0,0.30193014705882354,404.0,0.18520220588235295,361.0,0.16544117647058823,536.0,0.24586397058823528,533.0,0.24448529411764705,0.16544117647058823,WACC_0p5_WRT_0p5,0.2285845588235294,729,False,,,False,False,False,False,False,61.0,0.2553191489361702
SPLL,RialtoBridgeTimelapse,2081,0.38,491,0.2250000000000001,0.3219116455435173,0,190,518,4696,1,0.538,0.43026915860157633,0.5237728360756994,0.4024237448788695,0.28918195893721166,0.577629857923584,0.7000181313402228,-2.8192817631169373,2.486580303846317,-2.921841313157002,-2.3302840836398757,-3.215787996382892,1.7111958757000287,0.5237728360756994,0.3752242817699152,0.14854855430578418,0.4024237448788695,0.4288798859450627,0.026456141066193206,0.28918195893721166,0.5664235706669548,0.27724161172974315,0.577629857923584,0.5281416878922551,0.04948817003132888,0.7000181313402228,0.5941877278360918,0.10583040350413109,363.0,0.16636029411764705,730.0,0.3350183823529412,1313.0,0.6029411764705882,2131.0,0.9788602941176471,2104.0,0.9664522058823529,0.16636029411764705,WACC_0p1_WRT_0p9,0.6099264705882352,730,False,,,False,False,False,False,False,190.0,0.8042553191489362
SPLL,RialtoBridgeTimelapse,269,0.62,152,0.8250000000000001,0.5982407067832671,0,35,453,252,7,0.645,0.2647213665109824,0.32618652963891587,0.32448793654761804,0.26465060840681626,0.010367800299527774,0.10599602322773437,-2.8192817631169373,2.486580303846317,-2.921841313157002,-2.3302840836398757,-3.215787996382892,1.7111958757000287,0.32618652963891587,0.38976181792663783,0.06357528828772196,0.32448793654761804,0.38710052717149507,0.06261259062387703,0.26465060840681626,0.42971663252550374,0.16506602411868748,0.010367800299527774,0.2786785320119505,0.2683107317124227,0.10599602322773437,0.3043508579744959,0.19835483474676152,504.0,0.23115808823529413,364.0,0.16681985294117646,443.0,0.203125,392.0,0.1796875,399.0,0.18290441176470587,0.16681985294117646,WACC_0p3_WRT_0p7,0.19273897058823528,731,False,,,False,False,False,False,False,35.0,0.14468085106382977
SPLL,RialtoBridgeTimelapse,174,0.62,294,0.8250000000000001,0.4429204698284852,0,124,5000,535,5,0.001,0.4753297688634144,0.5105420357267887,0.5145537042040541,0.4734897774150537,0.09109560598131977,0.10849402622125501,-2.8192817631169373,2.486580303846317,-2.921841313157002,-2.3302840836398757,-3.215787996382892,1.7111958757000287,0.5105420357267887,0.49932059558516356,0.011221440141625127,0.5145537042040541,0.47552254994125015,0.03903115426280396,0.4734897774150537,0.4713669864936988,0.0021227909213549223,0.09109560598131977,0.27798346916080807,0.1868878631794883,0.10849402622125501,0.2932653015243016,0.18477127530304657,2101.0,0.9650735294117647,1473.0,0.6764705882352942,675.0,0.30974264705882354,389.0,0.17830882352941177,364.0,0.16681985294117646,0.16681985294117646,WACC_0p9_WRT_0p1,0.4592830882352942,732,False,,,False,False,False,False,False,124.0,0.5234042553191489
SPLL,RialtoBridgeTimelapse,57,0.59,120,0.75,0.6537523715710118,0,13,5000,1457,3,0.999,0.14341574056435624,0.24434957931571752,0.22465377439570358,0.1230639958522078,0.10399019466909463,0.17758775262840162,-2.8192817631169373,2.486580303846317,-2.921841313157002,-2.3302840836398757,-3.215787996382892,1.7111958757000287,0.24434957931571752,0.3754099352271607,0.1310603559114432,0.22465377439570358,0.3986123588013342,0.17395858440563064,0.1230639958522078,0.4634904900659295,0.34042649421372173,0.10399019466909463,0.35503690743173444,0.2510467127626398,0.17758775262840162,0.4018383852692743,0.22425063264087267,366.0,0.16773897058823528,454.0,0.20818014705882354,634.0,0.29090073529411764,722.0,0.3313419117647059,744.0,0.3414522058823529,0.16773897058823528,WACC_0p1_WRT_0p9,0.267922794117647,733,False,,,False,False,False,False,False,13.0,0.05106382978723404
SPLL,RialtoBridgeTimelapse,1453,0.61,133,0.8,0.6296100858099285,0,20,2510,274,9,0.067,0.20569583229092098,0.28239935112197667,0.2743397293097884,0.19922667753061177,0.04456366779654815,0.12893394528467883,-2.8192817631169373,2.486580303846317,-2.921841313157002,-2.3302840836398757,-3.215787996382892,1.7111958757000287,0.28239935112197667,0.49196349398810707,0.2095641428661304,0.2743397293097884,0.4667002807847611,0.19236055147497272,0.19922667753061177,0.4536353843861894,0.2544087068555776,0.04456366779654815,0.27820241817825053,0.2336387503817024,0.12893394528467883,0.2934043644477598,0.16447041916308097,2073.0,0.9522058823529411,1281.0,0.5882352941176471,576.0,0.26424632352941174,391.0,0.1792279411764706,366.0,0.16773897058823528,0.16773897058823528,WACC_0p9_WRT_0p1,0.43033088235294115,734,False,,,False,False,False,False,False,20.0,0.08085106382978724
SPLL,RialtoBridgeTimelapse,8,0.61,92,0.8,0.7160167520220315,0,4,383,324,8,0.68,0.09500873094902475,0.18650635264790202,0.17484357554409227,0.08859750229557366,0.0692214325227972,0.13061058013963192,-2.8192817631169373,2.486580303846317,-2.921841313157002,-2.3302840836398757,-3.215787996382892,1.7111958757000287,0.18650635264790202,0.41006217777758114,0.22355582512967911,0.17484357554409227,0.3993432994577057,0.22449972391361342,0.08859750229557366,0.41452906542377027,0.3259315631281966,0.0692214325227972,0.2775483604804147,0.2083269279576175,0.13061058013963192,0.3079377077099167,0.17732712757028476,782.0,0.35891544117647056,462.0,0.21185661764705882,367.0,0.16819852941176472,388.0,0.17784926470588236,415.0,0.19025735294117646,0.16819852941176472,WACC_0p5_WRT_0p5,0.2214154411764706,735,False,,,False,False,False,False,False,4.0,0.01276595744680851
SPLL,RialtoBridgeTimelapse,1011,0.6,109,0.775,0.6763003618658789,0,8,2460,414,4,0.282,0.12998931422248258,0.22471287367380283,0.20941566006632725,0.11664745047527336,0.08405683233766363,0.1537807292530708,-2.8192817631169373,2.486580303846317,-2.921841313157002,-2.3302840836398757,-3.215787996382892,1.7111958757000287,0.22471287367380283,0.4193199175153972,0.19460704384159438,0.20941566006632725,0.38749247986659807,0.17807681980027082,0.11664745047527336,0.4322966251611338,0.31564917468586046,0.08405683233766363,0.31650278552124195,0.2324459531835783,0.1537807292530708,0.3478704997677844,0.1940897705147136,938.0,0.4306066176470588,367.0,0.16819852941176472,457.0,0.20955882352941177,542.0,0.24862132352941177,522.0,0.23943014705882354,0.16819852941176472,WACC_0p3_WRT_0p7,0.25928308823529417,736,False,,,False,False,False,False,False,8.0,0.029787234042553193
SPLL,RialtoBridgeTimelapse,1681,0.44,728,0.3750000000000001,0.2288915986602304,0,214,1078,4487,9,0.958,0.45487623089509044,0.6341051761420291,0.5521029327553602,0.3294483645793956,0.37804709246062845,0.5325812325312067,-2.8192817631169373,2.486580303846317,-2.921841313157002,-2.3302840836398757,-3.215787996382892,1.7111958757000287,0.6341051761420291,0.3754425691879323,0.2586626069540968,0.5521029327553602,0.4678352959260557,0.08426763682930444,0.3294483645793956,0.5678240385957875,0.23837567401639187,0.37804709246062845,0.4927517032269588,0.11470461076633037,0.5325812325312067,0.5804910241971237,0.04790979166591702,367.0,0.16819852941176472,1308.0,0.6006433823529411,1340.0,0.6153492647058824,1994.0,0.9159007352941176,2042.0,0.9379595588235294,0.16819852941176472,WACC_0p1_WRT_0p9,0.6476102941176471,737,False,,,False,False,False,False,False,214.0,0.9063829787234042
SPLL,RialtoBridgeTimelapse,353,0.61,191,0.8,0.5445246273066155,0,68,4933,748,5,0.999,0.3179731918044999,0.38029246246456544,0.3755117729234745,0.3109007810122825,0.021334095302428954,0.12910011890693882,-2.8192817631169373,2.486580303846317,-2.921841313157002,-2.3302840836398757,-3.215787996382892,1.7111958757000287,0.38029246246456544,0.4094482868949157,0.029155824430350252,0.3755117729234745,0.41743723306881947,0.041925460145344984,0.3109007810122825,0.4147368746291042,0.10383609361682167,0.021334095302428954,0.30303365526162374,0.28169955995919477,0.12910011890693882,0.3476891868393428,0.21858906793240399,775.0,0.3556985294117647,613.0,0.28125,368.0,0.16865808823529413,479.0,0.21966911764705882,521.0,0.23897058823529413,0.16865808823529413,WACC_0p5_WRT_0p5,0.25284926470588237,738,False,,,False,False,False,False,False,68.0,0.2851063829787234
SPLL,RialtoBridgeTimelapse,1194,0.61,132,0.8,0.631382190256671,0,19,760,556,4,0.496,0.20338755621415203,0.28039166763501444,0.27226169258682503,0.19692654213101043,0.04505518778698921,0.12894514013394417,-2.8192817631169373,2.486580303846317,-2.921841313157002,-2.3302840836398757,-3.215787996382892,1.7111958757000287,0.28039166763501444,0.4209068583248783,0.14051519068986384,0.27226169258682503,0.3875213351239818,0.11525964253715676,0.19692654213101043,0.4351625335304643,0.23823599139945387,0.04505518778698921,0.3394542728358473,0.2943990850488581,0.12894514013394417,0.3955168766083511,0.2665717364744069,959.0,0.44025735294117646,368.0,0.16865808823529413,470.0,0.21553308823529413,644.0,0.29549632352941174,707.0,0.3244485294117647,0.16865808823529413,WACC_0p3_WRT_0p7,0.28887867647058824,739,False,,,False,False,False,False,False,19.0,0.07659574468085106
SPLL,RialtoBridgeTimelapse,2078,0.45,285,0.4000000000000001,0.4502503970736031,0,139,640,3213,9,0.928,0.28756676395730474,0.411128002290435,0.3229679670274768,0.18200522771494113,0.4245828565549631,0.5260394819408073,-2.8192817631169373,2.486580303846317,-2.921841313157002,-2.3302840836398757,-3.215787996382892,1.7111958757000287,0.411128002290435,0.3755604368626431,0.03556756542779188,0.3229679670274768,0.4457645372616196,0.12279657023414275,0.18200522771494113,0.545035662981249,0.36303043526630785,0.4245828565549631,0.4747160611922277,0.05013320463726462,0.5260394819408073,0.5499051346355283,0.023865652694720962,368.0,0.16865808823529413,952.0,0.43704044117647056,1080.0,0.4958639705882353,1864.0,0.8561580882352942,1841.0,0.8455882352941176,0.16865808823529413,WACC_0p1_WRT_0p9,0.5606617647058824,740,False,,,False,False,False,False,False,139.0,0.5872340425531914
SPLL,RialtoBridgeTimelapse,474,0.58,304,0.725,0.4350339116223998,0,141,3075,989,6,0.999,0.4092530276246679,0.4828587196384426,0.46686132059214436,0.3815860510962159,0.06826115846390478,0.19816541426103373,-2.8192817631169373,2.486580303846317,-2.921841313157002,-2.3302840836398757,-3.215787996382892,1.7111958757000287,0.4828587196384426,0.3757097036586472,0.10714901597979543,0.46686132059214436,0.3915720524495685,0.07528926814257586,0.3815860510962159,0.4419564853891295,0.06037043429291361,0.06826115846390478,0.3481369996087937,0.2798758411448889,0.19816541426103373,0.38833041623717574,0.190165001976142,369.0,0.16911764705882354,400.0,0.18336397058823528,513.0,0.23529411764705882,686.0,0.3147977941176471,665.0,0.30514705882352944,0.16911764705882354,WACC_0p1_WRT_0p9,0.24154411764705883,741,False,,,False,False,False,False,False,141.0,0.5957446808510638
SPLL,RialtoBridgeTimelapse,617,0.61,268,0.8,0.4647478051280819,0,124,4358,787,5,0.999,0.4252648608798345,0.47411637040058063,0.47230122314506134,0.41737299527407856,0.056209440741340676,0.13009203123407678,-2.8192817631169373,2.486580303846317,-2.921841313157002,-2.3302840836398757,-3.215787996382892,1.7111958757000287,0.47411637040058063,0.4122789980118063,0.06183737238877435,0.47230122314506134,0.4164965713979542,0.05580465174710714,0.41737299527407856,0.4147425031599775,0.0026304921141010462,0.056209440741340676,0.31081406780036247,0.2546046270590218,0.13009203123407678,0.35724272360862735,0.22715069237455057,828.0,0.38005514705882354,601.0,0.2757352941176471,369.0,0.16911764705882354,517.0,0.23713235294117646,562.0,0.2578125,0.16911764705882354,WACC_0p5_WRT_0p5,0.2639705882352941,742,False,,,False,False,False,False,False,124.0,0.5234042553191489
SPLL,RialtoBridgeTimelapse,1616,0.47,150,0.45,0.6013535785033906,0,38,798,3102,5,0.802,0.3107075146067039,0.2688772249136697,0.18268598261283742,0.24900389761505382,0.4255878099475572,0.4941386788924838,-2.8192817631169373,2.486580303846317,-2.921841313157002,-2.3302840836398757,-3.215787996382892,1.7111958757000287,0.2688772249136697,0.3758468752351644,0.10696965032149469,0.18268598261283742,0.45155756941907715,0.26887158680623974,0.24900389761505382,0.5506081236510175,0.3016042260359637,0.4255878099475572,0.4646517457612602,0.03906393581370304,0.4941386788924838,0.5303822840876173,0.03624360519513353,371.0,0.17003676470588236,1024.0,0.47012867647058826,1129.0,0.5183823529411765,1768.0,0.8120404411764706,1688.0,0.7752757352941176,0.17003676470588236,WACC_0p1_WRT_0p9,0.5491727941176471,743,False,,,False,False,False,False,False,38.0,0.1574468085106383
SPLL,RialtoBridgeTimelapse,784,0.62,235,0.8250000000000001,0.4957106192094297,0,91,4013,742,4,0.856,0.40313833415333084,0.44728716577540273,0.4493791240356076,0.40195928528064884,0.061697062987425014,0.10745093557983953,-2.8192817631169373,2.486580303846317,-2.921841313157002,-2.3302840836398757,-3.215787996382892,1.7111958757000287,0.44728716577540273,0.43783327949818734,0.009453886277215384,0.4493791240356076,0.43316059866113316,0.016218525374474435,0.40195928528064884,0.4150690624859668,0.013109777205317974,0.061697062987425014,0.3005131384719489,0.23881607548452388,0.10745093557983953,0.3493715197698806,0.2419205841900411,1322.0,0.6070772058823529,789.0,0.36213235294117646,372.0,0.17049632352941177,469.0,0.21507352941176472,528.0,0.2421875,0.17049632352941177,WACC_0p5_WRT_0p5,0.3193933823529412,744,False,,,False,False,False,False,False,91.0,0.3829787234042553
SPLL,RialtoBridgeTimelapse,148,0.62,336,0.8250000000000001,0.4114305671426452,0,147,4216,446,10,0.209,0.5186162487121974,0.5484892363591226,0.5536404100679272,0.5163632017399533,0.10868587256392052,0.10917689994625732,-2.8192817631169373,2.486580303846317,-2.921841313157002,-2.3302840836398757,-3.215787996382892,1.7111958757000287,0.5484892363591226,0.5006110248715754,0.04787821148754723,0.5536404100679272,0.46243328379106763,0.09120712627685956,0.5163632017399533,0.4898867017387758,0.026476500001177516,0.10868587256392052,0.27679184306157595,0.1681059704976554,0.10917689994625732,0.2947448870672782,0.18556798712102088,2106.0,0.9673713235294118,1195.0,0.5487132352941176,774.0,0.3552389705882353,379.0,0.17371323529411764,372.0,0.17049632352941177,0.17049632352941177,WACC_0p9_WRT_0p1,0.4431066176470588,745,False,,,False,False,False,False,False,147.0,0.6212765957446809
SPLL,RialtoBridgeTimelapse,751,0.42,70,0.325,0.7798729413292113,0,5,145,1895,9,0.972,0.5993589912644618,0.11209763729734093,0.10136835223602413,0.584692455425631,0.6781023980647257,0.7020105199598319,-2.8192817631169373,2.486580303846317,-2.921841313157002,-2.3302840836398757,-3.215787996382892,1.7111958757000287,0.11209763729734093,0.37585274002152896,0.263755102724188,0.10136835223602413,0.43497039340950444,0.3336020411734803,0.584692455425631,0.5353411096864329,0.04935134573919808,0.6781023980647257,0.4636943197940464,0.21440807827067931,0.7020105199598319,0.5273460758557815,0.17466444410405035,372.0,0.17049632352941177,805.0,0.3694852941176471,1012.0,0.4646139705882353,1760.0,0.8083639705882353,1668.0,0.7660845588235294,0.17049632352941177,WACC_0p1_WRT_0p9,0.5158088235294118,746,False,,,False,False,False,False,False,5.0,0.01702127659574468
SPLL,RialtoBridgeTimelapse,490,0.61,390,0.8,0.3762697195456381,0,164,4495,454,10,0.316,0.5458450524818255,0.5797311207322325,0.5811458981372172,0.5368832043877662,0.10538902533397176,0.13171778545111246,-2.8192817631169373,2.486580303846317,-2.921841313157002,-2.3302840836398757,-3.215787996382892,1.7111958757000287,0.5797311207322325,0.5081685787194762,0.07156254201275636,0.5811458981372172,0.46979920756851734,0.11134669056869984,0.5368832043877662,0.4888055470584897,0.048077657329276435,0.10538902533397176,0.2853918857067875,0.1800028603728157,0.13171778545111246,0.29513247185283425,0.1634146864017218,2125.0,0.9761029411764706,1347.0,0.6185661764705882,766.0,0.3515625,414.0,0.18979779411764705,373.0,0.17095588235294118,0.17095588235294118,WACC_0p9_WRT_0p1,0.46139705882352944,747,False,,,False,False,False,False,False,164.0,0.6936170212765957
SPLL,RialtoBridgeTimelapse,983,0.58,93,0.725,0.7134865157377193,0,6,2188,305,10,0.131,0.05628276019287819,0.17823070534225863,0.1500392391090241,0.027781050724391968,0.15022959980067743,0.20700739655613537,-2.8192817631169373,2.486580303846317,-2.921841313157002,-2.3302840836398757,-3.215787996382892,1.7111958757000287,0.17823070534225863,0.4655066469084979,0.28727594156623926,0.1500392391090241,0.4249204131687553,0.2748811740597312,0.027781050724391968,0.4321313621222953,0.40435031139790334,0.15022959980067743,0.27724602357474676,0.12701642377406933,0.20700739655613537,0.29544910134636193,0.08844170479022656,1822.0,0.8368566176470589,688.0,0.3157169117647059,456.0,0.20909926470588236,383.0,0.17555147058823528,374.0,0.1714154411764706,0.1714154411764706,WACC_0p9_WRT_0p1,0.3417279411764706,748,False,,,False,False,False,False,False,6.0,0.02127659574468085
SPLL,RialtoBridgeTimelapse,1065,0.42,670,0.325,0.2485047397552471,0,210,1237,4600,4,0.771,0.4034217924858646,0.6068447538492882,0.5127065841977039,0.2628716174709818,0.43910175442404725,0.5853022062512057,-2.8192817631169373,2.486580303846317,-2.921841313157002,-2.3302840836398757,-3.215787996382892,1.7111958757000287,0.6068447538492882,0.37601480318651326,0.2308299506627749,0.5127065841977039,0.46777975783349757,0.04492682636420631,0.2628716174709818,0.5816627824388572,0.31879116496787535,0.43910175442404725,0.49351956252247525,0.054417808098428,0.5853022062512057,0.562487379408864,0.022814826842341707,374.0,0.1714154411764706,1306.0,0.5997242647058824,1543.0,0.7086397058823529,1999.0,0.9181985294117647,1939.0,0.890625,0.1714154411764706,WACC_0p1_WRT_0p9,0.6577205882352941,749,False,,,False,False,False,False,False,210.0,0.8893617021276595
SPLL,RialtoBridgeTimelapse,1742,0.6,148,0.775,0.6045079564015148,0,32,460,447,5,0.058,0.22168157141780268,0.30409391699904426,0.29181529817960816,0.208340629006678,0.06347044872732176,0.15222413428748283,-2.8192817631169373,2.486580303846317,-2.921841313157002,-2.3302840836398757,-3.215787996382892,1.7111958757000287,0.30409391699904426,0.4359957837986563,0.13190186679961202,0.29181529817960816,0.3887208472065802,0.09690554902697202,0.208340629006678,0.44771924026467036,0.23937861125799237,0.06347044872732176,0.31327635827159883,0.24980590954427706,0.15222413428748283,0.36230572763408375,0.21008159334660093,1279.0,0.5873161764705882,375.0,0.171875,535.0,0.24540441176470587,525.0,0.24080882352941177,578.0,0.26516544117647056,0.171875,WACC_0p3_WRT_0p7,0.3021139705882353,750,False,,,False,False,False,False,False,32.0,0.13191489361702127
SPLL,RialtoBridgeTimelapse,480,0.62,293,0.8250000000000001,0.4437237807444882,0,123,4062,477,10,0.631,0.4742275473843185,0.5095759356627197,0.5135584886840457,0.47239792926300117,0.09064737602645591,0.10847713328513861,-2.8192817631169373,2.486580303846317,-2.921841313157002,-2.3302840836398757,-3.215787996382892,1.7111958757000287,0.5095759356627197,0.4908148329514475,0.018761102711272237,0.5135584886840457,0.460948814220118,0.052609674463927725,0.47239792926300117,0.4700324064126613,0.002365522850339863,0.09064737602645591,0.2794656826959898,0.18881830666953392,0.10847713328513861,0.2959145832500417,0.1874374499649031,2066.0,0.9489889705882353,1172.0,0.5381433823529411,668.0,0.30652573529411764,397.0,0.18198529411764705,375.0,0.171875,0.171875,WACC_0p9_WRT_0p1,0.42950367647058824,751,False,,,False,False,False,False,False,123.0,0.5191489361702127
SPLL,RialtoBridgeTimelapse,1877,0.62,266,0.8250000000000001,0.4665132971833082,0,110,909,367,9,0.306,0.44300342546446303,0.4822117728574196,0.48536719911183496,0.44146428692864603,0.0779422319405965,0.10801017206145319,-2.8192817631169373,2.486580303846317,-2.921841313157002,-2.3302840836398757,-3.215787996382892,1.7111958757000287,0.4822117728574196,0.46670296408675815,0.015508808770661464,0.48536719911183496,0.4443780860140118,0.04098911309782316,0.44146428692864603,0.4301474949974476,0.011316791931198444,0.0779422319405965,0.2756070016958559,0.19766476975525937,0.10801017206145319,0.2971554105454674,0.1891452384840142,1838.0,0.8442095588235294,928.0,0.4260110294117647,446.0,0.20450367647058823,376.0,0.1723345588235294,376.0,0.1723345588235294,0.1723345588235294,WACC_0p7_WRT_0p3,0.36387867647058825,752,False,,,False,False,False,False,False,110.0,0.46382978723404256
SPLL,RialtoBridgeTimelapse,1110,0.52,187,0.5750000000000002,0.5495053341654337,0,70,3208,2315,2,0.724,0.173906993710843,0.328309525552846,0.27484429650245845,0.10319800350186087,0.261993626378868,0.3497290000885444,-2.8192817631169373,2.486580303846317,-2.921841313157002,-2.3302840836398757,-3.215787996382892,1.7111958757000287,0.328309525552846,0.37642143656980115,0.04811191101695517,0.27484429650245845,0.43101610329527384,0.1561718067928154,0.10319800350186087,0.5399597100010066,0.43676170649914575,0.261993626378868,0.4175507083407386,0.15555708196187057,0.3497290000885444,0.47383363731778017,0.12410463722923576,376.0,0.1723345588235294,766.0,0.3515625,1042.0,0.47840073529411764,1287.0,0.5909926470588235,1225.0,0.5625,0.1723345588235294,WACC_0p1_WRT_0p9,0.4311580882352941,753,False,,,False,False,False,False,False,70.0,0.2936170212765957
SPLL,RialtoBridgeTimelapse,840,0.42,244,0.325,0.4868564734072778,0,115,2759,3571,3,0.781,0.39976100212516896,0.3712078399552432,0.2628379574599685,0.30598512388952054,0.5258492877018234,0.6147069862553952,-2.8192817631169373,2.486580303846317,-2.921841313157002,-2.3302840836398757,-3.215787996382892,1.7111958757000287,0.3712078399552432,0.3766100012269228,0.005402161271679584,0.2628379574599685,0.4460455616747385,0.18320760421477,0.30598512388952054,0.5629609545445893,0.25697583065506874,0.5258492877018234,0.4773171494744202,0.048532138227403154,0.6147069862553952,0.5454559104428837,0.06925107581251155,377.0,0.17279411764705882,954.0,0.43795955882352944,1265.0,0.5808823529411765,1887.0,0.8667279411764706,1788.0,0.8212316176470589,0.17279411764705882,WACC_0p1_WRT_0p9,0.5759191176470588,754,False,,,False,False,False,False,False,115.0,0.4851063829787234
SPLL,RialtoBridgeTimelapse,26,0.62,212,0.8250000000000001,0.5199689177131914,0,76,1121,369,5,0.211,0.3701494595450454,0.4183992040461339,0.41960351805152696,0.3692573676920527,0.048229431829000975,0.10702595020002395,-2.8192817631169373,2.486580303846317,-2.921841313157002,-2.3302840836398757,-3.215787996382892,1.7111958757000287,0.4183992040461339,0.4447750392186013,0.026375835172467388,0.41960351805152696,0.4133748046516533,0.006228713399873631,0.3692573676920527,0.4234516371187949,0.054194269426742214,0.048229431829000975,0.2775161530675953,0.22928672123859434,0.10702595020002395,0.29791109757381135,0.1908851473737874,1476.0,0.6778492647058824,572.0,0.2624080882352941,410.0,0.1879595588235294,387.0,0.17738970588235295,378.0,0.17325367647058823,0.17325367647058823,WACC_0p9_WRT_0p1,0.2957720588235294,755,False,,,False,False,False,False,False,76.0,0.3191489361702128
SPLL,RialtoBridgeTimelapse,48,0.61,209,0.8,0.5233246454307502,0,85,3167,499,10,0.788,0.3463235071531204,0.40506476046849027,0.401079363470635,0.3390514955946886,0.02383299845240243,0.12930417522988433,-2.8192817631169373,2.486580303846317,-2.921841313157002,-2.3302840836398757,-3.215787996382892,1.7111958757000287,0.40506476046849027,0.45192563638856664,0.04686087592007637,0.401079363470635,0.4398792831664126,0.03879991969577762,0.3390514955946886,0.4511121346805998,0.11206063908591118,0.02383299845240243,0.2763678523787807,0.25253485392637826,0.12930417522988433,0.31032353458941825,0.18101935935953392,1608.0,0.7385110294117647,859.0,0.3943014705882353,562.0,0.2578125,378.0,0.17325367647058823,423.0,0.19393382352941177,0.17325367647058823,WACC_0p7_WRT_0p3,0.3515625,756,False,,,False,False,False,False,False,85.0,0.3574468085106383
SPLL,RialtoBridgeTimelapse,1854,0.39,89,0.2500000000000001,0.723773999026508,0,11,58,1142,4,0.534,0.6561866788308524,0.16003038333044742,0.09257832294356962,0.6264224730496298,0.739505715956358,0.7724446806511295,-2.8192817631169373,2.486580303846317,-2.921841313157002,-2.3302840836398757,-3.215787996382892,1.7111958757000287,0.16003038333044742,0.37665901070782026,0.21662862737737285,0.09257832294356962,0.39356783813681523,0.3009895151932456,0.6264224730496298,0.48871560532394764,0.1377068677256822,0.739505715956358,0.5085724547272064,0.2309332612291516,0.7724446806511295,0.5481491285381158,0.22429555211301366,378.0,0.17325367647058823,411.0,0.18841911764705882,764.0,0.3506433823529412,2074.0,0.9526654411764706,1819.0,0.8354779411764706,0.17325367647058823,WACC_0p1_WRT_0p9,0.5000919117647059,757,False,,,False,False,False,False,False,11.0,0.0425531914893617
SPLL,RialtoBridgeTimelapse,1024,0.49,416,0.5000000000000001,0.361039348091654,0,173,4899,4095,3,0.793,0.362640448517194,0.5140735260496707,0.45330730741465675,0.2723623881605069,0.28368695699430063,0.41362717655792025,-2.8192817631169373,2.486580303846317,-2.921841313157002,-2.3302840836398757,-3.215787996382892,1.7111958757000287,0.5140735260496707,0.3767492367458805,0.1373242893037902,0.45330730741465675,0.4417213855173109,0.011585921897345863,0.2723623881605069,0.5672972870612653,0.29493489890075836,0.28368695699430063,0.4535086037314182,0.16982164673711758,0.41362717655792025,0.513227846363682,0.09960066980576177,379.0,0.17371323529411764,887.0,0.4071691176470588,1329.0,0.6102941176470589,1656.0,0.7605698529411765,1551.0,0.7123161764705882,0.17371323529411764,WACC_0p1_WRT_0p9,0.5328125,758,False,,,False,False,False,False,False,173.0,0.7319148936170212
SPLL,RialtoBridgeTimelapse,832,0.61,261,0.8,0.4709855444942608,0,119,4748,460,4,0.456,0.41682038299717444,0.4667255397685505,0.4646808193608116,0.40899856301259674,0.05275440939282535,0.12999493371712745,-2.8192817631169373,2.486580303846317,-2.921841313157002,-2.3302840836398757,-3.215787996382892,1.7111958757000287,0.4667255397685505,0.4701256716586039,0.0034001318900533928,0.4646808193608116,0.4562258139145169,0.008455005446294739,0.40899856301259674,0.47764939530391604,0.0686508322913193,0.05275440939282535,0.2845904907492641,0.23183608135643877,0.12999493371712745,0.29821158760205635,0.1682166538849289,1871.0,0.859375,1087.0,0.4990808823529412,709.0,0.32536764705882354,411.0,0.18841911764705882,380.0,0.17417279411764705,0.17417279411764705,WACC_0p9_WRT_0p1,0.40928308823529413,759,False,,,False,False,False,False,False,119.0,0.502127659574468
SPLL,RialtoBridgeTimelapse,34,0.53,195,0.6000000000000002,0.5396466227882225,0,77,1367,2143,1,0.597,0.19928660761940556,0.34148117397681765,0.2941676873815074,0.13627666711221506,0.23109291616905703,0.3229016061343235,-2.8192817631169373,2.486580303846317,-2.921841313157002,-2.3302840836398757,-3.215787996382892,1.7111958757000287,0.34148117397681765,0.3767845570028098,0.03530338302599212,0.2941676873815074,0.401311213770414,0.10714352638890662,0.13627666711221506,0.4940605619657714,0.35778389485355633,0.23109291616905703,0.4203441757645264,0.18925125959546935,0.3229016061343235,0.48484023396942577,0.16193862783510227,381.0,0.17463235294117646,475.0,0.21783088235294118,793.0,0.3639705882352941,1328.0,0.6098345588235294,1315.0,0.6038602941176471,0.17463235294117646,WACC_0p1_WRT_0p9,0.39402573529411766,760,False,,,False,False,False,False,False,77.0,0.32340425531914896
SPLL,RialtoBridgeTimelapse,1664,0.61,177,0.8,0.5624361392270425,0,55,4743,832,2,0.806,0.2941253823116828,0.35946820190677203,0.3540102007383278,0.28720881648048047,0.02617735666963663,0.1289698055648417,-2.8192817631169373,2.486580303846317,-2.921841313157002,-2.3302840836398757,-3.215787996382892,1.7111958757000287,0.35946820190677203,0.39691401049512476,0.037445808588352725,0.3540102007383278,0.3893813573888112,0.035371156650483404,0.28720881648048047,0.4233620890621564,0.13615327258167592,0.02617735666963663,0.3189824505528561,0.2928050938832195,0.1289698055648417,0.3534000546631451,0.22443024909830342,594.0,0.2725183823529412,383.0,0.17555147058823528,408.0,0.1870404411764706,554.0,0.2541360294117647,547.0,0.2509191176470588,0.17555147058823528,WACC_0p3_WRT_0p7,0.2280330882352941,761,False,,,False,False,False,False,False,55.0,0.2297872340425532
SPLL,RialtoBridgeTimelapse,214,0.62,257,0.8250000000000001,0.4746252291679451,0,104,4330,585,7,0.999,0.43191133446297564,0.4724928340503423,0.4753532612933034,0.43047369243083233,0.07342507072408379,0.1078500956428354,-2.8192817631169373,2.486580303846317,-2.921841313157002,-2.3302840836398757,-3.215787996382892,1.7111958757000287,0.4724928340503423,0.43868316075220953,0.03380967329813278,0.4753532612933034,0.4160019913355407,0.05935126995776269,0.43047369243083233,0.4192252422914498,0.011248450139382526,0.07342507072408379,0.27729500278559827,0.2038699320615145,0.1078500956428354,0.3118511813160285,0.2040010856731931,1341.0,0.6158088235294118,594.0,0.2725183823529412,390.0,0.17876838235294118,384.0,0.17601102941176472,431.0,0.19761029411764705,0.17601102941176472,WACC_0p7_WRT_0p3,0.2881433823529412,762,False,,,False,False,False,False,False,104.0,0.43829787234042555
SPLL,RialtoBridgeTimelapse,785,0.58,139,0.725,0.6192474874744844,0,27,1774,1940,1,0.604,0.17184796331843938,0.27691289583536294,0.25335141244311693,0.14454283383280786,0.12037006391557581,0.20094684394680482,-2.8192817631169373,2.486580303846317,-2.921841313157002,-2.3302840836398757,-3.215787996382892,1.7111958757000287,0.27691289583536294,0.3768932958752947,0.09998040003993175,0.25335141244311693,0.39518215831524856,0.14183074587213162,0.14454283383280786,0.49240604735300775,0.3478632135201999,0.12037006391557581,0.42422499164525435,0.30385492772967854,0.20094684394680482,0.47313335194395495,0.27218650799715016,384.0,0.17601102941176472,427.0,0.1957720588235294,784.0,0.35983455882352944,1363.0,0.6259191176470589,1219.0,0.5597426470588235,0.17601102941176472,WACC_0p1_WRT_0p9,0.3834558823529412,763,False,,,False,False,False,False,False,27.0,0.11063829787234042
SPLL,RialtoBridgeTimelapse,491,0.61,389,0.8,0.376875545324736,0,163,4039,494,1,0.001,0.5450149311804084,0.5790036131039896,0.5803964047117353,0.5360608116989473,0.10505126093233615,0.1317053504600617,-2.8192817631169373,2.486580303846317,-2.921841313157002,-2.3302840836398757,-3.215787996382892,1.7111958757000287,0.5790036131039896,0.4826376100377545,0.0963660030662351,0.5803964047117353,0.4653524357688762,0.11504396894285907,0.5360608116989473,0.48951925803861146,0.0465415536603358,0.10505126093233615,0.2904505134661575,0.1853992525338214,0.1317053504600617,0.298756478958206,0.1670511284981443,2011.0,0.9237132352941176,1255.0,0.5762867647058824,771.0,0.3538602941176471,429.0,0.19669117647058823,384.0,0.17601102941176472,0.17601102941176472,WACC_0p9_WRT_0p1,0.4453125,764,False,,,False,False,False,False,False,163.0,0.6893617021276596
SPLL,RialtoBridgeTimelapse,122,0.6,131,0.775,0.6331676692030894,0,19,492,424,6,0.717,0.18477309721366436,0.27207277861698925,0.25862032290950027,0.17149148414220425,0.07156156058322363,0.1526460118626659,-2.8192817631169373,2.486580303846317,-2.921841313157002,-2.3302840836398757,-3.215787996382892,1.7111958757000287,0.27207277861698925,0.404888023860372,0.13281524524338273,0.25862032290950027,0.38964432229349766,0.1310239993839974,0.17149148414220425,0.425200205587884,0.2537087214456798,0.07156156058322363,0.3063527458034479,0.23479118522022427,0.1526460118626659,0.34036802545660316,0.18772201359393725,699.0,0.32077205882352944,385.0,0.17647058823529413,422.0,0.19347426470588236,493.0,0.2261029411764706,499.0,0.22886029411764705,0.17647058823529413,WACC_0p3_WRT_0p7,0.22913602941176472,765,False,,,False,False,False,False,False,19.0,0.07659574468085106
SPLL,RialtoBridgeTimelapse,1112,0.59,138,0.75,0.6209433717076739,0,25,1006,955,5,0.971,0.18475195746672837,0.28000097851031386,0.2617473969976914,0.16451850413154878,0.094323674459145,0.17648186004380756,-2.8192817631169373,2.486580303846317,-2.921841313157002,-2.3302840836398757,-3.215787996382892,1.7111958757000287,0.28000097851031386,0.3769283034818635,0.09692732497154966,0.2617473969976914,0.39997825254494224,0.13823085554725084,0.16451850413154878,0.4445721963797326,0.2800536922481838,0.094323674459145,0.3597442769682073,0.2654206025090623,0.17648186004380756,0.4049251894662319,0.22844332942242435,385.0,0.17647058823529413,464.0,0.21277573529411764,522.0,0.23943014705882354,761.0,0.3492647058823529,765.0,0.35110294117647056,0.17647058823529413,WACC_0p1_WRT_0p9,0.26580882352941176,766,False,,,False,False,False,False,False,25.0,0.10212765957446808
SPLL,RialtoBridgeTimelapse,1571,0.58,125,0.725,0.6441731343402461,0,18,1136,1224,6,0.987,0.14081274951341713,0.2502485118456176,0.22554218477487578,0.11332898709356408,0.12792171500543598,0.20208510915959574,-2.8192817631169373,2.486580303846317,-2.921841313157002,-2.3302840836398757,-3.215787996382892,1.7111958757000287,0.2502485118456176,0.3770200345144067,0.1267715226687891,0.22554218477487578,0.40689817649511156,0.18135599172023578,0.11332898709356408,0.46358468211095216,0.35025569501738807,0.12792171500543598,0.37246866541214435,0.24454695040670837,0.20208510915959574,0.4241929291601218,0.22210782000052606,386.0,0.17693014705882354,518.0,0.23759191176470587,635.0,0.2913602941176471,847.0,0.38878676470588236,876.0,0.4021139705882353,0.17693014705882354,WACC_0p1_WRT_0p9,0.29935661764705884,767,False,,,False,False,False,False,False,18.0,0.07234042553191489
SPLL,RialtoBridgeTimelapse,73,0.61,160,0.8,0.5861833286749027,0,42,1533,938,1,0.466,0.2626705901796425,0.33202427828798897,0.3256591026589336,0.2559395761520728,0.032631010050602836,0.1288665139093928,-2.8192817631169373,2.486580303846317,-2.921841313157002,-2.3302840836398757,-3.215787996382892,1.7111958757000287,0.33202427828798897,0.4141143028013702,0.08209002451338121,0.3256591026589336,0.3896944344902999,0.06403533183136628,0.2559395761520728,0.43974188217607196,0.18380230602399916,0.032631010050602836,0.37340125961615017,0.34077024956554736,0.1288665139093928,0.4088640013735605,0.2799974874641677,857.0,0.39338235294117646,386.0,0.17693014705882354,493.0,0.2261029411764706,854.0,0.39200367647058826,783.0,0.359375,0.17693014705882354,WACC_0p3_WRT_0p7,0.3095588235294118,768,False,,,False,False,False,False,False,42.0,0.17446808510638298
SPLL,RialtoBridgeTimelapse,906,0.62,281,0.8250000000000001,0.4535824921216995,0,118,3252,365,8,0.001,0.46070912268890707,0.49772773400591924,0.5013527512852382,0.4590060886044426,0.08514853721079305,0.10827214683835894,-2.8192817631169373,2.486580303846317,-2.921841313157002,-2.3302840836398757,-3.215787996382892,1.7111958757000287,0.49772773400591924,0.5023388532136834,0.004611119207764192,0.5013527512852382,0.4638533604189081,0.03749939086633003,0.4590060886044426,0.4886504223126246,0.029644333708182036,0.08514853721079305,0.27744454118808926,0.1922960039772962,0.10827214683835894,0.3131543442575466,0.20488219741918767,2111.0,0.9696691176470589,1227.0,0.5634191176470589,763.0,0.35018382352941174,386.0,0.17693014705882354,435.0,0.19944852941176472,0.17693014705882354,WACC_0p7_WRT_0p3,0.45193014705882356,769,False,,,False,False,False,False,False,118.0,0.4978723404255319
SPLL,RialtoBridgeTimelapse,1179,0.59,193,0.75,0.5420730526481163,0,72,4406,1481,2,0.931,0.28613247820688714,0.3679123915970864,0.3529100162783219,0.2657750153622766,0.0719714093000004,0.17518947329274842,-2.8192817631169373,2.486580303846317,-2.921841313157002,-2.3302840836398757,-3.215787996382892,1.7111958757000287,0.3679123915970864,0.377049677307003,0.00913728570991662,0.3529100162783219,0.3965763294791734,0.04366631320085146,0.2657750153622766,0.4490829194753013,0.18330790411302472,0.0719714093000004,0.35431809224483946,0.28234668294483906,0.17518947329274842,0.4031389656037042,0.2279494923109558,387.0,0.17738970588235295,437.0,0.20036764705882354,548.0,0.25137867647058826,715.0,0.328125,754.0,0.3460477941176471,0.17738970588235295,WACC_0p1_WRT_0p9,0.2606617647058823,770,False,,,False,False,False,False,False,72.0,0.3021276595744681
SPLL,RialtoBridgeTimelapse,824,0.53,103,0.6000000000000002,0.6895697183217003,0,10,2089,354,6,0.639,0.17523313129465182,0.19234027467937231,0.13626478219215757,0.1378578687507145,0.2848030693201781,0.34035780171590235,-2.8192817631169373,2.486580303846317,-2.921841313157002,-2.3302840836398757,-3.215787996382892,1.7111958757000287,0.19234027467937231,0.39935225760493553,0.20701198292556322,0.13626478219215757,0.390091283913117,0.25382650172095944,0.1378578687507145,0.42151029442497134,0.28365242567425686,0.2848030693201781,0.3093541544296671,0.024551085109489,0.34035780171590235,0.32651999653971553,0.013837805176186824,628.0,0.2881433823529412,390.0,0.17876838235294118,400.0,0.18336397058823528,509.0,0.23345588235294118,467.0,0.21415441176470587,0.17876838235294118,WACC_0p3_WRT_0p7,0.21957720588235294,771,False,,,False,False,False,False,False,10.0,0.03829787234042553
SPLL,RialtoBridgeTimelapse,721,0.6,134,0.775,0.6278511569827738,0,22,2672,474,4,0.549,0.1915911540001314,0.2779820648840425,0.26475003833536453,0.17830377672628475,0.07004989120493633,0.15255026488541865,-2.8192817631169373,2.486580303846317,-2.921841313157002,-2.3302840836398757,-3.215787996382892,1.7111958757000287,0.2779820648840425,0.4128881455791433,0.1349060806951008,0.26475003833536453,0.3947077784662536,0.12995774013088907,0.17830377672628475,0.41937974911913367,0.24107597239284892,0.07004989120493633,0.31676900493693616,0.24671911373199984,0.15255026488541865,0.35979663332785117,0.20724636844243252,842.0,0.3864889705882353,425.0,0.1948529411764706,391.0,0.1792279411764706,543.0,0.24908088235294118,569.0,0.2610294117647059,0.1792279411764706,WACC_0p5_WRT_0p5,0.25413602941176466,772,False,,,False,False,False,False,False,22.0,0.08936170212765958
SPLL,RialtoBridgeTimelapse,224,0.58,147,0.725,0.6061010589702227,0,33,4991,1474,1,0.538,0.1883403497501968,0.2911184057808124,0.2681436631617009,0.1610988100503742,0.11645963499592647,0.20044940479560516,-2.8192817631169373,2.486580303846317,-2.921841313157002,-2.3302840836398757,-3.215787996382892,1.7111958757000287,0.2911184057808124,0.3928569931269876,0.10173858734617519,0.2681436631617009,0.39018614897940096,0.12204248581770005,0.1610988100503742,0.47496980742928474,0.31387099737891055,0.11645963499592647,0.3876221870989099,0.2711625521029834,0.20044940479560516,0.41423900630747584,0.21378960151187068,541.0,0.24816176470588236,391.0,0.1792279411764706,691.0,0.3170955882352941,980.0,0.4499080882352941,821.0,0.37683823529411764,0.1792279411764706,WACC_0p3_WRT_0p7,0.3142463235294118,773,False,,,False,False,False,False,False,33.0,0.13617021276595745
SPLL,RialtoBridgeTimelapse,780,0.62,223,0.8250000000000001,0.5080564552831432,0,82,4170,510,6,0.933,0.38633321019855105,0.43256954123516667,0.4342102715293698,0.38530172382164385,0.05483948677098087,0.10722970389970805,-2.8192817631169373,2.486580303846317,-2.921841313157002,-2.3302840836398757,-3.215787996382892,1.7111958757000287,0.43256954123516667,0.4293121331353048,0.003257408099861858,0.4342102715293698,0.4245973858224096,0.009612885706960228,0.38530172382164385,0.4195702013151733,0.03426847749352946,0.05483948677098087,0.2903615326212646,0.2355220458502837,0.10722970389970805,0.30869213315940874,0.2014624292597007,1133.0,0.5202205882352942,682.0,0.31295955882352944,393.0,0.1801470588235294,427.0,0.1957720588235294,417.0,0.19117647058823528,0.1801470588235294,WACC_0p5_WRT_0p5,0.28005514705882356,774,False,,,False,False,False,False,False,82.0,0.3446808510638298
SPLL,RialtoBridgeTimelapse,1433,0.62,263,0.8250000000000001,0.4691864876308039,0,107,4102,523,4,0.473,0.4393468264873575,0.4790077257545605,0.4820659750676675,0.4378412512429583,0.07645334452039754,0.10795704451193634,-2.8192817631169373,2.486580303846317,-2.921841313157002,-2.3302840836398757,-3.215787996382892,1.7111958757000287,0.4790077257545605,0.45812125972664386,0.02088646602791666,0.4820659750676675,0.4340923436923714,0.047973631375296144,0.4378412512429583,0.457351752891344,0.019510501648385692,0.07645334452039754,0.27890880004369645,0.2024554555232989,0.10795704451193634,0.3413993835458518,0.23344233903391548,1716.0,0.7881433823529411,797.0,0.36580882352941174,596.0,0.2734375,393.0,0.1801470588235294,504.0,0.23115808823529413,0.1801470588235294,WACC_0p7_WRT_0p3,0.3677389705882353,775,False,,,False,False,False,False,False,107.0,0.451063829787234
SPLL,RialtoBridgeTimelapse,1689,0.35,287,0.15,0.4486017852628814,0,140,256,3470,2,0.568,0.5968899178421135,0.4007818121562338,0.2523362065939288,0.492998132739372,0.7185707445624497,0.8078416748463684,-2.8192817631169373,2.486580303846317,-2.921841313157002,-2.3302840836398757,-3.215787996382892,1.7111958757000287,0.4007818121562338,0.37779459731631665,0.02298721483991717,0.2523362065939288,0.4433940121905085,0.1910578055965797,0.492998132739372,0.5594045084435896,0.06640637570421759,0.7185707445624497,0.498165025576277,0.22040571898617273,0.8078416748463684,0.578872901898729,0.2289687729476394,393.0,0.1801470588235294,909.0,0.4172794117647059,1222.0,0.5611213235294118,2030.0,0.9324448529411765,2035.0,0.9347426470588235,0.1801470588235294,WACC_0p1_WRT_0p9,0.6051470588235295,776,False,,,False,False,False,False,False,140.0,0.5914893617021276
SPLL,RialtoBridgeTimelapse,102,0.61,187,0.8,0.5495053341654337,0,64,1081,430,5,0.713,0.3113317389049295,0.37449169224803497,0.36952319465867495,0.3043039154021666,0.022679029745857854,0.1290597627595517,-2.8192817631169373,2.486580303846317,-2.921841313157002,-2.3302840836398757,-3.215787996382892,1.7111958757000287,0.37449169224803497,0.41752900883643657,0.0430373165884016,0.36952319465867495,0.39872440725715685,0.029201212598481907,0.3043039154021666,0.4197341276513063,0.11543021224913969,0.022679029745857854,0.2986192744444972,0.27594024469863937,0.1290597627595517,0.32230770827898847,0.19324794551943678,912.0,0.4186580882352941,457.0,0.20955882352941177,394.0,0.18060661764705882,463.0,0.21231617647058823,454.0,0.20818014705882354,0.18060661764705882,WACC_0p5_WRT_0p5,0.24586397058823534,777,False,,,False,False,False,False,False,64.0,0.2680851063829787
SPLL,RialtoBridgeTimelapse,633,0.61,197,0.8,0.5372448271593553,0,73,4873,984,1,0.583,0.32769371378108275,0.3887843113925603,0.3842774360610857,0.32055450322028306,0.01937067622567163,0.1291644689606268,-2.8192817631169373,2.486580303846317,-2.921841313157002,-2.3302840836398757,-3.215787996382892,1.7111958757000287,0.3887843113925603,0.40449421883048065,0.015709907437920334,0.3842774360610857,0.3903861114064375,0.006108675345351755,0.32055450322028306,0.43232729318702523,0.11177278996674217,0.01937067622567163,0.36321284112141794,0.3438421648957463,0.1291644689606268,0.3925763499647531,0.26341188100412627,694.0,0.31847426470588236,394.0,0.18060661764705882,459.0,0.2104779411764706,782.0,0.35891544117647056,689.0,0.3161764705882353,0.18060661764705882,WACC_0p3_WRT_0p7,0.2769301470588235,778,False,,,False,False,False,False,False,73.0,0.30638297872340425
SPLL,RialtoBridgeTimelapse,845,0.49,72,0.5000000000000001,0.7733009954660521,0,4,2247,899,3,0.593,0.3577481505628666,0.11522183974078878,0.02682707646940105,0.34330972619280303,0.44773444958611214,0.480039728057123,-2.8192817631169373,2.486580303846317,-2.921841313157002,-2.3302840836398757,-3.215787996382892,1.7111958757000287,0.11522183974078878,0.4052110104276037,0.28998917068681496,0.02682707646940105,0.3911793435130354,0.3643522670436343,0.34330972619280303,0.44134695932897616,0.09803723313617313,0.44773444958611214,0.4012197985557737,0.046514651030338416,0.480039728057123,0.46374443563783063,0.016295292419292395,707.0,0.3244485294117647,395.0,0.18106617647058823,503.0,0.23069852941176472,1106.0,0.5078125,1154.0,0.5298713235294118,0.18106617647058823,WACC_0p3_WRT_0p7,0.3547794117647059,779,False,,,False,False,False,False,False,4.0,0.01276595744680851
SPLL,RialtoBridgeTimelapse,1809,0.44,301,0.3750000000000001,0.4373723969311049,0,145,1018,3551,6,0.819,0.31087270794468636,0.4218441023161907,0.3286154194556966,0.2018834728443547,0.4484387810533277,0.5515769450004753,-2.8192817631169373,2.486580303846317,-2.921841313157002,-2.3302840836398757,-3.215787996382892,1.7111958757000287,0.4218441023161907,0.37780359256983975,0.04404050974635093,0.3286154194556966,0.45654005225884586,0.12792463280314925,0.2018834728443547,0.5641006503565258,0.3622171775121711,0.4484387810533277,0.4669235998760533,0.018484818822725624,0.5515769450004753,0.5349505826269724,0.0166263623735029,395.0,0.18106617647058823,1096.0,0.5032169117647058,1279.0,0.5873161764705882,1799.0,0.8262867647058824,1722.0,0.7909007352941176,0.18106617647058823,WACC_0p1_WRT_0p9,0.5777573529411765,780,False,,,False,False,False,False,False,145.0,0.6127659574468085
SPLL,RialtoBridgeTimelapse,1054,0.61,177,0.8,0.5624361392270425,0,55,4897,711,7,0.993,0.2941253823116828,0.35946820190677203,0.3540102007383278,0.28720881648048047,0.02617735666963663,0.1289698055648417,-2.8192817631169373,2.486580303846317,-2.921841313157002,-2.3302840836398757,-3.215787996382892,1.7111958757000287,0.35946820190677203,0.433730657370172,0.07426245546339999,0.3540102007383278,0.4219596691896356,0.06794946845130784,0.28720881648048047,0.4203525641941719,0.13314374771369142,0.02617735666963663,0.30123477600991116,0.27505741934027456,0.1289698055648417,0.32496801322111374,0.19599820765627204,1236.0,0.5675551470588235,656.0,0.3010110294117647,397.0,0.18198529411764705,474.0,0.21737132352941177,463.0,0.21231617647058823,0.18198529411764705,WACC_0p5_WRT_0p5,0.29604779411764703,781,False,,,False,False,False,False,False,55.0,0.2297872340425532
SPLL,RialtoBridgeTimelapse,1787,0.43,338,0.3500000000000001,0.4100307119490419,0,159,2826,4109,1,0.553,0.3263996100141084,0.44676871606059076,0.3493487309411346,0.20962900810900734,0.46697060413131486,0.5752510900256388,-2.8192817631169373,2.486580303846317,-2.921841313157002,-2.3302840836398757,-3.215787996382892,1.7111958757000287,0.44676871606059076,0.3782578212677259,0.06851089479286487,0.3493487309411346,0.4362410102164182,0.08689227927528359,0.20962900810900734,0.5658711342216542,0.35624212611264694,0.46697060413131486,0.48596523646701023,0.01899463233569537,0.5752510900256388,0.5572475893342538,0.01800350069138501,397.0,0.18198529411764705,814.0,0.37362132352941174,1300.0,0.5969669117647058,1958.0,0.8993566176470589,1898.0,0.8717830882352942,0.18198529411764705,WACC_0p1_WRT_0p9,0.5847426470588235,782,False,,,False,False,False,False,False,159.0,0.6723404255319149
SPLL,RialtoBridgeTimelapse,551,0.62,234,0.8250000000000001,0.4967151847844891,0,90,3336,431,7,0.723,0.4017697251649088,0.4460884471608195,0.4481437272209164,0.4006027948574463,0.061138807205301605,0.10743257191297152,-2.8192817631169373,2.486580303846317,-2.921841313157002,-2.3302840836398757,-3.215787996382892,1.7111958757000287,0.4460884471608195,0.44669023336865377,0.0006017862078342429,0.4481437272209164,0.4379202498954216,0.010223477325494779,0.4006027948574463,0.4508706819408921,0.05026788708344576,0.061138807205301605,0.2932926873472345,0.23215388014193292,0.10743257191297152,0.3042689869846365,0.196836415071665,1519.0,0.6976102941176471,834.0,0.3828125,560.0,0.2568933823529412,443.0,0.203125,398.0,0.18244485294117646,0.18244485294117646,WACC_0p9_WRT_0p1,0.34457720588235297,783,False,,,False,False,False,False,False,90.0,0.37872340425531914
SPLL,RialtoBridgeTimelapse,831,0.42,145,0.325,0.6093198138937665,0,36,85,966,6,0.865,0.4746353547659041,0.25861250092773597,0.14069149775832507,0.41529474017260054,0.5806792449905499,0.6416908732313303,-2.8192817631169373,2.486580303846317,-2.921841313157002,-2.3302840836398757,-3.215787996382892,1.7111958757000287,0.25861250092773597,0.3782748249792913,0.11966232405155536,0.14069149775832507,0.39887116820001367,0.2581796704416886,0.41529474017260054,0.5053418165783738,0.09004707640577331,0.5806792449905499,0.4587086028546984,0.12197064213585151,0.6416908732313303,0.5003307575252048,0.1413601157061255,398.0,0.18244485294117646,458.0,0.21001838235294118,850.0,0.39016544117647056,1702.0,0.7817095588235294,1430.0,0.6567095588235294,0.18244485294117646,WACC_0p1_WRT_0p9,0.4442095588235294,784,False,,,False,False,False,False,False,36.0,0.14893617021276595
SPLL,RialtoBridgeTimelapse,321,0.61,133,0.8,0.6296100858099285,0,20,1285,734,3,0.72,0.20569583229092098,0.28239935112197667,0.2743397293097884,0.19922667753061177,0.04456366779654815,0.12893394528467883,-2.8192817631169373,2.486580303846317,-2.921841313157002,-2.3302840836398757,-3.215787996382892,1.7111958757000287,0.28239935112197667,0.40813428612187447,0.1257349349998978,0.2743397293097884,0.3914168537107577,0.11707712440096929,0.19922667753061177,0.4408508784377342,0.24162420090712242,0.04456366779654815,0.3427383541181657,0.2981746863216176,0.12893394528467883,0.38618352364536884,0.25724957836069,755.0,0.34650735294117646,399.0,0.18290441176470587,498.0,0.22840073529411764,660.0,0.30284926470588236,658.0,0.30193014705882354,0.18290441176470587,WACC_0p3_WRT_0p7,0.2725183823529412,785,False,,,False,False,False,False,False,20.0,0.08085106382978724
SPLL,RialtoBridgeTimelapse,1691,0.42,568,0.325,0.2875132578287961,0,200,3021,4825,5,0.814,0.3563619951127977,0.5669499677174497,0.47075121115831703,0.21507084794053766,0.452091514147828,0.5886400269765515,-2.8192817631169373,2.486580303846317,-2.921841313157002,-2.3302840836398757,-3.215787996382892,1.7111958757000287,0.5669499677174497,0.378654328100451,0.18829563961699863,0.47075121115831703,0.47508042341855466,0.004329212260237636,0.21507084794053766,0.5923545019645801,0.3772836540240424,0.452091514147828,0.5106682180279205,0.05857670388009251,0.5886400269765515,0.5829676003555162,0.005672426621035287,400.0,0.18336397058823528,1460.0,0.6704963235294118,1733.0,0.7959558823529411,2083.0,0.9568014705882353,2055.0,0.9439338235294118,0.18336397058823528,WACC_0p1_WRT_0p9,0.710110294117647,786,False,,,False,False,False,False,False,200.0,0.8468085106382979
SPLL,RialtoBridgeTimelapse,1178,0.48,332,0.475,0.4142553748827543,0,155,3857,4351,4,0.869,0.28363865748879064,0.4549248996532179,0.38597250577184106,0.18527124717365048,0.32790261994136743,0.44270123562300956,-2.8192817631169373,2.486580303846317,-2.921841313157002,-2.3302840836398757,-3.215787996382892,1.7111958757000287,0.4549248996532179,0.3786790891009681,0.07624581055224983,0.38597250577184106,0.45874521703149945,0.0727727112596584,0.18527124717365048,0.5732653641029525,0.38799411692930197,0.32790261994136743,0.46695446559237885,0.13905184565101142,0.44270123562300956,0.5330608189090171,0.09035958328600757,401.0,0.18382352941176472,1128.0,0.5179227941176471,1431.0,0.6571691176470589,1800.0,0.8267463235294118,1707.0,0.7840073529411765,0.18382352941176472,WACC_0p1_WRT_0p9,0.5939338235294118,787,False,,,False,False,False,False,False,155.0,0.6553191489361702
SPLL,RialtoBridgeTimelapse,857,0.6,152,0.775,0.5982407067832671,0,36,632,459,6,0.171,0.22980118177956563,0.3111480565447613,0.29912180835658764,0.21643869321353412,0.06171826589169741,0.1521604475255692,-2.8192817631169373,2.486580303846317,-2.921841313157002,-2.3302840836398757,-3.215787996382892,1.7111958757000287,0.3111480565447613,0.42697611124661655,0.11582805470185525,0.29912180835658764,0.39216017571840395,0.09303836736181631,0.21643869321353412,0.4257960810954705,0.2093573878819364,0.06171826589169741,0.311307805158285,0.24958953926658758,0.1521604475255692,0.3517656355762518,0.19960518805068259,1079.0,0.4954044117647059,402.0,0.18428308823529413,425.0,0.1948529411764706,520.0,0.23851102941176472,537.0,0.24632352941176472,0.18428308823529413,WACC_0p3_WRT_0p7,0.271875,788,False,,,False,False,False,False,False,36.0,0.14893617021276595
SPLL,RialtoBridgeTimelapse,1455,0.49,212,0.5000000000000001,0.5199689177131914,0,92,849,2168,4,0.842,0.2042648230120051,0.3505301185929247,0.2815078494346094,0.11784679341983935,0.33600751179337546,0.42641184193697834,-2.8192817631169373,2.486580303846317,-2.921841313157002,-2.3302840836398757,-3.215787996382892,1.7111958757000287,0.3505301185929247,0.37883240277305136,0.028302284180126647,0.2815078494346094,0.4396685357910291,0.15816068635641972,0.11784679341983935,0.5306590416558374,0.4128122482359981,0.33600751179337546,0.4196397290828791,0.08363221728950365,0.42641184193697834,0.5007015890826625,0.07428974714568415,402.0,0.18428308823529413,853.0,0.3915441176470588,984.0,0.45174632352941174,1315.0,0.6038602941176471,1435.0,0.6590073529411765,0.18428308823529413,WACC_0p1_WRT_0p9,0.4580882352941177,789,False,,,False,False,False,False,False,92.0,0.3872340425531915
SPLL,RialtoBridgeTimelapse,573,0.61,336,0.8,0.4114305671426452,0,149,3818,623,10,0.999,0.49776174820980323,0.5375999147216975,0.5377361395648257,0.48924023240441705,0.08580828887591277,0.13102265605599997,-2.8192817631169373,2.486580303846317,-2.921841313157002,-2.3302840836398757,-3.215787996382892,1.7111958757000287,0.5375999147216975,0.45860800024183895,0.0789919144798586,0.5377361395648257,0.4401286475106042,0.09760749205422148,0.48924023240441705,0.4396865972499928,0.049553635154424236,0.08580828887591277,0.2819328932478103,0.19612460437189752,0.13102265605599997,0.3078883880541335,0.17686573199813352,1722.0,0.7909007352941176,863.0,0.3961397058823529,492.0,0.22564338235294118,403.0,0.18474264705882354,414.0,0.18979779411764705,0.18474264705882354,WACC_0p7_WRT_0p3,0.35744485294117645,790,False,,,False,False,False,False,False,149.0,0.6297872340425532
SPLL,RialtoBridgeTimelapse,781,0.35,186,0.15,0.5507670696226381,0,72,134,3319,1,0.462,0.6630301354086965,0.30917239842926336,0.15193025747213565,0.5871296460274446,0.7681695701975557,0.8346182862990963,-2.8192817631169373,2.486580303846317,-2.921841313157002,-2.3302840836398757,-3.215787996382892,1.7111958757000287,0.30917239842926336,0.3789534539759753,0.06978105554671193,0.15193025747213565,0.4185484064016739,0.2666181489295383,0.5871296460274446,0.5400825240024422,0.047047122025002386,0.7681695701975557,0.5186686973459951,0.24950087285156064,0.8346182862990963,0.5980115376962337,0.23660674860286257,403.0,0.18474264705882354,624.0,0.28630514705882354,1043.0,0.4788602941176471,2111.0,0.9696691176470589,2115.0,0.9715073529411765,0.18474264705882354,WACC_0p1_WRT_0p9,0.5782169117647059,791,False,,,False,False,False,False,False,72.0,0.3021276595744681
SPLL,RialtoBridgeTimelapse,2031,0.55,311,0.6500000000000002,0.4296656947056806,0,143,3964,3144,7,0.945,0.3661632613829491,0.46877303496128647,0.43733089775082984,0.31818355026300965,0.14442933919836687,0.26854087569279367,-2.8192817631169373,2.486580303846317,-2.921841313157002,-2.3302840836398757,-3.215787996382892,1.7111958757000287,0.46877303496128647,0.3791742248563635,0.08959881010492299,0.43733089775082984,0.44521453821986334,0.007883640469033504,0.31818355026300965,0.5403561308185914,0.2221725805555817,0.14442933919836687,0.43497097943148855,0.2905416402331217,0.26854087569279367,0.47786970036809445,0.20932882467530078,405.0,0.18566176470588236,946.0,0.4342830882352941,1044.0,0.47931985294117646,1474.0,0.6769301470588235,1256.0,0.5767463235294118,0.18566176470588236,WACC_0p1_WRT_0p9,0.4705882352941176,792,False,,,False,False,False,False,False,143.0,0.6042553191489362
SPLL,RialtoBridgeTimelapse,499,0.62,277,0.8250000000000001,0.4569621901353883,0,116,4397,684,9,0.999,0.45607860348745954,0.49366964515386796,0.4971719996213109,0.4544186467907174,0.08326437043749625,0.10820289870199398,-2.8192817631169373,2.486580303846317,-2.921841313157002,-2.3302840836398757,-3.215787996382892,1.7111958757000287,0.49366964515386796,0.4499461167534321,0.04372352840043586,0.4971719996213109,0.42788965597931283,0.06928234364199809,0.4544186467907174,0.43389672912542837,0.020521917665289047,0.08326437043749625,0.2836811553898179,0.20041678495232168,0.10820289870199398,0.3144479256823026,0.20624502698030864,1581.0,0.7261029411764706,719.0,0.32996323529411764,466.0,0.21369485294117646,407.0,0.18658088235294118,438.0,0.20082720588235295,0.18658088235294118,WACC_0p7_WRT_0p3,0.33143382352941175,793,False,,,False,False,False,False,False,116.0,0.48936170212765956
SPLL,RialtoBridgeTimelapse,520,0.62,196,0.8250000000000001,0.538442676996703,0,63,3064,375,2,0.327,0.3451171708982189,0.396487869413916,0.3970131085125878,0.34443482876156023,0.03799225103597378,0.1067308830929533,-2.8192817631169373,2.486580303846317,-2.921841313157002,-2.3302840836398757,-3.215787996382892,1.7111958757000287,0.396487869413916,0.43027864726324994,0.03379077784933393,0.3970131085125878,0.40536802398995425,0.008354915477366442,0.34443482876156023,0.4261561668184589,0.08172133805689868,0.03799225103597378,0.2857167750513674,0.2477245240153936,0.1067308830929533,0.3072856854445793,0.20055480235162598,1151.0,0.5284926470588235,500.0,0.22931985294117646,427.0,0.1957720588235294,416.0,0.19071691176470587,409.0,0.1875,0.1875,WACC_0p9_WRT_0p1,0.26636029411764706,794,False,,,False,False,False,False,False,63.0,0.26382978723404255
SPLL,RialtoBridgeTimelapse,699,0.62,247,0.8250000000000001,0.4839772309211945,0,97,4619,595,2,0.686,0.4191389028396804,0.4613029568058426,0.4638228599474784,0.4178169227840093,0.0682209096877618,0.10766991871819431,-2.8192817631169373,2.486580303846317,-2.921841313157002,-2.3302840836398757,-3.215787996382892,1.7111958757000287,0.4613029568058426,0.43433905022543134,0.026963906580411257,0.4638228599474784,0.41658317670388195,0.04723968324359645,0.4178169227840093,0.423474682013499,0.005657759229489745,0.0682209096877618,0.2928334889502391,0.2246125792624773,0.10766991871819431,0.3219447351505527,0.2142748164323584,1248.0,0.5730698529411765,603.0,0.2766544117647059,411.0,0.18841911764705882,441.0,0.20220588235294118,451.0,0.20680147058823528,0.18841911764705882,WACC_0p5_WRT_0p5,0.28943014705882353,795,False,,,False,False,False,False,False,97.0,0.4085106382978723
SPLL,RialtoBridgeTimelapse,691,0.47,99,0.45,0.698848352160746,0,14,2141,705,1,0.3,0.3717045776526223,0.18014833991791693,0.08603890429928165,0.3371272469407087,0.4707002776691084,0.5172440570330725,-2.8192817631169373,2.486580303846317,-2.921841313157002,-2.3302840836398757,-3.215787996382892,1.7111958757000287,0.18014833991791693,0.4159153319070382,0.2357669919891213,0.08603890429928165,0.3935935100149608,0.30755460571567916,0.3371272469407087,0.4242727142498455,0.08714546730913675,0.4707002776691084,0.3506904425645913,0.12000983510451707,0.5172440570330725,0.40280245379616786,0.11444160323690467,888.0,0.40762867647058826,412.0,0.18887867647058823,416.0,0.19071691176470587,695.0,0.31893382352941174,750.0,0.34420955882352944,0.18887867647058823,WACC_0p3_WRT_0p7,0.29007352941176473,796,False,,,False,False,False,False,False,14.0,0.05531914893617021
SPLL,RialtoBridgeTimelapse,1204,0.61,215,0.8,0.5166601247914328,0,89,3733,507,7,0.663,0.35526181737602497,0.4128782568545013,0.40914162714899727,0.34792401802640127,0.027508684101827992,0.12937830766849479,-2.8192817631169373,2.486580303846317,-2.921841313157002,-2.3302840836398757,-3.215787996382892,1.7111958757000287,0.4128782568545013,0.4610388160878901,0.0481605592333888,0.40914162714899727,0.4563457935183594,0.047204166369362144,0.34792401802640127,0.4731459551189027,0.1252219370925014,0.027508684101827992,0.28493156264281416,0.25742287854098617,0.12937830766849479,0.3225937299650974,0.1932154222966026,1755.0,0.8060661764705882,1091.0,0.5009191176470589,683.0,0.3134191176470588,412.0,0.18887867647058823,457.0,0.20955882352941177,0.18887867647058823,WACC_0p7_WRT_0p3,0.4037683823529412,797,False,,,False,False,False,False,False,89.0,0.37446808510638296
SPLL,RialtoBridgeTimelapse,1251,0.52,82,0.5750000000000002,0.7429292418341684,0,6,2222,630,9,0.983,0.23894943570505275,0.1421984410547389,0.07590356105644909,0.21675907422515756,0.33823797826898183,0.3804252988846334,-2.8192817631169373,2.486580303846317,-2.921841313157002,-2.3302840836398757,-3.215787996382892,1.7111958757000287,0.1421984410547389,0.41045323434976777,0.2682547932950289,0.07590356105644909,0.39562213115454165,0.31971857009809257,0.21675907422515756,0.42386133884180877,0.2071022646166512,0.33823797826898183,0.3147481683743431,0.023489809894638725,0.3804252988846334,0.3635590915640469,0.016866207320586468,789.0,0.36213235294117646,431.0,0.19761029411764705,413.0,0.18933823529411764,534.0,0.24494485294117646,581.0,0.2665441176470588,0.18933823529411764,WACC_0p5_WRT_0p5,0.25211397058823526,798,False,,,False,False,False,False,False,6.0,0.02127659574468085
SPLL,RialtoBridgeTimelapse,732,0.43,676,0.3500000000000001,0.2463987183921128,0,211,1392,4732,8,0.915,0.4195755266156459,0.6122479240313848,0.5238256730537936,0.2865330064694771,0.41089864415960303,0.5592873433702469,-2.8192817631169373,2.486580303846317,-2.921841313157002,-2.3302840836398757,-3.215787996382892,1.7111958757000287,0.6122479240313848,0.37983731605622023,0.2324106079751646,0.5238256730537936,0.4638827715421534,0.05994290151164017,0.2865330064694771,0.5749149477448058,0.2883819412753287,0.41089864415960303,0.5042403445175742,0.09334170035797112,0.5592873433702469,0.571494767183433,0.012207423813186069,413.0,0.18933823529411764,1228.0,0.5638786764705882,1453.0,0.6672794117647058,2055.0,0.9439338235294118,1996.0,0.9168198529411765,0.18933823529411764,WACC_0p1_WRT_0p9,0.65625,799,False,,,False,False,False,False,False,211.0,0.8936170212765957
SPLL,RialtoBridgeTimelapse,899,0.6,166,0.775,0.5775271860960967,0,49,662,459,10,0.001,0.2567516888498968,0.3345834376000712,0.3233819446363837,0.24329898846052356,0.055963646073407335,0.15201316179430177,-2.8192817631169373,2.486580303846317,-2.921841313157002,-2.3302840836398757,-3.215787996382892,1.7111958757000287,0.3345834376000712,0.4740371941841721,0.13945375658410092,0.3233819446363837,0.4194716045044017,0.09608965986801798,0.24329898846052356,0.44004930067743186,0.1967503122169083,0.055963646073407335,0.2854834616204667,0.22951981554705939,0.15201316179430177,0.31314017554637097,0.1611270137520692,1926.0,0.8846507352941176,638.0,0.2927389705882353,495.0,0.2270220588235294,415.0,0.19025735294117646,434.0,0.19898897058823528,0.19025735294117646,WACC_0p7_WRT_0p3,0.3587316176470588,800,False,,,False,False,False,False,False,49.0,0.20425531914893616
SPLL,RialtoBridgeTimelapse,1817,0.35,926,0.15,0.1720474360930948,0,222,277,4411,5,0.71,0.44067846646516723,0.6655647576034783,0.5356777548722992,0.2557094090781046,0.608610062747242,0.7627324039921928,-2.8192817631169373,2.486580303846317,-2.921841313157002,-2.3302840836398757,-3.215787996382892,1.7111958757000287,0.6655647576034783,0.37997060336888366,0.28559415423459467,0.5356777548722992,0.4666946245973106,0.06898313027498859,0.2557094090781046,0.575169480332791,0.31946007125468645,0.608610062747242,0.5437013704733871,0.06490869227385498,0.7627324039921928,0.611963908413324,0.15076849557886873,415.0,0.19025735294117646,1280.0,0.5877757352941176,1455.0,0.6681985294117647,2156.0,0.9903492647058824,2147.0,0.9862132352941176,0.19025735294117646,WACC_0p1_WRT_0p9,0.6845588235294118,801,False,,,False,False,False,False,False,222.0,0.9404255319148936
SPLL,RialtoBridgeTimelapse,100,0.61,175,0.8,0.5651093296745381,0,54,755,392,6,0.811,0.29057499974868706,0.3563691592682556,0.3508095948597724,0.28368058228824344,0.026901853410631744,0.12895401638435017,-2.8192817631169373,2.486580303846317,-2.921841313157002,-2.3302840836398757,-3.215787996382892,1.7111958757000287,0.3563691592682556,0.3998664007383253,0.043497241470069725,0.3508095948597724,0.40635100536633656,0.05554141050656414,0.28368058228824344,0.42432903032813934,0.1406484480398959,0.026901853410631744,0.2938955515581822,0.2669936981475505,0.12895401638435017,0.3209375562297801,0.19198353984542993,634.0,0.29090073529411764,515.0,0.23621323529411764,417.0,0.19117647058823528,446.0,0.20450367647058823,448.0,0.20542279411764705,0.19117647058823528,WACC_0p5_WRT_0p5,0.22564338235294118,802,False,,,False,False,False,False,False,54.0,0.225531914893617
SPLL,RialtoBridgeTimelapse,607,0.6,240,0.775,0.4907507973506212,0,107,4412,1246,3,0.999,0.3713051781979157,0.4344688255433008,0.426608055035557,0.35723021259591003,0.03228534870213145,0.15220594957706743,-2.8192817631169373,2.486580303846317,-2.921841313157002,-2.3302840836398757,-3.215787996382892,1.7111958757000287,0.4344688255433008,0.3801173225827631,0.0543515029605377,0.426608055035557,0.3981271175745073,0.028480937461049682,0.35723021259591003,0.4484319942283003,0.09120178163239029,0.03228534870213145,0.34313605990774054,0.3108507112056091,0.15220594957706743,0.39072755233829404,0.2385216027612266,417.0,0.19117647058823528,449.0,0.20588235294117646,541.0,0.24816176470588236,661.0,0.30330882352941174,678.0,0.31112132352941174,0.19117647058823528,WACC_0p1_WRT_0p9,0.2519301470588235,803,False,,,False,False,False,False,False,107.0,0.451063829787234
SPLL,RialtoBridgeTimelapse,1004,0.58,144,0.725,0.6109457641941061,0,30,3645,1302,2,0.845,0.18225298047519928,0.28587248414307637,0.2626827708083629,0.15499028146039165,0.1178954134789629,0.20062508413985025,-2.8192817631169373,2.486580303846317,-2.921841313157002,-2.3302840836398757,-3.215787996382892,1.7111958757000287,0.28587248414307637,0.38288484883510954,0.09701236469203317,0.2626827708083629,0.3940951196112593,0.13141234880289643,0.15499028146039165,0.451284127892276,0.2962938464318844,0.1178954134789629,0.3534087594031582,0.2355133459241953,0.20062508413985025,0.39919156752698853,0.19856648338713828,450.0,0.20634191176470587,417.0,0.19117647058823528,564.0,0.2587316176470588,707.0,0.3244485294117647,729.0,0.33455882352941174,0.19117647058823528,WACC_0p3_WRT_0p7,0.2630514705882353,804,False,,,False,False,False,False,False,30.0,0.12340425531914893
SPLL,RialtoBridgeTimelapse,1155,0.61,184,0.8,0.5533109095892781,0,61,2997,400,3,0.197,0.3062623804761487,0.37006470552225385,0.3649524410899854,0.2992679894331193,0.023707571659696083,0.12903101853906868,-2.8192817631169373,2.486580303846317,-2.921841313157002,-2.3302840836398757,-3.215787996382892,1.7111958757000287,0.37006470552225385,0.4461709469401737,0.07610624141791983,0.3649524410899854,0.4201941284042636,0.0552416873142782,0.2992679894331193,0.44401168509235145,0.14474369565923217,0.023707571659696083,0.2859013169417548,0.26219374528205874,0.12903101853906868,0.3234463552255393,0.1944153366864706,1507.0,0.6920955882352942,645.0,0.2959558823529412,520.0,0.23851102941176472,417.0,0.19117647058823528,459.0,0.2104779411764706,0.19117647058823528,WACC_0p7_WRT_0p3,0.32564338235294116,805,False,,,False,False,False,False,False,61.0,0.2553191489361702
SPLL,RialtoBridgeTimelapse,1959,0.52,140,0.5750000000000002,0.6175636736939851,0,31,739,1485,1,0.353,0.16590445900150289,0.2602825581177466,0.20292810622025945,0.10757311487917573,0.28597005833136196,0.3571864736248061,-2.8192817631169373,2.486580303846317,-2.921841313157002,-2.3302840836398757,-3.215787996382892,1.7111958757000287,0.2602825581177466,0.3896997249860472,0.12941716686830063,0.20292810622025945,0.3942365462162188,0.19130843999595934,0.10757311487917573,0.47725821929660567,0.36968510441742997,0.28597005833136196,0.4289971075061061,0.14302704917474413,0.3571864736248061,0.4808796750422757,0.12369320141746959,502.0,0.23023897058823528,418.0,0.19163602941176472,706.0,0.3239889705882353,1409.0,0.6470588235294118,1278.0,0.5868566176470589,0.19163602941176472,WACC_0p3_WRT_0p7,0.3959558823529412,806,False,,,False,False,False,False,False,31.0,0.1276595744680851
SPLL,RialtoBridgeTimelapse,70,0.61,258,0.8,0.4737100449030162,0,118,4687,473,10,0.561,0.41313468661016034,0.4635000042105387,0.46135491250731586,0.40534319087823323,0.051245866062960825,0.12995340469102132,-2.8192817631169373,2.486580303846317,-2.921841313157002,-2.3302840836398757,-3.215787996382892,1.7111958757000287,0.4635000042105387,0.4911416094378823,0.027641605227343602,0.46135491250731586,0.4567998579177866,0.0045550545895292616,0.40534319087823323,0.46766102168410045,0.062317830805867225,0.051245866062960825,0.2863132597187894,0.23506739365582857,0.12995340469102132,0.3115487760794762,0.18159537138845486,2070.0,0.9508272058823529,1099.0,0.5045955882352942,652.0,0.2991727941176471,418.0,0.19163602941176472,429.0,0.19669117647058823,0.19163602941176472,WACC_0p7_WRT_0p3,0.4285845588235294,807,False,,,False,False,False,False,False,118.0,0.4978723404255319
SPLL,RialtoBridgeTimelapse,1533,0.62,225,0.8250000000000001,0.505953553992776,0,84,4066,564,9,0.919,0.38919337995931164,0.43507420304010214,0.4367918655536863,0.3881369743415135,0.05600705584425751,0.10726668692754233,-2.8192817631169373,2.486580303846317,-2.921841313157002,-2.3302840836398757,-3.215787996382892,1.7111958757000287,0.43507420304010214,0.47217569788199415,0.03710149484189201,0.4367918655536863,0.44149256315883123,0.00470069760514491,0.3881369743415135,0.43964484418110267,0.05150786983958916,0.05600705584425751,0.2873034703337644,0.23129641448950689,0.10726668692754233,0.312896875752275,0.20563018882473266,1898.0,0.8717830882352942,882.0,0.40487132352941174,488.0,0.22380514705882354,419.0,0.19209558823529413,433.0,0.19852941176470587,0.19209558823529413,WACC_0p7_WRT_0p3,0.3782169117647059,808,False,,,False,False,False,False,False,84.0,0.35319148936170214
SPLL,RialtoBridgeTimelapse,292,0.56,184,0.6750000000000003,0.5533109095892781,0,66,1702,2095,8,0.999,0.22486903628124308,0.3387324321857872,0.3073008381665063,0.1836393929130098,0.15405066222695027,0.2477909796829868,-2.8192817631169373,2.486580303846317,-2.921841313157002,-2.3302840836398757,-3.215787996382892,1.7111958757000287,0.3387324321857872,0.3804604188830766,0.04172798669728939,0.3073008381665063,0.43388621583317305,0.12658537766666678,0.1836393929130098,0.5096503686828949,0.32601097576988514,0.15405066222695027,0.40532140240891723,0.25127074018196693,0.2477909796829868,0.46928767595657833,0.22149669627359153,419.0,0.19209558823529413,795.0,0.3648897058823529,881.0,0.40441176470588236,1157.0,0.53125,1198.0,0.5500919117647058,0.19209558823529413,WACC_0p1_WRT_0p9,0.4085477941176471,809,False,,,False,False,False,False,False,66.0,0.2765957446808511
SPLL,RialtoBridgeTimelapse,160,0.62,292,0.8250000000000001,0.4445298286706022,0,122,4704,517,6,0.052,0.4731216763735443,0.5086066456492879,0.5125599814501253,0.4713024581620607,0.0901976446608046,0.10846021103549836,-2.8192817631169373,2.486580303846317,-2.921841313157002,-2.3302840836398757,-3.215787996382892,1.7111958757000287,0.5086066456492879,0.49666724393077716,0.011939401718510767,0.5125599814501253,0.4739442907458588,0.03861569070426646,0.4713024581620607,0.478038137410643,0.006735679248582316,0.0901976446608046,0.3028544678433432,0.2126568231825386,0.10846021103549836,0.309385048956151,0.20092483792065263,2094.0,0.9618566176470589,1430.0,0.6567095588235294,713.0,0.3272058823529412,476.0,0.2182904411764706,419.0,0.19209558823529413,0.19209558823529413,WACC_0p9_WRT_0p1,0.4712316176470588,810,False,,,False,False,False,False,False,122.0,0.5148936170212766
SPLL,RialtoBridgeTimelapse,1710,0.54,138,0.6250000000000002,0.6209433717076739,0,28,577,1007,1,0.327,0.11459835064740237,0.2613063043908952,0.21534732560802836,0.05758664010619289,0.23046835011444233,0.3037704962550036,-2.8192817631169373,2.486580303846317,-2.921841313157002,-2.3302840836398757,-3.215787996382892,1.7111958757000287,0.2613063043908952,0.4042614446097884,0.14295514021889322,0.21534732560802836,0.39440845732618446,0.1790611317181561,0.05758664010619289,0.44895560362628734,0.3913689635200944,0.23046835011444233,0.416202909150299,0.18573455903585667,0.3037704962550036,0.45336899489425037,0.1495984986392468,690.0,0.3166360294117647,420.0,0.19255514705882354,545.0,0.25,1270.0,0.5831801470588235,1074.0,0.4931066176470588,0.19255514705882354,WACC_0p3_WRT_0p7,0.3670955882352941,811,False,,,False,False,False,False,False,28.0,0.1148936170212766
SPLL,RialtoBridgeTimelapse,803,0.61,191,0.8,0.5445246273066155,0,68,3473,550,10,0.797,0.3179731918044999,0.38029246246456544,0.3755117729234745,0.3109007810122825,0.021334095302428954,0.12910011890693882,-2.8192817631169373,2.486580303846317,-2.921841313157002,-2.3302840836398757,-3.215787996382892,1.7111958757000287,0.38029246246456544,0.4642465175622169,0.08395405509765147,0.3755117729234745,0.45131239215605795,0.07580061923258347,0.3109007810122825,0.46216810473840214,0.15126732372611962,0.021334095302428954,0.2877120177056313,0.26637792240320235,0.12910011890693882,0.31358908593743795,0.18448896703049913,1802.0,0.8276654411764706,1021.0,0.46875,622.0,0.2853860294117647,420.0,0.19255514705882354,436.0,0.19990808823529413,0.19255514705882354,WACC_0p7_WRT_0p3,0.39485294117647063,812,False,,,False,False,False,False,False,68.0,0.2851063829787234
SPLL,RialtoBridgeTimelapse,436,0.37,205,0.2,0.5278743017528486,0,86,206,3381,2,0.62,0.5830006715996334,0.32994202153534563,0.18746868640625808,0.5010753648805657,0.6947918436568683,0.7684848790298626,-2.8192817631169373,2.486580303846317,-2.921841313157002,-2.3302840836398757,-3.215787996382892,1.7111958757000287,0.32994202153534563,0.38063098935862955,0.050688967823283915,0.18746868640625808,0.43715790422595757,0.2496892178196995,0.5010753648805657,0.5548263386202952,0.05375097373972948,0.6947918436568683,0.5160338926871284,0.1787579509697399,0.7684848790298626,0.5855684584542514,0.1829164205756112,421.0,0.19301470588235295,827.0,0.3795955882352941,1168.0,0.5363051470588235,2101.0,0.9650735294117647,2068.0,0.9499080882352942,0.19301470588235295,WACC_0p1_WRT_0p9,0.604779411764706,813,False,,,False,False,False,False,False,86.0,0.3617021276595745
SPLL,RialtoBridgeTimelapse,228,0.62,319,0.8250000000000001,0.4236761383971196,0,138,3641,515,10,0.001,0.5017654615056152,0.5337155148612396,0.5384239639902844,0.49967446792290043,0.10184104088221345,0.10890675755177431,-2.8192817631169373,2.486580303846317,-2.921841313157002,-2.3302840836398757,-3.215787996382892,1.7111958757000287,0.5337155148612396,0.5325205996606445,0.0011949152005951147,0.5384239639902844,0.49991346335033504,0.03851050063994932,0.49967446792290043,0.4878733968585355,0.011801071064364954,0.10184104088221345,0.2884896403062363,0.18664859942402284,0.10890675755177431,0.3223332993132348,0.21342654176146048,2161.0,0.9926470588235294,1997.0,0.9172794117647058,758.0,0.3478860294117647,422.0,0.19347426470588236,455.0,0.20863970588235295,0.19347426470588236,WACC_0p7_WRT_0p3,0.5319852941176471,814,False,,,False,False,False,False,False,138.0,0.5829787234042553
SPLL,RialtoBridgeTimelapse,1234,0.48,354,0.475,0.3991204288036956,0,159,4032,4111,4,0.85,0.302009330839981,0.470545687662497,0.4023692230204063,0.2038899587490981,0.32296674149340204,0.4415395640129352,-2.8192817631169373,2.486580303846317,-2.921841313157002,-2.3302840836398757,-3.215787996382892,1.7111958757000287,0.470545687662497,0.38082754466579477,0.08971814299670222,0.4023692230204063,0.4630340986261114,0.060664875605705104,0.2038899587490981,0.5748378685037526,0.3709479097546545,0.32296674149340204,0.4612053522607025,0.13823861076730043,0.4415395640129352,0.5185966254930675,0.0770570614801323,424.0,0.19439338235294118,1203.0,0.5523897058823529,1451.0,0.6663602941176471,1732.0,0.7954963235294118,1598.0,0.7339154411764706,0.19439338235294118,WACC_0p1_WRT_0p9,0.5885110294117647,815,False,,,False,False,False,False,False,159.0,0.6723404255319149
SPLL,RialtoBridgeTimelapse,876,0.46,568,0.4250000000000001,0.2875132578287961,0,194,3739,4611,2,0.612,0.4108668925887875,0.5799982088724763,0.5062166299325026,0.2994416568112379,0.3420877907782228,0.48531658600416283,-2.8192817631169373,2.486580303846317,-2.921841313157002,-2.3302840836398757,-3.215787996382892,1.7111958757000287,0.5799982088724763,0.38088213900620704,0.19911606986626929,0.5062166299325026,0.46336592555732825,0.04285070437517435,0.2994416568112379,0.5897538709399667,0.29031221412872876,0.3420877907782228,0.4801513459470349,0.13806355516881208,0.48531658600416283,0.550215513072333,0.06489892706817013,425.0,0.1948529411764706,1210.0,0.5556066176470589,1689.0,0.7757352941176471,1912.0,0.8782169117647058,1842.0,0.8460477941176471,0.1948529411764706,WACC_0p1_WRT_0p9,0.6500919117647059,816,False,,,False,False,False,False,False,194.0,0.8212765957446808
SPLL,RialtoBridgeTimelapse,1145,0.61,181,0.8,0.5571787042544939,0,59,1296,514,2,0.367,0.301114782903752,0.365570023260412,0.3603113929020522,0.2941537896797475,0.024753790350779938,0.12900371860521626,-2.8192817631169373,2.486580303846317,-2.921841313157002,-2.3302840836398757,-3.215787996382892,1.7111958757000287,0.365570023260412,0.42407207970315947,0.058502056442747474,0.3603113929020522,0.39901371656606494,0.03870232366401272,0.2941537896797475,0.42603947149064614,0.13188568181089866,0.024753790350779938,0.32267730370287984,0.2979235133520999,0.12900371860521626,0.3533878342400871,0.22438411563487082,1022.0,0.46920955882352944,459.0,0.2104779411764706,426.0,0.1953125,566.0,0.25965073529411764,546.0,0.25045955882352944,0.1953125,WACC_0p5_WRT_0p5,0.2770220588235294,817,False,,,False,False,False,False,False,59.0,0.24680851063829787
SPLL,RialtoBridgeTimelapse,998,0.6,163,0.775,0.581815669159537,0,46,2513,441,9,0.736,0.2511578808126881,0.3297166908978974,0.31834554317294855,0.23772612069641377,0.05715081222346603,0.1520361341666349,-2.8192817631169373,2.486580303846317,-2.921841313157002,-2.3302840836398757,-3.215787996382892,1.7111958757000287,0.3297166908978974,0.4438113354751,0.11409464457720259,0.31834554317294855,0.4415063746240059,0.12316083145105733,0.23772612069641377,0.45015096212619415,0.21242484142978038,0.05715081222346603,0.2901362368776537,0.2329854246541877,0.1520361341666349,0.3114922997884356,0.15945616562180073,1450.0,0.6659007352941176,883.0,0.4053308823529412,557.0,0.2555147058823529,426.0,0.1953125,428.0,0.19623161764705882,0.1953125,WACC_0p7_WRT_0p3,0.3436580882352941,818,False,,,False,False,False,False,False,46.0,0.19148936170212766
SPLL,RialtoBridgeTimelapse,459,0.62,495,0.8250000000000001,0.3199960493489089,0,176,1674,345,1,0.001,0.6450458051810607,0.6593800771831733,0.6678256136600317,0.6415372826777199,0.15995366816208106,0.11133954753080867,-2.8192817631169373,2.486580303846317,-2.921841313157002,-2.3302840836398757,-3.215787996382892,1.7111958757000287,0.6593800771831733,0.44950135604561475,0.2098787211375585,0.6678256136600317,0.4173261195418541,0.25049949411817757,0.6415372826777199,0.46238401737305934,0.17915326530466058,0.15995366816208106,0.294576281009619,0.13462261284753796,0.11133954753080867,0.3114242198361597,0.20008467230535104,1576.0,0.7238051470588235,612.0,0.28079044117647056,623.0,0.2858455882352941,450.0,0.20634191176470587,427.0,0.1957720588235294,0.1957720588235294,WACC_0p9_WRT_0p1,0.3385110294117647,819,False,,,False,False,False,False,False,176.0,0.7446808510638298
SPLL,RialtoBridgeTimelapse,794,0.33,722,0.1000000000000001,0.2308467737346013,0,219,168,4587,7,0.877,0.532657980857621,0.6037809658188552,0.45865605676946936,0.3663329068506333,0.687320102496234,0.8245426349630037,-2.8192817631169373,2.486580303846317,-2.921841313157002,-2.3302840836398757,-3.215787996382892,1.7111958757000287,0.6037809658188552,0.380989980728506,0.22279098509034923,0.45865605676946936,0.4617333208894246,0.0030772641199552364,0.3663329068506333,0.5712321923477642,0.20489928549713093,0.687320102496234,0.5432953166275616,0.1440247858686724,0.8245426349630037,0.614275262317968,0.2102673726450357,428.0,0.19623161764705882,1183.0,0.5431985294117647,1390.0,0.6383272058823529,2155.0,0.9898897058823529,2151.0,0.9880514705882353,0.19623161764705882,WACC_0p1_WRT_0p9,0.6711397058823529,820,False,,,False,False,False,False,False,219.0,0.9276595744680851
SPLL,RialtoBridgeTimelapse,1357,0.61,291,0.8,0.4453386323214809,0,134,2738,388,5,0.747,0.4515925319521765,0.4971644809169758,0.49606179897032027,0.4434775271228317,0.06697073385352212,0.1304110602280012,-2.8192817631169373,2.486580303846317,-2.921841313157002,-2.3302840836398757,-3.215787996382892,1.7111958757000287,0.4971644809169758,0.4127562159734676,0.08440826494350817,0.49606179897032027,0.40979910046592194,0.08626269850439833,0.4434775271228317,0.42649679905255006,0.01698072807028167,0.06697073385352212,0.2919845622667505,0.2250138284132284,0.1304110602280012,0.31794376016445786,0.18753269993645666,837.0,0.38419117647058826,543.0,0.24908088235294118,429.0,0.19669117647058823,435.0,0.19944852941176472,443.0,0.203125,0.19669117647058823,WACC_0p5_WRT_0p5,0.24650735294117646,821,False,,,False,False,False,False,False,134.0,0.5659574468085107
SPLL,RialtoBridgeTimelapse,1543,0.59,104,0.75,0.6873058270030358,0,8,2295,401,6,0.74,0.10173992446708201,0.20857484295136408,0.18732253697615336,0.08112058190087133,0.11422171508683032,0.17921131965566692,-2.8192817631169373,2.486580303846317,-2.921841313157002,-2.3302840836398757,-3.215787996382892,1.7111958757000287,0.20857484295136408,0.41105107517332506,0.20247623222196098,0.18732253697615336,0.4133302447867024,0.22600770781054902,0.08112058190087133,0.4267313880359772,0.34561080613510586,0.11422171508683032,0.310535559650787,0.19631384456395667,0.17921131965566692,0.34971061721683655,0.17049929756116963,805.0,0.3694852941176471,571.0,0.2619485294117647,430.0,0.19715073529411764,516.0,0.23667279411764705,530.0,0.24310661764705882,0.19715073529411764,WACC_0p5_WRT_0p5,0.26167279411764705,822,False,,,False,False,False,False,False,8.0,0.029787234042553193
SPLL,RialtoBridgeTimelapse,458,0.61,462,0.8,0.3362839602022611,0,175,1669,496,10,0.001,0.6007503442666947,0.6278590971799348,0.6307221927956802,0.5912688429319167,0.1277103288555106,0.13256930229088568,-2.8192817631169373,2.486580303846317,-2.921841313157002,-2.3302840836398757,-3.215787996382892,1.7111958757000287,0.6278590971799348,0.49601035705367763,0.1318487401262572,0.6307221927956802,0.4578852858562042,0.172836906939476,0.5912688429319167,0.4579627518505334,0.1333060910813833,0.1277103288555106,0.29077481477211564,0.16306448591660505,0.13256930229088568,0.3211799325300622,0.18861063023917654,2087.0,0.9586397058823529,1112.0,0.5105698529411765,602.0,0.27619485294117646,430.0,0.19715073529411764,450.0,0.20634191176470587,0.19715073529411764,WACC_0p7_WRT_0p3,0.4297794117647059,823,False,,,False,False,False,False,False,175.0,0.7404255319148936
SPLL,RialtoBridgeTimelapse,879,0.33,368,0.1000000000000001,0.3899699850720688,0,168,2088,3901,4,0.771,0.624330582164943,0.45325714182094856,0.29701838914038864,0.5040821416374741,0.7525720412677329,0.8528365015844624,-2.8192817631169373,2.486580303846317,-2.921841313157002,-2.3302840836398757,-3.215787996382892,1.7111958757000287,0.45325714182094856,0.3812816758407563,0.07197546598019228,0.29701838914038864,0.4581030576981864,0.16108466855779774,0.5040821416374741,0.567565074584,0.06348293294652585,0.7525720412677329,0.5070726183733262,0.24549942289440674,0.8528365015844624,0.5759020521051316,0.2769344494793309,430.0,0.19715073529411764,1118.0,0.5133272058823529,1335.0,0.6130514705882353,2069.0,0.9503676470588235,2020.0,0.9278492647058824,0.19715073529411764,WACC_0p1_WRT_0p9,0.6403492647058824,824,False,,,False,False,False,False,False,168.0,0.7106382978723405
SPLL,RialtoBridgeTimelapse,278,0.58,144,0.725,0.6109457641941061,0,30,1674,1809,2,0.694,0.18225298047519928,0.28587248414307637,0.2626827708083629,0.15499028146039165,0.1178954134789629,0.20062508413985025,-2.8192817631169373,2.486580303846317,-2.921841313157002,-2.3302840836398757,-3.215787996382892,1.7111958757000287,0.28587248414307637,0.3812822082698045,0.09540972412672816,0.2626827708083629,0.4144893873799727,0.15180661657160982,0.15499028146039165,0.49775775304156156,0.34276747158116994,0.1178954134789629,0.4071525599519017,0.28925714647293876,0.20062508413985025,0.46113385669397533,0.2605087725541251,431.0,0.19761029411764705,582.0,0.26700367647058826,811.0,0.37224264705882354,1172.0,0.5381433823529411,1137.0,0.5220588235294118,0.19761029411764705,WACC_0p1_WRT_0p9,0.37941176470588234,825,False,,,False,False,False,False,False,30.0,0.12340425531914893
SPLL,RialtoBridgeTimelapse,412,0.61,220,0.8,0.511246276697515,0,94,1376,593,1,0.001,0.3625314627661391,0.4192341349615668,0.415699191464657,0.35513923122663477,0.030496105234500304,0.12944177588298372,-2.8192817631169373,2.486580303846317,-2.921841313157002,-2.3302840836398757,-3.215787996382892,1.7111958757000287,0.4192341349615668,0.43457892360892697,0.015344788647360164,0.415699191464657,0.41195097745674997,0.003748214007907036,0.35513923122663477,0.4273142373640573,0.07217500613742256,0.030496105234500304,0.32043630771948367,0.28994020248498337,0.12944177588298372,0.35472360283024607,0.22528182694726234,1254.0,0.5758272058823529,560.0,0.2568933823529412,432.0,0.19806985294117646,563.0,0.25827205882352944,550.0,0.2522977941176471,0.19806985294117646,WACC_0p5_WRT_0p5,0.3082720588235294,826,False,,,False,False,False,False,False,94.0,0.39574468085106385
SPLL,RialtoBridgeTimelapse,2028,0.4,496,0.2750000000000001,0.3195195641174336,0,191,2626,4541,7,0.86,0.36850238027396964,0.5299777808986925,0.4204771916372793,0.2258023258239917,0.5195393130079161,0.6452968763301763,-2.8192817631169373,2.486580303846317,-2.921841313157002,-2.3302840836398757,-3.215787996382892,1.7111958757000287,0.5299777808986925,0.3814590320465674,0.14851874885212513,0.4204771916372793,0.4691474252472083,0.048670233609929,0.2258023258239917,0.5855646833859836,0.3597623575619918,0.5195393130079161,0.5029386387669015,0.016600674241014635,0.6452968763301763,0.5874020476841137,0.057894828646062546,432.0,0.19806985294117646,1338.0,0.6144301470588235,1612.0,0.7403492647058824,2048.0,0.9407169117647058,2077.0,0.9540441176470589,0.19806985294117646,WACC_0p1_WRT_0p9,0.6895220588235293,827,False,,,False,False,False,False,False,191.0,0.8085106382978723
SPLL,RialtoBridgeTimelapse,1624,0.36,420,0.175,0.3587808599370651,0,181,295,4126,4,0.747,0.5121783887877667,0.48534523557030385,0.349666734520131,0.3825651151869414,0.6501838655552078,0.7612747384722542,-2.8192817631169373,2.486580303846317,-2.921841313157002,-2.3302840836398757,-3.215787996382892,1.7111958757000287,0.48534523557030385,0.38155522614258935,0.10379000942771449,0.349666734520131,0.46771646342782086,0.11804972890768989,0.3825651151869414,0.5743613375910702,0.1917962224041288,0.6501838655552078,0.5350233932463485,0.11516047230885929,0.7612747384722542,0.6060298156343772,0.15524492283787705,433.0,0.19852941176470587,1304.0,0.5988051470588235,1446.0,0.6640625,2144.0,0.9848345588235294,2133.0,0.9797794117647058,0.19852941176470587,WACC_0p1_WRT_0p9,0.6852022058823529,828,False,,,False,False,False,False,False,181.0,0.7659574468085106
SPLL,RialtoBridgeTimelapse,39,0.61,171,0.8,0.5705480712116793,0,51,1377,764,1,0.282,0.2833588741439452,0.35007141124724606,0.3443047965291517,0.2765085697170768,0.028377344761633602,0.12892502231462813,-2.8192817631169373,2.486580303846317,-2.921841313157002,-2.3302840836398757,-3.215787996382892,1.7111958757000287,0.35007141124724606,0.42163561085471174,0.07156419960746568,0.3443047965291517,0.3978940071672829,0.05358921063813121,0.2765085697170768,0.4276633261959345,0.15115475647885768,0.028377344761633602,0.3314027437991861,0.3030253990375525,0.12892502231462813,0.3749837080300883,0.24605868571546016,976.0,0.44806985294117646,447.0,0.20496323529411764,434.0,0.19898897058823528,602.0,0.27619485294117646,613.0,0.28125,0.19898897058823528,WACC_0p5_WRT_0p5,0.28189338235294115,829,False,,,False,False,False,False,False,51.0,0.2127659574468085
SPLL,RialtoBridgeTimelapse,2133,0.5,92,0.5250000000000001,0.7160167520220315,0,10,179,669,5,0.436,0.2859479620320452,0.16564332777139237,0.08904303710937163,0.256278134864132,0.38661780462669626,0.4326110525718959,-2.8192817631169373,2.486580303846317,-2.921841313157002,-2.3302840836398757,-3.215787996382892,1.7111958757000287,0.16564332777139237,0.4070863645890122,0.24144303681761983,0.08904303710937163,0.3959256938398895,0.3068826567305179,0.256278134864132,0.4476507657020355,0.1913726308379035,0.38661780462669626,0.38507961405773994,0.0015381905689563213,0.4326110525718959,0.436540114088047,0.003929061516151078,741.0,0.3400735294117647,434.0,0.19898897058823528,534.0,0.24494485294117646,960.0,0.4407169117647059,960.0,0.4407169117647059,0.19898897058823528,WACC_0p3_WRT_0p7,0.33308823529411763,830,False,,,False,False,False,False,False,10.0,0.03829787234042553
SPLL,RialtoBridgeTimelapse,554,0.61,399,0.8,0.3708859890161751,0,166,4399,610,10,0.001,0.5532244040519056,0.5861984947760449,0.5878085906122009,0.5441936729887347,0.10839117729102775,0.1318289418355334,-2.8192817631169373,2.486580303846317,-2.921841313157002,-2.3302840836398757,-3.215787996382892,1.7111958757000287,0.5861984947760449,0.5624132620879221,0.023785232688122826,0.5878085906122009,0.5103096384788978,0.07749895213330316,0.5441936729887347,0.5114201543299437,0.03277351865879097,0.10839117729102775,0.29184499832549426,0.1834538210344665,0.1318289418355334,0.33681890925973024,0.20498996742419684,2169.0,0.9963235294117647,2109.0,0.96875,891.0,0.40900735294117646,434.0,0.19898897058823528,491.0,0.22518382352941177,0.19898897058823528,WACC_0p7_WRT_0p3,0.5596507352941177,831,False,,,False,False,False,False,False,166.0,0.7021276595744681
SPLL,RialtoBridgeTimelapse,1504,0.47,366,0.45,0.391255721049039,0,161,1571,4918,5,0.746,0.298002321421992,0.47548873180985307,0.40209869039935775,0.19252379659179433,0.347956983808651,0.46683947579433155,-2.8192817631169373,2.486580303846317,-2.921841313157002,-2.3302840836398757,-3.215787996382892,1.7111958757000287,0.47548873180985307,0.3816569218794074,0.09383180993044565,0.40209869039935775,0.4683708596090389,0.06627216920968115,0.19252379659179433,0.584784246970121,0.3922604503783267,0.347956983808651,0.5060713167827192,0.15811433297406824,0.46683947579433155,0.5744051811818474,0.10756570538751581,434.0,0.19898897058823528,1321.0,0.6066176470588235,1593.0,0.7316176470588235,2064.0,0.9480698529411765,2011.0,0.9237132352941176,0.19898897058823528,WACC_0p1_WRT_0p9,0.6818014705882354,832,False,,,False,False,False,False,False,161.0,0.6808510638297872
SPLL,RialtoBridgeTimelapse,1879,0.61,159,0.8,0.5876573199694053,0,41,4254,1022,3,0.903,0.26072471365903716,0.33032748776360477,0.3239056101381738,0.25400433582774135,0.03303300817491255,0.12886301275733927,-2.8192817631169373,2.486580303846317,-2.921841313157002,-2.3302840836398757,-3.215787996382892,1.7111958757000287,0.33032748776360477,0.3991478878555743,0.06882040009196955,0.3239056101381738,0.3960974558168511,0.07219184567867726,0.25400433582774135,0.44177044574354907,0.18776610991580772,0.03303300817491255,0.32558847624204873,0.29255546806713617,0.12886301275733927,0.37703023893134685,0.24816722617400758,626.0,0.28722426470588236,435.0,0.19944852941176472,509.0,0.23345588235294118,583.0,0.26746323529411764,622.0,0.2853860294117647,0.19944852941176472,WACC_0p3_WRT_0p7,0.2545955882352941,833,False,,,False,False,False,False,False,41.0,0.1702127659574468
SPLL,RialtoBridgeTimelapse,700,0.47,70,0.45,0.7798729413292113,0,4,2419,1736,5,0.93,0.4295660437425046,0.11009671923186372,0.03596344560047204,0.41635701610647247,0.5155878769193307,0.544448127564865,-2.8192817631169373,2.486580303846317,-2.921841313157002,-2.3302840836398757,-3.215787996382892,1.7111958757000287,0.11009671923186372,0.3818105039172035,0.2717137846853398,0.03596344560047204,0.4308822419013559,0.39491879630088383,0.41635701610647247,0.5182084037419512,0.10185138763547874,0.5155878769193307,0.41438065220533055,0.10120722471400018,0.544448127564865,0.4791690088368794,0.06527911872798564,435.0,0.19944852941176472,762.0,0.34972426470588236,919.0,0.421875,1252.0,0.5749080882352942,1264.0,0.5804227941176471,0.19944852941176472,WACC_0p1_WRT_0p9,0.42527573529411766,834,False,,,False,False,False,False,False,4.0,0.01276595744680851
SPLL,RialtoBridgeTimelapse,673,0.47,370,0.45,0.3886911990532347,0,163,4740,4364,7,0.983,0.3011064772189081,0.4781247049392916,0.4048679044443937,0.19567294811797112,0.3471128562270225,0.4666326106520228,-2.8192817631169373,2.486580303846317,-2.921841313157002,-2.3302840836398757,-3.215787996382892,1.7111958757000287,0.4781247049392916,0.3819715070395398,0.0961531978997518,0.4048679044443937,0.4656022034185463,0.06073429897415261,0.19567294811797112,0.5730442542055928,0.3773713060876217,0.3471128562270225,0.4645138952666046,0.1174010390395821,0.4666326106520228,0.5281835174629936,0.06155090681097086,436.0,0.19990808823529413,1263.0,0.5799632352941176,1424.0,0.6539522058823529,1766.0,0.8111213235294118,1675.0,0.7693014705882353,0.19990808823529413,WACC_0p1_WRT_0p9,0.6028492647058824,835,False,,,False,False,False,False,False,163.0,0.6893617021276596
SPLL,RialtoBridgeTimelapse,96,0.61,89,0.8,0.723773999026508,0,3,2340,330,1,0.116,0.08528525755653114,0.17813339352204066,0.1661233409437901,0.07883458492789451,0.07153331134570146,0.13091055366248544,-2.8192817631169373,2.486580303846317,-2.921841313157002,-2.3302840836398757,-3.215787996382892,1.7111958757000287,0.17813339352204066,0.41991592412078355,0.24178253059874288,0.1661233409437901,0.40499874853447615,0.23887540759068604,0.07883458492789451,0.42802634933030353,0.349191764402409,0.07153331134570146,0.30010894472046906,0.2285756333747676,0.13091055366248544,0.31529238282127103,0.1843818291587856,950.0,0.43612132352941174,498.0,0.22840073529411764,437.0,0.20036764705882354,466.0,0.21369485294117646,439.0,0.20128676470588236,0.20036764705882354,WACC_0p5_WRT_0p5,0.25597426470588236,836,False,,,False,False,False,False,False,3.0,0.00851063829787234
SPLL,RialtoBridgeTimelapse,1113,0.62,239,0.8250000000000001,0.491734477925671,0,93,3844,434,7,0.32,0.4085574134306317,0.45203374820107856,0.45427081912191825,0.40733021160207616,0.06390713007279715,0.10752422644623681,-2.8192817631169373,2.486580303846317,-2.921841313157002,-2.3302840836398757,-3.215787996382892,1.7111958757000287,0.45203374820107856,0.47319418725943146,0.02116043905835291,0.45427081912191825,0.4478644805743061,0.006406338547612134,0.40733021160207616,0.46447323656480166,0.0571430249627255,0.06390713007279715,0.29230098451193437,0.22839385443913723,0.10752422644623681,0.3234089646370035,0.2158847381907667,1907.0,0.8759191176470589,976.0,0.44806985294117646,638.0,0.2927389705882353,437.0,0.20036764705882354,458.0,0.21001838235294118,0.20036764705882354,WACC_0p7_WRT_0p3,0.4054227941176471,837,False,,,False,False,False,False,False,93.0,0.39148936170212767
SPLL,RialtoBridgeTimelapse,1918,0.34,619,0.1250000000000001,0.2672058999679644,0,208,240,3951,7,0.843,0.5221856232557521,0.57021460871139,0.42868389531044165,0.3662882579804298,0.672335285136818,0.8023003270109238,-2.8192817631169373,2.486580303846317,-2.921841313157002,-2.3302840836398757,-3.215787996382892,1.7111958757000287,0.57021460871139,0.38208922826628433,0.18812538044510563,0.42868389531044165,0.46367575873897704,0.034991863428535386,0.3662882579804298,0.5790384634109068,0.212750205430477,0.672335285136818,0.5372602326123576,0.1350750525244604,0.8023003270109238,0.5999426459306908,0.202357681080233,437.0,0.20036764705882354,1219.0,0.5597426470588235,1506.0,0.6916360294117647,2146.0,0.9857536764705882,2120.0,0.9738051470588235,0.20036764705882354,WACC_0p1_WRT_0p9,0.6822610294117647,838,False,,,False,False,False,False,False,208.0,0.8808510638297873
SPLL,RialtoBridgeTimelapse,966,0.61,133,0.8,0.6296100858099285,0,20,1320,769,4,0.904,0.20569583229092098,0.28239935112197667,0.2743397293097884,0.19922667753061177,0.04456366779654815,0.12893394528467883,-2.8192817631169373,2.486580303846317,-2.921841313157002,-2.3302840836398757,-3.215787996382892,1.7111958757000287,0.28239935112197667,0.39992681881105596,0.11752746768907929,0.2743397293097884,0.4038491032359195,0.1295093739261311,0.19922667753061177,0.4286361339142742,0.22940945638366242,0.04456366779654815,0.33453095135057415,0.289967283554026,0.12893394528467883,0.38338868415916133,0.2544547388744825,635.0,0.2913602941176471,488.0,0.22380514705882354,439.0,0.20128676470588236,614.0,0.28170955882352944,647.0,0.296875,0.20128676470588236,WACC_0p5_WRT_0p5,0.25900735294117644,839,False,,,False,False,False,False,False,20.0,0.08085106382978724
SPLL,RialtoBridgeTimelapse,428,0.35,247,0.15,0.4839772309211945,0,117,2170,3254,1,0.487,0.6191050101949576,0.36866769070276517,0.21732908478775254,0.5250305050652672,0.7350304788862041,0.8163318693974818,-2.8192817631169373,2.486580303846317,-2.921841313157002,-2.3302840836398757,-3.215787996382892,1.7111958757000287,0.36866769070276517,0.3822071619817294,0.01353947127896421,0.21732908478775254,0.43702711164547,0.21969802685771744,0.5250305050652672,0.5533384503848877,0.028307945319620553,0.7350304788862041,0.4713957382944438,0.2636347405917603,0.8163318693974818,0.5340501049813734,0.2822817644161084,439.0,0.20128676470588236,824.0,0.3782169117647059,1156.0,0.5307904411764706,1840.0,0.8451286764705882,1713.0,0.7867647058823529,0.20128676470588236,WACC_0p1_WRT_0p9,0.5484375,840,False,,,False,False,False,False,False,117.0,0.49361702127659574
SPLL,RialtoBridgeTimelapse,1387,0.61,236,0.8,0.4947103012816212,0,105,1444,745,2,0.624,0.38478214546688666,0.4386934813235355,0.4357725347769347,0.37721850569384435,0.039629203478321634,0.12965250865501007,-2.8192817631169373,2.486580303846317,-2.921841313157002,-2.3302840836398757,-3.215787996382892,1.7111958757000287,0.4386934813235355,0.4240998163973119,0.014593664926223548,0.4357725347769347,0.39867996640624825,0.03709256837068642,0.37721850569384435,0.4290041921308016,0.051785686436957246,0.039629203478321634,0.337217705625611,0.2975885021472894,0.12965250865501007,0.3906836329293659,0.2610311242743558,1023.0,0.4696691176470588,456.0,0.20909926470588236,440.0,0.20174632352941177,632.0,0.2899816176470588,677.0,0.31066176470588236,0.20174632352941177,WACC_0p5_WRT_0p5,0.2962316176470588,841,False,,,False,False,False,False,False,105.0,0.4425531914893617
SPLL,RialtoBridgeTimelapse,195,0.61,265,0.8,0.4674010086843854,0,122,4232,670,10,0.999,0.4216720022135144,0.47097169646764653,0.4690589388702838,0.4138100340748821,0.05473964616982855,0.13005039266774782,-2.8192817631169373,2.486580303846317,-2.921841313157002,-2.3302840836398757,-3.215787996382892,1.7111958757000287,0.47097169646764653,0.46091489083315373,0.010056805634492794,0.4690589388702838,0.44004748982266356,0.029011449047620264,0.4138100340748821,0.45324596224950464,0.03943592817462255,0.05473964616982855,0.2927809806632605,0.23804133449343198,0.13005039266774782,0.31967080095120176,0.18962040828345395,1753.0,0.8051470588235294,862.0,0.39568014705882354,574.0,0.2633272058823529,440.0,0.20174632352941177,446.0,0.20450367647058823,0.20174632352941177,WACC_0p7_WRT_0p3,0.37408088235294124,842,False,,,False,False,False,False,False,122.0,0.5148936170212766
SPLL,RialtoBridgeTimelapse,1878,0.54,317,0.6250000000000002,0.425159371076707,0,146,4945,3150,4,0.84,0.3562703187204994,0.4681507425260331,0.43158499359506813,0.3013422930025761,0.16939596504759408,0.29253188212383713,-2.8192817631169373,2.486580303846317,-2.921841313157002,-2.3302840836398757,-3.215787996382892,1.7111958757000287,0.4681507425260331,0.3822725125365753,0.08587822998945782,0.43158499359506813,0.4298445500103467,0.0017404435847214184,0.3013422930025761,0.5379751998408079,0.2366329068382318,0.16939596504759408,0.4147342391382267,0.24533827409063264,0.29253188212383713,0.47203636542917726,0.17950448330534013,440.0,0.20174632352941177,741.0,0.3400735294117647,1031.0,0.4733455882352941,1255.0,0.5762867647058824,1214.0,0.5574448529411765,0.20174632352941177,WACC_0p1_WRT_0p9,0.4297794117647059,843,False,,,False,False,False,False,False,146.0,0.6170212765957447
SPLL,RialtoBridgeTimelapse,1639,0.46,206,0.4250000000000001,0.526728658654641,0,88,2448,1543,7,0.968,0.29893123432824403,0.3384278273028421,0.2513647498165463,0.21578646978953947,0.42465498989146166,0.5093091625574212,-2.8192817631169373,2.486580303846317,-2.921841313157002,-2.3302840836398757,-3.215787996382892,1.7111958757000287,0.3384278273028421,0.3822990573180175,0.0438712300151754,0.2513647498165463,0.44073730625174656,0.1893725564352003,0.21578646978953947,0.5077368878816153,0.29195041809207584,0.42465498989146166,0.3988436527812375,0.025811337110224153,0.5093091625574212,0.4589969990599855,0.050312163497435725,441.0,0.20220588235294118,874.0,0.40119485294117646,865.0,0.39705882352941174,1086.0,0.49862132352941174,1123.0,0.515625,0.20220588235294118,WACC_0p1_WRT_0p9,0.40294117647058825,844,False,,,False,False,False,False,False,88.0,0.3702127659574468
SPLL,RialtoBridgeTimelapse,235,0.61,278,0.8,0.4561127284060119,0,127,3581,518,1,0.001,0.43696842152054893,0.4843610714889446,0.4828632325836594,0.4289782213890006,0.06099511987771917,0.13023090688468025,-2.8192817631169373,2.486580303846317,-2.921841313157002,-2.3302840836398757,-3.215787996382892,1.7111958757000287,0.4843610714889446,0.4620163878132207,0.022344683675723898,0.4828632325836594,0.45290467787104594,0.02995855471261344,0.4289782213890006,0.46985606950632613,0.04087784811732553,0.06099511987771917,0.30079713018940246,0.2398020103116833,0.13023090688468025,0.31709712548673497,0.1868662186020547,1771.0,0.8134191176470589,1040.0,0.4774816176470588,666.0,0.3056066176470588,471.0,0.21599264705882354,442.0,0.2026654411764706,0.2026654411764706,WACC_0p9_WRT_0p1,0.4030330882352942,845,False,,,False,False,False,False,False,127.0,0.5361702127659574
SPLL,RialtoBridgeTimelapse,1157,0.47,317,0.45,0.425159371076707,0,151,4324,4398,6,0.916,0.25714792729301994,0.44087513946525664,0.36568378983162025,0.15100812901127827,0.3592928353537557,0.4697989058589158,-2.8192817631169373,2.486580303846317,-2.921841313157002,-2.3302840836398757,-3.215787996382892,1.7111958757000287,0.44087513946525664,0.38234374093371487,0.05853139853154177,0.36568378983162025,0.4572315577076214,0.09154776787600116,0.15100812901127827,0.566030466245347,0.4150223372340688,0.3592928353537557,0.4628989574162683,0.10360612206251257,0.4697989058589158,0.5327900510549463,0.06299114519603044,442.0,0.2026654411764706,1103.0,0.5064338235294118,1301.0,0.5974264705882353,1751.0,0.8042279411764706,1705.0,0.7830882352941176,0.2026654411764706,WACC_0p1_WRT_0p9,0.5787683823529413,846,False,,,False,False,False,False,False,151.0,0.6382978723404256
SPLL,RialtoBridgeTimelapse,1324,0.41,341,0.3,0.4079463386641236,0,162,907,4356,3,0.71,0.3860477266248514,0.4452773117854426,0.336209134026264,0.2694434085217325,0.5237362803661703,0.6297808540669966,-2.8192817631169373,2.486580303846317,-2.921841313157002,-2.3302840836398757,-3.215787996382892,1.7111958757000287,0.4452773117854426,0.3823639040296958,0.06291340775574683,0.336209134026264,0.4588065399042469,0.1225974058779829,0.2694434085217325,0.5845241116381227,0.3150807031163902,0.5237362803661703,0.4951254078299479,0.028610872536222354,0.6297808540669966,0.5675318836975055,0.06224897036949106,443.0,0.203125,1130.0,0.5188419117647058,1590.0,0.7302389705882353,2009.0,0.9227941176470589,1976.0,0.9076286764705882,0.203125,WACC_0p1_WRT_0p9,0.6565257352941176,847,False,,,False,False,False,False,False,162.0,0.6851063829787234
SPLL,RialtoBridgeTimelapse,1794,0.6,159,0.775,0.5876573199694053,0,42,2000,1178,2,0.671,0.24354977120209842,0.32309952034038253,0.3114963775881738,0.2301446838655458,0.0587713893650972,0.15207357771347244,-2.8192817631169373,2.486580303846317,-2.921841313157002,-2.3302840836398757,-3.215787996382892,1.7111958757000287,0.32309952034038253,0.38770283463188054,0.06460331429149802,0.3114963775881738,0.3976407380321119,0.08614436044393814,0.2301446838655458,0.463905386948477,0.2337607030829312,0.0587713893650972,0.4032449953644609,0.3444736059993637,0.15207357771347244,0.44239772528739507,0.29032414757392266,484.0,0.22196691176470587,444.0,0.2035845588235294,637.0,0.2922794117647059,1131.0,0.5193014705882353,988.0,0.45358455882352944,0.2035845588235294,WACC_0p3_WRT_0p7,0.33814338235294117,848,False,,,False,False,False,False,False,42.0,0.17446808510638298
SPLL,RialtoBridgeTimelapse,540,0.61,270,0.8,0.4629953909118257,0,125,3817,644,4,0.587,0.4276387311429931,0.4761942033010554,0.4744434966005453,0.4197270357393343,0.057180392868198794,0.13011980310789314,-2.8192817631169373,2.486580303846317,-2.921841313157002,-2.3302840836398757,-3.215787996382892,1.7111958757000287,0.4761942033010554,0.4548663272984436,0.021327876002611768,0.4744434966005453,0.4428058824303156,0.0316376141702297,0.4197270357393343,0.46268688299598304,0.04295984725664875,0.057180392868198794,0.2933856313072301,0.23620523843903132,0.13011980310789314,0.35559728698250226,0.2254774838746091,1664.0,0.7642463235294118,899.0,0.41268382352941174,625.0,0.2867647058823529,444.0,0.2035845588235294,556.0,0.25505514705882354,0.2035845588235294,WACC_0p7_WRT_0p3,0.38446691176470593,849,False,,,False,False,False,False,False,125.0,0.5276595744680851
SPLL,RialtoBridgeTimelapse,1392,0.45,517,0.4000000000000001,0.3097288633307306,0,193,1543,4428,4,0.765,0.36981808831687035,0.5532407935967424,0.47280396732986424,0.25071151510573564,0.37644798787899947,0.5123487156034181,-2.8192817631169373,2.486580303846317,-2.921841313157002,-2.3302840836398757,-3.215787996382892,1.7111958757000287,0.5532407935967424,0.38242532616693486,0.17081546742980752,0.47280396732986424,0.46865564165795687,0.004148325671907371,0.25071151510573564,0.5837260659693089,0.33301455086357323,0.37644798787899947,0.4855824854334574,0.10913449755445792,0.5123487156034181,0.5625658578841393,0.05021714228072116,445.0,0.20404411764705882,1327.0,0.609375,1578.0,0.7247242647058824,1953.0,0.8970588235294118,1940.0,0.8910845588235294,0.20404411764705882,WACC_0p1_WRT_0p9,0.6652573529411765,850,False,,,False,False,False,False,False,193.0,0.8170212765957446
SPLL,RialtoBridgeTimelapse,1994,0.4,102,0.2750000000000001,0.6918554833251341,0,17,99,1457,3,0.582,0.5979674883525276,0.1866439937751904,0.052430780988687066,0.560264214156716,0.6878321780044712,0.7286428093184157,-2.8192817631169373,2.486580303846317,-2.921841313157002,-2.3302840836398757,-3.215787996382892,1.7111958757000287,0.1866439937751904,0.3825815024833855,0.19593750870819512,0.052430780988687066,0.4044126208464863,0.35198183985779924,0.560264214156716,0.5034005022979312,0.056863711858784804,0.6878321780044712,0.530485713091606,0.1573464649128652,0.7286428093184157,0.5828945167747858,0.14574829254362998,447.0,0.20496323529411764,494.0,0.2265625,837.0,0.38419117647058826,2136.0,0.9811580882352942,2054.0,0.9434742647058824,0.20496323529411764,WACC_0p1_WRT_0p9,0.5480698529411765,851,False,,,False,False,False,False,False,17.0,0.06808510638297872
SPLL,RialtoBridgeTimelapse,848,0.37,523,0.2,0.3070043629219752,0,197,370,4974,6,0.723,0.4525469660874006,0.5365514233247128,0.4102411882184369,0.30739959609553197,0.6008094928406754,0.7253784503682823,-2.8192817631169373,2.486580303846317,-2.921841313157002,-2.3302840836398757,-3.215787996382892,1.7111958757000287,0.5365514233247128,0.38265740583056507,0.15389401749414777,0.4102411882184369,0.4618914424657159,0.05165025424727898,0.30739959609553197,0.5729529894817658,0.2655533933862338,0.6008094928406754,0.5372764421623668,0.06353305067830861,0.7253784503682823,0.6136017060651568,0.11177674430312545,449.0,0.20588235294117646,1188.0,0.5454963235294118,1418.0,0.6511948529411765,2147.0,0.9862132352941176,2150.0,0.9875919117647058,0.20588235294117646,WACC_0p1_WRT_0p9,0.6752757352941178,852,False,,,False,False,False,False,False,197.0,0.8340425531914893
SPLL,RialtoBridgeTimelapse,1754,0.62,189,0.8250000000000001,0.5470018733706472,0,59,1509,676,2,0.508,0.33354794919704556,0.3863641138030918,0.38657366183768765,0.3329598804167649,0.033254973660684355,0.10660365585811722,-2.8192817631169373,2.486580303846317,-2.921841313157002,-2.3302840836398757,-3.215787996382892,1.7111958757000287,0.3863641138030918,0.44017312785693735,0.05380901405384553,0.38657366183768765,0.39827908753122815,0.011705425693540494,0.3329598804167649,0.44193736549219625,0.10897748507543137,0.033254973660684355,0.3595082228144886,0.3262532491538042,0.10660365585811722,0.391395000512798,0.2847913446546808,1380.0,0.6337316176470589,450.0,0.20634191176470587,511.0,0.234375,760.0,0.34880514705882354,683.0,0.3134191176470588,0.20634191176470587,WACC_0p3_WRT_0p7,0.3473345588235294,853,False,,,False,False,False,False,False,59.0,0.24680851063829787
SPLL,RialtoBridgeTimelapse,308,0.6,191,0.775,0.5445246273066155,0,69,1551,1129,3,0.645,0.3000274403072598,0.3722731253211467,0.3623607355036014,0.28637883902329525,0.04689026490027451,0.15195166809239555,-2.8192817631169373,2.486580303846317,-2.921841313157002,-2.3302840836398757,-3.215787996382892,1.7111958757000287,0.3722731253211467,0.40761490679887463,0.03534178147772793,0.3623607355036014,0.3983205672810067,0.03595983177740525,0.28637883902329525,0.4737544967220644,0.18737565769876913,0.04689026490027451,0.376912964057829,0.33002269915755444,0.15195166809239555,0.43171819682600454,0.27976652873360897,751.0,0.3446691176470588,451.0,0.20680147058823528,685.0,0.31433823529411764,887.0,0.4071691176470588,926.0,0.4250919117647059,0.20680147058823528,WACC_0p3_WRT_0p7,0.3396139705882353,854,False,,,False,False,False,False,False,69.0,0.28936170212765955
SPLL,RialtoBridgeTimelapse,547,0.62,323,0.8250000000000001,0.4207372827476988,0,140,1673,554,3,0.323,0.5058075314140069,0.5372591913846987,0.5420739346755303,0.5036778043282694,0.10348324913365124,0.10897108140531171,-2.8192817631169373,2.486580303846317,-2.921841313157002,-2.3302840836398757,-3.215787996382892,1.7111958757000287,0.5372591913846987,0.44773951150983304,0.08951967987486564,0.5420739346755303,0.39844368200350405,0.14363025267202628,0.5036778043282694,0.44028122808837056,0.0633965762398988,0.10348324913365124,0.3199665881350524,0.21648333900140115,0.10897108140531171,0.3790320131251467,0.27006093171983503,1536.0,0.7054227941176471,452.0,0.20726102941176472,497.0,0.22794117647058823,558.0,0.25597426470588236,630.0,0.2890625,0.20726102941176472,WACC_0p3_WRT_0p7,0.33713235294117644,855,False,,,False,False,False,False,False,140.0,0.5914893617021276
SPLL,RialtoBridgeTimelapse,1894,0.54,148,0.6250000000000002,0.6045079564015148,0,35,4478,3099,6,0.887,0.13428581717136814,0.2779329158615641,0.2328742667366038,0.07763953273321027,0.22485259552317774,0.3021840325174491,-2.8192817631169373,2.486580303846317,-2.921841313157002,-2.3302840836398757,-3.215787996382892,1.7111958757000287,0.2779329158615641,0.38331956958499724,0.10538665372343314,0.2328742667366038,0.44221092210299273,0.20933665536638893,0.07763953273321027,0.5311654560795082,0.4535259233462979,0.22485259552317774,0.4119195177205933,0.18706692219741558,0.3021840325174491,0.4667157683029664,0.16453173578551733,452.0,0.20726102941176472,891.0,0.40900735294117646,988.0,0.45358455882352944,1215.0,0.5579044117647058,1178.0,0.5409007352941176,0.20726102941176472,WACC_0p1_WRT_0p9,0.4337316176470588,856,False,,,False,False,False,False,False,35.0,0.14468085106382977
SPLL,RialtoBridgeTimelapse,874,0.61,342,0.8,0.407255608721016,0,151,4912,495,9,0.267,0.5034605632502084,0.5425923395736559,0.5428806717226885,0.49488769030133106,0.08813084069938436,0.13110219374930882,-2.8192817631169373,2.486580303846317,-2.921841313157002,-2.3302840836398757,-3.215787996382892,1.7111958757000287,0.5425923395736559,0.4763647020046497,0.06622763756900624,0.5428806717226885,0.46207128878309184,0.08080938293959666,0.49488769030133106,0.4813768402170954,0.013510850084235637,0.08813084069938436,0.2976744178599929,0.2095435771606085,0.13110219374930882,0.32217844189568096,0.19107624814637214,1950.0,0.8956801470588235,1190.0,0.5464154411764706,729.0,0.33455882352941174,459.0,0.2104779411764706,452.0,0.20726102941176472,0.20726102941176472,WACC_0p9_WRT_0p1,0.4388786764705882,857,False,,,False,False,False,False,False,151.0,0.6382978723404256
SPLL,RialtoBridgeTimelapse,1124,0.61,285,0.8,0.4502503970736031,0,131,1821,385,5,0.526,0.4449227057928873,0.49132475362162736,0.49004202451334244,0.43686487975214755,0.06424592362825726,0.13032801281843626,-2.8192817631169373,2.486580303846317,-2.921841313157002,-2.3302840836398757,-3.215787996382892,1.7111958757000287,0.49132475362162736,0.4343861614172718,0.05693859220435554,0.49004202451334244,0.39847177961847424,0.0915702448948682,0.43686487975214755,0.44159704303648645,0.004732163284338897,0.06424592362825726,0.3135859056719544,0.24933998204369712,0.13032801281843626,0.33610577618481324,0.205777763366377,1251.0,0.5744485294117647,453.0,0.20772058823529413,507.0,0.23253676470588236,526.0,0.24126838235294118,489.0,0.22426470588235295,0.20772058823529413,WACC_0p3_WRT_0p7,0.29604779411764703,858,False,,,False,False,False,False,False,131.0,0.5531914893617021
SPLL,RialtoBridgeTimelapse,1332,0.39,248,0.2500000000000001,0.4830252182181488,0,117,189,2871,5,0.777,0.49133387419179286,0.37190876038317516,0.2455194111405883,0.3968888448808884,0.6134406432142346,0.6995420242317105,-2.8192817631169373,2.486580303846317,-2.921841313157002,-2.3302840836398757,-3.215787996382892,1.7111958757000287,0.37190876038317516,0.38335229768905865,0.011443537305883489,0.2455194111405883,0.4479609302006391,0.20244151906005078,0.3968888448808884,0.5539565452549414,0.15706770037405304,0.6134406432142346,0.5064015334653352,0.10703910974889941,0.6995420242317105,0.5640395326171568,0.13550249161455374,453.0,0.20772058823529413,977.0,0.4485294117647059,1160.0,0.5326286764705882,2065.0,0.9485294117647058,1956.0,0.8984375,0.20772058823529413,WACC_0p1_WRT_0p9,0.6071691176470588,859,False,,,False,False,False,False,False,117.0,0.49361702127659574
SPLL,RialtoBridgeTimelapse,996,0.61,219,0.8,0.5123191802935934,0,93,1788,483,8,0.827,0.3610901711745663,0.4179739349660633,0.4143990491627046,0.3537087956398725,0.029903957265855634,0.12942897248269647,-2.8192817631169373,2.486580303846317,-2.921841313157002,-2.3302840836398757,-3.215787996382892,1.7111958757000287,0.4179739349660633,0.4376905880212004,0.019716653055137146,0.4143990491627046,0.43068313832605637,0.016284089163351778,0.3537087956398725,0.4575800225341403,0.10387122689426781,0.029903957265855634,0.2957531566853373,0.26584919941948165,0.12942897248269647,0.3224254619342193,0.1929964894515228,1318.0,0.6052389705882353,760.0,0.34880514705882354,599.0,0.27481617647058826,455.0,0.20863970588235295,456.0,0.20909926470588236,0.20863970588235295,WACC_0p7_WRT_0p3,0.32931985294117655,860,False,,,False,False,False,False,False,93.0,0.39148936170212767
SPLL,RialtoBridgeTimelapse,1741,0.45,597,0.4000000000000001,0.2757530469966032,0,199,1633,4444,7,0.837,0.41131807371305806,0.5886297457049837,0.5098847251272414,0.29268342349282933,0.3655870648905765,0.510027566239817,-2.8192817631169373,2.486580303846317,-2.921841313157002,-2.3302840836398757,-3.215787996382892,1.7111958757000287,0.5886297457049837,0.3840071058689515,0.20462263983603224,0.5098847251272414,0.4662576866681041,0.04362703845913729,0.29268342349282933,0.5796444111925391,0.28696098769970974,0.3655870648905765,0.4894512739062762,0.12386420901569967,0.510027566239817,0.562670436306162,0.05264287006634494,456.0,0.20909926470588236,1274.0,0.5850183823529411,1521.0,0.6985294117647058,1970.0,0.9048713235294118,1942.0,0.8920036764705882,0.20909926470588236,WACC_0p1_WRT_0p9,0.6579044117647059,861,False,,,False,False,False,False,False,199.0,0.8425531914893617
SPLL,RialtoBridgeTimelapse,3,0.62,206,0.8250000000000001,0.526728658654641,0,71,4476,563,2,0.319,0.36098039316611086,0.410372319395544,0.41132849411461536,0.36016599757279577,0.04448159029884273,0.10691489711818036,-2.8192817631169373,2.486580303846317,-2.921841313157002,-2.3302840836398757,-3.215787996382892,1.7111958757000287,0.410372319395544,0.4655556436729951,0.055183324277451096,0.41132849411461536,0.43389881845368783,0.022570324339072467,0.36016599757279577,0.4671386100377969,0.10697261246500112,0.04448159029884273,0.2963570857225889,0.25187549542374615,0.10691489711818036,0.3284653211448141,0.22155042402663372,1823.0,0.8373161764705882,796.0,0.36534926470588236,649.0,0.2977941176470588,457.0,0.20955882352941177,471.0,0.21599264705882354,0.20955882352941177,WACC_0p7_WRT_0p3,0.38520220588235293,862,False,,,False,False,False,False,False,71.0,0.2978723404255319
SPLL,RialtoBridgeTimelapse,440,0.41,111,0.3,0.6720376368554289,0,18,2154,1878,6,0.9,0.5501748007953753,0.2034518591155983,0.07321891847057072,0.5075120697366747,0.6446652521104792,0.6907981562232732,-2.8192817631169373,2.486580303846317,-2.921841313157002,-2.3302840836398757,-3.215787996382892,1.7111958757000287,0.2034518591155983,0.38404382238366574,0.18059196326806745,0.07321891847057072,0.45027631714715216,0.37705739867658145,0.5075120697366747,0.5302391719416776,0.022727102205002847,0.6446652521104792,0.43135056221930473,0.21331468989117447,0.6907981562232732,0.5036667103482205,0.1871314458750527,457.0,0.20955882352941177,1006.0,0.4618566176470588,982.0,0.4508272058823529,1439.0,0.6608455882352942,1456.0,0.6686580882352942,0.20955882352941177,WACC_0p1_WRT_0p9,0.49034926470588236,863,False,,,False,False,False,False,False,18.0,0.07234042553191489
SPLL,RialtoBridgeTimelapse,1045,0.61,203,0.8,0.5301823672547157,0,79,1235,597,8,0.94,0.33713877819946364,0.3970374253255893,0.39279545428005297,0.3299329944874101,0.020052919783386677,0.12923270878004134,-2.8192817631169373,2.486580303846317,-2.921841313157002,-2.3302840836398757,-3.215787996382892,1.7111958757000287,0.3970374253255893,0.42224085448972026,0.025203429164130986,0.39279545428005297,0.4319601027456874,0.039164648465634444,0.3299329944874101,0.4323062721657879,0.10237327767837778,0.020052919783386677,0.3079539485079835,0.28790102872459683,0.12923270878004134,0.34610669115149234,0.216873982371451,982.0,0.4508272058823529,779.0,0.35753676470588236,458.0,0.21001838235294118,499.0,0.22886029411764705,516.0,0.23667279411764705,0.21001838235294118,WACC_0p5_WRT_0p5,0.2967830882352941,864,False,,,False,False,False,False,False,79.0,0.33191489361702126
SPLL,RialtoBridgeTimelapse,865,0.47,192,0.45,0.5432956643483142,0,76,953,2917,8,0.911,0.27750797244054887,0.32398159861289105,0.24178817762181704,0.19893465355101647,0.40204437505398544,0.48411353561026255,-2.8192817631169373,2.486580303846317,-2.921841313157002,-2.3302840836398757,-3.215787996382892,1.7111958757000287,0.32398159861289105,0.38408320169080123,0.06010160307791018,0.24178817762181704,0.4440224150070811,0.20223423738526408,0.19893465355101647,0.5466336719132366,0.34769901836222017,0.40204437505398544,0.44780640706190883,0.04576203200792339,0.48411353561026255,0.5104394711269986,0.026325935516736065,458.0,0.21001838235294118,922.0,0.42325367647058826,1086.0,0.49862132352941174,1617.0,0.7426470588235294,1525.0,0.7003676470588235,0.21001838235294118,WACC_0p1_WRT_0p9,0.5149816176470587,865,False,,,False,False,False,False,False,76.0,0.3191489361702128
SPLL,RialtoBridgeTimelapse,1316,0.39,282,0.2500000000000001,0.4527450581943214,0,139,397,3368,10,0.935,0.473332164042986,0.4000891023331969,0.27594527634112503,0.37026503711376413,0.600422722770017,0.6934699278181498,-2.8192817631169373,2.486580303846317,-2.921841313157002,-2.3302840836398757,-3.215787996382892,1.7111958757000287,0.4000891023331969,0.3843990971956221,0.015690005137574792,0.27594527634112503,0.4476807827942132,0.17173550645308816,0.37026503711376413,0.5563399989168296,0.1860749618030655,0.600422722770017,0.49522810368672726,0.1051946190832897,0.6934699278181498,0.5698247254288299,0.12364520238931986,459.0,0.2104779411764706,971.0,0.44577205882352944,1185.0,0.5441176470588235,2010.0,0.9232536764705882,1988.0,0.9131433823529411,0.2104779411764706,WACC_0p1_WRT_0p9,0.6073529411764705,866,False,,,False,False,False,False,False,139.0,0.5872340425531914
SPLL,RialtoBridgeTimelapse,1367,0.53,129,0.6000000000000002,0.6367795689407558,0,23,536,989,6,0.961,0.14600221196466473,0.24333469452855527,0.19066569131595418,0.09300809794298917,0.26444147274713287,0.33245873108419627,-2.8192817631169373,2.486580303846317,-2.921841313157002,-2.3302840836398757,-3.215787996382892,1.7111958757000287,0.24333469452855527,0.3844865704628884,0.14115187593433315,0.19066569131595418,0.4060271849279672,0.215361493612013,0.09300809794298917,0.475087992957874,0.3820798950148848,0.26444147274713287,0.3933519481495825,0.12891047540244965,0.33245873108419627,0.442299156410189,0.10984042532599275,460.0,0.2109375,510.0,0.2339154411764706,695.0,0.31893382352941174,1027.0,0.47150735294117646,987.0,0.453125,0.2109375,WACC_0p1_WRT_0p9,0.33768382352941173,867,False,,,False,False,False,False,False,23.0,0.09361702127659574
SPLL,RialtoBridgeTimelapse,1339,0.61,201,0.8,0.5325131726842642,0,77,1614,829,3,0.387,0.3340200702424359,0.3943120917293367,0.3899827722315168,0.3268364445336863,0.01876864755615233,0.12920957320853085,-2.8192817631169373,2.486580303846317,-2.921841313157002,-2.3302840836398757,-3.215787996382892,1.7111958757000287,0.3943120917293367,0.44056475584198346,0.04625266411264678,0.3899827722315168,0.39921835667644345,0.00923558444492667,0.3268364445336863,0.45292712049936074,0.12609067596567441,0.01876864755615233,0.3739780399488457,0.3552093923926934,0.12920957320853085,0.4316617168369452,0.3024521436284143,1391.0,0.6387867647058824,460.0,0.2109375,572.0,0.2624080882352941,858.0,0.3938419117647059,925.0,0.42463235294117646,0.2109375,WACC_0p3_WRT_0p7,0.38612132352941175,868,False,,,False,False,False,False,False,77.0,0.32340425531914896
SPLL,RialtoBridgeTimelapse,13,0.62,225,0.8250000000000001,0.505953553992776,0,84,3920,600,7,0.756,0.38919337995931164,0.43507420304010214,0.4367918655536863,0.3881369743415135,0.05600705584425751,0.10726668692754233,-2.8192817631169373,2.486580303846317,-2.921841313157002,-2.3302840836398757,-3.215787996382892,1.7111958757000287,0.43507420304010214,0.4581989524699774,0.023124749429875247,0.4367918655536863,0.4429737102140059,0.006181844660319569,0.3881369743415135,0.45520334434177195,0.06706637000025845,0.05600705584425751,0.29834392310255287,0.24233686725829534,0.10726668692754233,0.3374786674591187,0.23021198053157638,1719.0,0.7895220588235294,901.0,0.41360294117647056,582.0,0.26700367647058826,461.0,0.2113970588235294,492.0,0.22564338235294118,0.2113970588235294,WACC_0p7_WRT_0p3,0.3814338235294118,869,False,,,False,False,False,False,False,84.0,0.35319148936170214
SPLL,RialtoBridgeTimelapse,1323,0.62,278,0.8250000000000001,0.4561127284060119,0,117,1553,410,9,0.296,0.45724226498494863,0.494689437496338,0.4982226270652633,0.4555714967578974,0.08373789745931012,0.10822025318042998,-2.8192817631169373,2.486580303846317,-2.921841313157002,-2.3302840836398757,-3.215787996382892,1.7111958757000287,0.494689437496338,0.4715509072290805,0.023138530267257484,0.4982226270652633,0.43624518380372507,0.061977443261538256,0.4555714967578974,0.4608697242889859,0.005298227531088551,0.08373789745931012,0.3030118212119961,0.21927392375268598,0.10822025318042998,0.3239160870656174,0.21569583388518743,1888.0,0.8671875,815.0,0.3740808823529412,614.0,0.28170955882352944,478.0,0.2192095588235294,461.0,0.2113970588235294,0.2113970588235294,WACC_0p9_WRT_0p1,0.3907169117647059,870,False,,,False,False,False,False,False,117.0,0.49361702127659574
SPLL,RialtoBridgeTimelapse,1271,0.52,114,0.5750000000000002,0.6657841933611647,0,14,465,923,2,0.351,0.19258544746932282,0.2136876513277888,0.15322611290704616,0.1485255863654309,0.3045481710331133,0.36437815022928843,-2.8192817631169373,2.486580303846317,-2.921841313157002,-2.3302840836398757,-3.215787996382892,1.7111958757000287,0.2136876513277888,0.40415784555906287,0.19047019423127406,0.15322611290704616,0.3992744025739043,0.24604828966685813,0.1485255863654309,0.486676335547576,0.3381507491821451,0.3045481710331133,0.415169514305123,0.11062134327200968,0.36437815022928843,0.4654671582067698,0.10108900797748138,688.0,0.3157169117647059,461.0,0.2113970588235294,752.0,0.34512867647058826,1259.0,0.578125,1167.0,0.5358455882352942,0.2113970588235294,WACC_0p3_WRT_0p7,0.39724264705882356,871,False,,,False,False,False,False,False,14.0,0.05531914893617021
SPLL,RialtoBridgeTimelapse,1190,0.49,452,0.5000000000000001,0.3414495548873707,0,180,4052,4915,2,0.515,0.3869169293158257,0.5348959811663458,0.4750464652614849,0.29680927043890015,0.27767947392185943,0.41263163960401233,-2.8192817631169373,2.486580303846317,-2.921841313157002,-2.3302840836398757,-3.215787996382892,1.7111958757000287,0.5348959811663458,0.38498504656944765,0.1499109345968982,0.4750464652614849,0.46523476397002045,0.00981170129146447,0.29680927043890015,0.5896177983972274,0.29280852795832724,0.27767947392185943,0.48277737116532127,0.20509789724346184,0.41263163960401233,0.5522526073181088,0.13962096771409643,461.0,0.2113970588235294,1253.0,0.5753676470588235,1684.0,0.7734375,1934.0,0.8883272058823529,1859.0,0.8538602941176471,0.2113970588235294,WACC_0p1_WRT_0p9,0.6604779411764705,872,False,,,False,False,False,False,False,180.0,0.7617021276595745
SPLL,RialtoBridgeTimelapse,347,0.61,203,0.8,0.5301823672547157,0,79,1129,473,8,0.588,0.33713877819946364,0.3970374253255893,0.39279545428005297,0.3299329944874101,0.020052919783386677,0.12923270878004134,-2.8192817631169373,2.486580303846317,-2.921841313157002,-2.3302840836398757,-3.215787996382892,1.7111958757000287,0.3970374253255893,0.4629066305302631,0.06586920520467382,0.39279545428005297,0.4393255129268876,0.04653005864683463,0.3299329944874101,0.4786349707347195,0.1487019762473094,0.020052919783386677,0.2984464839210715,0.2783935641376848,0.12923270878004134,0.33346343174026316,0.20423072296022182,1787.0,0.8207720588235294,851.0,0.390625,717.0,0.3290441176470588,462.0,0.21185661764705882,482.0,0.22104779411764705,0.21185661764705882,WACC_0p7_WRT_0p3,0.3946691176470588,873,False,,,False,False,False,False,False,79.0,0.33191489361702126
SPLL,RialtoBridgeTimelapse,427,0.36,418,0.175,0.359907408910862,0,180,165,3774,3,0.674,0.512822521350812,0.4842762317780535,0.3485201599607122,0.383536513153945,0.6506406700197194,0.7614692908857023,-2.8192817631169373,2.486580303846317,-2.921841313157002,-2.3302840836398757,-3.215787996382892,1.7111958757000287,0.4842762317780535,0.38507637322563565,0.09919985855241786,0.3485201599607122,0.4485537730891599,0.10003361312844772,0.383536513153945,0.5709247502420212,0.18738823708807617,0.6506406700197194,0.5305565817346973,0.12008408828502204,0.7614692908857023,0.6117157604789799,0.14975353040672235,462.0,0.21185661764705882,983.0,0.45128676470588236,1382.0,0.6346507352941176,2137.0,0.9816176470588235,2146.0,0.9857536764705882,0.21185661764705882,WACC_0p1_WRT_0p9,0.6530330882352942,874,False,,,False,False,False,False,False,180.0,0.7617021276595745
SPLL,RialtoBridgeTimelapse,1561,0.57,223,0.7,0.5080564552831432,0,98,3231,1359,4,0.938,0.29746495379156274,0.39343597918519285,0.36931474803874964,0.26336167132430194,0.11442542663288656,0.22212720909600328,-2.8192817631169373,2.486580303846317,-2.921841313157002,-2.3302840836398757,-3.215787996382892,1.7111958757000287,0.39343597918519285,0.3850816311157735,0.00835434806941937,0.36931474803874964,0.41538939116226065,0.046074643123511005,0.26336167132430194,0.48130326689936387,0.21794159557506193,0.11442542663288656,0.36801375882021575,0.2535883321873292,0.22212720909600328,0.417671314387647,0.1955441052916437,463.0,0.21231617647058823,585.0,0.26838235294117646,728.0,0.33409926470588236,821.0,0.37683823529411764,843.0,0.3869485294117647,0.21231617647058823,WACC_0p1_WRT_0p9,0.3157169117647059,875,False,,,False,False,False,False,False,98.0,0.4127659574468085
SPLL,RialtoBridgeTimelapse,1591,0.56,255,0.6750000000000003,0.4764662877780642,0,120,1889,2197,3,0.814,0.3220766637477199,0.42266836313938466,0.3945698067804566,0.28104041802912405,0.13159608528274488,0.2454810085136975,-2.8192817631169373,2.486580303846317,-2.921841313157002,-2.3302840836398757,-3.215787996382892,1.7111958757000287,0.42266836313938466,0.38524794066516654,0.03742042247421812,0.3945698067804566,0.4269335118781635,0.03236370509770686,0.28104041802912405,0.5087547074097541,0.2277142893806301,0.13159608528274488,0.43236346248534935,0.3007673772026045,0.2454810085136975,0.49120994119312644,0.24572893267942894,464.0,0.21277573529411764,709.0,0.32536764705882354,874.0,0.40119485294117646,1449.0,0.6654411764705882,1377.0,0.6323529411764706,0.21277573529411764,WACC_0p1_WRT_0p9,0.44742647058823526,876,False,,,False,False,False,False,False,120.0,0.5063829787234042
SPLL,RialtoBridgeTimelapse,323,0.61,160,0.8,0.5861833286749027,0,42,5000,815,6,0.999,0.2626705901796425,0.33202427828798897,0.3256591026589336,0.2559395761520728,0.032631010050602836,0.1288665139093928,-2.8192817631169373,2.486580303846317,-2.921841313157002,-2.3302840836398757,-3.215787996382892,1.7111958757000287,0.33202427828798897,0.41813627889043065,0.08611200060244167,0.3256591026589336,0.4173131423853444,0.09165403972641079,0.2559395761520728,0.43354406794475103,0.17760449179267823,0.032631010050602836,0.3173465953682027,0.2847155853175999,0.1288665139093928,0.35697500275093225,0.22810848884153945,922.0,0.42325367647058826,611.0,0.2803308823529412,465.0,0.21323529411764705,547.0,0.2509191176470588,560.0,0.2568933823529412,0.21323529411764705,WACC_0p5_WRT_0p5,0.2849264705882353,877,False,,,False,False,False,False,False,42.0,0.17446808510638298
SPLL,RialtoBridgeTimelapse,1297,0.61,268,0.8,0.4647478051280819,0,124,4574,560,7,0.115,0.4252648608798345,0.47411637040058063,0.47230122314506134,0.41737299527407856,0.056209440741340676,0.13009203123407678,-2.8192817631169373,2.486580303846317,-2.921841313157002,-2.3302840836398757,-3.215787996382892,1.7111958757000287,0.47411637040058063,0.48227742984760075,0.008161059447020114,0.47230122314506134,0.46134686496978294,0.0109543581752784,0.41737299527407856,0.48832541344522523,0.07095241817114667,0.056209440741340676,0.3010642155259058,0.2448547747845651,0.13009203123407678,0.32620642547972567,0.1961143942456489,2006.0,0.9214154411764706,1179.0,0.5413602941176471,761.0,0.3492647058823529,473.0,0.21691176470588236,465.0,0.21323529411764705,0.21323529411764705,WACC_0p9_WRT_0p1,0.4484375,878,False,,,False,False,False,False,False,124.0,0.5234042553191489
SPLL,RialtoBridgeTimelapse,53,0.6,134,0.775,0.6278511569827738,0,22,896,748,10,0.999,0.1915911540001314,0.2779820648840425,0.26475003833536453,0.17830377672628475,0.07004989120493633,0.15255026488541865,-2.8192817631169373,2.486580303846317,-2.921841313157002,-2.3302840836398757,-3.215787996382892,1.7111958757000287,0.2779820648840425,0.41738290943640954,0.13940084455236706,0.26475003833536453,0.40020419932888984,0.1354541609935253,0.17830377672628475,0.4411737868230046,0.26287001009671984,0.07004989120493633,0.3333890637832952,0.26333917257835887,0.15255026488541865,0.3702925326563131,0.21774226777089448,910.0,0.4177389705882353,467.0,0.21415441176470587,501.0,0.22977941176470587,609.0,0.27941176470588236,596.0,0.2734375,0.21415441176470587,WACC_0p3_WRT_0p7,0.2829044117647059,879,False,,,False,False,False,False,False,22.0,0.08936170212765958
SPLL,RialtoBridgeTimelapse,1443,0.59,121,0.75,0.65180524257563,0,14,2331,370,2,0.187,0.14585340160335827,0.24644783211888452,0.22683959382320928,0.1255122769885615,0.10340821513647251,0.1775100414597075,-2.8192817631169373,2.486580303846317,-2.921841313157002,-2.3302840836398757,-3.215787996382892,1.7111958757000287,0.24644783211888452,0.4376424567679471,0.1911946246490626,0.22683959382320928,0.41920570127909507,0.19236610745588578,0.1255122769885615,0.4347019918745014,0.30918971488593994,0.10340821513647251,0.3179765373870067,0.21456832225053418,0.1775100414597075,0.33622524108740875,0.15871519962770125,1317.0,0.6047794117647058,635.0,0.2913602941176471,467.0,0.21415441176470587,549.0,0.25183823529411764,490.0,0.22472426470588236,0.21415441176470587,WACC_0p5_WRT_0p5,0.3173713235294118,880,False,,,False,False,False,False,False,14.0,0.05531914893617021
SPLL,RialtoBridgeTimelapse,1222,0.61,367,0.8,0.390611979597538,0,159,1958,466,8,0.773,0.5262078603416752,0.5625226415633838,0.5634165397586604,0.5174276986135348,0.09739639540523322,0.1314275351151927,-2.8192817631169373,2.486580303846317,-2.921841313157002,-2.3302840836398757,-3.215787996382892,1.7111958757000287,0.5625226415633838,0.44136845750746273,0.1211541840559211,0.5634165397586604,0.42643025192561435,0.136986287833046,0.5174276986135348,0.4516331168241975,0.06579458178933728,0.09739639540523322,0.30046210059091577,0.20306570518568257,0.1314275351151927,0.33420866584111397,0.20278113072592127,1400.0,0.6429227941176471,706.0,0.3239889705882353,566.0,0.25965073529411764,468.0,0.21461397058823528,485.0,0.22242647058823528,0.21461397058823528,WACC_0p7_WRT_0p3,0.3327205882352941,881,False,,,False,False,False,False,False,159.0,0.6723404255319149
SPLL,RialtoBridgeTimelapse,1348,0.38,308,0.2250000000000001,0.4319514597091144,0,147,526,3844,1,0.493,0.49235987460605385,0.41856805416102594,0.28984044698422473,0.3834865520755196,0.6213429311610307,0.7179633767895882,-2.8192817631169373,2.486580303846317,-2.921841313157002,-2.3302840836398757,-3.215787996382892,1.7111958757000287,0.41856805416102594,0.3859232340292489,0.03264482013177705,0.28984044698422473,0.4385349864224986,0.14869453943827388,0.3834865520755196,0.5579041644436178,0.17441761236809816,0.6213429311610307,0.5028358320050327,0.118507099155998,0.7179633767895882,0.5821600336466111,0.13580334314297715,468.0,0.21461397058823528,842.0,0.3864889705882353,1199.0,0.5505514705882353,2047.0,0.9402573529411765,2050.0,0.9416360294117647,0.21461397058823528,WACC_0p1_WRT_0p9,0.6067095588235294,882,False,,,False,False,False,False,False,147.0,0.6212765957446809
SPLL,RialtoBridgeTimelapse,1463,0.56,193,0.6750000000000003,0.5420730526481163,0,75,339,578,10,0.554,0.23894219684043755,0.3508472728667561,0.31992052002770266,0.1977728512738399,0.15069408532959844,0.24734581377316556,-2.8192817631169373,2.486580303846317,-2.921841313157002,-2.3302840836398757,-3.215787996382892,1.7111958757000287,0.3508472728667561,0.4243937407081569,0.07354646784140079,0.31992052002770266,0.40072829625194073,0.08080777622423807,0.1977728512738399,0.47053920559352547,0.27276635431968554,0.15069408532959844,0.35500604557256243,0.204311960242964,0.24734581377316556,0.3910783569392412,0.14373254316607564,1029.0,0.4724264705882353,469.0,0.21507352941176472,670.0,0.30744485294117646,721.0,0.33088235294117646,680.0,0.31204044117647056,0.21507352941176472,WACC_0p3_WRT_0p7,0.32757352941176465,883,False,,,False,False,False,False,False,75.0,0.3148936170212766
SPLL,RialtoBridgeTimelapse,305,0.61,184,0.8,0.5533109095892781,0,61,1510,840,7,0.999,0.3062623804761487,0.37006470552225385,0.3649524410899854,0.2992679894331193,0.023707571659696083,0.12903101853906868,-2.8192817631169373,2.486580303846317,-2.921841313157002,-2.3302840836398757,-3.215787996382892,1.7111958757000287,0.37006470552225385,0.4016837657729467,0.03161906025069283,0.3649524410899854,0.40077264681563973,0.03582020572565431,0.2992679894331193,0.4385595935780867,0.13929160414496744,0.023707571659696083,0.33295923490342466,0.3092516632437286,0.12903101853906868,0.35996176194633633,0.23093074340726766,655.0,0.3005514705882353,470.0,0.21553308823529413,484.0,0.22196691176470587,606.0,0.2780330882352941,570.0,0.2614889705882353,0.21553308823529413,WACC_0p3_WRT_0p7,0.2555147058823529,884,False,,,False,False,False,False,False,61.0,0.2553191489361702
SPLL,RialtoBridgeTimelapse,927,0.47,605,0.45,0.2726091490682447,0,200,4294,4574,3,0.749,0.4435583719215823,0.5998273839261077,0.5322404800330107,0.3395458389684766,0.310483067845525,0.4593471013982788,-2.8192817631169373,2.486580303846317,-2.921841313157002,-2.3302840836398757,-3.215787996382892,1.7111958757000287,0.5998273839261077,0.38602466666704094,0.21380271725906674,0.5322404800330107,0.4659060288702988,0.06633445116271192,0.3395458389684766,0.5884610236975939,0.24891518472911728,0.310483067845525,0.47213946275126956,0.16165639490574457,0.4593471013982788,0.5404891078754375,0.08114200647715869,470.0,0.21553308823529413,1270.0,0.5831801470588235,1659.0,0.7619485294117647,1845.0,0.8474264705882353,1764.0,0.8102022058823529,0.21553308823529413,WACC_0p1_WRT_0p9,0.6436580882352941,885,False,,,False,False,False,False,False,200.0,0.8468085106382979
SPLL,RialtoBridgeTimelapse,527,0.61,240,0.8,0.4907507973506212,0,106,3736,577,1,0.001,0.3901200153751313,0.44336287225809506,0.4405885245711407,0.3825142457659365,0.0418179572696354,0.12970652413399383,-2.8192817631169373,2.486580303846317,-2.921841313157002,-2.3302840836398757,-3.215787996382892,1.7111958757000287,0.44336287225809506,0.4733143416619522,0.029951469403857123,0.4405885245711407,0.45416619210369247,0.01357766753255174,0.3825142457659365,0.4760346130608651,0.09352036729492857,0.0418179572696354,0.306569259260343,0.2647513019907076,0.12970652413399383,0.3292299289598145,0.19952340482582068,1909.0,0.8768382352941176,1055.0,0.484375,699.0,0.32077205882352944,494.0,0.2265625,472.0,0.21645220588235295,0.21645220588235295,WACC_0p9_WRT_0p1,0.425,886,False,,,False,False,False,False,False,106.0,0.44680851063829785
SPLL,RialtoBridgeTimelapse,970,0.43,161,0.3500000000000001,0.5847184643199843,0,50,681,2812,1,0.501,0.4268961125557286,0.2812341070781358,0.17165443394116703,0.360798645589138,0.5384258678849629,0.6060728107691117,-2.8192817631169373,2.486580303846317,-2.921841313157002,-2.3302840836398757,-3.215787996382892,1.7111958757000287,0.2812341070781358,0.3862327295004504,0.10499862242231461,0.17165443394116703,0.4225465204269772,0.2508920864858102,0.360798645589138,0.537792863786486,0.17699421819734806,0.5384258678849629,0.4551707657273468,0.08325510215761611,0.6060728107691117,0.5208546345228765,0.08521817624623518,472.0,0.21645220588235295,659.0,0.3023897058823529,1029.0,0.4724264705882353,1669.0,0.7665441176470589,1616.0,0.7421875,0.21645220588235295,WACC_0p1_WRT_0p9,0.5,887,False,,,False,False,False,False,False,50.0,0.20851063829787234
SPLL,RialtoBridgeTimelapse,1359,0.53,159,0.6000000000000002,0.5876573199694053,0,47,651,1289,2,0.672,0.14131777474567994,0.29231958070042846,0.24247913978482874,0.07741146261303629,0.2470402824611479,0.3269570578826354,-2.8192817631169373,2.486580303846317,-2.921841313157002,-2.3302840836398757,-3.215787996382892,1.7111958757000287,0.29231958070042846,0.3921357201000099,0.09981613939958145,0.24247913978482874,0.4010358533671043,0.15855671358227555,0.07741146261303629,0.47889774674904545,0.4014862841360092,0.2470402824611479,0.3938646415041515,0.14682435904300362,0.3269570578826354,0.44892817541038926,0.12197111752775386,533.0,0.24448529411764705,473.0,0.21691176470588236,718.0,0.32950367647058826,1033.0,0.4742647058823529,1039.0,0.47702205882352944,0.21691176470588236,WACC_0p3_WRT_0p7,0.3484375,888,False,,,False,False,False,False,False,47.0,0.19574468085106383
SPLL,RialtoBridgeTimelapse,154,0.61,214,0.8,0.5177579218307348,0,88,3806,717,10,0.928,0.35378865411724875,0.4115903787874412,0.4078128093054149,0.34646178543119277,0.02690307346040123,0.12936578825363212,-2.8192817631169373,2.486580303846317,-2.921841313157002,-2.3302840836398757,-3.215787996382892,1.7111958757000287,0.4115903787874412,0.45989748935871433,0.048307110571273126,0.4078128093054149,0.449823379650622,0.04201057034520711,0.34646178543119277,0.4779106178958319,0.13144883246463912,0.02690307346040123,0.30540526680698177,0.27850219334658055,0.12936578825363212,0.3297183328271318,0.20035254457349969,1739.0,0.7987132352941176,1000.0,0.45909926470588236,711.0,0.32628676470588236,489.0,0.22426470588235295,473.0,0.21691176470588236,0.21691176470588236,WACC_0p9_WRT_0p1,0.40505514705882356,889,False,,,False,False,False,False,False,88.0,0.3702127659574468
SPLL,RialtoBridgeTimelapse,2097,0.51,318,0.5500000000000002,0.4244165923269534,0,148,1330,3170,6,0.808,0.3127772628494275,0.45495850048674175,0.4021840998377017,0.23644944843489274,0.24921323034813445,0.3666413139255242,-2.8192817631169373,2.486580303846317,-2.921841313157002,-2.3302840836398757,-3.215787996382892,1.7111958757000287,0.45495850048674175,0.38698596948528935,0.0679725310014524,0.4021840998377017,0.45457877420883136,0.05239467437112966,0.23644944843489274,0.5521539818931134,0.31570453345822064,0.24921323034813445,0.4434380028124458,0.19422477246431133,0.3666413139255242,0.5101719078436537,0.14353059391812956,474.0,0.21737132352941177,1063.0,0.4880514705882353,1148.0,0.5271139705882353,1561.0,0.7169117647058824,1521.0,0.6985294117647058,0.21737132352941177,WACC_0p1_WRT_0p9,0.5295955882352941,890,False,,,False,False,False,False,False,148.0,0.625531914893617
SPLL,RialtoBridgeTimelapse,1283,0.49,92,0.5000000000000001,0.7160167520220315,0,11,2489,1418,1,0.416,0.3182015792697245,0.16532936832436615,0.0824079794944742,0.28846942955923516,0.4173858579831129,0.46228145137750914,-2.8192817631169373,2.486580303846317,-2.921841313157002,-2.3302840836398757,-3.215787996382892,1.7111958757000287,0.16532936832436615,0.3870087004480155,0.22167933212364935,0.0824079794944742,0.4032879910260304,0.3208800115315562,0.28846942955923516,0.4858262563234262,0.19735682676419103,0.4173858579831129,0.42047966106335005,0.0030938030802371563,0.46228145137750914,0.4716899618830786,0.009408510505569456,475.0,0.21783088235294118,484.0,0.22196691176470587,747.0,0.3428308823529412,1332.0,0.6116727941176471,1209.0,0.5551470588235294,0.21783088235294118,WACC_0p1_WRT_0p9,0.389889705882353,891,False,,,False,False,False,False,False,11.0,0.0425531914893617
SPLL,RialtoBridgeTimelapse,1444,0.35,403,0.15,0.3685319911119786,0,175,436,4241,7,0.818,0.5488529563858751,0.4749930767220457,0.33258477532496483,0.42225850248830604,0.6836864292424173,0.7912688464316235,-2.8192817631169373,2.486580303846317,-2.921841313157002,-2.3302840836398757,-3.215787996382892,1.7111958757000287,0.4749930767220457,0.387047913502471,0.08794516321957474,0.33258477532496483,0.47436505222962194,0.1417802769046571,0.42225850248830604,0.5765592900225255,0.15430078753421944,0.6836864292424173,0.5297223021065809,0.1539641271358364,0.7912688464316235,0.592721243312442,0.19854760311918151,476.0,0.2182904411764706,1442.0,0.6622242647058824,1474.0,0.6769301470588235,2134.0,0.9802389705882353,2093.0,0.9613970588235294,0.2182904411764706,WACC_0p1_WRT_0p9,0.6998161764705882,892,False,,,False,False,False,False,False,175.0,0.7404255319148936
SPLL,RialtoBridgeTimelapse,1581,0.61,467,0.8,0.3337428526619463,0,176,4020,670,5,0.765,0.6042468836583587,0.6309246292946601,0.6338795999617951,0.594731770244211,0.1291306630523851,0.13262530882235837,-2.8192817631169373,2.486580303846317,-2.921841313157002,-2.3302840836398757,-3.215787996382892,1.7111958757000287,0.6309246292946601,0.45470285766473373,0.17622177162992636,0.6338795999617951,0.44723678235866043,0.18664281760313467,0.594731770244211,0.45504724184006484,0.13968452840414614,0.1291306630523851,0.3048699503199502,0.17573928726756508,0.13262530882235837,0.3305851284489871,0.1979598196266287,1662.0,0.7633272058823529,966.0,0.44347426470588236,581.0,0.2665441176470588,486.0,0.22288602941176472,477.0,0.21875,0.21875,WACC_0p9_WRT_0p1,0.38299632352941176,893,False,,,False,False,False,False,False,176.0,0.7446808510638298
SPLL,RialtoBridgeTimelapse,976,0.62,225,0.8250000000000001,0.505953553992776,0,84,4266,680,6,0.191,0.38919337995931164,0.43507420304010214,0.4367918655536863,0.3881369743415135,0.05600705584425751,0.10726668692754233,-2.8192817631169373,2.486580303846317,-2.921841313157002,-2.3302840836398757,-3.215787996382892,1.7111958757000287,0.43507420304010214,0.47480950054166793,0.03973529750156579,0.4367918655536863,0.4443200475833215,0.007528182029635178,0.3881369743415135,0.4586146946685509,0.07047772032703742,0.05600705584425751,0.3029704776317093,0.2469634217874518,0.10726668692754233,0.35896623131367716,0.25169954438613484,1934.0,0.8883272058823529,927.0,0.4255514705882353,605.0,0.2775735294117647,477.0,0.21875,567.0,0.2601102941176471,0.21875,WACC_0p7_WRT_0p3,0.4140625,894,False,,,False,False,False,False,False,84.0,0.35319148936170214
SPLL,RialtoBridgeTimelapse,1839,0.49,537,0.5000000000000001,0.3007666235557963,0,188,4006,4064,8,0.93,0.43767628429587996,0.578537829181713,0.5205419263021485,0.3478335244751123,0.265417686718807,0.4108634339273375,-2.8192817631169373,2.486580303846317,-2.921841313157002,-2.3302840836398757,-3.215787996382892,1.7111958757000287,0.578537829181713,0.3870841937260073,0.19145363545570576,0.5205419263021485,0.4770075855781164,0.04353434072403206,0.3478335244751123,0.5853163723566416,0.2374828478815293,0.265417686718807,0.4579837684264442,0.19256608170763723,0.4108634339273375,0.5190350443994792,0.10817161047214174,477.0,0.21875,1501.0,0.6893382352941176,1603.0,0.7362132352941176,1697.0,0.7794117647058824,1602.0,0.7357536764705882,0.21875,WACC_0p1_WRT_0p9,0.6318933823529412,895,False,,,False,False,False,False,False,188.0,0.7957446808510639
SPLL,RialtoBridgeTimelapse,232,0.59,152,0.75,0.5982407067832671,0,37,5000,1340,4,0.999,0.21366190631711712,0.30501172261666426,0.2877204928671644,0.19344410744827023,0.08778263175046214,0.1759383983408601,-2.8192817631169373,2.486580303846317,-2.921841313157002,-2.3302840836398757,-3.215787996382892,1.7111958757000287,0.30501172261666426,0.3871535692268316,0.08214184661016732,0.2877204928671644,0.4178502204008769,0.1301297275337125,0.19344410744827023,0.4657341482354977,0.27229004078722746,0.08778263175046214,0.34461225258407846,0.2568296208336163,0.1759383983408601,0.39292057284691234,0.21698217450605223,478.0,0.2192095588235294,616.0,0.28262867647058826,640.0,0.2936580882352941,669.0,0.3069852941176471,690.0,0.3166360294117647,0.2192095588235294,WACC_0p1_WRT_0p9,0.2838235294117647,896,False,,,False,False,False,False,False,37.0,0.15319148936170213
SPLL,RialtoBridgeTimelapse,1087,0.61,165,0.8,0.5789480602618828,0,47,624,471,10,0.244,0.272233506162844,0.3403647809198007,0.3342772328840608,0.26544872709680223,0.030660300337268204,0.1288888424540176,-2.8192817631169373,2.486580303846317,-2.921841313157002,-2.3302840836398757,-3.215787996382892,1.7111958757000287,0.3403647809198007,0.4363681032154862,0.09600332229568548,0.3342772328840608,0.4019350881263472,0.0676578552422864,0.26544872709680223,0.4561546166133268,0.19070588951652456,0.030660300337268204,0.31035732094200275,0.27969702060473456,0.1288888424540176,0.3403056181649966,0.211416775710979,1285.0,0.5900735294117647,478.0,0.2192095588235294,588.0,0.2697610294117647,515.0,0.23621323529411764,497.0,0.22794117647058823,0.2192095588235294,WACC_0p3_WRT_0p7,0.308639705882353,897,False,,,False,False,False,False,False,47.0,0.19574468085106383
SPLL,RialtoBridgeTimelapse,121,0.59,128,0.75,0.6386064107402307,0,19,668,535,4,0.315,0.16243005421873516,0.26073098772194636,0.24170942893932892,0.14214841412101126,0.0994923087816147,0.17702525025067903,-2.8192817631169373,2.486580303846317,-2.921841313157002,-2.3302840836398757,-3.215787996382892,1.7111958757000287,0.26073098772194636,0.42766025819800824,0.16692927047606188,0.24170942893932892,0.402800024892175,0.16109059595284606,0.14214841412101126,0.44134732921419595,0.2991989150931847,0.0994923087816147,0.3194448479060524,0.21995253912443768,0.17702525025067903,0.3729934896156089,0.19596823936492988,1094.0,0.5022977941176471,480.0,0.22012867647058823,504.0,0.23115808823529413,556.0,0.25505514705882354,605.0,0.2775735294117647,0.22012867647058823,WACC_0p3_WRT_0p7,0.29724264705882353,898,False,,,False,False,False,False,False,19.0,0.07659574468085106
SPLL,RialtoBridgeTimelapse,205,0.61,209,0.8,0.5233246454307502,0,85,4260,665,7,0.723,0.3463235071531204,0.40506476046849027,0.401079363470635,0.3390514955946886,0.02383299845240243,0.12930417522988433,-2.8192817631169373,2.486580303846317,-2.921841313157002,-2.3302840836398757,-3.215787996382892,1.7111958757000287,0.40506476046849027,0.45389994322268296,0.048835182754192685,0.401079363470635,0.4511725268137889,0.05009316334315389,0.3390514955946886,0.47388485762898114,0.13483336203429253,0.02383299845240243,0.3030364484000113,0.2792034499476089,0.12930417522988433,0.350076294946053,0.2207721197161687,1647.0,0.7564338235294118,1017.0,0.46691176470588236,686.0,0.3147977941176471,480.0,0.22012867647058823,532.0,0.24402573529411764,0.22012867647058823,WACC_0p7_WRT_0p3,0.40045955882352946,899,False,,,False,False,False,False,False,85.0,0.3574468085106383
SPLL,RialtoBridgeTimelapse,1862,0.5,213,0.5250000000000001,0.518860836823448,0,92,1111,2157,7,0.924,0.18432831188050003,0.35401568567770586,0.2908147929524125,0.09902368968513454,0.3074341077086979,0.3995958896287174,-2.8192817631169373,2.486580303846317,-2.921841313157002,-2.3302840836398757,-3.215787996382892,1.7111958757000287,0.35401568567770586,0.3873793290113569,0.03336364333365105,0.2908147929524125,0.45002504613549915,0.15921025318308663,0.09902368968513454,0.5353143382655683,0.43629064858043376,0.3074341077086979,0.421157394499245,0.1137232867905471,0.3995958896287174,0.4820512068045764,0.08245531717585902,480.0,0.22012867647058823,1004.0,0.4609375,1011.0,0.4641544117647059,1341.0,0.6158088235294118,1294.0,0.5942095588235294,0.22012867647058823,WACC_0p1_WRT_0p9,0.4710477941176471,900,False,,,False,False,False,False,False,92.0,0.3872340425531915
SPLL,RialtoBridgeTimelapse,203,0.61,240,0.8,0.4907507973506212,0,106,5000,678,1,0.001,0.3901200153751313,0.44336287225809506,0.4405885245711407,0.3825142457659365,0.0418179572696354,0.12970652413399383,-2.8192817631169373,2.486580303846317,-2.921841313157002,-2.3302840836398757,-3.215787996382892,1.7111958757000287,0.44336287225809506,0.5161621106273638,0.07279923836926877,0.4405885245711407,0.47361092891379136,0.033022404342650635,0.3825142457659365,0.4577816569948349,0.0752674112288984,0.0418179572696354,0.3032883445024512,0.2614703872328158,0.12970652413399383,0.3404841472999436,0.21077762316594975,2141.0,0.9834558823529411,1425.0,0.6544117647058824,601.0,0.2757352941176471,481.0,0.22058823529411764,500.0,0.22931985294117646,0.22058823529411764,WACC_0p7_WRT_0p3,0.472702205882353,901,False,,,False,False,False,False,False,106.0,0.44680851063829785
SPLL,RialtoBridgeTimelapse,464,0.61,232,0.8,0.4987372042515428,0,102,3186,602,10,0.465,0.3793573024585499,0.43394845257409226,0.4308782507152381,0.3718360911049186,0.0374039232501111,0.12959894292062374,-2.8192817631169373,2.486580303846317,-2.921841313157002,-2.3302840836398757,-3.215787996382892,1.7111958757000287,0.43394845257409226,0.47743996757118584,0.04349151499709358,0.4308782507152381,0.4632494752317944,0.032371224516556274,0.3718360911049186,0.4905482171505325,0.11871212604561387,0.0374039232501111,0.30403149844684774,0.26662757519673663,0.12959894292062374,0.3635958926895768,0.23399694976895308,1964.0,0.9021139705882353,1206.0,0.5537683823529411,776.0,0.3561580882352941,482.0,0.22104779411764705,582.0,0.26700367647058826,0.22104779411764705,WACC_0p7_WRT_0p3,0.46001838235294124,902,False,,,False,False,False,False,False,102.0,0.4297872340425532
SPLL,RialtoBridgeTimelapse,758,0.59,142,0.75,0.6142315786458887,0,28,1198,1037,2,0.614,0.19327392424087472,0.28736770755897906,0.26940133525739324,0.173050198600589,0.09237879210106463,0.17630412925360975,-2.8192817631169373,2.486580303846317,-2.921841313157002,-2.3302840836398757,-3.215787996382892,1.7111958757000287,0.28736770755897906,0.4052986135180619,0.11793090595908284,0.26940133525739324,0.4032795655094103,0.13387823025201706,0.173050198600589,0.46315116783575955,0.29010096923517054,0.09237879210106463,0.3636208991393655,0.2712421070383009,0.17630412925360975,0.407667612481044,0.23136348322743425,710.0,0.3258272058823529,483.0,0.22150735294117646,630.0,0.2890625,786.0,0.36075367647058826,777.0,0.35661764705882354,0.22150735294117646,WACC_0p3_WRT_0p7,0.31075367647058827,903,False,,,False,False,False,False,False,28.0,0.1148936170212766
SPLL,RialtoBridgeTimelapse,1109,0.47,336,0.45,0.4114305671426452,0,157,3651,3582,8,0.925,0.2736500172703692,0.4548381571676563,0.38038543056731283,0.16779329762610232,0.3546617149672974,0.4685487498474716,-2.8192817631169373,2.486580303846317,-2.921841313157002,-2.3302840836398757,-3.215787996382892,1.7111958757000287,0.4548381571676563,0.387652372553844,0.0671857846138123,0.38038543056731283,0.4588653559814161,0.07847992541410326,0.16779329762610232,0.5710953013607342,0.4033020037346319,0.3546617149672974,0.431216271660706,0.07655455669340855,0.4685487498474716,0.5014482548493899,0.03289950500191835,483.0,0.22150735294117646,1131.0,0.5193014705882353,1388.0,0.6374080882352942,1437.0,0.6599264705882353,1443.0,0.6626838235294118,0.22150735294117646,WACC_0p1_WRT_0p9,0.5401654411764706,904,False,,,False,False,False,False,False,157.0,0.6638297872340425
SPLL,RialtoBridgeTimelapse,1151,0.61,187,0.8,0.5495053341654337,0,64,4291,623,9,0.541,0.3113317389049295,0.37449169224803497,0.36952319465867495,0.3043039154021666,0.022679029745857854,0.1290597627595517,-2.8192817631169373,2.486580303846317,-2.921841313157002,-2.3302840836398757,-3.215787996382892,1.7111958757000287,0.37449169224803497,0.5004476412384881,0.1259559489904531,0.36952319465867495,0.4745004847045579,0.10497729004588296,0.3043039154021666,0.4851445529444567,0.18084063754229007,0.022679029745857854,0.30421641442677855,0.2815373846809207,0.1290597627595517,0.34804643450411227,0.21898667174456057,2104.0,0.9664522058823529,1446.0,0.6640625,741.0,0.3400735294117647,484.0,0.22196691176470587,523.0,0.23988970588235295,0.22196691176470587,WACC_0p7_WRT_0p3,0.48648897058823526,905,False,,,False,False,False,False,False,64.0,0.2680851063829787
SPLL,RialtoBridgeTimelapse,162,0.61,294,0.8,0.4429204698284852,0,136,1153,532,6,0.001,0.4548779723881407,0.500041205032833,0.49902710489702923,0.4467346483531496,0.0683125852137815,0.1304524957058682,-2.8192817631169373,2.486580303846317,-2.921841313157002,-2.3302840836398757,-3.215787996382892,1.7111958757000287,0.500041205032833,0.4639035405310001,0.03613766450183292,0.49902710489702923,0.42678189965537466,0.07224520524165456,0.4467346483531496,0.43873146814831687,0.008003180204832705,0.0683125852137815,0.318048965644376,0.2497363804305945,0.1304524957058682,0.3470685912420823,0.21661609553621408,1798.0,0.8258272058823529,708.0,0.3249080882352941,485.0,0.22242647058823528,551.0,0.25275735294117646,519.0,0.23805147058823528,0.22242647058823528,WACC_0p5_WRT_0p5,0.3727941176470588,906,False,,,False,False,False,False,False,136.0,0.574468085106383
SPLL,RialtoBridgeTimelapse,705,0.62,269,0.8250000000000001,0.4638699754104882,0,112,3412,427,8,0.092,0.4466204355156509,0.4853812429272113,0.4886327262094079,0.4450479988718898,0.07941478093070267,0.10806306109670116,-2.8192817631169373,2.486580303846317,-2.921841313157002,-2.3302840836398757,-3.215787996382892,1.7111958757000287,0.4853812429272113,0.4858266156555568,0.00044537272834549446,0.4886327262094079,0.44819229321178483,0.040440432997623066,0.4450479988718898,0.492265223861242,0.04721722498935221,0.07941478093070267,0.3048679728003887,0.22545319186968601,0.10806306109670116,0.33993149232115627,0.2318684312244551,2035.0,0.9347426470588235,980.0,0.4499080882352941,783.0,0.359375,485.0,0.22242647058823528,496.0,0.22748161764705882,0.22242647058823528,WACC_0p7_WRT_0p3,0.43878676470588235,907,False,,,False,False,False,False,False,112.0,0.4723404255319149
SPLL,RialtoBridgeTimelapse,980,0.42,162,0.325,0.5832626145720154,0,52,295,2184,4,0.788,0.4579059579969057,0.2820474917628097,0.1663394048078615,0.39140383200425516,0.5681728852803097,0.6350167059098369,-2.8192817631169373,2.486580303846317,-2.921841313157002,-2.3302840836398757,-3.215787996382892,1.7111958757000287,0.2820474917628097,0.3877916031626188,0.1057441113998091,0.1663394048078615,0.44817301439353646,0.28183360958567494,0.39140383200425516,0.5485465277414429,0.1571426957371877,0.5681728852803097,0.47551730696493405,0.09265557831537569,0.6350167059098369,0.5459502661199342,0.0890664397899027,485.0,0.22242647058823528,979.0,0.4494485294117647,1107.0,0.5082720588235294,1869.0,0.8584558823529411,1796.0,0.8249080882352942,0.22242647058823528,WACC_0p1_WRT_0p9,0.5727022058823529,908,False,,,False,False,False,False,False,52.0,0.2170212765957447
SPLL,RialtoBridgeTimelapse,1247,0.52,111,0.5750000000000002,0.6720376368554289,0,13,938,1929,1,0.169,0.19615627971960634,0.20774949935663134,0.1468584864667374,0.15391436340034984,0.307078746804929,0.36545218609876123,-2.8192817631169373,2.486580303846317,-2.921841313157002,-2.3302840836398757,-3.215787996382892,1.7111958757000287,0.20774949935663134,0.38790747304046885,0.1801579736838375,0.1468584864667374,0.4238022863016916,0.2769437998349542,0.15391436340034984,0.521944415155263,0.3680300517549132,0.307078746804929,0.4262397451216253,0.1191609983166963,0.36545218609876123,0.5037034991662631,0.13825131306750188,486.0,0.22288602941176472,675.0,0.30974264705882354,936.0,0.4296875,1388.0,0.6374080882352942,1458.0,0.6695772058823529,0.22288602941176472,WACC_0p1_WRT_0p9,0.4538602941176471,909,False,,,False,False,False,False,False,13.0,0.05106382978723404
SPLL,RialtoBridgeTimelapse,894,0.6,200,0.775,0.5336872437661941,0,77,5000,1516,5,0.999,0.31432073279821027,0.38473469269925725,0.37524006111600705,0.3005958257740065,0.04393145399629859,0.15197113971215198,-2.8192817631169373,2.486580303846317,-2.921841313157002,-2.3302840836398757,-3.215787996382892,1.7111958757000287,0.38473469269925725,0.3880876641979952,0.0033529714987379222,0.37524006111600705,0.4310264054755979,0.055786344359590845,0.3005958257740065,0.4802309107870055,0.17963508501299902,0.04393145399629859,0.35400354518099403,0.3100720911846954,0.15197113971215198,0.40120543155654803,0.24923429184439605,487.0,0.22334558823529413,767.0,0.35202205882352944,723.0,0.3318014705882353,712.0,0.32674632352941174,739.0,0.3391544117647059,0.22334558823529413,WACC_0p1_WRT_0p9,0.31461397058823526,910,False,,,False,False,False,False,False,77.0,0.32340425531914896
SPLL,RialtoBridgeTimelapse,1641,0.61,246,0.8,0.4849330901506568,0,111,3452,654,9,0.615,0.3979697021530372,0.4502302769369172,0.4476710533805341,0.3903013130392067,0.04503518230081001,0.12978823688799457,-2.8192817631169373,2.486580303846317,-2.921841313157002,-2.3302840836398757,-3.215787996382892,1.7111958757000287,0.4502302769369172,0.47589771907067624,0.025667442133759044,0.4476710533805341,0.4407752620429524,0.006895791337581669,0.3903013130392067,0.4759345819640896,0.08563326892488293,0.04503518230081001,0.3049377703774429,0.2599025880766329,0.12978823688799457,0.34468430039060477,0.2148960635026102,1947.0,0.8943014705882353,875.0,0.4016544117647059,698.0,0.3203125,487.0,0.22334558823529413,510.0,0.2339154411764706,0.22334558823529413,WACC_0p7_WRT_0p3,0.4147058823529412,911,False,,,False,False,False,False,False,111.0,0.46808510638297873
SPLL,RialtoBridgeTimelapse,1043,0.37,514,0.2,0.3111029707996184,0,195,663,4368,4,0.643,0.4547920565416688,0.5325691190293977,0.4060002542744105,0.31086459459852533,0.6023636309946954,0.7259605512455377,-2.8192817631169373,2.486580303846317,-2.921841313157002,-2.3302840836398757,-3.215787996382892,1.7111958757000287,0.5325691190293977,0.38835611658609304,0.1442130024433047,0.4060002542744105,0.4716718060880252,0.06567155181361473,0.31086459459852533,0.585476628325065,0.27461203372653964,0.6023636309946954,0.5084265312690148,0.09393709972568054,0.7259605512455377,0.5819266954317734,0.14403385581376427,489.0,0.22426470588235295,1384.0,0.6355698529411765,1609.0,0.7389705882352942,2073.0,0.9522058823529411,2048.0,0.9407169117647058,0.22426470588235295,WACC_0p1_WRT_0p9,0.698345588235294,912,False,,,False,False,False,False,False,195.0,0.825531914893617
SPLL,RialtoBridgeTimelapse,161,0.62,244,0.8250000000000001,0.4868564734072778,0,96,1556,656,6,0.262,0.41520999949735976,0.45786117289000217,0.4602761390465829,0.41392332427525186,0.0666194580473301,0.10761543335281223,-2.8192817631169373,2.486580303846317,-2.921841313157002,-2.3302840836398757,-3.215787996382892,1.7111958757000287,0.45786117289000217,0.46219530706975054,0.004334134179748372,0.4602761390465829,0.41144427912702425,0.04883185991955863,0.41392332427525186,0.4396698174007317,0.02574649312547983,0.0666194580473301,0.32360756964173404,0.25698811159440393,0.10761543335281223,0.3626237960906645,0.2550083627378522,1773.0,0.8143382352941176,556.0,0.25505514705882354,490.0,0.22472426470588236,573.0,0.26286764705882354,580.0,0.26608455882352944,0.22472426470588236,WACC_0p5_WRT_0p5,0.3646139705882353,913,False,,,False,False,False,False,False,96.0,0.40425531914893614
SPLL,RialtoBridgeTimelapse,1282,0.47,807,0.45,0.2045508095396933,0,215,4132,4627,9,0.942,0.5287167771683181,0.6731140513346748,0.6085951153681665,0.42508810278848386,0.2901098503068259,0.4565882407153649,-2.8192817631169373,2.486580303846317,-2.921841313157002,-2.3302840836398757,-3.215787996382892,1.7111958757000287,0.6731140513346748,0.38839070635583334,0.2847233449788415,0.6085951153681665,0.479985930138863,0.12860918522930348,0.42508810278848386,0.5730042907617126,0.1479161879732287,0.2901098503068259,0.47424067059146685,0.18413082028464095,0.4565882407153649,0.549883846462018,0.09329560574665313,490.0,0.22472426470588236,1567.0,0.7196691176470589,1421.0,0.6525735294117647,1859.0,0.8538602941176471,1840.0,0.8451286764705882,0.22472426470588236,WACC_0p1_WRT_0p9,0.6591911764705883,914,False,,,False,False,False,False,False,215.0,0.9106382978723404
SPLL,RialtoBridgeTimelapse,702,0.61,256,0.8,0.4755439675554405,0,116,4774,656,10,0.608,0.4106546845610942,0.46132973098669994,0.45911704215636645,0.40288350615225943,0.05023061564489264,0.12992575932782707,-2.8192817631169373,2.486580303846317,-2.921841313157002,-2.3302840836398757,-3.215787996382892,1.7111958757000287,0.46132973098669994,0.48757878504078556,0.02624905405408562,0.45911704215636645,0.4591782776042415,6.123544787506319e-05,0.40288350615225943,0.4764504845008878,0.07356697834862835,0.05023061564489264,0.3060760077614988,0.2558453921166062,0.12992575932782707,0.34065303038993,0.21072727106210293,2049.0,0.9411764705882353,1140.0,0.5234375,703.0,0.3226102941176471,491.0,0.22518382352941177,502.0,0.23023897058823528,0.22518382352941177,WACC_0p7_WRT_0p3,0.4485294117647058,915,False,,,False,False,False,False,False,116.0,0.48936170212765956
SPLL,RialtoBridgeTimelapse,884,0.61,191,0.8,0.5445246273066155,0,68,2870,508,10,0.114,0.3179731918044999,0.38029246246456544,0.3755117729234745,0.3109007810122825,0.021334095302428954,0.12910011890693882,-2.8192817631169373,2.486580303846317,-2.921841313157002,-2.3302840836398757,-3.215787996382892,1.7111958757000287,0.38029246246456544,0.47573636327747626,0.09544390081291082,0.3755117729234745,0.4387542081758641,0.0632424352523896,0.3109007810122825,0.4686310857598532,0.15773030474757066,0.021334095302428954,0.3062748680460255,0.2849407727435965,0.12910011890693882,0.3449900920069639,0.21588997310002508,1946.0,0.8938419117647058,845.0,0.38786764705882354,659.0,0.3023897058823529,492.0,0.22564338235294118,513.0,0.23529411764705882,0.22564338235294118,WACC_0p7_WRT_0p3,0.40900735294117646,916,False,,,False,False,False,False,False,68.0,0.2851063829787234
SPLL,RialtoBridgeTimelapse,1075,0.48,348,0.475,0.4031530520830559,0,158,1602,3908,3,0.733,0.29710775728132743,0.4663750926158103,0.39799324899849686,0.1989245953113494,0.32427588314543665,0.4418413194603765,-2.8192817631169373,2.486580303846317,-2.921841313157002,-2.3302840836398757,-3.215787996382892,1.7111958757000287,0.4663750926158103,0.3884706241929758,0.0779044684228345,0.39799324899849686,0.45212031969746863,0.05412707069897177,0.1989245953113494,0.5685070074481797,0.3695824121368303,0.32427588314543665,0.48026027578585057,0.15598439264041392,0.4418413194603765,0.548234830618729,0.1063935111583525,492.0,0.22564338235294118,1032.0,0.47380514705882354,1348.0,0.6190257352941176,1913.0,0.8786764705882353,1820.0,0.8359375,0.22564338235294118,WACC_0p1_WRT_0p9,0.6066176470588236,917,False,,,False,False,False,False,False,158.0,0.6680851063829787
SPLL,RialtoBridgeTimelapse,796,0.59,112,0.75,0.6699347355650616,0,10,281,394,9,0.502,0.12323659625712916,0.2270032117523825,0.2065685512825403,0.1027767032341885,0.1088741043035045,0.17830042825085868,-2.8192817631169373,2.486580303846317,-2.921841313157002,-2.3302840836398757,-3.215787996382892,1.7111958757000287,0.2270032117523825,0.42240062976258635,0.19539741801020385,0.2065685512825403,0.41314085847998283,0.20657230719744252,0.1027767032341885,0.45009062657007887,0.3473139233358904,0.1088741043035045,0.30898363430496056,0.20010953000145607,0.17830042825085868,0.3377135349900404,0.15941310673918174,988.0,0.45358455882352944,569.0,0.2610294117647059,555.0,0.2545955882352941,503.0,0.23069852941176472,493.0,0.2261029411764706,0.2261029411764706,WACC_0p9_WRT_0p1,0.28520220588235295,918,False,,,False,False,False,False,False,10.0,0.03829787234042553
SPLL,RialtoBridgeTimelapse,1606,0.55,388,0.6500000000000002,0.3774829264990684,0,165,4356,2543,6,0.947,0.43341732564203334,0.5271319123763764,0.49782241466123983,0.3853203699253056,0.12971574334648123,0.2678034595023451,-2.8192817631169373,2.486580303846317,-2.921841313157002,-2.3302840836398757,-3.215787996382892,1.7111958757000287,0.5271319123763764,0.38866526245505045,0.1384666499213259,0.49782241466123983,0.458375239240371,0.03944717542086884,0.3853203699253056,0.5267550343883372,0.14143466446303155,0.12971574334648123,0.4001233500293223,0.2704076066828411,0.2678034595023451,0.4448815565087875,0.17707809700644245,494.0,0.2265625,1123.0,0.515625,967.0,0.44393382352941174,1093.0,0.5018382352941176,1013.0,0.4650735294117647,0.2265625,WACC_0p1_WRT_0p9,0.4306066176470589,919,False,,,False,False,False,False,False,165.0,0.6978723404255319
SPLL,RialtoBridgeTimelapse,1593,0.61,217,0.8,0.514479696108121,0,91,3386,624,5,0.71,0.3581887418569601,0.41543716621889293,0.41178180740498693,0.3508291245342314,0.028711705250937875,0.1294035265583282,-2.8192817631169373,2.486580303846317,-2.921841313157002,-2.3302840836398757,-3.215787996382892,1.7111958757000287,0.41543716621889293,0.4474226740250418,0.031985507806148894,0.41178180740498693,0.44684763081211487,0.03506582340712794,0.3508291245342314,0.4603062624389264,0.10947713790469504,0.028711705250937875,0.307603439547861,0.27889173429692315,0.1294035265583282,0.34354838788734465,0.21414486132901644,1528.0,0.7017463235294118,964.0,0.44255514705882354,612.0,0.28079044117647056,497.0,0.22794117647058823,508.0,0.23299632352941177,0.22794117647058823,WACC_0p7_WRT_0p3,0.37720588235294117,920,False,,,False,False,False,False,False,91.0,0.3829787234042553
SPLL,RialtoBridgeTimelapse,300,0.57,148,0.7,0.6045079564015148,0,34,1609,1857,8,0.999,0.17563688213121445,0.28829348793524046,0.25996334093492085,0.14124531645675126,0.14271749362638902,0.22517962624352675,-2.8192817631169373,2.486580303846317,-2.921841313157002,-2.3302840836398757,-3.215787996382892,1.7111958757000287,0.28829348793524046,0.38903346029370367,0.10073997235846321,0.25996334093492085,0.43795840151530174,0.1779950605803809,0.14124531645675126,0.5050294982824678,0.36378418182571653,0.14271749362638902,0.4037772614803584,0.2610597678539694,0.22517962624352675,0.4602609310237429,0.23508130478021613,498.0,0.22840073529411764,835.0,0.38327205882352944,847.0,0.38878676470588236,1142.0,0.5243566176470589,1132.0,0.5197610294117647,0.22840073529411764,WACC_0p1_WRT_0p9,0.40891544117647066,921,False,,,False,False,False,False,False,34.0,0.14042553191489363
SPLL,RialtoBridgeTimelapse,233,0.61,279,0.8,0.4552663059021987,0,128,5000,748,5,0.001,0.43811645476850153,0.48536608788273566,0.4838993223143662,0.4301165330337674,0.06146439121073817,0.13024478914599835,-2.8192817631169373,2.486580303846317,-2.921841313157002,-2.3302840836398757,-3.215787996382892,1.7111958757000287,0.48536608788273566,0.5108377294702623,0.025471641587526628,0.4838993223143662,0.4869213082836608,0.003021985969294594,0.4301165330337674,0.5026300306912279,0.07251349765746051,0.06146439121073817,0.30900747924107524,0.2475430880303371,0.13024478914599835,0.34030866246220304,0.21006387331620469,2130.0,0.9784007352941176,1736.0,0.7973345588235294,829.0,0.3805147058823529,505.0,0.23161764705882354,498.0,0.22840073529411764,0.22840073529411764,WACC_0p9_WRT_0p1,0.5232536764705882,922,False,,,False,False,False,False,False,128.0,0.5404255319148936
SPLL,RialtoBridgeTimelapse,1019,0.37,87,0.2,0.7290905112468236,0,10,26,879,10,0.373,0.7284915764194837,0.15644007534228294,0.1233141734895683,0.6994799229213877,0.808052114690821,0.8378776386399189,-2.8192817631169373,2.486580303846317,-2.921841313157002,-2.3302840836398757,-3.215787996382892,1.7111958757000287,0.15644007534228294,0.416975081270788,0.26053500592850504,0.1233141734895683,0.4052522803799565,0.2819381068903882,0.6994799229213877,0.5120270256498052,0.18745289727158254,0.808052114690821,0.4269528378225983,0.38109927686822276,0.8378776386399189,0.47955089129683814,0.3583267473430808,905.0,0.41544117647058826,499.0,0.22886029411764705,894.0,0.4103860294117647,1393.0,0.6397058823529411,1268.0,0.5822610294117647,0.22886029411764705,WACC_0p3_WRT_0p7,0.4553308823529411,923,False,,,False,False,False,False,False,10.0,0.03829787234042553
SPLL,RialtoBridgeTimelapse,1546,0.51,231,0.5500000000000002,0.4997547320027651,0,106,3173,2522,2,0.672,0.22056886172660933,0.37626525591590526,0.31976983880325155,0.14324750179601017,0.2731649089968398,0.3716100232142965,-2.8192817631169373,2.486580303846317,-2.921841313157002,-2.3302840836398757,-3.215787996382892,1.7111958757000287,0.37626525591590526,0.3894032483282416,0.013137992412336319,0.31976983880325155,0.4441541221603627,0.12438428335711116,0.14324750179601017,0.5514876724430752,0.40824017064706497,0.2731649089968398,0.4236246752028784,0.15045976620603857,0.3716100232142965,0.482994497490432,0.11138447427613551,500.0,0.22931985294117646,925.0,0.42463235294117646,1141.0,0.5238970588235294,1357.0,0.6231617647058824,1297.0,0.5955882352941176,0.22931985294117646,WACC_0p1_WRT_0p9,0.47931985294117646,924,False,,,False,False,False,False,False,106.0,0.44680851063829785
SPLL,RialtoBridgeTimelapse,734,0.6,151,0.775,0.5997920227515918,0,35,4502,1156,3,0.947,0.22778980621701167,0.30940032193133593,0.2973117355071017,0.21443291362878233,0.062151466980390556,0.15217533723882884,-2.8192817631169373,2.486580303846317,-2.921841313157002,-2.3302840836398757,-3.215787996382892,1.7111958757000287,0.30940032193133593,0.39799501725441294,0.08859469532307701,0.2973117355071017,0.40540470597312983,0.10809297046602812,0.21443291362878233,0.4603003777064631,0.24586746407768076,0.062151466980390556,0.3309699116529388,0.2688184446725483,0.15217533723882884,0.38522629532185365,0.2330509580830248,607.0,0.27849264705882354,501.0,0.22977941176470587,611.0,0.2803308823529412,600.0,0.27527573529411764,654.0,0.3000919117647059,0.22977941176470587,WACC_0p3_WRT_0p7,0.27279411764705885,925,False,,,False,False,False,False,False,35.0,0.14468085106382977
SPLL,RialtoBridgeTimelapse,678,0.5,134,0.5250000000000001,0.6278511569827738,0,26,1286,2989,5,0.828,0.23278547956680887,0.24722329145622404,0.17732965127790568,0.178160513169747,0.34792981327280664,0.4140640845853662,-2.8192817631169373,2.486580303846317,-2.921841313157002,-2.3302840836398757,-3.215787996382892,1.7111958757000287,0.24722329145622404,0.3894884032701219,0.14226511181389787,0.17732965127790568,0.45367887617544134,0.27634922489753566,0.178160513169747,0.5579344136256499,0.37977390045590287,0.34792981327280664,0.4384544009580249,0.09052458768521826,0.4140640845853662,0.5006432809038822,0.08657919631851602,501.0,0.22977941176470587,1047.0,0.4806985294117647,1200.0,0.5510110294117647,1510.0,0.6934742647058824,1434.0,0.6585477941176471,0.22977941176470587,WACC_0p1_WRT_0p9,0.5227022058823529,926,False,,,False,False,False,False,False,26.0,0.10638297872340426
SPLL,RialtoBridgeTimelapse,435,0.42,110,0.325,0.674159398498774,0,17,2054,794,1,0.149,0.5186141901079002,0.20153218164405312,0.07758650163896091,0.47670081445838997,0.6142279194860356,0.6609312955237189,-2.8192817631169373,2.486580303846317,-2.921841313157002,-2.3302840836398757,-3.215787996382892,1.7111958757000287,0.20153218164405312,0.42342215966410357,0.22188997802005045,0.07758650163896091,0.4054684784427546,0.32788197680379366,0.47670081445838997,0.45438491633747674,0.022315898120913225,0.6142279194860356,0.38926834322847,0.22495957625756563,0.6609312955237189,0.44890943892128216,0.21202185660243672,1005.0,0.46139705882352944,502.0,0.23023897058823528,579.0,0.265625,996.0,0.4572610294117647,1038.0,0.4765625,0.23023897058823528,WACC_0p3_WRT_0p7,0.3782169117647059,927,False,,,False,False,False,False,False,17.0,0.06808510638297872
SPLL,RialtoBridgeTimelapse,1724,0.59,129,0.75,0.6367795689407558,0,20,2938,873,4,0.928,0.16473151977716188,0.26271593853278447,0.24377467964837482,0.144456468087087,0.098954100878152,0.1769636697741399,-2.8192817631169373,2.486580303846317,-2.921841313157002,-2.3302840836398757,-3.215787996382892,1.7111958757000287,0.26271593853278447,0.39465737565794695,0.1319414371251625,0.24377467964837482,0.40567347938293863,0.1618987997345638,0.144456468087087,0.4554515068340345,0.3109950387469475,0.098954100878152,0.3413185407761903,0.2423644398980383,0.1769636697741399,0.39652214157231186,0.21955847179817195,564.0,0.2587316176470588,505.0,0.23161764705882354,583.0,0.26746323529411764,653.0,0.29963235294117646,716.0,0.32858455882352944,0.23161764705882354,WACC_0p3_WRT_0p7,0.2772058823529412,928,False,,,False,False,False,False,False,20.0,0.08085106382978724
SPLL,RialtoBridgeTimelapse,41,0.61,227,0.8,0.5038691807078577,0,98,4533,639,10,0.276,0.3724495506276488,0.42790701395879926,0.4246463534095485,0.3649817811399524,0.03456904934057471,0.12953273904467488,-2.8192817631169373,2.486580303846317,-2.921841313157002,-2.3302840836398757,-3.215787996382892,1.7111958757000287,0.42790701395879926,0.5043063473959029,0.07639933343710359,0.4246463534095485,0.4768022430825129,0.05215588967296442,0.3649817811399524,0.5061105296624966,0.1411287485225442,0.03456904934057471,0.3227518488459197,0.288182799505345,0.12953273904467488,0.34302615523471675,0.21349341619004186,2115.0,0.9715073529411765,1498.0,0.6879595588235294,853.0,0.3915441176470588,569.0,0.2610294117647059,505.0,0.23161764705882354,0.23161764705882354,WACC_0p9_WRT_0p1,0.5087316176470589,929,False,,,False,False,False,False,False,98.0,0.4127659574468085
SPLL,RialtoBridgeTimelapse,920,0.35,436,0.15,0.3499565329987802,0,184,2429,4332,6,0.777,0.5380972592796951,0.49250597313204875,0.35140839051999184,0.4061424019357095,0.6760086915851682,0.7878939076825496,-2.8192817631169373,2.486580303846317,-2.921841313157002,-2.3302840836398757,-3.215787996382892,1.7111958757000287,0.49250597313204875,0.3897669727147057,0.10273900041734307,0.35140839051999184,0.48852607426360606,0.13711768374361422,0.4061424019357095,0.5847179738260776,0.1785755718903681,0.6760086915851682,0.4972971461211746,0.1787115454639936,0.7878939076825496,0.5771072548303322,0.21078665285221743,505.0,0.23161764705882354,1778.0,0.8166360294117647,1592.0,0.7311580882352942,2025.0,0.9301470588235294,2028.0,0.9315257352941176,0.23161764705882354,WACC_0p1_WRT_0p9,0.7282169117647059,930,False,,,False,False,False,False,False,184.0,0.7787234042553192
SPLL,RialtoBridgeTimelapse,127,0.58,176,0.725,0.5637689587379813,0,60,3966,1935,6,0.999,0.24198203391705853,0.33746112578910237,0.3163107176444528,0.21482560651703808,0.10413935880963565,0.19924879463429745,-2.8192817631169373,2.486580303846317,-2.921841313157002,-2.3302840836398757,-3.215787996382892,1.7111958757000287,0.33746112578910237,0.3898305739547086,0.052369448165606236,0.3163107176444528,0.4431687076858432,0.12685799004139042,0.21482560651703808,0.506555429676547,0.2917298231595089,0.10413935880963565,0.377716109919616,0.27357675110998037,0.19924879463429745,0.4276365813779315,0.22838778674363402,506.0,0.23207720588235295,905.0,0.41544117647058826,855.0,0.39246323529411764,897.0,0.4117647058823529,897.0,0.4117647058823529,0.23207720588235295,WACC_0p1_WRT_0p9,0.3727022058823529,931,False,,,False,False,False,False,False,60.0,0.251063829787234
SPLL,RialtoBridgeTimelapse,1788,0.61,214,0.8,0.5177579218307348,0,88,2834,522,8,0.012,0.35378865411724875,0.4115903787874412,0.4078128093054149,0.34646178543119277,0.02690307346040123,0.12936578825363212,-2.8192817631169373,2.486580303846317,-2.921841313157002,-2.3302840836398757,-3.215787996382892,1.7111958757000287,0.4115903787874412,0.48744497183843805,0.07585459305099684,0.4078128093054149,0.4451173471756803,0.037304537870265386,0.34646178543119277,0.4950256463727425,0.14856386094154972,0.02690307346040123,0.30901366535317415,0.28211059189277293,0.12936578825363212,0.3622615283543364,0.23289574010070427,2047.0,0.9402573529411765,943.0,0.4329044117647059,800.0,0.3671875,506.0,0.23207720588235295,577.0,0.2647058823529412,0.23207720588235295,WACC_0p7_WRT_0p3,0.4474264705882353,932,False,,,False,False,False,False,False,88.0,0.3702127659574468
SPLL,RialtoBridgeTimelapse,1856,0.61,256,0.8,0.4755439675554405,0,116,4798,557,8,0.132,0.4106546845610942,0.46132973098669994,0.45911704215636645,0.40288350615225943,0.05023061564489264,0.12992575932782707,-2.8192817631169373,2.486580303846317,-2.921841313157002,-2.3302840836398757,-3.215787996382892,1.7111958757000287,0.46132973098669994,0.4962603996403008,0.03493066865360084,0.45911704215636645,0.4622356077502831,0.0031185655939166557,0.40288350615225943,0.49795616113274616,0.09507265498048673,0.05023061564489264,0.31579279005799865,0.26556217441310603,0.12992575932782707,0.34307198298629976,0.2131462236584727,2092.0,0.9609375,1192.0,0.5473345588235294,813.0,0.37316176470588236,538.0,0.24678308823529413,506.0,0.23207720588235295,0.23207720588235295,WACC_0p9_WRT_0p1,0.4720588235294117,933,False,,,False,False,False,False,False,116.0,0.48936170212765956
SPLL,RialtoBridgeTimelapse,181,0.62,316,0.8250000000000001,0.4259044892909516,0,137,3922,587,6,0.226,0.49870147422155264,0.531029390837097,0.5356572247517792,0.4966397812526351,0.10059607275363439,0.10885820533496174,-2.8192817631169373,2.486580303846317,-2.921841313157002,-2.3302840836398757,-3.215787996382892,1.7111958757000287,0.531029390837097,0.4769950701822337,0.0540343206548633,0.5356572247517792,0.44367207571288075,0.09198514903889848,0.4966397812526351,0.45867999340155163,0.03795978785108345,0.10059607275363439,0.30911098073496346,0.20851490798132907,0.10885820533496174,0.3557496440311227,0.24689143869616095,1958.0,0.8993566176470589,914.0,0.4195772058823529,606.0,0.2780330882352941,507.0,0.23253676470588236,557.0,0.2555147058823529,0.23253676470588236,WACC_0p7_WRT_0p3,0.4170036764705882,934,False,,,False,False,False,False,False,137.0,0.5787234042553191
SPLL,RialtoBridgeTimelapse,2100,0.38,540,0.2250000000000001,0.2994510974368398,0,197,2465,4812,4,0.667,0.4181020793972158,0.5457409394085547,0.4257757777746882,0.27028426600931665,0.5692646514578162,0.6970081676860134,-2.8192817631169373,2.486580303846317,-2.921841313157002,-2.3302840836398757,-3.215787996382892,1.7111958757000287,0.5457409394085547,0.3898834486223746,0.1558574907861801,0.4257757777746882,0.4824910591212702,0.05671528134658199,0.27028426600931665,0.5990908391741027,0.328806573164786,0.5692646514578162,0.5089569910860137,0.060307660371802574,0.6970081676860134,0.5884346622446236,0.10857350544138977,507.0,0.23253676470588236,1620.0,0.7440257352941176,1882.0,0.8644301470588235,2077.0,0.9540441176470589,2079.0,0.9549632352941176,0.23253676470588236,WACC_0p1_WRT_0p9,0.75,935,False,,,False,False,False,False,False,197.0,0.8340425531914893
SPLL,RialtoBridgeTimelapse,146,0.6,231,0.775,0.4997547320027651,0,102,1517,1009,1,0.167,0.35931097573406684,0.4239944658125518,0.41579355305906107,0.34531513075152637,0.03471883784253078,0.1521378758690774,-2.8192817631169373,2.486580303846317,-2.921841313157002,-2.3302840836398757,-3.215787996382892,1.7111958757000287,0.4239944658125518,0.42893642059790815,0.004941954785356362,0.41579355305906107,0.4059560923172298,0.009837460741831283,0.34531513075152637,0.4746208774939139,0.12930574674238754,0.03471883784253078,0.38039181314618165,0.3456729753036509,0.1521378758690774,0.4310739674011512,0.2789360915320738,1123.0,0.515625,509.0,0.23345588235294118,689.0,0.3161764705882353,921.0,0.4227941176470588,920.0,0.42233455882352944,0.23345588235294118,WACC_0p3_WRT_0p7,0.38207720588235294,936,False,,,False,False,False,False,False,102.0,0.4297872340425532
SPLL,RialtoBridgeTimelapse,1376,0.45,488,0.4000000000000001,0.3233585909559956,0,188,1623,4302,9,0.918,0.35325491133235654,0.5391491120071982,0.4580174291833016,0.2339315525041468,0.3808758060867992,0.5133726103540786,-2.8192817631169373,2.486580303846317,-2.921841313157002,-2.3302840836398757,-3.215787996382892,1.7111958757000287,0.5391491120071982,0.389989849439957,0.14915926256724116,0.4580174291833016,0.47554380921564465,0.017526380032343025,0.2339315525041468,0.5661709447235883,0.33223939221944154,0.3808758060867992,0.4782017296571647,0.09732592357036546,0.5133726103540786,0.562616527436505,0.04924391708242648,509.0,0.23345588235294118,1475.0,0.6773897058823529,1307.0,0.6001838235294118,1893.0,0.8694852941176471,1941.0,0.8915441176470589,0.23345588235294118,WACC_0p1_WRT_0p9,0.6544117647058825,937,False,,,False,False,False,False,False,188.0,0.7957446808510639
SPLL,RialtoBridgeTimelapse,1103,0.6,222,0.775,0.5091149574402929,0,96,3086,673,9,0.864,0.3468662857779963,0.41312999481394014,0.4045741753308058,0.33294965244631625,0.03725315587193658,0.15207712213477936,-2.8192817631169373,2.486580303846317,-2.921841313157002,-2.3302840836398757,-3.215787996382892,1.7111958757000287,0.41312999481394014,0.4389988626598309,0.025868867845890764,0.4045741753308058,0.43154863109616987,0.026974455765364058,0.33294965244631625,0.4681537733174856,0.13520412087116934,0.03725315587193658,0.3093958130261722,0.27214265715423563,0.15207712213477936,0.34632269341745214,0.19424557128267278,1345.0,0.6176470588235294,774.0,0.3552389705882353,657.0,0.3014705882352941,510.0,0.2339154411764706,517.0,0.23713235294117646,0.2339154411764706,WACC_0p7_WRT_0p3,0.34908088235294116,938,False,,,False,False,False,False,False,96.0,0.40425531914893614
SPLL,RialtoBridgeTimelapse,1716,0.61,189,0.8,0.5470018733706472,0,66,3439,649,8,0.462,0.31466900024663746,0.37740639388466846,0.3725323436237144,0.3076188817594533,0.022002855099513847,0.12907966529502166,-2.8192817631169373,2.486580303846317,-2.921841313157002,-2.3302840836398757,-3.215787996382892,1.7111958757000287,0.37740639388466846,0.48851100978820433,0.11110461590353587,0.3725323436237144,0.46337980396825657,0.09084746034454216,0.3076188817594533,0.48566908150964555,0.17805019975019226,0.022002855099513847,0.3097877227907581,0.2877848676912443,0.12907966529502166,0.36053602411868724,0.23145635882366558,2057.0,0.9448529411764706,1211.0,0.5560661764705882,745.0,0.34191176470588236,511.0,0.234375,572.0,0.2624080882352941,0.234375,WACC_0p7_WRT_0p3,0.46792279411764703,939,False,,,False,False,False,False,False,66.0,0.2765957446808511
SPLL,RialtoBridgeTimelapse,1829,0.4,421,0.2750000000000001,0.3582195907830433,0,180,2320,3719,1,0.411,0.38927625595828536,0.49191291128019654,0.380074924883369,0.2582400857294979,0.5337393168273757,0.6502274888305365,-2.8192817631169373,2.486580303846317,-2.921841313157002,-2.3302840836398757,-3.215787996382892,1.7111958757000287,0.49191291128019654,0.39032577928937345,0.10158713199082309,0.380074924883369,0.454297736341567,0.07422281145819798,0.2582400857294979,0.5752547717648567,0.3170146860353588,0.5337393168273757,0.4743712751225854,0.05936804170479032,0.6502274888305365,0.5535460253322323,0.0966814634983042,511.0,0.234375,1058.0,0.48575367647058826,1457.0,0.6691176470588235,1860.0,0.8543198529411765,1865.0,0.8566176470588235,0.234375,WACC_0p1_WRT_0p9,0.6200367647058823,940,False,,,False,False,False,False,False,180.0,0.7617021276595745
SPLL,RialtoBridgeTimelapse,530,0.62,325,0.8250000000000001,0.4192814329997297,0,142,3954,588,10,0.487,0.5078103658564692,0.5390151110675397,0.543882499997232,0.5056614133744538,0.10429688516487191,0.10900306702343045,-2.8192817631169373,2.486580303846317,-2.921841313157002,-2.3302840836398757,-3.215787996382892,1.7111958757000287,0.5390151110675397,0.5098999063582413,0.029115204709298403,0.543882499997232,0.4761041790859694,0.06777832091126262,0.5056614133744538,0.5029159712269724,0.002745442147481403,0.10429688516487191,0.30994575282974907,0.20564886766487717,0.10900306702343045,0.34494374353138746,0.23594067650795703,2127.0,0.9770220588235294,1487.0,0.6829044117647058,833.0,0.38235294117647056,513.0,0.23529411764705882,512.0,0.2348345588235294,0.2348345588235294,WACC_0p9_WRT_0p1,0.5024816176470588,941,False,,,False,False,False,False,False,142.0,0.6
SPLL,RialtoBridgeTimelapse,1524,0.38,252,0.2250000000000001,0.479255021494012,0,119,240,2654,1,0.276,0.5206099935549021,0.37463740006421736,0.242372479789911,0.42517683235680476,0.641815418764897,0.7276019867753653,-2.8192817631169373,2.486580303846317,-2.921841313157002,-2.3302840836398757,-3.215787996382892,1.7111958757000287,0.37463740006421736,0.39069148154177485,0.01605408147755749,0.242372479789911,0.4328036542952316,0.1904311745053206,0.42517683235680476,0.544819290909098,0.11964245855229322,0.641815418764897,0.48485306391248656,0.15696235485241045,0.7276019867753653,0.5603454966042463,0.167256490171119,513.0,0.23529411764705882,788.0,0.3616727941176471,1077.0,0.4944852941176471,1948.0,0.8947610294117647,1926.0,0.8846507352941176,0.23529411764705882,WACC_0p1_WRT_0p9,0.574172794117647,942,False,,,False,False,False,False,False,119.0,0.502127659574468
SPLL,RialtoBridgeTimelapse,1491,0.61,216,0.8,0.5155673984262736,0,90,1953,714,4,0.162,0.3567284943949462,0.4141605030891145,0.4104646095815542,0.3493797787323887,0.02811155306155875,0.12939088776879584,-2.8192817631169373,2.486580303846317,-2.921841313157002,-2.3302840836398757,-3.215787996382892,1.7111958757000287,0.4141605030891145,0.44380294968741435,0.029642446598299843,0.4104646095815542,0.4063365507935015,0.004128058788052669,0.3493797787323887,0.45562056788747174,0.10624078915508306,0.02811155306155875,0.3576045275300542,0.3294929744684954,0.12939088776879584,0.41752322572597583,0.28813233795717996,1449.0,0.6654411764705882,514.0,0.23575367647058823,585.0,0.26838235294117646,747.0,0.3428308823529412,842.0,0.3864889705882353,0.23575367647058823,WACC_0p3_WRT_0p7,0.37977941176470587,943,False,,,False,False,False,False,False,90.0,0.37872340425531914
SPLL,RialtoBridgeTimelapse,1403,0.61,189,0.8,0.5470018733706472,0,66,1642,483,6,0.715,0.31466900024663746,0.37740639388466846,0.3725323436237144,0.3076188817594533,0.022002855099513847,0.12907966529502166,-2.8192817631169373,2.486580303846317,-2.921841313157002,-2.3302840836398757,-3.215787996382892,1.7111958757000287,0.37740639388466846,0.43280731953185825,0.05540092564718979,0.3725323436237144,0.43853403625439275,0.06600169263067834,0.3076188817594533,0.47303307359336544,0.16541419183391215,0.022002855099513847,0.32303354726131567,0.30103069216180184,0.12907966529502166,0.3457304498299191,0.21665078453489742,1216.0,0.5583639705882353,841.0,0.3860294117647059,681.0,0.3125,570.0,0.2614889705882353,515.0,0.23621323529411764,0.23621323529411764,WACC_0p9_WRT_0p1,0.3509191176470588,944,False,,,False,False,False,False,False,66.0,0.2765957446808511
SPLL,RialtoBridgeTimelapse,173,0.61,206,0.8,0.526728658654641,0,82,1265,537,4,0.09,0.34176278809824,0.40107854644087787,0.3969658697541649,0.33452384087430537,0.02195638075083155,0.12926807589584421,-2.8192817631169373,2.486580303846317,-2.921841313157002,-2.3302840836398757,-3.215787996382892,1.7111958757000287,0.40107854644087787,0.448936902154164,0.047858355713286116,0.3969658697541649,0.4116548050581494,0.014688935303984463,0.33452384087430537,0.4424765790848911,0.10795273821058571,0.02195638075083155,0.32271689494254824,0.3007605141917167,0.12926807589584421,0.37963677073737645,0.25036869484153224,1566.0,0.7192095588235294,558.0,0.25597426470588236,515.0,0.23621323529411764,568.0,0.26056985294117646,634.0,0.29090073529411764,0.23621323529411764,WACC_0p5_WRT_0p5,0.3525735294117647,945,False,,,False,False,False,False,False,82.0,0.3446808510638298
SPLL,RialtoBridgeTimelapse,1267,0.49,93,0.5000000000000001,0.7134865157377193,0,12,2113,599,5,0.825,0.31654195627385606,0.1675851824766623,0.0848864849738386,0.2861206946053541,0.4161349362199749,0.4615934955464827,-2.8192817631169373,2.486580303846317,-2.921841313157002,-2.3302840836398757,-3.215787996382892,1.7111958757000287,0.1675851824766623,0.3927714421444656,0.22518625966780328,0.0848864849738386,0.40659093304838945,0.32170444807455084,0.2861206946053541,0.4458175042719438,0.15969680966658967,0.4161349362199749,0.3582795066187775,0.05785542960119738,0.4615934955464827,0.3935911035584562,0.06800239198802649,538.0,0.24678308823529413,517.0,0.23713235294117646,524.0,0.24034926470588236,751.0,0.3446691176470588,696.0,0.3193933823529412,0.23713235294117646,WACC_0p3_WRT_0p7,0.2776654411764706,946,False,,,False,False,False,False,False,12.0,0.04680851063829787
SPLL,RialtoBridgeTimelapse,1845,0.5,623,0.5250000000000001,0.265684513133395,0,195,1887,3804,5,0.796,0.49710985612402253,0.6218062217976713,0.5707115729113924,0.41442838202235577,0.22863284706176093,0.38530291246864823,-2.8192817631169373,2.486580303846317,-2.921841313157002,-2.3302840836398757,-3.215787996382892,1.7111958757000287,0.6218062217976713,0.39094433466038986,0.23086188713728145,0.5707115729113924,0.4684855044813519,0.1022260684300405,0.41442838202235577,0.5761728893004974,0.1617445072781416,0.22863284706176093,0.48170487422353203,0.25307202716177113,0.38530291246864823,0.5514302480313457,0.16612733556269743,517.0,0.23713235294117646,1323.0,0.6075367647058824,1469.0,0.6746323529411765,1924.0,0.8837316176470589,1849.0,0.8492647058823529,0.23713235294117646,WACC_0p1_WRT_0p9,0.6504595588235295,947,False,,,False,False,False,False,False,195.0,0.825531914893617
SPLL,RialtoBridgeTimelapse,939,0.47,94,0.45,0.7109830549429329,0,13,2478,1355,1,0.425,0.37988917484195495,0.1694463804496187,0.07421935780005406,0.3485795694010257,0.47693204965254954,0.520795123004495,-2.8192817631169373,2.486580303846317,-2.921841313157002,-2.3302840836398757,-3.215787996382892,1.7111958757000287,0.1694463804496187,0.3909984480277675,0.2215520675781488,0.07421935780005406,0.4071702450675869,0.33295088726753286,0.3485795694010257,0.4930571539789479,0.1444775845779222,0.47693204965254954,0.41496112201277396,0.061970927639775575,0.520795123004495,0.4644011758496809,0.05639394715481416,518.0,0.23759191176470587,523.0,0.23988970588235295,788.0,0.3616727941176471,1257.0,0.5772058823529411,1157.0,0.53125,0.23759191176470587,WACC_0p1_WRT_0p9,0.3895220588235294,948,False,,,False,False,False,False,False,13.0,0.05106382978723404
SPLL,RialtoBridgeTimelapse,1675,0.44,187,0.3750000000000001,0.5495053341654337,0,72,2754,2732,1,0.447,0.37397729785762845,0.3144548517320983,0.21374853679911118,0.2978721884852523,0.49279642124734874,0.569640480463243,-2.8192817631169373,2.486580303846317,-2.921841313157002,-2.3302840836398757,-3.215787996382892,1.7111958757000287,0.3144548517320983,0.39115459657025115,0.07669974483815284,0.21374853679911118,0.4359622101940444,0.22221367339493323,0.2978721884852523,0.5601837430450419,0.2623115545597896,0.49279642124734874,0.44357064857211054,0.0492257726752382,0.569640480463243,0.5035796127034938,0.06606086775974918,519.0,0.23805147058823528,811.0,0.37224264705882354,1230.0,0.5647977941176471,1565.0,0.71875,1454.0,0.6677389705882353,0.23805147058823528,WACC_0p1_WRT_0p9,0.5123161764705882,949,False,,,False,False,False,False,False,72.0,0.3021276595744681
SPLL,RialtoBridgeTimelapse,1729,0.41,565,0.3,0.2887638766220358,0,201,728,4982,5,0.609,0.34171288390253485,0.5630272187475857,0.4610546576675835,0.1927585353953842,0.4804660550916974,0.6151627147347823,-2.8192817631169373,2.486580303846317,-2.921841313157002,-2.3302840836398757,-3.215787996382892,1.7111958757000287,0.5630272187475857,0.3913767200142513,0.17165049873333438,0.4610546576675835,0.46674838295756255,0.005693725289979024,0.1927585353953842,0.5781804941114979,0.3854219587161136,0.4804660550916974,0.5173945729442949,0.03692851785259754,0.6151627147347823,0.5927529549211662,0.022409759813616148,520.0,0.23851102941176472,1283.0,0.5891544117647058,1497.0,0.6875,2104.0,0.9664522058823529,2095.0,0.9623161764705882,0.23851102941176472,WACC_0p1_WRT_0p9,0.6887867647058823,950,False,,,False,False,False,False,False,201.0,0.851063829787234
SPLL,RialtoBridgeTimelapse,1150,0.31,642,0.05,0.2585886032693567,0,212,2050,3993,10,0.98,0.6096231074087671,0.5742782240653891,0.41538635319600015,0.45203755578631294,0.7564746190612506,0.8845754291357156,-2.8192817631169373,2.486580303846317,-2.921841313157002,-2.3302840836398757,-3.215787996382892,1.7111958757000287,0.5742782240653891,0.39148466883451294,0.18279355523087615,0.41538635319600015,0.4788584828757963,0.06347212967979615,0.45203755578631294,0.5731984929870452,0.12116093720073223,0.7564746190612506,0.4824131416978031,0.2740614773634475,0.8845754291357156,0.5550539037250299,0.3295215254106857,521.0,0.23897058823529413,1543.0,0.7086397058823529,1429.0,0.65625,1931.0,0.8869485294117647,1876.0,0.8616727941176471,0.23897058823529413,WACC_0p1_WRT_0p9,0.6704963235294119,951,False,,,False,False,False,False,False,212.0,0.8978723404255319
SPLL,RialtoBridgeTimelapse,1471,0.59,128,0.75,0.6386064107402307,0,19,1098,1109,3,0.433,0.16243005421873516,0.26073098772194636,0.24170942893932892,0.14214841412101126,0.0994923087816147,0.17702525025067903,-2.8192817631169373,2.486580303846317,-2.921841313157002,-2.3302840836398757,-3.215787996382892,1.7111958757000287,0.26073098772194636,0.4177366968365569,0.15700570911461054,0.24170942893932892,0.4070432814668256,0.1653338525274967,0.14214841412101126,0.4956574765882721,0.3535090624672608,0.0994923087816147,0.37621021469707394,0.27671790591545925,0.17702525025067903,0.436921217362823,0.259895967112144,914.0,0.4195772058823529,522.0,0.23943014705882354,802.0,0.3681066176470588,879.0,0.40349264705882354,962.0,0.4416360294117647,0.23943014705882354,WACC_0p3_WRT_0p7,0.3744485294117647,952,False,,,False,False,False,False,False,19.0,0.07659574468085106
SPLL,RialtoBridgeTimelapse,1237,0.62,254,0.8250000000000001,0.4773922178737712,0,102,3428,499,8,0.155,0.4281306034704441,0.469180392078343,0.4719401174310747,0.42672733676476793,0.07188491044530536,0.1077962869273745,-2.8192817631169373,2.486580303846317,-2.921841313157002,-2.3302840836398757,-3.215787996382892,1.7111958757000287,0.469180392078343,0.48552804862519766,0.01634765654685466,0.4719401174310747,0.4415473645740034,0.030392752857071326,0.42672733676476793,0.4914896560273769,0.06476231926260895,0.07188491044530536,0.3119834397143385,0.24009852926903313,0.1077962869273745,0.3481626348115981,0.2403663478842236,2032.0,0.9333639705882353,884.0,0.40579044117647056,780.0,0.35799632352941174,522.0,0.23943014705882354,524.0,0.24034926470588236,0.23943014705882354,WACC_0p7_WRT_0p3,0.4353860294117647,953,False,,,False,False,False,False,False,102.0,0.4297872340425532
SPLL,RialtoBridgeTimelapse,1375,0.61,215,0.8,0.5166601247914328,0,89,978,465,3,0.083,0.35526181737602497,0.4128782568545013,0.40914162714899727,0.34792401802640127,0.027508684101827992,0.12937830766849479,-2.8192817631169373,2.486580303846317,-2.921841313157002,-2.3302840836398757,-3.215787996382892,1.7111958757000287,0.4128782568545013,0.4459912645626371,0.0331130077081358,0.40914162714899727,0.40992164837011436,0.0007800212211170887,0.34792401802640127,0.446349560036019,0.09842554200961773,0.027508684101827992,0.3129862145343939,0.2854775304325659,0.12937830766849479,0.3560333212462544,0.22665501357775963,1502.0,0.6897977941176471,544.0,0.2495404411764706,527.0,0.2417279411764706,523.0,0.23988970588235295,558.0,0.25597426470588236,0.23988970588235295,WACC_0p7_WRT_0p3,0.33538602941176476,954,False,,,False,False,False,False,False,89.0,0.37446808510638296
SPLL,RialtoBridgeTimelapse,1321,0.6,174,0.775,0.5664573380935396,0,56,3815,1132,5,0.991,0.27122339405049856,0.3471798036359633,0.3364138183978399,0.2577115881526677,0.052908478273331526,0.15197063704316502,-2.8192817631169373,2.486580303846317,-2.921841313157002,-2.3302840836398757,-3.215787996382892,1.7111958757000287,0.3471798036359633,0.39386241350577805,0.04668260986981476,0.3364138183978399,0.4072925543566041,0.0708787359587642,0.2577115881526677,0.45123761779337374,0.19352602964070603,0.052908478273331526,0.35498188293554833,0.3020734046622168,0.15197063704316502,0.3917028326771704,0.23973219563400536,554.0,0.2541360294117647,525.0,0.24080882352941177,563.0,0.25827205882352944,720.0,0.3304227941176471,685.0,0.31433823529411764,0.24080882352941177,WACC_0p3_WRT_0p7,0.2795955882352941,955,False,,,False,False,False,False,False,56.0,0.23404255319148937
SPLL,RialtoBridgeTimelapse,2086,0.53,324,0.6000000000000002,0.4200082379875257,0,150,1422,2382,8,0.951,0.3475515345420698,0.4686285284104716,0.42692733794780807,0.28560209629608374,0.19433830362612223,0.31675362402348906,-2.8192817631169373,2.486580303846317,-2.921841313157002,-2.3302840836398757,-3.215787996382892,1.7111958757000287,0.4686285284104716,0.39189067391993265,0.07673785449053894,0.42692733794780807,0.45423457206676016,0.027307234118952084,0.28560209629608374,0.5373732928966791,0.2517711966005954,0.19433830362612223,0.42410901133868784,0.2297707077125656,0.31675362402348906,0.4839686581638627,0.16721503414037364,525.0,0.24080882352941177,1056.0,0.48483455882352944,1026.0,0.4710477941176471,1360.0,0.6245404411764706,1304.0,0.5988051470588235,0.24080882352941177,WACC_0p1_WRT_0p9,0.48400735294117647,956,False,,,False,False,False,False,False,150.0,0.6340425531914894
SPLL,RialtoBridgeTimelapse,1069,0.61,227,0.8,0.5038691807078577,0,98,1940,660,4,0.161,0.3724495506276488,0.42790701395879926,0.4246463534095485,0.3649817811399524,0.03456904934057471,0.12953273904467488,-2.8192817631169373,2.486580303846317,-2.921841313157002,-2.3302840836398757,-3.215787996382892,1.7111958757000287,0.42790701395879926,0.44497024981861416,0.017063235859814896,0.4246463534095485,0.4091323365785605,0.015514016830987964,0.3649817811399524,0.4460655894513198,0.08108380831136741,0.03456904934057471,0.35600066018586535,0.32143161084529065,0.12953273904467488,0.4038891284759222,0.2743563894312473,1480.0,0.6796875,539.0,0.24724264705882354,526.0,0.24126838235294118,738.0,0.33869485294117646,758.0,0.3478860294117647,0.24126838235294118,WACC_0p5_WRT_0p5,0.3709558823529412,957,False,,,False,False,False,False,False,98.0,0.4127659574468085
SPLL,RialtoBridgeTimelapse,1525,0.6,250,0.775,0.4811326094245646,0,114,3138,697,9,0.865,0.3841418569776424,0.44568213329504763,0.43818344797538117,0.3699793911797135,0.02969016918842679,0.15228848089249666,-2.8192817631169373,2.486580303846317,-2.921841313157002,-2.3302840836398757,-3.215787996382892,1.7111958757000287,0.44568213329504763,0.43549251049866894,0.010189622796378695,0.43818344797538117,0.4301825475555608,0.008000900419820378,0.3699793911797135,0.46982693185883745,0.09984754067912394,0.02969016918842679,0.31416398199312207,0.2844738128046953,0.15228848089249666,0.3491607593709574,0.19687227847846075,1270.0,0.5831801470588235,749.0,0.34375,665.0,0.30514705882352944,531.0,0.24356617647058823,527.0,0.2417279411764706,0.2417279411764706,WACC_0p9_WRT_0p1,0.3434742647058823,958,False,,,False,False,False,False,False,114.0,0.4808510638297872
SPLL,RialtoBridgeTimelapse,925,0.61,236,0.8,0.4947103012816212,0,105,3121,615,6,0.403,0.38478214546688666,0.4386934813235355,0.4357725347769347,0.37721850569384435,0.039629203478321634,0.12965250865501007,-2.8192817631169373,2.486580303846317,-2.921841313157002,-2.3302840836398757,-3.215787996382892,1.7111958757000287,0.4386934813235355,0.46673803465484326,0.028044553331307787,0.4357725347769347,0.44916578578666644,0.013393251009731766,0.37721850569384435,0.4672274629390169,0.09000895724517255,0.039629203478321634,0.3138962275423057,0.27426702406398407,0.12965250865501007,0.36687493997760723,0.23722243132259715,1839.0,0.8446691176470589,992.0,0.4554227941176471,651.0,0.29871323529411764,527.0,0.2417279411764706,587.0,0.2693014705882353,0.2417279411764706,WACC_0p7_WRT_0p3,0.42196691176470597,959,False,,,False,False,False,False,False,105.0,0.4425531914893617
SPLL,RialtoBridgeTimelapse,1094,0.48,505,0.475,0.3152738399217263,0,189,4815,5000,6,0.763,0.40500324781430885,0.558577913087433,0.49447656744635127,0.3078761296360506,0.29659812434108124,0.43639255665788296,-2.8192817631169373,2.486580303846317,-2.921841313157002,-2.3302840836398757,-3.215787996382892,1.7111958757000287,0.558577913087433,0.3919997720587315,0.1665781410287015,0.49447656744635127,0.47755126031125145,0.01692530713509982,0.3078761296360506,0.5885684870360157,0.2806923573999651,0.29659812434108124,0.4815570411988341,0.18495891685775284,0.43639255665788296,0.5502649045721406,0.11387234791425765,527.0,0.2417279411764706,1517.0,0.6966911764705882,1666.0,0.7651654411764706,1921.0,0.8823529411764706,1843.0,0.8465073529411765,0.2417279411764706,WACC_0p1_WRT_0p9,0.6864889705882353,960,False,,,False,False,False,False,False,189.0,0.8
SPLL,RialtoBridgeTimelapse,842,0.47,238,0.45,0.4927222657384131,0,111,1683,3613,2,0.654,0.24994790329924277,0.373277960338503,0.29424058999660957,0.15627237703582195,0.3830271715033811,0.4771216679220145,-2.8192817631169373,2.486580303846317,-2.921841313157002,-2.3302840836398757,-3.215787996382892,1.7111958757000287,0.373277960338503,0.3920221200055429,0.01874415966703985,0.29424058999660957,0.44665278107173,0.15241219107512044,0.15627237703582195,0.5772832882900858,0.4210109112542638,0.3830271715033811,0.4634799140259788,0.08045274252259771,0.4771216679220145,0.536841663623593,0.05971999570157849,528.0,0.2421875,963.0,0.4420955882352941,1482.0,0.6806066176470589,1758.0,0.8074448529411765,1740.0,0.7991727941176471,0.2421875,WACC_0p1_WRT_0p9,0.5943014705882353,961,False,,,False,False,False,False,False,111.0,0.46808510638297873
SPLL,RialtoBridgeTimelapse,1818,0.62,325,0.8250000000000001,0.4192814329997297,0,142,1450,402,7,0.426,0.5078103658564692,0.5390151110675397,0.543882499997232,0.5056614133744538,0.10429688516487191,0.10900306702343045,-2.8192817631169373,2.486580303846317,-2.921841313157002,-2.3302840836398757,-3.215787996382892,1.7111958757000287,0.5390151110675397,0.43903444621678017,0.09998066485075957,0.543882499997232,0.4104786133233807,0.13340388667385134,0.5056614133744538,0.4651310052351833,0.0405304081392705,0.10429688516487191,0.3143882102932728,0.2100913251284009,0.10900306702343045,0.34946824453069775,0.2404651775072673,1348.0,0.6190257352941176,548.0,0.25137867647058826,639.0,0.2931985294117647,532.0,0.24402573529411764,529.0,0.2426470588235294,0.2426470588235294,WACC_0p9_WRT_0p1,0.33005514705882355,962,False,,,False,False,False,False,False,142.0,0.6
SPLL,RialtoBridgeTimelapse,1814,0.48,163,0.475,0.581815669159537,0,50,836,2283,2,0.522,0.2683838831787368,0.2884748832123185,0.2096996789081289,0.20083141040188476,0.38805981474236384,0.4623897678774,-2.8192817631169373,2.486580303846317,-2.921841313157002,-2.3302840836398757,-3.215787996382892,1.7111958757000287,0.2884748832123185,0.39203828921931566,0.10356340600699715,0.2096996789081289,0.4426535123036561,0.23295383339552722,0.20083141040188476,0.560619384978016,0.3597879745761312,0.38805981474236384,0.4345244867427659,0.04646467200040205,0.4623897678774,0.5014082455327327,0.03901847765533267,529.0,0.2426470588235294,896.0,0.41130514705882354,1238.0,0.5684742647058824,1467.0,0.6737132352941176,1441.0,0.6617647058823529,0.2426470588235294,WACC_0p1_WRT_0p9,0.5115808823529411,963,False,,,False,False,False,False,False,50.0,0.20851063829787234
SPLL,RialtoBridgeTimelapse,891,0.61,208,0.8,0.5244538830757801,0,84,5000,1005,5,0.999,0.3448101932361532,0.4037420318192023,0.3997144281108903,0.33754919138918255,0.02321039467082802,0.1292920650129786,-2.8192817631169373,2.486580303846317,-2.921841313157002,-2.3302840836398757,-3.215787996382892,1.7111958757000287,0.4037420318192023,0.39643306969744974,0.007308962121752582,0.3997144281108903,0.41131236061293036,0.011597932502040054,0.33754919138918255,0.44728862620467597,0.10973943481549342,0.02321039467082802,0.3362073010441052,0.31299690637327715,0.1292920650129786,0.3745387046884144,0.24524663967543578,586.0,0.2688419117647059,553.0,0.2536764705882353,530.0,0.24310661764705882,628.0,0.2881433823529412,610.0,0.27987132352941174,0.24310661764705882,WACC_0p5_WRT_0p5,0.2667279411764706,964,False,,,False,False,False,False,False,84.0,0.35319148936170214
SPLL,RialtoBridgeTimelapse,1139,0.47,487,0.45,0.3238428794310587,0,187,3356,4955,4,0.629,0.38022889961051937,0.5455609660896864,0.4755508940123605,0.27572581027323806,0.32630534081733487,0.46210197009754234,-2.8192817631169373,2.486580303846317,-2.921841313157002,-2.3302840836398757,-3.215787996382892,1.7111958757000287,0.5455609660896864,0.392052508750228,0.1535084573394584,0.4755508940123605,0.4858451700621044,0.010294276049743922,0.27572581027323806,0.605863083598603,0.3301372733253649,0.32630534081733487,0.4954969284958218,0.1691915876784869,0.46210197009754234,0.5649543295007805,0.10285235940323817,530.0,0.24310661764705882,1711.0,0.7858455882352942,1978.0,0.9085477941176471,2014.0,0.9250919117647058,1964.0,0.9021139705882353,0.24310661764705882,WACC_0p1_WRT_0p9,0.7529411764705882,965,False,,,False,False,False,False,False,187.0,0.7914893617021277
SPLL,RialtoBridgeTimelapse,313,0.6,193,0.775,0.5420730526481163,0,71,4465,1140,4,0.999,0.30325739720123035,0.3750886308045254,0.36527096100792694,0.28959201051231565,0.04622014225146206,0.15195449809366812,-2.8192817631169373,2.486580303846317,-2.921841313157002,-2.3302840836398757,-3.215787996382892,1.7111958757000287,0.3750886308045254,0.3920810210493418,0.016992390244816358,0.36527096100792694,0.4156085177582564,0.05033755675032947,0.28959201051231565,0.4568192165582251,0.16722720604590946,0.04622014225146206,0.3331195366743823,0.2868993944229203,0.15195449809366812,0.3844245556797295,0.23247005758606137,531.0,0.24356617647058823,587.0,0.2693014705882353,594.0,0.2725183823529412,607.0,0.27849264705882354,652.0,0.2991727941176471,0.24356617647058823,WACC_0p1_WRT_0p9,0.2726102941176471,966,False,,,False,False,False,False,False,71.0,0.2978723404255319
SPLL,RialtoBridgeTimelapse,1702,0.6,198,0.775,0.5360530118555942,0,76,975,533,7,0.583,0.3111972675635113,0.3820110050166126,0.37242538610173886,0.297489475581539,0.04457659196841146,0.15196537533183574,-2.8192817631169373,2.486580303846317,-2.921841313157002,-2.3302840836398757,-3.215787996382892,1.7111958757000287,0.3820110050166126,0.4506354994424857,0.0686244944258731,0.37242538610173886,0.43754106196992865,0.06511567586818978,0.297489475581539,0.47633848224837266,0.17884900666683368,0.04457659196841146,0.31461671319718537,0.2700401212287739,0.15196537533183574,0.3768861911705091,0.22492081583867335,1593.0,0.7316176470588235,830.0,0.38097426470588236,702.0,0.32215073529411764,533.0,0.24448529411764705,620.0,0.2844669117647059,0.24448529411764705,WACC_0p7_WRT_0p3,0.39273897058823526,967,False,,,False,False,False,False,False,76.0,0.3191489361702128
SPLL,RialtoBridgeTimelapse,1467,0.57,101,0.7,0.6941635488270013,0,7,1574,1858,1,0.364,0.06629360574666489,0.19514133628233085,0.16229934488263462,0.030579976113797147,0.17159109300097394,0.23156500977544678,-2.8192817631169373,2.486580303846317,-2.921841313157002,-2.3302840836398757,-3.215787996382892,1.7111958757000287,0.19514133628233085,0.397298133058579,0.20215679677624812,0.16229934488263462,0.40868788193769573,0.2463885370550611,0.030579976113797147,0.5094991093808422,0.47891913326704505,0.17159109300097394,0.4271929706322018,0.2556018776312279,0.23156500977544678,0.4812648119097431,0.2496998021342963,599.0,0.27481617647058826,534.0,0.24494485294117646,879.0,0.40349264705882354,1397.0,0.6415441176470589,1285.0,0.5900735294117647,0.24494485294117646,WACC_0p3_WRT_0p7,0.4309742647058824,968,False,,,False,False,False,False,False,7.0,0.02553191489361702
SPLL,RialtoBridgeTimelapse,1035,0.48,556,0.475,0.2925558964317242,0,192,4431,4654,10,0.997,0.43324781195537465,0.5828323261633684,0.5197803363850775,0.33629406060812406,0.2896901660861432,0.4353196258724253,-2.8192817631169373,2.486580303846317,-2.921841313157002,-2.3302840836398757,-3.215787996382892,1.7111958757000287,0.5828323261633684,0.3921466971180454,0.19068562904532305,0.5197803363850775,0.48515731064255696,0.03462302574252052,0.33629406060812406,0.5914972846491124,0.2552032240409884,0.2896901660861432,0.4713832573870709,0.1816930913009277,0.4353196258724253,0.5474152981540406,0.11209567228161527,534.0,0.24494485294117646,1691.0,0.7766544117647058,1715.0,0.7876838235294118,1838.0,0.8442095588235294,1811.0,0.8318014705882353,0.24494485294117646,WACC_0p1_WRT_0p9,0.6970588235294117,969,False,,,False,False,False,False,False,192.0,0.8127659574468085
SPLL,RialtoBridgeTimelapse,1607,0.52,136,0.5750000000000002,0.6243720525544902,0,28,2265,749,4,0.412,0.1695888086940281,0.2536193728138564,0.19584635087954552,0.11329896922831066,0.28850152587834105,0.3580938259388133,-2.8192817631169373,2.486580303846317,-2.921841313157002,-2.3302840836398757,-3.215787996382892,1.7111958757000287,0.2536193728138564,0.4294235967017693,0.1758042238879129,0.19584635087954552,0.4087683266377167,0.21292197575817115,0.11329896922831066,0.4818403734046707,0.36854140417636,0.28850152587834105,0.3771714443550519,0.08866991847671085,0.3580938259388133,0.43181468417264096,0.07372085823382768,1138.0,0.5225183823529411,535.0,0.24540441176470587,732.0,0.3359375,889.0,0.40808823529411764,929.0,0.4264705882352941,0.24540441176470587,WACC_0p3_WRT_0p7,0.3876838235294117,970,False,,,False,False,False,False,False,28.0,0.1148936170212766
SPLL,RialtoBridgeTimelapse,9,0.46,549,0.4250000000000001,0.2955478493403635,0,192,1710,4489,1,0.464,0.4009872997501824,0.5715496663034564,0.4973796838032584,0.2894705009690955,0.344605331320553,0.48579790285711144,-2.8192817631169373,2.486580303846317,-2.921841313157002,-2.3302840836398757,-3.215787996382892,1.7111958757000287,0.5715496663034564,0.3922430325236014,0.179306633779855,0.4973796838032584,0.44553415320049833,0.05184553060276009,0.2894705009690955,0.5938724104504765,0.30440190948138096,0.344605331320553,0.4904201962894995,0.14581486496894652,0.48579790285711144,0.5589823387075492,0.07318443585043777,535.0,0.24540441176470587,947.0,0.43474264705882354,1769.0,0.8125,1978.0,0.9085477941176471,1912.0,0.8782169117647058,0.24540441176470587,WACC_0p1_WRT_0p9,0.6558823529411765,971,False,,,False,False,False,False,False,192.0,0.8127659574468085
SPLL,RialtoBridgeTimelapse,538,0.61,315,0.8,0.4266519617530698,0,142,1656,472,5,0.504,0.4770102491726951,0.5194230460325484,0.5190039409135985,0.4686736426946478,0.07734633726667332,0.13074023369907858,-2.8192817631169373,2.486580303846317,-2.921841313157002,-2.3302840836398757,-3.215787996382892,1.7111958757000287,0.5194230460325484,0.4252304517130207,0.0941925943195277,0.5190039409135985,0.4087984763906024,0.11020546452299607,0.4686736426946478,0.44794352011562383,0.020730122579023957,0.07734633726667332,0.33070819453694916,0.2533618572702758,0.13074023369907858,0.3567990878229606,0.22605885412388202,1043.0,0.4788602941176471,536.0,0.24586397058823528,539.0,0.24724264705882354,598.0,0.2743566176470588,559.0,0.25643382352941174,0.24586397058823528,WACC_0p3_WRT_0p7,0.3005514705882353,972,False,,,False,False,False,False,False,142.0,0.6
SPLL,RialtoBridgeTimelapse,860,0.52,155,0.5750000000000002,0.5936468762779661,0,43,1263,2327,3,0.762,0.15314664593247942,0.28390001930653674,0.22797000197423112,0.08757776099821533,0.27728516115613133,0.35424861523047874,-2.8192817631169373,2.486580303846317,-2.921841313157002,-2.3302840836398757,-3.215787996382892,1.7111958757000287,0.28390001930653674,0.39278080948758465,0.1088807901810479,0.22797000197423112,0.44505312205029296,0.21708312007606184,0.08757776099821533,0.5265610672557256,0.43898330625751025,0.27728516115613133,0.4131383648171007,0.13585320366096937,0.35424861523047874,0.48488661964533625,0.1306380044148575,539.0,0.24724264705882354,940.0,0.43152573529411764,964.0,0.44255514705882354,1233.0,0.5661764705882353,1316.0,0.6043198529411765,0.24724264705882354,WACC_0p1_WRT_0p9,0.4583639705882353,973,False,,,False,False,False,False,False,43.0,0.17872340425531916
SPLL,RialtoBridgeTimelapse,945,0.36,480,0.175,0.3272609447970021,0,189,487,4297,10,0.89,0.49434225600213266,0.5154207475364612,0.3818684581519009,0.35552023562565965,0.6376052900895195,0.7560652980706788,-2.8192817631169373,2.486580303846317,-2.921841313157002,-2.3302840836398757,-3.215787996382892,1.7111958757000287,0.5154207475364612,0.3928033264737181,0.12261742106274309,0.3818684581519009,0.4770173794315026,0.09514892127960167,0.35552023562565965,0.5785068774252259,0.22298664179956623,0.6376052900895195,0.5193544180128993,0.11825087207662022,0.7560652980706788,0.5982885552727263,0.1577767427979525,540.0,0.24770220588235295,1502.0,0.6897977941176471,1500.0,0.6888786764705882,2116.0,0.9719669117647058,2116.0,0.9719669117647058,0.24770220588235295,WACC_0p1_WRT_0p9,0.7140625,974,False,,,False,False,False,False,False,189.0,0.8
SPLL,RialtoBridgeTimelapse,1135,0.54,88,0.6250000000000002,0.7264173207993281,0,7,481,899,5,0.817,0.1654890746273906,0.15871528681542343,0.10609361708316904,0.13855604591907758,0.2705053618633351,0.31876616235617644,-2.8192817631169373,2.486580303846317,-2.921841313157002,-2.3302840836398757,-3.215787996382892,1.7111958757000287,0.15871528681542343,0.39553651205346857,0.23682122523804514,0.10609361708316904,0.4093972679507551,0.30330365086758604,0.13855604591907758,0.478634635028352,0.34007858910927447,0.2705053618633351,0.3946997795017431,0.124194417638408,0.31876616235617644,0.4454578344050293,0.12669167204885284,575.0,0.26378676470588236,542.0,0.24862132352941177,716.0,0.32858455882352944,1044.0,0.47931985294117646,1018.0,0.46737132352941174,0.24862132352941177,WACC_0p3_WRT_0p7,0.35753676470588236,975,False,,,False,False,False,False,False,7.0,0.02553191489361702
SPLL,RialtoBridgeTimelapse,1439,0.54,191,0.6250000000000002,0.5445246273066155,0,73,1066,1571,8,0.996,0.2071310489913427,0.3398835053251364,0.29789592279608895,0.15146001881290258,0.20530750005302204,0.2976060855022773,-2.8192817631169373,2.486580303846317,-2.921841313157002,-2.3302840836398757,-3.215787996382892,1.7111958757000287,0.3398835053251364,0.3931293750364245,0.053245869711288085,0.29789592279608895,0.4364613174096052,0.13856539461351625,0.15146001881290258,0.5035403639735088,0.35208034516060616,0.20530750005302204,0.37712089497136614,0.1718133949183441,0.2976060855022773,0.4243258003307619,0.1267197148284846,544.0,0.2495404411764706,819.0,0.3759191176470588,838.0,0.38465073529411764,888.0,0.40762867647058826,877.0,0.4025735294117647,0.2495404411764706,WACC_0p1_WRT_0p9,0.36406250000000007,976,False,,,False,False,False,False,False,73.0,0.30638297872340425
SPLL,RialtoBridgeTimelapse,1903,0.62,218,0.8250000000000001,0.5133969718500324,0,78,4643,692,5,0.086,0.3790738906799105,0.4262129570811189,0.42765816788689176,0.3781052747705853,0.051875273080580805,0.10713712876866668,-2.8192817631169373,2.486580303846317,-2.921841313157002,-2.3302840836398757,-3.215787996382892,1.7111958757000287,0.4262129570811189,0.4927165550861536,0.06650359800503469,0.42765816788689176,0.46756505814340066,0.0399068902565089,0.3781052747705853,0.5037048235746503,0.125599548804065,0.051875273080580805,0.3169737129172601,0.2650984398366793,0.10713712876866668,0.35311814739275116,0.24598101862408447,2079.0,0.9549632352941176,1300.0,0.5969669117647058,841.0,0.3860294117647059,545.0,0.25,544.0,0.2495404411764706,0.2495404411764706,WACC_0p9_WRT_0p1,0.48749999999999993,977,False,,,False,False,False,False,False,78.0,0.3276595744680851
SPLL,RialtoBridgeTimelapse,78,0.61,232,0.8,0.4987372042515428,0,102,1245,512,10,0.48,0.3793573024585499,0.43394845257409226,0.4308782507152381,0.3718360911049186,0.0374039232501111,0.12959894292062374,-2.8192817631169373,2.486580303846317,-2.921841313157002,-2.3302840836398757,-3.215787996382892,1.7111958757000287,0.43394845257409226,0.4651846844645567,0.031236231890464428,0.4308782507152381,0.43436660348410716,0.003488352768869052,0.3718360911049186,0.46114250102509174,0.08930640992017314,0.0374039232501111,0.32409847841713235,0.28669455516702125,0.12959894292062374,0.3532296862759512,0.22363074335532745,1813.0,0.8327205882352942,799.0,0.36672794117647056,616.0,0.28262867647058826,575.0,0.26378676470588236,545.0,0.25,0.25,WACC_0p9_WRT_0p1,0.3991727941176471,978,False,,,False,False,False,False,False,102.0,0.4297872340425532
SPLL,RialtoBridgeTimelapse,10,0.49,140,0.5000000000000001,0.6175636736939851,0,32,2582,1684,6,0.936,0.2578565089609836,0.2557627459015034,0.180553425693575,0.2004679621262397,0.37314916168138346,0.44041655218696113,-2.8192817631169373,2.486580303846317,-2.921841313157002,-2.3302840836398757,-3.215787996382892,1.7111958757000287,0.2557627459015034,0.3931637572384092,0.1374010113369058,0.180553425693575,0.4363352634307564,0.25578183773718144,0.2004679621262397,0.5291521880270652,0.32868422590082547,0.37314916168138346,0.41320154320909663,0.04005238152771318,0.44041655218696113,0.46013894431922314,0.019722392132262012,545.0,0.25,818.0,0.37545955882352944,978.0,0.4489889705882353,1234.0,0.5666360294117647,1131.0,0.5193014705882353,0.25,WACC_0p1_WRT_0p9,0.4320772058823529,979,False,,,False,False,False,False,False,32.0,0.13191489361702127
SPLL,RialtoBridgeTimelapse,1449,0.59,184,0.75,0.5533109095892781,0,63,3775,1495,2,0.75,0.27153355593188433,0.35522171991313783,0.33977008571366035,0.25122134839200405,0.07510047486837172,0.17528164096224044,-2.8192817631169373,2.486580303846317,-2.921841313157002,-2.3302840836398757,-3.215787996382892,1.7111958757000287,0.35522171991313783,0.39316426947228145,0.03794254955914361,0.33977008571366035,0.42053842641256384,0.08076834069890348,0.25122134839200405,0.47963297414770095,0.2284116257556969,0.07510047486837172,0.3726923321450527,0.29759185727668097,0.17528164096224044,0.4193816133890458,0.24409997242680534,546.0,0.25045955882352944,648.0,0.29733455882352944,721.0,0.33088235294117646,849.0,0.3897058823529412,847.0,0.38878676470588236,0.25045955882352944,WACC_0p1_WRT_0p9,0.33143382352941175,980,False,,,False,False,False,False,False,63.0,0.26382978723404255
SPLL,RialtoBridgeTimelapse,864,0.61,213,0.8,0.518860836823448,0,87,4442,756,3,0.439,0.35230894718676176,0.410296819525864,0.40647810458139755,0.3449930232006156,0.02629469587866411,0.12935333157481144,-2.8192817631169373,2.486580303846317,-2.921841313157002,-2.3302840836398757,-3.215787996382892,1.7111958757000287,0.410296819525864,0.4555948492516932,0.04529802972582919,0.40647810458139755,0.41654427674274963,0.010066172161352083,0.3449930232006156,0.4490686832452799,0.10407566004466429,0.02629469587866411,0.3343315803923137,0.3080368845136496,0.12935333157481144,0.37367489338823434,0.2443215618134229,1680.0,0.7715992647058824,602.0,0.27619485294117646,547.0,0.2509191176470588,612.0,0.28079044117647056,607.0,0.27849264705882354,0.2509191176470588,WACC_0p5_WRT_0p5,0.3715992647058824,981,False,,,False,False,False,False,False,87.0,0.3659574468085106
SPLL,RialtoBridgeTimelapse,988,0.62,242,0.8250000000000001,0.4887956222762502,0,94,3799,571,3,0.019,0.4125648337437742,0.455544050052265,0.4578883146807534,0.4113018526832666,0.06554110060911877,0.10757900813959255,-2.8192817631169373,2.486580303846317,-2.921841313157002,-2.3302840836398757,-3.215787996382892,1.7111958757000287,0.455544050052265,0.5023915772174096,0.046847527165144565,0.4578883146807534,0.4561606480134491,0.0017276666673043395,0.4113018526832666,0.4821020946836664,0.0708002420003998,0.06554110060911877,0.3225661913678243,0.2570250907587055,0.10757900813959255,0.3536021024513297,0.2460230943117372,2112.0,0.9701286764705882,1086.0,0.49862132352941174,733.0,0.33639705882352944,565.0,0.25919117647058826,548.0,0.25137867647058826,0.25137867647058826,WACC_0p9_WRT_0p1,0.4631433823529412,982,False,,,False,False,False,False,False,94.0,0.39574468085106385
SPLL,RialtoBridgeTimelapse,1938,0.53,123,0.6000000000000002,0.6479584124934801,0,17,1618,2977,2,0.622,0.1520461405492301,0.23238810115306005,0.17903319845323487,0.10240595008765507,0.2685917892640314,0.3339411580113545,-2.8192817631169373,2.486580303846317,-2.921841313157002,-2.3302840836398757,-3.215787996382892,1.7111958757000287,0.23238810115306005,0.3932496691953482,0.16086156804228816,0.17903319845323487,0.438132444530237,0.2590992460770021,0.10240595008765507,0.5489296163274272,0.44652366623977213,0.2685917892640314,0.4404265155089533,0.1718347262449219,0.3339411580113545,0.5016436499822209,0.1677024919708664,549.0,0.25183823529411764,837.0,0.38419117647058826,1114.0,0.5114889705882353,1530.0,0.7026654411764706,1446.0,0.6640625,0.25183823529411764,WACC_0p1_WRT_0p9,0.5028492647058823,983,False,,,False,False,False,False,False,17.0,0.06808510638297872
SPLL,RialtoBridgeTimelapse,2128,0.55,133,0.6500000000000002,0.6296100858099285,0,25,337,584,7,0.36,0.11735874973505417,0.2551843302105783,0.21445811565575013,0.06779339833954623,0.20547247387444809,0.2781927031081748,-2.8192817631169373,2.486580303846317,-2.921841313157002,-2.3302840836398757,-3.215787996382892,1.7111958757000287,0.2551843302105783,0.4345646962295918,0.17938036601901353,0.21445811565575013,0.41088412815252146,0.19642601249677133,0.06779339833954623,0.46986680402640946,0.40207340568686323,0.20547247387444809,0.37613327275125,0.17066079887680194,0.2781927031081748,0.4116708978475751,0.1334781947394003,1253.0,0.5753676470588235,550.0,0.2522977941176471,667.0,0.30606617647058826,878.0,0.4030330882352941,802.0,0.3681066176470588,0.2522977941176471,WACC_0p3_WRT_0p7,0.38097426470588236,984,False,,,False,False,False,False,False,25.0,0.10212765957446808
SPLL,RialtoBridgeTimelapse,1033,0.61,204,0.8,0.5290255197785925,0,80,3258,530,3,0.155,0.3386872551607047,0.39839065914872523,0.3941920141419562,0.3314704066661893,0.020690437157984933,0.12924441208978302,-2.8192817631169373,2.486580303846317,-2.921841313157002,-2.3302840836398757,-3.215787996382892,1.7111958757000287,0.39839065914872523,0.4627463206352991,0.06435566148657385,0.3941920141419562,0.4265273911298998,0.03233537698794359,0.3314704066661893,0.4593366876813686,0.12786628101517927,0.020690437157984933,0.3179783625896453,0.2972879254316604,0.12924441208978302,0.35807280854835727,0.22882839645857425,1784.0,0.8193933823529411,707.0,0.3244485294117647,609.0,0.27941176470588236,550.0,0.2522977941176471,565.0,0.25919117647058826,0.2522977941176471,WACC_0p7_WRT_0p3,0.3869485294117648,985,False,,,False,False,False,False,False,80.0,0.33617021276595743
SPLL,RialtoBridgeTimelapse,1256,0.3,305,0.025,0.4342595252109815,0,148,2095,4261,2,0.559,0.7479484346787006,0.41152501996443563,0.23291549294171632,0.6399893144306916,0.8644836148165757,0.9513757630076047,-2.8192817631169373,2.486580303846317,-2.921841313157002,-2.3302840836398757,-3.215787996382892,1.7111958757000287,0.41152501996443563,0.39341598154374396,0.01810903842069167,0.23291549294171632,0.4590834525443844,0.22616795960266806,0.6399893144306916,0.5885679722305985,0.05142134220009309,0.8644836148165757,0.49208912907353947,0.3723944857430362,0.9513757630076047,0.5778290021385611,0.3735467608690436,551.0,0.25275735294117646,1138.0,0.5225183823529411,1665.0,0.7647058823529411,1989.0,0.9136029411764706,2029.0,0.9319852941176471,0.25275735294117646,WACC_0p1_WRT_0p9,0.6771139705882352,986,False,,,False,False,False,False,False,148.0,0.625531914893617
SPLL,RialtoBridgeTimelapse,638,0.6,206,0.775,0.526728658654641,0,83,1360,819,10,0.999,0.323518354861635,0.39275665702550355,0.3835290113073499,0.30974168352499715,0.042036197089270505,0.15199279720233796,-2.8192817631169373,2.486580303846317,-2.921841313157002,-2.3302840836398757,-3.215787996382892,1.7111958757000287,0.39275665702550355,0.4246131803472301,0.03185652332172656,0.3835290113073499,0.4168040184440554,0.0332750071367055,0.30974168352499715,0.44946763496668124,0.1397259514416841,0.042036197089270505,0.3350140139775088,0.2929778168882383,0.15199279720233796,0.3676225544675077,0.21562975726516972,1032.0,0.47380514705882354,604.0,0.2771139705882353,552.0,0.2532169117647059,618.0,0.2835477941176471,588.0,0.2697610294117647,0.2532169117647059,WACC_0p5_WRT_0p5,0.31148897058823527,987,False,,,False,False,False,False,False,83.0,0.34893617021276596
SPLL,RialtoBridgeTimelapse,1345,0.61,214,0.8,0.5177579218307348,0,88,4840,668,3,0.211,0.35378865411724875,0.4115903787874412,0.4078128093054149,0.34646178543119277,0.02690307346040123,0.12936578825363212,-2.8192817631169373,2.486580303846317,-2.921841313157002,-2.3302840836398757,-3.215787996382892,1.7111958757000287,0.4115903787874412,0.48108195656457325,0.06949157777713205,0.4078128093054149,0.4434454154202658,0.03563260611485086,0.34646178543119277,0.47075846885393524,0.12429668342274247,0.02690307346040123,0.3232933462133545,0.29639027275295327,0.12936578825363212,0.3552176415875764,0.22585185333394428,1996.0,0.9168198529411765,910.0,0.4177389705882353,671.0,0.3079044117647059,572.0,0.2624080882352941,552.0,0.2532169117647059,0.2532169117647059,WACC_0p9_WRT_0p1,0.43161764705882355,988,False,,,False,False,False,False,False,88.0,0.3702127659574468
SPLL,RialtoBridgeTimelapse,2001,0.46,113,0.4250000000000001,0.6678503622801433,0,17,2596,2206,1,0.469,0.38364677649495643,0.20748353916912157,0.10977654238933884,0.3405606367146831,0.4861649465713436,0.5385102910470968,-2.8192817631169373,2.486580303846317,-2.921841313157002,-2.3302840836398757,-3.215787996382892,1.7111958757000287,0.20748353916912157,0.39342218323552963,0.18593864406640806,0.10977654238933884,0.4312754930770232,0.3214989506876843,0.3405606367146831,0.5343673753064501,0.19380673859176695,0.4861649465713436,0.43973618775899337,0.04642875881235026,0.5385102910470968,0.5001271403342216,0.038383150712875236,552.0,0.2532169117647059,771.0,0.3538602941176471,1002.0,0.4600183823529412,1521.0,0.6985294117647058,1429.0,0.65625,0.2532169117647059,WACC_0p1_WRT_0p9,0.484375,989,False,,,False,False,False,False,False,17.0,0.06808510638297872
SPLL,RialtoBridgeTimelapse,35,0.61,214,0.8,0.5177579218307348,0,88,4611,785,10,0.597,0.35378865411724875,0.4115903787874412,0.4078128093054149,0.34646178543119277,0.02690307346040123,0.12936578825363212,-2.8192817631169373,2.486580303846317,-2.921841313157002,-2.3302840836398757,-3.215787996382892,1.7111958757000287,0.4115903787874412,0.4921059832545675,0.0805156044671263,0.4078128093054149,0.4636725191595621,0.05585970985414718,0.34646178543119277,0.5003116202604392,0.1538498348292464,0.02690307346040123,0.3190074776291331,0.2921044041687319,0.12936578825363212,0.3552508357182172,0.22588504746458507,2075.0,0.953125,1218.0,0.5592830882352942,822.0,0.3772977941176471,555.0,0.2545955882352941,553.0,0.2536764705882353,0.2536764705882353,WACC_0p9_WRT_0p1,0.479595588235294,990,False,,,False,False,False,False,False,88.0,0.3702127659574468
SPLL,RialtoBridgeTimelapse,1201,0.49,154,0.5000000000000001,0.5951682631125356,0,41,1065,3093,5,0.734,0.24512296177206655,0.27707792090086697,0.20339370007752255,0.18120843211257484,0.36414589596405705,0.4366389044655356,-2.8192817631169373,2.486580303846317,-2.921841313157002,-2.3302840836398757,-3.215787996382892,1.7111958757000287,0.27707792090086697,0.39375505990991577,0.1166771390090488,0.20339370007752255,0.46018065405128006,0.2567869539737575,0.18120843211257484,0.5563082640323728,0.3750998319197979,0.36414589596405705,0.44165119351008875,0.07750529754603169,0.4366389044655356,0.5139430201366483,0.07730411567111267,553.0,0.2536764705882353,1157.0,0.53125,1184.0,0.5436580882352942,1546.0,0.7100183823529411,1558.0,0.7155330882352942,0.2536764705882353,WACC_0p1_WRT_0p9,0.5508272058823529,991,False,,,False,False,False,False,False,41.0,0.1702127659574468
SPLL,RialtoBridgeTimelapse,1990,0.57,146,0.7,0.6077049623167738,0,33,2410,589,6,0.116,0.1716679384076735,0.28488701205071976,0.25640834007144825,0.1372504632554569,0.14369327126230963,0.22533570223887583,-2.8192817631169373,2.486580303846317,-2.921841313157002,-2.3302840836398757,-3.215787996382892,1.7111958757000287,0.28488701205071976,0.4438991937066972,0.15901218165597747,0.25640834007144825,0.4113349203774256,0.15492658030597733,0.1372504632554569,0.4611827074454338,0.3239322441899769,0.14369327126230963,0.3447946603361895,0.20110138907387987,0.22533570223887583,0.3894049157956164,0.1640692135567406,1454.0,0.6677389705882353,554.0,0.2541360294117647,617.0,0.28308823529411764,670.0,0.30744485294117646,672.0,0.3083639705882353,0.2541360294117647,WACC_0p3_WRT_0p7,0.36415441176470587,992,False,,,False,False,False,False,False,33.0,0.13617021276595745
SPLL,RialtoBridgeTimelapse,1770,0.61,219,0.8,0.5123191802935934,0,93,1667,577,10,0.712,0.3610901711745663,0.4179739349660633,0.4143990491627046,0.3537087956398725,0.029903957265855634,0.12942897248269647,-2.8192817631169373,2.486580303846317,-2.921841313157002,-2.3302840836398757,-3.215787996382892,1.7111958757000287,0.4179739349660633,0.4707378147007338,0.052763879734670505,0.4143990491627046,0.4487710803452443,0.03437203118253973,0.3537087956398725,0.47503352582748476,0.12132473018761225,0.029903957265855634,0.32860582149385453,0.2987018642279989,0.12942897248269647,0.3554533919123255,0.22602441942962903,1876.0,0.8616727941176471,985.0,0.4522058823529412,693.0,0.3180147058823529,592.0,0.27159926470588236,554.0,0.2541360294117647,0.2541360294117647,WACC_0p9_WRT_0p1,0.4315257352941176,993,False,,,False,False,False,False,False,93.0,0.39148936170212767
SPLL,RialtoBridgeTimelapse,54,0.58,155,0.725,0.5936468762779661,0,41,990,1029,8,0.999,0.2040392258833593,0.3046605847194832,0.28223218062854266,0.17684058936292207,0.11279505492635067,0.20003633649345395,-2.8192817631169373,2.486580303846317,-2.921841313157002,-2.3302840836398757,-3.215787996382892,1.7111958757000287,0.3046605847194832,0.39671069233045697,0.09205010761097376,0.28223218062854266,0.4114113373532339,0.1291791567246912,0.17684058936292207,0.46662166989998327,0.2897810805370612,0.11279505492635067,0.35164369977636656,0.2388486448500159,0.20003633649345395,0.38236385520698224,0.18232751871352829,591.0,0.2711397058823529,555.0,0.2545955882352941,645.0,0.2959558823529412,701.0,0.32169117647058826,645.0,0.2959558823529412,0.2545955882352941,WACC_0p3_WRT_0p7,0.2878676470588235,994,False,,,False,False,False,False,False,41.0,0.1702127659574468
SPLL,RialtoBridgeTimelapse,931,0.61,179,0.8,0.5597928174542224,0,57,3849,845,9,0.92,0.29763838524529546,0.3625349368568934,0.35717723627716713,0.29069962421189405,0.025461404333359954,0.1289863885942652,-2.8192817631169373,2.486580303846317,-2.921841313157002,-2.3302840836398757,-3.215787996382892,1.7111958757000287,0.3625349368568934,0.4527930367040018,0.09025809984710836,0.35717723627716713,0.44390305021407567,0.08672581393690854,0.29069962421189405,0.4853621829490453,0.19466255873715127,0.025461404333359954,0.3257088928182667,0.30024748848490673,0.1289863885942652,0.3555935467314421,0.2266071581371769,1623.0,0.7454044117647058,919.0,0.421875,743.0,0.34099264705882354,585.0,0.26838235294117646,555.0,0.2545955882352941,0.2545955882352941,WACC_0p9_WRT_0p1,0.40625,995,False,,,False,False,False,False,False,57.0,0.23829787234042554
SPLL,RialtoBridgeTimelapse,754,0.39,788,0.2500000000000001,0.2101802823122937,0,218,695,4767,8,0.786,0.40957940081143324,0.6372571989831091,0.5281701126760403,0.2470871455570913,0.5095485137006547,0.6604297970360501,-2.8192817631169373,2.486580303846317,-2.921841313157002,-2.3302840836398757,-3.215787996382892,1.7111958757000287,0.6372571989831091,0.3941218989564734,0.24313530002663564,0.5281701126760403,0.4732095884146709,0.05496052426136938,0.2470871455570913,0.5884319264820689,0.34134478092497755,0.5095485137006547,0.5191881558869557,0.009639642186300978,0.6604297970360501,0.598625768391386,0.061804028644664055,556.0,0.25505514705882354,1415.0,0.6498161764705882,1656.0,0.7605698529411765,2115.0,0.9715073529411765,2118.0,0.9728860294117647,0.25505514705882354,WACC_0p1_WRT_0p9,0.721966911764706,996,False,,,False,False,False,False,False,218.0,0.9234042553191489
SPLL,RialtoBridgeTimelapse,1262,0.38,342,0.2250000000000001,0.407255608721016,0,163,2521,4851,3,0.596,0.4780195946409548,0.4418181354734863,0.3148426256605442,0.3620301143451816,0.6110916664670049,0.7134264410851109,-2.8192817631169373,2.486580303846317,-2.921841313157002,-2.3302840836398757,-3.215787996382892,1.7111958757000287,0.4418181354734863,0.39412719081106073,0.04769094466242557,0.3148426256605442,0.47296065141582894,0.15811802575528472,0.3620301143451816,0.6056338253376333,0.2436037109924517,0.6110916664670049,0.5089249766625479,0.10216668980445698,0.7134264410851109,0.5802377337532378,0.13318870733187305,557.0,0.2555147058823529,1407.0,0.6461397058823529,1975.0,0.9071691176470589,2076.0,0.9535845588235294,2040.0,0.9370404411764706,0.2555147058823529,WACC_0p1_WRT_0p9,0.739889705882353,997,False,,,False,False,False,False,False,163.0,0.6893617021276596
SPLL,RialtoBridgeTimelapse,662,0.6,196,0.775,0.538442676996703,0,74,4486,861,1,0.317,0.3080440975580365,0.3792616954902694,0.36958405420796603,0.2943533375902001,0.04522866996008958,0.1519603988801758,-2.8192817631169373,2.486580303846317,-2.921841313157002,-2.3302840836398757,-3.215787996382892,1.7111958757000287,0.3792616954902694,0.4383294382397251,0.0590677427494557,0.36958405420796603,0.4174456951931368,0.04786164098517076,0.2943533375902001,0.4504834094057982,0.15613007181559807,0.04522866996008958,0.3456142554074056,0.30038558544731603,0.1519603988801758,0.37688350764799766,0.22492310876782187,1335.0,0.6130514705882353,614.0,0.28170955882352944,558.0,0.25597426470588236,674.0,0.3092830882352941,619.0,0.28400735294117646,0.25597426470588236,WACC_0p5_WRT_0p5,0.34880514705882354,998,False,,,False,False,False,False,False,74.0,0.31063829787234043
SPLL,RialtoBridgeTimelapse,1025,0.6,160,0.775,0.5861833286749027,0,43,4340,1342,4,0.981,0.2454682042562572,0.32476785179221346,0.3132233470221064,0.23205659245530108,0.0583620917745861,0.15206344608178413,-2.8192817631169373,2.486580303846317,-2.921841313157002,-2.3302840836398757,-3.215787996382892,1.7111958757000287,0.32476785179221346,0.3941790056697207,0.06941115387750724,0.3132233470221064,0.4287390562717382,0.11551570924963178,0.23205659245530108,0.4681483345397861,0.23609174208448502,0.0583620917745861,0.3549732748041282,0.2966111830295421,0.15206344608178413,0.3989801925681099,0.24691674648632578,559.0,0.25643382352941174,725.0,0.3327205882352941,656.0,0.3010110294117647,719.0,0.32996323529411764,728.0,0.33409926470588236,0.25643382352941174,WACC_0p1_WRT_0p9,0.3108455882352941,999,False,,,False,False,False,False,False,43.0,0.17872340425531916
SPLL,RialtoBridgeTimelapse,909,0.59,168,0.75,0.5747107857207654,0,52,3509,1088,2,0.632,0.24386659253622436,0.331196550682509,0.3148781669417226,0.22361793183882994,0.08110321687375716,0.17553248991358653,-2.8192817631169373,2.486580303846317,-2.921841313157002,-2.3302840836398757,-3.215787996382892,1.7111958757000287,0.331196550682509,0.4066547841036403,0.07545823342113128,0.3148781669417226,0.4117079861067662,0.09682981916504357,0.22361793183882994,0.4631659500930795,0.23954801825424954,0.08110321687375716,0.3640018434421346,0.28289862656837744,0.17553248991358653,0.4047497075913689,0.2292172176777824,731.0,0.33547794117647056,559.0,0.25643382352941174,631.0,0.28952205882352944,789.0,0.36213235294117646,764.0,0.3506433823529412,0.25643382352941174,WACC_0p3_WRT_0p7,0.31884191176470583,1000,False,,,False,False,False,False,False,52.0,0.2170212765957447
SPLL,RialtoBridgeTimelapse,1373,0.6,430,0.775,0.3532272049650022,0,173,2957,618,3,0.265,0.5568295381830733,0.5967679402629239,0.5939972141073155,0.5412827917581748,0.09542172348264334,0.15410905925058452,-2.8192817631169373,2.486580303846317,-2.921841313157002,-2.3302840836398757,-3.215787996382892,1.7111958757000287,0.5967679402629239,0.44304749556271855,0.15372044470020535,0.5939972141073155,0.4191548190230948,0.17484239508422073,0.5412827917581748,0.45737512827769533,0.08390766348047951,0.09542172348264334,0.3200146709274241,0.22459294744478076,0.15410905925058452,0.37750901752147803,0.2233999582708935,1430.0,0.6567095588235294,634.0,0.29090073529411764,597.0,0.27389705882352944,559.0,0.25643382352941174,626.0,0.28722426470588236,0.25643382352941174,WACC_0p7_WRT_0p3,0.3530330882352941,1001,False,,,False,False,False,False,False,173.0,0.7319148936170212
SPLL,RialtoBridgeTimelapse,1361,0.61,219,0.8,0.5123191802935934,0,93,4624,908,4,0.786,0.3610901711745663,0.4179739349660633,0.4143990491627046,0.3537087956398725,0.029903957265855634,0.12942897248269647,-2.8192817631169373,2.486580303846317,-2.921841313157002,-2.3302840836398757,-3.215787996382892,1.7111958757000287,0.4179739349660633,0.44082544064620965,0.022851505680146378,0.4143990491627046,0.44226743808170627,0.027868388919001674,0.3537087956398725,0.46795364301486664,0.11424484737499413,0.029903957265855634,0.32001731970310054,0.2901133624372449,0.12942897248269647,0.3603955934474189,0.23096662096472242,1393.0,0.6397058823529411,893.0,0.4099264705882353,654.0,0.3000919117647059,560.0,0.2568933823529412,571.0,0.2619485294117647,0.2568933823529412,WACC_0p7_WRT_0p3,0.3737132352941176,1002,False,,,False,False,False,False,False,93.0,0.39148936170212767
SPLL,RialtoBridgeTimelapse,707,0.48,319,0.475,0.4236761383971196,0,150,4585,4386,5,0.81,0.27223922607876805,0.4452463270737169,0.37580369718491563,0.1737052252489818,0.33100694681468423,0.4434655451049912,-2.8192817631169373,2.486580303846317,-2.921841313157002,-2.3302840836398757,-3.215787996382892,1.7111958757000287,0.4452463270737169,0.3942533274048619,0.05099299966885501,0.37580369718491563,0.4797757357914842,0.10397203860656856,0.1737052252489818,0.6001977578148311,0.4264925325658493,0.33100694681468423,0.46180275801083914,0.1307958111961549,0.4434655451049912,0.5336473290486894,0.09018178394369819,560.0,0.2568933823529412,1562.0,0.7173713235294118,1898.0,0.8717830882352942,1740.0,0.7991727941176471,1710.0,0.7853860294117647,0.2568933823529412,WACC_0p1_WRT_0p9,0.6861213235294118,1003,False,,,False,False,False,False,False,150.0,0.6340425531914894
SPLL,RialtoBridgeTimelapse,1481,0.61,270,0.8,0.4629953909118257,0,125,4061,707,8,0.319,0.4276387311429931,0.4761942033010554,0.4744434966005453,0.4197270357393343,0.057180392868198794,0.13011980310789314,-2.8192817631169373,2.486580303846317,-2.921841313157002,-2.3302840836398757,-3.215787996382892,1.7111958757000287,0.4761942033010554,0.4991980074667151,0.023003804165659725,0.4744434966005453,0.4605155717010972,0.013927924899448108,0.4197270357393343,0.4918372613320009,0.07211022559266661,0.057180392868198794,0.3201788867802318,0.262998493912033,0.13011980310789314,0.376027966525061,0.24590816341716784,2100.0,0.9646139705882353,1165.0,0.5349264705882353,782.0,0.35891544117647056,561.0,0.25735294117647056,617.0,0.28308823529411764,0.25735294117647056,WACC_0p7_WRT_0p3,0.4797794117647059,1004,False,,,False,False,False,False,False,125.0,0.5276595744680851
SPLL,RialtoBridgeTimelapse,15,0.59,145,0.75,0.6093198138937665,0,30,1250,1099,3,0.409,0.199523834472736,0.29277358155535843,0.2750159110891241,0.17930444221473352,0.09096160685828773,0.17618338655218446,-2.8192817631169373,2.486580303846317,-2.921841313157002,-2.3302840836398757,-3.215787996382892,1.7111958757000287,0.29277358155535843,0.4266390958198242,0.13386551426446575,0.2750159110891241,0.41207722528409696,0.13706131419497286,0.17930444221473352,0.49417438819581444,0.3148699459810809,0.09096160685828773,0.3852294037226237,0.29426779686433596,0.17618338655218446,0.431535726160637,0.25535233960845255,1071.0,0.49172794117647056,562.0,0.2578125,796.0,0.36534926470588236,963.0,0.4420955882352941,923.0,0.42371323529411764,0.2578125,WACC_0p3_WRT_0p7,0.3961397058823529,1005,False,,,False,False,False,False,False,30.0,0.12340425531914893
SPLL,RialtoBridgeTimelapse,1860,0.61,161,0.8,0.5847184643199843,0,43,3427,797,10,0.676,0.26460519944662914,0.3337113622711863,0.32740248877642925,0.25786350720884804,0.032231678770800506,0.12887035000097846,-2.8192817631169373,2.486580303846317,-2.921841313157002,-2.3302840836398757,-3.215787996382892,1.7111958757000287,0.3337113622711863,0.48254147492442695,0.14883011265324064,0.32740248877642925,0.46301707995861147,0.13561459118218222,0.25786350720884804,0.5014647095014904,0.24360120229264232,0.032231678770800506,0.3203558940363118,0.2881242152655113,0.12887035000097846,0.35842954164937896,0.2295591916484005,2009.0,0.9227941176470589,1202.0,0.5519301470588235,826.0,0.3791360294117647,562.0,0.2578125,566.0,0.25965073529411764,0.2578125,WACC_0p7_WRT_0p3,0.4742647058823529,1006,False,,,False,False,False,False,False,43.0,0.17872340425531916
SPLL,RialtoBridgeTimelapse,1492,0.31,611,0.05,0.2702783436386959,0,210,58,4678,10,0.84,0.616315298470371,0.5631927300270124,0.40349398437248785,0.46212340386900413,0.761223669602537,0.8866045438916795,-2.8192817631169373,2.486580303846317,-2.921841313157002,-2.3302840836398757,-3.215787996382892,1.7111958757000287,0.5631927300270124,0.3944790854663585,0.1687136445606539,0.40349398437248785,0.47092967931468904,0.0674356949422012,0.46212340386900413,0.5779628422707984,0.11583943840179428,0.761223669602537,0.5563113414687939,0.20491232813374305,0.8866045438916795,0.6358886546226931,0.25071588926898647,562.0,0.2578125,1371.0,0.6295955882352942,1490.0,0.6842830882352942,2165.0,0.9944852941176471,2174.0,0.9986213235294118,0.2578125,WACC_0p1_WRT_0p9,0.7129595588235295,1007,False,,,False,False,False,False,False,210.0,0.8893617021276595
SPLL,RialtoBridgeTimelapse,191,0.6,329,0.775,0.4163963382498593,0,147,4264,769,1,0.001,0.4711253990005956,0.5217382147199062,0.5166491146226762,0.4563063462097549,0.06039354052551672,0.15306603213473446,-2.8192817631169373,2.486580303846317,-2.921841313157002,-2.3302840836398757,-3.215787996382892,1.7111958757000287,0.5217382147199062,0.49077886365334406,0.03095935106656217,0.5166491146226762,0.45964887983161845,0.0570002347910577,0.4563063462097549,0.49359144770755703,0.03728510149780212,0.06039354052551672,0.3323811890507524,0.2719876485252357,0.15306603213473446,0.35740232792951726,0.2043362957947828,2065.0,0.9485294117647058,1149.0,0.5275735294117647,790.0,0.3625919117647059,604.0,0.2771139705882353,563.0,0.25827205882352944,0.25827205882352944,WACC_0p9_WRT_0p1,0.4748161764705882,1008,False,,,False,False,False,False,False,147.0,0.6212765957446809
SPLL,RialtoBridgeTimelapse,1219,0.59,157,0.75,0.5906331433253553,0,41,2880,960,2,0.435,0.22340161815655707,0.31344966744806396,0.29647548276062463,0.203178710470298,0.0856129545647576,0.17579090604465697,-2.8192817631169373,2.486580303846317,-2.921841313157002,-2.3302840836398757,-3.215787996382892,1.7111958757000287,0.31344966744806396,0.43245164567439276,0.1190019782263288,0.29647548276062463,0.4129292302717632,0.11645374751113857,0.203178710470298,0.47909619368675627,0.27591748321645826,0.0856129545647576,0.3681599692291846,0.282547014664427,0.17579090604465697,0.4058138554339025,0.23002294938924556,1201.0,0.5514705882352942,567.0,0.2601102941176471,720.0,0.3304227941176471,822.0,0.3772977941176471,769.0,0.35294117647058826,0.2601102941176471,WACC_0p3_WRT_0p7,0.37444852941176476,1009,False,,,False,False,False,False,False,41.0,0.1702127659574468
SPLL,RialtoBridgeTimelapse,1214,0.49,102,0.5000000000000001,0.6918554833251341,0,14,640,1592,5,0.846,0.30261740830973394,0.18701838932650203,0.10616491888944106,0.26625779890875717,0.405714609658916,0.45601110139353523,-2.8192817631169373,2.486580303846317,-2.921841313157002,-2.3302840836398757,-3.215787996382892,1.7111958757000287,0.18701838932650203,0.3950160955665286,0.2079977062400266,0.10616491888944106,0.43522947736320505,0.329064558473764,0.26625779890875717,0.5209443834598692,0.254686584551112,0.405714609658916,0.40657726727282334,0.0008626576139073583,0.45601110139353523,0.4805627639802619,0.02455166258672664,568.0,0.26056985294117646,809.0,0.3713235294117647,932.0,0.42784926470588236,1167.0,0.5358455882352942,1275.0,0.5854779411764706,0.26056985294117646,WACC_0p1_WRT_0p9,0.4362132352941176,1010,False,,,False,False,False,False,False,14.0,0.05531914893617021
SPLL,RialtoBridgeTimelapse,1758,0.52,138,0.5750000000000002,0.6209433717076739,0,30,305,806,7,0.23,0.16773029394846464,0.2569715559243756,0.19941008567991153,0.11041341801427407,0.2872232358696034,0.3576327700668546,-2.8192817631169373,2.486580303846317,-2.921841313157002,-2.3302840836398757,-3.215787996382892,1.7111958757000287,0.2569715559243756,0.438134794784048,0.1811632388596724,0.19941008567991153,0.4130353521658858,0.2136252664859743,0.11041341801427407,0.4969896496211494,0.3865762316068753,0.2872232358696034,0.3985857908802552,0.11136255501065179,0.3576327700668546,0.4550382730189125,0.09740550295205785,1329.0,0.6102941176470589,568.0,0.26056985294117646,808.0,0.3708639705882353,1083.0,0.49724264705882354,1092.0,0.5013786764705882,0.26056985294117646,WACC_0p3_WRT_0p7,0.44806985294117646,1011,False,,,False,False,False,False,False,30.0,0.12340425531914893
SPLL,RialtoBridgeTimelapse,897,0.61,192,0.8,0.5432956643483142,0,69,1795,655,1,0.068,0.3196130889735734,0.38172493244164507,0.3769905238272911,0.3125295350291592,0.02100244397114442,0.1291105420927816,-2.8192817631169373,2.486580303846317,-2.921841313157002,-2.3302840836398757,-3.215787996382892,1.7111958757000287,0.38172493244164507,0.4399676069067302,0.05824267446508513,0.3769905238272911,0.41709192278381135,0.04010139895652026,0.3125295350291592,0.45251720785829186,0.13998767282913266,0.02100244397114442,0.3440942172436921,0.3230917732725477,0.1291105420927816,0.38542971570966655,0.25631917361688494,1371.0,0.6295955882352942,608.0,0.2789522058823529,569.0,0.2610294117647059,665.0,0.30514705882352944,656.0,0.3010110294117647,0.2610294117647059,WACC_0p5_WRT_0p5,0.3551470588235294,1012,False,,,False,False,False,False,False,69.0,0.28936170212765955
SPLL,RialtoBridgeTimelapse,1966,0.34,171,0.1250000000000001,0.5705480712116793,0,60,2105,3047,8,0.873,0.7094946685138447,0.29184521755087406,0.12626967979306514,0.6387207284673371,0.8099905547166406,0.8710418339424015,-2.8192817631169373,2.486580303846317,-2.921841313157002,-2.3302840836398757,-3.215787996382892,1.7111958757000287,0.29184521755087406,0.3951186965498095,0.10327347899893546,0.12626967979306514,0.4650401842604084,0.33877050446734325,0.6387207284673371,0.5472422343081511,0.09147849415918596,0.8099905547166406,0.4624062220032609,0.3475843327133797,0.8710418339424015,0.5363778453705678,0.33466398857183377,570.0,0.2614889705882353,1249.0,0.5735294117647058,1093.0,0.5018382352941176,1745.0,0.8014705882352942,1734.0,0.7964154411764706,0.2614889705882353,WACC_0p1_WRT_0p9,0.5869485294117648,1013,False,,,False,False,False,False,False,60.0,0.251063829787234
SPLL,RialtoBridgeTimelapse,1619,0.51,106,0.5500000000000002,0.6828420183957336,0,12,934,1764,2,0.57,0.23366002401762404,0.1965809572947417,0.12883465710718256,0.19468518891108672,0.34125238050441387,0.39590635058659274,-2.8192817631169373,2.486580303846317,-2.921841313157002,-2.3302840836398757,-3.215787996382892,1.7111958757000287,0.1965809572947417,0.39522026450670905,0.19863930721196735,0.12883465710718256,0.42627443464518516,0.2974397775380026,0.19468518891108672,0.5186321453075488,0.32394695639646204,0.34125238050441387,0.4101086092707343,0.06885622876632042,0.39590635058659274,0.46647485042032655,0.07056849983373381,571.0,0.2619485294117647,703.0,0.3226102941176471,922.0,0.42325367647058826,1195.0,0.5487132352941176,1175.0,0.5395220588235294,0.2619485294117647,WACC_0p1_WRT_0p9,0.41920955882352945,1014,False,,,False,False,False,False,False,12.0,0.04680851063829787
SPLL,RialtoBridgeTimelapse,896,0.61,264,0.8,0.4682920637394966,0,121,5000,891,5,0.001,0.42046571153856294,0.4699159183043168,0.46797036664101116,0.4126137499388648,0.05424609738289927,0.13003652044720046,-2.8192817631169373,2.486580303846317,-2.921841313157002,-2.3302840836398757,-3.215787996382892,1.7111958757000287,0.4699159183043168,0.5047541855233725,0.034838267219055696,0.46797036664101116,0.49818794599414107,0.03021757935312991,0.4126137499388648,0.5346190403537137,0.12200529041484887,0.05424609738289927,0.3231942199279901,0.2689481225450908,0.13003652044720046,0.36444659496556314,0.23441007451836268,2118.0,0.9728860294117647,1967.0,0.9034926470588235,1006.0,0.4618566176470588,571.0,0.2619485294117647,583.0,0.26746323529411764,0.2619485294117647,WACC_0p7_WRT_0p3,0.573529411764706,1015,False,,,False,False,False,False,False,121.0,0.5106382978723404
SPLL,RialtoBridgeTimelapse,1154,0.43,595,0.3500000000000001,0.2765455932569436,0,200,3121,4581,1,0.322,0.3829543907343601,0.581097048310486,0.49113497316974514,0.24942749202000417,0.42070512186332343,0.5615685419521573,-2.8192817631169373,2.486580303846317,-2.921841313157002,-2.3302840836398757,-3.215787996382892,1.7111958757000287,0.581097048310486,0.3954075561149779,0.18568949219550812,0.49113497316974514,0.45981510856620267,0.03131986460354247,0.24942749202000417,0.5973348830146836,0.3479073909946795,0.42070512186332343,0.47796169430418967,0.05725657244086624,0.5615685419521573,0.5674047830631141,0.005836241110956819,573.0,0.26286764705882354,1153.0,0.5294117647058824,1845.0,0.8474264705882353,1891.0,0.8685661764705882,1975.0,0.9071691176470589,0.26286764705882354,WACC_0p1_WRT_0p9,0.6830882352941177,1016,False,,,False,False,False,False,False,200.0,0.8468085106382979
SPLL,RialtoBridgeTimelapse,1224,0.61,185,0.8,0.5520355704497459,0,62,1230,696,6,0.292,0.30796074259487916,0.37154778946049966,0.3664837313369203,0.30095520994461455,0.023362790857242653,0.12904044592364478,-2.8192817631169373,2.486580303846317,-2.921841313157002,-2.3302840836398757,-3.215787996382892,1.7111958757000287,0.37154778946049966,0.4485689333983979,0.07702114393789822,0.3664837313369203,0.42256148738892674,0.05607775605200643,0.30095520994461455,0.45707765493162983,0.15612244498701527,0.023362790857242653,0.3239263548445665,0.30056356398732387,0.12904044592364478,0.3708675416441783,0.2418270957205335,1557.0,0.7150735294117647,661.0,0.30330882352941174,595.0,0.27297794117647056,574.0,0.2633272058823529,598.0,0.2743566176470588,0.2633272058823529,WACC_0p7_WRT_0p3,0.3658088235294118,1017,False,,,False,False,False,False,False,62.0,0.25957446808510637
SPLL,RialtoBridgeTimelapse,1424,0.46,491,0.4250000000000001,0.3219116455435173,0,189,1344,4017,3,0.72,0.36868949398338674,0.543972597362828,0.4685072372784208,0.25683624507122343,0.3529570394273102,0.4874986600695945,-2.8192817631169373,2.486580303846317,-2.921841313157002,-2.3302840836398757,-3.215787996382892,1.7111958757000287,0.543972597362828,0.3954968513981747,0.1484757459646533,0.4685072372784208,0.4603400744791879,0.008167162799232908,0.25683624507122343,0.5818517412103524,0.325015496139129,0.3529570394273102,0.4786641637963689,0.12570712436905868,0.4874986600695945,0.549221925231813,0.06172326516221849,574.0,0.2633272058823529,1161.0,0.5330882352941176,1546.0,0.7100183823529411,1900.0,0.8727022058823529,1836.0,0.8432904411764706,0.2633272058823529,WACC_0p1_WRT_0p9,0.644485294117647,1018,False,,,False,False,False,False,False,189.0,0.8
SPLL,RialtoBridgeTimelapse,50,0.61,205,0.8,0.5278743017528486,0,81,5000,1012,8,0.999,0.34022856989510974,0.3997376807378378,0.39558213302366046,0.3330006667427685,0.02132491445447917,0.12925620202693705,-2.8192817631169373,2.486580303846317,-2.921841313157002,-2.3302840836398757,-3.215787996382892,1.7111958757000287,0.3997376807378378,0.42862437630783384,0.028886695569996068,0.39558213302366046,0.44777992013150775,0.05219778710784728,0.3330006667427685,0.48842605925530846,0.15542539251253995,0.02132491445447917,0.33566565120455155,0.3143407367500724,0.12925620202693705,0.3617288500950289,0.23247264806809187,1116.0,0.5124080882352942,974.0,0.44715073529411764,762.0,0.34972426470588236,624.0,0.28630514705882354,575.0,0.26378676470588236,0.26378676470588236,WACC_0p9_WRT_0p1,0.371875,1019,False,,,False,False,False,False,False,81.0,0.3404255319148936
SPLL,RialtoBridgeTimelapse,725,0.5,269,0.5250000000000001,0.4638699754104882,0,128,3363,2760,3,0.737,0.25054492919265886,0.4100933554017145,0.34982644335734625,0.16633299082605635,0.2889926098643128,0.3947276174340824,-2.8192817631169373,2.486580303846317,-2.921841313157002,-2.3302840836398757,-3.215787996382892,1.7111958757000287,0.4100933554017145,0.39553668519681434,0.014556670204900146,0.34982644335734625,0.455227455717937,0.10540101236059074,0.16633299082605635,0.554905108851504,0.38857211802544767,0.2889926098643128,0.41281472371856753,0.12382211385425473,0.3947276174340824,0.4775167894720878,0.0827891720380054,576.0,0.26424632352941174,1070.0,0.4912683823529412,1169.0,0.5367647058823529,1226.0,0.5629595588235294,1251.0,0.5744485294117647,0.26424632352941174,WACC_0p1_WRT_0p9,0.4859375,1020,False,,,False,False,False,False,False,128.0,0.5404255319148936
SPLL,RialtoBridgeTimelapse,652,0.58,186,0.725,0.5507670696226381,0,67,4772,1715,6,0.999,0.25861022310564385,0.3518629476198442,0.3312561829193259,0.2314485001706526,0.10042394570193838,0.19898523901274934,-2.8192817631169373,2.486580303846317,-2.921841313157002,-2.3302840836398757,-3.215787996382892,1.7111958757000287,0.3518629476198442,0.39556956383315484,0.04370661621331062,0.3312561829193259,0.4507804712421035,0.11952428832277762,0.2314485001706526,0.5082151906235416,0.276766690452889,0.10042394570193838,0.36119350679893786,0.26076956109699945,0.19898523901274934,0.41150433393352026,0.21251909492077092,577.0,0.2647058823529412,1012.0,0.4646139705882353,870.0,0.3993566176470588,772.0,0.35431985294117646,799.0,0.36672794117647056,0.2647058823529412,WACC_0p1_WRT_0p9,0.36994485294117646,1021,False,,,False,False,False,False,False,67.0,0.28085106382978725
SPLL,RialtoBridgeTimelapse,907,0.6,194,0.775,0.5408567268970217,0,72,3408,714,10,0.284,0.30486065389981326,0.3764862814981821,0.3667155581172568,0.29118683427069153,0.045887843983418435,0.15195624964381396,-2.8192817631169373,2.486580303846317,-2.921841313157002,-2.3302840836398757,-3.215787996382892,1.7111958757000287,0.3764862814981821,0.4996661252404026,0.12317984374222052,0.3667155581172568,0.4687467391454833,0.1020311810282265,0.29118683427069153,0.49561924962111903,0.2044324153504275,0.045887843983418435,0.324874340028925,0.27898649604550657,0.15195624964381396,0.37885298637996734,0.22689673673615338,2102.0,0.9655330882352942,1329.0,0.6102941176470589,801.0,0.36764705882352944,578.0,0.26516544117647056,628.0,0.2881433823529412,0.26516544117647056,WACC_0p7_WRT_0p3,0.49935661764705885,1022,False,,,False,False,False,False,False,72.0,0.3021276595744681
SPLL,RialtoBridgeTimelapse,1954,0.46,644,0.4250000000000001,0.2578538982147149,0,205,3529,4773,2,0.483,0.44748126722260834,0.6113576662704103,0.5389861500399191,0.3363528156052422,0.3328969351765473,0.48367869924214457,-2.8192817631169373,2.486580303846317,-2.921841313157002,-2.3302840836398757,-3.215787996382892,1.7111958757000287,0.6113576662704103,0.3957945059703585,0.21556316030005185,0.5389861500399191,0.4691744170912771,0.06981173294864201,0.3363528156052422,0.5987915511149875,0.2624387355097453,0.3328969351765473,0.47697503937769425,0.14407810420114697,0.48367869924214457,0.5566283839838643,0.0729496847417197,578.0,0.26516544117647056,1339.0,0.6148897058823529,1876.0,0.8616727941176471,1885.0,0.8658088235294118,1895.0,0.8704044117647058,0.26516544117647056,WACC_0p1_WRT_0p9,0.6955882352941176,1023,False,,,False,False,False,False,False,205.0,0.8680851063829788
SPLL,RialtoBridgeTimelapse,368,0.61,235,0.8,0.4957106192094297,0,104,5000,816,10,0.999,0.3834341983362078,0.43751440996115804,0.43455640246324045,0.37588113799050754,0.03907635546796545,0.12963907211716733,-2.8192817631169373,2.486580303846317,-2.921841313157002,-2.3302840836398757,-3.215787996382892,1.7111958757000287,0.43751440996115804,0.4436700471863552,0.006155637225197186,0.43455640246324045,0.4345684038131502,1.2001349909751546e-05,0.37588113799050754,0.4624075110996458,0.08652637310913824,0.03907635546796545,0.3315735054897529,0.29249715002178744,0.12963907211716733,0.3625217012289261,0.23288262911175875,1446.0,0.6640625,801.0,0.36764705882352944,624.0,0.28630514705882354,603.0,0.2766544117647059,579.0,0.265625,0.265625,WACC_0p9_WRT_0p1,0.3720588235294118,1024,False,,,False,False,False,False,False,104.0,0.43829787234042555
SPLL,RialtoBridgeTimelapse,2042,0.54,243,0.6250000000000002,0.4878240610033443,0,111,4883,2536,5,0.935,0.27733175361728674,0.4000726912036388,0.3607501222983384,0.2221739954270105,0.1878683899175045,0.29465692138730437,-2.8192817631169373,2.486580303846317,-2.921841313157002,-2.3302840836398757,-3.215787996382892,1.7111958757000287,0.4000726912036388,0.3958430851885901,0.004229606015048681,0.3607501222983384,0.4484849326647279,0.08773481036638947,0.2221739954270105,0.5383602397284334,0.3161862443014229,0.1878683899175045,0.4002764548464059,0.21240806492890138,0.29465692138730437,0.44705183873736143,0.15239491735005706,579.0,0.265625,982.0,0.4508272058823529,1032.0,0.47380514705882354,1094.0,0.5022977941176471,1030.0,0.4728860294117647,0.265625,WACC_0p1_WRT_0p9,0.43308823529411755,1025,False,,,False,False,False,False,False,111.0,0.46808510638297873
SPLL,RialtoBridgeTimelapse,447,0.58,236,0.725,0.4947103012816212,0,107,1334,1160,8,0.999,0.3310296617510811,0.4147379593178399,0.3964071232286708,0.3037119933221332,0.08467750056973711,0.19829300403093617,-2.8192817631169373,2.486580303846317,-2.921841313157002,-2.3302840836398757,-3.215787996382892,1.7111958757000287,0.4147379593178399,0.39725839731556656,0.017479562002273352,0.3964071232286708,0.41432107525292167,0.01791395202425089,0.3037119933221332,0.4687760068718495,0.16506401354971628,0.08467750056973711,0.3601126320051713,0.2754351314354342,0.19829300403093617,0.4014278047953807,0.20313480076444454,598.0,0.2743566176470588,580.0,0.26608455882352944,661.0,0.30330882352941174,765.0,0.35110294117647056,741.0,0.3400735294117647,0.26608455882352944,WACC_0p3_WRT_0p7,0.3069852941176471,1026,False,,,False,False,False,False,False,107.0,0.451063829787234
SPLL,RialtoBridgeTimelapse,1342,0.4,708,0.2750000000000001,0.2354726860990873,0,213,2946,4566,7,0.795,0.39242319082923016,0.6143145298326699,0.5095497412311293,0.2370081108074337,0.49023213216798045,0.6364552339750537,-2.8192817631169373,2.486580303846317,-2.921841313157002,-2.3302840836398757,-3.215787996382892,1.7111958757000287,0.6143145298326699,0.39585590501210605,0.21845862482056383,0.5095497412311293,0.48251993617134387,0.027029805059785417,0.2370081108074337,0.5922874359887869,0.3552793251813532,0.49023213216798045,0.49482805741763136,0.004595925249650912,0.6364552339750537,0.5789094847756177,0.057545749199436,580.0,0.26608455882352944,1622.0,0.7449448529411765,1731.0,0.7950367647058824,2007.0,0.921875,2036.0,0.9352022058823529,0.26608455882352944,WACC_0p1_WRT_0p9,0.7326286764705883,1027,False,,,False,False,False,False,False,213.0,0.902127659574468
SPLL,RialtoBridgeTimelapse,143,0.61,293,0.8,0.4437237807444882,0,135,1194,696,10,0.001,0.453786425882673,0.49908543672194516,0.49804191405446546,0.4456525216533711,0.06786679660491403,0.1304386912156276,-2.8192817631169373,2.486580303846317,-2.921841313157002,-2.3302840836398757,-3.215787996382892,1.7111958757000287,0.49908543672194516,0.5079538710435608,0.00886843432161566,0.49804191405446546,0.4660312447704994,0.032010669283966064,0.4456525216533711,0.4777732558491119,0.0321207341957408,0.06786679660491403,0.3254652465760418,0.2575984499711278,0.1304386912156276,0.37096388958224197,0.24052519836661437,2123.0,0.9751838235294118,1271.0,0.5836397058823529,710.0,0.3258272058823529,581.0,0.2665441176470588,599.0,0.27481617647058826,0.2665441176470588,WACC_0p7_WRT_0p3,0.48520220588235297,1028,False,,,False,False,False,False,False,135.0,0.5702127659574469
SPLL,RialtoBridgeTimelapse,1478,0.44,437,0.3750000000000001,0.3494157902777468,0,180,3418,4685,4,0.686,0.30846119150080736,0.5095741115869491,0.4214074496758698,0.18108508066286716,0.4172925270868869,0.54174163973345,-2.8192817631169373,2.486580303846317,-2.921841313157002,-2.3302840836398757,-3.215787996382892,1.7111958757000287,0.5095741115869491,0.3960156180455904,0.11355849354135872,0.4214074496758698,0.48748108845587806,0.06607363878000827,0.18108508066286716,0.6037355528172826,0.4226504721544155,0.4172925270868869,0.48202679484533706,0.06473426775845015,0.54174163973345,0.5580912502145638,0.01634961048111383,582.0,0.26700367647058826,1750.0,0.8037683823529411,1947.0,0.8943014705882353,1928.0,0.8855698529411765,1904.0,0.8745404411764706,0.26700367647058826,WACC_0p1_WRT_0p9,0.7450367647058823,1029,False,,,False,False,False,False,False,180.0,0.7617021276595745
SPLL,RialtoBridgeTimelapse,45,0.57,218,0.7,0.5133969718500324,0,96,1469,1629,1,0.303,0.2906226116157761,0.38750704759808025,0.3631637545381685,0.2565238864088951,0.11594649868696849,0.22222750570517644,-2.8192817631169373,2.486580303846317,-2.921841313157002,-2.3302840836398757,-3.215787996382892,1.7111958757000287,0.38750704759808025,0.4070378035086391,0.01953075591055886,0.3631637545381685,0.4146237784960446,0.05146002395787608,0.2565238864088951,0.4949787658451517,0.2384548794362566,0.11594649868696849,0.4031101509901402,0.2871636523031717,0.22222750570517644,0.45383254576742926,0.23160504006225283,739.0,0.3391544117647059,583.0,0.26746323529411764,799.0,0.36672794117647056,1129.0,0.5183823529411765,1078.0,0.49494485294117646,0.26746323529411764,WACC_0p3_WRT_0p7,0.3973345588235294,1030,False,,,False,False,False,False,False,96.0,0.40425531914893614
SPLL,RialtoBridgeTimelapse,1512,0.35,304,0.15,0.4350339116223998,0,147,2077,2670,8,0.893,0.588541606102538,0.4132090410606453,0.2658341731692136,0.4808495929957062,0.7124385116025309,0.8047855185067267,-2.8192817631169373,2.486580303846317,-2.921841313157002,-2.3302840836398757,-3.215787996382892,1.7111958757000287,0.4132090410606453,0.39620367723095334,0.017005363829691977,0.2658341731692136,0.47333368284655564,0.20749950967734204,0.4808495929957062,0.5379595262477013,0.05710993325199509,0.7124385116025309,0.44633389221788217,0.26610461938464874,0.8047855185067267,0.5166602928406762,0.2881252256660506,583.0,0.26746323529411764,1418.0,0.6511948529411765,1030.0,0.4728860294117647,1603.0,0.7362132352941176,1578.0,0.7247242647058824,0.26746323529411764,WACC_0p1_WRT_0p9,0.5704963235294118,1031,False,,,False,False,False,False,False,147.0,0.6212765957446809
SPLL,RialtoBridgeTimelapse,376,0.61,164,0.8,0.580377519822145,0,46,1540,682,3,0.001,0.27034270015298767,0.33871545340908243,0.33257314524089987,0.26356874449307144,0.031049323213580633,0.12888376642714913,-2.8192817631169373,2.486580303846317,-2.921841313157002,-2.3302840836398757,-3.215787996382892,1.7111958757000287,0.33871545340908243,0.46712241993694664,0.1284069665278642,0.33257314524089987,0.4152965752975794,0.08272343005667954,0.26356874449307144,0.4563304789293979,0.19276173443632644,0.031049323213580633,0.34089693266170823,0.3098476094481276,0.12888376642714913,0.39204430327839296,0.26316053685124385,1845.0,0.8474264705882353,584.0,0.2679227941176471,590.0,0.27068014705882354,650.0,0.29825367647058826,686.0,0.3147977941176471,0.2679227941176471,WACC_0p3_WRT_0p7,0.3998161764705882,1032,False,,,False,False,False,False,False,46.0,0.19148936170212766
SPLL,RialtoBridgeTimelapse,1319,0.43,87,0.3500000000000001,0.7290905112468236,0,9,288,1689,3,0.607,0.5253942160072922,0.1542390291848053,0.04495541754737329,0.49806649916049156,0.6136893589124691,0.6494818558483749,-2.8192817631169373,2.486580303846317,-2.921841313157002,-2.3302840836398757,-3.215787996382892,1.7111958757000287,0.1542390291848053,0.3962468618910398,0.2420078327062345,0.04495541754737329,0.4290048844904783,0.384049466943105,0.49806649916049156,0.5311223523456,0.03305585318510845,0.6136893589124691,0.48504576865315036,0.12864359025931876,0.6494818558483749,0.5544850724827329,0.09499678336564199,584.0,0.2679227941176471,733.0,0.33639705882352944,987.0,0.453125,1950.0,0.8956801470588235,1874.0,0.8607536764705882,0.2679227941176471,WACC_0p1_WRT_0p9,0.5627757352941176,1033,False,,,False,False,False,False,False,9.0,0.03404255319148936
SPLL,RialtoBridgeTimelapse,921,0.6,193,0.775,0.5420730526481163,0,71,1099,793,4,0.126,0.30325739720123035,0.3750886308045254,0.36527096100792694,0.28959201051231565,0.04622014225146206,0.15195449809366812,-2.8192817631169373,2.486580303846317,-2.921841313157002,-2.3302840836398757,-3.215787996382892,1.7111958757000287,0.3750886308045254,0.4423155163796016,0.06722688557507617,0.36527096100792694,0.41807679961861943,0.05280583861069249,0.28959201051231565,0.4556407308531393,0.16604872034082363,0.04622014225146206,0.35383359569960504,0.307613453448143,0.15195449809366812,0.4135584368641032,0.2616039387704351,1417.0,0.6507352941176471,621.0,0.2849264705882353,586.0,0.2688419117647059,711.0,0.32628676470588236,816.0,0.37454044117647056,0.2688419117647059,WACC_0p5_WRT_0p5,0.3810661764705882,1034,False,,,False,False,False,False,False,71.0,0.2978723404255319
SPLL,RialtoBridgeTimelapse,795,0.61,221,0.8,0.5101782169264885,0,95,1495,616,5,0.221,0.36396654429719966,0.4204889406287715,0.4169937459144455,0.35656347250034875,0.03108563273109966,0.1294546305004687,-2.8192817631169373,2.486580303846317,-2.921841313157002,-2.3302840836398757,-3.215787996382892,1.7111958757000287,0.4204889406287715,0.4601060783172708,0.03961713768849928,0.4169937459144455,0.42743547855375574,0.010441732639310253,0.35656347250034875,0.4663451293950927,0.10978165689474395,0.03108563273109966,0.336161063727688,0.30507543099658835,0.1294546305004687,0.3666111866403552,0.23715655613988648,1743.0,0.8005514705882353,715.0,0.328125,643.0,0.29503676470588236,627.0,0.28768382352941174,586.0,0.2688419117647059,0.2688419117647059,WACC_0p9_WRT_0p1,0.39604779411764707,1035,False,,,False,False,False,False,False,95.0,0.4
SPLL,RialtoBridgeTimelapse,145,0.61,230,0.8,0.500776655135883,0,100,1526,727,10,0.86,0.37661137339955336,0.4315468042781374,0.4284009473646063,0.3691114855475548,0.0362771980500503,0.12957235300847814,-2.8192817631169373,2.486580303846317,-2.921841313157002,-2.3302840836398757,-3.215787996382892,1.7111958757000287,0.4315468042781374,0.4546550267152721,0.023108222437134673,0.4284009473646063,0.4582649675968823,0.029864020232275967,0.3691114855475548,0.48819105816168606,0.11907957261413127,0.0362771980500503,0.32688608881999726,0.29060889076994695,0.12957235300847814,0.3699918172656701,0.24041946425719196,1660.0,0.7624080882352942,1122.0,0.5151654411764706,759.0,0.3483455882352941,586.0,0.2688419117647059,595.0,0.27297794117647056,0.2688419117647059,WACC_0p7_WRT_0p3,0.4335477941176471,1036,False,,,False,False,False,False,False,100.0,0.42127659574468085
SPLL,RialtoBridgeTimelapse,390,0.61,207,0.8,0.5255885367494147,0,83,1285,592,6,0.558,0.3432899745710911,0.40241331185087975,0.3983432823662983,0.33603999430628917,0.022584864729840958,0.12928003107463684,-2.8192817631169373,2.486580303846317,-2.921841313157002,-2.3302840836398757,-3.215787996382892,1.7111958757000287,0.40241331185087975,0.44777449471010927,0.04536118285922952,0.3983432823662983,0.42599778797184323,0.027654505605544943,0.33603999430628917,0.4691336059368105,0.13309361163052136,0.022584864729840958,0.32727435650768627,0.3046894917778453,0.12928003107463684,0.37962498306334647,0.25034495198870965,1538.0,0.7063419117647058,699.0,0.32077205882352944,663.0,0.30422794117647056,587.0,0.2693014705882353,633.0,0.29044117647058826,0.2693014705882353,WACC_0p7_WRT_0p3,0.3782169117647059,1037,False,,,False,False,False,False,False,83.0,0.34893617021276596
SPLL,RialtoBridgeTimelapse,760,0.44,226,0.3750000000000001,0.5049090717776001,0,103,502,3128,3,0.677,0.34818593311752655,0.3565307580438072,0.2589637275695544,0.2592018488696747,0.4743978331178317,0.5615780659151925,-2.8192817631169373,2.486580303846317,-2.921841313157002,-2.3302840836398757,-3.215787996382892,1.7111958757000287,0.3565307580438072,0.39645188218690725,0.03992112414310006,0.2589637275695544,0.45037993552738775,0.19141620795783337,0.2592018488696747,0.559861704820798,0.3006598559511233,0.4743978331178317,0.476473198649264,0.0020753655314323383,0.5615780659151925,0.5484596413783674,0.013118424536825102,587.0,0.2693014705882353,1008.0,0.46277573529411764,1226.0,0.5629595588235294,1879.0,0.8630514705882353,1824.0,0.8377757352941176,0.2693014705882353,WACC_0p1_WRT_0p9,0.5991727941176471,1038,False,,,False,False,False,False,False,103.0,0.4340425531914894
SPLL,RialtoBridgeTimelapse,217,0.61,159,0.8,0.5876573199694053,0,41,1555,890,10,0.999,0.26072471365903716,0.33032748776360477,0.3239056101381738,0.25400433582774135,0.03303300817491255,0.12886301275733927,-2.8192817631169373,2.486580303846317,-2.921841313157002,-2.3302840836398757,-3.215787996382892,1.7111958757000287,0.33032748776360477,0.42884213382647557,0.0985146460628708,0.3239056101381738,0.4301793710282225,0.1062737608900487,0.25400433582774135,0.46783267765648495,0.2138283418287436,0.03303300817491255,0.32794659765367723,0.29491358947876467,0.12886301275733927,0.3721585806868241,0.24329556792948484,1120.0,0.5142463235294118,748.0,0.34329044117647056,653.0,0.29963235294117646,589.0,0.2702205882352941,601.0,0.2757352941176471,0.2702205882352941,WACC_0p7_WRT_0p3,0.340625,1039,False,,,False,False,False,False,False,41.0,0.1702127659574468
SPLL,RialtoBridgeTimelapse,155,0.61,221,0.8,0.5101782169264885,0,95,1484,567,5,0.062,0.36396654429719966,0.4204889406287715,0.4169937459144455,0.35656347250034875,0.03108563273109966,0.1294546305004687,-2.8192817631169373,2.486580303846317,-2.921841313157002,-2.3302840836398757,-3.215787996382892,1.7111958757000287,0.4204889406287715,0.4672615783579976,0.046772637729226074,0.4169937459144455,0.42344780746096905,0.00645406154652356,0.35656347250034875,0.4561788407961503,0.09961536829580153,0.03108563273109966,0.3302028567485673,0.29911722401746765,0.1294546305004687,0.3697175292949296,0.24026289879446092,1847.0,0.8483455882352942,670.0,0.30744485294117646,589.0,0.2702205882352941,597.0,0.27389705882352944,591.0,0.2711397058823529,0.2702205882352941,WACC_0p5_WRT_0p5,0.3942095588235294,1040,False,,,False,False,False,False,False,95.0,0.4
SPLL,RialtoBridgeTimelapse,1749,0.34,218,0.1250000000000001,0.5133969718500324,0,98,2064,3586,4,0.696,0.6705044599191844,0.34203901996343233,0.18182362129287455,0.5844073766218084,0.7801863028428636,0.8538296979058446,-2.8192817631169373,2.486580303846317,-2.921841313157002,-2.3302840836398757,-3.215787996382892,1.7111958757000287,0.34203901996343233,0.39666727685604036,0.05462825689260803,0.18182362129287455,0.46406217434041236,0.2822385530475378,0.5844073766218084,0.5703936501583086,0.014013726463499854,0.7801863028428636,0.4798897023303398,0.3002966005125238,0.8538296979058446,0.561315858970549,0.2925138389352956,589.0,0.2702205882352941,1233.0,0.5661764705882353,1372.0,0.6300551470588235,1910.0,0.8772977941176471,1934.0,0.8883272058823529,0.2702205882352941,WACC_0p1_WRT_0p9,0.6464154411764705,1041,False,,,False,False,False,False,False,98.0,0.4127659574468085
SPLL,RialtoBridgeTimelapse,1182,0.61,138,0.8,0.6209433717076739,0,24,3263,743,5,0.616,0.2170046166586357,0.29223897962242135,0.2845219098484904,0.21049250157174917,0.04216566999712138,0.12888964992432678,-2.8192817631169373,2.486580303846317,-2.921841313157002,-2.3302840836398757,-3.215787996382892,1.7111958757000287,0.29223897962242135,0.45580860914961013,0.1635696295271888,0.2845219098484904,0.4511869629052604,0.16666505305676999,0.21049250157174917,0.48895891578406253,0.27846641421231333,0.04216566999712138,0.3282874483598991,0.2861217783627777,0.12888964992432678,0.37743002831312844,0.24854037838880166,1683.0,0.7729779411764706,1018.0,0.46737132352941174,767.0,0.35202205882352944,590.0,0.27068014705882354,625.0,0.2867647058823529,0.27068014705882354,WACC_0p7_WRT_0p3,0.4299632352941177,1042,False,,,False,False,False,False,False,24.0,0.09787234042553192
SPLL,RialtoBridgeTimelapse,958,0.61,188,0.8,0.548250292296512,0,65,4650,1053,8,0.759,0.31300454441042036,0.3759526573174425,0.37103152085736185,0.30596557349449705,0.022340004982812127,0.1290696430268489,-2.8192817631169373,2.486580303846317,-2.921841313157002,-2.3302840836398757,-3.215787996382892,1.7111958757000287,0.3759526573174425,0.4736610591471479,0.09770840182970542,0.37103152085736185,0.4839424788263516,0.11291095796898976,0.30596557349449705,0.5328026993744741,0.22683712587997706,0.022340004982812127,0.3369811532256281,0.31464114824281597,0.1290696430268489,0.36961388506466536,0.24054424203781646,1917.0,0.8805147058823529,1662.0,0.7633272058823529,994.0,0.4563419117647059,630.0,0.2890625,590.0,0.27068014705882354,0.27068014705882354,WACC_0p9_WRT_0p1,0.5319852941176471,1043,False,,,False,False,False,False,False,65.0,0.2723404255319149
SPLL,RialtoBridgeTimelapse,1950,0.44,268,0.3750000000000001,0.4647478051280819,0,130,2852,3316,7,0.769,0.32577357275115576,0.3951451568276807,0.3002122005932308,0.22496383112149573,0.4587139697158766,0.5553400206740614,-2.8192817631169373,2.486580303846317,-2.921841313157002,-2.3302840836398757,-3.215787996382892,1.7111958757000287,0.3951451568276807,0.396705169562394,0.0015600127347132897,0.3002122005932308,0.465094799220808,0.1648825986275772,0.22496383112149573,0.5713575799622966,0.3463937488408009,0.4587139697158766,0.46861943616877616,0.00990546645289958,0.5553400206740614,0.5281608835686504,0.027179137105410978,590.0,0.27068014705882354,1251.0,0.5744485294117647,1391.0,0.6387867647058824,1814.0,0.8331801470588235,1674.0,0.7688419117647058,0.27068014705882354,WACC_0p1_WRT_0p9,0.6171875,1044,False,,,False,False,False,False,False,130.0,0.548936170212766
SPLL,RialtoBridgeTimelapse,1784,0.61,290,0.8,0.4461502106043822,0,133,4155,763,8,0.334,0.4504901368751517,0.49619925209315346,0.49506683187605105,0.4423846117059242,0.06652043948073057,0.13039723431215341,-2.8192817631169373,2.486580303846317,-2.921841313157002,-2.3302840836398757,-3.215787996382892,1.7111958757000287,0.49619925209315346,0.49893977716209986,0.002740525068946398,0.49506683187605105,0.4653321905640502,0.029734641312000876,0.4423846117059242,0.49857730139965556,0.05619268969373137,0.06652043948073057,0.3283164089415747,0.26179596946084416,0.13039723431215341,0.38048313724798694,0.25008590293583355,2099.0,0.9641544117647058,1254.0,0.5758272058823529,817.0,0.375,591.0,0.2711397058823529,638.0,0.2927389705882353,0.2711397058823529,WACC_0p7_WRT_0p3,0.49577205882352937,1045,False,,,False,False,False,False,False,133.0,0.5617021276595745
SPLL,RialtoBridgeTimelapse,322,0.6,218,0.775,0.5133969718500324,0,93,4484,1078,2,0.696,0.34118167570064056,0.40816839201855315,0.3994497424325749,0.3273001939955978,0.0384141836158728,0.15205290697525345,-2.8192817631169373,2.486580303846317,-2.921841313157002,-2.3302840836398757,-3.215787996382892,1.7111958757000287,0.40816839201855315,0.41160742644598347,0.003439034427430321,0.3994497424325749,0.4158691541585883,0.016419411726013355,0.3273001939955978,0.47509613967030107,0.14779594567470328,0.0384141836158728,0.36007107582259273,0.32165689220671995,0.15205290697525345,0.39118579997635256,0.2391328930010991,816.0,0.37454044117647056,592.0,0.27159926470588236,696.0,0.3193933823529412,763.0,0.35018382352941174,681.0,0.3125,0.27159926470588236,WACC_0p3_WRT_0p7,0.32564338235294116,1046,False,,,False,False,False,False,False,93.0,0.39148936170212767
SPLL,RialtoBridgeTimelapse,226,0.61,177,0.8,0.5624361392270425,0,55,5000,884,10,0.999,0.2941253823116828,0.35946820190677203,0.3540102007383278,0.28720881648048047,0.02617735666963663,0.1289698055648417,-2.8192817631169373,2.486580303846317,-2.921841313157002,-2.3302840836398757,-3.215787996382892,1.7111958757000287,0.35946820190677203,0.44131659764491626,0.08184839573814423,0.3540102007383278,0.43838888525571784,0.08437868451739006,0.28720881648048047,0.48144468863188666,0.1942358721514062,0.02617735666963663,0.34514752311915914,0.31897016644952253,0.1289698055648417,0.3697732699676847,0.24080346440284303,1399.0,0.6424632352941176,839.0,0.3851102941176471,730.0,0.3350183823529412,671.0,0.3079044117647059,592.0,0.27159926470588236,0.27159926470588236,WACC_0p9_WRT_0p1,0.3884191176470588,1047,False,,,False,False,False,False,False,55.0,0.2297872340425532
SPLL,RialtoBridgeTimelapse,1304,0.38,456,0.2250000000000001,0.3393697627017129,0,186,2440,3980,8,0.859,0.4398323789432937,0.5068101517712923,0.3843593797047964,0.3039413946267772,0.5842499466755542,0.7024978057354154,-2.8192817631169373,2.486580303846317,-2.921841313157002,-2.3302840836398757,-3.215787996382892,1.7111958757000287,0.5068101517712923,0.3967718500610364,0.11003830171025591,0.3843593797047964,0.4784238321160899,0.09406445241129352,0.3039413946267772,0.5879193867356349,0.2839779921088577,0.5842499466755542,0.48761270510638743,0.09663724156916675,0.7024978057354154,0.5638570340662755,0.1386407716691399,592.0,0.27159926470588236,1535.0,0.7049632352941176,1648.0,0.7568933823529411,1964.0,0.9021139705882353,1953.0,0.8970588235294118,0.27159926470588236,WACC_0p1_WRT_0p9,0.7065257352941177,1048,False,,,False,False,False,False,False,186.0,0.7872340425531915
SPLL,RialtoBridgeTimelapse,1806,0.55,133,0.6500000000000002,0.6296100858099285,0,25,332,641,10,0.881,0.11735874973505417,0.2551843302105783,0.21445811565575013,0.06779339833954623,0.20547247387444809,0.2781927031081748,-2.8192817631169373,2.486580303846317,-2.921841313157002,-2.3302840836398757,-3.215787996382892,1.7111958757000287,0.2551843302105783,0.41528711151758585,0.16010278130700756,0.21445811565575013,0.41591723136416175,0.20145911570841163,0.06779339833954623,0.4636901873462084,0.3958967890066622,0.20547247387444809,0.36891561281915997,0.16344313894471188,0.2781927031081748,0.39553060661514755,0.11733790350697276,877.0,0.4025735294117647,593.0,0.27205882352941174,636.0,0.29181985294117646,828.0,0.38005514705882354,708.0,0.3249080882352941,0.27205882352941174,WACC_0p3_WRT_0p7,0.3342830882352941,1049,False,,,False,False,False,False,False,25.0,0.10212765957446808
SPLL,RialtoBridgeTimelapse,1241,0.61,209,0.8,0.5233246454307502,0,85,4153,790,7,0.676,0.3463235071531204,0.40506476046849027,0.401079363470635,0.3390514955946886,0.02383299845240243,0.12930417522988433,-2.8192817631169373,2.486580303846317,-2.921841313157002,-2.3302840836398757,-3.215787996382892,1.7111958757000287,0.40506476046849027,0.46776052150621544,0.06269576103772517,0.401079363470635,0.46491010882948086,0.06383074535884586,0.3390514955946886,0.5045095910188766,0.165458095424188,0.02383299845240243,0.3291950723968677,0.30536207394446524,0.12930417522988433,0.3750422771766885,0.24573810194680415,1857.0,0.8529411764705882,1248.0,0.5730698529411765,846.0,0.3883272058823529,593.0,0.27205882352941174,615.0,0.2821691176470588,0.27205882352941174,WACC_0p7_WRT_0p3,0.4737132352941177,1050,False,,,False,False,False,False,False,85.0,0.3574468085106383
SPLL,RialtoBridgeTimelapse,2032,0.33,366,0.1000000000000001,0.391255721049039,0,167,2154,3896,3,0.681,0.6251108845369858,0.45207213703267024,0.295734378351581,0.5052248945508397,0.7531417312239693,0.8531133721742754,-2.8192817631169373,2.486580303846317,-2.921841313157002,-2.3302840836398757,-3.215787996382892,1.7111958757000287,0.45207213703267024,0.3968006491276801,0.055271487904990146,0.295734378351581,0.46538923922393205,0.16965486087235104,0.5052248945508397,0.5794461985822937,0.074221304031454,0.7531417312239693,0.49974082124196606,0.25340090998200326,0.8531133721742754,0.5738093697874682,0.2793040023868072,593.0,0.27205882352941174,1256.0,0.5767463235294118,1514.0,0.6953125,2037.0,0.9356617647058824,2009.0,0.9227941176470589,0.27205882352941174,WACC_0p1_WRT_0p9,0.680514705882353,1051,False,,,False,False,False,False,False,167.0,0.7063829787234043
SPLL,RialtoBridgeTimelapse,315,0.6,191,0.775,0.5445246273066155,0,69,1438,960,10,0.999,0.3000274403072598,0.3722731253211467,0.3623607355036014,0.28637883902329525,0.04689026490027451,0.15195166809239555,-2.8192817631169373,2.486580303846317,-2.921841313157002,-2.3302840836398757,-3.215787996382892,1.7111958757000287,0.3722731253211467,0.4313378857255256,0.05906476040437891,0.3623607355036014,0.4299752745132006,0.06761453900959918,0.28637883902329525,0.473040511358527,0.18666167233523173,0.04689026490027451,0.3425930304071361,0.2957027655068616,0.15195166809239555,0.36994854613120925,0.2179968780388137,1181.0,0.5422794117647058,744.0,0.3414522058823529,682.0,0.31295955882352944,658.0,0.30193014705882354,594.0,0.2725183823529412,0.2725183823529412,WACC_0p9_WRT_0p1,0.3542279411764706,1052,False,,,False,False,False,False,False,69.0,0.28936170212765955
SPLL,RialtoBridgeTimelapse,208,0.62,226,0.8250000000000001,0.5049090717776001,0,85,5000,719,3,0.326,0.3906143422182806,0.4363185800860123,0.438074442273185,0.38954552596558845,0.05658704846177774,0.10728516504074467,-2.8192817631169373,2.486580303846317,-2.921841313157002,-2.3302840836398757,-3.215787996382892,1.7111958757000287,0.4363185800860123,0.4649573266856883,0.028638746599675968,0.438074442273185,0.45746173222815617,0.019387289954971187,0.38954552596558845,0.4810109116494855,0.09146538568389706,0.05658704846177774,0.32964962109735246,0.2730625726355747,0.10728516504074467,0.3715216041117401,0.2642364390709955,1811.0,0.8318014705882353,1107.0,0.5082720588235294,725.0,0.3327205882352941,594.0,0.2725183823529412,600.0,0.27527573529411764,0.2725183823529412,WACC_0p7_WRT_0p3,0.44411764705882356,1053,False,,,False,False,False,False,False,85.0,0.3574468085106383
SPLL,RialtoBridgeTimelapse,670,0.61,179,0.8,0.5597928174542224,0,57,3570,825,4,0.138,0.29763838524529546,0.3625349368568934,0.35717723627716713,0.29069962421189405,0.025461404333359954,0.1289863885942652,-2.8192817631169373,2.486580303846317,-2.921841313157002,-2.3302840836398757,-3.215787996382892,1.7111958757000287,0.3625349368568934,0.4657779046803646,0.1032429678234712,0.35717723627716713,0.44482036537123576,0.08764312909406863,0.29069962421189405,0.4975176425321007,0.20681801832020663,0.025461404333359954,0.32978193055197685,0.3043205262186169,0.1289863885942652,0.3997666958576951,0.2707803072634299,1825.0,0.8382352941176471,936.0,0.4296875,809.0,0.3713235294117647,596.0,0.2734375,731.0,0.33547794117647056,0.2734375,WACC_0p7_WRT_0p3,0.4496323529411764,1054,False,,,False,False,False,False,False,57.0,0.23829787234042554
SPLL,RialtoBridgeTimelapse,1759,0.54,197,0.6250000000000002,0.5372448271593553,0,77,4302,3023,2,0.639,0.2160739441219438,0.3475280461407996,0.305893844641106,0.16048840612096366,0.20302010567360318,0.29716145282936407,-2.8192817631169373,2.486580303846317,-2.921841313157002,-2.3302840836398757,-3.215787996382892,1.7111958757000287,0.3475280461407996,0.3971629468868668,0.049634900746067245,0.305893844641106,0.44054589698868457,0.13465205234757854,0.16048840612096366,0.5570742344121461,0.39658582829118244,0.20302010567360318,0.41904855852944717,0.216028452855844,0.29716145282936407,0.47169288642496715,0.17453143359560308,596.0,0.2734375,871.0,0.39981617647058826,1190.0,0.5464154411764706,1306.0,0.5997242647058824,1210.0,0.5556066176470589,0.2734375,WACC_0p1_WRT_0p9,0.475,1055,False,,,False,False,False,False,False,77.0,0.32340425531914896
SPLL,RialtoBridgeTimelapse,1668,0.61,181,0.8,0.5571787042544939,0,59,3284,603,5,0.259,0.301114782903752,0.365570023260412,0.3603113929020522,0.2941537896797475,0.024753790350779938,0.12900371860521626,-2.8192817631169373,2.486580303846317,-2.921841313157002,-2.3302840836398757,-3.215787996382892,1.7111958757000287,0.365570023260412,0.4699337226294324,0.1043636993690204,0.3603113929020522,0.4547858069781,0.09447441407604779,0.2941537896797475,0.47372902015960944,0.17957523047986196,0.024753790350779938,0.3313226693578294,0.30656887900704943,0.12900371860521626,0.3706202040719408,0.24161648546672454,1867.0,0.8575367647058824,1064.0,0.4885110294117647,684.0,0.31387867647058826,601.0,0.2757352941176471,597.0,0.27389705882352944,0.27389705882352944,WACC_0p9_WRT_0p1,0.44191176470588245,1056,False,,,False,False,False,False,False,59.0,0.24680851063829787
SPLL,RialtoBridgeTimelapse,917,0.58,152,0.725,0.5982407067832671,0,38,4790,1767,3,0.823,0.19824025687034078,0.2996561086770333,0.2770272012495986,0.17102766564467184,0.11414250757926782,0.2001824276546504,-2.8192817631169373,2.486580303846317,-2.921841313157002,-2.3302840836398757,-3.215787996382892,1.7111958757000287,0.2996561086770333,0.399581639877495,0.09992553120046171,0.2770272012495986,0.41644769887889455,0.13942049762929593,0.17102766564467184,0.4872488683815219,0.31622120273685006,0.11414250757926782,0.35518143986698386,0.24103893228771606,0.2001824276546504,0.4107594148616501,0.21057698720699966,631.0,0.28952205882352944,599.0,0.27481617647058826,755.0,0.34650735294117646,725.0,0.3327205882352941,794.0,0.36443014705882354,0.27481617647058826,WACC_0p3_WRT_0p7,0.3215992647058824,1057,False,,,False,False,False,False,False,38.0,0.1574468085106383
SPLL,RialtoBridgeTimelapse,2073,0.56,129,0.6750000000000003,0.6367795689407558,0,22,2395,688,9,0.653,0.12208280748612517,0.25079790166257704,0.21534762664376253,0.07993274257301493,0.1801375082633568,0.25268817972281005,-2.8192817631169373,2.486580303846317,-2.921841313157002,-2.3302840836398757,-3.215787996382892,1.7111958757000287,0.25079790166257704,0.44791474649868157,0.19711684483610453,0.21534762664376253,0.4385418151038157,0.22319418846005315,0.07993274257301493,0.4844655196893148,0.40453277711629987,0.1801375082633568,0.3308821860769071,0.1507446778135503,0.25268817972281005,0.3797688868260374,0.12708070710322733,1540.0,0.7072610294117647,844.0,0.3874080882352941,739.0,0.3391544117647059,599.0,0.27481617647058826,635.0,0.2913602941176471,0.27481617647058826,WACC_0p7_WRT_0p3,0.4,1058,False,,,False,False,False,False,False,22.0,0.08936170212765958
SPLL,RialtoBridgeTimelapse,1556,0.51,220,0.5500000000000002,0.511246276697515,0,99,1412,3192,5,0.732,0.2066783363251494,0.3644778116808123,0.30738130307797296,0.12914858643552124,0.27696527812575256,0.3725598524709828,-2.8192817631169373,2.486580303846317,-2.921841313157002,-2.3302840836398757,-3.215787996382892,1.7111958757000287,0.3644778116808123,0.39735138036951945,0.032873568688707167,0.30738130307797296,0.45900365713613356,0.1516223540581606,0.12914858643552124,0.5620128357369184,0.43286424930139716,0.27696527812575256,0.4460789726594668,0.16911369453371422,0.3725598524709828,0.5104542661657983,0.13789441369481548,600.0,0.27527573529411764,1134.0,0.5206801470588235,1254.0,0.5758272058823529,1601.0,0.7352941176470589,1526.0,0.7008272058823529,0.27527573529411764,WACC_0p1_WRT_0p9,0.5615808823529411,1059,False,,,False,False,False,False,False,99.0,0.41702127659574467
SPLL,RialtoBridgeTimelapse,1470,0.48,197,0.475,0.5372448271593553,0,79,2908,3061,10,0.958,0.2436817267767154,0.33149768425506876,0.2556044524103328,0.16295219495825847,0.37084231518738703,0.45568790629948397,-2.8192817631169373,2.486580303846317,-2.921841313157002,-2.3302840836398757,-3.215787996382892,1.7111958757000287,0.33149768425506876,0.39757159140965626,0.0660739071545875,0.2556044524103328,0.46582629258735286,0.21022184017702006,0.16295219495825847,0.561856950615366,0.39890475565710753,0.37084231518738703,0.44693359964837004,0.07609128446098301,0.45568790629948397,0.5045912713109367,0.04890336501145276,601.0,0.2757352941176471,1269.0,0.5827205882352942,1252.0,0.5749080882352942,1610.0,0.7394301470588235,1466.0,0.6732536764705882,0.2757352941176471,WACC_0p1_WRT_0p9,0.5692095588235294,1060,False,,,False,False,False,False,False,79.0,0.33191489361702126
SPLL,RialtoBridgeTimelapse,2157,0.53,220,0.6000000000000002,0.511246276697515,0,97,3715,2968,6,0.834,0.23400977271057816,0.3711034565194672,0.32519811618920524,0.17138398566343604,0.22204059532619302,0.3209962004070651,-2.8192817631169373,2.486580303846317,-2.921841313157002,-2.3302840836398757,-3.215787996382892,1.7111958757000287,0.3711034565194672,0.39766628036693613,0.02656282384746894,0.32519811618920524,0.45810653778554883,0.13290842159634358,0.17138398566343604,0.5630534092390581,0.39166942357562207,0.22204059532619302,0.4268010489420599,0.20476045361586687,0.3209962004070651,0.47480655527346927,0.15381035486640415,602.0,0.27619485294117646,1119.0,0.5137867647058824,1266.0,0.5813419117647058,1391.0,0.6387867647058824,1232.0,0.5657169117647058,0.27619485294117646,WACC_0p1_WRT_0p9,0.5151654411764707,1061,False,,,False,False,False,False,False,97.0,0.4085106382978723
SPLL,RialtoBridgeTimelapse,639,0.61,291,0.8,0.4453386323214809,0,134,5000,879,10,0.444,0.4515925319521765,0.4971644809169758,0.49606179897032027,0.4434775271228317,0.06697073385352212,0.1304110602280012,-2.8192817631169373,2.486580303846317,-2.921841313157002,-2.3302840836398757,-3.215787996382892,1.7111958757000287,0.4971644809169758,0.496209340332977,0.0009551405839988147,0.49606179897032027,0.48149725162911977,0.014564547341200496,0.4434775271228317,0.5294167513085367,0.08593922418570499,0.06697073385352212,0.3417590242167481,0.27478829036322594,0.1304110602280012,0.37216071256629474,0.24174965233829354,2090.0,0.9600183823529411,1594.0,0.7320772058823529,979.0,0.4494485294117647,654.0,0.3000919117647059,602.0,0.27619485294117646,0.27619485294117646,WACC_0p9_WRT_0p1,0.5435661764705884,1062,False,,,False,False,False,False,False,134.0,0.5659574468085107
SPLL,RialtoBridgeTimelapse,663,0.6,220,0.775,0.511246276697515,0,95,4497,1231,8,0.999,0.3440361685885316,0.41065973607468104,0.4020229080727288,0.3301371188639107,0.03783090826338135,0.15206478134828355,-2.8192817631169373,2.486580303846317,-2.921841313157002,-2.3302840836398757,-3.215787996382892,1.7111958757000287,0.41065973607468104,0.4297726277342111,0.019112891659530062,0.4020229080727288,0.46176727417855623,0.05974436610582745,0.3301371188639107,0.510407838252325,0.18027071938841438,0.03783090826338135,0.3398509955008963,0.30202008723751494,0.15206478134828355,0.37248967002831845,0.2204248886800349,1142.0,0.5243566176470589,1185.0,0.5441176470588235,886.0,0.40670955882352944,645.0,0.2959558823529412,603.0,0.2766544117647059,0.2766544117647059,WACC_0p9_WRT_0p1,0.40955882352941175,1063,False,,,False,False,False,False,False,95.0,0.4
SPLL,RialtoBridgeTimelapse,1031,0.61,174,0.8,0.5664573380935396,0,53,4923,926,5,0.669,0.28878554241512716,0.3548073110134217,0.3491964810395723,0.28190217829717407,0.02726737250068584,0.12894643495050861,-2.8192817631169373,2.486580303846317,-2.921841313157002,-2.3302840836398757,-3.215787996382892,1.7111958757000287,0.3548073110134217,0.4637910285019129,0.10898371748849117,0.3491964810395723,0.4626540927755381,0.1134576117359658,0.28190217829717407,0.5125062291730509,0.23060405087587682,0.02726737250068584,0.33569553753424564,0.3084281650335598,0.12894643495050861,0.37291907046293915,0.24397263551243054,1796.0,0.8249080882352942,1198.0,0.5500919117647058,896.0,0.41130514705882354,625.0,0.2867647058823529,604.0,0.2771139705882353,0.2771139705882353,WACC_0p9_WRT_0p1,0.4700367647058824,1064,False,,,False,False,False,False,False,53.0,0.22127659574468084
SPLL,RialtoBridgeTimelapse,394,0.61,171,0.8,0.5705480712116793,0,51,3664,884,3,0.591,0.2833588741439452,0.35007141124724606,0.3443047965291517,0.2765085697170768,0.028377344761633602,0.12892502231462813,-2.8192817631169373,2.486580303846317,-2.921841313157002,-2.3302840836398757,-3.215787996382892,1.7111958757000287,0.35007141124724606,0.4437179431907415,0.09364653194349543,0.3443047965291517,0.4168299547968516,0.0725251582676999,0.2765085697170768,0.4750736705213983,0.1985651008043215,0.028377344761633602,0.33831828419686105,0.30994093943522744,0.12892502231462813,0.3865808217404529,0.2576557994258247,1447.0,0.6645220588235294,605.0,0.2775735294117647,694.0,0.31847426470588236,637.0,0.2922794117647059,661.0,0.30330882352941174,0.2775735294117647,WACC_0p3_WRT_0p7,0.3712316176470588,1065,False,,,False,False,False,False,False,51.0,0.2127659574468085
SPLL,RialtoBridgeTimelapse,741,0.61,166,0.8,0.5775271860960967,0,48,1484,813,10,0.841,0.2741136672918537,0.3420049281203459,0.3359717684422559,0.2673180338154785,0.030273768552113525,0.1288942051276666,-2.8192817631169373,2.486580303846317,-2.921841313157002,-2.3302840836398757,-3.215787996382892,1.7111958757000287,0.3420049281203459,0.46111798945666455,0.11911306133631866,0.3359717684422559,0.46787196372883016,0.13190019528657426,0.2673180338154785,0.5113074518459724,0.2439894180304939,0.030273768552113525,0.33577805206986383,0.30550428351775033,0.1288942051276666,0.37309788820240547,0.24420368307473886,1757.0,0.8069852941176471,1309.0,0.6011029411764706,888.0,0.40762867647058826,626.0,0.28722426470588236,606.0,0.2780330882352941,0.2780330882352941,WACC_0p9_WRT_0p1,0.47619485294117647,1066,False,,,False,False,False,False,False,48.0,0.2
SPLL,RialtoBridgeTimelapse,16,0.6,240,0.775,0.4907507973506212,0,107,3963,945,6,0.85,0.3713051781979157,0.4344688255433008,0.426608055035557,0.35723021259591003,0.03228534870213145,0.15220594957706743,-2.8192817631169373,2.486580303846317,-2.921841313157002,-2.3302840836398757,-3.215787996382892,1.7111958757000287,0.4344688255433008,0.43145177048720057,0.0030170550561002263,0.426608055035557,0.43240282655231493,0.005794771516757946,0.35723021259591003,0.4797244450889174,0.12249423249300734,0.03228534870213145,0.3404843123506213,0.30819896364848987,0.15220594957706743,0.3738068317398868,0.2216008821628194,1184.0,0.5436580882352942,782.0,0.35891544117647056,722.0,0.3313419117647059,648.0,0.29733455882352944,608.0,0.2789522058823529,0.2789522058823529,WACC_0p9_WRT_0p1,0.36204044117647055,1067,False,,,False,False,False,False,False,107.0,0.451063829787234
SPLL,RialtoBridgeTimelapse,1022,0.61,202,0.8,0.5313448995078442,0,78,3728,723,9,0.079,0.33558307240482727,0.39567792215202424,0.391392393798288,0.3283883631205719,0.019412332924269787,0.1292210948695054,-2.8192817631169373,2.486580303846317,-2.921841313157002,-2.3302840836398757,-3.215787996382892,1.7111958757000287,0.39567792215202424,0.4962331364155024,0.10055521426347813,0.391392393798288,0.4713820257680657,0.07998963196977771,0.3283883631205719,0.5154736949306105,0.18708533181003856,0.019412332924269787,0.33331692405918945,0.31390459113491964,0.1292210948695054,0.392509117165461,0.2632880222959556,2091.0,0.9604779411764706,1379.0,0.6332720588235294,907.0,0.4163602941176471,608.0,0.2789522058823529,688.0,0.3157169117647059,0.2789522058823529,WACC_0p7_WRT_0p3,0.5209558823529412,1068,False,,,False,False,False,False,False,78.0,0.3276595744680851
SPLL,RialtoBridgeTimelapse,948,0.59,124,0.75,0.6460582027798015,0,16,2653,637,4,0.326,0.1530600194225134,0.2526543149421569,0.23330297424627294,0.1327474223294927,0.10169706382916824,0.1772901369110345,-2.8192817631169373,2.486580303846317,-2.921841313157002,-2.3302840836398757,-3.215787996382892,1.7111958757000287,0.2526543149421569,0.4370307792614628,0.18437646431930588,0.23330297424627294,0.41710158484780036,0.1837986106015274,0.1327474223294927,0.47260394909585207,0.33985652676635936,0.10169706382916824,0.3381641137581469,0.23646704992897868,0.1772901369110345,0.38320225565114036,0.20591211874010584,1303.0,0.5983455882352942,609.0,0.27941176470588236,679.0,0.3115808823529412,636.0,0.29181985294117646,646.0,0.29641544117647056,0.27941176470588236,WACC_0p3_WRT_0p7,0.35551470588235295,1069,False,,,False,False,False,False,False,16.0,0.06382978723404255
SPLL,RialtoBridgeTimelapse,375,0.61,195,0.8,0.5396466227882225,0,71,3684,778,7,0.736,0.3244849303008809,0.3859808924355328,0.3813837660938053,0.3173679678013823,0.02001816316996061,0.12914255065650965,-2.8192817631169373,2.486580303846317,-2.921841313157002,-2.3302840836398757,-3.215787996382892,1.7111958757000287,0.3859808924355328,0.45621710963663675,0.07023621720110396,0.3813837660938053,0.4456896526276578,0.0643058865338525,0.3173679678013823,0.4864823577544096,0.1691143899530273,0.02001816316996061,0.33510400539577373,0.3150858422258131,0.12914255065650965,0.37391181580886107,0.24476926515235142,1688.0,0.7752757352941176,950.0,0.43612132352941174,751.0,0.3446691176470588,620.0,0.2844669117647059,609.0,0.27941176470588236,0.27941176470588236,WACC_0p9_WRT_0p1,0.4239889705882353,1070,False,,,False,False,False,False,False,71.0,0.2978723404255319
SPLL,RialtoBridgeTimelapse,1338,0.53,289,0.6000000000000002,0.4469645826218205,0,138,4970,2776,7,0.968,0.3137069774084301,0.4394695151821195,0.39656874287281485,0.25163354358956885,0.20234174549653336,0.31775215181141525,-2.8192817631169373,2.486580303846317,-2.921841313157002,-2.3302840836398757,-3.215787996382892,1.7111958757000287,0.4394695151821195,0.39803758441705045,0.04143193076506907,0.39656874287281485,0.46015903069510095,0.0635902878222861,0.25163354358956885,0.5344250555885207,0.28279151199895186,0.20234174549653336,0.4066661017563244,0.20432435625979103,0.31775215181141525,0.44229092582283236,0.12453877401141711,609.0,0.27941176470588236,1155.0,0.5303308823529411,1004.0,0.4609375,1169.0,0.5367647058823529,986.0,0.45266544117647056,0.27941176470588236,WACC_0p1_WRT_0p9,0.45202205882352936,1071,False,,,False,False,False,False,False,138.0,0.5829787234042553
SPLL,RialtoBridgeTimelapse,19,0.6,121,0.775,0.65180524257563,0,13,2954,682,4,0.534,0.1609814622176037,0.2514765881279097,0.23724027281766424,0.14769871693024175,0.07690608835750919,0.15305296803972546,-2.8192817631169373,2.486580303846317,-2.921841313157002,-2.3302840836398757,-3.215787996382892,1.7111958757000287,0.2514765881279097,0.43378600157636205,0.18230941344845236,0.23724027281766424,0.42237518750446656,0.18513491468680232,0.14769871693024175,0.4709782064259182,0.3232794894956764,0.07690608835750919,0.3334798431674218,0.2565737548099126,0.15305296803972546,0.38166217760462223,0.22860920956489678,1237.0,0.5680147058823529,658.0,0.30193014705882354,673.0,0.3088235294117647,610.0,0.27987132352941174,644.0,0.29549632352941174,0.27987132352941174,WACC_0p7_WRT_0p3,0.3508272058823529,1072,False,,,False,False,False,False,False,13.0,0.05106382978723404
SPLL,RialtoBridgeTimelapse,1812,0.6,172,0.775,0.5691766190378111,0,54,3701,987,3,0.767,0.2676641988073178,0.34408110424757365,0.33320844940280797,0.2541675664487276,0.05365778595020731,0.1519789114849601,-2.8192817631169373,2.486580303846317,-2.921841313157002,-2.3302840836398757,-3.215787996382892,1.7111958757000287,0.34408110424757365,0.42940469717362373,0.08532359292605007,0.33320844940280797,0.41934347959976126,0.08613503019695329,0.2541675664487276,0.46801577036263664,0.21384820391390902,0.05365778595020731,0.3337770763803988,0.28011929043019146,0.1519789114849601,0.3806083014092192,0.2286293899242591,1137.0,0.5220588235294118,636.0,0.29181985294117646,655.0,0.3005514705882353,611.0,0.2803308823529412,639.0,0.2931985294117647,0.2803308823529412,WACC_0p7_WRT_0p3,0.3375919117647059,1073,False,,,False,False,False,False,False,54.0,0.225531914893617
SPLL,RialtoBridgeTimelapse,2115,0.45,212,0.4000000000000001,0.5199689177131914,0,93,2642,2883,2,0.583,0.3258777511642083,0.3434926907151775,0.25090465318676053,0.24103419727177583,0.4511506841465486,0.536092519789801,-2.8192817631169373,2.486580303846317,-2.921841313157002,-2.3302840836398757,-3.215787996382892,1.7111958757000287,0.3434926907151775,0.3982502300503445,0.05475753933516697,0.25090465318676053,0.4515944821135349,0.2006898289267744,0.24103419727177583,0.558275080410637,0.3172408831388612,0.4511506841465486,0.44673593145054874,0.004414752695999835,0.536092519789801,0.5091832982346871,0.026909221555113882,611.0,0.2803308823529412,1026.0,0.4710477941176471,1209.0,0.5551470588235294,1608.0,0.7385110294117647,1508.0,0.6925551470588235,0.2803308823529412,WACC_0p1_WRT_0p9,0.5475183823529411,1074,False,,,False,False,False,False,False,93.0,0.39148936170212767
SPLL,RialtoBridgeTimelapse,1200,0.61,233,0.8,0.4977240342342319,0,103,4490,893,10,0.146,0.3807218217249208,0.4351419342958325,0.43210930071386233,0.3731899757257349,0.03796373485558665,0.12961228802033442,-2.8192817631169373,2.486580303846317,-2.921841313157002,-2.3302840836398757,-3.215787996382892,1.7111958757000287,0.4351419342958325,0.5021865826723453,0.0670446483765128,0.43210930071386233,0.4818307061197129,0.04972140540585057,0.3731899757257349,0.5485505741797612,0.17536059845402624,0.03796373485558665,0.36142019408162185,0.3234564592260352,0.12961228802033442,0.37494428084913917,0.24533199282880475,2110.0,0.9692095588235294,1604.0,0.7366727941176471,1108.0,0.5087316176470589,775.0,0.3556985294117647,611.0,0.2803308823529412,0.2803308823529412,WACC_0p9_WRT_0p1,0.5701286764705882,1075,False,,,False,False,False,False,False,103.0,0.4340425531914894
SPLL,RialtoBridgeTimelapse,172,0.6,246,0.775,0.4849330901506568,0,112,4667,836,7,0.407,0.37906670642303536,0.4412484192215227,0.43360681113539135,0.36493917153338723,0.030715105915256013,0.1522546971321375,-2.8192817631169373,2.486580303846317,-2.921841313157002,-2.3302840836398757,-3.215787996382892,1.7111958757000287,0.4412484192215227,0.47550721550872166,0.03425879628719897,0.43360681113539135,0.4655198128887711,0.031913001753379744,0.36493917153338723,0.5125827899317078,0.14764361839832058,0.030715105915256013,0.33765681593261987,0.30694171001736387,0.1522546971321375,0.3749699866830023,0.2227152895508648,1945.0,0.8933823529411765,1259.0,0.578125,897.0,0.4117647058823529,633.0,0.29044117647058826,612.0,0.28079044117647056,0.28079044117647056,WACC_0p9_WRT_0p1,0.49090073529411765,1076,False,,,False,False,False,False,False,112.0,0.4723404255319149
SPLL,RialtoBridgeTimelapse,240,0.6,324,0.775,0.4200082379875257,0,146,1562,868,10,0.001,0.46624775766278687,0.5174704772526332,0.5122479853242292,0.45146802390678964,0.05839532974989035,0.1530138568139568,-2.8192817631169373,2.486580303846317,-2.921841313157002,-2.3302840836398757,-3.215787996382892,1.7111958757000287,0.5174704772526332,0.5122312714365299,0.005239205816103265,0.5122479853242292,0.48505400500263296,0.027193980321596256,0.45146802390678964,0.5085512854080952,0.057083261501305604,0.05839532974989035,0.33439867568524123,0.27600334593535086,0.1530138568139568,0.3836817327232164,0.23066787590925958,2132.0,0.9793198529411765,1690.0,0.7761948529411765,872.0,0.40027573529411764,613.0,0.28125,649.0,0.2977941176470588,0.28125,WACC_0p7_WRT_0p3,0.5469669117647059,1077,False,,,False,False,False,False,False,146.0,0.6170212765957447
SPLL,RialtoBridgeTimelapse,432,0.3,814,0.025,0.2025101020464996,0,221,2041,4650,6,0.735,0.6087513333612975,0.6264833201295903,0.4653719996945917,0.4350325590618977,0.7633865395859893,0.9033209720542719,-2.8192817631169373,2.486580303846317,-2.921841313157002,-2.3302840836398757,-3.215787996382892,1.7111958757000287,0.6264833201295903,0.3984876683625037,0.22799565176708658,0.4653719996945917,0.48436792697857556,0.01899592728398386,0.4350325590618977,0.5931919234000418,0.1581593643381441,0.7633865395859893,0.505943477974555,0.2574430616114344,0.9033209720542719,0.5783724860609024,0.32494848599336945,613.0,0.28125,1676.0,0.7697610294117647,1750.0,0.8037683823529411,2062.0,0.9471507352941176,2032.0,0.9333639705882353,0.28125,WACC_0p1_WRT_0p9,0.7470588235294118,1078,False,,,False,False,False,False,False,221.0,0.9361702127659575
SPLL,RialtoBridgeTimelapse,1623,0.52,114,0.5750000000000002,0.6657841933611647,0,14,2150,484,8,0.255,0.19258544746932282,0.2136876513277888,0.15322611290704616,0.1485255863654309,0.3045481710331133,0.36437815022928843,-2.8192817631169373,2.486580303846317,-2.921841313157002,-2.3302840836398757,-3.215787996382892,1.7111958757000287,0.2136876513277888,0.4475652940231241,0.2338776426953353,0.15322611290704616,0.4193985885426956,0.2661724756356495,0.1485255863654309,0.48495791476067024,0.33643232839523934,0.3045481710331133,0.34577524018544403,0.04122706915233071,0.36437815022928843,0.3750106970709408,0.01063254684165238,1534.0,0.7045036764705882,637.0,0.2922794117647059,740.0,0.3396139705882353,675.0,0.30974264705882354,614.0,0.28170955882352944,0.28170955882352944,WACC_0p9_WRT_0p1,0.3855698529411765,1079,False,,,False,False,False,False,False,14.0,0.05531914893617021
SPLL,RialtoBridgeTimelapse,1117,0.33,117,0.1000000000000001,0.6596918007817153,0,22,2013,1399,6,0.884,0.8089519119641577,0.21595432875130802,0.1162903132225515,0.7611457624293293,0.8937518713220364,0.934475084168976,-2.8192817631169373,2.486580303846317,-2.921841313157002,-2.3302840836398757,-3.215787996382892,1.7111958757000287,0.21595432875130802,0.3985658744432196,0.1826115456919116,0.1162903132225515,0.44510358657029203,0.3288132733477405,0.7611457624293293,0.5102616635886682,0.2508840988406611,0.8937518713220364,0.39656118954081043,0.49719068178122594,0.934475084168976,0.4549624116758138,0.47951267249316215,615.0,0.2821691176470588,941.0,0.4319852941176471,884.0,0.40579044117647056,1062.0,0.4875919117647059,1090.0,0.5004595588235294,0.2821691176470588,WACC_0p1_WRT_0p9,0.4215992647058823,1080,False,,,False,False,False,False,False,22.0,0.08936170212765958
SPLL,RialtoBridgeTimelapse,826,0.6,255,0.775,0.4764662877780642,0,116,940,750,9,0.184,0.3903783904688933,0.45113111187312677,0.443807652995953,0.3761724175862102,0.02843259751154278,0.1523319934681497,-2.8192817631169373,2.486580303846317,-2.921841313157002,-2.3302840836398757,-3.215787996382892,1.7111958757000287,0.45113111187312677,0.4867753776837777,0.035644265810650944,0.443807652995953,0.45159210696324664,0.007784453967293659,0.3761724175862102,0.48722606578061783,0.11105364819440766,0.02843259751154278,0.33456992954425185,0.3061373320327091,0.1523319934681497,0.39662228291791335,0.24429028944976364,2041.0,0.9375,1025.0,0.47058823529411764,754.0,0.3460477941176471,615.0,0.2821691176470588,717.0,0.3290441176470588,0.2821691176470588,WACC_0p7_WRT_0p3,0.47306985294117654,1081,False,,,False,False,False,False,False,116.0,0.48936170212765956
SPLL,RialtoBridgeTimelapse,2047,0.38,75,0.2250000000000001,0.7637732043238774,0,7,2043,1125,5,0.805,0.7230691679971548,0.12733675680597675,0.1400760469615796,0.7030806650274604,0.7985540510036504,0.8219706307931328,-2.8192817631169373,2.486580303846317,-2.921841313157002,-2.3302840836398757,-3.215787996382892,1.7111958757000287,0.12733675680597675,0.3986826426903062,0.2713458858843294,0.1400760469615796,0.4225546397145057,0.2824785927529261,0.7030806650274604,0.5073677867241342,0.19571287830332618,0.7985540510036504,0.4027834578273494,0.395770593176301,0.8219706307931328,0.4564966549212819,0.36547397587185093,617.0,0.28308823529411764,660.0,0.30284926470588236,862.0,0.39568014705882354,1125.0,0.5165441176470589,1100.0,0.5050551470588235,0.28308823529411764,WACC_0p1_WRT_0p9,0.4006433823529412,1082,False,,,False,False,False,False,False,7.0,0.02553191489361702
SPLL,RialtoBridgeTimelapse,1351,0.31,230,0.05,0.500776655135883,0,107,3,1228,9,0.043,0.7597323164064714,0.35274518287371154,0.17451275959209414,0.6698848696594382,0.8670215762319722,0.9402459235137963,-2.8192817631169373,2.486580303846317,-2.921841313157002,-2.3302840836398757,-3.215787996382892,1.7111958757000287,0.35274518287371154,0.4357415117392031,0.08299632886549158,0.17451275959209414,0.41794975780048543,0.2434369982083913,0.6698848696594382,0.5354993925931697,0.13438547706626847,0.8670215762319722,0.43524539383403066,0.4317761823979415,0.9402459235137963,0.5178422667436665,0.4224036567701298,1275.0,0.5854779411764706,617.0,0.28308823529411764,1014.0,0.4655330882352941,1476.0,0.6778492647058824,1592.0,0.7311580882352942,0.28308823529411764,WACC_0p3_WRT_0p7,0.5486213235294117,1083,False,,,False,False,False,False,False,107.0,0.451063829787234
SPLL,RialtoBridgeTimelapse,61,0.59,226,0.75,0.5049090717776001,0,98,5000,1383,9,0.999,0.33472675970462173,0.4102108148802072,0.3966700319584317,0.31416968166154996,0.06171626675126893,0.17505060896036434,-2.8192817631169373,2.486580303846317,-2.921841313157002,-2.3302840836398757,-3.215787996382892,1.7111958757000287,0.4102108148802072,0.42912603679433514,0.018915221914127922,0.3966700319584317,0.4640640159613334,0.0673939840029017,0.31416968166154996,0.5101767377612861,0.19600705609973618,0.06171626675126893,0.3433640848430942,0.28164781809182526,0.17505060896036434,0.37605492803112256,0.20100431907075822,1131.0,0.5193014705882353,1234.0,0.5666360294117647,883.0,0.4053308823529412,662.0,0.3037683823529412,618.0,0.2835477941176471,0.2835477941176471,WACC_0p9_WRT_0p1,0.4157169117647059,1084,False,,,False,False,False,False,False,98.0,0.4127659574468085
SPLL,RialtoBridgeTimelapse,1078,0.42,102,0.325,0.6918554833251341,0,16,2288,1819,2,0.547,0.531278168577206,0.18625577207150815,0.06052211759523943,0.4940244289454311,0.6240605913182058,0.6669061948097917,-2.8192817631169373,2.486580303846317,-2.921841313157002,-2.3302840836398757,-3.215787996382892,1.7111958757000287,0.18625577207150815,0.39895387110895547,0.21269809903744732,0.06052211759523943,0.41795708735802123,0.3574349697627818,0.4940244289454311,0.5263014588478689,0.03227702990243786,0.6240605913182058,0.4470788604942651,0.1769817308239407,0.6669061948097917,0.5040872056084661,0.16281898920132565,621.0,0.2849264705882353,618.0,0.2835477941176471,963.0,0.4420955882352941,1612.0,0.7403492647058824,1463.0,0.671875,0.2835477941176471,WACC_0p3_WRT_0p7,0.48455882352941176,1085,False,,,False,False,False,False,False,16.0,0.06382978723404255
SPLL,RialtoBridgeTimelapse,2087,0.38,123,0.2250000000000001,0.6479584124934801,0,24,198,2233,2,0.294,0.6323552964896266,0.224575208404598,0.07723248742527869,0.5827568858094802,0.7263130053588948,0.7746069689504627,-2.8192817631169373,2.486580303846317,-2.921841313157002,-2.3302840836398757,-3.215787996382892,1.7111958757000287,0.224575208404598,0.3987067060540037,0.17413149764940572,0.07723248742527869,0.4441873238297755,0.3669548364044968,0.5827568858094802,0.562023610072929,0.02073327573655115,0.7263130053588948,0.48629180864305854,0.24002119671583622,0.7746069689504627,0.5636547867178098,0.21095218223265289,618.0,0.2835477941176471,926.0,0.4250919117647059,1255.0,0.5762867647058824,1959.0,0.8998161764705882,1950.0,0.8956801470588235,0.2835477941176471,WACC_0p1_WRT_0p9,0.6160845588235294,1086,False,,,False,False,False,False,False,24.0,0.09787234042553192
SPLL,RialtoBridgeTimelapse,151,0.6,170,0.775,0.571927520236409,0,52,969,633,10,0.691,0.2640664156922133,0.3409492849449189,0.3299685168347115,0.2505847055027338,0.05441657883340705,0.1519887015389755,-2.8192817631169373,2.486580303846317,-2.921841313157002,-2.3302840836398757,-3.215787996382892,1.7111958757000287,0.3409492849449189,0.44751717605699953,0.10656789111208065,0.3299685168347115,0.4246638011971591,0.09469528436244756,0.2505847055027338,0.4697925808029848,0.219207875300251,0.05441657883340705,0.33505509063145317,0.2806385117980461,0.1519887015389755,0.38433308633149277,0.23234438479251726,1531.0,0.703125,683.0,0.3134191176470588,664.0,0.3046875,619.0,0.28400735294117646,651.0,0.29871323529411764,0.28400735294117646,WACC_0p7_WRT_0p3,0.38079044117647054,1087,False,,,False,False,False,False,False,52.0,0.2170212765957447
SPLL,RialtoBridgeTimelapse,1384,0.32,165,0.075,0.5789480602618828,0,54,2055,3425,5,0.691,0.7816755269748524,0.28477386910680624,0.10534390100721525,0.7127308040787851,0.8779020243040687,0.9350565943547138,-2.8192817631169373,2.486580303846317,-2.921841313157002,-2.3302840836398757,-3.215787996382892,1.7111958757000287,0.28477386910680624,0.3988687174471732,0.11409484834036698,0.10534390100721525,0.45762562609445706,0.3522817250872418,0.7127308040787851,0.573954171677627,0.13877663240115812,0.8779020243040687,0.4685206614744277,0.409381362829641,0.9350565943547138,0.5371408013116775,0.39791579304303626,619.0,0.28400735294117646,1110.0,0.5096507352941176,1439.0,0.6608455882352942,1812.0,0.8322610294117647,1743.0,0.8005514705882353,0.28400735294117646,WACC_0p1_WRT_0p9,0.6174632352941177,1088,False,,,False,False,False,False,False,54.0,0.225531914893617
SPLL,RialtoBridgeTimelapse,1621,0.61,205,0.8,0.5278743017528486,0,81,4419,1051,5,0.954,0.34022856989510974,0.3997376807378378,0.39558213302366046,0.3330006667427685,0.02132491445447917,0.12925620202693705,-2.8192817631169373,2.486580303846317,-2.921841313157002,-2.3302840836398757,-3.215787996382892,1.7111958757000287,0.3997376807378378,0.4104804875518271,0.010742806813989314,0.39558213302366046,0.427393094599232,0.03181096157557156,0.3330006667427685,0.46188372142667417,0.12888305468390565,0.02132491445447917,0.34017530973615034,0.3188503952816712,0.12925620202693705,0.3834067713259585,0.25415056929902147,790.0,0.3625919117647059,714.0,0.32766544117647056,620.0,0.2844669117647059,647.0,0.296875,648.0,0.29733455882352944,0.2844669117647059,WACC_0p5_WRT_0p5,0.31378676470588235,1089,False,,,False,False,False,False,False,81.0,0.3404255319148936
SPLL,RialtoBridgeTimelapse,1101,0.61,204,0.8,0.5290255197785925,0,80,4314,817,3,0.397,0.3386872551607047,0.39839065914872523,0.3941920141419562,0.3314704066661893,0.020690437157984933,0.12924441208978302,-2.8192817631169373,2.486580303846317,-2.921841313157002,-2.3302840836398757,-3.215787996382892,1.7111958757000287,0.39839065914872523,0.45203153513282257,0.053640875984097336,0.3941920141419562,0.42393227166602554,0.029740257524069336,0.3314704066661893,0.47046769987187115,0.13899729320568183,0.020690437157984933,0.3354496950370495,0.3147592578790646,0.12924441208978302,0.391461690703551,0.262217278613768,1613.0,0.7408088235294118,678.0,0.31112132352941174,669.0,0.3069852941176471,621.0,0.2849264705882353,684.0,0.31387867647058826,0.2849264705882353,WACC_0p7_WRT_0p3,0.3915441176470588,1090,False,,,False,False,False,False,False,80.0,0.33617021276595743
SPLL,RialtoBridgeTimelapse,2172,0.54,311,0.6250000000000002,0.4296656947056806,0,144,3924,2647,8,0.999,0.35055010093407046,0.46320630713207606,0.4264475628851586,0.2956152397205184,0.17070243411191918,0.2926522297514549,-2.8192817631169373,2.486580303846317,-2.921841313157002,-2.3302840836398757,-3.215787996382892,1.7111958757000287,0.46320630713207606,0.39897148120197684,0.06423482593009922,0.4264475628851586,0.46779986768715154,0.04135230480199292,0.2956152397205184,0.5508467417273575,0.2552315020068391,0.17070243411191918,0.4060325652024879,0.23533013109056874,0.2926522297514549,0.4560420869232871,0.16338985717183224,622.0,0.2853860294117647,1307.0,0.6001838235294118,1131.0,0.5193014705882353,1164.0,0.5344669117647058,1097.0,0.5036764705882353,0.2853860294117647,WACC_0p1_WRT_0p9,0.4886029411764706,1091,False,,,False,False,False,False,False,144.0,0.6085106382978723
SPLL,RialtoBridgeTimelapse,1285,0.6,251,0.775,0.4801919527679605,0,115,3488,764,4,0.06,0.3853985902830932,0.4467801067891677,0.43931676691147314,0.371227408421654,0.02943658648895409,0.15229707392156688,-2.8192817631169373,2.486580303846317,-2.921841313157002,-2.3302840836398757,-3.215787996382892,1.7111958757000287,0.4467801067891677,0.47741549736573197,0.03063539057656428,0.43931676691147314,0.46374740501509243,0.024430638103619284,0.371227408421654,0.4982820547016441,0.12705464627999008,0.02943658648895409,0.3355396691060807,0.3061030826171266,0.15229707392156688,0.3932605166222795,0.24096344270071263,1962.0,0.9011948529411765,1223.0,0.5615808823529411,815.0,0.3740808823529412,623.0,0.2858455882352941,694.0,0.31847426470588236,0.2858455882352941,WACC_0p7_WRT_0p3,0.488235294117647,1092,False,,,False,False,False,False,False,115.0,0.4851063829787234
SPLL,RialtoBridgeTimelapse,1404,0.43,351,0.3500000000000001,0.4011281481022525,0,162,1037,4127,1,0.287,0.321626284743966,0.45553097708699486,0.35864734057848374,0.2021706971725247,0.4637101502754058,0.5741241077736811,-2.8192817631169373,2.486580303846317,-2.921841313157002,-2.3302840836398757,-3.215787996382892,1.7111958757000287,0.45553097708699486,0.3990012634681772,0.056529713618817645,0.35864734057848374,0.453853252088655,0.09520591151017127,0.2021706971725247,0.5739667953757392,0.3717960982032146,0.4637101502754058,0.48339217942413304,0.019682029148727243,0.5741241077736811,0.5584022839620437,0.015721823811637337,623.0,0.2858455882352941,1050.0,0.4820772058823529,1440.0,0.6613051470588235,1937.0,0.8897058823529411,1907.0,0.8759191176470589,0.2858455882352941,WACC_0p1_WRT_0p9,0.6389705882352941,1093,False,,,False,False,False,False,False,162.0,0.6851063829787234
SPLL,RialtoBridgeTimelapse,1868,0.48,494,0.475,0.3204734962061252,0,187,1576,3515,10,0.947,0.3985582597270009,0.5530494633056497,0.48870501834497204,0.3013862931508088,0.29819173020753303,0.4366555165134142,-2.8192817631169373,2.486580303846317,-2.921841313157002,-2.3302840836398757,-3.215787996382892,1.7111958757000287,0.5530494633056497,0.39908014922411894,0.1539693140815308,0.48870501834497204,0.47682174643334574,0.011883271911626303,0.3013862931508088,0.5587515755120993,0.2573652823612905,0.29819173020753303,0.4449851334931085,0.14679340328557544,0.4366555165134142,0.527234231038761,0.09057871452534677,624.0,0.28630514705882354,1499.0,0.6884191176470589,1215.0,0.5579044117647058,1579.0,0.7251838235294118,1667.0,0.765625,0.28630514705882354,WACC_0p1_WRT_0p9,0.6046875,1094,False,,,False,False,False,False,False,187.0,0.7914893617021277
SPLL,RialtoBridgeTimelapse,806,0.59,177,0.75,0.5624361392270425,0,60,1378,1150,2,0.396,0.25971403562886164,0.34495371484134274,0.3291343875411619,0.23943272414026445,0.07765261759119006,0.17537595341838821,-2.8192817631169373,2.486580303846317,-2.921841313157002,-2.3302840836398757,-3.215787996382892,1.7111958757000287,0.34495371484134274,0.4303498359498588,0.08539612110851608,0.3291343875411619,0.4186449874083369,0.08951059986717497,0.23943272414026445,0.5113817771232396,0.27194905298297517,0.07765261759119006,0.4003232205525986,0.32267060296140854,0.17537595341838821,0.4299211340706565,0.2545451806522683,1154.0,0.5298713235294118,627.0,0.28768382352941174,890.0,0.4085477941176471,1095.0,0.5027573529411765,914.0,0.4195772058823529,0.28768382352941174,WACC_0p3_WRT_0p7,0.4296875,1095,False,,,False,False,False,False,False,60.0,0.251063829787234
SPLL,RialtoBridgeTimelapse,729,0.6,270,0.775,0.4629953909118257,0,126,4103,860,1,0.002,0.40841312426121257,0.4668923306297581,0.4600732172627974,0.3940779026922705,0.03465404516570643,0.1524696014800771,-2.8192817631169373,2.486580303846317,-2.921841313157002,-2.3302840836398757,-3.215787996382892,1.7111958757000287,0.4668923306297581,0.4769633964866917,0.010071065856933625,0.4600732172627974,0.45776018067039786,0.002313036592399509,0.3940779026922705,0.5075093614901355,0.11343145879786498,0.03465404516570643,0.3528342610653421,0.3181802158996357,0.1524696014800771,0.37871728095697776,0.22624767947690066,1957.0,0.8988970588235294,1111.0,0.5101102941176471,863.0,0.3961397058823529,705.0,0.3235294117647059,627.0,0.28768382352941174,0.28768382352941174,WACC_0p9_WRT_0p1,0.4832720588235294,1096,False,,,False,False,False,False,False,126.0,0.5319148936170213
SPLL,RialtoBridgeTimelapse,731,0.43,434,0.3500000000000001,0.3510417405780863,0,183,2933,4246,8,0.846,0.29521977513827835,0.5053689887402568,0.41139000909160317,0.1604888471479053,0.44587539285432465,0.5684004586634656,-2.8192817631169373,2.486580303846317,-2.921841313157002,-2.3302840836398757,-3.215787996382892,1.7111958757000287,0.5053689887402568,0.3992490411862876,0.1061199475539692,0.41139000909160317,0.4889187364801094,0.07752872738850625,0.1604888471479053,0.5958896564954785,0.43540080934757325,0.44587539285432465,0.4822338027434523,0.03635840988912764,0.5684004586634656,0.5604359845024773,0.007964474160988222,627.0,0.28768382352941174,1786.0,0.8203125,1809.0,0.8308823529411765,1930.0,0.8864889705882353,1928.0,0.8855698529411765,0.28768382352941174,WACC_0p1_WRT_0p9,0.7421875,1097,False,,,False,False,False,False,False,183.0,0.774468085106383
SPLL,RialtoBridgeTimelapse,1547,0.51,156,0.5500000000000002,0.5921352108313891,0,44,286,731,8,0.216,0.18246102463977454,0.28332846485536406,0.22166649099124835,0.11692396788076126,0.30520689433282844,0.38110799822367547,-2.8192817631169373,2.486580303846317,-2.921841313157002,-2.3302840836398757,-3.215787996382892,1.7111958757000287,0.28332846485536406,0.44359682609768886,0.1602683612423248,0.22166649099124835,0.4186980672729501,0.19703157628170176,0.11692396788076126,0.4939907535849042,0.3770667857041429,0.30520689433282844,0.38351185239868574,0.0783049580658573,0.38110799822367547,0.42747137874274976,0.04636338051907429,1443.0,0.6626838235294118,628.0,0.2881433823529412,792.0,0.3635110294117647,947.0,0.43474264705882354,895.0,0.4108455882352941,0.2881433823529412,WACC_0p3_WRT_0p7,0.4319852941176471,1098,False,,,False,False,False,False,False,44.0,0.1829787234042553
SPLL,RialtoBridgeTimelapse,1129,0.51,231,0.5500000000000002,0.4997547320027651,0,106,3183,2667,5,0.849,0.22056886172660933,0.37626525591590526,0.31976983880325155,0.14324750179601017,0.2731649089968398,0.3716100232142965,-2.8192817631169373,2.486580303846317,-2.921841313157002,-2.3302840836398757,-3.215787996382892,1.7111958757000287,0.37626525591590526,0.3994050462867449,0.02313979037083963,0.31976983880325155,0.46453401453919185,0.1447641757359403,0.14324750179601017,0.561104489011686,0.41785698721567577,0.2731649089968398,0.4201562935097077,0.14699138451286786,0.3716100232142965,0.478533246304181,0.1069232230898845,629.0,0.28860294117647056,1242.0,0.5703125,1244.0,0.5712316176470589,1326.0,0.6089154411764706,1261.0,0.5790441176470589,0.28860294117647056,WACC_0p1_WRT_0p9,0.5236213235294118,1099,False,,,False,False,False,False,False,106.0,0.44680851063829785
SPLL,RialtoBridgeTimelapse,1227,0.6,204,0.775,0.5290255197785925,0,81,1837,1324,3,0.633,0.3204807459679333,0.39010706793767674,0.380791400361595,0.30672139183583946,0.042661399964877306,0.15198488511154992,-2.8192817631169373,2.486580303846317,-2.921841313157002,-2.3302840836398757,-3.215787996382892,1.7111958757000287,0.39010706793767674,0.4100742812398581,0.019967213302181375,0.380791400361595,0.41876350704852777,0.037972106686932794,0.30672139183583946,0.4812464388491137,0.17452504701327426,0.042661399964877306,0.4058790397222825,0.3632176397574052,0.15198488511154992,0.4570075344524768,0.30502264934092693,783.0,0.359375,630.0,0.2890625,727.0,0.3336397058823529,1162.0,0.5335477941176471,1105.0,0.5073529411764706,0.2890625,WACC_0p3_WRT_0p7,0.4045955882352941,1100,False,,,False,False,False,False,False,81.0,0.3404255319148936
SPLL,RialtoBridgeTimelapse,2015,0.45,241,0.4000000000000001,0.4897711899987262,0,113,1355,4252,2,0.529,0.3090348348083501,0.3725350436757037,0.2819254361276751,0.2152969943702531,0.43936774041497995,0.5314134535816051,-2.8192817631169373,2.486580303846317,-2.921841313157002,-2.3302840836398757,-3.215787996382892,1.7111958757000287,0.3725350436757037,0.3995523721816178,0.027017328505914096,0.2819254361276751,0.4641581276686848,0.18223269154100968,0.2152969943702531,0.5950328563285134,0.37973586195826037,0.43936774041497995,0.46722718144176884,0.02785944102678889,0.5314134535816051,0.5510485781736538,0.019635124592048747,630.0,0.2890625,1236.0,0.5675551470588235,1793.0,0.8235294117647058,1803.0,0.828125,1847.0,0.8483455882352942,0.2890625,WACC_0p1_WRT_0p9,0.6713235294117647,1101,False,,,False,False,False,False,False,113.0,0.4765957446808511
SPLL,RialtoBridgeTimelapse,1744,0.6,179,0.775,0.5597928174542224,0,60,4390,941,6,0.656,0.2799578511688851,0.354786097618584,0.3442807263763488,0.2664071301972081,0.05107513115023512,0.15195608574390237,-2.8192817631169373,2.486580303846317,-2.921841313157002,-2.3302840836398757,-3.215787996382892,1.7111958757000287,0.354786097618584,0.481330514842265,0.12654441722368104,0.3442807263763488,0.4742601581133756,0.12997943173702675,0.2664071301972081,0.5211774063794153,0.25477027618220727,0.05107513115023512,0.3410854348786073,0.2900103037283722,0.15195608574390237,0.3791687202166015,0.2272126344726991,1999.0,0.9181985294117647,1437.0,0.6599264705882353,934.0,0.4287683823529412,652.0,0.2991727941176471,632.0,0.2899816176470588,0.2899816176470588,WACC_0p9_WRT_0p1,0.5192095588235295,1102,False,,,False,False,False,False,False,60.0,0.251063829787234
SPLL,RialtoBridgeTimelapse,1412,0.37,654,0.2,0.2542142135410307,0,212,556,4807,8,0.665,0.42406168448623455,0.5883105874695903,0.46522535755391053,0.2630553824809435,0.5812737199150944,0.7184544116232175,-2.8192817631169373,2.486580303846317,-2.921841313157002,-2.3302840836398757,-3.215787996382892,1.7111958757000287,0.5883105874695903,0.3996194607621832,0.18869112670740712,0.46522535755391053,0.47558147435073084,0.010356116796820303,0.2630553824809435,0.5916441209490843,0.32858873846814074,0.5812737199150944,0.5240930204152267,0.057180699499867704,0.7184544116232175,0.6098430587343423,0.10861135288887525,632.0,0.2899816176470588,1476.0,0.6778492647058824,1718.0,0.7890625,2122.0,0.9747242647058824,2143.0,0.984375,0.2899816176470588,WACC_0p1_WRT_0p9,0.7431985294117647,1103,False,,,False,False,False,False,False,212.0,0.8978723404255319
SPLL,RialtoBridgeTimelapse,655,0.61,194,0.8,0.5408567268970217,0,70,1164,809,4,0.534,0.32286888095399646,0.38456908134237994,0.37992645129555097,0.3157630504478362,0.02034449756383334,0.12913176170447851,-2.8192817631169373,2.486580303846317,-2.921841313157002,-2.3302840836398757,-3.215787996382892,1.7111958757000287,0.38456908134237994,0.44494605369079515,0.060376972348415214,0.37992645129555097,0.4189504039125877,0.03902395261703673,0.3157630504478362,0.4780104965385343,0.16224744609069808,0.02034449756383334,0.3699558422664628,0.34961134470262945,0.12913176170447851,0.4223586127621695,0.293226851057691,1479.0,0.6792279411764706,633.0,0.29044117647058826,712.0,0.32674632352941174,835.0,0.38327205882352944,865.0,0.39705882352941174,0.29044117647058826,WACC_0p3_WRT_0p7,0.41534926470588235,1104,False,,,False,False,False,False,False,70.0,0.2936170212765957
SPLL,RialtoBridgeTimelapse,2153,0.55,116,0.6500000000000002,0.6617052158065175,0,14,2297,546,9,0.472,0.09906675850560251,0.22286238153827556,0.18035027323595665,0.05263292274293289,0.21656289645896737,0.28144444975665595,-2.8192817631169373,2.486580303846317,-2.921841313157002,-2.3302840836398757,-3.215787996382892,1.7111958757000287,0.22286238153827556,0.4410764845094931,0.21821410297121754,0.18035027323595665,0.42391566395078584,0.2435653907148292,0.05263292274293289,0.4855799783031311,0.4329470555601982,0.21656289645896737,0.33778631184614566,0.12122341538717829,0.28144444975665595,0.38711145479162434,0.1056670050349684,1398.0,0.6420036764705882,677.0,0.31066176470588236,744.0,0.3414522058823529,634.0,0.29090073529411764,662.0,0.3037683823529412,0.29090073529411764,WACC_0p7_WRT_0p3,0.37775735294117646,1105,False,,,False,False,False,False,False,14.0,0.05531914893617021
SPLL,RialtoBridgeTimelapse,239,0.61,314,0.8,0.427401803387016,0,141,4534,1022,4,0.001,0.47598905205457614,0.5185286500863837,0.5180821553521572,0.4676614561827961,0.0769297201342956,0.13072664036571768,-2.8192817631169373,2.486580303846317,-2.921841313157002,-2.3302840836398757,-3.215787996382892,1.7111958757000287,0.5185286500863837,0.5126214228689434,0.005907227217440303,0.5180821553521572,0.5025245739715793,0.015557581380577834,0.4676614561827961,0.5612277563872858,0.09356630020448975,0.0769297201342956,0.34249105954011017,0.26556133940581456,0.13072664036571768,0.3798003009029063,0.2490736605371886,2133.0,0.9797794117647058,2036.0,0.9352022058823529,1246.0,0.5721507352941176,657.0,0.3014705882352941,636.0,0.29181985294117646,0.29181985294117646,WACC_0p9_WRT_0p1,0.6160845588235294,1106,False,,,False,False,False,False,False,141.0,0.5957446808510638
SPLL,RialtoBridgeTimelapse,81,0.61,184,0.8,0.5533109095892781,0,61,5000,953,10,0.447,0.3062623804761487,0.37006470552225385,0.3649524410899854,0.2992679894331193,0.023707571659696083,0.12903101853906868,-2.8192817631169373,2.486580303846317,-2.921841313157002,-2.3302840836398757,-3.215787996382892,1.7111958757000287,0.37006470552225385,0.49478361785894476,0.12471891233669091,0.3649524410899854,0.48452337068633494,0.11957092959634952,0.2992679894331193,0.5424006065154751,0.24313261708235578,0.023707571659696083,0.35148876115356176,0.3277811894938657,0.12903101853906868,0.3799905531620004,0.25095953462293175,2085.0,0.9577205882352942,1680.0,0.7715992647058824,1061.0,0.48713235294117646,700.0,0.3212316176470588,637.0,0.2922794117647059,0.2922794117647059,WACC_0p9_WRT_0p1,0.5659926470588237,1107,False,,,False,False,False,False,False,61.0,0.2553191489361702
SPLL,RialtoBridgeTimelapse,1614,0.47,579,0.45,0.2829834010495349,0,196,4476,4714,3,0.659,0.430679025077789,0.5887732173474408,0.5207043727330406,0.326582454871281,0.31364936653757436,0.4598534363872939,-2.8192817631169373,2.486580303846317,-2.921841313157002,-2.3302840836398757,-3.215787996382892,1.7111958757000287,0.5887732173474408,0.4001501430028952,0.18862307434454562,0.5207043727330406,0.4701109659841263,0.05059340674891427,0.326582454871281,0.5975081765014794,0.27092572163019835,0.31364936653757436,0.473603009716009,0.15995364317843463,0.4598534363872939,0.5402484016584767,0.08039496527118273,638.0,0.2927389705882353,1353.0,0.6213235294117647,1850.0,0.8497242647058824,1856.0,0.8524816176470589,1761.0,0.8088235294117647,0.2927389705882353,WACC_0p1_WRT_0p9,0.6850183823529411,1108,False,,,False,False,False,False,False,196.0,0.8297872340425532
SPLL,RialtoBridgeTimelapse,331,0.59,226,0.75,0.5049090717776001,0,98,1611,1124,1,0.001,0.33472675970462173,0.4102108148802072,0.3966700319584317,0.31416968166154996,0.06171626675126893,0.17505060896036434,-2.8192817631169373,2.486580303846317,-2.921841313157002,-2.3302840836398757,-3.215787996382892,1.7111958757000287,0.4102108148802072,0.42245734937242974,0.012246534492222516,0.3966700319584317,0.41959032114889644,0.022920289190464738,0.31416968166154996,0.5091943532624922,0.19502467160094222,0.06171626675126893,0.39609577810402585,0.3343795113527569,0.17505060896036434,0.4443381306658282,0.2692875217054639,991.0,0.45496323529411764,639.0,0.2931985294117647,877.0,0.4025735294117647,1058.0,0.48575367647058826,1007.0,0.46231617647058826,0.2931985294117647,WACC_0p3_WRT_0p7,0.41976102941176474,1109,False,,,False,False,False,False,False,98.0,0.4127659574468085
SPLL,RialtoBridgeTimelapse,1597,0.61,160,0.8,0.5861833286749027,0,42,4194,899,2,0.248,0.2626705901796425,0.33202427828798897,0.3256591026589336,0.2559395761520728,0.032631010050602836,0.1288665139093928,-2.8192817631169373,2.486580303846317,-2.921841313157002,-2.3302840836398757,-3.215787996382892,1.7111958757000287,0.33202427828798897,0.4573169412869289,0.12529266299893993,0.3256591026589336,0.4490363553149434,0.1233772526560098,0.2559395761520728,0.5250825356701129,0.26914295951804007,0.032631010050602836,0.338665517152121,0.3060345071015182,0.1288665139093928,0.39733330126887684,0.26846678735948404,1704.0,0.7826286764705882,990.0,0.45450367647058826,954.0,0.43795955882352944,639.0,0.2931985294117647,722.0,0.3313419117647059,0.2931985294117647,WACC_0p7_WRT_0p3,0.4599264705882353,1110,False,,,False,False,False,False,False,42.0,0.17446808510638298
SPLL,RialtoBridgeTimelapse,714,0.59,128,0.75,0.6386064107402307,0,19,924,932,6,0.954,0.16243005421873516,0.26073098772194636,0.24170942893932892,0.14214841412101126,0.0994923087816147,0.17702525025067903,-2.8192817631169373,2.486580303846317,-2.921841313157002,-2.3302840836398757,-3.215787996382892,1.7111958757000287,0.26073098772194636,0.40193801615058905,0.1412070284286427,0.24170942893932892,0.41960265868143426,0.17789322974210534,0.14214841412101126,0.4742922213277555,0.33214380720674425,0.0994923087816147,0.3689695502121836,0.2694772414305689,0.17702525025067903,0.4030482931412718,0.22602304289059275,656.0,0.3010110294117647,640.0,0.2936580882352941,688.0,0.3157169117647059,829.0,0.3805147058823529,752.0,0.34512867647058826,0.2936580882352941,WACC_0p3_WRT_0p7,0.32720588235294124,1111,False,,,False,False,False,False,False,19.0,0.07659574468085106
SPLL,RialtoBridgeTimelapse,799,0.61,224,0.8,0.507002668073278,0,96,4591,790,8,0.253,0.3682350564243027,0.42422144591709865,0.42084435545441223,0.3607995607613618,0.03283872351880828,0.12949348441121325,-2.8192817631169373,2.486580303846317,-2.921841313157002,-2.3302840836398757,-3.215787996382892,1.7111958757000287,0.42422144591709865,0.4943450043376044,0.07012355842050577,0.42084435545441223,0.4677365763928346,0.04689222093842238,0.3607995607613618,0.5191480506827855,0.15834848992142364,0.03283872351880828,0.34177336924361046,0.30893464572480217,0.12949348441121325,0.3807102453466738,0.2512167609354605,2084.0,0.9572610294117647,1305.0,0.5992647058823529,925.0,0.42463235294117646,655.0,0.3005514705882353,640.0,0.2936580882352941,0.2936580882352941,WACC_0p9_WRT_0p1,0.5150735294117647,1112,False,,,False,False,False,False,False,96.0,0.40425531914893614
SPLL,RialtoBridgeTimelapse,1466,0.49,607,0.5000000000000001,0.2718296596070206,0,199,4932,4911,9,0.774,0.47404964860035503,0.6098870289487681,0.5531734065411493,0.38433011027122344,0.2568491042390565,0.4098247175408356,-2.8192817631169373,2.486580303846317,-2.921841313157002,-2.3302840836398757,-3.215787996382892,1.7111958757000287,0.6098870289487681,0.40054404772600943,0.20934298122275868,0.5531734065411493,0.4814642914612447,0.07170911507990463,0.38433011027122344,0.5940938381971781,0.20976372792595466,0.2568491042390565,0.4709302801921049,0.21408117595304843,0.4098247175408356,0.5483453669287687,0.13852064938793307,640.0,0.2936580882352941,1593.0,0.7316176470588235,1775.0,0.8152573529411765,1833.0,0.8419117647058824,1821.0,0.8363970588235294,0.2936580882352941,WACC_0p1_WRT_0p9,0.7037683823529411,1113,False,,,False,False,False,False,False,199.0,0.8425531914893617
SPLL,RialtoBridgeTimelapse,1535,0.6,233,0.775,0.4977240342342319,0,104,1800,974,3,0.371,0.36201412429513036,0.42635482105931993,0.41823072633846836,0.3480006791366387,0.03416964201437319,0.15215242454748878,-2.8192817631169373,2.486580303846317,-2.921841313157002,-2.3302840836398757,-3.215787996382892,1.7111958757000287,0.42635482105931993,0.45147832456899606,0.025123503509676126,0.41823072633846836,0.4198378434281004,0.0016071170896320153,0.3480006791366387,0.4895044039110903,0.1415037247744516,0.03416964201437319,0.37786711563363,0.34369747361925684,0.15215242454748878,0.43086123966320616,0.2787088151157174,1604.0,0.7366727941176471,641.0,0.29411764705882354,770.0,0.35340073529411764,898.0,0.41222426470588236,917.0,0.4209558823529412,0.29411764705882354,WACC_0p3_WRT_0p7,0.44347426470588236,1114,False,,,False,False,False,False,False,104.0,0.43829787234042555
SPLL,RialtoBridgeTimelapse,859,0.61,198,0.8,0.5360530118555942,0,74,4202,968,5,0.511,0.3292865959242753,0.3901760459460829,0.3857139236667687,0.32213627056325966,0.019049486389514807,0.12917559145847954,-2.8192817631169373,2.486580303846317,-2.921841313157002,-2.3302840836398757,-3.215787996382892,1.7111958757000287,0.3901760459460829,0.4630958138142339,0.07291976786815102,0.3857139236667687,0.4686738598626959,0.08295993619592718,0.32213627056325966,0.5266149257294391,0.20447865516617947,0.019049486389514807,0.3444372385777772,0.3253877521882624,0.12917559145847954,0.381321765526985,0.2521461740685055,1788.0,0.8212316176470589,1328.0,0.6098345588235294,966.0,0.44347426470588236,667.0,0.30606617647058826,641.0,0.29411764705882354,0.29411764705882354,WACC_0p9_WRT_0p1,0.49494485294117646,1115,False,,,False,False,False,False,False,74.0,0.31063829787234043
SPLL,RialtoBridgeTimelapse,768,0.48,659,0.475,0.2524151566775737,0,205,3692,3897,9,0.941,0.48348309038015086,0.6260676151171757,0.564823501370366,0.3867529832789709,0.27768107594657343,0.43370174769788833,-2.8192817631169373,2.486580303846317,-2.921841313157002,-2.3302840836398757,-3.215787996382892,1.7111958757000287,0.6260676151171757,0.40055815907058173,0.22550945604659395,0.564823501370366,0.47902205252527846,0.0858014488450875,0.3867529832789709,0.5705260990959319,0.18377311581696099,0.27768107594657343,0.4514831668815258,0.17380209093495236,0.43370174769788833,0.5213042908567567,0.08760254315886834,641.0,0.29411764705882354,1547.0,0.7104779411764706,1374.0,0.6309742647058824,1636.0,0.7513786764705882,1622.0,0.7449448529411765,0.29411764705882354,WACC_0p1_WRT_0p9,0.6263786764705883,1116,False,,,False,False,False,False,False,205.0,0.8680851063829788
SPLL,RialtoBridgeTimelapse,387,0.61,185,0.8,0.5520355704497459,0,62,4476,925,3,0.621,0.30796074259487916,0.37154778946049966,0.3664837313369203,0.30095520994461455,0.023362790857242653,0.12904044592364478,-2.8192817631169373,2.486580303846317,-2.921841313157002,-2.3302840836398757,-3.215787996382892,1.7111958757000287,0.37154778946049966,0.44534766557289185,0.0737998761123922,0.3664837313369203,0.42051558413654033,0.05403185279962003,0.30095520994461455,0.4833797349575396,0.18242452501292505,0.023362790857242653,0.33940895903462703,0.3160461681773844,0.12904044592364478,0.38949312686429577,0.260452680940651,1492.0,0.6852022058823529,647.0,0.296875,735.0,0.33731617647058826,642.0,0.2945772058823529,673.0,0.3088235294117647,0.2945772058823529,WACC_0p7_WRT_0p3,0.38455882352941173,1117,False,,,False,False,False,False,False,62.0,0.25957446808510637
SPLL,RialtoBridgeTimelapse,1039,0.41,649,0.3,0.2560270564152401,0,209,2868,4879,10,0.876,0.3809637887245076,0.5961929086406234,0.4960049369345943,0.23272293231158597,0.4693192180884519,0.6120514106761955,-2.8192817631169373,2.486580303846317,-2.921841313157002,-2.3302840836398757,-3.215787996382892,1.7111958757000287,0.5961929086406234,0.40056796394307914,0.1956249446975442,0.4960049369345943,0.49141299026353114,0.004591946671063163,0.23272293231158597,0.5992807559284511,0.3665578236168651,0.4693192180884519,0.5124677240289104,0.04314850594045849,0.6120514106761955,0.5868299347250387,0.025221475951156758,642.0,0.2945772058823529,1835.0,0.8428308823529411,1885.0,0.8658088235294118,2089.0,0.9595588235294118,2072.0,0.9517463235294118,0.2945772058823529,WACC_0p1_WRT_0p9,0.7829044117647058,1118,False,,,False,False,False,False,False,209.0,0.8851063829787233
SPLL,RialtoBridgeTimelapse,63,0.56,182,0.6750000000000003,0.5558824005318957,0,65,5000,2243,6,0.999,0.22165610431415647,0.33596867105377065,0.3044205628254742,0.18041087316024534,0.1548229391254142,0.2478988578812065,-2.8192817631169373,2.486580303846317,-2.921841313157002,-2.3302840836398757,-3.215787996382892,1.7111958757000287,0.33596867105377065,0.40059044389742776,0.06462177284365711,0.3044205628254742,0.4558203738298518,0.1513998110043776,0.18041087316024534,0.5215888830682534,0.341178009908008,0.1548229391254142,0.3781072560651104,0.22328431693969622,0.2478988578812065,0.4248035648583899,0.17690470697718338,643.0,0.29503676470588236,1082.0,0.4967830882352941,935.0,0.42922794117647056,904.0,0.4149816176470588,880.0,0.4039522058823529,0.29503676470588236,WACC_0p1_WRT_0p9,0.4079963235294118,1119,False,,,False,False,False,False,False,65.0,0.2723404255319149
SPLL,RialtoBridgeTimelapse,1265,0.61,257,0.8,0.4746252291679451,0,117,4377,1010,9,0.402,0.4118969953570455,0.4624168788124328,0.46023805759751074,0.4041156481900919,0.05073920607190346,0.1299395774953394,-2.8192817631169373,2.486580303846317,-2.921841313157002,-2.3302840836398757,-3.215787996382892,1.7111958757000287,0.4624168788124328,0.5005780676206926,0.03816118880825975,0.46023805759751074,0.4792755570786891,0.019037499481178333,0.4041156481900919,0.5483899346316331,0.14427428644154122,0.05073920607190346,0.3472873488386972,0.29654814276679375,0.1299395774953394,0.3816141971047003,0.2516746196093609,2105.0,0.9669117647058824,1549.0,0.7113970588235294,1103.0,0.5064338235294118,680.0,0.31204044117647056,643.0,0.29503676470588236,0.29503676470588236,WACC_0p9_WRT_0p1,0.5583639705882353,1120,False,,,False,False,False,False,False,117.0,0.49361702127659574
SPLL,RialtoBridgeTimelapse,1564,0.36,735,0.175,0.2266307980252524,0,218,2234,4064,9,0.881,0.43948829269274453,0.6135069585836354,0.48623768191009736,0.2706171143891695,0.5997500398263362,0.7421377022227226,-2.8192817631169373,2.486580303846317,-2.921841313157002,-2.3302840836398757,-3.215787996382892,1.7111958757000287,0.6135069585836354,0.40081913420650056,0.2126878243771348,0.48623768191009736,0.4774524090420954,0.008785272868001959,0.2706171143891695,0.5764907188319461,0.3058736044427766,0.5997500398263362,0.48266663912627633,0.1170834007000599,0.7421377022227226,0.5729561165299919,0.16918158569273067,644.0,0.29549632352941174,1515.0,0.6957720588235294,1473.0,0.6764705882352942,1933.0,0.8878676470588235,2006.0,0.9214154411764706,0.29549632352941174,WACC_0p1_WRT_0p9,0.6954044117647059,1121,False,,,False,False,False,False,False,218.0,0.9234042553191489
SPLL,RialtoBridgeTimelapse,1102,0.42,370,0.325,0.3886911990532347,0,166,2985,4309,6,0.739,0.3451575952677741,0.46580035379560253,0.36382425898203125,0.22241128542610322,0.4877151137426218,0.5997024124006781,-2.8192817631169373,2.486580303846317,-2.921841313157002,-2.3302840836398757,-3.215787996382892,1.7111958757000287,0.46580035379560253,0.4008592558849925,0.06494109791061004,0.36382425898203125,0.4875420831902267,0.12371782420819544,0.22241128542610322,0.5982611824009407,0.3758498969748375,0.4877151137426218,0.4801427662352342,0.007572347507387556,0.5997024124006781,0.5603931403019696,0.03930927209870849,645.0,0.2959558823529412,1751.0,0.8042279411764706,1861.0,0.8547794117647058,1911.0,0.8777573529411765,1927.0,0.8851102941176471,0.2959558823529412,WACC_0p1_WRT_0p9,0.7435661764705882,1122,False,,,False,False,False,False,False,166.0,0.7021276595744681
SPLL,RialtoBridgeTimelapse,1421,0.6,161,0.775,0.5847184643199843,0,44,2710,646,7,0.419,0.247375617039158,0.32642675469849025,0.3149404574117348,0.23395738262030902,0.057955589362165445,0.1520538376886738,-2.8192817631169373,2.486580303846317,-2.921841313157002,-2.3302840836398757,-3.215787996382892,1.7111958757000287,0.32642675469849025,0.4469643511203021,0.12053759642181183,0.3149404574117348,0.42986556284851285,0.11492510543677803,0.23395738262030902,0.48423182583145036,0.25027444321114134,0.057955589362165445,0.3399770224540013,0.28202143309183586,0.1520538376886738,0.3960328225876435,0.2439789848989697,1524.0,0.6999080882352942,743.0,0.34099264705882354,738.0,0.33869485294117646,646.0,0.29641544117647056,711.0,0.32628676470588236,0.29641544117647056,WACC_0p7_WRT_0p3,0.40045955882352946,1123,False,,,False,False,False,False,False,44.0,0.1829787234042553
SPLL,RialtoBridgeTimelapse,1228,0.49,231,0.5000000000000001,0.4997547320027651,0,107,2601,1524,4,0.803,0.19410477324947675,0.3707407054021882,0.302871113518175,0.10157308606471513,0.32889780200830576,0.42420940660345846,-2.8192817631169373,2.486580303846317,-2.921841313157002,-2.3302840836398757,-3.215787996382892,1.7111958757000287,0.3707407054021882,0.4008704989597417,0.03012979355755352,0.302871113518175,0.4436066451157323,0.1407355315975573,0.10157308606471513,0.5082047257071268,0.40663163964241167,0.32889780200830576,0.39076426001439135,0.06186645800608559,0.42420940660345846,0.4514161567360878,0.027206750132629354,646.0,0.29641544117647056,913.0,0.41911764705882354,869.0,0.39889705882352944,1003.0,0.46047794117647056,1054.0,0.48391544117647056,0.29641544117647056,WACC_0p1_WRT_0p9,0.4117647058823529,1124,False,,,False,False,False,False,False,107.0,0.451063829787234
SPLL,RialtoBridgeTimelapse,318,0.6,177,0.775,0.5624361392270425,0,59,1093,736,6,0.428,0.27649161211706835,0.3517672458234992,0.341158644356695,0.26295661473211224,0.051801771106000136,0.15196089941103016,-2.8192817631169373,2.486580303846317,-2.921841313157002,-2.3302840836398757,-3.215787996382892,1.7111958757000287,0.3517672458234992,0.4535210993384503,0.10175385351495109,0.341158644356695,0.421610462794912,0.08045181843821697,0.26295661473211224,0.4667708892995561,0.2038142745674439,0.051801771106000136,0.3408878189795548,0.28908604787355463,0.15196089941103016,0.38525022225191613,0.23328932284088597,1634.0,0.7504595588235294,653.0,0.29963235294117646,647.0,0.296875,649.0,0.2977941176470588,655.0,0.3005514705882353,0.296875,WACC_0p5_WRT_0p5,0.3890625,1125,False,,,False,False,False,False,False,59.0,0.24680851063829787
SPLL,RialtoBridgeTimelapse,441,0.37,330,0.2,0.41568052881585,0,158,2279,3340,5,0.67,0.5140404090985095,0.43281056178816635,0.299172092113228,0.4006573435016424,0.644169117749556,0.74332031601495,-2.8192817631169373,2.486580303846317,-2.921841313157002,-2.3302840836398757,-3.215787996382892,1.7111958757000287,0.43281056178816635,0.40101293677248945,0.0317976250156769,0.299172092113228,0.468361923926999,0.169189831813771,0.4006573435016424,0.5745362386092067,0.17387889510756427,0.644169117749556,0.46594910654973093,0.17822001119982506,0.74332031601495,0.5425218423438855,0.20079847367106451,647.0,0.296875,1320.0,0.6061580882352942,1448.0,0.6649816176470589,1784.0,0.8193933823529411,1774.0,0.8147977941176471,0.296875,WACC_0p1_WRT_0p9,0.6404411764705883,1126,False,,,False,False,False,False,False,158.0,0.6680851063829787
SPLL,RialtoBridgeTimelapse,25,0.48,438,0.475,0.3488762807224838,0,177,4600,4280,10,0.94,0.3634851915753339,0.5230068463948795,0.45731366363774884,0.266031783273376,0.3069863638559929,0.4382146867231279,-2.8192817631169373,2.486580303846317,-2.921841313157002,-2.3302840836398757,-3.215787996382892,1.7111958757000287,0.5230068463948795,0.4013060273099238,0.12170081908495567,0.45731366363774884,0.48826274229898414,0.030949078661235307,0.266031783273376,0.5814595140956043,0.31542773082222825,0.3069863638559929,0.4556282457453504,0.14864188188935745,0.4382146867231279,0.521838804271629,0.08362411754850108,649.0,0.2977941176470588,1767.0,0.8115808823529411,1539.0,0.7068014705882353,1673.0,0.7683823529411765,1625.0,0.7463235294117647,0.2977941176470588,WACC_0p1_WRT_0p9,0.6661764705882354,1127,False,,,False,False,False,False,False,177.0,0.7489361702127659
SPLL,RialtoBridgeTimelapse,951,0.6,137,0.775,0.622651500698375,0,24,4515,1266,10,0.733,0.19827227878087672,0.28377542252602156,0.27075773570396217,0.18497684564359607,0.06857646267951681,0.15246469511340072,-2.8192817631169373,2.486580303846317,-2.921841313157002,-2.3302840836398757,-3.215787996382892,1.7111958757000287,0.28377542252602156,0.48636331449372117,0.2025878919676996,0.27075773570396217,0.4859465196993754,0.21518878399541325,0.18497684564359607,0.5597873604280736,0.3748105147844776,0.06857646267951681,0.35598243274295477,0.28740597006343793,0.15246469511340072,0.383705410472874,0.23124071535947327,2037.0,0.9356617647058824,1717.0,0.7886029411764706,1225.0,0.5625,737.0,0.3382352941176471,650.0,0.29825367647058826,0.29825367647058826,WACC_0p9_WRT_0p1,0.5846507352941177,1128,False,,,False,False,False,False,False,24.0,0.09787234042553192
SPLL,RialtoBridgeTimelapse,1000,0.47,610,0.45,0.270665219992213,0,201,3842,4450,1,0.393,0.4459747867476292,0.6019023088798818,0.5344052529413261,0.34197719034883445,0.30989172748560895,0.45925495052042115,-2.8192817631169373,2.486580303846317,-2.921841313157002,-2.3302840836398757,-3.215787996382892,1.7111958757000287,0.6019023088798818,0.401364131850322,0.20053817702955984,0.5344052529413261,0.4552648411885711,0.07914041175275505,0.34197719034883445,0.5932022857405967,0.2512250953917623,0.30989172748560895,0.4687309532696751,0.15883922578406617,0.45925495052042115,0.5425452807520634,0.08329033023164228,651.0,0.29871323529411764,1073.0,0.49264705882352944,1751.0,0.8042279411764706,1815.0,0.8336397058823529,1775.0,0.8152573529411765,0.29871323529411764,WACC_0p1_WRT_0p9,0.6488970588235294,1129,False,,,False,False,False,False,False,201.0,0.851063829787234
SPLL,RialtoBridgeTimelapse,708,0.6,176,0.775,0.5637689587379813,0,58,1756,999,4,0.742,0.27474481717210814,0.3502460681967822,0.3395853485296306,0.2612176048631459,0.05216841212519945,0.15196380096911885,-2.8192817631169373,2.486580303846317,-2.921841313157002,-2.3302840836398757,-3.215787996382892,1.7111958757000287,0.3502460681967822,0.41419312424994037,0.06394705605315815,0.3395853485296306,0.42144832433376705,0.08186297580413643,0.2612176048631459,0.4895392260812778,0.22832162121813193,0.05216841212519945,0.36342793097872206,0.3112595188535226,0.15196380096911885,0.417511283784032,0.26554748281491314,861.0,0.3952205882352941,652.0,0.2991727941176471,772.0,0.35431985294117646,784.0,0.35983455882352944,841.0,0.3860294117647059,0.2991727941176471,WACC_0p3_WRT_0p7,0.35891544117647056,1130,False,,,False,False,False,False,False,58.0,0.2425531914893617
SPLL,RialtoBridgeTimelapse,152,0.61,174,0.8,0.5664573380935396,0,53,1338,750,10,0.74,0.28878554241512716,0.3548073110134217,0.3491964810395723,0.28190217829717407,0.02726737250068584,0.12894643495050861,-2.8192817631169373,2.486580303846317,-2.921841313157002,-2.3302840836398757,-3.215787996382892,1.7111958757000287,0.3548073110134217,0.4537484667161619,0.0989411557027402,0.3491964810395723,0.4359288346275836,0.08673235358801129,0.28190217829717407,0.48393059203508654,0.20202841373791247,0.02726737250068584,0.34553662733596335,0.3182692548352775,0.12894643495050861,0.3846029480697325,0.2556565131192239,1641.0,0.7536764705882353,810.0,0.3717830882352941,737.0,0.3382352941176471,673.0,0.3088235294117647,653.0,0.29963235294117646,0.29963235294117646,WACC_0p9_WRT_0p1,0.41443014705882353,1131,False,,,False,False,False,False,False,53.0,0.22127659574468084
SPLL,RialtoBridgeTimelapse,1174,0.56,142,0.6750000000000003,0.6142315786458887,0,30,1147,1367,3,0.505,0.14953049346839178,0.2741680053300819,0.2398583033439925,0.10772387663681342,0.17285166204814773,0.2510455988976339,-2.8192817631169373,2.486580303846317,-2.921841313157002,-2.3302840836398757,-3.215787996382892,1.7111958757000287,0.2741680053300819,0.41507176722024186,0.14090376189015996,0.2398583033439925,0.4217024209174021,0.18184411757340962,0.10772387663681342,0.5006413817959436,0.3929175051591302,0.17285166204814773,0.3968626459678275,0.22401098391967977,0.2510455988976339,0.45809304671907064,0.20704744782143675,876.0,0.4021139705882353,654.0,0.3000919117647059,823.0,0.37775735294117646,1065.0,0.4889705882352941,1113.0,0.5110294117647058,0.3000919117647059,WACC_0p3_WRT_0p7,0.41599264705882355,1132,False,,,False,False,False,False,False,30.0,0.12340425531914893
SPLL,RialtoBridgeTimelapse,815,0.31,747,0.05,0.2228047064780668,0,220,2113,4627,9,0.763,0.589404768622945,0.608450028587427,0.4519647122052464,0.4213560038842601,0.7422278178116073,0.8786999424775311,-2.8192817631169373,2.486580303846317,-2.921841313157002,-2.3302840836398757,-3.215787996382892,1.7111958757000287,0.608450028587427,0.40162908506847783,0.2068209435189492,0.4519647122052464,0.49204095371309725,0.04007624150785083,0.4213560038842601,0.5891514585781311,0.16779545469387103,0.7422278178116073,0.5109223440034092,0.2313054738081981,0.8786999424775311,0.5928864355844852,0.28581350689304597,654.0,0.3000919117647059,1849.0,0.8492647058823529,1677.0,0.7702205882352942,2084.0,0.9572610294117647,2098.0,0.9636948529411765,0.3000919117647059,WACC_0p1_WRT_0p9,0.7681066176470589,1133,False,,,False,False,False,False,False,220.0,0.9319148936170213
SPLL,RialtoBridgeTimelapse,1176,0.61,211,0.8,0.5210822131204411,0,86,1763,736,10,0.412,0.3493296687593806,0.40769245673279053,0.4037908252067418,0.3420356749615768,0.02506953708415415,0.12932861490963862,-2.8192817631169373,2.486580303846317,-2.921841313157002,-2.3302840836398757,-3.215787996382892,1.7111958757000287,0.40769245673279053,0.48754172476961277,0.07984926803682224,0.4037908252067418,0.44605174933736597,0.042260924130624156,0.3420356749615768,0.4894692649748906,0.14743359001331385,0.02506953708415415,0.3424764708035264,0.31740693371937223,0.12932861490963862,0.39663760768653766,0.267308992776899,2048.0,0.9407169117647058,956.0,0.43887867647058826,768.0,0.3524816176470588,656.0,0.3010110294117647,718.0,0.32950367647058826,0.3010110294117647,WACC_0p7_WRT_0p3,0.4725183823529412,1134,False,,,False,False,False,False,False,86.0,0.3617021276595745
SPLL,RialtoBridgeTimelapse,1973,0.57,170,0.7,0.571927520236409,0,56,3403,1625,4,0.891,0.21635201362976741,0.32331814208244525,0.29646356673503477,0.18215663735198034,0.13293539164283225,0.22381717024087192,-2.8192817631169373,2.486580303846317,-2.921841313157002,-2.3302840836398757,-3.215787996382892,1.7111958757000287,0.32331814208244525,0.4019920456949364,0.07867390361249116,0.29646356673503477,0.42878801630640045,0.1323244495713657,0.18215663735198034,0.49811842759494757,0.3159617902429672,0.13293539164283225,0.36855535997405414,0.2356199683312219,0.22381717024087192,0.42810491177051535,0.20428774152964344,657.0,0.3014705882352941,728.0,0.33409926470588236,814.0,0.37362132352941174,824.0,0.3782169117647059,901.0,0.41360294117647056,0.3014705882352941,WACC_0p1_WRT_0p9,0.3602022058823529,1135,False,,,False,False,False,False,False,56.0,0.23404255319148937
SPLL,RialtoBridgeTimelapse,211,0.6,270,0.775,0.4629953909118257,0,126,4249,1127,10,0.999,0.40841312426121257,0.4668923306297581,0.4600732172627974,0.3940779026922705,0.03465404516570643,0.1524696014800771,-2.8192817631169373,2.486580303846317,-2.921841313157002,-2.3302840836398757,-3.215787996382892,1.7111958757000287,0.4668923306297581,0.4477720124028358,0.019120318226922284,0.4600732172627974,0.46762666573355244,0.007553448470755064,0.3940779026922705,0.5289899448985182,0.13491204220624775,0.03465404516570643,0.35373015977780814,0.3190761146121017,0.1524696014800771,0.38606818625589034,0.23359858477581324,1537.0,0.7058823529411765,1302.0,0.5978860294117647,976.0,0.44806985294117646,710.0,0.3258272058823529,657.0,0.3014705882352941,0.3014705882352941,WACC_0p9_WRT_0p1,0.4758272058823529,1136,False,,,False,False,False,False,False,126.0,0.5319148936170213
SPLL,RialtoBridgeTimelapse,661,0.6,285,0.775,0.4502503970736031,0,132,4915,1205,10,0.746,0.4255166104528717,0.48184471964832354,0.47550087555574555,0.4110544208398851,0.041685070300823884,0.1526151670000259,-2.8192817631169373,2.486580303846317,-2.921841313157002,-2.3302840836398757,-3.215787996382892,1.7111958757000287,0.48184471964832354,0.4788742844148654,0.002970435233458135,0.47550087555574555,0.47154640686257343,0.00395446869317212,0.4110544208398851,0.53964624515709,0.12859182431720495,0.041685070300823884,0.358448739752973,0.31676366945214907,0.1526151670000259,0.38629545385944214,0.23368028685941625,1975.0,0.9071691176470589,1381.0,0.6341911764705882,1037.0,0.47610294117647056,752.0,0.34512867647058826,659.0,0.3023897058823529,0.3023897058823529,WACC_0p9_WRT_0p1,0.5329963235294117,1137,False,,,False,False,False,False,False,132.0,0.5574468085106383
SPLL,RialtoBridgeTimelapse,2072,0.45,465,0.4000000000000001,0.3347560226792572,0,185,1222,4188,2,0.499,0.3394424965799437,0.5274130531233041,0.44569265934122887,0.2199249537608172,0.3846121363885359,0.5142724088477594,-2.8192817631169373,2.486580303846317,-2.921841313157002,-2.3302840836398757,-3.215787996382892,1.7111958757000287,0.5274130531233041,0.4021187609934697,0.1252942921298344,0.44569265934122887,0.46383424725340877,0.018141587912179902,0.2199249537608172,0.5892001597456564,0.3692752059848392,0.3846121363885359,0.46821982950915486,0.08360769312061894,0.5142724088477594,0.5462472836342824,0.031974874786523055,659.0,0.3023897058823529,1226.0,0.5629595588235294,1678.0,0.7706801470588235,1810.0,0.8313419117647058,1799.0,0.8262867647058824,0.3023897058823529,WACC_0p1_WRT_0p9,0.6587316176470588,1138,False,,,False,False,False,False,False,185.0,0.7829787234042553
SPLL,RialtoBridgeTimelapse,286,0.59,168,0.75,0.5747107857207654,0,52,5000,1213,6,0.999,0.24386659253622436,0.331196550682509,0.3148781669417226,0.22361793183882994,0.08110321687375716,0.17553248991358653,-2.8192817631169373,2.486580303846317,-2.921841313157002,-2.3302840836398757,-3.215787996382892,1.7111958757000287,0.331196550682509,0.40924697784109615,0.07805042715858712,0.3148781669417226,0.4305927280221141,0.11571456108039152,0.22361793183882994,0.4687384031166422,0.24512047127781228,0.08110321687375716,0.34655129174452576,0.2654480748707686,0.17553248991358653,0.3941234532109074,0.2185909632973209,770.0,0.35340073529411764,757.0,0.3474264705882353,660.0,0.30284926470588236,679.0,0.3115808823529412,703.0,0.3226102941176471,0.30284926470588236,WACC_0p5_WRT_0p5,0.32757352941176465,1139,False,,,False,False,False,False,False,52.0,0.2170212765957447
SPLL,RialtoBridgeTimelapse,1188,0.48,310,0.475,0.4304251651410874,0,148,1735,3697,5,0.758,0.26408955167419734,0.4383340608576365,0.36853664282906407,0.16543021200983488,0.33324671751336465,0.44403335976091957,-2.8192817631169373,2.486580303846317,-2.921841313157002,-2.3302840836398757,-3.215787996382892,1.7111958757000287,0.4383340608576365,0.40221774240186375,0.036116318455772733,0.36853664282906407,0.4645283390686942,0.09599169623963011,0.16543021200983488,0.5757663290949412,0.4103361170851063,0.33324671751336465,0.46949358372835615,0.1362468662149915,0.44403335976091957,0.5367533582270448,0.09271999846612528,661.0,0.30330882352941174,1241.0,0.5698529411764706,1461.0,0.6709558823529411,1822.0,0.8368566176470589,1738.0,0.7982536764705882,0.30330882352941174,WACC_0p1_WRT_0p9,0.6358455882352941,1140,False,,,False,False,False,False,False,148.0,0.625531914893617
SPLL,RialtoBridgeTimelapse,314,0.59,238,0.75,0.4927222657384131,0,106,1591,1229,1,0.001,0.3507595863508177,0.4241827170428484,0.4111143243383078,0.33012240396291775,0.05837939473931307,0.17505363378193814,-2.8192817631169373,2.486580303846317,-2.921841313157002,-2.3302840836398757,-3.215787996382892,1.7111958757000287,0.4241827170428484,0.4304494640452937,0.006266747002445339,0.4111143243383078,0.4225759405891649,0.01146161625085712,0.33012240396291775,0.5207684592545925,0.19064605529167472,0.05837939473931307,0.39718531090086145,0.33880591616154837,0.17505363378193814,0.4527874799483007,0.27773384616636254,1160.0,0.5326286764705882,662.0,0.3037683823529412,931.0,0.4273897058823529,1070.0,0.4912683823529412,1068.0,0.49034926470588236,0.3037683823529412,WACC_0p3_WRT_0p7,0.44908088235294114,1141,False,,,False,False,False,False,False,106.0,0.44680851063829785
SPLL,RialtoBridgeTimelapse,936,0.58,110,0.725,0.674159398498774,0,10,590,723,8,0.516,0.10390942264139368,0.21868080840138207,0.19252958876176593,0.07609220942277134,0.1372974665013733,0.2038536087103264,-2.8192817631169373,2.486580303846317,-2.921841313157002,-2.3302840836398757,-3.215787996382892,1.7111958757000287,0.21868080840138207,0.4480061159036785,0.22932530750229643,0.19252958876176593,0.4226448066188735,0.23011521785710756,0.07609220942277134,0.5072585474950217,0.4311663380722504,0.1372974665013733,0.3565595697583346,0.21926210325696127,0.2038536087103264,0.4099565941995329,0.2061029854892065,1542.0,0.7081801470588235,663.0,0.30422794117647056,861.0,0.3952205882352941,740.0,0.3396139705882353,789.0,0.36213235294117646,0.30422794117647056,WACC_0p3_WRT_0p7,0.421875,1142,False,,,False,False,False,False,False,10.0,0.03829787234042553
SPLL,RialtoBridgeTimelapse,629,0.61,268,0.8,0.4647478051280819,0,124,3620,724,8,0.1,0.4252648608798345,0.47411637040058063,0.47230122314506134,0.41737299527407856,0.056209440741340676,0.13009203123407678,-2.8192817631169373,2.486580303846317,-2.921841313157002,-2.3302840836398757,-3.215787996382892,1.7111958757000287,0.47411637040058063,0.4906554580489986,0.016539087648417994,0.47230122314506134,0.4513083774250264,0.02099284572003496,0.41737299527407856,0.5168649065648878,0.09949191129080925,0.056209440741340676,0.3434663421692662,0.28725690142792554,0.13009203123407678,0.40361579209263904,0.2735237608585622,2064.0,0.9480698529411765,1020.0,0.46829044117647056,909.0,0.4172794117647059,663.0,0.30422794117647056,756.0,0.3469669117647059,0.30422794117647056,WACC_0p7_WRT_0p3,0.49696691176470587,1143,False,,,False,False,False,False,False,124.0,0.5234042553191489
SPLL,RialtoBridgeTimelapse,2008,0.5,330,0.5250000000000001,0.41568052881585,0,153,1162,2362,1,0.233,0.30940983679466105,0.4602903826723425,0.40242305820039886,0.22586710986619332,0.27358771580986896,0.3914358394242226,-2.8192817631169373,2.486580303846317,-2.921841313157002,-2.3302840836398757,-3.215787996382892,1.7111958757000287,0.4602903826723425,0.4026616173543836,0.05762876531795891,0.40242305820039886,0.4332589018170439,0.030835843616645042,0.22586710986619332,0.5479053104083202,0.32203820054212695,0.27358771580986896,0.4301268502222167,0.15653913441234774,0.3914358394242226,0.5011469009604986,0.10971106153627602,663.0,0.30422794117647056,790.0,0.3625919117647059,1099.0,0.5045955882352942,1428.0,0.6557904411764706,1438.0,0.6603860294117647,0.30422794117647056,WACC_0p1_WRT_0p9,0.4975183823529411,1144,False,,,False,False,False,False,False,153.0,0.6468085106382979
SPLL,RialtoBridgeTimelapse,144,0.59,242,0.75,0.4887956222762502,0,109,4477,1395,10,0.819,0.35593506526244,0.42869443369412713,0.4157776159224986,0.33527069961854356,0.05730657330489587,0.17505915373667666,-2.8192817631169373,2.486580303846317,-2.921841313157002,-2.3302840836398757,-3.215787996382892,1.7111958757000287,0.42869443369412713,0.46759113788271683,0.038896704188589704,0.4157776159224986,0.4890111425068754,0.07323352658437676,0.33527069961854356,0.5667328012564382,0.23146210163789466,0.05730657330489587,0.3621355555672928,0.30482898226239696,0.17505915373667666,0.38755589353794984,0.21249673980127318,1853.0,0.8511029411764706,1788.0,0.8212316176470589,1315.0,0.6038602941176471,776.0,0.3561580882352941,663.0,0.30422794117647056,0.30422794117647056,WACC_0p9_WRT_0p1,0.5873161764705882,1145,False,,,False,False,False,False,False,109.0,0.4595744680851064
SPLL,RialtoBridgeTimelapse,642,0.61,263,0.8,0.4691864876308039,0,120,1662,776,10,0.495,0.4192550328337575,0.4688563179740268,0.4668778418640803,0.41141309811529525,0.05375071749160914,0.13002265282115885,-2.8192817631169373,2.486580303846317,-2.921841313157002,-2.3302840836398757,-3.215787996382892,1.7111958757000287,0.4688563179740268,0.48076276353028863,0.011906445556261802,0.4668778418640803,0.44468382231646036,0.02219401954761996,0.41141309811529525,0.5140093633310728,0.10259626521577758,0.05375071749160914,0.34394218412265604,0.2901914666310469,0.13002265282115885,0.40740745215531815,0.27738479933415927,1992.0,0.9149816176470589,933.0,0.42830882352941174,902.0,0.4140625,664.0,0.3046875,776.0,0.3561580882352941,0.3046875,WACC_0p7_WRT_0p3,0.4836397058823529,1146,False,,,False,False,False,False,False,120.0,0.5063829787234042
SPLL,RialtoBridgeTimelapse,1565,0.56,165,0.6750000000000003,0.5789480602618828,0,52,4347,2276,1,0.48,0.1929628782060058,0.3113241580342505,0.27871293743628434,0.15154574396120055,0.16182682277376048,0.24897437116278426,-2.8192817631169373,2.486580303846317,-2.921841313157002,-2.3302840836398757,-3.215787996382892,1.7111958757000287,0.3113241580342505,0.408042561295634,0.09671840326138348,0.27871293743628434,0.42286550799378164,0.1441525705574973,0.15154574396120055,0.5368626783998676,0.385316934438667,0.16182682277376048,0.4055913348127802,0.24376451203901972,0.24897437116278426,0.4531887520374882,0.20421438087470395,752.0,0.34512867647058826,665.0,0.30514705882352944,1022.0,0.46920955882352944,1159.0,0.5321691176470589,1070.0,0.4912683823529412,0.30514705882352944,WACC_0p3_WRT_0p7,0.4285845588235294,1147,False,,,False,False,False,False,False,52.0,0.2170212765957447
SPLL,RialtoBridgeTimelapse,775,0.61,226,0.8,0.5049090717776001,0,97,1652,634,7,0.048,0.37105063705888586,0.42668363406616366,0.42338434657249296,0.36359360849274097,0.03399476674255448,0.1295196122637472,-2.8192817631169373,2.486580303846317,-2.921841313157002,-2.3302840836398757,-3.215787996382892,1.7111958757000287,0.42668363406616366,0.4852638960378275,0.05858026197166383,0.42338434657249296,0.4439435312152658,0.020559184642772843,0.36359360849274097,0.47497229866169116,0.11137869016895019,0.03399476674255448,0.34429819249581567,0.3103034257532612,0.1295196122637472,0.3887069676916368,0.2591873554278896,2030.0,0.9324448529411765,921.0,0.4227941176470588,692.0,0.31755514705882354,666.0,0.3056066176470588,669.0,0.3069852941176471,0.3056066176470588,WACC_0p7_WRT_0p3,0.457077205882353,1148,False,,,False,False,False,False,False,97.0,0.4085106382978723
SPLL,RialtoBridgeTimelapse,1196,0.6,155,0.775,0.5936468762779661,0,39,4096,1144,8,0.841,0.23576325391757139,0.3163297592569809,0.30448762273773067,0.22238320780814202,0.06043735703437146,0.15211963785307303,-2.8192817631169373,2.486580303846317,-2.921841313157002,-2.3302840836398757,-3.215787996382892,1.7111958757000287,0.3163297592569809,0.4627767885137728,0.14644702925679187,0.30448762273773067,0.47484649873405715,0.1703588759963265,0.22238320780814202,0.5335590519873467,0.31117584417920463,0.06043735703437146,0.3474463630390322,0.2870090060046607,0.15211963785307303,0.3885609538951755,0.23644131604210245,1785.0,0.8198529411764706,1456.0,0.6686580882352942,998.0,0.45818014705882354,683.0,0.3134191176470588,666.0,0.3056066176470588,0.3056066176470588,WACC_0p9_WRT_0p1,0.5131433823529412,1149,False,,,False,False,False,False,False,39.0,0.16170212765957448
SPLL,RialtoBridgeTimelapse,1740,0.48,120,0.475,0.6537523715710118,0,18,2504,1573,2,0.31,0.31071779712004555,0.22116571985382538,0.13715736686965985,0.2637626101751581,0.41851947236592496,0.47628033976373374,-2.8192817631169373,2.486580303846317,-2.921841313157002,-2.3302840836398757,-3.215787996382892,1.7111958757000287,0.22116571985382538,0.4028608792573326,0.18169515940350722,0.13715736686965985,0.4402048463554785,0.30304747948581867,0.2637626101751581,0.5436637609206834,0.27990115074552524,0.41851947236592496,0.4250236830014368,0.00650421063551182,0.47628033976373374,0.48704120397184936,0.010760864208115617,667.0,0.30606617647058826,864.0,0.39659926470588236,1071.0,0.49172794117647056,1375.0,0.6314338235294118,1340.0,0.6153492647058824,0.30606617647058826,WACC_0p1_WRT_0p9,0.488235294117647,1150,False,,,False,False,False,False,False,18.0,0.07234042553191489
SPLL,RialtoBridgeTimelapse,1840,0.6,341,0.775,0.4079463386641236,0,151,4570,1349,7,0.868,0.48254686713562234,0.5317326611009189,0.5269552300144495,0.4676347590545397,0.0650703482371627,0.15319158625410523,-2.8192817631169373,2.486580303846317,-2.921841313157002,-2.3302840836398757,-3.215787996382892,1.7111958757000287,0.5317326611009189,0.4480983213438574,0.08363433975706147,0.5269552300144495,0.47434576592038724,0.05260946409406231,0.4676347590545397,0.538367097776772,0.07073233872223234,0.0650703482371627,0.3603674076738736,0.2952970594367109,0.15319158625410523,0.3885686483072602,0.23537706205315495,1544.0,0.7090992647058824,1441.0,0.6617647058823529,1033.0,0.4742647058823529,768.0,0.3524816176470588,667.0,0.30606617647058826,0.30606617647058826,WACC_0p9_WRT_0p1,0.5007352941176471,1151,False,,,False,False,False,False,False,151.0,0.6382978723404256
SPLL,RialtoBridgeTimelapse,312,0.61,170,0.8,0.571927520236409,0,50,5000,1272,10,0.999,0.28153020071234075,0.3484756940691872,0.3426564733644502,0.2746908777077923,0.02875190264202643,0.12891835186358827,-2.8192817631169373,2.486580303846317,-2.921841313157002,-2.3302840836398757,-3.215787996382892,1.7111958757000287,0.3484756940691872,0.43690432749207225,0.08842863342288504,0.3426564733644502,0.4629749926768586,0.12031851931240839,0.2746908777077923,0.5119488196712166,0.2372579419634243,0.02875190264202643,0.3604542768615286,0.33170237421950216,0.12891835186358827,0.3886809858218019,0.25976263395821364,1298.0,0.5960477941176471,1201.0,0.5514705882352942,892.0,0.4094669117647059,769.0,0.35294117647058826,668.0,0.30652573529411764,0.30652573529411764,WACC_0p9_WRT_0p1,0.44329044117647054,1152,False,,,False,False,False,False,False,50.0,0.20851063829787234
SPLL,RialtoBridgeTimelapse,1044,0.6,220,0.775,0.511246276697515,0,95,1993,836,6,0.486,0.3440361685885316,0.41065973607468104,0.4020229080727288,0.3301371188639107,0.03783090826338135,0.15206478134828355,-2.8192817631169373,2.486580303846317,-2.921841313157002,-2.3302840836398757,-3.215787996382892,1.7111958757000287,0.41065973607468104,0.4323630911352204,0.021703355060539387,0.4020229080727288,0.42343326866501596,0.02141036059228718,0.3301371188639107,0.5120037100135272,0.1818665911496165,0.03783090826338135,0.3919276773279502,0.35409676906456883,0.15206478134828355,0.45003935402928874,0.2979745726810052,1199.0,0.5505514705882353,669.0,0.3069852941176471,893.0,0.4099264705882353,1010.0,0.46369485294117646,1045.0,0.4797794117647059,0.3069852941176471,WACC_0p3_WRT_0p7,0.4421875,1153,False,,,False,False,False,False,False,95.0,0.4
SPLL,RialtoBridgeTimelapse,1269,0.53,214,0.6000000000000002,0.5177579218307348,0,91,3161,2211,3,0.711,0.22602095075245296,0.3642781410620611,0.31805490485706617,0.1633155841090725,0.2240944610696301,0.32140439709492924,-2.8192817631169373,2.486580303846317,-2.921841313157002,-2.3302840836398757,-3.215787996382892,1.7111958757000287,0.3642781410620611,0.4029077418276833,0.03862960076562222,0.31805490485706617,0.4437909914434228,0.12573608658635665,0.1633155841090725,0.5575717714290839,0.3942561873200114,0.2240944610696301,0.41554573067777484,0.19145126960814474,0.32140439709492924,0.46722004453231336,0.14581564743738412,670.0,0.30744485294117646,916.0,0.42049632352941174,1195.0,0.5487132352941176,1263.0,0.5799632352941176,1184.0,0.5436580882352942,0.30744485294117646,WACC_0p1_WRT_0p9,0.4800551470588236,1154,False,,,False,False,False,False,False,91.0,0.3829787234042553
SPLL,RialtoBridgeTimelapse,1047,0.42,274,0.325,0.4595290309126488,0,132,544,2726,7,0.752,0.38416711161064704,0.3971676006152749,0.290671970692462,0.28244365958319845,0.5148023319670553,0.6100270407165704,-2.8192817631169373,2.486580303846317,-2.921841313157002,-2.3302840836398757,-3.215787996382892,1.7111958757000287,0.3971676006152749,0.4029161199366543,0.0057485193213794306,0.290671970692462,0.4607107623483871,0.17003879165592511,0.28244365958319845,0.5529030694618535,0.2704594098786551,0.5148023319670553,0.45009857604795317,0.0647037559191021,0.6100270407165704,0.5249806524563632,0.08504638826020727,671.0,0.3079044117647059,1171.0,0.5376838235294118,1152.0,0.5289522058823529,1627.0,0.7472426470588235,1644.0,0.7550551470588235,0.3079044117647059,WACC_0p1_WRT_0p9,0.5753676470588235,1155,False,,,False,False,False,False,False,132.0,0.5574468085106383
SPLL,RialtoBridgeTimelapse,1469,0.59,171,0.75,0.5705480712116793,0,54,3075,949,4,0.221,0.24923420798301194,0.33585483174785374,0.31970629395501543,0.22897566536950964,0.07993062679281117,0.17547543432527618,-2.8192817631169373,2.486580303846317,-2.921841313157002,-2.3302840836398757,-3.215787996382892,1.7111958757000287,0.33585483174785374,0.45056865153165365,0.11471381978379991,0.31970629395501543,0.43876347841183466,0.11905718445681923,0.22897566536950964,0.5248042527598312,0.2958285873903216,0.07993062679281117,0.34517966223273494,0.2652490354399238,0.17547543432527618,0.41013845183876463,0.23466301751348845,1591.0,0.7306985294117647,847.0,0.38878676470588236,951.0,0.4365808823529412,672.0,0.3083639705882353,790.0,0.3625919117647059,0.3083639705882353,WACC_0p7_WRT_0p3,0.4454044117647059,1156,False,,,False,False,False,False,False,54.0,0.225531914893617
SPLL,RialtoBridgeTimelapse,2154,0.38,219,0.2250000000000001,0.5123191802935934,0,99,228,3646,10,0.766,0.5410423630175024,0.34440969956893885,0.20951556644754177,0.45485216415427054,0.6568518227861947,0.73515219922642,-2.8192817631169373,2.486580303846317,-2.921841313157002,-2.3302840836398757,-3.215787996382892,1.7111958757000287,0.34440969956893885,0.4029847948815759,0.05857509531263705,0.20951556644754177,0.47126194200217925,0.2617463755546375,0.45485216415427054,0.5766590038941197,0.12180683973984918,0.6568518227861947,0.5271624671633445,0.12968935562285022,0.73515219922642,0.6061732361014475,0.12897896312497248,672.0,0.3083639705882353,1377.0,0.6323529411764706,1475.0,0.6773897058823529,2128.0,0.9774816176470589,2136.0,0.9811580882352942,0.3083639705882353,WACC_0p1_WRT_0p9,0.7153492647058824,1157,False,,,False,False,False,False,False,99.0,0.41702127659574467
SPLL,RialtoBridgeTimelapse,32,0.6,225,0.775,0.505953553992776,0,97,4530,1134,10,0.3,0.35106665582970437,0.41679661553981134,0.4083608202366589,0.3371236270121052,0.03639665113630542,0.15209646123776452,-2.8192817631169373,2.486580303846317,-2.921841313157002,-2.3302840836398757,-3.215787996382892,1.7111958757000287,0.41679661553981134,0.5048733800549463,0.08807676451513496,0.4083608202366589,0.5018764661098036,0.09351564587314476,0.3371236270121052,0.5789182488091159,0.24179462179701072,0.03639665113630542,0.3688979969350073,0.3325013457987019,0.15209646123776452,0.3896961113461784,0.23759965010841386,2119.0,0.9733455882352942,2031.0,0.9329044117647058,1505.0,0.6911764705882353,827.0,0.3795955882352941,674.0,0.3092830882352941,0.3092830882352941,WACC_0p9_WRT_0p1,0.6572610294117647,1158,False,,,False,False,False,False,False,97.0,0.4085106382978723
SPLL,RialtoBridgeTimelapse,1238,0.45,450,0.4000000000000001,0.3424963479114397,0,182,3546,4446,1,0.326,0.33008201385429026,0.519467958649706,0.43734360739205247,0.21042563989339083,0.38716788123852985,0.5149069973511148,-2.8192817631169373,2.486580303846317,-2.921841313157002,-2.3302840836398757,-3.215787996382892,1.7111958757000287,0.519467958649706,0.40337367980045113,0.11609427884925483,0.43734360739205247,0.4543439155723229,0.01700030818027043,0.21042563989339083,0.5968326689778242,0.38640702908443336,0.38716788123852985,0.46788711106984415,0.0807192298313143,0.5149069973511148,0.5484052632221568,0.03349826587104199,676.0,0.3102022058823529,1060.0,0.4866727941176471,1833.0,0.8419117647058824,1806.0,0.8295036764705882,1823.0,0.8373161764705882,0.3102022058823529,WACC_0p1_WRT_0p9,0.6611213235294118,1159,False,,,False,False,False,False,False,182.0,0.7702127659574468
SPLL,RialtoBridgeTimelapse,1391,0.59,174,0.75,0.5664573380935396,0,57,936,808,9,0.241,0.25451578456699325,0.34043980350571584,0.3244575679190154,0.234246329144266,0.07878072569323119,0.17542337097507044,-2.8192817631169373,2.486580303846317,-2.921841313157002,-2.3302840836398757,-3.215787996382892,1.7111958757000287,0.34043980350571584,0.48429021334363814,0.1438504098379223,0.3244575679190154,0.4551223147020852,0.13066474678306977,0.234246329144266,0.4977877946039624,0.26354146545969637,0.07878072569323119,0.3462617282666013,0.2674810025733701,0.17542337097507044,0.400748028332346,0.22532465735727558,2023.0,0.9292279411764706,1067.0,0.4898897058823529,812.0,0.3727022058823529,677.0,0.31066176470588236,736.0,0.33777573529411764,0.31066176470588236,WACC_0p7_WRT_0p3,0.4880514705882352,1160,False,,,False,False,False,False,False,57.0,0.23829787234042554
SPLL,RialtoBridgeTimelapse,1210,0.47,355,0.45,0.3984549576547569,0,160,1536,3787,1,0.378,0.2892985508538739,0.46810204721443516,0.39433578599978575,0.18369006152212722,0.350336282229959,0.46743253769584003,-2.8192817631169373,2.486580303846317,-2.921841313157002,-2.3302840836398757,-3.215787996382892,1.7111958757000287,0.46810204721443516,0.4034865246059623,0.06461552260847286,0.39433578599978575,0.44737603155472416,0.053040245554938414,0.18369006152212722,0.5794800950319552,0.395790033509828,0.350336282229959,0.46045081494768086,0.11011453271772187,0.46743253769584003,0.5377977427869002,0.07036520509106015,677.0,0.31066176470588236,969.0,0.44485294117647056,1516.0,0.6962316176470589,1726.0,0.7927389705882353,1746.0,0.8019301470588235,0.31066176470588236,WACC_0p1_WRT_0p9,0.609283088235294,1161,False,,,False,False,False,False,False,160.0,0.676595744680851
SPLL,RialtoBridgeTimelapse,1800,0.61,166,0.8,0.5775271860960967,0,48,3982,917,6,0.555,0.2741136672918537,0.3420049281203459,0.3359717684422559,0.2673180338154785,0.030273768552113525,0.1288942051276666,-2.8192817631169373,2.486580303846317,-2.921841313157002,-2.3302840836398757,-3.215787996382892,1.7111958757000287,0.3420049281203459,0.4735173296252999,0.13151240150495402,0.3359717684422559,0.46378435321605394,0.12781258477379803,0.2673180338154785,0.5237630102607301,0.25644497644525166,0.030273768552113525,0.34644308840739174,0.31616931985527824,0.1288942051276666,0.3946335475732558,0.26573934244558917,1914.0,0.8791360294117647,1224.0,0.5620404411764706,946.0,0.4342830882352941,678.0,0.31112132352941174,704.0,0.32306985294117646,0.31112132352941174,WACC_0p7_WRT_0p3,0.5019301470588236,1162,False,,,False,False,False,False,False,48.0,0.2
SPLL,RialtoBridgeTimelapse,1836,0.6,127,0.775,0.6404474693503497,0,17,2676,729,2,0.215,0.17545946277812458,0.26400538392564593,0.2502488947045416,0.1621814924522089,0.07364038986310123,0.15279131228208642,-2.8192817631169373,2.486580303846317,-2.921841313157002,-2.3302840836398757,-3.215787996382892,1.7111958757000287,0.26400538392564593,0.43642452469944376,0.17241914077379783,0.2502488947045416,0.4239743017247582,0.1737254070202166,0.1621814924522089,0.4808527249252439,0.31867123247303497,0.07364038986310123,0.355465190290134,0.2818248004270328,0.15279131228208642,0.41686127781754173,0.2640699655354553,1287.0,0.5909926470588235,679.0,0.3115808823529412,724.0,0.3322610294117647,730.0,0.3350183823529412,836.0,0.3837316176470588,0.3115808823529412,WACC_0p3_WRT_0p7,0.3907169117647059,1163,False,,,False,False,False,False,False,17.0,0.06808510638297872
SPLL,RialtoBridgeTimelapse,1873,0.52,88,0.5750000000000002,0.7264173207993281,0,8,2272,762,7,0.759,0.22855334754365197,0.15717131196751055,0.09223283228443162,0.20178597308102414,0.33052698441817524,0.3764312456254926,-2.8192817631169373,2.486580303846317,-2.921841313157002,-2.3302840836398757,-3.215787996382892,1.7111958757000287,0.15717131196751055,0.42680303623865845,0.2696317242711479,0.09223283228443162,0.4246914030776392,0.33245857079320756,0.20178597308102414,0.4727476164570397,0.2709616433760156,0.33052698441817524,0.36085403718601167,0.030327052767836427,0.3764312456254926,0.42901190234313086,0.05258065671763823,1076.0,0.49402573529411764,684.0,0.31387867647058826,680.0,0.31204044117647056,770.0,0.35340073529411764,910.0,0.4177389705882353,0.31204044117647056,WACC_0p5_WRT_0p5,0.37821691176470584,1164,False,,,False,False,False,False,False,8.0,0.029787234042553193
SPLL,RialtoBridgeTimelapse,743,0.47,472,0.45,0.331228749963582,0,185,1509,4208,7,0.716,0.3711575338934011,0.5378072429179908,0.46743832874565283,0.26656716738516534,0.3286274179891927,0.4625548994331571,-2.8192817631169373,2.486580303846317,-2.921841313157002,-2.3302840836398757,-3.215787996382892,1.7111958757000287,0.5378072429179908,0.40379562117127826,0.1340116217467125,0.46743832874565283,0.4783983415138911,0.01096001276823827,0.26656716738516534,0.5849124429616618,0.31834527557649644,0.3286274179891927,0.4759112452166543,0.14728382722746158,0.4625548994331571,0.5489837951530134,0.08642889571985635,680.0,0.31204044117647056,1534.0,0.7045036764705882,1596.0,0.7329963235294118,1873.0,0.8602941176470589,1832.0,0.8414522058823529,0.31204044117647056,WACC_0p1_WRT_0p9,0.6902573529411764,1165,False,,,False,False,False,False,False,185.0,0.7829787234042553
SPLL,RialtoBridgeTimelapse,1627,0.55,133,0.6500000000000002,0.6296100858099285,0,25,429,805,7,0.795,0.11735874973505417,0.2551843302105783,0.21445811565575013,0.06779339833954623,0.20547247387444809,0.2781927031081748,-2.8192817631169373,2.486580303846317,-2.921841313157002,-2.3302840836398757,-3.215787996382892,1.7111958757000287,0.2551843302105783,0.42081335534444636,0.16562902513386807,0.21445811565575013,0.42433139064413616,0.20987327498838604,0.06779339833954623,0.49043529866703417,0.42264190032748794,0.20547247387444809,0.38557510811507717,0.18010263424062908,0.2781927031081748,0.43105062893202606,0.15285792582385127,957.0,0.43933823529411764,681.0,0.3125,775.0,0.3556985294117647,965.0,0.4430147058823529,919.0,0.421875,0.3125,WACC_0p3_WRT_0p7,0.394485294117647,1166,False,,,False,False,False,False,False,25.0,0.10212765957446808
SPLL,RialtoBridgeTimelapse,727,0.48,395,0.475,0.3732636455870697,0,170,1902,4994,2,0.444,0.3335535979905295,0.4974304618820447,0.43054868982378247,0.23580560150525223,0.31466985896363714,0.4397318255887138,-2.8192817631169373,2.486580303846317,-2.921841313157002,-2.3302840836398757,-3.215787996382892,1.7111958757000287,0.4974304618820447,0.40380479916424844,0.09362566271779627,0.43054868982378247,0.4587670573931813,0.028218367569398828,0.23580560150525223,0.5972511767724888,0.36144557526723664,0.31466985896363714,0.481163917610684,0.16649405864704686,0.4397318255887138,0.5658950853107575,0.12616325972204367,681.0,0.3125,1129.0,0.5183823529411765,1840.0,0.8451286764705882,1918.0,0.8809742647058824,1969.0,0.9044117647058824,0.3125,WACC_0p1_WRT_0p9,0.6922794117647059,1167,False,,,False,False,False,False,False,170.0,0.7191489361702128
SPLL,RialtoBridgeTimelapse,329,0.59,204,0.75,0.5290255197785925,0,82,4729,1519,2,0.675,0.30313947633637267,0.3827067595260924,0.36822147481758905,0.28272020897547157,0.0683559463376536,0.17511324997918393,-2.8192817631169373,2.486580303846317,-2.921841313157002,-2.3302840836398757,-3.215787996382892,1.7111958757000287,0.3827067595260924,0.40387041059549217,0.02116365106939977,0.36822147481758905,0.4287428580411079,0.060521383223518854,0.28272020897547157,0.4943118785792876,0.21159166960381603,0.0683559463376536,0.3817190343177099,0.3133630879800563,0.17511324997918393,0.41622496895944683,0.2411117189802629,682.0,0.31295955882352944,726.0,0.33318014705882354,797.0,0.36580882352941174,933.0,0.42830882352941174,833.0,0.38235294117647056,0.31295955882352944,WACC_0p1_WRT_0p9,0.3645220588235294,1168,False,,,False,False,False,False,False,82.0,0.3446808510638298
SPLL,RialtoBridgeTimelapse,846,0.6,146,0.775,0.6077049623167738,0,31,3159,880,7,0.783,0.2175461304233629,0.30050238395652923,0.2880944753508488,0.2042150704739925,0.06436643460854304,0.15226031269625642,-2.8192817631169373,2.486580303846317,-2.921841313157002,-2.3302840836398757,-3.215787996382892,1.7111958757000287,0.30050238395652923,0.4351965731265875,0.13469418917005826,0.2880944753508488,0.4448582059559999,0.15676373060515109,0.2042150704739925,0.49607731602978855,0.29186224555579604,0.06436643460854304,0.3528800877736111,0.28851365316506805,0.15226031269625642,0.3913839624516132,0.2391236497553568,1263.0,0.5799632352941176,938.0,0.4306066176470588,803.0,0.36856617647058826,706.0,0.3239889705882353,682.0,0.31295955882352944,0.31295955882352944,WACC_0p9_WRT_0p1,0.40321691176470587,1169,False,,,False,False,False,False,False,31.0,0.1276595744680851
SPLL,RialtoBridgeTimelapse,1005,0.36,391,0.175,0.3756654412159369,0,173,422,3920,1,0.337,0.5218832677560201,0.4693664473395071,0.33251338315601275,0.39716136963346715,0.6570852571383488,0.7642537088776111,-2.8192817631169373,2.486580303846317,-2.921841313157002,-2.3302840836398757,-3.215787996382892,1.7111958757000287,0.4693664473395071,0.4039131737553683,0.06545327358413883,0.33251338315601275,0.44239575307441886,0.10988236991840611,0.39716136963346715,0.5608770614826797,0.16371569184921253,0.6570852571383488,0.5114793423001399,0.14560591483820884,0.7642537088776111,0.5927432536008116,0.17151045527679953,683.0,0.3134191176470588,894.0,0.4103860294117647,1241.0,0.5698529411764706,2085.0,0.9577205882352942,2094.0,0.9618566176470589,0.3134191176470588,WACC_0p1_WRT_0p9,0.6426470588235295,1170,False,,,False,False,False,False,False,173.0,0.7319148936170212
SPLL,RialtoBridgeTimelapse,1537,0.51,87,0.5500000000000002,0.7290905112468236,0,8,2851,1843,1,0.233,0.2622024772428718,0.1542644783729675,0.08284952297297567,0.2361673885126961,0.36224362825058903,0.406419451670858,-2.8192817631169373,2.486580303846317,-2.921841313157002,-2.3302840836398757,-3.215787996382892,1.7111958757000287,0.1542644783729675,0.4039790794745801,0.24971460110161262,0.08284952297297567,0.4290619040870276,0.34621238111405195,0.2361673885126961,0.5275553273717323,0.29138793885903613,0.36224362825058903,0.4189397056306301,0.056696077380041066,0.406419451670858,0.4809142462628104,0.07449479459195235,684.0,0.31387867647058826,734.0,0.3368566176470588,972.0,0.4462316176470588,1305.0,0.5992647058823529,1279.0,0.5873161764705882,0.31387867647058826,WACC_0p1_WRT_0p9,0.4567095588235294,1171,False,,,False,False,False,False,False,8.0,0.029787234042553193
SPLL,RialtoBridgeTimelapse,677,0.59,158,0.75,0.5891405526489926,0,42,2861,840,10,0.302,0.22531548746530297,0.315108381069458,0.29819610742500907,0.20509101279552389,0.08518845277409583,0.17576385421952462,-2.8192817631169373,2.486580303846317,-2.921841313157002,-2.3302840836398757,-3.215787996382892,1.7111958757000287,0.315108381069458,0.483409894464406,0.16830151339494803,0.29819610742500907,0.4680262631111745,0.16983015568616544,0.20509101279552389,0.5262661973835101,0.3211751845879862,0.08518845277409583,0.3475562796677783,0.2623678268936825,0.17576385421952462,0.40009157934633444,0.22432772512680982,2016.0,0.9260110294117647,1311.0,0.6020220588235294,962.0,0.4416360294117647,684.0,0.31387867647058826,732.0,0.3359375,0.31387867647058826,WACC_0p7_WRT_0p3,0.5238970588235294,1172,False,,,False,False,False,False,False,42.0,0.17446808510638298
SPLL,RialtoBridgeTimelapse,1311,0.6,142,0.775,0.6142315786458887,0,27,1028,725,6,0.754,0.20911760662073128,0.29318513943906815,0.2805120737367537,0.19580430022803388,0.0662003786629635,0.152342236548104,-2.8192817631169373,2.486580303846317,-2.921841313157002,-2.3302840836398757,-3.215787996382892,1.7111958757000287,0.29318513943906815,0.42544596452326217,0.132260825084194,0.2805120737367537,0.428708457367849,0.14819638363109533,0.19580430022803388,0.4781411107000366,0.28233681047200276,0.0662003786629635,0.3480484796554508,0.28184810099248736,0.152342236548104,0.400611077752019,0.24826884120391499,1045.0,0.4797794117647059,724.0,0.3322610294117647,714.0,0.32766544117647056,685.0,0.31433823529411764,735.0,0.33731617647058826,0.31433823529411764,WACC_0p7_WRT_0p3,0.3582720588235294,1173,False,,,False,False,False,False,False,27.0,0.11063829787234042
SPLL,RialtoBridgeTimelapse,166,0.6,173,0.775,0.5678130715313164,0,55,1327,871,4,0.333,0.2694485683190285,0.34563455061818593,0.334815408517831,0.25594437942733655,0.05328196192129398,0.15197458974872632,-2.8192817631169373,2.486580303846317,-2.921841313157002,-2.3302840836398757,-3.215787996382892,1.7111958757000287,0.34563455061818593,0.44618004785010223,0.1005454972319163,0.334815408517831,0.424768226298263,0.08995281778043202,0.25594437942733655,0.491313259824927,0.23536888039759046,0.05328196192129398,0.35879736876740437,0.3055154068461104,0.15197458974872632,0.4174732040647666,0.26549861431604027,1508.0,0.6925551470588235,685.0,0.31433823529411764,779.0,0.35753676470588236,755.0,0.34650735294117646,840.0,0.38556985294117646,0.31433823529411764,WACC_0p3_WRT_0p7,0.41930147058823525,1174,False,,,False,False,False,False,False,55.0,0.2297872340425532
SPLL,RialtoBridgeTimelapse,1739,0.41,805,0.3,0.205137116747974,0,218,2671,4644,9,0.726,0.4424791181839516,0.6483942081569548,0.5508684384763626,0.2951614511087562,0.4524879333089416,0.6078439259830359,-2.8192817631169373,2.486580303846317,-2.921841313157002,-2.3302840836398757,-3.215787996382892,1.7111958757000287,0.6483942081569548,0.40400645581445344,0.24438775234250137,0.5508684384763626,0.49036820265595554,0.06050023582040703,0.2951614511087562,0.5935435108755492,0.29838205976679305,0.4524879333089416,0.5025098001842839,0.050021866875342325,0.6078439259830359,0.5896687792462756,0.01817514673676035,685.0,0.31433823529411764,1814.0,0.8331801470588235,1762.0,0.8092830882352942,2045.0,0.9393382352941176,2084.0,0.9572610294117647,0.31433823529411764,WACC_0p1_WRT_0p9,0.7706801470588236,1175,False,,,False,False,False,False,False,218.0,0.9234042553191489
SPLL,RialtoBridgeTimelapse,692,0.54,110,0.6250000000000002,0.674159398498774,0,11,3143,1698,2,0.507,0.1359316553106396,0.20861222577105115,0.15951143690073338,0.093720639441865,0.2496690170672545,0.31015454741373616,-2.8192817631169373,2.486580303846317,-2.921841313157002,-2.3302840836398757,-3.215787996382892,1.7111958757000287,0.20861222577105115,0.4098806041028029,0.20126837833175176,0.15951143690073338,0.4249130142208513,0.26540157732011793,0.093720639441865,0.5265627712810912,0.4328421318392262,0.2496690170672545,0.39511877750190827,0.14544976043465377,0.31015454741373616,0.44324561821851577,0.1330910708047796,781.0,0.3584558823529412,687.0,0.31525735294117646,965.0,0.4430147058823529,1050.0,0.4820772058823529,997.0,0.4577205882352941,0.31525735294117646,WACC_0p3_WRT_0p7,0.4113051470588235,1176,False,,,False,False,False,False,False,11.0,0.0425531914893617
SPLL,RialtoBridgeTimelapse,1746,0.41,226,0.3,0.5049090717776001,0,104,2334,2316,8,0.898,0.44155292110616856,0.3532795854316974,0.2375216585579729,0.3531124833672856,0.5631169543074083,0.6465900192131419,-2.8192817631169373,2.486580303846317,-2.921841313157002,-2.3302840836398757,-3.215787996382892,1.7111958757000287,0.3532795854316974,0.40414707954195317,0.05086749411025576,0.2375216585579729,0.47193080651017394,0.23440914795220105,0.3531124833672856,0.5474105639133897,0.1942980805461041,0.5631169543074083,0.4293572907888553,0.13375966351855295,0.6465900192131419,0.5054182362058933,0.14117178300724853,687.0,0.31525735294117646,1387.0,0.6369485294117647,1094.0,0.5022977941176471,1414.0,0.6493566176470589,1472.0,0.6760110294117647,0.31525735294117646,WACC_0p1_WRT_0p9,0.5559742647058824,1177,False,,,False,False,False,False,False,104.0,0.43829787234042555
SPLL,RialtoBridgeTimelapse,1587,0.55,400,0.6500000000000002,0.3702952899890535,0,167,654,995,9,0.003,0.4427410919768461,0.5352344259708949,0.5062133790394144,0.3946174441298663,0.12771009350873938,0.26773701591143384,-2.8192817631169373,2.486580303846317,-2.921841313157002,-2.3302840836398757,-3.215787996382892,1.7111958757000287,0.5352344259708949,0.5046782924236923,0.030556133547202546,0.5062133790394144,0.4746095622424302,0.03160381679698421,0.3946174441298663,0.5067949163717533,0.11217747224188701,0.12771009350873938,0.349117961369761,0.2214078678610216,0.26773701591143384,0.4146686813070963,0.14693166539566244,2117.0,0.9724264705882353,1447.0,0.6645220588235294,858.0,0.3938419117647059,689.0,0.3161764705882353,824.0,0.3782169117647059,0.3161764705882353,WACC_0p7_WRT_0p3,0.5450367647058824,1178,False,,,False,False,False,False,False,167.0,0.7063829787234043
SPLL,RialtoBridgeTimelapse,1863,0.47,413,0.45,0.3627474770823554,0,177,4600,4329,2,0.46,0.33261707793208917,0.5049265347648436,0.4329958176918017,0.2276019884287041,0.33866946374826434,0.4646640762141499,-2.8192817631169373,2.486580303846317,-2.921841313157002,-2.3302840836398757,-3.215787996382892,1.7111958757000287,0.5049265347648436,0.40416443322282175,0.10076210154202186,0.4329958176918017,0.46539186026992485,0.032396042578123174,0.2276019884287041,0.5943326740272901,0.36673068559858596,0.33866946374826434,0.4521747680426798,0.11350530429441547,0.4646640762141499,0.523290828849142,0.05862675263499212,689.0,0.3161764705882353,1257.0,0.5772058823529411,1778.0,0.8166360294117647,1642.0,0.7541360294117647,1633.0,0.75,0.3161764705882353,WACC_0p1_WRT_0p9,0.6428308823529412,1179,False,,,False,False,False,False,False,177.0,0.7489361702127659
SPLL,RialtoBridgeTimelapse,885,0.59,143,0.75,0.612582966835167,0,29,5000,1466,6,0.999,0.19537042451518738,0.28918078529402574,0.2712845991105448,0.17514841049142402,0.09190255999214604,0.17626274212122758,-2.8192817631169373,2.486580303846317,-2.921841313157002,-2.3302840836398757,-3.215787996382892,1.7111958757000287,0.28918078529402574,0.40677960796588436,0.11759882267185862,0.2712845991105448,0.44036247922720134,0.16907788011665653,0.17514841049142402,0.4832994480864119,0.30815103759498785,0.09190255999214604,0.34949228492652046,0.25758972493437443,0.17626274212122758,0.39842717631732183,0.22216443419609425,736.0,0.33777573529411764,866.0,0.3975183823529412,734.0,0.3368566176470588,690.0,0.3166360294117647,724.0,0.3322610294117647,0.3166360294117647,WACC_0p7_WRT_0p3,0.34420955882352944,1180,False,,,False,False,False,False,False,29.0,0.11914893617021277
SPLL,RialtoBridgeTimelapse,1097,0.61,179,0.8,0.5597928174542224,0,57,1351,866,8,0.699,0.29763838524529546,0.3625349368568934,0.35717723627716713,0.29069962421189405,0.025461404333359954,0.1289863885942652,-2.8192817631169373,2.486580303846317,-2.921841313157002,-2.3302840836398757,-3.215787996382892,1.7111958757000287,0.3625349368568934,0.4547731140253324,0.09223817716843896,0.35717723627716713,0.4473385477713526,0.09016131149418549,0.29069962421189405,0.5099414697664061,0.21924184555451204,0.025461404333359954,0.349565389054974,0.324103984721614,0.1289863885942652,0.41333272280714517,0.28434633421287997,1663.0,0.7637867647058824,968.0,0.4443933823529412,882.0,0.40487132352941174,691.0,0.3170955882352941,815.0,0.3740808823529412,0.3170955882352941,WACC_0p7_WRT_0p3,0.4608455882352941,1181,False,,,False,False,False,False,False,57.0,0.23829787234042554
SPLL,RialtoBridgeTimelapse,1381,0.6,228,0.775,0.5028338405982749,0,100,3716,1149,10,0.627,0.355214453155846,0.4204177359098078,0.41210022582469696,0.3412450164220093,0.035551988785424295,0.1521167336390459,-2.8192817631169373,2.486580303846317,-2.921841313157002,-2.3302840836398757,-3.215787996382892,1.7111958757000287,0.4204177359098078,0.48005499746616903,0.05963726155636123,0.41210022582469696,0.4884820322181154,0.07638180639341846,0.3412450164220093,0.5673650285202837,0.22612001209827443,0.035551988785424295,0.36697755254683256,0.33142556376140825,0.1521167336390459,0.39298826739521325,0.24087153375616735,1987.0,0.9126838235294118,1774.0,0.8147977941176471,1331.0,0.6112132352941176,809.0,0.3713235294117647,691.0,0.3170955882352941,0.3170955882352941,WACC_0p9_WRT_0p1,0.605422794117647,1182,False,,,False,False,False,False,False,100.0,0.42127659574468085
SPLL,RialtoBridgeTimelapse,582,0.61,252,0.8,0.479255021494012,0,114,1665,668,1,0.001,0.4056385489253815,0.45694031277103836,0.45459074901196145,0.39790824677355247,0.04817664994236295,0.12987059117212527,-2.8192817631169373,2.486580303846317,-2.921841313157002,-2.3302840836398757,-3.215787996382892,1.7111958757000287,0.45694031277103836,0.44051495790804857,0.016425354862989794,0.45459074901196145,0.4260378846434659,0.028552864368495523,0.39790824677355247,0.47654293565863953,0.07863468888508707,0.04817664994236295,0.34994418441016373,0.3017675344678008,0.12987059117212527,0.39621988613528836,0.26634929496316306,1390.0,0.6383272058823529,700.0,0.3212316176470588,704.0,0.32306985294117646,692.0,0.31755514705882354,713.0,0.3272058823529412,0.31755514705882354,WACC_0p7_WRT_0p3,0.38547794117647055,1183,False,,,False,False,False,False,False,114.0,0.4808510638297872
SPLL,RialtoBridgeTimelapse,455,0.53,181,0.6000000000000002,0.5571787042544939,0,65,3026,1963,9,0.999,0.17800960094370963,0.3233904997279426,0.2751774814310478,0.11471115538288934,0.2368136886941104,0.32425126335629856,-2.8192817631169373,2.486580303846317,-2.921841313157002,-2.3302840836398757,-3.215787996382892,1.7111958757000287,0.3233904997279426,0.4043169014065227,0.08092640167858012,0.2751774814310478,0.45373352257327204,0.17855604114222423,0.11471115538288934,0.5544542383534006,0.43974308297051123,0.2368136886941104,0.39747186090198366,0.16065817220787326,0.32425126335629856,0.45272004113777586,0.1284687777814773,692.0,0.31755514705882354,1048.0,0.4811580882352941,1164.0,0.5344669117647058,1074.0,0.4931066176470588,1067.0,0.4898897058823529,0.31755514705882354,WACC_0p1_WRT_0p9,0.463235294117647,1184,False,,,False,False,False,False,False,65.0,0.2723404255319149
SPLL,RialtoBridgeTimelapse,1195,0.52,271,0.5750000000000002,0.4621240277261641,0,130,4792,3429,9,0.905,0.2804085800091861,0.41902897321333427,0.36996545996387126,0.21099761818460633,0.23383662092907864,0.34347416990619895,-2.8192817631169373,2.486580303846317,-2.921841313157002,-2.3302840836398757,-3.215787996382892,1.7111958757000287,0.41902897321333427,0.404440914179125,0.014588059034209289,0.36996545996387126,0.4671634851499457,0.09719802518607445,0.21099761818460633,0.5500391662773352,0.33904154809272885,0.23383662092907864,0.40966863501996725,0.1758320140908886,0.34347416990619895,0.4726421225730334,0.12916795266683445,693.0,0.3180147058823529,1291.0,0.5928308823529411,1124.0,0.5160845588235294,1191.0,0.546875,1216.0,0.5583639705882353,0.3180147058823529,WACC_0p1_WRT_0p9,0.5064338235294118,1185,False,,,False,False,False,False,False,130.0,0.548936170212766
SPLL,RialtoBridgeTimelapse,311,0.61,190,0.8,0.5457600078551476,0,67,1392,810,5,0.655,0.3163251889391452,0.3788529724407648,0.3740257367419562,0.3092639235580868,0.021667558835939023,0.12908982530133453,-2.8192817631169373,2.486580303846317,-2.921841313157002,-2.3302840836398757,-3.215787996382892,1.7111958757000287,0.3788529724407648,0.440424161810428,0.06157118936966316,0.3740257367419562,0.43013938223655485,0.05611364549459863,0.3092639235580868,0.4872590716647981,0.1779951481067113,0.021667558835939023,0.3501849243071972,0.3285173654712582,0.12908982530133453,0.41059001309484794,0.2815001877935134,1387.0,0.6369485294117647,747.0,0.3428308823529412,756.0,0.3469669117647059,694.0,0.31847426470588236,793.0,0.3639705882352941,0.31847426470588236,WACC_0p7_WRT_0p3,0.40183823529411755,1186,False,,,False,False,False,False,False,67.0,0.28085106382978725
SPLL,RialtoBridgeTimelapse,1192,0.57,125,0.7,0.6441731343402461,0,19,3465,1774,1,0.247,0.12674726278844878,0.24644769116027615,0.216218343289249,0.09193565801057306,0.15506741920444073,0.2274480774794497,-2.8192817631169373,2.486580303846317,-2.921841313157002,-2.3302840836398757,-3.215787996382892,1.7111958757000287,0.24644769116027615,0.40806962579578626,0.1616219346355101,0.216218343289249,0.4256932856214889,0.2094749423322399,0.09193565801057306,0.5232186777549485,0.4312830197443754,0.15506741920444073,0.3803076844944365,0.2252402652899958,0.2274480774794497,0.4426582584475965,0.21521018096814679,754.0,0.3460477941176471,695.0,0.31893382352941174,941.0,0.4319852941176471,919.0,0.421875,992.0,0.4554227941176471,0.31893382352941174,WACC_0p3_WRT_0p7,0.39485294117647063,1187,False,,,False,False,False,False,False,19.0,0.07659574468085106
SPLL,RialtoBridgeTimelapse,1140,0.59,161,0.75,0.5847184643199843,0,45,3538,1186,9,0.955,0.23099129305936927,0.32002869069674406,0.3032992976353993,0.21076112293967275,0.08393297448545273,0.17568722335627182,-2.8192817631169373,2.486580303846317,-2.921841313157002,-2.3302840836398757,-3.215787996382892,1.7111958757000287,0.32002869069674406,0.4392953787646696,0.11926668806792556,0.3032992976353993,0.45797671277089536,0.15467741513549604,0.21076112293967275,0.5133837400011425,0.30262261706146976,0.08393297448545273,0.35212568456400084,0.2681927100785481,0.17568722335627182,0.39346165120215415,0.21777442784588233,1355.0,0.6222426470588235,1116.0,0.5124080882352942,898.0,0.41222426470588236,703.0,0.3226102941176471,695.0,0.31893382352941174,0.31893382352941174,WACC_0p9_WRT_0p1,0.43768382352941176,1188,False,,,False,False,False,False,False,45.0,0.18723404255319148
SPLL,RialtoBridgeTimelapse,1513,0.61,199,0.8,0.5348671705884607,0,75,3880,877,2,0.498,0.33087190193438804,0.3915612135452109,0.3871435997636793,0.3237104687336939,0.018729974867082763,0.12918681844469643,-2.8192817631169373,2.486580303846317,-2.921841313157002,-2.3302840836398757,-3.215787996382892,1.7111958757000287,0.3915612135452109,0.45684368846075785,0.06528247491554695,0.3871435997636793,0.4309122126279997,0.04376861286432043,0.3237104687336939,0.4765489570467075,0.1528384883130136,0.018729974867082763,0.3513076278357605,0.33257765296867775,0.12918681844469643,0.39717603948858704,0.2679892210438906,1695.0,0.7784926470588235,764.0,0.3506433823529412,705.0,0.3235294117647059,697.0,0.31985294117647056,720.0,0.3304227941176471,0.31985294117647056,WACC_0p7_WRT_0p3,0.42058823529411765,1189,False,,,False,False,False,False,False,75.0,0.3148936170212766
SPLL,RialtoBridgeTimelapse,1169,0.59,313,0.75,0.4281540292591035,0,144,4840,1076,4,0.299,0.43640671238384043,0.4989255605160175,0.4883171514655853,0.41524962888029926,0.040854992688879696,0.17538517710642312,-2.8192817631169373,2.486580303846317,-2.921841313157002,-2.3302840836398757,-3.215787996382892,1.7111958757000287,0.4989255605160175,0.4703968644314095,0.028528696084608007,0.4883171514655853,0.47905980837248546,0.009257343093099835,0.41524962888029926,0.5633033515046635,0.14805372262436423,0.040854992688879696,0.361366584328913,0.3205115916400333,0.17538517710642312,0.3936813091683425,0.21829613206191936,1874.0,0.8607536764705882,1548.0,0.7109375,1267.0,0.5818014705882353,774.0,0.3552389705882353,697.0,0.31985294117647056,0.31985294117647056,WACC_0p9_WRT_0p1,0.5657169117647058,1190,False,,,False,False,False,False,False,144.0,0.6085106382978723
SPLL,RialtoBridgeTimelapse,2,0.44,511,0.3750000000000001,0.3124851062057786,0,193,1079,4161,6,0.58,0.3529298578081354,0.5472351622523227,0.4610380501089921,0.2262863882862135,0.4049117042588802,0.5384762811458185,-2.8192817631169373,2.486580303846317,-2.921841313157002,-2.3302840836398757,-3.215787996382892,1.7111958757000287,0.5472351622523227,0.40479381342454657,0.14244134882777615,0.4610380501089921,0.4855802440586822,0.024542193949690094,0.2262863882862135,0.5920430058872448,0.3657566176010313,0.4049117042588802,0.48811485497724894,0.08320315071836876,0.5384762811458185,0.5636976928796396,0.025221411733821086,697.0,0.31985294117647056,1700.0,0.7807904411764706,1726.0,0.7927389705882353,1965.0,0.9025735294117647,1951.0,0.8961397058823529,0.31985294117647056,WACC_0p1_WRT_0p9,0.7384191176470588,1191,False,,,False,False,False,False,False,193.0,0.8170212765957446
SPLL,RialtoBridgeTimelapse,1649,0.51,115,0.5500000000000002,0.6637359135750507,0,16,2708,1603,4,0.777,0.22241523678799024,0.21444913335952934,0.14809335263847284,0.17797259164398613,0.3331600802802769,0.3922127617299181,-2.8192817631169373,2.486580303846317,-2.921841313157002,-2.3302840836398757,-3.215787996382892,1.7111958757000287,0.21444913335952934,0.4048543121555467,0.19040517879601734,0.14809335263847284,0.4465062745061344,0.29841292186766155,0.17797259164398613,0.5191109472873285,0.3411383556433424,0.3331600802802769,0.3935597043627415,0.06039962408246463,0.3922127617299181,0.4508734415460855,0.058660679816167405,698.0,0.3203125,962.0,0.4416360294117647,923.0,0.42371323529411764,1029.0,0.4724264705882353,1050.0,0.4820772058823529,0.3203125,WACC_0p1_WRT_0p9,0.4280330882352941,1192,False,,,False,False,False,False,False,16.0,0.06382978723404255
SPLL,RialtoBridgeTimelapse,747,0.59,166,0.75,0.5775271860960967,0,50,3217,948,9,0.291,0.24023898229121948,0.3280491438898706,0.3116154821398176,0.2199962897058811,0.08189801722036119,0.17557348570299622,-2.8192817631169373,2.486580303846317,-2.921841313157002,-2.3302840836398757,-3.215787996382892,1.7111958757000287,0.3280491438898706,0.488187816878027,0.16013867298815637,0.3116154821398176,0.47276358576450045,0.16114810362468285,0.2199962897058811,0.5469423696933978,0.32694607998751674,0.08189801722036119,0.3513715440784438,0.26947352685808257,0.17557348570299622,0.39395525974961215,0.21838177404661593,2053.0,0.9430147058823529,1404.0,0.6447610294117647,1090.0,0.5004595588235294,698.0,0.3203125,700.0,0.3212316176470588,0.3203125,WACC_0p7_WRT_0p3,0.5459558823529412,1193,False,,,False,False,False,False,False,50.0,0.20851063829787234
SPLL,RialtoBridgeTimelapse,889,0.61,337,0.8,0.4107296041484798,0,150,4996,1020,10,0.082,0.4987183546899057,0.5384379269542355,0.5385996962010107,0.4901882348149495,0.08619819115447473,0.13103594979821753,-2.8192817631169373,2.486580303846317,-2.921841313157002,-2.3302840836398757,-3.215787996382892,1.7111958757000287,0.5384379269542355,0.4981624417361029,0.04027548521813262,0.5385996962010107,0.5031695147557161,0.03543018144529453,0.4901882348149495,0.5767643528755719,0.08657611806062243,0.08619819115447473,0.3585993498500854,0.27240115869561066,0.13103594979821753,0.3936865575312742,0.26265060773305665,2096.0,0.9627757352941176,2048.0,0.9407169117647058,1477.0,0.6783088235294118,753.0,0.34558823529411764,698.0,0.3203125,0.3203125,WACC_0p9_WRT_0p1,0.6495404411764706,1194,False,,,False,False,False,False,False,150.0,0.6340425531914894
SPLL,RialtoBridgeTimelapse,1068,0.58,121,0.725,0.65180524257563,0,15,656,828,8,0.57,0.13137397534384468,0.24215881042123905,0.21709235940729998,0.10381859196885872,0.13027501739528846,0.20249058324618036,-2.8192817631169373,2.486580303846317,-2.921841313157002,-2.3302840836398757,-3.215787996382892,1.7111958757000287,0.24215881042123905,0.44839792725621436,0.2062391168349753,0.21709235940729998,0.4361566064931645,0.21906424708586453,0.10381859196885872,0.5077437755371815,0.4039251835683228,0.13027501739528846,0.3514769711706414,0.22120195377535296,0.20249058324618036,0.42595704419951047,0.22346646095333011,1555.0,0.7141544117647058,813.0,0.37316176470588236,866.0,0.3975183823529412,699.0,0.32077205882352944,883.0,0.4053308823529412,0.32077205882352944,WACC_0p7_WRT_0p3,0.4421875,1195,False,,,False,False,False,False,False,15.0,0.059574468085106386
SPLL,RialtoBridgeTimelapse,179,0.52,299,0.5750000000000002,0.4389443285447265,0,142,1699,2833,4,0.706,0.3091181653664104,0.44364875650800223,0.39567238888016265,0.23991313111003035,0.22671768323656818,0.34228172113652733,-2.8192817631169373,2.486580303846317,-2.921841313157002,-2.3302840836398757,-3.215787996382892,1.7111958757000287,0.44364875650800223,0.404963033438727,0.0386857230692752,0.39567238888016265,0.45358664466635684,0.05791425578619419,0.23991313111003035,0.5648063342509154,0.3248932031408851,0.22671768323656818,0.4215537027146641,0.1948360194780959,0.34228172113652733,0.49612078133715726,0.15383906020062993,701.0,0.32169117647058826,1045.0,0.4797794117647059,1288.0,0.5914522058823529,1343.0,0.6167279411764706,1401.0,0.6433823529411765,0.32169117647058826,WACC_0p1_WRT_0p9,0.5306066176470589,1196,False,,,False,False,False,False,False,142.0,0.6
SPLL,RialtoBridgeTimelapse,1957,0.45,464,0.4000000000000001,0.3352642394965159,0,184,1042,4027,3,0.596,0.33882740690671614,0.5268907621259871,0.44514394963044135,0.21930092358451825,0.3847794810663795,0.5143134835387432,-2.8192817631169373,2.486580303846317,-2.921841313157002,-2.3302840836398757,-3.215787996382892,1.7111958757000287,0.5268907621259871,0.40509708314532356,0.12179367898066351,0.44514394963044135,0.47598836022987373,0.03084441059943238,0.21930092358451825,0.5993586732099623,0.38005774962544403,0.3847794810663795,0.48145709980993956,0.09667761874356007,0.5143134835387432,0.5523677912088728,0.03805430767012963,702.0,0.32215073529411764,1483.0,0.6810661764705882,1887.0,0.8667279411764706,1920.0,0.8818933823529411,1860.0,0.8543198529411765,0.32215073529411764,WACC_0p1_WRT_0p9,0.7212316176470589,1197,False,,,False,False,False,False,False,184.0,0.7787234042553192
SPLL,RialtoBridgeTimelapse,696,0.41,410,0.3,0.3644680289384706,0,176,2579,3826,5,0.693,0.36236462614424847,0.4876647281492742,0.381307449848513,0.23277462238164806,0.5073981103614917,0.623782196318067,-2.8192817631169373,2.486580303846317,-2.921841313157002,-2.3302840836398757,-3.215787996382892,1.7111958757000287,0.4876647281492742,0.405106546438147,0.08255818171112722,0.381307449848513,0.47865216687191237,0.09734471702339936,0.23277462238164806,0.5823185097284695,0.3495438873468215,0.5073981103614917,0.4830554798954888,0.024342630466002935,0.623782196318067,0.5610138377908941,0.06276835852717288,703.0,0.3226102941176471,1541.0,0.7077205882352942,1549.0,0.7113970588235294,1935.0,0.8887867647058824,1931.0,0.8869485294117647,0.3226102941176471,WACC_0p1_WRT_0p9,0.7034926470588235,1198,False,,,False,False,False,False,False,176.0,0.7446808510638298
SPLL,RialtoBridgeTimelapse,1745,0.49,244,0.5000000000000001,0.4868564734072778,0,113,1005,2575,1,0.246,0.20951353027904737,0.3837337952054707,0.31658096981031153,0.11728538119386596,0.324445132581825,0.42290761856502496,-2.8192817631169373,2.486580303846317,-2.921841313157002,-2.3302840836398757,-3.215787996382892,1.7111958757000287,0.3837337952054707,0.40510720107413417,0.021373405868663486,0.31658096981031153,0.4306423825055312,0.11406141269521969,0.11728538119386596,0.5460665308603612,0.4287811496664952,0.324445132581825,0.43781091217348356,0.11336577959165856,0.42290761856502496,0.5132795087944633,0.09037189022943831,704.0,0.32306985294117646,758.0,0.3478860294117647,1082.0,0.4967830882352941,1503.0,0.6902573529411765,1552.0,0.7127757352941176,0.32306985294117646,WACC_0p1_WRT_0p9,0.5141544117647059,1199,False,,,False,False,False,False,False,113.0,0.4765957446808511
SPLL,RialtoBridgeTimelapse,1193,0.47,885,0.45,0.1827492809243841,0,216,1933,4555,6,0.649,0.5562288019760575,0.6968544418974988,0.6332881573097331,0.4526683664039718,0.28371047923319787,0.45588816864691406,-2.8192817631169373,2.486580303846317,-2.921841313157002,-2.3302840836398757,-3.215787996382892,1.7111958757000287,0.6968544418974988,0.4051265391983154,0.29172790269918336,0.6332881573097331,0.48647195989530395,0.14681619741442914,0.4526683664039718,0.6011978151456218,0.14852944874164997,0.28371047923319787,0.48581680251449116,0.2021063232812933,0.45588816864691406,0.564221344026285,0.10833317537937093,705.0,0.3235294117647059,1728.0,0.7936580882352942,1917.0,0.8805147058823529,1955.0,0.8979779411764706,1960.0,0.9002757352941176,0.3235294117647059,WACC_0p1_WRT_0p9,0.7591911764705882,1200,False,,,False,False,False,False,False,216.0,0.9148936170212766
SPLL,RialtoBridgeTimelapse,1824,0.6,174,0.775,0.5664573380935396,0,56,4994,1131,9,0.486,0.27122339405049856,0.3471798036359633,0.3364138183978399,0.2577115881526677,0.052908478273331526,0.15197063704316502,-2.8192817631169373,2.486580303846317,-2.921841313157002,-2.3302840836398757,-3.215787996382892,1.7111958757000287,0.3471798036359633,0.48815571113162587,0.14097590749566258,0.3364138183978399,0.48555455961321975,0.14914074121537985,0.2577115881526677,0.5616697746510227,0.30395818649835504,0.052908478273331526,0.3546604572985212,0.3017519790251897,0.15197063704316502,0.39538049165446976,0.24340985461130474,2052.0,0.9425551470588235,1698.0,0.7798713235294118,1251.0,0.5744485294117647,717.0,0.3290441176470588,706.0,0.3239889705882353,0.3239889705882353,WACC_0p9_WRT_0p1,0.5899816176470589,1201,False,,,False,False,False,False,False,56.0,0.23404255319148937
SPLL,RialtoBridgeTimelapse,756,0.53,185,0.6000000000000002,0.5520355704497459,0,67,3339,2261,5,0.862,0.18423856965274296,0.3286814800107001,0.28073492860484883,0.12102910929159114,0.2351240904195806,0.32384063322030127,-2.8192817631169373,2.486580303846317,-2.921841313157002,-2.3302840836398757,-3.215787996382892,1.7111958757000287,0.3286814800107001,0.4052454981129722,0.07656401810227215,0.28073492860484883,0.46582274057970663,0.1850878119748578,0.12102910929159114,0.555698930297552,0.43466982100596085,0.2351240904195806,0.4011878082877269,0.16606371786814628,0.32384063322030127,0.4604601645189903,0.13661953129868903,708.0,0.3249080882352941,1268.0,0.5822610294117647,1178.0,0.5409007352941176,1105.0,0.5073529411764706,1134.0,0.5206801470588235,0.3249080882352941,WACC_0p1_WRT_0p9,0.49522058823529413,1202,False,,,False,False,False,False,False,67.0,0.28085106382978725
SPLL,RialtoBridgeTimelapse,817,0.6,206,0.775,0.526728658654641,0,83,4366,1237,10,0.695,0.323518354861635,0.39275665702550355,0.3835290113073499,0.30974168352499715,0.042036197089270505,0.15199279720233796,-2.8192817631169373,2.486580303846317,-2.921841313157002,-2.3302840836398757,-3.215787996382892,1.7111958757000287,0.39275665702550355,0.49169347958644,0.09893682256093644,0.3835290113073499,0.49067057241840784,0.10714156111105794,0.30974168352499715,0.5703605522169309,0.2606188686919338,0.042036197089270505,0.357117139478055,0.3150809423887845,0.15199279720233796,0.3955401256950355,0.24354732849269753,2072.0,0.9517463235294118,1822.0,0.8368566176470589,1368.0,0.6282169117647058,744.0,0.3414522058823529,709.0,0.32536764705882354,0.32536764705882354,WACC_0p9_WRT_0p1,0.6167279411764706,1203,False,,,False,False,False,False,False,83.0,0.34893617021276596
SPLL,RialtoBridgeTimelapse,972,0.45,510,0.4000000000000001,0.3129476182542745,0,192,3543,3932,4,0.757,0.36590214055036335,0.5499074122213061,0.4693073657644145,0.24674585063708002,0.3774898035431917,0.5125855206054621,-2.8192817631169373,2.486580303846317,-2.921841313157002,-2.3302840836398757,-3.215787996382892,1.7111958757000287,0.5499074122213061,0.40525788435361865,0.14464952786768748,0.4693073657644145,0.4789172306887405,0.009609864924325973,0.24674585063708002,0.5889388861506637,0.3421930355135837,0.3774898035431917,0.45895787826179735,0.08146807471860562,0.5125855206054621,0.526264970445801,0.013679449840338864,709.0,0.32536764705882354,1544.0,0.7090992647058824,1674.0,0.7688419117647058,1706.0,0.7835477941176471,1659.0,0.7619485294117647,0.32536764705882354,WACC_0p1_WRT_0p9,0.6697610294117646,1204,False,,,False,False,False,False,False,192.0,0.8127659574468085
SPLL,RialtoBridgeTimelapse,828,0.58,183,0.725,0.5545931611698236,0,65,1579,1369,4,0.779,0.25370996841117893,0.3476172352134171,0.3268512026112788,0.22655116942111445,0.1015143986033597,0.19905823315847107,-2.8192817631169373,2.486580303846317,-2.921841313157002,-2.3302840836398757,-3.215787996382892,1.7111958757000287,0.3476172352134171,0.4064014469856811,0.058784211772264006,0.3268512026112788,0.4269440356986195,0.10009283308734068,0.22655116942111445,0.5078730310685167,0.28132186164740225,0.1015143986033597,0.3629979593549923,0.2614835607516326,0.19905823315847107,0.4313217826665746,0.23226354950810355,724.0,0.3322610294117647,710.0,0.3258272058823529,868.0,0.3984375,781.0,0.3584558823529412,921.0,0.4227941176470588,0.3258272058823529,WACC_0p3_WRT_0p7,0.36755514705882353,1205,False,,,False,False,False,False,False,65.0,0.2723404255319149
SPLL,RialtoBridgeTimelapse,1301,0.54,165,0.6250000000000002,0.5789480602618828,0,53,3359,1839,3,0.803,0.16513903758178414,0.30409619147716616,0.26038393136460747,0.10897193276716044,0.21635793681422194,0.3000183784549496,-2.8192817631169373,2.486580303846317,-2.921841313157002,-2.3302840836398757,-3.215787996382892,1.7111958757000287,0.30409619147716616,0.40530957360954145,0.1012133821323753,0.26038393136460747,0.4309230591363712,0.17053912777176372,0.10897193276716044,0.5091782036941489,0.40020627092698846,0.21635793681422194,0.3849300066258704,0.16857206981164846,0.3000183784549496,0.4468663298273697,0.14684795137242007,711.0,0.32628676470588236,765.0,0.35110294117647056,876.0,0.4021139705882353,957.0,0.43933823529411764,1027.0,0.47150735294117646,0.32628676470588236,WACC_0p1_WRT_0p9,0.39806985294117647,1206,False,,,False,False,False,False,False,53.0,0.22127659574468084
SPLL,RialtoBridgeTimelapse,1869,0.48,105,0.475,0.6850633946927267,0,16,405,1381,2,0.166,0.3303576088812972,0.19272544756430837,0.10616170752570231,0.2920967744171666,0.43306384939892767,0.48376796917572634,-2.8192817631169373,2.486580303846317,-2.921841313157002,-2.3302840836398757,-3.215787996382892,1.7111958757000287,0.19272544756430837,0.4056190156772763,0.21289356811296795,0.10616170752570231,0.42726327023680727,0.32110156271110496,0.2920967744171666,0.557577671596505,0.26548089717933837,0.43306384939892767,0.4352766914019234,0.0022128420029957074,0.48376796917572634,0.5046284456497234,0.02086047647399708,716.0,0.32858455882352944,711.0,0.32628676470588236,1196.0,0.5491727941176471,1477.0,0.6783088235294118,1467.0,0.6737132352941176,0.32628676470588236,WACC_0p3_WRT_0p7,0.5112132352941177,1207,False,,,False,False,False,False,False,16.0,0.06382978723404255
SPLL,RialtoBridgeTimelapse,703,0.57,247,0.7,0.4839772309211945,0,114,1951,2016,7,0.852,0.3284404349319364,0.42030288585794096,0.3971709500735623,0.294293372106017,0.10761527105067323,0.22175253521583604,-2.8192817631169373,2.486580303846317,-2.921841313157002,-2.3302840836398757,-3.215787996382892,1.7111958757000287,0.42030288585794096,0.4053419353783789,0.01496095047956203,0.3971709500735623,0.452447578026202,0.05527662795263971,0.294293372106017,0.5398120432429946,0.24551867113697756,0.10761527105067323,0.42102945319542345,0.31341418214475025,0.22175253521583604,0.4880416213588247,0.26628908614298863,712.0,0.32674632352941174,1034.0,0.47472426470588236,1040.0,0.4774816176470588,1340.0,0.6153492647058824,1347.0,0.6185661764705882,0.32674632352941174,WACC_0p1_WRT_0p9,0.5025735294117648,1208,False,,,False,False,False,False,False,114.0,0.4808510638297872
SPLL,RialtoBridgeTimelapse,177,0.6,217,0.775,0.514479696108121,0,92,5000,1233,7,0.512,0.33974515666715865,0.40691470056070544,0.3981548299909685,0.3258724517400734,0.038707926506406844,0.15204715167899915,-2.8192817631169373,2.486580303846317,-2.921841313157002,-2.3302840836398757,-3.215787996382892,1.7111958757000287,0.40691470056070544,0.4873937262230796,0.08047902566237414,0.3981548299909685,0.488906411357657,0.09075158136668848,0.3258724517400734,0.573870501569154,0.24799804982908058,0.038707926506406844,0.36977986814288805,0.3310719416364812,0.15204715167899915,0.39607156615205685,0.2440244144730577,2046.0,0.9397977941176471,1785.0,0.8198529411764706,1438.0,0.6603860294117647,833.0,0.38235294117647056,712.0,0.32674632352941174,0.32674632352941174,WACC_0p9_WRT_0p1,0.6258272058823529,1209,False,,,False,False,False,False,False,92.0,0.3872340425531915
SPLL,RialtoBridgeTimelapse,750,0.59,152,0.75,0.5982407067832671,0,37,2829,775,6,0.722,0.21366190631711712,0.30501172261666426,0.2877204928671644,0.19344410744827023,0.08778263175046214,0.1759383983408601,-2.8192817631169373,2.486580303846317,-2.921841313157002,-2.3302840836398757,-3.215787996382892,1.7111958757000287,0.30501172261666426,0.4442456633309135,0.13923394071424922,0.2877204928671644,0.44957935015421546,0.16185885728705107,0.19344410744827023,0.49644576133196966,0.30300165388369943,0.08778263175046214,0.35423790526643784,0.2664552735159757,0.1759383983408601,0.40909649621903615,0.23315809787817604,1463.0,0.671875,995.0,0.4568014705882353,804.0,0.36902573529411764,713.0,0.3272058823529412,784.0,0.35983455882352944,0.3272058823529412,WACC_0p7_WRT_0p3,0.43694852941176465,1210,False,,,False,False,False,False,False,37.0,0.15319148936170213
SPLL,RialtoBridgeTimelapse,1079,0.6,171,0.775,0.5705480712116793,0,53,3603,938,3,0.277,0.26587018274261476,0.3425193782350522,0.33159284975849745,0.25238104409437995,0.05403598112277303,0.1519836120493786,-2.8192817631169373,2.486580303846317,-2.921841313157002,-2.3302840836398757,-3.215787996382892,1.7111958757000287,0.3425193782350522,0.46189037179739756,0.11937099356234537,0.33159284975849745,0.444082573878073,0.11248972411957553,0.25238104409437995,0.5223417631555918,0.26996071906121183,0.05403598112277303,0.3551413533092508,0.30110537218647776,0.1519836120493786,0.3964479373515582,0.2444643253021796,1769.0,0.8125,924.0,0.4241727941176471,939.0,0.43106617647058826,723.0,0.3318014705882353,714.0,0.32766544117647056,0.32766544117647056,WACC_0p9_WRT_0p1,0.46544117647058825,1211,False,,,False,False,False,False,False,53.0,0.22127659574468084
SPLL,RialtoBridgeTimelapse,1669,0.39,239,0.2500000000000001,0.491734477925671,0,116,2417,3383,10,0.855,0.496597358236816,0.3638662730724905,0.23681133344393845,0.4046123976508945,0.6172761683643576,0.7013912482545671,-2.8192817631169373,2.486580303846317,-2.921841313157002,-2.3302840836398757,-3.215787996382892,1.7111958757000287,0.3638662730724905,0.4053808283215636,0.041514555249073104,0.23681133344393845,0.4831671837724906,0.24635585032855217,0.4046123976508945,0.5717095580449804,0.16709716039408584,0.6172761683643576,0.45966916401241253,0.15760700435194508,0.7013912482545671,0.5263666936213269,0.17502455463324018,714.0,0.32766544117647056,1643.0,0.7545955882352942,1400.0,0.6429227941176471,1718.0,0.7890625,1660.0,0.7624080882352942,0.32766544117647056,WACC_0p1_WRT_0p9,0.6553308823529411,1212,False,,,False,False,False,False,False,116.0,0.48936170212765956
SPLL,RialtoBridgeTimelapse,797,0.61,230,0.8,0.500776655135883,0,100,4865,994,1,0.164,0.37661137339955336,0.4315468042781374,0.4284009473646063,0.3691114855475548,0.0362771980500503,0.12957235300847814,-2.8192817631169373,2.486580303846317,-2.921841313157002,-2.3302840836398757,-3.215787996382892,1.7111958757000287,0.4315468042781374,0.4436384725616732,0.012091668283535806,0.4284009473646063,0.44390712878528454,0.015506181420678222,0.3691114855475548,0.4933685982931587,0.12425711274560391,0.0362771980500503,0.36485406566381856,0.32857686761376825,0.12957235300847814,0.3964576967228405,0.26688534371436234,1444.0,0.6631433823529411,920.0,0.42233455882352944,789.0,0.36213235294117646,795.0,0.3648897058823529,715.0,0.328125,0.328125,WACC_0p9_WRT_0p1,0.428125,1213,False,,,False,False,False,False,False,100.0,0.42127659574468085
SPLL,RialtoBridgeTimelapse,869,0.37,404,0.2,0.3679471333667542,0,175,214,3775,4,0.552,0.48649567225305634,0.4778952754883782,0.34760271373480156,0.3593122193625616,0.6245417504052628,0.7347653572418618,-2.8192817631169373,2.486580303846317,-2.921841313157002,-2.3302840836398757,-3.215787996382892,1.7111958757000287,0.4778952754883782,0.4054213345840176,0.0724739409043606,0.34760271373480156,0.4636850580903075,0.11608234435550596,0.3593122193625616,0.579924914376675,0.22061269501411346,0.6245417504052628,0.5105481933094592,0.11399355709580361,0.7347653572418618,0.6066903805967668,0.12807497664509493,715.0,0.328125,1220.0,0.5602022058823529,1526.0,0.7008272058823529,2082.0,0.9563419117647058,2137.0,0.9816176470588235,0.328125,WACC_0p1_WRT_0p9,0.705422794117647,1214,False,,,False,False,False,False,False,175.0,0.7404255319148936
SPLL,RialtoBridgeTimelapse,656,0.6,218,0.775,0.5133969718500324,0,93,1439,740,6,0.761,0.34118167570064056,0.40816839201855315,0.3994497424325749,0.3273001939955978,0.0384141836158728,0.15205290697525345,-2.8192817631169373,2.486580303846317,-2.921841313157002,-2.3302840836398757,-3.215787996382892,1.7111958757000287,0.40816839201855315,0.43790504456524965,0.029736652546696496,0.3994497424325749,0.45132545747962394,0.05187571504704902,0.3273001939955978,0.4878027916737283,0.16050259767813052,0.0384141836158728,0.35452780322408334,0.31611361960821055,0.15205290697525345,0.40125272249785476,0.24919981552260131,1324.0,0.6079963235294118,1022.0,0.46920955882352944,757.0,0.3474264705882353,716.0,0.32858455882352944,740.0,0.3396139705882353,0.32858455882352944,WACC_0p7_WRT_0p3,0.41856617647058825,1215,False,,,False,False,False,False,False,93.0,0.39148936170212767
SPLL,RialtoBridgeTimelapse,2027,0.57,121,0.7,0.65180524257563,0,16,1676,1789,1,0.271,0.11743131449396808,0.23850586419936523,0.20789534187648206,0.08251174953538566,0.15751210842481575,0.22797606548506458,-2.8192817631169373,2.486580303846317,-2.921841313157002,-2.3302840836398757,-3.215787996382892,1.7111958757000287,0.23850586419936523,0.41096419442442267,0.17245833022505744,0.20789534187648206,0.4275107815120426,0.21961543963556052,0.08251174953538566,0.5257447888066179,0.44323303927123225,0.15751210842481575,0.42205434565682504,0.2645422372320093,0.22797606548506458,0.46750755176820025,0.23953148628313567,801.0,0.36764705882352944,717.0,0.3290441176470588,959.0,0.44025735294117646,1349.0,0.6194852941176471,1188.0,0.5454963235294118,0.3290441176470588,WACC_0p3_WRT_0p7,0.46038602941176465,1216,False,,,False,False,False,False,False,16.0,0.06382978723404255
SPLL,RialtoBridgeTimelapse,1678,0.43,157,0.3500000000000001,0.5906331433253553,0,46,387,2202,8,0.77,0.43059276759919823,0.2758539128169021,0.1657944990254573,0.3661401489734989,0.5411594277894314,0.6074720045775293,-2.8192817631169373,2.486580303846317,-2.921841313157002,-2.3302840836398757,-3.215787996382892,1.7111958757000287,0.2758539128169021,0.4056644095455066,0.1298104967286045,0.1657944990254573,0.4552418790596366,0.2894473800341793,0.3661401489734989,0.5530108667823507,0.18687071780885178,0.5411594277894314,0.4546770216212261,0.0864824061682053,0.6074720045775293,0.5294664334331384,0.07800557114439088,717.0,0.3290441176470588,1071.0,0.49172794117647056,1154.0,0.5298713235294118,1664.0,0.7642463235294118,1682.0,0.7725183823529411,0.3290441176470588,WACC_0p1_WRT_0p9,0.5774816176470587,1217,False,,,False,False,False,False,False,46.0,0.19148936170212766
SPLL,RialtoBridgeTimelapse,1071,0.61,256,0.8,0.4755439675554405,0,116,4039,1005,10,0.052,0.4106546845610942,0.46132973098669994,0.45911704215636645,0.40288350615225943,0.05023061564489264,0.12992575932782707,-2.8192817631169373,2.486580303846317,-2.921841313157002,-2.3302840836398757,-3.215787996382892,1.7111958757000287,0.46132973098669994,0.529105871866199,0.06777614087949901,0.45911704215636645,0.5057131137723289,0.04659607161596241,0.40288350615225943,0.5688923121493957,0.1660088059971363,0.05023061564489264,0.35490731531229175,0.30467669966739913,0.12992575932782707,0.39713456692611054,0.26720880759828347,2158.0,0.9912683823529411,2071.0,0.9512867647058824,1352.0,0.6208639705882353,718.0,0.32950367647058826,719.0,0.32996323529411764,0.32950367647058826,WACC_0p7_WRT_0p3,0.644577205882353,1218,False,,,False,False,False,False,False,116.0,0.48936170212765956
SPLL,RialtoBridgeTimelapse,1981,0.46,659,0.4250000000000001,0.2524151566775737,0,208,1983,4361,1,0.286,0.4542195788125163,0.6171367707593203,0.545019994915992,0.343138852555744,0.33122806517144804,0.48340090582120165,-2.8192817631169373,2.486580303846317,-2.921841313157002,-2.3302840836398757,-3.215787996382892,1.7111958757000287,0.6171367707593203,0.40570943463352865,0.21142733612579162,0.545019994915992,0.4657093046798233,0.07931069023616866,0.343138852555744,0.5942155003149643,0.2510766477592203,0.33122806517144804,0.4902223406470115,0.15899427547556344,0.48340090582120165,0.5717583744520099,0.08835746863080829,718.0,0.32950367647058826,1264.0,0.5804227941176471,1777.0,0.8161764705882353,1975.0,0.9071691176470589,1998.0,0.9177389705882353,0.32950367647058826,WACC_0p1_WRT_0p9,0.7102022058823529,1219,False,,,False,False,False,False,False,208.0,0.8808510638297873
SPLL,RialtoBridgeTimelapse,1674,0.6,179,0.775,0.5597928174542224,0,60,1863,1097,6,0.919,0.2799578511688851,0.354786097618584,0.3442807263763488,0.2664071301972081,0.05107513115023512,0.15195608574390237,-2.8192817631169373,2.486580303846317,-2.921841313157002,-2.3302840836398757,-3.215787996382892,1.7111958757000287,0.354786097618584,0.4058053951356969,0.05101929751711293,0.3442807263763488,0.4338559444659504,0.08957521808960156,0.2664071301972081,0.507773060050811,0.24136592985360295,0.05107513115023512,0.3877404143952521,0.336665283245017,0.15195608574390237,0.4362488754939859,0.28429278975008354,719.0,0.32996323529411764,793.0,0.3639705882352941,867.0,0.39797794117647056,982.0,0.4508272058823529,957.0,0.43933823529411764,0.32996323529411764,WACC_0p1_WRT_0p9,0.39641544117647054,1220,False,,,False,False,False,False,False,60.0,0.251063829787234
SPLL,RialtoBridgeTimelapse,47,0.55,190,0.6500000000000002,0.5457600078551476,0,72,1427,2030,1,0.301,0.21975114365957726,0.342473710536961,0.3059369733442347,0.17137232819137577,0.17860289179678898,0.27238975984915453,-2.8192817631169373,2.486580303846317,-2.921841313157002,-2.3302840836398757,-3.215787996382892,1.7111958757000287,0.342473710536961,0.40599978165858097,0.06352607112161995,0.3059369733442347,0.43044184534877067,0.12450487200453597,0.17137232819137577,0.515188025406107,0.3438156972147312,0.17860289179678898,0.41867458127273144,0.24007168947594246,0.27238975984915453,0.4853963328938574,0.21300657304470288,720.0,0.3304227941176471,752.0,0.34512867647058826,906.0,0.41590073529411764,1303.0,0.5983455882352942,1324.0,0.6079963235294118,0.3304227941176471,WACC_0p1_WRT_0p9,0.4595588235294118,1221,False,,,False,False,False,False,False,72.0,0.3021276595744681
SPLL,RialtoBridgeTimelapse,790,0.59,179,0.75,0.5597928174542224,0,61,3668,1123,7,0.566,0.2631345269228822,0.347924575936046,0.3322120383319668,0.2428448271387569,0.07691223461242477,0.17534676459013454,-2.8192817631169373,2.486580303846317,-2.921841313157002,-2.3302840836398757,-3.215787996382892,1.7111958757000287,0.347924575936046,0.46994108518744915,0.12201650925140317,0.3322120383319668,0.4671058563098438,0.13489381797787703,0.2428448271387569,0.5512827774522927,0.3084379503135358,0.07691223461242477,0.37407888295200087,0.29716664833957607,0.17534676459013454,0.39729145376176733,0.2219446891716328,1868.0,0.8579963235294118,1289.0,0.5919117647058824,1137.0,0.5220588235294118,860.0,0.3947610294117647,721.0,0.33088235294117646,0.33088235294117646,WACC_0p9_WRT_0p1,0.5395220588235295,1222,False,,,False,False,False,False,False,61.0,0.2553191489361702
SPLL,RialtoBridgeTimelapse,1769,0.37,619,0.2,0.2672058999679644,0,207,338,4534,3,0.432,0.4310012675463501,0.5754933409967817,0.45163194604383755,0.27392271583222577,0.5860022138736638,0.7200634695861987,-2.8192817631169373,2.486580303846317,-2.921841313157002,-2.3302840836398757,-3.215787996382892,1.7111958757000287,0.5754933409967817,0.4060174930073939,0.1694758479893878,0.45163194604383755,0.46426140886845435,0.0126294628246168,0.27392271583222577,0.5828738096571394,0.30895109382491365,0.5860022138736638,0.5228879925218568,0.063114221351807,0.7200634695861987,0.610349147339681,0.10971432224651767,721.0,0.33088235294117646,1237.0,0.5680147058823529,1559.0,0.7159926470588235,2119.0,0.9733455882352942,2144.0,0.9848345588235294,0.33088235294117646,WACC_0p1_WRT_0p9,0.7146139705882353,1223,False,,,False,False,False,False,False,207.0,0.8765957446808511
SPLL,RialtoBridgeTimelapse,730,0.32,251,0.075,0.4801919527679605,0,119,33,3125,6,0.598,0.7133822989957458,0.3710986831208534,0.20113016324348132,0.6180904833628605,0.825462256229383,0.904312491320647,-2.8192817631169373,2.486580303846317,-2.921841313157002,-2.3302840836398757,-3.215787996382892,1.7111958757000287,0.3710986831208534,0.40618413947101656,0.035085456350163136,0.20113016324348132,0.4668279620503435,0.2656977988068622,0.6180904833628605,0.558998432618662,0.05909205074419854,0.825462256229383,0.5372998460064153,0.2881624102229676,0.904312491320647,0.5979963872703683,0.30631610405027865,722.0,0.3313419117647059,1286.0,0.5905330882352942,1218.0,0.5592830882352942,2148.0,0.9866727941176471,2114.0,0.9710477941176471,0.3313419117647059,WACC_0p1_WRT_0p9,0.6877757352941176,1224,False,,,False,False,False,False,False,119.0,0.502127659574468
SPLL,RialtoBridgeTimelapse,1050,0.49,121,0.5000000000000001,0.65180524257563,0,18,378,1061,3,0.212,0.2779575863729913,0.22369703110758277,0.14600774304861872,0.23038180201138533,0.38759637859667984,0.44697246673629076,-2.8192817631169373,2.486580303846317,-2.921841313157002,-2.3302840836398757,-3.215787996382892,1.7111958757000287,0.22369703110758277,0.42698495971168454,0.20328792860410178,0.14600774304861872,0.42867813042482766,0.282670387376209,0.23038180201138533,0.5236734054679885,0.2932916034566031,0.38759637859667984,0.4296201611122272,0.04202378251554734,0.44697246673629076,0.478391230372367,0.03141876363607626,1080.0,0.4958639705882353,723.0,0.3318014705882353,944.0,0.4333639705882353,1420.0,0.6521139705882353,1259.0,0.578125,0.3318014705882353,WACC_0p3_WRT_0p7,0.4982536764705882,1225,False,,,False,False,False,False,False,18.0,0.07234042553191489
SPLL,RialtoBridgeTimelapse,641,0.6,346,0.775,0.4045126813279888,0,152,4443,1081,7,0.572,0.4871920172769404,0.5357978738044907,0.5311469354674593,0.4722416808252353,0.0669715701777387,0.1532439608889652,-2.8192817631169373,2.486580303846317,-2.921841313157002,-2.3302840836398757,-3.215787996382892,1.7111958757000287,0.5357978738044907,0.4747112068842416,0.06108666692024911,0.5311469354674593,0.4739237194915965,0.05722321597586277,0.4722416808252353,0.5596573122153868,0.08741563139015152,0.0669715701777387,0.36373613737454186,0.29676456719680316,0.1532439608889652,0.3985377977370144,0.24529383684804923,1932.0,0.8874080882352942,1429.0,0.65625,1224.0,0.5620404411764706,787.0,0.36121323529411764,725.0,0.3327205882352941,0.3327205882352941,WACC_0p9_WRT_0p1,0.5599264705882352,1226,False,,,False,False,False,False,False,152.0,0.6425531914893617
SPLL,RialtoBridgeTimelapse,1636,0.48,475,0.475,0.3297330136589577,0,185,1828,3898,9,0.838,0.3870994543863148,0.5432260608191126,0.47844586440750836,0.2898426302741435,0.30104182651187233,0.4371405973777029,-2.8192817631169373,2.486580303846317,-2.921841313157002,-2.3302840836398757,-3.215787996382892,1.7111958757000287,0.5432260608191126,0.40648192339833356,0.13674413742077907,0.47844586440750836,0.48591691445739427,0.007471050049885908,0.2898426302741435,0.5744332607151388,0.2845906304409953,0.30104182651187233,0.47443851228554923,0.1733966857736769,0.4371405973777029,0.5571724047343078,0.12003180735660496,725.0,0.3327205882352941,1713.0,0.7867647058823529,1447.0,0.6645220588235294,1861.0,0.8547794117647058,1897.0,0.8713235294117647,0.3327205882352941,WACC_0p1_WRT_0p9,0.7020220588235293,1227,False,,,False,False,False,False,False,185.0,0.7829787234042553
SPLL,RialtoBridgeTimelapse,1792,0.56,389,0.6750000000000003,0.376875545324736,0,165,4725,2400,5,0.913,0.45099610014176816,0.5346445372398966,0.5105688371190796,0.4096406812072043,0.10370068031779993,0.24439121152897392,-2.8192817631169373,2.486580303846317,-2.921841313157002,-2.3302840836398757,-3.215787996382892,1.7111958757000287,0.5346445372398966,0.40654459028274764,0.12809994695714894,0.5105688371190796,0.4541536847360821,0.05641515238299755,0.4096406812072043,0.5480492553683088,0.13840857416110453,0.10370068031779993,0.3950150831498206,0.29131440283202065,0.24439121152897392,0.44829979030944894,0.20390857878047502,726.0,0.33318014705882354,1054.0,0.48391544117647056,1100.0,0.5050551470588235,1048.0,0.4811580882352941,1036.0,0.4756433823529412,0.33318014705882354,WACC_0p1_WRT_0p9,0.45579044117647066,1228,False,,,False,False,False,False,False,165.0,0.6978723404255319
SPLL,RialtoBridgeTimelapse,241,0.59,270,0.75,0.4629953909118257,0,127,4285,1538,10,0.999,0.39005177096233307,0.4584524179304508,0.44652463620560545,0.3691935227323065,0.05028263658517606,0.1751459110776273,-2.8192817631169373,2.486580303846317,-2.921841313157002,-2.3302840836398757,-3.215787996382892,1.7111958757000287,0.4584524179304508,0.43878731638239105,0.019665101548059727,0.44652463620560545,0.47712045051470625,0.0305958143091008,0.3691935227323065,0.5422220411891112,0.17302851845680473,0.05028263658517606,0.36128372378923646,0.3110010872040604,0.1751459110776273,0.3986156499701006,0.22346973889247332,1344.0,0.6171875,1505.0,0.6911764705882353,1059.0,0.48621323529411764,773.0,0.3547794117647059,726.0,0.33318014705882354,0.33318014705882354,WACC_0p9_WRT_0p1,0.4965073529411764,1229,False,,,False,False,False,False,False,127.0,0.5361702127659574
SPLL,RialtoBridgeTimelapse,1118,0.59,160,0.75,0.5861833286749027,0,44,3330,1041,6,0.188,0.22911019919129225,0.31839778954352116,0.30160790413316685,0.20888208832189112,0.08434850726958917,0.17571203209002972,-2.8192817631169373,2.486580303846317,-2.921841313157002,-2.3302840836398757,-3.215787996382892,1.7111958757000287,0.31839778954352116,0.4667992576706522,0.14840146812713106,0.30160790413316685,0.4558172158460641,0.15420931171289726,0.20888208832189112,0.5394978506905781,0.33061576236868695,0.08434850726958917,0.35529943041637524,0.27095092314678604,0.17571203209002972,0.4182991795150494,0.2425871474250197,1840.0,0.8451286764705882,1081.0,0.4963235294117647,1036.0,0.4756433823529412,726.0,0.33318014705882354,845.0,0.38786764705882354,0.33318014705882354,WACC_0p7_WRT_0p3,0.5076286764705882,1230,False,,,False,False,False,False,False,44.0,0.1829787234042553
SPLL,RialtoBridgeTimelapse,1870,0.47,906,0.45,0.177207397185527,0,218,3889,4792,7,0.7,0.5632394252396763,0.7029083538683272,0.6395821796235202,0.459692548476933,0.2820923266012839,0.4557229072191796,-2.8192817631169373,2.486580303846317,-2.921841313157002,-2.3302840836398757,-3.215787996382892,1.7111958757000287,0.7029083538683272,0.40661565168870234,0.29629270217962483,0.6395821796235202,0.4836214247538179,0.15596075486970223,0.459692548476933,0.6018868406047498,0.1421942921278168,0.2820923266012839,0.47944085355807875,0.19734852695679483,0.4557229072191796,0.559218762749736,0.10349585553055646,728.0,0.33409926470588236,1653.0,0.7591911764705882,1927.0,0.8851102941176471,1907.0,0.8759191176470589,1915.0,0.8795955882352942,0.33409926470588236,WACC_0p1_WRT_0p9,0.7467830882352942,1231,False,,,False,False,False,False,False,218.0,0.9234042553191489
SPLL,RialtoBridgeTimelapse,1834,0.61,427,0.8,0.3548796552511623,0,172,1605,849,5,0.35,0.5751886576770859,0.6054503842727351,0.6076405731008641,0.5659510723367189,0.11732285510214478,0.13216605964309672,-2.8192817631169373,2.486580303846317,-2.921841313157002,-2.3302840836398757,-3.215787996382892,1.7111958757000287,0.6054503842727351,0.4660930875698416,0.13935729670289354,0.6076405731008641,0.4448402437175426,0.16280032938332145,0.5659510723367189,0.5149173637370675,0.051033708599651395,0.11732285510214478,0.35545490545362113,0.23813205035147633,0.13216605964309672,0.4015408838942224,0.2693748242511257,1829.0,0.8400735294117647,937.0,0.43014705882352944,904.0,0.4149816176470588,729.0,0.33455882352941174,742.0,0.3405330882352941,0.33455882352941174,WACC_0p7_WRT_0p3,0.47205882352941175,1232,False,,,False,False,False,False,False,172.0,0.7276595744680852
SPLL,RialtoBridgeTimelapse,823,0.41,636,0.3,0.2608065086150019,0,205,918,4517,3,0.482,0.3752174681554819,0.5913300906860052,0.49088530842955425,0.22687860511210878,0.47093000231732723,0.6124847952772086,-2.8192817631169373,2.486580303846317,-2.921841313157002,-2.3302840836398757,-3.215787996382892,1.7111958757000287,0.5913300906860052,0.4066372797406202,0.18469281094538498,0.49088530842955425,0.47606134839456427,0.01482396003498998,0.22687860511210878,0.601052892900832,0.3741742877887232,0.47093000231732723,0.4844253978699326,0.013495395552605371,0.6124847952772086,0.5710796991969702,0.041405096080238346,729.0,0.33455882352941174,1486.0,0.6824448529411765,1913.0,0.8786764705882353,1944.0,0.8929227941176471,1994.0,0.9159007352941176,0.33455882352941174,WACC_0p1_WRT_0p9,0.7409007352941177,1233,False,,,False,False,False,False,False,205.0,0.8680851063829788
SPLL,RialtoBridgeTimelapse,694,0.59,188,0.75,0.548250292296512,0,66,3753,1070,7,0.412,0.27810195095592394,0.3609304793902166,0.34568162310438627,0.2577703173502059,0.0736895734820132,0.17523696558771257,-2.8192817631169373,2.486580303846317,-2.921841313157002,-2.3302840836398757,-3.215787996382892,1.7111958757000287,0.3609304793902166,0.4796618901310067,0.11873141074079008,0.34568162310438627,0.46372001631002024,0.11803839320563397,0.2577703173502059,0.5570825398215763,0.2993122224713704,0.0736895734820132,0.3670344391861709,0.2933448657041577,0.17523696558771257,0.39945441475532684,0.22421744916761427,1984.0,0.9113051470588235,1222.0,0.5611213235294118,1191.0,0.546875,812.0,0.3727022058823529,730.0,0.3350183823529412,0.3350183823529412,WACC_0p9_WRT_0p1,0.5454044117647059,1234,False,,,False,False,False,False,False,66.0,0.2765957446808511
SPLL,RialtoBridgeTimelapse,1544,0.37,584,0.2,0.2809527032810018,0,204,399,4365,1,0.266,0.43839293709638155,0.5619870044844583,0.4372921988914723,0.2854529118789439,0.5910603957811081,0.7218319916484792,-2.8192817631169373,2.486580303846317,-2.921841313157002,-2.3302840836398757,-3.215787996382892,1.7111958757000287,0.5619870044844583,0.40664122641317024,0.15534577807128802,0.4372921988914723,0.45972511863942156,0.022432919747949254,0.2854529118789439,0.5728149748364588,0.28736206295751493,0.5910603957811081,0.5183428780012288,0.07271751777987934,0.7218319916484792,0.6035908869155503,0.11824110473292893,730.0,0.3350183823529412,1151.0,0.5284926470588235,1414.0,0.6493566176470589,2110.0,0.9692095588235294,2127.0,0.9770220588235294,0.3350183823529412,WACC_0p1_WRT_0p9,0.6918198529411765,1235,False,,,False,False,False,False,False,204.0,0.8638297872340426
SPLL,RialtoBridgeTimelapse,138,0.6,206,0.775,0.526728658654641,0,83,4421,1366,1,0.254,0.323518354861635,0.39275665702550355,0.3835290113073499,0.30974168352499715,0.042036197089270505,0.15199279720233796,-2.8192817631169373,2.486580303846317,-2.921841313157002,-2.3302840836398757,-3.215787996382892,1.7111958757000287,0.39275665702550355,0.4314406807401202,0.038684023714616655,0.3835290113073499,0.42887999644903735,0.04535098514168745,0.30974168352499715,0.5178662847942119,0.20812460126921478,0.042036197089270505,0.37908253669911535,0.33704633960984487,0.15199279720233796,0.41297239282220416,0.26097959561986617,1183.0,0.5431985294117647,731.0,0.33547794117647056,916.0,0.42049632352941174,911.0,0.4181985294117647,812.0,0.3727022058823529,0.33547794117647056,WACC_0p3_WRT_0p7,0.4180147058823529,1236,False,,,False,False,False,False,False,83.0,0.34893617021276596
SPLL,RialtoBridgeTimelapse,776,0.58,228,0.725,0.5028338405982749,0,101,2807,905,8,0.389,0.32046647376930315,0.4055536525440311,0.38689886944046703,0.29318317000485455,0.08693626307976855,0.19835413920740233,-2.8192817631169373,2.486580303846317,-2.921841313157002,-2.3302840836398757,-3.215787996382892,1.7111958757000287,0.4055536525440311,0.4785862504666279,0.07303259792259681,0.38689886944046703,0.46345668947156565,0.07655782003109862,0.29318317000485455,0.5346491243242466,0.24146595431939205,0.08693626307976855,0.3555243032239749,0.26858804014420634,0.19835413920740233,0.40520098050844156,0.20684684130103922,1972.0,0.9057904411764706,1213.0,0.5569852941176471,1007.0,0.46231617647058826,731.0,0.33547794117647056,768.0,0.3524816176470588,0.33547794117647056,WACC_0p7_WRT_0p3,0.5226102941176471,1237,False,,,False,False,False,False,False,101.0,0.425531914893617
SPLL,RialtoBridgeTimelapse,36,0.6,193,0.775,0.5420730526481163,0,71,4434,1171,1,0.29,0.30325739720123035,0.3750886308045254,0.36527096100792694,0.28959201051231565,0.04622014225146206,0.15195449809366812,-2.8192817631169373,2.486580303846317,-2.921841313157002,-2.3302840836398757,-3.215787996382892,1.7111958757000287,0.3750886308045254,0.4396840403462978,0.0645954095417724,0.36527096100792694,0.42897868826921626,0.06370772726128932,0.28959201051231565,0.506714547521163,0.21712253700884732,0.04622014225146206,0.3775278631805097,0.33130772092904764,0.15195449809366812,0.4122751894351267,0.2603206913414586,1362.0,0.6254595588235294,732.0,0.3359375,857.0,0.39338235294117646,894.0,0.4103860294117647,808.0,0.3708639705882353,0.3359375,WACC_0p3_WRT_0p7,0.4272058823529411,1238,False,,,False,False,False,False,False,71.0,0.2978723404255319
SPLL,RialtoBridgeTimelapse,668,0.59,433,0.75,0.351586216853988,0,174,1091,971,10,0.207,0.5392487100547843,0.5888430412072821,0.5810864280001982,0.5173195414240506,0.0736902527800491,0.17629006057325014,-2.8192817631169373,2.486580303846317,-2.921841313157002,-2.3302840836398757,-3.215787996382892,1.7111958757000287,0.5888430412072821,0.483137519468718,0.10570552173856412,0.5810864280001982,0.45908702464517925,0.12199940335501891,0.5173195414240506,0.5053302039908382,0.0119893374332124,0.0736902527800491,0.3555394972295302,0.2818492444494811,0.17629006057325014,0.40247454551458123,0.2261844849413311,2013.0,0.9246323529411765,1139.0,0.5229779411764706,849.0,0.3897058823529412,732.0,0.3359375,747.0,0.3428308823529412,0.3359375,WACC_0p7_WRT_0p3,0.5032169117647058,1239,False,,,False,False,False,False,False,174.0,0.7361702127659574
SPLL,RialtoBridgeTimelapse,1576,0.41,358,0.3,0.3964697026134964,0,165,523,3592,10,0.821,0.37973354653457836,0.4564000088499996,0.34806275069906034,0.2597222034442295,0.519353895123385,0.628114785508359,-2.8192817631169373,2.486580303846317,-2.921841313157002,-2.3302840836398757,-3.215787996382892,1.7111958757000287,0.4564000088499996,0.4066747373370831,0.0497252715129165,0.34806275069906034,0.4744415216688743,0.12637877096981398,0.2597222034442295,0.5799108979287221,0.32018869448449255,0.519353895123385,0.49196630005435604,0.02738759506902899,0.628114785508359,0.5746973641386096,0.05341742136974936,732.0,0.3359375,1444.0,0.6631433823529411,1525.0,0.7003676470588235,1987.0,0.9126838235294118,2012.0,0.9241727941176471,0.3359375,WACC_0p1_WRT_0p9,0.7072610294117647,1240,False,,,False,False,False,False,False,165.0,0.6978723404255319
SPLL,RialtoBridgeTimelapse,1307,0.59,203,0.75,0.5301823672547157,0,80,1802,1305,7,0.947,0.3016291552595167,0.38139250648002165,0.3668615587383958,0.2812157496122398,0.06867579922646935,0.17511873978742962,-2.8192817631169373,2.486580303846317,-2.921841313157002,-2.3302840836398757,-3.215787996382892,1.7111958757000287,0.38139250648002165,0.406706517957028,0.02531401147700635,0.3668615587383958,0.4363107156004045,0.0694491568620087,0.2812157496122398,0.5065921740732744,0.22537642446103462,0.06867579922646935,0.3823341613240599,0.31365836209759057,0.17511873978742962,0.424094798736823,0.24897605894939337,733.0,0.33639705882352944,817.0,0.375,856.0,0.3929227941176471,938.0,0.4306066176470588,875.0,0.4016544117647059,0.33639705882352944,WACC_0p1_WRT_0p9,0.38731617647058825,1241,False,,,False,False,False,False,False,80.0,0.33617021276595743
SPLL,RialtoBridgeTimelapse,1401,0.61,267,0.8,0.4656289042376428,0,123,4224,1049,2,0.012,0.4240715457403637,0.4730718955614734,0.4712243391379433,0.41618962559147044,0.05572130451526068,0.13007814861361555,-2.8192817631169373,2.486580303846317,-2.921841313157002,-2.3302840836398757,-3.215787996382892,1.7111958757000287,0.4730718955614734,0.48792264363750754,0.014850748076034148,0.4712243391379433,0.4626726875892764,0.008551651548666939,0.41618962559147044,0.5567382748792506,0.14054864928778021,0.05572130451526068,0.35572933148077424,0.30000802696551354,0.13007814861361555,0.4079124618483332,0.27783431323471763,2051.0,0.9420955882352942,1199.0,0.5505514705882353,1189.0,0.5459558823529411,733.0,0.33639705882352944,778.0,0.3570772058823529,0.33639705882352944,WACC_0p7_WRT_0p3,0.5464154411764706,1242,False,,,False,False,False,False,False,123.0,0.5191489361702127
SPLL,RialtoBridgeTimelapse,1427,0.59,164,0.75,0.580377519822145,0,48,1955,1345,3,0.589,0.23657099085033093,0.32486738486185507,0.3083167489634848,0.2163337348514279,0.0827036224542149,0.1756169880445027,-2.8192817631169373,2.486580303846317,-2.921841313157002,-2.3302840836398757,-3.215787996382892,1.7111958757000287,0.32486738486185507,0.4067132579125108,0.08184587305065572,0.3083167489634848,0.42918470363806693,0.12086795467458211,0.2163337348514279,0.4941538364486375,0.2778201015972096,0.0827036224542149,0.4208060347996964,0.3381024123454815,0.1756169880445027,0.4755309328236242,0.2999139447791215,734.0,0.3368566176470588,737.0,0.3382352941176471,795.0,0.3648897058823529,1338.0,0.6144301470588235,1237.0,0.5680147058823529,0.3368566176470588,WACC_0p1_WRT_0p9,0.44448529411764703,1243,False,,,False,False,False,False,False,48.0,0.2
SPLL,RialtoBridgeTimelapse,157,0.59,167,0.75,0.5761147948116947,0,51,1401,915,6,0.364,0.2420577794520804,0.32962709542329116,0.3132512815040122,0.221812167280665,0.08149928537131743,0.17555268218846948,-2.8192817631169373,2.486580303846317,-2.921841313157002,-2.3302840836398757,-3.215787996382892,1.7111958757000287,0.32962709542329116,0.46846353179150546,0.1388364363682143,0.3132512815040122,0.44355503964883963,0.13030375814482742,0.221812167280665,0.5246192164862047,0.3028070492055397,0.08149928537131743,0.3557409619826406,0.27424167661132315,0.17555268218846948,0.414669284026809,0.23911660183833955,1862.0,0.8552389705882353,911.0,0.4181985294117647,950.0,0.43612132352941174,734.0,0.3368566176470588,825.0,0.3786764705882353,0.3368566176470588,WACC_0p7_WRT_0p3,0.48501838235294115,1244,False,,,False,False,False,False,False,51.0,0.2127659574468085
SPLL,RialtoBridgeTimelapse,1899,0.54,119,0.6250000000000002,0.6557156594979566,0,15,2760,1313,9,0.989,0.12595673055070328,0.22666990580898583,0.17870152317526458,0.07821305087335283,0.24281803825323875,0.3077047145861592,-2.8192817631169373,2.486580303846317,-2.921841313157002,-2.3302840836398757,-3.215787996382892,1.7111958757000287,0.22666990580898583,0.4154236238062987,0.1887537179973129,0.17870152317526458,0.44753088458759427,0.2688293614123297,0.07821305087335283,0.5249275092844058,0.44671445841105295,0.24281803825323875,0.35590735124561895,0.1130893129923802,0.3077047145861592,0.4196832669919757,0.1119785524058165,879.0,0.40349264705882354,970.0,0.4453125,952.0,0.43704044117647056,735.0,0.33731617647058826,853.0,0.3915441176470588,0.33731617647058826,WACC_0p7_WRT_0p3,0.40294117647058825,1245,False,,,False,False,False,False,False,15.0,0.059574468085106386
SPLL,RialtoBridgeTimelapse,1010,0.43,804,0.3500000000000001,0.205430816149387,0,217,1133,4385,6,0.566,0.4696929649440305,0.655013783472126,0.5686174799752302,0.3371955104992225,0.39786380998835524,0.556569417037806,-2.8192817631169373,2.486580303846317,-2.921841313157002,-2.3302840836398757,-3.215787996382892,1.7111958757000287,0.655013783472126,0.40671701721619646,0.24829676625592956,0.5686174799752302,0.4874628385163374,0.08115464145889273,0.3371955104992225,0.598426064905453,0.26123055440623055,0.39786380998835524,0.48657484399131096,0.08871103400295571,0.556569417037806,0.5628185486456995,0.006249131607893421,735.0,0.33731617647058826,1749.0,0.8033088235294118,1865.0,0.8566176470588235,1960.0,0.9002757352941176,1945.0,0.8933823529411765,0.33731617647058826,WACC_0p1_WRT_0p9,0.7581801470588235,1246,False,,,False,False,False,False,False,217.0,0.9191489361702128
SPLL,RialtoBridgeTimelapse,1217,0.59,271,0.75,0.4621240277261641,0,128,1254,974,8,0.189,0.3912072487295944,0.4594607487957571,0.4475661766012828,0.370342017624791,0.05004611024923234,0.17515027704910033,-2.8192817631169373,2.486580303846317,-2.921841313157002,-2.3302840836398757,-3.215787996382892,1.7111958757000287,0.4594607487957571,0.4733274288287522,0.013866680032995071,0.4475661766012828,0.45755861675249065,0.009992440151207871,0.370342017624791,0.5221285725961957,0.1517865549714047,0.05004611024923234,0.355926914139458,0.30588080389022565,0.17515027704910033,0.41092503897050153,0.2357747619214012,1910.0,0.8772977941176471,1108.0,0.5087316176470589,938.0,0.4306066176470588,736.0,0.33777573529411764,795.0,0.3648897058823529,0.33777573529411764,WACC_0p7_WRT_0p3,0.5038602941176471,1247,False,,,False,False,False,False,False,128.0,0.5404255319148936
SPLL,RialtoBridgeTimelapse,852,0.47,950,0.45,0.1660004656749318,0,220,3941,4700,10,0.837,0.5774372969913095,0.7151738792524429,0.6523308460894808,0.47391334822391856,0.27883008699408046,0.45540375679649,-2.8192817631169373,2.486580303846317,-2.921841313157002,-2.3302840836398757,-3.215787996382892,1.7111958757000287,0.7151738792524429,0.4068375200508787,0.3083363592015642,0.6523308460894808,0.4951285855966637,0.1572022604928171,0.47391334822391856,0.6044956702692293,0.13058232204531078,0.27883008699408046,0.48583149851857343,0.20700141152449297,0.45540375679649,0.546843708704397,0.09143995190790705,737.0,0.3382352941176471,1911.0,0.8777573529411765,1955.0,0.8979779411764706,1957.0,0.8988970588235294,1803.0,0.828125,0.3382352941176471,WACC_0p1_WRT_0p9,0.7681985294117648,1248,False,,,False,False,False,False,False,220.0,0.9319148936170213
SPLL,RialtoBridgeTimelapse,324,0.6,230,0.775,0.500776655135883,0,101,4468,1105,1,0.001,0.3579510872535276,0.42280708793328514,0.41456749388745207,0.3439640443538501,0.03499529562461333,0.15213073554797202,-2.8192817631169373,2.486580303846317,-2.921841313157002,-2.3302840836398757,-3.215787996382892,1.7111958757000287,0.42280708793328514,0.4870395426549656,0.06423245472168043,0.41456749388745207,0.4757970243488586,0.061229530461406556,0.3439640443538501,0.5556956535500759,0.2117316091962258,0.03499529562461333,0.36757718436567655,0.3325818887410632,0.15213073554797202,0.4011167891705708,0.2489860536225988,2042.0,0.9379595588235294,1480.0,0.6796875,1177.0,0.5404411764705882,817.0,0.375,738.0,0.33869485294117646,0.33869485294117646,WACC_0p9_WRT_0p1,0.5743566176470589,1249,False,,,False,False,False,False,False,101.0,0.425531914893617
SPLL,RialtoBridgeTimelapse,812,0.6,232,0.775,0.4987372042515428,0,103,1893,1080,10,0.994,0.36066530635149013,0.4251770306276081,0.4170146170644087,0.3466606604872469,0.03444362377536356,0.15214510623226998,-2.8192817631169373,2.486580303846317,-2.921841313157002,-2.3302840836398757,-3.215787996382892,1.7111958757000287,0.4251770306276081,0.43275249321240894,0.007575462584800852,0.4170146170644087,0.45196241686738453,0.034947799802975854,0.3466606604872469,0.5037588827753297,0.15709822228808273,0.03444362377536356,0.3560716111040196,0.32162798732865605,0.15214510623226998,0.4040136973143828,0.2518685910821128,1214.0,0.5574448529411765,1030.0,0.4728860294117647,842.0,0.3864889705882353,739.0,0.3391544117647059,759.0,0.3483455882352941,0.3391544117647059,WACC_0p7_WRT_0p3,0.4208639705882352,1250,False,,,False,False,False,False,False,103.0,0.4340425531914894
SPLL,RialtoBridgeTimelapse,1273,0.6,196,0.775,0.538442676996703,0,74,4262,1266,5,0.237,0.3080440975580365,0.3792616954902694,0.36958405420796603,0.2943533375902001,0.04522866996008958,0.1519603988801758,-2.8192817631169373,2.486580303846317,-2.921841313157002,-2.3302840836398757,-3.215787996382892,1.7111958757000287,0.3792616954902694,0.4810968589224432,0.1018351634321738,0.36958405420796603,0.48579843860441857,0.11621438439645254,0.2943533375902001,0.5771554652977102,0.2828021277075101,0.04522866996008958,0.35688781964864646,0.3116591496885569,0.1519603988801758,0.40312461528150667,0.2511642164013309,1997.0,0.9172794117647058,1709.0,0.7849264705882353,1480.0,0.6796875,741.0,0.3400735294117647,753.0,0.34558823529411764,0.3400735294117647,WACC_0p7_WRT_0p3,0.6135110294117647,1251,False,,,False,False,False,False,False,74.0,0.31063829787234043
SPLL,RialtoBridgeTimelapse,1231,0.55,175,0.6500000000000002,0.5651093296745381,0,60,689,1026,5,0.57,0.19584948918793757,0.32199752114794344,0.2845432721081106,0.14728123437715876,0.1845885545379948,0.27344422089479786,-2.8192817631169373,2.486580303846317,-2.921841313157002,-2.3302840836398757,-3.215787996382892,1.7111958757000287,0.32199752114794344,0.4240046789660451,0.10200715781810166,0.2845432721081106,0.4298453175684594,0.1453020454603488,0.14728123437715876,0.5006947306986664,0.35341349632150765,0.1845885545379948,0.4021789563377745,0.2175904017997797,0.27344422089479786,0.4626483399990835,0.18920411910428564,1019.0,0.4678308823529412,742.0,0.3405330882352941,824.0,0.3782169117647059,1114.0,0.5114889705882353,1145.0,0.5257352941176471,0.3405330882352941,WACC_0p3_WRT_0p7,0.44476102941176465,1252,False,,,False,False,False,False,False,60.0,0.251063829787234
SPLL,RialtoBridgeTimelapse,1569,0.59,279,0.75,0.4552663059021987,0,131,3111,1075,10,0.664,0.40030807258795825,0.46740361766714117,0.4557700017997856,0.3793869592661976,0.048186063183074244,0.17518769337010082,-2.8192817631169373,2.486580303846317,-2.921841313157002,-2.3302840836398757,-3.215787996382892,1.7111958757000287,0.46740361766714117,0.4775399074979139,0.010136289830772749,0.4557700017997856,0.47600662164678265,0.02023661984699704,0.3793869592661976,0.5385966865966438,0.15920972733044625,0.048186063183074244,0.3569628548793994,0.30877679169632516,0.17518769337010082,0.40276497934913325,0.22757728597903243,1966.0,0.9030330882352942,1485.0,0.6819852941176471,1035.0,0.47518382352941174,742.0,0.3405330882352941,748.0,0.34329044117647056,0.3405330882352941,WACC_0p7_WRT_0p3,0.5488051470588234,1253,False,,,False,False,False,False,False,131.0,0.5531914893617021
SPLL,RialtoBridgeTimelapse,1634,0.44,279,0.3750000000000001,0.4552663059021987,0,136,2821,3283,6,0.702,0.32058055614199343,0.40435832457420595,0.3100235066855443,0.21694851929846207,0.45511944246926556,0.5539942939745734,-2.8192817631169373,2.486580303846317,-2.921841313157002,-2.3302840836398757,-3.215787996382892,1.7111958757000287,0.40435832457420595,0.407087869862227,0.0027295452880210513,0.3100235066855443,0.47761988083032464,0.16759637414478035,0.21694851929846207,0.5838225796516783,0.36687406035321624,0.45511944246926556,0.46195795901799114,0.006838516548725582,0.5539942939745734,0.5227056057671634,0.03128868820741004,742.0,0.3405330882352941,1520.0,0.6980698529411765,1579.0,0.7251838235294118,1744.0,0.8010110294117647,1631.0,0.7490808823529411,0.3405330882352941,WACC_0p1_WRT_0p9,0.6627757352941176,1254,False,,,False,False,False,False,False,136.0,0.574468085106383
SPLL,RialtoBridgeTimelapse,1536,0.45,597,0.4000000000000001,0.2757530469966032,0,199,1192,4886,9,0.627,0.41131807371305806,0.5886297457049837,0.5098847251272414,0.29268342349282933,0.3655870648905765,0.510027566239817,-2.8192817631169373,2.486580303846317,-2.921841313157002,-2.3302840836398757,-3.215787996382892,1.7111958757000287,0.5886297457049837,0.40709548814366253,0.1815342575613212,0.5098847251272414,0.47899397056417103,0.030890754563070333,0.29268342349282933,0.586588266474661,0.29390484298183167,0.3655870648905765,0.5070066148230443,0.1414195499324678,0.510027566239817,0.5912800926711581,0.08125252643134107,743.0,0.34099264705882354,1546.0,0.7100183823529411,1625.0,0.7463235294117647,2068.0,0.9499080882352942,2089.0,0.9595588235294118,0.34099264705882354,WACC_0p1_WRT_0p9,0.741360294117647,1255,False,,,False,False,False,False,False,199.0,0.8425531914893617
SPLL,RialtoBridgeTimelapse,454,0.58,224,0.725,0.507002668073278,0,98,3922,1617,8,0.999,0.31505424043930164,0.400849493616328,0.3820277757873411,0.2877871612516272,0.08809810595045547,0.19839020388406223,-2.8192817631169373,2.486580303846317,-2.921841313157002,-2.3302840836398757,-3.215787996382892,1.7111958757000287,0.400849493616328,0.4234941988456821,0.022644705229354134,0.3820277757873411,0.4673023578978319,0.08527458211049083,0.2877871612516272,0.5261927644750565,0.2384056032234293,0.08809810595045547,0.35719043623033964,0.26909233027988416,0.19839020388406223,0.4104823613967337,0.2120921575126715,1008.0,0.46277573529411764,1295.0,0.5946691176470589,961.0,0.4411764705882353,745.0,0.34191176470588236,792.0,0.3635110294117647,0.34191176470588236,WACC_0p7_WRT_0p3,0.44080882352941175,1256,False,,,False,False,False,False,False,98.0,0.4127659574468085
SPLL,RialtoBridgeTimelapse,1106,0.6,171,0.775,0.5705480712116793,0,53,4980,1294,5,0.211,0.26587018274261476,0.3425193782350522,0.33159284975849745,0.25238104409437995,0.05403598112277303,0.1519836120493786,-2.8192817631169373,2.486580303846317,-2.921841313157002,-2.3302840836398757,-3.215787996382892,1.7111958757000287,0.3425193782350522,0.478452947062457,0.13593356882740482,0.33159284975849745,0.4958640136058576,0.16427116384736012,0.25238104409437995,0.5735895297095962,0.32120848561521625,0.05403598112277303,0.3669954643458298,0.3129594832230568,0.1519836120493786,0.4018670592287652,0.2498834471793866,1971.0,0.9053308823529411,1931.0,0.8869485294117647,1434.0,0.6585477941176471,810.0,0.3717830882352941,745.0,0.34191176470588236,0.34191176470588236,WACC_0p9_WRT_0p1,0.6329044117647058,1257,False,,,False,False,False,False,False,53.0,0.22127659574468084
SPLL,RialtoBridgeTimelapse,1059,0.47,472,0.45,0.331228749963582,0,185,4462,4478,3,0.665,0.3711575338934011,0.5378072429179908,0.46743832874565283,0.26656716738516534,0.3286274179891927,0.4625548994331571,-2.8192817631169373,2.486580303846317,-2.921841313157002,-2.3302840836398757,-3.215787996382892,1.7111958757000287,0.5378072429179908,0.4072820155775209,0.13052522734046984,0.46743832874565283,0.47320790117523276,0.005769572429579928,0.26656716738516534,0.6028163564502322,0.3362491890650669,0.3286274179891927,0.463753157355425,0.1351257393662323,0.4625548994331571,0.5381480332080986,0.07559313377494148,745.0,0.34191176470588236,1414.0,0.6493566176470589,1937.0,0.8897058823529411,1761.0,0.8088235294117647,1750.0,0.8037683823529411,0.34191176470588236,WACC_0p1_WRT_0p9,0.6987132352941176,1258,False,,,False,False,False,False,False,185.0,0.7829787234042553
SPLL,RialtoBridgeTimelapse,1309,0.59,118,0.75,0.6576953768035289,0,12,2848,885,10,0.593,0.13848563993686466,0.24010769632925213,0.22023371868160005,0.11811086437030759,0.10517231245449792,0.17775024257711333,-2.8192817631169373,2.486580303846317,-2.921841313157002,-2.3302840836398757,-3.215787996382892,1.7111958757000287,0.24010769632925213,0.4635157111586906,0.22340801482943848,0.22023371868160005,0.4529289665026219,0.23269524782102183,0.11811086437030759,0.5091330455729821,0.3910221812026745,0.10517231245449792,0.35902329712941694,0.253850984674919,0.17775024257711333,0.40200286032609694,0.2242526177489836,1794.0,0.8239889705882353,1041.0,0.47794117647058826,875.0,0.4016544117647059,757.0,0.3474264705882353,746.0,0.34237132352941174,0.34237132352941174,WACC_0p9_WRT_0p1,0.47867647058823526,1259,False,,,False,False,False,False,False,12.0,0.04680851063829787
SPLL,RialtoBridgeTimelapse,444,0.37,591,0.2,0.2781386958256514,0,206,387,4011,3,0.483,0.4368756510056033,0.5647470730570286,0.4402239080895193,0.2830899364351649,0.5900202684258791,0.7214643336954909,-2.8192817631169373,2.486580303846317,-2.921841313157002,-2.3302840836398757,-3.215787996382892,1.7111958757000287,0.5647470730570286,0.4073039953950676,0.15744307766196103,0.4402239080895193,0.46575013208735516,0.025526223997835884,0.2830899364351649,0.592017766107931,0.3089278296727661,0.5900202684258791,0.5141180931688681,0.07590217525701093,0.7214643336954909,0.5948333792095736,0.12663095448591732,746.0,0.34237132352941174,1267.0,0.5818014705882353,1725.0,0.7922794117647058,2095.0,0.9623161764705882,2106.0,0.9673713235294118,0.34237132352941174,WACC_0p1_WRT_0p9,0.7292279411764706,1260,False,,,False,False,False,False,False,206.0,0.8723404255319149
SPLL,RialtoBridgeTimelapse,2096,0.32,566,0.075,0.2883462686804924,0,203,51,4054,8,0.74,0.595697041599002,0.5472737584331308,0.39235398774110863,0.4465278661318603,0.7391636583523428,0.8616008445930442,-2.8192817631169373,2.486580303846317,-2.921841313157002,-2.3302840836398757,-3.215787996382892,1.7111958757000287,0.5472737584331308,0.40739187485244943,0.13988188358068132,0.39235398774110863,0.4680933166298815,0.07573932888877288,0.4465278661318603,0.5752405528677251,0.12871268673586483,0.7391636583523428,0.5567379127813976,0.18242574557094515,0.8616008445930442,0.636072911546557,0.22552793304648722,747.0,0.3428308823529412,1313.0,0.6029411764705882,1456.0,0.6686580882352942,2166.0,0.9949448529411765,2175.0,0.9990808823529411,0.3428308823529412,WACC_0p1_WRT_0p9,0.7216911764705882,1261,False,,,False,False,False,False,False,203.0,0.8595744680851064
SPLL,RialtoBridgeTimelapse,7,0.6,177,0.775,0.5624361392270425,0,59,4471,1064,2,0.03,0.27649161211706835,0.3517672458234992,0.341158644356695,0.26295661473211224,0.051801771106000136,0.15196089941103016,-2.8192817631169373,2.486580303846317,-2.921841313157002,-2.3302840836398757,-3.215787996382892,1.7111958757000287,0.3517672458234992,0.48647680073755806,0.13470955491405884,0.341158644356695,0.4611651286965128,0.12000648433981781,0.26295661473211224,0.5444909219942162,0.281534307262104,0.051801771106000136,0.3576459389494259,0.3058441678434258,0.15196089941103016,0.4116442644120812,0.25968336500105105,2039.0,0.9365808823529411,1176.0,0.5399816176470589,1074.0,0.4931066176470588,748.0,0.34329044117647056,801.0,0.36764705882352944,0.34329044117647056,WACC_0p7_WRT_0p3,0.5361213235294118,1262,False,,,False,False,False,False,False,59.0,0.24680851063829787
SPLL,RialtoBridgeTimelapse,993,0.4,233,0.2750000000000001,0.4977240342342319,0,110,2489,2768,9,0.888,0.4686854350576222,0.3591043483368608,0.2377501276270518,0.3783103903630194,0.5899030810930231,0.6738297353309277,-2.8192817631169373,2.486580303846317,-2.921841313157002,-2.3302840836398757,-3.215787996382892,1.7111958757000287,0.3591043483368608,0.4074424532631564,0.048338104926295644,0.2377501276270518,0.47498631332410135,0.23723618569704955,0.3783103903630194,0.5489203582029516,0.1706099678399322,0.5899030810930231,0.4381508704437934,0.15175221064922972,0.6738297353309277,0.5084970010817272,0.16533273424920047,748.0,0.34329044117647056,1458.0,0.6695772058823529,1113.0,0.5110294117647058,1507.0,0.6920955882352942,1501.0,0.6893382352941176,0.34329044117647056,WACC_0p1_WRT_0p9,0.5810661764705882,1263,False,,,False,False,False,False,False,110.0,0.46382978723404256
SPLL,RialtoBridgeTimelapse,14,0.54,324,0.6250000000000002,0.4200082379875257,0,148,4616,2730,9,0.944,0.3628168986222331,0.4738113524819647,0.43746534114630986,0.3078950471654446,0.1679061562056804,0.2923998015449059,-2.8192817631169373,2.486580303846317,-2.921841313157002,-2.3302840836398757,-3.215787996382892,1.7111958757000287,0.4738113524819647,0.4074486605488051,0.06636269193315963,0.43746534114630986,0.47678480325553474,0.03931946210922488,0.3078950471654446,0.5437151895880458,0.2358201424226012,0.1679061562056804,0.4021144027842893,0.2342082465786089,0.2923998015449059,0.4477018153901876,0.1553020138452817,749.0,0.34375,1497.0,0.6875,1072.0,0.4921875,1113.0,0.5110294117647058,1034.0,0.47472426470588236,0.34375,WACC_0p1_WRT_0p9,0.5018382352941175,1264,False,,,False,False,False,False,False,148.0,0.625531914893617
SPLL,RialtoBridgeTimelapse,304,0.58,284,0.725,0.451079031326913,0,132,1516,1202,10,0.001,0.3881191752404255,0.4644375517686277,0.44781985024033993,0.360561241664232,0.07264839215243846,0.19814958960900375,-2.8192817631169373,2.486580303846317,-2.921841313157002,-2.3302840836398757,-3.215787996382892,1.7111958757000287,0.4644375517686277,0.5140188603547389,0.04958130858611115,0.44781985024033993,0.5030787042662866,0.05525885402594671,0.360561241664232,0.5431887092915032,0.18262746762727122,0.07264839215243846,0.35770966061369125,0.2850612684612528,0.19814958960900375,0.41417547252284076,0.216025882913837,2138.0,0.9820772058823529,2047.0,0.9402573529411765,1066.0,0.48943014705882354,750.0,0.34420955882352944,818.0,0.37545955882352944,0.34420955882352944,WACC_0p7_WRT_0p3,0.6262867647058823,1265,False,,,False,False,False,False,False,132.0,0.5574468085106383
SPLL,RialtoBridgeTimelapse,933,0.36,869,0.175,0.1870605590058007,0,221,2522,4344,1,0.201,0.4186405699830077,0.6528963406212315,0.5279183117220189,0.23769644189819547,0.5856759792164554,0.7376349141797858,-2.8192817631169373,2.486580303846317,-2.921841313157002,-2.3302840836398757,-3.215787996382892,1.7111958757000287,0.6528963406212315,0.407606134579798,0.24529020604143348,0.5279183117220189,0.4738560364564264,0.054062275265592485,0.23769644189819547,0.5873841063581302,0.3496876644599347,0.5856759792164554,0.4892009120254083,0.09647506719104715,0.7376349141797858,0.5838249605561825,0.15380995362360328,750.0,0.34420955882352944,1428.0,0.6557904411764706,1640.0,0.7532169117647058,1969.0,0.9044117647058824,2060.0,0.9462316176470589,0.34420955882352944,WACC_0p1_WRT_0p9,0.7207720588235295,1266,False,,,False,False,False,False,False,221.0,0.9361702127659575
SPLL,RialtoBridgeTimelapse,1928,0.57,138,0.7,0.6209433717076739,0,27,877,1117,3,0.141,0.1552851521266955,0.2708424193199091,0.24174072477407155,0.12074632087343005,0.1477681991426439,0.2260293455615415,-2.8192817631169373,2.486580303846317,-2.921841313157002,-2.3302840836398757,-3.215787996382892,1.7111958757000287,0.2708424193199091,0.44317552982715225,0.17233311050724315,0.24174072477407155,0.43048895429084383,0.18874822951677228,0.12074632087343005,0.5026607100512963,0.38191438917786624,0.1477681991426439,0.39332868445028785,0.24556048530764393,0.2260293455615415,0.4605132610932287,0.2344839155316872,1435.0,0.6590073529411765,753.0,0.34558823529411764,830.0,0.38097426470588236,1026.0,0.4710477941176471,1135.0,0.5211397058823529,0.34558823529411764,WACC_0p3_WRT_0p7,0.4755514705882353,1267,False,,,False,False,False,False,False,27.0,0.11063829787234042
SPLL,RialtoBridgeTimelapse,1122,0.58,218,0.725,0.5133969718500324,0,95,3956,1662,3,0.778,0.30676428816771967,0.39364627175216976,0.3745675490639735,0.27952016334298124,0.08988391780197949,0.19845194828701074,-2.8192817631169373,2.486580303846317,-2.921841313157002,-2.3302840836398757,-3.215787996382892,1.7111958757000287,0.39364627175216976,0.41206069078010676,0.018414419027937,0.3745675490639735,0.4304944536059803,0.05592690454200683,0.27952016334298124,0.5137717270893498,0.23425156374636857,0.08988391780197949,0.3710710757112513,0.28118715790927185,0.19845194828701074,0.4200435066621345,0.2215915583751238,822.0,0.3772977941176471,754.0,0.3460477941176471,901.0,0.41360294117647056,839.0,0.3851102941176471,855.0,0.39246323529411764,0.3460477941176471,WACC_0p3_WRT_0p7,0.3829044117647059,1268,False,,,False,False,False,False,False,95.0,0.4
SPLL,RialtoBridgeTimelapse,2057,0.54,140,0.6250000000000002,0.6175636736939851,0,30,3438,2153,1,0.368,0.11863696977475023,0.26471233003172934,0.21894088120886407,0.06170433344111172,0.2293028926568713,0.3034309559765125,-2.8192817631169373,2.486580303846317,-2.921841313157002,-2.3302840836398757,-3.215787996382892,1.7111958757000287,0.26471233003172934,0.40897446912877444,0.1442621390970451,0.21894088120886407,0.43056378088951686,0.2116228996806528,0.06170433344111172,0.5447326228424106,0.48302828940129894,0.2293028926568713,0.40262485052928054,0.17332195787240925,0.3034309559765125,0.45955512002495585,0.15612416404844337,766.0,0.3515625,756.0,0.3469669117647059,1075.0,0.49356617647058826,1121.0,0.5147058823529411,1127.0,0.5174632352941176,0.3469669117647059,WACC_0p3_WRT_0p7,0.44485294117647056,1269,False,,,False,False,False,False,False,30.0,0.12340425531914893
SPLL,RialtoBridgeTimelapse,55,0.56,410,0.6750000000000003,0.3644680289384706,0,170,3966,2385,9,0.999,0.4672518962201968,0.5487997970188209,0.5252096717516959,0.425824838685951,0.10028604217207218,0.24436143268324187,-2.8192817631169373,2.486580303846317,-2.921841313157002,-2.3302840836398757,-3.215787996382892,1.7111958757000287,0.5487997970188209,0.4081622314124101,0.14063756560641077,0.5252096717516959,0.4743312142052331,0.05087845754646275,0.425824838685951,0.5576175764480831,0.13179273776213207,0.10028604217207218,0.40589963848439703,0.3056135963123249,0.24436143268324187,0.44685628075767037,0.2024948480744285,756.0,0.3469669117647059,1440.0,0.6613051470588235,1197.0,0.5496323529411765,1163.0,0.5340073529411765,1026.0,0.4710477941176471,0.3469669117647059,WACC_0p1_WRT_0p9,0.512591911764706,1270,False,,,False,False,False,False,False,170.0,0.7191489361702128
SPLL,RialtoBridgeTimelapse,445,0.58,257,0.725,0.4746252291679451,0,119,1714,1444,10,0.999,0.3572380449722148,0.43754156248936965,0.4200045843179934,0.3298207935441459,0.07912015230161497,0.19819042181364857,-2.8192817631169373,2.486580303846317,-2.921841313157002,-2.3302840836398757,-3.215787996382892,1.7111958757000287,0.43754156248936965,0.41940198381846644,0.01813957867090321,0.4200045843179934,0.4521655131197474,0.032160928801753974,0.3298207935441459,0.5104418652482651,0.18062107170411917,0.07912015230161497,0.36009787895723816,0.2809777266556232,0.19819042181364857,0.40370466465345983,0.20551424283981126,940.0,0.43152573529411764,1033.0,0.4742647058823529,887.0,0.4071691176470588,764.0,0.3506433823529412,757.0,0.3474264705882353,0.3474264705882353,WACC_0p9_WRT_0p1,0.40220588235294114,1271,False,,,False,False,False,False,False,119.0,0.502127659574468
SPLL,RialtoBridgeTimelapse,1628,0.35,709,0.15,0.2351392472314099,0,217,2285,4431,1,0.211,0.47422195559036767,0.6031281072277513,0.46951149831295613,0.30838743860157275,0.6313943318932328,0.7703292825194618,-2.8192817631169373,2.486580303846317,-2.921841313157002,-2.3302840836398757,-3.215787996382892,1.7111958757000287,0.6031281072277513,0.40862990924391995,0.1944981979838314,0.46951149831295613,0.475923915713345,0.006412417400388892,0.30838743860157275,0.5988419752900971,0.29045453668852433,0.6313943318932328,0.4992276374916551,0.1321666944015777,0.7703292825194618,0.5934010586592603,0.17692822386020146,760.0,0.34880514705882354,1481.0,0.6801470588235294,1880.0,0.8635110294117647,2035.0,0.9347426470588235,2100.0,0.9646139705882353,0.34880514705882354,WACC_0p1_WRT_0p9,0.7583639705882353,1272,False,,,False,False,False,False,False,217.0,0.9191489361702128
SPLL,RialtoBridgeTimelapse,1503,0.59,336,0.75,0.4114305671426452,0,150,966,942,10,0.253,0.45876170605985106,0.5184580622028843,0.5084774444199005,0.4374482188532822,0.040643568525625035,0.17554269723869306,-2.8192817631169373,2.486580303846317,-2.921841313157002,-2.3302840836398757,-3.215787996382892,1.7111958757000287,0.5184580622028843,0.47649443057352414,0.04196363162936012,0.5084774444199005,0.45173499835179987,0.05674244606810064,0.4374482188532822,0.511365098017716,0.07391687916443379,0.040643568525625035,0.35999875451815183,0.31935518599252677,0.17554269723869306,0.40449905075190223,0.22895635351320917,1952.0,0.8965992647058824,1028.0,0.4719669117647059,889.0,0.40808823529411764,762.0,0.34972426470588236,761.0,0.3492647058823529,0.3492647058823529,WACC_0p9_WRT_0p1,0.4951286764705882,1273,False,,,False,False,False,False,False,150.0,0.6340425531914894
SPLL,RialtoBridgeTimelapse,821,0.5,384,0.5250000000000001,0.3799281662263869,0,165,4252,3784,7,0.82,0.3535606741444235,0.4981092355791672,0.4419394508734455,0.2703718210789484,0.2625181638428111,0.38947452995143844,-2.8192817631169373,2.486580303846317,-2.921841313157002,-2.3302840836398757,-3.215787996382892,1.7111958757000287,0.4981092355791672,0.4086331448098314,0.08947609076933583,0.4419394508734455,0.4708409634098691,0.02890151253642359,0.2703718210789484,0.5777176133789432,0.3073457922999948,0.2625181638428111,0.4416901330500746,0.17917196920726347,0.38947452995143844,0.5036564349775895,0.11418190502615105,761.0,0.3492647058823529,1369.0,0.6286764705882353,1486.0,0.6824448529411765,1547.0,0.7104779411764706,1455.0,0.6681985294117647,0.3492647058823529,WACC_0p1_WRT_0p9,0.6078125,1274,False,,,False,False,False,False,False,165.0,0.6978723404255319
SPLL,RialtoBridgeTimelapse,1969,0.4,66,0.2750000000000001,0.793591267382214,0,5,73,1281,10,0.756,0.6797143512744224,0.10185448948720391,0.13958547126015755,0.6678171003694402,0.7533531188445871,0.7723870480051879,-2.8192817631169373,2.486580303846317,-2.921841313157002,-2.3302840836398757,-3.215787996382892,1.7111958757000287,0.10185448948720391,0.40868743523153434,0.3068329457443304,0.13958547126015755,0.4445912899978766,0.30500581873771904,0.6678171003694402,0.5480686967650157,0.11974840360442451,0.7533531188445871,0.4654954106820751,0.287857708162512,0.7723870480051879,0.5298074781683542,0.2425795698368337,762.0,0.34972426470588236,931.0,0.4273897058823529,1101.0,0.5055147058823529,1776.0,0.8157169117647058,1684.0,0.7734375,0.34972426470588236,WACC_0p1_WRT_0p9,0.5743566176470589,1275,False,,,False,False,False,False,False,5.0,0.01702127659574468
SPLL,RialtoBridgeTimelapse,887,0.6,255,0.775,0.4764662877780642,0,116,5000,1311,5,0.033,0.3903783904688933,0.45113111187312677,0.443807652995953,0.3761724175862102,0.02843259751154278,0.1523319934681497,-2.8192817631169373,2.486580303846317,-2.921841313157002,-2.3302840836398757,-3.215787996382892,1.7111958757000287,0.45113111187312677,0.48224572445359587,0.031114612580469103,0.443807652995953,0.4921380530844064,0.04833040008845341,0.3761724175862102,0.5794179768941347,0.20324555930792448,0.02843259751154278,0.36600128093148565,0.3375686834199429,0.1523319934681497,0.40462850959088126,0.2522965161227315,2005.0,0.9209558823529411,1852.0,0.8506433823529411,1513.0,0.6948529411764706,802.0,0.3681066176470588,762.0,0.34972426470588236,0.34972426470588236,WACC_0p9_WRT_0p1,0.6368566176470588,1276,False,,,False,False,False,False,False,116.0,0.48936170212765956
SPLL,RialtoBridgeTimelapse,613,0.58,166,0.725,0.5775271860960967,0,51,1728,1872,3,0.62,0.2244623031800877,0.3223043232305712,0.30057073835414544,0.1972964157733635,0.1081032113485031,0.19957804633621995,-2.8192817631169373,2.486580303846317,-2.921841313157002,-2.3302840836398757,-3.215787996382892,1.7111958757000287,0.3223043232305712,0.4163561150941805,0.09405179186360935,0.30057073835414544,0.43089693664296136,0.13032619828881592,0.1972964157733635,0.5465857621262198,0.3492893463528563,0.1081032113485031,0.4150629823396023,0.3069597709910992,0.19957804633621995,0.47444292724932136,0.2748648809131014,897.0,0.4117647058823529,763.0,0.35018382352941174,1085.0,0.49816176470588236,1258.0,0.5776654411764706,1228.0,0.5638786764705882,0.35018382352941174,WACC_0p3_WRT_0p7,0.4803308823529412,1277,False,,,False,False,False,False,False,51.0,0.2127659574468085
SPLL,RialtoBridgeTimelapse,822,0.58,198,0.725,0.5360530118555942,0,77,4948,1656,8,0.883,0.2775083154767268,0.3682481546844452,0.34824873340407336,0.2503253503227359,0.09625118021883251,0.19873790278567227,-2.8192817631169373,2.486580303846317,-2.921841313157002,-2.3302840836398757,-3.215787996382892,1.7111958757000287,0.3682481546844452,0.4485502463216005,0.08030209163715529,0.34824873340407336,0.4830774812421118,0.13482874783803844,0.2503253503227359,0.5435969729388237,0.2932716226160878,0.09625118021883251,0.3648251475004327,0.2685739672816002,0.19873790278567227,0.40468926406334804,0.20595136127767577,1556.0,0.7146139705882353,1638.0,0.7522977941176471,1069.0,0.49080882352941174,794.0,0.36443014705882354,763.0,0.35018382352941174,0.35018382352941174,WACC_0p9_WRT_0p1,0.5344669117647058,1278,False,,,False,False,False,False,False,77.0,0.32340425531914896
SPLL,RialtoBridgeTimelapse,1084,0.45,778,0.4000000000000001,0.213197859416208,0,214,1444,4844,7,0.561,0.4884875838900582,0.6547044066660183,0.578943015018446,0.37049544626953845,0.34616049647443364,0.5065172157080448,-2.8192817631169373,2.486580303846317,-2.921841313157002,-2.3302840836398757,-3.215787996382892,1.7111958757000287,0.6547044066660183,0.4087221016286262,0.24598230503739205,0.578943015018446,0.4772776154022793,0.10166539961616672,0.37049544626953845,0.5934381908693291,0.2229427445997907,0.34616049647443364,0.49535246031437463,0.149191963839941,0.5065172157080448,0.5688816096548932,0.06236439394684845,763.0,0.35018382352941174,1510.0,0.6934742647058824,1759.0,0.8079044117647058,2013.0,0.9246323529411765,1982.0,0.9103860294117647,0.35018382352941174,WACC_0p1_WRT_0p9,0.7373161764705882,1279,False,,,False,False,False,False,False,214.0,0.9063829787234042
SPLL,RialtoBridgeTimelapse,1364,0.32,541,0.075,0.2990142093395401,0,200,31,3917,4,0.51,0.6018402182099238,0.5371878987698122,0.38152331702621195,0.4557584076874626,0.7435364876858956,0.863497275035618,-2.8192817631169373,2.486580303846317,-2.921841313157002,-2.3302840836398757,-3.215787996382892,1.7111958757000287,0.5371878987698122,0.40879941847725726,0.12838848029255495,0.38152331702621195,0.46254461623737825,0.0810212992111663,0.4557584076874626,0.5692424105011002,0.11348400281363763,0.7435364876858956,0.5484151860045453,0.19512130168135033,0.863497275035618,0.6311602115461635,0.2323370634894545,764.0,0.3506433823529412,1196.0,0.5491727941176471,1357.0,0.6231617647058824,2159.0,0.9917279411764706,2170.0,0.9967830882352942,0.3506433823529412,WACC_0p1_WRT_0p9,0.7022977941176471,1280,False,,,False,False,False,False,False,200.0,0.8468085106382979
SPLL,RialtoBridgeTimelapse,46,0.59,213,0.75,0.518860836823448,0,88,4610,1327,4,0.566,0.3164295717493006,0.39427493495133126,0.38018941866513545,0.2959557637973479,0.06555108643697027,0.1750750923326477,-2.8192817631169373,2.486580303846317,-2.921841313157002,-2.3302840836398757,-3.215787996382892,1.7111958757000287,0.39427493495133126,0.4627388999634013,0.06846396501207003,0.38018941866513545,0.4785579795466319,0.09836856088149643,0.2959557637973479,0.5644085860056842,0.26845282220833633,0.06555108643697027,0.36014580143185554,0.29459471499488527,0.1750750923326477,0.40591190196765103,0.23083680963500333,1782.0,0.8184742647058824,1540.0,0.7072610294117647,1281.0,0.5882352941176471,766.0,0.3515625,770.0,0.35340073529411764,0.3515625,WACC_0p7_WRT_0p3,0.5637867647058824,1281,False,,,False,False,False,False,False,88.0,0.3702127659574468
SPLL,RialtoBridgeTimelapse,969,0.6,191,0.775,0.5445246273066155,0,69,4717,1174,6,0.099,0.3000274403072598,0.3722731253211467,0.3623607355036014,0.28637883902329525,0.04689026490027451,0.15195166809239555,-2.8192817631169373,2.486580303846317,-2.921841313157002,-2.3302840836398757,-3.215787996382892,1.7111958757000287,0.3722731253211467,0.4981858566033253,0.1259127312821786,0.3623607355036014,0.4999366550691435,0.13757591956554205,0.28637883902329525,0.5902468059614288,0.3038679669381335,0.04689026490027451,0.368982187388123,0.32209192248784846,0.15195166809239555,0.4049935191790995,0.25304185108670396,2097.0,0.9632352941176471,1999.0,0.9181985294117647,1696.0,0.7789522058823529,830.0,0.38097426470588236,766.0,0.3515625,0.3515625,WACC_0p9_WRT_0p1,0.6785845588235293,1282,False,,,False,False,False,False,False,69.0,0.28936170212765955
SPLL,RialtoBridgeTimelapse,1485,0.51,224,0.5500000000000002,0.507002668073278,0,100,2777,2006,2,0.505,0.21180229192935005,0.36882362422718906,0.31195027009840665,0.1343514740116316,0.27555664667491236,0.37220241238553375,-2.8192817631169373,2.486580303846317,-2.921841313157002,-2.3302840836398757,-3.215787996382892,1.7111958757000287,0.36882362422718906,0.4090069249202497,0.04018330069306064,0.31195027009840665,0.43812422514110133,0.12617395504269469,0.1343514740116316,0.5396733571850904,0.40532188317345874,0.27555664667491236,0.4205162824849527,0.14495963581004034,0.37220241238553375,0.4855944100309471,0.11339199764541336,767.0,0.35202205882352944,836.0,0.3837316176470588,1038.0,0.4765625,1333.0,0.6121323529411765,1327.0,0.609375,0.35202205882352944,WACC_0p1_WRT_0p9,0.486764705882353,1283,False,,,False,False,False,False,False,100.0,0.42127659574468085
SPLL,RialtoBridgeTimelapse,1441,0.6,196,0.775,0.538442676996703,0,74,4910,1249,6,0.603,0.3080440975580365,0.3792616954902694,0.36958405420796603,0.2943533375902001,0.04522866996008958,0.1519603988801758,-2.8192817631169373,2.486580303846317,-2.921841313157002,-2.3302840836398757,-3.215787996382892,1.7111958757000287,0.3792616954902694,0.4795124334274316,0.10025073793716222,0.36958405420796603,0.4802850101567939,0.1107009559488279,0.2943533375902001,0.5558299825143337,0.2614766449241336,0.04522866996008958,0.36022968602647937,0.3150010160663898,0.1519603988801758,0.4060768055603144,0.2541164066801386,1981.0,0.9099264705882353,1572.0,0.7219669117647058,1180.0,0.5418198529411765,767.0,0.35202205882352944,772.0,0.35431985294117646,0.35202205882352944,WACC_0p7_WRT_0p3,0.5760110294117647,1284,False,,,False,False,False,False,False,74.0,0.31063829787234043
SPLL,RialtoBridgeTimelapse,648,0.6,390,0.775,0.3762697195456381,0,165,4526,1415,5,0.001,0.525484138952561,0.5693181652742678,0.5657046114743048,0.5102109152602048,0.08262695619243272,0.15370229195578056,-2.8192817631169373,2.486580303846317,-2.921841313157002,-2.3302840836398757,-3.215787996382892,1.7111958757000287,0.5693181652742678,0.49618678989000237,0.07313137538426545,0.5657046114743048,0.5099391755568452,0.05576543591745964,0.5102109152602048,0.5927202293880399,0.08250931412783513,0.08262695619243272,0.36633268851270956,0.28370573232027685,0.15370229195578056,0.40505801225936866,0.2513557203035881,2089.0,0.9595588235294118,2106.0,0.9673713235294118,1741.0,0.7996323529411765,804.0,0.36902573529411764,767.0,0.35202205882352944,0.35202205882352944,WACC_0p9_WRT_0p1,0.6895220588235295,1285,False,,,False,False,False,False,False,165.0,0.6978723404255319
SPLL,RialtoBridgeTimelapse,42,0.58,204,0.725,0.5290255197785925,0,83,1567,1604,1,0.161,0.28656303976107245,0.3761048933803561,0.3563928321318012,0.25936462679109135,0.09426911668763652,0.19863746434360854,-2.8192817631169373,2.486580303846317,-2.921841313157002,-2.3302840836398757,-3.215787996382892,1.7111958757000287,0.3761048933803561,0.41483909281326653,0.038734199432910454,0.3563928321318012,0.4311604835068413,0.0747676513750401,0.25936462679109135,0.5301294809555398,0.27076485416444845,0.09426911668763652,0.41044763842427834,0.31617852173664185,0.19863746434360854,0.46663487639318846,0.26799741204957994,870.0,0.3993566176470588,768.0,0.3524816176470588,981.0,0.45036764705882354,1198.0,0.5500919117647058,1176.0,0.5399816176470589,0.3524816176470588,WACC_0p3_WRT_0p7,0.4584558823529411,1286,False,,,False,False,False,False,False,83.0,0.34893617021276596
SPLL,RialtoBridgeTimelapse,1104,0.42,156,0.325,0.5921352108313891,0,45,190,1969,6,0.612,0.4635474223427079,0.2740357467182807,0.157586416090054,0.3994939943965946,0.5723740879538194,0.637226528268491,-2.8192817631169373,2.486580303846317,-2.921841313157002,-2.3302840836398757,-3.215787996382892,1.7111958757000287,0.2740357467182807,0.40923294639585045,0.13519719967756977,0.157586416090054,0.4584221025569195,0.30083568646686554,0.3994939943965946,0.5623629951704058,0.16286900077381117,0.5723740879538194,0.47030828396155927,0.10206580399226012,0.637226528268491,0.5487742980963375,0.08845223017215353,769.0,0.35294117647058826,1124.0,0.5160845588235294,1259.0,0.578125,1827.0,0.8391544117647058,1831.0,0.8409926470588235,0.35294117647058826,WACC_0p1_WRT_0p9,0.6254595588235293,1287,False,,,False,False,False,False,False,45.0,0.18723404255319148
SPLL,RialtoBridgeTimelapse,981,0.6,179,0.775,0.5597928174542224,0,60,4850,1431,8,0.378,0.2799578511688851,0.354786097618584,0.3442807263763488,0.2664071301972081,0.05107513115023512,0.15195608574390237,-2.8192817631169373,2.486580303846317,-2.921841313157002,-2.3302840836398757,-3.215787996382892,1.7111958757000287,0.354786097618584,0.4812253198364499,0.1264392222178659,0.3442807263763488,0.4963854361710787,0.1521047097947299,0.2664071301972081,0.5764450548972879,0.31003792470007985,0.05107513115023512,0.3740089771981257,0.3229338460478906,0.15195608574390237,0.4060499923758502,0.25409390663194786,1998.0,0.9177389705882353,1937.0,0.8897058823529411,1472.0,0.6760110294117647,859.0,0.3943014705882353,771.0,0.3538602941176471,0.3538602941176471,WACC_0p9_WRT_0p1,0.6463235294117647,1288,False,,,False,False,False,False,False,60.0,0.251063829787234
SPLL,RialtoBridgeTimelapse,1372,0.45,207,0.4000000000000001,0.5255885367494147,0,89,1167,3671,9,0.846,0.32905906469946555,0.33813198233948266,0.24516453871317884,0.24585688214024734,0.45339478517046683,0.5370230650044867,-2.8192817631169373,2.486580303846317,-2.921841313157002,-2.3302840836398757,-3.215787996382892,1.7111958757000287,0.33813198233948266,0.40928316955010297,0.0711511872106203,0.24516453871317884,0.473100328057239,0.22793578934406017,0.24585688214024734,0.5662170894827286,0.3203602073424813,0.45339478517046683,0.47343247256267723,0.0200376873922104,0.5370230650044867,0.5541132827253357,0.017090217720848955,771.0,0.3538602941176471,1410.0,0.6475183823529411,1308.0,0.6006433823529411,1854.0,0.8515625,1870.0,0.8589154411764706,0.3538602941176471,WACC_0p1_WRT_0p9,0.6625,1289,False,,,False,False,False,False,False,89.0,0.37446808510638296
SPLL,RialtoBridgeTimelapse,1921,0.45,850,0.4000000000000001,0.1922843876451253,0,217,3630,4513,9,0.787,0.5144972460789453,0.6770422740051122,0.6022456182904098,0.39666245798103006,0.3398066699254247,0.505537066174844,-2.8192817631169373,2.486580303846317,-2.921841313157002,-2.3302840836398757,-3.215787996382892,1.7111958757000287,0.6770422740051122,0.4093158868035237,0.2677263872015885,0.6022456182904098,0.4978539554216893,0.10439166286872048,0.39666245798103006,0.5985906537135361,0.2019281957325061,0.3398066699254247,0.4816828760868317,0.141876206161407,0.505537066174844,0.5545515252325707,0.04901445905772672,772.0,0.35431985294117646,1961.0,0.9007352941176471,1873.0,0.8602941176470589,1923.0,0.8832720588235294,1875.0,0.8612132352941176,0.35431985294117646,WACC_0p1_WRT_0p9,0.7719669117647059,1290,False,,,False,False,False,False,False,217.0,0.9191489361702128
SPLL,RialtoBridgeTimelapse,1511,0.43,207,0.3500000000000001,0.5255885367494147,0,91,222,1316,4,0.106,0.3911609415913946,0.3358498849208515,0.23078847345451636,0.3083573356205963,0.5123874458050508,0.5935228980237239,-2.8192817631169373,2.486580303846317,-2.921841313157002,-2.3302840836398757,-3.215787996382892,1.7111958757000287,0.3358498849208515,0.4179537034359072,0.08210381851505572,0.23078847345451636,0.43137605858041544,0.20058758512589908,0.3083573356205963,0.549852124498613,0.24149478887801668,0.5123874458050508,0.4440601604846623,0.06832728532038851,0.5935228980237239,0.5099022070122423,0.08362069101148162,916.0,0.42049632352941174,773.0,0.3547794117647059,1122.0,0.5151654411764706,1571.0,0.7215073529411765,1517.0,0.6966911764705882,0.3547794117647059,WACC_0p3_WRT_0p7,0.5417279411764706,1291,False,,,False,False,False,False,False,91.0,0.3829787234042553
SPLL,RialtoBridgeTimelapse,1728,0.59,312,0.75,0.4289086545798216,0,143,4816,1503,10,0.021,0.43539951436898966,0.49804572867676467,0.4874089140975897,0.4142493029877217,0.04105859525896725,0.17537867873492924,-2.8192817631169373,2.486580303846317,-2.921841313157002,-2.3302840836398757,-3.215787996382892,1.7111958757000287,0.49804572867676467,0.51043536447413,0.012389635797365295,0.4874089140975897,0.5167151355038814,0.029306221406291688,0.4142493029877217,0.5839677900310866,0.16971848704336484,0.04105859525896725,0.3670072888757504,0.32594869361678314,0.17537867873492924,0.40616756994276715,0.2307888912078379,2128.0,0.9774816176470589,2144.0,0.9848345588235294,1585.0,0.7279411764705882,811.0,0.37224264705882354,773.0,0.3547794117647059,0.3547794117647059,WACC_0p9_WRT_0p1,0.6834558823529412,1292,False,,,False,False,False,False,False,143.0,0.6042553191489362
SPLL,RialtoBridgeTimelapse,1107,0.43,757,0.3500000000000001,0.2196628961927192,0,216,886,4722,10,0.675,0.4522372672289018,0.6401021332733651,0.5530101543592314,0.3195643833820097,0.40235660140733287,0.5574666363731856,-2.8192817631169373,2.486580303846317,-2.921841313157002,-2.3302840836398757,-3.215787996382892,1.7111958757000287,0.6401021332733651,0.40934951793545604,0.23075261533790903,0.5530101543592314,0.4780930858544066,0.07491706850482482,0.3195643833820097,0.591776225726698,0.27221184234468826,0.40235660140733287,0.5182448961087964,0.11588829470146356,0.5574666363731856,0.5965132655598403,0.03904662918665469,773.0,0.3547794117647059,1530.0,0.7026654411764706,1721.0,0.7904411764705882,2109.0,0.96875,2109.0,0.96875,0.3547794117647059,WACC_0p1_WRT_0p9,0.7570772058823529,1293,False,,,False,False,False,False,False,216.0,0.9148936170212766
SPLL,RialtoBridgeTimelapse,306,0.58,238,0.725,0.4927222657384131,0,108,4285,1658,10,0.999,0.3336180495046802,0.41698907024720294,0.3987372498876518,0.30629143362146677,0.08412574127026491,0.19827982973663652,-2.8192817631169373,2.486580303846317,-2.921841313157002,-2.3302840836398757,-3.215787996382892,1.7111958757000287,0.41698907024720294,0.4374609818574941,0.02047191161029116,0.3987372498876518,0.4809514149197766,0.08221416503212481,0.30629143362146677,0.5523595598592744,0.24606812623780766,0.08412574127026491,0.36547103442784473,0.28134529315757983,0.19827982973663652,0.40687721504356666,0.20859738530693014,1314.0,0.6034007352941176,1584.0,0.7274816176470589,1149.0,0.5275735294117647,800.0,0.3671875,774.0,0.3552389705882353,0.3552389705882353,WACC_0p9_WRT_0p1,0.5161764705882353,1294,False,,,False,False,False,False,False,108.0,0.4553191489361702
SPLL,RialtoBridgeTimelapse,1410,0.54,264,0.6250000000000002,0.4682920637394966,0,124,4092,3000,6,0.809,0.3017918615096595,0.421129112410524,0.3826839880249664,0.2467388996255476,0.1820344490918612,0.29388321122430217,-2.8192817631169373,2.486580303846317,-2.921841313157002,-2.3302840836398757,-3.215787996382892,1.7111958757000287,0.421129112410524,0.4093526365446197,0.011776475865904301,0.3826839880249664,0.4611274386945243,0.07844345066955793,0.2467388996255476,0.5622161103592134,0.31547721073366575,0.1820344490918612,0.42011264860966696,0.23807819951780576,0.29388321122430217,0.46717964299707776,0.1732964317727756,774.0,0.3552389705882353,1175.0,0.5395220588235294,1256.0,0.5767463235294118,1324.0,0.6079963235294118,1183.0,0.5431985294117647,0.3552389705882353,WACC_0p1_WRT_0p9,0.5245404411764707,1295,False,,,False,False,False,False,False,124.0,0.5234042553191489
SPLL,RialtoBridgeTimelapse,2019,0.51,144,0.5500000000000002,0.6109457641941061,0,33,2343,947,3,0.084,0.19266846393006323,0.2649490694283667,0.20212374992837076,0.13276237005871125,0.31223228654246016,0.38365208932246797,-2.8192817631169373,2.486580303846317,-2.921841313157002,-2.3302840836398757,-3.215787996382892,1.7111958757000287,0.2649490694283667,0.4497224414117606,0.18477337198339389,0.20212374992837076,0.43156603575267943,0.22944228582430867,0.13276237005871125,0.5026736511578871,0.3699112810991758,0.31223228654246016,0.37755853859277533,0.06532625205031517,0.38365208932246797,0.45150813612286755,0.06785604680039958,1577.0,0.7242647058823529,775.0,0.3556985294117647,831.0,0.38143382352941174,896.0,0.41130514705882354,1056.0,0.48483455882352944,0.3556985294117647,WACC_0p3_WRT_0p7,0.47150735294117646,1296,False,,,False,False,False,False,False,33.0,0.13617021276595745
SPLL,RialtoBridgeTimelapse,49,0.6,194,0.775,0.5408567268970217,0,72,4853,1159,4,0.171,0.30486065389981326,0.3764862814981821,0.3667155581172568,0.29118683427069153,0.045887843983418435,0.15195624964381396,-2.8192817631169373,2.486580303846317,-2.921841313157002,-2.3302840836398757,-3.215787996382892,1.7111958757000287,0.3764862814981821,0.47949078670647743,0.10300450520829535,0.3667155581172568,0.47968241979222853,0.11296686167497172,0.29118683427069153,0.5645572055781274,0.27337037130743586,0.045887843983418435,0.37310376735370043,0.327215923370282,0.15195624964381396,0.40704772871231426,0.25509147906850027,1979.0,0.9090073529411765,1559.0,0.7159926470588235,1282.0,0.5886948529411765,852.0,0.39108455882352944,775.0,0.3556985294117647,0.3556985294117647,WACC_0p9_WRT_0p1,0.5920955882352942,1297,False,,,False,False,False,False,False,72.0,0.3021276595744681
SPLL,RialtoBridgeTimelapse,1971,0.57,221,0.7,0.5101782169264885,0,97,4785,2020,1,0.41,0.2947452884315923,0.39107910401076174,0.36686977077435895,0.26064405217780434,0.11502924727157263,0.2221662694768953,-2.8192817631169373,2.486580303846317,-2.921841313157002,-2.3302840836398757,-3.215787996382892,1.7111958757000287,0.39107910401076174,0.4161641527663887,0.02508504875562695,0.36686977077435895,0.43175185349892237,0.06488208272456342,0.26064405217780434,0.5419054305292953,0.28126137835149095,0.11502924727157263,0.3842117988782246,0.26918255160665194,0.2221662694768953,0.44569122475520884,0.22352495527831354,893.0,0.4099264705882353,776.0,0.3561580882352941,1056.0,0.48483455882352944,949.0,0.43566176470588236,1021.0,0.46875,0.3561580882352941,WACC_0p3_WRT_0p7,0.4310661764705882,1298,False,,,False,False,False,False,False,97.0,0.4085106382978723
SPLL,RialtoBridgeTimelapse,766,0.46,278,0.4250000000000001,0.4561127284060119,0,135,835,2523,6,0.69,0.2605712125928161,0.40740060021765867,0.32471390875915707,0.156295274744146,0.3982387322688256,0.49971171443994744,-2.8192817631169373,2.486580303846317,-2.921841313157002,-2.3302840836398757,-3.215787996382892,1.7111958757000287,0.40740060021765867,0.4095299235893038,0.00212932337164512,0.32471390875915707,0.469484159396121,0.14477025063696392,0.156295274744146,0.5734840031884948,0.4171887284443488,0.3982387322688256,0.4301219538634376,0.03188322159461199,0.49971171443994744,0.506396520310204,0.006684805870256549,776.0,0.3561580882352941,1342.0,0.6162683823529411,1433.0,0.6580882352941176,1426.0,0.6548713235294118,1482.0,0.6806066176470589,0.3561580882352941,WACC_0p1_WRT_0p9,0.5931985294117647,1299,False,,,False,False,False,False,False,135.0,0.5702127659574469
SPLL,RialtoBridgeTimelapse,28,0.47,184,0.45,0.5533109095892781,0,69,2577,2350,2,0.436,0.2831041359146534,0.3143596758185612,0.2315076462234292,0.2074774736989797,0.4059634226905373,0.4856785127292038,-2.8192817631169373,2.486580303846317,-2.921841313157002,-2.3302840836398757,-3.215787996382892,1.7111958757000287,0.3143596758185612,0.40963656966271456,0.09527689384415333,0.2315076462234292,0.4424206404241434,0.21091299420071422,0.2074774736989797,0.5572476857281853,0.34977021202920555,0.4059634226905373,0.44598021562962886,0.04001679293909155,0.4856785127292038,0.5077829504191702,0.022104437689966394,777.0,0.35661764705882354,895.0,0.4108455882352941,1193.0,0.5477941176470589,1597.0,0.7334558823529411,1494.0,0.6861213235294118,0.35661764705882354,WACC_0p1_WRT_0p9,0.5469669117647059,1300,False,,,False,False,False,False,False,69.0,0.28936170212765955
SPLL,RialtoBridgeTimelapse,809,0.31,130,0.05,0.6349667260665464,0,25,3,1701,3,0.087,0.8572640430706492,0.23742578367217504,0.1213319610027107,0.8025819601220465,0.943093931108282,0.9871349784440718,-2.8192817631169373,2.486580303846317,-2.921841313157002,-2.3302840836398757,-3.215787996382892,1.7111958757000287,0.23742578367217504,0.4128110863743825,0.17538530270220748,0.1213319610027107,0.4317776290315,0.3104456680287893,0.8025819601220465,0.554794137823048,0.24778782229899854,0.943093931108282,0.4938690131623636,0.4492249179459184,0.9871349784440718,0.5719494111228681,0.4151855673212037,839.0,0.3851102941176471,777.0,0.35661764705882354,1167.0,0.5358455882352942,2001.0,0.9191176470588235,2001.0,0.9191176470588235,0.35661764705882354,WACC_0p3_WRT_0p7,0.6231617647058824,1301,False,,,False,False,False,False,False,25.0,0.10212765957446808
SPLL,RialtoBridgeTimelapse,1211,0.46,96,0.4250000000000001,0.7060542342204019,0,14,206,1030,9,0.719,0.40925266742754457,0.17370471070886512,0.0725149036660703,0.3764816436084284,0.5056172350043163,0.5495086446634536,-2.8192817631169373,2.486580303846317,-2.921841313157002,-2.3302840836398757,-3.215787996382892,1.7111958757000287,0.17370471070886512,0.41667402670939463,0.2429693160005295,0.0725149036660703,0.4318230224589782,0.3593081187929079,0.3764816436084284,0.5209798581161136,0.14449821450768519,0.5056172350043163,0.4078498141281544,0.09776742087616191,0.5495086446634536,0.4819788141464238,0.06752983051702982,902.0,0.4140625,778.0,0.3570772058823529,933.0,0.42830882352941174,1177.0,0.5404411764705882,1292.0,0.5932904411764706,0.3570772058823529,WACC_0p3_WRT_0p7,0.4666360294117647,1302,False,,,False,False,False,False,False,14.0,0.05531914893617021
SPLL,RialtoBridgeTimelapse,819,0.59,171,0.75,0.5705480712116793,0,54,3079,1034,5,0.044,0.24923420798301194,0.33585483174785374,0.31970629395501543,0.22897566536950964,0.07993062679281117,0.17547543432527618,-2.8192817631169373,2.486580303846317,-2.921841313157002,-2.3302840836398757,-3.215787996382892,1.7111958757000287,0.33585483174785374,0.4699325863461877,0.13407775459833393,0.31970629395501543,0.4702762970863998,0.15057000313138436,0.22897566536950964,0.5492736310126412,0.3202979656431315,0.07993062679281117,0.3624839313508919,0.28255330455808075,0.17547543432527618,0.4202972842063841,0.24482184988110794,1866.0,0.8570772058823529,1357.0,0.6231617647058824,1115.0,0.5119485294117647,779.0,0.35753676470588236,856.0,0.3929227941176471,0.35753676470588236,WACC_0p7_WRT_0p3,0.5485294117647059,1303,False,,,False,False,False,False,False,54.0,0.225531914893617
SPLL,RialtoBridgeTimelapse,674,0.59,153,0.75,0.5966994971796171,0,38,4186,1453,9,0.795,0.2156330135408612,0.3067189292446241,0.28949213506049803,0.19541457537753928,0.08734224415243126,0.17590719607039465,-2.8192817631169373,2.486580303846317,-2.921841313157002,-2.3302840836398757,-3.215787996382892,1.7111958757000287,0.3067189292446241,0.47114658976920204,0.16442766052457797,0.28949213506049803,0.49611296151125867,0.20662082645076063,0.19541457537753928,0.563483719341804,0.3680691439642647,0.08734224415243126,0.36766687524456826,0.280324631092137,0.17590719607039465,0.40826838643211666,0.232361190361722,1885.0,0.8658088235294118,1932.0,0.8874080882352942,1268.0,0.5822610294117647,818.0,0.37545955882352944,779.0,0.35753676470588236,0.35753676470588236,WACC_0p9_WRT_0p1,0.6136948529411765,1304,False,,,False,False,False,False,False,38.0,0.1574468085106383
SPLL,RialtoBridgeTimelapse,1584,0.4,261,0.2750000000000001,0.4709855444942608,0,127,643,3842,3,0.532,0.4528067480984738,0.3840015695353693,0.26462620117864144,0.35481398684120236,0.5784264037540077,0.6684888464463257,-2.8192817631169373,2.486580303846317,-2.921841313157002,-2.3302840836398757,-3.215787996382892,1.7111958757000287,0.3840015695353693,0.40974138684539213,0.02573981731002284,0.26462620117864144,0.466800692699792,0.20217449152115058,0.35481398684120236,0.5954624415848219,0.2406484547436195,0.5784264037540077,0.4927215488104318,0.08570485494357588,0.6684888464463257,0.5701667803200007,0.09832206612632499,779.0,0.35753676470588236,1284.0,0.5896139705882353,1802.0,0.8276654411764706,1993.0,0.9154411764705882,1991.0,0.9145220588235294,0.35753676470588236,WACC_0p1_WRT_0p9,0.7209558823529412,1305,False,,,False,False,False,False,False,127.0,0.5361702127659574
SPLL,RialtoBridgeTimelapse,964,0.48,546,0.475,0.2968417896897769,0,191,4703,4785,4,0.586,0.42790874144116464,0.578244318011055,0.5149958991395656,0.330925014491852,0.2909868248738363,0.43551285569746095,-2.8192817631169373,2.486580303846317,-2.921841313157002,-2.3302840836398757,-3.215787996382892,1.7111958757000287,0.578244318011055,0.40984153991276273,0.1684027780982923,0.5149958991395656,0.49184201631439245,0.02315388282517311,0.330925014491852,0.6003077229505833,0.2693827084587313,0.2909868248738363,0.47145175244269394,0.18046492756885762,0.43551285569746095,0.544615400007994,0.10910254431053307,780.0,0.35799632352941174,1847.0,0.8483455882352942,1899.0,0.8722426470588235,1841.0,0.8455882352941176,1782.0,0.8184742647058824,0.35799632352941174,WACC_0p1_WRT_0p9,0.7485294117647059,1306,False,,,False,False,False,False,False,191.0,0.8085106382978723
SPLL,RialtoBridgeTimelapse,1704,0.6,186,0.775,0.5507670696226381,0,64,3881,1206,5,0.235,0.2918121766551109,0.3651134418015972,0.35495926565715313,0.27820500872244985,0.048598818063698035,0.1519487889815791,-2.8192817631169373,2.486580303846317,-2.921841313157002,-2.3302840836398757,-3.215787996382892,1.7111958757000287,0.3651134418015972,0.4675760549408856,0.1024626131392884,0.35495926565715313,0.4773941223691834,0.12243485671203025,0.27820500872244985,0.5779878036886688,0.2997827949662189,0.048598818063698035,0.36773584271169707,0.31913702464799903,0.1519487889815791,0.40878259416953816,0.25683380518795906,1851.0,0.8501838235294118,1514.0,0.6953125,1492.0,0.6852022058823529,820.0,0.37637867647058826,781.0,0.3584558823529412,0.3584558823529412,WACC_0p9_WRT_0p1,0.5931066176470587,1307,False,,,False,False,False,False,False,64.0,0.2680851063829787
SPLL,RialtoBridgeTimelapse,90,0.59,226,0.75,0.5049090717776001,0,98,4814,1496,10,0.402,0.33472675970462173,0.4102108148802072,0.3966700319584317,0.31416968166154996,0.06171626675126893,0.17505060896036434,-2.8192817631169373,2.486580303846317,-2.921841313157002,-2.3302840836398757,-3.215787996382892,1.7111958757000287,0.4102108148802072,0.496555179417763,0.08634436453755578,0.3966700319584317,0.5002090885145499,0.10353905655611823,0.31416968166154996,0.5901852636571012,0.27601558199555126,0.06171626675126893,0.3691517190568847,0.30743545230561575,0.17505060896036434,0.4088158681634686,0.23376525920310426,2093.0,0.9613970588235294,2008.0,0.9223345588235294,1692.0,0.7771139705882353,831.0,0.38143382352941174,782.0,0.35891544117647056,0.35891544117647056,WACC_0p9_WRT_0p1,0.6802389705882353,1308,False,,,False,False,False,False,False,98.0,0.4127659574468085
SPLL,RialtoBridgeTimelapse,1988,0.55,106,0.6500000000000002,0.6828420183957336,0,10,2737,1110,4,0.703,0.11030597167281275,0.20194771855867116,0.15818569702878713,0.0702816971513376,0.22419791485631893,0.28399198924065777,-2.8192817631169373,2.486580303846317,-2.921841313157002,-2.3302840836398757,-3.215787996382892,1.7111958757000287,0.20194771855867116,0.4214170419548082,0.21946932339613706,0.15818569702878713,0.43241195821453543,0.27422626118574833,0.0702816971513376,0.5095537359120447,0.4392720387607071,0.22419791485631893,0.36715514104289504,0.1429572261865761,0.28399198924065777,0.4272803890062003,0.14328839976554253,970.0,0.4453125,783.0,0.359375,880.0,0.4039522058823529,814.0,0.37362132352941174,893.0,0.4099264705882353,0.359375,WACC_0p3_WRT_0p7,0.39843749999999994,1309,False,,,False,False,False,False,False,10.0,0.03829787234042553
SPLL,RialtoBridgeTimelapse,1629,0.59,173,0.75,0.5678130715313164,0,56,4221,1381,9,0.682,0.25276464874772386,0.3389194841187647,0.3228821987616704,0.23249893989634812,0.07916156151248588,0.1754401927310803,-2.8192817631169373,2.486580303846317,-2.921841313157002,-2.3302840836398757,-3.215787996382892,1.7111958757000287,0.3389194841187647,0.48056861309306387,0.14164912897429915,0.3228821987616704,0.5006818166051274,0.17779961784345705,0.23249893989634812,0.5690636918622197,0.3365647519658716,0.07916156151248588,0.363309217085572,0.28414765557308613,0.1754401927310803,0.4122575719905795,0.2368173792594992,1991.0,0.9145220588235294,2018.0,0.9269301470588235,1355.0,0.6222426470588235,783.0,0.359375,806.0,0.36994485294117646,0.359375,WACC_0p7_WRT_0p3,0.6386029411764705,1310,False,,,False,False,False,False,False,56.0,0.23404255319148937
SPLL,RialtoBridgeTimelapse,1594,0.45,671,0.4000000000000001,0.2481524316671235,0,210,3588,4492,7,0.753,0.44524797729540927,0.6176417727930211,0.5402325719397466,0.32693055025381823,0.35693191917642336,0.5083650809443169,-2.8192817631169373,2.486580303846317,-2.921841313157002,-2.3302840836398757,-3.215787996382892,1.7111958757000287,0.6176417727930211,0.41020800424056103,0.2074337685524601,0.5402325719397466,0.4941964757526771,0.0460360961870695,0.32693055025381823,0.5966978652557609,0.2697673150019426,0.35693191917642336,0.47322555756102325,0.11629363838459988,0.5083650809443169,0.5558182862781377,0.0474532053338208,784.0,0.35983455882352944,1895.0,0.8704044117647058,1828.0,0.8396139705882353,1853.0,0.8511029411764706,1880.0,0.8635110294117647,0.35983455882352944,WACC_0p1_WRT_0p9,0.7568933823529411,1311,False,,,False,False,False,False,False,210.0,0.8893617021276595
SPLL,RialtoBridgeTimelapse,1046,0.6,170,0.775,0.571927520236409,0,52,3917,1103,2,0.351,0.2640664156922133,0.3409492849449189,0.3299685168347115,0.2505847055027338,0.05441657883340705,0.1519887015389755,-2.8192817631169373,2.486580303846317,-2.921841313157002,-2.3302840836398757,-3.215787996382892,1.7111958757000287,0.3409492849449189,0.4482643639554027,0.10731507901048382,0.3299685168347115,0.45429265679355507,0.12432413995884356,0.2505847055027338,0.5347948843821525,0.2842101788794187,0.05441657883340705,0.3634424965831395,0.3090259177497324,0.1519887015389755,0.4102898906822705,0.25830118914329503,1547.0,0.7104779411764706,1057.0,0.4852941176470588,1008.0,0.46277573529411764,785.0,0.3602941176470588,791.0,0.3630514705882353,0.3602941176470588,WACC_0p7_WRT_0p3,0.47637867647058824,1312,False,,,False,False,False,False,False,52.0,0.2170212765957447
SPLL,RialtoBridgeTimelapse,1906,0.44,503,0.3750000000000001,0.316210771195675,0,191,3314,4185,8,0.8,0.34842753000540994,0.5434149652710746,0.4570227435951302,0.22171611242903974,0.40614483406133794,0.5387855296001122,-2.8192817631169373,2.486580303846317,-2.921841313157002,-2.3302840836398757,-3.215787996382892,1.7111958757000287,0.5434149652710746,0.41036828438259937,0.1330466808884752,0.4570227435951302,0.49702039525832487,0.03999765166319469,0.22171611242903974,0.6014563154404543,0.37974020301141453,0.40614483406133794,0.4691444727527859,0.06299963869144798,0.5387855296001122,0.5414118637609332,0.002626334160821031,785.0,0.3602941176470588,1950.0,0.8956801470588235,1923.0,0.8832720588235294,1819.0,0.8354779411764706,1768.0,0.8120404411764706,0.3602941176470588,WACC_0p1_WRT_0p9,0.7573529411764706,1313,False,,,False,False,False,False,False,191.0,0.8085106382978723
SPLL,RialtoBridgeTimelapse,1030,0.49,164,0.5000000000000001,0.580377519822145,0,51,4237,3640,2,0.607,0.23687104319191973,0.2913000085689702,0.21858539713645064,0.16860098623223638,0.3583720289041609,0.43434394244389946,-2.8192817631169373,2.486580303846317,-2.921841313157002,-2.3302840836398757,-3.215787996382892,1.7111958757000287,0.2913000085689702,0.4103825697246312,0.11908256115566102,0.21858539713645064,0.4505590984260196,0.23197370128956896,0.16860098623223638,0.5868445082582942,0.41824352202605775,0.3583720289041609,0.43652424923039784,0.07815222032623692,0.43434394244389946,0.5047097665933742,0.07036582414947473,786.0,0.36075367647058826,1009.0,0.4632352941176471,1631.0,0.7490808823529411,1495.0,0.6865808823529411,1470.0,0.6750919117647058,0.36075367647058826,WACC_0p1_WRT_0p9,0.5869485294117647,1314,False,,,False,False,False,False,False,51.0,0.2127659574468085
SPLL,RialtoBridgeTimelapse,1002,0.45,493,0.4000000000000001,0.3209519085783712,0,190,1016,3851,9,0.803,0.3561759843803328,0.5416328849468469,0.4606246096021259,0.23689210744320155,0.3800908274607683,0.5131877520430156,-2.8192817631169373,2.486580303846317,-2.921841313157002,-2.3302840836398757,-3.215787996382892,1.7111958757000287,0.5416328849468469,0.41042623298739866,0.13120665195944825,0.4606246096021259,0.48035331939771736,0.019728709795591437,0.23689210744320155,0.5738097280134974,0.33691762057029584,0.3800908274607683,0.4872111466332493,0.10712031917248105,0.5131877520430156,0.5645760123996542,0.05138826035663857,787.0,0.36121323529411764,1575.0,0.7233455882352942,1436.0,0.6594669117647058,1963.0,0.9016544117647058,1961.0,0.9007352941176471,0.36121323529411764,WACC_0p1_WRT_0p9,0.7092830882352941,1315,False,,,False,False,False,False,False,190.0,0.8042553191489362
SPLL,RialtoBridgeTimelapse,1541,0.6,169,0.775,0.5733150599175052,0,51,4870,1124,2,0.033,0.26225279152766917,0.33937073536729295,0.32833535639454686,0.24877844203434568,0.05479961112610422,0.15199419036112355,-2.8192817631169373,2.486580303846317,-2.921841313157002,-2.3302840836398757,-3.215787996382892,1.7111958757000287,0.33937073536729295,0.48488189300800977,0.14551115764071682,0.32833535639454686,0.46721891473756366,0.1388835583430168,0.24877844203434568,0.5462181007557825,0.2974396587214368,0.05479961112610422,0.363880871716245,0.3090812605901408,0.15199419036112355,0.4157309220882928,0.26373673172716927,2028.0,0.9315257352941176,1293.0,0.59375,1083.0,0.49724264705882354,788.0,0.3616727941176471,830.0,0.38097426470588236,0.3616727941176471,WACC_0p7_WRT_0p3,0.5530330882352941,1316,False,,,False,False,False,False,False,51.0,0.2127659574468085
SPLL,RialtoBridgeTimelapse,1632,0.5,340,0.5250000000000001,0.4086390912453828,0,155,1040,3132,10,0.894,0.3180739624487862,0.46770149555921653,0.4101735951171518,0.234609803152646,0.27138556849919154,0.3910196715251938,-2.8192817631169373,2.486580303846317,-2.921841313157002,-2.3302840836398757,-3.215787996382892,1.7111958757000287,0.46770149555921653,0.41043987234290497,0.057261623216311563,0.4101735951171518,0.4709337055158095,0.060760110398657696,0.234609803152646,0.5474912509443861,0.3128814477917401,0.27138556849919154,0.453088748802056,0.18170318030286448,0.3910196715251938,0.5117950843053573,0.12077541278016346,788.0,0.3616727941176471,1372.0,0.6300551470588235,1095.0,0.5027573529411765,1653.0,0.7591911764705882,1541.0,0.7077205882352942,0.3616727941176471,WACC_0p1_WRT_0p9,0.592279411764706,1317,False,,,False,False,False,False,False,155.0,0.6553191489361702
SPLL,RialtoBridgeTimelapse,287,0.57,136,0.7,0.6243720525544902,0,26,1657,1884,10,0.999,0.15105600406233294,0.26722139543036977,0.23795613411518388,0.11648188291560631,0.1488330957626703,0.2262219921458973,-2.8192817631169373,2.486580303846317,-2.921841313157002,-2.3302840836398757,-3.215787996382892,1.7111958757000287,0.26722139543036977,0.41056217762803116,0.1433407821976614,0.23795613411518388,0.45396120204445833,0.21600506792927446,0.11648188291560631,0.5397819661056247,0.4233000831900184,0.1488330957626703,0.39887358652426097,0.2500404907615907,0.2262219921458973,0.4539539922549787,0.22773200010908137,791.0,0.3630514705882353,1051.0,0.48253676470588236,1039.0,0.47702205882352944,1087.0,0.4990808823529412,1080.0,0.4958639705882353,0.3630514705882353,WACC_0p1_WRT_0p9,0.4635110294117647,1318,False,,,False,False,False,False,False,26.0,0.10638297872340426
SPLL,RialtoBridgeTimelapse,606,0.62,342,0.8250000000000001,0.407255608721016,0,149,1639,844,2,0.001,0.5243662288515907,0.5535308481037973,0.5588328585610518,0.5220575459641335,0.11102077480605956,0.10927024125780059,-2.8192817631169373,2.486580303846317,-2.921841313157002,-2.3302840836398757,-3.215787996382892,1.7111958757000287,0.5535308481037973,0.45893807240545165,0.09459277569834562,0.5588328585610518,0.43977199746785584,0.11906086109319597,0.5220575459641335,0.49370053052299095,0.028357015441142497,0.11102077480605956,0.37261717801675415,0.2615964032106946,0.10927024125780059,0.42310820794190607,0.31383796668410546,1724.0,0.7918198529411765,855.0,0.39246323529411764,791.0,0.3630514705882353,848.0,0.38924632352941174,867.0,0.39797794117647056,0.3630514705882353,WACC_0p5_WRT_0p5,0.46691176470588236,1319,False,,,False,False,False,False,False,149.0,0.6297872340425532
SPLL,RialtoBridgeTimelapse,1937,0.55,140,0.6500000000000002,0.6175636736939851,0,29,2528,852,7,0.025,0.13187391428747144,0.2674819355076073,0.22739586737998788,0.08254373757815314,0.20144420195865478,0.27714045560501566,-2.8192817631169373,2.486580303846317,-2.921841313157002,-2.3302840836398757,-3.215787996382892,1.7111958757000287,0.2674819355076073,0.48538023777513783,0.21789830226753054,0.22739586737998788,0.455282954605185,0.2278870872251971,0.08254373757815314,0.5092932137314894,0.42674947615333625,0.20144420195865478,0.36469066813340584,0.16324646617475105,0.27714045560501566,0.41326912419287043,0.13612866858785477,2031.0,0.9329044117647058,1074.0,0.4931066176470588,878.0,0.4030330882352941,791.0,0.3630514705882353,814.0,0.37362132352941174,0.3630514705882353,WACC_0p7_WRT_0p3,0.5131433823529412,1320,False,,,False,False,False,False,False,29.0,0.11914893617021277
SPLL,RialtoBridgeTimelapse,1170,0.47,244,0.45,0.4868564734072778,0,114,712,2597,9,0.833,0.24681896490367522,0.37907001467224133,0.3003820094147375,0.15136847174826867,0.3808971005223031,0.47640103194758665,-2.8192817631169373,2.486580303846317,-2.921841313157002,-2.3302840836398757,-3.215787996382892,1.7111958757000287,0.37907001467224133,0.41065995435724806,0.03158993968500673,0.3003820094147375,0.4675066434308951,0.16712463401615757,0.15136847174826867,0.5602372696313638,0.4088687978830951,0.3808971005223031,0.4362013716786612,0.05530427115635811,0.47640103194758665,0.5148061583912668,0.038405126443680104,792.0,0.3635110294117647,1298.0,0.5960477941176471,1231.0,0.5652573529411765,1487.0,0.6829044117647058,1561.0,0.7169117647058824,0.3635110294117647,WACC_0p1_WRT_0p9,0.5849264705882353,1321,False,,,False,False,False,False,False,114.0,0.4808510638297872
SPLL,RialtoBridgeTimelapse,1479,0.35,191,0.15,0.5445246273066155,0,75,41,1479,6,0.207,0.6588044402684903,0.31467015725726627,0.15800629084823367,0.5812253753496631,0.7649480142828267,0.8327745227153898,-2.8192817631169373,2.486580303846317,-2.921841313157002,-2.3302840836398757,-3.215787996382892,1.7111958757000287,0.31467015725726627,0.4144453839746347,0.09977522671736844,0.15800629084823367,0.43381480638429326,0.27580851553605956,0.5812253753496631,0.558070712494236,0.02315466285542711,0.7649480142828267,0.48040479034940065,0.284543223933426,0.8327745227153898,0.5479122522695345,0.2848622704458552,865.0,0.39705882352941174,792.0,0.3635110294117647,1205.0,0.5533088235294118,1914.0,0.8791360294117647,1816.0,0.8340992647058824,0.3635110294117647,WACC_0p3_WRT_0p7,0.6054227941176471,1322,False,,,False,False,False,False,False,75.0,0.3148936170212766
SPLL,RialtoBridgeTimelapse,282,0.59,291,0.75,0.4453386323214809,0,135,3725,1232,10,0.001,0.41350482409766987,0.47892432493159665,0.46766726236844425,0.39249999998373386,0.04549764827379218,0.17525113181565247,-2.8192817631169373,2.486580303846317,-2.921841313157002,-2.3302840836398757,-3.215787996382892,1.7111958757000287,0.47892432493159665,0.5370048770128485,0.058080552081251846,0.46766726236844425,0.537067169106143,0.0693999067376988,0.39249999998373386,0.5847155910128247,0.1922155910290908,0.04549764827379218,0.36476353207831663,0.3192658838045245,0.17525113181565247,0.4140533558737367,0.23880222405808424,2162.0,0.9931066176470589,2169.0,0.9963235294117647,1591.0,0.7306985294117647,793.0,0.3639705882352941,817.0,0.375,0.3639705882352941,WACC_0p7_WRT_0p3,0.6918198529411764,1323,False,,,False,False,False,False,False,135.0,0.5702127659574469
SPLL,RialtoBridgeTimelapse,1312,0.46,446,0.4250000000000001,0.3446039327854949,0,180,1671,4667,1,0.248,0.3410399109892805,0.5204201647864514,0.4438121398599157,0.22884980813390401,0.36026662171355045,0.48912205234766704,-2.8192817631169373,2.486580303846317,-2.921841313157002,-2.3302840836398757,-3.215787996382892,1.7111958757000287,0.5204201647864514,0.41067807070000817,0.1097420940864432,0.4438121398599157,0.47072029101616353,0.02690815115624784,0.22884980813390401,0.6014204113195992,0.37257060318569524,0.36026662171355045,0.48435409576725336,0.1240874740537029,0.48912205234766704,0.5667079905157014,0.07758593816803439,793.0,0.3639705882352941,1366.0,0.6272977941176471,1922.0,0.8828125,1943.0,0.8924632352941176,1972.0,0.9057904411764706,0.3639705882352941,WACC_0p1_WRT_0p9,0.7344669117647059,1324,False,,,False,False,False,False,False,180.0,0.7617021276595745
SPLL,RialtoBridgeTimelapse,2134,0.53,282,0.6000000000000002,0.4527450581943214,0,136,4268,2848,10,0.962,0.3064807725104879,0.433252441469288,0.3900902808963178,0.24437324154322537,0.20407552636195622,0.3179914845520419,-2.8192817631169373,2.486580303846317,-2.921841313157002,-2.3302840836398757,-3.215787996382892,1.7111958757000287,0.433252441469288,0.41070503052730967,0.02254741094197832,0.3900902808963178,0.4794943164315214,0.0894040355352036,0.24437324154322537,0.5639732746396854,0.31960003309646,0.20407552636195622,0.41179008226933383,0.2077145559073776,0.3179914845520419,0.4494876091487285,0.13149612459668658,794.0,0.36443014705882354,1554.0,0.7136948529411765,1278.0,0.5868566176470589,1213.0,0.5569852941176471,1041.0,0.47794117647058826,0.36443014705882354,WACC_0p1_WRT_0p9,0.5399816176470589,1325,False,,,False,False,False,False,False,136.0,0.574468085106383
SPLL,RialtoBridgeTimelapse,1431,0.46,196,0.4250000000000001,0.538442676996703,0,79,625,2290,1,0.112,0.30550383190166963,0.32719947001317096,0.239359551415785,0.22579747691457952,0.4292685883378088,0.5111743242821275,-2.8192817631169373,2.486580303846317,-2.921841313157002,-2.3302840836398757,-3.215787996382892,1.7111958757000287,0.32719947001317096,0.4148057271330777,0.08760625711990672,0.239359551415785,0.43387481034832764,0.19451525893254265,0.22579747691457952,0.547611763336925,0.32181428642234544,0.4292685883378088,0.4444086214518731,0.01514003311406431,0.5111743242821275,0.5270045741776003,0.01583024989547277,868.0,0.3984375,794.0,0.36443014705882354,1096.0,0.5032169117647058,1576.0,0.7238051470588235,1664.0,0.7642463235294118,0.36443014705882354,WACC_0p3_WRT_0p7,0.5508272058823529,1326,False,,,False,False,False,False,False,79.0,0.33191489361702126
SPLL,RialtoBridgeTimelapse,1034,0.39,259,0.2500000000000001,0.4727983873684702,0,127,2294,3299,8,0.744,0.4852032885016025,0.3813885783492837,0.25576932014376413,0.3878581703755312,0.6089899347484993,0.6974302611395066,-2.8192817631169373,2.486580303846317,-2.921841313157002,-2.3302840836398757,-3.215787996382892,1.7111958757000287,0.3813885783492837,0.4107437451041878,0.029355166754904127,0.25576932014376413,0.47757800651002014,0.221808686366256,0.3878581703755312,0.581042556475925,0.19318438610039373,0.6089899347484993,0.47185225353705507,0.1371376812114442,0.6974302611395066,0.5458976545633315,0.15153260657617507,795.0,0.3648897058823529,1519.0,0.6976102941176471,1536.0,0.7054227941176471,1843.0,0.8465073529411765,1795.0,0.8244485294117647,0.3648897058823529,WACC_0p1_WRT_0p9,0.6877757352941177,1327,False,,,False,False,False,False,False,127.0,0.5361702127659574
SPLL,RialtoBridgeTimelapse,992,0.59,125,0.75,0.6441731343402461,0,17,3376,1217,4,0.479,0.15542762294716087,0.2546943822659948,0.2354268123548498,0.1351234882257186,0.1011378745051983,0.177221010751916,-2.8192817631169373,2.486580303846317,-2.921841313157002,-2.3302840836398757,-3.215787996382892,1.7111958757000287,0.2546943822659948,0.45553452361004143,0.20084014134404665,0.2354268123548498,0.4664516727828574,0.23102486042800757,0.1351234882257186,0.5667553734646565,0.4316318852389379,0.1011378745051983,0.36503837977063086,0.2639005052654326,0.177221010751916,0.41956401626409046,0.24234300551217444,1679.0,0.7711397058823529,1276.0,0.5859375,1316.0,0.6043198529411765,796.0,0.36534926470588236,851.0,0.390625,0.36534926470588236,WACC_0p7_WRT_0p3,0.5434742647058823,1328,False,,,False,False,False,False,False,17.0,0.06808510638297872
SPLL,RialtoBridgeTimelapse,1335,0.44,207,0.3750000000000001,0.5255885367494147,0,90,379,2049,7,0.702,0.3600167902813423,0.33691302251015653,0.23792047234638683,0.2770384403266608,0.48279050291711456,0.5651577168337701,-2.8192817631169373,2.486580303846317,-2.921841313157002,-2.3302840836398757,-3.215787996382892,1.7111958757000287,0.33691302251015653,0.4107577258570837,0.07384470334692717,0.23792047234638683,0.4587199011414809,0.2207994287950941,0.2770384403266608,0.5584294517840569,0.2813910114573961,0.48279050291711456,0.46065868008388494,0.02213182283322962,0.5651577168337701,0.5349213051976606,0.030236411636109572,796.0,0.36534926470588236,1127.0,0.5174632352941176,1211.0,0.5560661764705882,1727.0,0.7931985294117647,1720.0,0.7899816176470589,0.36534926470588236,WACC_0p1_WRT_0p9,0.6044117647058824,1329,False,,,False,False,False,False,False,90.0,0.37872340425531914
SPLL,RialtoBridgeTimelapse,654,0.58,260,0.725,0.4718902294875823,0,120,5000,2044,10,0.999,0.36081658509249387,0.4406568957178357,0.4232272926687153,0.3333842597569961,0.07836617587334355,0.19818147803043118,-2.8192817631169373,2.486580303846317,-2.921841313157002,-2.3302840836398757,-3.215787996382892,1.7111958757000287,0.4406568957178357,0.4255968421439615,0.015060053573874188,0.4232272926687153,0.4713211597522863,0.048093867083570996,0.3333842597569961,0.5478381893996165,0.2144539296426204,0.07836617587334355,0.37645032212977386,0.2980841462564303,0.19818147803043118,0.41122702182803894,0.21304554379760776,1048.0,0.4811580882352941,1378.0,0.6328125,1098.0,0.5041360294117647,880.0,0.4039522058823529,797.0,0.36580882352941174,0.36580882352941174,WACC_0p9_WRT_0p1,0.4775735294117647,1330,False,,,False,False,False,False,False,120.0,0.5063829787234042
SPLL,RialtoBridgeTimelapse,928,0.35,643,0.15,0.2582209655303316,0,209,2312,4856,9,0.602,0.4867422946764193,0.5805707070402364,0.44552776520918996,0.3278188080813304,0.6400096134805011,0.7734448108009564,-2.8192817631169373,2.486580303846317,-2.921841313157002,-2.3302840836398757,-3.215787996382892,1.7111958757000287,0.5805707070402364,0.4107875339064495,0.16978317313378688,0.44552776520918996,0.48385322201078346,0.038325456801593494,0.3278188080813304,0.5884823843022567,0.26066357622092634,0.6400096134805011,0.5178258128695489,0.12218380061095224,0.7734448108009564,0.5994269337196538,0.17401787708130256,797.0,0.36580882352941174,1658.0,0.7614889705882353,1660.0,0.7624080882352942,2107.0,0.9678308823529411,2119.0,0.9733455882352942,0.36580882352941174,WACC_0p1_WRT_0p9,0.7661764705882353,1331,False,,,False,False,False,False,False,209.0,0.8851063829787233
SPLL,RialtoBridgeTimelapse,1780,0.58,254,0.725,0.4773922178737712,0,118,3522,1394,5,0.741,0.35361997577813786,0.434392213260647,0.4167464344092885,0.32621761796325904,0.0798835925479298,0.19820065345978594,-2.8192817631169373,2.486580303846317,-2.921841313157002,-2.3302840836398757,-3.215787996382892,1.7111958757000287,0.434392213260647,0.4371880290713885,0.0027958158107415088,0.4167464344092885,0.4723312779501778,0.05558484354088933,0.32621761796325904,0.5436264728782852,0.2174088549150262,0.0798835925479298,0.36542546566055834,0.2855418731126285,0.19820065345978594,0.41153815944097333,0.2133375059811874,1306.0,0.5997242647058824,1393.0,0.6397058823529411,1070.0,0.4912683823529412,798.0,0.3662683823529412,800.0,0.3671875,0.3662683823529412,WACC_0p7_WRT_0p3,0.49283088235294115,1332,False,,,False,False,False,False,False,118.0,0.4978723404255319
SPLL,RialtoBridgeTimelapse,1313,0.59,234,0.75,0.4967151847844891,0,105,4872,1458,8,0.642,0.345501518200759,0.41959974580714243,0.40637691084584154,0.3248913033175593,0.05947146234504493,0.17505025277891878,-2.8192817631169373,2.486580303846317,-2.921841313157002,-2.3302840836398757,-3.215787996382892,1.7111958757000287,0.41959974580714243,0.47451837610907194,0.054918630301929505,0.40637691084584154,0.4962697392975567,0.08989282845171515,0.3248913033175593,0.5721532466661113,0.24726194334855206,0.05947146234504493,0.37647167265575615,0.31700021031071124,0.17505025277891878,0.4112287641170773,0.23617851133815854,1929.0,0.8860294117647058,1935.0,0.8887867647058824,1407.0,0.6461397058823529,881.0,0.40441176470588236,798.0,0.3662683823529412,0.3662683823529412,WACC_0p9_WRT_0p1,0.6383272058823529,1333,False,,,False,False,False,False,False,105.0,0.4425531914893617
SPLL,RialtoBridgeTimelapse,1180,0.42,780,0.325,0.2125912569365428,0,217,982,4848,7,0.467,0.4470692063145362,0.6439807232118965,0.5516727632875745,0.3070890295782946,0.42743771313186496,0.5826084087605634,-2.8192817631169373,2.486580303846317,-2.921841313157002,-2.3302840836398757,-3.215787996382892,1.7111958757000287,0.6439807232118965,0.4107899942099066,0.2331907290019899,0.5516727632875745,0.4816378533369363,0.07003490995063821,0.3070890295782946,0.5938984736138645,0.2868094440355699,0.42743771313186496,0.5020593062021518,0.07462159307028682,0.5826084087605634,0.5828126146729897,0.00020420591242631403,798.0,0.3662683823529412,1599.0,0.734375,1770.0,0.8129595588235294,2042.0,0.9379595588235294,2053.0,0.9430147058823529,0.3662683823529412,WACC_0p1_WRT_0p9,0.7589154411764706,1334,False,,,False,False,False,False,False,217.0,0.9191489361702128
SPLL,RialtoBridgeTimelapse,570,0.58,164,0.725,0.580377519822145,0,49,1774,1756,10,0.999,0.22084274067764262,0.31917530814248357,0.2973198087262764,0.19367282696023905,0.10892892260195658,0.19965317325002255,-2.8192817631169373,2.486580303846317,-2.921841313157002,-2.3302840836398757,-3.215787996382892,1.7111958757000287,0.31917530814248357,0.4108497039562319,0.09167439581374831,0.2973198087262764,0.4558451714692497,0.1585253627429733,0.19367282696023905,0.5412780361020095,0.3476052091417705,0.10892892260195658,0.3881527770430624,0.2792238544411058,0.19965317325002255,0.44584898713303434,0.2461958138830118,799.0,0.36672794117647056,1083.0,0.49724264705882354,1052.0,0.48299632352941174,987.0,0.453125,1023.0,0.4696691176470588,0.36672794117647056,WACC_0p1_WRT_0p9,0.4539522058823529,1335,False,,,False,False,False,False,False,49.0,0.20425531914893616
SPLL,RialtoBridgeTimelapse,1207,0.59,240,0.75,0.4907507973506212,0,108,1413,1233,4,0.005,0.3533574868768169,0.42644734390188516,0.4134550902375933,0.33270673767150793,0.05784062181362781,0.17505613654497915,-2.8192817631169373,2.486580303846317,-2.921841313157002,-2.3302840836398757,-3.215787996382892,1.7111958757000287,0.42644734390188516,0.4751369546031473,0.048689610701262154,0.4134550902375933,0.462110404017643,0.04865531378004967,0.33270673767150793,0.530952495137439,0.1982457574659311,0.05784062181362781,0.36545333569968186,0.30761271388605405,0.17505613654497915,0.43519305756729454,0.2601369210223154,1939.0,0.890625,1191.0,0.546875,985.0,0.4522058823529412,799.0,0.36672794117647056,948.0,0.4352022058823529,0.36672794117647056,WACC_0p7_WRT_0p3,0.5383272058823529,1336,False,,,False,False,False,False,False,108.0,0.4553191489361702
SPLL,RialtoBridgeTimelapse,675,0.32,474,0.075,0.3302305424174171,0,189,116,4876,4,0.323,0.6200503034051174,0.5078666036615921,0.34996781722810416,0.4829422499274027,0.756584222360311,0.8693345331622782,-2.8192817631169373,2.486580303846317,-2.921841313157002,-2.3302840836398757,-3.215787996382892,1.7111958757000287,0.5078666036615921,0.41085169409725264,0.09701490956433945,0.34996781722810416,0.46939392652023076,0.1194261092921266,0.4829422499274027,0.5785245983326645,0.09558234840526175,0.756584222360311,0.5330727673377932,0.2235114550225178,0.8693345331622782,0.6159438687433973,0.2533906644188808,800.0,0.3671875,1340.0,0.6153492647058824,1501.0,0.6893382352941176,2141.0,0.9834558823529411,2153.0,0.9889705882352942,0.3671875,WACC_0p1_WRT_0p9,0.7288602941176471,1337,False,,,False,False,False,False,False,189.0,0.8
SPLL,RialtoBridgeTimelapse,303,0.59,355,0.75,0.3984549576547569,0,155,4308,1573,10,0.001,0.47615027864975834,0.5336566923952659,0.5241610720950217,0.4547103228380474,0.04779761405522918,0.17568172046332592,-2.8192817631169373,2.486580303846317,-2.921841313157002,-2.3302840836398757,-3.215787996382892,1.7111958757000287,0.5336566923952659,0.5322039052530105,0.001452787142255385,0.5241610720950217,0.5452888199593817,0.021127747864360003,0.4547103228380474,0.5956818651140873,0.14097154227603986,0.04779761405522918,0.3657181341616668,0.3179205201064376,0.17568172046332592,0.4156143194202448,0.23993259895691887,2160.0,0.9921875,2173.0,0.9981617647058824,1805.0,0.8290441176470589,801.0,0.36764705882352944,828.0,0.38005514705882354,0.36764705882352944,WACC_0p7_WRT_0p3,0.7134191176470588,1338,False,,,False,False,False,False,False,155.0,0.6553191489361702
SPLL,RialtoBridgeTimelapse,965,0.59,82,0.75,0.7429292418341684,0,4,4144,1914,2,0.649,0.034150734593132816,0.15108377597558623,0.12698829384118546,0.012635632329362163,0.13232668631812505,0.18342765991073184,-2.8192817631169373,2.486580303846317,-2.921841313157002,-2.3302840836398757,-3.215787996382892,1.7111958757000287,0.15108377597558623,0.4109740872578065,0.2598903112822203,0.12698829384118546,0.4377962776768,0.3108079838356146,0.012635632329362163,0.5256981087524344,0.5130624764230722,0.13232668631812505,0.3898019799814607,0.25747529366333566,0.18342765991073184,0.4444868774316694,0.2610592175209376,802.0,0.3681066176470588,833.0,0.38235294117647056,958.0,0.4397977941176471,1001.0,0.45955882352941174,1009.0,0.4632352941176471,0.3681066176470588,WACC_0p1_WRT_0p9,0.4226102941176471,1339,False,,,False,False,False,False,False,4.0,0.01276595744680851
SPLL,RialtoBridgeTimelapse,1130,0.58,302,0.725,0.4365903306405303,0,140,3676,1438,10,0.551,0.40719991046551385,0.4810686564133218,0.4650112852157865,0.3795439460248841,0.06868599979670025,0.198162441159306,-2.8192817631169373,2.486580303846317,-2.921841313157002,-2.3302840836398757,-3.215787996382892,1.7111958757000287,0.4810686564133218,0.4823278122245665,0.0012591558112446943,0.4650112852157865,0.4985654959193668,0.03355421070358028,0.3795439460248841,0.5884226607583926,0.20887871473350844,0.06868599979670025,0.38195788045170825,0.313271880655008,0.198162441159306,0.4120880894930732,0.21392564833376718,2007.0,0.921875,1973.0,0.90625,1655.0,0.7601102941176471,936.0,0.4296875,803.0,0.36856617647058826,0.36856617647058826,WACC_0p9_WRT_0p1,0.6772977941176471,1340,False,,,False,False,False,False,False,140.0,0.5914893617021276
SPLL,RialtoBridgeTimelapse,2009,0.56,143,0.6750000000000003,0.612582966835167,0,31,2708,1013,8,0.88,0.15154696994796776,0.2758885916714458,0.24166046364108984,0.10976237060119881,0.17232692115642292,0.2509359456165806,-2.8192817631169373,2.486580303846317,-2.921841313157002,-2.3302840836398757,-3.215787996382892,1.7111958757000287,0.2758885916714458,0.43041826010258166,0.15452966843113586,0.24166046364108984,0.4483885213384149,0.20672805769732505,0.10976237060119881,0.5051995518411694,0.39543718123997057,0.17232692115642292,0.37131304744168536,0.19898612628526244,0.2509359456165806,0.4120972188970631,0.16116127328048246,1157.0,0.53125,981.0,0.45036764705882354,848.0,0.38924632352941174,841.0,0.3860294117647059,804.0,0.36902573529411764,0.36902573529411764,WACC_0p9_WRT_0p1,0.42518382352941175,1341,False,,,False,False,False,False,False,31.0,0.1276595744680851
SPLL,RialtoBridgeTimelapse,317,0.59,183,0.75,0.5545931611698236,0,62,4565,1519,1,0.001,0.26987079111304624,0.35377685503461814,0.33827371535113565,0.2495632506647695,0.07545845949445136,0.1752938094003545,-2.8192817631169373,2.486580303846317,-2.921841313157002,-2.3302840836398757,-3.215787996382892,1.7111958757000287,0.35377685503461814,0.47359402918709026,0.11981717415247212,0.33827371535113565,0.470353096613298,0.13207938126216234,0.2495632506647695,0.5580394641877217,0.3084762135229522,0.07545845949445136,0.3772116757986015,0.30175321630415014,0.1752938094003545,0.41214880591705483,0.23685499651670033,1916.0,0.8800551470588235,1360.0,0.6245404411764706,1202.0,0.5519301470588235,891.0,0.40900735294117646,805.0,0.3694852941176471,0.3694852941176471,WACC_0p9_WRT_0p1,0.5670036764705882,1342,False,,,False,False,False,False,False,62.0,0.25957446808510637
SPLL,RialtoBridgeTimelapse,2142,0.55,84,0.6500000000000002,0.7372962414897908,0,5,2902,1285,3,0.451,0.14066726187485576,0.14954067901062704,0.1022148227987065,0.11669291944435055,0.24542988423438425,0.2924059966298135,-2.8192817631169373,2.486580303846317,-2.921841313157002,-2.3302840836398757,-3.215787996382892,1.7111958757000287,0.14954067901062704,0.43278881434554034,0.28324813533491333,0.1022148227987065,0.435004012690943,0.3327891898922365,0.11669291944435055,0.5365992733563532,0.4199063539120026,0.24542988423438425,0.3926103955837188,0.14718051134933455,0.2924059966298135,0.4413924503179041,0.1489864536880906,1215.0,0.5579044117647058,806.0,0.36994485294117646,1021.0,0.46875,1020.0,0.46829044117647056,983.0,0.45128676470588236,0.36994485294117646,WACC_0p3_WRT_0p7,0.463235294117647,1343,False,,,False,False,False,False,False,5.0,0.01702127659574468
SPLL,RialtoBridgeTimelapse,1560,0.32,982,0.075,0.1581710078022791,0,223,186,4413,6,0.42,0.5235276795726934,0.6729403241697414,0.5264417553807285,0.3358693241319717,0.6888571693724015,0.8420103047356323,-2.8192817631169373,2.486580303846317,-2.921841313157002,-2.3302840836398757,-3.215787996382892,1.7111958757000287,0.6729403241697414,0.4111114458426535,0.26182887832708784,0.5264417553807285,0.47971046401065,0.046731291370078476,0.3358693241319717,0.5802602377754443,0.24439091364347265,0.6888571693724015,0.5301168577544094,0.15874031161799207,0.8420103047356323,0.6200296182143055,0.22198068652132685,806.0,0.36994485294117646,1560.0,0.7164522058823529,1528.0,0.7017463235294118,2135.0,0.9806985294117647,2161.0,0.9926470588235294,0.36994485294117646,WACC_0p1_WRT_0p9,0.752297794117647,1344,False,,,False,False,False,False,False,223.0,0.9446808510638298
SPLL,RialtoBridgeTimelapse,1165,0.31,184,0.05,0.5533109095892781,0,71,40,2686,3,0.307,0.7963820045151943,0.30698296950985793,0.12364720719857246,0.7204993825480492,0.8952471704037993,0.9569560798132811,-2.8192817631169373,2.486580303846317,-2.921841313157002,-2.3302840836398757,-3.215787996382892,1.7111958757000287,0.30698296950985793,0.411129208376732,0.10414623886687407,0.12364720719857246,0.44813697587692825,0.32448976867835577,0.7204993825480492,0.5592105232330922,0.16128885931495707,0.8952471704037993,0.5189575192743492,0.3762896511294501,0.9569560798132811,0.5833914211887478,0.37356465862453336,807.0,0.3704044117647059,978.0,0.4489889705882353,1221.0,0.5606617647058824,2113.0,0.9705882352941176,2056.0,0.9443933823529411,0.3704044117647059,WACC_0p1_WRT_0p9,0.6590073529411764,1345,False,,,False,False,False,False,False,71.0,0.2978723404255319
SPLL,RialtoBridgeTimelapse,886,0.57,210,0.7,0.5222007723553289,0,88,1048,1171,5,0.001,0.2793658654905517,0.3777580207829832,0.35304637210445716,0.2452702522244838,0.11846326144619072,0.22240754597027007,-2.8192817631169373,2.486580303846317,-2.921841313157002,-2.3302840836398757,-3.215787996382892,1.7111958757000287,0.3777580207829832,0.4652176418256956,0.08745962104271238,0.35304637210445716,0.46180454092883244,0.10875816882437528,0.2452702522244838,0.5234233870011608,0.27815313477667697,0.11846326144619072,0.36693196545222323,0.2484687040060325,0.22240754597027007,0.4316225559318058,0.20921500996153575,1814.0,0.8331801470588235,1187.0,0.5450367647058824,942.0,0.43244485294117646,808.0,0.3708639705882353,924.0,0.4241727941176471,0.3708639705882353,WACC_0p7_WRT_0p3,0.521139705882353,1346,False,,,False,False,False,False,False,88.0,0.3702127659574468
SPLL,RialtoBridgeTimelapse,293,0.58,168,0.725,0.5747107857207654,0,53,4405,1840,7,0.978,0.22804220351623405,0.32539987145421834,0.30378636984369795,0.2008795809237285,0.10728889639898728,0.1995062022844314,-2.8192817631169373,2.486580303846317,-2.921841313157002,-2.3302840836398757,-3.215787996382892,1.7111958757000287,0.32539987145421834,0.41173983246873774,0.0863399610145194,0.30378636984369795,0.4726404893366935,0.16885411949299556,0.2008795809237285,0.5285732793943109,0.3276936984705824,0.10728889639898728,0.3675513881718661,0.26026249177287886,0.1995062022844314,0.4124840731786103,0.2129778708941789,818.0,0.37545955882352944,1397.0,0.6415441176470589,974.0,0.44715073529411764,816.0,0.37454044117647056,809.0,0.3713235294117647,0.3713235294117647,WACC_0p9_WRT_0p1,0.44200367647058825,1347,False,,,False,False,False,False,False,53.0,0.22127659574468084
SPLL,RialtoBridgeTimelapse,1418,0.47,629,0.45,0.2634206218147303,0,203,4603,4590,3,0.582,0.45498872323985523,0.6096449639906395,0.5424815111073641,0.3510445909520965,0.3076932317855337,0.45891892759626113,-2.8192817631169373,2.486580303846317,-2.921841313157002,-2.3302840836398757,-3.215787996382892,1.7111958757000287,0.6096449639906395,0.41125194163719464,0.19839302235344486,0.5424815111073641,0.4811254635939496,0.0613560475134145,0.3510445909520965,0.6005828769692113,0.2495382860171148,0.3076932317855337,0.46653001155910817,0.15883677977357447,0.45891892759626113,0.5322351545529926,0.07331622695673151,809.0,0.3713235294117647,1587.0,0.7288602941176471,1903.0,0.8740808823529411,1791.0,0.8226102941176471,1697.0,0.7794117647058824,0.3713235294117647,WACC_0p1_WRT_0p9,0.7152573529411764,1348,False,,,False,False,False,False,False,203.0,0.8595744680851064
SPLL,RialtoBridgeTimelapse,942,0.55,159,0.6500000000000002,0.5876573199694053,0,45,1173,1543,6,0.829,0.16819853024883688,0.29837825452066,0.25982094976193737,0.11935084783550007,0.19171045628326486,0.274870741139891,-2.8192817631169373,2.486580303846317,-2.921841313157002,-2.3302840836398757,-3.215787996382892,1.7111958757000287,0.29837825452066,0.4113122197747775,0.11293396525411747,0.25982094976193737,0.4574254051258818,0.19760445536394444,0.11935084783550007,0.5276243762727836,0.4082735284372835,0.19171045628326486,0.3824086320440031,0.19069817576073825,0.274870741139891,0.4475527857743166,0.1726820446344256,810.0,0.3717830882352941,1106.0,0.5078125,973.0,0.44669117647058826,940.0,0.43152573529411764,1033.0,0.4742647058823529,0.3717830882352941,WACC_0p1_WRT_0p9,0.4464154411764706,1349,False,,,False,False,False,False,False,45.0,0.18723404255319148
SPLL,RialtoBridgeTimelapse,1734,0.58,172,0.725,0.5691766190378111,0,56,1170,1213,10,0.782,0.23508644238903997,0.33149335555734555,0.310114746100704,0.2079282194888948,0.10569318068262817,0.19937177483557528,-2.8192817631169373,2.486580303846317,-2.921841313157002,-2.3302840836398757,-3.215787996382892,1.7111958757000287,0.33149335555734555,0.4553571832469811,0.12386382768963555,0.310114746100704,0.4703100022063519,0.1601952561056479,0.2079282194888948,0.5368702349850045,0.3289420154961097,0.10569318068262817,0.37276897962627603,0.26707579894364786,0.19937177483557528,0.41294491638260283,0.21357314154702756,1676.0,0.7697610294117647,1359.0,0.6240808823529411,1023.0,0.4696691176470588,850.0,0.39016544117647056,811.0,0.37224264705882354,0.37224264705882354,WACC_0p9_WRT_0p1,0.5251838235294117,1350,False,,,False,False,False,False,False,56.0,0.23404255319148937
SPLL,RialtoBridgeTimelapse,709,0.42,232,0.325,0.4987372042515428,0,109,420,2417,4,0.564,0.4066496541923543,0.3600144918995336,0.2508040834932166,0.3162998018245252,0.530770033686512,0.6168771524207577,-2.8192817631169373,2.486580303846317,-2.921841313157002,-2.3302840836398757,-3.215787996382892,1.7111958757000287,0.3600144918995336,0.4113530624890188,0.05133857058948521,0.2508040834932166,0.4630466504503739,0.21224256695715732,0.3162998018245252,0.5866106125950472,0.270310810770522,0.530770033686512,0.450840839835751,0.07992919385076097,0.6168771524207577,0.5302215258859879,0.08665562653476977,811.0,0.37224264705882354,1204.0,0.5528492647058824,1626.0,0.7467830882352942,1632.0,0.7495404411764706,1686.0,0.7743566176470589,0.37224264705882354,WACC_0p1_WRT_0p9,0.6391544117647059,1351,False,,,False,False,False,False,False,109.0,0.4595744680851064
SPLL,RialtoBridgeTimelapse,1438,0.43,421,0.3500000000000001,0.3582195907830433,0,179,3018,4768,2,0.391,0.29896063415143265,0.4981715935803134,0.40378740705374133,0.16643606482412945,0.44838159964749186,0.5691599430027946,-2.8192817631169373,2.486580303846317,-2.921841313157002,-2.3302840836398757,-3.215787996382892,1.7111958757000287,0.4981715935803134,0.4113661318094014,0.08680546177091197,0.40378740705374133,0.47715326164970834,0.073365854595967,0.16643606482412945,0.6084494401487702,0.4420133753246408,0.44838159964749186,0.4835065101554098,0.03512491050791794,0.5691599430027946,0.5662922255959331,0.0028677174068615363,812.0,0.3727022058823529,1507.0,0.6920955882352942,2015.0,0.9255514705882353,1938.0,0.8901654411764706,1971.0,0.9053308823529411,0.3727022058823529,WACC_0p1_WRT_0p9,0.7571691176470589,1352,False,,,False,False,False,False,False,179.0,0.7574468085106383
SPLL,RialtoBridgeTimelapse,924,0.59,135,0.75,0.6261052092984497,0,23,1733,1422,9,0.965,0.17821268330692802,0.27435174908703763,0.2558756163702985,0.15796863289714896,0.09582632169530186,0.17662898116945952,-2.8192817631169373,2.486580303846317,-2.921841313157002,-2.3302840836398757,-3.215787996382892,1.7111958757000287,0.27435174908703763,0.4147470329777364,0.14039528389069877,0.2558756163702985,0.4497464259021111,0.19387080953181263,0.15796863289714896,0.5182396855754672,0.3602710526783182,0.09582632169530186,0.36703755121826415,0.2712112295229623,0.17662898116945952,0.4281454668644075,0.251516485694948,866.0,0.3975183823529412,999.0,0.4586397058823529,920.0,0.42233455882352944,813.0,0.37316176470588236,902.0,0.4140625,0.37316176470588236,WACC_0p7_WRT_0p3,0.41314338235294124,1353,False,,,False,False,False,False,False,23.0,0.09361702127659574
SPLL,RialtoBridgeTimelapse,715,0.55,237,0.6500000000000002,0.4937141952312432,0,109,4941,3054,1,0.427,0.2847863456773687,0.3984168488260867,0.36423860724089485,0.2367231259584245,0.16297045794110065,0.27020587330705403,-2.8192817631169373,2.486580303846317,-2.921841313157002,-2.3302840836398757,-3.215787996382892,1.7111958757000287,0.3984168488260867,0.4113705127718725,0.012953663945785787,0.36423860724089485,0.44103625929586326,0.07679765205496841,0.2367231259584245,0.5660502375297651,0.32932711157134065,0.16297045794110065,0.412060428014768,0.24908997007366734,0.27020587330705403,0.46540232346701826,0.19519645015996423,813.0,0.37316176470588236,878.0,0.4030330882352941,1302.0,0.5978860294117647,1218.0,0.5592830882352942,1166.0,0.5353860294117647,0.37316176470588236,WACC_0p1_WRT_0p9,0.49375,1354,False,,,False,False,False,False,False,109.0,0.4595744680851064
SPLL,RialtoBridgeTimelapse,635,0.58,193,0.725,0.5420730526481163,0,73,4918,1854,10,0.999,0.2697663884903305,0.3615335528998218,0.3412866044396734,0.24259398132865148,0.09795455006864427,0.19883286555749574,-2.8192817631169373,2.486580303846317,-2.921841313157002,-2.3302840836398757,-3.215787996382892,1.7111958757000287,0.3615335528998218,0.42708453462450685,0.06555098172468504,0.3412866044396734,0.47269405276695503,0.13140744832728163,0.24259398132865148,0.5517919340844097,0.30919795275575823,0.09795455006864427,0.38452465736324626,0.286570107294602,0.19883286555749574,0.41319706036917053,0.2143641948116748,1084.0,0.4977022058823529,1401.0,0.6433823529411765,1144.0,0.5252757352941176,954.0,0.43795955882352944,813.0,0.37316176470588236,0.37316176470588236,WACC_0p9_WRT_0p1,0.49549632352941175,1355,False,,,False,False,False,False,False,73.0,0.30638297872340425
SPLL,RialtoBridgeTimelapse,1719,0.49,424,0.5000000000000001,0.3565437289642751,0,174,4768,4149,4,0.682,0.368201833719335,0.5188405426819027,0.4582862010861955,0.2779655235761089,0.28230184723308666,0.4133898091838134,-2.8192817631169373,2.486580303846317,-2.921841313157002,-2.3302840836398757,-3.215787996382892,1.7111958757000287,0.5188405426819027,0.4113964939372768,0.10744404874462593,0.4582862010861955,0.48568615398456416,0.027399952898368662,0.2779655235761089,0.5961441896783267,0.31817866610221784,0.28230184723308666,0.4536011753015808,0.17129932806849413,0.4133898091838134,0.5176333410928405,0.10424353190902713,814.0,0.37362132352941174,1706.0,0.7835477941176471,1815.0,0.8336397058823529,1659.0,0.7619485294117647,1588.0,0.7293198529411765,0.37362132352941174,WACC_0p1_WRT_0p9,0.6964154411764707,1356,False,,,False,False,False,False,False,174.0,0.7361702127659574
SPLL,RialtoBridgeTimelapse,645,0.59,254,0.75,0.4773922178737712,0,117,4937,1233,3,0.001,0.37099095194677184,0.4418233238688266,0.42934506874998957,0.3502440597968753,0.05419693698970836,0.1750870344885783,-2.8192817631169373,2.486580303846317,-2.921841313157002,-2.3302840836398757,-3.215787996382892,1.7111958757000287,0.4418233238688266,0.49360660341179635,0.05178327954296974,0.42934506874998957,0.48215429529351517,0.0528092265435256,0.3502440597968753,0.5610232420271486,0.2107791822302733,0.05419693698970836,0.36726659853395277,0.3130696615442444,0.1750870344885783,0.41566237675709433,0.24057534226851604,2081.0,0.9558823529411765,1610.0,0.7394301470588235,1243.0,0.5707720588235294,815.0,0.3740808823529412,829.0,0.3805147058823529,0.3740808823529412,WACC_0p7_WRT_0p3,0.6041360294117647,1357,False,,,False,False,False,False,False,117.0,0.49361702127659574
SPLL,RialtoBridgeTimelapse,739,0.47,663,0.45,0.2509856971173118,0,206,4857,4887,9,0.652,0.47049150088290087,0.6229705329971127,0.5563752592002572,0.36663124767136107,0.30393853486517947,0.45836868918473506,-2.8192817631169373,2.486580303846317,-2.921841313157002,-2.3302840836398757,-3.215787996382892,1.7111958757000287,0.6229705329971127,0.41157809594053324,0.21139243705657945,0.5563752592002572,0.48177359804196346,0.07460166115829375,0.36663124767136107,0.5968715681540968,0.23024032048273574,0.30393853486517947,0.4711649101712366,0.1672263753060571,0.45836868918473506,0.5520207579248847,0.09365206874014964,815.0,0.3740808823529412,1601.0,0.7352941176470589,1836.0,0.8432904411764706,1836.0,0.8432904411764706,1856.0,0.8524816176470589,0.3740808823529412,WACC_0p1_WRT_0p9,0.7296875,1358,False,,,False,False,False,False,False,206.0,0.8723404255319149
SPLL,RialtoBridgeTimelapse,1185,0.59,276,0.75,0.4578147129947271,0,130,3906,1375,8,0.459,0.39692464362398683,0.4644504767608018,0.45271996967457834,0.37602448670005617,0.048876983666699465,0.17517316255637022,-2.8192817631169373,2.486580303846317,-2.921841313157002,-2.3302840836398757,-3.215787996382892,1.7111958757000287,0.4644504767608018,0.48212306005801575,0.01767258329721394,0.45271996967457834,0.48558684497097526,0.032866875296396925,0.37602448670005617,0.5707636053761256,0.1947391186760694,0.048876983666699465,0.3759528266177785,0.32707584295107905,0.17517316255637022,0.41417715635048596,0.23900399379411574,2004.0,0.9204963235294118,1701.0,0.78125,1379.0,0.6332720588235294,876.0,0.4021139705882353,819.0,0.3759191176470588,0.3759191176470588,WACC_0p9_WRT_0p1,0.6226102941176471,1359,False,,,False,False,False,False,False,130.0,0.548936170212766
SPLL,RialtoBridgeTimelapse,1393,0.59,206,0.75,0.526728658654641,0,84,4417,1385,6,0.348,0.3061395055258544,0.3853175659064048,0.3709228406989878,0.28570838713921887,0.06772128552653774,0.17510305707604304,-2.8192817631169373,2.486580303846317,-2.921841313157002,-2.3302840836398757,-3.215787996382892,1.7111958757000287,0.3853175659064048,0.4753561944590062,0.09003862855260136,0.3709228406989878,0.49541828448308395,0.12449544378409616,0.28570838713921887,0.5843555753407342,0.29864718820151537,0.06772128552653774,0.36769737116690276,0.29997608564036504,0.17510305707604304,0.41704098249535104,0.241937925419308,1943.0,0.8924632352941176,1916.0,0.8800551470588235,1587.0,0.7288602941176471,819.0,0.3759191176470588,839.0,0.3851102941176471,0.3759191176470588,WACC_0p7_WRT_0p3,0.6524816176470589,1360,False,,,False,False,False,False,False,84.0,0.35319148936170214
SPLL,RialtoBridgeTimelapse,243,0.6,195,0.775,0.5396466227882225,0,73,1514,1012,5,0.416,0.30645619612494696,0.3778772822415288,0.3681532339551142,0.29277391834729605,0.045557360006095796,0.15195821832211587,-2.8192817631169373,2.486580303846317,-2.921841313157002,-2.3302840836398757,-3.215787996382892,1.7111958757000287,0.3778772822415288,0.45469843997518666,0.07682115773365789,0.3681532339551142,0.4512177311217017,0.08306449716658754,0.29277391834729605,0.5299927206197818,0.2372188022724857,0.045557360006095796,0.3759935807254789,0.3304362207193831,0.15195821832211587,0.4142056570348276,0.2622474387127117,1661.0,0.7628676470588235,1019.0,0.4678308823529412,980.0,0.4499080882352941,877.0,0.4025735294117647,820.0,0.37637867647058826,0.37637867647058826,WACC_0p9_WRT_0p1,0.4919117647058823,1361,False,,,False,False,False,False,False,73.0,0.30638297872340425
SPLL,RialtoBridgeTimelapse,1841,0.45,506,0.4000000000000001,0.3148067621047455,0,191,1140,4824,2,0.279,0.3636415472369344,0.5479836117695741,0.4672890459570472,0.2444561285414525,0.3780926239163305,0.5127236918904093,-2.8192817631169373,2.486580303846317,-2.921841313157002,-2.3302840836398757,-3.215787996382892,1.7111958757000287,0.5479836117695741,0.41194874906803997,0.13603486270153414,0.4672890459570472,0.4754100438731776,0.008120997916130412,0.2444561285414525,0.6060062951299177,0.36155016658846517,0.3780926239163305,0.4796135464340196,0.10152092251768913,0.5127236918904093,0.5719571244263645,0.059233432535955144,820.0,0.37637867647058826,1469.0,0.6746323529411765,1981.0,0.9099264705882353,1908.0,0.8763786764705882,2002.0,0.9195772058823529,0.37637867647058826,WACC_0p1_WRT_0p9,0.7513786764705882,1362,False,,,False,False,False,False,False,191.0,0.8085106382978723
SPLL,RialtoBridgeTimelapse,990,0.58,222,0.725,0.5091149574402929,0,97,1909,1497,4,0.717,0.312314188639217,0.3984683408472434,0.3795618539453351,0.28505495416249693,0.08868752118684697,0.1984097285779814,-2.8192817631169373,2.486580303846317,-2.921841313157002,-2.3302840836398757,-3.215787996382892,1.7111958757000287,0.3984683408472434,0.42116222289686706,0.022693882049623637,0.3795618539453351,0.4368139035149328,0.05725204956959773,0.28505495416249693,0.5200873861418852,0.23503243197938828,0.08868752118684697,0.3959727592312701,0.30728523804442315,0.1984097285779814,0.4572118366368476,0.2588021080588662,964.0,0.44255514705882354,822.0,0.3772977941176471,929.0,0.4264705882352941,1055.0,0.484375,1107.0,0.5082720588235294,0.3772977941176471,WACC_0p3_WRT_0p7,0.4477941176470589,1363,False,,,False,False,False,False,False,97.0,0.4085106382978723
SPLL,RialtoBridgeTimelapse,646,0.59,218,0.75,0.5133969718500324,0,94,1683,1501,1,0.001,0.3235877021315228,0.4005080450840264,0.3866363866124848,0.3030824039192027,0.06404729243719012,0.1750617897628217,-2.8192817631169373,2.486580303846317,-2.921841313157002,-2.3302840836398757,-3.215787996382892,1.7111958757000287,0.4005080450840264,0.43971747232563674,0.03920942724161036,0.3866363866124848,0.4369981144712751,0.05036172785879034,0.3030824039192027,0.5420006907611313,0.23891828684192862,0.06404729243719012,0.4013823970054521,0.337335104568262,0.1750617897628217,0.4635774833897447,0.288515693626923,1363.0,0.6259191176470589,823.0,0.37775735294117646,1057.0,0.4852941176470588,1107.0,0.5082720588235294,1153.0,0.5294117647058824,0.37775735294117646,WACC_0p3_WRT_0p7,0.5053308823529412,1364,False,,,False,False,False,False,False,94.0,0.39574468085106385
SPLL,RialtoBridgeTimelapse,446,0.59,311,0.75,0.4296656947056806,0,142,1234,1073,8,0.001,0.43438923011982394,0.4971632188420292,0.486497900841266,0.41324589620089636,0.04126287315741757,0.1753722143406691,-2.8192817631169373,2.486580303846317,-2.921841313157002,-2.3302840836398757,-3.215787996382892,1.7111958757000287,0.4971632188420292,0.47960710916886684,0.017556109673162346,0.486497900841266,0.48080681030115774,0.005691090540108246,0.41324589620089636,0.5204250718402392,0.10717917563934287,0.04126287315741757,0.36846911265132504,0.3272062394939075,0.1753722143406691,0.42083020010142175,0.24545798576075264,1983.0,0.9108455882352942,1583.0,0.7270220588235294,930.0,0.42693014705882354,823.0,0.37775735294117646,859.0,0.3943014705882353,0.37775735294117646,WACC_0p7_WRT_0p3,0.5673713235294118,1365,False,,,False,False,False,False,False,142.0,0.6
SPLL,RialtoBridgeTimelapse,1302,0.52,267,0.5750000000000002,0.4656289042376428,0,125,3459,3208,6,0.723,0.27608355353736785,0.41532522713047154,0.36609481978285513,0.20663705333167837,0.23492385407967747,0.3436692928270226,-2.8192817631169373,2.486580303846317,-2.921841313157002,-2.3302840836398757,-3.215787996382892,1.7111958757000287,0.41532522713047154,0.4121480014710255,0.003177225659446059,0.36609481978285513,0.47229232551395495,0.10619750573109982,0.20663705333167837,0.5886196887640629,0.38198263543238453,0.23492385407967747,0.43667971902467684,0.20175586494499936,0.3436692928270226,0.4925346749656093,0.14886538213858674,823.0,0.37775735294117646,1392.0,0.6392463235294118,1668.0,0.7660845588235294,1500.0,0.6888786764705882,1378.0,0.6328125,0.37775735294117646,WACC_0p1_WRT_0p9,0.6209558823529412,1366,False,,,False,False,False,False,False,125.0,0.5276595744680851
SPLL,RialtoBridgeTimelapse,1474,0.45,1129,0.4000000000000001,0.1252010414672604,0,225,4163,4341,1,0.147,0.5985948445808505,0.7494611201335624,0.6776669699639749,0.48109967780831586,0.3198163995716135,0.5029478519561941,-2.8192817631169373,2.486580303846317,-2.921841313157002,-2.3302840836398757,-3.215787996382892,1.7111958757000287,0.7494611201335624,0.4121681150789092,0.33729300505465315,0.6776669699639749,0.46459688051746234,0.21307008944651257,0.48109967780831586,0.5925900401747946,0.11149036236647869,0.3198163995716135,0.4617875760053828,0.14197117643376927,0.5029478519561941,0.5349431163316888,0.031995264375494714,824.0,0.3782169117647059,1243.0,0.5707720588235294,1739.0,0.7987132352941176,1739.0,0.7987132352941176,1721.0,0.7904411764705882,0.3782169117647059,WACC_0p1_WRT_0p9,0.6673713235294118,1367,False,,,False,False,False,False,False,225.0,0.9531914893617022
SPLL,RialtoBridgeTimelapse,984,0.48,343,0.475,0.4065668896393937,0,156,3679,3680,5,0.72,0.2929621614364919,0.462849269573932,0.39429279605406015,0.19472370574961126,0.32538750771049996,0.442101136807035,-2.8192817631169373,2.486580303846317,-2.921841313157002,-2.3302840836398757,-3.215787996382892,1.7111958757000287,0.462849269573932,0.4122124984885978,0.05063677108533421,0.39429279605406015,0.48184825530365266,0.08755545924959252,0.19472370574961126,0.5896325837219781,0.39490887797236685,0.32538750771049996,0.4453007105882044,0.11991320287770446,0.442101136807035,0.5131202213007884,0.07101908449375338,825.0,0.3786764705882353,1606.0,0.7375919117647058,1685.0,0.7738970588235294,1586.0,0.7284007352941176,1550.0,0.7118566176470589,0.3786764705882353,WACC_0p1_WRT_0p9,0.6660845588235295,1368,False,,,False,False,False,False,False,156.0,0.6595744680851063
SPLL,RialtoBridgeTimelapse,726,0.57,206,0.7,0.526728658654641,0,86,3496,1491,7,0.908,0.2735876649426141,0.37275627496013003,0.3478540189271336,0.23949143810835932,0.11976237871967578,0.2225075430650056,-2.8192817631169373,2.486580303846317,-2.921841313157002,-2.3302840836398757,-3.215787996382892,1.7111958757000287,0.37275627496013003,0.4270513522989062,0.05429507733877614,0.3478540189271336,0.46754450800352954,0.11969048907639596,0.23949143810835932,0.5357810489922634,0.2962896108839041,0.11976237871967578,0.3741742682440124,0.25441188952433663,0.2225075430650056,0.41512984811235204,0.19262230504734645,1083.0,0.49724264705882354,1299.0,0.5965073529411765,1017.0,0.46691176470588236,863.0,0.3961397058823529,826.0,0.3791360294117647,0.3791360294117647,WACC_0p9_WRT_0p1,0.4671875,1369,False,,,False,False,False,False,False,86.0,0.3617021276595745
SPLL,RialtoBridgeTimelapse,1096,0.3,339,0.025,0.4093338783452196,0,162,24,4240,4,0.414,0.7318845126383771,0.43390658609088684,0.2574274989106669,0.6170862251642877,0.8524567607703853,0.9449216930809915,-2.8192817631169373,2.486580303846317,-2.921841313157002,-2.3302840836398757,-3.215787996382892,1.7111958757000287,0.43390658609088684,0.41224567730944933,0.021660908781437505,0.2574274989106669,0.4644572353171891,0.20702973640652217,0.6170862251642877,0.5685604705429543,0.04852575462133335,0.8524567607703853,0.5517914359271271,0.30066532484325825,0.9449216930809915,0.634183460195284,0.31073823288570745,826.0,0.3791360294117647,1239.0,0.5689338235294118,1349.0,0.6194852941176471,2163.0,0.9935661764705882,2173.0,0.9981617647058824,0.3791360294117647,WACC_0p1_WRT_0p9,0.7118566176470588,1370,False,,,False,False,False,False,False,162.0,0.6851063829787234
SPLL,RialtoBridgeTimelapse,332,0.55,170,0.6500000000000002,0.571927520236409,0,57,1137,1670,10,0.999,0.18746492652380078,0.314827218210929,0.2770434838273078,0.13881917160090754,0.18672445005857052,0.27385199231828067,-2.8192817631169373,2.486580303846317,-2.921841313157002,-2.3302840836398757,-3.215787996382892,1.7111958757000287,0.314827218210929,0.4122524138178163,0.09742519560688728,0.2770434838273078,0.44169316140362613,0.16464967757631832,0.13881917160090754,0.5270654585433113,0.3882462869424038,0.18672445005857052,0.3860361261855469,0.19931167612697637,0.27385199231828067,0.43230530500204556,0.1584533126837649,827.0,0.3795955882352941,886.0,0.40670955882352944,971.0,0.44577205882352944,968.0,0.4443933823529412,931.0,0.4273897058823529,0.3795955882352941,WACC_0p1_WRT_0p9,0.4207720588235294,1371,False,,,False,False,False,False,False,57.0,0.23829787234042554
SPLL,RialtoBridgeTimelapse,946,0.6,204,0.775,0.5290255197785925,0,81,1816,911,2,0.238,0.3204807459679333,0.39010706793767674,0.380791400361595,0.30672139183583946,0.042661399964877306,0.15198488511154992,-2.8192817631169373,2.486580303846317,-2.921841313157002,-2.3302840836398757,-3.215787996382892,1.7111958757000287,0.39010706793767674,0.4537435131018643,0.06363644516418754,0.380791400361595,0.441680916591112,0.06088951622951705,0.30672139183583946,0.5022095690674616,0.19548817723162215,0.042661399964877306,0.3833328928506503,0.34067149288577303,0.15198488511154992,0.43175239402480525,0.2797675089132553,1640.0,0.7532169117647058,885.0,0.40625,828.0,0.38005514705882354,945.0,0.4338235294117647,927.0,0.4255514705882353,0.38005514705882354,WACC_0p5_WRT_0p5,0.4797794117647059,1372,False,,,False,False,False,False,False,81.0,0.3404255319148936
SPLL,RialtoBridgeTimelapse,1913,0.34,381,0.1250000000000001,0.3817788262828619,0,169,2400,4196,4,0.572,0.5879253390959883,0.46164566823428643,0.312173736267397,0.46526374202596976,0.7190354748266876,0.8223557542455852,-2.8192817631169373,2.486580303846317,-2.921841313157002,-2.3302840836398757,-3.215787996382892,1.7111958757000287,0.46164566823428643,0.412279604387313,0.04936606384697345,0.312173736267397,0.4894126202871801,0.1772388840197831,0.46526374202596976,0.5984614926963178,0.133197750670348,0.7190354748266876,0.48118744875072006,0.23784802607596756,0.8223557542455852,0.565974990877929,0.25638076336765614,829.0,0.3805147058823529,1796.0,0.8249080882352942,1869.0,0.8584558823529411,1919.0,0.8814338235294118,1970.0,0.9048713235294118,0.3805147058823529,WACC_0p1_WRT_0p9,0.7700367647058823,1373,False,,,False,False,False,False,False,169.0,0.7148936170212766
SPLL,RialtoBridgeTimelapse,453,0.58,230,0.725,0.500776655135883,0,103,4450,1614,1,0.001,0.3231393974581478,0.40787728221208,0.3893047006727431,0.29584773045911605,0.08636361439969921,0.198337529628279,-2.8192817631169373,2.486580303846317,-2.921841313157002,-2.3302840836398757,-3.215787996382892,1.7111958757000287,0.40787728221208,0.4713877565697127,0.06351047435763274,0.3893047006727431,0.4671868208452784,0.07788212017253532,0.29584773045911605,0.5669758558934351,0.2711281254343191,0.08636361439969921,0.3788832276360706,0.2925196132363714,0.198337529628279,0.41573928935358195,0.21740175972530296,1887.0,0.8667279411764706,1292.0,0.5932904411764706,1322.0,0.6070772058823529,908.0,0.41681985294117646,831.0,0.38143382352941174,0.38143382352941174,WACC_0p9_WRT_0p1,0.5730698529411764,1374,False,,,False,False,False,False,False,103.0,0.4340425531914894
SPLL,RialtoBridgeTimelapse,1055,0.46,238,0.4250000000000001,0.4927222657384131,0,112,803,2962,2,0.404,0.2802071494606805,0.3713730543292893,0.28647918988252846,0.1869709454075614,0.41165380991926837,0.504354350827695,-2.8192817631169373,2.486580303846317,-2.921841313157002,-2.3302840836398757,-3.215787996382892,1.7111958757000287,0.3713730543292893,0.41240641011169754,0.04103335578240824,0.28647918988252846,0.44379676203075213,0.15731757214822367,0.1869709454075614,0.5660988088671651,0.3791278634596037,0.41165380991926837,0.45621107968146635,0.04455726976219798,0.504354350827695,0.5228096488127045,0.018455297985009556,831.0,0.38143382352941174,918.0,0.42141544117647056,1305.0,0.5992647058823529,1684.0,0.7734375,1632.0,0.7495404411764706,0.38143382352941174,WACC_0p1_WRT_0p9,0.5850183823529411,1375,False,,,False,False,False,False,False,112.0,0.4723404255319149
SPLL,RialtoBridgeTimelapse,1764,0.59,136,0.75,0.6243720525544902,0,24,3167,1164,1,0.122,0.18040688962285603,0.2762469506304565,0.2578457088318152,0.16016670701579516,0.09532109778891443,0.17657854588912852,-2.8192817631169373,2.486580303846317,-2.921841313157002,-2.3302840836398757,-3.215787996382892,1.7111958757000287,0.2762469506304565,0.41849879626567354,0.14225184563521703,0.2578457088318152,0.4377749855591614,0.1799292767273462,0.16016670701579516,0.5191205856839274,0.3589538786681322,0.09532109778891443,0.37229028912913353,0.27696919134021913,0.17657854588912852,0.4354423135820703,0.2588637676929418,925.0,0.42463235294117646,832.0,0.3818933823529412,924.0,0.4241727941176471,845.0,0.38786764705882354,949.0,0.43566176470588236,0.3818933823529412,WACC_0p3_WRT_0p7,0.4108455882352941,1376,False,,,False,False,False,False,False,24.0,0.09787234042553192
SPLL,RialtoBridgeTimelapse,753,0.59,184,0.75,0.5533109095892781,0,63,4691,1406,3,0.314,0.27153355593188433,0.35522171991313783,0.33977008571366035,0.25122134839200405,0.07510047486837172,0.17528164096224044,-2.8192817631169373,2.486580303846317,-2.921841313157002,-2.3302840836398757,-3.215787996382892,1.7111958757000287,0.35522171991313783,0.4628142460061511,0.10759252609301329,0.33977008571366035,0.4746200714099432,0.13484998569628287,0.25122134839200405,0.5797912219512233,0.3285698735592193,0.07510047486837172,0.3795801870230997,0.30447971215472797,0.17528164096224044,0.4160629982256879,0.24078135726344743,1786.0,0.8203125,1451.0,0.6663602941176471,1523.0,0.6994485294117647,914.0,0.4195772058823529,832.0,0.3818933823529412,0.3818933823529412,WACC_0p9_WRT_0p1,0.5975183823529412,1377,False,,,False,False,False,False,False,63.0,0.26382978723404255
SPLL,RialtoBridgeTimelapse,106,0.58,130,0.725,0.6349667260665464,0,22,4007,1979,6,0.891,0.1522390234785542,0.26005450962156856,0.23577636372603084,0.12483070615638929,0.125109733766756,0.20163285147842236,-2.8192817631169373,2.486580303846317,-2.921841313157002,-2.3302840836398757,-3.215787996382892,1.7111958757000287,0.26005450962156856,0.4125440386005805,0.1524895289790119,0.23577636372603084,0.46448536537235297,0.22870900164632213,0.12483070615638929,0.524049259852075,0.39921855369568565,0.125109733766756,0.381426298524778,0.256316564758022,0.20163285147842236,0.43971834911239416,0.2380854976339718,833.0,0.38235294117647056,1240.0,0.5693933823529411,948.0,0.4352022058823529,928.0,0.4260110294117647,973.0,0.44669117647058826,0.38235294117647056,WACC_0p1_WRT_0p9,0.45193014705882345,1378,False,,,False,False,False,False,False,22.0,0.08936170212765958
SPLL,RialtoBridgeTimelapse,778,0.6,160,0.775,0.5861833286749027,0,43,4674,1524,5,0.544,0.2454682042562572,0.32476785179221346,0.3132233470221064,0.23205659245530108,0.0583620917745861,0.15206344608178413,-2.8192817631169373,2.486580303846317,-2.921841313157002,-2.3302840836398757,-3.215787996382892,1.7111958757000287,0.32476785179221346,0.46525035979124985,0.1404825079990364,0.3132233470221064,0.4817779665104869,0.16855461948838046,0.23205659245530108,0.5664028551217185,0.3343462626664174,0.0583620917745861,0.36988337578690383,0.3115212840123177,0.15206344608178413,0.41828443538786997,0.26622098930608584,1815.0,0.8336397058823529,1602.0,0.7357536764705882,1312.0,0.6024816176470589,834.0,0.3828125,844.0,0.3874080882352941,0.3828125,WACC_0p7_WRT_0p3,0.5884191176470588,1379,False,,,False,False,False,False,False,43.0,0.17872340425531916
SPLL,RialtoBridgeTimelapse,813,0.58,289,0.725,0.4469645826218205,0,134,3391,1361,10,0.204,0.3935317500897231,0.4691543201082569,0.4526961258936658,0.3659468195010055,0.07152173699058782,0.19815045415572602,-2.8192817631169373,2.486580303846317,-2.921841313157002,-2.3302840836398757,-3.215787996382892,1.7111958757000287,0.4691543201082569,0.48579481966733057,0.01664049955907365,0.4526961258936658,0.5059797154434545,0.053283589549788735,0.3659468195010055,0.5959393485747956,0.2299925290737901,0.07152173699058782,0.37127732820554926,0.2997555912149614,0.19815045415572602,0.4167273121064959,0.21857685795076987,2034.0,0.9342830882352942,2074.0,0.9526654411764706,1810.0,0.8313419117647058,840.0,0.38556985294117646,834.0,0.3828125,0.3828125,WACC_0p9_WRT_0p1,0.6973345588235295,1380,False,,,False,False,False,False,False,134.0,0.5659574468085107
SPLL,RialtoBridgeTimelapse,1683,0.5,195,0.5250000000000001,0.5396466227882225,0,78,3137,3186,6,0.705,0.18465601006511406,0.33318229784282694,0.2688061547567686,0.10369739457237302,0.3146999338012661,0.4018053188408171,-2.8192817631169373,2.486580303846317,-2.921841313157002,-2.3302840836398757,-3.215787996382892,1.7111958757000287,0.33318229784282694,0.412636380063135,0.07945408222030809,0.2688061547567686,0.4701500726613,0.20134391790453138,0.10369739457237302,0.5873615678953631,0.48366417332299005,0.3146999338012661,0.44452237828370567,0.12982244448243957,0.4018053188408171,0.5027977523108986,0.10099243347008152,835.0,0.38327205882352944,1355.0,0.6222426470588235,1638.0,0.7522977941176471,1578.0,0.7247242647058824,1450.0,0.6659007352941176,0.38327205882352944,WACC_0p1_WRT_0p9,0.6296875,1381,False,,,False,False,False,False,False,78.0,0.3276595744680851
SPLL,RialtoBridgeTimelapse,1773,0.53,332,0.6000000000000002,0.4142553748827543,0,152,1834,3140,1,0.254,0.3548048188696913,0.47488580200110025,0.4334367689022362,0.2928748191139624,0.19264643009729332,0.31656409204836794,-2.8192817631169373,2.486580303846317,-2.921841313157002,-2.3302840836398757,-3.215787996382892,1.7111958757000287,0.47488580200110025,0.4126504652132099,0.06223533678789034,0.4334367689022362,0.45908028295032105,0.025643514048084848,0.2928748191139624,0.5702557000508436,0.2773808809368812,0.19264643009729332,0.44653085983415525,0.2538844297368619,0.31656409204836794,0.5331692120456611,0.2166051199972932,836.0,0.3837316176470588,1137.0,0.5220588235294118,1365.0,0.6268382352941176,1606.0,0.7375919117647058,1708.0,0.7844669117647058,0.3837316176470588,WACC_0p1_WRT_0p9,0.6109375,1382,False,,,False,False,False,False,False,152.0,0.6425531914893617
SPLL,RialtoBridgeTimelapse,749,0.58,172,0.725,0.5691766190378111,0,56,3835,1580,5,0.636,0.23508644238903997,0.33149335555734555,0.310114746100704,0.2079282194888948,0.10569318068262817,0.19937177483557528,-2.8192817631169373,2.486580303846317,-2.921841313157002,-2.3302840836398757,-3.215787996382892,1.7111958757000287,0.33149335555734555,0.4508005211062643,0.11930716554891874,0.310114746100704,0.4825682291178123,0.17245348301710828,0.2079282194888948,0.5674288590220724,0.35950063953317757,0.10569318068262817,0.37064287605420954,0.26494969537158136,0.19937177483557528,0.42137209335473325,0.22200031851915797,1597.0,0.7334558823529411,1624.0,0.7458639705882353,1333.0,0.6121323529411765,837.0,0.38419117647058826,861.0,0.3952205882352941,0.38419117647058826,WACC_0p7_WRT_0p3,0.574172794117647,1383,False,,,False,False,False,False,False,56.0,0.23404255319148937
SPLL,RialtoBridgeTimelapse,1941,0.46,360,0.4250000000000001,0.3951553945805485,0,162,677,2385,7,0.708,0.27996125884085893,0.4686016750548879,0.3893429462116031,0.1668438036152177,0.37701350780027487,0.49333641254981464,-2.8192817631169373,2.486580303846317,-2.921841313157002,-2.3302840836398757,-3.215787996382892,1.7111958757000287,0.4686016750548879,0.4127922907850283,0.0558093842698596,0.3893429462116031,0.46067149784166533,0.07132855163006224,0.1668438036152177,0.5605521980846967,0.39370839446947903,0.37701350780027487,0.44207917732021507,0.0650656695199402,0.49333641254981464,0.5213203601304608,0.02798394758064615,838.0,0.38465073529411764,1168.0,0.5363051470588235,1236.0,0.5675551470588235,1552.0,0.7127757352941176,1623.0,0.7454044117647058,0.38465073529411764,WACC_0p1_WRT_0p9,0.5893382352941176,1384,False,,,False,False,False,False,False,162.0,0.6851063829787234
SPLL,RialtoBridgeTimelapse,1680,0.59,145,0.75,0.6093198138937665,0,30,4464,1686,4,0.424,0.199523834472736,0.29277358155535843,0.2750159110891241,0.17930444221473352,0.09096160685828773,0.17618338655218446,-2.8192817631169373,2.486580303846317,-2.921841313157002,-2.3302840836398757,-3.215787996382892,1.7111958757000287,0.29277358155535843,0.46701117414001536,0.17423759258465693,0.2750159110891241,0.4698872610934353,0.19487135000431122,0.17930444221473352,0.5876457243990174,0.4083412821842839,0.09096160685828773,0.3710231603062696,0.28006155344798184,0.17618338655218446,0.42820178622135063,0.25201839966916617,1843.0,0.8465073529411765,1349.0,0.6194852941176471,1643.0,0.7545955882352942,838.0,0.38465073529411764,904.0,0.4149816176470588,0.38465073529411764,WACC_0p7_WRT_0p3,0.6040441176470589,1385,False,,,False,False,False,False,False,30.0,0.12340425531914893
SPLL,RialtoBridgeTimelapse,1408,0.49,276,0.5000000000000001,0.4578147129947271,0,131,1831,3528,2,0.48,0.24441054765319606,0.41325586318876933,0.34766836841172294,0.1527858950329367,0.314635749018035,0.42024721500034257,-2.8192817631169373,2.486580303846317,-2.921841313157002,-2.3302840836398757,-3.215787996382892,1.7111958757000287,0.41325586318876933,0.4128293459383222,0.00042651725044712263,0.34766836841172294,0.45075832467676064,0.1030899562650377,0.1527858950329367,0.5889282621251117,0.436142367092175,0.314635749018035,0.4450044709794433,0.1303687219614083,0.42024721500034257,0.5345804554527099,0.11433324045236737,840.0,0.38556985294117646,1011.0,0.4641544117647059,1672.0,0.7679227941176471,1580.0,0.7256433823529411,1717.0,0.7886029411764706,0.38556985294117646,WACC_0p1_WRT_0p9,0.6263786764705882,1386,False,,,False,False,False,False,False,131.0,0.5531914893617021
SPLL,RialtoBridgeTimelapse,1951,0.44,547,0.3750000000000001,0.2964096894099189,0,197,1327,4115,10,0.823,0.3723975918834182,0.5637706647118317,0.4784067700924907,0.24603283230028167,0.39962914800323013,0.5371908604495517,-2.8192817631169373,2.486580303846317,-2.921841313157002,-2.3302840836398757,-3.215787996382892,1.7111958757000287,0.5637706647118317,0.4128644284735229,0.1509062362383088,0.4784067700924907,0.4890539703592717,0.010647200266780954,0.24603283230028167,0.5907147920622481,0.3446819597619664,0.39962914800323013,0.47634445282487275,0.07671530482164263,0.5371908604495517,0.553136186002039,0.01594532555248729,841.0,0.3860294117647059,1789.0,0.8216911764705882,1700.0,0.7807904411764706,1878.0,0.8625919117647058,1864.0,0.8561580882352942,0.3860294117647059,WACC_0p1_WRT_0p9,0.7414522058823529,1387,False,,,False,False,False,False,False,197.0,0.8340425531914893
SPLL,RialtoBridgeTimelapse,1333,0.59,1764,0.75,0.019704500835987,0,211,3229,1066,8,0.361,0.994826274982339,0.9881530248369303,0.9924336069778278,0.9686138779455173,0.25896533555775114,0.18325746588881742,-2.8192817631169373,2.486580303846317,-2.921841313157002,-2.3302840836398757,-3.215787996382892,1.7111958757000287,0.9881530248369303,0.48871970066172943,0.4994333241752009,0.9924336069778278,0.4802535770555292,0.5121800299222986,0.9686138779455173,0.5625162759554464,0.40609760199007094,0.25896533555775114,0.371657623144932,0.11269228758718086,0.18325746588881742,0.42337848853158644,0.24012102264276902,2058.0,0.9453125,1570.0,0.7210477941176471,1261.0,0.5790441176470589,842.0,0.3864889705882353,869.0,0.39889705882352944,0.3864889705882353,WACC_0p7_WRT_0p3,0.6061580882352942,1388,False,,,False,False,False,False,False,211.0,0.8936170212765957
SPLL,RialtoBridgeTimelapse,1353,0.59,175,0.75,0.5651093296745381,0,58,4022,1590,6,0.436,0.2562576630331692,0.34195222811698384,0.32602466527621016,0.2359843562958493,0.07840231087866996,0.17540706518456473,-2.8192817631169373,2.486580303846317,-2.921841313157002,-2.3302840836398757,-3.215787996382892,1.7111958757000287,0.34195222811698384,0.4614811355776391,0.11952890746065525,0.32602466527621016,0.4774568495020434,0.15143218422583327,0.2359843562958493,0.5698005316838792,0.33381617538802993,0.07840231087866996,0.37217205742968956,0.2937697465510196,0.17540706518456473,0.43078876943232086,0.25538170424775614,1765.0,0.8106617647058824,1516.0,0.6962316176470589,1361.0,0.625,844.0,0.3874080882352941,916.0,0.42049632352941174,0.3874080882352941,WACC_0p7_WRT_0p3,0.5879595588235293,1389,False,,,False,False,False,False,False,58.0,0.2425531914893617
SPLL,RialtoBridgeTimelapse,1128,0.43,52,0.3500000000000001,0.8490445762650122,0,2,346,1781,4,0.659,0.6250907886563841,0.0551086271950022,0.14847094709663214,0.6279134295480632,0.6942316675981691,0.7044330018961114,-2.8192817631169373,2.486580303846317,-2.921841313157002,-2.3302840836398757,-3.215787996382892,1.7111958757000287,0.0551086271950022,0.412999323730045,0.3578906965350428,0.14847094709663214,0.45895857093018466,0.31048762383355255,0.6279134295480632,0.571444726552969,0.05646870299509421,0.6942316675981691,0.46280921708376555,0.23142245051440358,0.7044330018961114,0.5514760888927723,0.15295691300333902,844.0,0.3874080882352941,1133.0,0.5202205882352942,1392.0,0.6392463235294118,1749.0,0.8033088235294118,1850.0,0.8497242647058824,0.3874080882352941,WACC_0p1_WRT_0p9,0.6399816176470587,1390,False,,,False,False,False,False,False,2.0,0.00425531914893617
SPLL,RialtoBridgeTimelapse,1472,0.46,870,0.4250000000000001,0.1867887900644222,0,218,1742,4750,7,0.566,0.536093389431065,0.6875273357836497,0.6184021225311139,0.4254424342473972,0.31144188581277843,0.48054027392327603,-2.8192817631169373,2.486580303846317,-2.921841313157002,-2.3302840836398757,-3.215787996382892,1.7111958757000287,0.6875273357836497,0.413021745494997,0.2745055902886527,0.6184021225311139,0.4874334049222957,0.13096871760881823,0.4254424342473972,0.5922314665415405,0.16678903229414327,0.31144188581277843,0.49026878689826137,0.17882690108548294,0.48054027392327603,0.5638988551890124,0.08335858126573636,845.0,0.38786764705882354,1747.0,0.8023897058823529,1729.0,0.7941176470588235,1976.0,0.9076286764705882,1955.0,0.8979779411764706,0.38786764705882354,WACC_0p1_WRT_0p9,0.7579963235294118,1391,False,,,False,False,False,False,False,218.0,0.9234042553191489
SPLL,RialtoBridgeTimelapse,1253,0.57,201,0.7,0.5325131726842642,0,79,3677,1558,7,0.619,0.2662171769936046,0.36637880777287185,0.3412318484895818,0.23211789301406854,0.12142693693111989,0.2226428946389668,-2.8192817631169373,2.486580303846317,-2.921841313157002,-2.3302840836398757,-3.215787996382892,1.7111958757000287,0.36637880777287185,0.46793685889349274,0.10155805112062088,0.3412318484895818,0.48519684133915936,0.14396499284957753,0.23211789301406854,0.5719267519229235,0.339808858908855,0.12142693693111989,0.3815985889209449,0.260171651989825,0.2226428946389668,0.41917904962648567,0.19653615498751886,1858.0,0.8534007352941176,1692.0,0.7771139705882353,1403.0,0.6443014705882353,930.0,0.42693014705882354,846.0,0.3883272058823529,0.3883272058823529,WACC_0p9_WRT_0p1,0.6180147058823529,1392,False,,,False,False,False,False,False,79.0,0.33191489361702126
SPLL,RialtoBridgeTimelapse,1608,0.37,738,0.2,0.2256684583764229,0,217,370,4642,8,0.593,0.40896142826071774,0.6166500080257415,0.4952330931203217,0.23926951781515954,0.5710514055111223,0.7151215406939607,-2.8192817631169373,2.486580303846317,-2.921841313157002,-2.3302840836398757,-3.215787996382892,1.7111958757000287,0.6166500080257415,0.41305133541936834,0.2035986726063732,0.4952330931203217,0.47729139882837557,0.017941694291946142,0.23926951781515954,0.592056017080903,0.3527864992657435,0.5710514055111223,0.5277247622626378,0.043326643248484564,0.7151215406939607,0.617742511374387,0.09737902931957376,846.0,0.3883272058823529,1511.0,0.6939338235294118,1727.0,0.7931985294117647,2130.0,0.9784007352941176,2156.0,0.9903492647058824,0.3883272058823529,WACC_0p1_WRT_0p9,0.7688419117647058,1393,False,,,False,False,False,False,False,217.0,0.9191489361702128
SPLL,RialtoBridgeTimelapse,1072,0.43,270,0.3500000000000001,0.4629953909118257,0,131,574,2511,5,0.585,0.35538012236620714,0.3952665385205488,0.29451250311931604,0.25438656625858536,0.48701763801906384,0.5827287422016233,-2.8192817631169373,2.486580303846317,-2.921841313157002,-2.3302840836398757,-3.215787996382892,1.7111958757000287,0.3952665385205488,0.41308179822405106,0.01781525970350223,0.29451250311931604,0.47276830993836827,0.17825580681905223,0.25438656625858536,0.579583950368076,0.3251973841094906,0.48701763801906384,0.4440483532942061,0.042969284724857726,0.5827287422016233,0.520875467684592,0.061853274517031265,847.0,0.38878676470588236,1405.0,0.6452205882352942,1520.0,0.6980698529411765,1570.0,0.7210477941176471,1617.0,0.7426470588235294,0.38878676470588236,WACC_0p1_WRT_0p9,0.639154411764706,1394,False,,,False,False,False,False,False,131.0,0.5531914893617021
SPLL,RialtoBridgeTimelapse,1690,0.58,369,0.725,0.3893297280169925,0,161,1426,1348,10,0.288,0.4698181889824242,0.5357048190829076,0.5214518995512215,0.4417906731324811,0.055845552182534376,0.198375495087584,-2.8192817631169373,2.486580303846317,-2.921841313157002,-2.3302840836398757,-3.215787996382892,1.7111958757000287,0.5357048190829076,0.4775429810849085,0.058161837997999066,0.5214518995512215,0.47962731259318436,0.04182458695803715,0.4417906731324811,0.5701069936057986,0.12831632047331754,0.055845552182534376,0.37682659051567136,0.32098103833313696,0.198375495087584,0.4194581399962543,0.2210826449086703,1967.0,0.9034926470588235,1558.0,0.7155330882352942,1364.0,0.6263786764705882,886.0,0.40670955882352944,848.0,0.38924632352941174,0.38924632352941174,WACC_0p9_WRT_0p1,0.6082720588235294,1395,False,,,False,False,False,False,False,161.0,0.6808510638297872
SPLL,RialtoBridgeTimelapse,681,0.59,155,0.75,0.5936468762779661,0,40,4738,1458,4,0.646,0.21954020744015695,0.3101036927835474,0.2930042128401817,0.1993199053029673,0.08647124678091882,0.1758473919274647,-2.8192817631169373,2.486580303846317,-2.921841313157002,-2.3302840836398757,-3.215787996382892,1.7111958757000287,0.3101036927835474,0.4535234376252748,0.14341974484172743,0.2930042128401817,0.47402636640152773,0.18102215356134604,0.1993199053029673,0.5483554598675714,0.3490355545646041,0.08647124678091882,0.37432833040492824,0.2878570836240094,0.1758473919274647,0.41949833384875973,0.24365094192129502,1635.0,0.7509191176470589,1432.0,0.6576286764705882,1102.0,0.5059742647058824,866.0,0.3975183823529412,849.0,0.3897058823529412,0.3897058823529412,WACC_0p9_WRT_0p1,0.5403492647058823,1396,False,,,False,False,False,False,False,40.0,0.16595744680851063
SPLL,RialtoBridgeTimelapse,1534,0.55,192,0.6500000000000002,0.5432956643483142,0,73,4707,2923,6,0.772,0.22280643257972949,0.34509473813492975,0.3086731050229784,0.17444867685850524,0.1778480902333644,0.2722657909253217,-2.8192817631169373,2.486580303846317,-2.921841313157002,-2.3302840836398757,-3.215787996382892,1.7111958757000287,0.34509473813492975,0.4136204035134885,0.06852566537855875,0.3086731050229784,0.46478004755212216,0.15610694252914376,0.17444867685850524,0.5512488753169466,0.3768001984584413,0.1778480902333644,0.40581286923530724,0.22796477900194284,0.2722657909253217,0.46295747538213455,0.19069168445681284,850.0,0.39016544117647056,1246.0,0.5721507352941176,1136.0,0.5215992647058824,1160.0,0.5326286764705882,1148.0,0.5271139705882353,0.39016544117647056,WACC_0p1_WRT_0p9,0.5087316176470589,1397,False,,,False,False,False,False,False,73.0,0.30638297872340425
SPLL,RialtoBridgeTimelapse,1637,0.58,159,0.725,0.5876573199694053,0,44,4717,1953,1,0.303,0.21161438005270658,0.31120153686673224,0.289032850761555,0.18443078914166247,0.11104530746234925,0.19985641314004798,-2.8192817631169373,2.486580303846317,-2.921841313157002,-2.3302840836398757,-3.215787996382892,1.7111958757000287,0.31120153686673224,0.4251854006408706,0.11398386377413838,0.289032850761555,0.4393497710645279,0.1503169203029729,0.18443078914166247,0.5488841181843752,0.36445332904271277,0.11104530746234925,0.3898920615611463,0.27884675409879706,0.19985641314004798,0.4400940393833982,0.2402376262433502,1042.0,0.47840073529411764,852.0,0.39108455882352944,1111.0,0.5101102941176471,1002.0,0.4600183823529412,975.0,0.4476102941176471,0.39108455882352944,WACC_0p3_WRT_0p7,0.4574448529411764,1398,False,,,False,False,False,False,False,44.0,0.1829787234042553
SPLL,RialtoBridgeTimelapse,1600,0.44,384,0.3750000000000001,0.3799281662263869,0,169,1164,3925,2,0.455,0.2804327446667785,0.4788164561101805,0.3889579967491194,0.15398274592918587,0.42780892763380884,0.5447999765803477,-2.8192817631169373,2.486580303846317,-2.921841313157002,-2.3302840836398757,-3.215787996382892,1.7111958757000287,0.4788164561101805,0.41394658885646296,0.06486986725371752,0.3889579967491194,0.45792056768883155,0.06896257093971214,0.15398274592918587,0.5948557856827003,0.4408730397535144,0.42780892763380884,0.4631302850344893,0.03532135740068043,0.5447999765803477,0.5403548137481626,0.004445162832185101,852.0,0.39108455882352944,1114.0,0.5114889705882353,1791.0,0.8226102941176471,1753.0,0.8051470588235294,1763.0,0.8097426470588235,0.39108455882352944,WACC_0p1_WRT_0p9,0.6680147058823529,1399,False,,,False,False,False,False,False,169.0,0.7148936170212766
SPLL,RialtoBridgeTimelapse,943,0.48,385,0.475,0.3793144827760286,0,167,4682,4943,1,0.303,0.326154002654346,0.4911171728221607,0.42393574698556785,0.22832475870606228,0.3165969131401463,0.44013575823696954,-2.8192817631169373,2.486580303846317,-2.921841313157002,-2.3302840836398757,-3.215787996382892,1.7111958757000287,0.4911171728221607,0.41398025055585264,0.07713692226630808,0.42393574698556785,0.4634828367578037,0.039547089772235866,0.22832475870606228,0.5750354081671655,0.3467106494611032,0.3165969131401463,0.4628593074613345,0.1462623943211882,0.44013575823696954,0.5486499447233384,0.10851418648636885,854.0,0.39200367647058826,1214.0,0.5574448529411765,1454.0,0.6677389705882353,1750.0,0.8037683823529411,1828.0,0.8396139705882353,0.39200367647058826,WACC_0p1_WRT_0p9,0.6521139705882353,1400,False,,,False,False,False,False,False,167.0,0.7063829787234043
SPLL,RialtoBridgeTimelapse,1789,0.47,253,0.45,0.4783217862110248,0,118,1304,3307,3,0.608,0.24228888342204952,0.3875241829858523,0.30933885558825486,0.1442474396518577,0.3778233315988534,0.4753833186719447,-2.8192817631169373,2.486580303846317,-2.921841313157002,-2.3302840836398757,-3.215787996382892,1.7111958757000287,0.3875241829858523,0.4139846025683239,0.02646041958247164,0.30933885558825486,0.4655605690769181,0.15622171348866326,0.1442474396518577,0.5717644701432228,0.42751703049136514,0.3778233315988534,0.43663973245518606,0.05881640085633266,0.4753833186719447,0.5120244825028157,0.036641163830871015,855.0,0.39246323529411764,1261.0,0.5790441176470589,1401.0,0.6433823529411765,1498.0,0.6879595588235294,1543.0,0.7086397058823529,0.39246323529411764,WACC_0p1_WRT_0p9,0.6022977941176471,1401,False,,,False,False,False,False,False,118.0,0.4978723404255319
SPLL,RialtoBridgeTimelapse,2054,0.57,271,0.7,0.4621240277261641,0,129,2926,1136,10,0.227,0.356720354958353,0.4448655951883435,0.42261643000604754,0.3225037298927114,0.10149462245660108,0.2215119263944167,-2.8192817631169373,2.486580303846317,-2.921841313157002,-2.3302840836398757,-3.215787996382892,1.7111958757000287,0.4448655951883435,0.4752262438304203,0.03036064864207677,0.42261643000604754,0.4885085575849834,0.06589212757893587,0.3225037298927114,0.5679519229693765,0.24544819307666504,0.10149462245660108,0.37343876647061447,0.2719441440140134,0.2215119263944167,0.4355062330753323,0.21399430668091562,1941.0,0.8915441176470589,1777.0,0.8161764705882353,1343.0,0.6167279411764706,855.0,0.39246323529411764,950.0,0.43612132352941174,0.39246323529411764,WACC_0p7_WRT_0p3,0.6306066176470588,1402,False,,,False,False,False,False,False,129.0,0.5446808510638298
SPLL,RialtoBridgeTimelapse,657,0.59,253,0.75,0.4783217862110248,0,116,1578,1252,4,0.617,0.3697622373434789,0.44075165930068333,0.42823774142005533,0.3490222662104935,0.05445010625881593,0.17508412137376766,-2.8192817631169373,2.486580303846317,-2.921841313157002,-2.3302840836398757,-3.215787996382892,1.7111958757000287,0.44075165930068333,0.42727906391413406,0.013472595386549269,0.42823774142005533,0.4397960708525175,0.011558329432462155,0.3490222662104935,0.5149500458227735,0.16592777961228,0.05445010625881593,0.3750098804306385,0.3205597741718226,0.17508412137376766,0.43878783805903737,0.2637037166852697,1085.0,0.49816176470588236,856.0,0.3929227941176471,905.0,0.41544117647058826,870.0,0.3993566176470588,964.0,0.44255514705882354,0.3929227941176471,WACC_0p3_WRT_0p7,0.4296875,1403,False,,,False,False,False,False,False,116.0,0.48936170212765956
SPLL,RialtoBridgeTimelapse,930,0.5,547,0.5250000000000001,0.2964096894099189,0,188,4413,3716,8,0.858,0.4581576259468771,0.5881489270392091,0.5357326989132863,0.37541894087205047,0.23756425113577018,0.3861589920394077,-2.8192817631169373,2.486580303846317,-2.921841313157002,-2.3302840836398757,-3.215787996382892,1.7111958757000287,0.5881489270392091,0.4140701828686876,0.1740787441705215,0.5357326989132863,0.46994320723416944,0.06578949167911691,0.37541894087205047,0.5814812777328326,0.20606233686078218,0.23756425113577018,0.4355020587570646,0.19793780762129443,0.3861589920394077,0.49346907537649837,0.10731008333709069,856.0,0.3929227941176471,1351.0,0.6204044117647058,1540.0,0.7072610294117647,1481.0,0.6801470588235294,1388.0,0.6374080882352942,0.3929227941176471,WACC_0p1_WRT_0p9,0.6076286764705883,1404,False,,,False,False,False,False,False,188.0,0.7957446808510639
SPLL,RialtoBridgeTimelapse,653,0.59,231,0.75,0.4997547320027651,0,103,4772,1588,6,0.605,0.34150216031124503,0.4161143899172441,0.40277377349510024,0.32091200749407145,0.06030357616510104,0.17504922329646797,-2.8192817631169373,2.486580303846317,-2.921841313157002,-2.3302840836398757,-3.215787996382892,1.7111958757000287,0.4161143899172441,0.4700019371322122,0.053887547214968134,0.40277377349510024,0.4976546161054578,0.09488084261035756,0.32091200749407145,0.5730825531089356,0.2521705456148642,0.06030357616510104,0.37380776523379927,0.31350418906869826,0.17504922329646797,0.42739531267580777,0.2523460893793398,1869.0,0.8584558823529411,1958.0,0.8993566176470589,1425.0,0.6544117647058824,856.0,0.3929227941176471,894.0,0.4103860294117647,0.3929227941176471,WACC_0p7_WRT_0p3,0.6431066176470589,1405,False,,,False,False,False,False,False,103.0,0.4340425531914894
SPLL,RialtoBridgeTimelapse,180,0.59,221,0.75,0.5101782169264885,0,96,4917,1640,5,0.354,0.3278091026866434,0.40418468627603693,0.39043868964418627,0.30728457085940464,0.06316262178122749,0.17505621695643891,-2.8192817631169373,2.486580303846317,-2.921841313157002,-2.3302840836398757,-3.215787996382892,1.7111958757000287,0.40418468627603693,0.4734333130268755,0.0692486267508386,0.39043868964418627,0.5003698603687838,0.10993117072459757,0.30728457085940464,0.5902741061064612,0.2829895352470566,0.06316262178122749,0.3739197478497355,0.31075712606850797,0.17505621695643891,0.42769363807755345,0.25263742112111454,1912.0,0.8782169117647058,2010.0,0.9232536764705882,1697.0,0.7794117647058824,857.0,0.39338235294117646,898.0,0.41222426470588236,0.39338235294117646,WACC_0p7_WRT_0p3,0.677297794117647,1406,False,,,False,False,False,False,False,96.0,0.40425531914893614
SPLL,RialtoBridgeTimelapse,1609,0.59,215,0.75,0.5166601247914328,0,90,3713,1442,1,0.052,0.31931151256923856,0.3967842551981347,0.3827849596336277,0.29882519899064347,0.06494507736115167,0.17506914446769928,-2.8192817631169373,2.486580303846317,-2.921841313157002,-2.3302840836398757,-3.215787996382892,1.7111958757000287,0.3967842551981347,0.4358219990385764,0.039037743840441674,0.3827849596336277,0.4398520767815046,0.05706711714787693,0.29882519899064347,0.5494458191680219,0.25062062017737846,0.06494507736115167,0.38963989558926265,0.32469481822811097,0.17506914446769928,0.43579954395917336,0.2607303994914741,1278.0,0.5868566176470589,858.0,0.3938419117647059,1117.0,0.5128676470588235,1000.0,0.45909926470588236,951.0,0.4365808823529412,0.3938419117647059,WACC_0p3_WRT_0p7,0.47784926470588235,1407,False,,,False,False,False,False,False,90.0,0.37872340425531914
SPLL,RialtoBridgeTimelapse,1461,0.58,189,0.725,0.5470018733706472,0,69,3268,1328,10,0.384,0.26343811767320546,0.3560471869166242,0.33559660028086125,0.23627244523390875,0.09935309367563683,0.1989169870745385,-2.8192817631169373,2.486580303846317,-2.921841313157002,-2.3302840836398757,-3.215787996382892,1.7111958757000287,0.3560471869166242,0.492628941769853,0.13658175485322882,0.33559660028086125,0.502942449496866,0.1673458492160047,0.23627244523390875,0.583393867031637,0.3471214217977282,0.09935309367563683,0.376477400954846,0.27712430727920917,0.1989169870745385,0.4207070170511301,0.2217900299765916,2078.0,0.9545036764705882,2044.0,0.9388786764705882,1569.0,0.7205882352941176,882.0,0.40487132352941174,858.0,0.3938419117647059,0.3938419117647059,WACC_0p9_WRT_0p1,0.6825367647058823,1408,False,,,False,False,False,False,False,69.0,0.28936170212765955
SPLL,RialtoBridgeTimelapse,12,0.41,185,0.3,0.5520355704497459,0,71,530,3386,2,0.346,0.47022894912456964,0.3098919110972504,0.1904881458487253,0.39505872342632764,0.5840769020189481,0.6568253239893399,-2.8192817631169373,2.486580303846317,-2.921841313157002,-2.3302840836398757,-3.215787996382892,1.7111958757000287,0.3098919110972504,0.41417236099271065,0.10428044989546026,0.1904881458487253,0.45649387741804237,0.26600573156931706,0.39505872342632764,0.5848269791798356,0.18976825575350798,0.5840769020189481,0.4685538257075313,0.11552307631141684,0.6568253239893399,0.5560640669215299,0.10076125706781003,859.0,0.3943014705882353,1095.0,0.5027573529411765,1594.0,0.7320772058823529,1813.0,0.8327205882352942,1885.0,0.8658088235294118,0.3943014705882353,WACC_0p1_WRT_0p9,0.6655330882352941,1409,False,,,False,False,False,False,False,71.0,0.2978723404255319
SPLL,RialtoBridgeTimelapse,182,0.57,165,0.7,0.5789480602618828,0,51,801,896,7,0.417,0.20753836384113047,0.31572487247094466,0.2885577916019839,0.1733105295942978,0.13502016117596422,0.2240777770398209,-2.8192817631169373,2.486580303846317,-2.921841313157002,-2.3302840836398757,-3.215787996382892,1.7111958757000287,0.31572487247094466,0.45011789249675427,0.1343930200258096,0.2885577916019839,0.44082057832788374,0.15226278672589982,0.1733105295942978,0.5070822699860251,0.3337717403917273,0.13502016117596422,0.3885933174963017,0.2535731563203375,0.2240777770398209,0.44898434430980055,0.22490656726997965,1585.0,0.7279411764705882,876.0,0.4021139705882353,860.0,0.3947610294117647,989.0,0.4540441176470588,1040.0,0.4774816176470588,0.3947610294117647,WACC_0p5_WRT_0p5,0.4912683823529411,1410,False,,,False,False,False,False,False,51.0,0.2127659574468085
SPLL,RialtoBridgeTimelapse,1377,0.56,273,0.6750000000000003,0.4603908709822045,0,130,5000,2350,1,0.439,0.3426807436815247,0.440523639423166,0.4130927339215254,0.30162927516440935,0.12702064929964565,0.24518413116909465,-2.8192817631169373,2.486580303846317,-2.921841313157002,-2.3302840836398757,-3.215787996382892,1.7111958757000287,0.440523639423166,0.4163925159432096,0.02413112347995644,0.4130927339215254,0.4400449853197296,0.026952251398204174,0.30162927516440935,0.5463281025632178,0.2446988273988085,0.12702064929964565,0.3921729596710568,0.2651523103714112,0.24518413116909465,0.4426014845323374,0.19741735336324273,898.0,0.41222426470588236,861.0,0.3952205882352941,1084.0,0.4977022058823529,1015.0,0.46599264705882354,990.0,0.45450367647058826,0.3952205882352941,WACC_0p3_WRT_0p7,0.44512867647058824,1411,False,,,False,False,False,False,False,130.0,0.548936170212766
SPLL,RialtoBridgeTimelapse,307,0.58,294,0.725,0.4429204698284852,0,138,4885,1724,1,0.001,0.3988563929036443,0.4737951865850016,0.4574934696644345,0.3712442686046435,0.07041546499476799,0.19815348284292364,-2.8192817631169373,2.486580303846317,-2.921841313157002,-2.3302840836398757,-3.215787996382892,1.7111958757000287,0.4737951865850016,0.4701982691442521,0.0035969174407494697,0.4574934696644345,0.4726620096268989,0.015168539962464422,0.3712442686046435,0.5580719007973112,0.18682763219266768,0.07041546499476799,0.37511576760965026,0.3047003026148823,0.19815348284292364,0.42163496422722296,0.22348148138429932,1873.0,0.8602941176470589,1399.0,0.6424632352941176,1206.0,0.5537683823529411,872.0,0.40027573529411764,862.0,0.39568014705882354,0.39568014705882354,WACC_0p9_WRT_0p1,0.5704963235294118,1412,False,,,False,False,False,False,False,138.0,0.5829787234042553
SPLL,RialtoBridgeTimelapse,1221,0.59,163,0.75,0.581815669159537,0,47,4756,1591,6,0.531,0.2347215694541317,0.3232633901195329,0.30665361476378117,0.21448682225237178,0.08311057367661819,0.17563971884527863,-2.8192817631169373,2.486580303846317,-2.921841313157002,-2.3302840836398757,-3.215787996382892,1.7111958757000287,0.3232633901195329,0.4721767993343253,0.1489134092147924,0.30665361476378117,0.4939817587013362,0.18732814393755504,0.21448682225237178,0.579143689250085,0.36465686699771316,0.08311057367661819,0.3741624111024919,0.2910518374258737,0.17563971884527863,0.4275101049216112,0.25187038607633255,1899.0,0.8722426470588235,1892.0,0.8690257352941176,1509.0,0.6930147058823529,862.0,0.39568014705882354,896.0,0.41130514705882354,0.39568014705882354,WACC_0p7_WRT_0p3,0.6482536764705882,1413,False,,,False,False,False,False,False,47.0,0.19574468085106383
SPLL,RialtoBridgeTimelapse,938,0.47,274,0.45,0.4595290309126488,0,131,1149,3439,9,0.704,0.23240296342501718,0.4062496415262061,0.32914865711012803,0.12862199378998865,0.3711564536295005,0.4732657677654256,-2.8192817631169373,2.486580303846317,-2.921841313157002,-2.3302840836398757,-3.215787996382892,1.7111958757000287,0.4062496415262061,0.4142700400141507,0.008020398487944613,0.32914865711012803,0.47647341064199555,0.14732475353186752,0.12862199378998865,0.5716810789766523,0.4430590851866637,0.3711564536295005,0.4640922212582318,0.09293576762873129,0.4732657677654256,0.5371799789678899,0.06391421120246432,862.0,0.39568014705882354,1493.0,0.6856617647058824,1398.0,0.6420036764705882,1764.0,0.8102022058823529,1744.0,0.8010110294117647,0.39568014705882354,WACC_0p1_WRT_0p9,0.6669117647058822,1414,False,,,False,False,False,False,False,131.0,0.5531914893617021
SPLL,RialtoBridgeTimelapse,1435,0.61,203,0.8,0.5301823672547157,0,79,1841,1089,10,0.798,0.33713877819946364,0.3970374253255893,0.39279545428005297,0.3299329944874101,0.020052919783386677,0.12923270878004134,-2.8192817631169373,2.486580303846317,-2.921841313157002,-2.3302840836398757,-3.215787996382892,1.7111958757000287,0.3970374253255893,0.46564019863495637,0.0686027733093671,0.39279545428005297,0.4843378412543007,0.09154238697424771,0.3299329944874101,0.5406247226133758,0.2106917281259657,0.020052919783386677,0.3742765404476503,0.3542236206642636,0.12923270878004134,0.4217527816580167,0.2925200728779754,1824.0,0.8377757352941176,1675.0,0.7693014705882353,1047.0,0.4806985294117647,864.0,0.39659926470588236,863.0,0.3961397058823529,0.3961397058823529,WACC_0p9_WRT_0p1,0.5761029411764705,1415,False,,,False,False,False,False,False,79.0,0.33191489361702126
SPLL,RialtoBridgeTimelapse,802,0.45,374,0.4000000000000001,0.386154179163782,0,165,3420,4321,5,0.595,0.2775925519865002,0.4750500567621187,0.39057912672911216,0.1570398463124269,0.4018850904163818,0.5188694816420897,-2.8192817631169373,2.486580303846317,-2.921841313157002,-2.3302840836398757,-3.215787996382892,1.7111958757000287,0.4750500567621187,0.41427697952856307,0.06077307723355563,0.39057912672911216,0.4989562506832714,0.10837712395415922,0.1570398463124269,0.6095081258010948,0.4524682794886679,0.4018850904163818,0.46276231312296173,0.060877222706579914,0.5188694816420897,0.5397978252829817,0.020928343640892022,863.0,0.3961397058823529,1982.0,0.9103860294117647,2024.0,0.9296875,1748.0,0.8028492647058824,1759.0,0.8079044117647058,0.3961397058823529,WACC_0p1_WRT_0p9,0.7693933823529411,1416,False,,,False,False,False,False,False,165.0,0.6978723404255319
SPLL,RialtoBridgeTimelapse,833,0.58,176,0.725,0.5637689587379813,0,60,1967,1585,2,0.208,0.24198203391705853,0.33746112578910237,0.3163107176444528,0.21482560651703808,0.10413935880963565,0.19924879463429745,-2.8192817631169373,2.486580303846317,-2.921841313157002,-2.3302840836398757,-3.215787996382892,1.7111958757000287,0.33746112578910237,0.4142898259139855,0.07682870012488313,0.3163107176444528,0.45062422645216527,0.13431350880771248,0.21482560651703808,0.5711626048234043,0.3563369983063662,0.10413935880963565,0.43862843813705144,0.3344890793274158,0.19924879463429745,0.4865473763561377,0.28729858172184025,864.0,0.39659926470588236,1010.0,0.46369485294117646,1389.0,0.6378676470588235,1514.0,0.6953125,1336.0,0.6135110294117647,0.39659926470588236,WACC_0p1_WRT_0p9,0.5613970588235293,1417,False,,,False,False,False,False,False,60.0,0.251063829787234
SPLL,RialtoBridgeTimelapse,1573,0.59,188,0.75,0.548250292296512,0,66,4843,1586,8,0.6,0.27810195095592394,0.3609304793902166,0.34568162310438627,0.2577703173502059,0.0736895734820132,0.17523696558771257,-2.8192817631169373,2.486580303846317,-2.921841313157002,-2.3302840836398757,-3.215787996382892,1.7111958757000287,0.3609304793902166,0.47645219899796826,0.11552171960775165,0.34568162310438627,0.49876798458678784,0.15308636148240157,0.2577703173502059,0.5705021891999643,0.3127318718497584,0.0736895734820132,0.3806835557684676,0.30699398228645436,0.17523696558771257,0.4220729103801574,0.2468359447924448,1951.0,0.8961397058823529,1976.0,0.9076286764705882,1373.0,0.6305147058823529,924.0,0.4241727941176471,864.0,0.39659926470588236,0.39659926470588236,WACC_0p9_WRT_0p1,0.6510110294117647,1418,False,,,False,False,False,False,False,66.0,0.2765957446808511
SPLL,RialtoBridgeTimelapse,320,0.59,138,0.75,0.6209433717076739,0,25,1521,1135,7,0.788,0.18475195746672837,0.28000097851031386,0.2617473969976914,0.16451850413154878,0.094323674459145,0.17648186004380756,-2.8192817631169373,2.486580303846317,-2.921841313157002,-2.3302840836398757,-3.215787996382892,1.7111958757000287,0.28000097851031386,0.4299368898360765,0.14993591132576262,0.2617473969976914,0.4452016018368269,0.1834542048391355,0.16451850413154878,0.5158630438765849,0.3513445397450361,0.094323674459145,0.3742783544037594,0.2799546799446144,0.17648186004380756,0.4358057853198905,0.25932392527608294,1144.0,0.5252757352941176,945.0,0.4338235294117647,908.0,0.41681985294117646,865.0,0.39705882352941174,952.0,0.43704044117647056,0.39705882352941174,WACC_0p7_WRT_0p3,0.44200367647058825,1419,False,,,False,False,False,False,False,25.0,0.10212765957446808
SPLL,RialtoBridgeTimelapse,1778,0.51,102,0.5500000000000002,0.6918554833251341,0,10,2368,1050,5,0.44,0.23906793048208064,0.1882292324443923,0.11980313471177635,0.2026480413366774,0.34518000828137413,0.3977731479350507,-2.8192817631169373,2.486580303846317,-2.921841313157002,-2.3302840836398757,-3.215787996382892,1.7111958757000287,0.1882292324443923,0.42554619551545914,0.23731696307106684,0.11980313471177635,0.44043073359401147,0.32062759888223513,0.2026480413366774,0.5411092971463749,0.3384612558096975,0.34518000828137413,0.39364835755046085,0.04846834926908672,0.3977731479350507,0.4348827346510371,0.03710958671598641,1046.0,0.4802389705882353,867.0,0.39797794117647056,1050.0,0.4820772058823529,1031.0,0.4733455882352941,943.0,0.4329044117647059,0.39797794117647056,WACC_0p3_WRT_0p7,0.45330882352941176,1420,False,,,False,False,False,False,False,10.0,0.03829787234042553
SPLL,RialtoBridgeTimelapse,870,0.6,308,0.775,0.4319514597091144,0,140,1541,1018,7,0.335,0.4501385076145859,0.5033776950265519,0.4977133516052208,0.435486746204504,0.051791695679477195,0.1528480036905766,-2.8192817631169373,2.486580303846317,-2.921841313157002,-2.3302840836398757,-3.215787996382892,1.7111958757000287,0.5033776950265519,0.4710778792859554,0.03229981574059654,0.4977133516052208,0.45526135495109465,0.042451996654126134,0.435486746204504,0.5424173964200085,0.10693065021550452,0.051791695679477195,0.3743664906321434,0.32257479495266617,0.1528480036905766,0.42806138221231055,0.27521337852173394,1883.0,0.8648897058823529,1072.0,0.4921875,1063.0,0.4880514705882353,867.0,0.39797794117647056,900.0,0.4131433823529412,0.39797794117647056,WACC_0p7_WRT_0p3,0.53125,1421,False,,,False,False,False,False,False,140.0,0.5914893617021276
SPLL,RialtoBridgeTimelapse,1116,0.37,868,0.2,0.1873326405049725,0,220,2517,4443,3,0.536,0.41066496142844083,0.6550807552661119,0.5358300424738415,0.23340230070229312,0.557656849430485,0.7110540902220589,-2.8192817631169373,2.486580303846317,-2.921841313157002,-2.3302840836398757,-3.215787996382892,1.7111958757000287,0.6550807552661119,0.41477651324552556,0.2403042420205863,0.5358300424738415,0.48448015349830986,0.05134988897553161,0.23340230070229312,0.6114730389821118,0.3780707382798187,0.557656849430485,0.48491489753849826,0.07274195189198673,0.7110540902220589,0.5698218602140298,0.1412322300080291,867.0,0.39797794117647056,1678.0,0.7706801470588235,2052.0,0.9425551470588235,1949.0,0.8952205882352942,1987.0,0.9126838235294118,0.39797794117647056,WACC_0p1_WRT_0p9,0.7838235294117646,1422,False,,,False,False,False,False,False,220.0,0.9319148936170213
SPLL,RialtoBridgeTimelapse,1549,0.58,204,0.725,0.5290255197785925,0,83,3817,1464,6,0.322,0.28656303976107245,0.3761048933803561,0.3563928321318012,0.25936462679109135,0.09426911668763652,0.19863746434360854,-2.8192817631169373,2.486580303846317,-2.921841313157002,-2.3302840836398757,-3.215787996382892,1.7111958757000287,0.3761048933803561,0.4715578904141618,0.09545299703380572,0.3563928321318012,0.48115770873876357,0.1247648766069624,0.25936462679109135,0.5795726456774472,0.3202080188863558,0.09426911668763652,0.37437999205412315,0.2801108753664866,0.19863746434360854,0.4231450538155217,0.22450758947191315,1889.0,0.8676470588235294,1589.0,0.7297794117647058,1519.0,0.6976102941176471,868.0,0.3984375,868.0,0.3984375,0.3984375,WACC_0p7_WRT_0p3,0.6183823529411765,1423,False,,,False,False,False,False,False,83.0,0.34893617021276596
SPLL,RialtoBridgeTimelapse,1846,0.55,223,0.6500000000000002,0.5080564552831432,0,99,713,1092,8,0.076,0.2667607497363416,0.3828817024843691,0.3480676262850747,0.21863592452986777,0.16721857082605562,0.2707224843738876,-2.8192817631169373,2.486580303846317,-2.921841313157002,-2.3302840836398757,-3.215787996382892,1.7111958757000287,0.3828817024843691,0.46249250154299026,0.07961079905862117,0.3480676262850747,0.4498809871734173,0.10181336088834259,0.21863592452986777,0.5237596427095251,0.30512371817965733,0.16721857082605562,0.3747291708293689,0.20751060000331328,0.2707224843738876,0.4518639456158085,0.18114146124192093,1778.0,0.8166360294117647,1001.0,0.45955882352941174,945.0,0.4338235294117647,869.0,0.39889705882352944,1059.0,0.48621323529411764,0.39889705882352944,WACC_0p7_WRT_0p3,0.5190257352941177,1424,False,,,False,False,False,False,False,99.0,0.41702127659574467
SPLL,RialtoBridgeTimelapse,706,0.41,264,0.3,0.4682920637394966,0,128,2442,3246,3,0.556,0.4200957028136627,0.38759818924862816,0.27448344347855347,0.3211527952738683,0.5477083240144531,0.6396253356763288,-2.8192817631169373,2.486580303846317,-2.921841313157002,-2.3302840836398757,-3.215787996382892,1.7111958757000287,0.38759818924862816,0.41480810343590446,0.027209914187276307,0.27448344347855347,0.46960141216914364,0.19511796869059017,0.3211527952738683,0.5741228445587976,0.2529700492849293,0.5477083240144531,0.44650007089666416,0.10120825311778897,0.6396253356763288,0.522287569083714,0.11733776659261486,869.0,0.39889705882352944,1343.0,0.6167279411764706,1442.0,0.6622242647058824,1605.0,0.7371323529411765,1629.0,0.7481617647058824,0.39889705882352944,WACC_0p1_WRT_0p9,0.6326286764705882,1425,False,,,False,False,False,False,False,128.0,0.5404255319148936
SPLL,RialtoBridgeTimelapse,2033,0.57,177,0.7,0.5624361392270425,0,61,827,981,10,0.463,0.22830138996398439,0.3336220501492434,0.30718566673047426,0.1941420589415512,0.13013496105935032,0.22349113886685296,-2.8192817631169373,2.486580303846317,-2.921841313157002,-2.3302840836398757,-3.215787996382892,1.7111958757000287,0.3336220501492434,0.4621128531647458,0.12849080301550242,0.30718566673047426,0.4405217028201318,0.13333603608965755,0.1941420589415512,0.5239313407787789,0.32978928183722767,0.13013496105935032,0.38165939015799166,0.25152442909864137,0.22349113886685296,0.4288595817466093,0.20536844287975636,1772.0,0.8138786764705882,870.0,0.3993566176470588,947.0,0.43474264705882354,931.0,0.4273897058823529,908.0,0.41681985294117646,0.3993566176470588,WACC_0p3_WRT_0p7,0.4984375,1426,False,,,False,False,False,False,False,61.0,0.2553191489361702
SPLL,RialtoBridgeTimelapse,2161,0.52,174,0.5750000000000002,0.5664573380935396,0,61,533,1104,8,0.028,0.1535800831753124,0.3111331009340438,0.2567442108633493,0.08250235818147979,0.26776375645613465,0.3513376414159969,-2.8192817631169373,2.486580303846317,-2.921841313157002,-2.3302840836398757,-3.215787996382892,1.7111958757000287,0.3111331009340438,0.4720712295416653,0.16093812860762152,0.2567442108633493,0.44901301474180466,0.19226880387845535,0.08250235818147979,0.5173872461764777,0.4348848879949979,0.26776375645613465,0.37510462597987443,0.10734086952373978,0.3513376414159969,0.4549496420783482,0.10361200066235132,1897.0,0.8713235294117647,989.0,0.4540441176470588,914.0,0.4195772058823529,871.0,0.39981617647058826,1089.0,0.5,0.39981617647058826,WACC_0p7_WRT_0p3,0.528952205882353,1427,False,,,False,False,False,False,False,61.0,0.2553191489361702
SPLL,RialtoBridgeTimelapse,1864,0.6,146,0.775,0.6077049623167738,0,31,4055,1418,3,0.272,0.2175461304233629,0.30050238395652923,0.2880944753508488,0.2042150704739925,0.06436643460854304,0.15226031269625642,-2.8192817631169373,2.486580303846317,-2.921841313157002,-2.3302840836398757,-3.215787996382892,1.7111958757000287,0.30050238395652923,0.4576112224212101,0.15710883846468088,0.2880944753508488,0.4704647233492448,0.18237024799839596,0.2042150704739925,0.5730009740422229,0.36878590356823043,0.06436643460854304,0.3860414535045148,0.3216750188959718,0.15226031269625642,0.4234571057943678,0.2711967930981114,1709.0,0.7849264705882353,1361.0,0.625,1420.0,0.6521139705882353,969.0,0.44485294117647056,871.0,0.39981617647058826,0.39981617647058826,WACC_0p9_WRT_0p1,0.5813419117647058,1428,False,,,False,False,False,False,False,31.0,0.1276595744680851
SPLL,RialtoBridgeTimelapse,690,0.42,555,0.325,0.2929810085631027,0,199,812,4089,9,0.579,0.34979529380427704,0.561396168815204,0.46490196519955057,0.20838929126869865,0.45394161562754515,0.5891450789056147,-2.8192817631169373,2.486580303846317,-2.921841313157002,-2.3302840836398757,-3.215787996382892,1.7111958757000287,0.561396168815204,0.4148517742652778,0.14654439454992624,0.46490196519955057,0.480610742754352,0.015708777554801434,0.20838929126869865,0.5873746557483264,0.3789853644796277,0.45394161562754515,0.5052194078569084,0.051277792229363295,0.5891450789056147,0.5928788468263633,0.003733767920748532,871.0,0.39981617647058826,1579.0,0.7251838235294118,1639.0,0.7527573529411765,2058.0,0.9453125,2097.0,0.9632352941176471,0.39981617647058826,WACC_0p1_WRT_0p9,0.7572610294117648,1429,False,,,False,False,False,False,False,199.0,0.8425531914893617
SPLL,RialtoBridgeTimelapse,1411,0.49,1648,0.5000000000000001,0.0357872478793597,0,213,2450,1209,4,0.33,0.7777985944570369,0.8733298133137017,0.8263276181675124,0.687664641469615,0.1900191986833834,0.4060995365226767,-2.8192817631169373,2.486580303846317,-2.921841313157002,-2.3302840836398757,-3.215787996382892,1.7111958757000287,0.8733298133137017,0.43749393464725284,0.4358358786664489,0.8263276181675124,0.44055290845967127,0.38577470970784117,0.687664641469615,0.5581854374099839,0.1294792040596311,0.1900191986833834,0.39820151536288473,0.20818231667950132,0.4060995365226767,0.45390065945336144,0.047801122930684725,1315.0,0.6038602941176471,872.0,0.40027573529411764,1207.0,0.5542279411764706,1079.0,0.4954044117647059,1079.0,0.4954044117647059,0.40027573529411764,WACC_0p3_WRT_0p7,0.5098345588235295,1430,False,,,False,False,False,False,False,213.0,0.902127659574468
SPLL,RialtoBridgeTimelapse,1796,0.57,144,0.7,0.6109457641941061,0,31,3344,1537,2,0.401,0.16764958117719672,0.28143967074336956,0.2528096911150803,0.1332045220654025,0.14468562293972223,0.22549835661748982,-2.8192817631169373,2.486580303846317,-2.921841313157002,-2.3302840836398757,-3.215787996382892,1.7111958757000287,0.28143967074336956,0.4248888632470164,0.14344919250364685,0.2528096911150803,0.4406022059468938,0.18779251483181353,0.1332045220654025,0.5313510218576986,0.39814649979229605,0.14468562293972223,0.3789097171456434,0.2342240942059212,0.22549835661748982,0.4366733089894897,0.21117495237199987,1035.0,0.47518382352941174,873.0,0.4007352941176471,990.0,0.45450367647058826,909.0,0.4172794117647059,961.0,0.4411764705882353,0.4007352941176471,WACC_0p3_WRT_0p7,0.4377757352941177,1431,False,,,False,False,False,False,False,31.0,0.1276595744680851
SPLL,RialtoBridgeTimelapse,1601,0.51,126,0.5500000000000002,0.6423029677833105,0,21,2959,2120,8,0.935,0.21012215012561278,0.23475545885944457,0.16988445869114943,0.15946319918476856,0.3244279578581343,0.38846409180845515,-2.8192817631169373,2.486580303846317,-2.921841313157002,-2.3302840836398757,-3.215787996382892,1.7111958757000287,0.23475545885944457,0.41488382530400075,0.18012836644455618,0.16988445869114943,0.4698444698958708,0.2999600112047214,0.15946319918476856,0.5583021753113786,0.39883897612661,0.3244279578581343,0.41019923766227095,0.08577127980413668,0.38846409180845515,0.48468684270074014,0.09622275089228499,873.0,0.4007352941176471,1348.0,0.6190257352941176,1210.0,0.5556066176470589,1196.0,0.5491727941176471,1311.0,0.6020220588235294,0.4007352941176471,WACC_0p1_WRT_0p9,0.5453125,1432,False,,,False,False,False,False,False,21.0,0.0851063829787234
SPLL,RialtoBridgeTimelapse,1081,0.59,288,0.75,0.4477817676742642,0,133,4231,1556,6,0.68,0.41025483677399693,0.47608677421666107,0.4647371740014367,0.38927091325871405,0.046158796015735505,0.17523453157067542,-2.8192817631169373,2.486580303846317,-2.921841313157002,-2.3302840836398757,-3.215787996382892,1.7111958757000287,0.47608677421666107,0.46356367343530175,0.01252310078135932,0.4647371740014367,0.48937443074025516,0.024637256738818447,0.38927091325871405,0.564562583418513,0.1752916701597989,0.046158796015735505,0.37546845557851993,0.3293096595627844,0.17523453157067542,0.428802607645758,0.2535680760750826,1795.0,0.8244485294117647,1794.0,0.8239889705882353,1283.0,0.5891544117647058,873.0,0.4007352941176471,907.0,0.4163602941176471,0.4007352941176471,WACC_0p7_WRT_0p3,0.6109375,1433,False,,,False,False,False,False,False,133.0,0.5617021276595745
SPLL,RialtoBridgeTimelapse,838,0.59,324,0.75,0.4200082379875257,0,147,3929,1320,6,0.067,0.44728746406492464,0.5084314934883896,0.49812927434462123,0.4260551638839244,0.03865867524345664,0.1754587294389939,-2.8192817631169373,2.486580303846317,-2.921841313157002,-2.3302840836398757,-3.215787996382892,1.7111958757000287,0.5084314934883896,0.48368655145493145,0.024744942033458117,0.49812927434462123,0.48451652759565983,0.013612746748961402,0.4260551638839244,0.5896427049632167,0.1635875410792923,0.03865867524345664,0.3921176865009849,0.35345901125752827,0.1754587294389939,0.4235625104184338,0.2481037809794399,2019.0,0.9273897058823529,1679.0,0.7711397058823529,1686.0,0.7743566176470589,1013.0,0.4650735294117647,873.0,0.4007352941176471,0.4007352941176471,WACC_0p9_WRT_0p1,0.6677389705882353,1434,False,,,False,False,False,False,False,147.0,0.6212765957446809
SPLL,RialtoBridgeTimelapse,1983,0.56,172,0.6750000000000003,0.5691766190378111,0,58,3013,1329,2,0.09,0.20509032871307867,0.3217318777475753,0.28957512942804237,0.16375329193097177,0.15884220934560064,0.248494282883904,-2.8192817631169373,2.486580303846317,-2.921841313157002,-2.3302840836398757,-3.215787996382892,1.7111958757000287,0.3217318777475753,0.43724167018041954,0.11550979243284426,0.28957512942804237,0.4462756757221547,0.15670054629411234,0.16375329193097177,0.5599821259496025,0.39622883401863074,0.15884220934560064,0.3757498676396612,0.21690765829406053,0.248494282883904,0.43363470553642663,0.18514042265252265,1310.0,0.6015625,959.0,0.44025735294117646,1227.0,0.5634191176470589,874.0,0.40119485294117646,937.0,0.43014705882352944,0.40119485294117646,WACC_0p7_WRT_0p3,0.4873161764705882,1435,False,,,False,False,False,False,False,58.0,0.2425531914893617
SPLL,RialtoBridgeTimelapse,1917,0.51,124,0.5500000000000002,0.6460582027798015,0,18,794,1862,10,0.907,0.2122531905170044,0.23117787514408758,0.16605211397362005,0.16268960479348155,0.3259331759146882,0.38909242804079075,-2.8192817631169373,2.486580303846317,-2.921841313157002,-2.3302840836398757,-3.215787996382892,1.7111958757000287,0.23117787514408758,0.4149045405069045,0.18372666536281693,0.16605211397362005,0.4669741358272883,0.30092202185366823,0.16268960479348155,0.5513294614628647,0.3886398566693831,0.3259331759146882,0.41986477690023405,0.09393160098554587,0.38909242804079075,0.4760311623310887,0.08693873429029797,874.0,0.40119485294117646,1287.0,0.5909926470588235,1138.0,0.5225183823529411,1318.0,0.6052389705882353,1241.0,0.5698529411764706,0.40119485294117646,WACC_0p1_WRT_0p9,0.5379595588235294,1436,False,,,False,False,False,False,False,18.0,0.07234042553191489
SPLL,RialtoBridgeTimelapse,87,0.59,172,0.75,0.5691766190378111,0,55,3820,1597,10,0.686,0.25100415670630793,0.3373911879549275,0.32129847037758374,0.23074208653875608,0.07954485082392705,0.17545754290830476,-2.8192817631169373,2.486580303846317,-2.921841313157002,-2.3302840836398757,-3.215787996382892,1.7111958757000287,0.3373911879549275,0.474921800288392,0.13753061233346447,0.32129847037758374,0.5037907002912994,0.1824922299137156,0.23074208653875608,0.5795412829067254,0.3487991963679693,0.07954485082392705,0.38338112675302843,0.3038362759291014,0.17545754290830476,0.4238773241335531,0.24841978122524835,1937.0,0.8897058823529411,2059.0,0.9457720588235294,1517.0,0.6966911764705882,946.0,0.4342830882352941,874.0,0.40119485294117646,0.40119485294117646,WACC_0p9_WRT_0p1,0.6735294117647059,1437,False,,,False,False,False,False,False,55.0,0.2297872340425532
SPLL,RialtoBridgeTimelapse,649,0.58,165,0.725,0.5789480602618828,0,50,4717,1828,5,0.818,0.22265753477599853,0.32074404381868027,0.2989497341510628,0.19548973194496683,0.10851462174563514,0.19961518977985346,-2.8192817631169373,2.486580303846317,-2.921841313157002,-2.3302840836398757,-3.215787996382892,1.7111958757000287,0.32074404381868027,0.43860020801317634,0.11785616419449607,0.2989497341510628,0.4711946577927304,0.1722449236416676,0.19548973194496683,0.5536191558276603,0.3581294238826935,0.10851462174563514,0.37585598726260316,0.267341365516968,0.19961518977985346,0.4263610248543275,0.22674583507447402,1339.0,0.6148897058823529,1375.0,0.6314338235294118,1158.0,0.5317095588235294,875.0,0.4016544117647059,886.0,0.40670955882352944,0.4016544117647059,WACC_0p7_WRT_0p3,0.5172794117647059,1438,False,,,False,False,False,False,False,50.0,0.20851063829787234
SPLL,RialtoBridgeTimelapse,223,0.58,137,0.725,0.622651500698375,0,26,4018,1775,10,0.999,0.16759120534331787,0.27325019362202607,0.24953497258305146,0.1402663362361785,0.1213902535185128,0.201086641713094,-2.8192817631169373,2.486580303846317,-2.921841313157002,-2.3302840836398757,-3.215787996382892,1.7111958757000287,0.27325019362202607,0.4283114074877508,0.15506121386572475,0.24953497258305146,0.47482236868254757,0.2252873960994961,0.1402663362361785,0.5636444399880656,0.42337810375188706,0.1213902535185128,0.38495770499444243,0.26356745147592964,0.201086641713094,0.4247832820984647,0.2236966403853707,1108.0,0.5087316176470589,1454.0,0.6677389705882353,1270.0,0.5831801470588235,958.0,0.4397977941176471,879.0,0.40349264705882354,0.40349264705882354,WACC_0p9_WRT_0p1,0.5205882352941177,1439,False,,,False,False,False,False,False,26.0,0.10638297872340426
SPLL,RialtoBridgeTimelapse,2045,0.56,225,0.6750000000000003,0.505953553992776,0,100,4985,2484,2,0.561,0.284513903190213,0.39016877867144906,0.36082169066101505,0.2434600026780198,0.1400860867182962,0.2461779232523266,-2.8192817631169373,2.486580303846317,-2.921841313157002,-2.3302840836398757,-3.215787996382892,1.7111958757000287,0.39016877867144906,0.41543334526436365,0.025264566592914595,0.36082169066101505,0.44964289564852267,0.08882120498750762,0.2434600026780198,0.5499026597477146,0.30644265706969476,0.1400860867182962,0.39104483718581823,0.25095875046752203,0.2461779232523266,0.45166093292817255,0.20548300967584596,880.0,0.4039522058823529,997.0,0.4577205882352941,1123.0,0.515625,1006.0,0.4618566176470588,1057.0,0.4852941176470588,0.4039522058823529,WACC_0p1_WRT_0p9,0.4648897058823529,1440,False,,,False,False,False,False,False,100.0,0.42127659574468085
SPLL,RialtoBridgeTimelapse,86,0.6,186,0.775,0.5507670696226381,0,64,1401,1060,10,0.504,0.2918121766551109,0.3651134418015972,0.35495926565715313,0.27820500872244985,0.048598818063698035,0.1519487889815791,-2.8192817631169373,2.486580303846317,-2.921841313157002,-2.3302840836398757,-3.215787996382892,1.7111958757000287,0.3651134418015972,0.4710961792898391,0.10598273748824188,0.35495926565715313,0.44466269985625817,0.08970343419910504,0.27820500872244985,0.5345333990383317,0.2563283903158819,0.048598818063698035,0.3790130921880208,0.3304142741243228,0.1519487889815791,0.4253052448420884,0.27335645586050933,1884.0,0.8653492647058824,932.0,0.42784926470588236,1005.0,0.46139705882352944,910.0,0.4177389705882353,882.0,0.40487132352941174,0.40487132352941174,WACC_0p9_WRT_0p1,0.5154411764705882,1441,False,,,False,False,False,False,False,64.0,0.2680851063829787
SPLL,RialtoBridgeTimelapse,2026,0.39,220,0.2500000000000001,0.511246276697515,0,100,349,3415,9,0.615,0.508538134666016,0.3459510344593722,0.21737101960550048,0.4220320929412131,0.6260264245190014,0.7057099963176171,-2.8192817631169373,2.486580303846317,-2.921841313157002,-2.3302840836398757,-3.215787996382892,1.7111958757000287,0.3459510344593722,0.4155429118388958,0.0695918773795236,0.21737101960550048,0.47442900705076946,0.257057987445269,0.4220320929412131,0.5867750631439538,0.1647429702027407,0.6260264245190014,0.5052550355553949,0.12077138896360651,0.7057099963176171,0.5921734802815091,0.11353651603610804,882.0,0.40487132352941174,1443.0,0.6626838235294118,1629.0,0.7481617647058824,2059.0,0.9457720588235294,2091.0,0.9604779411764706,0.40487132352941174,WACC_0p1_WRT_0p9,0.7443933823529412,1442,False,,,False,False,False,False,False,100.0,0.42127659574468085
SPLL,RialtoBridgeTimelapse,1473,0.58,202,0.725,0.5313448995078442,0,79,4801,1705,5,0.047,0.2835725618228635,0.37350965910590717,0.3537029409347868,0.2563796108533681,0.09492254835537504,0.19866940122018628,-2.8192817631169373,2.486580303846317,-2.921841313157002,-2.3302840836398757,-3.215787996382892,1.7111958757000287,0.37350965910590717,0.4772771809472214,0.10376752184131421,0.3537029409347868,0.5007611731269801,0.14705823219219327,0.2563796108533681,0.5935133152938811,0.337133704440513,0.09492254835537504,0.37657127211682834,0.2816487237614533,0.19866940122018628,0.43091210253714546,0.23224270131695918,1961.0,0.9007352941176471,2021.0,0.9283088235294118,1761.0,0.8088235294117647,883.0,0.4053308823529412,918.0,0.42141544117647056,0.4053308823529412,WACC_0p7_WRT_0p3,0.692922794117647,1443,False,,,False,False,False,False,False,79.0,0.33191489361702126
SPLL,RialtoBridgeTimelapse,1768,0.59,150,0.75,0.6013535785033906,0,35,3808,1795,8,0.966,0.2096839664987106,0.3015670848754281,0.28414538250465343,0.18946682984014332,0.08867344445227102,0.17600352148780068,-2.8192817631169373,2.486580303846317,-2.921841313157002,-2.3302840836398757,-3.215787996382892,1.7111958757000287,0.3015670848754281,0.42614754112576736,0.12458045625033926,0.28414538250465343,0.48163463952247887,0.19748925701782544,0.18946682984014332,0.5410439016223673,0.35157707178222397,0.08867344445227102,0.38037980678625993,0.29170636233398894,0.17600352148780068,0.42629031008248947,0.2502867885946888,1060.0,0.4866727941176471,1598.0,0.7339154411764706,1049.0,0.48161764705882354,920.0,0.42233455882352944,884.0,0.40579044117647056,0.40579044117647056,WACC_0p9_WRT_0p1,0.5060661764705883,1444,False,,,False,False,False,False,False,35.0,0.14468085106382977
SPLL,RialtoBridgeTimelapse,1272,0.36,859,0.175,0.1897955586861636,0,220,2322,4467,8,0.654,0.42007030362037234,0.6501596207121066,0.5250260795896883,0.2399650800008823,0.586635924176477,0.73793045675088,-2.8192817631169373,2.486580303846317,-2.921841313157002,-2.3302840836398757,-3.215787996382892,1.7111958757000287,0.6501596207121066,0.4156222556803664,0.23453736503174022,0.5250260795896883,0.4929134303538021,0.03211264923588619,0.2399650800008823,0.60553472091946,0.36556964091857774,0.586635924176477,0.494489479035232,0.09214644514124504,0.73793045675088,0.5933334602595601,0.14459699649131985,884.0,0.40579044117647056,1872.0,0.8598345588235294,1972.0,0.9057904411764706,2004.0,0.9204963235294118,2099.0,0.9641544117647058,0.40579044117647056,WACC_0p1_WRT_0p9,0.8112132352941176,1445,False,,,False,False,False,False,False,220.0,0.9319148936170213
SPLL,RialtoBridgeTimelapse,1380,0.4,335,0.2750000000000001,0.4121336132394091,0,159,368,3101,2,0.234,0.41902790351901525,0.43974568774550576,0.3244526346600666,0.303970546350854,0.5544244201170158,0.6581682684404101,-2.8192817631169373,2.486580303846317,-2.921841313157002,-2.3302840836398757,-3.215787996382892,1.7111958757000287,0.43974568774550576,0.415652208760565,0.02409347898494074,0.3244526346600666,0.45644434797479166,0.1319917133147251,0.303970546350854,0.5725738641893813,0.26860331783852726,0.5544244201170158,0.47223674360734114,0.08218767650967462,0.6581682684404101,0.5594583097843912,0.09870995865601895,885.0,0.40625,1093.0,0.5018382352941176,1411.0,0.6479779411764706,1846.0,0.8478860294117647,1921.0,0.8823529411764706,0.40625,WACC_0p1_WRT_0p9,0.6572610294117648,1446,False,,,False,False,False,False,False,159.0,0.6723404255319149
SPLL,RialtoBridgeTimelapse,126,0.58,383,0.725,0.3805434457343299,0,163,3998,1751,10,0.001,0.48151879099096656,0.5459222880546982,0.5320014829003029,0.45341452328757714,0.05347021705147687,0.1984404212379513,-2.8192817631169373,2.486580303846317,-2.921841313157002,-2.3302840836398757,-3.215787996382892,1.7111958757000287,0.5459222880546982,0.5219464546350662,0.023975833419632053,0.5320014829003029,0.5347480765928042,0.002746593692501298,0.45341452328757714,0.5973449118682634,0.1439303885806863,0.05347021705147687,0.37667112212417614,0.3232009050726993,0.1984404212379513,0.4326896000562423,0.234249178818291,2147.0,0.9862132352941176,2167.0,0.9954044117647058,1847.0,0.8483455882352942,885.0,0.40625,935.0,0.42922794117647056,0.40625,WACC_0p7_WRT_0p3,0.7330882352941177,1447,False,,,False,False,False,False,False,163.0,0.6893617021276596
SPLL,RialtoBridgeTimelapse,853,0.58,166,0.725,0.5775271860960967,0,51,4632,1985,7,0.901,0.2244623031800877,0.3223043232305712,0.30057073835414544,0.1972964157733635,0.1081032113485031,0.19957804633621995,-2.8192817631169373,2.486580303846317,-2.921841313157002,-2.3302840836398757,-3.215787996382892,1.7111958757000287,0.3223043232305712,0.42254221848134416,0.10023789525077298,0.30057073835414544,0.48483624297169436,0.18426550461754893,0.1972964157733635,0.5623213705478431,0.36502495477447966,0.1081032113485031,0.381950374717221,0.2738471633687179,0.19957804633621995,0.42667902423386656,0.2271009778976466,993.0,0.45588235294117646,1684.0,0.7734375,1258.0,0.5776654411764706,935.0,0.42922794117647056,888.0,0.40762867647058826,0.40762867647058826,WACC_0p9_WRT_0p1,0.5287683823529412,1448,False,,,False,False,False,False,False,51.0,0.2127659574468085
SPLL,RialtoBridgeTimelapse,153,0.58,257,0.725,0.4746252291679451,0,119,1515,1364,10,0.217,0.3572380449722148,0.43754156248936965,0.4200045843179934,0.3298207935441459,0.07912015230161497,0.19819042181364857,-2.8192817631169373,2.486580303846317,-2.921841313157002,-2.3302840836398757,-3.215787996382892,1.7111958757000287,0.43754156248936965,0.4675782423459346,0.03003667985656494,0.4200045843179934,0.4847192381389822,0.06471465382098879,0.3298207935441459,0.5672005367936658,0.23737974324951988,0.07912015230161497,0.3831378433720582,0.30401769107044324,0.19819042181364857,0.42670924751478045,0.22851882570113188,1852.0,0.8506433823529411,1683.0,0.7729779411764706,1326.0,0.6089154411764706,943.0,0.4329044117647059,889.0,0.40808823529411764,0.40808823529411764,WACC_0p9_WRT_0p1,0.6147058823529412,1449,False,,,False,False,False,False,False,119.0,0.502127659574468
SPLL,RialtoBridgeTimelapse,1833,0.36,590,0.175,0.2785386533806833,0,206,434,4340,7,0.506,0.46742020468198064,0.5625269739895526,0.4321057068754003,0.3141698343692964,0.6188727254824467,0.7488424746675763,-2.8192817631169373,2.486580303846317,-2.921841313157002,-2.3302840836398757,-3.215787996382892,1.7111958757000287,0.5625269739895526,0.4159659211525136,0.14656105283703907,0.4321057068754003,0.4737919810609255,0.04168627418552523,0.3141698343692964,0.57852825114928,0.26435841677998356,0.6188727254824467,0.5289455096433081,0.08992721583913854,0.7488424746675763,0.608693773338163,0.14014870132941326,889.0,0.40808823529411764,1427.0,0.6553308823529411,1502.0,0.6897977941176471,2133.0,0.9797794117647058,2140.0,0.9829963235294118,0.40808823529411764,WACC_0p1_WRT_0p9,0.7431985294117648,1450,False,,,False,False,False,False,False,206.0,0.8723404255319149
SPLL,RialtoBridgeTimelapse,793,0.58,155,0.725,0.5936468762779661,0,41,4282,1742,2,0.475,0.2040392258833593,0.3046605847194832,0.28223218062854266,0.17684058936292207,0.11279505492635067,0.20003633649345395,-2.8192817631169373,2.486580303846317,-2.921841313157002,-2.3302840836398757,-3.215787996382892,1.7111958757000287,0.3046605847194832,0.432859122460142,0.1281985377406588,0.28223218062854266,0.44300130891714873,0.16076912828860607,0.17684058936292207,0.546992340850247,0.3701517514873249,0.11279505492635067,0.3771919161546645,0.26439686122831385,0.20003633649345395,0.4327836134400862,0.23274727694663225,1218.0,0.5592830882352942,902.0,0.4140625,1091.0,0.5009191176470589,890.0,0.4085477941176471,936.0,0.4296875,0.4085477941176471,WACC_0p7_WRT_0p3,0.4625,1451,False,,,False,False,False,False,False,41.0,0.1702127659574468
SPLL,RialtoBridgeTimelapse,836,0.54,192,0.6250000000000002,0.5432956643483142,0,74,1219,1981,5,0.724,0.20863927172118393,0.34117223426446586,0.29924456723474413,0.15298311984545646,0.20492022421467632,0.2975295207989993,-2.8192817631169373,2.486580303846317,-2.921841313157002,-2.3302840836398757,-3.215787996382892,1.7111958757000287,0.34117223426446586,0.41598517737301083,0.07481294310854497,0.29924456723474413,0.46097482329219586,0.16173025605745173,0.15298311984545646,0.5511294961780654,0.39814637633260896,0.20492022421467632,0.4000823220515036,0.1951620978368273,0.2975295207989993,0.47203311085328453,0.17450359005428523,890.0,0.4085477941176471,1173.0,0.5386029411764706,1135.0,0.5211397058823529,1092.0,0.5013786764705882,1213.0,0.5569852941176471,0.4085477941176471,WACC_0p1_WRT_0p9,0.5053308823529412,1452,False,,,False,False,False,False,False,74.0,0.31063829787234043
SPLL,RialtoBridgeTimelapse,912,0.57,262,0.7,0.4700843059283132,0,121,4128,1717,7,0.287,0.3464012711533566,0.4358994483039553,0.4133302458227467,0.31221303744297013,0.10371814176417658,0.22158940643654307,-2.8192817631169373,2.486580303846317,-2.921841313157002,-2.3302840836398757,-3.215787996382892,1.7111958757000287,0.4358994483039553,0.4749386591989882,0.03903921089503293,0.4133302458227467,0.49709232806053466,0.08376208223778797,0.31221303744297013,0.5805852368627933,0.26837219941982315,0.10371814176417658,0.3868223924070314,0.2831042506428548,0.22158940643654307,0.4269437795724211,0.205354373135878,1938.0,0.8901654411764706,1954.0,0.8975183823529411,1530.0,0.7026654411764706,974.0,0.44715073529411764,890.0,0.4085477941176471,0.4085477941176471,WACC_0p9_WRT_0p1,0.6692095588235294,1453,False,,,False,False,False,False,False,121.0,0.5106382978723404
SPLL,RialtoBridgeTimelapse,1009,0.58,161,0.725,0.5847184643199843,0,46,4577,1632,1,0.039,0.21533706980131917,0.31441744276436256,0.2923755099582389,0.18815959698089674,0.1101895982809899,0.19977236706017448,-2.8192817631169373,2.486580303846317,-2.921841313157002,-2.3302840836398757,-3.215787996382892,1.7111958757000287,0.31441744276436256,0.4552443961988998,0.14082695343453722,0.2923755099582389,0.4516380548753148,0.15926254491707587,0.18815959698089674,0.5608518151124758,0.3726922181315791,0.1101895982809899,0.3873065528521957,0.2771169545712058,0.19977236706017448,0.4270415161796495,0.22726914911947504,1670.0,0.7670036764705882,1027.0,0.47150735294117646,1240.0,0.5693933823529411,976.0,0.44806985294117646,891.0,0.40900735294117646,0.40900735294117646,WACC_0p9_WRT_0p1,0.5329963235294117,1454,False,,,False,False,False,False,False,46.0,0.19148936170212766
SPLL,RialtoBridgeTimelapse,2010,0.53,305,0.6000000000000002,0.4342595252109815,0,143,1740,2504,2,0.47,0.3296289476646781,0.453179103442677,0.4108475578754518,0.2676209292597922,0.19855338907177755,0.31725811710627877,-2.8192817631169373,2.486580303846317,-2.921841313157002,-2.3302840836398757,-3.215787996382892,1.7111958757000287,0.453179103442677,0.41805983892281656,0.035119264519860416,0.4108475578754518,0.4422461616667666,0.031398603791314816,0.2676209292597922,0.5663428773768361,0.2987219481170439,0.19855338907177755,0.42700338295664303,0.22844999388486548,0.31725811710627877,0.5015292286680056,0.18427111156172687,918.0,0.42141544117647056,892.0,0.4094669117647059,1310.0,0.6015625,1394.0,0.6401654411764706,1444.0,0.6631433823529411,0.4094669117647059,WACC_0p3_WRT_0p7,0.5471507352941176,1455,False,,,False,False,False,False,False,143.0,0.6042553191489362
SPLL,RialtoBridgeTimelapse,1095,0.58,203,0.725,0.5301823672547157,0,81,4114,2090,10,0.949,0.28507121808657426,0.3748101918510761,0.3550509405319503,0.25787557364456387,0.09459494254659517,0.19865324621683764,-2.8192817631169373,2.486580303846317,-2.921841313157002,-2.3302840836398757,-3.215787996382892,1.7111958757000287,0.3748101918510761,0.437323884906783,0.06251369305570686,0.3550509405319503,0.4947322270007938,0.13968128646884348,0.25787557364456387,0.5635823688298723,0.30570679518530847,0.09459494254659517,0.38736331448435385,0.2927683719377587,0.19865324621683764,0.4270585650879114,0.22840531887107376,1311.0,0.6020220588235294,1904.0,0.8745404411764706,1269.0,0.5827205882352942,977.0,0.4485294117647059,892.0,0.4094669117647059,0.4094669117647059,WACC_0p9_WRT_0p1,0.5834558823529413,1456,False,,,False,False,False,False,False,81.0,0.3404255319148936
SPLL,RialtoBridgeTimelapse,1008,0.44,238,0.3750000000000001,0.4927222657384131,0,113,569,2294,9,0.627,0.3413099303919217,0.3681770760364956,0.27142734341836405,0.24875973665153592,0.4695563717316402,0.5595892181792955,-2.8192817631169373,2.486580303846317,-2.921841313157002,-2.3302840836398757,-3.215787996382892,1.7111958757000287,0.3681770760364956,0.41606524669519246,0.04788817065869688,0.27142734341836405,0.4665524171308476,0.19512507371248355,0.24875973665153592,0.5836815889252567,0.33492185227372073,0.4695563717316402,0.4399023819337293,0.029653989797910896,0.5595892181792955,0.5212370523063505,0.03835216587294499,892.0,0.4094669117647059,1277.0,0.5863970588235294,1575.0,0.7233455882352942,1522.0,0.6989889705882353,1620.0,0.7440257352941176,0.4094669117647059,WACC_0p1_WRT_0p9,0.6324448529411765,1457,False,,,False,False,False,False,False,113.0,0.4765957446808511
SPLL,RialtoBridgeTimelapse,1752,0.58,192,0.725,0.5432956643483142,0,71,4277,1958,4,0.765,0.26819576478242557,0.3601716978571207,0.33987431989770606,0.24102519100882658,0.09830112690729957,0.19885318875842092,-2.8192817631169373,2.486580303846317,-2.921841313157002,-2.3302840836398757,-3.215787996382892,1.7111958757000287,0.3601716978571207,0.4280765493951725,0.06790485153805176,0.33987431989770606,0.4750587881106997,0.13518446821299362,0.24102519100882658,0.546805508513367,0.3057803175045404,0.09830112690729957,0.3772623389276524,0.2789612120203528,0.19885318875842092,0.4317597011121586,0.2329065123537377,1101.0,0.5055147058823529,1459.0,0.6700367647058824,1088.0,0.49954044117647056,893.0,0.4099264705882353,928.0,0.4260110294117647,0.4099264705882353,WACC_0p7_WRT_0p3,0.5022058823529412,1458,False,,,False,False,False,False,False,71.0,0.2978723404255319
SPLL,RialtoBridgeTimelapse,167,0.58,142,0.725,0.6142315786458887,0,29,5000,1772,6,0.637,0.17813071196182456,0.28232176274211374,0.2589854282189469,0.15085216871927276,0.11887266060017351,0.200749247429394,-2.8192817631169373,2.486580303846317,-2.921841313157002,-2.3302840836398757,-3.215787996382892,1.7111958757000287,0.28232176274211374,0.4708687351468389,0.18854697240472518,0.2589854282189469,0.4955576223927863,0.2365721941738394,0.15085216871927276,0.5661259072303564,0.4152737385110836,0.11887266060017351,0.37753563555953756,0.2586629749593641,0.200749247429394,0.42900898891123707,0.22825974148184305,1878.0,0.8625919117647058,1924.0,0.8837316176470589,1306.0,0.5997242647058824,895.0,0.4108455882352941,909.0,0.4172794117647059,0.4108455882352941,WACC_0p7_WRT_0p3,0.6348345588235295,1459,False,,,False,False,False,False,False,29.0,0.11914893617021277
SPLL,RialtoBridgeTimelapse,75,0.58,167,0.725,0.5761147948116947,0,52,4171,1995,10,0.927,0.22625715649983588,0.32385623627854576,0.3021829184162633,0.19909299418149393,0.10769464979969792,0.19954172346940408,-2.8192817631169373,2.486580303846317,-2.921841313157002,-2.3302840836398757,-3.215787996382892,1.7111958757000287,0.32385623627854576,0.4431434387952754,0.11928720251672964,0.3021829184162633,0.4955529739719264,0.19337005555566306,0.19909299418149393,0.5689996781424049,0.369906683960911,0.10769464979969792,0.38555841143243635,0.2778637616327384,0.19954172346940408,0.42788652933329635,0.22834480586389228,1434.0,0.6585477941176471,1923.0,0.8832720588235294,1353.0,0.6213235294117647,964.0,0.44255514705882354,899.0,0.41268382352941174,0.41268382352941174,WACC_0p9_WRT_0p1,0.6036764705882353,1460,False,,,False,False,False,False,False,52.0,0.2170212765957447
SPLL,RialtoBridgeTimelapse,1589,0.57,193,0.7,0.5420730526481163,0,74,4622,1825,6,0.395,0.2540646486697086,0.35587024717884347,0.3303157920600051,0.21995449245354748,0.12419056595761517,0.2228860580839001,-2.8192817631169373,2.486580303846317,-2.921841313157002,-2.3302840836398757,-3.215787996382892,1.7111958757000287,0.35587024717884347,0.4825600356589687,0.12668978848012524,0.3303157920600051,0.493641835645627,0.16332604358562192,0.21995449245354748,0.5922842812894268,0.3723297888358793,0.12419056595761517,0.3779142542933441,0.2537236883357289,0.2228860580839001,0.4388353723228359,0.21594931423893582,2010.0,0.9232536764705882,1887.0,0.8667279411764706,1730.0,0.7945772058823529,899.0,0.41268382352941174,967.0,0.44393382352941174,0.41268382352941174,WACC_0p7_WRT_0p3,0.6882352941176471,1461,False,,,False,False,False,False,False,74.0,0.31063829787234043
SPLL,RialtoBridgeTimelapse,764,0.45,889,0.4000000000000001,0.1816836267015267,0,219,1664,4542,5,0.512,0.5277199090203143,0.6884098842075703,0.6140966710290996,0.4099549688731422,0.33660975229357804,0.5050735650588225,-2.8192817631169373,2.486580303846317,-2.921841313157002,-2.3302840836398757,-3.215787996382892,1.7111958757000287,0.6884098842075703,0.4164191794773122,0.2719907047302581,0.6140966710290996,0.48059397388267805,0.13350269714642155,0.4099549688731422,0.5992114409257335,0.18925647205259133,0.33660975229357804,0.4741086987448169,0.1374989464512389,0.5050735650588225,0.5559801862910326,0.050906621232210125,899.0,0.41268382352941174,1578.0,0.7247242647058824,1883.0,0.8648897058823529,1858.0,0.8534007352941176,1883.0,0.8648897058823529,0.41268382352941174,WACC_0p1_WRT_0p9,0.7441176470588236,1462,False,,,False,False,False,False,False,219.0,0.9276595744680851
SPLL,RialtoBridgeTimelapse,2155,0.45,573,0.4000000000000001,0.2854434735200449,0,196,3050,4923,7,0.523,0.399451206150327,0.578499015310572,0.49927705431905933,0.2806915000760893,0.3686603564892025,0.5106573867587157,-2.8192817631169373,2.486580303846317,-2.921841313157002,-2.3302840836398757,-3.215787996382892,1.7111958757000287,0.578499015310572,0.4165780562661163,0.1619209590444557,0.49927705431905933,0.48635915095771054,0.012917903361348793,0.2806915000760893,0.6030910807848856,0.3223995807087963,0.3686603564892025,0.4906027315304069,0.12194237504120442,0.5106573867587157,0.570083734056689,0.05942634729797325,900.0,0.4131433823529412,1724.0,0.7918198529411765,1942.0,0.8920036764705882,1982.0,0.9103860294117647,1989.0,0.9136029411764706,0.4131433823529412,WACC_0p1_WRT_0p9,0.7841911764705883,1463,False,,,False,False,False,False,False,196.0,0.8297872340425532
SPLL,RialtoBridgeTimelapse,1413,0.57,171,0.7,0.5705480712116793,0,57,3450,1610,2,0.192,0.21808630499114584,0.3248129793159746,0.29801948342715473,0.18389671704977684,0.13252712388775936,0.22376794191319993,-2.8192817631169373,2.486580303846317,-2.921841313157002,-2.3302840836398757,-3.215787996382892,1.7111958757000287,0.3248129793159746,0.43711706600217753,0.11230408668620295,0.29801948342715473,0.46405314395770697,0.16603366053055224,0.18389671704977684,0.5671136455881403,0.3832169285383634,0.13252712388775936,0.3779793771737295,0.24545225328597012,0.22376794191319993,0.4437490694448332,0.2199811275316333,1304.0,0.5988051470588235,1232.0,0.5657169117647058,1324.0,0.6079963235294118,901.0,0.41360294117647056,1002.0,0.4600183823529412,0.41360294117647056,WACC_0p7_WRT_0p3,0.5292279411764705,1464,False,,,False,False,False,False,False,57.0,0.23829787234042554
SPLL,RialtoBridgeTimelapse,1370,0.49,630,0.5000000000000001,0.263045403912992,0,202,4810,4149,7,0.74,0.48513375680428183,0.6194513654048767,0.5631216986103788,0.3954419267822961,0.2542702034016091,0.409541929958497,-2.8192817631169373,2.486580303846317,-2.921841313157002,-2.3302840836398757,-3.215787996382892,1.7111958757000287,0.6194513654048767,0.41664212059176264,0.20280924481311402,0.5631216986103788,0.48764627245193387,0.07547542615844488,0.3954419267822961,0.5943628294041406,0.19892090262184453,0.2542702034016091,0.4503776808178406,0.19610747741623147,0.409541929958497,0.5134705348352676,0.10392860487677064,901.0,0.41360294117647056,1755.0,0.8060661764705882,1779.0,0.8170955882352942,1629.0,0.7481617647058824,1553.0,0.7132352941176471,0.41360294117647056,WACC_0p1_WRT_0p9,0.6996323529411765,1465,False,,,False,False,False,False,False,202.0,0.8553191489361702
SPLL,RialtoBridgeTimelapse,847,0.59,161,0.75,0.5847184643199843,0,45,3776,1512,1,0.126,0.23099129305936927,0.32002869069674406,0.3032992976353993,0.21076112293967275,0.08393297448545273,0.17568722335627182,-2.8192817631169373,2.486580303846317,-2.921841313157002,-2.3302840836398757,-3.215787996382892,1.7111958757000287,0.32002869069674406,0.435473879856272,0.11544518915952795,0.3032992976353993,0.44480729482257997,0.14150799718718066,0.21076112293967275,0.5354652511861058,0.324704128246433,0.08393297448545273,0.37798901222075254,0.2940560377352998,0.17568722335627182,0.43245853749999885,0.256771314143727,1268.0,0.5822610294117647,935.0,0.42922794117647056,1013.0,0.4650735294117647,902.0,0.4140625,933.0,0.42830882352941174,0.4140625,WACC_0p7_WRT_0p3,0.4637867647058823,1466,False,,,False,False,False,False,False,45.0,0.18723404255319148
SPLL,RialtoBridgeTimelapse,1706,0.53,240,0.6000000000000002,0.4907507973506212,0,111,1584,2405,2,0.492,0.2592586335766685,0.3927109761498551,0.34778863694092055,0.19685291080534734,0.2156522544307773,0.319813912744506,-2.8192817631169373,2.486580303846317,-2.921841313157002,-2.3302840836398757,-3.215787996382892,1.7111958757000287,0.3927109761498551,0.41808040099847493,0.025369424848619815,0.34778863694092055,0.44304005898295296,0.09525142204203241,0.19685291080534734,0.5638790473850528,0.36702613657970545,0.2156522544307773,0.4214320329876373,0.20577977855686003,0.319813912744506,0.49714515598867254,0.17733124324416655,919.0,0.421875,903.0,0.41452205882352944,1274.0,0.5850183823529411,1342.0,0.6162683823529411,1412.0,0.6484375,0.41452205882352944,WACC_0p3_WRT_0p7,0.5372242647058824,1467,False,,,False,False,False,False,False,111.0,0.46808510638297873
SPLL,RialtoBridgeTimelapse,1816,0.58,263,0.725,0.4691864876308039,0,121,4327,1605,10,0.176,0.36435645301974645,0.44373893919834306,0.42641532333360416,0.33690888711925077,0.0776214262671558,0.19817376083749855,-2.8192817631169373,2.486580303846317,-2.921841313157002,-2.3302840836398757,-3.215787996382892,1.7111958757000287,0.44373893919834306,0.48282449627770063,0.03908555707935757,0.42641532333360416,0.49886530863047907,0.07244998529687491,0.33690888711925077,0.5901955919337641,0.2532867048145134,0.0776214262671558,0.37801460194869857,0.3003931756815428,0.19817376083749855,0.42982333066879314,0.2316495698312946,2012.0,0.9241727941176471,1978.0,0.9085477941176471,1693.0,0.7775735294117647,903.0,0.41452205882352944,912.0,0.4186580882352941,0.41452205882352944,WACC_0p7_WRT_0p3,0.6886948529411765,1468,False,,,False,False,False,False,False,121.0,0.5106382978723404
SPLL,RialtoBridgeTimelapse,680,0.47,612,0.45,0.2698920989203224,0,202,4188,4369,3,0.585,0.4469360890098623,0.6027278409633937,0.5352664790135089,0.34294436304447923,0.3096567140147297,0.45921853657173134,-2.8192817631169373,2.486580303846317,-2.921841313157002,-2.3302840836398757,-3.215787996382892,1.7111958757000287,0.6027278409633937,0.416739066354922,0.18598877460847169,0.5352664790135089,0.48596916749954633,0.04929731151396255,0.34294436304447923,0.6067652421930128,0.2638208791485335,0.3096567140147297,0.4595450804400388,0.14988836642530906,0.45921853657173134,0.5289365432679001,0.06971800669616873,903.0,0.41452205882352944,1719.0,0.7895220588235294,1988.0,0.9131433823529411,1714.0,0.7872242647058824,1681.0,0.7720588235294118,0.41452205882352944,WACC_0p1_WRT_0p9,0.7352941176470588,1469,False,,,False,False,False,False,False,202.0,0.8553191489361702
SPLL,RialtoBridgeTimelapse,2069,0.34,347,0.1250000000000001,0.4038318899590308,0,164,2229,3105,2,0.319,0.6011641016214977,0.44121686476534344,0.29008000491514424,0.48475199766661375,0.7286529120047506,0.8269319397525852,-2.8192817631169373,2.486580303846317,-2.921841313157002,-2.3302840836398757,-3.215787996382892,1.7111958757000287,0.44121686476534344,0.41690450086732295,0.024312363898020495,0.29008000491514424,0.460528626993011,0.17044862207786676,0.48475199766661375,0.57616399557187,0.09141199790525628,0.7286529120047506,0.4636106777602047,0.26504223424454587,0.8269319397525852,0.5471722056836691,0.2797597340689161,904.0,0.4149816176470588,1167.0,0.5358455882352942,1468.0,0.6741727941176471,1759.0,0.8079044117647058,1807.0,0.8299632352941176,0.4149816176470588,WACC_0p1_WRT_0p9,0.6525735294117647,1470,False,,,False,False,False,False,False,164.0,0.6936170212765957
SPLL,RialtoBridgeTimelapse,1676,0.54,124,0.6250000000000002,0.6460582027798015,0,17,2587,1058,9,0.519,0.12081165088356588,0.23621361452406361,0.188818817287097,0.07014326299372682,0.23931834609399213,0.30652704699134237,-2.8192817631169373,2.486580303846317,-2.921841313157002,-2.3302840836398757,-3.215787996382892,1.7111958757000287,0.23621361452406361,0.45795744108975706,0.22174382656569344,0.188818817287097,0.4554230961973788,0.2666042789102818,0.07014326299372682,0.5469958029049607,0.47685253991123394,0.23931834609399213,0.37852618746592875,0.13920784137193662,0.30652704699134237,0.4482848154547598,0.14175776846341742,1714.0,0.7872242647058824,1075.0,0.49356617647058826,1092.0,0.5013786764705882,905.0,0.41544117647058826,1035.0,0.47518382352941174,0.41544117647058826,WACC_0p7_WRT_0p3,0.5345588235294118,1471,False,,,False,False,False,False,False,17.0,0.06808510638297872
SPLL,RialtoBridgeTimelapse,1417,0.58,187,0.725,0.5495053341654337,0,68,3975,1945,3,0.733,0.26022745503887307,0.3532644366984346,0.3327100685705133,0.2330645257885985,0.10006485333197991,0.1989619761636695,-2.8192817631169373,2.486580303846317,-2.921841313157002,-2.3302840836398757,-3.215787996382892,1.7111958757000287,0.3532644366984346,0.4170160523879339,0.06375161568949927,0.3327100685705133,0.4449965513385436,0.11228648276803033,0.2330645257885985,0.5344003344205931,0.3013358086319946,0.10006485333197991,0.3812536557305627,0.2811888023985828,0.1989619761636695,0.44120951333338193,0.24224753716971242,906.0,0.41590073529411764,939.0,0.43106617647058826,1003.0,0.46047794117647056,926.0,0.4250919117647059,980.0,0.4499080882352941,0.41590073529411764,WACC_0p1_WRT_0p9,0.4364889705882352,1472,False,,,False,False,False,False,False,68.0,0.2851063829787234
SPLL,RialtoBridgeTimelapse,1153,0.57,90,0.7,0.7211598858267796,0,6,1486,1748,6,0.794,0.07046095371366716,0.16818754158310198,0.1337981699924297,0.04106943863732572,0.18112213708575764,0.23454984133564769,-2.8192817631169373,2.486580303846317,-2.921841313157002,-2.3302840836398757,-3.215787996382892,1.7111958757000287,0.16818754158310198,0.42696085356647784,0.25877331198337583,0.1337981699924297,0.4629456000811691,0.32914743008873937,0.04106943863732572,0.5350754899734625,0.49400605133613684,0.18112213708575764,0.37859140605655667,0.19746926897079903,0.23454984133564769,0.446605956506303,0.21205611517065534,1078.0,0.49494485294117646,1200.0,0.5510110294117647,1010.0,0.46369485294117646,906.0,0.41590073529411764,1025.0,0.47058823529411764,0.41590073529411764,WACC_0p7_WRT_0p3,0.47922794117647055,1473,False,,,False,False,False,False,False,6.0,0.02127659574468085
SPLL,RialtoBridgeTimelapse,159,0.59,138,0.75,0.6209433717076739,0,25,4957,1771,5,0.494,0.18475195746672837,0.28000097851031386,0.2617473969976914,0.16451850413154878,0.094323674459145,0.17648186004380756,-2.8192817631169373,2.486580303846317,-2.921841313157002,-2.3302840836398757,-3.215787996382892,1.7111958757000287,0.28000097851031386,0.47196048670136603,0.19195950819105217,0.2617473969976914,0.49430970078952297,0.23256230379183157,0.16451850413154878,0.5841200246649976,0.4196015205334488,0.094323674459145,0.3859656737206589,0.2916419992615139,0.17648186004380756,0.4287859612580714,0.25230410121426383,1896.0,0.8708639705882353,1898.0,0.8717830882352942,1586.0,0.7284007352941176,967.0,0.44393382352941174,906.0,0.41590073529411764,0.41590073529411764,WACC_0p9_WRT_0p1,0.6661764705882354,1474,False,,,False,False,False,False,False,25.0,0.10212765957446808
SPLL,RialtoBridgeTimelapse,862,0.41,469,0.3,0.3327340032122036,0,187,2718,4907,4,0.431,0.3454544935483517,0.5190215851570025,0.4145499491133305,0.2062550807224073,0.495894313591792,0.619907827991979,-2.8192817631169373,2.486580303846317,-2.921841313157002,-2.3302840836398757,-3.215787996382892,1.7111958757000287,0.5190215851570025,0.41722305787203395,0.10179852728496852,0.4145499491133305,0.4951148145463777,0.0805648654330472,0.2062550807224073,0.609830603424266,0.4035755227018587,0.495894313591792,0.4953031090770464,0.0005912045147455913,0.619907827991979,0.5781814456125614,0.041726382379417615,907.0,0.4163602941176471,1910.0,0.8772977941176471,2029.0,0.9319852941176471,2012.0,0.9241727941176471,2030.0,0.9324448529411765,0.4163602941176471,WACC_0p1_WRT_0p9,0.8164522058823529,1475,False,,,False,False,False,False,False,187.0,0.7914893617021277
SPLL,RialtoBridgeTimelapse,1531,0.45,168,0.4000000000000001,0.5747107857207654,0,57,584,2253,7,0.555,0.3575794457982675,0.2918757081387307,0.19542436453477016,0.28853497997163285,0.4737804637292386,0.5460403381072866,-2.8192817631169373,2.486580303846317,-2.921841313157002,-2.3302840836398757,-3.215787996382892,1.7111958757000287,0.2918757081387307,0.4173257583242105,0.12545005018547978,0.19542436453477016,0.46613038723587813,0.270706022701108,0.28853497997163285,0.5660556553453645,0.27752067537373165,0.4737804637292386,0.4427523709675819,0.03102809276165669,0.5460403381072866,0.5176266739525153,0.028413664154771312,908.0,0.41681985294117646,1272.0,0.5840992647058824,1303.0,0.5983455882352942,1554.0,0.7136948529411765,1587.0,0.7288602941176471,0.41681985294117646,WACC_0p1_WRT_0p9,0.6083639705882353,1476,False,,,False,False,False,False,False,57.0,0.23829787234042554
SPLL,RialtoBridgeTimelapse,1038,0.36,574,0.175,0.285031680835649,0,204,107,3739,7,0.631,0.47096607174713345,0.5562069192450971,0.4253785704164112,0.3196518225659859,0.6213227933324383,0.7497504322239639,-2.8192817631169373,2.486580303846317,-2.921841313157002,-2.3302840836398757,-3.215787996382892,1.7111958757000287,0.5562069192450971,0.41739536627915447,0.13881155296594266,0.4253785704164112,0.46573328314126494,0.04035471272485375,0.3196518225659859,0.5792649821317862,0.25961315956580033,0.6213227933324383,0.5339511827343436,0.08737161059809473,0.7497504322239639,0.6277582870118044,0.12199214521215951,911.0,0.4181985294117647,1265.0,0.5808823529411765,1511.0,0.6939338235294118,2142.0,0.9839154411764706,2167.0,0.9954044117647058,0.4181985294117647,WACC_0p1_WRT_0p9,0.7344669117647058,1477,False,,,False,False,False,False,False,204.0,0.8638297872340426
SPLL,RialtoBridgeTimelapse,1698,0.43,117,0.3500000000000001,0.6596918007817153,0,21,2094,919,9,0.102,0.47570871444293317,0.21416380537467972,0.0980674569809827,0.4301026841076358,0.5751106043556039,0.6260362576256499,-2.8192817631169373,2.486580303846317,-2.921841313157002,-2.3302840836398757,-3.215787996382892,1.7111958757000287,0.21416380537467972,0.47289241988012987,0.25872861450545015,0.0980674569809827,0.4569811472954636,0.3589136903144809,0.4301026841076358,0.517268112306919,0.08716542819928325,0.5751106043556039,0.38436752276216085,0.19074308159344305,0.6260362576256499,0.4427964109370605,0.18323984668858934,1904.0,0.8745404411764706,1101.0,0.5055147058823529,913.0,0.41911764705882354,952.0,0.43704044117647056,994.0,0.4563419117647059,0.41911764705882354,WACC_0p5_WRT_0p5,0.5385110294117648,1478,False,,,False,False,False,False,False,21.0,0.0851063829787234
SPLL,RialtoBridgeTimelapse,1281,0.58,187,0.725,0.5495053341654337,0,68,4753,1985,8,0.874,0.26022745503887307,0.3532644366984346,0.3327100685705133,0.2330645257885985,0.10006485333197991,0.1989619761636695,-2.8192817631169373,2.486580303846317,-2.921841313157002,-2.3302840836398757,-3.215787996382892,1.7111958757000287,0.3532644366984346,0.4400350608232937,0.08677062412485909,0.3327100685705133,0.4842013837021913,0.15149131513167802,0.2330645257885985,0.5595092875118349,0.32644476172323644,0.10006485333197991,0.38185635658178946,0.28179150324980956,0.1989619761636695,0.42983338696973966,0.23087141080607015,1374.0,0.6309742647058824,1668.0,0.7660845588235294,1223.0,0.5615808823529411,934.0,0.4287683823529412,913.0,0.41911764705882354,0.41911764705882354,WACC_0p9_WRT_0p1,0.5613051470588235,1479,False,,,False,False,False,False,False,68.0,0.2851063829787234
SPLL,RialtoBridgeTimelapse,1493,0.58,250,0.725,0.4811326094245646,0,115,3399,1466,2,0.298,0.3487328586902912,0.4301388670015481,0.4123457350683589,0.3213500533037443,0.08091666169484611,0.19821641163004705,-2.8192817631169373,2.486580303846317,-2.921841313157002,-2.3302840836398757,-3.215787996382892,1.7111958757000287,0.4301388670015481,0.4293512168558783,0.0007876501456697826,0.4123457350683589,0.45637295986913234,0.044027224800773423,0.3213500533037443,0.5488842993739648,0.2275342460702205,0.08091666169484611,0.3796606597287346,0.29874399803388846,0.19821641163004705,0.43407735580751466,0.2358609441774676,1134.0,0.5206801470588235,1092.0,0.5013786764705882,1112.0,0.5105698529411765,915.0,0.42003676470588236,939.0,0.43106617647058826,0.42003676470588236,WACC_0p7_WRT_0p3,0.47674632352941176,1480,False,,,False,False,False,False,False,115.0,0.4851063829787234
SPLL,RialtoBridgeTimelapse,2038,0.53,361,0.6000000000000002,0.3945009686101127,0,158,1651,2879,8,0.79,0.37978983778361075,0.49645995110241664,0.4558674070296927,0.3179092672886472,0.18687590374665863,0.31597132364580655,-2.8192817631169373,2.486580303846317,-2.921841313157002,-2.3302840836398757,-3.215787996382892,1.7111958757000287,0.49645995110241664,0.41781116000108953,0.07864879110132711,0.4558674070296927,0.47168976697942394,0.015822359949731246,0.3179092672886472,0.5616236987774008,0.2437144314887536,0.18687590374665863,0.42398511325489774,0.2371092095082391,0.31597132364580655,0.498511313835509,0.18253999018970246,915.0,0.42003676470588236,1386.0,0.6364889705882353,1250.0,0.5739889705882353,1358.0,0.6236213235294118,1421.0,0.6525735294117647,0.42003676470588236,WACC_0p1_WRT_0p9,0.581341911764706,1481,False,,,False,False,False,False,False,158.0,0.6680851063829787
SPLL,RialtoBridgeTimelapse,1158,0.57,231,0.7,0.4997547320027651,0,104,4874,2270,10,0.855,0.3081215116228326,0.4026743130393106,0.37889629624830196,0.2740073164018883,0.11206893258160075,0.2219840834556881,-2.8192817631169373,2.486580303846317,-2.921841313157002,-2.3302840836398757,-3.215787996382892,1.7111958757000287,0.4026743130393106,0.44614734793270294,0.043473034893392326,0.37889629624830196,0.48485876684785656,0.1059624705995546,0.2740073164018883,0.5667954144422805,0.29278809804039224,0.11206893258160075,0.40204142621751426,0.2899724936359135,0.2219840834556881,0.4300483771726609,0.20806429371697283,1506.0,0.6916360294117647,1685.0,0.7738970588235294,1317.0,0.6047794117647058,1111.0,0.5101102941176471,915.0,0.42003676470588236,0.42003676470588236,WACC_0p9_WRT_0p1,0.6000919117647059,1482,False,,,False,False,False,False,False,104.0,0.43829787234042555
SPLL,RialtoBridgeTimelapse,2175,0.5,142,0.5250000000000001,0.6142315786458887,0,32,443,1217,9,0.741,0.2250847243444577,0.2602241008237924,0.19124773420050137,0.16647902621272345,0.3425013388382066,0.41182078643265957,-2.8192817631169373,2.486580303846317,-2.921841313157002,-2.3302840836398757,-3.215787996382892,1.7111958757000287,0.2602241008237924,0.42840784490326145,0.16818374407946907,0.19124773420050137,0.4437948132727884,0.252547079072287,0.16647902621272345,0.5290991330830062,0.3626201068702827,0.3425013388382066,0.3976750071958146,0.05517366835760801,0.41182078643265957,0.477156521164065,0.06533573473140541,1111.0,0.5101102941176471,917.0,0.4209558823529412,977.0,0.4485294117647059,1076.0,0.49402573529411764,1248.0,0.5730698529411765,0.4209558823529412,WACC_0p3_WRT_0p7,0.4893382352941177,1483,False,,,False,False,False,False,False,32.0,0.13191489361702127
SPLL,RialtoBridgeTimelapse,2164,0.37,587,0.2,0.2797425991722027,0,205,2421,4006,7,0.688,0.4377401922298295,0.5631736146719766,0.438552685845762,0.2844365899206643,0.590612810550169,0.7216735285937214,-2.8192817631169373,2.486580303846317,-2.921841313157002,-2.3302840836398757,-3.215787996382892,1.7111958757000287,0.5631736146719766,0.4179660023910285,0.14520761228094808,0.438552685845762,0.480687310201995,0.042134624356233,0.2844365899206643,0.5874837653218444,0.30304717540118015,0.590612810550169,0.4903553074249188,0.10025750312525022,0.7216735285937214,0.5658507792079781,0.15582274938574325,917.0,0.4209558823529412,1582.0,0.7265625,1642.0,0.7541360294117647,1977.0,0.9080882352941176,1968.0,0.9039522058823529,0.4209558823529412,WACC_0p1_WRT_0p9,0.7427389705882352,1484,False,,,False,False,False,False,False,205.0,0.8680851063829788
SPLL,RialtoBridgeTimelapse,31,0.56,153,0.6750000000000003,0.5966994971796171,0,39,3364,1658,8,0.903,0.17104011864971647,0.29254492132972154,0.2590911480060883,0.12944777446851982,0.16732167590898755,0.2499465182949899,-2.8192817631169373,2.486580303846317,-2.921841313157002,-2.3302840836398757,-3.215787996382892,1.7111958757000287,0.29254492132972154,0.432007551893767,0.13946263056404545,0.2590911480060883,0.48272222445371765,0.22363107644762936,0.12944777446851982,0.5494067645864464,0.4199589901179266,0.16732167590898755,0.380242478659324,0.21292080275033642,0.2499465182949899,0.4360010326308489,0.18605451433585898,1191.0,0.546875,1626.0,0.7467830882352942,1116.0,0.5124080882352942,918.0,0.42141544117647056,953.0,0.4375,0.42141544117647056,WACC_0p7_WRT_0p3,0.5329963235294117,1485,False,,,False,False,False,False,False,39.0,0.16170212765957448
SPLL,RialtoBridgeTimelapse,1925,0.57,207,0.7,0.5255885367494147,0,87,4602,2160,3,0.701,0.27504188670391194,0.3740149173939482,0.34916073252404234,0.2409459595162902,0.11943494950921106,0.22248187847904852,-2.8192817631169373,2.486580303846317,-2.921841313157002,-2.3302840836398757,-3.215787996382892,1.7111958757000287,0.3740149173939482,0.41811776161778696,0.044102844223838755,0.34916073252404234,0.44904249142322866,0.09988175889918632,0.2409459595162902,0.5377552794455933,0.29680931992930315,0.11943494950921106,0.389032213303379,0.26959726379416793,0.22248187847904852,0.4404553819873959,0.2179735035083474,921.0,0.4227941176470588,991.0,0.45496323529411764,1028.0,0.4719669117647059,992.0,0.4554227941176471,976.0,0.44806985294117646,0.4227941176470588,WACC_0p1_WRT_0p9,0.4506433823529412,1486,False,,,False,False,False,False,False,87.0,0.3659574468085106
SPLL,RialtoBridgeTimelapse,2016,0.54,293,0.6250000000000002,0.4437237807444882,0,138,4120,3107,5,0.775,0.3327470902738737,0.44782803962752776,0.4104624275101688,0.2777819628077179,0.1747979890231684,0.29305761826129245,-2.8192817631169373,2.486580303846317,-2.921841313157002,-2.3302840836398757,-3.215787996382892,1.7111958757000287,0.44782803962752776,0.4184155897807174,0.02941244984681035,0.4104624275101688,0.4701421279693396,0.05967970045917076,0.2777819628077179,0.5710183615668877,0.2932363987591698,0.1747979890231684,0.42608044710673526,0.25128245808356686,0.29305761826129245,0.47393814204705514,0.1808805237857627,923.0,0.42371323529411764,1354.0,0.6217830882352942,1385.0,0.6360294117647058,1386.0,0.6364889705882353,1227.0,0.5634191176470589,0.42371323529411764,WACC_0p1_WRT_0p9,0.5762867647058824,1487,False,,,False,False,False,False,False,138.0,0.5829787234042553
SPLL,RialtoBridgeTimelapse,1705,0.39,233,0.2500000000000001,0.4977240342342319,0,111,411,2779,10,0.645,0.5002405878175419,0.35835167156105807,0.23083364054129488,0.40994228724943854,0.6199387466045261,0.7026907655638842,-2.8192817631169373,2.486580303846317,-2.921841313157002,-2.3302840836398757,-3.215787996382892,1.7111958757000287,0.35835167156105807,0.4184219585065732,0.06007028694551514,0.23083364054129488,0.46859511557735334,0.23776147503605846,0.40994228724943854,0.5759186008460889,0.16597631359665038,0.6199387466045261,0.45575716147822626,0.16418158512629982,0.7026907655638842,0.5466225963871114,0.1560681691767728,924.0,0.4241727941176471,1324.0,0.6079963235294118,1464.0,0.6723345588235294,1675.0,0.7693014705882353,1802.0,0.8276654411764706,0.4241727941176471,WACC_0p1_WRT_0p9,0.6602941176470588,1488,False,,,False,False,False,False,False,111.0,0.46808510638297873
SPLL,RialtoBridgeTimelapse,1291,0.58,159,0.725,0.5876573199694053,0,44,1353,1172,7,0.189,0.21161438005270658,0.31120153686673224,0.289032850761555,0.18443078914166247,0.11104530746234925,0.19985641314004798,-2.8192817631169373,2.486580303846317,-2.921841313157002,-2.3302840836398757,-3.215787996382892,1.7111958757000287,0.31120153686673224,0.46022821586607177,0.14902667899933952,0.289032850761555,0.44894577735989494,0.15991292659833994,0.18443078914166247,0.5305928485824627,0.34616205944080025,0.11104530746234925,0.3809363379315476,0.2698910304691983,0.19985641314004798,0.45078635479599377,0.2509299416559458,1746.0,0.8019301470588235,987.0,0.453125,983.0,0.45128676470588236,925.0,0.42463235294117646,1049.0,0.48161764705882354,0.42463235294117646,WACC_0p7_WRT_0p3,0.5225183823529411,1489,False,,,False,False,False,False,False,44.0,0.1829787234042553
SPLL,RialtoBridgeTimelapse,1475,0.4,298,0.2750000000000001,0.4397342285688886,0,144,2382,2389,9,0.743,0.43468303766465743,0.41344294306007895,0.2962793141808662,0.3276789741744289,0.5654790042869837,0.6627763291825056,-2.8192817631169373,2.486580303846317,-2.921841313157002,-2.3302840836398757,-3.215787996382892,1.7111958757000287,0.41344294306007895,0.4185055416543935,0.005062598594314571,0.2962793141808662,0.482242574319305,0.18596326013843878,0.3276789741744289,0.5678252415655017,0.2401462673910728,0.5654790042869837,0.4337771346365098,0.13170186965047392,0.6627763291825056,0.5098914625920021,0.1528848665905035,926.0,0.4250919117647059,1614.0,0.7412683823529411,1341.0,0.6158088235294118,1462.0,0.6714154411764706,1516.0,0.6962316176470589,0.4250919117647059,WACC_0p1_WRT_0p9,0.6299632352941177,1490,False,,,False,False,False,False,False,144.0,0.6085106382978723
SPLL,RialtoBridgeTimelapse,1220,0.35,315,0.15,0.4266519617530698,0,151,94,2335,5,0.183,0.5834292005077512,0.42091670653911567,0.27419308606308473,0.47337987158614786,0.708697652637408,0.8029504337654556,-2.8192817631169373,2.486580303846317,-2.921841313157002,-2.3302840836398757,-3.215787996382892,1.7111958757000287,0.42091670653911567,0.41853494498346144,0.002381761555654227,0.27419308606308473,0.4590700450858728,0.18487695902278806,0.47337987158614786,0.5907853618510865,0.11740549026493868,0.708697652637408,0.4850988054258836,0.22359884721152445,0.8029504337654556,0.5649386973388213,0.2380117364266343,927.0,0.4255514705882353,1135.0,0.5211397058823529,1704.0,0.7826286764705882,1951.0,0.8961397058823529,1963.0,0.9016544117647058,0.4255514705882353,WACC_0p1_WRT_0p9,0.7054227941176471,1491,False,,,False,False,False,False,False,151.0,0.6382978723404256
SPLL,RialtoBridgeTimelapse,1892,0.33,431,0.1000000000000001,0.3526789432191471,0,182,2237,4220,9,0.635,0.6020079168496107,0.48784900225158107,0.33441091412506824,0.47117681439288006,0.7363771141849067,0.845174864387201,-2.8192817631169373,2.486580303846317,-2.921841313157002,-2.3302840836398757,-3.215787996382892,1.7111958757000287,0.48784900225158107,0.4185912883774536,0.06925771387412749,0.33441091412506824,0.48602538968655884,0.1516144755614906,0.47117681439288006,0.5827500314148858,0.11157321702200573,0.7363771141849067,0.49511504706122245,0.24126206712368425,0.845174864387201,0.5844987805495949,0.2606760838376061,928.0,0.4260110294117647,1721.0,0.7904411764705882,1556.0,0.7146139705882353,2008.0,0.9223345588235294,2062.0,0.9471507352941176,0.4260110294117647,WACC_0p1_WRT_0p9,0.7601102941176471,1492,False,,,False,False,False,False,False,182.0,0.7702127659574468
SPLL,RialtoBridgeTimelapse,672,0.47,172,0.45,0.5691766190378111,0,60,646,2121,3,0.387,0.2920752191603275,0.2992150728649112,0.21529441647376032,0.22108569667561034,0.4122875108379332,0.4882921829727229,-2.8192817631169373,2.486580303846317,-2.921841313157002,-2.3302840836398757,-3.215787996382892,1.7111958757000287,0.2992150728649112,0.4255694306546589,0.12635435778974768,0.21529441647376032,0.4445279573419023,0.229233540868142,0.22108569667561034,0.5658166189619449,0.34473092228633456,0.4122875108379332,0.4294783115531747,0.017190800715241483,0.4882921829727229,0.5058235738267273,0.017531390854004347,1047.0,0.4806985294117647,929.0,0.4264705882352941,1299.0,0.5965073529411765,1419.0,0.6516544117647058,1475.0,0.6773897058823529,0.4264705882352941,WACC_0p3_WRT_0p7,0.5665441176470588,1493,False,,,False,False,False,False,False,60.0,0.251063829787234
SPLL,RialtoBridgeTimelapse,2106,0.45,419,0.4000000000000001,0.3593434638584646,0,178,990,3726,4,0.518,0.3097648067090111,0.5022470131507359,0.4192312898786047,0.18978599540015753,0.3927842748427081,0.5163567360738222,-2.8192817631169373,2.486580303846317,-2.921841313157002,-2.3302840836398757,-3.215787996382892,1.7111958757000287,0.5022470131507359,0.41859751265866063,0.08364950049207531,0.4192312898786047,0.48043946479838734,0.06120817491978264,0.18978599540015753,0.5921707794490635,0.402384784048906,0.3927842748427081,0.46999516596774527,0.07721089112503715,0.5163567360738222,0.5558739392168242,0.039517203143002,929.0,0.4264705882352941,1576.0,0.7238051470588235,1728.0,0.7936580882352942,1826.0,0.8386948529411765,1882.0,0.8644301470588235,0.4264705882352941,WACC_0p1_WRT_0p9,0.7294117647058823,1494,False,,,False,False,False,False,False,178.0,0.7531914893617021
SPLL,RialtoBridgeTimelapse,1305,0.57,194,0.7,0.5408567268970217,0,75,4064,2184,1,0.278,0.25560884823122093,0.35720507514774047,0.33170268709767936,0.22150048961537921,0.12383803458302127,0.22285373313552018,-2.8192817631169373,2.486580303846317,-2.921841313157002,-2.3302840836398757,-3.215787996382892,1.7111958757000287,0.35720507514774047,0.4311198598499129,0.07391478470217244,0.33170268709767936,0.444540763798821,0.11283807670114165,0.22150048961537921,0.5563637011960424,0.3348632115806632,0.12383803458302127,0.3951586406123776,0.2713206060293563,0.22285373313552018,0.445123607133894,0.2222698739983738,1178.0,0.5409007352941176,930.0,0.42693014705882354,1186.0,0.5445772058823529,1051.0,0.48253676470588236,1015.0,0.46599264705882354,0.42693014705882354,WACC_0p3_WRT_0p7,0.4921874999999999,1495,False,,,False,False,False,False,False,75.0,0.3148936170212766
SPLL,RialtoBridgeTimelapse,883,0.59,176,0.75,0.5637689587379813,0,59,3310,1128,5,0.083,0.25799038145807307,0.34345683871369187,0.327583576903218,0.2377131217126493,0.07802628524041691,0.1753912632544366,-2.8192817631169373,2.486580303846317,-2.921841313157002,-2.3302840836398757,-3.215787996382892,1.7111958757000287,0.34345683871369187,0.4611346695995853,0.11767783088589345,0.327583576903218,0.4716678395638783,0.14408426266066032,0.2377131217126493,0.567600368235287,0.32988724652263773,0.07802628524041691,0.3843571683992025,0.30633088315878554,0.1753912632544366,0.4319960383390254,0.2566047750845888,1758.0,0.8074448529411765,1383.0,0.6351102941176471,1337.0,0.6139705882352942,951.0,0.4365808823529412,930.0,0.42693014705882354,0.42693014705882354,WACC_0p9_WRT_0p1,0.5840073529411764,1496,False,,,False,False,False,False,False,59.0,0.24680851063829787
SPLL,RialtoBridgeTimelapse,27,0.47,367,0.45,0.390611979597538,0,162,1600,3468,7,0.665,0.29878133908624566,0.476150178845272,0.4027936212494326,0.1933141725894329,0.34774492510929605,0.4667873339448454,-2.8192817631169373,2.486580303846317,-2.921841313157002,-2.3302840836398757,-3.215787996382892,1.7111958757000287,0.476150178845272,0.4187115044374726,0.05743867440779937,0.4027936212494326,0.45807455703714584,0.05528093578771326,0.1933141725894329,0.5823934849441839,0.38907931235475096,0.34774492510929605,0.45508865680337873,0.10734373169408268,0.4667873339448454,0.5258931145909769,0.05910578064613148,930.0,0.42693014705882354,1117.0,0.5128676470588235,1550.0,0.7118566176470589,1667.0,0.765625,1656.0,0.7605698529411765,0.42693014705882354,WACC_0p1_WRT_0p9,0.6355698529411764,1497,False,,,False,False,False,False,False,162.0,0.6851063829787234
SPLL,RialtoBridgeTimelapse,1464,0.32,463,0.075,0.3357735504304794,0,187,2194,4188,5,0.452,0.6233219706784505,0.5026902236348251,0.3443858420406466,0.4877978628796346,0.758941991739644,0.8704175554759421,-2.8192817631169373,2.486580303846317,-2.921841313157002,-2.3302840836398757,-3.215787996382892,1.7111958757000287,0.5026902236348251,0.4187651538186485,0.08392506981617659,0.3443858420406466,0.49646180636197734,0.15207596432133075,0.4877978628796346,0.6132365536932048,0.12543869081357023,0.758941991739644,0.4782190352241972,0.2807229565154469,0.8704175554759421,0.5638215291886152,0.30659602628732696,931.0,0.4273897058823529,1939.0,0.890625,2075.0,0.953125,1894.0,0.8699448529411765,1952.0,0.8965992647058824,0.4273897058823529,WACC_0p1_WRT_0p9,0.8075367647058824,1498,False,,,False,False,False,False,False,187.0,0.7914893617021277
SPLL,RialtoBridgeTimelapse,2020,0.5,327,0.5250000000000001,0.4178344875872514,0,152,692,1387,9,0.06,0.30676263407922616,0.4580271000342704,0.4000554171618031,0.22319495752067328,0.27426364271592213,0.3915662316977834,-2.8192817631169373,2.486580303846317,-2.921841313157002,-2.3302840836398757,-3.215787996382892,1.7111958757000287,0.4580271000342704,0.47760844710227984,0.019581347068009458,0.4000554171618031,0.47961593661776003,0.07956051945595694,0.22319495752067328,0.5628692341880172,0.33967427666734384,0.27426364271592213,0.38167578899222654,0.10741214627630441,0.3915662316977834,0.4628143154384232,0.07124808374063984,1968.0,0.9039522058823529,1557.0,0.7150735294117647,1262.0,0.5795036764705882,932.0,0.42784926470588236,1147.0,0.5266544117647058,0.42784926470588236,WACC_0p7_WRT_0p3,0.6306066176470588,1499,False,,,False,False,False,False,False,152.0,0.6425531914893617
SPLL,RialtoBridgeTimelapse,1811,0.44,664,0.3750000000000001,0.2506296777311553,0,209,3197,4754,9,0.562,0.42819819699070727,0.6113095813727882,0.5282475611623827,0.302507203741595,0.3848972274610295,0.5339353801929414,-2.8192817631169373,2.486580303846317,-2.921841313157002,-2.3302840836398757,-3.215787996382892,1.7111958757000287,0.6113095813727882,0.41876718391973916,0.19254239745304907,0.5282475611623827,0.4899502567842467,0.038297304378136,0.302507203741595,0.6023125354649831,0.2998053317233881,0.3848972274610295,0.4993063495791967,0.11440912211816717,0.5339353801929414,0.5682136929657727,0.03427831277283133,932.0,0.42784926470588236,1806.0,0.8295036764705882,1929.0,0.8860294117647058,2036.0,0.9352022058823529,1978.0,0.9085477941176471,0.42784926470588236,WACC_0p1_WRT_0p9,0.7974264705882353,1500,False,,,False,False,False,False,False,209.0,0.8851063829787233
SPLL,RialtoBridgeTimelapse,1012,0.49,349,0.5000000000000001,0.4024761565212542,0,157,3404,3259,9,0.817,0.3116624203120819,0.4704714256715739,0.4077060212186169,0.22091906977757397,0.2966538279623314,0.41608615979825125,-2.8192817631169373,2.486580303846317,-2.921841313157002,-2.3302840836398757,-3.215787996382892,1.7111958757000287,0.4704714256715739,0.4188619885789504,0.0516094370926235,0.4077060212186169,0.4892906602615087,0.08158463904289182,0.22091906977757397,0.593602849180799,0.372683779403225,0.2966538279623314,0.4521249405125463,0.1554711125502149,0.41608615979825125,0.5092107983152442,0.09312463851699293,933.0,0.42830882352941174,1792.0,0.8230698529411765,1765.0,0.8106617647058824,1641.0,0.7536764705882353,1511.0,0.6939338235294118,0.42830882352941174,WACC_0p1_WRT_0p9,0.7019301470588235,1501,False,,,False,False,False,False,False,157.0,0.6638297872340425
SPLL,RialtoBridgeTimelapse,1341,0.56,150,0.6750000000000003,0.6013535785033906,0,36,3114,1365,1,0.026,0.16531616049562659,0.2876496767828962,0.25397111298282266,0.12367111429615983,0.1687791321115081,0.2502241899598732,-2.8192817631169373,2.486580303846317,-2.921841313157002,-2.3302840836398757,-3.215787996382892,1.7111958757000287,0.2876496767828962,0.42825107114317196,0.14060139436027574,0.25397111298282266,0.4447710287789168,0.19079991579609412,0.12367111429615983,0.5418465440063653,0.4181754297102055,0.1687791321115081,0.3848178665403546,0.2160387344288465,0.2502241899598732,0.4406059938697338,0.1903818039098606,1107.0,0.5082720588235294,934.0,0.4287683823529412,1055.0,0.484375,955.0,0.4384191176470588,978.0,0.4489889705882353,0.4287683823529412,WACC_0p3_WRT_0p7,0.4617647058823529,1502,False,,,False,False,False,False,False,36.0,0.14893617021276595
SPLL,RialtoBridgeTimelapse,2030,0.46,868,0.4250000000000001,0.1873326405049725,0,217,1823,4499,10,0.703,0.5354107330974274,0.6869392297637512,0.6177897955936581,0.4247572407631484,0.3116034362151104,0.4805605384055455,-2.8192817631169373,2.486580303846317,-2.921841313157002,-2.3302840836398757,-3.215787996382892,1.7111958757000287,0.6869392297637512,0.4189309940911448,0.2680082356726064,0.6177897955936581,0.4888459008639733,0.12894389472968482,0.4247572407631484,0.5960684606249771,0.17131121986182868,0.3116034362151104,0.49052863422457693,0.17892519800946655,0.4805605384055455,0.576397448047301,0.09583690964175545,934.0,0.4287683823529412,1784.0,0.8193933823529411,1813.0,0.8327205882352942,1980.0,0.9094669117647058,2024.0,0.9296875,0.4287683823529412,WACC_0p1_WRT_0p9,0.7840073529411764,1503,False,,,False,False,False,False,False,217.0,0.9191489361702128
SPLL,RialtoBridgeTimelapse,20,0.48,408,0.475,0.3656220548241797,0,174,3568,3939,3,0.632,0.34291388404653195,0.5054222023728328,0.43891609990153696,0.24526376239775738,0.3122482317913047,0.4392376656273067,-2.8192817631169373,2.486580303846317,-2.921841313157002,-2.3302840836398757,-3.215787996382892,1.7111958757000287,0.5054222023728328,0.41910873385252034,0.08631346852031241,0.43891609990153696,0.47461004127570094,0.035693941374163984,0.24526376239775738,0.5914625233602975,0.3461987609625401,0.3122482317913047,0.4599806263837512,0.14773239459244653,0.4392376656273067,0.5235829665135652,0.08434530088625847,935.0,0.42922794117647056,1448.0,0.6649816176470589,1714.0,0.7872242647058824,1722.0,0.7909007352941176,1635.0,0.7509191176470589,0.42922794117647056,WACC_0p1_WRT_0p9,0.6846507352941177,1504,False,,,False,False,False,False,False,174.0,0.7361702127659574
SPLL,RialtoBridgeTimelapse,2079,0.46,867,0.4250000000000001,0.1876050352817024,0,216,3575,4431,8,0.673,0.535068840892416,0.6866446977795475,0.6174831289443637,0.4244140718128896,0.31168436477826555,0.48057070821447245,-2.8192817631169373,2.486580303846317,-2.921841313157002,-2.3302840836398757,-3.215787996382892,1.7111958757000287,0.6866446977795475,0.4191457133138986,0.2674989844656489,0.6174831289443637,0.49620315816891375,0.12127997077545,0.4244140718128896,0.6101139592381779,0.1856998874252883,0.31168436477826555,0.47451449592669465,0.1628301311484291,0.48057070821447245,0.5582337905079723,0.07766308229349983,936.0,0.4296875,1933.0,0.8878676470588235,2032.0,0.9333639705882353,1862.0,0.8552389705882353,1905.0,0.875,0.4296875,WACC_0p1_WRT_0p9,0.7962316176470589,1505,False,,,False,False,False,False,False,216.0,0.9148936170212766
SPLL,RialtoBridgeTimelapse,1655,0.6,200,0.775,0.5336872437661941,0,77,1958,1090,7,0.23,0.31432073279821027,0.38473469269925725,0.37524006111600705,0.3005958257740065,0.04393145399629859,0.15197113971215198,-2.8192817631169373,2.486580303846317,-2.921841313157002,-2.3302840836398757,-3.215787996382892,1.7111958757000287,0.38473469269925725,0.4605899544222364,0.07585526172297913,0.37524006111600705,0.45111895937200824,0.07587889825600119,0.3005958257740065,0.5356284626188823,0.2350326368448758,0.04393145399629859,0.3821497582971993,0.3382183043009007,0.15197113971215198,0.45486709177010404,0.30289595205795206,1751.0,0.8042279411764706,1014.0,0.4655330882352941,1015.0,0.46599264705882354,937.0,0.43014705882352944,1087.0,0.4990808823529412,0.43014705882352944,WACC_0p7_WRT_0p3,0.5329963235294117,1506,False,,,False,False,False,False,False,77.0,0.32340425531914896
SPLL,RialtoBridgeTimelapse,1340,0.41,967,0.3,0.1618088268541552,0,222,1007,4406,9,0.614,0.49531945893691837,0.6934221213770323,0.5980694817584195,0.3486302156678706,0.43856897441436954,0.6047940621367636,-2.8192817631169373,2.486580303846317,-2.921841313157002,-2.3302840836398757,-3.215787996382892,1.7111958757000287,0.6934221213770323,0.41927952814298197,0.2741425932340503,0.5980694817584195,0.48486916015061754,0.11320032160780191,0.3486302156678706,0.588497554810075,0.23986733914220443,0.43856897441436954,0.5033168996259585,0.06474792521158895,0.6047940621367636,0.5856592407373493,0.019134821399414248,937.0,0.43014705882352944,1686.0,0.7743566176470589,1661.0,0.7628676470588235,2049.0,0.9411764705882353,2069.0,0.9503676470588235,0.43014705882352944,WACC_0p1_WRT_0p9,0.7717830882352941,1507,False,,,False,False,False,False,False,222.0,0.9404255319148936
SPLL,RialtoBridgeTimelapse,131,0.58,290,0.725,0.4461502106043822,0,135,4902,1804,10,0.292,0.3946036209910099,0.4700884869363638,0.45366182680578326,0.3670132663231113,0.07129887615331736,0.19815089200314104,-2.8192817631169373,2.486580303846317,-2.921841313157002,-2.3302840836398757,-3.215787996382892,1.7111958757000287,0.4700884869363638,0.4923431840667705,0.02225469713040673,0.45366182680578326,0.5150959889695106,0.061434162163727324,0.3670132663231113,0.6045880772282297,0.2375748109051184,0.07129887615331736,0.3962026644491029,0.32490378829578553,0.19815089200314104,0.4336507640974697,0.23549987209432868,2076.0,0.9535845588235294,2133.0,0.9797794117647058,1956.0,0.8984375,1059.0,0.48621323529411764,938.0,0.4306066176470588,0.4306066176470588,WACC_0p9_WRT_0p1,0.7497242647058824,1508,False,,,False,False,False,False,False,135.0,0.5702127659574469
SPLL,RialtoBridgeTimelapse,1961,0.54,153,0.6250000000000002,0.5966994971796171,0,40,1473,2176,1,0.143,0.1436811730751707,0.28588699069599477,0.24124626024503623,0.0871922757358739,0.2222282779077516,0.3014852311378187,-2.8192817631169373,2.486580303846317,-2.921841313157002,-2.3302840836398757,-3.215787996382892,1.7111958757000287,0.28588699069599477,0.4193602760151344,0.13347328531913966,0.24124626024503623,0.4477221150810206,0.20647585483598438,0.0871922757358739,0.5603017997550634,0.47310952401918954,0.2222282779077516,0.4247319348041204,0.20250365689636882,0.3014852311378187,0.49660925213816964,0.19512402100035092,939.0,0.43106617647058826,973.0,0.44669117647058826,1233.0,0.5661764705882353,1368.0,0.6282169117647058,1407.0,0.6461397058823529,0.43106617647058826,WACC_0p1_WRT_0p9,0.5436580882352942,1509,False,,,False,False,False,False,False,40.0,0.16595744680851063
SPLL,RialtoBridgeTimelapse,1419,0.56,263,0.6750000000000003,0.4691864876308039,0,122,1393,1534,10,0.056,0.3313966205722525,0.4307426296969495,0.40294747024834104,0.29035550884099687,0.1295198411892299,0.24533979514724308,-2.8192817631169373,2.486580303846317,-2.921841313157002,-2.3302840836398757,-3.215787996382892,1.7111958757000287,0.4307426296969495,0.49384175665473556,0.06309912695778608,0.40294747024834104,0.49390583022154344,0.0909583599732024,0.29035550884099687,0.5736776497711571,0.2833221409301602,0.1295198411892299,0.382383438979585,0.25286359779035505,0.24533979514724308,0.4454257033328497,0.20008590818560662,2082.0,0.9563419117647058,1891.0,0.8685661764705882,1435.0,0.6590073529411765,939.0,0.43106617647058826,1017.0,0.46691176470588236,0.43106617647058826,WACC_0p7_WRT_0p3,0.6763786764705882,1510,False,,,False,False,False,False,False,122.0,0.5148936170212766
SPLL,RialtoBridgeTimelapse,1459,0.42,112,0.325,0.6699347355650616,0,18,2084,869,8,0.03,0.5156357287665656,0.20519810884400116,0.08166960042772017,0.4726038666607201,0.6119261940022616,0.6595534042026803,-2.8192817631169373,2.486580303846317,-2.921841313157002,-2.3302840836398757,-3.215787996382892,1.7111958757000287,0.20519810884400116,0.47673143308365573,0.2715333242396546,0.08166960042772017,0.4622469329893584,0.38057733256163817,0.4726038666607201,0.5230250839050065,0.05042121724428639,0.6119261940022616,0.3843971970914109,0.22752899691085066,0.6595534042026803,0.44732835212024696,0.2122250520824333,1955.0,0.8979779411764706,1193.0,0.5477941176470589,940.0,0.43152573529411764,953.0,0.4375,1031.0,0.4733455882352941,0.43152573529411764,WACC_0p5_WRT_0p5,0.5576286764705882,1511,False,,,False,False,False,False,False,18.0,0.07234042553191489
SPLL,RialtoBridgeTimelapse,2152,0.57,178,0.7,0.5611107865312432,0,62,4419,1823,6,0.224,0.22997301295668815,0.33506428483518297,0.30868592008429435,0.19581802481672136,0.12974549309914046,0.22344792822575832,-2.8192817631169373,2.486580303846317,-2.921841313157002,-2.3302840836398757,-3.215787996382892,1.7111958757000287,0.33506428483518297,0.4795477362662484,0.14448345143106545,0.30868592008429435,0.5022434578801277,0.19355753779583335,0.19581802481672136,0.590734759907196,0.39491673509047465,0.12974549309914046,0.3829088154969795,0.25316332239783906,0.22344792822575832,0.4341426417778635,0.21069471355210517,1982.0,0.9103860294117647,2034.0,0.9342830882352942,1701.0,0.78125,941.0,0.4319852941176471,940.0,0.43152573529411764,0.43152573529411764,WACC_0p9_WRT_0p1,0.6978860294117648,1512,False,,,False,False,False,False,False,62.0,0.25957446808510637
SPLL,RialtoBridgeTimelapse,1160,0.58,132,0.725,0.631382190256671,0,23,3190,1258,8,0.338,0.15669963805049858,0.2638862119269737,0.23977303668451602,0.12931761081684737,0.12402233834785407,0.2014671406871929,-2.8192817631169373,2.486580303846317,-2.921841313157002,-2.3302840836398757,-3.215787996382892,1.7111958757000287,0.2638862119269737,0.4863800827468154,0.22249387081984168,0.23977303668451602,0.4859765011827973,0.24620346449828126,0.12931761081684737,0.5732439944102536,0.4439263835934063,0.12402233834785407,0.38738915376551875,0.26336681541766466,0.2014671406871929,0.4343412088799766,0.23287406819278372,2038.0,0.9361213235294118,1720.0,0.7899816176470589,1430.0,0.6567095588235294,978.0,0.4489889705882353,941.0,0.4319852941176471,0.4319852941176471,WACC_0p9_WRT_0p1,0.6527573529411765,1513,False,,,False,False,False,False,False,23.0,0.09361702127659574
SPLL,RialtoBridgeTimelapse,1232,0.47,450,0.45,0.3424963479114397,0,181,1297,4990,10,0.423,0.3573476964590393,0.5260136329201364,0.455092206790369,0.25261544542917286,0.3321919635031141,0.463275337210349,-2.8192817631169373,2.486580303846317,-2.921841313157002,-2.3302840836398757,-3.215787996382892,1.7111958757000287,0.5260136329201364,0.41942287783908533,0.10659075508105104,0.455092206790369,0.487173271499562,0.03208106470919303,0.25261544542917286,0.6055157507338971,0.3529003053047242,0.3321919635031141,0.5116161009515557,0.17942413744844166,0.463275337210349,0.5842048737204403,0.12092953651009125,941.0,0.4319852941176471,1743.0,0.8005514705882353,1971.0,0.9053308823529411,2086.0,0.9581801470588235,2061.0,0.9466911764705882,0.4319852941176471,WACC_0p1_WRT_0p9,0.8085477941176469,1514,False,,,False,False,False,False,False,181.0,0.7659574468085106
SPLL,RialtoBridgeTimelapse,2088,0.52,212,0.5750000000000002,0.5199689177131914,0,89,3619,3162,1,0.23,0.20958914182878874,0.35858007378129914,0.3066644812082442,0.13942349700338552,0.252204903317838,0.34726153256906944,-2.8192817631169373,2.486580303846317,-2.921841313157002,-2.3302840836398757,-3.215787996382892,1.7111958757000287,0.35858007378129914,0.4194296855249627,0.060849611743663545,0.3066644812082442,0.45813321644825306,0.15146873524000887,0.13942349700338552,0.569480342964232,0.4300568459608465,0.252204903317838,0.4185225622533778,0.1663176589355398,0.34726153256906944,0.48688776018447033,0.1396262276154009,942.0,0.43244485294117646,1121.0,0.5147058823529411,1358.0,0.6236213235294118,1299.0,0.5965073529411765,1339.0,0.6148897058823529,0.43244485294117646,WACC_0p1_WRT_0p9,0.5564338235294117,1515,False,,,False,False,False,False,False,89.0,0.37446808510638296
SPLL,RialtoBridgeTimelapse,1115,0.58,179,0.725,0.5597928174542224,0,62,1630,1574,9,0.064,0.24705990132392308,0.3418575005157711,0.32087408190609484,0.219903266296486,0.10300014277715885,0.19916347807489074,-2.8192817631169373,2.486580303846317,-2.921841313157002,-2.3302840836398757,-3.215787996382892,1.7111958757000287,0.3418575005157711,0.48089422914963875,0.13903672863386768,0.32087408190609484,0.49715835320369356,0.17628427129759872,0.219903266296486,0.5738586236059776,0.3539553573094916,0.10300014277715885,0.383080673715432,0.2800805309382731,0.19916347807489074,0.4670567599202751,0.2678932818453844,1993.0,0.9154411764705882,1955.0,0.8979779411764706,1437.0,0.6599264705882353,942.0,0.43244485294117646,1182.0,0.5427389705882353,0.43244485294117646,WACC_0p7_WRT_0p3,0.6897058823529413,1516,False,,,False,False,False,False,False,62.0,0.25957446808510637
SPLL,RialtoBridgeTimelapse,1468,0.46,223,0.4250000000000001,0.5080564552831432,0,101,968,2908,6,0.637,0.288587657798536,0.3564539128769918,0.27059710156452027,0.19992181746219928,0.4174471194806055,0.5065070276673295,-2.8192817631169373,2.486580303846317,-2.921841313157002,-2.3302840836398757,-3.215787996382892,1.7111958757000287,0.3564539128769918,0.41943113098988,0.0629772181128882,0.27059710156452027,0.4752608500489606,0.20466374848444036,0.19992181746219928,0.5778936089264283,0.377971791464229,0.4174471194806055,0.43531120285676633,0.017864083376160855,0.5065070276673295,0.5099076425193944,0.003400614852064887,943.0,0.4329044117647059,1465.0,0.6727941176470589,1489.0,0.6838235294117647,1478.0,0.6787683823529411,1518.0,0.6971507352941176,0.4329044117647059,WACC_0p1_WRT_0p9,0.6330882352941176,1517,False,,,False,False,False,False,False,101.0,0.425531914893617
SPLL,RialtoBridgeTimelapse,1067,0.54,202,0.6250000000000002,0.5313448995078442,0,82,3559,2125,6,0.813,0.22333731541261473,0.35374228675995395,0.31239184595479136,0.1678165021114516,0.2011777200010546,0.2968164789896557,-2.8192817631169373,2.486580303846317,-2.921841313157002,-2.3302840836398757,-3.215787996382892,1.7111958757000287,0.35374228675995395,0.4194543803458578,0.06571209358590385,0.31239184595479136,0.4701985815313658,0.15780673557657443,0.1678165021114516,0.5518603422925756,0.38404384018112403,0.2011777200010546,0.3940056428660483,0.19282792286499367,0.2968164789896557,0.4512466825867809,0.15443020359712523,944.0,0.4333639705882353,1356.0,0.6227022058823529,1146.0,0.5261948529411765,1037.0,0.47610294117647056,1051.0,0.48253676470588236,0.4333639705882353,WACC_0p1_WRT_0p9,0.5081801470588235,1518,False,,,False,False,False,False,False,82.0,0.3446808510638298
SPLL,RialtoBridgeTimelapse,717,0.59,218,0.75,0.5133969718500324,0,94,1557,1562,2,0.113,0.3235877021315228,0.4005080450840264,0.3866363866124848,0.3030824039192027,0.06404729243719012,0.1750617897628217,-2.8192817631169373,2.486580303846317,-2.921841313157002,-2.3302840836398757,-3.215787996382892,1.7111958757000287,0.4005080450840264,0.4321116517934099,0.0316036067093835,0.3866363866124848,0.4451634936676295,0.05852710705514469,0.3030824039192027,0.5663484167667628,0.2632660128475601,0.06404729243719012,0.4115228953664091,0.347475602929219,0.1750617897628217,0.4646094122318779,0.2895476224690562,1194.0,0.5482536764705882,944.0,0.4333639705882353,1311.0,0.6020220588235294,1209.0,0.5551470588235294,1160.0,0.5326286764705882,0.4333639705882353,WACC_0p3_WRT_0p7,0.5342830882352941,1519,False,,,False,False,False,False,False,94.0,0.39574468085106385
SPLL,RialtoBridgeTimelapse,1064,0.59,274,0.75,0.4595290309126488,0,129,4627,1730,9,0.362,0.39464957334268874,0.46246487573151623,0.4506691348017547,0.3737633880915094,0.04934196131310398,0.1751638023423986,-2.8192817631169373,2.486580303846317,-2.921841313157002,-2.3302840836398757,-3.215787996382892,1.7111958757000287,0.46246487573151623,0.48477150103542055,0.022306625303904315,0.4506691348017547,0.4919153498563742,0.041246215054619506,0.3737633880915094,0.582812225001279,0.20904883690976966,0.04934196131310398,0.3893856647141686,0.3400437034010646,0.1751638023423986,0.4349607819057488,0.2597969795633502,2027.0,0.9310661764705882,1848.0,0.8488051470588235,1558.0,0.7155330882352942,998.0,0.45818014705882354,944.0,0.4333639705882353,0.4333639705882353,WACC_0p9_WRT_0p1,0.6773897058823529,1520,False,,,False,False,False,False,False,129.0,0.5446808510638298
SPLL,RialtoBridgeTimelapse,666,0.57,338,0.7,0.4100307119490419,0,151,4071,2178,10,0.999,0.42471721867711104,0.5040321021381556,0.48384061849135673,0.39023939153238,0.08708553621299624,0.22125550693542198,-2.8192817631169373,2.486580303846317,-2.921841313157002,-2.3302840836398757,-3.215787996382892,1.7111958757000287,0.5040321021381556,0.42585534472960274,0.0781767574085529,0.48384061849135673,0.477123899133545,0.006716719357811707,0.39023939153238,0.5638878823829713,0.17364849085059125,0.08708553621299624,0.3982021177046764,0.31111658149168014,0.22125550693542198,0.43512515998816476,0.21386965305274278,1055.0,0.484375,1506.0,0.6916360294117647,1275.0,0.5854779411764706,1080.0,0.4958639705882353,946.0,0.4342830882352941,0.4342830882352941,WACC_0p9_WRT_0p1,0.5383272058823529,1521,False,,,False,False,False,False,False,151.0,0.6382978723404256
SPLL,RialtoBridgeTimelapse,1284,0.44,319,0.3750000000000001,0.4236761383971196,0,153,596,2567,6,0.579,0.3035192725473021,0.43531335068939253,0.34291226667694846,0.1904027866346345,0.4434116253395323,0.5498298448499745,-2.8192817631169373,2.486580303846317,-2.921841313157002,-2.3302840836398757,-3.215787996382892,1.7111958757000287,0.43531335068939253,0.41963885492256575,0.01567449576682678,0.34291226667694846,0.4783872475654502,0.13547498088850174,0.1904027866346345,0.5772301147755079,0.3868273281408734,0.4434116253395323,0.440168531412113,0.0032430939274193382,0.5498298448499745,0.5191514486768576,0.030678396173116962,946.0,0.4342830882352941,1533.0,0.7040441176470589,1481.0,0.6801470588235294,1527.0,0.7012867647058824,1604.0,0.7366727941176471,0.4342830882352941,WACC_0p1_WRT_0p9,0.6512867647058824,1522,False,,,False,False,False,False,False,153.0,0.6468085106382979
SPLL,RialtoBridgeTimelapse,1777,0.47,630,0.45,0.263045403912992,0,204,1195,3768,7,0.658,0.45545594301830317,0.6100463986983846,0.5429001714410692,0.35151448630640414,0.3075795901162771,0.4589018383937517,-2.8192817631169373,2.486580303846317,-2.921841313157002,-2.3302840836398757,-3.215787996382892,1.7111958757000287,0.6100463986983846,0.4196784048000943,0.19036799389829034,0.5429001714410692,0.469128426185822,0.07377174525524716,0.35151448630640414,0.5936711384177624,0.24215665211135828,0.3075795901162771,0.4665507378778299,0.1589711477615528,0.4589018383937517,0.5494668484410105,0.09056501004725875,947.0,0.43474264705882354,1337.0,0.6139705882352942,1766.0,0.8111213235294118,1792.0,0.8230698529411765,1837.0,0.84375,0.43474264705882354,WACC_0p1_WRT_0p9,0.7053308823529412,1523,False,,,False,False,False,False,False,204.0,0.8638297872340426
SPLL,RialtoBridgeTimelapse,1388,0.43,750,0.3500000000000001,0.2218577745768996,0,215,800,4646,6,0.383,0.44954948170552983,0.6378075926455046,0.5506075779009661,0.316848257066225,0.40305273969355004,0.5576093433338382,-2.8192817631169373,2.486580303846317,-2.921841313157002,-2.3302840836398757,-3.215787996382892,1.7111958757000287,0.6378075926455046,0.4197460249841628,0.21806156766134177,0.5506075779009661,0.49492778414072763,0.055679793760238516,0.316848257066225,0.6112762874413304,0.29442803037510545,0.40305273969355004,0.4988001084144749,0.09574736872092487,0.5576093433338382,0.5872053401842056,0.0295959968503674,948.0,0.4352022058823529,1908.0,0.8763786764705882,2050.0,0.9416360294117647,2034.0,0.9342830882352942,2076.0,0.9535845588235294,0.4352022058823529,WACC_0p1_WRT_0p9,0.8282169117647058,1524,False,,,False,False,False,False,False,215.0,0.9106382978723404
SPLL,RialtoBridgeTimelapse,791,0.47,300,0.45,0.4381570571444728,0,144,869,2498,9,0.815,0.24157703321425772,0.4277243359623281,0.3518213662121982,0.1351488756183111,0.3637322047047737,0.47105139139075375,-2.8192817631169373,2.486580303846317,-2.921841313157002,-2.3302840836398757,-3.215787996382892,1.7111958757000287,0.4277243359623281,0.41983245700361704,0.007891878958711074,0.3518213662121982,0.46968787829742664,0.11786651208522841,0.1351488756183111,0.5559932674137578,0.42084439179544664,0.3637322047047737,0.43155741990780094,0.06782521520302726,0.47105139139075375,0.506162761596656,0.035111370205902215,949.0,0.43566176470588236,1344.0,0.6171875,1182.0,0.5427389705882353,1445.0,0.6636029411764706,1478.0,0.6787683823529411,0.43566176470588236,WACC_0p1_WRT_0p9,0.5875919117647058,1525,False,,,False,False,False,False,False,144.0,0.6085106382978723
SPLL,RialtoBridgeTimelapse,745,0.43,386,0.3500000000000001,0.3787023871242109,0,170,895,3578,2,0.374,0.30971294885955525,0.477733460483924,0.38217317830921876,0.18345304268847723,0.4556221374635764,0.5714362646160602,-2.8192817631169373,2.486580303846317,-2.921841313157002,-2.3302840836398757,-3.215787996382892,1.7111958757000287,0.477733460483924,0.4200804776753829,0.05765298280854109,0.38217317830921876,0.4543482147766932,0.07217503646747442,0.18345304268847723,0.5894391267032265,0.4059860840147493,0.4556221374635764,0.45840406934522454,0.0027819318816481586,0.5714362646160602,0.5424678383435445,0.028968426272515724,951.0,0.4365808823529412,1061.0,0.48713235294117646,1682.0,0.7725183823529411,1699.0,0.7803308823529411,1772.0,0.8138786764705882,0.4365808823529412,WACC_0p1_WRT_0p9,0.6580882352941176,1526,False,,,False,False,False,False,False,170.0,0.7191489361702128
SPLL,RialtoBridgeTimelapse,1835,0.45,212,0.4000000000000001,0.5199689177131914,0,93,2531,2980,10,0.751,0.3258777511642083,0.3434926907151775,0.25090465318676053,0.24103419727177583,0.4511506841465486,0.536092519789801,-2.8192817631169373,2.486580303846317,-2.921841313157002,-2.3302840836398757,-3.215787996382892,1.7111958757000287,0.3434926907151775,0.42043819188457593,0.07694550116939841,0.25090465318676053,0.476637208160107,0.2257325549733465,0.24103419727177583,0.5639443669620312,0.3229101696902554,0.4511506841465486,0.44680662738621685,0.004344056760331727,0.536092519789801,0.5036931004729694,0.032399419316831546,952.0,0.43704044117647056,1496.0,0.6870404411764706,1277.0,0.5863970588235294,1609.0,0.7389705882352942,1457.0,0.6691176470588235,0.43704044117647056,WACC_0p1_WRT_0p9,0.6237132352941176,1527,False,,,False,False,False,False,False,93.0,0.39148936170212767
SPLL,RialtoBridgeTimelapse,139,0.59,147,0.75,0.6061010589702227,0,32,4885,1855,1,0.183,0.20362555093548726,0.29632278287276753,0.27870122688346455,0.18340776701244443,0.09003557558487779,0.17610838147501442,-2.8192817631169373,2.486580303846317,-2.921841313157002,-2.3302840836398757,-3.215787996382892,1.7111958757000287,0.29632278287276753,0.4327066719464842,0.13638388907371668,0.27870122688346455,0.4460113929139979,0.16731016603053334,0.18340776701244443,0.5495391264846264,0.366131359472182,0.09003557558487779,0.39085594311282995,0.30082036752795216,0.17610838147501442,0.4432727243211792,0.26716434284616475,1212.0,0.5565257352941176,953.0,0.4375,1119.0,0.5137867647058824,1004.0,0.4609375,998.0,0.45818014705882354,0.4375,WACC_0p3_WRT_0p7,0.4853860294117647,1528,False,,,False,False,False,False,False,32.0,0.13191489361702127
SPLL,RialtoBridgeTimelapse,986,0.35,487,0.15,0.3238428794310587,0,190,2210,4034,5,0.458,0.5231939161218019,0.5173104553280222,0.3780043882881513,0.3836451900894773,0.6654500851885754,0.7834190715105399,-2.8192817631169373,2.486580303846317,-2.921841313157002,-2.3302840836398757,-3.215787996382892,1.7111958757000287,0.5173104553280222,0.4207041718819728,0.09660628344604943,0.3780043882881513,0.4931136101347864,0.11510922184663508,0.3836451900894773,0.6117396411547976,0.22809445106532034,0.6654500851885754,0.4761482051476331,0.18930188004094228,0.7834190715105399,0.5634239230837298,0.21999514842681012,955.0,0.4384191176470588,1877.0,0.8621323529411765,2058.0,0.9453125,1876.0,0.8616727941176471,1948.0,0.8947610294117647,0.4384191176470588,WACC_0p1_WRT_0p9,0.8004595588235295,1529,False,,,False,False,False,False,False,190.0,0.8042553191489362
SPLL,RialtoBridgeTimelapse,2137,0.54,216,0.6250000000000002,0.5155673984262736,0,92,1115,1631,10,0.338,0.2428282708549585,0.370440427452751,0.32983786433518514,0.18746147402838648,0.19629814431605977,0.29595819626102166,-2.8192817631169373,2.486580303846317,-2.921841313157002,-2.3302840836398757,-3.215787996382892,1.7111958757000287,0.370440427452751,0.4639204581116251,0.09348003065887406,0.32983786433518514,0.4688203731512703,0.13898250881608515,0.18746147402838648,0.5696438120670659,0.38218233803867946,0.19629814431605977,0.38492371017717775,0.18862556586111798,0.29595819626102166,0.45838800663243384,0.1624298103714122,1799.0,0.8262867647058824,1331.0,0.6112132352941176,1359.0,0.6240808823529411,956.0,0.43887867647058826,1119.0,0.5137867647058824,0.43887867647058826,WACC_0p7_WRT_0p3,0.6028492647058823,1530,False,,,False,False,False,False,False,92.0,0.3872340425531915
SPLL,RialtoBridgeTimelapse,1883,0.57,205,0.7,0.5278743017528486,0,84,3029,1249,7,0.374,0.27212689815483027,0.37149208163902386,0.3465414692861406,0.23803027068749247,0.1200916077650499,0.22253366478389314,-2.8192817631169373,2.486580303846317,-2.921841313157002,-2.3302840836398757,-3.215787996382892,1.7111958757000287,0.37149208163902386,0.4718645255679412,0.10037244392891731,0.3465414692861406,0.48813599097264815,0.14159452168650755,0.23803027068749247,0.5720553055442199,0.3340250348567274,0.1200916077650499,0.3879705009732484,0.2678788932081985,0.22253366478389314,0.4362165293615328,0.2136828645776397,1893.0,0.8694852941176471,1763.0,0.8097426470588235,1406.0,0.6456801470588235,985.0,0.4522058823529412,956.0,0.43887867647058826,0.43887867647058826,WACC_0p9_WRT_0p1,0.6431985294117647,1531,False,,,False,False,False,False,False,84.0,0.35319148936170214
SPLL,RialtoBridgeTimelapse,1648,0.43,643,0.3500000000000001,0.2582209655303316,0,207,752,4813,6,0.36,0.40518783494790805,0.5999988289221544,0.5109779896311025,0.27196424733300034,0.41472117652312285,0.5601519160319369,-2.8192817631169373,2.486580303846317,-2.921841313157002,-2.3302840836398757,-3.215787996382892,1.7111958757000287,0.5999988289221544,0.4207409137779236,0.17925791514423078,0.5109779896311025,0.4969359227421307,0.014042066888971805,0.27196424733300034,0.6153819676953088,0.3434177203623085,0.41472117652312285,0.5040027343438938,0.08928155782077091,0.5601519160319369,0.5938663173123415,0.03371440128040459,956.0,0.43887867647058826,1949.0,0.8952205882352942,2093.0,0.9613970588235294,2054.0,0.9434742647058824,2102.0,0.9655330882352942,0.43887867647058826,WACC_0p1_WRT_0p9,0.8409007352941178,1532,False,,,False,False,False,False,False,207.0,0.8765957446808511
SPLL,RialtoBridgeTimelapse,1076,0.49,184,0.5000000000000001,0.5533109095892781,0,68,429,1198,6,0.388,0.22205996259873698,0.3176159567026764,0.2466055216640805,0.1457283598651795,0.3481257998178153,0.4305203558710597,-2.8192817631169373,2.486580303846317,-2.921841313157002,-2.3302840836398757,-3.215787996382892,1.7111958757000287,0.3176159567026764,0.4397491639606452,0.12213320725796878,0.2466055216640805,0.4460968462680783,0.19949132460399777,0.1457283598651795,0.5484305666678748,0.4027022068026953,0.3481257998178153,0.4142028665314908,0.06607706671367553,0.4305203558710597,0.4933483817507557,0.06282802587969599,1364.0,0.6263786764705882,957.0,0.43933823529411764,1104.0,0.5068933823529411,1251.0,0.5744485294117647,1386.0,0.6364889705882353,0.43933823529411764,WACC_0p3_WRT_0p7,0.5567095588235293,1533,False,,,False,False,False,False,False,68.0,0.2851063829787234
SPLL,RialtoBridgeTimelapse,1259,0.58,144,0.725,0.6109457641941061,0,30,1482,1628,4,0.631,0.18225298047519928,0.28587248414307637,0.2626827708083629,0.15499028146039165,0.1178954134789629,0.20062508413985025,-2.8192817631169373,2.486580303846317,-2.921841313157002,-2.3302840836398757,-3.215787996382892,1.7111958757000287,0.28587248414307637,0.4208558791235644,0.13498339498048806,0.2626827708083629,0.4578954589153153,0.19521268810695241,0.15499028146039165,0.5371330374982259,0.3821427560378343,0.1178954134789629,0.3878064370720037,0.26991102359304076,0.20062508413985025,0.45654106742992934,0.2559159832900791,958.0,0.4397977941176471,1113.0,0.5110294117647058,1025.0,0.47058823529411764,984.0,0.45174632352941174,1101.0,0.5055147058823529,0.4397977941176471,WACC_0p1_WRT_0p9,0.47573529411764703,1534,False,,,False,False,False,False,False,30.0,0.12340425531914893
SPLL,RialtoBridgeTimelapse,893,0.58,247,0.725,0.4839772309211945,0,113,3534,1469,6,0.001,0.34501905831365975,0.4269071864240648,0.4090017722183889,0.31765066763508387,0.08170315971150108,0.1982299071417645,-2.8192817631169373,2.486580303846317,-2.921841313157002,-2.3302840836398757,-3.215787996382892,1.7111958757000287,0.4269071864240648,0.4910518312317071,0.06414464480764231,0.4090017722183889,0.5033707524060784,0.09436898018768952,0.31765066763508387,0.5780117827245957,0.2603611150895119,0.08170315971150108,0.3881436906135927,0.30644053090209167,0.1982299071417645,0.4363628678766325,0.23813296073486798,2069.0,0.9503676470588235,2051.0,0.9420955882352942,1493.0,0.6856617647058824,986.0,0.45266544117647056,958.0,0.4397977941176471,0.4397977941176471,WACC_0p9_WRT_0p1,0.6941176470588235,1535,False,,,False,False,False,False,False,113.0,0.4765957446808511
SPLL,RialtoBridgeTimelapse,1696,0.57,199,0.7,0.5348671705884607,0,78,4934,2065,6,0.344,0.26322145778554107,0.3637875576156615,0.33854062098322046,0.2291201807481336,0.12210594986618421,0.222700481165658,-2.8192817631169373,2.486580303846317,-2.921841313157002,-2.3302840836398757,-3.215787996382892,1.7111958757000287,0.3637875576156615,0.47099824427411335,0.10721068665845185,0.33854062098322046,0.5070477880700323,0.1685071670868118,0.2291201807481336,0.6083867229743102,0.3792665422261766,0.12210594986618421,0.39347910128963,0.27137315142344576,0.222700481165658,0.4364607387957031,0.21376025763004508,1881.0,0.8639705882352942,2084.0,0.9572610294117647,2014.0,0.9250919117647058,1028.0,0.4719669117647059,959.0,0.44025735294117646,0.44025735294117646,WACC_0p9_WRT_0p1,0.7317095588235294,1536,False,,,False,False,False,False,False,78.0,0.3276595744680851
SPLL,RialtoBridgeTimelapse,1143,0.58,162,0.725,0.5832626145720154,0,47,4179,1815,5,0.111,0.21718262356286594,0.3160121011730418,0.2940327978061359,0.19000788038449018,0.10976636685537973,0.19973174096230906,-2.8192817631169373,2.486580303846317,-2.921841313157002,-2.3302840836398757,-3.215787996382892,1.7111958757000287,0.3160121011730418,0.47382837643786513,0.15781627526482334,0.2940327978061359,0.4967792814346993,0.2027464836285634,0.19000788038449018,0.6172825141305621,0.42727463374607194,0.10976636685537973,0.38502601032037975,0.27525964346500004,0.19973174096230906,0.4473357640828655,0.24760402312055646,1923.0,0.8832720588235294,1948.0,0.8947610294117647,2105.0,0.9669117647058824,959.0,0.44025735294117646,1032.0,0.47380514705882354,0.44025735294117646,WACC_0p7_WRT_0p3,0.7318014705882353,1537,False,,,False,False,False,False,False,47.0,0.19574468085106383
SPLL,RialtoBridgeTimelapse,1779,0.51,308,0.5500000000000002,0.4319514597091144,0,145,3332,2623,9,0.911,0.30346900084261724,0.4469839840296756,0.3938524292869258,0.22706764544914237,0.25154352029657934,0.367051160002091,-2.8192817631169373,2.486580303846317,-2.921841313157002,-2.3302840836398757,-3.215787996382892,1.7111958757000287,0.4469839840296756,0.4209103884847841,0.02607359554489147,0.3938524292869258,0.47461777031865265,0.08076534103172683,0.22706764544914237,0.5678263037805281,0.34075865833138574,0.25154352029657934,0.4185224099560485,0.16697888965946917,0.367051160002091,0.4891354921895541,0.12208433218746312,960.0,0.4407169117647059,1450.0,0.6659007352941176,1342.0,0.6162683823529411,1298.0,0.5960477941176471,1357.0,0.6231617647058824,0.4407169117647059,WACC_0p1_WRT_0p9,0.5884191176470588,1538,False,,,False,False,False,False,False,145.0,0.6127659574468085
SPLL,RialtoBridgeTimelapse,1701,0.35,728,0.15,0.2288915986602304,0,218,2304,4651,3,0.304,0.4708573252623143,0.6092605207588293,0.4760239866766716,0.3031437948674722,0.6290895777456726,0.7695184358285786,-2.8192817631169373,2.486580303846317,-2.921841313157002,-2.3302840836398757,-3.215787996382892,1.7111958757000287,0.6092605207588293,0.42114633267244456,0.18811418808638475,0.4760239866766716,0.49854627446791977,0.022522287791248152,0.3031437948674722,0.6220831150314615,0.3189393201639893,0.6290895777456726,0.4844722942282331,0.14461728351743952,0.7695184358285786,0.5749687362197039,0.1945496996088747,963.0,0.4420955882352941,1971.0,0.9053308823529411,2129.0,0.9779411764705882,1946.0,0.8938419117647058,2015.0,0.9255514705882353,0.4420955882352941,WACC_0p1_WRT_0p9,0.8289522058823529,1539,False,,,False,False,False,False,False,218.0,0.9234042553191489
SPLL,RialtoBridgeTimelapse,1932,0.56,254,0.6750000000000003,0.4773922178737712,0,119,1885,2221,1,0.054,0.3208925278244714,0.42164277980707787,0.3935055048140094,0.27985665285315825,0.13186069018652394,0.24549979879505257,-2.8192817631169373,2.486580303846317,-2.921841313157002,-2.3302840836398757,-3.215787996382892,1.7111958757000287,0.42164277980707787,0.42382444503849975,0.002181665231421881,0.3935055048140094,0.4470079896955576,0.053502484881548185,0.27985665285315825,0.5580597393815581,0.2782030865283998,0.13186069018652394,0.4400403603392701,0.30817967015274617,0.24549979879505257,0.5191988828594536,0.273699084064401,1016.0,0.4664522058823529,965.0,0.4430147058823529,1204.0,0.5528492647058824,1525.0,0.7003676470588235,1606.0,0.7375919117647058,0.4430147058823529,WACC_0p3_WRT_0p7,0.5800551470588236,1540,False,,,False,False,False,False,False,119.0,0.502127659574468
SPLL,RialtoBridgeTimelapse,171,0.57,278,0.7,0.4561127284060119,0,132,4866,2017,5,0.548,0.3645260725721756,0.4516503760325995,0.4296418048329183,0.330285808479032,0.09981975443134479,0.2214607333013936,-2.8192817631169373,2.486580303846317,-2.921841313157002,-2.3302840836398757,-3.215787996382892,1.7111958757000287,0.4516503760325995,0.46021918687783997,0.008568810845240471,0.4296418048329183,0.4955140666958235,0.06587226186290518,0.330285808479032,0.5910133934808528,0.2607275850018208,0.09981975443134479,0.38589704876912734,0.28607729433778256,0.2214607333013936,0.4388136435219779,0.21735291022058428,1745.0,0.8014705882352942,1922.0,0.8828125,1705.0,0.7830882352941176,966.0,0.44347426470588236,965.0,0.4430147058823529,0.4430147058823529,WACC_0p9_WRT_0p1,0.6707720588235293,1541,False,,,False,False,False,False,False,132.0,0.5574468085106383
SPLL,RialtoBridgeTimelapse,2055,0.33,243,0.1000000000000001,0.4878240610033443,0,118,49,2433,7,0.484,0.6860271864795494,0.3645490039673999,0.20025369919753214,0.592895162313914,0.7983559183080932,0.8765957140147976,-2.8192817631169373,2.486580303846317,-2.921841313157002,-2.3302840836398757,-3.215787996382892,1.7111958757000287,0.3645490039673999,0.42116522501021064,0.05661622104281072,0.20025369919753214,0.46991282101427034,0.26965912181673823,0.592895162313914,0.5703874389273942,0.02250772338651985,0.7983559183080932,0.5140270554991413,0.28432886280895187,0.8765957140147976,0.5786719964052626,0.29792371760953507,965.0,0.4430147058823529,1350.0,0.6199448529411765,1371.0,0.6295955882352942,2094.0,0.9618566176470589,2033.0,0.9338235294117647,0.4430147058823529,WACC_0p1_WRT_0p9,0.7176470588235293,1542,False,,,False,False,False,False,False,118.0,0.4978723404255319
SPLL,RialtoBridgeTimelapse,82,0.59,96,0.75,0.7060542342204019,0,5,4190,1912,10,0.749,0.07874014943366486,0.18892571184292817,0.16675763260738483,0.057890897146946424,0.12013740389029733,0.18038926032918076,-2.8192817631169373,2.486580303846317,-2.921841313157002,-2.3302840836398757,-3.215787996382892,1.7111958757000287,0.18892571184292817,0.4718866943463744,0.28296098250344626,0.16675763260738483,0.4954882426538835,0.32873061004649873,0.057890897146946424,0.5831904426136292,0.5252995454666828,0.12013740389029733,0.3966697025878582,0.2765322986975609,0.18038926032918076,0.4388315303001383,0.25844226997095754,1895.0,0.8704044117647058,1919.0,0.8814338235294118,1562.0,0.7173713235294118,1064.0,0.4885110294117647,966.0,0.44347426470588236,0.44347426470588236,WACC_0p9_WRT_0p1,0.6802389705882353,1543,False,,,False,False,False,False,False,5.0,0.01702127659574468
SPLL,RialtoBridgeTimelapse,1963,0.38,907,0.2250000000000001,0.1769467086330289,0,221,2453,4392,8,0.49,0.4362801802077443,0.668275552732306,0.5552935722332162,0.26687476021045703,0.5261853995349004,0.6836803214178286,-2.8192817631169373,2.486580303846317,-2.921841313157002,-2.3302840836398757,-3.215787996382892,1.7111958757000287,0.668275552732306,0.4213427577728933,0.24693279495941267,0.5552935722332162,0.49415696393979575,0.061136608293420436,0.26687476021045703,0.6050686846740188,0.3381939244635617,0.5261853995349004,0.49280787030015877,0.03337752923474163,0.6836803214178286,0.5813262021762174,0.1023541192416112,967.0,0.44393382352941174,1894.0,0.8699448529411765,1964.0,0.9021139705882353,1996.0,0.9168198529411765,2045.0,0.9393382352941176,0.44393382352941174,WACC_0p1_WRT_0p9,0.8144301470588236,1544,False,,,False,False,False,False,False,221.0,0.9361702127659575
SPLL,RialtoBridgeTimelapse,949,0.43,153,0.3500000000000001,0.5966994971796171,0,42,321,1998,2,0.073,0.43440949152601793,0.27035155485537093,0.1597944100457995,0.3716388909394621,0.5439895763409663,0.6089363385619554,-2.8192817631169373,2.486580303846317,-2.921841313157002,-2.3302840836398757,-3.215787996382892,1.7111958757000287,0.27035155485537093,0.4213686202324084,0.15101706537703746,0.1597944100457995,0.449546351313743,0.28975194126794346,0.3716388909394621,0.5757731421073312,0.2041342511678691,0.5439895763409663,0.4516597582325404,0.09232981810842594,0.6089363385619554,0.5356850349722233,0.07325130358973209,968.0,0.4443933823529412,994.0,0.4563419117647059,1462.0,0.6714154411764706,1638.0,0.7522977941176471,1729.0,0.7941176470588235,0.4443933823529412,WACC_0p1_WRT_0p9,0.6237132352941177,1545,False,,,False,False,False,False,False,42.0,0.17446808510638298
SPLL,RialtoBridgeTimelapse,1997,0.56,120,0.6750000000000003,0.6537523715710118,0,14,3293,1722,7,0.691,0.10158728103223395,0.2334143852027062,0.19707181766615608,0.059121945329292325,0.1857704712893573,0.25411636782203206,-2.8192817631169373,2.486580303846317,-2.921841313157002,-2.3302840836398757,-3.215787996382892,1.7111958757000287,0.2334143852027062,0.45702817135986623,0.22361378615716004,0.19707181766615608,0.4899769007538277,0.2929050830876716,0.059121945329292325,0.5806784329045309,0.5215564875752385,0.1857704712893573,0.3986886141215251,0.2129181428321678,0.25411636782203206,0.439364456923835,0.18524808910180296,1699.0,0.7803308823529411,1807.0,0.8299632352941176,1532.0,0.7035845588235294,1085.0,0.49816176470588236,969.0,0.44485294117647056,0.44485294117647056,WACC_0p9_WRT_0p1,0.6513786764705882,1546,False,,,False,False,False,False,False,14.0,0.05531914893617021
SPLL,RialtoBridgeTimelapse,892,0.58,152,0.725,0.5982407067832671,0,38,4620,1934,1,0.001,0.19824025687034078,0.2996561086770333,0.2770272012495986,0.17102766564467184,0.11414250757926782,0.2001824276546504,-2.8192817631169373,2.486580303846317,-2.921841313157002,-2.3302840836398757,-3.215787996382892,1.7111958757000287,0.2996561086770333,0.47597355188454205,0.17631744320750875,0.2770272012495986,0.46821692998348224,0.19118972873388362,0.17102766564467184,0.5715769254412949,0.40054925979662304,0.11414250757926782,0.38626496330235544,0.27212245572308763,0.2001824276546504,0.43936872268320865,0.23918629502855823,1948.0,0.8947610294117647,1315.0,0.6038602941176471,1396.0,0.6410845588235294,970.0,0.4453125,970.0,0.4453125,0.4453125,WACC_0p7_WRT_0p3,0.6060661764705882,1547,False,,,False,False,False,False,False,38.0,0.1574468085106383
SPLL,RialtoBridgeTimelapse,123,0.58,216,0.725,0.5155673984262736,0,91,4043,1774,4,0.001,0.3039536389986865,0.39120468429652383,0.3720384553195441,0.27671675995880823,0.0904911415880987,0.1984747225439936,-2.8192817631169373,2.486580303846317,-2.921841313157002,-2.3302840836398757,-3.215787996382892,1.7111958757000287,0.39120468429652383,0.4795084345871574,0.08830375029063359,0.3720384553195441,0.5038611678915593,0.13182271257201522,0.27671675995880823,0.5952254785578547,0.31850871859904645,0.0904911415880987,0.3863243824195925,0.29583324083149376,0.1984747225439936,0.4430484660974222,0.24457374355342862,1980.0,0.9094669117647058,2060.0,0.9462316176470589,1796.0,0.8249080882352942,971.0,0.44577205882352944,995.0,0.4568014705882353,0.44577205882352944,WACC_0p7_WRT_0p3,0.7166360294117646,1548,False,,,False,False,False,False,False,91.0,0.3829787234042553
SPLL,RialtoBridgeTimelapse,93,0.57,329,0.7,0.4163963382498593,0,148,4845,2139,10,0.476,0.41636710343743655,0.49675928354672017,0.47631939308799326,0.38192754976471954,0.0888347053887849,0.22126574660803838,-2.8192817631169373,2.486580303846317,-2.921841313157002,-2.3302840836398757,-3.215787996382892,1.7111958757000287,0.49675928354672017,0.48163415392538944,0.015125129621330724,0.47631939308799326,0.5086194534710012,0.03230006038300798,0.38192754976471954,0.6007246036014992,0.2187970538367796,0.0888347053887849,0.4003613725895336,0.3115266672007487,0.22126574660803838,0.4394623910863085,0.21819664447827014,2000.0,0.9186580882352942,2094.0,0.9618566176470589,1907.0,0.8759191176470589,1096.0,0.5032169117647058,971.0,0.44577205882352944,0.44577205882352944,WACC_0p9_WRT_0p1,0.7410845588235294,1549,False,,,False,False,False,False,False,148.0,0.625531914893617
SPLL,RialtoBridgeTimelapse,2122,0.52,120,0.5750000000000002,0.6537523715710118,0,16,841,1442,4,0.25,0.18579202805059591,0.22518154083906536,0.1655280590343287,0.13821276776390398,0.29976299524506544,0.36240848861079433,-2.8192817631169373,2.486580303846317,-2.921841313157002,-2.3302840836398757,-3.215787996382892,1.7111958757000287,0.22518154083906536,0.4308137426897858,0.20563220185072043,0.1655280590343287,0.44770145897896035,0.28217339994463164,0.13821276776390398,0.534920143136158,0.396707375372254,0.29976299524506544,0.4083835322008547,0.10862053695578927,0.36240848861079433,0.46938900477585604,0.10698051616506171,1169.0,0.5367647058823529,972.0,0.4462316176470588,1009.0,0.4632352941176471,1183.0,0.5431985294117647,1199.0,0.5505514705882353,0.4462316176470588,WACC_0p3_WRT_0p7,0.5079963235294118,1550,False,,,False,False,False,False,False,16.0,0.06382978723404255
SPLL,RialtoBridgeTimelapse,2040,0.44,259,0.3750000000000001,0.4727983873684702,0,125,3188,3547,2,0.388,0.33021097080743034,0.3873511175113715,0.2919034588683354,0.23178858007025893,0.46179712258718597,0.5565193523368028,-2.8192817631169373,2.486580303846317,-2.921841313157002,-2.3302840836398757,-3.215787996382892,1.7111958757000287,0.3873511175113715,0.42154878082295744,0.03419766331158591,0.2919034588683354,0.45990869159408876,0.16800523272575335,0.23178858007025893,0.5967736260805416,0.3649850460102827,0.46179712258718597,0.43389583462082043,0.02790128796636554,0.5565193523368028,0.5181559428457952,0.03836340949100758,972.0,0.4462316176470588,1154.0,0.5298713235294118,1831.0,0.8409926470588235,1464.0,0.6723345588235294,1596.0,0.7329963235294118,0.4462316176470588,WACC_0p1_WRT_0p9,0.644485294117647,1551,False,,,False,False,False,False,False,125.0,0.5276595744680851
SPLL,RialtoBridgeTimelapse,855,0.58,154,0.725,0.5951682631125356,0,39,3593,1598,9,0.416,0.2021176575442858,0.30300200970645513,0.28050733091199576,0.17491463565854948,0.11324077047821192,0.20008392732904082,-2.8192817631169373,2.486580303846317,-2.921841313157002,-2.3302840836398757,-3.215787996382892,1.7111958757000287,0.30300200970645513,0.47681106074575863,0.1738090510393035,0.28050733091199576,0.4935297205329608,0.21302238962096504,0.17491463565854948,0.5815700389925029,0.40665540333395345,0.11324077047821192,0.38640669568060276,0.27316592520239086,0.20008392732904082,0.44122537703743075,0.24114144970838994,1956.0,0.8984375,1885.0,0.8658088235294118,1542.0,0.7081801470588235,972.0,0.4462316176470588,981.0,0.45036764705882354,0.4462316176470588,WACC_0p7_WRT_0p3,0.6738051470588234,1552,False,,,False,False,False,False,False,39.0,0.16170212765957448
SPLL,RialtoBridgeTimelapse,281,0.57,241,0.7,0.4897711899987262,0,110,3764,1952,10,0.001,0.3209688632539144,0.41381857798454136,0.39045028778271,0.28683565197784455,0.10924716898015567,0.2218316251840316,-2.8192817631169373,2.486580303846317,-2.921841313157002,-2.3302840836398757,-3.215787996382892,1.7111958757000287,0.41381857798454136,0.5164845938585372,0.10266601587399582,0.39045028778271,0.5387704510115263,0.1483201632288163,0.28683565197784455,0.5960262244276532,0.30919057244980863,0.10924716898015567,0.38672105782340715,0.27747388884325147,0.2218316251840316,0.44574870986986914,0.22391708468583754,2142.0,0.9839154411764706,2171.0,0.9972426470588235,1811.0,0.8318014705882353,973.0,0.44669117647058826,1022.0,0.46920955882352944,0.44669117647058826,WACC_0p7_WRT_0p3,0.7457720588235294,1553,False,,,False,False,False,False,False,110.0,0.46382978723404256
SPLL,RialtoBridgeTimelapse,1369,0.58,212,0.725,0.5199689177131914,0,88,4192,1819,9,0.575,0.2982588627173151,0.38625866158206956,0.3669145392345648,0.2710358056997577,0.09172427553461093,0.19852381155964455,-2.8192817631169373,2.486580303846317,-2.921841313157002,-2.3302840836398757,-3.215787996382892,1.7111958757000287,0.38625866158206956,0.4722174480770794,0.08595878649500982,0.3669145392345648,0.4949536923713339,0.1280391531367691,0.2710358056997577,0.5815663322620456,0.31053052656228786,0.09172427553461093,0.3938769763211456,0.30215270078653467,0.19852381155964455,0.44008093822708055,0.241557126667436,1901.0,0.8731617647058824,1909.0,0.8768382352941176,1541.0,0.7077205882352942,1034.0,0.47472426470588236,974.0,0.44715073529411764,0.44715073529411764,WACC_0p9_WRT_0p1,0.6759191176470589,1554,False,,,False,False,False,False,False,88.0,0.3702127659574468
SPLL,RialtoBridgeTimelapse,947,0.47,315,0.45,0.4266519617530698,0,150,2801,3074,7,0.647,0.2553572439850275,0.4393615440405019,0.36408909809083345,0.14918535747593423,0.3597998568146938,0.4699392629341212,-2.8192817631169373,2.486580303846317,-2.921841313157002,-2.3302840836398757,-3.215787996382892,1.7111958757000287,0.4393615440405019,0.4215756787569871,0.01778586528351478,0.36408909809083345,0.48032156131759296,0.11623246322675951,0.14918535747593423,0.5858914075574283,0.4367060500814941,0.3597998568146938,0.4584694767281415,0.09866961991344769,0.4699392629341212,0.520092096758533,0.05015283382441177,974.0,0.44715073529411764,1574.0,0.7228860294117647,1620.0,0.7440257352941176,1700.0,0.7807904411764706,1610.0,0.7394301470588235,0.44715073529411764,WACC_0p1_WRT_0p9,0.6868566176470587,1555,False,,,False,False,False,False,False,150.0,0.6340425531914894
SPLL,RialtoBridgeTimelapse,1930,0.53,138,0.6000000000000002,0.6209433717076739,0,29,2954,1705,9,0.643,0.13755492678240555,0.25897235732608814,0.20724651365508467,0.07976867119174842,0.2586909605916325,0.3305134665494428,-2.8192817631169373,2.486580303846317,-2.921841313157002,-2.3302840836398757,-3.215787996382892,1.7111958757000287,0.25897235732608814,0.4519905760263405,0.19301821870025238,0.20724651365508467,0.4855772852253071,0.2783307715702224,0.07976867119174842,0.582236837358913,0.5024681661671645,0.2586909605916325,0.3869674285689346,0.12827646797730213,0.3305134665494428,0.46034637237601267,0.12983290582656987,1611.0,0.7398897058823529,1699.0,0.7803308823529411,1548.0,0.7109375,975.0,0.4476102941176471,1133.0,0.5202205882352942,0.4476102941176471,WACC_0p7_WRT_0p3,0.6397977941176471,1556,False,,,False,False,False,False,False,29.0,0.11914893617021277
SPLL,RialtoBridgeTimelapse,704,0.45,411,0.4000000000000001,0.3638931201805629,0,176,3447,4157,2,0.263,0.30429134367007127,0.4976135543196704,0.4143541489564809,0.18422053220180268,0.3943141445184993,0.5167649038226102,-2.8192817631169373,2.486580303846317,-2.921841313157002,-2.3302840836398757,-3.215787996382892,1.7111958757000287,0.4976135543196704,0.42161928908259855,0.07599426523707187,0.4143541489564809,0.4779313507812474,0.06357720182476645,0.18422053220180268,0.6047715852277239,0.4205510530259212,0.3943141445184993,0.45981138232479385,0.06549723780629457,0.5167649038226102,0.5338252362305759,0.017060332407965673,975.0,0.4476102941176471,1526.0,0.7008272058823529,1958.0,0.8993566176470589,1719.0,0.7895220588235294,1711.0,0.7858455882352942,0.4476102941176471,WACC_0p1_WRT_0p9,0.7246323529411764,1557,False,,,False,False,False,False,False,176.0,0.7446808510638298
SPLL,RialtoBridgeTimelapse,2125,0.5,261,0.5250000000000001,0.4709855444942608,0,124,1318,2898,1,0.133,0.24191825769721545,0.40276209648369055,0.3421283420904365,0.1575862600481667,0.29132217536607247,0.39528541151468877,-2.8192817631169373,2.486580303846317,-2.921841313157002,-2.3302840836398757,-3.215787996382892,1.7111958757000287,0.40276209648369055,0.4216878814687705,0.018925784985079963,0.3421283420904365,0.45759099238154693,0.11546265029111041,0.1575862600481667,0.5605865852544235,0.40300032520625684,0.29132217536607247,0.44092710141454555,0.14960492604847309,0.39528541151468877,0.5203174106454345,0.1250319991307457,977.0,0.4485294117647059,1109.0,0.5091911764705882,1237.0,0.5680147058823529,1540.0,0.7072610294117647,1612.0,0.7403492647058824,0.4485294117647059,WACC_0p1_WRT_0p9,0.5946691176470589,1558,False,,,False,False,False,False,False,124.0,0.5234042553191489
SPLL,RialtoBridgeTimelapse,1521,0.58,229,0.725,0.5018030117888791,0,102,4403,1898,3,0.053,0.3218056638749183,0.4067178064021603,0.38810422774498016,0.2945181985739312,0.08664926055519707,0.1983457193460066,-2.8192817631169373,2.486580303846317,-2.921841313157002,-2.3302840836398757,-3.215787996382892,1.7111958757000287,0.4067178064021603,0.47413089999611885,0.06741309359395853,0.38810422774498016,0.4828949068859701,0.09479067914098993,0.2945181985739312,0.5997288287287074,0.3052106301547762,0.08664926055519707,0.39487104207644247,0.3082217815212454,0.1983457193460066,0.4405785142100304,0.24223279486402383,1927.0,0.8851102941176471,1633.0,0.75,1894.0,0.8699448529411765,1046.0,0.4802389705882353,977.0,0.4485294117647059,0.4485294117647059,WACC_0p9_WRT_0p1,0.6867647058823529,1559,False,,,False,False,False,False,False,102.0,0.4297872340425532
SPLL,RialtoBridgeTimelapse,1379,0.42,144,0.325,0.6109457641941061,0,35,2262,1666,7,0.773,0.47569586297825395,0.2571596303414103,0.13909684792120525,0.4167991164768911,0.581476900687602,0.6421262141567707,-2.8192817631169373,2.486580303846317,-2.921841313157002,-2.3302840836398757,-3.215787996382892,1.7111958757000287,0.2571596303414103,0.4218323203408398,0.16467268999942947,0.13909684792120525,0.4590780957487242,0.31998124782751897,0.4167991164768911,0.5438426410825625,0.12704352460567142,0.581476900687602,0.4134304595456378,0.16804644114196426,0.6421262141567707,0.4850299270603466,0.15709628709642415,978.0,0.4489889705882353,1136.0,0.5215992647058824,1073.0,0.49264705882352944,1236.0,0.5675551470588235,1319.0,0.6056985294117647,0.4489889705882353,WACC_0p1_WRT_0p9,0.5272977941176471,1560,False,,,False,False,False,False,False,35.0,0.14468085106382977
SPLL,RialtoBridgeTimelapse,610,0.59,176,0.75,0.5637689587379813,0,59,3778,1795,3,0.55,0.25799038145807307,0.34345683871369187,0.327583576903218,0.2377131217126493,0.07802628524041691,0.1753912632544366,-2.8192817631169373,2.486580303846317,-2.921841313157002,-2.3302840836398757,-3.215787996382892,1.7111958757000287,0.34345683871369187,0.44192300391101197,0.0984661651973201,0.327583576903218,0.45381368202824535,0.12623010512502736,0.2377131217126493,0.5544167528703288,0.31670363115767947,0.07802628524041691,0.39106898884202584,0.3130427036016089,0.1753912632544366,0.4410526004285208,0.2656613371740842,1408.0,0.6465992647058824,1049.0,0.48161764705882354,1163.0,0.5340073529411765,1007.0,0.46231617647058826,979.0,0.4494485294117647,0.4494485294117647,WACC_0p9_WRT_0p1,0.5147977941176471,1561,False,,,False,False,False,False,False,59.0,0.24680851063829787
SPLL,RialtoBridgeTimelapse,1765,0.37,335,0.2,0.4121336132394091,0,160,2222,2666,6,0.524,0.5119613173399438,0.43613410456468216,0.30275182538227574,0.3975611584394815,0.6426758428282925,0.7426448195042374,-2.8192817631169373,2.486580303846317,-2.921841313157002,-2.3302840836398757,-3.215787996382892,1.7111958757000287,0.43613410456468216,0.4219003800681106,0.014233724496571565,0.30275182538227574,0.47201730628406446,0.16926548090178872,0.3975611584394815,0.5819650298634558,0.1844038714239743,0.6426758428282925,0.4549926580571279,0.18768318477116458,0.7426448195042374,0.5191848389753586,0.22345998052887883,979.0,0.4494485294117647,1388.0,0.6374080882352942,1547.0,0.7104779411764706,1665.0,0.7647058823529411,1605.0,0.7371323529411765,0.4494485294117647,WACC_0p1_WRT_0p9,0.6598345588235295,1562,False,,,False,False,False,False,False,160.0,0.676595744680851
SPLL,RialtoBridgeTimelapse,2049,0.57,224,0.7,0.507002668073278,0,99,3243,1473,4,0.013,0.2988162954679118,0.3946071882312019,0.370529654654706,0.26471188272616397,0.11412577322250103,0.22210819020050404,-2.8192817631169373,2.486580303846317,-2.921841313157002,-2.3302840836398757,-3.215787996382892,1.7111958757000287,0.3946071882312019,0.47223223157195043,0.07762504334074855,0.370529654654706,0.4897697499880105,0.11924009533330449,0.26471188272616397,0.5817910381814361,0.3170791554552721,0.11412577322250103,0.38757277016633473,0.2734469969438337,0.22210819020050404,0.44433797444806733,0.2222297842475633,1902.0,0.8736213235294118,1803.0,0.828125,1545.0,0.7095588235294118,979.0,0.4494485294117647,1006.0,0.4618566176470588,0.4494485294117647,WACC_0p7_WRT_0p3,0.6645220588235293,1563,False,,,False,False,False,False,False,99.0,0.41702127659574467
SPLL,RialtoBridgeTimelapse,2156,0.46,362,0.4250000000000001,0.3938483479549922,0,163,1436,3458,5,0.488,0.2815313422387884,0.46992973062634635,0.3907415489649999,0.1684412132089274,0.37657159617263714,0.49321612022879574,-2.8192817631169373,2.486580303846317,-2.921841313157002,-2.3302840836398757,-3.215787996382892,1.7111958757000287,0.46992973062634635,0.4219442716179304,0.04798545900841594,0.3907415489649999,0.47432445082944485,0.08358290186444495,0.1684412132089274,0.5939883228559834,0.42554710964705594,0.37657159617263714,0.42991498888770896,0.053343392715071825,0.49321612022879574,0.5148583555932693,0.021642235364473572,980.0,0.4499080882352941,1439.0,0.6608455882352942,1773.0,0.8143382352941176,1422.0,0.6530330882352942,1562.0,0.7173713235294118,0.4499080882352941,WACC_0p1_WRT_0p9,0.6590992647058823,1564,False,,,False,False,False,False,False,163.0,0.6893617021276596
SPLL,RialtoBridgeTimelapse,955,0.58,162,0.725,0.5832626145720154,0,47,1458,1611,4,0.617,0.21718262356286594,0.3160121011730418,0.2940327978061359,0.19000788038449018,0.10976636685537973,0.19973174096230906,-2.8192817631169373,2.486580303846317,-2.921841313157002,-2.3302840836398757,-3.215787996382892,1.7111958757000287,0.3160121011730418,0.4250587756814666,0.10904667450842481,0.2940327978061359,0.4601624967003077,0.16612969889417178,0.19000788038449018,0.5414033964233709,0.3513955160388807,0.10976636685537973,0.38773977296510426,0.27797340610972454,0.19973174096230906,0.4524919420245061,0.25276020106219704,1038.0,0.4765625,1156.0,0.5307904411764706,1053.0,0.4834558823529412,981.0,0.45036764705882354,1066.0,0.48943014705882354,0.45036764705882354,WACC_0p7_WRT_0p3,0.4861213235294118,1565,False,,,False,False,False,False,False,47.0,0.19574468085106383
SPLL,RialtoBridgeTimelapse,1604,0.49,385,0.5000000000000001,0.3793144827760286,0,166,1625,3421,2,0.279,0.34009389404197826,0.49476745595874644,0.43313017062471826,0.24962906388865927,0.28935968364918674,0.41464952674616434,-2.8192817631169373,2.486580303846317,-2.921841313157002,-2.3302840836398757,-3.215787996382892,1.7111958757000287,0.49476745595874644,0.4219864835599614,0.07278097239878506,0.43313017062471826,0.461508294626087,0.028378124001368743,0.24962906388865927,0.6012247172653837,0.3515956533767245,0.28935968364918674,0.4427639921470245,0.15340430849783776,0.41464952674616434,0.5225153622677612,0.10786583552159684,981.0,0.45036764705882354,1182.0,0.5427389705882353,1918.0,0.8809742647058824,1555.0,0.7141544117647058,1630.0,0.7486213235294118,0.45036764705882354,WACC_0p1_WRT_0p9,0.6673713235294116,1566,False,,,False,False,False,False,False,166.0,0.7021276595744681
SPLL,RialtoBridgeTimelapse,2109,0.53,252,0.6000000000000002,0.479255021494012,0,117,4720,2796,10,0.872,0.27348810714239435,0.40491064886517997,0.36052879950951955,0.21118685685209443,0.21211597878273822,0.3192146386892593,-2.8192817631169373,2.486580303846317,-2.921841313157002,-2.3302840836398757,-3.215787996382892,1.7111958757000287,0.40491064886517997,0.4257191721345437,0.02080852326936372,0.36052879950951955,0.47851198124203337,0.11798318173251382,0.21118685685209443,0.565157104592676,0.35397024774058156,0.21211597878273822,0.40092607035598066,0.18881009157324244,0.3192146386892593,0.44133326898883124,0.12211863029957193,1050.0,0.4820772058823529,1538.0,0.7063419117647058,1292.0,0.5932904411764706,1101.0,0.5055147058823529,982.0,0.4508272058823529,0.4508272058823529,WACC_0p9_WRT_0p1,0.5476102941176471,1567,False,,,False,False,False,False,False,117.0,0.49361702127659574
SPLL,RialtoBridgeTimelapse,1670,0.54,166,0.6250000000000002,0.5775271860960967,0,54,1244,1728,3,0.016,0.16686245443312914,0.30556113995491735,0.2619219697123308,0.11071904941029714,0.21589347571564277,0.2999079220873379,-2.8192817631169373,2.486580303846317,-2.921841313157002,-2.3302840836398757,-3.215787996382892,1.7111958757000287,0.30556113995491735,0.46646785089975046,0.1609067109448331,0.2619219697123308,0.4778036340749704,0.2158816643626396,0.11071904941029714,0.5587854600829699,0.4480664106726728,0.21589347571564277,0.3877688818065474,0.17187540609090463,0.2999079220873379,0.46582937547274145,0.16592145338540354,1836.0,0.8432904411764706,1525.0,0.7003676470588235,1217.0,0.5588235294117647,983.0,0.45128676470588236,1171.0,0.5376838235294118,0.45128676470588236,WACC_0p7_WRT_0p3,0.6182904411764706,1568,False,,,False,False,False,False,False,54.0,0.225531914893617
SPLL,RialtoBridgeTimelapse,772,0.47,629,0.45,0.2634206218147303,0,203,4528,4762,6,0.49,0.45498872323985523,0.6096449639906395,0.5424815111073641,0.3510445909520965,0.3076932317855337,0.45891892759626113,-2.8192817631169373,2.486580303846317,-2.921841313157002,-2.3302840836398757,-3.215787996382892,1.7111958757000287,0.6096449639906395,0.4222606929558891,0.18738427103475042,0.5424815111073641,0.49244603829809136,0.05003547280927273,0.3510445909520965,0.6159789386104881,0.26493434765839163,0.3076932317855337,0.46673004406025936,0.15903681227472566,0.45891892759626113,0.5424714663441325,0.08355253874787133,983.0,0.45128676470588236,1857.0,0.8529411764705882,2096.0,0.9627757352941176,1796.0,0.8249080882352942,1773.0,0.8143382352941176,0.45128676470588236,WACC_0p1_WRT_0p9,0.78125,1569,False,,,False,False,False,False,False,203.0,0.8595744680851064
SPLL,RialtoBridgeTimelapse,2112,0.45,712,0.4000000000000001,0.2341417411683829,0,213,1451,4404,3,0.346,0.4625439578371555,0.6324554429422675,0.5557123190708747,0.3443667095528537,0.35259037719266706,0.5075914299554964,-2.8192817631169373,2.486580303846317,-2.921841313157002,-2.3302840836398757,-3.215787996382892,1.7111958757000287,0.6324554429422675,0.422297171050714,0.2101582718915535,0.5557123190708747,0.48228438688746894,0.07342793218340576,0.3443667095528537,0.6084509316282417,0.264084222075388,0.35259037719266706,0.4665689668437681,0.11397858965110103,0.5075914299554964,0.5559859817183225,0.04839455176282603,984.0,0.45174632352941174,1615.0,0.7417279411764706,2016.0,0.9260110294117647,1794.0,0.8239889705882353,1884.0,0.8653492647058824,0.45174632352941174,WACC_0p1_WRT_0p9,0.7617647058823529,1570,False,,,False,False,False,False,False,213.0,0.902127659574468
SPLL,RialtoBridgeTimelapse,1042,0.56,230,0.6750000000000003,0.500776655135883,0,104,4732,2117,9,0.242,0.2910860747276366,0.3958498032031276,0.3667243469889742,0.25003987177504067,0.138585546353851,0.24604018623279247,-2.8192817631169373,2.486580303846317,-2.921841313157002,-2.3302840836398757,-3.215787996382892,1.7111958757000287,0.3958498032031276,0.4738216303670663,0.07797182716393869,0.3667243469889742,0.5010550440689154,0.13433069707994122,0.25003987177504067,0.5965579656450826,0.3465180938700419,0.138585546353851,0.40101934019426344,0.26243379384041243,0.24604018623279247,0.44172457761245937,0.1956843913796669,1922.0,0.8828125,2025.0,0.9301470588235294,1822.0,0.8368566176470589,1102.0,0.5059742647058824,985.0,0.4522058823529412,0.4522058823529412,WACC_0p9_WRT_0p1,0.7215992647058823,1571,False,,,False,False,False,False,False,104.0,0.43829787234042555
SPLL,RialtoBridgeTimelapse,1123,0.38,1104,0.2250000000000001,0.1304937641719992,0,226,491,4511,8,0.369,0.49237802745966885,0.715856926645708,0.6053164107650159,0.3238343561184875,0.5107713789361722,0.6797752780184727,-2.8192817631169373,2.486580303846317,-2.921841313157002,-2.3302840836398757,-3.215787996382892,1.7111958757000287,0.715856926645708,0.4223055718293562,0.2935513548163518,0.6053164107650159,0.48763302145341103,0.11768338931160482,0.3238343561184875,0.6081284257507524,0.28429406963226495,0.5107713789361722,0.5273596325208103,0.016588253584638113,0.6797752780184727,0.6106129154770721,0.06916236254140062,985.0,0.4522058823529412,1754.0,0.8056066176470589,2010.0,0.9232536764705882,2129.0,0.9779411764705882,2145.0,0.9852941176470589,0.4522058823529412,WACC_0p1_WRT_0p9,0.8288602941176471,1572,False,,,False,False,False,False,False,226.0,0.9574468085106383
SPLL,RialtoBridgeTimelapse,1810,0.43,120,0.3500000000000001,0.6537523715710118,0,22,2189,1262,4,0.036,0.47167421559099426,0.21938790351210002,0.10384480565193883,0.42447325839183947,0.5720311160765534,0.6242665890261402,-2.8192817631169373,2.486580303846317,-2.921841313157002,-2.3302840836398757,-3.215787996382892,1.7111958757000287,0.21938790351210002,0.4538237118528008,0.23443580834070077,0.10384480565193883,0.4489504107504296,0.34510560509849075,0.42447325839183947,0.543528373505423,0.11905511511358358,0.5720311160765534,0.4024284127183257,0.16960270335822775,0.6242665890261402,0.46923545448777826,0.15503113453836193,1643.0,0.7545955882352942,988.0,0.45358455882352944,1068.0,0.49034926470588236,1117.0,0.5128676470588235,1197.0,0.5496323529411765,0.45358455882352944,WACC_0p3_WRT_0p7,0.5522058823529412,1573,False,,,False,False,False,False,False,22.0,0.08936170212765958
SPLL,RialtoBridgeTimelapse,1465,0.56,201,0.6750000000000003,0.5325131726842642,0,80,4310,2228,7,0.907,0.25095435843628366,0.36119905191380536,0.33069647508459993,0.20982673142980898,0.1478609885252622,0.24699926687320742,-2.8192817631169373,2.486580303846317,-2.921841313157002,-2.3302840836398757,-3.215787996382892,1.7111958757000287,0.36119905191380536,0.4224195127409547,0.061220460827149326,0.33069647508459993,0.47349786946181355,0.14280139437721362,0.20982673142980898,0.5600486442782988,0.3502219128484898,0.1478609885252622,0.3960694044011308,0.24820841587586862,0.24699926687320742,0.44539099696145795,0.19839173008825053,989.0,0.4540441176470588,1421.0,0.6525735294117647,1228.0,0.5638786764705882,1056.0,0.48483455882352944,1016.0,0.4664522058823529,0.4540441176470588,WACC_0p1_WRT_0p9,0.5243566176470588,1574,False,,,False,False,False,False,False,80.0,0.33617021276595743
SPLL,RialtoBridgeTimelapse,814,0.58,137,0.725,0.622651500698375,0,26,3742,1858,4,0.354,0.16759120534331787,0.27325019362202607,0.24953497258305146,0.1402663362361785,0.1213902535185128,0.201086641713094,-2.8192817631169373,2.486580303846317,-2.921841313157002,-2.3302840836398757,-3.215787996382892,1.7111958757000287,0.27325019362202607,0.4653056409990999,0.1920554473770738,0.24953497258305146,0.48252701436965956,0.2329920417866081,0.1402663362361785,0.6044029217313704,0.46413658549519193,0.1213902535185128,0.39097302998607125,0.26958277646755846,0.201086641713094,0.44243715849699894,0.24135051678390493,1816.0,0.8340992647058824,1623.0,0.7454044117647058,1954.0,0.8975183823529411,1005.0,0.46139705882352944,989.0,0.4540441176470588,0.4540441176470588,WACC_0p9_WRT_0p1,0.6784926470588235,1575,False,,,False,False,False,False,False,26.0,0.10638297872340426
SPLL,RialtoBridgeTimelapse,961,0.47,367,0.45,0.390611979597538,0,162,3321,3765,1,0.105,0.29878133908624566,0.476150178845272,0.4027936212494326,0.1933141725894329,0.34774492510929605,0.4667873339448454,-2.8192817631169373,2.486580303846317,-2.921841313157002,-2.3302840836398757,-3.215787996382892,1.7111958757000287,0.476150178845272,0.42244353303595394,0.053706645809318054,0.4027936212494326,0.4726700920906026,0.06987647084117005,0.1933141725894329,0.5961670400597421,0.4028528674703092,0.34774492510929605,0.44144561497382623,0.09370068986453017,0.4667873339448454,0.5213006108619218,0.054513276917076414,990.0,0.45450367647058826,1400.0,0.6429227941176471,1817.0,0.8345588235294118,1544.0,0.7090992647058824,1621.0,0.7444852941176471,0.45450367647058826,WACC_0p1_WRT_0p9,0.6771139705882353,1576,False,,,False,False,False,False,False,162.0,0.6851063829787234
SPLL,RialtoBridgeTimelapse,52,0.58,235,0.725,0.4957106192094297,0,106,1538,1328,3,0.001,0.32972775325036996,0.41360578260676584,0.39523514990813197,0.3024145081152192,0.08495527711991703,0.19829989479676352,-2.8192817631169373,2.486580303846317,-2.921841313157002,-2.3302840836398757,-3.215787996382892,1.7111958757000287,0.41360578260676584,0.4681644057570187,0.05455862315025284,0.39523514990813197,0.4639699294643707,0.06873477955623875,0.3024145081152192,0.5459078074413118,0.24349329932609265,0.08495527711991703,0.3888718469088212,0.3039165697889042,0.19829989479676352,0.4440586287915918,0.24575873399482828,1859.0,0.8538602941176471,1230.0,0.5647977941176471,1081.0,0.4963235294117647,991.0,0.45496323529411764,1003.0,0.46047794117647056,0.45496323529411764,WACC_0p7_WRT_0p3,0.5660845588235295,1577,False,,,False,False,False,False,False,106.0,0.44680851063829785
SPLL,RialtoBridgeTimelapse,1296,0.46,268,0.4250000000000001,0.4647478051280819,0,129,1383,3610,5,0.525,0.265158633217424,0.3988518611552348,0.3156555596808598,0.1635025961696413,0.40135325227518726,0.5007469670401573,-2.8192817631169373,2.486580303846317,-2.921841313157002,-2.3302840836398757,-3.215787996382892,1.7111958757000287,0.3988518611552348,0.42253930775720816,0.02368744660197336,0.3156555596808598,0.478051732889049,0.16239617320818922,0.1635025961696413,0.5970691091082724,0.4335665129386311,0.40135325227518726,0.4488046212254962,0.047451368950308936,0.5007469670401573,0.526416740339148,0.025669773298990672,992.0,0.4554227941176471,1529.0,0.7022058823529411,1837.0,0.84375,1620.0,0.7440257352941176,1661.0,0.7628676470588235,0.4554227941176471,WACC_0p1_WRT_0p9,0.7016544117647059,1578,False,,,False,False,False,False,False,129.0,0.5446808510638298
SPLL,RialtoBridgeTimelapse,1595,0.51,83,0.5500000000000002,0.7400959763839803,0,7,534,1280,5,0.352,0.2693128909787005,0.1443924070611471,0.07203285903055927,0.24629430202860303,0.3675722578864038,0.4092892415722206,-2.8192817631169373,2.486580303846317,-2.921841313157002,-2.3302840836398757,-3.215787996382892,1.7111958757000287,0.1443924070611471,0.44860971106847625,0.30421730400732916,0.07203285903055927,0.44941004689059516,0.3773771878600359,0.24629430202860303,0.5527566504612507,0.30646234843264764,0.3675722578864038,0.41466196283036727,0.04708970494396347,0.4092892415722206,0.48573116824607115,0.07644192667385058,1560.0,0.7164522058823529,993.0,0.45588235294117646,1151.0,0.5284926470588235,1254.0,0.5758272058823529,1330.0,0.6107536764705882,0.45588235294117646,WACC_0p3_WRT_0p7,0.5774816176470587,1579,False,,,False,False,False,False,False,7.0,0.02553191489361702
SPLL,RialtoBridgeTimelapse,944,0.58,233,0.725,0.4977240342342319,0,105,3971,2032,5,0.489,0.32710830050793527,0.41132801269610214,0.39287719960836,0.29980379691667414,0.08551468404922921,0.19831430138576692,-2.8192817631169373,2.486580303846317,-2.921841313157002,-2.3302840836398757,-3.215787996382892,1.7111958757000287,0.41132801269610214,0.4595960863609542,0.048268073664852085,0.39287719960836,0.48305235128047114,0.09017515167211115,0.29980379691667414,0.5889881660822057,0.2891843691655316,0.08551468404922921,0.3890370731807469,0.30352238913151763,0.19831430138576692,0.44701265772524135,0.24869835633947443,1733.0,0.7959558823529411,1637.0,0.7518382352941176,1675.0,0.7693014705882353,993.0,0.45588235294117646,1028.0,0.4719669117647059,0.45588235294117646,WACC_0p7_WRT_0p3,0.6489889705882355,1580,False,,,False,False,False,False,False,105.0,0.4425531914893617
SPLL,RialtoBridgeTimelapse,1875,0.58,185,0.725,0.5520355704497459,0,66,3618,1643,6,0.063,0.25698495195646703,0.35045462882750905,0.3297951243012346,0.2298243214375287,0.10078521559813,0.19900902858260827,-2.8192817631169373,2.486580303846317,-2.921841313157002,-2.3302840836398757,-3.215787996382892,1.7111958757000287,0.35045462882750905,0.473698380162703,0.12324375133519394,0.3297951243012346,0.4911963151322513,0.16140119083101673,0.2298243214375287,0.5966620059657872,0.3668376845282585,0.10078521559813,0.38912830263525494,0.28834308703712497,0.19900902858260827,0.44436658679024477,0.2453575582076365,1921.0,0.8823529411764706,1831.0,0.8409926470588235,1825.0,0.8382352941176471,994.0,0.4563419117647059,1008.0,0.46277573529411764,0.4563419117647059,WACC_0p7_WRT_0p3,0.696139705882353,1581,False,,,False,False,False,False,False,66.0,0.2765957446808511
SPLL,RialtoBridgeTimelapse,2091,0.4,653,0.2750000000000001,0.2545756724921012,0,211,2568,4804,9,0.37,0.36951289442319796,0.5949530724999753,0.4891484703239828,0.21368400819746694,0.4967297334834377,0.6382621771229918,-2.8192817631169373,2.486580303846317,-2.921841313157002,-2.3302840836398757,-3.215787996382892,1.7111958757000287,0.5949530724999753,0.4226791870685029,0.17227388543147243,0.4891484703239828,0.4994561306724826,0.010307660348499836,0.21368400819746694,0.6080932774582519,0.394409269260785,0.4967297334834377,0.5091576368772642,0.012427903393826545,0.6382621771229918,0.5979603051120608,0.04030187201093105,994.0,0.4563419117647059,1990.0,0.9140625,2009.0,0.9227941176470589,2079.0,0.9549632352941176,2113.0,0.9705882352941176,0.4563419117647059,WACC_0p1_WRT_0p9,0.84375,1582,False,,,False,False,False,False,False,211.0,0.8936170212765957
SPLL,RialtoBridgeTimelapse,175,0.59,148,0.75,0.6045079564015148,0,33,1442,1121,6,0.43,0.20565742292819164,0.29808135828381005,0.280526985739458,0.18544008275122947,0.08957800190538487,0.17607243636043873,-2.8192817631169373,2.486580303846317,-2.921841313157002,-2.3302840836398757,-3.215787996382892,1.7111958757000287,0.29808135828381005,0.4498316432275098,0.15175028494369974,0.280526985739458,0.45035351461042183,0.16982652887096383,0.18544008275122947,0.5332271361903264,0.3477870534390969,0.08957800190538487,0.3895155490108592,0.2999375471054744,0.17607243636043873,0.44316908883354755,0.2670966524731088,1578.0,0.7247242647058824,1007.0,0.46231617647058826,995.0,0.4568014705882353,999.0,0.4586397058823529,996.0,0.4572610294117647,0.4568014705882353,WACC_0p5_WRT_0p5,0.5119485294117647,1583,False,,,False,False,False,False,False,33.0,0.13617021276595745
SPLL,RialtoBridgeTimelapse,1016,0.58,170,0.725,0.571927520236409,0,54,1403,1274,7,0.173,0.23158330485980624,0.3284626552839226,0.30696746114999823,0.20442322479292438,0.10648565563556436,0.19943749204049577,-2.8192817631169373,2.486580303846317,-2.921841313157002,-2.3302840836398757,-3.215787996382892,1.7111958757000287,0.3284626552839226,0.4638304314427156,0.13536777615879297,0.30696746114999823,0.45968454033426165,0.15271707918426342,0.20442322479292438,0.5450248261043841,0.34060160131145967,0.10648565563556436,0.3892309561257719,0.2827453004902075,0.19943749204049577,0.44979538939432767,0.2503578973538319,1797.0,0.8253676470588235,1150.0,0.5280330882352942,1079.0,0.4954044117647059,995.0,0.4568014705882353,1044.0,0.47931985294117646,0.4568014705882353,WACC_0p7_WRT_0p3,0.5569852941176471,1584,False,,,False,False,False,False,False,54.0,0.225531914893617
SPLL,RialtoBridgeTimelapse,1026,0.36,667,0.175,0.2495648229515257,0,214,264,4831,9,0.384,0.45174173835473785,0.5908842605929586,0.46224406628714587,0.28980309394782994,0.6081006482412541,0.7449822860183833,-2.8192817631169373,2.486580303846317,-2.921841313157002,-2.3302840836398757,-3.215787996382892,1.7111958757000287,0.5908842605929586,0.4228845119452929,0.1679997486476657,0.46224406628714587,0.4831931797332255,0.020949113446079637,0.28980309394782994,0.5902169083326474,0.30041381438481746,0.6081006482412541,0.5621598341763303,0.045940814064923785,0.7449822860183833,0.6376230342940378,0.10735925172434557,995.0,0.4568014705882353,1644.0,0.7550551470588235,1694.0,0.7780330882352942,2168.0,0.9958639705882353,2176.0,0.9995404411764706,0.4568014705882353,WACC_0p1_WRT_0p9,0.7970588235294118,1585,False,,,False,False,False,False,False,214.0,0.9063829787234042
SPLL,RialtoBridgeTimelapse,1944,0.46,116,0.4250000000000001,0.6617052158065175,0,19,2153,988,7,0.606,0.37965564033476423,0.21298398154297016,0.1158090627452149,0.3348889364714107,0.48316788296017654,0.5368841604637485,-2.8192817631169373,2.486580303846317,-2.921841313157002,-2.3302840836398757,-3.215787996382892,1.7111958757000287,0.21298398154297016,0.4275493470041924,0.21456536546122223,0.1158090627452149,0.4511375916778034,0.33532852893258847,0.3348889364714107,0.533257339417376,0.19836840294596525,0.48316788296017654,0.4033159838675546,0.07985189909262197,0.5368841604637485,0.45900833394544577,0.07787582651830277,1092.0,0.5013786764705882,1015.0,0.46599264705882354,996.0,0.4572610294117647,1133.0,0.5202205882352942,1124.0,0.5160845588235294,0.4572610294117647,WACC_0p5_WRT_0p5,0.4921875,1586,False,,,False,False,False,False,False,19.0,0.07659574468085106
SPLL,RialtoBridgeTimelapse,844,0.42,915,0.325,0.1748714774537038,0,220,1073,4232,7,0.31,0.49323401063707245,0.6833815047699651,0.5929350257333007,0.35374912654841534,0.41545311453896616,0.5801281021732705,-2.8192817631169373,2.486580303846317,-2.921841313157002,-2.3302840836398757,-3.215787996382892,1.7111958757000287,0.6833815047699651,0.42288682245012765,0.2604946823198374,0.5929350257333007,0.5000546241154623,0.09288040161783839,0.35374912654841534,0.6186390633071817,0.2648899367587663,0.41545311453896616,0.4787621087973334,0.06330899425836722,0.5801281021732705,0.5584509786994425,0.021677123473827997,996.0,0.4572610294117647,2001.0,0.9191176470588235,2112.0,0.9701286764705882,1902.0,0.8736213235294118,1909.0,0.8768382352941176,0.4572610294117647,WACC_0p1_WRT_0p9,0.8193933823529411,1587,False,,,False,False,False,False,False,220.0,0.9319148936170213
SPLL,RialtoBridgeTimelapse,1006,0.6,293,0.775,0.4437237807444882,0,136,1593,1210,9,0.558,0.43428982011011513,0.48951628718491286,0.48341516848100163,0.4197609625306994,0.04528819568481552,0.1526951143676354,-2.8192817631169373,2.486580303846317,-2.921841313157002,-2.3302840836398757,-3.215787996382892,1.7111958757000287,0.48951628718491286,0.4710560719875553,0.018460215197357577,0.48341516848100163,0.46976033199521644,0.013654836485785193,0.4197609625306994,0.5514934618236192,0.13173249929291986,0.04528819568481552,0.38938061883730934,0.34409242315249383,0.1526951143676354,0.4568381986367505,0.3041430842691151,1882.0,0.8644301470588235,1346.0,0.6181066176470589,1142.0,0.5243566176470589,997.0,0.4577205882352941,1104.0,0.5068933823529411,0.4577205882352941,WACC_0p7_WRT_0p3,0.5943014705882352,1588,False,,,False,False,False,False,False,136.0,0.574468085106383
SPLL,RialtoBridgeTimelapse,1837,0.54,256,0.6250000000000002,0.4755439675554405,0,121,1771,2944,6,0.686,0.2926944079867061,0.4132931582721386,0.3745243646484215,0.23760634869592767,0.18419156818001262,0.2941576759138174,-2.8192817631169373,2.486580303846317,-2.921841313157002,-2.3302840836398757,-3.215787996382892,1.7111958757000287,0.4132931582721386,0.4229945052557112,0.009701346983572612,0.3745243646484215,0.47461709172672756,0.10009272707830608,0.23760634869592767,0.575384836690341,0.33777848799441335,0.18419156818001262,0.4299824710083438,0.2457909028283312,0.2941576759138174,0.5057502411354439,0.21159256522162645,997.0,0.4577205882352941,1449.0,0.6654411764705882,1458.0,0.6695772058823529,1423.0,0.6534926470588235,1473.0,0.6764705882352942,0.4577205882352941,WACC_0p1_WRT_0p9,0.6245404411764705,1589,False,,,False,False,False,False,False,121.0,0.5106382978723404
SPLL,RialtoBridgeTimelapse,2085,0.38,234,0.2250000000000001,0.4967151847844891,0,112,251,2749,5,0.169,0.531324238327506,0.35862559170301417,0.22498935390387717,0.44078767219778364,0.6496762449052528,0.7315007956338744,-2.8192817631169373,2.486580303846317,-2.921841313157002,-2.3302840836398757,-3.215787996382892,1.7111958757000287,0.35862559170301417,0.4230533682869956,0.06442777658398141,0.22498935390387717,0.47274351235235323,0.24775415844847606,0.44078767219778364,0.5939791136527197,0.15319144145493607,0.6496762449052528,0.4696732793275722,0.18000296557768058,0.7315007956338744,0.5471836788666271,0.18431711676724727,998.0,0.45818014705882354,1402.0,0.6438419117647058,1771.0,0.8134191176470589,1823.0,0.8373161764705882,1808.0,0.8304227941176471,0.45818014705882354,WACC_0p1_WRT_0p9,0.7166360294117647,1590,False,,,False,False,False,False,False,112.0,0.4723404255319149
SPLL,RialtoBridgeTimelapse,636,0.58,194,0.725,0.5408567268970217,0,74,4567,1909,9,0.271,0.2713295049108237,0.36288901802558654,0.3426921858347853,0.2441551685861882,0.09760997201579616,0.1988129979232685,-2.8192817631169373,2.486580303846317,-2.921841313157002,-2.3302840836398757,-3.215787996382892,1.7111958757000287,0.36288901802558654,0.48011801393377973,0.11722899590819319,0.3426921858347853,0.5001314071393889,0.15743922130460358,0.2441551685861882,0.5894895056691086,0.34533433708292044,0.09760997201579616,0.4024797850394037,0.3048698130236075,0.1988129979232685,0.4433785253183073,0.24456552739503878,1989.0,0.9136029411764706,2005.0,0.9209558823529411,1683.0,0.7729779411764706,1119.0,0.5137867647058824,999.0,0.4586397058823529,0.4586397058823529,WACC_0p9_WRT_0p1,0.7159926470588235,1591,False,,,False,False,False,False,False,74.0,0.31063829787234043
SPLL,RialtoBridgeTimelapse,2005,0.54,221,0.6250000000000002,0.5101782169264885,0,99,3066,1544,8,0.264,0.24950795505167483,0.37617012634876157,0.3358195579658907,0.1941877018921817,0.19464630353530632,0.2956854477203822,-2.8192817631169373,2.486580303846317,-2.921841313157002,-2.3302840836398757,-3.215787996382892,1.7111958757000287,0.37617012634876157,0.46536518674975386,0.08919506040099229,0.3358195579658907,0.4893237584621614,0.15350420049627073,0.1941877018921817,0.59253356931511,0.3983458674229283,0.19464630353530632,0.3969317101081679,0.2022854065728616,0.2956854477203822,0.4434279403756962,0.14774249265531403,1821.0,0.8363970588235294,1793.0,0.8235294117647058,1738.0,0.7982536764705882,1066.0,0.48943014705882354,1000.0,0.45909926470588236,0.45909926470588236,WACC_0p9_WRT_0p1,0.6813419117647058,1592,False,,,False,False,False,False,False,99.0,0.41702127659574467
SPLL,RialtoBridgeTimelapse,967,0.43,676,0.3500000000000001,0.2463987183921128,0,211,1293,4683,7,0.408,0.4195755266156459,0.6122479240313848,0.5238256730537936,0.2865330064694771,0.41089864415960303,0.5592873433702469,-2.8192817631169373,2.486580303846317,-2.921841313157002,-2.3302840836398757,-3.215787996382892,1.7111958757000287,0.6122479240313848,0.42308894952358606,0.18915897450779878,0.5238256730537936,0.4904901827152015,0.033335490338592066,0.2865330064694771,0.6149145450998236,0.32838153863034647,0.41089864415960303,0.48699753761357367,0.07609889345397064,0.5592873433702469,0.5719926004775542,0.0127052571073073,1000.0,0.45909926470588236,1816.0,0.8340992647058824,2085.0,0.9577205882352942,1962.0,0.9011948529411765,2003.0,0.9200367647058824,0.45909926470588236,WACC_0p1_WRT_0p9,0.8144301470588236,1593,False,,,False,False,False,False,False,211.0,0.8936170212765957
SPLL,RialtoBridgeTimelapse,1568,0.47,198,0.45,0.5360530118555942,0,80,1009,2863,2,0.193,0.2734915699268866,0.3309692724840307,0.24924478592432722,0.1927780819058248,0.3992438081058866,0.4830210345285824,-2.8192817631169373,2.486580303846317,-2.921841313157002,-2.3302840836398757,-3.215787996382892,1.7111958757000287,0.3309692724840307,0.4231163749291769,0.09214710244514623,0.24924478592432722,0.4560877913756999,0.20684300545137266,0.1927780819058248,0.574219055735544,0.3814409738297192,0.3992438081058866,0.4399525460089334,0.0407087379030468,0.4830210345285824,0.515979362026049,0.03295832749746658,1001.0,0.45955882352941174,1085.0,0.49816176470588236,1444.0,0.6631433823529411,1524.0,0.6999080882352942,1572.0,0.7219669117647058,0.45955882352941174,WACC_0p1_WRT_0p9,0.6085477941176471,1594,False,,,False,False,False,False,False,80.0,0.33617021276595743
SPLL,RialtoBridgeTimelapse,1144,0.32,775,0.075,0.2141106895035451,0,220,123,4670,10,0.52,0.553958853046033,0.6183620897782091,0.46838538743603747,0.3830212396032361,0.7098338001843669,0.8496757462739477,-2.8192817631169373,2.486580303846317,-2.921841313157002,-2.3302840836398757,-3.215787996382892,1.7111958757000287,0.6183620897782091,0.42316119979777206,0.195200889980437,0.46838538743603747,0.4694376619469878,0.0010522745109503573,0.3830212396032361,0.5857814477473371,0.202760208144101,0.7098338001843669,0.5498453931354175,0.15998840704894945,0.8496757462739477,0.6306815853895653,0.2189941608843824,1002.0,0.4600183823529412,1341.0,0.6158088235294118,1618.0,0.7431066176470589,2161.0,0.9926470588235294,2169.0,0.9963235294117647,0.4600183823529412,WACC_0p1_WRT_0p9,0.7615808823529411,1595,False,,,False,False,False,False,False,220.0,0.9319148936170213
SPLL,RialtoBridgeTimelapse,2080,0.55,207,0.6500000000000002,0.5255885367494147,0,88,4445,2923,4,0.711,0.24483180095516077,0.36401175015504433,0.3284064813313631,0.19660643899607208,0.17247036509182395,0.27143870747452375,-2.8192817631169373,2.486580303846317,-2.921841313157002,-2.3302840836398757,-3.215787996382892,1.7111958757000287,0.36401175015504433,0.4233071314656997,0.05929538131065537,0.3284064813313631,0.46834845929330254,0.13994197796193947,0.19660643899607208,0.5697390772330109,0.37313263823693876,0.17247036509182395,0.41044225917439425,0.2379718940825703,0.27143870747452375,0.4655223402314566,0.19408363275693286,1003.0,0.46047794117647056,1319.0,0.6056985294117647,1360.0,0.6245404411764706,1197.0,0.5496323529411765,1169.0,0.5367647058823529,0.46047794117647056,WACC_0p1_WRT_0p9,0.5554227941176471,1596,False,,,False,False,False,False,False,88.0,0.3702127659574468
SPLL,RialtoBridgeTimelapse,811,0.56,255,0.6750000000000003,0.4764662877780642,0,120,4831,2225,7,0.747,0.3220766637477199,0.42266836313938466,0.3945698067804566,0.28104041802912405,0.13159608528274488,0.2454810085136975,-2.8192817631169373,2.486580303846317,-2.921841313157002,-2.3302840836398757,-3.215787996382892,1.7111958757000287,0.42266836313938466,0.4430874189730134,0.02041905583362874,0.3945698067804566,0.4870388933891801,0.0924690866087235,0.28104041802912405,0.567704269183554,0.28666385115442994,0.13159608528274488,0.4026769903854273,0.27108090510268246,0.2454810085136975,0.44417108118329246,0.19869007266959496,1432.0,0.6576286764705882,1740.0,0.7991727941176471,1339.0,0.6148897058823529,1122.0,0.5151654411764706,1004.0,0.4609375,0.4609375,WACC_0p9_WRT_0p1,0.6095588235294118,1597,False,,,False,False,False,False,False,120.0,0.5063829787234042
SPLL,RialtoBridgeTimelapse,1900,0.46,438,0.4250000000000001,0.3488762807224838,0,178,1854,4704,4,0.392,0.33585007661934496,0.5160055368892581,0.4391793060737528,0.22359134830146035,0.3616563027067483,0.4894452710320581,-2.8192817631169373,2.486580303846317,-2.921841313157002,-2.3302840836398757,-3.215787996382892,1.7111958757000287,0.5160055368892581,0.4233492743299585,0.0926562625592996,0.4391793060737528,0.49342316808909903,0.054243862015346256,0.22359134830146035,0.6169246595347453,0.39333331123328497,0.3616563027067483,0.47114447428730943,0.10948817158056112,0.4894452710320581,0.5607689129626225,0.07132364193056445,1004.0,0.4609375,1882.0,0.8644301470588235,2101.0,0.9650735294117647,1835.0,0.8428308823529411,1930.0,0.8864889705882353,0.4609375,WACC_0p1_WRT_0p9,0.8039522058823529,1598,False,,,False,False,False,False,False,178.0,0.7531914893617021
SPLL,RialtoBridgeTimelapse,1505,0.58,211,0.725,0.5210822131204411,0,87,4933,1870,7,0.149,0.29681954637557334,0.3850087996160029,0.36561958787643933,0.2695997973557915,0.09203654883589439,0.19853685423762962,-2.8192817631169373,2.486580303846317,-2.921841313157002,-2.3302840836398757,-3.215787996382892,1.7111958757000287,0.3850087996160029,0.47932927468778785,0.09432047507178498,0.36561958787643933,0.50332762383629,0.1377080359598507,0.2695997973557915,0.5986360516005658,0.3290362542447743,0.09203654883589439,0.39462312107281433,0.3025865722369199,0.19853685423762962,0.444326249927174,0.2457893956895444,1978.0,0.9085477941176471,2050.0,0.9416360294117647,1874.0,0.8607536764705882,1042.0,0.47840073529411764,1005.0,0.46139705882352944,0.46139705882352944,WACC_0p9_WRT_0p1,0.7301470588235295,1599,False,,,False,False,False,False,False,87.0,0.3659574468085106
SPLL,RialtoBridgeTimelapse,485,0.5,338,0.5250000000000001,0.4100307119490419,0,154,3450,2931,1,0.127,0.3163604060869629,0.46623533113597343,0.40864055686284273,0.23288107888095017,0.27181988633050724,0.3911007079232207,-2.8192817631169373,2.486580303846317,-2.921841313157002,-2.3302840836398757,-3.215787996382892,1.7111958757000287,0.46623533113597343,0.42342684542895526,0.04280848570701817,0.40864055686284273,0.4602219781183086,0.05158142125546589,0.23288107888095017,0.5807327251671784,0.3478516462862283,0.27181988633050724,0.4183606216070775,0.14654073527657024,0.3911007079232207,0.48833742005534847,0.09723671213212776,1006.0,0.4618566176470588,1159.0,0.5321691176470589,1533.0,0.7040441176470589,1295.0,0.5946691176470589,1351.0,0.6204044117647058,0.4618566176470588,WACC_0p1_WRT_0p9,0.5826286764705882,1600,False,,,False,False,False,False,False,154.0,0.6510638297872341
SPLL,RialtoBridgeTimelapse,689,0.58,154,0.725,0.5951682631125356,0,39,4886,1928,4,0.053,0.2021176575442858,0.30300200970645513,0.28050733091199576,0.17491463565854948,0.11324077047821192,0.20008392732904082,-2.8192817631169373,2.486580303846317,-2.921841313157002,-2.3302840836398757,-3.215787996382892,1.7111958757000287,0.30300200970645513,0.4876492617027706,0.1846472519963155,0.28050733091199576,0.5155051445050183,0.23499781359302252,0.17491463565854948,0.6103111602006606,0.4353965245421111,0.11324077047821192,0.39119118576215806,0.27795041528394615,0.20008392732904082,0.4448397934498217,0.2447558661207809,2050.0,0.9416360294117647,2138.0,0.9820772058823529,2038.0,0.9361213235294118,1008.0,0.46277573529411764,1012.0,0.4646139705882353,0.46277573529411764,WACC_0p7_WRT_0p3,0.7574448529411765,1601,False,,,False,False,False,False,False,39.0,0.16170212765957448
SPLL,RialtoBridgeTimelapse,611,0.59,161,0.75,0.5847184643199843,0,45,1670,1217,6,0.583,0.23099129305936927,0.32002869069674406,0.3032992976353993,0.21076112293967275,0.08393297448545273,0.17568722335627182,-2.8192817631169373,2.486580303846317,-2.921841313157002,-2.3302840836398757,-3.215787996382892,1.7111958757000287,0.32002869069674406,0.445239907204814,0.12521121650806993,0.3032992976353993,0.4626235844314326,0.15932428679603328,0.21076112293967275,0.5500548538831734,0.3392937309435007,0.08393297448545273,0.3917668016208271,0.3078338271353744,0.17568722335627182,0.45469454748831994,0.2790073241320481,1486.0,0.6824448529411765,1197.0,0.5496323529411765,1125.0,0.5165441176470589,1009.0,0.4632352941176471,1086.0,0.49862132352941174,0.4632352941176471,WACC_0p7_WRT_0p3,0.5420955882352941,1602,False,,,False,False,False,False,False,45.0,0.18723404255319148
SPLL,RialtoBridgeTimelapse,0,0.43,659,0.3500000000000001,0.2524151566775737,0,209,2767,3742,9,0.805,0.4122492633399495,0.6060089841952221,0.5172829312014571,0.27911599299803797,0.41284034442940126,0.5597226152690589,-2.8192817631169373,2.486580303846317,-2.921841313157002,-2.3302840836398757,-3.215787996382892,1.7111958757000287,0.6060089841952221,0.4235704162212739,0.1824385679739482,0.5172829312014571,0.48651793113337743,0.03076500006807964,0.27911599299803797,0.5807711883198075,0.3016551953217695,0.41284034442940126,0.478899396405127,0.06605905197572576,0.5597226152690589,0.5566610342054569,0.0030615810636019924,1009.0,0.4632352941176471,1729.0,0.7941176470588235,1535.0,0.7049632352941176,1903.0,0.8740808823529411,1896.0,0.8708639705882353,0.4632352941176471,WACC_0p1_WRT_0p9,0.7414522058823529,1603,False,,,False,False,False,False,False,209.0,0.8851063829787233
SPLL,RialtoBridgeTimelapse,1082,0.35,700,0.15,0.2381572520686975,0,216,219,4929,1,0.216,0.47585091350406294,0.6001698159432935,0.466368708507043,0.31092280826136043,0.6325117418590636,0.7707258416011846,-2.8192817631169373,2.486580303846317,-2.921841313157002,-2.3302840836398757,-3.215787996382892,1.7111958757000287,0.6001698159432935,0.4236131303710449,0.17655668557224863,0.466368708507043,0.45963054073134857,0.006738167775694415,0.31092280826136043,0.5502493507722241,0.23932654251086372,0.6325117418590636,0.5129086062567227,0.11960313560234082,0.7707258416011846,0.6097078009470293,0.16101804065415537,1010.0,0.46369485294117646,1148.0,0.5271139705882353,1126.0,0.5170036764705882,2091.0,0.9604779411764706,2142.0,0.9839154411764706,0.46369485294117646,WACC_0p1_WRT_0p9,0.6904411764705882,1604,False,,,False,False,False,False,False,216.0,0.9148936170212766
SPLL,RialtoBridgeTimelapse,872,0.5,151,0.5250000000000001,0.5997920227515918,0,38,3038,2366,4,0.674,0.21704001272750398,0.27411933350678797,0.20608684332293464,0.154178800165951,0.3368769442250584,0.4095947850010592,-2.8192817631169373,2.486580303846317,-2.921841313157002,-2.3302840836398757,-3.215787996382892,1.7111958757000287,0.27411933350678797,0.4237079340066461,0.14958860049985812,0.20608684332293464,0.4742523386019986,0.26816549527906397,0.154178800165951,0.5646843353690905,0.4105055352031395,0.3368769442250584,0.41376785859317716,0.07689091436811879,0.4095947850010592,0.4694439024551147,0.05984911745405547,1011.0,0.4641544117647059,1435.0,0.6590073529411765,1286.0,0.5905330882352942,1244.0,0.5712316176470589,1200.0,0.5510110294117647,0.4641544117647059,WACC_0p1_WRT_0p9,0.5671875,1605,False,,,False,False,False,False,False,38.0,0.1574468085106383
SPLL,RialtoBridgeTimelapse,1820,0.52,107,0.5750000000000002,0.6806413063637184,0,12,3113,1749,5,0.579,0.2011164343914344,0.19962001177451924,0.138126974630396,0.16136297896410212,0.31061156876444734,0.3669886875143627,-2.8192817631169373,2.486580303846317,-2.921841313157002,-2.3302840836398757,-3.215787996382892,1.7111958757000287,0.19962001177451924,0.4476718414884523,0.24805182971393305,0.138126974630396,0.4793316640582027,0.3412046894278067,0.16136297896410212,0.5893284789943183,0.42796550003021616,0.31061156876444734,0.39207409756385986,0.08146252879941251,0.3669886875143627,0.4513060718296387,0.08431738431527602,1535.0,0.7049632352941176,1551.0,0.7123161764705882,1679.0,0.7711397058823529,1011.0,0.4641544117647059,1053.0,0.4834558823529412,0.4641544117647059,WACC_0p7_WRT_0p3,0.6272058823529412,1606,False,,,False,False,False,False,False,12.0,0.04680851063829787
SPLL,RialtoBridgeTimelapse,1329,0.57,237,0.7,0.4937141952312432,0,108,4464,2267,4,0.55,0.31589069072871157,0.40941273702828834,0.3858830061626261,0.28176573733403315,0.1103601003987409,0.22188934533652765,-2.8192817631169373,2.486580303846317,-2.921841313157002,-2.3302840836398757,-3.215787996382892,1.7111958757000287,0.40941273702828834,0.45329985703341646,0.04388712000512812,0.3858830061626261,0.4744820532149629,0.08859904705233679,0.28176573733403315,0.5951112667324969,0.3133455293984638,0.1103601003987409,0.3937062871776652,0.2833461867789243,0.22188934533652765,0.4448138839136435,0.22292453857711586,1629.0,0.7481617647058824,1445.0,0.6636029411764706,1795.0,0.8244485294117647,1032.0,0.47380514705882354,1011.0,0.4641544117647059,0.4641544117647059,WACC_0p9_WRT_0p1,0.6348345588235295,1607,False,,,False,False,False,False,False,108.0,0.4553191489361702
SPLL,RialtoBridgeTimelapse,866,0.44,639,0.3750000000000001,0.259694956824834,0,205,3271,4140,10,0.659,0.41710702008153255,0.6018447470130974,0.5183347330903979,0.2912959173814752,0.3877801971514373,0.5345350995513133,-2.8192817631169373,2.486580303846317,-2.921841313157002,-2.3302840836398757,-3.215787996382892,1.7111958757000287,0.6018447470130974,0.42374096021669333,0.1781037867964041,0.5183347330903979,0.49297358651738504,0.02536114657301286,0.2912959173814752,0.6015834879775842,0.310287570596109,0.3877801971514373,0.46549548252429834,0.07771528537286104,0.5345350995513133,0.549854497564868,0.015319398013554753,1012.0,0.4646139705882353,1876.0,0.8616727941176471,1925.0,0.8841911764705882,1777.0,0.8161764705882353,1839.0,0.8446691176470589,0.4646139705882353,WACC_0p1_WRT_0p9,0.7742647058823529,1608,False,,,False,False,False,False,False,205.0,0.8680851063829788
SPLL,RialtoBridgeTimelapse,671,0.53,324,0.6000000000000002,0.4200082379875257,0,150,1975,3004,9,0.726,0.3475515345420698,0.4686285284104716,0.42692733794780807,0.28560209629608374,0.19433830362612223,0.31675362402348906,-2.8192817631169373,2.486580303846317,-2.921841313157002,-2.3302840836398757,-3.215787996382892,1.7111958757000287,0.4686285284104716,0.4237843520210149,0.0448441763894567,0.42692733794780807,0.4721454871970583,0.04521814924925022,0.28560209629608374,0.5604045013441773,0.27480240504809356,0.19433830362612223,0.4466618732891363,0.25232356966301406,0.31675362402348906,0.5222272932808284,0.20547366925733934,1013.0,0.4650735294117647,1390.0,0.6383272058823529,1235.0,0.5670955882352942,1607.0,0.7380514705882353,1628.0,0.7477022058823529,0.4650735294117647,WACC_0p1_WRT_0p9,0.63125,1609,False,,,False,False,False,False,False,150.0,0.6340425531914894
SPLL,RialtoBridgeTimelapse,914,0.49,231,0.5000000000000001,0.4997547320027651,0,107,2955,3179,5,0.569,0.19410477324947675,0.3707407054021882,0.302871113518175,0.10157308606471513,0.32889780200830576,0.42420940660345846,-2.8192817631169373,2.486580303846317,-2.921841313157002,-2.3302840836398757,-3.215787996382892,1.7111958757000287,0.3707407054021882,0.42379467084690187,0.05305396544471369,0.302871113518175,0.48492764224777746,0.18205652872960248,0.10157308606471513,0.5899932209046839,0.4884201348399687,0.32889780200830576,0.4359835334645731,0.10708573145626732,0.42420940660345846,0.510218316718041,0.0860089101145825,1014.0,0.4655330882352941,1688.0,0.7752757352941176,1691.0,0.7766544117647058,1483.0,0.6810661764705882,1523.0,0.6994485294117647,0.4655330882352941,WACC_0p1_WRT_0p9,0.6795955882352942,1610,False,,,False,False,False,False,False,107.0,0.451063829787234
SPLL,RialtoBridgeTimelapse,2029,0.5,239,0.5250000000000001,0.491734477925671,0,110,2791,1674,5,0.168,0.21686150992270883,0.3815092719773715,0.31978504402154306,0.13214465251921406,0.2982068604354917,0.3970294719513646,-2.8192817631169373,2.486580303846317,-2.921841313157002,-2.3302840836398757,-3.215787996382892,1.7111958757000287,0.3815092719773715,0.4542757308155306,0.07276645883815908,0.31978504402154306,0.4875862027984029,0.16780115877685986,0.13214465251921406,0.5988230940859937,0.4666784415667796,0.2982068604354917,0.39214371744659543,0.09393685701110371,0.3970294719513646,0.47277153785001613,0.07574206589865151,1654.0,0.7596507352941176,1753.0,0.8051470588235294,1878.0,0.8625919117647058,1014.0,0.4655330882352941,1218.0,0.5592830882352942,0.4655330882352941,WACC_0p7_WRT_0p3,0.6904411764705882,1611,False,,,False,False,False,False,False,110.0,0.46382978723404256
SPLL,RialtoBridgeTimelapse,23,0.57,239,0.7,0.491734477925671,0,109,4340,2090,10,0.244,0.31843969232679803,0.4116241240535861,0.3881755109164453,0.2843107128742138,0.1098010720691157,0.22185996452619225,-2.8192817631169373,2.486580303846317,-2.921841313157002,-2.3302840836398757,-3.215787996382892,1.7111958757000287,0.4116241240535861,0.477474922683667,0.06585079863008086,0.3881755109164453,0.5056692690288541,0.11749375811240881,0.2843107128742138,0.6090828041343765,0.32477209126016277,0.1098010720691157,0.40166763487729135,0.29186656280817563,0.22185996452619225,0.44504670436027044,0.2231867398340782,1965.0,0.9025735294117647,2070.0,0.9508272058823529,2021.0,0.9283088235294118,1109.0,0.5091911764705882,1014.0,0.4655330882352941,0.4655330882352941,WACC_0p9_WRT_0p1,0.7512867647058823,1612,False,,,False,False,False,False,False,109.0,0.4595744680851064
SPLL,RialtoBridgeTimelapse,1838,0.48,147,0.475,0.6061010589702227,0,35,601,1953,4,0.466,0.2822951069460611,0.26545075943241037,0.18499738837242877,0.22179106448523517,0.3979346870289346,0.46661506728129065,-2.8192817631169373,2.486580303846317,-2.921841313157002,-2.3302840836398757,-3.215787996382892,1.7111958757000287,0.26545075943241037,0.4237970381267193,0.15834627869430895,0.18499738837242877,0.461022963716639,0.27602557534421024,0.22179106448523517,0.5703816174559244,0.34859055297068925,0.3979346870289346,0.42597345591524044,0.028038768886305854,0.46661506728129065,0.5115874899255721,0.04497242264428147,1015.0,0.46599264705882354,1174.0,0.5390625,1370.0,0.6291360294117647,1385.0,0.6360294117647058,1538.0,0.7063419117647058,0.46599264705882354,WACC_0p1_WRT_0p9,0.5953125,1613,False,,,False,False,False,False,False,35.0,0.14468085106382977
SPLL,RialtoBridgeTimelapse,115,0.58,233,0.725,0.4977240342342319,0,105,4092,1809,9,0.001,0.32710830050793527,0.41132801269610214,0.39287719960836,0.29980379691667414,0.08551468404922921,0.19831430138576692,-2.8192817631169373,2.486580303846317,-2.921841313157002,-2.3302840836398757,-3.215787996382892,1.7111958757000287,0.41132801269610214,0.5127640831752335,0.10143607047913134,0.39287719960836,0.5217741101253827,0.12889691051702268,0.29980379691667414,0.5879295245383133,0.2881257276216391,0.08551468404922921,0.392236754431253,0.3067220703820238,0.19831430138576692,0.45047968923566883,0.25216538784990195,2135.0,0.9806985294117647,2158.0,0.9912683823529411,1649.0,0.7573529411764706,1016.0,0.4664522058823529,1047.0,0.4806985294117647,0.4664522058823529,WACC_0p7_WRT_0p3,0.7352941176470589,1614,False,,,False,False,False,False,False,105.0,0.4425531914893617
SPLL,RialtoBridgeTimelapse,1767,0.48,732,0.475,0.227597068275794,0,209,4494,4040,9,0.78,0.5147436907636355,0.6530275347284784,0.5928750269937493,0.41810437632116165,0.27036638107007116,0.4328608383774079,-2.8192817631169373,2.486580303846317,-2.921841313157002,-2.3302840836398757,-3.215787996382892,1.7111958757000287,0.6530275347284784,0.42384436545140475,0.22918316927707366,0.5928750269937493,0.4931470015013955,0.09972802549235377,0.41810437632116165,0.5907576239142052,0.1726532475930435,0.27036638107007116,0.4564786005751711,0.18611221950509993,0.4328608383774079,0.5135113086888684,0.0806504703114605,1017.0,0.46691176470588236,1878.0,0.8625919117647058,1702.0,0.7817095588235294,1686.0,0.7743566176470589,1555.0,0.7141544117647058,0.46691176470588236,WACC_0p1_WRT_0p9,0.7199448529411765,1615,False,,,False,False,False,False,False,209.0,0.8851063829787233
SPLL,RialtoBridgeTimelapse,1603,0.52,188,0.5750000000000002,0.548250292296512,0,71,981,1970,8,0.724,0.17541635327841237,0.3295870128001469,0.2761891222576579,0.1047329369646183,0.26157108251597205,0.34961574458301253,-2.8192817631169373,2.486580303846317,-2.921841313157002,-2.3302840836398757,-3.215787996382892,1.7111958757000287,0.3295870128001469,0.42396007393364027,0.09437306113349336,0.2761891222576579,0.4571279367787477,0.18093881452108979,0.1047329369646183,0.5515273453260242,0.44679440836140594,0.26157108251597205,0.4198702014272385,0.15829911891126647,0.34961574458301253,0.49046602022531727,0.14085027564230473,1018.0,0.46737132352941174,1102.0,0.5059742647058824,1143.0,0.5248161764705882,1319.0,0.6056985294117647,1370.0,0.6291360294117647,0.46737132352941174,WACC_0p1_WRT_0p9,0.5465992647058823,1616,False,,,False,False,False,False,False,71.0,0.2978723404255319
SPLL,RialtoBridgeTimelapse,1657,0.56,204,0.6750000000000003,0.5290255197785925,0,84,3316,1725,10,0.374,0.2553457000243043,0.36498582463798657,0.33463685094437107,0.21423120290672007,0.14683222462128415,0.2468798515318273,-2.8192817631169373,2.486580303846317,-2.921841313157002,-2.3302840836398757,-3.215787996382892,1.7111958757000287,0.36498582463798657,0.4783182571160624,0.11333243247807584,0.33463685094437107,0.5005964054855581,0.165959554541187,0.21423120290672007,0.5930469127508469,0.3788157098441268,0.14683222462128415,0.3925005952840292,0.24566837066274505,0.2468798515318273,0.45129779283580573,0.20441794130397845,1970.0,0.9048713235294118,2014.0,0.9250919117647058,1748.0,0.8028492647058824,1018.0,0.46737132352941174,1052.0,0.48299632352941174,0.46737132352941174,WACC_0p7_WRT_0p3,0.7166360294117646,1617,False,,,False,False,False,False,False,84.0,0.35319148936170214
SPLL,RialtoBridgeTimelapse,2111,0.52,230,0.5750000000000002,0.500776655135883,0,105,3006,1613,7,0.755,0.23295140642739437,0.3784716821554189,0.3275268935989396,0.16307808713843006,0.246003518873582,0.3458634480994219,-2.8192817631169373,2.486580303846317,-2.921841313157002,-2.3302840836398757,-3.215787996382892,1.7111958757000287,0.3784716821554189,0.4440626834414355,0.06559100128601664,0.3275268935989396,0.473584392252172,0.14605749865323242,0.16307808713843006,0.5603874124785304,0.3973093253401003,0.246003518873582,0.3936409098768988,0.14763739100331683,0.3458634480994219,0.44556542322445325,0.09970197512503137,1456.0,0.6686580882352942,1423.0,0.6534926470588235,1234.0,0.5666360294117647,1030.0,0.4728860294117647,1019.0,0.4678308823529412,0.4678308823529412,WACC_0p9_WRT_0p1,0.5659007352941177,1618,False,,,False,False,False,False,False,105.0,0.4425531914893617
SPLL,RialtoBridgeTimelapse,995,0.59,177,0.75,0.5624361392270425,0,60,3990,1838,10,0.571,0.25971403562886164,0.34495371484134274,0.3291343875411619,0.23943272414026445,0.07765261759119006,0.17537595341838821,-2.8192817631169373,2.486580303846317,-2.921841313157002,-2.3302840836398757,-3.215787996382892,1.7111958757000287,0.34495371484134274,0.47888562078583485,0.1339319059444921,0.3291343875411619,0.5060615440823245,0.1769271565411626,0.23943272414026445,0.5966131196132929,0.35718039547302843,0.07765261759119006,0.3960856269615723,0.3184330093703822,0.17537595341838821,0.44566108561559276,0.2702851321972045,1976.0,0.9076286764705882,2075.0,0.953125,1823.0,0.8373161764705882,1057.0,0.4852941176470588,1020.0,0.46829044117647056,0.46829044117647056,WACC_0p9_WRT_0p1,0.7303308823529412,1619,False,,,False,False,False,False,False,60.0,0.251063829787234
SPLL,RialtoBridgeTimelapse,698,0.54,282,0.6250000000000002,0.4527450581943214,0,135,3918,2725,3,0.625,0.32135684988802526,0.43799773384472607,0.4002386561023614,0.266364833810279,0.1774429280452477,0.29334278183108387,-2.8192817631169373,2.486580303846317,-2.921841313157002,-2.3302840836398757,-3.215787996382892,1.7111958757000287,0.43799773384472607,0.4240286958511922,0.013969037993533884,0.4002386561023614,0.45741623211136584,0.057177576009004416,0.266364833810279,0.5702927568783809,0.3039279230681019,0.1774429280452477,0.4077868993760194,0.23034397133077172,0.29334278183108387,0.46220031674040457,0.1688575349093207,1021.0,0.46875,1105.0,0.5073529411764706,1366.0,0.6272977941176471,1175.0,0.5395220588235294,1141.0,0.5238970588235294,0.46875,WACC_0p1_WRT_0p9,0.5333639705882354,1620,False,,,False,False,False,False,False,135.0,0.5702127659574469
SPLL,RialtoBridgeTimelapse,1425,0.57,164,0.7,0.580377519822145,0,50,4534,2067,9,0.139,0.205746456348708,0.3141818090997446,0.2869507527839122,0.17151138615822167,0.1354461016325725,0.22413294484271948,-2.8192817631169373,2.486580303846317,-2.921841313157002,-2.3302840836398757,-3.215787996382892,1.7111958757000287,0.3141818090997446,0.48356200715060765,0.16938019805086307,0.2869507527839122,0.5027335004033772,0.21578274761946498,0.17151138615822167,0.6006905029754886,0.42917911681726695,0.1354461016325725,0.39265378171813176,0.2572076800855593,0.22413294484271948,0.45188073523184225,0.22774779038912277,2017.0,0.9264705882352942,2040.0,0.9370404411764706,1906.0,0.8754595588235294,1021.0,0.46875,1060.0,0.4866727941176471,0.46875,WACC_0p7_WRT_0p3,0.7388786764705884,1621,False,,,False,False,False,False,False,50.0,0.20851063829787234
SPLL,RialtoBridgeTimelapse,1830,0.55,168,0.6500000000000002,0.5747107857207654,0,55,993,1470,8,0.694,0.18404801077731323,0.31190714709409467,0.2739879287820571,0.13536891958577113,0.18760061886533586,0.2740241798751606,-2.8192817631169373,2.486580303846317,-2.921841313157002,-2.3302840836398757,-3.215787996382892,1.7111958757000287,0.31190714709409467,0.4465031631495868,0.13459601605549215,0.2739879287820571,0.46668708853843943,0.19269915975638235,0.13536891958577113,0.5577487737441366,0.42237985415836543,0.18760061886533586,0.39280813216446486,0.205207513299129,0.2740241798751606,0.4549836436853685,0.1809594638102079,1516.0,0.6962316176470589,1279.0,0.5873161764705882,1198.0,0.5500919117647058,1022.0,0.46920955882352944,1091.0,0.5009191176470589,0.46920955882352944,WACC_0p7_WRT_0p3,0.5607536764705883,1622,False,,,False,False,False,False,False,55.0,0.2297872340425532
SPLL,RialtoBridgeTimelapse,1349,0.56,104,0.6750000000000003,0.6873058270030358,0,9,3556,1889,9,0.895,0.08257473035129755,0.19961430043728887,0.16140629561427,0.04340878404436626,0.19735772538759958,0.2575068152809554,-2.8192817631169373,2.486580303846317,-2.921841313157002,-2.3302840836398757,-3.215787996382892,1.7111958757000287,0.19961430043728887,0.4401507461890413,0.24053644575175245,0.16140629561427,0.4870103294489066,0.3256040338346366,0.04340878404436626,0.5700991929104137,0.5266904088660475,0.19735772538759958,0.39310466560287805,0.19574694021527847,0.2575068152809554,0.45216708784576504,0.1946602725648096,1379.0,0.6332720588235294,1739.0,0.7987132352941176,1363.0,0.6259191176470589,1023.0,0.4696691176470588,1062.0,0.4875919117647059,0.4696691176470588,WACC_0p7_WRT_0p3,0.6030330882352942,1623,False,,,False,False,False,False,False,9.0,0.03404255319148936
SPLL,RialtoBridgeTimelapse,1343,0.55,187,0.6500000000000002,0.5495053341654337,0,69,1138,1518,5,0.316,0.21511246968592868,0.33849586142900134,0.3017834558381318,0.16670035918655018,0.1797531897557988,0.2725825048552955,-2.8192817631169373,2.486580303846317,-2.921841313157002,-2.3302840836398757,-3.215787996382892,1.7111958757000287,0.33849586142900134,0.4594318855424615,0.12093602411346016,0.3017834558381318,0.470675299326079,0.16889184348794717,0.16670035918655018,0.5715431306998895,0.4048427715133393,0.1797531897557988,0.3931063248534164,0.2133531350976176,0.2725825048552955,0.4506642527001381,0.1780817478448426,1731.0,0.7950367647058824,1364.0,0.6263786764705882,1394.0,0.6401654411764706,1024.0,0.47012867647058826,1048.0,0.4811580882352941,0.47012867647058826,WACC_0p7_WRT_0p3,0.6025735294117647,1624,False,,,False,False,False,False,False,69.0,0.28936170212765955
SPLL,RialtoBridgeTimelapse,1986,0.56,191,0.6750000000000003,0.5445246273066155,0,70,3761,2194,4,0.603,0.23586767823157467,0.3481993467502647,0.31716304917432625,0.19468624037928442,0.15142384797982358,0.24743936211602283,-2.8192817631169373,2.486580303846317,-2.921841313157002,-2.3302840836398757,-3.215787996382892,1.7111958757000287,0.3481993467502647,0.4483423132977024,0.1001429665474377,0.31716304917432625,0.48430709160456187,0.16714404243023562,0.19468624037928442,0.5825819891786719,0.3878957487993875,0.15142384797982358,0.3971461337607169,0.2457222857808933,0.24743936211602283,0.4463085956794215,0.19886923356339867,1552.0,0.7127757352941176,1674.0,0.7688419117647058,1554.0,0.7136948529411765,1069.0,0.49080882352941174,1024.0,0.47012867647058826,0.47012867647058826,WACC_0p9_WRT_0p1,0.63125,1625,False,,,False,False,False,False,False,70.0,0.2936170212765957
SPLL,RialtoBridgeTimelapse,1276,0.46,289,0.4250000000000001,0.4469645826218205,0,139,1077,3247,4,0.466,0.2557388200620602,0.41649084869467645,0.3343370883323441,0.148676801622629,0.39497050443015796,0.4986530107761756,-2.8192817631169373,2.486580303846317,-2.921841313157002,-2.3302840836398757,-3.215787996382892,1.7111958757000287,0.41649084869467645,0.424122653426847,0.007631804732170566,0.3343370883323441,0.47213358324847365,0.13779649491612955,0.148676801622629,0.5889290882669092,0.4402522866442802,0.39497050443015796,0.43606130327110576,0.041090798840947795,0.4986530107761756,0.5202616300410152,0.021608619264839646,1025.0,0.47058823529411764,1389.0,0.6378676470588235,1673.0,0.7683823529411765,1484.0,0.6815257352941176,1611.0,0.7398897058823529,0.47058823529411764,WACC_0p1_WRT_0p9,0.6596507352941177,1626,False,,,False,False,False,False,False,139.0,0.5872340425531914
SPLL,RialtoBridgeTimelapse,103,0.58,233,0.725,0.4977240342342319,0,105,4039,1833,6,0.001,0.32710830050793527,0.41132801269610214,0.39287719960836,0.29980379691667414,0.08551468404922921,0.19831430138576692,-2.8192817631169373,2.486580303846317,-2.921841313157002,-2.3302840836398757,-3.215787996382892,1.7111958757000287,0.41132801269610214,0.5000969456793203,0.08876893298321814,0.39287719960836,0.5146300351891587,0.12175283558079875,0.29980379691667414,0.5948226890765947,0.2950188921599206,0.08551468404922921,0.3931532998786392,0.30763861582941,0.19831430138576692,0.4518985917479951,0.2535842903622282,2103.0,0.9659926470588235,2129.0,0.9779411764705882,1789.0,0.8216911764705882,1025.0,0.47058823529411764,1061.0,0.48713235294117646,0.47058823529411764,WACC_0p7_WRT_0p3,0.7446691176470589,1627,False,,,False,False,False,False,False,105.0,0.4425531914893617
SPLL,RialtoBridgeTimelapse,442,0.35,992,0.15,0.1557765051998303,0,224,272,4485,7,0.368,0.4321723863188194,0.6818455351804337,0.5528837901199706,0.24221267971905786,0.6028987863343447,0.7609736833028945,-2.8192817631169373,2.486580303846317,-2.921841313157002,-2.3302840836398757,-3.215787996382892,1.7111958757000287,0.6818455351804337,0.42420846959975933,0.25763706558067434,0.5528837901199706,0.4818020405811127,0.07108174953885787,0.24221267971905786,0.6035894528200524,0.36137677310099453,0.6028987863343447,0.52475579576811,0.07814299056623464,0.7609736833028945,0.6134665347855229,0.14750714851737157,1027.0,0.47150735294117646,1603.0,0.7362132352941176,1944.0,0.8929227941176471,2123.0,0.9751838235294118,2149.0,0.9871323529411765,0.47150735294117646,WACC_0p1_WRT_0p9,0.8125919117647058,1628,False,,,False,False,False,False,False,224.0,0.948936170212766
SPLL,RialtoBridgeTimelapse,1871,0.59,159,0.75,0.5876573199694053,0,43,4452,1882,9,0.513,0.22721830554010614,0.31675772043605693,0.29990687732684695,0.20699209478760475,0.08476698535821314,0.17573756940619706,-2.8192817631169373,2.486580303846317,-2.921841313157002,-2.3302840836398757,-3.215787996382892,1.7111958757000287,0.31675772043605693,0.48204018454321634,0.1652824641071594,0.29990687732684695,0.4905184173413554,0.19061154001450842,0.20699209478760475,0.5884434447038425,0.38145134991623775,0.08476698535821314,0.40330216968855315,0.31853518433034,0.17573756940619706,0.44704193912836815,0.2713043697221711,2001.0,0.9191176470588235,1817.0,0.8345588235294118,1657.0,0.7610294117647058,1132.0,0.5197610294117647,1029.0,0.4724264705882353,0.4724264705882353,WACC_0p9_WRT_0p1,0.7013786764705883,1629,False,,,False,False,False,False,False,43.0,0.17872340425531916
SPLL,RialtoBridgeTimelapse,2147,0.39,574,0.2500000000000001,0.285031680835649,0,203,586,3877,6,0.402,0.3802803362550868,0.5620329494656225,0.4487509136491599,0.22761325724450918,0.5355472899059517,0.6681790394042174,-2.8192817631169373,2.486580303846317,-2.921841313157002,-2.3302840836398757,-3.215787996382892,1.7111958757000287,0.5620329494656225,0.4244080526056031,0.13762489686001944,0.4487509136491599,0.48232846517235495,0.033577551523195026,0.22761325724450918,0.5966722250237878,0.3690589677792786,0.5355472899059517,0.4969227846495288,0.03862450525642286,0.6681790394042174,0.582066008120937,0.0861130312832804,1030.0,0.4728860294117647,1617.0,0.7426470588235294,1827.0,0.8391544117647058,2023.0,0.9292279411764706,2049.0,0.9411764705882353,0.4728860294117647,WACC_0p1_WRT_0p9,0.7850183823529411,1630,False,,,False,False,False,False,False,203.0,0.8595744680851064
SPLL,RialtoBridgeTimelapse,985,0.52,308,0.5750000000000002,0.4319514597091144,0,144,3175,2451,10,0.921,0.3178146851755772,0.45111748627812315,0.40346374476154245,0.24866234823474345,0.2245929523984864,0.3419537049168835,-2.8192817631169373,2.486580303846317,-2.921841313157002,-2.3302840836398757,-3.215787996382892,1.7111958757000287,0.45111748627812315,0.42465682914387193,0.02646065713425122,0.40346374476154245,0.4793941127907947,0.07593036802925224,0.24866234823474345,0.5718192741825405,0.3231569259477971,0.2245929523984864,0.4135601606184527,0.1889672082199663,0.3419537049168835,0.4641945765567355,0.12224087163985203,1033.0,0.4742647058823529,1553.0,0.7132352941176471,1402.0,0.6438419117647058,1240.0,0.5693933823529411,1156.0,0.5307904411764706,0.4742647058823529,WACC_0p1_WRT_0p9,0.5863051470588234,1631,False,,,False,False,False,False,False,144.0,0.6085106382978723
SPLL,RialtoBridgeTimelapse,1803,0.4,339,0.2750000000000001,0.4093338783452196,0,161,2809,4291,4,0.34,0.41745695133647265,0.4424292706646233,0.3273219022619409,0.30157781307785925,0.5533216740681042,0.6577224032442793,-2.8192817631169373,2.486580303846317,-2.921841313157002,-2.3302840836398757,-3.215787996382892,1.7111958757000287,0.4424292706646233,0.4247677585995914,0.01766151206503186,0.3273219022619409,0.5071525986056358,0.17983069634369486,0.30157781307785925,0.6144930992691521,0.31291528619129283,0.5533216740681042,0.4665510676766043,0.08677060639149986,0.6577224032442793,0.5564117624529662,0.10131064079131313,1034.0,0.47472426470588236,2086.0,0.9581801470588235,2082.0,0.9563419117647058,1793.0,0.8235294117647058,1889.0,0.8676470588235294,0.47472426470588236,WACC_0p1_WRT_0p9,0.8160845588235294,1632,False,,,False,False,False,False,False,161.0,0.6808510638297872
SPLL,RialtoBridgeTimelapse,1175,0.58,180,0.725,0.5584821501823984,0,63,4023,1934,7,0.158,0.2487351438883273,0.3433082281440526,0.3223797098082413,0.22157816325055876,0.10262521041549584,0.19913628135485742,-2.8192817631169373,2.486580303846317,-2.921841313157002,-2.3302840836398757,-3.215787996382892,1.7111958757000287,0.3433082281440526,0.47462383266293634,0.13131560451888374,0.3223797098082413,0.49090321413967186,0.16852350433143054,0.22157816325055876,0.5922995250767321,0.3707213618261733,0.10262521041549584,0.3939663035903503,0.29134109317485446,0.19913628135485742,0.4567290458669665,0.2575927645121091,1930.0,0.8864889705882353,1828.0,0.8396139705882353,1732.0,0.7954963235294118,1035.0,0.47518382352941174,1103.0,0.5064338235294118,0.47518382352941174,WACC_0p7_WRT_0p3,0.7006433823529411,1633,False,,,False,False,False,False,False,63.0,0.26382978723404255
SPLL,RialtoBridgeTimelapse,2169,0.51,187,0.5500000000000002,0.5495053341654337,0,71,2692,1429,2,0.001,0.16078029180085093,0.3256843323876904,0.2665077663055404,0.08242599900272382,0.28996782250409253,0.37616452935584926,-2.8192817631169373,2.486580303846317,-2.921841313157002,-2.3302840836398757,-3.215787996382892,1.7111958757000287,0.3256843323876904,0.4438379408865537,0.1181536084988633,0.2665077663055404,0.45410883653743167,0.18760107023189126,0.08242599900272382,0.5715285531269968,0.48910255412427295,0.28996782250409253,0.39397891351395115,0.10401109100985861,0.37616452935584926,0.46261909945029395,0.08645457009444468,1452.0,0.6668198529411765,1053.0,0.4834558823529412,1393.0,0.6397058823529411,1036.0,0.4756433823529412,1144.0,0.5252757352941176,0.4756433823529412,WACC_0p7_WRT_0p3,0.5581801470588236,1634,False,,,False,False,False,False,False,71.0,0.2978723404255319
SPLL,RialtoBridgeTimelapse,1405,0.5,239,0.5250000000000001,0.491734477925671,0,110,3008,2329,9,0.821,0.21686150992270883,0.3815092719773715,0.31978504402154306,0.13214465251921406,0.2982068604354917,0.3970294719513646,-2.8192817631169373,2.486580303846317,-2.921841313157002,-2.3302840836398757,-3.215787996382892,1.7111958757000287,0.3815092719773715,0.42491879913771946,0.04340952716034796,0.31978504402154306,0.4909213234582314,0.17113627943668835,0.13214465251921406,0.5791249749009757,0.44698032238176166,0.2982068604354917,0.42586462092012684,0.12765776048463512,0.3970294719513646,0.485633758661656,0.08860428671029136,1036.0,0.4756433823529412,1829.0,0.8400735294117647,1508.0,0.6925551470588235,1383.0,0.6351102941176471,1329.0,0.6102941176470589,0.4756433823529412,WACC_0p1_WRT_0p9,0.6507352941176471,1635,False,,,False,False,False,False,False,110.0,0.46382978723404256
SPLL,RialtoBridgeTimelapse,773,0.57,280,0.7,0.4544229009538223,0,134,3812,2008,10,0.304,0.3667223295393496,0.45355974821161427,0.4316186475078911,0.33247508946939547,0.09934956811075106,0.22144744290211119,-2.8192817631169373,2.486580303846317,-2.921841313157002,-2.3302840836398757,-3.215787996382892,1.7111958757000287,0.45355974821161427,0.47741888774812213,0.023859139536507867,0.4316186475078911,0.5151627704814948,0.08354412297360375,0.33247508946939547,0.612085867374318,0.27961077790492256,0.09934956811075106,0.40426967131304403,0.30492010320229296,0.22144744290211119,0.44880624667882907,0.22735880377671788,1963.0,0.9016544117647058,2134.0,0.9802389705882353,2061.0,0.9466911764705882,1145.0,0.5257352941176471,1037.0,0.47610294117647056,0.47610294117647056,WACC_0p9_WRT_0p1,0.7660845588235294,1636,False,,,False,False,False,False,False,134.0,0.5659574468085107
SPLL,RialtoBridgeTimelapse,1510,0.43,1095,0.3500000000000001,0.1324285078376333,0,225,3276,4515,6,0.507,0.5599569397330951,0.7323680770557065,0.6494207256403252,0.42815171646614514,0.3753349973118065,0.5526667540624063,-2.8192817631169373,2.486580303846317,-2.921841313157002,-2.3302840836398757,-3.215787996382892,1.7111958757000287,0.7323680770557065,0.4249679122443776,0.3074001648113289,0.6494207256403252,0.49263004300477037,0.1567906826355548,0.42815171646614514,0.614922697788658,0.1867709813225129,0.3753349973118065,0.4691080311914816,0.09377303387967512,0.5526667540624063,0.5520619353593218,0.0006048187030844865,1037.0,0.47610294117647056,1861.0,0.8547794117647058,2086.0,0.9581801470588235,1818.0,0.8350183823529411,1857.0,0.8529411764705882,0.47610294117647056,WACC_0p1_WRT_0p9,0.7954044117647059,1637,False,,,False,False,False,False,False,225.0,0.9531914893617022
SPLL,RialtoBridgeTimelapse,1832,0.57,286,0.7,0.4494246550923305,0,135,3860,2145,2,0.097,0.37322359412066425,0.45921271918967504,0.4374707797329885,0.33895489021302105,0.09796040717663204,0.22141089166605513,-2.8192817631169373,2.486580303846317,-2.921841313157002,-2.3302840836398757,-3.215787996382892,1.7111958757000287,0.45921271918967504,0.4456461907240957,0.01356652846557932,0.4374707797329885,0.46681569661568356,0.029344916882695082,0.33895489021302105,0.5907629091496682,0.25180801893664717,0.09796040717663204,0.3944248532061819,0.2964644460295499,0.22141089166605513,0.4566048846192091,0.235193992953154,1497.0,0.6875,1285.0,0.5900735294117647,1703.0,0.7821691176470589,1039.0,0.47702205882352944,1102.0,0.5059742647058824,0.47702205882352944,WACC_0p7_WRT_0p3,0.608547794117647,1638,False,,,False,False,False,False,False,135.0,0.5702127659574469
SPLL,RialtoBridgeTimelapse,1574,0.47,458,0.45,0.3383366831672473,0,183,4204,4226,8,0.715,0.36244176620825935,0.5303624934533353,0.4596457668352509,0.2577631457339982,0.3308728670032375,0.46300515337934844,-2.8192817631169373,2.486580303846317,-2.921841313157002,-2.3302840836398757,-3.215787996382892,1.7111958757000287,0.5303624934533353,0.4250690303837489,0.10529346306958642,0.4596457668352509,0.49705160627692246,0.037405839441671584,0.2577631457339982,0.6060232422013759,0.3482600964673777,0.3308728670032375,0.4594873840778224,0.12861451707458493,0.46300515337934844,0.5320829957651012,0.06907784238575276,1039.0,0.47702205882352944,1952.0,0.8965992647058824,1982.0,0.9103860294117647,1712.0,0.7863051470588235,1696.0,0.7789522058823529,0.47702205882352944,WACC_0p1_WRT_0p9,0.7698529411764705,1639,False,,,False,False,False,False,False,183.0,0.774468085106383
SPLL,RialtoBridgeTimelapse,1036,0.55,360,0.6500000000000002,0.3951553945805485,0,157,3872,2409,6,0.809,0.41055281063071475,0.5072737617266567,0.47724994980173885,0.36251124503114146,0.1346671182178699,0.26800091274719906,-2.8192817631169373,2.486580303846317,-2.921841313157002,-2.3302840836398757,-3.215787996382892,1.7111958757000287,0.5072737617266567,0.42507589886443714,0.08219786286221958,0.47724994980173885,0.4714124174188106,0.005837532382928223,0.36251124503114146,0.5565688005207783,0.19405755548963682,0.1346671182178699,0.4014517619257995,0.26678464370792965,0.26800091274719906,0.4573998039100196,0.18939889116282055,1040.0,0.4774816176470588,1380.0,0.6337316176470589,1187.0,0.5450367647058824,1108.0,0.5087316176470589,1108.0,0.5087316176470589,0.4774816176470588,WACC_0p1_WRT_0p9,0.5347426470588236,1640,False,,,False,False,False,False,False,157.0,0.6638297872340425
SPLL,RialtoBridgeTimelapse,1501,0.58,156,0.725,0.5921352108313891,0,42,2894,1102,6,0.089,0.20594955204821208,0.3063097200546565,0.2839470435365072,0.1787550444136376,0.11235270265786866,0.19998981550158387,-2.8192817631169373,2.486580303846317,-2.921841313157002,-2.3302840836398757,-3.215787996382892,1.7111958757000287,0.3063097200546565,0.46771844217160663,0.16140872211695012,0.2839470435365072,0.46574326768482555,0.18179622414831836,0.1787550444136376,0.5543188677544261,0.37556382334078847,0.11235270265786866,0.3945786022928088,0.2822258996349401,0.19998981550158387,0.45037324088892366,0.2503834253873398,1855.0,0.8520220588235294,1266.0,0.5813419117647058,1162.0,0.5335477941176471,1040.0,0.4774816176470588,1046.0,0.4802389705882353,0.4774816176470588,WACC_0p7_WRT_0p3,0.5849264705882353,1641,False,,,False,False,False,False,False,42.0,0.17446808510638298
SPLL,RialtoBridgeTimelapse,685,0.52,281,0.5750000000000002,0.4535824921216995,0,135,3287,2479,1,0.161,0.29096659837988714,0.4280761824203468,0.379416562124699,0.22163729363711304,0.23119921305504826,0.34301532330129864,-2.8192817631169373,2.486580303846317,-2.921841313157002,-2.3302840836398757,-3.215787996382892,1.7111958757000287,0.4280761824203468,0.42510057324382067,0.0029756091765261172,0.379416562124699,0.4551243783944238,0.07570781626972484,0.22163729363711304,0.56457063863899,0.342933345001877,0.23119921305504826,0.4098193318057118,0.17862011875066353,0.34301532330129864,0.4776557908049158,0.1346404675036172,1041.0,0.47794117647058826,1068.0,0.49034926470588236,1284.0,0.5896139705882353,1194.0,0.5482536764705882,1253.0,0.5753676470588235,0.47794117647058826,WACC_0p1_WRT_0p9,0.5363051470588235,1642,False,,,False,False,False,False,False,135.0,0.5702127659574469
SPLL,RialtoBridgeTimelapse,1897,0.59,341,0.75,0.4079463386641236,0,152,1688,1506,7,0.574,0.4634272649017148,0.522535581020227,0.5126853672382681,0.4420802407008022,0.04256396502050559,0.17557864098276263,-2.8192817631169373,2.486580303846317,-2.921841313157002,-2.3302840836398757,-3.215787996382892,1.7111958757000287,0.522535581020227,0.453742412845824,0.06879316817440301,0.5126853672382681,0.4686142231226243,0.04407114411564378,0.4420802407008022,0.5591728638914144,0.1170926231906122,0.04256396502050559,0.4032293895606271,0.3606654245401215,0.17557864098276263,0.4496065040269336,0.2740278630441709,1639.0,0.7527573529411765,1325.0,0.6084558823529411,1219.0,0.5597426470588235,1130.0,0.5188419117647058,1043.0,0.4788602941176471,0.4788602941176471,WACC_0p9_WRT_0p1,0.5837316176470588,1643,False,,,False,False,False,False,False,152.0,0.6425531914893617
SPLL,RialtoBridgeTimelapse,2025,0.54,284,0.6250000000000002,0.451079031326913,0,136,4505,2660,2,0.207,0.32345832451039713,0.43981087806319835,0.4021247115408165,0.26847172935816976,0.1769534365788514,0.2932885924681981,-2.8192817631169373,2.486580303846317,-2.921841313157002,-2.3302840836398757,-3.215787996382892,1.7111958757000287,0.43981087806319835,0.44995823234461746,0.010147354281419108,0.4021247115408165,0.4727513001265004,0.07062658858568388,0.26847172935816976,0.5973396144657601,0.32886788510759035,0.1769534365788514,0.3946782858678809,0.2177248492890295,0.2932885924681981,0.45557215071007545,0.16228355824187735,1583.0,0.7270220588235294,1403.0,0.6443014705882353,1846.0,0.8478860294117647,1043.0,0.4788602941176471,1095.0,0.5027573529411765,0.4788602941176471,WACC_0p7_WRT_0p3,0.6401654411764707,1644,False,,,False,False,False,False,False,136.0,0.574468085106383
SPLL,RialtoBridgeTimelapse,1532,0.41,198,0.3,0.5360530118555942,0,81,2437,3607,3,0.439,0.46035854763224165,0.32450689255742926,0.20637265791331863,0.38071934144508823,0.5768150473627262,0.6531827423823386,-2.8192817631169373,2.486580303846317,-2.921841313157002,-2.3302840836398757,-3.215787996382892,1.7111958757000287,0.32450689255742926,0.42540662662735246,0.1008997340699232,0.20637265791331863,0.4781532586791974,0.27178060076587873,0.38071934144508823,0.6004738001644967,0.21975445871940846,0.5768150473627262,0.4489363751799743,0.12787867218275184,0.6531827423823386,0.5455230200647511,0.10765972231758758,1044.0,0.47931985294117646,1531.0,0.703125,1900.0,0.8727022058823529,1621.0,0.7444852941176471,1791.0,0.8226102941176471,0.47931985294117646,WACC_0p1_WRT_0p9,0.7244485294117647,1645,False,,,False,False,False,False,False,81.0,0.3404255319148936
SPLL,RialtoBridgeTimelapse,987,0.57,168,0.7,0.5747107857207654,0,54,1040,1170,7,0.679,0.21285530373647635,0.32030490099009673,0.29332676714117184,0.17864766463297305,0.13376048740178645,0.22391845600666893,-2.8192817631169373,2.486580303846317,-2.921841313157002,-2.3302840836398757,-3.215787996382892,1.7111958757000287,0.32030490099009673,0.4416803851801314,0.12137548419003469,0.29332676714117184,0.45927564135595284,0.165948874214781,0.17864766463297305,0.5404228721838287,0.3617752075508556,0.13376048740178645,0.4004355292268736,0.26667504182508717,0.22391845600666893,0.4689066161860966,0.24498816017942765,1404.0,0.6447610294117647,1142.0,0.5243566176470589,1046.0,0.4802389705882353,1098.0,0.5041360294117647,1195.0,0.5487132352941176,0.4802389705882353,WACC_0p5_WRT_0p5,0.5404411764705882,1646,False,,,False,False,False,False,False,54.0,0.225531914893617
SPLL,RialtoBridgeTimelapse,1052,0.42,153,0.325,0.5966994971796171,0,43,2260,1682,10,0.869,0.4664713033995946,0.2699271808529851,0.1530916699372866,0.4036734591446696,0.5745580013123758,0.6383882446795636,-2.8192817631169373,2.486580303846317,-2.921841313157002,-2.3302840836398757,-3.215787996382892,1.7111958757000287,0.2699271808529851,0.4353172065937309,0.1653900257407458,0.1530916699372866,0.483935586189036,0.33084391625174936,0.4036734591446696,0.5638470670802981,0.16017360793562846,0.5745580013123758,0.39493903711068734,0.17961896420168844,0.6383882446795636,0.46724645192758346,0.1711417927519801,1265.0,0.5808823529411765,1661.0,0.7628676470588235,1272.0,0.5840992647058824,1047.0,0.4806985294117647,1185.0,0.5441176470588235,0.4806985294117647,WACC_0p7_WRT_0p3,0.590533088235294,1647,False,,,False,False,False,False,False,43.0,0.17872340425531916
SPLL,RialtoBridgeTimelapse,124,0.58,277,0.725,0.4569621901353883,0,131,4025,1988,6,0.001,0.38038817565890626,0.45770173106413686,0.4408553951650191,0.35286763922463826,0.07426144902121032,0.1981523449571365,-2.8192817631169373,2.486580303846317,-2.921841313157002,-2.3302840836398757,-3.215787996382892,1.7111958757000287,0.45770173106413686,0.4977920210045292,0.04009028994039232,0.4408553951650191,0.5166114753341988,0.07575608016917973,0.35286763922463826,0.5948421677519116,0.2419745285272733,0.07426144902121032,0.39503582066422055,0.32077437164301026,0.1981523449571365,0.4576073888466233,0.2594550438894868,2095.0,0.9623161764705882,2143.0,0.984375,1790.0,0.8221507352941176,1049.0,0.48161764705882354,1109.0,0.5091911764705882,0.48161764705882354,WACC_0p7_WRT_0p3,0.7519301470588236,1648,False,,,False,False,False,False,False,131.0,0.5531914893617021
SPLL,RialtoBridgeTimelapse,24,0.46,649,0.4250000000000001,0.2560270564152401,0,206,3843,4835,5,0.473,0.44974380138168546,0.6132978640096169,0.5410120405649075,0.33863160365962675,0.3323358260206882,0.48358463867356266,-2.8192817631169373,2.486580303846317,-2.921841313157002,-2.3302840836398757,-3.215787996382892,1.7111958757000287,0.6132978640096169,0.4256750910431583,0.18762277296645863,0.5410120405649075,0.49462839533690767,0.046383645227999815,0.33863160365962675,0.6204376801104788,0.2818060764508521,0.3323358260206882,0.47648335616351944,0.14414753014283127,0.48358463867356266,0.5543092401408759,0.07072460146731324,1049.0,0.48161764705882354,1902.0,0.8736213235294118,2121.0,0.9742647058823529,1880.0,0.8635110294117647,1872.0,0.8598345588235294,0.48161764705882354,WACC_0p1_WRT_0p9,0.8105698529411764,1649,False,,,False,False,False,False,False,206.0,0.8723404255319149
SPLL,RialtoBridgeTimelapse,295,0.58,114,0.725,0.6657841933611647,0,12,1582,1736,7,0.718,0.11416706618055085,0.22743823300925178,0.20169898350292245,0.08645752456291116,0.13464232724534522,0.20331065609154303,-2.8192817631169373,2.486580303846317,-2.921841313157002,-2.3302840836398757,-3.215787996382892,1.7111958757000287,0.22743823300925178,0.4443813892984344,0.21694315628918262,0.20169898350292245,0.4597463142082757,0.25804733070535324,0.08645752456291116,0.541186801241975,0.4547292766790639,0.13464232724534522,0.40201885591915465,0.26737652867380945,0.20331065609154303,0.458210990545895,0.25490033445435195,1465.0,0.6727941176470589,1152.0,0.5289522058823529,1051.0,0.48253676470588236,1110.0,0.5096507352941176,1117.0,0.5128676470588235,0.48253676470588236,WACC_0p5_WRT_0p5,0.541360294117647,1650,False,,,False,False,False,False,False,12.0,0.04680851063829787
SPLL,RialtoBridgeTimelapse,1881,0.55,175,0.6500000000000002,0.5651093296745381,0,60,1533,2245,5,0.651,0.19584948918793757,0.32199752114794344,0.2845432721081106,0.14728123437715876,0.1845885545379948,0.27344422089479786,-2.8192817631169373,2.486580303846317,-2.921841313157002,-2.3302840836398757,-3.215787996382892,1.7111958757000287,0.32199752114794344,0.4257276135825055,0.10373009243456205,0.2845432721081106,0.46465032394834455,0.18010705184023396,0.14728123437715876,0.5675527465395722,0.42027151216241343,0.1845885545379948,0.4033690254671438,0.218780470929149,0.27344422089479786,0.4738653722401263,0.20042115134532845,1051.0,0.48253676470588236,1244.0,0.5712316176470589,1334.0,0.6125919117647058,1134.0,0.5206801470588235,1226.0,0.5629595588235294,0.48253676470588236,WACC_0p1_WRT_0p9,0.55,1651,False,,,False,False,False,False,False,60.0,0.251063829787234
SPLL,RialtoBridgeTimelapse,163,0.57,279,0.7,0.4552663059021987,0,133,4226,2281,5,0.617,0.3656260528840988,0.45260665197146555,0.4306318850423848,0.33138231249153066,0.09958420730201986,0.221454016650834,-2.8192817631169373,2.486580303846317,-2.921841313157002,-2.3302840836398757,-3.215787996382892,1.7111958757000287,0.45260665197146555,0.45574308485032466,0.003136432878859119,0.4306318850423848,0.4877028059907273,0.057070920948342485,0.33138231249153066,0.5882545617363354,0.25687224924480473,0.09958420730201986,0.39567256349422053,0.29608835619220064,0.221454016650834,0.4531371015314345,0.2316830848806005,1682.0,0.7725183823529411,1756.0,0.8065257352941176,1653.0,0.7591911764705882,1053.0,0.4834558823529412,1069.0,0.49080882352941174,0.4834558823529412,WACC_0p7_WRT_0p3,0.6625,1652,False,,,False,False,False,False,False,133.0,0.5617021276595745
SPLL,RialtoBridgeTimelapse,1197,0.48,897,0.475,0.1795666117919461,0,212,1691,4962,9,0.331,0.5756536983115103,0.705662154321252,0.6475735813684567,0.47910003306539556,0.2564127311195883,0.4315352485724641,-2.8192817631169373,2.486580303846317,-2.921841313157002,-2.3302840836398757,-3.215787996382892,1.7111958757000287,0.705662154321252,0.42582611365753353,0.2798360406637185,0.6475735813684567,0.4920916336648847,0.155481947703572,0.47910003306539556,0.6071965091110462,0.1280964760456506,0.2564127311195883,0.5055811249030101,0.24916839378342182,0.4315352485724641,0.5869603994149437,0.1554251508424796,1053.0,0.4834558823529412,1851.0,0.8501838235294118,1992.0,0.9149816176470589,2061.0,0.9466911764705882,2073.0,0.9522058823529411,0.4834558823529412,WACC_0p1_WRT_0p9,0.8295036764705884,1653,False,,,False,False,False,False,False,212.0,0.8978723404255319
SPLL,RialtoBridgeTimelapse,1985,0.34,793,0.1250000000000001,0.2086858058486944,0,219,2406,4607,2,0.157,0.49022555860054917,0.6271790037919422,0.4893174669234853,0.3168774009415166,0.6502519691559352,0.7941164820507027,-2.8192817631169373,2.486580303846317,-2.921841313157002,-2.3302840836398757,-3.215787996382892,1.7111958757000287,0.6271790037919422,0.42583382940835285,0.2013451743835894,0.4893174669234853,0.48844557004027694,0.0008718968832083784,0.3168774009415166,0.6180820716545568,0.30120467071304013,0.6502519691559352,0.49725430118798203,0.15299766796795317,0.7941164820507027,0.5835079651333229,0.2106085169173798,1054.0,0.48391544117647056,1772.0,0.8138786764705882,2108.0,0.9682904411764706,2024.0,0.9296875,2058.0,0.9453125,0.48391544117647056,WACC_0p1_WRT_0p9,0.8282169117647058,1654,False,,,False,False,False,False,False,219.0,0.9276595744680851
SPLL,RialtoBridgeTimelapse,1942,0.54,312,0.6250000000000002,0.4289086545798216,0,145,4987,2712,8,0.73,0.3515106179084279,0.46403644861663385,0.42731017730378423,0.2965769999234245,0.17048274442573477,0.2926316942148456,-2.8192817631169373,2.486580303846317,-2.921841313157002,-2.3302840836398757,-3.215787996382892,1.7111958757000287,0.46403644861663385,0.43985410515992335,0.024182343456710498,0.42731017730378423,0.48638191861669433,0.0590717413129101,0.2965769999234245,0.5756353980310803,0.2790583981076558,0.17048274442573477,0.4049050281542218,0.23442228372848703,0.2926316942148456,0.4514434136896898,0.15881171947484424,1368.0,0.6282169117647058,1726.0,0.7927389705882353,1460.0,0.6704963235294118,1152.0,0.5289522058823529,1055.0,0.484375,0.484375,WACC_0p9_WRT_0p1,0.6209558823529411,1655,False,,,False,False,False,False,False,145.0,0.6127659574468085
SPLL,RialtoBridgeTimelapse,1753,0.33,525,0.1000000000000001,0.3061031243560276,0,198,183,4215,10,0.356,0.5749008314131111,0.531649883976342,0.38153052932136244,0.43066403458010394,0.7169774117767862,0.8365433088131043,-2.8192817631169373,2.486580303846317,-2.921841313157002,-2.3302840836398757,-3.215787996382892,1.7111958757000287,0.531649883976342,0.4259869135480901,0.10566297042825196,0.38153052932136244,0.4751088857675768,0.09357835644621437,0.43066403458010394,0.5897198608277114,0.1590558262476075,0.7169774117767862,0.5453272047622835,0.17165020701450273,0.8365433088131043,0.6205801174179657,0.21596319139513864,1056.0,0.48483455882352944,1462.0,0.6714154411764706,1687.0,0.7748161764705882,2158.0,0.9912683823529411,2162.0,0.9931066176470589,0.48483455882352944,WACC_0p1_WRT_0p9,0.7830882352941176,1656,False,,,False,False,False,False,False,198.0,0.8382978723404255
SPLL,RialtoBridgeTimelapse,1286,0.44,318,0.3750000000000001,0.4244165923269534,0,152,3290,4318,6,0.484,0.3039151839913228,0.4345833005840505,0.3421378809860713,0.19102241334765313,0.4436815679211698,0.5499220887953412,-2.8192817631169373,2.486580303846317,-2.921841313157002,-2.3302840836398757,-3.215787996382892,1.7111958757000287,0.4345833005840505,0.42598880014695784,0.008594500437092645,0.3421378809860713,0.5000747976116259,0.1579369166255546,0.19102241334765313,0.6124301476854002,0.42140773433774703,0.4436815679211698,0.4618090411701536,0.018127473248983783,0.5499220887953412,0.5396984011578084,0.010223687637532786,1057.0,0.4852941176470588,2002.0,0.9195772058823529,2064.0,0.9480698529411765,1741.0,0.7996323529411765,1758.0,0.8074448529411765,0.4852941176470588,WACC_0p1_WRT_0p9,0.7920036764705883,1657,False,,,False,False,False,False,False,152.0,0.6425531914893617
SPLL,RialtoBridgeTimelapse,1448,0.31,828,0.05,0.198480749503824,0,221,2142,4550,10,0.357,0.5758765926002641,0.6318795341724958,0.4769785795679265,0.4006521940356403,0.7327790434365846,0.8749802230100451,-2.8192817631169373,2.486580303846317,-2.921841313157002,-2.3302840836398757,-3.215787996382892,1.7111958757000287,0.6318795341724958,0.42606922137769637,0.2058103127947994,0.4769785795679265,0.5035728872041196,0.026594307636193137,0.4006521940356403,0.6248374735011314,0.2241852794654911,0.7327790434365846,0.5076129167675725,0.22516612666901215,0.8749802230100451,0.5927884567818313,0.28219176622821374,1058.0,0.48575367647058826,2055.0,0.9439338235294118,2146.0,0.9857536764705882,2071.0,0.9512867647058824,2096.0,0.9627757352941176,0.48575367647058826,WACC_0p1_WRT_0p9,0.8659007352941176,1658,False,,,False,False,False,False,False,221.0,0.9361702127659575
SPLL,RialtoBridgeTimelapse,1685,0.32,518,0.075,0.3092725954217916,0,196,2147,4101,6,0.476,0.6077852096334235,0.5275206136580051,0.37113098147350787,0.4646623544456126,0.7477820707483399,0.865367425731206,-2.8192817631169373,2.486580303846317,-2.921841313157002,-2.3302840836398757,-3.215787996382892,1.7111958757000287,0.5275206136580051,0.42612918224302476,0.1013914314149803,0.37113098147350787,0.4927925606514584,0.12166157917795051,0.4646623544456126,0.5984308845769621,0.13376853013134954,0.7477820707483399,0.4783392546401213,0.26944281610821863,0.865367425731206,0.5605859836214129,0.3047814421097931,1059.0,0.48621323529411764,1868.0,0.8579963235294118,1866.0,0.8570772058823529,1897.0,0.8713235294117647,1929.0,0.8860294117647058,0.48621323529411764,WACC_0p1_WRT_0p9,0.7917279411764705,1659,False,,,False,False,False,False,False,196.0,0.8297872340425532
SPLL,RialtoBridgeTimelapse,56,0.52,403,0.5750000000000002,0.3685319911119786,0,168,5000,2820,1,0.001,0.39739250412995497,0.51966352733273,0.4748392605290025,0.32854464601641603,0.2057323380279162,0.3395615557470425,-2.8192817631169373,2.486580303846317,-2.921841313157002,-2.3302840836398757,-3.215787996382892,1.7111958757000287,0.51966352733273,0.48572757629367763,0.03393595103905239,0.4748392605290025,0.49949746503911757,0.024658204510115078,0.32854464601641603,0.5681965124763529,0.2396518664599369,0.2057323380279162,0.3962908812259272,0.190558543198011,0.3395615557470425,0.4579587102669043,0.11839715451986182,2033.0,0.9338235294117647,1992.0,0.9149816176470589,1344.0,0.6171875,1060.0,0.4866727941176471,1112.0,0.5105698529411765,0.4866727941176471,WACC_0p7_WRT_0p3,0.6926470588235294,1660,False,,,False,False,False,False,False,168.0,0.7106382978723405
SPLL,RialtoBridgeTimelapse,2108,0.53,128,0.6000000000000002,0.6386064107402307,0,21,669,1190,5,0.275,0.14698514305390672,0.2415405360025635,0.1887606207667588,0.09454077866686543,0.26511438119950603,0.3326946138513536,-2.8192817631169373,2.486580303846317,-2.921841313157002,-2.3302840836398757,-3.215787996382892,1.7111958757000287,0.2415405360025635,0.4458780354867823,0.20433749948421878,0.1887606207667588,0.45487875893402996,0.26611813816727115,0.09454077866686543,0.553351859253867,0.45881108058700154,0.26511438119950603,0.3963465743082616,0.13123219310875556,0.3326946138513536,0.465391848216501,0.13269723436514735,1499.0,0.6884191176470589,1065.0,0.4889705882352941,1157.0,0.53125,1061.0,0.48713235294117646,1165.0,0.5349264705882353,0.48713235294117646,WACC_0p7_WRT_0p3,0.5461397058823529,1661,False,,,False,False,False,False,False,21.0,0.0851063829787234
SPLL,RialtoBridgeTimelapse,1167,0.42,1001,0.325,0.1536419809077915,0,224,1340,4468,4,0.242,0.5193575864000707,0.7057276319788163,0.6163042242473665,0.38010910168978523,0.4088149407022663,0.5788749877295747,-2.8192817631169373,2.486580303846317,-2.921841313157002,-2.3302840836398757,-3.215787996382892,1.7111958757000287,0.7057276319788163,0.42620357627722477,0.2795240557015915,0.6163042242473665,0.496334340654589,0.11996988359277755,0.38010910168978523,0.6151835681541922,0.23507446646440694,0.4088149407022663,0.46592291960306664,0.05710797890080033,0.5788749877295747,0.5614537905865536,0.01742119714302104,1061.0,0.48713235294117646,1936.0,0.8892463235294118,2088.0,0.9590992647058824,1782.0,0.8184742647058824,1935.0,0.8887867647058824,0.48713235294117646,WACC_0p1_WRT_0p9,0.8085477941176471,1662,False,,,False,False,False,False,False,224.0,0.948936170212766
SPLL,RialtoBridgeTimelapse,932,0.43,231,0.3500000000000001,0.4997547320027651,0,108,443,2984,4,0.448,0.3761665317497193,0.36017709094559797,0.2569469394600032,0.2859170416870962,0.5016710301260175,0.5887852181045254,-2.8192817631169373,2.486580303846317,-2.921841313157002,-2.3302840836398757,-3.215787996382892,1.7111958757000287,0.36017709094559797,0.4262772544075412,0.06610016346194325,0.2569469394600032,0.47398612903551984,0.21703918957551666,0.2859170416870962,0.5932025234114531,0.3072854817243569,0.5016710301260175,0.4665690826586579,0.03510194746735967,0.5887852181045254,0.5513909599682231,0.03739425813630237,1062.0,0.4875919117647059,1431.0,0.6571691176470589,1752.0,0.8046875,1795.0,0.8244485294117647,1848.0,0.8488051470588235,0.4875919117647059,WACC_0p1_WRT_0p9,0.7245404411764705,1663,False,,,False,False,False,False,False,108.0,0.4553191489361702
SPLL,RialtoBridgeTimelapse,960,0.41,159,0.3,0.5876573199694053,0,49,2377,2252,6,0.515,0.4928205483787982,0.2776891909938848,0.15532252663968585,0.4274931296704188,0.6008832015782049,0.6656300632464239,-2.8192817631169373,2.486580303846317,-2.921841313157002,-2.3302840836398757,-3.215787996382892,1.7111958757000287,0.2776891909938848,0.4263168778808357,0.14862768688695094,0.15532252663968585,0.47304977440764373,0.3177272477679579,0.4274931296704188,0.5776372319172316,0.1501441022468128,0.6008832015782049,0.4365057043619255,0.16437749721627937,0.6656300632464239,0.4967941505223744,0.16883591272404952,1063.0,0.4880514705882353,1408.0,0.6465992647058824,1484.0,0.6815257352941176,1494.0,0.6861213235294118,1408.0,0.6465992647058824,0.4880514705882353,WACC_0p1_WRT_0p9,0.6297794117647059,1664,False,,,False,False,False,False,False,49.0,0.20425531914893616
SPLL,RialtoBridgeTimelapse,1660,0.54,153,0.6250000000000002,0.5966994971796171,0,40,2855,1461,7,0.15,0.1436811730751707,0.28588699069599477,0.24124626024503623,0.0871922757358739,0.2222282779077516,0.3014852311378187,-2.8192817631169373,2.486580303846317,-2.921841313157002,-2.3302840836398757,-3.215787996382892,1.7111958757000287,0.28588699069599477,0.47179619243893967,0.1859092017429449,0.24124626024503623,0.47757641559877534,0.2363301553537391,0.0871922757358739,0.5628715995867336,0.4756793238508597,0.2222282779077516,0.3966193774471654,0.1743910995394138,0.3014852311378187,0.46418025780405514,0.16269502666623642,1892.0,0.8690257352941176,1518.0,0.6971507352941176,1263.0,0.5799632352941176,1063.0,0.4880514705882353,1155.0,0.5303308823529411,0.4880514705882353,WACC_0p7_WRT_0p3,0.6329044117647058,1665,False,,,False,False,False,False,False,40.0,0.16595744680851063
SPLL,RialtoBridgeTimelapse,1001,0.56,326,0.6750000000000003,0.4185568540643868,0,148,4382,2322,5,0.332,0.3966849713081317,0.48740301440876205,0.46167379324890273,0.3555237161490958,0.11525700445869354,0.24464562087390443,-2.8192817631169373,2.486580303846317,-2.921841313157002,-2.3302840836398757,-3.215787996382892,1.7111958757000287,0.48740301440876205,0.4726107211277386,0.014792293281023439,0.46167379324890273,0.49550612899742713,0.0338323357485244,0.3555237161490958,0.6079482554207352,0.2524245392716394,0.11525700445869354,0.4010896000480138,0.2858325955893203,0.24464562087390443,0.4524116455866927,0.2077660247127883,1903.0,0.8740808823529411,1920.0,0.8818933823529411,2008.0,0.9223345588235294,1104.0,0.5068933823529411,1064.0,0.4885110294117647,0.4885110294117647,WACC_0p9_WRT_0p1,0.7347426470588235,1666,False,,,False,False,False,False,False,148.0,0.625531914893617
SPLL,RialtoBridgeTimelapse,1911,0.39,706,0.2500000000000001,0.2361409770447722,0,214,629,4425,1,0.122,0.3784686573157847,0.6109769282057183,0.5004709704843793,0.2154045304725111,0.5184044162243251,0.6629176232772006,-2.8192817631169373,2.486580303846317,-2.921841313157002,-2.3302840836398757,-3.215787996382892,1.7111958757000287,0.6109769282057183,0.42641578663352675,0.1845611415721915,0.5004709704843793,0.47338321884380025,0.027087751640579028,0.2154045304725111,0.5855984072600221,0.37019387678751103,0.5184044162243251,0.49765859832214476,0.02074581790218033,0.6629176232772006,0.5967638439015173,0.06615377937568334,1064.0,0.4885110294117647,1419.0,0.6516544117647058,1614.0,0.7412683823529411,2028.0,0.9315257352941176,2110.0,0.9692095588235294,0.4885110294117647,WACC_0p1_WRT_0p9,0.7564338235294118,1667,False,,,False,False,False,False,False,214.0,0.9063829787234042
SPLL,RialtoBridgeTimelapse,1567,0.58,112,0.725,0.6699347355650616,0,11,1617,1748,8,0.81,0.10907873963206274,0.22309232244964067,0.19714978404453137,0.0813173365165506,0.13595434335100842,0.203574677126548,-2.8192817631169373,2.486580303846317,-2.921841313157002,-2.3302840836398757,-3.215787996382892,1.7111958757000287,0.22309232244964067,0.43911828417293824,0.21602596172329758,0.19714978404453137,0.4736839828912909,0.2765341988467595,0.0813173365165506,0.5428859793543388,0.4615686428377882,0.13595434335100842,0.39735378933496074,0.2613994459839523,0.203574677126548,0.45721071246611716,0.25363603533956913,1351.0,0.6204044117647058,1426.0,0.6548713235294118,1065.0,0.4889705882352941,1072.0,0.4921875,1106.0,0.5078125,0.4889705882352941,WACC_0p5_WRT_0p5,0.5528492647058825,1668,False,,,False,False,False,False,False,11.0,0.0425531914893617
SPLL,RialtoBridgeTimelapse,1943,0.5,309,0.5250000000000001,0.43118708154025,0,146,1462,3272,8,0.669,0.29038546325781134,0.4440367422017462,0.38541239547309997,0.20665323730129148,0.27847870650476714,0.39240787497319296,-2.8192817631169373,2.486580303846317,-2.921841313157002,-2.3302840836398757,-3.215787996382892,1.7111958757000287,0.4440367422017462,0.426461475801394,0.01757526640035223,0.38541239547309997,0.47630534856200135,0.09089295308890138,0.20665323730129148,0.5953781182236721,0.38872488092238067,0.27847870650476714,0.44903114556599766,0.17055243906123052,0.39240787497319296,0.5250636878769892,0.13265581290379624,1065.0,0.4889705882352941,1489.0,0.6838235294117647,1801.0,0.8272058823529411,1622.0,0.7449448529411765,1645.0,0.7555147058823529,0.4889705882352941,WACC_0p1_WRT_0p9,0.7000919117647059,1669,False,,,False,False,False,False,False,146.0,0.6170212765957447
SPLL,RialtoBridgeTimelapse,425,0.39,257,0.2500000000000001,0.4746252291679451,0,123,2107,1339,4,0.08,0.4862945202457787,0.37969233658333107,0.253936409183696,0.38946834879018233,0.609780838326433,0.6978028350443509,-2.8192817631169373,2.486580303846317,-2.921841313157002,-2.3302840836398757,-3.215787996382892,1.7111958757000287,0.37969233658333107,0.447439157279631,0.06774682069629995,0.253936409183696,0.4549435960722707,0.20100718688857472,0.38946834879018233,0.5539279105278342,0.16445956173765186,0.609780838326433,0.40931177849099337,0.20046905983543967,0.6978028350443509,0.47608424618190925,0.22171858886244167,1529.0,0.7022058823529411,1066.0,0.48943014705882354,1159.0,0.5321691176470589,1188.0,0.5454963235294118,1242.0,0.5703125,0.48943014705882354,WACC_0p3_WRT_0p7,0.5679227941176471,1670,False,,,False,False,False,False,False,123.0,0.5191489361702127
SPLL,RialtoBridgeTimelapse,1715,0.43,642,0.3500000000000001,0.2585886032693567,0,206,3415,4379,2,0.134,0.40474096541694615,0.5996185963791566,0.5105790361726442,0.2715115667963227,0.4148405139684801,0.5601794107837451,-2.8192817631169373,2.486580303846317,-2.921841313157002,-2.3302840836398757,-3.215787996382892,1.7111958757000287,0.5996185963791566,0.4264676761375711,0.17315092024158552,0.5105790361726442,0.4870627436094248,0.02351629256321941,0.2715115667963227,0.6098305146009424,0.3383189478046197,0.4148405139684801,0.4600883374812511,0.04524782351277101,0.5601794107837451,0.5476828985056562,0.0124965122780889,1066.0,0.48943014705882354,1741.0,0.7996323529411765,2028.0,0.9315257352941176,1723.0,0.7913602941176471,1813.0,0.8327205882352942,0.48943014705882354,WACC_0p1_WRT_0p9,0.7689338235294118,1671,False,,,False,False,False,False,False,206.0,0.8723404255319149
SPLL,RialtoBridgeTimelapse,2140,0.51,90,0.5500000000000002,0.7211598858267796,0,9,2492,1225,7,0.148,0.2571599545034601,0.16142568183048872,0.09067327175598217,0.22893612584945291,0.35848846486660424,0.4044442589430666,-2.8192817631169373,2.486580303846317,-2.921841313157002,-2.3302840836398757,-3.215787996382892,1.7111958757000287,0.16142568183048872,0.46274048927141803,0.3013148074409293,0.09067327175598217,0.46712634427097954,0.3764530725149974,0.22893612584945291,0.5432292842629219,0.31429315841346905,0.35848846486660424,0.405145071117538,0.04665660625093376,0.4044442589430666,0.462709845220366,0.058265586277299386,1783.0,0.8189338235294118,1290.0,0.5923713235294118,1067.0,0.4898897058823529,1155.0,0.5303308823529411,1146.0,0.5261948529411765,0.4898897058823529,WACC_0p5_WRT_0p5,0.5915441176470588,1672,False,,,False,False,False,False,False,9.0,0.03404255319148936
SPLL,RialtoBridgeTimelapse,169,0.58,293,0.725,0.4437237807444882,0,137,1487,1505,6,0.388,0.39779836157978565,0.47287296836373666,0.45654019277113345,0.3701916901730218,0.07063512475826579,0.19815271173738672,-2.8192817631169373,2.486580303846317,-2.921841313157002,-2.3302840836398757,-3.215787996382892,1.7111958757000287,0.47287296836373666,0.45821913749437926,0.014653830869357398,0.45654019277113345,0.4753315968585382,0.01879140408740476,0.3701916901730218,0.5668406497491969,0.19664895957617512,0.07063512475826579,0.3969373588830484,0.3263022341247826,0.19815271173738672,0.4541069358426888,0.2559542241053021,1720.0,0.7899816176470589,1467.0,0.6737132352941176,1318.0,0.6052389705882353,1067.0,0.4898897058823529,1082.0,0.4967830882352941,0.4898897058823529,WACC_0p7_WRT_0p3,0.6111213235294117,1673,False,,,False,False,False,False,False,137.0,0.5787234042553191
SPLL,RialtoBridgeTimelapse,1516,0.42,414,0.325,0.3621767293086528,0,178,851,3949,2,0.205,0.33100036251980314,0.49196603351369145,0.3915725632605834,0.2002357267462386,0.47807126839727054,0.5964264148378872,-2.8192817631169373,2.486580303846317,-2.921841313157002,-2.3302840836398757,-3.215787996382892,1.7111958757000287,0.49196603351369145,0.4264815142341245,0.06548451927956694,0.3915725632605834,0.47765709890686564,0.08608453564628227,0.2002357267462386,0.5927854144412411,0.39254968769500254,0.47807126839727054,0.4729307548315545,0.005140513565716043,0.5964264148378872,0.5626894711744096,0.03373694366347757,1067.0,0.4898897058823529,1521.0,0.6985294117647058,1743.0,0.8005514705882353,1851.0,0.8501838235294118,1943.0,0.8924632352941176,0.4898897058823529,WACC_0p1_WRT_0p9,0.7463235294117647,1674,False,,,False,False,False,False,False,178.0,0.7531914893617021
SPLL,RialtoBridgeTimelapse,1539,0.53,167,0.6000000000000002,0.5761147948116947,0,55,1030,1680,5,0.427,0.15516832105381537,0.3040281678438829,0.2548142309362247,0.0915091061270041,0.2431221768536078,0.32587519195525316,-2.8192817631169373,2.486580303846317,-2.921841313157002,-2.3302840836398757,-3.215787996382892,1.7111958757000287,0.3040281678438829,0.4428891946511492,0.13886102680726625,0.2548142309362247,0.4572512843381107,0.202437053401886,0.0915091061270041,0.5592040472301769,0.46769494110317283,0.2431221768536078,0.3970605344407947,0.1539383575871869,0.32587519195525316,0.4581647528616923,0.13228956090643912,1426.0,0.6548713235294118,1104.0,0.5068933823529411,1220.0,0.5602022058823529,1068.0,0.49034926470588236,1116.0,0.5124080882352942,0.49034926470588236,WACC_0p7_WRT_0p3,0.5449448529411764,1675,False,,,False,False,False,False,False,55.0,0.2297872340425532
SPLL,RialtoBridgeTimelapse,1142,0.49,444,0.5000000000000001,0.3456648082738123,0,178,4709,3944,1,0.174,0.38168393043638416,0.5304046051411639,0.47035925103539994,0.2915420957579866,0.278966071080463,0.4128374734316115,-2.8192817631169373,2.486580303846317,-2.921841313157002,-2.3302840836398757,-3.215787996382892,1.7111958757000287,0.5304046051411639,0.42650705999323935,0.1038975451479246,0.47035925103539994,0.4603205116823729,0.010038739353027015,0.2915420957579866,0.5833000942677071,0.2917579985097205,0.278966071080463,0.4389260540781879,0.1599599829977249,0.4128374734316115,0.509197629447406,0.09636015601579451,1069.0,0.49080882352941174,1160.0,0.5326286764705882,1567.0,0.7196691176470589,1517.0,0.6966911764705882,1509.0,0.6930147058823529,0.49080882352941174,WACC_0p1_WRT_0p9,0.6265625,1676,False,,,False,False,False,False,False,178.0,0.7531914893617021
SPLL,RialtoBridgeTimelapse,1713,0.46,305,0.4250000000000001,0.4342595252109815,0,145,1122,3253,5,0.391,0.2490723985106488,0.429171942699976,0.34774692614989633,0.13812336722227211,0.3904827861134954,0.49724524347060545,-2.8192817631169373,2.486580303846317,-2.921841313157002,-2.3302840836398757,-3.215787996382892,1.7111958757000287,0.429171942699976,0.4266042710955196,0.0025676716044563674,0.34774692614989633,0.4799975999892256,0.13225067383932926,0.13812336722227211,0.5866991765053058,0.44857580928303364,0.3904827861134954,0.4348165242108004,0.04433373809730501,0.49724524347060545,0.5099870074468594,0.012741763976253984,1070.0,0.4912683823529412,1568.0,0.7201286764705882,1628.0,0.7477022058823529,1470.0,0.6750919117647058,1519.0,0.6976102941176471,0.4912683823529412,WACC_0p1_WRT_0p9,0.666360294117647,1677,False,,,False,False,False,False,False,145.0,0.6127659574468085
SPLL,RialtoBridgeTimelapse,1613,0.56,246,0.6750000000000003,0.4849330901506568,0,113,3867,2349,3,0.525,0.31125975708937387,0.41330226084382926,0.38484853552957315,0.2702247548661112,0.1340202279848814,0.2456600033491793,-2.8192817631169373,2.486580303846317,-2.921841313157002,-2.3302840836398757,-3.215787996382892,1.7111958757000287,0.41330226084382926,0.4342396661135806,0.020937405269751352,0.38484853552957315,0.45929000951762844,0.07444147398805528,0.2702247548661112,0.5657159514462375,0.29549119658012635,0.1340202279848814,0.4037966644369053,0.2697764364520239,0.2456600033491793,0.4532121313038968,0.2075521279547175,1246.0,0.5721507352941176,1143.0,0.5248161764705882,1298.0,0.5960477941176471,1143.0,0.5248161764705882,1071.0,0.49172794117647056,0.49172794117647056,WACC_0p9_WRT_0p1,0.5419117647058823,1678,False,,,False,False,False,False,False,113.0,0.4765957446808511
SPLL,RialtoBridgeTimelapse,1497,0.56,362,0.6750000000000003,0.3938483479549922,0,158,4178,2401,5,0.775,0.42882341123255496,0.5153478907890765,0.4906032648820632,0.3875561366420391,0.10838952847039321,0.2444646408866395,-2.8192817631169373,2.486580303846317,-2.921841313157002,-2.3302840836398757,-3.215787996382892,1.7111958757000287,0.5153478907890765,0.4372139779576154,0.0781339128314611,0.4906032648820632,0.47599349268113533,0.01460977220092785,0.3875561366420391,0.5669623509316711,0.17940621428963205,0.10838952847039321,0.39734644821265613,0.2889569197422629,0.2444646408866395,0.4560739957759056,0.21160935488926613,1307.0,0.6001838235294118,1484.0,0.6815257352941176,1321.0,0.6066176470588235,1071.0,0.49172794117647056,1098.0,0.5041360294117647,0.49172794117647056,WACC_0p7_WRT_0p3,0.5768382352941176,1679,False,,,False,False,False,False,False,158.0,0.6680851063829787
SPLL,RialtoBridgeTimelapse,1673,0.37,465,0.2,0.3347560226792572,0,187,533,4014,4,0.202,0.46785171797974456,0.509691864691638,0.381605377100823,0.330931494154806,0.6114467217654861,0.7294543885935881,-2.8192817631169373,2.486580303846317,-2.921841313157002,-2.3302840836398757,-3.215787996382892,1.7111958757000287,0.509691864691638,0.4266520448677582,0.08303981982387976,0.381605377100823,0.48756951011785477,0.10596413301703178,0.330931494154806,0.595337446940665,0.26440595278585904,0.6114467217654861,0.49597376510314567,0.11547295666234042,0.7294543885935881,0.5834863982901597,0.14596799030342844,1072.0,0.4921875,1752.0,0.8046875,1800.0,0.8267463235294118,2017.0,0.9264705882352942,2057.0,0.9448529411764706,0.4921875,WACC_0p1_WRT_0p9,0.7989889705882353,1680,False,,,False,False,False,False,False,187.0,0.7914893617021277
SPLL,RialtoBridgeTimelapse,1218,0.48,277,0.475,0.4569621901353883,0,134,2883,2543,4,0.66,0.23218335054164918,0.41133343507756964,0.3401101087520288,0.13297986419836622,0.3421904272066604,0.4464396031714332,-2.8192817631169373,2.486580303846317,-2.921841313157002,-2.3302840836398757,-3.215787996382892,1.7111958757000287,0.41133343507756964,0.42670382893263714,0.015370393855067499,0.3401101087520288,0.4759735757802812,0.13586346702825242,0.13297986419836622,0.5691312811663258,0.4361514169679596,0.3421904272066604,0.42159471412691263,0.07940428692025225,0.4464396031714332,0.49001348410983087,0.04357388093839765,1073.0,0.49264705882352944,1482.0,0.6806066176470589,1356.0,0.6227022058823529,1344.0,0.6171875,1363.0,0.6259191176470589,0.49264705882352944,WACC_0p1_WRT_0p9,0.6078125,1681,False,,,False,False,False,False,False,134.0,0.5659574468085107
SPLL,RialtoBridgeTimelapse,2131,0.57,317,0.7,0.425159371076707,0,145,4303,2173,8,0.588,0.40489021256409957,0.4867660873281261,0.46598296287604984,0.37050064443952535,0.09124744267993777,0.22128880291324274,-2.8192817631169373,2.486580303846317,-2.921841313157002,-2.3302840836398757,-3.215787996382892,1.7111958757000287,0.4867660873281261,0.46460849752867533,0.02215758979945076,0.46598296287604984,0.49753073811209797,0.031547775236048126,0.37050064443952535,0.5782800347365881,0.20777939029706272,0.09124744267993777,0.39743280500588574,0.30618536232594795,0.22128880291324274,0.45405043551663754,0.2327616326033948,1807.0,0.8299632352941176,1957.0,0.8988970588235294,1499.0,0.6884191176470589,1073.0,0.49264705882352944,1081.0,0.4963235294117647,0.49264705882352944,WACC_0p7_WRT_0p3,0.68125,1682,False,,,False,False,False,False,False,145.0,0.6127659574468085
SPLL,RialtoBridgeTimelapse,701,0.43,827,0.3500000000000001,0.1987662955100698,0,218,3290,4594,10,0.466,0.4778832794178202,0.6620161475696849,0.575942796673775,0.3454631234149527,0.39577218009783055,0.556165627995588,-2.8192817631169373,2.486580303846317,-2.921841313157002,-2.3302840836398757,-3.215787996382892,1.7111958757000287,0.6620161475696849,0.42671065529219715,0.2353054922774877,0.575942796673775,0.49932738878278465,0.07661540789099036,0.3454631234149527,0.6239306439723672,0.27846752055741447,0.39577218009783055,0.4975978647034882,0.10182568460565766,0.556165627995588,0.5656489577991972,0.00948332980360922,1074.0,0.4931066176470588,1987.0,0.9126838235294118,2141.0,0.9834558823529411,2027.0,0.9310661764705882,1965.0,0.9025735294117647,0.4931066176470588,WACC_0p1_WRT_0p9,0.8445772058823529,1683,False,,,False,False,False,False,False,218.0,0.9234042553191489
SPLL,RialtoBridgeTimelapse,1617,0.53,157,0.6000000000000002,0.5906331433253553,0,45,2583,1148,7,0.339,0.13775589385982487,0.2893127627879192,0.23930865427561818,0.07378234049109969,0.24805998398173743,0.3272479500200366,-2.8192817631169373,2.486580303846317,-2.921841313157002,-2.3302840836398757,-3.215787996382892,1.7111958757000287,0.2893127627879192,0.4543523252485166,0.16503956246059742,0.23930865427561818,0.46398212844044573,0.22467347416482755,0.07378234049109969,0.5555477835655447,0.481765443074445,0.24805998398173743,0.3975097194896413,0.14944973550790389,0.3272479500200366,0.45898813787957154,0.13174018785953495,1655.0,0.7601102941176471,1231.0,0.5652573529411765,1176.0,0.5399816176470589,1075.0,0.49356617647058826,1122.0,0.5151654411764706,0.49356617647058826,WACC_0p7_WRT_0p3,0.5748161764705882,1684,False,,,False,False,False,False,False,45.0,0.18723404255319148
SPLL,RialtoBridgeTimelapse,178,0.54,393,0.6250000000000002,0.3744614954244174,0,166,1665,2667,6,0.595,0.4210515969176352,0.5242450163892938,0.48980530556789087,0.3661146321976474,0.1548829215663986,0.29146501653397433,-2.8192817631169373,2.486580303846317,-2.921841313157002,-2.3302840836398757,-3.215787996382892,1.7111958757000287,0.5242450163892938,0.4267695915568452,0.09747542483244859,0.48980530556789087,0.4755344971979347,0.014270808369956145,0.3661146321976474,0.578647649214101,0.21253301701645355,0.1548829215663986,0.41417884738679994,0.25929592582040134,0.29146501653397433,0.49640927685852243,0.2049442603245481,1075.0,0.49356617647058826,1474.0,0.6769301470588235,1503.0,0.6902573529411765,1250.0,0.5739889705882353,1404.0,0.6447610294117647,0.49356617647058826,WACC_0p1_WRT_0p9,0.6159007352941176,1685,False,,,False,False,False,False,False,166.0,0.7021276595744681
SPLL,RialtoBridgeTimelapse,1993,0.57,181,0.7,0.5571787042544939,0,64,1278,1450,5,0.474,0.234936742970325,0.3393479836981486,0.31314122571307973,0.20079367410666416,0.1285922006639517,0.22332296634613322,-2.8192817631169373,2.486580303846317,-2.921841313157002,-2.3302840836398757,-3.215787996382892,1.7111958757000287,0.3393479836981486,0.44083151993072855,0.10148353623257994,0.31314122571307973,0.46486116790541826,0.15171994219233853,0.20079367410666416,0.5609684648845203,0.3601747907778562,0.1285922006639517,0.40059398746107083,0.27200178679711917,0.22332296634613322,0.45357316181353347,0.23025019546740025,1394.0,0.6401654411764706,1247.0,0.5726102941176471,1242.0,0.5703125,1099.0,0.5045955882352942,1076.0,0.49402573529411764,0.49402573529411764,WACC_0p9_WRT_0p1,0.5563419117647059,1686,False,,,False,False,False,False,False,64.0,0.2680851063829787
SPLL,RialtoBridgeTimelapse,1874,0.5,209,0.5250000000000001,0.5233246454307502,0,90,3279,2911,2,0.358,0.17899953104669836,0.3495242067950927,0.2860742918131213,0.09358827916776101,0.3089793903345736,0.40005176650191876,-2.8192817631169373,2.486580303846317,-2.921841313157002,-2.3302840836398757,-3.215787996382892,1.7111958757000287,0.3495242067950927,0.4279342024789254,0.07840999568383267,0.2860742918131213,0.4555048044693272,0.1694305126562059,0.09358827916776101,0.5799670174948729,0.48637873832711187,0.3089793903345736,0.42522471465699024,0.11624532432241663,0.40005176650191876,0.48446656567045465,0.08441479916853589,1098.0,0.5041360294117647,1076.0,0.49402573529411764,1527.0,0.7012867647058824,1379.0,0.6332720588235294,1309.0,0.6011029411764706,0.49402573529411764,WACC_0p3_WRT_0p7,0.586764705882353,1687,False,,,False,False,False,False,False,90.0,0.37872340425531914
SPLL,RialtoBridgeTimelapse,1189,0.49,160,0.5000000000000001,0.5861833286749027,0,49,564,1414,7,0.105,0.2400960299756536,0.28570386249566104,0.21261204804291553,0.17353990655844584,0.3606229267365856,0.4352266514773067,-2.8192817631169373,2.486580303846317,-2.921841313157002,-2.3302840836398757,-3.215787996382892,1.7111958757000287,0.28570386249566104,0.4431426639040454,0.15743880140838434,0.21261204804291553,0.4555159006994585,0.242903852656543,0.17353990655844584,0.5587743366566178,0.38523443009817193,0.3606229267365856,0.41577698384077966,0.055154057104194076,0.4352266514773067,0.4856273212671178,0.05040066978981106,1433.0,0.6580882352941176,1077.0,0.4944852941176471,1216.0,0.5583639705882353,1265.0,0.5808823529411765,1328.0,0.6098345588235294,0.4944852941176471,WACC_0p3_WRT_0p7,0.5803308823529412,1688,False,,,False,False,False,False,False,49.0,0.20425531914893616
SPLL,RialtoBridgeTimelapse,1206,0.55,348,0.6500000000000002,0.4031530520830559,0,154,4374,2378,2,0.255,0.40023441226821826,0.4983177784119212,0.4679681704823889,0.3522128657655606,0.136917890868476,0.268107086796006,-2.8192817631169373,2.486580303846317,-2.921841313157002,-2.3302840836398757,-3.215787996382892,1.7111958757000287,0.4983177784119212,0.4434430611079327,0.05487471730398852,0.4679681704823889,0.47328871717359694,0.005320546691208017,0.3522128657655606,0.5972579542255511,0.24504508845999046,0.136917890868476,0.398659908945268,0.261742018076792,0.268107086796006,0.45370085845908886,0.18559377166308288,1439.0,0.6608455882352942,1417.0,0.6507352941176471,1841.0,0.8455882352941176,1084.0,0.4977022058823529,1077.0,0.4944852941176471,0.4944852941176471,WACC_0p9_WRT_0p1,0.6298713235294118,1689,False,,,False,False,False,False,False,154.0,0.6510638297872341
SPLL,RialtoBridgeTimelapse,1105,0.49,638,0.5000000000000001,0.2600648940971719,0,203,4260,4204,1,0.023,0.4888989970011313,0.622701470182702,0.5665015513650093,0.39921559370302867,0.2533973848777629,0.40944924747921174,-2.8192817631169373,2.486580303846317,-2.921841313157002,-2.3302840836398757,-3.215787996382892,1.7111958757000287,0.622701470182702,0.4268955275011658,0.19580594268153628,0.5665015513650093,0.47324966498572424,0.09325188637928511,0.39921559370302867,0.6007842928849144,0.20156869918188575,0.2533973848777629,0.45769726298211,0.20429987810434708,0.40944924747921174,0.5285492564365495,0.11910000895733774,1077.0,0.4944852941176471,1416.0,0.6502757352941176,1909.0,0.8768382352941176,1696.0,0.7789522058823529,1676.0,0.7697610294117647,0.4944852941176471,WACC_0p1_WRT_0p9,0.7140625,1690,False,,,False,False,False,False,False,203.0,0.8595744680851064
SPLL,RialtoBridgeTimelapse,1776,0.57,218,0.7,0.5133969718500324,0,96,4659,2248,3,0.194,0.2906226116157761,0.38750704759808025,0.3631637545381685,0.2565238864088951,0.11594649868696849,0.22222750570517644,-2.8192817631169373,2.486580303846317,-2.921841313157002,-2.3302840836398757,-3.215787996382892,1.7111958757000287,0.38750704759808025,0.4574083134146729,0.06990126581659267,0.3631637545381685,0.4798465206416581,0.1166827661034896,0.2565238864088951,0.5918466313562097,0.3353227449473146,0.11594649868696849,0.3981513904642233,0.28220489177725483,0.22222750570517644,0.45464635002409703,0.2324188443189206,1706.0,0.7835477941176471,1564.0,0.7182904411764706,1723.0,0.7913602941176471,1078.0,0.49494485294117646,1085.0,0.49816176470588236,0.49494485294117646,WACC_0p7_WRT_0p3,0.6572610294117648,1691,False,,,False,False,False,False,False,96.0,0.40425531914893614
SPLL,RialtoBridgeTimelapse,669,0.56,304,0.6750000000000003,0.4350339116223998,0,142,3762,2138,2,0.216,0.3753506101079201,0.46887063991080163,0.4424768316535288,0.334243823502647,0.11986790237536885,0.24482031021659328,-2.8192817631169373,2.486580303846317,-2.921841313157002,-2.3302840836398757,-3.215787996382892,1.7111958757000287,0.46887063991080163,0.4404629910564586,0.02840764885434305,0.4424768316535288,0.47264828246906754,0.030171450815538736,0.334243823502647,0.5868313615255967,0.2525875380229497,0.11986790237536885,0.3982353195882124,0.2783674172128435,0.24482031021659328,0.45414489678076764,0.20932458656417435,1389.0,0.6378676470588235,1398.0,0.6420036764705882,1630.0,0.7486213235294118,1081.0,0.4963235294117647,1084.0,0.4977022058823529,0.4963235294117647,WACC_0p7_WRT_0p3,0.6045036764705881,1692,False,,,False,False,False,False,False,142.0,0.6
SPLL,RialtoBridgeTimelapse,1239,0.49,138,0.5000000000000001,0.6209433717076739,0,31,496,1405,9,0.782,0.25980498245106354,0.25256936485434556,0.17712355043664987,0.20339393901467853,0.3745369557631066,0.4410201608301584,-2.8192817631169373,2.486580303846317,-2.921841313157002,-2.3302840836398757,-3.215787996382892,1.7111958757000287,0.25256936485434556,0.42894483027496316,0.1763754654206176,0.17712355043664987,0.4606947669204752,0.28357121648382533,0.20339393901467853,0.5533013188626223,0.34990737984794384,0.3745369557631066,0.3982517087992343,0.023714753036127745,0.4410201608301584,0.46357040490481866,0.022550244074660275,1124.0,0.5160845588235294,1170.0,0.5372242647058824,1155.0,0.5303308823529411,1082.0,0.4967830882352941,1152.0,0.5289522058823529,0.4967830882352941,WACC_0p7_WRT_0p3,0.5218749999999999,1693,False,,,False,False,False,False,False,31.0,0.1276595744680851
SPLL,RialtoBridgeTimelapse,471,0.49,700,0.5000000000000001,0.2381572520686975,0,206,4287,4162,1,0.001,0.5166415669709199,0.6466652735299923,0.591411205044976,0.4270055644557782,0.24701447512867214,0.4088167160326785,-2.8192817631169373,2.486580303846317,-2.921841313157002,-2.3302840836398757,-3.215787996382892,1.7111958757000287,0.6466652735299923,0.42703573734673833,0.21962953618325393,0.591411205044976,0.4707047606192339,0.12070644442574213,0.4270055644557782,0.6029482522837709,0.17594268782799272,0.24701447512867214,0.4559878751040384,0.20897339997536624,0.4088167160326785,0.5246501861326889,0.11583347010001038,1082.0,0.4967830882352941,1365.0,0.6268382352941176,1940.0,0.8910845588235294,1679.0,0.7711397058823529,1639.0,0.7527573529411765,0.4967830882352941,WACC_0p1_WRT_0p9,0.7077205882352942,1694,False,,,False,False,False,False,False,206.0,0.8723404255319149
SPLL,RialtoBridgeTimelapse,2077,0.54,295,0.6250000000000002,0.442119877397937,0,140,4218,2550,1,0.268,0.33477500094724594,0.44957894118442154,0.41228294612099803,0.2798140303240401,0.17432914949315384,0.2930090093155827,-2.8192817631169373,2.486580303846317,-2.921841313157002,-2.3302840836398757,-3.215787996382892,1.7111958757000287,0.44957894118442154,0.43409345640091307,0.015485484783508474,0.41228294612099803,0.45589437079588513,0.0436114246748871,0.2798140303240401,0.5707664286664529,0.29095239834241277,0.17432914949315384,0.3994431879305097,0.22511403843735586,0.2930090093155827,0.45554275823820395,0.16253374892262124,1243.0,0.5707720588235294,1084.0,0.4977022058823529,1380.0,0.6337316176470589,1089.0,0.5,1094.0,0.5022977941176471,0.4977022058823529,WACC_0p3_WRT_0p7,0.5409007352941176,1695,False,,,False,False,False,False,False,140.0,0.5914893617021276
SPLL,RialtoBridgeTimelapse,688,0.47,377,0.45,0.3842691107242263,0,165,4351,4837,3,0.239,0.3064636036709873,0.48267572267330416,0.4096477343277569,0.2011060857146684,0.3456614433958583,0.4662812347446184,-2.8192817631169373,2.486580303846317,-2.921841313157002,-2.3302840836398757,-3.215787996382892,1.7111958757000287,0.48267572267330416,0.4273213047093475,0.05535441796395668,0.4096477343277569,0.4986899000910365,0.08904216576327956,0.2011060857146684,0.6128361203214516,0.41173003460678326,0.3456614433958583,0.47277080589562215,0.12710936249976384,0.4662812347446184,0.5478761720247534,0.08159493728013495,1086.0,0.49862132352941174,1975.0,0.9071691176470589,2067.0,0.9494485294117647,1849.0,0.8492647058823529,1815.0,0.8336397058823529,0.49862132352941174,WACC_0p1_WRT_0p9,0.8076286764705882,1696,False,,,False,False,False,False,False,165.0,0.6978723404255319
SPLL,RialtoBridgeTimelapse,1300,0.33,603,0.1000000000000001,0.2733912153588194,0,209,138,4889,7,0.338,0.5563209298497381,0.5628006258143989,0.41490433969938023,0.4025466885712384,0.7038477645365797,0.8310496281672929,-2.8192817631169373,2.486580303846317,-2.921841313157002,-2.3302840836398757,-3.215787996382892,1.7111958757000287,0.5628006258143989,0.4274364977695991,0.13536412804479986,0.41490433969938023,0.4822157923700925,0.06731145267071226,0.4025466885712384,0.5950334290724779,0.19248674050123954,0.7038477645365797,0.5349396396977074,0.1689081248388723,0.8310496281672929,0.6190953959571412,0.21195423221015164,1087.0,0.4990808823529412,1613.0,0.7408088235294118,1794.0,0.8239889705882353,2143.0,0.984375,2157.0,0.9908088235294118,0.4990808823529412,WACC_0p1_WRT_0p9,0.8078125,1697,False,,,False,False,False,False,False,209.0,0.8851063829787233
SPLL,RialtoBridgeTimelapse,959,0.51,453,0.5500000000000002,0.3409278902053145,0,178,1206,2620,3,0.357,0.41709429082351773,0.5446874724719113,0.49569872101563783,0.3412764625584493,0.22412633661457293,0.3631254223674128,-2.8192817631169373,2.486580303846317,-2.921841313157002,-2.3302840836398757,-3.215787996382892,1.7111958757000287,0.5446874724719113,0.4333518603926067,0.11133561207930459,0.49569872101563783,0.4562725536909676,0.03942616732467025,0.3412764625584493,0.5838251471574993,0.24254868459905005,0.22412633661457293,0.42405357721930614,0.19992724060473321,0.3631254223674128,0.4982706674579318,0.135145245090519,1230.0,0.5647977941176471,1088.0,0.49954044117647056,1580.0,0.7256433823529411,1359.0,0.6240808823529411,1419.0,0.6516544117647058,0.49954044117647056,WACC_0p3_WRT_0p7,0.6131433823529411,1698,False,,,False,False,False,False,False,178.0,0.7531914893617021
SPLL,RialtoBridgeTimelapse,712,0.55,250,0.6500000000000002,0.4811326094245646,0,116,3614,2052,8,0.709,0.30066094721560227,0.41211455680823883,0.3784863862653146,0.25263766002811106,0.15927615511542303,0.2698000132313127,-2.8192817631169373,2.486580303846317,-2.921841313157002,-2.3302840836398757,-3.215787996382892,1.7111958757000287,0.41211455680823883,0.4440808160408929,0.03196625923265406,0.3784863862653146,0.48533236496331605,0.10684597869800144,0.25263766002811106,0.5759533935511008,0.3233157335229897,0.15927615511542303,0.399240995062987,0.23996483994756396,0.2698000132313127,0.46356613342849223,0.19376612019717954,1457.0,0.6691176470588235,1697.0,0.7794117647058824,1466.0,0.6732536764705882,1088.0,0.49954044117647056,1151.0,0.5284926470588235,0.49954044117647056,WACC_0p7_WRT_0p3,0.6299632352941176,1699,False,,,False,False,False,False,False,116.0,0.48936170212765956
SPLL,RialtoBridgeTimelapse,994,0.49,552,0.5000000000000001,0.2942609476858634,0,191,4549,3967,6,0.634,0.44583482095589666,0.5855642965038573,0.5278591201833475,0.3560242054715733,0.26348100575006644,0.4106150012928656,-2.8192817631169373,2.486580303846317,-2.921841313157002,-2.3302840836398757,-3.215787996382892,1.7111958757000287,0.5855642965038573,0.4274529068622139,0.15811138964164345,0.5278591201833475,0.48986246944083556,0.037996650742511906,0.3560242054715733,0.6053384245746759,0.24931421910310259,0.26348100575006644,0.44772888781672093,0.1842478820666545,0.4106150012928656,0.5095712580018539,0.09895625670898828,1088.0,0.49954044117647056,1804.0,0.8285845588235294,1968.0,0.9039522058823529,1615.0,0.7417279411764706,1515.0,0.6957720588235294,0.49954044117647056,WACC_0p1_WRT_0p9,0.7339154411764706,1700,False,,,False,False,False,False,False,191.0,0.8085106382978723
SPLL,RialtoBridgeTimelapse,276,0.57,145,0.7,0.6093198138937665,0,32,1647,1858,8,0.836,0.16966501424405844,0.28316851034619434,0.254614538893596,0.13523396215402939,0.14418733912598114,0.22541618616061043,-2.8192817631169373,2.486580303846317,-2.921841313157002,-2.3302840836398757,-3.215787996382892,1.7111958757000287,0.28316851034619434,0.43131547773879647,0.14814696739260214,0.254614538893596,0.47090043830796446,0.2162858994143685,0.13523396215402939,0.5468231403299371,0.4115891781759077,0.14418733912598114,0.41760867087797454,0.2734213317519934,0.22541618616061043,0.474779215177239,0.24936302901662855,1180.0,0.5418198529411765,1370.0,0.6291360294117647,1089.0,0.5,1288.0,0.5914522058823529,1231.0,0.5652573529411765,0.5,WACC_0p5_WRT_0p5,0.5655330882352941,1701,False,,,False,False,False,False,False,32.0,0.13191489361702127
SPLL,RialtoBridgeTimelapse,1246,0.44,467,0.3750000000000001,0.3337428526619463,0,186,3065,3883,9,0.688,0.3272893293745526,0.5255003509454883,0.43817940385328435,0.20024051307642532,0.4119945040527031,0.5403004749180371,-2.8192817631169373,2.486580303846317,-2.921841313157002,-2.3302840836398757,-3.215787996382892,1.7111958757000287,0.5255003509454883,0.42749933568149817,0.09800101526399013,0.43817940385328435,0.49180173796560667,0.05362233411232231,0.20024051307642532,0.5878511895501229,0.3876106764736976,0.4119945040527031,0.47591938733588807,0.06392488328318496,0.5403004749180371,0.5551388790251792,0.0148384041071421,1089.0,0.5,1845.0,0.8474264705882353,1646.0,0.7559742647058824,1874.0,0.8607536764705882,1877.0,0.8621323529411765,0.5,WACC_0p1_WRT_0p9,0.7652573529411766,1702,False,,,False,False,False,False,False,186.0,0.7872340425531915
SPLL,RialtoBridgeTimelapse,2012,0.55,268,0.6500000000000002,0.4647478051280819,0,125,3450,2027,3,0.521,0.3214178754417601,0.430046234672454,0.39712453039085877,0.2734282912469113,0.1545062450323543,0.2693327964977867,-2.8192817631169373,2.486580303846317,-2.921841313157002,-2.3302840836398757,-3.215787996382892,1.7111958757000287,0.430046234672454,0.4365148252075477,0.006468590535093688,0.39712453039085877,0.46389392035674015,0.06676938996588139,0.2734282912469113,0.5663148720458258,0.29288658079891444,0.1545062450323543,0.3997793170142489,0.2452730719818946,0.2693327964977867,0.4580975355237063,0.18876473902591961,1290.0,0.5923713235294118,1229.0,0.5643382352941176,1309.0,0.6011029411764706,1090.0,0.5004595588235294,1114.0,0.5114889705882353,0.5004595588235294,WACC_0p7_WRT_0p3,0.5539522058823529,1703,False,,,False,False,False,False,False,125.0,0.5276595744680851
SPLL,RialtoBridgeTimelapse,2013,0.55,266,0.6500000000000002,0.4665132971833082,0,124,4777,2864,6,0.366,0.31917682914474343,0.4281091277459889,0.395111808744914,0.2711845615905654,0.1550181063617484,0.26937996428126026,-2.8192817631169373,2.486580303846317,-2.921841313157002,-2.3302840836398757,-3.215787996382892,1.7111958757000287,0.4281091277459889,0.455273228026372,0.027164100280383074,0.395111808744914,0.4881477466658522,0.09303593792093823,0.2711845615905654,0.6013318203432755,0.33014725875271006,0.1550181063617484,0.3998813401519582,0.2448632337902098,0.26937996428126026,0.4581396957685172,0.18875973148725694,1672.0,0.7679227941176471,1764.0,0.8102022058823529,1921.0,0.8823529411764706,1091.0,0.5009191176470589,1115.0,0.5119485294117647,0.5009191176470589,WACC_0p7_WRT_0p3,0.6946691176470589,1704,False,,,False,False,False,False,False,124.0,0.5234042553191489
SPLL,RialtoBridgeTimelapse,1793,0.39,674,0.2500000000000001,0.2470986444572581,0,213,671,3929,10,0.45,0.3653822574892506,0.5999440940274343,0.48882820638105823,0.20205861272068962,0.5221916449739821,0.6640291303633015,-2.8192817631169373,2.486580303846317,-2.921841313157002,-2.3302840836398757,-3.215787996382892,1.7111958757000287,0.5999440940274343,0.42751361637295066,0.17243047765448366,0.48882820638105823,0.4799790080886599,0.00884919829239833,0.20205861272068962,0.5994338270260073,0.39737521430531775,0.5221916449739821,0.5143804025357404,0.007811242438241717,0.6640291303633015,0.5767819620471134,0.08724716831618806,1091.0,0.5009191176470589,1566.0,0.7192095588235294,1889.0,0.8676470588235294,2096.0,0.9627757352941176,2026.0,0.9306066176470589,0.5009191176470589,WACC_0p1_WRT_0p9,0.7962316176470589,1705,False,,,False,False,False,False,False,213.0,0.902127659574468
SPLL,RialtoBridgeTimelapse,724,0.57,533,0.7,0.3025321156110226,0,186,4536,2346,9,0.391,0.5672018321590205,0.6283588674640017,0.6122702753984065,0.5318741514641196,0.0578822006949922,0.22175541275350674,-2.8192817631169373,2.486580303846317,-2.921841313157002,-2.3302840836398757,-3.215787996382892,1.7111958757000287,0.6283588674640017,0.47481766390759694,0.15354120355640477,0.6122702753984065,0.4915208184941895,0.12074945690421701,0.5318741514641196,0.5961571952268995,0.06428304376277982,0.0578822006949922,0.41245938093201556,0.35457718023702334,0.22175541275350674,0.45550561194781325,0.2337501991943065,1935.0,0.8887867647058824,1837.0,0.84375,1816.0,0.8340992647058824,1223.0,0.5615808823529411,1093.0,0.5018382352941176,0.5018382352941176,WACC_0p9_WRT_0p1,0.7260110294117647,1706,False,,,False,False,False,False,False,186.0,0.7872340425531915
SPLL,RialtoBridgeTimelapse,1847,0.54,344,0.6250000000000002,0.4058801697451448,0,153,4828,2581,3,0.54,0.38081450003519446,0.4893831980406246,0.45363528926682345,0.3259009459890533,0.16383883559286308,0.29206643997756393,-2.8192817631169373,2.486580303846317,-2.921841313157002,-2.3302840836398757,-3.215787996382892,1.7111958757000287,0.4893831980406246,0.43977515932725814,0.04960803871336644,0.45363528926682345,0.46911946908875385,0.0154841798219304,0.3259009459890533,0.5779833549321771,0.25208240894312384,0.16383883559286308,0.4064024355425221,0.242563599949659,0.29206643997756393,0.45582187842220767,0.16375543844464374,1366.0,0.6272977941176471,1336.0,0.6135110294117647,1491.0,0.6847426470588235,1165.0,0.5349264705882353,1096.0,0.5032169117647058,0.5032169117647058,WACC_0p9_WRT_0p1,0.5927389705882351,1707,False,,,False,False,False,False,False,153.0,0.6468085106382979
SPLL,RialtoBridgeTimelapse,718,0.37,1114,0.2,0.1283624449147771,0,227,468,4437,10,0.234,0.4814984075346939,0.7149916633182413,0.5989258141972796,0.30547169046097344,0.5377099795414605,0.7056164113392,-2.8192817631169373,2.486580303846317,-2.921841313157002,-2.3302840836398757,-3.215787996382892,1.7111958757000287,0.7149916633182413,0.4277784503938028,0.28721321292443847,0.5989258141972796,0.49473667383905223,0.1041891403582274,0.30547169046097344,0.6116291428299441,0.30615745236897063,0.5377099795414605,0.5180796862348486,0.019630293306611923,0.7056164113392,0.6086550637244948,0.0969613476147051,1096.0,0.5032169117647058,1906.0,0.8754595588235294,2054.0,0.9434742647058824,2108.0,0.9682904411764706,2139.0,0.9825367647058824,0.5032169117647058,WACC_0p1_WRT_0p9,0.8545955882352942,1708,False,,,False,False,False,False,False,227.0,0.9617021276595744
SPLL,RialtoBridgeTimelapse,1750,0.56,108,0.6750000000000003,0.6784608776804066,0,10,893,1305,6,0.417,0.07793830780279952,0.20844848134645289,0.17074664030629974,0.03606446768715866,0.1942387356807181,0.2565332037353446,-2.8192817631169373,2.486580303846317,-2.921841313157002,-2.3302840836398757,-3.215787996382892,1.7111958757000287,0.20844848134645289,0.4519690286945138,0.2435205473480609,0.17074664030629974,0.46051780380903873,0.289771163502739,0.03606446768715866,0.5478334890173979,0.5117690213302393,0.1942387356807181,0.4036934928385057,0.2094547571577876,0.2565332037353446,0.4576777522647211,0.20114454852937652,1609.0,0.7389705882352942,1166.0,0.5353860294117647,1097.0,0.5036764705882353,1140.0,0.5234375,1111.0,0.5101102941176471,0.5036764705882353,WACC_0p5_WRT_0p5,0.5623161764705883,1709,False,,,False,False,False,False,False,10.0,0.03829787234042553
SPLL,RialtoBridgeTimelapse,2141,0.54,169,0.6250000000000002,0.5733150599175052,0,56,1362,2083,3,0.258,0.1719765169021659,0.3099102660164907,0.2664867489319608,0.11590165222566759,0.21452108287174773,0.29958627895266543,-2.8192817631169373,2.486580303846317,-2.921841313157002,-2.3302840836398757,-3.215787996382892,1.7111958757000287,0.3099102660164907,0.439082931392587,0.12917266537609629,0.2664867489319608,0.4665970816016944,0.2001103326697336,0.11590165222566759,0.5731611342631744,0.45725948203750677,0.21452108287174773,0.40039183748722573,0.185870754615478,0.29958627895266543,0.48426148163278393,0.1846752026801185,1349.0,0.6194852941176471,1278.0,0.5868566176470589,1427.0,0.6553308823529411,1097.0,0.5036764705882353,1307.0,0.6001838235294118,0.5036764705882353,WACC_0p7_WRT_0p3,0.5931066176470587,1710,False,,,False,False,False,False,False,56.0,0.23404255319148937
SPLL,RialtoBridgeTimelapse,1399,0.43,87,0.3500000000000001,0.7290905112468236,0,9,426,1762,5,0.406,0.5253942160072922,0.1542390291848053,0.04495541754737329,0.49806649916049156,0.6136893589124691,0.6494818558483749,-2.8192817631169373,2.486580303846317,-2.921841313157002,-2.3302840836398757,-3.215787996382892,1.7111958757000287,0.1542390291848053,0.4320942348427064,0.2778552056579011,0.04495541754737329,0.45666197297310834,0.41170655542573503,0.49806649916049156,0.5703755716433233,0.07230907248283175,0.6136893589124691,0.42893542373646615,0.18475393517600297,0.6494818558483749,0.5278733783126491,0.12160847753572579,1193.0,0.5477941176470589,1097.0,0.5036764705882353,1369.0,0.6286764705882353,1408.0,0.6465992647058824,1672.0,0.7679227941176471,0.5036764705882353,WACC_0p3_WRT_0p7,0.6189338235294117,1711,False,,,False,False,False,False,False,9.0,0.03404255319148936
SPLL,RialtoBridgeTimelapse,1671,0.47,773,0.45,0.2147212055519253,0,212,4611,4601,8,0.605,0.5159199530337454,0.662081349899898,0.597113381030275,0.41225096407510886,0.2931144945988108,0.45694326747313285,-2.8192817631169373,2.486580303846317,-2.921841313157002,-2.3302840836398757,-3.215787996382892,1.7111958757000287,0.662081349899898,0.4278564537184934,0.23422489618140457,0.597113381030275,0.5060630835062325,0.09105029752404248,0.41225096407510886,0.615185410958683,0.2029344468835741,0.2931144945988108,0.46547361230107753,0.17235911770226675,0.45694326747313285,0.5452996676108293,0.08835640013769641,1097.0,0.5036764705882353,2076.0,0.9535845588235294,2089.0,0.9595588235294118,1775.0,0.8152573529411765,1787.0,0.8207720588235294,0.5036764705882353,WACC_0p1_WRT_0p9,0.8105698529411764,1712,False,,,False,False,False,False,False,212.0,0.8978723404255319
SPLL,RialtoBridgeTimelapse,1711,0.55,385,0.6500000000000002,0.3793144827760286,0,164,4027,2510,6,0.791,0.43104366921174336,0.5250695855317227,0.49568639902457023,0.3829531400782222,0.13022755134000147,0.2678216390592046,-2.8192817631169373,2.486580303846317,-2.921841313157002,-2.3302840836398757,-3.215787996382892,1.7111958757000287,0.5250695855317227,0.4283768204248021,0.0966927651069206,0.49568639902457023,0.46756583359591064,0.028120565428659594,0.3829531400782222,0.5518261632835951,0.16887302320537295,0.13022755134000147,0.4046490833762094,0.27442153203620795,0.2678216390592046,0.45639488364213415,0.18857324458292957,1109.0,0.5091911764705882,1301.0,0.5974264705882353,1145.0,0.5257352941176471,1150.0,0.5280330882352942,1099.0,0.5045955882352942,0.5045955882352942,WACC_0p9_WRT_0p1,0.5329963235294117,1713,False,,,False,False,False,False,False,164.0,0.6936170212765957
SPLL,RialtoBridgeTimelapse,437,0.34,624,0.1250000000000001,0.2653056902542861,0,209,2147,3960,5,0.307,0.5211326758306106,0.5720487114666667,0.43064083396219066,0.36467355941142104,0.6716014099712159,0.8020147393487239,-2.8192817631169373,2.486580303846317,-2.921841313157002,-2.3302840836398757,-3.215787996382892,1.7111958757000287,0.5720487114666667,0.4280125297348679,0.14403618173179877,0.43064083396219066,0.5017363963426104,0.0710955623804197,0.36467355941142104,0.6166848890542925,0.2520113296428715,0.6716014099712159,0.469182846660986,0.2024185633102299,0.8020147393487239,0.5564677877297619,0.245546951618962,1099.0,0.5045955882352942,2030.0,0.9324448529411765,2099.0,0.9641544117647058,1820.0,0.8359375,1892.0,0.8690257352941176,0.5045955882352942,WACC_0p1_WRT_0p9,0.8212316176470589,1714,False,,,False,False,False,False,False,209.0,0.8851063829787233
SPLL,RialtoBridgeTimelapse,1133,0.51,160,0.5500000000000002,0.5861833286749027,0,48,2796,2044,3,0.565,0.17926785927826389,0.28918435172916346,0.2278814356894771,0.11193642120644015,0.3030249316286377,0.3803519502647026,-2.8192817631169373,2.486580303846317,-2.921841313157002,-2.3302840836398757,-3.215787996382892,1.7111958757000287,0.28918435172916346,0.4280601555794834,0.13887580385031995,0.2278814356894771,0.46356336166269635,0.23568192597321924,0.11193642120644015,0.5566293636384918,0.44469294243205165,0.3030249316286377,0.409809913174734,0.10678498154609628,0.3803519502647026,0.481434828551129,0.10108287828642643,1100.0,0.5050551470588235,1217.0,0.5588235294117647,1188.0,0.5454963235294118,1193.0,0.5477941176470589,1288.0,0.5914522058823529,0.5050551470588235,WACC_0p1_WRT_0p9,0.5497242647058823,1715,False,,,False,False,False,False,False,48.0,0.2
SPLL,RialtoBridgeTimelapse,2132,0.53,158,0.6000000000000002,0.5891405526489926,0,46,3098,1965,2,0.182,0.13954197289566744,0.29082028778360314,0.24089838316727025,0.07560233117720778,0.24754802697544648,0.3271014190416769,-2.8192817631169373,2.486580303846317,-2.921841313157002,-2.3302840836398757,-3.215787996382892,1.7111958757000287,0.29082028778360314,0.4280833342774484,0.13726304649384524,0.24089838316727025,0.4635108375909431,0.22261245442367283,0.07560233117720778,0.5716439083276506,0.4960415771504428,0.24754802697544648,0.40359743962037453,0.15604941264492805,0.3271014190416769,0.4716673606821962,0.14456594164051934,1102.0,0.5059742647058824,1216.0,0.5583639705882353,1397.0,0.6415441176470589,1138.0,0.5225183823529411,1208.0,0.5546875,0.5059742647058824,WACC_0p1_WRT_0p9,0.5566176470588236,1716,False,,,False,False,False,False,False,46.0,0.19148936170212766
SPLL,RialtoBridgeTimelapse,1451,0.56,96,0.6750000000000003,0.7060542342204019,0,8,1513,1905,6,0.459,0.09255539961919751,0.18107666440489656,0.14175710415054366,0.05907045172219764,0.20414298938509765,0.2597822112339616,-2.8192817631169373,2.486580303846317,-2.921841313157002,-2.3302840836398757,-3.215787996382892,1.7111958757000287,0.18107666440489656,0.4544895331221565,0.27341286871725995,0.14175710415054366,0.46740499018794734,0.3256478860374037,0.05907045172219764,0.5728743944008613,0.5138039426786637,0.20414298938509765,0.40107599189952026,0.1969330025144226,0.2597822112339616,0.4745868161252917,0.21480460489133008,1657.0,0.7610294117647058,1297.0,0.5955882352941176,1417.0,0.6507352941176471,1103.0,0.5064338235294118,1230.0,0.5647977941176471,0.5064338235294118,WACC_0p7_WRT_0p3,0.6157169117647059,1717,False,,,False,False,False,False,False,8.0,0.029787234042553193
SPLL,RialtoBridgeTimelapse,1336,0.37,312,0.2,0.4289086545798216,0,150,2232,3186,3,0.304,0.5218432367293109,0.4204535614066161,0.28584828571557386,0.41224138561277357,0.6497906218724613,0.7458989884106503,-2.8192817631169373,2.486580303846317,-2.921841313157002,-2.3302840836398757,-3.215787996382892,1.7111958757000287,0.4204535614066161,0.42809141048429694,0.007637849077680836,0.28584828571557386,0.48307916767621273,0.19723088196063887,0.41224138561277357,0.5932708797930489,0.18102949418027536,0.6497906218724613,0.4443070881392526,0.20548353373320866,0.7458989884106503,0.5365046202600504,0.20939436815059986,1103.0,0.5064338235294118,1639.0,0.7527573529411765,1753.0,0.8051470588235294,1575.0,0.7233455882352942,1736.0,0.7973345588235294,0.5064338235294118,WACC_0p1_WRT_0p9,0.7170036764705883,1718,False,,,False,False,False,False,False,150.0,0.6340425531914894
SPLL,RialtoBridgeTimelapse,1802,0.56,226,0.6750000000000003,0.5049090717776001,0,101,1805,2038,9,0.812,0.2858391018795397,0.39131409730911854,0.36201181408375827,0.24478692063629934,0.13978297377488977,0.24614957715435049,-2.8192817631169373,2.486580303846317,-2.921841313157002,-2.3302840836398757,-3.215787996382892,1.7111958757000287,0.39131409730911854,0.42817322813078257,0.03685913082166403,0.36201181408375827,0.47977168571779627,0.117759871634038,0.24478692063629934,0.562504915437176,0.3177179948008766,0.13978297377488977,0.41632338962180393,0.27654041584691413,0.24614957715435049,0.48470411980319456,0.23855454264884407,1104.0,0.5068933823529411,1561.0,0.7169117647058824,1260.0,0.5785845588235294,1272.0,0.5840992647058824,1312.0,0.6024816176470589,0.5068933823529411,WACC_0p1_WRT_0p9,0.5977941176470588,1719,False,,,False,False,False,False,False,101.0,0.425531914893617
SPLL,RialtoBridgeTimelapse,1436,0.44,1082,0.3750000000000001,0.1352513709645286,0,224,1234,4928,4,0.199,0.5710600872247701,0.7337985511863716,0.6561593528750959,0.4464127414096927,0.34941068120214597,0.5279367249523377,-2.8192817631169373,2.486580303846317,-2.921841313157002,-2.3302840836398757,-3.215787996382892,1.7111958757000287,0.7337985511863716,0.42819923796113263,0.305599313225239,0.6561593528750959,0.49951035369614727,0.1566489991789486,0.4464127414096927,0.614614723165504,0.1682019817558113,0.34941068120214597,0.47785467543554405,0.12844399423339808,0.5279367249523377,0.5803530885613291,0.05241636360899138,1105.0,0.5073529411764706,1993.0,0.9154411764705882,2083.0,0.9568014705882353,1890.0,0.8681066176470589,2041.0,0.9375,0.5073529411764706,WACC_0p1_WRT_0p9,0.8370404411764707,1720,False,,,False,False,False,False,False,224.0,0.948936170212766
SPLL,RialtoBridgeTimelapse,1916,0.34,502,0.1250000000000001,0.3166806320004798,0,192,2124,3322,2,0.191,0.5500010603959825,0.5228398552750819,0.37801493163534783,0.4086106371201837,0.6918815405007918,0.8102476783087285,-2.8192817631169373,2.486580303846317,-2.921841313157002,-2.3302840836398757,-3.215787996382892,1.7111958757000287,0.5228398552750819,0.42820306730242036,0.09463678797266156,0.37801493163534783,0.47222312880463696,0.09420819716928913,0.4086106371201837,0.5858460673803566,0.1772354302601729,0.6918815405007918,0.4663411429295356,0.22554039757125616,0.8102476783087285,0.5479441375165163,0.2623035407922122,1106.0,0.5078125,1391.0,0.6387867647058824,1619.0,0.7435661764705882,1789.0,0.8216911764705882,1817.0,0.8345588235294118,0.5078125,WACC_0p1_WRT_0p9,0.7092830882352941,1721,False,,,False,False,False,False,False,192.0,0.8127659574468085
SPLL,RialtoBridgeTimelapse,85,0.57,348,0.7,0.4031530520830559,0,153,3982,2341,10,0.646,0.43375110144629325,0.5119024487897234,0.49197851879816534,0.3992301368912136,0.08519879520802842,0.22125035976544008,-2.8192817631169373,2.486580303846317,-2.921841313157002,-2.3302840836398757,-3.215787996382892,1.7111958757000287,0.5119024487897234,0.4623349131897052,0.04956753560001814,0.49197851879816534,0.48690201856112775,0.0050765002370375956,0.3992301368912136,0.5888093155883574,0.18957917869714375,0.08519879520802842,0.40770903873227166,0.32251024352424323,0.22125035976544008,0.4576680903551196,0.2364177305896795,1775.0,0.8152573529411765,1734.0,0.7964154411764706,1670.0,0.7670036764705882,1174.0,0.5390625,1110.0,0.5096507352941176,0.5096507352941176,WACC_0p9_WRT_0p1,0.6854779411764707,1722,False,,,False,False,False,False,False,153.0,0.6468085106382979
SPLL,RialtoBridgeTimelapse,1320,0.36,332,0.175,0.4142553748827543,0,159,2181,3077,7,0.395,0.5444964215814744,0.43319913556084455,0.2935604935834843,0.43084275024525853,0.6733239891846324,0.7715936256022089,-2.8192817631169373,2.486580303846317,-2.921841313157002,-2.3302840836398757,-3.215787996382892,1.7111958757000287,0.43319913556084455,0.42839622334466954,0.004802912216175015,0.2935604935834843,0.48527662880370714,0.19171613522022285,0.43084275024525853,0.5855108992473339,0.15466814900207537,0.6733239891846324,0.46512779236475976,0.20819619681987267,0.7715936256022089,0.5455077796250858,0.2260858459771231,1110.0,0.5096507352941176,1695.0,0.7784926470588235,1610.0,0.7394301470588235,1770.0,0.8129595588235294,1790.0,0.8221507352941176,0.5096507352941176,WACC_0p1_WRT_0p9,0.7325367647058824,1723,False,,,False,False,False,False,False,159.0,0.6723404255319149
SPLL,RialtoBridgeTimelapse,1245,0.5,155,0.5250000000000001,0.5936468762779661,0,44,2917,2089,5,0.492,0.21365138590348495,0.2800671619433513,0.2124279130695251,0.14896833706708779,0.3345218803653881,0.4086926495969774,-2.8192817631169373,2.486580303846317,-2.921841313157002,-2.3302840836398757,-3.215787996382892,1.7111958757000287,0.2800671619433513,0.4441952653856569,0.1641281034423056,0.2124279130695251,0.48278040302891395,0.2703524899593889,0.14896833706708779,0.5923729854065874,0.44340464833949966,0.3345218803653881,0.40207898042968293,0.06755710006429483,0.4086926495969774,0.47758502891682286,0.06889237931984549,1461.0,0.6709558823529411,1630.0,0.7486213235294118,1734.0,0.7964154411764706,1112.0,0.5105698529411765,1252.0,0.5749080882352942,0.5105698529411765,WACC_0p7_WRT_0p3,0.6602941176470589,1724,False,,,False,False,False,False,False,44.0,0.1829787234042553
SPLL,RialtoBridgeTimelapse,1476,0.38,401,0.2250000000000001,0.3697060621939086,0,174,487,3471,3,0.251,0.4566894372183095,0.4775742652147386,0.35315114802712827,0.3297524942700397,0.5960176900317564,0.7071174549450373,-2.8192817631169373,2.486580303846317,-2.921841313157002,-2.3302840836398757,-3.215787996382892,1.7111958757000287,0.4775742652147386,0.42845529172938823,0.04911897348535038,0.35315114802712827,0.47717825552807114,0.12402710750094287,0.3297524942700397,0.5973540273756048,0.2676015331055651,0.5960176900317564,0.4596626871030708,0.13635500292868563,0.7071174549450373,0.5645981070845023,0.142519347860535,1112.0,0.5105698529411765,1508.0,0.6925551470588235,1848.0,0.8488051470588235,1717.0,0.7886029411764706,1962.0,0.9011948529411765,0.5105698529411765,WACC_0p1_WRT_0p9,0.7483455882352941,1725,False,,,False,False,False,False,False,174.0,0.7361702127659574
SPLL,RialtoBridgeTimelapse,1566,0.48,579,0.475,0.2829834010495349,0,195,4968,4943,4,0.33,0.4451899938054188,0.5930997162653083,0.5304839792329008,0.3482987857785794,0.2868046071477452,0.4349028635556007,-2.8192817631169373,2.486580303846317,-2.921841313157002,-2.3302840836398757,-3.215787996382892,1.7111958757000287,0.5930997162653083,0.4285148006815697,0.1645849155837386,0.5304839792329008,0.48987726119951597,0.04060671803338484,0.3482987857785794,0.5956132777657919,0.24731449198721245,0.2868046071477452,0.4673270579272166,0.18052245077947143,0.4349028635556007,0.5417246126619532,0.10682174910635245,1114.0,0.5114889705882353,1805.0,0.8290441176470589,1804.0,0.8285845588235294,1804.0,0.8285845588235294,1769.0,0.8125,0.5114889705882353,WACC_0p1_WRT_0p9,0.7620404411764705,1726,False,,,False,False,False,False,False,195.0,0.825531914893617
SPLL,RialtoBridgeTimelapse,878,0.36,141,0.175,0.6158917597569257,0,34,48,1971,6,0.352,0.6755850894613371,0.2524416481103565,0.09533131539598079,0.6171590540979158,0.7717481916171344,0.8249679518906682,-2.8192817631169373,2.486580303846317,-2.921841313157002,-2.3302840836398757,-3.215787996382892,1.7111958757000287,0.2524416481103565,0.4285890587696217,0.1761474106592652,0.09533131539598079,0.4634184571310258,0.36808714173504503,0.6171590540979158,0.5643882793213192,0.05277077477659664,0.7717481916171344,0.4792168518998028,0.2925313397173316,0.8249679518906682,0.5590727078397155,0.26589524405095266,1115.0,0.5119485294117647,1212.0,0.5565257352941176,1280.0,0.5877757352941176,1905.0,0.875,1913.0,0.8786764705882353,0.5119485294117647,WACC_0p1_WRT_0p9,0.6819852941176471,1727,False,,,False,False,False,False,False,34.0,0.14042553191489363
SPLL,RialtoBridgeTimelapse,873,0.53,278,0.6000000000000002,0.4561127284060119,0,133,4368,2740,6,0.455,0.3022760608834768,0.42963642046102646,0.38632125524418215,0.2401473710147463,0.2050886785552078,0.3181352667842164,-2.8192817631169373,2.486580303846317,-2.921841313157002,-2.3302840836398757,-3.215787996382892,1.7111958757000287,0.42963642046102646,0.4590537112794094,0.029417290818382957,0.38632125524418215,0.4837446116130791,0.09742335636889693,0.2401473710147463,0.6011103533246313,0.36096298230988494,0.2050886785552078,0.4023770601959826,0.19728838164077483,0.3181352667842164,0.4583264075218588,0.14019114073764244,1727.0,0.7931985294117647,1657.0,0.7610294117647058,1916.0,0.8800551470588235,1116.0,0.5124080882352942,1118.0,0.5133272058823529,0.5124080882352942,WACC_0p7_WRT_0p3,0.6920036764705881,1728,False,,,False,False,False,False,False,133.0,0.5617021276595745
SPLL,RialtoBridgeTimelapse,2174,0.38,350,0.2250000000000001,0.401801192190498,0,164,2465,3069,2,0.135,0.47488691460786525,0.44698193328337876,0.3203852940009219,0.35731669125183296,0.6088648168332493,0.7124670690652223,-2.8192817631169373,2.486580303846317,-2.921841313157002,-2.3302840836398757,-3.215787996382892,1.7111958757000287,0.44698193328337876,0.42878009774176074,0.018201835541618028,0.3203852940009219,0.4676515307273079,0.147266236726386,0.35731669125183296,0.5881483837194031,0.23083169246757018,0.6088648168332493,0.4502449178025203,0.15861989903072904,0.7124670690652223,0.5378431201701785,0.17462394889504373,1117.0,0.5128676470588235,1303.0,0.5983455882352942,1651.0,0.7582720588235294,1628.0,0.7477022058823529,1747.0,0.8023897058823529,0.5128676470588235,WACC_0p1_WRT_0p9,0.6839154411764705,1729,False,,,False,False,False,False,False,164.0,0.6936170212765957
SPLL,RialtoBridgeTimelapse,2104,0.45,1132,0.4000000000000001,0.1245737989324656,0,226,1609,4348,10,0.422,0.5993857877557814,0.750143480307192,0.6783768099097881,0.48189271601031586,0.3196319879215158,0.5029272687859204,-2.8192817631169373,2.486580303846317,-2.921841313157002,-2.3302840836398757,-3.215787996382892,1.7111958757000287,0.750143480307192,0.42879479862041336,0.32134868168677866,0.6783768099097881,0.4953426127389587,0.18303419717082942,0.48189271601031586,0.6060054625170321,0.12411274650671628,0.3196319879215158,0.491695889732547,0.1720639018110312,0.5029272687859204,0.5731861239877638,0.07025885520184338,1118.0,0.5133272058823529,1912.0,0.8782169117647058,1980.0,0.9094669117647058,1986.0,0.9122242647058824,2007.0,0.921875,0.5133272058823529,WACC_0p1_WRT_0p9,0.8270220588235293,1730,False,,,False,False,False,False,False,226.0,0.9574468085106383
SPLL,RialtoBridgeTimelapse,2124,0.4,1141,0.2750000000000001,0.1227019882559159,0,227,2841,4674,4,0.218,0.5293333787474999,0.7307325616705492,0.631749429224018,0.37576528758217026,0.4534518446368555,0.6278030276687552,-2.8192817631169373,2.486580303846317,-2.921841313157002,-2.3302840836398757,-3.215787996382892,1.7111958757000287,0.7307325616705492,0.4288104640267493,0.3019220976437999,0.631749429224018,0.5083878711377859,0.12336155808623206,0.37576528758217026,0.6175444983897462,0.24177921080757597,0.4534518446368555,0.4783685636433153,0.02491671900645981,0.6278030276687552,0.5762202766031604,0.051582751065594734,1119.0,0.5137867647058824,2093.0,0.9613970588235294,2106.0,0.9673713235294118,1898.0,0.8717830882352942,2022.0,0.9287683823529411,0.5137867647058824,WACC_0p1_WRT_0p9,0.8486213235294118,1731,False,,,False,False,False,False,False,227.0,0.9617021276595744
SPLL,RialtoBridgeTimelapse,1458,0.53,358,0.6000000000000002,0.3964697026134964,0,157,3874,2658,4,0.611,0.3772944605770685,0.49430389595775026,0.45362661858430064,0.31541012416517744,0.1874484019152196,0.31602651198505993,-2.8192817631169373,2.486580303846317,-2.921841313157002,-2.3302840836398757,-3.215787996382892,1.7111958757000287,0.49430389595775026,0.439630285844002,0.05467361011374827,0.45362661858430064,0.4839471903692478,0.03032057178494718,0.31541012416517744,0.5829380107747284,0.26752788660955096,0.1874484019152196,0.4025347171888278,0.21508631527360816,0.31602651198505993,0.45985844081547017,0.14383192883041024,1361.0,0.625,1663.0,0.7637867647058824,1560.0,0.7164522058823529,1120.0,0.5142463235294118,1128.0,0.5179227941176471,0.5142463235294118,WACC_0p7_WRT_0p3,0.6274816176470588,1732,False,,,False,False,False,False,False,157.0,0.6638297872340425
SPLL,RialtoBridgeTimelapse,1216,0.57,323,0.7,0.4207372827476988,0,146,4210,2334,7,0.445,0.410679156225969,0.49180621267562236,0.47119648290498806,0.37626476271609993,0.09002919007354696,0.2212758453084886,-2.8192817631169373,2.486580303846317,-2.921841313157002,-2.3302840836398757,-3.215787996382892,1.7111958757000287,0.49180621267562236,0.4653072968272078,0.026498915848414573,0.47119648290498806,0.4859182256416946,0.014721742736706567,0.37626476271609993,0.6103037529311816,0.23403899021508162,0.09002919007354696,0.40847318718563075,0.3184439971120838,0.2212758453084886,0.4587602297953335,0.2374843844868449,1818.0,0.8350183823529411,1715.0,0.7876838235294118,2037.0,0.9356617647058824,1184.0,0.5436580882352942,1120.0,0.5142463235294118,0.5142463235294118,WACC_0p9_WRT_0p1,0.7232536764705881,1733,False,,,False,False,False,False,False,146.0,0.6170212765957447
SPLL,RialtoBridgeTimelapse,687,0.43,191,0.3500000000000001,0.5445246273066155,0,74,263,1335,8,0.641,0.40237769805615264,0.31819649798210736,0.21174023695236566,0.32497564546350494,0.5204848305344398,0.5972710369124226,-2.8192817631169373,2.486580303846317,-2.921841313157002,-2.3302840836398757,-3.215787996382892,1.7111958757000287,0.31819649798210736,0.4288804446682706,0.11068394668616321,0.21174023695236566,0.46116632698532706,0.2494260900329614,0.32497564546350494,0.5619982564196935,0.23702261095618854,0.5204848305344398,0.43235099722954545,0.08813383330489438,0.5972710369124226,0.5113727616175584,0.08589827529486416,1121.0,0.5147058823529411,1177.0,0.5404411764705882,1253.0,0.5753676470588235,1448.0,0.6649816176470589,1533.0,0.7040441176470589,0.5147058823529411,WACC_0p1_WRT_0p9,0.5999080882352941,1734,False,,,False,False,False,False,False,74.0,0.31063829787234043
SPLL,RialtoBridgeTimelapse,1250,0.54,296,0.6250000000000002,0.4413219851156211,0,141,4320,2584,3,0.378,0.33578413886585645,0.45045031199772484,0.41318891211579684,0.2808251673261248,0.17409607087624498,0.29298505848163275,-2.8192817631169373,2.486580303846317,-2.921841313157002,-2.3302840836398757,-3.215787996382892,1.7111958757000287,0.45045031199772484,0.44610019270745976,0.004350119290265075,0.41318891211579684,0.47550731166284926,0.06231839954705243,0.2808251673261248,0.5972595564956088,0.316434389169484,0.17409607087624498,0.4069833349967438,0.2328872641204988,0.29298505848163275,0.458874633950416,0.16588957546878325,1505.0,0.6911764705882353,1472.0,0.6760110294117647,1842.0,0.8460477941176471,1171.0,0.5376838235294118,1121.0,0.5147058823529411,0.5147058823529411,WACC_0p9_WRT_0p1,0.653125,1735,False,,,False,False,False,False,False,141.0,0.5957446808510638
SPLL,RialtoBridgeTimelapse,1967,0.5,178,0.5250000000000001,0.5611107865312432,0,63,935,2058,4,0.03,0.1960251672975219,0.31189122406299896,0.2462568806691858,0.12159182627901377,0.3224032570525325,0.4043319038979456,-2.8192817631169373,2.486580303846317,-2.921841313157002,-2.3302840836398757,-3.215787996382892,1.7111958757000287,0.31189122406299896,0.453434763608019,0.14154353954502003,0.2462568806691858,0.48568009295658954,0.23942321228740374,0.12159182627901377,0.5690049334219887,0.4474131071429749,0.3224032570525325,0.402774049813313,0.08037079276078052,0.4043319038979456,0.4802760910475181,0.07594418714957252,1632.0,0.7495404411764706,1705.0,0.7830882352941176,1354.0,0.6217830882352942,1124.0,0.5160845588235294,1273.0,0.5845588235294118,0.5160845588235294,WACC_0p7_WRT_0p3,0.6510110294117647,1736,False,,,False,False,False,False,False,63.0,0.26382978723404255
SPLL,RialtoBridgeTimelapse,915,0.52,302,0.5750000000000002,0.4365903306405303,0,143,1376,2693,5,0.637,0.3120438562063128,0.4461608446106267,0.39829334650795434,0.24285703030036881,0.22600130851922154,0.34216972430990356,-2.8192817631169373,2.486580303846317,-2.921841313157002,-2.3302840836398757,-3.215787996382892,1.7111958757000287,0.4461608446106267,0.4289732032347194,0.017187641375907337,0.39829334650795434,0.4802406928073562,0.08194734629940187,0.24285703030036881,0.5852166760748303,0.3423596457744615,0.22600130851922154,0.4166894080878357,0.19068809956861418,0.34216972430990356,0.48756407397431767,0.1453943496644141,1125.0,0.5165441176470589,1569.0,0.7205882352941176,1601.0,0.7352941176470589,1277.0,0.5863970588235294,1344.0,0.6171875,0.5165441176470589,WACC_0p1_WRT_0p9,0.635202205882353,1737,False,,,False,False,False,False,False,143.0,0.6042553191489362
SPLL,RialtoBridgeTimelapse,1700,0.54,191,0.6250000000000002,0.5445246273066155,0,73,3250,1835,8,0.83,0.2071310489913427,0.3398835053251364,0.29789592279608895,0.15146001881290258,0.20530750005302204,0.2976060855022773,-2.8192817631169373,2.486580303846317,-2.921841313157002,-2.3302840836398757,-3.215787996382892,1.7111958757000287,0.3398835053251364,0.4391784594074755,0.09929495408233913,0.29789592279608895,0.48332297531177243,0.18542705251568348,0.15146001881290258,0.566944241503866,0.4154842226909634,0.20530750005302204,0.40280333442772376,0.19749583437470172,0.2976060855022773,0.4664714148271438,0.16886532932486653,1353.0,0.6213235294117647,1650.0,0.7578125,1319.0,0.6056985294117647,1126.0,0.5170036764705882,1174.0,0.5390625,0.5170036764705882,WACC_0p7_WRT_0p3,0.6081801470588235,1738,False,,,False,False,False,False,False,73.0,0.30638297872340425
SPLL,RialtoBridgeTimelapse,1948,0.46,273,0.4250000000000001,0.4603908709822045,0,131,2353,1530,9,0.227,0.2628407635564676,0.40316136131768926,0.3202230016168872,0.15986403597787113,0.39977812253432576,0.5002201845949225,-2.8192817631169373,2.486580303846317,-2.921841313157002,-2.3302840836398757,-3.215787996382892,1.7111958757000287,0.40316136131768926,0.4592327849025077,0.056071423584818425,0.3202230016168872,0.4900113180227632,0.169788316405876,0.15986403597787113,0.5870031020271225,0.42713906604925134,0.39977812253432576,0.40283381179679867,0.003055689262472905,0.5002201845949225,0.4757507677018342,0.024469416893088236,1729.0,0.7941176470588235,1809.0,0.8308823529411765,1635.0,0.7509191176470589,1127.0,0.5174632352941176,1238.0,0.5684742647058824,0.5174632352941176,WACC_0p7_WRT_0p3,0.6923713235294118,1739,False,,,False,False,False,False,False,131.0,0.5531914893617021
SPLL,RialtoBridgeTimelapse,1643,0.34,397,0.1250000000000001,0.3720718302833087,0,174,131,2483,10,0.448,0.5821643303428609,0.47068655582039143,0.3219322205209096,0.45673649953029777,0.7148727379268807,0.8204209373296834,-2.8192817631169373,2.486580303846317,-2.921841313157002,-2.3302840836398757,-3.215787996382892,1.7111958757000287,0.47068655582039143,0.4290654347508753,0.041621121069516154,0.3219322205209096,0.47291373743349835,0.15098151691258876,0.45673649953029777,0.5933307905867538,0.13659429105645599,0.7148727379268807,0.48042057213951966,0.234452165787361,0.8204209373296834,0.5612954888761735,0.2591254484535098,1127.0,0.5174632352941176,1406.0,0.6456801470588235,1755.0,0.8060661764705882,1915.0,0.8795955882352942,1932.0,0.8874080882352942,0.5174632352941176,WACC_0p1_WRT_0p9,0.7472426470588236,1740,False,,,False,False,False,False,False,174.0,0.7361702127659574
SPLL,RialtoBridgeTimelapse,1880,0.38,387,0.2250000000000001,0.3780918710758307,0,171,203,2651,8,0.494,0.46140642416592814,0.4695471607441546,0.3445650954163022,0.33692749520715276,0.5993333820106116,0.7084677199075187,-2.8192817631169373,2.486580303846317,-2.921841313157002,-2.3302840836398757,-3.215787996382892,1.7111958757000287,0.4695471607441546,0.42906910447245755,0.04047805627169704,0.3445650954163022,0.4763531220419507,0.13178802662564848,0.33692749520715276,0.5813274979812105,0.24440000277405777,0.5993333820106116,0.49554947913376757,0.10378390287684403,0.7084677199075187,0.5565964920304011,0.1518712278771176,1128.0,0.5179227941176471,1491.0,0.6847426470588235,1538.0,0.7063419117647058,2015.0,0.9255514705882353,1894.0,0.8699448529411765,0.5179227941176471,WACC_0p1_WRT_0p9,0.7409007352941177,1741,False,,,False,False,False,False,False,171.0,0.723404255319149
SPLL,RialtoBridgeTimelapse,1735,0.53,246,0.6000000000000002,0.4849330901506568,0,114,4538,2772,5,0.318,0.2664538185634877,0.3988778716625182,0.3542299889243959,0.20410259649650594,0.2138586444482714,0.3195051487014421,-2.8192817631169373,2.486580303846317,-2.921841313157002,-2.3302840836398757,-3.215787996382892,1.7111958757000287,0.3988778716625182,0.4552245775678865,0.05634670590536828,0.3542299889243959,0.49265787435167435,0.13842788542727846,0.20410259649650594,0.6043192598660158,0.4002166633695098,0.2138586444482714,0.40791211099704455,0.19405346654877315,0.3195051487014421,0.4599093144890737,0.1404041657876316,1669.0,0.7665441176470589,1864.0,0.8561580882352942,1953.0,0.8970588235294118,1179.0,0.5413602941176471,1129.0,0.5183823529411765,0.5183823529411765,WACC_0p9_WRT_0p1,0.7159007352941178,1742,False,,,False,False,False,False,False,114.0,0.4808510638297872
SPLL,RialtoBridgeTimelapse,863,0.5,115,0.5250000000000001,0.6637359135750507,0,17,2570,1387,6,0.597,0.25366742851931673,0.21347148186066253,0.14102170303500464,0.20937256822314126,0.36287292554094813,0.42070973846580006,-2.8192817631169373,2.486580303846317,-2.921841313157002,-2.3302840836398757,-3.215787996382892,1.7111958757000287,0.21347148186066253,0.4423741949651764,0.22890271310451385,0.14102170303500464,0.47166248478921413,0.3306407817542095,0.20937256822314126,0.5639125333237818,0.3545399651006405,0.36287292554094813,0.41388337517339496,0.05101044963244683,0.42070973846580006,0.45995668109028787,0.0392469426244878,1419.0,0.6516544117647058,1382.0,0.6346507352941176,1276.0,0.5859375,1247.0,0.5726102941176471,1130.0,0.5188419117647058,0.5188419117647058,WACC_0p9_WRT_0p1,0.5927389705882353,1743,False,,,False,False,False,False,False,17.0,0.06808510638297872
SPLL,RialtoBridgeTimelapse,1984,0.51,530,0.5500000000000002,0.3038649351219615,0,186,4343,3464,8,0.805,0.46404593968051316,0.5852479740238288,0.5378575347992389,0.3883047860266302,0.21333548209223463,0.3620670837057894,-2.8192817631169373,2.486580303846317,-2.921841313157002,-2.3302840836398757,-3.215787996382892,1.7111958757000287,0.5852479740238288,0.42920280899884033,0.15604516502498844,0.5378575347992389,0.4859374029638582,0.051920131835380745,0.3883047860266302,0.5882995516191288,0.19999476559249862,0.21333548209223463,0.41841859371350104,0.2050831116212664,0.3620670837057894,0.4810552734302915,0.11898818972450209,1132.0,0.5197610294117647,1716.0,0.7881433823529411,1654.0,0.7596507352941176,1296.0,0.5951286764705882,1282.0,0.5886948529411765,0.5197610294117647,WACC_0p1_WRT_0p9,0.6502757352941176,1744,False,,,False,False,False,False,False,186.0,0.7872340425531915
SPLL,RialtoBridgeTimelapse,1631,0.55,221,0.6500000000000002,0.5101782169264885,0,98,1644,2104,5,0.108,0.26410061020310216,0.38059087045345236,0.3456818866238358,0.21596513832573902,0.16785058002431483,0.2708040558503448,-2.8192817631169373,2.486580303846317,-2.921841313157002,-2.3302840836398757,-3.215787996382892,1.7111958757000287,0.38059087045345236,0.46046446191355084,0.07987359146009848,0.3456818866238358,0.49254435807294833,0.14686247144911252,0.21596513832573902,0.6023145311599286,0.38634939283418956,0.16785058002431483,0.40339477581074806,0.23554419578643324,0.2708040558503448,0.4790065696824272,0.20820251383208244,1748.0,0.8028492647058824,1860.0,0.8543198529411765,1930.0,0.8864889705882353,1135.0,0.5211397058823529,1263.0,0.5799632352941176,0.5211397058823529,WACC_0p7_WRT_0p3,0.728952205882353,1745,False,,,False,False,False,False,False,98.0,0.4127659574468085
SPLL,RialtoBridgeTimelapse,918,0.41,770,0.3,0.2156399439394208,0,217,755,4562,8,0.296,0.42973438174950623,0.6375586069691502,0.5394936932061105,0.282243420997294,0.4559162018044889,0.6086540102709259,-2.8192817631169373,2.486580303846317,-2.921841313157002,-2.3302840836398757,-3.215787996382892,1.7111958757000287,0.6375586069691502,0.4293618561323701,0.20819675083678013,0.5394936932061105,0.4990254954295063,0.04046819777660421,0.282243420997294,0.6162200585205703,0.3339766375232763,0.4559162018044889,0.5042722377981165,0.04835603599362759,0.6086540102709259,0.5955705693537002,0.013083440917225686,1135.0,0.5211397058823529,1983.0,0.9108455882352942,2098.0,0.9636948529411765,2056.0,0.9443933823529411,2107.0,0.9678308823529411,0.5211397058823529,WACC_0p1_WRT_0p9,0.8615808823529413,1746,False,,,False,False,False,False,False,217.0,0.9191489361702128
SPLL,RialtoBridgeTimelapse,80,0.54,277,0.6250000000000002,0.4569621901353883,0,132,4384,2546,10,0.687,0.31604167511185005,0.43341291079646616,0.39546876361630084,0.26103499515572937,0.17868409857084114,0.29348310813815304,-2.8192817631169373,2.486580303846317,-2.921841313157002,-2.3302840836398757,-3.215787996382892,1.7111958757000287,0.43341291079646616,0.4545790575733301,0.02116614677686396,0.39546876361630084,0.49135405586184183,0.09588529224554099,0.26103499515572937,0.5971802141949255,0.33614521903919614,0.17868409857084114,0.4113305324641742,0.2326464338933331,0.29348310813815304,0.46076901553494776,0.16728590739679472,1658.0,0.7614889705882353,1834.0,0.8423713235294118,1839.0,0.8446691176470589,1204.0,0.5528492647058824,1136.0,0.5215992647058824,0.5215992647058824,WACC_0p9_WRT_0p1,0.7045955882352941,1747,False,,,False,False,False,False,False,132.0,0.5574468085106383
SPLL,RialtoBridgeTimelapse,2095,0.56,382,0.6750000000000003,0.3811603296235097,0,163,4087,2431,4,0.144,0.4453914778502418,0.5297656665202555,0.5055216239823433,0.40405941514885546,0.10488236526003468,0.24440608361133012,-2.8192817631169373,2.486580303846317,-2.921841313157002,-2.3302840836398757,-3.215787996382892,1.7111958757000287,0.5297656665202555,0.46195765842330816,0.06780800809694731,0.5055216239823433,0.49000801616917383,0.015513607813169517,0.40405941514885546,0.6074094780247397,0.2033500628758842,0.10488236526003468,0.40346991092186585,0.29858754566183116,0.24440608361133012,0.46135063383284136,0.21694455022151124,1770.0,0.8129595588235294,1808.0,0.8304227941176471,1998.0,0.9177389705882353,1136.0,0.5215992647058824,1138.0,0.5225183823529411,0.5215992647058824,WACC_0p7_WRT_0p3,0.7210477941176471,1748,False,,,False,False,False,False,False,163.0,0.6893617021276596
SPLL,RialtoBridgeTimelapse,1496,0.37,2980,0.2,0.0,0,234,2365,4348,7,0.366,0.6380965875289114,0.8484483532829562,0.7388158672260114,0.46392221236279063,0.49649254577271407,0.6966123003582073,-2.8192817631169373,2.486580303846317,-2.921841313157002,-2.3302840836398757,-3.215787996382892,1.7111958757000287,0.8484483532829562,0.42937247302702947,0.41907588025592674,0.7388158672260114,0.5073110718865192,0.2315047953394922,0.46392221236279063,0.6197001916244168,0.15577797926162618,0.49649254577271407,0.4793249501970152,0.017167595575698857,0.6966123003582073,0.572136993962324,0.12447530639588333,1136.0,0.5215992647058824,2087.0,0.9586397058823529,2115.0,0.9715073529411765,1906.0,0.8754595588235294,2004.0,0.9204963235294118,0.5215992647058824,WACC_0p1_WRT_0p9,0.8495404411764707,1749,False,,,False,False,False,False,False,234.0,0.9914893617021276
SPLL,RialtoBridgeTimelapse,1891,0.51,192,0.5500000000000002,0.5432956643483142,0,75,3149,2110,4,0.234,0.16819299715740355,0.33193217249283635,0.2731020875556412,0.08998713999791315,0.28781787650528723,0.37553000660878677,-2.8192817631169373,2.486580303846317,-2.921841313157002,-2.3302840836398757,-3.215787996382892,1.7111958757000287,0.33193217249283635,0.4459585798712566,0.11402640737842024,0.2731020875556412,0.48589486389473885,0.21279277633909766,0.08998713999791315,0.6059787652703779,0.5159916252724647,0.28781787650528723,0.4034828768777294,0.11566500037244215,0.37553000660878677,0.471789480399993,0.09625947379120625,1501.0,0.6893382352941176,1712.0,0.7863051470588235,1979.0,0.9090073529411765,1137.0,0.5220588235294118,1211.0,0.5560661764705882,0.5220588235294118,WACC_0p7_WRT_0p3,0.6925551470588236,1750,False,,,False,False,False,False,False,75.0,0.3148936170212766
SPLL,RialtoBridgeTimelapse,1919,0.54,359,0.6250000000000002,0.3958116358819368,0,157,4241,2643,4,0.13,0.3936776082212933,0.5005210307728944,0.46519549339134364,0.33876259891119426,0.16095604834826424,0.29185350479519134,-2.8192817631169373,2.486580303846317,-2.921841313157002,-2.3302840836398757,-3.215787996382892,1.7111958757000287,0.5005210307728944,0.4600239119808908,0.04049711879200363,0.46519549339134364,0.4935918495218679,0.02839635613052427,0.33876259891119426,0.6108310689175301,0.2720684700063359,0.16095604834826424,0.4043764749659371,0.24342042661767285,0.29185350479519134,0.4613987821282625,0.16954527733307118,1740.0,0.7991727941176471,1886.0,0.8662683823529411,2045.0,0.9393382352941176,1146.0,0.5261948529411765,1139.0,0.5229779411764706,0.5229779411764706,WACC_0p9_WRT_0p1,0.7307904411764706,1751,False,,,False,False,False,False,False,157.0,0.6638297872340425
SPLL,RialtoBridgeTimelapse,1625,0.5,452,0.5250000000000001,0.3414495548873707,0,178,3203,2330,6,0.143,0.4015068234354482,0.5393137890614557,0.48490609658386863,0.31858442337578513,0.2508828069693289,0.3877486572060962,-2.8192817631169373,2.486580303846317,-2.921841313157002,-2.3302840836398757,-3.215787996382892,1.7111958757000287,0.5393137890614557,0.4623260900744407,0.07698769898701496,0.48490609658386863,0.49270538376565026,0.007799287181781633,0.31858442337578513,0.6093165411287603,0.2907321177529752,0.2508828069693289,0.4036024359151632,0.1527196289458343,0.3877486572060962,0.47860473687913146,0.09085607967303527,1774.0,0.8147977941176471,1865.0,0.8566176470588235,2023.0,0.9292279411764706,1139.0,0.5229779411764706,1262.0,0.5795036764705882,0.5229779411764706,WACC_0p7_WRT_0p3,0.740625,1752,False,,,False,False,False,False,False,178.0,0.7531914893617021
SPLL,RialtoBridgeTimelapse,2043,0.38,293,0.2250000000000001,0.4437237807444882,0,141,287,3265,6,0.277,0.49929041247424194,0.4075605084971378,0.2779756392469303,0.39378547399605457,0.6263312586282312,0.7202418092943529,-2.8192817631169373,2.486580303846317,-2.921841313157002,-2.3302840836398757,-3.215787996382892,1.7111958757000287,0.4075605084971378,0.42951246808239935,0.021951959585261527,0.2779756392469303,0.48939523032798576,0.21141959108105546,0.39378547399605457,0.5947246009044708,0.2009391269084162,0.6263312586282312,0.4757528822205714,0.15057837640765986,0.7202418092943529,0.5683370799555362,0.1519047293388167,1139.0,0.5229779411764706,1795.0,0.8244485294117647,1787.0,0.8207720588235294,1872.0,0.8598345588235294,1979.0,0.9090073529411765,0.5229779411764706,WACC_0p1_WRT_0p9,0.7874080882352941,1753,False,,,False,False,False,False,False,141.0,0.5957446808510638
SPLL,RialtoBridgeTimelapse,804,0.49,105,0.5000000000000001,0.6850633946927267,0,15,752,1768,7,0.554,0.2983376714815496,0.19317507378627938,0.1128803181790946,0.26009606786035844,0.40253917693343977,0.4543641933110521,-2.8192817631169373,2.486580303846317,-2.921841313157002,-2.3302840836398757,-3.215787996382892,1.7111958757000287,0.19317507378627938,0.4422451383693654,0.24907006458308603,0.1128803181790946,0.46329883588834947,0.35041851770925486,0.26009606786035844,0.5514049777366306,0.2913089098762721,0.40253917693343977,0.42708435812531576,0.024545181191875987,0.4543641933110521,0.49853357534167164,0.04416938203061954,1416.0,0.6502757352941176,1207.0,0.5542279411764706,1140.0,0.5234375,1396.0,0.6410845588235294,1422.0,0.6530330882352942,0.5234375,WACC_0p5_WRT_0p5,0.6044117647058824,1754,False,,,False,False,False,False,False,15.0,0.059574468085106386
SPLL,RialtoBridgeTimelapse,1270,0.53,346,0.6000000000000002,0.4045126813279888,0,156,3656,2719,10,0.761,0.36711219190891015,0.48550923979117344,0.44448438488319,0.30520984259713985,0.18979311632481316,0.3162607784957961,-2.8192817631169373,2.486580303846317,-2.921841313157002,-2.3302840836398757,-3.215787996382892,1.7111958757000287,0.48550923979117344,0.43722371558341155,0.04828552420776189,0.44448438488319,0.4916909746618029,0.04720658977861292,0.30520984259713985,0.5792918233598655,0.27408198076272566,0.18979311632481316,0.4124815900928392,0.22268847376802603,0.3162607784957961,0.46172207459353976,0.14546129609774366,1309.0,0.6011029411764706,1842.0,0.8460477941176471,1512.0,0.6943933823529411,1224.0,0.5620404411764706,1140.0,0.5234375,0.5234375,WACC_0p9_WRT_0p1,0.6454044117647059,1755,False,,,False,False,False,False,False,156.0,0.6595744680851063
SPLL,RialtoBridgeTimelapse,1048,0.41,579,0.3,0.2829834010495349,0,203,2743,4008,10,0.505,0.3486250455857635,0.5688589832448554,0.46720599515605965,0.19980402448534101,0.47847793387120313,0.6145884756587716,-2.8192817631169373,2.486580303846317,-2.921841313157002,-2.3302840836398757,-3.215787996382892,1.7111958757000287,0.5688589832448554,0.42963139097793845,0.13922759226691694,0.46720599515605965,0.49074224759724633,0.023536252441186678,0.19980402448534101,0.605602411551195,0.40579838706585397,0.47847793387120313,0.49057274460772815,0.012094810736525019,0.6145884756587716,0.5584183253856579,0.05617015027311367,1140.0,0.5234375,1825.0,0.8382352941176471,1974.0,0.9067095588235294,1981.0,0.9099264705882353,1908.0,0.8763786764705882,0.5234375,WACC_0p1_WRT_0p9,0.8109375,1756,False,,,False,False,False,False,False,203.0,0.8595744680851064
SPLL,RialtoBridgeTimelapse,2163,0.44,411,0.3750000000000001,0.3638931201805629,0,177,2859,3735,1,0.076,0.29112736380477633,0.4949389684689717,0.40597734304369837,0.16342622858763042,0.4222476712172598,0.5431497046545153,-2.8192817631169373,2.486580303846317,-2.921841313157002,-2.3302840836398757,-3.215787996382892,1.7111958757000287,0.4949389684689717,0.4296543605221173,0.06528460794685437,0.40597734304369837,0.474661966580526,0.06868462353682764,0.16342622858763042,0.5839611907169724,0.42053496212934194,0.4222476712172598,0.4539015431306437,0.03165387191338387,0.5431497046545153,0.533967198609226,0.009182506045289252,1141.0,0.5238970588235294,1452.0,0.6668198529411765,1584.0,0.7274816176470589,1662.0,0.7633272058823529,1712.0,0.7863051470588235,0.5238970588235294,WACC_0p1_WRT_0p9,0.6935661764705883,1757,False,,,False,False,False,False,False,177.0,0.7489361702127659
SPLL,RialtoBridgeTimelapse,1018,0.51,173,0.5500000000000002,0.5678130715313164,0,59,2949,2077,7,0.12,0.16951390637835262,0.3073778283778663,0.24715769508743998,0.09660673546482476,0.2964052119147284,0.378157052453649,-2.8192817631169373,2.486580303846317,-2.921841313157002,-2.3302840836398757,-3.215787996382892,1.7111958757000287,0.3073778283778663,0.4633830568915954,0.1560052285137291,0.24715769508743998,0.48581161898227615,0.23865392389483617,0.09660673546482476,0.5851362704424717,0.48852953497764695,0.2964052119147284,0.4037520533399464,0.107346841425218,0.378157052453649,0.4933779409233386,0.11522088846968959,1792.0,0.8230698529411765,1710.0,0.7853860294117647,1599.0,0.734375,1141.0,0.5238970588235294,1387.0,0.6369485294117647,0.5238970588235294,WACC_0p7_WRT_0p3,0.7007352941176471,1758,False,,,False,False,False,False,False,59.0,0.24680851063829787
SPLL,RialtoBridgeTimelapse,1672,0.56,336,0.6750000000000003,0.4114305671426452,0,151,3925,2471,9,0.666,0.4059365733445571,0.49544420660627303,0.4700003636066051,0.3647476160896438,0.11327086048860187,0.24458386270713944,-2.8192817631169373,2.486580303846317,-2.921841313157002,-2.3302840836398757,-3.215787996382892,1.7111958757000287,0.49544420660627303,0.46143392787804505,0.03401027872822798,0.4700003636066051,0.49285334278459403,0.022852979177988952,0.3647476160896438,0.575931330781526,0.21118371469188224,0.11327086048860187,0.4132910766057225,0.30002021611712065,0.24458386270713944,0.46234772118808,0.21776385848094054,1763.0,0.8097426470588235,1871.0,0.859375,1465.0,0.6727941176470589,1235.0,0.5670955882352942,1142.0,0.5243566176470589,0.5243566176470589,WACC_0p9_WRT_0p1,0.6866727941176471,1759,False,,,False,False,False,False,False,151.0,0.6382978723404256
SPLL,RialtoBridgeTimelapse,1804,0.48,261,0.475,0.4709855444942608,0,126,2642,2001,8,0.626,0.2154126325898494,0.3971831687064059,0.3251850032085641,0.11588642475553841,0.347011624291108,0.4478302323820783,-2.8192817631169373,2.486580303846317,-2.921841313157002,-2.3302840836398757,-3.215787996382892,1.7111958757000287,0.3971831687064059,0.429844558458182,0.03266138975177607,0.3251850032085641,0.47854215792831856,0.15335715471975447,0.11588642475553841,0.5722050303494736,0.45631860559393517,0.347011624291108,0.4349490639800869,0.08793743968897894,0.4478302323820783,0.5039148121449762,0.056084579762897935,1143.0,0.5248161764705882,1539.0,0.7068014705882353,1408.0,0.6465992647058824,1472.0,0.6760110294117647,1461.0,0.6709558823529411,0.5248161764705882,WACC_0p1_WRT_0p9,0.6450367647058822,1760,False,,,False,False,False,False,False,126.0,0.5319148936170213
SPLL,RialtoBridgeTimelapse,1732,0.53,290,0.6000000000000002,0.4461502106043822,0,139,3367,2358,7,0.538,0.31472593445707353,0.44034643472483215,0.3974823641473453,0.25265708233579476,0.20209800827008007,0.3177191797200347,-2.8192817631169373,2.486580303846317,-2.921841313157002,-2.3302840836398757,-3.215787996382892,1.7111958757000287,0.44034643472483215,0.4447839460338858,0.004437511309053677,0.3974823641473453,0.484878760912772,0.08739639676542671,0.25265708233579476,0.5946546276751962,0.3419975453394014,0.20209800827008007,0.41671136173706375,0.21461335346698368,0.3177191797200347,0.4625717928054997,0.144852613085465,1477.0,0.6783088235294118,1687.0,0.7748161764705882,1786.0,0.8203125,1278.0,0.5868566176470589,1143.0,0.5248161764705882,0.5248161764705882,WACC_0p9_WRT_0p1,0.6770220588235294,1761,False,,,False,False,False,False,False,139.0,0.5872340425531914
SPLL,RialtoBridgeTimelapse,2050,0.55,263,0.6500000000000002,0.4691864876308039,0,123,1616,2142,6,0.665,0.3157856117250533,0.42517833095411667,0.39206629315944935,0.2677888544414379,0.15579407502561654,0.2694528115129523,-2.8192817631169373,2.486580303846317,-2.921841313157002,-2.3302840836398757,-3.215787996382892,1.7111958757000287,0.42517833095411667,0.4321432662836543,0.006964935329537625,0.39206629315944935,0.4650797888802474,0.07301349572079807,0.2677888544414379,0.5580238198476347,0.2902349654061968,0.15579407502561654,0.4038756533406323,0.24808157831501576,0.2694528115129523,0.4769863090172157,0.20753349750426342,1196.0,0.5491727941176471,1250.0,0.5739889705882353,1201.0,0.5514705882352942,1144.0,0.5252757352941176,1247.0,0.5726102941176471,0.5252757352941176,WACC_0p7_WRT_0p3,0.5545036764705882,1762,False,,,False,False,False,False,False,123.0,0.5191489361702127
SPLL,RialtoBridgeTimelapse,926,0.42,89,0.325,0.723773999026508,0,10,166,1755,8,0.153,0.5549349440087127,0.15901986304721974,0.053457176762741865,0.5259834177969233,0.6426213875238843,0.6785547403384246,-2.8192817631169373,2.486580303846317,-2.921841313157002,-2.3302840836398757,-3.215787996382892,1.7111958757000287,0.15901986304721974,0.4304372962661808,0.27141743321896106,0.053457176762741865,0.4595459841277863,0.40608880736504444,0.5259834177969233,0.5629469323374602,0.036963514540536924,0.6426213875238843,0.4565241005016301,0.1860972870222542,0.6785547403384246,0.5256081242729492,0.15294661606547533,1158.0,0.5317095588235294,1146.0,0.5261948529411765,1264.0,0.5804227941176471,1687.0,0.7748161764705882,1649.0,0.7573529411764706,0.5261948529411765,WACC_0p3_WRT_0p7,0.6340992647058824,1763,False,,,False,False,False,False,False,10.0,0.03829787234042553
SPLL,RialtoBridgeTimelapse,1523,0.39,203,0.2500000000000001,0.5301823672547157,0,85,2136,1487,6,0.722,0.5203340659645141,0.3287009977691078,0.19859389678542116,0.439102032986268,0.6347369827015014,0.71014408840163,-2.8192817631169373,2.486580303846317,-2.921841313157002,-2.3302840836398757,-3.215787996382892,1.7111958757000287,0.3287009977691078,0.43031578826257366,0.10161479049346583,0.19859389678542116,0.46550668046722005,0.2669127836817989,0.439102032986268,0.551884670998949,0.11278263801268101,0.6347369827015014,0.4336193630036998,0.20111761969780156,0.71014408840163,0.48843051562125367,0.22171357278037634,1153.0,0.5294117647058824,1258.0,0.5776654411764706,1147.0,0.5266544117647058,1460.0,0.6704963235294118,1353.0,0.6213235294117647,0.5266544117647058,WACC_0p5_WRT_0p5,0.5851102941176471,1764,False,,,False,False,False,False,False,85.0,0.3574468085106383
SPLL,RialtoBridgeTimelapse,2082,0.46,144,0.4250000000000001,0.6109457641941061,0,34,353,1518,10,0.498,0.34787026043248803,0.25912897508384575,0.16608438562061062,0.28899637184074567,0.4596463638363866,0.5248098084571035,-2.8192817631169373,2.486580303846317,-2.921841313157002,-2.3302840836398757,-3.215787996382892,1.7111958757000287,0.25912897508384575,0.43000610128406597,0.17087712620022022,0.16608438562061062,0.46174259214933755,0.29565820652872693,0.28899637184074567,0.5827116416792371,0.2937152698384914,0.4596463638363866,0.4298262964317096,0.029820067404676964,0.5248098084571035,0.4976546958765988,0.02715511258050468,1147.0,0.5266544117647058,1184.0,0.5436580882352942,1555.0,0.7141544117647058,1421.0,0.6525735294117647,1415.0,0.6498161764705882,0.5266544117647058,WACC_0p1_WRT_0p9,0.6173713235294118,1765,False,,,False,False,False,False,False,34.0,0.14042553191489363
SPLL,RialtoBridgeTimelapse,1293,0.49,237,0.5000000000000001,0.4937141952312432,0,110,2670,1651,10,0.333,0.2013140852455499,0.3768163795539471,0.3092842089194398,0.10892740683037254,0.32680472768060237,0.4235900754516445,-2.8192817631169373,2.486580303846317,-2.921841313157002,-2.3302840836398757,-3.215787996382892,1.7111958757000287,0.3768163795539471,0.45527190339798,0.07845552384403293,0.3092842089194398,0.48118217891658155,0.17189796999714174,0.10892740683037254,0.5830259420993597,0.4740985352689871,0.32680472768060237,0.4043827536924161,0.07757802601181374,0.4235900754516445,0.4796768200850231,0.056086744633378594,1671.0,0.7674632352941176,1590.0,0.7302389705882353,1561.0,0.7169117647058824,1147.0,0.5266544117647058,1269.0,0.5827205882352942,0.5266544117647058,WACC_0p7_WRT_0p3,0.6647977941176471,1766,False,,,False,False,False,False,False,110.0,0.46382978723404256
SPLL,RialtoBridgeTimelapse,1801,0.39,295,0.2500000000000001,0.442119877397937,0,141,478,3068,1,0.091,0.46711912064910877,0.4100571636882294,0.28667726693460027,0.3610013875712495,0.5959656679694714,0.691464856425965,-2.8192817631169373,2.486580303846317,-2.921841313157002,-2.3302840836398757,-3.215787996382892,1.7111958757000287,0.4100571636882294,0.43136631938840103,0.02130915570017161,0.28667726693460027,0.4595549147410667,0.17287764780646642,0.3610013875712495,0.5654692439149207,0.2044678563436712,0.5959656679694714,0.4617607187368963,0.1342049492325751,0.691464856425965,0.556432339486411,0.13503251693955398,1182.0,0.5427389705882353,1147.0,0.5266544117647058,1296.0,0.5951286764705882,1738.0,0.7982536764705882,1890.0,0.8681066176470589,0.5266544117647058,WACC_0p3_WRT_0p7,0.6661764705882354,1767,False,,,False,False,False,False,False,141.0,0.5957446808510638
SPLL,RialtoBridgeTimelapse,1851,0.41,906,0.3,0.177207397185527,0,220,2966,4459,6,0.385,0.47649232340180103,0.6773603602038085,0.5812444308461884,0.3295951033593774,0.44347617677937684,0.6058261099990084,-2.8192817631169373,2.486580303846317,-2.921841313157002,-2.3302840836398757,-3.215787996382892,1.7111958757000287,0.6773603602038085,0.43016883893788493,0.24719152126592359,0.5812444308461884,0.503758608742789,0.07748582210339938,0.3295951033593774,0.6152910500853189,0.2856959467259415,0.44347617677937684,0.4735236348526725,0.030047458073295674,0.6058261099990084,0.562075914694607,0.043750195304401385,1148.0,0.5271139705882353,2058.0,0.9453125,2091.0,0.9604779411764706,1855.0,0.8520220588235294,1938.0,0.8901654411764706,0.5271139705882353,WACC_0p1_WRT_0p9,0.8350183823529411,1768,False,,,False,False,False,False,False,220.0,0.9319148936170213
SPLL,RialtoBridgeTimelapse,1615,0.57,207,0.7,0.5255885367494147,0,87,1442,1665,9,0.203,0.27504188670391194,0.3740149173939482,0.34916073252404234,0.2409459595162902,0.11943494950921106,0.22248187847904852,-2.8192817631169373,2.486580303846317,-2.921841313157002,-2.3302840836398757,-3.215787996382892,1.7111958757000287,0.3740149173939482,0.46617787595895777,0.09216295856500956,0.34916073252404234,0.48443505267160814,0.1352743201475658,0.2409459595162902,0.572819568863296,0.3318736093470058,0.11943494950921106,0.4045161961165196,0.28508124660730855,0.22248187847904852,0.46306595857377575,0.24058408009472723,1830.0,0.8405330882352942,1677.0,0.7702205882352942,1415.0,0.6498161764705882,1149.0,0.5275735294117647,1149.0,0.5275735294117647,0.5275735294117647,WACC_0p7_WRT_0p3,0.6631433823529411,1769,False,,,False,False,False,False,False,87.0,0.3659574468085106
SPLL,RialtoBridgeTimelapse,1434,0.55,1274,0.6500000000000002,0.0966397053482555,0,210,4744,2887,2,0.343,0.8059429400707844,0.8521884155820328,0.8336031791155225,0.7556200809548751,0.12450149377275645,0.2691240520884011,-2.8192817631169373,2.486580303846317,-2.921841313157002,-2.3302840836398757,-3.215787996382892,1.7111958757000287,0.8521884155820328,0.4353766047412351,0.41681181084079777,0.8336031791155225,0.46800904018522904,0.36559413893029347,0.7556200809548751,0.5827732359770067,0.1728468449778684,0.12450149377275645,0.4065527367333884,0.28205124296063194,0.2691240520884011,0.46320511646178025,0.19408106437337913,1266.0,0.5813419117647058,1310.0,0.6015625,1557.0,0.7150735294117647,1166.0,0.5353860294117647,1150.0,0.5280330882352942,0.5280330882352942,WACC_0p9_WRT_0p1,0.592279411764706,1770,False,,,False,False,False,False,False,210.0,0.8893617021276595
SPLL,RialtoBridgeTimelapse,989,0.43,343,0.3500000000000001,0.4065668896393937,0,161,736,3633,6,0.435,0.3245393096145903,0.4501744189550208,0.3529638853815045,0.20672513614064317,0.4656985479732735,0.5748084280250848,-2.8192817631169373,2.486580303846317,-2.921841313157002,-2.3302840836398757,-3.215787996382892,1.7111958757000287,0.4501744189550208,0.43023763849027896,0.019936780464741843,0.3529638853815045,0.4846159644353277,0.13165207905382315,0.20672513614064317,0.5879297363170036,0.3812046001763605,0.4656985479732735,0.4765468367988595,0.010848288825586028,0.5748084280250848,0.5578601421113449,0.01694828591373987,1150.0,0.5280330882352942,1681.0,0.7720588235294118,1650.0,0.7578125,1881.0,0.8639705882352942,1903.0,0.8740808823529411,0.5280330882352942,WACC_0p1_WRT_0p9,0.7591911764705882,1771,False,,,False,False,False,False,False,161.0,0.6808510638297872
SPLL,RialtoBridgeTimelapse,997,0.43,208,0.3500000000000001,0.5244538830757801,0,92,2660,3346,3,0.293,0.3904951018766877,0.3369124981066832,0.23193321392697128,0.30736631321319874,0.5119089545801432,0.5933059046054322,-2.8192817631169373,2.486580303846317,-2.921841313157002,-2.3302840836398757,-3.215787996382892,1.7111958757000287,0.3369124981066832,0.430298823072726,0.09338632496604277,0.23193321392697128,0.48219516795729184,0.2502619540303206,0.30736631321319874,0.5888271364123937,0.28146082319919496,0.5119089545801432,0.43310319701545164,0.07880575756469155,0.5933059046054322,0.5253263228865261,0.06797958171890606,1152.0,0.5289522058823529,1612.0,0.7403492647058824,1671.0,0.7674632352941176,1457.0,0.6691176470588235,1647.0,0.7564338235294118,0.5289522058823529,WACC_0p1_WRT_0p9,0.6924632352941176,1772,False,,,False,False,False,False,False,92.0,0.3872340425531915
SPLL,RialtoBridgeTimelapse,1687,0.54,524,0.6250000000000002,0.3065533144775201,0,185,4890,2956,8,0.22,0.508937821696312,0.6005794021324903,0.5688829603986798,0.45378447461435734,0.13586228802590816,0.29071796307211395,-2.8192817631169373,2.486580303846317,-2.921841313157002,-2.3302840836398757,-3.215787996382892,1.7111958757000287,0.6005794021324903,0.46002608767942726,0.14055331445306302,0.5688829603986798,0.50012303653111,0.0687599238675698,0.45378447461435734,0.607437482628895,0.15365300801453763,0.13586228802590816,0.40504297761429553,0.26918068958838737,0.29071796307211395,0.4674408952266027,0.17672293215448875,1741.0,0.7996323529411765,2004.0,0.9204963235294118,2000.0,0.9186580882352942,1153.0,0.5294117647058824,1187.0,0.5450367647058824,0.5294117647058824,WACC_0p7_WRT_0p3,0.7426470588235293,1773,False,,,False,False,False,False,False,185.0,0.7829787234042553
SPLL,RialtoBridgeTimelapse,426,0.36,407,0.175,0.3662011856824301,0,176,2212,2780,6,0.349,0.5164299540124444,0.47831153378769387,0.34212001385165924,0.38896991559872934,0.6532022750937223,0.7625671878164869,-2.8192817631169373,2.486580303846317,-2.921841313157002,-2.3302840836398757,-3.215787996382892,1.7111958757000287,0.47831153378769387,0.4303644023061448,0.047947131481549055,0.34212001385165924,0.4811858267090932,0.13906581285743397,0.38896991559872934,0.5807338482648995,0.19176393266617014,0.6532022750937223,0.45206490835192703,0.20113736674179528,0.7625671878164869,0.5265727461102597,0.2359944417062272,1155.0,0.5303308823529411,1591.0,0.7306985294117647,1534.0,0.7045036764705882,1640.0,0.7532169117647058,1662.0,0.7633272058823529,0.5303308823529411,WACC_0p1_WRT_0p9,0.6964154411764706,1774,False,,,False,False,False,False,False,176.0,0.7446808510638298
SPLL,RialtoBridgeTimelapse,1905,0.45,151,0.4000000000000001,0.5997920227515918,0,40,2384,1988,3,0.329,0.3726956506284306,0.2686839104396833,0.17032538796346927,0.3107454920232766,0.4847816821655547,0.5513157098340171,-2.8192817631169373,2.486580303846317,-2.921841313157002,-2.3302840836398757,-3.215787996382892,1.7111958757000287,0.2686839104396833,0.4304055310195033,0.16172162057981998,0.17032538796346927,0.46840030229859175,0.29807491433512245,0.3107454920232766,0.5755942205587228,0.26484872853544617,0.4847816821655547,0.43347897041204114,0.05130271175351353,0.5513157098340171,0.5079591296475846,0.043356580186432514,1156.0,0.5307904411764706,1322.0,0.6070772058823529,1459.0,0.6700367647058824,1459.0,0.6700367647058824,1496.0,0.6870404411764706,0.5307904411764706,WACC_0p1_WRT_0p9,0.6329963235294117,1775,False,,,False,False,False,False,False,40.0,0.16595744680851063
SPLL,RialtoBridgeTimelapse,164,0.54,322,0.6250000000000002,0.4214685811274063,0,147,4066,2526,5,0.585,0.3609601013446135,0.47220564038180896,0.4357974267454346,0.30603667473807417,0.16832813229452265,0.2924366597682088,-2.8192817631169373,2.486580303846317,-2.921841313157002,-2.3302840836398757,-3.215787996382892,1.7111958757000287,0.47220564038180896,0.45335414007495395,0.018851500306855007,0.4357974267454346,0.497959192234673,0.06216176548923841,0.30603667473807417,0.5952748214068599,0.2892381466687858,0.16832813229452265,0.4051698548961846,0.23684172260166197,0.2924366597682088,0.4668654450448119,0.1744287852766031,1630.0,0.7486213235294118,1964.0,0.9021139705882353,1799.0,0.8262867647058824,1156.0,0.5307904411764706,1180.0,0.5418198529411765,0.5307904411764706,WACC_0p7_WRT_0p3,0.7099264705882353,1776,False,,,False,False,False,False,False,147.0,0.6212765957446809
SPLL,RialtoBridgeTimelapse,2071,0.5,107,0.5250000000000001,0.6806413063637184,0,13,516,1317,5,0.311,0.2638412402065045,0.19782916052261101,0.12409729937411798,0.2243314303336256,0.3702722445169583,0.4242477998127128,-2.8192817631169373,2.486580303846317,-2.921841313157002,-2.3302840836398757,-3.215787996382892,1.7111958757000287,0.19782916052261101,0.4486828213070158,0.2508536607844048,0.12409729937411798,0.46018260779567904,0.33608530842156104,0.2243314303336256,0.5580479206271574,0.3337164902935318,0.3702722445169583,0.41410530097277154,0.04383305645581326,0.4242477998127128,0.4784975436428912,0.05424974383017839,1562.0,0.7173713235294118,1158.0,0.5317095588235294,1203.0,0.5523897058823529,1249.0,0.5735294117647058,1260.0,0.5785845588235294,0.5317095588235294,WACC_0p3_WRT_0p7,0.5907169117647059,1777,False,,,False,False,False,False,False,13.0,0.05106382978723404
SPLL,RialtoBridgeTimelapse,1365,0.54,240,0.6250000000000002,0.4907507973506212,0,110,3389,2129,6,0.101,0.27367838156892327,0.3969310538832846,0.3574754005571107,0.21850203271216312,0.18874936835139638,0.29478255730761443,-2.8192817631169373,2.486580303846317,-2.921841313157002,-2.3302840836398757,-3.215787996382892,1.7111958757000287,0.3969310538832846,0.4653379348293262,0.06840688094604164,0.3574754005571107,0.4929292383047682,0.1354538377476575,0.21850203271216312,0.6072916229682499,0.3887895902560868,0.18874936835139638,0.4054922321954166,0.2167428638440202,0.29478255730761443,0.4699149735343512,0.17513241622673675,1819.0,0.8354779411764706,1873.0,0.8602941176470589,1995.0,0.9163602941176471,1158.0,0.5317095588235294,1203.0,0.5523897058823529,0.5317095588235294,WACC_0p7_WRT_0p3,0.7392463235294118,1778,False,,,False,False,False,False,False,110.0,0.46382978723404256
SPLL,RialtoBridgeTimelapse,1964,0.54,393,0.6250000000000002,0.3744614954244174,0,166,4379,2562,10,0.382,0.4210515969176352,0.5242450163892938,0.48980530556789087,0.3661146321976474,0.1548829215663986,0.29146501653397433,-2.8192817631169373,2.486580303846317,-2.921841313157002,-2.3302840836398757,-3.215787996382892,1.7111958757000287,0.5242450163892938,0.47070820743382075,0.053536808955473025,0.48980530556789087,0.4942449468675739,0.00443964129968305,0.3661146321976474,0.610499432982625,0.2443848007849776,0.1548829215663986,0.41048643725833267,0.25560351569193407,0.29146501653397433,0.46448643140760215,0.17302141487362782,1875.0,0.8612132352941176,1897.0,0.8713235294117647,2039.0,0.9365808823529411,1199.0,0.5505514705882353,1158.0,0.5317095588235294,0.5317095588235294,WACC_0p9_WRT_0p1,0.7502757352941176,1779,False,,,False,False,False,False,False,166.0,0.7021276595744681
SPLL,RialtoBridgeTimelapse,1437,0.53,151,0.6000000000000002,0.5997920227515918,0,37,2886,1724,8,0.664,0.12681652214396846,0.2800894474804749,0.22957582984701946,0.06262654071064304,0.2512241891855079,0.3281753467971396,-2.8192817631169373,2.486580303846317,-2.921841313157002,-2.3302840836398757,-3.215787996382892,1.7111958757000287,0.2800894474804749,0.44600696033589116,0.16591751285541628,0.22957582984701946,0.4806602031093873,0.2510843732623678,0.06262654071064304,0.5733916551437945,0.5107651144331515,0.2512241891855079,0.408340266147038,0.15711607696153013,0.3281753467971396,0.46456279883536855,0.13638745203822894,1503.0,0.6902573529411765,1581.0,0.7261029411764706,1432.0,0.6576286764705882,1182.0,0.5427389705882353,1159.0,0.5321691176470589,0.5321691176470589,WACC_0p9_WRT_0p1,0.629779411764706,1780,False,,,False,False,False,False,False,37.0,0.15319148936170213
SPLL,RialtoBridgeTimelapse,1021,0.41,650,0.3,0.255663374810254,0,210,3126,4491,5,0.281,0.38140126243283856,0.5965632200063385,0.4963947393518093,0.2331677801662058,0.469196872789105,0.6120187156304806,-2.8192817631169373,2.486580303846317,-2.921841313157002,-2.3302840836398757,-3.215787996382892,1.7111958757000287,0.5965632200063385,0.4304387974593452,0.16612442254699333,0.4963947393518093,0.5152924420366065,0.018897702684797235,0.2331677801662058,0.6228739277229445,0.3897061475567387,0.469196872789105,0.4736287758659577,0.004431903076852706,0.6120187156304806,0.5640429974577823,0.0479757181726983,1159.0,0.5321691176470589,2136.0,0.9811580882352942,2134.0,0.9802389705882353,1857.0,0.8529411764705882,1957.0,0.8988970588235294,0.5321691176470589,WACC_0p1_WRT_0p9,0.8490808823529413,1781,False,,,False,False,False,False,False,210.0,0.8893617021276595
SPLL,RialtoBridgeTimelapse,1499,0.58,201,0.725,0.5325131726842642,0,78,1755,1717,9,0.449,0.2820670078646668,0.37220324261499044,0.35234877746287374,0.25487667347228454,0.09525195430324543,0.19868593673132182,-2.8192817631169373,2.486580303846317,-2.921841313157002,-2.3302840836398757,-3.215787996382892,1.7111958757000287,0.37220324261499044,0.4605876006699777,0.08838435805498729,0.35234877746287374,0.47080778760701225,0.11845901014413851,0.25487667347228454,0.5540176868375433,0.2991410133652587,0.09525195430324543,0.42037862081409555,0.3251266665108501,0.19868593673132182,0.47731773455844384,0.278631797827122,1750.0,0.8037683823529411,1367.0,0.6277573529411765,1161.0,0.5330882352941176,1331.0,0.6112132352941176,1249.0,0.5735294117647058,0.5330882352941176,WACC_0p5_WRT_0p5,0.6298713235294118,1782,False,,,False,False,False,False,False,78.0,0.3276595744680851
SPLL,RialtoBridgeTimelapse,1970,0.46,670,0.4250000000000001,0.2485047397552471,0,209,4064,4735,5,0.347,0.45906893769575025,0.6212972559584183,0.5493629399928893,0.3480212993780569,0.3300311499299239,0.48320530147224316,-2.8192817631169373,2.486580303846317,-2.921841313157002,-2.3302840836398757,-3.215787996382892,1.7111958757000287,0.6212972559584183,0.4304734928969745,0.19082376306144383,0.5493629399928893,0.4979953014496028,0.05136763854328652,0.3480212993780569,0.6235810753388784,0.2755597759608215,0.3300311499299239,0.4687888722578591,0.1387577223279352,0.48320530147224316,0.5506291722357713,0.06742387076352818,1161.0,0.5330882352941176,1965.0,0.9025735294117647,2137.0,0.9816176470588235,1816.0,0.8340992647058824,1846.0,0.8478860294117647,0.5330882352941176,WACC_0p1_WRT_0p9,0.8198529411764705,1783,False,,,False,False,False,False,False,209.0,0.8851063829787233
SPLL,RialtoBridgeTimelapse,4,0.54,450,0.6250000000000002,0.3424963479114397,0,176,4995,2534,7,0.092,0.4622722291998878,0.5600187896978374,0.5268831228268928,0.4072589578181125,0.14587937937484824,0.29102829249391404,-2.8192817631169373,2.486580303846317,-2.921841313157002,-2.3302840836398757,-3.215787996382892,1.7111958757000287,0.5600187896978374,0.4695365480794456,0.09048224161839175,0.5268831228268928,0.49978706424781716,0.0270960585790756,0.4072589578181125,0.6061882501511362,0.1989292923330237,0.14587937937484824,0.4119126381533355,0.26603325877848727,0.29102829249391404,0.46504423418556123,0.1740159416916472,1865.0,0.8566176470588235,1996.0,0.9168198529411765,1983.0,0.9108455882352942,1214.0,0.5574448529411765,1162.0,0.5335477941176471,0.5335477941176471,WACC_0p9_WRT_0p1,0.7550551470588236,1784,False,,,False,False,False,False,False,176.0,0.7446808510638298
SPLL,RialtoBridgeTimelapse,950,0.47,468,0.45,0.3332378901704363,0,184,3824,4175,6,0.545,0.36869249991228675,0.5357011778981647,0.46523419966021556,0.2640776159571272,0.32926103629843734,0.4626807236235331,-2.8192817631169373,2.486580303846317,-2.921841313157002,-2.3302840836398757,-3.215787996382892,1.7111958757000287,0.5357011778981647,0.43049431096341406,0.10520686693475068,0.46523419966021556,0.4938647784120303,0.02863057875181474,0.2640776159571272,0.6136420592725517,0.34956444331542447,0.32926103629843734,0.4609558873788551,0.13169485108041779,0.4626807236235331,0.5235178635983143,0.06083713997478124,1162.0,0.5335477941176471,1890.0,0.8681066176470589,2076.0,0.9535845588235294,1731.0,0.7950367647058824,1634.0,0.7504595588235294,0.5335477941176471,WACC_0p1_WRT_0p9,0.7801470588235294,1785,False,,,False,False,False,False,False,184.0,0.7787234042553192
SPLL,RialtoBridgeTimelapse,953,0.55,427,0.6500000000000002,0.3548796552511623,0,173,3710,2277,8,0.217,0.4627842040397508,0.5526607836691919,0.5242546497844056,0.41459569863623164,0.12342306845438279,0.2676198230600269,-2.8192817631169373,2.486580303846317,-2.921841313157002,-2.3302840836398757,-3.215787996382892,1.7111958757000287,0.5526607836691919,0.47088555136400656,0.08177523230518535,0.5242546497844056,0.5054021069944756,0.018852542789929982,0.41459569863623164,0.6072015986119554,0.1926058999757238,0.12342306845438279,0.41384169568948265,0.29041862723509987,0.2676198230600269,0.4652425685777196,0.1976227455176927,1880.0,0.8635110294117647,2069.0,0.9503676470588235,1993.0,0.9154411764705882,1245.0,0.5716911764705882,1163.0,0.5340073529411765,0.5340073529411765,WACC_0p9_WRT_0p1,0.7670036764705883,1786,False,,,False,False,False,False,False,173.0,0.7319148936170212
SPLL,RialtoBridgeTimelapse,1896,0.4,708,0.2750000000000001,0.2354726860990873,0,213,361,3601,4,0.29,0.39242319082923016,0.6143145298326699,0.5095497412311293,0.2370081108074337,0.49023213216798045,0.6364552339750537,-2.8192817631169373,2.486580303846317,-2.921841313157002,-2.3302840836398757,-3.215787996382892,1.7111958757000287,0.6143145298326699,0.43053875579668716,0.18377577403598272,0.5095497412311293,0.48527782783889345,0.024271913392235833,0.2370081108074337,0.5957971670553703,0.35878905624793667,0.49023213216798045,0.48582616602018364,0.004405966147796814,0.6364552339750537,0.5796869088398556,0.05676832513519803,1163.0,0.5340073529411765,1696.0,0.7789522058823529,1807.0,0.8299632352941176,1956.0,0.8984375,2039.0,0.9365808823529411,0.5340073529411765,WACC_0p1_WRT_0p9,0.7955882352941177,1787,False,,,False,False,False,False,False,213.0,0.902127659574468
SPLL,RialtoBridgeTimelapse,1958,0.45,148,0.4000000000000001,0.6045079564015148,0,38,2215,1162,9,0.252,0.3755846870683057,0.2643559631901266,0.16562815123355798,0.3149580990456977,0.4868997595288852,0.5523630875770912,-2.8192817631169373,2.486580303846317,-2.921841313157002,-2.3302840836398757,-3.215787996382892,1.7111958757000287,0.2643559631901266,0.46458230686320634,0.20022634367307973,0.16562815123355798,0.47263755886666103,0.307009407633103,0.3149580990456977,0.5652196676146712,0.2502615685689735,0.4868997595288852,0.4096659991443836,0.07723376038450158,0.5523630875770912,0.46533413325195977,0.08702895432513141,1805.0,0.8290441176470589,1396.0,0.6410845588235294,1294.0,0.5942095588235294,1190.0,0.5464154411764706,1164.0,0.5344669117647058,0.5344669117647058,WACC_0p9_WRT_0p1,0.6290441176470589,1788,False,,,False,False,False,False,False,38.0,0.1574468085106383
SPLL,RialtoBridgeTimelapse,423,0.39,175,0.2500000000000001,0.5651093296745381,0,66,107,1811,10,0.26,0.5426734715445722,0.29723882919217703,0.16418445375904978,0.47105657396491235,0.6514122034388994,0.718993247673317,-2.8192817631169373,2.486580303846317,-2.921841313157002,-2.3302840836398757,-3.215787996382892,1.7111958757000287,0.29723882919217703,0.4420252981357306,0.14478646894355357,0.16418445375904978,0.4604971183867742,0.29631266462772443,0.47105657396491235,0.5684415353110596,0.09738496134614721,0.6514122034388994,0.46468738006106747,0.18672482337783192,0.718993247673317,0.5381631071625704,0.18083014051074653,1411.0,0.6479779411764706,1164.0,0.5344669117647058,1347.0,0.6185661764705882,1769.0,0.8125,1751.0,0.8042279411764706,0.5344669117647058,WACC_0p3_WRT_0p7,0.683547794117647,1789,False,,,False,False,False,False,False,66.0,0.2765957446808511
SPLL,RialtoBridgeTimelapse,1991,0.38,154,0.2250000000000001,0.5951682631125356,0,44,2138,2950,4,0.543,0.5952049813426173,0.2704207297625466,0.1282758693408188,0.531618467610269,0.6976214785165649,0.7574656548875728,-2.8192817631169373,2.486580303846317,-2.921841313157002,-2.3302840836398757,-3.215787996382892,1.7111958757000287,0.2704207297625466,0.43060132301279014,0.16018059325024353,0.1282758693408188,0.48031018295768274,0.35203431361686394,0.531618467610269,0.5782656995197336,0.046647231909464626,0.6976214785165649,0.4524122850264584,0.24520919349010645,0.7574656548875728,0.5236776344581731,0.23378802042939972,1164.0,0.5344669117647058,1573.0,0.7224264705882353,1498.0,0.6879595588235294,1645.0,0.7555147058823529,1636.0,0.7513786764705882,0.5344669117647058,WACC_0p1_WRT_0p9,0.6903492647058823,1790,False,,,False,False,False,False,False,44.0,0.1829787234042553
SPLL,RialtoBridgeTimelapse,1240,0.41,236,0.3,0.4947103012816212,0,110,2354,2737,3,0.212,0.43550921292386774,0.36278545530651507,0.24777936137103854,0.34416020397513675,0.5587531122192472,0.6445682486134306,-2.8192817631169373,2.486580303846317,-2.921841313157002,-2.3302840836398757,-3.215787996382892,1.7111958757000287,0.36278545530651507,0.43064341196655676,0.06785795666004169,0.24777936137103854,0.48273200560997426,0.23495264423893572,0.34416020397513675,0.5834347882052536,0.23927458423011688,0.5587531122192472,0.44050003384445224,0.11825307837479493,0.6445682486134306,0.5207037533505479,0.12386449526288279,1165.0,0.5349264705882353,1628.0,0.7477022058823529,1571.0,0.7215073529411765,1532.0,0.7035845588235294,1615.0,0.7417279411764706,0.5349264705882353,WACC_0p1_WRT_0p9,0.689889705882353,1791,False,,,False,False,False,False,False,110.0,0.46382978723404256
SPLL,RialtoBridgeTimelapse,1080,0.46,605,0.4250000000000001,0.2726091490682447,0,201,4932,4271,9,0.618,0.42923784440373774,0.5957232655659821,0.5226547826254603,0.3179696403459521,0.3374497664154631,0.48446693995602036,-2.8192817631169373,2.486580303846317,-2.921841313157002,-2.3302840836398757,-3.215787996382892,1.7111958757000287,0.5957232655659821,0.430764834459174,0.16495843110680808,0.5226547826254603,0.48636405275207456,0.03629072987338572,0.3179696403459521,0.6023608658352207,0.28439122548926865,0.3374497664154631,0.4560231118607219,0.11857334544525883,0.48446693995602036,0.5247194715169156,0.0402525315608952,1167.0,0.5358455882352942,1725.0,0.7922794117647058,1931.0,0.8869485294117647,1680.0,0.7715992647058824,1640.0,0.7532169117647058,0.5358455882352942,WACC_0p1_WRT_0p9,0.7479779411764704,1792,False,,,False,False,False,False,False,201.0,0.851063829787234
SPLL,RialtoBridgeTimelapse,1500,0.49,300,0.5000000000000001,0.4381570571444728,0,143,1110,3049,4,0.552,0.2681882743023591,0.4334403625386096,0.3688776956029479,0.17691437988738357,0.30814981662616886,0.41864174613179445,-2.8192817631169373,2.486580303846317,-2.921841313157002,-2.3302840836398757,-3.215787996382892,1.7111958757000287,0.4334403625386096,0.43077477533194714,0.0026655872066624897,0.3688776956029479,0.47566313610926597,0.10678544050631805,0.17691437988738357,0.584978920802313,0.4080645409149294,0.30814981662616886,0.43391288772359,0.12576307109742113,0.41864174613179445,0.5127997487589485,0.09415800262715407,1168.0,0.5363051470588235,1477.0,0.6783088235294118,1598.0,0.7339154411764706,1465.0,0.6727941176470589,1548.0,0.7109375,0.5363051470588235,WACC_0p1_WRT_0p9,0.6664522058823529,1793,False,,,False,False,False,False,False,143.0,0.6042553191489362
SPLL,RialtoBridgeTimelapse,2089,0.55,88,0.6500000000000002,0.7264173207993281,0,6,3274,1895,6,0.433,0.13441106034200487,0.15983337909502826,0.11326506297473667,0.10728597337161833,0.24097975802453112,0.2904826427067557,-2.8192817631169373,2.486580303846317,-2.921841313157002,-2.3302840836398757,-3.215787996382892,1.7111958757000287,0.15983337909502826,0.46176455210192424,0.301931173006896,0.11326506297473667,0.48291524427248733,0.3696501812977507,0.10728597337161833,0.5884600510211447,0.4811740776495264,0.24097975802453112,0.4078959966372222,0.1669162386126911,0.2904826427067557,0.46549812186349404,0.17501547915673832,1768.0,0.8120404411764706,1634.0,0.7504595588235294,1658.0,0.7614889705882353,1178.0,0.5409007352941176,1168.0,0.5363051470588235,0.5363051470588235,WACC_0p9_WRT_0p1,0.6802389705882353,1794,False,,,False,False,False,False,False,6.0,0.02127659574468085
SPLL,RialtoBridgeTimelapse,1968,0.44,354,0.3750000000000001,0.3991204288036956,0,160,2941,3119,2,0.172,0.2904896851038917,0.45964307434478874,0.36868719120525534,0.16991682819890316,0.43457274544045216,0.5469077284323698,-2.8192817631169373,2.486580303846317,-2.921841313157002,-2.3302840836398757,-3.215787996382892,1.7111958757000287,0.45964307434478874,0.4308651665508715,0.028777907793917257,0.36868719120525534,0.4672792751091305,0.09859208390387514,0.16991682819890316,0.5844933569781273,0.41457652877922413,0.43457274544045216,0.4317840916466456,0.0027886537938065503,0.5469077284323698,0.5171721401411736,0.029735588291196158,1170.0,0.5372242647058824,1294.0,0.5942095588235294,1588.0,0.7293198529411765,1447.0,0.6645220588235294,1582.0,0.7265625,0.5372242647058824,WACC_0p1_WRT_0p9,0.6503676470588236,1795,False,,,False,False,False,False,False,160.0,0.676595744680851
SPLL,RialtoBridgeTimelapse,1795,0.51,321,0.5500000000000002,0.4222021471026171,0,150,3554,2808,7,0.2,0.3155163982645038,0.45730629642084997,0.40463630606960094,0.2392092266574174,0.24853076480496214,0.36652413076890594,-2.8192817631169373,2.486580303846317,-2.921841313157002,-2.3302840836398757,-3.215787996382892,1.7111958757000287,0.45730629642084997,0.4553843377335665,0.0019219586872834538,0.40463630606960094,0.4914264298478723,0.08679012377827139,0.2392092266574174,0.5929515993793036,0.35374237272188624,0.24853076480496214,0.4067169500474002,0.15818618524243808,0.36652413076890594,0.4860021843704747,0.11947805360156877,1677.0,0.7702205882352942,1836.0,0.8432904411764706,1747.0,0.8023897058823529,1170.0,0.5372242647058824,1334.0,0.6125919117647058,0.5372242647058824,WACC_0p7_WRT_0p3,0.7131433823529412,1796,False,,,False,False,False,False,False,150.0,0.6340425531914894
SPLL,RialtoBridgeTimelapse,1445,0.54,356,0.6250000000000002,0.3977913531875093,0,156,3646,2450,5,0.292,0.3911460266189561,0.49832846591027524,0.4629201243135022,0.33623177072142857,0.16152187943122842,0.29189381126370717,-2.8192817631169373,2.486580303846317,-2.921841313157002,-2.3302840836398757,-3.215787996382892,1.7111958757000287,0.49832846591027524,0.45978049520875336,0.03854797070152188,0.4629201243135022,0.4988679539713773,0.035947829657875074,0.33623177072142857,0.6130957414574396,0.27686397073601104,0.16152187943122842,0.4115447404474154,0.250022861016187,0.29189381126370717,0.4656569724007732,0.17376316113706602,1736.0,0.7973345588235294,1979.0,0.9090073529411765,2071.0,0.9512867647058824,1211.0,0.5560661764705882,1170.0,0.5372242647058824,0.5372242647058824,WACC_0p9_WRT_0p1,0.7501838235294118,1797,False,,,False,False,False,False,False,156.0,0.6595744680851063
SPLL,RialtoBridgeTimelapse,1263,0.51,168,0.5500000000000002,0.5747107857207654,0,56,897,1800,7,0.015,0.1731589783095336,0.3005255488014311,0.2399032200914809,0.10235195855526724,0.2988711013250532,0.3789573143182943,-2.8192817631169373,2.486580303846317,-2.921841313157002,-2.3302840836398757,-3.215787996382892,1.7111958757000287,0.3005255488014311,0.4821225138015853,0.18159696500015415,0.2399032200914809,0.4869881435338767,0.2470849234423958,0.10235195855526724,0.5550620418636741,0.4527100833084069,0.2988711013250532,0.4106950557364304,0.11182395441137721,0.3789573143182943,0.49583997068962427,0.11688265637132994,2003.0,0.9200367647058824,1738.0,0.7982536764705882,1171.0,0.5376838235294118,1200.0,0.5510110294117647,1400.0,0.6429227941176471,0.5376838235294118,WACC_0p5_WRT_0p5,0.6899816176470588,1798,False,,,False,False,False,False,False,56.0,0.23404255319148937
SPLL,RialtoBridgeTimelapse,1306,0.48,734,0.475,0.2269524497912581,0,210,4704,4507,5,0.413,0.5155576248401111,0.6537300084767644,0.5936056107873284,0.4189202223045381,0.27017740780731553,0.43284049355546295,-2.8192817631169373,2.486580303846317,-2.921841313157002,-2.3302840836398757,-3.215787996382892,1.7111958757000287,0.6537300084767644,0.4308975871918748,0.22283242128488961,0.5936056107873284,0.49223648802971176,0.10136912275761667,0.4189202223045381,0.6254319511986319,0.2065117288940938,0.27017740780731553,0.4522704118689644,0.18209300406164886,0.43284049355546295,0.5323488523910771,0.09950835883561415,1171.0,0.5376838235294118,1854.0,0.8515625,2152.0,0.9885110294117647,1643.0,0.7545955882352942,1699.0,0.7803308823529411,0.5376838235294118,WACC_0p1_WRT_0p9,0.7825367647058824,1799,False,,,False,False,False,False,False,210.0,0.8893617021276595
SPLL,RialtoBridgeTimelapse,2110,0.46,265,0.4250000000000001,0.4674010086843854,0,128,3109,3369,10,0.63,0.26657340740574675,0.39623142672927997,0.3128772262859072,0.16572040283097592,0.40231615646548713,0.501072242286553,-2.8192817631169373,2.486580303846317,-2.921841313157002,-2.3302840836398757,-3.215787996382892,1.7111958757000287,0.39623142672927997,0.43091263189470025,0.03468120516542028,0.3128772262859072,0.4966736315718306,0.1837964052859234,0.16572040283097592,0.6025896203612364,0.43686921753026053,0.40231615646548713,0.4411210930262614,0.03880493656077427,0.501072242286553,0.5139384707073739,0.012866228420820858,1172.0,0.5381433823529411,1943.0,0.8924632352941176,1932.0,0.8874080882352942,1541.0,0.7077205882352942,1557.0,0.7150735294117647,0.5381433823529411,WACC_0p1_WRT_0p9,0.7481617647058825,1800,False,,,False,False,False,False,False,128.0,0.5404255319148936
SPLL,RialtoBridgeTimelapse,1490,0.54,484,0.6250000000000002,0.3253017216948862,0,180,4046,2520,8,0.697,0.484556388656291,0.579380187866749,0.5469362977040794,0.42948275170592726,0.14107457206376492,0.29085773066957427,-2.8192817631169373,2.486580303846317,-2.921841313157002,-2.3302840836398757,-3.215787996382892,1.7111958757000287,0.579380187866749,0.44912622062912066,0.1302539672376284,0.5469362977040794,0.4842469531656508,0.06268934453842856,0.42948275170592726,0.5794749402225053,0.14999218851657808,0.14107457206376492,0.4078054635896906,0.26673089152592566,0.29085773066957427,0.46622240363688744,0.17536467296731317,1571.0,0.7215073529411765,1669.0,0.7665441176470589,1515.0,0.6957720588235294,1176.0,0.5399816176470589,1173.0,0.5386029411764706,0.5386029411764706,WACC_0p9_WRT_0p1,0.6524816176470589,1801,False,,,False,False,False,False,False,180.0,0.7617021276595745
SPLL,RialtoBridgeTimelapse,1268,0.34,717,0.1250000000000001,0.2324885210412108,0,218,259,4168,10,0.177,0.503112523174649,0.6038903791551042,0.46456398011027916,0.3368996188980812,0.6591090397369309,0.7972967673105178,-2.8192817631169373,2.486580303846317,-2.921841313157002,-2.3302840836398757,-3.215787996382892,1.7111958757000287,0.6038903791551042,0.4309500037790402,0.17294037537606405,0.46456398011027916,0.4900349543101594,0.02547097419988026,0.3368996188980812,0.6056379785328587,0.26873835963477755,0.6591090397369309,0.5325222764741538,0.12658676326277707,0.7972967673105178,0.6061275947784629,0.1911691725320549,1173.0,0.5386029411764706,1810.0,0.8313419117647058,1976.0,0.9076286764705882,2140.0,0.9829963235294118,2135.0,0.9806985294117647,0.5386029411764706,WACC_0p1_WRT_0p9,0.8482536764705882,1802,False,,,False,False,False,False,False,218.0,0.9234042553191489
SPLL,RialtoBridgeTimelapse,1799,0.49,212,0.5000000000000001,0.5199689177131914,0,92,4673,3672,9,0.743,0.2042648230120051,0.3505301185929247,0.2815078494346094,0.11784679341983935,0.33600751179337546,0.42641184193697834,-2.8192817631169373,2.486580303846317,-2.921841313157002,-2.3302840836398757,-3.215787996382892,1.7111958757000287,0.3505301185929247,0.43099823200839343,0.08046811341546872,0.2815078494346094,0.4838860621506461,0.20237821271603673,0.11784679341983935,0.5825175788092197,0.4646707853893804,0.33600751179337546,0.43281810602630355,0.0968105942329281,0.42641184193697834,0.5031841530183087,0.07677231108133031,1174.0,0.5390625,1660.0,0.7624080882352942,1553.0,0.7132352941176471,1455.0,0.6681985294117647,1452.0,0.6668198529411765,0.5390625,WACC_0p1_WRT_0p9,0.6699448529411764,1803,False,,,False,False,False,False,False,92.0,0.3872340425531915
SPLL,RialtoBridgeTimelapse,1747,0.46,357,0.4250000000000001,0.3971296049589576,0,161,3220,3857,3,0.496,0.27759068083272653,0.46659694929253015,0.38723144652293806,0.1644315925492726,0.3776819515707605,0.4935193200804731,-2.8192817631169373,2.486580303846317,-2.921841313157002,-2.3302840836398757,-3.215787996382892,1.7111958757000287,0.46659694929253015,0.4310073844535674,0.03558956483896275,0.38723144652293806,0.48062183772231437,0.09339039119937631,0.1644315925492726,0.6072848123774791,0.4428532198282065,0.3776819515707605,0.45080638575202725,0.07312443418126674,0.4935193200804731,0.5305667282373756,0.037047408156902495,1175.0,0.5395220588235294,1580.0,0.7256433823529411,1994.0,0.9159007352941176,1631.0,0.7490808823529411,1690.0,0.7761948529411765,0.5395220588235294,WACC_0p1_WRT_0p9,0.7412683823529412,1804,False,,,False,False,False,False,False,161.0,0.6808510638297872
SPLL,RialtoBridgeTimelapse,2068,0.39,130,0.2500000000000001,0.6349667260665464,0,24,2126,1874,8,0.024,0.589952068885944,0.2356916260215059,0.096168969241221,0.5371268991403259,0.6874507447255578,0.7396083437663257,-2.8192817631169373,2.486580303846317,-2.921841313157002,-2.3302840836398757,-3.215787996382892,1.7111958757000287,0.2356916260215059,0.4824528069789851,0.24676118095747923,0.096168969241221,0.4925016153776036,0.39633264613638264,0.5371268991403259,0.5555221686585046,0.018395269518178714,0.6874507447255578,0.4529206465658706,0.23453009815968717,0.7396083437663257,0.524927117429351,0.21468122633697462,2008.0,0.9223345588235294,1858.0,0.8534007352941176,1175.0,0.5395220588235294,1650.0,0.7578125,1643.0,0.7545955882352942,0.5395220588235294,WACC_0p5_WRT_0p5,0.7655330882352942,1805,False,,,False,False,False,False,False,24.0,0.09787234042553192
SPLL,RialtoBridgeTimelapse,1374,0.44,383,0.3750000000000001,0.3805434457343299,0,168,3104,3511,7,0.555,0.2807535392202885,0.4781996764771509,0.38830644936014064,0.15449261297563766,0.42802390877162794,0.5448652655473387,-2.8192817631169373,2.486580303846317,-2.921841313157002,-2.3302840836398757,-3.215787996382892,1.7111958757000287,0.4781996764771509,0.431080752763858,0.047118923713292904,0.38830644936014064,0.48311689857966095,0.09481044921952031,0.15449261297563766,0.5973717917290136,0.4428791787533759,0.42802390877162794,0.44442603933163893,0.016402130560010997,0.5448652655473387,0.5241174128963146,0.02074785265102408,1176.0,0.5399816176470589,1642.0,0.7541360294117647,1849.0,0.8492647058823529,1577.0,0.7242647058823529,1638.0,0.7522977941176471,0.5399816176470589,WACC_0p1_WRT_0p9,0.7239889705882353,1806,False,,,False,False,False,False,False,168.0,0.7106382978723405
SPLL,RialtoBridgeTimelapse,2065,0.57,449,0.7,0.3430214865009923,0,175,4246,2241,8,0.08,0.5132320499351989,0.581223475599245,0.5636070056933817,0.4782642154563532,0.06881952293752237,0.2214359704575778,-2.8192817631169373,2.486580303846317,-2.921841313157002,-2.3302840836398757,-3.215787996382892,1.7111958757000287,0.581223475599245,0.48449058213111423,0.0967328934681308,0.5636070056933817,0.5097238583915937,0.053883147301788004,0.4782642154563532,0.6005221963005528,0.12225798084419959,0.06881952293752237,0.41078475484306476,0.3419652319055424,0.2214359704575778,0.4667085346574917,0.2452725641999139,2025.0,0.9301470588235294,2104.0,0.9664522058823529,1901.0,0.8731617647058824,1201.0,0.5514705882352942,1177.0,0.5404411764705882,0.5404411764705882,WACC_0p9_WRT_0p1,0.7723345588235294,1807,False,,,False,False,False,False,False,175.0,0.7404255319148936
SPLL,RialtoBridgeTimelapse,1205,0.48,722,0.475,0.2308467737346013,0,208,4904,4623,5,0.443,0.5106419257717969,0.6494878537597651,0.5891934533896718,0.4139926375499633,0.2713198081446435,0.4329645265334041,-2.8192817631169373,2.486580303846317,-2.921841313157002,-2.3302840836398757,-3.215787996382892,1.7111958757000287,0.6494878537597651,0.4311069173639595,0.21838093639580564,0.5891934533896718,0.4932028087557727,0.09599064463389906,0.4139926375499633,0.6218126923973691,0.20782005484740584,0.2713198081446435,0.45995776205677497,0.18863795391213145,0.4329645265334041,0.5355345688976421,0.10257004236423795,1177.0,0.5404411764705882,1880.0,0.8635110294117647,2128.0,0.9774816176470589,1721.0,0.7904411764705882,1727.0,0.7931985294117647,0.5404411764705882,WACC_0p1_WRT_0p9,0.7930147058823529,1808,False,,,False,False,False,False,False,208.0,0.8808510638297873
SPLL,RialtoBridgeTimelapse,761,0.58,182,0.725,0.5558824005318957,0,64,1829,1666,7,0.46,0.2520600911369879,0.34618802451463926,0.3253681940883003,0.22490202525375239,0.10188236838581238,0.19908367155031217,-2.8192817631169373,2.486580303846317,-2.921841313157002,-2.3302840836398757,-3.215787996382892,1.7111958757000287,0.34618802451463926,0.4578761849704147,0.11168816045577545,0.3253681940883003,0.4612740329971066,0.1359058389088063,0.22490202525375239,0.5559917324356047,0.3310897071818524,0.10188236838581238,0.4116676450752342,0.3097852766894218,0.19908367155031217,0.4707786099311237,0.2716949383808115,1711.0,0.7858455882352942,1178.0,0.5409007352941176,1181.0,0.5422794117647058,1212.0,0.5565257352941176,1206.0,0.5537683823529411,0.5409007352941176,WACC_0p3_WRT_0p7,0.5958639705882353,1809,False,,,False,False,False,False,False,64.0,0.2680851063829787
SPLL,RialtoBridgeTimelapse,1714,0.47,186,0.45,0.5507670696226381,0,70,2451,1638,7,0.73,0.2816779731222199,0.31679910773193415,0.2341155029933353,0.20530428582549964,0.40496278567154925,0.48527493451493736,-2.8192817631169373,2.486580303846317,-2.921841313157002,-2.3302840836398757,-3.215787996382892,1.7111958757000287,0.31679910773193415,0.433467213528362,0.11666810579642783,0.2341155029933353,0.46907442972766544,0.23495892673433014,0.20530428582549964,0.5558263176023027,0.3505220317768031,0.40496278567154925,0.41374264987801984,0.008779864206470589,0.48527493451493736,0.4793767859753703,0.00589814853956705,1231.0,0.5652573529411765,1333.0,0.6121323529411765,1179.0,0.5413602941176471,1243.0,0.5707720588235294,1266.0,0.5813419117647058,0.5413602941176471,WACC_0p5_WRT_0p5,0.5741727941176471,1810,False,,,False,False,False,False,False,70.0,0.2936170212765957
SPLL,RialtoBridgeTimelapse,1378,0.46,749,0.4250000000000001,0.2221729975914963,0,212,4359,4712,5,0.371,0.4918210804153613,0.6494268968590123,0.5787067214432212,0.38097059116384985,0.322033463272917,0.4819744628128525,-2.8192817631169373,2.486580303846317,-2.921841313157002,-2.3302840836398757,-3.215787996382892,1.7111958757000287,0.6494268968590123,0.43116051887846896,0.21826637798054338,0.5787067214432212,0.5006139340252457,0.07809278741797554,0.38097059116384985,0.6277895890847127,0.24681899792086287,0.322033463272917,0.46606845926856577,0.14403499599564878,0.4819744628128525,0.543841757604896,0.06186729479204345,1179.0,0.5413602941176471,2016.0,0.9260110294117647,2158.0,0.9912683823529411,1786.0,0.8203125,1779.0,0.8170955882352942,0.5413602941176471,WACC_0p1_WRT_0p9,0.8192095588235293,1811,False,,,False,False,False,False,False,212.0,0.8978723404255319
SPLL,RialtoBridgeTimelapse,1181,0.35,119,0.15,0.6557156594979566,0,22,2080,1659,4,0.315,0.7384298907817765,0.21864566374788774,0.08683843026897216,0.6901402679891411,0.8267754407654471,0.8703520467775434,-2.8192817631169373,2.486580303846317,-2.921841313157002,-2.3302840836398757,-3.215787996382892,1.7111958757000287,0.21864566374788774,0.4332903555028729,0.21464469175498518,0.08683843026897216,0.46134725172049923,0.3745088214515271,0.6901402679891411,0.5673866205381017,0.12275364745103934,0.8267754407654471,0.41284226107618893,0.41393317968925813,0.8703520467775434,0.49441557101429084,0.37593647576325256,1228.0,0.5638786764705882,1180.0,0.5418198529411765,1332.0,0.6116727941176471,1229.0,0.5643382352941176,1396.0,0.6410845588235294,0.5418198529411765,WACC_0p3_WRT_0p7,0.5845588235294118,1812,False,,,False,False,False,False,False,22.0,0.08936170212765958
SPLL,RialtoBridgeTimelapse,1807,0.55,249,0.6500000000000002,0.4820770212075161,0,115,3815,2875,5,0.472,0.29946738655753113,0.4110841648378355,0.377414941272291,0.2514415387558797,0.15955247174412232,0.2698290138240188,-2.8192817631169373,2.486580303846317,-2.921841313157002,-2.3302840836398757,-3.215787996382892,1.7111958757000287,0.4110841648378355,0.45338833558281655,0.04230417074498105,0.377414941272291,0.4928163982672649,0.1154014569949739,0.2514415387558797,0.6067252767965429,0.35528373804066316,0.15955247174412232,0.40808521326221725,0.24853274151809493,0.2698290138240188,0.4702311712268609,0.20040215740284212,1631.0,0.7490808823529411,1870.0,0.8589154411764706,1987.0,0.9126838235294118,1180.0,0.5418198529411765,1205.0,0.5533088235294118,0.5418198529411765,WACC_0p7_WRT_0p3,0.7231617647058823,1813,False,,,False,False,False,False,False,115.0,0.4851063829787234
SPLL,RialtoBridgeTimelapse,1998,0.51,181,0.5500000000000002,0.5571787042544939,0,66,967,1831,5,0.4,0.16393278224497235,0.3179906083772039,0.2583807541045991,0.08777258866721498,0.2926475294611406,0.3769770382981299,-2.8192817631169373,2.486580303846317,-2.921841313157002,-2.3302840836398757,-3.215787996382892,1.7111958757000287,0.3179906083772039,0.4436415893100509,0.125650980932847,0.2583807541045991,0.4663345914201221,0.20795383731552303,0.08777258866721498,0.573091859806451,0.48531927113923606,0.2926475294611406,0.40830906960923385,0.11566154014809327,0.3769770382981299,0.47488893174817653,0.09791189345004664,1445.0,0.6636029411764706,1275.0,0.5854779411764706,1426.0,0.6548713235294118,1181.0,0.5422794117647058,1234.0,0.5666360294117647,0.5422794117647058,WACC_0p7_WRT_0p3,0.6025735294117647,1814,False,,,False,False,False,False,False,66.0,0.2765957446808511
SPLL,RialtoBridgeTimelapse,1654,0.53,310,0.6000000000000002,0.4304251651410874,0,144,3924,2886,5,0.631,0.3344446201731366,0.4573285180053682,0.4151673935972716,0.27245386125577886,0.19741585147269014,0.31711735383042416,-2.8192817631169373,2.486580303846317,-2.921841313157002,-2.3302840836398757,-3.215787996382892,1.7111958757000287,0.4573285180053682,0.43908497801942387,0.018243539985944357,0.4151673935972716,0.4887196199922646,0.07355222639499298,0.27245386125577886,0.593985158013099,0.3215312967573202,0.19741585147269014,0.4122843529733546,0.21486850150066444,0.31711735383042416,0.46693992466595036,0.1498225708355262,1350.0,0.6199448529411765,1783.0,0.8189338235294118,1772.0,0.8138786764705882,1220.0,0.5602022058823529,1181.0,0.5422794117647058,0.5422794117647058,WACC_0p9_WRT_0p1,0.6710477941176471,1815,False,,,False,False,False,False,False,144.0,0.6085106382978723
SPLL,RialtoBridgeTimelapse,2123,0.54,143,0.6250000000000002,0.612582966835167,0,32,1305,1811,9,0.683,0.12459802037926283,0.2697441749253534,0.22424679807948902,0.06777815302115156,0.22759557944806902,0.30294331835367944,-2.8192817631169373,2.486580303846317,-2.921841313157002,-2.3302840836398757,-3.215787996382892,1.7111958757000287,0.2697441749253534,0.44790768871159475,0.17816351378624135,0.22424679807948902,0.4749364867121457,0.2506896886326567,0.06777815302115156,0.5585126308303647,0.4907344778092132,0.22759557944806902,0.4085584713989424,0.1809628919508734,0.30294331835367944,0.4737952523622627,0.17085193400858328,1539.0,0.7068014705882353,1457.0,0.6691176470588235,1212.0,0.5565257352941176,1185.0,0.5441176470588235,1224.0,0.5620404411764706,0.5441176470588235,WACC_0p7_WRT_0p3,0.6077205882352941,1816,False,,,False,False,False,False,False,32.0,0.13191489361702127
SPLL,RialtoBridgeTimelapse,1975,0.53,325,0.6000000000000002,0.4192814329997297,0,151,1090,1694,8,0.2,0.348467321226477,0.4694184096584287,0.42774914729362756,0.2865204692659082,0.1941242585397363,0.3167292414164304,-2.8192817631169373,2.486580303846317,-2.921841313157002,-2.3302840836398757,-3.215787996382892,1.7111958757000287,0.4694184096584287,0.4511331898112182,0.018285219847210488,0.42774914729362756,0.47513619479375196,0.0473870475001244,0.2865204692659082,0.5651813280539675,0.2786608587880593,0.1941242585397363,0.41081720789745824,0.21669294935772193,0.3167292414164304,0.46730707461230064,0.15057783319587026,1601.0,0.7352941176470589,1463.0,0.671875,1293.0,0.59375,1202.0,0.5519301470588235,1186.0,0.5445772058823529,0.5445772058823529,WACC_0p9_WRT_0p1,0.619485294117647,1817,False,,,False,False,False,False,False,151.0,0.6382978723404256
SPLL,RialtoBridgeTimelapse,1141,0.31,287,0.05,0.4486017852628814,0,141,2007,2800,3,0.429,0.7250121433455285,0.39900238375909247,0.22547162347057034,0.6210373281022883,0.8407128453376709,0.9255031512169042,-2.8192817631169373,2.486580303846317,-2.921841313157002,-2.3302840836398757,-3.215787996382892,1.7111958757000287,0.39900238375909247,0.43165692127217065,0.032654537513078175,0.22547162347057034,0.47168015063750685,0.2462085271669365,0.6210373281022883,0.5853998133320019,0.03563751477028643,0.8407128453376709,0.43846919000999957,0.4022436553276713,0.9255031512169042,0.5141729661545352,0.41133018506236896,1186.0,0.5445772058823529,1385.0,0.6360294117647058,1605.0,0.7371323529411765,1511.0,0.6939338235294118,1559.0,0.7159926470588235,0.5445772058823529,WACC_0p1_WRT_0p9,0.6655330882352941,1818,False,,,False,False,False,False,False,141.0,0.5957446808510638
SPLL,RialtoBridgeTimelapse,1786,0.54,245,0.6250000000000002,0.4858928271158029,0,113,1309,1908,6,0.081,0.27974417124420914,0.40214769222475405,0.36291270325992797,0.2245982556643755,0.18728807511785228,0.29457544630802845,-2.8192817631169373,2.486580303846317,-2.921841313157002,-2.3302840836398757,-3.215787996382892,1.7111958757000287,0.40214769222475405,0.46504497987106136,0.06289728764630731,0.36291270325992797,0.48925834261407053,0.12634563935414256,0.2245982556643755,0.5886780486820204,0.3640797930176449,0.18728807511785228,0.4088559008511373,0.22156782573328504,0.29457544630802845,0.48342891335309957,0.1888534670450711,1812.0,0.8322610294117647,1791.0,0.8226102941176471,1669.0,0.7665441176470589,1186.0,0.5445772058823529,1301.0,0.5974264705882353,0.5445772058823529,WACC_0p7_WRT_0p3,0.7126838235294117,1819,False,,,False,False,False,False,False,113.0,0.4765957446808511
SPLL,RialtoBridgeTimelapse,2007,0.46,406,0.4250000000000001,0.3667817377221254,0,174,3596,4258,7,0.452,0.31415478529942986,0.4975733364473785,0.419821361236254,0.20158952905019445,0.3675299723268025,0.4908638090706768,-2.8192817631169373,2.486580303846317,-2.921841313157002,-2.3302840836398757,-3.215787996382892,1.7111958757000287,0.4975733364473785,0.43182823488436656,0.06574510156301194,0.419821361236254,0.4971852763460246,0.07736391510977059,0.20158952905019445,0.6228308690406025,0.421241339990408,0.3675299723268025,0.46187908191104354,0.09434910958424103,0.4908638090706768,0.5379906947430787,0.04712688567240192,1187.0,0.5450367647058824,1956.0,0.8984375,2133.0,0.9797794117647058,1742.0,0.8000919117647058,1749.0,0.8033088235294118,0.5450367647058824,WACC_0p1_WRT_0p9,0.8053308823529411,1820,False,,,False,False,False,False,False,174.0,0.7361702127659574
SPLL,RialtoBridgeTimelapse,1638,0.47,1109,0.45,0.1294257044009727,0,221,4095,4582,5,0.388,0.6239617271116951,0.755411685245349,0.6941244096511504,0.5204731899676005,0.26827021335660495,0.4544941327256068,-2.8192817631169373,2.486580303846317,-2.921841313157002,-2.3302840836398757,-3.215787996382892,1.7111958757000287,0.755411685245349,0.4318464515521259,0.32356523369322304,0.6941244096511504,0.4987920879516052,0.19533232169954523,0.5204731899676005,0.6259782627760067,0.10550507280840615,0.26827021335660495,0.4634499351222622,0.19517972176565723,0.4544941327256068,0.542321635615813,0.08782750289020624,1188.0,0.5454963235294118,1977.0,0.9080882352941176,2154.0,0.9894301470588235,1757.0,0.8069852941176471,1771.0,0.8134191176470589,0.5454963235294118,WACC_0p1_WRT_0p9,0.8126838235294118,1821,False,,,False,False,False,False,False,221.0,0.9361702127659575
SPLL,RialtoBridgeTimelapse,1308,0.49,221,0.5000000000000001,0.5101782169264885,0,100,1195,2681,2,0.051,0.1991222653452598,0.36029554802295516,0.29183621537363025,0.10971097725267497,0.33254312203692077,0.42531953729724603,-2.8192817631169373,2.486580303846317,-2.921841313157002,-2.3302840836398757,-3.215787996382892,1.7111958757000287,0.36029554802295516,0.4423217964865692,0.08202624846361406,0.29183621537363025,0.46206364266140126,0.17022742728777102,0.10971097725267497,0.5837156988869581,0.4740047216342831,0.33254312203692077,0.4226339830500302,0.09009086101310942,0.42531953729724603,0.5037426761795755,0.07842313888232944,1418.0,0.6511948529411765,1189.0,0.5459558823529411,1577.0,0.7242647058823529,1353.0,0.6213235294117647,1460.0,0.6704963235294118,0.5459558823529411,WACC_0p3_WRT_0p7,0.6426470588235295,1822,False,,,False,False,False,False,False,100.0,0.42127659574468085
SPLL,RialtoBridgeTimelapse,1956,0.54,520,0.6250000000000002,0.3083626910791387,0,184,4510,2459,7,0.007,0.5065811153779759,0.5985296164771534,0.5667613325492221,0.4514360611391838,0.13636418166331654,0.29072945669370975,-2.8192817631169373,2.486580303846317,-2.921841313157002,-2.3302840836398757,-3.215787996382892,1.7111958757000287,0.5985296164771534,0.49023641608103397,0.10829320039611945,0.5667613325492221,0.5123045884346985,0.054456744114523614,0.4514360611391838,0.5966670585799166,0.14523099744073287,0.13636418166331654,0.41137027196970904,0.2750060903063925,0.29072945669370975,0.46808185754923454,0.17735240085552478,2061.0,0.9466911764705882,2118.0,0.9728860294117647,1826.0,0.8386948529411765,1207.0,0.5542279411764706,1190.0,0.5464154411764706,0.5464154411764706,WACC_0p9_WRT_0p1,0.7717830882352941,1823,False,,,False,False,False,False,False,184.0,0.7787234042553192
SPLL,RialtoBridgeTimelapse,682,0.41,607,0.3,0.2718296596070206,0,204,648,4871,9,0.237,0.3619849561330441,0.580141518501507,0.4790996628299925,0.21341215773955563,0.47466628329451943,0.613511063028889,-2.8192817631169373,2.486580303846317,-2.921841313157002,-2.3302840836398757,-3.215787996382892,1.7111958757000287,0.580141518501507,0.43192765023597635,0.14821386826553062,0.4790996628299925,0.49665609604728755,0.017556433217295053,0.21341215773955563,0.616951531152187,0.4035393734126314,0.47466628329451943,0.5282594071449493,0.05359312385042991,0.613511063028889,0.6142935750061276,0.0007825119772385536,1190.0,0.5464154411764706,1942.0,0.8920036764705882,2103.0,0.9659926470588235,2132.0,0.9793198529411765,2152.0,0.9885110294117647,0.5464154411764706,WACC_0p1_WRT_0p9,0.8744485294117647,1824,False,,,False,False,False,False,False,204.0,0.8638297872340426
SPLL,RialtoBridgeTimelapse,1844,0.55,189,0.6500000000000002,0.5470018733706472,0,71,3501,2213,10,0.324,0.21821242425972784,0.34115399342166924,0.3045591072397842,0.169822742322348,0.17898388058710465,0.2724530860128472,-2.8192817631169373,2.486580303846317,-2.921841313157002,-2.3302840836398757,-3.215787996382892,1.7111958757000287,0.34115399342166924,0.47011993413249786,0.12896594071082862,0.3045591072397842,0.5007604504013143,0.19620134316153015,0.169822742322348,0.6021817960416855,0.4323590537193375,0.17898388058710465,0.4186250064380272,0.23964112585092254,0.2724530860128472,0.46836912888873883,0.19591604287589165,1870.0,0.8589154411764706,2020.0,0.9278492647058824,1928.0,0.8855698529411765,1302.0,0.5978860294117647,1191.0,0.546875,0.546875,WACC_0p9_WRT_0p1,0.7634191176470588,1825,False,,,False,False,False,False,False,71.0,0.2978723404255319
SPLL,RialtoBridgeTimelapse,1626,0.52,240,0.5750000000000002,0.4907507973506212,0,112,3614,2762,3,0.315,0.2452095995368952,0.38892937155725454,0.33848154935887553,0.17547168451957776,0.24280850496120565,0.34519151660735836,-2.8192817631169373,2.486580303846317,-2.921841313157002,-2.3302840836398757,-3.215787996382892,1.7111958757000287,0.38892937155725454,0.44815398397189976,0.05922461241464522,0.33848154935887553,0.48279102978304517,0.14430948042416963,0.17547168451957776,0.5984443825458221,0.4229726980262444,0.24280850496120565,0.41861005702692916,0.1758015520657235,0.34519151660735836,0.4686430844730352,0.12345156786567685,1545.0,0.7095588235294118,1631.0,0.7490808823529411,1867.0,0.8575367647058824,1300.0,0.5969669117647058,1192.0,0.5473345588235294,0.5473345588235294,WACC_0p9_WRT_0p1,0.6920955882352942,1826,False,,,False,False,False,False,False,112.0,0.4723404255319149
SPLL,RialtoBridgeTimelapse,720,0.41,355,0.3,0.3984549576547569,0,164,2506,3233,8,0.477,0.38082242678429007,0.45447255376569173,0.3460096765405365,0.261401514161948,0.520108250849762,0.62839859888895,-2.8192817631169373,2.486580303846317,-2.921841313157002,-2.3302840836398757,-3.215787996382892,1.7111958757000287,0.45447255376569173,0.4320794555249964,0.022393098240695353,0.3460096765405365,0.4825832181756887,0.13657354163515223,0.261401514161948,0.5832869376489984,0.3218854234870504,0.520108250849762,0.4697979055476345,0.05031034530212747,0.62839859888895,0.538822950978784,0.08957564791016603,1192.0,0.5473345588235294,1625.0,0.7463235294117647,1565.0,0.71875,1825.0,0.8382352941176471,1755.0,0.8060661764705882,0.5473345588235294,WACC_0p1_WRT_0p9,0.731341911764706,1827,False,,,False,False,False,False,False,164.0,0.6936170212765957
SPLL,RialtoBridgeTimelapse,1912,0.55,195,0.6500000000000002,0.5396466227882225,0,76,3307,1977,9,0.045,0.22733505682282742,0.348981112128038,0.31272922976156664,0.17900727189217902,0.17673337873548514,0.2720863080523361,-2.8192817631169373,2.486580303846317,-2.921841313157002,-2.3302840836398757,-3.215787996382892,1.7111958757000287,0.348981112128038,0.4839439081449487,0.1349627960169107,0.31272922976156664,0.5094967596305602,0.19676752986899354,0.17900727189217902,0.5997558389709302,0.4207485670787512,0.17673337873548514,0.40977985474219747,0.23304647600671233,0.2720863080523361,0.4860345766910234,0.21394826863868732,2020.0,0.9278492647058824,2102.0,0.9655330882352942,1895.0,0.8704044117647058,1192.0,0.5473345588235294,1335.0,0.6130514705882353,0.5473345588235294,WACC_0p7_WRT_0p3,0.7848345588235294,1828,False,,,False,False,False,False,False,76.0,0.3191489361702128
SPLL,RialtoBridgeTimelapse,1790,0.4,120,0.2750000000000001,0.6537523715710118,0,23,131,1799,6,0.264,0.5702216099270525,0.2193469292427517,0.08444835583937046,0.5225463717690229,0.6661757647543111,0.7152651413090262,-2.8192817631169373,2.486580303846317,-2.921841313157002,-2.3302840836398757,-3.215787996382892,1.7111958757000287,0.2193469292427517,0.4384844700128307,0.219137540770079,0.08444835583937046,0.4623362624962277,0.37788790665685723,0.5225463717690229,0.5729899092352149,0.05044353746619201,0.6661757647543111,0.47873684308021125,0.1874389216740998,0.7152651413090262,0.5539155924181426,0.1613495488908836,1337.0,0.6139705882352942,1194.0,0.5482536764705882,1419.0,0.6516544117647058,1901.0,0.8731617647058824,1867.0,0.8575367647058824,0.5482536764705882,WACC_0p3_WRT_0p7,0.7089154411764705,1829,False,,,False,False,False,False,False,23.0,0.09361702127659574
SPLL,RialtoBridgeTimelapse,1940,0.53,394,0.6000000000000002,0.3738618123721252,0,167,3660,2492,5,0.384,0.4060193817425932,0.5191395232827867,0.4794275268013454,0.34416376103249735,0.1809061378755484,0.31544140246940167,-2.8192817631169373,2.486580303846317,-2.921841313157002,-2.3302840836398757,-3.215787996382892,1.7111958757000287,0.5191395232827867,0.46103537025312646,0.05810415302966021,0.4794275268013454,0.4953604846128875,0.01593295781154208,0.34416376103249735,0.6128770614834574,0.2687133004509601,0.1809061378755484,0.4109210282166781,0.23001489034112968,0.31544140246940167,0.46888435014003105,0.15344294767062938,1754.0,0.8056066176470589,1914.0,0.8791360294117647,2068.0,0.9499080882352942,1203.0,0.5523897058823529,1194.0,0.5482536764705882,0.5482536764705882,WACC_0p9_WRT_0p1,0.7470588235294118,1830,False,,,False,False,False,False,False,167.0,0.7063829787234043
SPLL,RialtoBridgeTimelapse,1358,0.39,1277,0.2500000000000001,0.0960837125248863,0,230,2767,4483,10,0.216,0.5480425863831857,0.754973321384423,0.6517470420333574,0.38743792008013894,0.4722866969039554,0.6516120761988348,-2.8192817631169373,2.486580303846317,-2.921841313157002,-2.3302840836398757,-3.215787996382892,1.7111958757000287,0.754973321384423,0.43213609314828727,0.3228372282361357,0.6517470420333574,0.5162158265361783,0.13553121549717917,0.38743792008013894,0.6328507793935416,0.24541285931340268,0.4722866969039554,0.48473396300690713,0.012447266102951715,0.6516120761988348,0.5765001576824736,0.07511191851636112,1195.0,0.5487132352941176,2140.0,0.9829963235294118,2170.0,0.9967830882352942,1947.0,0.8943014705882353,2025.0,0.9301470588235294,0.5487132352941176,WACC_0p1_WRT_0p9,0.8705882352941178,1831,False,,,False,False,False,False,False,230.0,0.9744680851063829
SPLL,RialtoBridgeTimelapse,1545,0.54,393,0.6250000000000002,0.3744614954244174,0,166,3605,2403,9,0.846,0.4210515969176352,0.5242450163892938,0.48980530556789087,0.3661146321976474,0.1548829215663986,0.29146501653397433,-2.8192817631169373,2.486580303846317,-2.921841313157002,-2.3302840836398757,-3.215787996382892,1.7111958757000287,0.5242450163892938,0.4385558791287216,0.08568913726057215,0.48980530556789087,0.4900921722957447,0.0002868667278538295,0.3661146321976474,0.5806098361388713,0.2144952039412239,0.1548829215663986,0.41201536294361724,0.25713244137721863,0.29146501653397433,0.46907671542103,0.1776116988870557,1338.0,0.6144301470588235,1811.0,0.8318014705882353,1531.0,0.703125,1217.0,0.5588235294117647,1196.0,0.5491727941176471,0.5491727941176471,WACC_0p9_WRT_0p1,0.6514705882352941,1832,False,,,False,False,False,False,False,166.0,0.7021276595744681
SPLL,RialtoBridgeTimelapse,1644,0.33,279,0.1000000000000001,0.4552663059021987,0,137,2026,3533,4,0.55,0.6649483308823663,0.3937296097147608,0.23223845585164418,0.562900214571097,0.782546530959842,0.8680563020535995,-2.8192817631169373,2.486580303846317,-2.921841313157002,-2.3302840836398757,-3.215787996382892,1.7111958757000287,0.3937296097147608,0.43215786539602435,0.03842825568126357,0.23223845585164418,0.47311190843311174,0.24087345258146756,0.562900214571097,0.5975176336695652,0.03461741909846827,0.782546530959842,0.45563746433336566,0.3269090666264763,0.8680563020535995,0.5434462318049339,0.3246100702486656,1197.0,0.5496323529411765,1411.0,0.6479779411764706,1851.0,0.8501838235294118,1674.0,0.7688419117647058,1778.0,0.8166360294117647,0.5496323529411765,WACC_0p1_WRT_0p9,0.7266544117647058,1833,False,,,False,False,False,False,False,137.0,0.5787234042553191
SPLL,RialtoBridgeTimelapse,1920,0.45,388,0.4000000000000001,0.3774829264990684,0,168,907,3159,8,0.533,0.2879760942140132,0.4838176717618191,0.3998225436484361,0.16761749844850277,0.39891872669473394,0.518028028522951,-2.8192817631169373,2.486580303846317,-2.921841313157002,-2.3302840836398757,-3.215787996382892,1.7111958757000287,0.4838176717618191,0.432278124473386,0.05153954728843313,0.3998225436484361,0.4748099530615277,0.07498740941309157,0.16761749844850277,0.5832094355614621,0.41559193711295933,0.39891872669473394,0.46612275148097876,0.06720402478624482,0.518028028522951,0.5256199839382312,0.007591955415280127,1198.0,0.5500919117647058,1453.0,0.6672794117647058,1563.0,0.7178308823529411,1787.0,0.8207720588235294,1651.0,0.7582720588235294,0.5500919117647058,WACC_0p1_WRT_0p9,0.7028492647058824,1834,False,,,False,False,False,False,False,168.0,0.7106382978723405
SPLL,RialtoBridgeTimelapse,1517,0.47,338,0.45,0.4100307119490419,0,158,2645,2156,10,0.685,0.2753358242278519,0.4562660110463898,0.38188787540205216,0.16950677088155144,0.35419271200096364,0.46842533086253235,-2.8192817631169373,2.486580303846317,-2.921841313157002,-2.3302840836398757,-3.215787996382892,1.7111958757000287,0.4562660110463898,0.4323799543601974,0.023886056686192425,0.38188787540205216,0.4763259628651563,0.09443808746310417,0.16950677088155144,0.563786419723095,0.39427964884154354,0.35419271200096364,0.4208689375086754,0.06667622550771174,0.46842533086253235,0.481409498138253,0.01298416727572066,1200.0,0.5510110294117647,1490.0,0.6842830882352942,1271.0,0.5836397058823529,1339.0,0.6148897058823529,1287.0,0.5909926470588235,0.5510110294117647,WACC_0p1_WRT_0p9,0.6049632352941176,1835,False,,,False,False,False,False,False,158.0,0.6680851063829787
SPLL,RialtoBridgeTimelapse,1953,0.54,244,0.6250000000000002,0.4868564734072778,0,112,4147,2892,7,0.575,0.2785402549536093,0.4011121147245207,0.3618334485359138,0.2233884720713585,0.18757754110269062,0.2946159598508957,-2.8192817631169373,2.486580303846317,-2.921841313157002,-2.3302840836398757,-3.215787996382892,1.7111958757000287,0.4011121147245207,0.4482703332171447,0.04715821849262403,0.3618334485359138,0.4894532449327564,0.12761979639684257,0.2233884720713585,0.5924630468398514,0.3690745747684929,0.18757754110269062,0.4157959335946686,0.22821839249197798,0.2946159598508957,0.4696473717122325,0.17503141186133675,1548.0,0.7109375,1797.0,0.8253676470588235,1736.0,0.7973345588235294,1266.0,0.5813419117647058,1202.0,0.5519301470588235,0.5519301470588235,WACC_0p9_WRT_0p1,0.6933823529411764,1836,False,,,False,False,False,False,False,112.0,0.4723404255319149
SPLL,RialtoBridgeTimelapse,1650,0.4,516,0.2750000000000001,0.3101860129173364,0,194,2679,4087,6,0.443,0.3635561602762582,0.5392327961436091,0.4302799513852337,0.2180196553226942,0.5161867798007153,0.6441947515313419,-2.8192817631169373,2.486580303846317,-2.921841313157002,-2.3302840836398757,-3.215787996382892,1.7111958757000287,0.5392327961436091,0.43247396505509783,0.10675883108851125,0.4302799513852337,0.49853410593022424,0.06825415454499051,0.2180196553226942,0.608353478748826,0.39033382342613177,0.5161867798007153,0.46811049838760366,0.0480762814131116,0.6441947515313419,0.5555265497674798,0.08866820176386203,1202.0,0.5519301470588235,1970.0,0.9048713235294118,2013.0,0.9246323529411765,1807.0,0.8299632352941176,1879.0,0.8630514705882353,0.5519301470588235,WACC_0p1_WRT_0p9,0.8148897058823529,1837,False,,,False,False,False,False,False,194.0,0.8212765957446808
SPLL,RialtoBridgeTimelapse,1226,0.4,473,0.2750000000000001,0.3307291197093356,0,188,510,3567,9,0.48,0.37447448105127107,0.5189004989516842,0.40873410388507186,0.2351691032569672,0.523601618218316,0.6466640238319995,-2.8192817631169373,2.486580303846317,-2.921841313157002,-2.3302840836398757,-3.215787996382892,1.7111958757000287,0.5189004989516842,0.432477959131699,0.08642253981998521,0.40873410388507186,0.4780429661324821,0.06930886224741023,0.2351691032569672,0.5881918383440687,0.3530227350871016,0.523601618218316,0.5075800391468038,0.016021579071512138,0.6466640238319995,0.6026038120157021,0.04406021181629738,1203.0,0.5523897058823529,1528.0,0.7017463235294118,1652.0,0.7587316176470589,2070.0,0.9508272058823529,2125.0,0.9761029411764706,0.5523897058823529,WACC_0p1_WRT_0p9,0.7879595588235293,1838,False,,,False,False,False,False,False,188.0,0.7957446808510639
SPLL,RialtoBridgeTimelapse,2114,0.56,386,0.6750000000000003,0.3787023871242109,0,164,4668,2636,7,0.017,0.4486059578138105,0.5325637994305045,0.508416367871994,0.4072605858463859,0.10420433752027236,0.2443972573252142,-2.8192817631169373,2.486580303846317,-2.921841313157002,-2.3302840836398757,-3.215787996382892,1.7111958757000287,0.5325637994305045,0.4770008650977711,0.05556293433273335,0.508416367871994,0.499684803249118,0.008731564622875942,0.4072605858463859,0.5984029229887761,0.19114233714239015,0.10420433752027236,0.41386455169173014,0.3096602141714578,0.2443972573252142,0.47022024841187743,0.22582299108666323,1959.0,0.8998161764705882,1995.0,0.9163602941176471,1863.0,0.8556985294117647,1246.0,0.5721507352941176,1204.0,0.5528492647058824,0.5528492647058824,WACC_0p9_WRT_0p1,0.759375,1839,False,,,False,False,False,False,False,164.0,0.6936170212765957
SPLL,RialtoBridgeTimelapse,935,0.49,601,0.5000000000000001,0.2741758755721872,0,198,1763,4070,5,0.363,0.4710924510177148,0.6073361546079172,0.5505195784398104,0.3813647731441086,0.2575395907010262,0.4099027256470453,-2.8192817631169373,2.486580303846317,-2.921841313157002,-2.3302840836398757,-3.215787996382892,1.7111958757000287,0.6073361546079172,0.43248781554239446,0.17484833906552277,0.5505195784398104,0.4933831490926107,0.057136429347199647,0.3813647731441086,0.619988558150387,0.2386237850062784,0.2575395907010262,0.4595330642899871,0.20199347358896086,0.4099027256470453,0.5463928245292039,0.13649009888215863,1204.0,0.5528492647058824,1881.0,0.8639705882352942,2118.0,0.9728860294117647,1713.0,0.7867647058823529,1801.0,0.8272058823529411,0.5528492647058824,WACC_0p1_WRT_0p9,0.8007352941176471,1840,False,,,False,False,False,False,False,198.0,0.8382978723404255
SPLL,RialtoBridgeTimelapse,88,0.51,407,0.5500000000000002,0.3662011856824301,0,169,4580,3484,1,0.2,0.3852963082594717,0.5172736676267072,0.46716876593711754,0.3093777574833552,0.23159417085400127,0.36400948201176025,-2.8192817631169373,2.486580303846317,-2.921841313157002,-2.3302840836398757,-3.215787996382892,1.7111958757000287,0.5172736676267072,0.43572400467082323,0.081549662955884,0.46716876593711754,0.46308284437566544,0.004085921561452099,0.3093777574833552,0.5790426321699723,0.2696648746866171,0.23159417085400127,0.4147561485116901,0.18316197765768885,0.36400948201176025,0.4897043274840767,0.12569484547231646,1274.0,0.5850183823529411,1205.0,0.5533088235294118,1507.0,0.6920955882352942,1256.0,0.5767463235294118,1360.0,0.6245404411764706,0.5533088235294118,WACC_0p3_WRT_0p7,0.6063419117647059,1841,False,,,False,False,False,False,False,169.0,0.7148936170212766
SPLL,RialtoBridgeTimelapse,1677,0.53,442,0.6000000000000002,0.3467304624966697,0,176,1716,2615,4,0.117,0.44068533903034235,0.549156713192181,0.5105824998992977,0.378825066813375,0.17313944132983317,0.314870045622156,-2.8192817631169373,2.486580303846317,-2.921841313157002,-2.3302840836398757,-3.215787996382892,1.7111958757000287,0.549156713192181,0.452358707373931,0.09679800581824993,0.5105824998992977,0.4834970901280488,0.027085409771248903,0.378825066813375,0.604785026616922,0.225959959803547,0.17313944132983317,0.41135393394034114,0.23821449261050798,0.314870045622156,0.49865044890626053,0.18378040328410455,1617.0,0.7426470588235294,1652.0,0.7587316176470589,1959.0,0.8998161764705882,1205.0,0.5533088235294118,1423.0,0.6534926470588235,0.5533088235294118,WACC_0p7_WRT_0p3,0.7215992647058823,1842,False,,,False,False,False,False,False,176.0,0.7446808510638298
SPLL,RialtoBridgeTimelapse,1278,0.43,399,0.3500000000000001,0.3708859890161751,0,172,2858,3406,2,0.133,0.305595880029361,0.48551510822208405,0.39040717467340824,0.17695087060809286,0.4528431840370502,0.5705481338212722,-2.8192817631169373,2.486580303846317,-2.921841313157002,-2.3302840836398757,-3.215787996382892,1.7111958757000287,0.48551510822208405,0.43253550204845925,0.052979606173624794,0.39040717467340824,0.46908521169204503,0.07867803701863679,0.17695087060809286,0.5934676524137754,0.4165167818056825,0.4528431840370502,0.440752954338957,0.012090229698093202,0.5705481338212722,0.5300453389483315,0.04050279487294073,1206.0,0.5537683823529411,1335.0,0.6130514705882353,1760.0,0.8083639705882353,1536.0,0.7054227941176471,1685.0,0.7738970588235294,0.5537683823529411,WACC_0p1_WRT_0p9,0.6909007352941177,1843,False,,,False,False,False,False,False,172.0,0.7276595744680852
SPLL,RialtoBridgeTimelapse,1257,0.54,466,0.6250000000000002,0.334248895287951,0,177,3904,2468,10,0.08,0.47295153011084007,0.5692956248525552,0.5364925569387984,0.4179108890201935,0.14357165295752214,0.2909412068322639,-2.8192817631169373,2.486580303846317,-2.921841313157002,-2.3302840836398757,-3.215787996382892,1.7111958757000287,0.5692956248525552,0.48627775935199186,0.08301786550056339,0.5364925569387984,0.5185612506603501,0.0179313062784483,0.4179108890201935,0.6046649941201743,0.18675410509998075,0.14357165295752214,0.4113567402672667,0.2677850873097446,0.2909412068322639,0.4769183898229937,0.18597718299072985,2036.0,0.9352022058823529,2151.0,0.9880514705882353,1957.0,0.8988970588235294,1206.0,0.5537683823529411,1246.0,0.5721507352941176,0.5537683823529411,WACC_0p7_WRT_0p3,0.7896139705882353,1844,False,,,False,False,False,False,False,177.0,0.7489361702127659
SPLL,RialtoBridgeTimelapse,1023,0.51,80,0.5500000000000002,0.7486996458922698,0,6,809,1922,8,0.321,0.27496758889812534,0.13672794137271055,0.06360864686884449,0.25429028233456946,0.37183762377492224,0.4116413410815217,-2.8192817631169373,2.486580303846317,-2.921841313157002,-2.3302840836398757,-3.215787996382892,1.7111958757000287,0.13672794137271055,0.4535793092842128,0.31685136791150226,0.06360864686884449,0.47702856036993135,0.41341991350108687,0.25429028233456946,0.5582436316576556,0.3039533493230861,0.37183762377492224,0.43829582856946414,0.0664582047945419,0.4116413410815217,0.5066266675778165,0.09498532649629476,1637.0,0.7518382352941176,1503.0,0.6902573529411765,1208.0,0.5546875,1509.0,0.6930147058823529,1486.0,0.6824448529411765,0.5546875,WACC_0p5_WRT_0p5,0.6744485294117648,1845,False,,,False,False,False,False,False,6.0,0.02127659574468085
SPLL,RialtoBridgeTimelapse,660,0.58,275,0.725,0.4586703191260897,0,130,1739,1684,5,0.222,0.37814539914595996,0.4557479580366422,0.43883511346619103,0.3506354489318747,0.0747302597947195,0.19815404518973884,-2.8192817631169373,2.486580303846317,-2.921841313157002,-2.3302840836398757,-3.215787996382892,1.7111958757000287,0.4557479580366422,0.4559383613296378,0.0001904032929955779,0.43883511346619103,0.4856774205343419,0.046842307068150846,0.3506354489318747,0.5870874065294509,0.2364519575975762,0.0747302597947195,0.4114320334218503,0.33670177362713083,0.19815404518973884,0.471868836193687,0.2737147910039482,1686.0,0.7743566176470589,1704.0,0.7826286764705882,1636.0,0.7513786764705882,1208.0,0.5546875,1212.0,0.5565257352941176,0.5546875,WACC_0p7_WRT_0p3,0.6839154411764706,1846,False,,,False,False,False,False,False,130.0,0.548936170212766
SPLL,RialtoBridgeTimelapse,835,0.41,339,0.3,0.4093338783452196,0,160,2392,2817,7,0.381,0.386814347981242,0.4439358202607333,0.33477849000061394,0.27062092087395223,0.5242696843514407,0.6299864856133435,-2.8192817631169373,2.486580303846317,-2.921841313157002,-2.3302840836398757,-3.215787996382892,1.7111958757000287,0.4439358202607333,0.43263390933495915,0.01130191092577415,0.33477849000061394,0.4859479471980105,0.15116945719739655,0.27062092087395223,0.5832569029969163,0.3126359821229641,0.5242696843514407,0.4494898766523682,0.0747798076990725,0.6299864856133435,0.5351244065340869,0.09486207907925659,1208.0,0.5546875,1718.0,0.7890625,1564.0,0.7182904411764706,1625.0,0.7463235294117647,1724.0,0.7918198529411765,0.5546875,WACC_0p1_WRT_0p9,0.7200367647058824,1847,False,,,False,False,False,False,False,160.0,0.676595744680851
SPLL,RialtoBridgeTimelapse,1093,0.49,476,0.5000000000000001,0.3292365290329727,0,183,1910,3621,9,0.511,0.40210699717187653,0.5479419720623334,0.48865568968773,0.3120909606980054,0.2739696267234263,0.4120601498455145,-2.8192817631169373,2.486580303846317,-2.921841313157002,-2.3302840836398757,-3.215787996382892,1.7111958757000287,0.5479419720623334,0.432666848324232,0.11527512373810139,0.48865568968773,0.4840508192247608,0.004604870462969202,0.3120909606980054,0.5869212671285562,0.2748303064305508,0.2739696267234263,0.4709214777602803,0.19695185103685403,0.4120601498455145,0.5601236222101682,0.14806347236465373,1209.0,0.5551470588235294,1664.0,0.7642463235294118,1633.0,0.75,1832.0,0.8414522058823529,1925.0,0.8841911764705882,0.5551470588235294,WACC_0p1_WRT_0p9,0.7590073529411765,1848,False,,,False,False,False,False,False,183.0,0.774468085106383
SPLL,RialtoBridgeTimelapse,1371,0.56,213,0.6750000000000003,0.518860836823448,0,90,1771,2190,5,0.152,0.26817119470869705,0.376052653908343,0.34614803481076056,0.2270888706006208,0.1438477963089761,0.2465522537072431,-2.8192817631169373,2.486580303846317,-2.921841313157002,-2.3302840836398757,-3.215787996382892,1.7111958757000287,0.376052653908343,0.4553184561599913,0.07926580225164825,0.34614803481076056,0.487988775832126,0.14184074102136546,0.2270888706006208,0.6048928014769562,0.37780393087633546,0.1438477963089761,0.41154459944654825,0.26769680313757216,0.2465522537072431,0.48313901271095033,0.23658675900370724,1675.0,0.7693014705882353,1761.0,0.8088235294117647,1962.0,0.9011948529411765,1210.0,0.5556066176470589,1298.0,0.5960477941176471,0.5556066176470589,WACC_0p7_WRT_0p3,0.7261948529411766,1849,False,,,False,False,False,False,False,90.0,0.37872340425531914
SPLL,RialtoBridgeTimelapse,1867,0.43,637,0.3500000000000001,0.2604354107546678,0,205,2726,3708,6,0.615,0.40249664182144457,0.5977091436505603,0.5085754411366142,0.269237884951365,0.4154404332421658,0.5603180931946525,-2.8192817631169373,2.486580303846317,-2.921841313157002,-2.3302840836398757,-3.215787996382892,1.7111958757000287,0.5977091436505603,0.43269976952624567,0.1650093741243146,0.5085754411366142,0.4917020449974043,0.016873396139209962,0.269237884951365,0.5962359494480267,0.3269980644966617,0.4154404332421658,0.4644473443877839,0.049006911145618115,0.5603180931946525,0.5369157950388573,0.023402298155795198,1210.0,0.5556066176470589,1843.0,0.8465073529411765,1819.0,0.8354779411764706,1765.0,0.8106617647058824,1741.0,0.7996323529411765,0.5556066176470589,WACC_0p1_WRT_0p9,0.769577205882353,1850,False,,,False,False,False,False,False,205.0,0.8680851063829788
SPLL,RialtoBridgeTimelapse,1982,0.45,341,0.4000000000000001,0.4079463386641236,0,159,3058,3652,4,0.465,0.265196778980707,0.45313928035641476,0.3674494384455144,0.14675933980104686,0.40944341606566187,0.5211126949133129,-2.8192817631169373,2.486580303846317,-2.921841313157002,-2.3302840836398757,-3.215787996382892,1.7111958757000287,0.45313928035641476,0.43270139938741864,0.020437880968996125,0.3674494384455144,0.4896360396639628,0.12218660121844838,0.14675933980104686,0.6097626138340111,0.46300327403296426,0.40944341606566187,0.445087665023262,0.035644248957600155,0.5211126949133129,0.5286807184818426,0.007568023568529703,1211.0,0.5560661764705882,1801.0,0.8272058823529411,2027.0,0.9310661764705882,1583.0,0.7270220588235294,1678.0,0.7706801470588235,0.5560661764705882,WACC_0p1_WRT_0p9,0.7624080882352942,1851,False,,,False,False,False,False,False,159.0,0.6723404255319149
SPLL,RialtoBridgeTimelapse,18,0.42,986,0.325,0.1572102964822075,0,223,1351,4593,8,0.303,0.5149596840545155,0.7019632834888734,0.612369079130517,0.3756734830705671,0.40992566275312947,0.5790788125531351,-2.8192817631169373,2.486580303846317,-2.921841313157002,-2.3302840836398757,-3.215787996382892,1.7111958757000287,0.7019632834888734,0.43271125677117683,0.26925202671769655,0.612369079130517,0.5005062785123515,0.11186280061816545,0.3756734830705671,0.6222918180530274,0.24661833498246027,0.40992566275312947,0.48949021922431274,0.07956455647118327,0.5790788125531351,0.5758967275358063,0.0031820850173287507,1213.0,0.5569852941176471,2013.0,0.9246323529411765,2130.0,0.9784007352941176,1972.0,0.9057904411764706,2019.0,0.9273897058823529,0.5569852941176471,WACC_0p1_WRT_0p9,0.8586397058823529,1852,False,,,False,False,False,False,False,223.0,0.9446808510638298
SPLL,RialtoBridgeTimelapse,746,0.38,92,0.2250000000000001,0.7160167520220315,0,13,2068,1298,8,0.528,0.6839545800245573,0.1669044164859837,0.09902484435619616,0.6519282794539479,0.7670545450939539,0.8006641605663368,-2.8192817631169373,2.486580303846317,-2.921841313157002,-2.3302840836398757,-3.215787996382892,1.7111958757000287,0.1669044164859837,0.4393349558989547,0.272430539412971,0.09902484435619616,0.4634944027637789,0.36446955840758277,0.6519282794539479,0.565042904268709,0.08688537518523898,0.7670545450939539,0.44054625215592363,0.32650829293803024,0.8006641605663368,0.48200400587791886,0.31866015468841796,1356.0,0.6227022058823529,1215.0,0.5579044117647058,1290.0,0.5923713235294118,1533.0,0.7040441176470589,1293.0,0.59375,0.5579044117647058,WACC_0p3_WRT_0p7,0.6141544117647059,1853,False,,,False,False,False,False,False,13.0,0.05106382978723404
SPLL,RialtoBridgeTimelapse,1290,0.54,288,0.6250000000000002,0.4477817676742642,0,137,4564,3117,5,0.668,0.32762013192923445,0.44340237716290415,0.4058601781539368,0.2726436534065642,0.17598606335979777,0.29318339729806514,-2.8192817631169373,2.486580303846317,-2.921841313157002,-2.3302840836398757,-3.215787996382892,1.7111958757000287,0.44340237716290415,0.4345611126953038,0.008841264467600363,0.4058601781539368,0.4827235776646314,0.0768633995106946,0.2726436534065642,0.5817386418251715,0.30909498841860733,0.17598606335979777,0.416409092834794,0.24042302947499622,0.29318339729806514,0.4723419877231482,0.1791585904250831,1252.0,0.5749080882352942,1627.0,0.7472426470588235,1544.0,0.7090992647058824,1273.0,0.5845588235294118,1215.0,0.5579044117647058,0.5579044117647058,WACC_0p9_WRT_0p1,0.6347426470588236,1854,False,,,False,False,False,False,False,137.0,0.5787234042553191
SPLL,RialtoBridgeTimelapse,975,0.49,669,0.5000000000000001,0.2488575732844127,0,205,4972,3590,10,0.003,0.5030766996077087,0.6349444331888595,0.5792300731141552,0.41342068685381256,0.2501250644169196,0.40911513820050965,-2.8192817631169373,2.486580303846317,-2.921841313157002,-2.3302840836398757,-3.215787996382892,1.7111958757000287,0.6349444331888595,0.5276362223124766,0.10730821087638287,0.5792300731141552,0.5422314189480797,0.036998654166075506,0.41342068685381256,0.6026024921171778,0.1891818052633652,0.2501250644169196,0.41196303202935447,0.16183796761243485,0.40911513820050965,0.48751747574644866,0.078402337545939,2156.0,0.9903492647058824,2172.0,0.9977022058823529,1933.0,0.8878676470588235,1216.0,0.5583639705882353,1343.0,0.6167279411764706,0.5583639705882353,WACC_0p7_WRT_0p3,0.8102022058823529,1855,False,,,False,False,False,False,False,205.0,0.8680851063829788
SPLL,RialtoBridgeTimelapse,2048,0.52,332,0.5750000000000002,0.4142553748827543,0,153,3656,2704,10,0.341,0.3398932340301022,0.4701001740802904,0.42325268582274367,0.2708561135076905,0.21925952045305055,0.34118461574592696,-2.8192817631169373,2.486580303846317,-2.921841313157002,-2.3302840836398757,-3.215787996382892,1.7111958757000287,0.4701001740802904,0.46152489291735577,0.008575281162934656,0.42325268582274367,0.5008817204358076,0.07762903461306392,0.2708561135076905,0.6065125867649813,0.3356564732572908,0.21925952045305055,0.4205897162290989,0.20133019577604835,0.34118461574592696,0.4726518316629234,0.13146721591699645,1766.0,0.8111213235294118,2023.0,0.9292279411764706,1986.0,0.9122242647058824,1334.0,0.6125919117647058,1217.0,0.5588235294117647,0.5588235294117647,WACC_0p9_WRT_0p1,0.7647977941176469,1856,False,,,False,False,False,False,False,153.0,0.6468085106382979
SPLL,RialtoBridgeTimelapse,2064,0.33,398,0.1000000000000001,0.3714781666406511,0,175,2071,3146,10,0.398,0.6131880044856589,0.47035689234137185,0.3155237718444211,0.48770878297838716,0.7444633920423528,0.8489495354422799,-2.8192817631169373,2.486580303846317,-2.921841313157002,-2.3302840836398757,-3.215787996382892,1.7111958757000287,0.47035689234137185,0.43282790350405576,0.03752898883731609,0.3155237718444211,0.49820427144066043,0.18268049959623933,0.48770878297838716,0.6048161001899794,0.11710731721159229,0.7444633920423528,0.48188934243700127,0.2625740496053515,0.8489495354422799,0.553012361564857,0.2959371738774229,1217.0,0.5588235294117647,1968.0,0.9039522058823529,1961.0,0.9007352941176471,1927.0,0.8851102941176471,1862.0,0.8552389705882353,0.5588235294117647,WACC_0p1_WRT_0p9,0.8207720588235295,1857,False,,,False,False,False,False,False,175.0,0.7404255319148936
SPLL,RialtoBridgeTimelapse,801,0.43,342,0.3500000000000001,0.407255608721016,0,160,2437,2164,10,0.006,0.3249088810545787,0.44949689683684574,0.3522447960853481,0.20730231566035212,0.4659511184057851,0.5748960171346478,-2.8192817631169373,2.486580303846317,-2.921841313157002,-2.3302840836398757,-3.215787996382892,1.7111958757000287,0.44949689683684574,0.4896657869022352,0.040168890065389484,0.3522447960853481,0.5113058222798954,0.15906102619454732,0.20730231566035212,0.566962095740319,0.35965978007996685,0.4659511184057851,0.41214931646134856,0.05380180194443657,0.5748960171346478,0.49437157720102365,0.08052443993362413,2060.0,0.9462316176470589,2113.0,0.9705882352941176,1320.0,0.6061580882352942,1219.0,0.5597426470588235,1395.0,0.640625,0.5597426470588235,WACC_0p7_WRT_0p3,0.7446691176470589,1858,False,,,False,False,False,False,False,160.0,0.676595744680851
SPLL,RialtoBridgeTimelapse,1520,0.49,540,0.5000000000000001,0.2994510974368398,0,189,1515,3855,9,0.587,0.43932513591398514,0.5799576380112915,0.5220206423969641,0.34948909121521105,0.2650255648453968,0.4108124754748187,-2.8192817631169373,2.486580303846317,-2.921841313157002,-2.3302840836398757,-3.215787996382892,1.7111958757000287,0.5799576380112915,0.4328619442145891,0.1470956937967024,0.5220206423969641,0.4911931333152452,0.030827509081718885,0.34948909121521105,0.589873049184371,0.24038395796915996,0.2650255648453968,0.468114159754779,0.2030885949093822,0.4108124754748187,0.5520980099346979,0.14128553445987924,1219.0,0.5597426470588235,1830.0,0.8405330882352942,1690.0,0.7761948529411765,1808.0,0.8304227941176471,1858.0,0.8534007352941176,0.5597426470588235,WACC_0p1_WRT_0p9,0.7720588235294119,1859,False,,,False,False,False,False,False,189.0,0.8
SPLL,RialtoBridgeTimelapse,11,0.58,213,0.725,0.518860836823448,0,89,1857,1721,10,0.502,0.2996918753730877,0.38750313522928004,0.36820385307286063,0.27246544993794714,0.09141361509342091,0.19851108283665117,-2.8192817631169373,2.486580303846317,-2.921841313157002,-2.3302840836398757,-3.215787996382892,1.7111958757000287,0.38750313522928004,0.46162073759787803,0.07411760236859799,0.36820385307286063,0.4730674320851292,0.10486357901226856,0.27246544993794714,0.5768774151681587,0.3044119652302116,0.09141361509342091,0.4177962604904923,0.3263826453970714,0.19851108283665117,0.4731969353016483,0.2746858524649971,1767.0,0.8115808823529411,1409.0,0.6470588235294118,1478.0,0.6787683823529411,1291.0,0.5928308823529411,1220.0,0.5602022058823529,0.5602022058823529,WACC_0p9_WRT_0p1,0.6580882352941175,1860,False,,,False,False,False,False,False,89.0,0.37446808510638296
SPLL,RialtoBridgeTimelapse,713,0.29,518,0.0,0.3092725954217916,0,197,2097,4277,3,0.175,0.7017215171403136,0.5247242218152482,0.35001103729469335,0.5589989144324812,0.8371125796561083,0.9510754908985843,-2.8192817631169373,2.486580303846317,-2.921841313157002,-2.3302840836398757,-3.215787996382892,1.7111958757000287,0.5247242218152482,0.4329736726342964,0.09175054918095182,0.35001103729469335,0.5050585514836115,0.1550475141889181,0.5589989144324812,0.6117079416742757,0.05270902724179449,0.8371125796561083,0.4749679159268296,0.3621446637292787,0.9510754908985843,0.5693503918248811,0.3817250990737032,1220.0,0.5602022058823529,2065.0,0.9485294117647058,2057.0,0.9448529411764706,1866.0,0.8570772058823529,1984.0,0.9113051470588235,0.5602022058823529,WACC_0p1_WRT_0p9,0.8443933823529411,1861,False,,,False,False,False,False,False,197.0,0.8340425531914893
SPLL,RialtoBridgeTimelapse,612,0.58,301,0.725,0.4373723969311049,0,139,1769,1896,6,0.001,0.4061685100959744,0.4801694411086902,0.4640819196023791,0.3785180446459391,0.06889953045297534,0.19816106082071605,-2.8192817631169373,2.486580303846317,-2.921841313157002,-2.3302840836398757,-3.215787996382892,1.7111958757000287,0.4801694411086902,0.4925282194402417,0.012358778331551523,0.4640819196023791,0.5027786748200782,0.03869675521769911,0.3785180446459391,0.5907016867283442,0.21218364208240514,0.06889953045297534,0.4123069748505022,0.3434074443975269,0.19816106082071605,0.48018571478033145,0.2820246539596154,2077.0,0.9540441176470589,2042.0,0.9379595588235294,1699.0,0.7803308823529411,1221.0,0.5606617647058824,1272.0,0.5840992647058824,0.5606617647058824,WACC_0p7_WRT_0p3,0.7634191176470588,1862,False,,,False,False,False,False,False,139.0,0.5872340425531914
SPLL,RialtoBridgeTimelapse,1508,0.39,562,0.2500000000000001,0.290021141781961,0,201,346,3619,7,0.43,0.3829196514522641,0.5570796308481386,0.44350599586597406,0.23177069044689041,0.5373340113575439,0.6687615860009245,-2.8192817631169373,2.486580303846317,-2.921841313157002,-2.3302840836398757,-3.215787996382892,1.7111958757000287,0.5570796308481386,0.4329795900604273,0.12410004078771131,0.44350599586597406,0.481841592146802,0.038335596280827944,0.23177069044689041,0.5856306231909266,0.3538599327440362,0.5373340113575439,0.505960750465862,0.03137326089168191,0.6687615860009245,0.5964816757347171,0.07227991026620739,1221.0,0.5606617647058824,1605.0,0.7371323529411765,1615.0,0.7417279411764706,2063.0,0.9476102941176471,2108.0,0.9682904411764706,0.5606617647058824,WACC_0p1_WRT_0p9,0.7910845588235295,1863,False,,,False,False,False,False,False,201.0,0.851063829787234
SPLL,RialtoBridgeTimelapse,2168,0.53,388,0.6000000000000002,0.3774829264990684,0,166,5000,3204,6,0.509,0.40140840946495354,0.5151504709742599,0.47528497338208225,0.33955027532795107,0.18194945138913984,0.3155281385313793,-2.8192817631169373,2.486580303846317,-2.921841313157002,-2.3302840836398757,-3.215787996382892,1.7111958757000287,0.5151504709742599,0.4507676680194906,0.06438280295476934,0.47528497338208225,0.48960019182783526,0.014315218445753009,0.33955027532795107,0.5993783584545136,0.2598280831265625,0.18194945138913984,0.4123813562325068,0.23043190484336698,0.3155281385313793,0.4748950471637027,0.1593669086323234,1596.0,0.7329963235294118,1800.0,0.8267463235294118,1888.0,0.8671875,1222.0,0.5611213235294118,1235.0,0.5670955882352942,0.5611213235294118,WACC_0p7_WRT_0p3,0.7110294117647058,1864,False,,,False,False,False,False,False,166.0,0.7021276595744681
SPLL,RialtoBridgeTimelapse,1171,0.48,465,0.475,0.3347560226792572,0,183,3513,3795,6,0.58,0.3808933417849033,0.5379089029310187,0.47289075917243184,0.2835877441914086,0.30259465790838774,0.43741296801450863,-2.8192817631169373,2.486580303846317,-2.921841313157002,-2.3302840836398757,-3.215787996382892,1.7111958757000287,0.5379089029310187,0.43305569530748544,0.10485320762353323,0.47289075917243184,0.49457948187936096,0.02168872270692912,0.2835877441914086,0.6058146863069717,0.3222269421155631,0.30259465790838774,0.4435309394846889,0.14093628157630117,0.43741296801450863,0.5158865016687222,0.07847353365421356,1222.0,0.5611213235294118,1901.0,0.8731617647058824,1977.0,0.9080882352941176,1563.0,0.7178308823529411,1571.0,0.7215073529411765,0.5611213235294118,WACC_0p1_WRT_0p9,0.7563419117647059,1865,False,,,False,False,False,False,False,183.0,0.774468085106383
SPLL,RialtoBridgeTimelapse,1596,0.41,340,0.3,0.4086390912453828,0,161,2389,2704,10,0.642,0.38643038682023606,0.44460746135679075,0.33549479411834565,0.270031240665541,0.5240024937228713,0.6298834043839578,-2.8192817631169373,2.486580303846317,-2.921841313157002,-2.3302840836398757,-3.215787996382892,1.7111958757000287,0.44460746135679075,0.4331211972162584,0.011486264140532332,0.33549479411834565,0.4757502982869291,0.14025550416858346,0.270031240665541,0.5673344850904275,0.2973032444248865,0.5240024937228713,0.4324227354973885,0.09157975822548281,0.6298834043839578,0.506875491139917,0.12300791324404081,1223.0,0.5615808823529411,1479.0,0.6792279411764706,1330.0,0.6107536764705882,1451.0,0.6663602941176471,1490.0,0.6842830882352942,0.5615808823529411,WACC_0p1_WRT_0p9,0.6404411764705882,1866,False,,,False,False,False,False,False,161.0,0.6808510638297872
SPLL,RialtoBridgeTimelapse,1805,0.47,565,0.45,0.2887638766220358,0,193,1659,4172,3,0.225,0.4235148373779443,0.5826280746131537,0.5142888643571035,0.3193682131965136,0.3154214614501335,0.46014642895992963,-2.8192817631169373,2.486580303846317,-2.921841313157002,-2.3302840836398757,-3.215787996382892,1.7111958757000287,0.5826280746131537,0.43314770657011054,0.14948036804304315,0.5142888643571035,0.4956316867921881,0.018657177564915417,0.3193682131965136,0.6132068151754091,0.2938386019788955,0.3154214614501335,0.45874229443171144,0.14332083298157794,0.46014642895992963,0.5485850931605621,0.08843866420063251,1224.0,0.5620404411764706,1927.0,0.8851102941176471,2074.0,0.9526654411764706,1705.0,0.7830882352941176,1827.0,0.8391544117647058,0.5620404411764706,WACC_0p1_WRT_0p9,0.8044117647058824,1867,False,,,False,False,False,False,False,193.0,0.8170212765957446
SPLL,RialtoBridgeTimelapse,2074,0.53,284,0.6000000000000002,0.451079031326913,0,137,4915,3326,6,0.509,0.30856232183606697,0.435042972091906,0.3919563068968873,0.24646490383589195,0.20357514804053406,0.3179215453496307,-2.8192817631169373,2.486580303846317,-2.921841313157002,-2.3302840836398757,-3.215787996382892,1.7111958757000287,0.435042972091906,0.4452589058138611,0.010215933721955062,0.3919563068968873,0.49176140788992045,0.09980510099303314,0.24646490383589195,0.6064776892989574,0.3600127854630655,0.20357514804053406,0.4126910048507014,0.20911585681016737,0.3179215453496307,0.48111752536413993,0.16319598001450925,1487.0,0.6829044117647058,1844.0,0.8469669117647058,1985.0,0.9117647058823529,1225.0,0.5625,1284.0,0.5896139705882353,0.5625,WACC_0p7_WRT_0p3,0.71875,1868,False,,,False,False,False,False,False,137.0,0.5787234042553191
SPLL,RialtoBridgeTimelapse,851,0.49,309,0.5000000000000001,0.43118708154025,0,147,1846,3560,7,0.591,0.2766489878123124,0.4406348660785245,0.376429397683316,0.185489097202178,0.30587732895624253,0.41810752585435246,-2.8192817631169373,2.486580303846317,-2.921841313157002,-2.3302840836398757,-3.215787996382892,1.7111958757000287,0.4406348660785245,0.43319014939025163,0.0074447166882728455,0.376429397683316,0.47628358338016663,0.09985418569685062,0.185489097202178,0.5978766214139658,0.4123875242117878,0.30587732895624253,0.4490796262326749,0.14320229727643236,0.41810752585435246,0.5279875375627368,0.1098800117083843,1225.0,0.5625,1488.0,0.6833639705882353,1857.0,0.8529411764705882,1623.0,0.7454044117647058,1673.0,0.7683823529411765,0.5625,WACC_0p1_WRT_0p9,0.7225183823529411,1869,False,,,False,False,False,False,False,147.0,0.6212765957446809
SPLL,RialtoBridgeTimelapse,1368,0.35,795,0.15,0.2080906487110231,0,219,2392,4872,1,0.032,0.4597258595590733,0.6297584998208623,0.49776979616014416,0.2857310399685156,0.621495683285219,0.7669143600053763,-2.8192817631169373,2.486580303846317,-2.921841313157002,-2.3302840836398757,-3.215787996382892,1.7111958757000287,0.6297584998208623,0.4332253414567267,0.1965331583641356,0.49776979616014416,0.4817731210875893,0.015996675072554867,0.2857310399685156,0.5832869695344137,0.2975559295658981,0.621495683285219,0.4986512993340512,0.12284438395116776,0.7669143600053763,0.6011477940621865,0.16576656594318973,1226.0,0.5629595588235294,1600.0,0.7348345588235294,1566.0,0.7192095588235294,2033.0,0.9338235294117647,2122.0,0.9747242647058824,0.5629595588235294,WACC_0p1_WRT_0p9,0.7851102941176471,1870,False,,,False,False,False,False,False,219.0,0.9276595744680851
SPLL,RialtoBridgeTimelapse,1999,0.52,197,0.5750000000000002,0.5372448271593553,0,78,4622,3389,3,0.414,0.1886780203736404,0.3408229937939756,0.2880097447469497,0.11820914619915858,0.2578917418571798,0.3486554756119012,-2.8192817631169373,2.486580303846317,-2.921841313157002,-2.3302840836398757,-3.215787996382892,1.7111958757000287,0.3408229937939756,0.4428804315464252,0.10205743775244958,0.2880097447469497,0.4784268923876837,0.19041714764073403,0.11820914619915858,0.6081495768467724,0.48994043064761383,0.2578917418571798,0.4128251901981197,0.15493344834093992,0.3486554756119012,0.4809337183837056,0.1322782427718044,1425.0,0.6544117647058824,1536.0,0.7054227941176471,2011.0,0.9237132352941176,1228.0,0.5638786764705882,1281.0,0.5882352941176471,0.5638786764705882,WACC_0p7_WRT_0p3,0.6871323529411766,1871,False,,,False,False,False,False,False,78.0,0.3276595744680851
SPLL,RialtoBridgeTimelapse,1646,0.54,495,0.6250000000000002,0.3199960493489089,0,182,4600,3006,9,0.225,0.49144748573119595,0.5853702801712003,0.5531386082130074,0.4363527122474917,0.1395968288446626,0.2908134527367848,-2.8192817631169373,2.486580303846317,-2.921841313157002,-2.3302840836398757,-3.215787996382892,1.7111958757000287,0.5853702801712003,0.4653068523348247,0.12006342783637558,0.5531386082130074,0.4967702095839691,0.05636839862903831,0.4363527122474917,0.6007272403631816,0.16437452811568987,0.1395968288446626,0.41768961986649683,0.27809279102183426,0.2908134527367848,0.47455904954104017,0.18374559680425534,1817.0,0.8345588235294118,1947.0,0.8943014705882353,1908.0,0.8763786764705882,1290.0,0.5923713235294118,1229.0,0.5643382352941176,0.5643382352941176,WACC_0p9_WRT_0p1,0.752389705882353,1872,False,,,False,False,False,False,False,182.0,0.7702127659574468
SPLL,RialtoBridgeTimelapse,1886,0.5,550,0.5250000000000001,0.2951181038317215,0,189,4356,3960,5,0.529,0.45979018532938337,0.5895583630342488,0.5371982514032453,0.3770549504363947,0.2371864746203738,0.3861195039740489,-2.8192817631169373,2.486580303846317,-2.921841313157002,-2.3302840836398757,-3.215787996382892,1.7111958757000287,0.5895583630342488,0.4332971801235889,0.15626118291065988,0.5371982514032453,0.4955932263273339,0.041605025075911406,0.3770549504363947,0.6142028159641171,0.23714786552772238,0.2371864746203738,0.4473560586347797,0.21016958401440589,0.3861195039740489,0.5077600410345255,0.12164053706047662,1229.0,0.5643382352941176,1925.0,0.8841911764705882,2079.0,0.9549632352941176,1614.0,0.7412683823529411,1492.0,0.6852022058823529,0.5643382352941176,WACC_0p1_WRT_0p9,0.7659926470588234,1873,False,,,False,False,False,False,False,189.0,0.8
SPLL,RialtoBridgeTimelapse,1738,0.58,125,0.725,0.6441731343402461,0,18,1780,1841,3,0.13,0.14081274951341713,0.2502485118456176,0.22554218477487578,0.11332898709356408,0.12792171500543598,0.20208510915959574,-2.8192817631169373,2.486580303846317,-2.921841313157002,-2.3302840836398757,-3.215787996382892,1.7111958757000287,0.2502485118456176,0.45057409549028193,0.20032558364466435,0.22554218477487578,0.465139159903952,0.2395969751290762,0.11332898709356408,0.5885668227689652,0.4752378356754011,0.12792171500543598,0.4128919358127071,0.28497022080727114,0.20208510915959574,0.47778385107102517,0.2756987419114294,1592.0,0.7311580882352942,1252.0,0.5749080882352942,1664.0,0.7642463235294118,1230.0,0.5647977941176471,1254.0,0.5758272058823529,0.5647977941176471,WACC_0p7_WRT_0p3,0.6421875,1874,False,,,False,False,False,False,False,18.0,0.07234042553191489
SPLL,RialtoBridgeTimelapse,1992,0.53,573,0.6000000000000002,0.2854434735200449,0,191,4732,3001,3,0.035,0.5197082786730282,0.6177349775198602,0.5816623129825012,0.45770404100782996,0.15587140385751067,0.31402485965726984,-2.8192817631169373,2.486580303846317,-2.921841313157002,-2.3302840836398757,-3.215787996382892,1.7111958757000287,0.6177349775198602,0.47087735345279264,0.14685762406706754,0.5816623129825012,0.49272420899817065,0.0889381039843305,0.45770404100782996,0.6013161432714771,0.14361210226364712,0.15587140385751067,0.412894489683334,0.25702308582582334,0.31402485965726984,0.4853081016687622,0.17128324201149236,1879.0,0.8630514705882353,1867.0,0.8575367647058824,1919.0,0.8814338235294118,1231.0,0.5652573529411765,1323.0,0.6075367647058824,0.5652573529411765,WACC_0p7_WRT_0p3,0.7549632352941177,1875,False,,,False,False,False,False,False,191.0,0.8085106382978723
SPLL,RialtoBridgeTimelapse,6,0.49,308,0.5000000000000001,0.4319514597091144,0,146,1084,2608,7,0.618,0.2757203671086235,0.4398449166390723,0.3756004268466257,0.18454822964198386,0.3061258796651793,0.4181652486981103,-2.8192817631169373,2.486580303846317,-2.921841313157002,-2.3302840836398757,-3.215787996382892,1.7111958757000287,0.4398449166390723,0.4334911703709479,0.006353746268124405,0.3756004268466257,0.476913763760252,0.10131333691362632,0.18454822964198386,0.5777102313909094,0.3931620017489255,0.3061258796651793,0.42884721088435707,0.12272133121917778,0.4181652486981103,0.49840321964506873,0.08023797094695845,1232.0,0.5657169117647058,1500.0,0.6888786764705882,1485.0,0.6819852941176471,1407.0,0.6461397058823529,1420.0,0.6521139705882353,0.5657169117647058,WACC_0p1_WRT_0p9,0.6469669117647058,1876,False,,,False,False,False,False,False,146.0,0.6170212765957447
SPLL,RialtoBridgeTimelapse,1858,0.58,154,0.725,0.5951682631125356,0,39,1917,1761,9,0.377,0.2021176575442858,0.30300200970645513,0.28050733091199576,0.17491463565854948,0.11324077047821192,0.20008392732904082,-2.8192817631169373,2.486580303846317,-2.921841313157002,-2.3302840836398757,-3.215787996382892,1.7111958757000287,0.30300200970645513,0.4598825736525951,0.15688056394613997,0.28050733091199576,0.47530638483144977,0.194799053919454,0.17491463565854948,0.5602470650905593,0.38533242943200985,0.11324077047821192,0.4362931204431584,0.3230523499649465,0.20008392732904082,0.4970749343838238,0.296991007054783,1738.0,0.7982536764705882,1466.0,0.6732536764705882,1232.0,0.5657169117647058,1490.0,0.6842830882352942,1411.0,0.6479779411764706,0.5657169117647058,WACC_0p5_WRT_0p5,0.6738970588235295,1877,False,,,False,False,False,False,False,39.0,0.16170212765957448
SPLL,RialtoBridgeTimelapse,934,0.49,186,0.5000000000000001,0.5507670696226381,0,69,2688,1947,10,0.773,0.2206857180968131,0.3201081214109567,0.24925349822925927,0.14359053309003048,0.3471825878529528,0.430184475325817,-2.8192817631169373,2.486580303846317,-2.921841313157002,-2.3302840836398757,-3.215787996382892,1.7111958757000287,0.3201081214109567,0.43691430806268394,0.11680618665172726,0.24925349822925927,0.4811321539381196,0.23187865570886032,0.14359053309003048,0.5638681004221674,0.42027756733213695,0.3471825878529528,0.41548828961463463,0.06830570176168183,0.430184475325817,0.47484691689693564,0.04466244157111865,1299.0,0.5965073529411765,1588.0,0.7293198529411765,1273.0,0.5845588235294118,1262.0,0.5795036764705882,1233.0,0.5661764705882353,0.5661764705882353,WACC_0p9_WRT_0p1,0.6112132352941178,1878,False,,,False,False,False,False,False,69.0,0.28936170212765955
SPLL,RialtoBridgeTimelapse,1400,0.4,290,0.2750000000000001,0.4461502106043822,0,140,2283,2848,10,0.6,0.43836797763967245,0.40736880556784305,0.2897595157461802,0.33322333066033644,0.568098422989157,0.6639048235361029,-2.8192817631169373,2.486580303846317,-2.921841313157002,-2.3302840836398757,-3.215787996382892,1.7111958757000287,0.40736880556784305,0.433519215809895,0.026150410242051947,0.2897595157461802,0.47508202084237733,0.18532250509619713,0.33322333066033644,0.5728671054469707,0.2396437747866343,0.568098422989157,0.4414696985926746,0.12662872439648243,0.6639048235361029,0.5157715176481876,0.1481333058879153,1233.0,0.5661764705882353,1461.0,0.6709558823529411,1416.0,0.6502757352941176,1545.0,0.7095588235294118,1569.0,0.7205882352941176,0.5661764705882353,WACC_0p1_WRT_0p9,0.6635110294117647,1879,False,,,False,False,False,False,False,140.0,0.5914893617021276
SPLL,RialtoBridgeTimelapse,1658,0.5,338,0.5250000000000001,0.4100307119490419,0,154,3501,3171,2,0.169,0.3163604060869629,0.46623533113597343,0.40864055686284273,0.23288107888095017,0.27181988633050724,0.3911007079232207,-2.8192817631169373,2.486580303846317,-2.921841313157002,-2.3302840836398757,-3.215787996382892,1.7111958757000287,0.46623533113597343,0.4335982897270048,0.032637041408968614,0.40864055686284273,0.47359044225832964,0.0649498853954869,0.23288107888095017,0.5945370793346729,0.36165600045372276,0.27181988633050724,0.4169028006682362,0.14508291433772896,0.3911007079232207,0.4965066152921846,0.10540590736896388,1234.0,0.5666360294117647,1424.0,0.6539522058823529,1783.0,0.8189338235294118,1280.0,0.5877757352941176,1405.0,0.6452205882352942,0.5666360294117647,WACC_0p1_WRT_0p9,0.6545036764705883,1880,False,,,False,False,False,False,False,154.0,0.6510638297872341
SPLL,RialtoBridgeTimelapse,679,0.36,197,0.175,0.5372448271593553,0,80,113,2116,8,0.051,0.6214310777647243,0.32129070046368846,0.1716647827278398,0.541990155297224,0.7302242345891407,0.8007375590916879,-2.8192817631169373,2.486580303846317,-2.921841313157002,-2.3302840836398757,-3.215787996382892,1.7111958757000287,0.32129070046368846,0.4611693088913118,0.13987860842762334,0.1716647827278398,0.4641316501843163,0.2924668674564765,0.541990155297224,0.5710457810561361,0.029055625758912074,0.7302242345891407,0.45872621779222605,0.2714980167969146,0.8007375590916879,0.5442896265144115,0.2564479325772764,1759.0,0.8079044117647058,1235.0,0.5670955882352942,1386.0,0.6364889705882353,1703.0,0.7821691176470589,1781.0,0.8180147058823529,0.5670955882352942,WACC_0p3_WRT_0p7,0.7223345588235295,1881,False,,,False,False,False,False,False,80.0,0.33617021276595743
SPLL,RialtoBridgeTimelapse,877,0.37,656,0.2,0.2534929482340128,0,213,489,4875,1,0.113,0.4236776873003149,0.589023658439321,0.4659812013748369,0.26245285970975535,0.5810126411282065,0.7183668125027611,-2.8192817631169373,2.486580303846317,-2.921841313157002,-2.3302840836398757,-3.215787996382892,1.7111958757000287,0.589023658439321,0.43362804867338167,0.15539560976593936,0.4659812013748369,0.4754990791021654,0.009517877727328483,0.26245285970975535,0.5760258040562777,0.31357294434652233,0.5810126411282065,0.5052558650048075,0.07575677612339904,0.7183668125027611,0.6011943981298887,0.1171724143728724,1235.0,0.5670955882352942,1471.0,0.6755514705882353,1467.0,0.6737132352941176,2060.0,0.9462316176470589,2123.0,0.9751838235294118,0.5670955882352942,WACC_0p1_WRT_0p9,0.7675551470588236,1882,False,,,False,False,False,False,False,213.0,0.902127659574468
SPLL,RialtoBridgeTimelapse,1945,0.54,397,0.6250000000000002,0.3720718302833087,0,167,3703,2529,2,0.009,0.42412356194893314,0.5269090922095673,0.4925677506476257,0.3691826272364088,0.15420631321906453,0.29142658352913153,-2.8192817631169373,2.486580303846317,-2.921841313157002,-2.3302840836398757,-3.215787996382892,1.7111958757000287,0.5269090922095673,0.467258467189421,0.059650625020146286,0.4925677506476257,0.4842995063706409,0.008268244276984804,0.3691826272364088,0.5996980230072647,0.2305153957708559,0.15420631321906453,0.4172774180166605,0.263071104797596,0.29142658352913153,0.47549881198908744,0.1840722284599559,1846.0,0.8478860294117647,1673.0,0.7683823529411765,1893.0,0.8694852941176471,1285.0,0.5900735294117647,1236.0,0.5675551470588235,0.5675551470588235,WACC_0p9_WRT_0p1,0.7286764705882354,1883,False,,,False,False,False,False,False,167.0,0.7063829787234043
SPLL,RialtoBridgeTimelapse,1366,0.53,220,0.6000000000000002,0.511246276697515,0,97,3585,2948,3,0.428,0.23400977271057816,0.3711034565194672,0.32519811618920524,0.17138398566343604,0.22204059532619302,0.3209962004070651,-2.8192817631169373,2.486580303846317,-2.921841313157002,-2.3302840836398757,-3.215787996382892,1.7111958757000287,0.3711034565194672,0.43977470946210656,0.06867125294263937,0.32519811618920524,0.4681425249806627,0.14294440879145748,0.17138398566343604,0.58860828122614,0.4172242955627039,0.22204059532619302,0.41351151495897154,0.1914709196327785,0.3209962004070651,0.4759092746043265,0.1549130741972614,1365.0,0.6268382352941176,1314.0,0.6034007352941176,1667.0,0.765625,1238.0,0.5684742647058824,1240.0,0.5693933823529411,0.5684742647058824,WACC_0p7_WRT_0p3,0.6267463235294117,1884,False,,,False,False,False,False,False,97.0,0.4085106382978723
SPLL,RialtoBridgeTimelapse,1766,0.5,304,0.5250000000000001,0.4350339116223998,0,144,1048,2445,4,0.37,0.2856779304211186,0.4400191191851893,0.3812048522441574,0.20189505254182105,0.279701281200449,0.39266129743933914,-2.8192817631169373,2.486580303846317,-2.921841313157002,-2.3302840836398757,-3.215787996382892,1.7111958757000287,0.4400191191851893,0.43460300950881814,0.005416109676371184,0.3812048522441574,0.464264687189743,0.08305983494558561,0.20189505254182105,0.5935591371488179,0.39166408460699687,0.279701281200449,0.4221339027506582,0.1424326215502092,0.39266129743933914,0.48995623531038074,0.0972949378710416,1255.0,0.5762867647058824,1238.0,0.5684742647058824,1764.0,0.8102022058823529,1350.0,0.6199448529411765,1362.0,0.6254595588235294,0.5684742647058824,WACC_0p3_WRT_0p7,0.6400735294117648,1885,False,,,False,False,False,False,False,144.0,0.6085106382978723
SPLL,RialtoBridgeTimelapse,30,0.42,101,0.325,0.6941635488270013,0,15,2197,1773,9,0.512,0.5329528883016722,0.1842726712089816,0.058300871333552745,0.49630388546838927,0.6253663942017933,0.6677102237172174,-2.8192817631169373,2.486580303846317,-2.921841313157002,-2.3302840836398757,-3.215787996382892,1.7111958757000287,0.1842726712089816,0.43385897171117743,0.24958630050219582,0.058300871333552745,0.4690306872797761,0.4107298159462234,0.49630388546838927,0.5720037361161199,0.0756998506477306,0.6253663942017933,0.43949587579210353,0.18587051840968977,0.6677102237172174,0.5121528674144441,0.15555735630277334,1239.0,0.5689338235294118,1332.0,0.6116727941176471,1404.0,0.6447610294117647,1518.0,0.6971507352941176,1545.0,0.7095588235294118,0.5689338235294118,WACC_0p1_WRT_0p9,0.6464154411764705,1886,False,,,False,False,False,False,False,15.0,0.059574468085106386
SPLL,RialtoBridgeTimelapse,2002,0.53,312,0.6000000000000002,0.4289086545798216,0,146,3769,2612,8,0.683,0.336350566514596,0.4589711310975391,0.41687723954196787,0.2743663251491307,0.19696666292410675,0.31706271711943973,-2.8192817631169373,2.486580303846317,-2.921841313157002,-2.3302840836398757,-3.215787996382892,1.7111958757000287,0.4589711310975391,0.44505549019241236,0.013915640905126758,0.41687723954196787,0.49251290840515805,0.07563566886319018,0.2743663251491307,0.5890512657365826,0.31468494058745194,0.19696666292410675,0.4164872313945126,0.21952056847040585,0.31706271711943973,0.4757573358670166,0.15869461874757684,1482.0,0.6806066176470589,1859.0,0.8538602941176471,1676.0,0.7697610294117647,1276.0,0.5859375,1239.0,0.5689338235294118,0.5689338235294118,WACC_0p9_WRT_0p1,0.6918198529411765,1887,False,,,False,False,False,False,False,146.0,0.6170212765957447
SPLL,RialtoBridgeTimelapse,1428,0.34,329,0.1250000000000001,0.4163963382498593,0,157,99,2796,9,0.409,0.6088043365536369,0.42964712688072115,0.27753934654486667,0.49593089354976816,0.7342358704849845,0.8296552766916264,-2.8192817631169373,2.486580303846317,-2.921841313157002,-2.3302840836398757,-3.215787996382892,1.7111958757000287,0.42964712688072115,0.43389585574951106,0.004248728868789908,0.27753934654486667,0.4723939895143324,0.19485464296946575,0.49593089354976816,0.5748224857521109,0.07889159220234276,0.7342358704849845,0.5136522473055292,0.22058362317945535,0.8296552766916264,0.5880982365995835,0.24155704009204293,1240.0,0.5693933823529411,1394.0,0.6401654411764706,1450.0,0.6659007352941176,2093.0,0.9613970588235294,2078.0,0.9545036764705882,0.5693933823529411,WACC_0p1_WRT_0p9,0.7582720588235294,1888,False,,,False,False,False,False,False,157.0,0.6638297872340425
SPLL,RialtoBridgeTimelapse,1132,0.49,459,0.5000000000000001,0.3378218302165935,0,182,4849,3687,2,0.336,0.39142457312398016,0.5387660421704018,0.4790844684568359,0.30134526597710065,0.2765747722939414,0.41245806338490987,-2.8192817631169373,2.486580303846317,-2.921841313157002,-2.3302840836398757,-3.215787996382892,1.7111958757000287,0.5387660421704018,0.43394425059549113,0.10482179157491067,0.4790844684568359,0.4784711130473436,0.000613355409492311,0.30134526597710065,0.6077597864845797,0.3064145205074791,0.2765747722939414,0.4313711378209495,0.1547963655270081,0.41245806338490987,0.5014456922180598,0.08898762883314992,1242.0,0.5703125,1537.0,0.7058823529411765,2007.0,0.921875,1441.0,0.6617647058823529,1442.0,0.6622242647058824,0.5703125,WACC_0p1_WRT_0p9,0.7044117647058823,1889,False,,,False,False,False,False,False,182.0,0.7702127659574468
SPLL,RialtoBridgeTimelapse,1931,0.53,343,0.6000000000000002,0.4065668896393937,0,155,4124,3167,3,0.485,0.3645147795179473,0.4832665905738027,0.4421525914314184,0.3026071400204354,0.19039350948173314,0.31632292169740966,-2.8192817631169373,2.486580303846317,-2.921841313157002,-2.3302840836398757,-3.215787996382892,1.7111958757000287,0.4832665905738027,0.44150630942144414,0.04176028115235858,0.4421525914314184,0.47404364865593057,0.03189105722451219,0.3026071400204354,0.5838833374739241,0.2812761974534887,0.19039350948173314,0.41644206945383483,0.2260485599721017,0.31632292169740966,0.47642366169750366,0.160100740000094,1401.0,0.6433823529411765,1433.0,0.6580882352941176,1583.0,0.7270220588235294,1274.0,0.5850183823529411,1244.0,0.5712316176470589,0.5712316176470589,WACC_0p9_WRT_0p1,0.6369485294117647,1890,False,,,False,False,False,False,False,155.0,0.6553191489361702
SPLL,RialtoBridgeTimelapse,810,0.48,983,0.475,0.1579304639712317,0,213,4135,4471,8,0.559,0.6032598749795125,0.7295576527081435,0.6723803709769864,0.5067100642340809,0.25020299137783003,0.4310543332351102,-2.8192817631169373,2.486580303846317,-2.921841313157002,-2.3302840836398757,-3.215787996382892,1.7111958757000287,0.7295576527081435,0.4341037447659326,0.29545390794221094,0.6723803709769864,0.502717915882091,0.16966245509489541,0.5067100642340809,0.6198824388647748,0.11317237463069385,0.25020299137783003,0.4697700733242321,0.21956708194640207,0.4310543332351102,0.5446337657242437,0.11357943248913349,1244.0,0.5712316176470589,2039.0,0.9365808823529411,2117.0,0.9724264705882353,1824.0,0.8377757352941176,1783.0,0.8189338235294118,0.5712316176470589,WACC_0p1_WRT_0p9,0.827389705882353,1891,False,,,False,False,False,False,False,213.0,0.902127659574468
SPLL,RialtoBridgeTimelapse,2107,0.33,240,0.1000000000000001,0.4907507973506212,0,117,2040,2706,1,0.033,0.6879515495477517,0.3619422137064684,0.19738828821898768,0.5956158221966267,0.7998077003528595,0.877396732103702,-2.8192817631169373,2.486580303846317,-2.921841313157002,-2.3302840836398757,-3.215787996382892,1.7111958757000287,0.3619422137064684,0.4369802191369192,0.0750380054304508,0.19738828821898768,0.4647106365467608,0.26732234832777313,0.5956158221966267,0.5675885354055363,0.028027286791090344,0.7998077003528595,0.4550813823738485,0.34472631797901104,0.877396732103702,0.5384365220025863,0.33896021010111566,1301.0,0.5974264705882353,1245.0,0.5716911764705882,1336.0,0.6135110294117647,1666.0,0.7651654411764706,1753.0,0.8051470588235294,0.5716911764705882,WACC_0p3_WRT_0p7,0.6705882352941177,1892,False,,,False,False,False,False,False,117.0,0.49361702127659574
SPLL,RialtoBridgeTimelapse,1386,0.54,373,0.6250000000000002,0.3867858880503524,0,162,4474,2546,8,0.019,0.40523392663626423,0.5105329939070541,0.47558350770048147,0.35031267072691413,0.1583822981936348,0.2916791368978224,-2.8192817631169373,2.486580303846317,-2.921841313157002,-2.3302840836398757,-3.215787996382892,1.7111958757000287,0.5105329939070541,0.48822767278711465,0.022305321119939436,0.47558350770048147,0.5106614558269442,0.035077948126462755,0.35031267072691413,0.6108393830087783,0.26052671228186414,0.1583822981936348,0.4180471646053273,0.2596648664116925,0.2916791368978224,0.4766420386461739,0.1849629017483515,2055.0,0.9439338235294118,2110.0,0.9692095588235294,2046.0,0.9397977941176471,1292.0,0.5932904411764706,1245.0,0.5716911764705882,0.5716911764705882,WACC_0p9_WRT_0p1,0.8035845588235293,1893,False,,,False,False,False,False,False,162.0,0.6851063829787234
SPLL,RialtoBridgeTimelapse,1430,0.47,373,0.45,0.3867858880503524,0,164,3499,4089,8,0.528,0.30341395869190196,0.48008468071739485,0.4069266116525522,0.19801342324668328,0.3464868582990649,0.46648039366117927,-2.8192817631169373,2.486580303846317,-2.921841313157002,-2.3302840836398757,-3.215787996382892,1.7111958757000287,0.48008468071739485,0.43430739531872137,0.045777285398673484,0.4069266116525522,0.4920582293723934,0.08513161771984123,0.19801342324668328,0.611665083696023,0.41365166044933976,0.3464868582990649,0.46516359235877597,0.11867673405971108,0.46648039366117927,0.5401381016908143,0.07365770802963506,1247.0,0.5726102941176471,1850.0,0.8497242647058824,2055.0,0.9439338235294118,1771.0,0.8134191176470589,1760.0,0.8083639705882353,0.5726102941176471,WACC_0p1_WRT_0p9,0.7976102941176471,1894,False,,,False,False,False,False,False,164.0,0.6936170212765957
SPLL,RialtoBridgeTimelapse,1446,0.49,398,0.5000000000000001,0.3714781666406511,0,170,3133,2646,7,0.244,0.34974970045434983,0.5030314680349163,0.44176965598080425,0.25936837485255504,0.2869187593354608,0.414199630932692,-2.8192817631169373,2.486580303846317,-2.921841313157002,-2.3302840836398757,-3.215787996382892,1.7111958757000287,0.5030314680349163,0.4558564461432608,0.047175021891655455,0.44176965598080425,0.4906049030732355,0.048835247092431255,0.25936837485255504,0.5893574869604195,0.3299891121078644,0.2869187593354608,0.41403231523504674,0.12711355589958595,0.414199630932692,0.4907324921383856,0.07653286120569358,1684.0,0.7734375,1820.0,0.8359375,1680.0,0.7715992647058824,1248.0,0.5730698529411765,1375.0,0.6314338235294118,0.5730698529411765,WACC_0p7_WRT_0p3,0.7170955882352941,1895,False,,,False,False,False,False,False,170.0,0.7191489361702128
SPLL,RialtoBridgeTimelapse,2166,0.53,259,0.6000000000000002,0.4727983873684702,0,122,4990,3338,5,0.48,0.28150093824695765,0.4117870528015526,0.3677055839018049,0.21925275784571965,0.21014350489754927,0.31889692799014085,-2.8192817631169373,2.486580303846317,-2.921841313157002,-2.3302840836398757,-3.215787996382892,1.7111958757000287,0.4117870528015526,0.4455480207774775,0.03376096797592493,0.3677055839018049,0.4874204437817039,0.119714859879899,0.21925275784571965,0.5981262839655488,0.37887352611982916,0.21014350489754927,0.41453127167717796,0.2043877667796287,0.31889692799014085,0.4773723574643441,0.15847542947420323,1496.0,0.6870404411764706,1745.0,0.8014705882352942,1860.0,0.8543198529411765,1253.0,0.5753676470588235,1250.0,0.5739889705882353,0.5739889705882353,WACC_0p9_WRT_0p1,0.6984375,1896,False,,,False,False,False,False,False,122.0,0.5148936170212766
SPLL,RialtoBridgeTimelapse,644,0.47,1132,0.45,0.1245737989324656,0,222,3265,3806,1,0.001,0.6301546057926626,0.7607726561581097,0.6996895039464743,0.52666649006441,0.26687863685087493,0.45438776904308187,-2.8192817631169373,2.486580303846317,-2.921841313157002,-2.3302840836398757,-3.215787996382892,1.7111958757000287,0.7607726561581097,0.4343797750075482,0.32639288115056153,0.6996895039464743,0.47983504678053324,0.2198544571659411,0.52666649006441,0.5971357874385428,0.07046929737413277,0.26687863685087493,0.44734183711345527,0.18046320026258034,0.45438776904308187,0.5308213029096911,0.07643353386660923,1250.0,0.5739889705882353,1563.0,0.7178308823529411,1838.0,0.8442095588235294,1613.0,0.7408088235294118,1693.0,0.7775735294117647,0.5739889705882353,WACC_0p1_WRT_0p9,0.7308823529411764,1897,False,,,False,False,False,False,False,222.0,0.9404255319148936
SPLL,RialtoBridgeTimelapse,2060,0.55,235,0.6500000000000002,0.4957106192094297,0,107,4609,3036,9,0.527,0.2822726533936033,0.3962492307675358,0.361983059523089,0.2342019118756609,0.16355936269659338,0.2702742495765853,-2.8192817631169373,2.486580303846317,-2.921841313157002,-2.3302840836398757,-3.215787996382892,1.7111958757000287,0.3962492307675358,0.4576035993606468,0.061354368593111,0.361983059523089,0.4907376219409403,0.12875456241785127,0.2342019118756609,0.5885195645234166,0.3543176526477557,0.16355936269659338,0.4191243517589401,0.2555649890623467,0.2702742495765853,0.4778092877344123,0.20753503815782698,1708.0,0.7844669117647058,1824.0,0.8377757352941176,1663.0,0.7637867647058824,1308.0,0.6006433823529411,1255.0,0.5762867647058824,0.5762867647058824,WACC_0p9_WRT_0p1,0.7125919117647058,1898,False,,,False,False,False,False,False,107.0,0.451063829787234
SPLL,RialtoBridgeTimelapse,289,0.57,233,0.7,0.4977240342342319,0,106,1641,1947,10,0.318,0.31073192710649084,0.40493810420139953,0.3812436884150847,0.27661437473720957,0.11149392814348721,0.221951368717968,-2.8192817631169373,2.486580303846317,-2.921841313157002,-2.3302840836398757,-3.215787996382892,1.7111958757000287,0.40493810420139953,0.463377108173016,0.05843900397161644,0.3812436884150847,0.4935122544409748,0.11226856602589008,0.27661437473720957,0.5869293427755967,0.31031496803838715,0.11149392814348721,0.4191337223623722,0.307639794218885,0.221951368717968,0.4782675795768501,0.2563162108588821,1791.0,0.8226102941176471,1884.0,0.8653492647058824,1634.0,0.7504595588235294,1309.0,0.6011029411764706,1257.0,0.5772058823529411,0.5772058823529411,WACC_0p9_WRT_0p1,0.7233455882352942,1899,False,,,False,False,False,False,False,106.0,0.44680851063829785
SPLL,RialtoBridgeTimelapse,1159,0.41,694,0.3,0.2401908591821581,0,212,824,3903,5,0.266,0.40004196367603756,0.6123549412720091,0.5130092400016267,0.2521114957203346,0.4640204092877364,0.610663974982219,-2.8192817631169373,2.486580303846317,-2.921841313157002,-2.3302840836398757,-3.215787996382892,1.7111958757000287,0.6123549412720091,0.43465502701502384,0.17769991425698523,0.5130092400016267,0.49889152647005375,0.014117713531572984,0.2521114957203346,0.5928751858131417,0.3407636900928071,0.4640204092877364,0.4757497112099098,0.011729301922173363,0.610663974982219,0.5561821393558646,0.05448183562635445,1257.0,0.5772058823529411,1980.0,0.9094669117647058,1746.0,0.8019301470588235,1871.0,0.859375,1887.0,0.8667279411764706,0.5772058823529411,WACC_0p1_WRT_0p9,0.8029411764705883,1900,False,,,False,False,False,False,False,212.0,0.8978723404255319
SPLL,RialtoBridgeTimelapse,1902,0.5,485,0.5250000000000001,0.3248144407039646,0,182,3933,3564,1,0.148,0.42236596342046734,0.5572778552129422,0.5036138834523698,0.339526345219536,0.24592928873321948,0.3871114341182099,-2.8192817631169373,2.486580303846317,-2.921841313157002,-2.3302840836398757,-3.215787996382892,1.7111958757000287,0.5572778552129422,0.43465825019173027,0.12261960502121189,0.5036138834523698,0.4705609104255053,0.033052973026864496,0.339526345219536,0.5854549736927283,0.24592862847319225,0.24592928873321948,0.42315062906068474,0.17722134032746525,0.3871114341182099,0.5040041099476731,0.11689267582946317,1258.0,0.5776654411764706,1363.0,0.6259191176470589,1608.0,0.7385110294117647,1356.0,0.6227022058823529,1462.0,0.6714154411764706,0.5776654411764706,WACC_0p1_WRT_0p9,0.6472426470588235,1901,False,,,False,False,False,False,False,182.0,0.7702127659574468
SPLL,RialtoBridgeTimelapse,1127,0.49,198,0.5000000000000001,0.5360530118555942,0,79,1675,3408,6,0.438,0.21279205659807698,0.3345855001397509,0.2646184242063811,0.13126065901815318,0.3417888675942721,0.42831598910144153,-2.8192817631169373,2.486580303846317,-2.921841313157002,-2.3302840836398757,-3.215787996382892,1.7111958757000287,0.3345855001397509,0.434815254335001,0.1002297541952501,0.2646184242063811,0.4772968566331543,0.2126784324267732,0.13126065901815318,0.6036374104278974,0.4723767514097442,0.3417888675942721,0.4307343019775301,0.08894543438325797,0.42831598910144153,0.5175919674304776,0.08927597832903611,1259.0,0.578125,1512.0,0.6943933823529411,1946.0,0.8938419117647058,1436.0,0.6594669117647058,1586.0,0.7284007352941176,0.578125,WACC_0p1_WRT_0p9,0.710845588235294,1902,False,,,False,False,False,False,False,79.0,0.33191489361702126
SPLL,RialtoBridgeTimelapse,1972,0.52,291,0.5750000000000002,0.4453386323214809,0,140,3455,2857,9,0.687,0.30118025483024297,0.4368358916179006,0.3885624087138956,0.23192330812690326,0.22866954974268433,0.3425941940686162,-2.8192817631169373,2.486580303846317,-2.921841313157002,-2.3302840836398757,-3.215787996382892,1.7111958757000287,0.4368358916179006,0.43482262481476225,0.002013266803138347,0.3885624087138956,0.4836277667107376,0.09506535799684201,0.23192330812690326,0.5780266130483861,0.34610330492148283,0.22866954974268433,0.4273091444267745,0.19863959468409015,0.3425941940686162,0.49622102232808324,0.15362682825946705,1260.0,0.5785845588235294,1654.0,0.7596507352941176,1494.0,0.6861213235294118,1399.0,0.6424632352941176,1402.0,0.6438419117647058,0.5785845588235294,WACC_0p1_WRT_0p9,0.6621323529411764,1903,False,,,False,False,False,False,False,140.0,0.5914893617021276
SPLL,RialtoBridgeTimelapse,2173,0.5,395,0.5250000000000001,0.3732636455870697,0,169,1079,2399,8,0.001,0.36183386461233963,0.5052098092331422,0.4493497205371957,0.2786991618967474,0.2604837066960977,0.38914870375258453,-2.8192817631169373,2.486580303846317,-2.921841313157002,-2.3302840836398757,-3.215787996382892,1.7111958757000287,0.5052098092331422,0.48949765785285126,0.015712151380290917,0.4493497205371957,0.5066718929688492,0.057322172431653495,0.2786991618967474,0.5731980060029559,0.29449884410620847,0.2604837066960977,0.4153316382968455,0.15484793160074778,0.38914870375258453,0.4986718048754158,0.10952310112283126,2059.0,0.9457720588235294,2083.0,0.9568014705882353,1428.0,0.6557904411764706,1261.0,0.5790441176470589,1424.0,0.6539522058823529,0.5790441176470589,WACC_0p7_WRT_0p3,0.7582720588235294,1904,False,,,False,False,False,False,False,169.0,0.7148936170212766
SPLL,RialtoBridgeTimelapse,1947,0.4,591,0.2750000000000001,0.2781386958256514,0,204,2650,4168,9,0.399,0.34674394020008403,0.5712246312637774,0.4641091180505016,0.1914012595009472,0.5048707272011212,0.6406486073301,-2.8192817631169373,2.486580303846317,-2.921841313157002,-2.3302840836398757,-3.215787996382892,1.7111958757000287,0.5712246312637774,0.4348647948229463,0.1363598364408311,0.4641091180505016,0.49868049273657356,0.034571374686071965,0.1914012595009472,0.6027164055052308,0.41131514600428354,0.5048707272011212,0.493219370470427,0.011651356730694229,0.6406486073301,0.5821645455362006,0.05848406179389942,1261.0,0.5790441176470589,1974.0,0.9067095588235294,1936.0,0.8892463235294118,1998.0,0.9177389705882353,2051.0,0.9420955882352942,0.5790441176470589,WACC_0p1_WRT_0p9,0.846966911764706,1905,False,,,False,False,False,False,False,204.0,0.8638297872340426
SPLL,RialtoBridgeTimelapse,1965,0.53,259,0.6000000000000002,0.4727983873684702,0,122,3990,3359,5,0.653,0.28150093824695765,0.4117870528015526,0.3677055839018049,0.21925275784571965,0.21014350489754927,0.31889692799014085,-2.8192817631169373,2.486580303846317,-2.921841313157002,-2.3302840836398757,-3.215787996382892,1.7111958757000287,0.4117870528015526,0.4350768338400495,0.023289781038496937,0.3677055839018049,0.4842553160668889,0.11654973216508396,0.21925275784571965,0.6000296574205208,0.3807768995748012,0.21014350489754927,0.43150819032652893,0.22136468542897966,0.31889692799014085,0.4849463745534768,0.16604944656333592,1262.0,0.5795036764705882,1670.0,0.7670036764705882,1896.0,0.8708639705882353,1444.0,0.6631433823529411,1317.0,0.6047794117647058,0.5795036764705882,WACC_0p1_WRT_0p9,0.6970588235294117,1906,False,,,False,False,False,False,False,122.0,0.5148936170212766
SPLL,RialtoBridgeTimelapse,1346,0.52,431,0.5750000000000002,0.3526789432191471,0,175,4201,3346,4,0.108,0.4174730902188999,0.5370102712360704,0.4928698436480548,0.3486584051788123,0.20111599009440514,0.3391076144095105,-2.8192817631169373,2.486580303846317,-2.921841313157002,-2.3302840836398757,-3.215787996382892,1.7111958757000287,0.5370102712360704,0.4658012151476538,0.07120905608841654,0.4928698436480548,0.5010453476757817,0.008175504027726876,0.3486584051788123,0.6107700016123616,0.2621115964335493,0.20111599009440514,0.4155961784445642,0.21448018835015906,0.3391076144095105,0.48872557865380095,0.14961796424429047,1827.0,0.8391544117647058,2024.0,0.9296875,2044.0,0.9388786764705882,1264.0,0.5804227941176471,1355.0,0.6222426470588235,0.5804227941176471,WACC_0p7_WRT_0p3,0.7820772058823529,1907,False,,,False,False,False,False,False,175.0,0.7404255319148936
SPLL,RialtoBridgeTimelapse,2051,0.54,344,0.6250000000000002,0.4058801697451448,0,153,4014,2950,3,0.114,0.38081450003519446,0.4893831980406246,0.45363528926682345,0.3259009459890533,0.16383883559286308,0.29206643997756393,-2.8192817631169373,2.486580303846317,-2.921841313157002,-2.3302840836398757,-3.215787996382892,1.7111958757000287,0.4893831980406246,0.45032188887758073,0.039061309163043845,0.45363528926682345,0.48151538761186735,0.027880098345043902,0.3259009459890533,0.5967586006321439,0.27085765464309064,0.16383883559286308,0.4169824273632532,0.25314359177039014,0.29206643997756393,0.4793602857218894,0.18729384574432545,1589.0,0.7297794117647058,1595.0,0.7325367647058824,1829.0,0.8400735294117647,1282.0,0.5886948529411765,1265.0,0.5808823529411765,0.5808823529411765,WACC_0p9_WRT_0p1,0.6943933823529413,1908,False,,,False,False,False,False,False,153.0,0.6468085106382979
SPLL,RialtoBridgeTimelapse,29,0.49,235,0.5000000000000001,0.4957106192094297,0,109,3173,2872,4,0.274,0.1989300180123555,0.3748065253035795,0.30716318000809806,0.10649597653254766,0.32749495730832684,0.4237928578719131,-2.8192817631169373,2.486580303846317,-2.921841313157002,-2.3302840836398757,-3.215787996382892,1.7111958757000287,0.3748065253035795,0.4425909040156987,0.06778437871211923,0.30716318000809806,0.4882107107186794,0.18104753071058133,0.10649597653254766,0.5988331348583744,0.49233715832582675,0.32749495730832684,0.4158419894018839,0.08834703209355704,0.4237928578719131,0.48461681033174964,0.06082395245983652,1421.0,0.6525735294117647,1765.0,0.8106617647058824,1879.0,0.8630514705882353,1267.0,0.5818014705882353,1310.0,0.6015625,0.5818014705882353,WACC_0p7_WRT_0p3,0.7019301470588235,1909,False,,,False,False,False,False,False,109.0,0.4595744680851064
SPLL,RialtoBridgeTimelapse,1962,0.51,281,0.5500000000000002,0.4535824921216995,0,136,1517,2844,4,0.267,0.2768509326482219,0.42421481233785724,0.37004085398923775,0.2002087514298666,0.2583071896602172,0.36832782883633797,-2.8192817631169373,2.486580303846317,-2.921841313157002,-2.3302840836398757,-3.215787996382892,1.7111958757000287,0.42421481233785724,0.4395694753860051,0.015354663048147865,0.37004085398923775,0.4823524209424501,0.11231156695321237,0.2002087514298666,0.5913740728392175,0.3911653214093509,0.2583071896602172,0.41591403052712794,0.15760684086691074,0.36832782883633797,0.49317297705784624,0.12484514822150827,1358.0,0.6236213235294118,1618.0,0.7431066176470589,1712.0,0.7863051470588235,1269.0,0.5827205882352942,1382.0,0.6346507352941176,0.5827205882352942,WACC_0p7_WRT_0p3,0.6740808823529412,1910,False,,,False,False,False,False,False,136.0,0.574468085106383
SPLL,RialtoBridgeTimelapse,2094,0.51,351,0.5500000000000002,0.4011281481022525,0,157,1922,3435,5,0.333,0.34166196211319716,0.47974123745737945,0.4280528898366724,0.2655301461887854,0.24208748611167463,0.365479941826782,-2.8192817631169373,2.486580303846317,-2.921841313157002,-2.3302840836398757,-3.215787996382892,1.7111958757000287,0.47974123745737945,0.4354805596631752,0.04426067779420423,0.4280528898366724,0.48275551740106476,0.05470262756439237,0.2655301461887854,0.6053055941100163,0.3397754479212309,0.24208748611167463,0.43783125865290345,0.19574377254122882,0.365479941826782,0.5189827434354793,0.15350280160869734,1269.0,0.5827205882352942,1629.0,0.7481617647058824,1967.0,0.9034926470588235,1504.0,0.6907169117647058,1601.0,0.7352941176470589,0.5827205882352942,WACC_0p1_WRT_0p9,0.7320772058823529,1911,False,,,False,False,False,False,False,157.0,0.6638297872340425
SPLL,RialtoBridgeTimelapse,1666,0.57,139,0.7,0.6192474874744844,0,28,1981,2114,5,0.56,0.15737909596053112,0.2726359758633813,0.24361483892335542,0.12285711785732462,0.14724297397029443,0.22593608658382835,-2.8192817631169373,2.486580303846317,-2.921841313157002,-2.3302840836398757,-3.215787996382892,1.7111958757000287,0.2726359758633813,0.43554406353110503,0.16290808766772374,0.24361483892335542,0.4687830320630693,0.2251681931397139,0.12285711785732462,0.5666199327204992,0.44376281486317454,0.14724297397029443,0.42193483778179036,0.2746918638114959,0.22593608658382835,0.4878278307256549,0.26189174414182653,1271.0,0.5836397058823529,1330.0,0.6107536764705882,1314.0,0.6034007352941176,1347.0,0.6185661764705882,1345.0,0.6176470588235294,0.5836397058823529,WACC_0p1_WRT_0p9,0.6068014705882353,1912,False,,,False,False,False,False,False,28.0,0.1148936170212766
SPLL,RialtoBridgeTimelapse,2099,0.52,232,0.5750000000000002,0.4987372042515428,0,106,3502,2593,5,0.405,0.2354419855488705,0.38059534046545657,0.32975218864900885,0.16559713993686798,0.24535121509576027,0.3457236265631221,-2.8192817631169373,2.486580303846317,-2.921841313157002,-2.3302840836398757,-3.215787996382892,1.7111958757000287,0.38059534046545657,0.4558610615810299,0.07526572111557334,0.32975218864900885,0.4962657199447434,0.16651353129573454,0.16559713993686798,0.6113279523802251,0.4457308124433571,0.24535121509576027,0.41621221913981843,0.17086100404405816,0.3457236265631221,0.48151331269873215,0.13578968613561004,1685.0,0.7738970588235294,1934.0,0.8883272058823529,2051.0,0.9420955882352942,1271.0,0.5836397058823529,1290.0,0.5923713235294118,0.5836397058823529,WACC_0p7_WRT_0p3,0.7560661764705883,1913,False,,,False,False,False,False,False,106.0,0.44680851063829785
SPLL,RialtoBridgeTimelapse,1260,0.47,258,0.45,0.4737100449030162,0,124,840,2982,8,0.375,0.23985179546028634,0.39210549584005155,0.31418908045215116,0.14040622807619788,0.3761746267638303,0.4748482247622607,-2.8192817631169373,2.486580303846317,-2.921841313157002,-2.3302840836398757,-3.215787996382892,1.7111958757000287,0.39210549584005155,0.4355892881785011,0.04348379233844957,0.31418908045215116,0.4748414643702695,0.1606523839181183,0.14040622807619788,0.5871509737941778,0.44674474571797995,0.3761746267638303,0.461457924130136,0.08528329736630569,0.4748482247622607,0.5318836984159807,0.057035473653720026,1272.0,0.5840992647058824,1455.0,0.6681985294117647,1637.0,0.7518382352941176,1735.0,0.796875,1695.0,0.7784926470588235,0.5840992647058824,WACC_0p1_WRT_0p9,0.7159007352941177,1914,False,,,False,False,False,False,False,124.0,0.5234042553191489
SPLL,RialtoBridgeTimelapse,2159,0.55,269,0.6500000000000002,0.4638699754104882,0,126,1712,2190,10,0.16,0.3225325523907179,0.4310098298735139,0.3981256782751389,0.2745442197200799,0.15425192187161416,0.2693096207637702,-2.8192817631169373,2.486580303846317,-2.921841313157002,-2.3302840836398757,-3.215787996382892,1.7111958757000287,0.4310098298735139,0.46262904349295375,0.03161921361943987,0.3981256782751389,0.4970688601947968,0.0989431819196579,0.2745442197200799,0.5968301050145506,0.32228588529447066,0.15425192187161416,0.43540797988633473,0.28115605801472054,0.2693096207637702,0.48038493248840164,0.21107531172463145,1781.0,0.8180147058823529,1953.0,0.8970588235294118,1832.0,0.8414522058823529,1479.0,0.6792279411764706,1274.0,0.5850183823529411,0.5850183823529411,WACC_0p9_WRT_0p1,0.7641544117647059,1915,False,,,False,False,False,False,False,126.0,0.5319148936170213
SPLL,RialtoBridgeTimelapse,763,0.48,209,0.475,0.5233246454307502,0,91,2628,1788,10,0.103,0.2361576354177152,0.3451307993080131,0.27009118358001666,0.15125104191321148,0.3656764274575504,0.45384456370662424,-2.8192817631169373,2.486580303846317,-2.921841313157002,-2.3302840836398757,-3.215787996382892,1.7111958757000287,0.3451307993080131,0.46459119253167386,0.11946039322366075,0.27009118358001666,0.4810920431397228,0.21100085955970616,0.15125104191321148,0.5853955352604806,0.4341444933472691,0.3656764274575504,0.41644537544918897,0.05076894799163856,0.45384456370662424,0.4813701622025266,0.02752559849590236,1806.0,0.8295036764705882,1586.0,0.7284007352941176,1604.0,0.7366727941176471,1275.0,0.5854779411764706,1286.0,0.5905330882352942,0.5854779411764706,WACC_0p7_WRT_0p3,0.6941176470588235,1916,False,,,False,False,False,False,False,91.0,0.3829787234042553
SPLL,RialtoBridgeTimelapse,1929,0.52,460,0.5750000000000002,0.3373080952971139,0,177,1369,2425,10,0.587,0.4370104021101936,0.5539041079935936,0.5104191091427102,0.3682136421354865,0.19667151356248,0.3387151573602068,-2.8192817631169373,2.486580303846317,-2.921841313157002,-2.3302840836398757,-3.215787996382892,1.7111958757000287,0.5539041079935936,0.44513518927840173,0.10876891871519184,0.5104191091427102,0.4832701350916441,0.027148974051066033,0.3682136421354865,0.5911025367092645,0.22288889457377797,0.19667151356248,0.42940956088107773,0.23273804731859773,0.3387151573602068,0.4805670603130356,0.1418519029528288,1483.0,0.6810661764705882,1647.0,0.7564338235294118,1708.0,0.7844669117647058,1416.0,0.6502757352941176,1276.0,0.5859375,0.5859375,WACC_0p9_WRT_0p1,0.6916360294117647,1917,False,,,False,False,False,False,False,177.0,0.7489361702127659
SPLL,RialtoBridgeTimelapse,5,0.39,174,0.2500000000000001,0.5664573380935396,0,65,2255,2205,5,0.276,0.5435517434674625,0.29603378855081525,0.1628620807946912,0.4723030057786447,0.6520725196734878,0.7193530951148337,-2.8192817631169373,2.486580303846317,-2.921841313157002,-2.3302840836398757,-3.215787996382892,1.7111958757000287,0.29603378855081525,0.43577795865132885,0.1397441701005136,0.1628620807946912,0.4908484667480127,0.3279863859533215,0.4723030057786447,0.6036256092056701,0.1313226034270254,0.6520725196734878,0.4331980312731627,0.21887448840032508,0.7193530951148337,0.506672801834259,0.2126802932805747,1276.0,0.5859375,1826.0,0.8386948529411765,1945.0,0.8933823529411765,1458.0,0.6695772058823529,1487.0,0.6829044117647058,0.5859375,WACC_0p1_WRT_0p9,0.7340992647058824,1918,False,,,False,False,False,False,False,65.0,0.2723404255319149
SPLL,RialtoBridgeTimelapse,2076,0.5,266,0.5250000000000001,0.4665132971833082,0,125,2889,2341,9,0.611,0.2473382588705732,0.4073673952605812,0.34696461455172845,0.16308240570890806,0.2898562117112696,0.3949325132065481,-2.8192817631169373,2.486580303846317,-2.921841313157002,-2.3302840836398757,-3.215787996382892,1.7111958757000287,0.4073673952605812,0.43581469474494344,0.028447299484362254,0.34696461455172845,0.48296299659718217,0.13599838204545373,0.16308240570890806,0.5897361857893771,0.42665378008046906,0.2898562117112696,0.4244610732609302,0.13460486154966061,0.3949325132065481,0.4963340587322654,0.10140154552571728,1277.0,0.5863970588235294,1636.0,0.7513786764705882,1688.0,0.7752757352941176,1367.0,0.6277573529411765,1403.0,0.6443014705882353,0.5863970588235294,WACC_0p1_WRT_0p9,0.6770220588235295,1919,False,,,False,False,False,False,False,125.0,0.5276595744680851
SPLL,RialtoBridgeTimelapse,2105,0.54,474,0.6250000000000002,0.3302305424174171,0,179,3866,2973,8,0.18,0.47816101454299703,0.5738221711206615,0.5411806234974003,0.42310597189243526,0.14244935601791156,0.2909023265927725,-2.8192817631169373,2.486580303846317,-2.921841313157002,-2.3302840836398757,-3.215787996382892,1.7111958757000287,0.5738221711206615,0.4634468801839147,0.11037529093674675,0.5411806234974003,0.4922985581888682,0.04888206530853206,0.42310597189243526,0.6081610488879726,0.18505507699553736,0.14244935601791156,0.4167394216188685,0.2742900656009569,0.2909023265927725,0.48231294104629474,0.19141061445352225,1793.0,0.8235294117647058,1855.0,0.8520220588235294,2012.0,0.9241727941176471,1279.0,0.5873161764705882,1295.0,0.5946691176470589,0.5873161764705882,WACC_0p7_WRT_0p3,0.7563419117647059,1920,False,,,False,False,False,False,False,179.0,0.7574468085106383
SPLL,RialtoBridgeTimelapse,1774,0.47,158,0.45,0.5891405526489926,0,47,504,1678,9,0.594,0.3035623149011903,0.280332100931957,0.19501980092293664,0.23835309672859906,0.42046076068025934,0.49182951852915546,-2.8192817631169373,2.486580303846317,-2.921841313157002,-2.3302840836398757,-3.215787996382892,1.7111958757000287,0.280332100931957,0.4360743764549131,0.1557422755229561,0.19501980092293664,0.4753995186695844,0.28037971774664777,0.23835309672859906,0.5705796405482778,0.33222654381967875,0.42046076068025934,0.4186226385657611,0.0018381221144982418,0.49182951852915546,0.5003765757277594,0.008547057198603936,1280.0,0.5877757352941176,1468.0,0.6741727941176471,1376.0,0.6318933823529411,1301.0,0.5974264705882353,1431.0,0.6571691176470589,0.5877757352941176,WACC_0p1_WRT_0p9,0.6296875,1921,False,,,False,False,False,False,False,47.0,0.19574468085106383
SPLL,RialtoBridgeTimelapse,1298,0.54,428,0.6250000000000002,0.3543275550298689,0,174,3964,2927,9,0.204,0.44698332631313265,0.5467437154926436,0.5131282599624022,0.3920039858924286,0.1492004050560944,0.2911709770214266,-2.8192817631169373,2.486580303846317,-2.921841313157002,-2.3302840836398757,-3.215787996382892,1.7111958757000287,0.5467437154926436,0.4664046442219082,0.08033907127073536,0.5131282599624022,0.49566388362298625,0.017464376339415943,0.3920039858924286,0.5992806176618641,0.20727663176943556,0.1492004050560944,0.41911027982324894,0.26990987476715456,0.2911709770214266,0.4809287015814337,0.1897577245600071,1835.0,0.8428308823529411,1928.0,0.8855698529411765,1884.0,0.8653492647058824,1307.0,0.6001838235294118,1280.0,0.5877757352941176,0.5877757352941176,WACC_0p9_WRT_0p1,0.7563419117647059,1922,False,,,False,False,False,False,False,174.0,0.7361702127659574
SPLL,RialtoBridgeTimelapse,1853,0.46,490,0.4250000000000001,0.322392978033981,0,188,1387,4047,6,0.314,0.3681015537301711,0.5434712234048218,0.46798190125287936,0.2562416278775467,0.35311087957608805,0.48753151381470955,-2.8192817631169373,2.486580303846317,-2.921841313157002,-2.3302840836398757,-3.215787996382892,1.7111958757000287,0.5434712234048218,0.4361037405628793,0.10736748284194247,0.46798190125287936,0.5015725337812547,0.0335906325283753,0.2562416278775467,0.6212872321165525,0.3650456042390058,0.35311087957608805,0.463246909899331,0.11013603032324293,0.48753151381470955,0.547263005429857,0.0597314916151474,1281.0,0.5882352941176471,2029.0,0.9319852941176471,2126.0,0.9765625,1755.0,0.8060661764705882,1810.0,0.8313419117647058,0.5882352941176471,WACC_0p1_WRT_0p9,0.8268382352941177,1923,False,,,False,False,False,False,False,188.0,0.7957446808510639
SPLL,RialtoBridgeTimelapse,2021,0.55,195,0.6500000000000002,0.5396466227882225,0,76,1520,1962,8,0.442,0.22733505682282742,0.348981112128038,0.31272922976156664,0.17900727189217902,0.17673337873548514,0.2720863080523361,-2.8192817631169373,2.486580303846317,-2.921841313157002,-2.3302840836398757,-3.215787996382892,1.7111958757000287,0.348981112128038,0.4578865871479049,0.10890547501986692,0.31272922976156664,0.4667318862918891,0.15400265653032247,0.17900727189217902,0.5647815996266141,0.3857743277344351,0.17673337873548514,0.45508908484606536,0.27835570611058025,0.2720863080523361,0.4906799195818044,0.21859361152946832,1712.0,0.7863051470588235,1282.0,0.5886948529411765,1287.0,0.5909926470588235,1668.0,0.7660845588235294,1373.0,0.6305147058823529,0.5886948529411765,WACC_0p3_WRT_0p7,0.6725183823529411,1924,False,,,False,False,False,False,False,76.0,0.3191489361702128
SPLL,RialtoBridgeTimelapse,1977,0.55,419,0.6500000000000002,0.3593434638584646,0,171,1747,2302,7,0.302,0.45697409057084676,0.5476080551644551,0.5190243716859038,0.4088054025922942,0.12466246725855806,0.2676503099088821,-2.8192817631169373,2.486580303846317,-2.921841313157002,-2.3302840836398757,-3.215787996382892,1.7111958757000287,0.5476080551644551,0.4552040520568411,0.09240400310761399,0.5190243716859038,0.48744783679609727,0.031576534889806496,0.4088054025922942,0.5957537422055019,0.18694833961320773,0.12466246725855806,0.4184951888561587,0.29383272159760065,0.2676503099088821,0.48109759798194696,0.21344728807306484,1668.0,0.7660845588235294,1748.0,0.8028492647058824,1806.0,0.8295036764705882,1297.0,0.5955882352941176,1283.0,0.5891544117647058,0.5891544117647058,WACC_0p9_WRT_0p1,0.7166360294117646,1925,False,,,False,False,False,False,False,171.0,0.723404255319149
SPLL,RialtoBridgeTimelapse,2165,0.52,317,0.5750000000000002,0.425159371076707,0,147,3755,3193,3,0.216,0.32627687363301344,0.4583895912498566,0.4110469896808171,0.2571717695071162,0.2225387134534754,0.34164839461222246,-2.8192817631169373,2.486580303846317,-2.921841313157002,-2.3302840836398757,-3.215787996382892,1.7111958757000287,0.4583895912498566,0.45070172817760323,0.007687863072253387,0.4110469896808171,0.48844273202982447,0.07739574234900737,0.2571717695071162,0.6014748967258412,0.344303127218725,0.2225387134534754,0.41711863801926663,0.19457992456579123,0.34164839461222246,0.4882910049507287,0.14664261033850623,1595.0,0.7325367647058824,1771.0,0.8134191176470589,1924.0,0.8837316176470589,1283.0,0.5891544117647058,1350.0,0.6199448529411765,0.5891544117647058,WACC_0p7_WRT_0p3,0.7277573529411765,1926,False,,,False,False,False,False,False,147.0,0.6212765957446809
SPLL,RialtoBridgeTimelapse,1763,0.47,802,0.45,0.2060193110733837,0,214,3688,4894,6,0.295,0.5268675543969562,0.6715193590322274,0.6069357744812561,0.4232334011924779,0.29054290501795677,0.4566383549828161,-2.8192817631169373,2.486580303846317,-2.921841313157002,-2.3302840836398757,-3.215787996382892,1.7111958757000287,0.6715193590322274,0.43617742446236574,0.23534193456986163,0.6069357744812561,0.5112635783566147,0.0956721961246414,0.4232334011924779,0.628533851838418,0.20530045064594016,0.29054290501795677,0.47496886080885425,0.1844259557908975,0.4566383549828161,0.5506258014546869,0.0939874464718708,1283.0,0.5891544117647058,2112.0,0.9701286764705882,2161.0,0.9926470588235294,1867.0,0.8575367647058824,1845.0,0.8474264705882353,0.5891544117647058,WACC_0p1_WRT_0p9,0.8513786764705882,1927,False,,,False,False,False,False,False,214.0,0.9063829787234042
SPLL,RialtoBridgeTimelapse,1208,0.49,262,0.5000000000000001,0.4700843059283132,0,126,3047,2752,8,0.601,0.22963322081287088,0.40073909961647425,0.33449811322555323,0.13776656338688617,0.3187452308565693,0.42132732216569135,-2.8192817631169373,2.486580303846317,-2.921841313157002,-2.3302840836398757,-3.215787996382892,1.7111958757000287,0.40073909961647425,0.43621704700545344,0.03547794738897919,0.33449811322555323,0.48735134321245466,0.15285322998690143,0.13776656338688617,0.5836949026511188,0.4459283392642326,0.3187452308565693,0.42835295337788154,0.10960772252131223,0.42132732216569135,0.4940199539995198,0.07269263183382846,1284.0,0.5896139705882353,1744.0,0.8010110294117647,1576.0,0.7238051470588235,1402.0,0.6438419117647058,1394.0,0.6401654411764706,0.5896139705882353,WACC_0p1_WRT_0p9,0.6796874999999999,1928,False,,,False,False,False,False,False,126.0,0.5319148936170213
SPLL,RialtoBridgeTimelapse,1542,0.51,489,0.5500000000000002,0.3228752918349923,0,181,4250,3457,3,0.151,0.43991718177560474,0.5643922318527151,0.5161873182614929,0.3641466295011505,0.21884822046962438,0.3625766672310816,-2.8192817631169373,2.486580303846317,-2.921841313157002,-2.3302840836398757,-3.215787996382892,1.7111958757000287,0.5643922318527151,0.4613804510905877,0.10301178076212747,0.5161873182614929,0.48838893723845994,0.027798381023032948,0.3641466295011505,0.6109536213352497,0.24680699183409915,0.21884822046962438,0.4171255387609099,0.19827731829128553,0.3625766672310816,0.4880520701552305,0.12547540292414888,1761.0,0.8088235294117647,1770.0,0.8129595588235294,2047.0,0.9402573529411765,1284.0,0.5896139705882353,1349.0,0.6194852941176471,0.5896139705882353,WACC_0p7_WRT_0p3,0.7542279411764705,1929,False,,,False,False,False,False,False,181.0,0.7659574468085106
SPLL,RialtoBridgeTimelapse,1315,0.42,207,0.325,0.5255885367494147,0,92,2293,2024,4,0.071,0.42248407321940357,0.33492724712931893,0.22375538375219786,0.33981089584273555,0.5421762274638872,0.6221059941168511,-2.8192817631169373,2.486580303846317,-2.921841313157002,-2.3302840836398757,-3.215787996382892,1.7111958757000287,0.33492724712931893,0.45269986484433955,0.11777261771502062,0.22375538375219786,0.4882811827827654,0.2645257990305675,0.33981089584273555,0.5928517854959039,0.25304088965316834,0.5421762274638872,0.4175256491310837,0.12465057833280346,0.6221059941168511,0.4937971463500555,0.12830884776679558,1621.0,0.7444852941176471,1768.0,0.8120404411764706,1745.0,0.8014705882352942,1286.0,0.5905330882352942,1392.0,0.6392463235294118,0.5905330882352942,WACC_0p7_WRT_0p3,0.7175551470588236,1930,False,,,False,False,False,False,False,92.0,0.3872340425531915
SPLL,RialtoBridgeTimelapse,973,0.31,631,0.05,0.2626707801807842,0,211,2055,4715,7,0.256,0.6119550174251617,0.5704026777139461,0.4112302346128973,0.45555594406213795,0.758127541241627,0.8852776931905122,-2.8192817631169373,2.486580303846317,-2.921841313157002,-2.3302840836398757,-3.215787996382892,1.7111958757000287,0.5704026777139461,0.43639724128060153,0.13400543643334462,0.4112302346128973,0.5057273180084786,0.09449708339558127,0.45555594406213795,0.6026398238722034,0.14708387981006543,0.758127541241627,0.49295838809508874,0.2651691531465382,0.8852776931905122,0.581173250514399,0.30410444267611314,1286.0,0.5905330882352942,2072.0,0.9517463235294118,1934.0,0.8883272058823529,1997.0,0.9172794117647058,2044.0,0.9388786764705882,0.5905330882352942,WACC_0p1_WRT_0p9,0.8573529411764704,1931,False,,,False,False,False,False,False,211.0,0.8936170212765957
SPLL,RialtoBridgeTimelapse,1630,0.49,593,0.5000000000000001,0.2773408035433355,0,197,4859,4060,7,0.502,0.46710555703092327,0.603897646886684,0.54694191732658,0.3773663969341742,0.2584721691729194,0.41000963961570686,-2.8192817631169373,2.486580303846317,-2.921841313157002,-2.3302840836398757,-3.215787996382892,1.7111958757000287,0.603897646886684,0.43643336077559863,0.16746428611108538,0.54694191732658,0.4912376076238842,0.05570430970269585,0.3773663969341742,0.6102315169364355,0.23286512000226134,0.2584721691729194,0.4459810010071821,0.1875088318342627,0.41000963961570686,0.5115128358665596,0.10150319625085275,1288.0,0.5914522058823529,1832.0,0.8414522058823529,2035.0,0.9347426470588235,1598.0,0.7339154411764706,1535.0,0.7049632352941176,0.5914522058823529,WACC_0p1_WRT_0p9,0.7613051470588236,1932,False,,,False,False,False,False,False,197.0,0.8340425531914893
SPLL,RialtoBridgeTimelapse,1056,0.37,158,0.2,0.5891405526489926,0,49,2130,1934,10,0.748,0.6238169948236105,0.275643211666696,0.12763902497617263,0.5584747394116033,0.7257317469343402,0.7858462168847017,-2.8192817631169373,2.486580303846317,-2.921841313157002,-2.3302840836398757,-3.215787996382892,1.7111958757000287,0.275643211666696,0.4451783696049332,0.1695351579382372,0.12763902497617263,0.4789476764681035,0.35130865149193086,0.5584747394116033,0.5649148032772952,0.006440063865691847,0.7257317469343402,0.43013388312436746,0.2955978638099727,0.7858462168847017,0.4933177726390635,0.2925284442456382,1485.0,0.6819852941176471,1545.0,0.7095588235294118,1289.0,0.5919117647058824,1430.0,0.6567095588235294,1385.0,0.6360294117647058,0.5919117647058824,WACC_0p5_WRT_0p5,0.6552389705882353,1933,False,,,False,False,False,False,False,49.0,0.20425531914893616
SPLL,RialtoBridgeTimelapse,1756,0.51,202,0.5500000000000002,0.5313448995078442,0,83,2972,2180,10,0.481,0.1824993992702794,0.34401009099144336,0.28583681189937504,0.10456279310678158,0.2837249167483952,0.374364459761437,-2.8192817631169373,2.486580303846317,-2.921841313157002,-2.3302840836398757,-3.215787996382892,1.7111958757000287,0.34401009099144336,0.45414037865851486,0.1101302876670715,0.28583681189937504,0.4864178972140584,0.20058108531468338,0.10456279310678158,0.5911260572284881,0.48656326412170653,0.2837249167483952,0.421619021538973,0.13789410479057784,0.374364459761437,0.4814647229585151,0.1071002631970781,1652.0,0.7587316176470589,1727.0,0.7931985294117647,1709.0,0.7849264705882353,1345.0,0.6176470588235294,1289.0,0.5919117647058824,0.5919117647058824,WACC_0p9_WRT_0p1,0.7092830882352941,1934,False,,,False,False,False,False,False,83.0,0.34893617021276596
SPLL,RialtoBridgeTimelapse,1783,0.51,618,0.5500000000000002,0.2675877803373314,0,192,4695,3478,7,0.395,0.5103484303696227,0.6253300663778272,0.5794660731206389,0.43461081890691283,0.2029297570863028,0.36127048911528536,-2.8192817631169373,2.486580303846317,-2.921841313157002,-2.3302840836398757,-3.215787996382892,1.7111958757000287,0.6253300663778272,0.4539811049133698,0.17134896146445738,0.5794660731206389,0.491277412054016,0.08818866106662293,0.43461081890691283,0.6195417013220377,0.18493088241512484,0.2029297570863028,0.41767937086002727,0.21474961377372448,0.36127048911528536,0.48969602330878576,0.1284255341935004,1649.0,0.7573529411764706,1833.0,0.8419117647058824,2114.0,0.9710477941176471,1289.0,0.5919117647058824,1359.0,0.6240808823529411,0.5919117647058824,WACC_0p7_WRT_0p3,0.7572610294117647,1935,False,,,False,False,False,False,False,192.0,0.8127659574468085
SPLL,RialtoBridgeTimelapse,818,0.43,619,0.3500000000000001,0.2672058999679644,0,203,3036,3947,3,0.418,0.39427599390550355,0.5907179374531791,0.5012376794151301,0.2609072033869947,0.41764603362506947,0.5608346340048325,-2.8192817631169373,2.486580303846317,-2.921841313157002,-2.3302840836398757,-3.215787996382892,1.7111958757000287,0.5907179374531791,0.43648626823421316,0.15423166921896597,0.5012376794151301,0.4846545246871219,0.016583154728008198,0.2609072033869947,0.618015793777583,0.3571085903905883,0.41764603362506947,0.45465689190284886,0.03701085827777939,0.5608346340048325,0.5405799647255517,0.020254669279280768,1289.0,0.5919117647058824,1682.0,0.7725183823529411,2107.0,0.9678308823529411,1663.0,0.7637867647058824,1765.0,0.8106617647058824,0.5919117647058824,WACC_0p1_WRT_0p9,0.7813419117647058,1936,False,,,False,False,False,False,False,203.0,0.8595744680851064
SPLL,RialtoBridgeTimelapse,1136,0.54,573,0.6250000000000002,0.2854434735200449,0,190,3970,3086,10,0.283,0.536489780017804,0.6245531751852719,0.5936905992148002,0.4812307465072894,0.13002330980670268,0.2906135447922168,-2.8192817631169373,2.486580303846317,-2.921841313157002,-2.3302840836398757,-3.215787996382892,1.7111958757000287,0.6245531751852719,0.46765728266563533,0.15689589251963654,0.5936905992148002,0.5065998047715474,0.08709079444325274,0.4812307465072894,0.6096137462371881,0.1283829997298987,0.13002330980670268,0.4200080263270079,0.2899847165203052,0.2906135447922168,0.4815460453885264,0.19093250059630962,1854.0,0.8515625,2081.0,0.9558823529411765,2025.0,0.9301470588235294,1322.0,0.6070772058823529,1291.0,0.5928308823529411,0.5928308823529411,WACC_0p9_WRT_0p1,0.7875,1937,False,,,False,False,False,False,False,190.0,0.8042553191489362
SPLL,RialtoBridgeTimelapse,723,0.47,677,0.45,0.2460495303767563,0,207,4001,4632,6,0.33,0.4766561803387112,0.6282725812637594,0.5619013495525259,0.37282653833564194,0.30245446006914434,0.45815929274325295,-2.8192817631169373,2.486580303846317,-2.921841313157002,-2.3302840836398757,-3.215787996382892,1.7111958757000287,0.6282725812637594,0.43661170038021746,0.19166088088354194,0.5619013495525259,0.4989444340845846,0.0629569154679413,0.37282653833564194,0.6253695555874129,0.252543017251771,0.30245446006914434,0.4646468476725149,0.16219238760337057,0.45815929274325295,0.5456034668299313,0.08744417408667837,1291.0,0.5928308823529411,1981.0,0.9099264705882353,2151.0,0.9880514705882353,1767.0,0.8115808823529411,1792.0,0.8230698529411765,0.5928308823529411,WACC_0p1_WRT_0p9,0.8250919117647058,1938,False,,,False,False,False,False,False,207.0,0.8765957446808511
SPLL,RialtoBridgeTimelapse,1407,0.51,308,0.5500000000000002,0.4319514597091144,0,145,1185,2488,8,0.518,0.30346900084261724,0.4469839840296756,0.3938524292869258,0.22706764544914237,0.25154352029657934,0.367051160002091,-2.8192817631169373,2.486580303846317,-2.921841313157002,-2.3302840836398757,-3.215787996382892,1.7111958757000287,0.4469839840296756,0.43670922592481515,0.010274758104860449,0.3938524292869258,0.47706395459121353,0.08321152530428771,0.22706764544914237,0.5927884330073315,0.36572078755818915,0.25154352029657934,0.44079624317922905,0.18925272288264972,0.367051160002091,0.49701248766246303,0.12996132766037205,1293.0,0.59375,1504.0,0.6907169117647058,1744.0,0.8010110294117647,1537.0,0.7058823529411765,1409.0,0.6470588235294118,0.59375,WACC_0p1_WRT_0p9,0.6876838235294118,1939,False,,,False,False,False,False,False,145.0,0.6127659574468085
SPLL,RialtoBridgeTimelapse,2130,0.5,580,0.5250000000000001,0.282575864622391,0,192,4823,3615,5,0.19,0.4756659585838687,0.6032700062471487,0.5514521988385557,0.3929593526944315,0.23352891170713422,0.3857523799906228,-2.8192817631169373,2.486580303846317,-2.921841313157002,-2.3302840836398757,-3.215787996382892,1.7111958757000287,0.6032700062471487,0.45727508585691806,0.1459949203902306,0.5514521988385557,0.503666067304405,0.04778613153415068,0.3929593526944315,0.6047880248169105,0.21182867212247902,0.23352891170713422,0.41813599037115096,0.18460707866401674,0.3857523799906228,0.49518896775271287,0.10943658776209009,1702.0,0.7817095588235294,2057.0,0.9448529411764706,1960.0,0.9002757352941176,1293.0,0.59375,1399.0,0.6424632352941176,0.59375,WACC_0p7_WRT_0p3,0.7726102941176471,1940,False,,,False,False,False,False,False,192.0,0.8127659574468085
SPLL,RialtoBridgeTimelapse,1699,0.53,292,0.6000000000000002,0.4445298286706022,0,140,3604,3066,4,0.504,0.31675404765672405,0.44209202649903756,0.3993008931661153,0.25469415092648173,0.20161341487068926,0.3176541147578026,-2.8192817631169373,2.486580303846317,-2.921841313157002,-2.3302840836398757,-3.215787996382892,1.7111958757000287,0.44209202649903756,0.4367864024741946,0.00530562402484297,0.3993008931661153,0.482002190687956,0.08270129752184074,0.25469415092648173,0.5975653042842282,0.3428711533577464,0.20161341487068926,0.4200320618914173,0.21841864702072802,0.3176541147578026,0.4836766434502448,0.16602252869244222,1294.0,0.5942095588235294,1608.0,0.7385110294117647,1852.0,0.8506433823529411,1323.0,0.6075367647058824,1303.0,0.5983455882352942,0.5942095588235294,WACC_0p1_WRT_0p9,0.6778492647058825,1941,False,,,False,False,False,False,False,140.0,0.5914893617021276
SPLL,RialtoBridgeTimelapse,1488,0.47,552,0.45,0.2942609476858634,0,192,1313,3399,1,0.032,0.41671001428054794,0.5767937588780282,0.5081961869226003,0.3125135907374602,0.3171120515659758,0.4604324602510742,-2.8192817631169373,2.486580303846317,-2.921841313157002,-2.3302840836398757,-3.215787996382892,1.7111958757000287,0.5767937588780282,0.44694608955009774,0.12984766932793046,0.5081961869226003,0.4702884342502338,0.03790775267236646,0.3125135907374602,0.565325322991751,0.25281173225429077,0.3171120515659758,0.4362512861839528,0.11913923461797699,0.4604324602510742,0.5325191259534735,0.0720866657023993,1523.0,0.6994485294117647,1358.0,0.6236213235294118,1295.0,0.5946691176470589,1488.0,0.6833639705882353,1701.0,0.78125,0.5946691176470589,WACC_0p5_WRT_0p5,0.6764705882352942,1942,False,,,False,False,False,False,False,192.0,0.8127659574468085
SPLL,RialtoBridgeTimelapse,1888,0.42,928,0.325,0.1715375763322691,0,221,788,4615,6,0.18,0.4973298472617158,0.686882802684047,0.5965981076293266,0.3578840255861077,0.41440579446745696,0.5799247794473152,-2.8192817631169373,2.486580303846317,-2.921841313157002,-2.3302840836398757,-3.215787996382892,1.7111958757000287,0.686882802684047,0.4368743211252912,0.2500084815587558,0.5965981076293266,0.5101023340921707,0.08649577353715598,0.3578840255861077,0.6230099848338654,0.26512595924775767,0.41440579446745696,0.49235171156368457,0.07794591709622761,0.5799247794473152,0.5895883294898435,0.00966355004252828,1295.0,0.5946691176470589,2108.0,0.9682904411764706,2136.0,0.9811580882352942,1990.0,0.9140625,2083.0,0.9568014705882353,0.5946691176470589,WACC_0p1_WRT_0p9,0.8829963235294118,1943,False,,,False,False,False,False,False,221.0,0.9361702127659575
SPLL,RialtoBridgeTimelapse,788,0.45,202,0.4000000000000001,0.5313448995078442,0,84,2320,1477,6,0.361,0.33233402897307945,0.3326553178610362,0.2392953827337339,0.2508085991042767,0.45571115625308506,0.5379966765256791,-2.8192817631169373,2.486580303846317,-2.921841313157002,-2.3302840836398757,-3.215787996382892,1.7111958757000287,0.3326553178610362,0.44304167417515883,0.11038635631412264,0.2392953827337339,0.4725342523135845,0.23323886957985057,0.2508085991042767,0.5741547141341456,0.32334611502986893,0.45571115625308506,0.43047311454893455,0.025238041704150505,0.5379966765256791,0.48260359931425617,0.05539307721142289,1429.0,0.65625,1395.0,0.640625,1443.0,0.6626838235294118,1434.0,0.6585477941176471,1296.0,0.5951286764705882,0.5951286764705882,WACC_0p9_WRT_0p1,0.6426470588235295,1944,False,,,False,False,False,False,False,84.0,0.35319148936170214
SPLL,RialtoBridgeTimelapse,2135,0.46,1065,0.4250000000000001,0.1389943734140309,0,223,3642,4719,4,0.119,0.5963437397225584,0.7395012741228739,0.6724724022606906,0.4858568066342671,0.29737975826745155,0.47895714597960676,-2.8192817631169373,2.486580303846317,-2.921841313157002,-2.3302840836398757,-3.215787996382892,1.7111958757000287,0.7395012741228739,0.43689869181952085,0.3026025823033531,0.6724724022606906,0.5167233686585577,0.15574903360213288,0.4858568066342671,0.6304589019211486,0.1446020952868815,0.29737975826745155,0.4713901481460078,0.17401038987855627,0.47895714597960676,0.557405352023665,0.07844820604405828,1296.0,0.5951286764705882,2145.0,0.9852941176470589,2165.0,0.9944852941176471,1839.0,0.8446691176470589,1899.0,0.8722426470588235,0.5951286764705882,WACC_0p1_WRT_0p9,0.8583639705882353,1945,False,,,False,False,False,False,False,223.0,0.9446808510638298
SPLL,RialtoBridgeTimelapse,2063,0.46,85,0.4250000000000001,0.7345292527839649,0,8,2283,1876,5,0.195,0.42932145983455156,0.14899061777074352,0.04499052308745118,0.40409084001447715,0.5211242449883101,0.5587879056699895,-2.8192817631169373,2.486580303846317,-2.921841313157002,-2.3302840836398757,-3.215787996382892,1.7111958757000287,0.14899061777074352,0.4369003413270178,0.2879097235562743,0.04499052308745118,0.4880553045744417,0.4430647814869905,0.40409084001447715,0.6026501780992974,0.1985593380848203,0.5211242449883101,0.43251469661065056,0.08860954837765955,0.5587879056699895,0.5113961658866931,0.04739173978329636,1297.0,0.5955882352941176,1762.0,0.8092830882352942,1935.0,0.8887867647058824,1452.0,0.6668198529411765,1534.0,0.7045036764705882,0.5955882352941176,WACC_0p1_WRT_0p9,0.7329963235294118,1946,False,,,False,False,False,False,False,8.0,0.029787234042553193
SPLL,RialtoBridgeTimelapse,1976,0.51,517,0.5500000000000002,0.3097288633307306,0,184,4574,3252,7,0.238,0.4565930013193405,0.5788035548693826,0.5311630230616987,0.380844915853203,0.21503123304448196,0.36221711705383364,-2.8192817631169373,2.486580303846317,-2.921841313157002,-2.3302840836398757,-3.215787996382892,1.7111958757000287,0.5788035548693826,0.45176817878720227,0.12703537608218035,0.5311630230616987,0.4970239989275835,0.03413902413411524,0.380844915853203,0.6071917202540473,0.22634680440084431,0.21503123304448196,0.4194289664376829,0.20439773339320094,0.36221711705383364,0.48337966339425975,0.12116254634042611,1606.0,0.7375919117647058,1951.0,0.8961397058823529,1991.0,0.9145220588235294,1312.0,0.6024816176470589,1300.0,0.5969669117647058,0.5969669117647058,WACC_0p9_WRT_0p1,0.7495404411764707,1947,False,,,False,False,False,False,False,184.0,0.7787234042553192
SPLL,RialtoBridgeTimelapse,2098,0.4,391,0.2750000000000001,0.3756654412159369,0,172,723,3792,2,0.15,0.39879282108663017,0.47492038814357884,0.3619912516570606,0.2729623204577879,0.5403104051872728,0.6526529000255049,-2.8192817631169373,2.486580303846317,-2.921841313157002,-2.3302840836398757,-3.215787996382892,1.7111958757000287,0.47492038814357884,0.4369633326741543,0.03795705546942452,0.3619912516570606,0.47054872739741344,0.10855747574035285,0.2729623204577879,0.5949703069116568,0.32200798645386886,0.5403104051872728,0.4704632606921796,0.06984714449509322,0.6526529000255049,0.563875009248159,0.08877789077734588,1300.0,0.5969669117647058,1362.0,0.6254595588235294,1792.0,0.8230698529411765,1829.0,0.8400735294117647,1954.0,0.8975183823529411,0.5969669117647058,WACC_0p1_WRT_0p9,0.7566176470588235,1948,False,,,False,False,False,False,False,172.0,0.7276595744680852
SPLL,RialtoBridgeTimelapse,735,0.48,328,0.475,0.4171143200982272,0,154,1053,2673,8,0.421,0.28017635221874004,0.45198405855093293,0.38288349549872225,0.18175939873863944,0.32884203241865184,0.44292976008486007,-2.8192817631169373,2.486580303846317,-2.921841313157002,-2.3302840836398757,-3.215787996382892,1.7111958757000287,0.45198405855093293,0.4370068187653419,0.014977239785591012,0.38288349549872225,0.4798859964019208,0.09700250090319856,0.18175939873863944,0.5824870996389147,0.4007277009002752,0.32884203241865184,0.45354583656322783,0.12470380414457599,0.44292976008486007,0.5085290165376903,0.06559925645283027,1302.0,0.5978860294117647,1565.0,0.71875,1552.0,0.7127757352941176,1658.0,0.7614889705882353,1502.0,0.6897977941176471,0.5978860294117647,WACC_0p1_WRT_0p9,0.696139705882353,1949,False,,,False,False,False,False,False,154.0,0.6510638297872341
SPLL,RialtoBridgeTimelapse,1242,0.54,379,0.6250000000000002,0.3830206917983617,0,163,4772,3147,10,0.514,0.4100617567531897,0.5147171637397804,0.4799238617323185,0.3551365632951726,0.15731142149770472,0.2916108450597252,-2.8192817631169373,2.486580303846317,-2.921841313157002,-2.3302840836398757,-3.215787996382892,1.7111958757000287,0.5147171637397804,0.45791354593987005,0.05680361779991033,0.4799238617323185,0.5001596754577176,0.020235813725399066,0.3551365632951726,0.6038084018997915,0.24867183860461883,0.15731142149770472,0.4252463800831732,0.2679349585854685,0.2916108450597252,0.4834946868137403,0.19188384175401513,1713.0,0.7867647058823529,2007.0,0.921875,1948.0,0.8947610294117647,1380.0,0.6337316176470589,1302.0,0.5978860294117647,0.5978860294117647,WACC_0p9_WRT_0p1,0.7670036764705882,1950,False,,,False,False,False,False,False,163.0,0.6893617021276596
SPLL,RialtoBridgeTimelapse,1223,0.5,361,0.5250000000000001,0.3945009686101127,0,159,3586,3207,3,0.372,0.33551702522148585,0.4826377375022513,0.42578363293845906,0.25219721227409336,0.2669973661094343,0.3902292394416271,-2.8192817631169373,2.486580303846317,-2.921841313157002,-2.3302840836398757,-3.215787996382892,1.7111958757000287,0.4826377375022513,0.4396137574666519,0.04302398003559943,0.42578363293845906,0.4773366444872416,0.05155301154878256,0.25219721227409336,0.6028947517809489,0.3506975395068555,0.2669973661094343,0.4188793401586592,0.15188197404922488,0.3902292394416271,0.4901224481167395,0.09989320867511242,1359.0,0.6240808823529411,1513.0,0.6948529411764706,1938.0,0.8901654411764706,1304.0,0.5988051470588235,1364.0,0.6263786764705882,0.5988051470588235,WACC_0p7_WRT_0p3,0.6868566176470587,1951,False,,,False,False,False,False,False,159.0,0.6723404255319149
SPLL,RialtoBridgeTimelapse,1514,0.53,319,0.6000000000000002,0.4236761383971196,0,148,4502,3236,5,0.317,0.34293248692248357,0.4646451991657211,0.4227825612050479,0.280969412439165,0.1954198412688334,0.3168786332213401,-2.8192817631169373,2.486580303846317,-2.921841313157002,-2.3302840836398757,-3.215787996382892,1.7111958757000287,0.4646451991657211,0.448374948689187,0.01627025047653413,0.4227825612050479,0.49534667004109245,0.07256410883604453,0.280969412439165,0.6096948318843385,0.3287254194451735,0.1954198412688334,0.42037205176909903,0.22495221050026562,0.3168786332213401,0.4840665372631175,0.1671879040417774,1554.0,0.7136948529411765,1913.0,0.8786764705882353,2026.0,0.9306066176470589,1330.0,0.6107536764705882,1305.0,0.5992647058823529,0.5992647058823529,WACC_0p9_WRT_0p1,0.7465992647058823,1952,False,,,False,False,False,False,False,148.0,0.625531914893617
SPLL,RialtoBridgeTimelapse,66,0.44,1331,0.3750000000000001,0.086293011738183,0,230,3903,4753,2,0.001,0.6325699458848897,0.7868038516670186,0.7113381223452205,0.5081382815079036,0.33489670452201514,0.5261551363398748,-2.8192817631169373,2.486580303846317,-2.921841313157002,-2.3302840836398757,-3.215787996382892,1.7111958757000287,0.7868038516670186,0.4371284179581514,0.3496754337088672,0.7113381223452205,0.4890803490102501,0.22225777333497043,0.5081382815079036,0.6112500102032993,0.10311172869539564,0.33489670452201514,0.4729934979462928,0.13809679342427766,0.5261551363398748,0.5564630872593386,0.03030795091946381,1305.0,0.5992647058823529,1790.0,0.8221507352941176,2049.0,0.9411764705882353,1852.0,0.8506433823529411,1891.0,0.8685661764705882,0.5992647058823529,WACC_0p1_WRT_0p9,0.8163602941176469,1953,False,,,False,False,False,False,False,230.0,0.9744680851063829
SPLL,RialtoBridgeTimelapse,1003,0.5,508,0.5250000000000001,0.3138753639038378,0,184,3209,2569,7,0.547,0.43612423146319657,0.5691379231048895,0.5159576488445382,0.35332930078860264,0.2426945013051086,0.38672512538049963,-2.8192817631169373,2.486580303846317,-2.921841313157002,-2.3302840836398757,-3.215787996382892,1.7111958757000287,0.5691379231048895,0.4437480091896136,0.12538991391527593,0.5159576488445382,0.48371614140366564,0.03224150744087256,0.35332930078860264,0.5946097647075193,0.2412804639189166,0.2426945013051086,0.4243970972001109,0.18170259589500226,0.38672512538049963,0.484087519457136,0.09736239407663638,1448.0,0.6649816176470589,1656.0,0.7605698529411765,1785.0,0.8198529411764706,1365.0,0.6268382352941176,1306.0,0.5997242647058824,0.5997242647058824,WACC_0p9_WRT_0p1,0.6943933823529412,1954,False,,,False,False,False,False,False,184.0,0.7787234042553192
SPLL,RialtoBridgeTimelapse,1665,0.44,374,0.3750000000000001,0.386154179163782,0,166,655,2997,7,0.342,0.28368371559455713,0.47258165915452266,0.3823701392059865,0.15914494035673565,0.4299899047064891,0.5454675106349501,-2.8192817631169373,2.486580303846317,-2.921841313157002,-2.3302840836398757,-3.215787996382892,1.7111958757000287,0.47258165915452266,0.43722058588033086,0.0353610732741918,0.3823701392059865,0.4734266853217134,0.09105654611572689,0.15914494035673565,0.5868729651484285,0.4277280247916928,0.4299899047064891,0.4601778226464214,0.03018791793993225,0.5454675106349501,0.532761838232124,0.012705672402826163,1308.0,0.6006433823529411,1420.0,0.6521139705882353,1632.0,0.7495404411764706,1724.0,0.7918198529411765,1704.0,0.7826286764705882,0.6006433823529411,WACC_0p1_WRT_0p9,0.7153492647058823,1955,False,,,False,False,False,False,False,166.0,0.7021276595744681
SPLL,RialtoBridgeTimelapse,1325,0.44,488,0.3750000000000001,0.3233585909559956,0,189,2550,2412,6,0.184,0.33979978012926404,0.5360987077719449,0.4493299820084848,0.21295436282919378,0.40852027671986696,0.5393911389727186,-2.8192817631169373,2.486580303846317,-2.921841313157002,-2.3302840836398757,-3.215787996382892,1.7111958757000287,0.5360987077719449,0.45529140656620787,0.08080730120573704,0.4493299820084848,0.4906786080374678,0.04134862602898304,0.21295436282919378,0.5878969123310899,0.3749425495018961,0.40852027671986696,0.4191745740103157,0.010654297290448755,0.5393911389727186,0.5093712281888966,0.030019910783822046,1674.0,0.7688419117647058,1823.0,0.8373161764705882,1647.0,0.7564338235294118,1310.0,0.6015625,1512.0,0.6943933823529411,0.6015625,WACC_0p7_WRT_0p3,0.7317095588235294,1956,False,,,False,False,False,False,False,189.0,0.8
SPLL,RialtoBridgeTimelapse,1598,0.51,696,0.5500000000000002,0.2395110459630659,0,194,4813,3271,4,0.071,0.5464042441349863,0.6565905062240235,0.6118858848543117,0.47062699766935223,0.1949655822557502,0.36079553201536413,-2.8192817631169373,2.486580303846317,-2.921841313157002,-2.3302840836398757,-3.215787996382892,1.7111958757000287,0.6565905062240235,0.4722103995982437,0.1843801066257798,0.6118858848543117,0.5108056742550726,0.1010802105992391,0.47062699766935223,0.6039875662689971,0.13336056859964485,0.1949655822557502,0.41930787201543523,0.22434228975968504,0.36079553201536413,0.49084915144397373,0.1300536194286096,1900.0,0.8727022058823529,2111.0,0.9696691176470589,1949.0,0.8952205882352942,1311.0,0.6020220588235294,1376.0,0.6318933823529411,0.6020220588235294,WACC_0p7_WRT_0p3,0.7943014705882352,1957,False,,,False,False,False,False,False,194.0,0.8212765957446808
SPLL,RialtoBridgeTimelapse,952,0.43,1185,0.3500000000000001,0.1137582317325027,0,227,1027,4751,5,0.137,0.5832296386252934,0.7523712345005885,0.6702775110195105,0.4515513191278737,0.36969523937680826,0.5518373618444501,-2.8192817631169373,2.486580303846317,-2.921841313157002,-2.3302840836398757,-3.215787996382892,1.7111958757000287,0.7523712345005885,0.43734770524214384,0.3150235292584447,0.6702775110195105,0.5120484545041429,0.15822905651536756,0.4515513191278737,0.624141204522183,0.1725898853943093,0.36969523937680826,0.4912948286764116,0.12159958929960335,0.5518373618444501,0.5863675804577301,0.034530218613279984,1312.0,0.6024816176470589,2116.0,0.9719669117647058,2143.0,0.984375,1983.0,0.9108455882352942,2070.0,0.9508272058823529,0.6024816176470589,WACC_0p1_WRT_0p9,0.8840992647058824,1958,False,,,False,False,False,False,False,227.0,0.9617021276595744
SPLL,RialtoBridgeTimelapse,1235,0.57,418,0.7,0.359907408910862,0,170,1924,2305,6,0.262,0.4908268540718138,0.5616696067159506,0.5434103456892578,0.45599609384441214,0.07340038925637087,0.2213455749421384,-2.8192817631169373,2.486580303846317,-2.921841313157002,-2.3302840836398757,-3.215787996382892,1.7111958757000287,0.5616696067159506,0.4520200266026027,0.10964958011334786,0.5434103456892578,0.48968222670385503,0.053728118985402806,0.45599609384441214,0.5947845734649384,0.13878847962052626,0.07340038925637087,0.43008606870150573,0.35668567944513485,0.2213455749421384,0.4847527681760558,0.26340719323391737,1612.0,0.7403492647058824,1802.0,0.8276654411764706,1788.0,0.8212316176470589,1424.0,0.6539522058823529,1313.0,0.6029411764705882,0.6029411764705882,WACC_0p9_WRT_0p1,0.7292279411764706,1959,False,,,False,False,False,False,False,170.0,0.7191489361702128
SPLL,RialtoBridgeTimelapse,1823,0.53,366,0.6000000000000002,0.391255721049039,0,159,4283,3376,7,0.3,0.383905746795438,0.5000168004951706,0.4595636404531649,0.322030843017313,0.18593340106871342,0.3158821633129139,-2.8192817631169373,2.486580303846317,-2.921841313157002,-2.3302840836398757,-3.215787996382892,1.7111958757000287,0.5000168004951706,0.4596931059451908,0.040323694549979805,0.4595636404531649,0.5029715849764819,0.04340794452331698,0.322030843017313,0.6155144723235808,0.2934836293062678,0.18593340106871342,0.41959745217725175,0.23366405110853833,0.3158821633129139,0.48805105218335837,0.17216888887044446,1734.0,0.7964154411764706,2045.0,0.9393382352941176,2094.0,0.9618566176470589,1313.0,0.6029411764705882,1348.0,0.6190257352941176,0.6029411764705882,WACC_0p7_WRT_0p3,0.7839154411764706,1960,False,,,False,False,False,False,False,159.0,0.6723404255319149
SPLL,RialtoBridgeTimelapse,1326,0.41,380,0.3,0.3823989441672907,0,168,2609,3750,8,0.448,0.3720549569363899,0.470101813463122,0.3626453734449998,0.24784608239924502,0.5140505923846956,0.6261544794272506,-2.8192817631169373,2.486580303846317,-2.921841313157002,-2.3302840836398757,-3.215787996382892,1.7111958757000287,0.470101813463122,0.43745733063200903,0.032644482831112986,0.3626453734449998,0.4901009369562438,0.12745556351124399,0.24784608239924502,0.594585390141343,0.34673930774209805,0.5140505923846956,0.46685202651369934,0.0471985658709963,0.6261544794272506,0.5558205980951259,0.0703338813321247,1313.0,0.6029411764705882,1812.0,0.8322610294117647,1784.0,0.8193933823529411,1797.0,0.8253676470588235,1881.0,0.8639705882352942,0.6029411764705882,WACC_0p1_WRT_0p9,0.7887867647058823,1961,False,,,False,False,False,False,False,168.0,0.7106382978723405
SPLL,RialtoBridgeTimelapse,1755,0.46,379,0.4250000000000001,0.3830206917983617,0,167,3104,2840,8,0.107,0.2945568696159301,0.480955927092088,0.4023478451925404,0.1816859611371647,0.3729299497697994,0.4922438112185408,-2.8192817631169373,2.486580303846317,-2.921841313157002,-2.3302840836398757,-3.215787996382892,1.7111958757000287,0.480955927092088,0.4642357637118383,0.01672016338024973,0.4023478451925404,0.48857030175794025,0.08622245656539984,0.1816859611371647,0.5940184945706828,0.41233253343351806,0.3729299497697994,0.4196157460792224,0.046685796309423044,0.4922438112185408,0.5076947000510894,0.015450888832548582,1801.0,0.8272058823529411,1779.0,0.8170955882352942,1774.0,0.8147977941176471,1314.0,0.6034007352941176,1491.0,0.6847426470588235,0.6034007352941176,WACC_0p7_WRT_0p3,0.7494485294117647,1962,False,,,False,False,False,False,False,167.0,0.7063829787234043
SPLL,RialtoBridgeTimelapse,740,0.35,983,0.15,0.1579304639712317,0,223,311,4312,2,0.062,0.43329530156045853,0.6796861703812672,0.5506027409243389,0.24399754464861823,0.603651254257114,0.7612020805064634,-2.8192817631169373,2.486580303846317,-2.921841313157002,-2.3302840836398757,-3.215787996382892,1.7111958757000287,0.6796861703812672,0.4375374537820157,0.24214871659925152,0.5506027409243389,0.4682177701473954,0.08238497077694351,0.24399754464861823,0.5912320875631628,0.3472345429145446,0.603651254257114,0.5035910271297912,0.10006022712732277,0.7612020805064634,0.5968946930987097,0.16430738740775375,1316.0,0.6043198529411765,1316.0,0.6043198529411765,1710.0,0.7853860294117647,2050.0,0.9416360294117647,2112.0,0.9701286764705882,0.6043198529411765,WACC_0p1_WRT_0p9,0.7811580882352941,1963,False,,,False,False,False,False,False,223.0,0.9446808510638298
SPLL,RialtoBridgeTimelapse,2113,0.52,468,0.5750000000000002,0.3332378901704363,0,178,4335,3279,4,0.101,0.44219475236791633,0.5583895567590024,0.5150769327245863,0.3734005080578617,0.1954994790231995,0.3386186995448451,-2.8192817631169373,2.486580303846317,-2.921841313157002,-2.3302840836398757,-3.215787996382892,1.7111958757000287,0.5583895567590024,0.46691549099291535,0.09147406576608702,0.5150769327245863,0.5035601920277551,0.011516740696831174,0.3734005080578617,0.6138885566459603,0.24048804858809864,0.1954994790231995,0.41973400336927785,0.22423452434607835,0.3386186995448451,0.4901384370586041,0.15151973751375902,1841.0,0.8455882352941176,2054.0,0.9434742647058824,2078.0,0.9545036764705882,1316.0,0.6043198529411765,1365.0,0.6268382352941176,0.6043198529411765,WACC_0p7_WRT_0p3,0.7949448529411766,1964,False,,,False,False,False,False,False,178.0,0.7531914893617021
SPLL,RialtoBridgeTimelapse,1275,0.56,303,0.6750000000000003,0.4358108411793062,0,141,1681,2144,8,0.536,0.3743466494276287,0.4679989243015864,0.4415736072035539,0.33324208651249027,0.12008599522457687,0.24482969488760883,-2.8192817631169373,2.486580303846317,-2.921841313157002,-2.3302840836398757,-3.215787996382892,1.7111958757000287,0.4679989243015864,0.4463276739563824,0.021671250345204007,0.4415736072035539,0.4682711587827917,0.02669755157923781,0.33324208651249027,0.5703320951117011,0.23709000859921087,0.12008599522457687,0.43994273193529426,0.3198567367107174,0.24482969488760883,0.5030201145884742,0.2581904197008653,1512.0,0.6943933823529411,1317.0,0.6047794117647058,1367.0,0.6277573529411765,1523.0,0.6994485294117647,1451.0,0.6663602941176471,0.6047794117647058,WACC_0p3_WRT_0p7,0.658547794117647,1965,False,,,False,False,False,False,False,141.0,0.5957446808510638
SPLL,RialtoBridgeTimelapse,854,0.48,233,0.475,0.4977240342342319,0,108,3305,2828,3,0.244,0.22252481007542477,0.37043792284524096,0.29691724087172583,0.12986269451154236,0.35640622351677026,0.4507313579114515,-2.8192817631169373,2.486580303846317,-2.921841313157002,-2.3302840836398757,-3.215787996382892,1.7111958757000287,0.37043792284524096,0.44500151922535347,0.0745635963801125,0.29691724087172583,0.4842693125193212,0.18735207164759538,0.12986269451154236,0.6031951242513492,0.4733324297398069,0.35640622351677026,0.41977647427649095,0.06337025075972069,0.4507313579114515,0.48547171340462325,0.034740355493171726,1481.0,0.6801470588235294,1671.0,0.7674632352941176,1943.0,0.8924632352941176,1317.0,0.6047794117647058,1326.0,0.6089154411764706,0.6047794117647058,WACC_0p7_WRT_0p3,0.7107536764705883,1966,False,,,False,False,False,False,False,108.0,0.4553191489361702
SPLL,RialtoBridgeTimelapse,1202,0.42,133,0.325,0.6296100858099285,0,26,2235,2091,8,0.395,0.48801721208806004,0.2405615988950961,0.12083866615075471,0.43419033161502246,0.590786162457335,0.6472897325469456,-2.8192817631169373,2.486580303846317,-2.921841313157002,-2.3302840836398757,-3.215787996382892,1.7111958757000287,0.2405615988950961,0.44992266157986355,0.20936106268476745,0.12083866615075471,0.46828389880444005,0.3474452326536853,0.43419033161502246,0.567219725762129,0.13302939414710652,0.590786162457335,0.4725477281502429,0.11823843430709208,0.6472897325469456,0.530721549282144,0.11656818326480156,1580.0,0.7256433823529411,1318.0,0.6052389705882353,1327.0,0.609375,1847.0,0.8483455882352942,1692.0,0.7771139705882353,0.6052389705882353,WACC_0p3_WRT_0p7,0.7131433823529412,1967,False,,,False,False,False,False,False,26.0,0.10638297872340426
SPLL,RialtoBridgeTimelapse,1310,0.49,285,0.5000000000000001,0.4502503970736031,0,138,2978,2528,4,0.352,0.2535454521114608,0.4210040824610198,0.3558140761456623,0.16206101460291455,0.3121261121593103,0.41961170304653567,-2.8192817631169373,2.486580303846317,-2.921841313157002,-2.3302840836398757,-3.215787996382892,1.7111958757000287,0.4210040824610198,0.45028301802978776,0.029278935568767983,0.3558140761456623,0.4861401399516107,0.1303260638059484,0.16206101460291455,0.6055908537399861,0.44352983913707156,0.3121261121593103,0.42016382083312875,0.10803770867381846,0.41961170304653567,0.4849529496248584,0.06534124657832274,1588.0,0.7293198529411765,1722.0,0.7909007352941176,1973.0,0.90625,1327.0,0.609375,1318.0,0.6052389705882353,0.6052389705882353,WACC_0p9_WRT_0p1,0.7282169117647059,1968,False,,,False,False,False,False,False,138.0,0.5829787234042553
SPLL,RialtoBridgeTimelapse,767,0.37,145,0.2,0.6093198138937665,0,37,2162,2276,4,0.407,0.6378528537515239,0.2580479129262976,0.10809246923179888,0.5778802657388342,0.7365310781631468,0.792219704634015,-2.8192817631169373,2.486580303846317,-2.921841313157002,-2.3302840836398757,-3.215787996382892,1.7111958757000287,0.2580479129262976,0.4377579884289325,0.1797100755026349,0.10809246923179888,0.47777549330988506,0.3696830240780862,0.5778802657388342,0.5877118227249383,0.00983155698610405,0.7365310781631468,0.4412763958828672,0.29525468228027957,0.792219704634015,0.5062852419012206,0.28593446273279444,1319.0,0.6056985294117647,1523.0,0.6994485294117647,1644.0,0.7550551470588235,1543.0,0.7086397058823529,1480.0,0.6796875,0.6056985294117647,WACC_0p1_WRT_0p9,0.6897058823529412,1969,False,,,False,False,False,False,False,37.0,0.15319148936170213
SPLL,RialtoBridgeTimelapse,2062,0.5,461,0.5250000000000001,0.3367954735635975,0,179,3897,3509,4,0.251,0.4073349031954155,0.5443308211460176,0.4901322297860006,0.3244375213264946,0.24949260229767786,0.387564139935394,-2.8192817631169373,2.486580303846317,-2.921841313157002,-2.3302840836398757,-3.215787996382892,1.7111958757000287,0.5443308211460176,0.4462850444099696,0.09804577673604803,0.4901322297860006,0.4916309932927568,0.0014987635067562066,0.3244375213264946,0.6107641388291659,0.2863266175026713,0.24949260229767786,0.4198831086212945,0.17039050632361666,0.387564139935394,0.4970698193734107,0.1095056794380167,1509.0,0.6930147058823529,1839.0,0.8446691176470589,2043.0,0.9384191176470589,1320.0,0.6061580882352942,1410.0,0.6475183823529411,0.6061580882352942,WACC_0p7_WRT_0p3,0.7459558823529411,1970,False,,,False,False,False,False,False,179.0,0.7574468085106383
SPLL,RialtoBridgeTimelapse,1148,0.43,552,0.3500000000000001,0.2942609476858634,0,198,686,3496,4,0.229,0.3615393607052791,0.562923749762443,0.47203532787314645,0.22769170307618325,0.4265624637336477,0.5630311250398328,-2.8192817631169373,2.486580303846317,-2.921841313157002,-2.3302840836398757,-3.215787996382892,1.7111958757000287,0.562923749762443,0.43778605034040546,0.1251376994220375,0.47203532787314645,0.481922575506144,0.009887247632997531,0.22769170307618325,0.5924576332495174,0.36476593017333414,0.4265624637336477,0.4518718131313492,0.02530934939770152,0.5630311250398328,0.5490811384826869,0.013949986557145855,1320.0,0.6061580882352942,1607.0,0.7380514705882353,1735.0,0.796875,1639.0,0.7527573529411765,1834.0,0.8423713235294118,0.6061580882352942,WACC_0p1_WRT_0p9,0.7472426470588236,1971,False,,,False,False,False,False,False,198.0,0.8382978723404255
SPLL,RialtoBridgeTimelapse,2058,0.51,147,0.5500000000000002,0.6061010589702227,0,34,1056,2103,10,0.537,0.19002202888030842,0.269663959880085,0.20714255669467402,0.1286715545989832,0.3104033912855423,0.38297367643239877,-2.8192817631169373,2.486580303846317,-2.921841313157002,-2.3302840836398757,-3.215787996382892,1.7111958757000287,0.269663959880085,0.4420233821217778,0.17235942224169276,0.20714255669467402,0.47546305292132673,0.2683204962266527,0.1286715545989832,0.5902458628238124,0.46157430822482926,0.3104033912855423,0.42914730521765837,0.11874391393211609,0.38297367643239877,0.4851021453815105,0.1021284689491117,1410.0,0.6475183823529411,1470.0,0.6750919117647058,1695.0,0.7784926470588235,1410.0,0.6475183823529411,1321.0,0.6066176470588235,0.6066176470588235,WACC_0p9_WRT_0p1,0.671047794117647,1972,False,,,False,False,False,False,False,34.0,0.14042553191489363
SPLL,RialtoBridgeTimelapse,1813,0.36,364,0.175,0.3925484829405364,0,166,2165,2530,9,0.365,0.5316997669646584,0.4534825670528157,0.3154286682953791,0.41183935503189606,0.6641073689637497,0.7673713094467517,-2.8192817631169373,2.486580303846317,-2.921841313157002,-2.3302840836398757,-3.215787996382892,1.7111958757000287,0.4534825670528157,0.43782249545137225,0.015660071601443448,0.3154286682953791,0.4824995701303337,0.1670709018349546,0.41183935503189606,0.5774040325316816,0.16556467749978554,0.6641073689637497,0.4658369030584683,0.19827046590528136,0.7673713094467517,0.5309475547836621,0.23642375466308962,1321.0,0.6066176470588235,1621.0,0.7444852941176471,1483.0,0.6810661764705882,1780.0,0.8175551470588235,1694.0,0.7780330882352942,0.6066176470588235,WACC_0p1_WRT_0p9,0.7255514705882353,1973,False,,,False,False,False,False,False,166.0,0.7021276595744681
SPLL,RialtoBridgeTimelapse,2120,0.53,435,0.6000000000000002,0.3504985145358353,0,175,3547,2388,3,0.03,0.435858658837431,0.5449745817587249,0.5062435921312625,0.37400141184490987,0.1742130464486866,0.31494144602711543,-2.8192817631169373,2.486580303846317,-2.921841313157002,-2.3302840836398757,-3.215787996382892,1.7111958757000287,0.5449745817587249,0.46744349268150964,0.07753108907721529,0.5062435921312625,0.48416530650233774,0.02207828562892472,0.37400141184490987,0.6001823491211807,0.22618093727627087,0.1742130464486866,0.42243945741766553,0.24822641096897893,0.31494144602711543,0.48515897148781256,0.17021752546069713,1849.0,0.8492647058823529,1667.0,0.765625,1897.0,0.8713235294117647,1351.0,0.6204044117647058,1322.0,0.6070772058823529,0.6070772058823529,WACC_0p9_WRT_0p1,0.7427389705882352,1974,False,,,False,False,False,False,False,175.0,0.7404255319148936
SPLL,RialtoBridgeTimelapse,1344,0.53,380,0.6000000000000002,0.3823989441672907,0,164,1781,2623,9,0.683,0.39515465860628635,0.5097416433267205,0.4696670931577535,0.33329186621740586,0.18336856227287313,0.31565006016715574,-2.8192817631169373,2.486580303846317,-2.921841313157002,-2.3302840836398757,-3.215787996382892,1.7111958757000287,0.5097416433267205,0.4404149918249565,0.06932665150176393,0.4696670931577535,0.4795275755982733,0.009860482440519791,0.33329186621740586,0.5670726381721856,0.2337807719547797,0.18336856227287313,0.42480309176638165,0.24143452949350852,0.31565006016715574,0.5057799617595151,0.19012990159235937,1386.0,0.6364889705882353,1555.0,0.7141544117647058,1323.0,0.6075367647058824,1370.0,0.6291360294117647,1474.0,0.6769301470588235,0.6075367647058824,WACC_0p5_WRT_0p5,0.6528492647058822,1975,False,,,False,False,False,False,False,164.0,0.6936170212765957
SPLL,RialtoBridgeTimelapse,1540,0.53,318,0.6000000000000002,0.4244165923269534,0,147,1673,3086,10,0.575,0.3420005432398096,0.46384165676068523,0.4219463615652391,0.2800345966811275,0.19563844888396925,0.3169042694340485,-2.8192817631169373,2.486580303846317,-2.921841313157002,-2.3302840836398757,-3.215787996382892,1.7111958757000287,0.46384165676068523,0.43797668551412094,0.025864971246564283,0.4219463615652391,0.4842853870454718,0.06233902548023268,0.2800345966811275,0.5968621004065747,0.3168275037254472,0.19563844888396925,0.4506304045252753,0.25499195564130606,0.3169042694340485,0.5210812983593632,0.20417702892531475,1325.0,0.6084558823529411,1672.0,0.7679227941176471,1835.0,0.8428308823529411,1630.0,0.7486213235294118,1618.0,0.7431066176470589,0.6084558823529411,WACC_0p1_WRT_0p9,0.7421875,1976,False,,,False,False,False,False,False,147.0,0.6212765957446809
SPLL,RialtoBridgeTimelapse,748,0.49,516,0.5000000000000001,0.3101860129173364,0,185,998,2308,6,0.046,0.42588371517463486,0.5683871513464737,0.5099676610355665,0.33598962226454626,0.2682329625902941,0.4112392254681335,-2.8192817631169373,2.486580303846317,-2.921841313157002,-2.3302840836398757,-3.215787996382892,1.7111958757000287,0.5683871513464737,0.4747679924133256,0.09361915893314804,0.5099676610355665,0.4929421887148728,0.01702547232069368,0.33598962226454626,0.5952526996022514,0.2592630773377051,0.2682329625902941,0.420147455884602,0.1519144932943079,0.4112392254681335,0.4975186696454836,0.08627944417735006,1933.0,0.8878676470588235,1874.0,0.8607536764705882,1797.0,0.8253676470588235,1325.0,0.6084558823529411,1413.0,0.6488970588235294,0.6084558823529411,WACC_0p7_WRT_0p3,0.7662683823529411,1977,False,,,False,False,False,False,False,185.0,0.7829787234042553
SPLL,RialtoBridgeTimelapse,1910,0.51,491,0.5500000000000002,0.3219116455435173,0,182,4207,3838,10,0.717,0.4411379659716207,0.5654468558186279,0.5172834905548023,0.36536939398510804,0.21856769235635787,0.36254919516216105,-2.8192817631169373,2.486580303846317,-2.921841313157002,-2.3302840836398757,-3.215787996382892,1.7111958757000287,0.5654468558186279,0.4379862916531373,0.12746056416549056,0.5172834905548023,0.5025451124418827,0.014738378112919559,0.36536939398510804,0.6010576685488722,0.23568827456376418,0.21856769235635787,0.4442738347322348,0.22570614237587694,0.36254919516216105,0.5078493132999521,0.14530011813779103,1326.0,0.6089154411764706,2037.0,0.9356617647058824,1914.0,0.8791360294117647,1574.0,0.7228860294117647,1495.0,0.6865808823529411,0.6089154411764706,WACC_0p1_WRT_0p9,0.7666360294117647,1978,False,,,False,False,False,False,False,182.0,0.7702127659574468
SPLL,RialtoBridgeTimelapse,742,0.48,307,0.475,0.4327183156073316,0,146,2976,3016,4,0.306,0.2613237183205789,0.43598956868529165,0.36607090306347534,0.16262062513708392,0.334010830937542,0.4442302339826163,-2.8192817631169373,2.486580303846317,-2.921841313157002,-2.3302840836398757,-3.215787996382892,1.7111958757000287,0.43598956868529165,0.43808792257764934,0.002098353892357685,0.36607090306347534,0.49265287364346033,0.126581970579985,0.16262062513708392,0.5986899855122336,0.4360693603751497,0.334010830937542,0.42193583674848717,0.08792500581094514,0.4442302339826163,0.5046724550570102,0.0604422210743939,1327.0,0.609375,1862.0,0.8552389705882353,1875.0,0.8612132352941176,1348.0,0.6190257352941176,1469.0,0.6746323529411765,0.609375,WACC_0p1_WRT_0p9,0.7238970588235294,1979,False,,,False,False,False,False,False,146.0,0.6170212765957447
SPLL,RialtoBridgeTimelapse,1085,0.49,99,0.5000000000000001,0.698848352160746,0,13,2663,1850,7,0.499,0.30706874106254545,0.1807070064325549,0.09926819941017753,0.2726380980413175,0.40903103257027323,0.4577585535128745,-2.8192817631169373,2.486580303846317,-2.921841313157002,-2.3302840836398757,-3.215787996382892,1.7111958757000287,0.1807070064325549,0.44348182402899794,0.26277481759644306,0.09926819941017753,0.47318883327527356,0.373920633865096,0.2726380980413175,0.5672917330637202,0.29465363502240266,0.40903103257027323,0.43300978041412586,0.02397874784385262,0.4577585535128745,0.5008738667660644,0.0431153132531899,1440.0,0.6613051470588235,1413.0,0.6488970588235294,1328.0,0.6098345588235294,1456.0,0.6686580882352942,1436.0,0.6594669117647058,0.6098345588235294,WACC_0p5_WRT_0p5,0.6496323529411765,1980,False,,,False,False,False,False,False,13.0,0.05106382978723404
SPLL,RialtoBridgeTimelapse,1164,0.41,335,0.3,0.4121336132394091,0,158,314,2886,6,0.157,0.3883633768735854,0.441231149804009,0.3318934068698142,0.27299835772065467,0.5253483568057096,0.6304042062262833,-2.8192817631169373,2.486580303846317,-2.921841313157002,-2.3302840836398757,-3.215787996382892,1.7111958757000287,0.441231149804009,0.4380889600899582,0.003142189714050836,0.3318934068698142,0.47837368018675125,0.14648027331693703,0.27299835772065467,0.5910205964273602,0.3180222387067055,0.5253483568057096,0.45602742695420223,0.06932092985150734,0.6304042062262833,0.5447265232625611,0.08567768296372225,1328.0,0.6098345588235294,1532.0,0.7035845588235294,1706.0,0.7835477941176471,1681.0,0.7720588235294118,1784.0,0.8193933823529411,0.6098345588235294,WACC_0p1_WRT_0p9,0.7376838235294118,1981,False,,,False,False,False,False,False,158.0,0.6680851063829787
SPLL,RialtoBridgeTimelapse,1146,0.52,128,0.5750000000000002,0.6386064107402307,0,22,2818,1902,5,0.296,0.17737459717678822,0.23977681590410713,0.18110836473553862,0.12532526851775536,0.29388636377794247,0.36010042466958253,-2.8192817631169373,2.486580303846317,-2.921841313157002,-2.3302840836398757,-3.215787996382892,1.7111958757000287,0.23977681590410713,0.4539139731957087,0.21413715729160157,0.18110836473553862,0.4996384351943152,0.31853007045877657,0.12532526851775536,0.5988154708103403,0.47349020229258487,0.29388636377794247,0.4203600639099828,0.12647370013204035,0.36010042466958253,0.4886459157626392,0.12854549109305669,1648.0,0.7568933823529411,1994.0,0.9159007352941176,1877.0,0.8621323529411765,1329.0,0.6102941176470589,1354.0,0.6217830882352942,0.6102941176470589,WACC_0p7_WRT_0p3,0.7534007352941178,1982,False,,,False,False,False,False,False,22.0,0.08936170212765958
SPLL,RialtoBridgeTimelapse,1831,0.47,909,0.45,0.1764261917289782,0,219,4405,4859,3,0.16,0.5642282208058167,0.7037623504155881,0.6404699586218092,0.46068313577410347,0.28186449328363444,0.4557000119630524,-2.8192817631169373,2.486580303846317,-2.921841313157002,-2.3302840836398757,-3.215787996382892,1.7111958757000287,0.7037623504155881,0.43813480418379386,0.26562754623179424,0.6404699586218092,0.49768236410292643,0.1427875945188828,0.46068313577410347,0.6152815852629238,0.1545984494888203,0.28186449328363444,0.47696451712874754,0.1951000238451131,0.4557000119630524,0.5454983033198145,0.08979829135676215,1330.0,0.6107536764705882,1959.0,0.8998161764705882,2090.0,0.9600183823529411,1884.0,0.8653492647058824,1789.0,0.8216911764705882,0.6107536764705882,WACC_0p1_WRT_0p9,0.8315257352941176,1983,False,,,False,False,False,False,False,219.0,0.9276595744680851
SPLL,RialtoBridgeTimelapse,1610,0.46,379,0.4250000000000001,0.3830206917983617,0,167,3221,3512,9,0.469,0.2945568696159301,0.480955927092088,0.4023478451925404,0.1816859611371647,0.3729299497697994,0.4922438112185408,-2.8192817631169373,2.486580303846317,-2.921841313157002,-2.3302840836398757,-3.215787996382892,1.7111958757000287,0.480955927092088,0.4381488681991243,0.04280705889296371,0.4023478451925404,0.49296072053373036,0.09061287534118995,0.1816859611371647,0.612356731930407,0.43067077079324223,0.3729299497697994,0.45964748175701325,0.08671753198721388,0.4922438112185408,0.5382417091076123,0.04599789788907144,1331.0,0.6112132352941176,1875.0,0.8612132352941176,2063.0,0.9476102941176471,1716.0,0.7881433823529411,1752.0,0.8046875,0.6112132352941176,WACC_0p1_WRT_0p9,0.8025735294117646,1984,False,,,False,False,False,False,False,167.0,0.7063829787234043
SPLL,RialtoBridgeTimelapse,1173,0.38,523,0.2250000000000001,0.3070043629219752,0,196,2474,3451,6,0.351,0.4221772655057753,0.5383352634736492,0.4179087627929152,0.27662854271002485,0.5720593673847295,0.6979984179341007,-2.8192817631169373,2.486580303846317,-2.921841313157002,-2.3302840836398757,-3.215787996382892,1.7111958757000287,0.5383352634736492,0.4381637806436834,0.10017148282996585,0.4179087627929152,0.49343553600730294,0.07552677321438772,0.27662854271002485,0.5994871067417151,0.3228585640316903,0.5720593673847295,0.44575532295747666,0.12630404442725285,0.6979984179341007,0.5341109305492516,0.16388748738484904,1332.0,0.6116727941176471,1883.0,0.8648897058823529,1890.0,0.8681066176470589,1595.0,0.7325367647058824,1714.0,0.7872242647058824,0.6116727941176471,WACC_0p1_WRT_0p9,0.7728860294117647,1985,False,,,False,False,False,False,False,196.0,0.8297872340425532
SPLL,RialtoBridgeTimelapse,2011,0.51,501,0.5500000000000002,0.317151427852279,0,183,4038,3879,4,0.225,0.4471720539935336,0.5706605479874772,0.5227020037466301,0.37141248249319464,0.2171836774517752,0.36241610697921106,-2.8192817631169373,2.486580303846317,-2.921841313157002,-2.3302840836398757,-3.215787996382892,1.7111958757000287,0.5706605479874772,0.438256109531813,0.13240443845566424,0.5227020037466301,0.5001515447969453,0.02255045894968477,0.37141248249319464,0.606870320426074,0.2354578379328794,0.2171836774517752,0.43576596054944,0.2185822830976648,0.36241610697921106,0.5087748705701484,0.1463587635909373,1333.0,0.6121323529411765,2006.0,0.9214154411764706,1990.0,0.9140625,1482.0,0.6806066176470589,1505.0,0.6911764705882353,0.6121323529411765,WACC_0p1_WRT_0p9,0.7638786764705883,1986,False,,,False,False,False,False,False,183.0,0.774468085106383
SPLL,RialtoBridgeTimelapse,1440,0.5,436,0.5250000000000001,0.3499565329987802,0,176,1710,3040,4,0.007,0.3908697868147024,0.5301615128136578,0.4753694710739067,0.3078977986778669,0.25343297282718164,0.388098888842583,-2.8192817631169373,2.486580303846317,-2.921841313157002,-2.3302840836398757,-3.215787996382892,1.7111958757000287,0.5301615128136578,0.47186669835809947,0.058294814455558286,0.4753694710739067,0.5033826428237007,0.028013171749794008,0.3078977986778669,0.5984784482840129,0.290580649606146,0.25343297282718164,0.42062831939973366,0.16719534657255203,0.388098888842583,0.5090547332845563,0.12095584444197333,1894.0,0.8699448529411765,2052.0,0.9425551470588235,1870.0,0.8589154411764706,1335.0,0.6130514705882353,1506.0,0.6916360294117647,0.6130514705882353,WACC_0p7_WRT_0p3,0.7952205882352941,1987,False,,,False,False,False,False,False,176.0,0.7446808510638298
SPLL,RialtoBridgeTimelapse,2037,0.51,622,0.5500000000000002,0.2660639435875505,0,193,4172,3303,9,0.162,0.5123005217362538,0.6270215074682595,0.5812209026286809,0.4365616609229581,0.2024956352921811,0.3612417006829413,-2.8192817631169373,2.486580303846317,-2.921841313157002,-2.3302840836398757,-3.215787996382892,1.7111958757000287,0.6270215074682595,0.4909595161598299,0.13606199130842955,0.5812209026286809,0.5027462440791489,0.07847465854953195,0.4365616609229581,0.5976282017697278,0.16106654084676963,0.2024956352921811,0.4206538192106327,0.21815818391845163,0.3612417006829413,0.49286160189962164,0.13161990121668032,2068.0,0.9499080882352942,2041.0,0.9375,1854.0,0.8515625,1336.0,0.6135110294117647,1380.0,0.6337316176470589,0.6135110294117647,WACC_0p7_WRT_0p3,0.7972426470588235,1988,False,,,False,False,False,False,False,193.0,0.8170212765957446
SPLL,RialtoBridgeTimelapse,2145,0.53,377,0.6000000000000002,0.3842691107242263,0,163,4473,3198,8,0.348,0.392777445149279,0.5076860463294633,0.46753176454300593,0.3309124978490473,0.18390926092255955,0.3156977230056138,-2.8192817631169373,2.486580303846317,-2.921841313157002,-2.3302840836398757,-3.215787996382892,1.7111958757000287,0.5076860463294633,0.45673832456550173,0.05094772176396162,0.46753176454300593,0.49550744097159716,0.027975676428591223,0.3309124978490473,0.6116094313221873,0.28069693347313995,0.18390926092255955,0.42260634414458786,0.23869708322202832,0.3156977230056138,0.48670157155622074,0.17100384855060696,1693.0,0.7775735294117647,1921.0,0.8823529411764706,2053.0,0.9430147058823529,1352.0,0.6208639705882353,1338.0,0.6144301470588235,0.6144301470588235,WACC_0p9_WRT_0p1,0.7676470588235293,1989,False,,,False,False,False,False,False,163.0,0.6893617021276596
SPLL,RialtoBridgeTimelapse,1781,0.3,1987,0.025,0.0,0,236,2029,4779,10,0.144,0.5430838710934454,0.8260905540218029,0.6771462419610691,0.31650806433148254,0.6893613010862218,0.8778886339246557,-2.8192817631169373,2.486580303846317,-2.921841313157002,-2.3302840836398757,-3.215787996382892,1.7111958757000287,0.8260905540218029,0.4386210898680151,0.38746946415378775,0.6771462419610691,0.5148176251897435,0.1623286167713256,0.31650806433148254,0.6406010657931286,0.32409300146164605,0.6893613010862218,0.5016453630535302,0.1877159380326916,0.8778886339246557,0.5926907871776762,0.28519784674697946,1340.0,0.6153492647058824,2132.0,0.9793198529411765,2176.0,0.9995404411764706,2041.0,0.9375,2092.0,0.9609375,0.6153492647058824,WACC_0p1_WRT_0p9,0.8985294117647058,1990,False,,,False,False,False,False,False,236.0,1.0
SPLL,RialtoBridgeTimelapse,443,0.33,454,0.1000000000000001,0.3404073733012638,0,186,2081,2544,10,0.555,0.5947864864147536,0.49932569884022343,0.3467805275107277,0.4604434143225726,0.7311804723578468,0.8428034725325858,-2.8192817631169373,2.486580303846317,-2.921841313157002,-2.3302840836398757,-3.215787996382892,1.7111958757000287,0.49932569884022343,0.43868990504864136,0.06063579379158207,0.3467805275107277,0.4743054655951833,0.12752493808445559,0.4604434143225726,0.5798911133358324,0.11944769901325986,0.7311804723578468,0.4385956695005772,0.29258480285726957,0.8428034725325858,0.5115817185036006,0.33122175402898524,1342.0,0.6162683823529411,1438.0,0.6603860294117647,1524.0,0.6999080882352942,1512.0,0.6943933823529411,1537.0,0.7058823529411765,0.6162683823529411,WACC_0p1_WRT_0p9,0.6753676470588236,1991,False,,,False,False,False,False,False,186.0,0.7872340425531915
SPLL,RialtoBridgeTimelapse,1570,0.49,234,0.5000000000000001,0.4967151847844891,0,108,2949,3025,4,0.406,0.19773090289854112,0.373795879150995,0.3060964646677676,0.10527281963518144,0.32784284117976725,0.4238956042909895,-2.8192817631169373,2.486580303846317,-2.921841313157002,-2.3302840836398757,-3.215787996382892,1.7111958757000287,0.373795879150995,0.4415364877292616,0.06774060857826658,0.3060964646677676,0.4859171209953942,0.17982065632762662,0.10527281963518144,0.5983743192277958,0.4931014995926144,0.32784284117976725,0.42185588099527316,0.0940130398155059,0.4238956042909895,0.5042235275777912,0.08032792328680172,1402.0,0.6438419117647058,1714.0,0.7872242647058824,1862.0,0.8552389705882353,1346.0,0.6181066176470589,1464.0,0.6723345588235294,0.6181066176470589,WACC_0p7_WRT_0p3,0.7153492647058823,1992,False,,,False,False,False,False,False,108.0,0.4553191489361702
SPLL,RialtoBridgeTimelapse,752,0.48,442,0.475,0.3467304624966697,0,178,4156,4121,4,0.376,0.36612702758438065,0.5252671378408909,0.4596771370659989,0.26869712106292576,0.306316381328951,0.4380893495540932,-2.8192817631169373,2.486580303846317,-2.921841313157002,-2.3302840836398757,-3.215787996382892,1.7111958757000287,0.5252671378408909,0.43900631118093175,0.0862608266599591,0.4596771370659989,0.4999360072262824,0.04025887016028351,0.26869712106292576,0.620483804425479,0.35178668336255325,0.306316381328951,0.4442001922067675,0.13788381087781648,0.4380893495540932,0.5172825662844007,0.07919321673030755,1346.0,0.6181066176470589,1998.0,0.9177389705882353,2123.0,0.9751838235294118,1573.0,0.7224264705882353,1584.0,0.7274816176470589,0.6181066176470589,WACC_0p1_WRT_0p9,0.7921875,1993,False,,,False,False,False,False,False,178.0,0.7531914893617021
SPLL,RialtoBridgeTimelapse,1522,0.45,1547,0.4000000000000001,0.0507400239796398,0,227,3785,4538,3,0.141,0.6930479605300632,0.8310871011257989,0.7624901681621561,0.5756807942464128,0.29819424656524673,0.5009087718623543,-2.8192817631169373,2.486580303846317,-2.921841313157002,-2.3302840836398757,-3.215787996382892,1.7111958757000287,0.8310871011257989,0.439024917613417,0.39206218351238187,0.7624901681621561,0.501348321616209,0.2611418465459471,0.5756807942464128,0.6182897783149167,0.042608984068503886,0.29819424656524673,0.4638581567184328,0.16566391015318604,0.5009087718623543,0.5457373292966207,0.04482855743426639,1347.0,0.6185661764705882,2028.0,0.9315257352941176,2110.0,0.9692095588235294,1762.0,0.8092830882352942,1794.0,0.8239889705882353,0.6185661764705882,WACC_0p1_WRT_0p9,0.8305147058823531,1994,False,,,False,False,False,False,False,227.0,0.9617021276595744
SPLL,RialtoBridgeTimelapse,1849,0.32,506,0.075,0.3148067621047455,0,193,8,3182,9,0.139,0.6110081199558485,0.5223181647569849,0.3655337083875254,0.4694775097229614,0.7500893910511651,0.8663956556136385,-2.8192817631169373,2.486580303846317,-2.921841313157002,-2.3302840836398757,-3.215787996382892,1.7111958757000287,0.5223181647569849,0.45734270158763035,0.06497546316935454,0.3655337083875254,0.4735629444426553,0.10802923605512987,0.4694775097229614,0.5687439680812677,0.09926645835830633,0.7500893910511651,0.5045940327618716,0.24549535828929347,0.8663956556136385,0.5942754321664594,0.2721202234471791,1705.0,0.7830882352941176,1422.0,0.6530330882352942,1351.0,0.6204044117647058,2057.0,0.9448529411764706,2105.0,0.9669117647058824,0.6204044117647058,WACC_0p5_WRT_0p5,0.7936580882352942,1995,False,,,False,False,False,False,False,193.0,0.8170212765957446
SPLL,RialtoBridgeTimelapse,2121,0.5,636,0.5250000000000001,0.2608065086150019,0,196,1995,3941,8,0.619,0.5033157712118179,0.6271737996349979,0.576286529932467,0.4206388120993596,0.22722494348402647,0.3851822924579481,-2.8192817631169373,2.486580303846317,-2.921841313157002,-2.3302840836398757,-3.215787996382892,1.7111958757000287,0.6271737996349979,0.4391782118665398,0.18799558776845804,0.576286529932467,0.47884819988530636,0.09743833004716063,0.4206388120993596,0.5916941744706161,0.17105536237125651,0.22722494348402647,0.4769820332133569,0.24975708972933044,0.3851822924579481,0.559274951592701,0.17409265913475291,1352.0,0.6208639705882353,1542.0,0.7081801470588235,1719.0,0.7895220588235294,1886.0,0.8662683823529411,1918.0,0.8809742647058824,0.6208639705882353,WACC_0p1_WRT_0p9,0.7731617647058824,1996,False,,,False,False,False,False,False,196.0,0.8297872340425532
SPLL,RialtoBridgeTimelapse,861,0.43,598,0.3500000000000001,0.2753577673099013,0,201,2872,3845,8,0.352,0.3843930788726684,0.5823191275488625,0.49241857594481914,0.2508867015442158,0.4203149823149899,0.5614738070845726,-2.8192817631169373,2.486580303846317,-2.921841313157002,-2.3302840836398757,-3.215787996382892,1.7111958757000287,0.5823191275488625,0.43943150058059305,0.14288762696826945,0.49241857594481914,0.5001179270505406,0.0076993511057214525,0.2508867015442158,0.6181125756974069,0.3672258741531911,0.4203149823149899,0.46194784659393007,0.04163286427894014,0.5614738070845726,0.5463888386746271,0.015084968409945554,1357.0,0.6231617647058824,2003.0,0.9200367647058824,2109.0,0.96875,1743.0,0.8005514705882353,1800.0,0.8267463235294118,0.6231617647058824,WACC_0p1_WRT_0p9,0.8278492647058824,1997,False,,,False,False,False,False,False,201.0,0.851063829787234
SPLL,RialtoBridgeTimelapse,1703,0.51,446,0.5500000000000002,0.3446039327854949,0,177,4421,3296,2,0.049,0.41245793105257245,0.5406873654236652,0.49153767792318853,0.33662803240733064,0.22520663459332327,0.3632453560747151,-2.8192817631169373,2.486580303846317,-2.921841313157002,-2.3302840836398757,-3.215787996382892,1.7111958757000287,0.5406873654236652,0.4736912357148204,0.06699612970884483,0.49153767792318853,0.48218804684272415,0.009349631080464382,0.33662803240733064,0.6013309435356629,0.2647029111283322,0.22520663459332327,0.4256059671377054,0.2003993325443821,0.3632453560747151,0.4896880495601307,0.1264426934854156,1919.0,0.8814338235294118,1611.0,0.7398897058823529,1920.0,0.8818933823529411,1382.0,0.6346507352941176,1358.0,0.6236213235294118,0.6236213235294118,WACC_0p9_WRT_0p1,0.752297794117647,1998,False,,,False,False,False,False,False,177.0,0.7489361702127659
SPLL,RialtoBridgeTimelapse,1442,0.49,318,0.5000000000000001,0.4244165923269534,0,149,4292,3567,10,0.706,0.2848823632154316,0.4476419551845738,0.3837805228228108,0.19382825094558526,0.3036828015360057,0.4176053594179349,-2.8192817631169373,2.486580303846317,-2.921841313157002,-2.3302840836398757,-3.215787996382892,1.7111958757000287,0.4476419551845738,0.4396292832967169,0.00801267188785687,0.3837805228228108,0.4957417417130883,0.11196121889027755,0.19382825094558526,0.6029436196684949,0.4091153687229096,0.3036828015360057,0.4349552860576058,0.13127248452160012,0.4176053594179349,0.5004471772549622,0.08284181783702732,1360.0,0.6245404411764706,1929.0,0.8860294117647058,1939.0,0.890625,1473.0,0.6764705882352942,1432.0,0.6576286764705882,0.6245404411764706,WACC_0p1_WRT_0p9,0.7470588235294119,1999,False,,,False,False,False,False,False,149.0,0.6297872340425532
SPLL,RialtoBridgeTimelapse,1089,0.49,458,0.5000000000000001,0.3383366831672473,0,181,1154,2756,6,0.056,0.39078461443774964,0.5382165330512261,0.4785111581109208,0.30070134273761034,0.2767314105027076,0.4124824985672735,-2.8192817631169373,2.486580303846317,-2.921841313157002,-2.3302840836398757,-3.215787996382892,1.7111958757000287,0.5382165330512261,0.46463993361405054,0.07357659943717554,0.4785111581109208,0.49065299214437774,0.012141834033456922,0.30070134273761034,0.5941202161548844,0.2934188734172741,0.2767314105027076,0.4241602152571614,0.1474288047544538,0.4124824985672735,0.5077802888321964,0.09529779026492291,1809.0,0.8308823529411765,1821.0,0.8363970588235294,1776.0,0.8157169117647058,1361.0,0.625,1493.0,0.6856617647058824,0.625,WACC_0p7_WRT_0p3,0.7587316176470589,2000,False,,,False,False,False,False,False,181.0,0.7659574468085106
SPLL,RialtoBridgeTimelapse,1743,0.52,360,0.5750000000000002,0.3951553945805485,0,158,3831,3226,10,0.593,0.3638348653770908,0.4907165915718335,0.44472412761127783,0.2948947860816039,0.21356735571144264,0.34044627905497127,-2.8192817631169373,2.486580303846317,-2.921841313157002,-2.3302840836398757,-3.215787996382892,1.7111958757000287,0.4907165915718335,0.44752056172734644,0.04319602984448706,0.44472412761127783,0.503582782126372,0.058858654515094144,0.2948947860816039,0.6074643290628442,0.3125695429812403,0.21356735571144264,0.4301263859772008,0.21655903026575818,0.34044627905497127,0.48972167504586084,0.14927539599088957,1532.0,0.7035845588235294,2056.0,0.9443933823529411,2003.0,0.9200367647058824,1427.0,0.6553308823529411,1361.0,0.625,0.625,WACC_0p9_WRT_0p1,0.7696691176470588,2001,False,,,False,False,False,False,False,158.0,0.6680851063829787
SPLL,RialtoBridgeTimelapse,1402,0.5,481,0.5250000000000001,0.3267696157783355,0,181,4861,3687,4,0.173,0.41991034601548094,0.5551619602579764,0.5014110973520832,0.3370619418173272,0.24650929510378963,0.3871831609968198,-2.8192817631169373,2.486580303846317,-2.921841313157002,-2.3302840836398757,-3.215787996382892,1.7111958757000287,0.5551619602579764,0.4538305411692999,0.10133141908867649,0.5014110973520832,0.5006043105457701,0.0008067868063130756,0.3370619418173272,0.6054968735823538,0.26843493176502664,0.24650929510378963,0.42424167154405257,0.17773237644026293,0.3871831609968198,0.501200988010671,0.11401782701385121,1644.0,0.7550551470588235,2015.0,0.9255514705882353,1969.0,0.9044117647058824,1364.0,0.6263786764705882,1440.0,0.6613051470588235,0.6263786764705882,WACC_0p7_WRT_0p3,0.7745404411764706,2002,False,,,False,False,False,False,False,181.0,0.7659574468085106
SPLL,RialtoBridgeTimelapse,2018,0.5,391,0.5250000000000001,0.3756654412159369,0,167,1622,3232,4,0.147,0.35885079781936763,0.5026490793162078,0.44667760973047665,0.27569698469857495,0.261215914292293,0.389264765471949,-2.8192817631169373,2.486580303846317,-2.921841313157002,-2.3302840836398757,-3.215787996382892,1.7111958757000287,0.5026490793162078,0.4454135597393094,0.05723551957689843,0.44667760973047665,0.48779332183708346,0.041115712106606805,0.27569698469857495,0.6005257026382782,0.32482871793970325,0.261215914292293,0.42442995627761354,0.16321404198532052,0.389264765471949,0.5162150274150857,0.12695026194313674,1494.0,0.6861213235294118,1757.0,0.8069852941176471,1902.0,0.8736213235294118,1366.0,0.6272977941176471,1573.0,0.7224264705882353,0.6272977941176471,WACC_0p7_WRT_0p3,0.7432904411764707,2003,False,,,False,False,False,False,False,167.0,0.7063829787234043
SPLL,RialtoBridgeTimelapse,1482,0.52,345,0.5750000000000002,0.4051954374655256,0,156,4673,3387,8,0.497,0.3512355833602412,0.47986325728138834,0.43342322050554355,0.2822478880825629,0.21655155681426638,0.3408229931076781,-2.8192817631169373,2.486580303846317,-2.921841313157002,-2.3302840836398757,-3.215787996382892,1.7111958757000287,0.47986325728138834,0.44941974126420925,0.030443516017179095,0.43342322050554355,0.49281451111266383,0.059391290607120284,0.2822478880825629,0.6106466492340313,0.32839876115146843,0.21655155681426638,0.42630866479364626,0.20975710797937988,0.3408229931076781,0.4902652293918461,0.14944223628416797,1574.0,0.7228860294117647,1869.0,0.8584558823529411,2040.0,0.9370404411764706,1389.0,0.6378676470588235,1367.0,0.6277573529411765,0.6277573529411765,WACC_0p9_WRT_0p1,0.7568014705882353,2004,False,,,False,False,False,False,False,156.0,0.6595744680851063
SPLL,RialtoBridgeTimelapse,1915,0.4,1062,0.2750000000000001,0.1396610948626954,0,225,2767,4693,7,0.231,0.5085669753250828,0.7130049282487828,0.6131868003082588,0.3547795005837254,0.45883172100369696,0.6289070403441539,-2.8192817631169373,2.486580303846317,-2.921841313157002,-2.3302840836398757,-3.215787996382892,1.7111958757000287,0.7130049282487828,0.43978043005410833,0.2732244981946745,0.6131868003082588,0.513502611620236,0.09968418868802276,0.3547795005837254,0.6143951413587174,0.259615640774992,0.45883172100369696,0.4773347808240366,0.018503059820339618,0.6289070403441539,0.579651773370703,0.04925526697345095,1367.0,0.6277573529411765,2125.0,0.9761029411764706,2081.0,0.9558823529411765,1888.0,0.8671875,2038.0,0.9361213235294118,0.6277573529411765,WACC_0p1_WRT_0p9,0.8726102941176471,2005,False,,,False,False,False,False,False,225.0,0.9531914893617022
SPLL,RialtoBridgeTimelapse,1331,0.35,132,0.15,0.631382190256671,0,26,2046,1740,10,0.224,0.7201567709476875,0.23932133029514896,0.07405675820818887,0.6655662212339721,0.8123848758169967,0.8612188071259251,-2.8192817631169373,2.486580303846317,-2.921841313157002,-2.3302840836398757,-3.215787996382892,1.7111958757000287,0.23932133029514896,0.4525265005790551,0.21320517028390612,0.07405675820818887,0.4815612966395178,0.40750453843132894,0.6655662212339721,0.5938626993454968,0.07170352188847529,0.8123848758169967,0.4254251823316665,0.3869596934853302,0.8612188071259251,0.4903568776986098,0.37086192942731533,1619.0,0.7435661764705882,1597.0,0.7334558823529411,1768.0,0.8120404411764706,1381.0,0.6341911764705882,1368.0,0.6282169117647058,0.6282169117647058,WACC_0p9_WRT_0p1,0.7102941176470589,2006,False,,,False,False,False,False,False,26.0,0.10638297872340426
SPLL,RialtoBridgeTimelapse,805,0.47,782,0.45,0.2119862058715627,0,213,4802,4561,2,0.082,0.5193588646041407,0.6650455505717131,0.6001986348369659,0.4157012652348491,0.29230523219447435,0.4568459549473949,-2.8192817631169373,2.486580303846317,-2.921841313157002,-2.3302840836398757,-3.215787996382892,1.7111958757000287,0.6650455505717131,0.4398596092927031,0.22518594127900998,0.6001986348369659,0.49058318801884243,0.10961544681812346,0.4157012652348491,0.6062921516390125,0.19059088640416338,0.29230523219447435,0.4574386919541508,0.16513345975967647,0.4568459549473949,0.5385918839654988,0.08174592901810396,1369.0,0.6286764705882353,1819.0,0.8354779411764706,1984.0,0.9113051470588235,1692.0,0.7771139705882353,1754.0,0.8056066176470589,0.6286764705882353,WACC_0p1_WRT_0p9,0.7916360294117647,2007,False,,,False,False,False,False,False,213.0,0.902127659574468
SPLL,RialtoBridgeTimelapse,1199,0.49,583,0.5000000000000001,0.2813574507491954,0,196,3774,3606,6,0.084,0.4620494301940224,0.5995379496276435,0.542405159600014,0.3722948570332556,0.2596576403139428,0.4101481458748391,-2.8192817631169373,2.486580303846317,-2.921841313157002,-2.3302840836398757,-3.215787996382892,1.7111958757000287,0.5995379496276435,0.4870624829808597,0.11247546664678382,0.542405159600014,0.5087790590171679,0.0336261005828461,0.3722948570332556,0.5984075443722253,0.22611268733896972,0.2596576403139428,0.42476546424459993,0.16510782393065715,0.4101481458748391,0.5037367261095909,0.09358858023475175,2043.0,0.9384191176470589,2096.0,0.9627757352941176,1864.0,0.8561580882352942,1369.0,0.6286764705882353,1459.0,0.6700367647058824,0.6286764705882353,WACC_0p7_WRT_0p3,0.8112132352941177,2008,False,,,False,False,False,False,False,196.0,0.8297872340425532
SPLL,RialtoBridgeTimelapse,1091,0.46,559,0.4250000000000001,0.2912851243299131,0,193,3374,3979,8,0.313,0.4062267814481077,0.5760294874756313,0.5020659272183087,0.2947591769598544,0.34326811472482216,0.4855404659120619,-2.8192817631169373,2.486580303846317,-2.921841313157002,-2.3302840836398757,-3.215787996382892,1.7111958757000287,0.5760294874756313,0.43996116521158324,0.13606832226404808,0.5020659272183087,0.5099961725050087,0.007930245286700055,0.2947591769598544,0.6250727487472406,0.33031357178738624,0.34326811472482216,0.4659433047625269,0.12267519003770472,0.4855404659120619,0.53797892102468,0.05243845511261813,1370.0,0.6291360294117647,2107.0,0.9678308823529411,2148.0,0.9866727941176471,1783.0,0.8189338235294118,1748.0,0.8028492647058824,0.6291360294117647,WACC_0p1_WRT_0p9,0.8410845588235294,2009,False,,,False,False,False,False,False,193.0,0.8170212765957446
SPLL,RialtoBridgeTimelapse,1708,0.48,297,0.475,0.4405267748292292,0,142,2700,2288,3,0.072,0.25191802955975673,0.42802213086669727,0.3576878749819739,0.1530614137278357,0.33662481753183554,0.4449159605318845,-2.8192817631169373,2.486580303846317,-2.921841313157002,-2.3302840836398757,-3.215787996382892,1.7111958757000287,0.42802213086669727,0.4494252780029023,0.021403147136205003,0.3576878749819739,0.4757145623049636,0.11802668732298971,0.1530614137278357,0.5967586866080743,0.44369727288023864,0.33662481753183554,0.4248235376202559,0.08819872008842033,0.4449159605318845,0.5090910179994101,0.06417505746752566,1575.0,0.7233455882352942,1478.0,0.6787683823529411,1830.0,0.8405330882352942,1371.0,0.6295955882352942,1507.0,0.6920955882352942,0.6295955882352942,WACC_0p7_WRT_0p3,0.7128676470588236,2010,False,,,False,False,False,False,False,142.0,0.6
SPLL,RialtoBridgeTimelapse,1927,0.53,323,0.6000000000000002,0.4207372827476988,0,149,3429,3043,7,0.42,0.34663309454558067,0.4678364029544483,0.42610316511647056,0.2846810237504235,0.19455309578424074,0.31677821020518937,-2.8192817631169373,2.486580303846317,-2.921841313157002,-2.3302840836398757,-3.215787996382892,1.7111958757000287,0.4678364029544483,0.4500536632707913,0.017782739683656956,0.42610316511647056,0.48322830217858836,0.0571251370621178,0.2846810237504235,0.6030881968307901,0.3184071730803666,0.19455309578424074,0.42484207524029227,0.23028897945605153,0.31677821020518937,0.49319887410784674,0.17642066390265737,1584.0,0.7274816176470589,1646.0,0.7559742647058824,1941.0,0.8915441176470589,1372.0,0.6300551470588235,1383.0,0.6351102941176471,0.6300551470588235,WACC_0p7_WRT_0p3,0.7280330882352941,2011,False,,,False,False,False,False,False,149.0,0.6297872340425532
SPLL,RialtoBridgeTimelapse,1383,0.41,160,0.3,0.5861833286749027,0,50,160,1966,10,0.31,0.49186851268470005,0.2790115181533483,0.15677130426616417,0.42613704320669793,0.6001698123715562,0.6652460144349601,-2.8192817631169373,2.486580303846317,-2.921841313157002,-2.3302840836398757,-3.215787996382892,1.7111958757000287,0.2790115181533483,0.4444411650451684,0.1654296468918201,0.15677130426616417,0.47098112869803205,0.31420982443186785,0.42613704320669793,0.5705275371841406,0.1443904939774427,0.6001698123715562,0.45747169404831045,0.14269811832324575,0.6652460144349601,0.5361309793027258,0.12911503513223432,1469.0,0.6746323529411765,1373.0,0.6305147058823529,1375.0,0.6314338235294118,1693.0,0.7775735294117647,1732.0,0.7954963235294118,0.6305147058823529,WACC_0p3_WRT_0p7,0.7019301470588235,2012,False,,,False,False,False,False,False,50.0,0.20851063829787234
SPLL,RialtoBridgeTimelapse,2144,0.44,565,0.3750000000000001,0.2887638766220358,0,199,778,2860,5,0.012,0.38168016413099665,0.5716646231832144,0.4866922661545477,0.255439963190148,0.3971376148389718,0.5366065274298503,-2.8192817631169373,2.486580303846317,-2.921841313157002,-2.3302840836398757,-3.215787996382892,1.7111958757000287,0.5716646231832144,0.4639301160896692,0.1077345070935452,0.4866922661545477,0.4993748129242213,0.01268254676967362,0.255439963190148,0.5802948787429512,0.32485491555280316,0.3971376148389718,0.42499842840507085,0.02786081356609904,0.5366065274298503,0.5180748873762402,0.018531640053610077,1800.0,0.8267463235294118,1988.0,0.9131433823529411,1529.0,0.7022058823529411,1373.0,0.6305147058823529,1594.0,0.7320772058823529,0.6305147058823529,WACC_0p7_WRT_0p3,0.7609374999999999,2013,False,,,False,False,False,False,False,199.0,0.8425531914893617
SPLL,RialtoBridgeTimelapse,1979,0.45,326,0.4000000000000001,0.4185568540643868,0,153,959,3287,10,0.325,0.2707544688911387,0.44253632043662605,0.35624035290412115,0.15556713259594526,0.41318016670512525,0.5222747439328626,-2.8192817631169373,2.486580303846317,-2.921841313157002,-2.3302840836398757,-3.215787996382892,1.7111958757000287,0.44253632043662605,0.43999918819694417,0.002537132239681883,0.35624035290412115,0.48670445124036377,0.13046409833624262,0.15556713259594526,0.600641092788841,0.4450739601928958,0.41318016670512525,0.46311104771444056,0.04993088100931531,0.5222747439328626,0.5256719114688799,0.003397167536017376,1373.0,0.6305147058823529,1731.0,0.7950367647058824,1904.0,0.8745404411764706,1752.0,0.8046875,1652.0,0.7587316176470589,0.6305147058823529,WACC_0p1_WRT_0p9,0.7727022058823529,2014,False,,,False,False,False,False,False,153.0,0.6468085106382979
SPLL,RialtoBridgeTimelapse,1007,0.42,275,0.325,0.4586703191260897,0,133,2543,2775,4,0.094,0.3836824830954088,0.39798810340515894,0.2915500932742888,0.28170779362654774,0.5144610493629171,0.6098867360119485,-2.8192817631169373,2.486580303846317,-2.921841313157002,-2.3302840836398757,-3.215787996382892,1.7111958757000287,0.39798810340515894,0.44632733559412513,0.048339232188966186,0.2915500932742888,0.48950844744172284,0.19795835416743401,0.28170779362654774,0.5995517743869001,0.31784398076035236,0.5144610493629171,0.42500814268262793,0.08945290668028921,0.6098867360119485,0.5149273680288575,0.09495936798309101,1511.0,0.6939338235294118,1798.0,0.8258272058823529,1891.0,0.8685661764705882,1374.0,0.6309742647058824,1563.0,0.7178308823529411,0.6309742647058824,WACC_0p7_WRT_0p3,0.7474264705882352,2015,False,,,False,False,False,False,False,133.0,0.5617021276595745
SPLL,RialtoBridgeTimelapse,1855,0.54,471,0.6250000000000002,0.3317294376371443,0,178,4088,2687,9,0.071,0.4762173357733197,0.5721332088407675,0.5394314519697624,0.42116774546574204,0.14286783051604598,0.29091656187226955,-2.8192817631169373,2.486580303846317,-2.921841313157002,-2.3302840836398757,-3.215787996382892,1.7111958757000287,0.5721332088407675,0.4872659953176275,0.08486721352313997,0.5394314519697624,0.5096496922517104,0.02978175971805197,0.42116774546574204,0.5961127669898677,0.17494502152412567,0.14286783051604598,0.4325794990226932,0.2897116685066472,0.29091656187226955,0.4907315557621959,0.19981499388992635,2045.0,0.9393382352941176,2103.0,0.9659926470588235,1814.0,0.8331801470588235,1453.0,0.6672794117647058,1374.0,0.6309742647058824,0.6309742647058824,WACC_0p9_WRT_0p1,0.8073529411764705,2016,False,,,False,False,False,False,False,178.0,0.7531914893617021
SPLL,RialtoBridgeTimelapse,2003,0.45,510,0.4000000000000001,0.3129476182542745,0,192,1089,3189,2,0.026,0.36590214055036335,0.5499074122213061,0.4693073657644145,0.24674585063708002,0.3774898035431917,0.5125855206054621,-2.8192817631169373,2.486580303846317,-2.921841313157002,-2.3302840836398757,-3.215787996382892,1.7111958757000287,0.5499074122213061,0.452336300900317,0.09757111132098911,0.4693073657644145,0.4712425986091832,0.0019352328447687084,0.24674585063708002,0.582462797492221,0.335716946855141,0.3774898035431917,0.44602119879666524,0.06853139525347351,0.5125855206054621,0.5295710117956787,0.01698549119021653,1616.0,0.7421875,1376.0,0.6318933823529411,1551.0,0.7123161764705882,1600.0,0.7348345588235294,1683.0,0.7729779411764706,0.6318933823529411,WACC_0p3_WRT_0p7,0.7188419117647059,2017,False,,,False,False,False,False,False,192.0,0.8127659574468085
SPLL,RialtoBridgeTimelapse,1162,0.5,277,0.5250000000000001,0.4569621901353883,0,133,4519,3540,4,0.557,0.25893600513873793,0.4172309885825544,0.3573169182358068,0.17483508040605442,0.2867455432027809,0.39420482922221795,-2.8192817631169373,2.486580303846317,-2.921841313157002,-2.3302840836398757,-3.215787996382892,1.7111958757000287,0.4172309885825544,0.4446731789511288,0.02744219036857437,0.3573169182358068,0.4856122957106556,0.12829537747484882,0.17483508040605442,0.6008982544416221,0.4260631740355677,0.2867455432027809,0.4250346360486561,0.1382890928458752,0.39420482922221795,0.4965492057961828,0.10234437657396483,1473.0,0.6764705882352942,1703.0,0.7821691176470589,1911.0,0.8777573529411765,1376.0,0.6318933823529411,1406.0,0.6456801470588235,0.6318933823529411,WACC_0p7_WRT_0p3,0.7227941176470588,2018,False,,,False,False,False,False,False,133.0,0.5617021276595745
SPLL,RialtoBridgeTimelapse,2034,0.34,687,0.1250000000000001,0.2425857080671081,0,216,147,4103,8,0.248,0.5086246643136244,0.5940600931697623,0.4541011315818388,0.3454232406802121,0.6629169022989404,0.7987061137412962,-2.8192817631169373,2.486580303846317,-2.921841313157002,-2.3302840836398757,-3.215787996382892,1.7111958757000287,0.5940600931697623,0.44011264054354454,0.15394745262621773,0.4541011315818388,0.4867372264053042,0.03263609482346541,0.3454232406802121,0.5952678439431346,0.24984460326292252,0.6629169022989404,0.5324773056953812,0.1304395966035592,0.7987061137412962,0.6209024167199533,0.1778036970213429,1376.0,0.6318933823529411,1732.0,0.7954963235294118,1798.0,0.8258272058823529,2139.0,0.9825367647058824,2163.0,0.9935661764705882,0.6318933823529411,WACC_0p1_WRT_0p9,0.8458639705882351,2019,False,,,False,False,False,False,False,216.0,0.9148936170212766
SPLL,RialtoBridgeTimelapse,2061,0.45,817,0.4000000000000001,0.2016408732518942,0,216,1567,4786,1,0.008,0.5028481369861363,0.6670338409462023,0.5918074187753527,0.38494622948601714,0.3426414191110569,0.5059645531226831,-2.8192817631169373,2.486580303846317,-2.921841313157002,-2.3302840836398757,-3.215787996382892,1.7111958757000287,0.6670338409462023,0.44012758627441,0.22690625467179232,0.5918074187753527,0.47793662335347864,0.11387079542187406,0.38494622948601714,0.5914096018675564,0.20646337238153928,0.3426414191110569,0.4882432385874375,0.14560181947638062,0.5059645531226831,0.586479225130368,0.08051467200768492,1377.0,0.6323529411764706,1527.0,0.7012867647058824,1713.0,0.7867647058823529,1966.0,0.9030330882352942,2071.0,0.9512867647058824,0.6323529411764706,WACC_0p1_WRT_0p9,0.7949448529411764,2020,False,,,False,False,False,False,False,216.0,0.9148936170212766
SPLL,RialtoBridgeTimelapse,1,0.55,351,0.6500000000000002,0.4011281481022525,0,155,1870,2312,3,0.045,0.40284515923277453,0.5005834596126519,0.4703164951995575,0.3548188531756472,0.1363474028997267,0.2680791748148731,-2.8192817631169373,2.486580303846317,-2.921841313157002,-2.3302840836398757,-3.215787996382892,1.7111958757000287,0.5005834596126519,0.4631378198577181,0.03744563975493381,0.4703164951995575,0.48230269875601767,0.011986203556460184,0.3548188531756472,0.5937537739916089,0.23893492081596168,0.1363474028997267,0.4250833913867338,0.2887359884870071,0.2680791748148731,0.5046581997796211,0.23657902496474803,1790.0,0.8221507352941176,1616.0,0.7421875,1767.0,0.8115808823529411,1378.0,0.6328125,1468.0,0.6741727941176471,0.6328125,WACC_0p7_WRT_0p3,0.7365808823529412,2021,False,,,False,False,False,False,False,155.0,0.6553191489361702
SPLL,RialtoBridgeTimelapse,1709,0.48,407,0.475,0.3662011856824301,0,173,1751,3885,8,0.544,0.3422039019962404,0.5048158100684724,0.43828134280768016,0.24454654464677855,0.3124312974115469,0.4392745027839409,-2.8192817631169373,2.486580303846317,-2.921841313157002,-2.3302840836398757,-3.215787996382892,1.7111958757000287,0.5048158100684724,0.4401282138568858,0.06468759621158665,0.43828134280768016,0.47516918707809225,0.036887844270412085,0.24454654464677855,0.5933286384005296,0.3487820937537511,0.3124312974115469,0.460687656684687,0.14825635927314007,0.4392745027839409,0.5483865932145574,0.10911209043061648,1378.0,0.6328125,1464.0,0.6723345588235294,1754.0,0.8056066176470589,1728.0,0.7936580882352942,1822.0,0.8368566176470589,0.6328125,WACC_0p1_WRT_0p9,0.7482536764705883,2022,False,,,False,False,False,False,False,173.0,0.7319148936170212
SPLL,RialtoBridgeTimelapse,1558,0.53,409,0.6000000000000002,0.3650443382063069,0,170,3838,2781,9,0.056,0.41726290642893604,0.528870176297284,0.4895302850665377,0.35541023408475325,0.17837250423983225,0.3152408074743784,-2.8192817631169373,2.486580303846317,-2.921841313157002,-2.3302840836398757,-3.215787996382892,1.7111958757000287,0.528870176297284,0.4882156134148671,0.04065456288241687,0.4895302850665377,0.5061150730254603,0.016584787958922653,0.35541023408475325,0.5972829371592335,0.24187270307448028,0.17837250423983225,0.43277373183032725,0.254401227590495,0.3152408074743784,0.4931322334944155,0.1778914260200371,2054.0,0.9434742647058824,2077.0,0.9540441176470589,1843.0,0.8465073529411765,1454.0,0.6677389705882353,1381.0,0.6341911764705882,0.6341911764705882,WACC_0p9_WRT_0p1,0.8091911764705882,2023,False,,,False,False,False,False,False,170.0,0.7191489361702128
SPLL,RialtoBridgeTimelapse,1406,0.4,600,0.2750000000000001,0.2745691837882194,0,205,2818,4279,5,0.124,0.34562454376555585,0.5748081334545168,0.46789330347009467,0.18932650089712105,0.5036280936204584,0.64027547469874,-2.8192817631169373,2.486580303846317,-2.921841313157002,-2.3302840836398757,-3.215787996382892,1.7111958757000287,0.5748081334545168,0.4401972182299385,0.13461091522457824,0.46789330347009467,0.5167529183382266,0.048859614868131895,0.18932650089712105,0.6247676500403463,0.43544114914322524,0.5036280936204584,0.46517501026391983,0.03845308335653852,0.64027547469874,0.5627424178351443,0.07753305686359568,1381.0,0.6341911764705882,2146.0,0.9857536764705882,2145.0,0.9852941176470589,1772.0,0.8138786764705882,1944.0,0.8929227941176471,0.6341911764705882,WACC_0p1_WRT_0p9,0.8624080882352942,2024,False,,,False,False,False,False,False,205.0,0.8680851063829788
SPLL,RialtoBridgeTimelapse,1295,0.47,198,0.45,0.5360530118555942,0,80,779,2250,10,0.47,0.2734915699268866,0.3309692724840307,0.24924478592432722,0.1927780819058248,0.3992438081058866,0.4830210345285824,-2.8192817631169373,2.486580303846317,-2.921841313157002,-2.3302840836398757,-3.215787996382892,1.7111958757000287,0.3309692724840307,0.4402712106133427,0.10930193812931199,0.24924478592432722,0.48366116213384125,0.23441637620951403,0.1927780819058248,0.5978582282531777,0.4050801463473529,0.3992438081058866,0.44038366875745716,0.04113986065157055,0.4830210345285824,0.5187353028079169,0.03571426827933449,1382.0,0.6346507352941176,1655.0,0.7601102941176471,1856.0,0.8524816176470589,1529.0,0.7022058823529411,1600.0,0.7348345588235294,0.6346507352941176,WACC_0p1_WRT_0p9,0.7368566176470588,2025,False,,,False,False,False,False,False,80.0,0.33617021276595743
SPLL,RialtoBridgeTimelapse,1486,0.43,433,0.3500000000000001,0.351586216853988,0,182,2791,3799,4,0.385,0.29550306295175055,0.5048223973935431,0.41081280288488925,0.16093969610563139,0.4460649543390353,0.5684573944719484,-2.8192817631169373,2.486580303846317,-2.921841313157002,-2.3302840836398757,-3.215787996382892,1.7111958757000287,0.5048223973935431,0.4402790259694926,0.06454337142405048,0.41081280288488925,0.4984223131465098,0.08760951026162056,0.16093969610563139,0.6074495350650595,0.4465098389594281,0.4460649543390353,0.4514436850387016,0.005378730699666268,0.5684573944719484,0.5428508001246354,0.02560659434731305,1383.0,0.6351102941176471,1969.0,0.9044117647058824,2002.0,0.9195772058823529,1635.0,0.7509191176470589,1777.0,0.8161764705882353,0.6351102941176471,WACC_0p1_WRT_0p9,0.8052389705882353,2026,False,,,False,False,False,False,False,182.0,0.7702127659574468
SPLL,RialtoBridgeTimelapse,2000,0.54,416,0.6250000000000002,0.361039348091654,0,171,1871,2477,5,0.096,0.43832652229337077,0.5392304555413412,0.50534135249255,0.38336352084530434,0.15109022492149074,0.29126161848768783,-2.8192817631169373,2.486580303846317,-2.921841313157002,-2.3302840836398757,-3.215787996382892,1.7111958757000287,0.5392304555413412,0.46003623248484116,0.07919422305650003,0.50534135249255,0.49163541447164294,0.013705938020907027,0.38336352084530434,0.5968489765137454,0.21348545566844102,0.15109022492149074,0.4258969636363327,0.27480673871484196,0.29126161848768783,0.4982208992333259,0.20695928074563807,1742.0,0.8000919117647058,1840.0,0.8451286764705882,1834.0,0.8423713235294118,1384.0,0.6355698529411765,1418.0,0.6511948529411765,0.6355698529411765,WACC_0p7_WRT_0p3,0.7548713235294118,2027,False,,,False,False,False,False,False,171.0,0.723404255319149
SPLL,RialtoBridgeTimelapse,1230,0.45,323,0.4000000000000001,0.4207372827476988,0,152,2806,2832,7,0.037,0.2719007592109302,0.4403628321321944,0.35394123553285917,0.15737962297853242,0.41395287133130104,0.5225194398559562,-2.8192817631169373,2.486580303846317,-2.921841313157002,-2.3302840836398757,-3.215787996382892,1.7111958757000287,0.4403628321321944,0.4674135505230446,0.027050718390850215,0.35394123553285917,0.4918302016070778,0.13788896607421863,0.15737962297853242,0.5709898280867868,0.41361020510825436,0.41395287133130104,0.4455195933693405,0.03156672203803945,0.5225194398559562,0.525187458589331,0.002668018733374855,1848.0,0.8488051470588235,1846.0,0.8478860294117647,1384.0,0.6355698529411765,1593.0,0.7316176470588235,1646.0,0.7559742647058824,0.6355698529411765,WACC_0p5_WRT_0p5,0.7639705882352941,2028,False,,,False,False,False,False,False,152.0,0.6425531914893617
SPLL,RialtoBridgeTimelapse,1695,0.48,587,0.475,0.2797425991722027,0,197,4228,4935,10,0.408,0.44923847004916895,0.5965820037815958,0.534113206924749,0.3523670855115856,0.28583089873852585,0.43476630691228346,-2.8192817631169373,2.486580303846317,-2.921841313157002,-2.3302840836398757,-3.215787996382892,1.7111958757000287,0.5965820037815958,0.44032347639956915,0.1562585273820266,0.534113206924749,0.49795263714586546,0.03616056977888349,0.3523670855115856,0.6203627466618099,0.26799566115022433,0.28583089873852585,0.47827675916232815,0.1924458604238023,0.43476630691228346,0.5487156159127206,0.1139493090004371,1384.0,0.6355698529411765,1963.0,0.9016544117647058,2120.0,0.9738051470588235,1895.0,0.8704044117647058,1830.0,0.8405330882352942,0.6355698529411765,WACC_0p1_WRT_0p9,0.8443933823529411,2029,False,,,False,False,False,False,False,197.0,0.8340425531914893
SPLL,RialtoBridgeTimelapse,792,0.49,458,0.5000000000000001,0.3383366831672473,0,181,4998,3987,3,0.289,0.39078461443774964,0.5382165330512261,0.4785111581109208,0.30070134273761034,0.2767314105027076,0.4124824985672735,-2.8192817631169373,2.486580303846317,-2.921841313157002,-2.3302840836398757,-3.215787996382892,1.7111958757000287,0.5382165330512261,0.44041236255997895,0.09780417049124712,0.4785111581109208,0.49265407243803006,0.014142914327109235,0.30070134273761034,0.6156414176780367,0.31494007494042636,0.2767314105027076,0.43859733360360065,0.16186592310089304,0.4124824985672735,0.506497236730173,0.09401473816289951,1385.0,0.6360294117647058,1863.0,0.8556985294117647,2095.0,0.9623161764705882,1513.0,0.6948529411764706,1483.0,0.6810661764705882,0.6360294117647058,WACC_0p1_WRT_0p9,0.7659926470588235,2030,False,,,False,False,False,False,False,181.0,0.7659574468085106
SPLL,RialtoBridgeTimelapse,1191,0.41,1192,0.3,0.1123660260651052,0,228,1099,4325,9,0.167,0.5561194753113415,0.7454158759542566,0.6524531688949509,0.40999322427994034,0.4230773975235402,0.6018336892426148,-2.8192817631169373,2.486580303846317,-2.921841313157002,-2.3302840836398757,-3.215787996382892,1.7111958757000287,0.7454158759542566,0.44042533722980237,0.30499053872445425,0.6524531688949509,0.5004050357465359,0.15204813314841492,0.40999322427994034,0.6100878314638758,0.20009460718393546,0.4230773975235402,0.4840615711523927,0.0609841736288525,0.6018336892426148,0.5787209275243422,0.02311276171827259,1388.0,0.6374080882352942,2011.0,0.9237132352941176,2031.0,0.9329044117647058,1939.0,0.890625,2034.0,0.9342830882352942,0.6374080882352942,WACC_0p1_WRT_0p9,0.8637867647058824,2031,False,,,False,False,False,False,False,228.0,0.9659574468085106
SPLL,RialtoBridgeTimelapse,2004,0.45,648,0.4000000000000001,0.2563912979613324,0,206,3013,3476,6,0.14,0.4350998223446662,0.6089576182705382,0.5311530505360578,0.316693549257149,0.35950085322626935,0.5088416322135655,-2.8192817631169373,2.486580303846317,-2.921841313157002,-2.3302840836398757,-3.215787996382892,1.7111958757000287,0.6089576182705382,0.4674649876100712,0.14149263066046697,0.5311530505360578,0.5007703568833153,0.030382693652742487,0.316693549257149,0.6041666476660944,0.2874730984089454,0.35950085322626935,0.42676963437015547,0.06726878114388612,0.5088416322135655,0.5136726672122223,0.00483103499865678,1850.0,0.8497242647058824,2022.0,0.9287683823529411,1950.0,0.8956801470588235,1390.0,0.6383272058823529,1556.0,0.7146139705882353,0.6383272058823529,WACC_0p7_WRT_0p3,0.805422794117647,2032,False,,,False,False,False,False,False,206.0,0.8723404255319149
SPLL,RialtoBridgeTimelapse,1987,0.44,303,0.3750000000000001,0.4358108411793062,0,146,2590,2600,6,0.26,0.3100310374795662,0.4233760665557003,0.33024255531351204,0.2005724036916118,0.4478619335196677,0.5513733330459029,-2.8192817631169373,2.486580303846317,-2.921841313157002,-2.3302840836398757,-3.215787996382892,1.7111958757000287,0.4233760665557003,0.4405864273996007,0.017210360843900374,0.33024255531351204,0.4931882651199752,0.16294570980646317,0.2005724036916118,0.5919155513883558,0.39134314769674405,0.4478619335196677,0.4361619781764444,0.011699955343223267,0.5513733330459029,0.5063831775946253,0.0449901554512776,1392.0,0.6392463235294118,1879.0,0.8630514705882353,1724.0,0.7918198529411765,1486.0,0.6824448529411765,1481.0,0.6801470588235294,0.6392463235294118,WACC_0p1_WRT_0p9,0.731341911764706,2033,False,,,False,False,False,False,False,146.0,0.6170212765957447
SPLL,RialtoBridgeTimelapse,820,0.53,386,0.6000000000000002,0.3787023871242109,0,165,1525,2639,10,0.578,0.39985645543855725,0.5138080415595178,0.47389075813825476,0.3379973006013351,0.18230118026999417,0.3155579311291358,-2.8192817631169373,2.486580303846317,-2.921841313157002,-2.3302840836398757,-3.215787996382892,1.7111958757000287,0.5138080415595178,0.44352741078259794,0.07028063077691982,0.47389075813825476,0.4795873211712946,0.0056965630330398365,0.3379973006013351,0.5944054884493237,0.25640818784798863,0.18230118026999417,0.4294302122000698,0.24712903193007565,0.3155579311291358,0.49380321878611083,0.178245287656975,1441.0,0.6617647058823529,1556.0,0.7146139705882353,1781.0,0.8180147058823529,1418.0,0.6511948529411765,1393.0,0.6397058823529411,0.6397058823529411,WACC_0p9_WRT_0p1,0.6970588235294117,2034,False,,,False,False,False,False,False,165.0,0.6978723404255319
SPLL,RialtoBridgeTimelapse,1575,0.43,390,0.3500000000000001,0.3762697195456381,0,171,2420,2425,5,0.173,0.3084297232524139,0.48015295191080565,0.38473393105525,0.18142824967636098,0.4547551022752676,0.5711572290224994,-2.8192817631169373,2.486580303846317,-2.921841313157002,-2.3302840836398757,-3.215787996382892,1.7111958757000287,0.48015295191080565,0.44340521049277953,0.036747741418026114,0.38473393105525,0.4944300601377219,0.1096961290824719,0.18142824967636098,0.5980121632374087,0.41658391356104774,0.4547551022752676,0.4270441530363672,0.027710949238900384,0.5711572290224994,0.5149666500820949,0.05619057894040458,1438.0,0.6603860294117647,1900.0,0.8727022058823529,1859.0,0.8538602941176471,1395.0,0.640625,1564.0,0.7182904411764706,0.640625,WACC_0p7_WRT_0p3,0.7491727941176471,2035,False,,,False,False,False,False,False,171.0,0.723404255319149
SPLL,RialtoBridgeTimelapse,1733,0.36,465,0.175,0.3347560226792572,0,188,2500,3971,2,0.066,0.498551782311414,0.5082403170268252,0.37418998564822475,0.3619285613243684,0.6405617685712772,0.7572639726528306,-2.8192817631169373,2.486580303846317,-2.921841313157002,-2.3302840836398757,-3.215787996382892,1.7111958757000287,0.5082403170268252,0.44087534607647866,0.06736497095034649,0.37418998564822475,0.4831036201385059,0.10891363449028113,0.3619285613243684,0.6075861943294587,0.2456576330050903,0.6405617685712772,0.46599068026032037,0.17457108831095686,0.7572639726528306,0.5641092413342851,0.19315473131854555,1395.0,0.640625,1641.0,0.7536764705882353,2004.0,0.9204963235294118,1785.0,0.8198529411764706,1959.0,0.8998161764705882,0.640625,WACC_0p1_WRT_0p9,0.8068933823529412,2036,False,,,False,False,False,False,False,188.0,0.7957446808510639
SPLL,RialtoBridgeTimelapse,923,0.41,411,0.3,0.3638931201805629,0,178,560,3704,3,0.187,0.3620556150283591,0.4882297100639973,0.38190725695481464,0.23229249213537223,0.5071867026542111,0.6237083919572239,-2.8192817631169373,2.486580303846317,-2.921841313157002,-2.3302840836398757,-3.215787996382892,1.7111958757000287,0.4882297100639973,0.4409583633762816,0.04727134668771571,0.38190725695481464,0.47934939603210336,0.09744213907728871,0.23229249213537223,0.597918789676332,0.3656262975409598,0.5071867026542111,0.47621593024993253,0.030970772404278535,0.6237083919572239,0.5673401013874803,0.056368290569743684,1396.0,0.6410845588235294,1552.0,0.7127757352941176,1858.0,0.8534007352941176,1877.0,0.8621323529411765,1974.0,0.9067095588235294,0.6410845588235294,WACC_0p1_WRT_0p9,0.7952205882352942,2037,False,,,False,False,False,False,False,178.0,0.7531914893617021
SPLL,RialtoBridgeTimelapse,1120,0.51,218,0.5500000000000002,0.5133969718500324,0,97,1207,2264,9,0.431,0.20408396750077254,0.36227850920063925,0.30506836281235555,0.12651331152066284,0.2776815793803468,0.372744058905153,-2.8192817631169373,2.486580303846317,-2.921841313157002,-2.3302840836398757,-3.215787996382892,1.7111958757000287,0.36227850920063925,0.4531507793184461,0.09087227011780685,0.30506836281235555,0.4856034921784602,0.18053512936610466,0.12651331152066284,0.5855977164365621,0.4590844049158993,0.2776815793803468,0.4454782952367969,0.16779671585645006,0.372744058905153,0.4948783555699283,0.12213429666477532,1626.0,0.7467830882352942,1702.0,0.7817095588235294,1613.0,0.7408088235294118,1591.0,0.7306985294117647,1397.0,0.6415441176470589,0.6415441176470589,WACC_0p9_WRT_0p1,0.7283088235294117,2038,False,,,False,False,False,False,False,97.0,0.4085106382978723
SPLL,RialtoBridgeTimelapse,684,0.49,518,0.5000000000000001,0.3092725954217916,0,186,3567,3750,6,0.49,0.42702622297074816,0.5693702922458361,0.5109920184908011,0.3371373609371602,0.26795936516607194,0.4112019343859563,-2.8192817631169373,2.486580303846317,-2.921841313157002,-2.3302840836398757,-3.215787996382892,1.7111958757000287,0.5693702922458361,0.4409885045036152,0.12838178774222092,0.5109920184908011,0.4936731220562208,0.01731889643458029,0.3371373609371602,0.609237111111663,0.27209975017450283,0.26795936516607194,0.43510253465438287,0.16714316948831093,0.4112019343859563,0.5112995841929087,0.10009764980695235,1397.0,0.6415441176470589,1889.0,0.8676470588235294,2022.0,0.9287683823529411,1475.0,0.6773897058823529,1531.0,0.703125,0.6415441176470589,WACC_0p1_WRT_0p9,0.7636948529411764,2039,False,,,False,False,False,False,False,186.0,0.7872340425531915
SPLL,RialtoBridgeTimelapse,1904,0.49,334,0.5000000000000001,0.4128387548566983,0,154,1213,2825,10,0.551,0.298995318253045,0.4596659227149275,0.39638634935842765,0.20811114190566551,0.2999583828675239,0.41678360757870886,-2.8192817631169373,2.486580303846317,-2.921841313157002,-2.3302840836398757,-3.215787996382892,1.7111958757000287,0.4596659227149275,0.4426889700607391,0.016976952654188415,0.39638634935842765,0.47637814373926035,0.0799917943808327,0.20811114190566551,0.5910510569784914,0.3829399150728259,0.2999583828675239,0.43386741067626244,0.13390902780873853,0.41678360757870886,0.4949220500176015,0.07813844243889262,1423.0,0.6534926470588235,1492.0,0.6852022058823529,1707.0,0.7840073529411765,1463.0,0.671875,1398.0,0.6420036764705882,0.6420036764705882,WACC_0p9_WRT_0p1,0.6873161764705882,2040,False,,,False,False,False,False,False,154.0,0.6510638297872341
SPLL,RialtoBridgeTimelapse,2162,0.46,679,0.4250000000000001,0.2453526967729342,0,210,1248,3390,7,0.214,0.4629805890946511,0.62465410231927,0.5528664431262765,0.35195888561643124,0.32906815043261206,0.4830501091579703,-2.8192817631169373,2.486580303846317,-2.921841313157002,-2.3302840836398757,-3.215787996382892,1.7111958757000287,0.62465410231927,0.450841008909368,0.17381309340990198,0.5528664431262765,0.4916503268307038,0.06121611629557272,0.35195888561643124,0.6006694037336502,0.24871051811721895,0.32906815043261206,0.42729671719115875,0.09822856675854669,0.4830501091579703,0.5167239526145869,0.033673843456616614,1599.0,0.734375,1841.0,0.8455882352941176,1905.0,0.875,1398.0,0.6420036764705882,1579.0,0.7251838235294118,0.6420036764705882,WACC_0p7_WRT_0p3,0.7644301470588235,2041,False,,,False,False,False,False,False,210.0,0.8893617021276595
SPLL,RialtoBridgeTimelapse,2041,0.53,335,0.6000000000000002,0.4121336132394091,0,153,1876,2585,7,0.223,0.35748259593735127,0.47719655311128145,0.435840199446622,0.2955591753506893,0.1920237768406706,0.3164961678365007,-2.8192817631169373,2.486580303846317,-2.921841313157002,-2.3302840836398757,-3.215787996382892,1.7111958757000287,0.47719655311128145,0.44527804719083824,0.03191850592044321,0.435840199446622,0.48329968218571406,0.04745948273909206,0.2955591753506893,0.5778709440067812,0.28231176865609187,0.1920237768406706,0.42781772630180637,0.23579394946113577,0.3164961678365007,0.5102526132773486,0.1937564454408479,1489.0,0.6838235294117647,1649.0,0.7573529411764706,1488.0,0.6833639705882353,1401.0,0.6433823529411765,1524.0,0.6999080882352942,0.6433823529411765,WACC_0p7_WRT_0p3,0.6935661764705883,2042,False,,,False,False,False,False,False,153.0,0.6468085106382979
SPLL,RialtoBridgeTimelapse,1826,0.32,316,0.075,0.4259044892909516,0,152,2034,2490,6,0.24,0.6783411055068341,0.4198185396498864,0.25450196450681745,0.5681622566462415,0.799212170352662,0.8901954973251078,-2.8192817631169373,2.486580303846317,-2.921841313157002,-2.3302840836398757,-3.215787996382892,1.7111958757000287,0.4198185396498864,0.4416073075189192,0.021788767869032777,0.25450196450681745,0.48416181403793634,0.2296598495311189,0.5681622566462415,0.5854524222976208,0.017290165651379308,0.799212170352662,0.4460168842209809,0.3531952861316811,0.8901954973251078,0.5110522226160593,0.3791432747090485,1403.0,0.6443014705882353,1666.0,0.7651654411764706,1607.0,0.7380514705882353,1599.0,0.734375,1529.0,0.7022058823529411,0.6443014705882353,WACC_0p1_WRT_0p9,0.7168198529411764,2043,False,,,False,False,False,False,False,152.0,0.6425531914893617
SPLL,RialtoBridgeTimelapse,1462,0.5,586,0.5250000000000001,0.2801452798438133,0,193,3706,3631,3,0.09,0.4787472138177582,0.6059323894036673,0.5542191382501749,0.39604515494105397,0.23282233681274536,0.38568458768538605,-2.8192817631169373,2.486580303846317,-2.921841313157002,-2.3302840836398757,-3.215787996382892,1.7111958757000287,0.6059323894036673,0.46072273857967283,0.1452096508239945,0.5542191382501749,0.49794319613062016,0.05627594211955472,0.39604515494105397,0.6131346321708573,0.21708947722980332,0.23282233681274536,0.4284608580026737,0.19563852118992833,0.38568458768538605,0.5082566919052615,0.12257210421987541,1752.0,0.8046875,1962.0,0.9011948529411765,2072.0,0.9517463235294118,1404.0,0.6447610294117647,1498.0,0.6879595588235294,0.6447610294117647,WACC_0p7_WRT_0p3,0.7980698529411765,2044,False,,,False,False,False,False,False,193.0,0.8170212765957446
SPLL,RialtoBridgeTimelapse,2150,0.51,371,0.5500000000000002,0.3880543888774604,0,162,1591,2791,8,0.284,0.3579517883959803,0.4937405305664084,0.44265089380799294,0.28191055202928295,0.23813417549961166,0.3648933956924912,-2.8192817631169373,2.486580303846317,-2.921841313157002,-2.3302840836398757,-3.215787996382892,1.7111958757000287,0.4937405305664084,0.45123852340600334,0.04250200716040503,0.44265089380799294,0.48848985041893694,0.045838956610944004,0.28191055202928295,0.5943653632982981,0.3124548112690152,0.23813417549961166,0.42852398177002127,0.1903898062704096,0.3648933956924912,0.4991852252313232,0.134291829538832,1602.0,0.7357536764705882,1775.0,0.8152573529411765,1780.0,0.8175551470588235,1405.0,0.6452205882352942,1426.0,0.6548713235294118,0.6452205882352942,WACC_0p7_WRT_0p3,0.7337316176470587,2045,False,,,False,False,False,False,False,162.0,0.6851063829787234
SPLL,RialtoBridgeTimelapse,1258,0.47,707,0.45,0.2358065955934101,0,208,4513,4827,6,0.229,0.4894675188299002,0.6392967110739751,0.573387758929577,0.38569668300297905,0.2993860239232341,0.45774061870280136,-2.8192817631169373,2.486580303846317,-2.921841313157002,-2.3302840836398757,-3.215787996382892,1.7111958757000287,0.6392967110739751,0.44186764191612166,0.19742906915785347,0.573387758929577,0.5120105397734431,0.06137721915613392,0.38569668300297905,0.6295369831079867,0.24384030010500762,0.2993860239232341,0.46721215610466754,0.16782613218143344,0.45774061870280136,0.5485650275513174,0.09082440884851606,1405.0,0.6452205882352942,2115.0,0.9715073529411765,2163.0,0.9935661764705882,1802.0,0.8276654411764706,1826.0,0.8386948529411765,0.6452205882352942,WACC_0p1_WRT_0p9,0.8553308823529411,2046,False,,,False,False,False,False,False,208.0,0.8808510638297873
SPLL,RialtoBridgeTimelapse,904,0.43,1290,0.3500000000000001,0.0936893963407701,0,229,886,3026,10,0.001,0.6083272884351254,0.7739667124144977,0.6927792054207108,0.47676504347194026,0.3636812610055774,0.5510141813464513,-2.8192817631169373,2.486580303846317,-2.921841313157002,-2.3302840836398757,-3.215787996382892,1.7111958757000287,0.7739667124144977,0.4849966401966313,0.28897007221786636,0.6927792054207108,0.5052704381892822,0.18750876723142862,0.47676504347194026,0.5963265606657572,0.11956151719381691,0.3636812610055774,0.4286549011999885,0.0649736401944111,0.5510141813464513,0.5181000339915542,0.03291414735489706,2029.0,0.9319852941176471,2067.0,0.9494485294117647,1821.0,0.8363970588235294,1406.0,0.6456801470588235,1595.0,0.7325367647058824,0.6456801470588235,WACC_0p7_WRT_0p3,0.8192095588235293,2047,False,,,False,False,False,False,False,229.0,0.9702127659574468
SPLL,RialtoBridgeTimelapse,1578,0.43,1875,0.3500000000000001,0.005275527025865,0,232,3376,4565,10,0.242,0.7198510857127305,0.8701870853055619,0.7928700921482668,0.5885782141800056,0.3376987611494297,0.5481325996168126,-2.8192817631169373,2.486580303846317,-2.921841313157002,-2.3302840836398757,-3.215787996382892,1.7111958757000287,0.8701870853055619,0.44187144092415537,0.4283156443814065,0.7928700921482668,0.5224541992361447,0.2704158929121221,0.5885782141800056,0.6305998541530378,0.04202163997303221,0.3376987611494297,0.4843488986849179,0.14665013753548817,0.5481325996168126,0.5595583202538759,0.011425720637063264,1406.0,0.6456801470588235,2161.0,0.9926470588235294,2166.0,0.9949448529411765,1942.0,0.8920036764705882,1922.0,0.8828125,0.6456801470588235,WACC_0p1_WRT_0p9,0.8816176470588235,2048,False,,,False,False,False,False,False,232.0,0.9829787234042553
SPLL,RialtoBridgeTimelapse,2075,0.34,336,0.1250000000000001,0.4114305671426452,0,161,92,2549,10,0.109,0.6057760154972807,0.43421372998288116,0.28249166931444797,0.4915059173512962,0.7320201280469223,0.8285686380048756,-2.8192817631169373,2.486580303846317,-2.921841313157002,-2.3302840836398757,-3.215787996382892,1.7111958757000287,0.43421372998288116,0.4419015048696037,0.007687774886722565,0.28249166931444797,0.48573156736084416,0.2032398980463962,0.4915059173512962,0.5859621835749881,0.09445626622369191,0.7320201280469223,0.47262077166244704,0.25939935638447525,0.8285686380048756,0.5597943287818545,0.26877430922302104,1407.0,0.6461397058823529,1707.0,0.7840073529411765,1621.0,0.7444852941176471,1848.0,0.8488051470588235,1923.0,0.8832720588235294,0.6461397058823529,WACC_0p1_WRT_0p9,0.7813419117647059,2049,False,,,False,False,False,False,False,161.0,0.6808510638297872
SPLL,RialtoBridgeTimelapse,2035,0.45,256,0.4000000000000001,0.4755439675554405,0,122,2817,2904,10,0.495,0.30123635462503806,0.3863532843970023,0.29664271261318215,0.20326558266210001,0.43396716966575044,0.5293860270246104,-2.8192817631169373,2.486580303846317,-2.921841313157002,-2.3302840836398757,-3.215787996382892,1.7111958757000287,0.3863532843970023,0.4419574191900432,0.05560413479304094,0.29664271261318215,0.4833590975794894,0.18671638496630727,0.20326558266210001,0.5933802773745811,0.39011469471248106,0.43396716966575044,0.44354044276260246,0.00957327309685202,0.5293860270246104,0.5115889687868798,0.01779705823773059,1409.0,0.6470588235294118,1651.0,0.7582720588235294,1758.0,0.8074448529411765,1564.0,0.7182904411764706,1539.0,0.7068014705882353,0.6470588235294118,WACC_0p1_WRT_0p9,0.7275735294117647,2050,False,,,False,False,False,False,False,122.0,0.5148936170212766
SPLL,RialtoBridgeTimelapse,2160,0.46,405,0.4250000000000001,0.3673637179355586,0,173,2745,2464,6,0.278,0.313451134193971,0.4969761446538135,0.4191937660868648,0.2008753882879505,0.36772226882522646,0.4909116956757169,-2.8192817631169373,2.486580303846317,-2.921841313157002,-2.3302840836398757,-3.215787996382892,1.7111958757000287,0.4969761446538135,0.4535722604040336,0.04340388424977992,0.4191937660868648,0.4948765416798262,0.07568277559296138,0.2008753882879505,0.5925052945346093,0.39162990624665883,0.36772226882522646,0.42917556876206236,0.0614532999368359,0.4909116956757169,0.5011810310953712,0.010269335419654246,1636.0,0.7513786764705882,1907.0,0.8759191176470589,1737.0,0.7977941176470589,1411.0,0.6479779411764706,1439.0,0.6608455882352942,0.6479779411764706,WACC_0p7_WRT_0p3,0.7467830882352942,2051,False,,,False,False,False,False,False,173.0,0.7319148936170212
SPLL,RialtoBridgeTimelapse,2117,0.44,183,0.3750000000000001,0.5545931611698236,0,68,470,2050,7,0.135,0.3769882809583322,0.30970965119417077,0.20862920095576287,0.3023351200656798,0.49496910373152203,0.5706442223228076,-2.8192817631169373,2.486580303846317,-2.921841313157002,-2.3302840836398757,-3.215787996382892,1.7111958757000287,0.30970965119417077,0.44443169889239176,0.134722047698221,0.20862920095576287,0.4731407356739802,0.2645115347182173,0.3023351200656798,0.5778208346951036,0.2754857146294238,0.49496910373152203,0.43155979554763263,0.0634093081838894,0.5706442223228076,0.518543944063233,0.05210027825957464,1468.0,0.6741727941176471,1412.0,0.6484375,1487.0,0.6829044117647058,1446.0,0.6640625,1597.0,0.7334558823529411,0.6484375,WACC_0p3_WRT_0p7,0.6806066176470589,2052,False,,,False,False,False,False,False,68.0,0.2851063829787234
SPLL,RialtoBridgeTimelapse,1815,0.48,984,0.475,0.1576901644711873,0,214,4872,3890,7,0.113,0.6035670438936652,0.7298236612268132,0.6726564421563426,0.5070171643663615,0.2501342622922381,0.43104936505653857,-2.8192817631169373,2.486580303846317,-2.921841313157002,-2.3302840836398757,-3.215787996382892,1.7111958757000287,0.7298236612268132,0.4661902564254223,0.2636334048013909,0.6726564421563426,0.5053225657685132,0.16733387638782937,0.5070171643663615,0.6138743298341424,0.1068571654677809,0.2501342622922381,0.4291891898209809,0.1790549275287428,0.43104936505653857,0.5059432172168183,0.07489385216027977,1831.0,0.8409926470588235,2068.0,0.9499080882352942,2077.0,0.9540441176470589,1412.0,0.6484375,1477.0,0.6783088235294118,0.6484375,WACC_0p7_WRT_0p3,0.8143382352941178,2053,False,,,False,False,False,False,False,214.0,0.9063829787234042
SPLL,RialtoBridgeTimelapse,1555,0.51,219,0.5500000000000002,0.5123191802935934,0,98,808,2043,10,0.273,0.2053838900561223,0.36338039036589953,0.30622723793402357,0.12783381012948533,0.27732241140934866,0.3726514875455519,-2.8192817631169373,2.486580303846317,-2.921841313157002,-2.3302840836398757,-3.215787996382892,1.7111958757000287,0.36338039036589953,0.4487372737953271,0.08535688342942754,0.30622723793402357,0.48845643400356625,0.1822291960695427,0.12783381012948533,0.5972972078256901,0.4694633976962047,0.27732241140934866,0.4293360052910094,0.15201359388166075,0.3726514875455519,0.499868297509985,0.12721680996443313,1564.0,0.7182904411764706,1773.0,0.8143382352941176,1844.0,0.8469669117647058,1413.0,0.6488970588235294,1428.0,0.6557904411764706,0.6488970588235294,WACC_0p7_WRT_0p3,0.7368566176470589,2054,False,,,False,False,False,False,False,98.0,0.4127659574468085
SPLL,RialtoBridgeTimelapse,2143,0.5,365,0.5250000000000001,0.3919012189596104,0,160,4073,3528,7,0.67,0.33873122166043285,0.48539222508028723,0.42866093974536773,0.2554360669701725,0.2661951124923978,0.39009024026680655,-2.8192817631169373,2.486580303846317,-2.921841313157002,-2.3302840836398757,-3.215787996382892,1.7111958757000287,0.48539222508028723,0.445923512683696,0.03946871239659122,0.42866093974536773,0.4814535598226528,0.05279262007728508,0.2554360669701725,0.5931798666336355,0.337743799663463,0.2661951124923978,0.4382561971159541,0.1720610846235563,0.39009024026680655,0.4975273459655609,0.10743710569875436,1500.0,0.6888786764705882,1592.0,0.7311580882352942,1749.0,0.8033088235294118,1508.0,0.6925551470588235,1414.0,0.6493566176470589,0.6493566176470589,WACC_0p9_WRT_0p1,0.7130514705882353,2055,False,,,False,False,False,False,False,160.0,0.676595744680851
SPLL,RialtoBridgeTimelapse,1041,0.47,526,0.45,0.305653789297009,0,191,1272,3746,10,0.298,0.40263227321499867,0.5647320237086924,0.4955949835521454,0.2983256243766551,0.3206330980901169,0.4610488881163371,-2.8192817631169373,2.486580303846317,-2.921841313157002,-2.3302840836398757,-3.215787996382892,1.7111958757000287,0.5647320237086924,0.4421346023725177,0.12259742133617463,0.4955949835521454,0.4954425714569385,0.0001524120952068886,0.2983256243766551,0.6074196823413988,0.30909405796474365,0.3206330980901169,0.4613956909909598,0.14076259290084286,0.4610488881163371,0.5327273273070714,0.0716784391907343,1414.0,0.6493566176470589,1918.0,0.8809742647058824,1999.0,0.9181985294117647,1734.0,0.7964154411764706,1703.0,0.7821691176470589,0.6493566176470589,WACC_0p1_WRT_0p9,0.8054227941176471,2056,False,,,False,False,False,False,False,191.0,0.8085106382978723
SPLL,RialtoBridgeTimelapse,1360,0.49,380,0.5000000000000001,0.3823989441672907,0,165,1257,2696,8,0.322,0.3362982845552637,0.49152065287742547,0.4297347425982245,0.24579913816722493,0.29032407081505396,0.4148314900431575,-2.8192817631169373,2.486580303846317,-2.921841313157002,-2.3302840836398757,-3.215787996382892,1.7111958757000287,0.49152065287742547,0.44863677035629335,0.04288388252113212,0.4297347425982245,0.4820379288150692,0.05230318621684471,0.24579913816722493,0.5918447364327176,0.3460455982654927,0.29032407081505396,0.4403373383663026,0.15001326755124866,0.4148314900431575,0.4981313493474897,0.0832998593043322,1561.0,0.7169117647058824,1609.0,0.7389705882352942,1722.0,0.7909007352941176,1528.0,0.7017463235294118,1417.0,0.6507352941176471,0.6507352941176471,WACC_0p9_WRT_0p1,0.7198529411764707,2057,False,,,False,False,False,False,False,165.0,0.6978723404255319
SPLL,RialtoBridgeTimelapse,1099,0.48,602,0.475,0.2737832201501744,0,199,1400,3531,3,0.1,0.4566901228703918,0.6029935576630501,0.5407939924497225,0.3598534480396297,0.28404450335537795,0.4345210544139288,-2.8192817631169373,2.486580303846317,-2.921841313157002,-2.3302840836398757,-3.215787996382892,1.7111958757000287,0.6029935576630501,0.4576701026256358,0.14532345503741428,0.5407939924497225,0.49364797866758586,0.04714601378213662,0.3598534480396297,0.607393984645882,0.2475405366062523,0.28404450335537795,0.42941359216951136,0.1453690888141334,0.4345210544139288,0.5266759708929485,0.09215491647901969,1710.0,0.7853860294117647,1888.0,0.8671875,1996.0,0.9168198529411765,1417.0,0.6507352941176471,1663.0,0.7637867647058824,0.6507352941176471,WACC_0p7_WRT_0p3,0.7967830882352941,2058,False,,,False,False,False,False,False,199.0,0.8425531914893617
SPLL,RialtoBridgeTimelapse,1527,0.42,446,0.325,0.3446039327854949,0,185,444,2457,8,0.198,0.32173125834678895,0.5094444883843411,0.4100713074237002,0.18560952002133674,0.4718086901030302,0.5944115274446032,-2.8192817631169373,2.486580303846317,-2.921841313157002,-2.3302840836398757,-3.215787996382892,1.7111958757000287,0.5094444883843411,0.44264000099387146,0.06680448739046962,0.4100713074237002,0.4809594074148402,0.07088809999114004,0.18560952002133674,0.5915669398730454,0.4059574198517087,0.4718086901030302,0.4433938031151355,0.02841488698789474,0.5944115274446032,0.530658023936908,0.06375350350769526,1422.0,0.6530330882352942,1585.0,0.7279411764705882,1717.0,0.7886029411764706,1559.0,0.7159926470588235,1691.0,0.7766544117647058,0.6530330882352942,WACC_0p1_WRT_0p9,0.7324448529411764,2059,False,,,False,False,False,False,False,185.0,0.7829787234042553
SPLL,RialtoBridgeTimelapse,1890,0.52,339,0.5750000000000002,0.4093338783452196,0,154,3750,3338,8,0.437,0.3460513655445747,0.47539996716184946,0.4287742433004364,0.27704186985641377,0.21778669167865924,0.3409855694976438,-2.8192817631169373,2.486580303846317,-2.921841313157002,-2.3302840836398757,-3.215787996382892,1.7111958757000287,0.47539996716184946,0.4531510876600775,0.022248879501771957,0.4287742433004364,0.48900944170646776,0.060235198406031365,0.27704186985641377,0.6076052684059418,0.330563398549528,0.21778669167865924,0.44504681367729615,0.2272601219986369,0.3409855694976438,0.4989058599022516,0.1579202904046078,1627.0,0.7472426470588235,1787.0,0.8207720588235294,2005.0,0.9209558823529411,1582.0,0.7265625,1425.0,0.6544117647058824,0.6544117647058824,WACC_0p9_WRT_0p1,0.7739889705882352,2060,False,,,False,False,False,False,False,154.0,0.6510638297872341
SPLL,RialtoBridgeTimelapse,1585,0.5,139,0.5250000000000001,0.6192474874744844,0,31,2736,1891,7,0.075,0.22790759273992953,0.2554240771573328,0.18611303658302625,0.17077171941970629,0.34448616611324445,0.4126302629757802,-2.8192817631169373,2.486580303846317,-2.921841313157002,-2.3302840836398757,-3.215787996382892,1.7111958757000287,0.2554240771573328,0.4748906023642787,0.21946652520694593,0.18611303658302625,0.48849000112322377,0.3023769645401975,0.17077171941970629,0.5748877459619933,0.40411602654228707,0.34448616611324445,0.43044221362227025,0.0859560475090258,0.4126302629757802,0.49970435385364737,0.08707409087786716,1936.0,0.8892463235294118,1776.0,0.8157169117647058,1452.0,0.6668198529411765,1433.0,0.6580882352941176,1427.0,0.6553308823529411,0.6553308823529411,WACC_0p9_WRT_0p1,0.7370404411764706,2061,False,,,False,False,False,False,False,31.0,0.1276595744680851
SPLL,RialtoBridgeTimelapse,757,0.37,712,0.2,0.2341417411683829,0,216,2369,3756,10,0.274,0.4134232793951573,0.6082128790529393,0.4863059082505232,0.24631738953665355,0.5740625160348927,0.7160826207332474,-2.8192817631169373,2.486580303846317,-2.921841313157002,-2.3302840836398757,-3.215787996382892,1.7111958757000287,0.6082128790529393,0.44296764366238306,0.16524523539055624,0.4863059082505232,0.5061527107889477,0.019846802538424524,0.24631738953665355,0.6131556697939136,0.36683828025726,0.5740625160348927,0.4688156054777964,0.10524691055709628,0.7160826207332474,0.5490577781927527,0.16702484254049466,1427.0,0.6553308823529411,2078.0,0.9545036764705882,2073.0,0.9522058823529411,1817.0,0.8345588235294118,1833.0,0.8419117647058824,0.6553308823529411,WACC_0p1_WRT_0p9,0.8477022058823529,2062,False,,,False,False,False,False,False,216.0,0.9148936170212766
SPLL,RialtoBridgeTimelapse,438,0.31,975,0.05,0.1598616978587733,0,223,65,4112,10,0.098,0.5547238151401092,0.6694056356753977,0.5169411771160463,0.3680039474704,0.7181371144237626,0.8694979067976824,-2.8192817631169373,2.486580303846317,-2.921841313157002,-2.3302840836398757,-3.215787996382892,1.7111958757000287,0.6694056356753977,0.44298958961683915,0.22641604605855853,0.5169411771160463,0.48286254095732556,0.0340786361587207,0.3680039474704,0.6041958297430108,0.2361918822726108,0.7181371144237626,0.5258399384923518,0.19229717593141082,0.8694979067976824,0.6124454035403148,0.2570525032573675,1428.0,0.6557904411764706,1632.0,0.7495404411764706,1951.0,0.8961397058823529,2125.0,0.9761029411764706,2148.0,0.9866727941176471,0.6557904411764706,WACC_0p1_WRT_0p9,0.8528492647058823,2063,False,,,False,False,False,False,False,223.0,0.9446808510638298
SPLL,RialtoBridgeTimelapse,1494,0.48,451,0.475,0.3419723724204904,0,181,3535,3459,10,0.222,0.3719896377003844,0.5302846263854153,0.46492264657529075,0.2746105026388321,0.30483411992328857,0.4378159480957852,-2.8192817631169373,2.486580303846317,-2.921841313157002,-2.3302840836398757,-3.215787996382892,1.7111958757000287,0.5302846263854153,0.4592398620684294,0.07104476431698586,0.46492264657529075,0.5044876185047558,0.03956497192946501,0.2746105026388321,0.6197574313869463,0.3451469287481142,0.30483411992328857,0.43012943551098376,0.1252953155876952,0.4378159480957852,0.5066832742325257,0.06886732613674046,1730.0,0.7945772058823529,2061.0,0.9466911764705882,2116.0,0.9719669117647058,1429.0,0.65625,1488.0,0.6833639705882353,0.65625,WACC_0p7_WRT_0p3,0.8105698529411764,2064,False,,,False,False,False,False,False,181.0,0.7659574468085106
SPLL,RialtoBridgeTimelapse,2056,0.46,694,0.4250000000000001,0.2401908591821581,0,211,3460,3422,6,0.041,0.4693916702128168,0.6301575142993656,0.5586092305517889,0.3584110385066136,0.32749451917680444,0.482800672511742,-2.8192817631169373,2.486580303846317,-2.921841313157002,-2.3302840836398757,-3.215787996382892,1.7111958757000287,0.6301575142993656,0.48104400399619945,0.14911351030316616,0.5586092305517889,0.5147142612260633,0.043894969325725564,0.3584110385066136,0.6099500381858086,0.251538999679195,0.32749451917680444,0.4302057402186561,0.10271122104185165,0.482800672511742,0.5095431966300045,0.026742524118262445,1995.0,0.9163602941176471,2130.0,0.9784007352941176,2030.0,0.9324448529411765,1431.0,0.6571691176470589,1513.0,0.6948529411764706,0.6571691176470589,WACC_0p7_WRT_0p3,0.8358455882352942,2065,False,,,False,False,False,False,False,211.0,0.8936170212765957
SPLL,RialtoBridgeTimelapse,829,0.48,1205,0.475,0.1098020385778888,0,216,1726,4919,6,0.192,0.6650188909625704,0.7830926450373011,0.7279073566434785,0.5684100779006003,0.2365322808654008,0.43021032038002305,-2.8192817631169373,2.486580303846317,-2.921841313157002,-2.3302840836398757,-3.215787996382892,1.7111958757000287,0.7830926450373011,0.4430751190836157,0.34001752595368545,0.7279073566434785,0.5077932962082363,0.22011406043524218,0.5684100779006003,0.6253085147411758,0.056898436840575495,0.2365322808654008,0.4821276239923848,0.245595343126984,0.43021032038002305,0.5724334174639861,0.14222309708396308,1431.0,0.6571691176470589,2091.0,0.9604779411764706,2149.0,0.9871323529411765,1929.0,0.8860294117647058,2005.0,0.9209558823529411,0.6571691176470589,WACC_0p1_WRT_0p9,0.8823529411764707,2066,False,,,False,False,False,False,False,216.0,0.9148936170212766
SPLL,RialtoBridgeTimelapse,1771,0.42,473,0.325,0.3307291197093356,0,187,2637,3409,5,0.186,0.314471925828735,0.5233200359540926,0.42473736346470836,0.17409687743737404,0.46693171429847297,0.5929034940161195,-2.8192817631169373,2.486580303846317,-2.921841313157002,-2.3302840836398757,-3.215787996382892,1.7111958757000287,0.5233200359540926,0.4522758988060817,0.07104413714801089,0.42473736346470836,0.5030153839092547,0.07827802044454635,0.17409687743737404,0.5865025071230999,0.4124056296857259,0.46693171429847297,0.4304828856706111,0.03644882862786186,0.5929034940161195,0.5326698933403984,0.060233600675721144,1615.0,0.7417279411764706,2046.0,0.9397977941176471,1624.0,0.7458639705882353,1435.0,0.6590073529411765,1702.0,0.7817095588235294,0.6590073529411765,WACC_0p7_WRT_0p3,0.7736213235294118,2067,False,,,False,False,False,False,False,187.0,0.7914893617021277
SPLL,RialtoBridgeTimelapse,637,0.57,294,0.7,0.4429204698284852,0,139,1775,2033,9,0.401,0.3816948628634598,0.4665806754125204,0.44509702055863837,0.3473964154169182,0.09615611770575337,0.2213693531971635,-2.8192817631169373,2.486580303846317,-2.921841313157002,-2.3302840836398757,-3.215787996382892,1.7111958757000287,0.4665806754125204,0.4575666679582037,0.009014007454316686,0.44509702055863837,0.48309795270237144,0.03800093214373307,0.3473964154169182,0.579208626939494,0.23181221152257586,0.09615611770575337,0.4379308943725705,0.3417747766668171,0.2213693531971635,0.5009924380836317,0.2796230848864682,1707.0,0.7840073529411765,1640.0,0.7532169117647058,1510.0,0.6934742647058824,1506.0,0.6916360294117647,1437.0,0.6599264705882353,0.6599264705882353,WACC_0p9_WRT_0p1,0.7164522058823529,2068,False,,,False,False,False,False,False,139.0,0.5872340425531914
SPLL,RialtoBridgeTimelapse,1620,0.52,373,0.5750000000000002,0.3867858880503524,0,163,1540,2846,8,0.436,0.3743614016763004,0.49979082145628295,0.4541684263978408,0.3054554970702184,0.21109245219113346,0.34015076674935946,-2.8192817631169373,2.486580303846317,-2.921841313157002,-2.3302840836398757,-3.215787996382892,1.7111958757000287,0.49979082145628295,0.44330450612880223,0.05648631532748072,0.4541684263978408,0.47772497217882254,0.023556545780981764,0.3054554970702184,0.5917716765923644,0.286316179522146,0.21109245219113346,0.4554659781840016,0.24437352599286813,0.34015076674935946,0.506567257748131,0.1664164909987716,1437.0,0.6599264705882353,1522.0,0.6989889705882353,1720.0,0.7899816176470589,1671.0,0.7674632352941176,1484.0,0.6815257352941176,0.6599264705882353,WACC_0p1_WRT_0p9,0.719577205882353,2069,False,,,False,False,False,False,False,163.0,0.6893617021276596
SPLL,RialtoBridgeTimelapse,1843,0.47,904,0.45,0.1777296376568828,0,217,3396,3445,5,0.026,0.5625784852676775,0.7023375364019143,0.6389887695667418,0.45903039433748977,0.28224467116192525,0.4557382677279998,-2.8192817631169373,2.486580303846317,-2.921841313157002,-2.3302840836398757,-3.215787996382892,1.7111958757000287,0.7023375364019143,0.4684415151640082,0.2338960212379061,0.6389887695667418,0.5123678560999856,0.1266209134667562,0.45903039433748977,0.6106879042307247,0.15165750989323495,0.28224467116192525,0.43125966125737314,0.14901499009544789,0.4557382677279998,0.5167388952178389,0.06100062748983909,1861.0,0.8547794117647058,2119.0,0.9733455882352942,2041.0,0.9375,1438.0,0.6603860294117647,1580.0,0.7256433823529411,0.6603860294117647,WACC_0p7_WRT_0p3,0.8303308823529412,2070,False,,,False,False,False,False,False,217.0,0.9191489361702128
SPLL,RialtoBridgeTimelapse,1861,0.38,429,0.2250000000000001,0.3537767402584492,0,181,2438,3032,5,0.204,0.4477986343160611,0.4928875016291362,0.36950951959419015,0.3161720273286783,0.5897953178780474,0.7046410807757608,-2.8192817631169373,2.486580303846317,-2.921841313157002,-2.3302840836398757,-3.215787996382892,1.7111958757000287,0.4928875016291362,0.44358255701565186,0.049304944613484336,0.36950951959419015,0.49671969803521904,0.1272101784410289,0.3161720273286783,0.5864447348944339,0.27027270756575567,0.5897953178780474,0.4365261034837268,0.15326921439432062,0.7046410807757608,0.5260278504953287,0.17861323028043208,1442.0,0.6622242647058824,1945.0,0.8933823529411765,1622.0,0.7449448529411765,1496.0,0.6870404411764706,1657.0,0.7610294117647058,0.6622242647058824,WACC_0p1_WRT_0p9,0.7497242647058824,2071,False,,,False,False,False,False,False,181.0,0.7659574468085106
SPLL,RialtoBridgeTimelapse,1266,0.5,599,0.5250000000000001,0.2749631469724409,0,194,3766,3650,7,0.283,0.48532159808371667,0.6116142552967847,0.5601233577450345,0.40262817659399613,0.2313182231328353,0.385543590830493,-2.8192817631169373,2.486580303846317,-2.921841313157002,-2.3302840836398757,-3.215787996382892,1.7111958757000287,0.6116142552967847,0.45695691907481273,0.15465733622197197,0.5601233577450345,0.5032789434514683,0.05684441429356624,0.40262817659399613,0.6117635331162017,0.20913535652220555,0.2313182231328353,0.4313809347011988,0.20006271156836353,0.385543590830493,0.5086401312766636,0.12309654044617063,1697.0,0.7794117647058824,2049.0,0.9411764705882353,2059.0,0.9457720588235294,1442.0,0.6622242647058824,1504.0,0.6907169117647058,0.6622242647058824,WACC_0p7_WRT_0p3,0.8038602941176471,2072,False,,,False,False,False,False,False,194.0,0.8212765957446808
SPLL,RialtoBridgeTimelapse,97,0.5,392,0.5250000000000001,0.3750627024505266,0,168,4634,3683,1,0.001,0.35959924691140716,0.5032915145818524,0.4473480204805627,0.2764502721769765,0.26103206125656986,0.3892354961861547,-2.8192817631169373,2.486580303846317,-2.921841313157002,-2.3302840836398757,-3.215787996382892,1.7111958757000287,0.5032915145818524,0.4701534838648809,0.03313803071697152,0.4473480204805627,0.48411689621724224,0.03676887573667953,0.2764502721769765,0.601067414474873,0.3246171422978965,0.26103206125656986,0.4361589886345616,0.17512692737799174,0.3892354961861547,0.5018403951611273,0.11260489897497261,1872.0,0.8598345588235294,1665.0,0.7647058823529411,1915.0,0.8795955882352942,1485.0,0.6819852941176471,1448.0,0.6649816176470589,0.6649816176470589,WACC_0p9_WRT_0p1,0.7702205882352942,2073,False,,,False,False,False,False,False,168.0,0.7106382978723405
SPLL,RialtoBridgeTimelapse,1177,0.43,230,0.3500000000000001,0.500776655135883,0,106,447,2134,8,0.281,0.37675330756590864,0.35920948743701114,0.2559083880455544,0.28680002167696306,0.5020880798715825,0.588964772576627,-2.8192817631169373,2.486580303846317,-2.921841313157002,-2.3302840836398757,-3.215787996382892,1.7111958757000287,0.35920948743701114,0.45091252764371365,0.0917030402067025,0.2559083880455544,0.485734666276276,0.2298262782307216,0.28680002167696306,0.5747619114507682,0.2879618897738051,0.5020880798715825,0.4422510038587266,0.05983707601285593,0.588964772576627,0.5174788059868357,0.07148596658979134,1600.0,0.7348345588235294,1708.0,0.7844669117647058,1449.0,0.6654411764705882,1553.0,0.7132352941176471,1585.0,0.7279411764705882,0.6654411764705882,WACC_0p5_WRT_0p5,0.7251838235294118,2074,False,,,False,False,False,False,False,106.0,0.44680851063829785
SPLL,RialtoBridgeTimelapse,979,0.48,686,0.475,0.2429298169822552,0,207,1468,3020,6,0.067,0.49541303368363376,0.6363516290286887,0.5755269222250687,0.3987216576626459,0.27487621550299907,0.4333668367777104,-2.8192817631169373,2.486580303846317,-2.921841313157002,-2.3302840836398757,-3.215787996382892,1.7111958757000287,0.6363516290286887,0.4590683296816515,0.17728329934703718,0.5755269222250687,0.4882517474233431,0.08727517480172564,0.3987216576626459,0.5985647417244551,0.19984308406180917,0.27487621550299907,0.43237255845315237,0.1574963429501533,0.4333668367777104,0.5111984679582555,0.07783163118054515,1728.0,0.7936580882352942,1766.0,0.8111213235294118,1872.0,0.8598345588235294,1450.0,0.6659007352941176,1530.0,0.7026654411764706,0.6659007352941176,WACC_0p7_WRT_0p3,0.7666360294117648,2075,False,,,False,False,False,False,False,207.0,0.8765957446808511
SPLL,RialtoBridgeTimelapse,1063,0.49,609,0.5000000000000001,0.2710527300501142,0,200,3907,4015,8,0.425,0.47502920696098655,0.6107320747955437,0.5540525068919518,0.3853122946340273,0.2566206134695724,0.4097991183487063,-2.8192817631169373,2.486580303846317,-2.921841313157002,-2.3302840836398757,-3.215787996382892,1.7111958757000287,0.6107320747955437,0.44390064171812754,0.16683143307741616,0.5540525068919518,0.4967121313123491,0.057340375579602754,0.3853122946340273,0.6149739698245956,0.22966167519056835,0.2566206134695724,0.4612244023465468,0.20460378887697445,0.4097991183487063,0.5287083372491639,0.11890921890045758,1455.0,0.6681985294117647,1944.0,0.8929227941176471,2087.0,0.9586397058823529,1733.0,0.7959558823529411,1679.0,0.7711397058823529,0.6681985294117647,WACC_0p1_WRT_0p9,0.8173713235294118,2076,False,,,False,False,False,False,False,200.0,0.8468085106382979
SPLL,RialtoBridgeTimelapse,1679,0.49,400,0.5000000000000001,0.3702952899890535,0,171,3758,3814,3,0.36,0.35120880788913755,0.50428079023745,0.4430753956072038,0.2608396358651033,0.28655142864445965,0.4141332404860842,-2.8192817631169373,2.486580303846317,-2.921841313157002,-2.3302840836398757,-3.215787996382892,1.7111958757000287,0.50428079023745,0.4441690958480995,0.06011169438935049,0.4430753956072038,0.48520539302598903,0.0421299974187852,0.2608396358651033,0.614865742703245,0.35402610683814173,0.28655142864445965,0.4368318236045511,0.15028039496009143,0.4141332404860842,0.5129683861315449,0.09883514564546075,1460.0,0.6704963235294118,1693.0,0.7775735294117647,2084.0,0.9572610294117647,1501.0,0.6893382352941176,1549.0,0.7113970588235294,0.6704963235294118,WACC_0p1_WRT_0p9,0.7612132352941177,2077,False,,,False,False,False,False,False,171.0,0.723404255319149
SPLL,RialtoBridgeTimelapse,2006,0.44,529,0.3750000000000001,0.304310882167211,0,195,932,3060,10,0.197,0.3628207167022235,0.5556328101507664,0.4698611095652673,0.23632186706903707,0.40221794899583185,0.5378128594521249,-2.8192817631169373,2.486580303846317,-2.921841313157002,-2.3302840836398757,-3.215787996382892,1.7111958757000287,0.5556328101507664,0.44423258007803496,0.11140023007273142,0.4698611095652673,0.49048323916681463,0.020622129601547357,0.23632186706903707,0.5933720932366637,0.35705022616762666,0.40221794899583185,0.4439574401435358,0.04173949114770392,0.5378128594521249,0.5220613026958256,0.015751556756299245,1462.0,0.6714154411764706,1815.0,0.8336397058823529,1757.0,0.8069852941176471,1569.0,0.7205882352941176,1626.0,0.7467830882352942,0.6714154411764706,WACC_0p1_WRT_0p9,0.7558823529411764,2078,False,,,False,False,False,False,False,195.0,0.825531914893617
SPLL,RialtoBridgeTimelapse,1280,0.5,442,0.5250000000000001,0.3467304624966697,0,177,1870,3788,4,0.269,0.3949012081323209,0.5336295190501075,0.47898356379871476,0.3119486201245544,0.25246447886285284,0.3879640726989167,-2.8192817631169373,2.486580303846317,-2.921841313157002,-2.3302840836398757,-3.215787996382892,1.7111958757000287,0.5336295190501075,0.4443374864951268,0.0892920325549807,0.47898356379871476,0.49578797726476476,0.016804413466049994,0.3119486201245544,0.608542936840444,0.29659431671588965,0.25246447886285284,0.4463868080169836,0.19392232915413077,0.3879640726989167,0.5333320854266946,0.14536801272777794,1464.0,0.6723345588235294,1930.0,0.8864889705882353,2017.0,0.9264705882352942,1604.0,0.7366727941176471,1709.0,0.7849264705882353,0.6723345588235294,WACC_0p1_WRT_0p9,0.8013786764705882,2079,False,,,False,False,False,False,False,177.0,0.7489361702127659
SPLL,RialtoBridgeTimelapse,1640,0.42,365,0.325,0.3919012189596104,0,165,554,2599,3,0.026,0.34688650150516426,0.46264973472952753,0.36047831635466554,0.22510556150268676,0.48889948039403697,0.6001192529565815,-2.8192817631169373,2.486580303846317,-2.921841313157002,-2.3302840836398757,-3.215787996382892,1.7111958757000287,0.46264973472952753,0.4689836282281421,0.006333893498614573,0.36047831635466554,0.48328034399603687,0.12280202764137133,0.22510556150268676,0.5944861660657035,0.3693806045630167,0.48889948039403697,0.4341125323753102,0.054786948018726744,0.6001192529565815,0.5165843633003376,0.0835348896562439,1864.0,0.8561580882352942,1648.0,0.7568933823529411,1782.0,0.8184742647058824,1466.0,0.6732536764705882,1577.0,0.7242647058823529,0.6732536764705882,WACC_0p7_WRT_0p3,0.7658088235294118,2080,False,,,False,False,False,False,False,165.0,0.6978723404255319
SPLL,RialtoBridgeTimelapse,1949,0.32,1068,0.075,0.1383295256580902,0,226,2179,4891,5,0.08,0.5129155046053973,0.6924995102243522,0.5471897604777058,0.3192634917607825,0.681620124542155,0.8395342466891357,-2.8192817631169373,2.486580303846317,-2.921841313157002,-2.3302840836398757,-3.215787996382892,1.7111958757000287,0.6924995102243522,0.444404709659508,0.24809480056484418,0.5471897604777058,0.5179300104421413,0.02925975003556458,0.3192634917607825,0.634486338082357,0.3152228463215745,0.681620124542155,0.49737248211586904,0.184247642426286,0.8395342466891357,0.5968513749098913,0.2426828717792444,1466.0,0.6732536764705882,2150.0,0.9875919117647058,2171.0,0.9972426470588235,2026.0,0.9306066176470589,2111.0,0.9696691176470589,0.6732536764705882,WACC_0p1_WRT_0p9,0.9116727941176471,2081,False,,,False,False,False,False,False,226.0,0.9574468085106383
SPLL,RialtoBridgeTimelapse,1394,0.48,448,0.475,0.3435477933642317,0,180,3804,4057,9,0.462,0.37004779633618823,0.5286224707680441,0.4631851094017267,0.272652053950825,0.3053243959221303,0.43790578732258323,-2.8192817631169373,2.486580303846317,-2.921841313157002,-2.3302840836398757,-3.215787996382892,1.7111958757000287,0.5286224707680441,0.44441995182231947,0.08420251894572467,0.4631851094017267,0.494006576369295,0.030821466967568323,0.272652053950825,0.6101524594154801,0.33750040546465515,0.3053243959221303,0.47595832911709257,0.17063393319496228,0.43790578732258323,0.536917232041917,0.09901144471933376,1467.0,0.6737132352941176,1893.0,0.8694852941176471,2033.0,0.9338235294117647,1875.0,0.8612132352941176,1742.0,0.8000919117647058,0.6737132352941176,WACC_0p1_WRT_0p9,0.8276654411764707,2082,False,,,False,False,False,False,False,180.0,0.7617021276595745
SPLL,RialtoBridgeTimelapse,1693,0.5,466,0.5250000000000001,0.334248895287951,0,180,1559,3634,8,0.164,0.41052643043159326,0.547078928677629,0.49299440877188117,0.3276421190814828,0.248733370861988,0.3874652552226819,-2.8192817631169373,2.486580303846317,-2.921841313157002,-2.3302840836398757,-3.215787996382892,1.7111958757000287,0.547078928677629,0.4562727003284873,0.09080622834914165,0.49299440877188117,0.4977626546133568,0.004768245841475616,0.3276421190814828,0.5975995463402447,0.26995742725876193,0.248733370861988,0.43467344316359213,0.18594007230160414,0.3874652552226819,0.5343239023308087,0.14685864710812685,1690.0,0.7761948529411765,1960.0,0.9002757352941176,1853.0,0.8511029411764706,1468.0,0.6741727941176471,1715.0,0.7876838235294118,0.6741727941176471,WACC_0p7_WRT_0p3,0.7978860294117647,2083,False,,,False,False,False,False,False,180.0,0.7617021276595745
SPLL,RialtoBridgeTimelapse,1718,0.49,225,0.5000000000000001,0.505953553992776,0,101,776,2023,9,0.218,0.19691390573386525,0.36452300644264723,0.296303861920747,0.10620674659849025,0.3310604452632126,0.424863168791041,-2.8192817631169373,2.486580303846317,-2.921841313157002,-2.3302840836398757,-3.215787996382892,1.7111958757000287,0.36452300644264723,0.4473404229231777,0.08281741648053048,0.296303861920747,0.4895511561170116,0.19324729419626463,0.10620674659849025,0.5854170698560314,0.4792103232575411,0.3310604452632126,0.4346892623629768,0.10362881709976418,0.424863168791041,0.5092065397363673,0.08434337094532629,1527.0,0.7012867647058824,1799.0,0.8262867647058824,1606.0,0.7375919117647058,1469.0,0.6746323529411765,1510.0,0.6934742647058824,0.6746323529411765,WACC_0p7_WRT_0p3,0.7266544117647059,2084,False,,,False,False,False,False,False,101.0,0.425531914893617
SPLL,RialtoBridgeTimelapse,1562,0.5,534,0.5250000000000001,0.3020895058702177,0,187,3742,3742,6,0.518,0.45098353803272223,0.5819566452269129,0.5292930242938262,0.3682285394543838,0.23922811652596498,0.38633646776704533,-2.8192817631169373,2.486580303846317,-2.921841313157002,-2.3302840836398757,-3.215787996382892,1.7111958757000287,0.5819566452269129,0.44457163200064753,0.1373850132262654,0.5292930242938262,0.49161333568441723,0.03767968860940896,0.3682285394543838,0.6107162446493792,0.24248770519499546,0.23922811652596498,0.43885005684989664,0.19962194032393166,0.38633646776704533,0.5083585702656951,0.12202210249864975,1470.0,0.6750919117647058,1838.0,0.8442095588235294,2042.0,0.9379595588235294,1516.0,0.6962316176470589,1499.0,0.6884191176470589,0.6750919117647058,WACC_0p1_WRT_0p9,0.7683823529411764,2085,False,,,False,False,False,False,False,187.0,0.7914893617021277
SPLL,RialtoBridgeTimelapse,1074,0.43,439,0.3500000000000001,0.348337998721308,0,184,2546,2421,8,0.136,0.2966600909537985,0.5080847646073656,0.4142575176928881,0.1616489897241048,0.4449353885060969,0.5681193524493116,-2.8192817631169373,2.486580303846317,-2.921841313157002,-2.3302840836398757,-3.215787996382892,1.7111958757000287,0.5080847646073656,0.46143702040661394,0.046647744200751684,0.4142575176928881,0.4863268072939355,0.07206928960104741,0.1616489897241048,0.5852300300820177,0.4235810403579129,0.4449353885060969,0.43493898819578175,0.009996400310315123,0.5681193524493116,0.5155577635052317,0.05256158894407981,1764.0,0.8102022058823529,1723.0,0.7913602941176471,1602.0,0.7357536764705882,1471.0,0.6755514705882353,1567.0,0.7196691176470589,0.6755514705882353,WACC_0p7_WRT_0p3,0.7465073529411764,2086,False,,,False,False,False,False,False,184.0,0.7787234042553192
SPLL,RialtoBridgeTimelapse,2023,0.46,972,0.4250000000000001,0.1605899944958962,0,221,4310,4301,9,0.316,0.569057746338518,0.7159472598310872,0.647978799852727,0.45851071846750163,0.3037017290187673,0.4796254655735464,-2.8192817631169373,2.486580303846317,-2.921841313157002,-2.3302840836398757,-3.215787996382892,1.7111958757000287,0.7159472598310872,0.4446102836341883,0.2713369761968989,0.647978799852727,0.5048411661636957,0.14313763368903132,0.45851071846750163,0.616076511343688,0.15756579287618638,0.3037017290187673,0.4661946572096865,0.1624929281909192,0.4796254655735464,0.5344875331966056,0.054862067623059174,1471.0,0.6755514705882353,2063.0,0.9476102941176471,2097.0,0.9632352941176471,1788.0,0.8212316176470589,1716.0,0.7881433823529411,0.6755514705882353,WACC_0p1_WRT_0p9,0.8391544117647058,2087,False,,,False,False,False,False,False,221.0,0.9361702127659575
SPLL,RialtoBridgeTimelapse,1550,0.49,581,0.5000000000000001,0.2821690290320966,0,195,4448,3821,10,0.487,0.461028324342785,0.5986576242627158,0.541488995408655,0.37127052154123225,0.2598974338514608,0.41017651862911625,-2.8192817631169373,2.486580303846317,-2.921841313157002,-2.3302840836398757,-3.215787996382892,1.7111958757000287,0.5986576242627158,0.44466520586337094,0.1539924183993449,0.541488995408655,0.49424081206148146,0.04724818334717357,0.37127052154123225,0.6088915700151489,0.23762104847391669,0.2598974338514608,0.44503934674583207,0.18514191289437126,0.41017651862911625,0.5113311349502095,0.1011546163210933,1472.0,0.6760110294117647,1896.0,0.8708639705882353,2020.0,0.9278492647058824,1581.0,0.7261029411764706,1532.0,0.7035845588235294,0.6760110294117647,WACC_0p1_WRT_0p9,0.7808823529411765,2088,False,,,False,False,False,False,False,195.0,0.825531914893617
SPLL,RialtoBridgeTimelapse,1215,0.46,1143,0.4250000000000001,0.1222880339290318,0,224,4755,4424,10,0.257,0.6175203176590967,0.7577985417353394,0.6914885710375307,0.5070650927873275,0.29252217394034463,0.4784896590129962,-2.8192817631169373,2.486580303846317,-2.921841313157002,-2.3302840836398757,-3.215787996382892,1.7111958757000287,0.7577985417353394,0.44471525970550746,0.313083282029832,0.6914885710375307,0.5164117174815531,0.17507685355597757,0.5070650927873275,0.6366278800325754,0.12956278724524795,0.29252217394034463,0.45832660380271323,0.1658044298623686,0.4784896590129962,0.5348577035475667,0.05636804453457045,1474.0,0.6769301470588235,2141.0,0.9834558823529411,2175.0,0.9990808823529411,1698.0,0.7798713235294118,1718.0,0.7890625,0.6769301470588235,WACC_0p1_WRT_0p9,0.8456801470588236,2089,False,,,False,False,False,False,False,224.0,0.948936170212766
SPLL,RialtoBridgeTimelapse,2101,0.46,328,0.4250000000000001,0.4171143200982272,0,156,601,2931,9,0.26,0.2536570479219319,0.4463868379760794,0.3659253102039828,0.140051527162173,0.38451607938361326,0.49545546491726333,-2.8192817631169373,2.486580303846317,-2.921841313157002,-2.3302840836398757,-3.215787996382892,1.7111958757000287,0.4463868379760794,0.444732428893721,0.0016544090823584212,0.3659253102039828,0.48387560824128256,0.11795029803729978,0.140051527162173,0.5811331934085667,0.4410816662463937,0.38451607938361326,0.4716793950962447,0.08716331571263142,0.49545546491726333,0.5480744931400968,0.052619028222833486,1475.0,0.6773897058823529,1659.0,0.7619485294117647,1537.0,0.7058823529411765,1842.0,0.8460477941176471,1818.0,0.8350183823529411,0.6773897058823529,WACC_0p1_WRT_0p9,0.7652573529411766,2090,False,,,False,False,False,False,False,156.0,0.6595744680851063
SPLL,RialtoBridgeTimelapse,2148,0.46,367,0.4250000000000001,0.390611979597538,0,164,2701,2518,9,0.154,0.285421127960628,0.4732208724097106,0.39420688399937487,0.17239785350804668,0.3754795513258867,0.4929209985241122,-2.8192817631169373,2.486580303846317,-2.921841313157002,-2.3302840836398757,-3.215787996382892,1.7111958757000287,0.4732208724097106,0.4565939316312824,0.01662694077842819,0.39420688399937487,0.4956226785653316,0.10141579456595673,0.17239785350804668,0.5993129559633438,0.42691510245529707,0.3754795513258867,0.43543982702581513,0.059960275699928456,0.4929209985241122,0.5191141584368884,0.026193159912776154,1691.0,0.7766544117647058,1926.0,0.8846507352941176,1886.0,0.8662683823529411,1480.0,0.6796875,1603.0,0.7362132352941176,0.6796875,WACC_0p7_WRT_0p3,0.7886948529411765,2091,False,,,False,False,False,False,False,164.0,0.6936170212765957
SPLL,RialtoBridgeTimelapse,1572,0.46,979,0.4250000000000001,0.1588941102627067,0,222,1778,4793,2,0.011,0.5711968288258854,0.7177928381867472,0.6498986025700654,0.4606553309516257,0.30320343816719086,0.4795702650959611,-2.8192817631169373,2.486580303846317,-2.921841313157002,-2.3302840836398757,-3.215787996382892,1.7111958757000287,0.7177928381867472,0.44515650971326304,0.2726363284734842,0.6498986025700654,0.48524786999833225,0.16465073257173313,0.4606553309516257,0.6074468698673162,0.14679153891569052,0.30320343816719086,0.48556800840175657,0.1823645702345657,0.4795702650959611,0.5809588395851711,0.10138857448921001,1484.0,0.6815257352941176,1694.0,0.7780330882352942,2001.0,0.9191176470588235,1952.0,0.8965992647058824,2043.0,0.9384191176470589,0.6815257352941176,WACC_0p1_WRT_0p9,0.8427389705882351,2092,False,,,False,False,False,False,False,222.0,0.9404255319148936
SPLL,RialtoBridgeTimelapse,1872,0.43,995,0.3500000000000001,0.1550628550735776,0,223,945,4134,3,0.104,0.5318435808794821,0.7082346551883086,0.6242377955582361,0.39985851624053437,0.38223469708285823,0.5537596609817134,-2.8192817631169373,2.486580303846317,-2.921841313157002,-2.3302840836398757,-3.215787996382892,1.7111958757000287,0.7082346551883086,0.4452615735237982,0.26297308166451044,0.6242377955582361,0.4954388814508394,0.1287989141073967,0.39985851624053437,0.612467477445908,0.21260896120537365,0.38223469708285823,0.4676672801286536,0.08543258304579537,0.5537596609817134,0.5576818338147014,0.0039221728329880134,1488.0,0.6833639705882353,1917.0,0.8805147058823529,2065.0,0.9485294117647058,1805.0,0.8290441176470589,1901.0,0.8731617647058824,0.6833639705882353,WACC_0p1_WRT_0p9,0.8429227941176471,2093,False,,,False,False,False,False,False,223.0,0.9446808510638298
SPLL,RialtoBridgeTimelapse,2084,0.45,703,0.4000000000000001,0.2371469665299669,0,212,3151,3087,9,0.059,0.4588300067971778,0.6292731835896064,0.552387838649814,0.34062382392664764,0.35351881618399383,0.5077535579698147,-2.8192817631169373,2.486580303846317,-2.921841313157002,-2.3302840836398757,-3.215787996382892,1.7111958757000287,0.6292731835896064,0.4730101203320495,0.1562630632575569,0.552387838649814,0.501153853498947,0.05123398515086697,0.34062382392664764,0.60686399965764,0.2662401757309924,0.35351881618399383,0.43631843842743545,0.08279962224344162,0.5077535579698147,0.5305656305482003,0.022812072578385578,1905.0,0.875,2026.0,0.9306066176470589,1989.0,0.9136029411764706,1491.0,0.6847426470588235,1689.0,0.7757352941176471,0.6847426470588235,WACC_0p7_WRT_0p3,0.8359375,2094,False,,,False,False,False,False,False,212.0,0.8978723404255319
SPLL,RialtoBridgeTimelapse,1454,0.39,537,0.2500000000000001,0.3007666235557963,0,196,2649,3957,6,0.3,0.3886258919764906,0.5464387826657586,0.4322315778385616,0.24073801181222432,0.5412070640156074,0.6700466403728148,-2.8192817631169373,2.486580303846317,-2.921841313157002,-2.3302840836398757,-3.215787996382892,1.7111958757000287,0.5464387826657586,0.4453468653022967,0.1010919173634619,0.4322315778385616,0.5114469966807537,0.07921541884219208,0.24073801181222432,0.6102287026471749,0.36949069083495056,0.5412070640156074,0.4607094368158142,0.08049762719979314,0.6700466403728148,0.5539892873472841,0.11605735302553066,1491.0,0.6847426470588235,2114.0,0.9710477941176471,2034.0,0.9342830882352942,1729.0,0.7941176470588235,1869.0,0.8584558823529411,0.6847426470588235,WACC_0p1_WRT_0p9,0.8485294117647058,2095,False,,,False,False,False,False,False,196.0,0.8297872340425532
SPLL,RialtoBridgeTimelapse,1274,0.48,473,0.475,0.3307291197093356,0,184,4901,3940,2,0.072,0.3858681701023768,0.5421709614908239,0.47734366686558355,0.2886018290092008,0.30134938364582264,0.43719408808842264,-2.8192817631169373,2.486580303846317,-2.921841313157002,-2.3302840836398757,-3.215787996382892,1.7111958757000287,0.5421709614908239,0.45570003593277925,0.08647092555804464,0.47734366686558355,0.48783117195707876,0.010487505091495208,0.2886018290092008,0.5989053663291435,0.3103035373199427,0.30134938364582264,0.4364223340365788,0.13507295039075617,0.43719408808842264,0.5107319238700853,0.07353783578166262,1681.0,0.7720588235294118,1758.0,0.8074448529411765,1881.0,0.8639705882352942,1493.0,0.6856617647058824,1528.0,0.7017463235294118,0.6856617647058824,WACC_0p7_WRT_0p3,0.7661764705882352,2096,False,,,False,False,False,False,False,184.0,0.7787234042553192
SPLL,RialtoBridgeTimelapse,1580,0.54,538,0.6250000000000002,0.300327301540125,0,187,1898,2622,7,0.347,0.5170530908663336,0.6076388516791321,0.5761891595500187,0.4618702643488602,0.13413704990149078,0.2906815503723971,-2.8192817631169373,2.486580303846317,-2.921841313157002,-2.3302840836398757,-3.215787996382892,1.7111958757000287,0.6076388516791321,0.44545433654496935,0.16218451513416277,0.5761891595500187,0.47724278622681227,0.09894637332320644,0.4618702643488602,0.5913386402545694,0.1294683759057092,0.13413704990149078,0.4429674571856966,0.3088304072842058,0.2906815503723971,0.5105790201520548,0.21989746977965768,1495.0,0.6865808823529411,1509.0,0.6930147058823529,1711.0,0.7858455882352942,1557.0,0.7150735294117647,1527.0,0.7012867647058824,0.6865808823529411,WACC_0p1_WRT_0p9,0.7163602941176469,2097,False,,,False,False,False,False,False,187.0,0.7914893617021277
SPLL,RialtoBridgeTimelapse,1060,0.37,680,0.2,0.2450050481615805,0,215,374,3823,9,0.014,0.41916857252976014,0.5974268150153097,0.474885253425731,0.2553684593635967,0.5779513357343123,0.7173493593696166,-2.8192817631169373,2.486580303846317,-2.921841313157002,-2.3302840836398757,-3.215787996382892,1.7111958757000287,0.5974268150153097,0.4734377346329389,0.12398908038237078,0.474885253425731,0.49085979349827286,0.015974540072541843,0.2553684593635967,0.578159642472121,0.32279118310852434,0.5779513357343123,0.4962852154555601,0.08166612027875225,0.7173493593696166,0.5940315417037493,0.12331781766586736,1913.0,0.8786764705882353,1827.0,0.8391544117647058,1496.0,0.6870404411764706,2021.0,0.9283088235294118,2103.0,0.9659926470588235,0.6870404411764706,WACC_0p5_WRT_0p5,0.8598345588235293,2098,False,,,False,False,False,False,False,215.0,0.9106382978723404
SPLL,RialtoBridgeTimelapse,1456,0.48,405,0.475,0.3673637179355586,0,172,1454,3224,9,0.164,0.34077899727695393,0.5035989112962951,0.4370074532821907,0.2431070257961675,0.31279900497488444,0.4393487501727467,-2.8192817631169373,2.486580303846317,-2.921841313157002,-2.3302840836398757,-3.215787996382892,1.7111958757000287,0.5035989112962951,0.45625940006445104,0.047339511231844045,0.4370074532821907,0.4866570684222032,0.04964961514001248,0.2431070257961675,0.5926309487664133,0.3495239229702458,0.31279900497488444,0.43653823386193785,0.12373922888705341,0.4393487501727467,0.5247550894599983,0.08540633928725155,1689.0,0.7757352941176471,1730.0,0.7945772058823529,1740.0,0.7991727941176471,1497.0,0.6875,1641.0,0.7536764705882353,0.6875,WACC_0p7_WRT_0p3,0.7621323529411764,2099,False,,,False,False,False,False,False,172.0,0.7276595744680852
SPLL,RialtoBridgeTimelapse,779,0.47,408,0.45,0.3656220548241797,0,175,3347,3660,7,0.328,0.3291161065407637,0.5019449346974914,0.4298691759972213,0.22405784611145102,0.33959669611727333,0.46487140751570705,-2.8192817631169373,2.486580303846317,-2.921841313157002,-2.3302840836398757,-3.215787996382892,1.7111958757000287,0.5019449346974914,0.4471322185109277,0.05481271618656364,0.4298691759972213,0.5025945519950231,0.07272537599780182,0.22405784611145102,0.6102318900586894,0.38617404394723837,0.33959669611727333,0.43792107311567396,0.09832437699840063,0.46487140751570705,0.5206318157292096,0.05576040821350253,1525.0,0.7003676470588235,2038.0,0.9361213235294118,2036.0,0.9352022058823529,1505.0,0.6911764705882353,1614.0,0.7412683823529411,0.6911764705882353,WACC_0p7_WRT_0p3,0.8008272058823529,2100,False,,,False,False,False,False,False,175.0,0.7404255319148936
SPLL,RialtoBridgeTimelapse,1318,0.41,1888,0.3,0.0036418031963161,0,233,3171,4728,9,0.002,0.6915832535642804,0.8618251899764582,0.7738453392985691,0.5462161365040112,0.3901829788895041,0.5969358713320356,-2.8192817631169373,2.486580303846317,-2.921841313157002,-2.3302840836398757,-3.215787996382892,1.7111958757000287,0.8618251899764582,0.4463075201040645,0.4155176698723937,0.7738453392985691,0.5221663258683029,0.2516790134302662,0.5462161365040112,0.6355327246716316,0.08931658816762034,0.3901829788895041,0.48657860686843823,0.09639562797893414,0.5969358713320356,0.5762632562829241,0.020672615049111553,1510.0,0.6934742647058824,2159.0,0.9917279411764706,2173.0,0.9981617647058824,1961.0,0.9007352941176471,2023.0,0.9292279411764706,0.6934742647058824,WACC_0p1_WRT_0p9,0.9026654411764706,2101,False,,,False,False,False,False,False,233.0,0.9872340425531915
SPLL,RialtoBridgeTimelapse,1885,0.37,493,0.2,0.3209519085783712,0,191,248,2369,10,0.119,0.4602082700232111,0.5230214620099181,0.39582593471667327,0.31920539704949674,0.6061217746387798,0.7273871470671889,-2.8192817631169373,2.486580303846317,-2.921841313157002,-2.3302840836398757,-3.215787996382892,1.7111958757000287,0.5230214620099181,0.44637700789122997,0.07664445411868809,0.39582593471667327,0.4885721522355672,0.09274621751889395,0.31920539704949674,0.5885036034514816,0.2692982064019848,0.6061217746387798,0.46027901165509166,0.14584276298368815,0.7273871470671889,0.5406642904361019,0.186722856631087,1513.0,0.6948529411764706,1780.0,0.8175551470588235,1662.0,0.7633272058823529,1725.0,0.7922794117647058,1767.0,0.8115808823529411,0.6948529411764706,WACC_0p1_WRT_0p9,0.7759191176470587,2102,False,,,False,False,False,False,False,191.0,0.8085106382978723
SPLL,RialtoBridgeTimelapse,1590,0.49,577,0.5000000000000001,0.2838005861019786,0,194,3990,4143,10,0.296,0.45897605697798993,0.5968884413616501,0.5396476990928127,0.36921164314126226,0.26037977503009313,0.4102339548105073,-2.8192817631169373,2.486580303846317,-2.921841313157002,-2.3302840836398757,-3.215787996382892,1.7111958757000287,0.5968884413616501,0.44638021567013986,0.15050822569151023,0.5396476990928127,0.512891673161329,0.02675602593148374,0.36921164314126226,0.6216687839358286,0.2524571407945663,0.26037977503009313,0.46328507304520267,0.20290529801510954,0.4102339548105073,0.5255084205946513,0.11527446578414402,1514.0,0.6953125,2121.0,0.9742647058823529,2127.0,0.9770220588235294,1756.0,0.8065257352941176,1648.0,0.7568933823529411,0.6953125,WACC_0p1_WRT_0p9,0.8420036764705883,2103,False,,,False,False,False,False,False,194.0,0.8212765957446808
SPLL,RialtoBridgeTimelapse,1125,0.42,523,0.325,0.3070043629219752,0,194,2786,3131,10,0.124,0.33298703536194835,0.5471962175036785,0.44993632035465786,0.1912733450489979,0.4587220255817556,0.5904847983624378,-2.8192817631169373,2.486580303846317,-2.921841313157002,-2.3302840836398757,-3.215787996382892,1.7111958757000287,0.5471962175036785,0.4581599220593654,0.08903629544431313,0.44993632035465786,0.49431399975787543,0.044377679403217574,0.1912733450489979,0.6087412953223438,0.4174679502733459,0.4587220255817556,0.438785357515415,0.019936668066340646,0.5904847983624378,0.5248094003165883,0.06567539804584954,1718.0,0.7890625,1899.0,0.8722426470588235,2019.0,0.9273897058823529,1515.0,0.6957720588235294,1642.0,0.7541360294117647,0.6957720588235294,WACC_0p7_WRT_0p3,0.807720588235294,2104,False,,,False,False,False,False,False,194.0,0.8212765957446808
SPLL,RialtoBridgeTimelapse,1592,0.32,623,0.075,0.265684513133395,0,210,34,3665,7,0.184,0.5827742907942607,0.5688084440532832,0.4154408851035052,0.4270122127386695,0.7300121954264144,0.8577306631688512,-2.8192817631169373,2.486580303846317,-2.921841313157002,-2.3302840836398757,-3.215787996382892,1.7111958757000287,0.5688084440532832,0.4465615058455791,0.12224693820770416,0.4154408851035052,0.48830522157853656,0.07286433647503138,0.4270122127386695,0.5848284375154951,0.15781622477682555,0.7300121954264144,0.5134728888726726,0.21653930655374176,0.8577306631688512,0.6092826579844434,0.2484480051844078,1517.0,0.6966911764705882,1769.0,0.8125,1595.0,0.7325367647058824,2092.0,0.9609375,2141.0,0.9834558823529411,0.6966911764705882,WACC_0p1_WRT_0p9,0.8372242647058823,2105,False,,,False,False,False,False,False,210.0,0.8893617021276595
SPLL,RialtoBridgeTimelapse,971,0.31,449,0.05,0.3430214865009923,0,186,2008,2397,9,0.347,0.6590415487001858,0.4950881469861028,0.3301156128683049,0.5256908797733468,0.7919401563584713,0.900559577131137,-2.8192817631169373,2.486580303846317,-2.921841313157002,-2.3302840836398757,-3.215787996382892,1.7111958757000287,0.4950881469861028,0.4466812831440877,0.04840686384201509,0.3301156128683049,0.4849343399168623,0.15481872704855743,0.5256908797733468,0.5855129449517632,0.05982206517841637,0.7919401563584713,0.4598243375101259,0.33211581884834535,0.900559577131137,0.5257078862257368,0.37485169090540016,1518.0,0.6971507352941176,1689.0,0.7757352941176471,1611.0,0.7398897058823529,1720.0,0.7899816176470589,1654.0,0.7596507352941176,0.6971507352941176,WACC_0p1_WRT_0p9,0.7524816176470589,2106,False,,,False,False,False,False,False,186.0,0.7872340425531915
SPLL,RialtoBridgeTimelapse,755,0.47,378,0.45,0.3836440777650048,0,166,3520,3490,10,0.534,0.30722125958815605,0.48331956075577565,0.41032381858081,0.20187432585504833,0.3454567141565454,0.4662321089624739,-2.8192817631169373,2.486580303846317,-2.921841313157002,-2.3302840836398757,-3.215787996382892,1.7111958757000287,0.48331956075577565,0.4467508761200671,0.03656868463570856,0.41032381858081,0.49923168905358856,0.08890787047277854,0.20187432585504833,0.6167213542333684,0.41484702837832005,0.3454567141565454,0.4434185643115932,0.09796185015504782,0.4662321089624739,0.5176364469642215,0.051404338001747596,1520.0,0.6980698529411765,1986.0,0.9122242647058824,2100.0,0.9646139705882353,1560.0,0.7164522058823529,1589.0,0.7297794117647058,0.6980698529411765,WACC_0p1_WRT_0p9,0.8042279411764707,2107,False,,,False,False,False,False,False,166.0,0.7021276595744681
SPLL,RialtoBridgeTimelapse,881,0.41,1257,0.3,0.099815254201466,0,229,2997,4477,7,0.164,0.5716357487786291,0.7587126560064889,0.6663430216480983,0.42562878373757324,0.41920376383942337,0.6011618239500776,-2.8192817631169373,2.486580303846317,-2.921841313157002,-2.3302840836398757,-3.215787996382892,1.7111958757000287,0.7587126560064889,0.44684036394263726,0.3118722920638516,0.6663430216480983,0.5135921203139501,0.15275090133414826,0.42562878373757324,0.6239934759201536,0.1983646921825804,0.41920376383942337,0.46561078078054513,0.04640701694112176,0.6011618239500776,0.5703264221690034,0.030835401781074134,1522.0,0.6989889705882353,2126.0,0.9765625,2142.0,0.9839154411764706,1778.0,0.8166360294117647,1992.0,0.9149816176470589,0.6989889705882353,WACC_0p1_WRT_0p9,0.8782169117647058,2108,False,,,False,False,False,False,False,229.0,0.9702127659574468
SPLL,RialtoBridgeTimelapse,430,0.32,550,0.075,0.2951181038317215,0,201,34,3724,6,0.168,0.5995920640492424,0.5408675739443511,0.3854760822946438,0.452383908698471,0.7419345264709057,0.8627990108341875,-2.8192817631169373,2.486580303846317,-2.921841313157002,-2.3302840836398757,-3.215787996382892,1.7111958757000287,0.5408675739443511,0.44751578059863134,0.0933517933457198,0.3854760822946438,0.4885960318406315,0.10311994954598769,0.452383908698471,0.5864587140326537,0.1340748053341827,0.7419345264709057,0.5091109288441851,0.23282359762672067,0.8627990108341875,0.6054371976970097,0.2573618131371779,1530.0,0.7026654411764706,1781.0,0.8180147058823529,1623.0,0.7454044117647058,2078.0,0.9545036764705882,2132.0,0.9793198529411765,0.7026654411764706,WACC_0p1_WRT_0p9,0.8399816176470587,2109,False,,,False,False,False,False,False,201.0,0.851063829787234
SPLL,RialtoBridgeTimelapse,911,0.49,407,0.5000000000000001,0.3662011856824301,0,172,4839,3808,9,0.473,0.3562621709911166,0.5086086558454805,0.447598014603238,0.26593416612694426,0.2852822699586031,0.4139064790356749,-2.8192817631169373,2.486580303846317,-2.921841313157002,-2.3302840836398757,-3.215787996382892,1.7111958757000287,0.5086086558454805,0.4482605137582141,0.060348142087266465,0.447598014603238,0.48685888035833463,0.03926086575509663,0.26593416612694426,0.6051809481531191,0.3392467820261748,0.2852822699586031,0.4405981266565641,0.155315856697961,0.4139064790356749,0.5124968679503084,0.09859038891463345,1546.0,0.7100183823529411,1733.0,0.7959558823529411,1966.0,0.9030330882352942,1535.0,0.7049632352941176,1547.0,0.7104779411764706,0.7049632352941176,WACC_0p7_WRT_0p3,0.7648897058823529,2110,False,,,False,False,False,False,False,172.0,0.7276595744680852
SPLL,RialtoBridgeTimelapse,1314,0.5,498,0.5250000000000001,0.3185694630916263,0,183,4252,3827,8,0.543,0.43021639945196866,0.5640441175562093,0.5106567858687423,0.3474032115952772,0.244080476347185,0.3868878126079686,-2.8192817631169373,2.486580303846317,-2.921841313157002,-2.3302840836398757,-3.215787996382892,1.7111958757000287,0.5640441175562093,0.44896796677595147,0.11507615078025785,0.5106567858687423,0.4967430813655789,0.013913704503163427,0.3474032115952772,0.6074040457345049,0.2600008341392277,0.244080476347185,0.44080129650288674,0.19672082015570175,0.3868878126079686,0.5115409743374137,0.12465316172944513,1567.0,0.7196691176470589,1946.0,0.8938419117647058,1997.0,0.9172794117647058,1538.0,0.7063419117647058,1536.0,0.7054227941176471,0.7054227941176471,WACC_0p9_WRT_0p1,0.7885110294117648,2111,False,,,False,False,False,False,False,183.0,0.774468085106383
SPLL,RialtoBridgeTimelapse,1184,0.49,559,0.5000000000000001,0.2912851243299131,0,192,4436,4128,7,0.271,0.4495704097045697,0.5887825617239589,0.5312098840674622,0.35977361774610633,0.2625971766425446,0.41050431736985427,-2.8192817631169373,2.486580303846317,-2.921841313157002,-2.3302840836398757,-3.215787996382892,1.7111958757000287,0.5887825617239589,0.44800863785502343,0.1407739238689355,0.5312098840674622,0.5064077055788266,0.02480217848863553,0.35977361774610633,0.6204490057944059,0.26067538804829954,0.2625971766425446,0.44778556891279286,0.18518839227024825,0.41050431736985427,0.5172733472686574,0.1067690298988031,1543.0,0.7086397058823529,2079.0,0.9549632352941176,2122.0,0.9747242647058824,1616.0,0.7421875,1583.0,0.7270220588235294,0.7086397058823529,WACC_0p1_WRT_0p9,0.8215073529411765,2112,False,,,False,False,False,False,False,192.0,0.8127659574468085
SPLL,RialtoBridgeTimelapse,1602,0.47,328,0.45,0.4171143200982272,0,155,3102,3763,4,0.135,0.26681125351120893,0.44904851369727805,0.3742915713880756,0.16083994787666103,0.35657200806834183,0.46905748742473286,-2.8192817631169373,2.486580303846317,-2.921841313157002,-2.3302840836398757,-3.215787996382892,1.7111958757000287,0.44904851369727805,0.45255362749311834,0.0035051137958402867,0.3742915713880756,0.5000506408234404,0.1257590694353648,0.16083994787666103,0.6018038946834626,0.4409639468068016,0.35657200806834183,0.4418505345453093,0.08527852647696749,0.46905748742473286,0.5275712435059274,0.05851375608119458,1620.0,0.7440257352941176,2000.0,0.9186580882352942,1926.0,0.8846507352941176,1549.0,0.7113970588235294,1670.0,0.7670036764705882,0.7113970588235294,WACC_0p7_WRT_0p3,0.8051470588235293,2113,False,,,False,False,False,False,False,155.0,0.6553191489361702
SPLL,RialtoBridgeTimelapse,1152,0.36,568,0.175,0.2875132578287961,0,203,157,3363,4,0.077,0.47232452901266364,0.5537948553602902,0.42281012756045033,0.3217491795142311,0.6222628056283597,0.7501017299454722,-2.8192817631169373,2.486580303846317,-2.921841313157002,-2.3302840836398757,-3.215787996382892,1.7111958757000287,0.5537948553602902,0.45241101566446684,0.10138383969582332,0.42281012756045033,0.47931650824661526,0.056506380686164925,0.3217491795142311,0.5915515499707683,0.2698023704565372,0.6222628056283597,0.4901826555172609,0.13208015011109875,0.7501017299454722,0.5709630445922048,0.17913868535326738,1618.0,0.7431066176470589,1550.0,0.7118566176470589,1716.0,0.7881433823529411,1974.0,0.9067095588235294,1993.0,0.9154411764705882,0.7118566176470589,WACC_0p3_WRT_0p7,0.8130514705882353,2114,False,,,False,False,False,False,False,203.0,0.8595744680851064
SPLL,RialtoBridgeTimelapse,830,0.47,525,0.45,0.3061031243560276,0,190,1256,3832,4,0.022,0.4020777546072757,0.5642571477803741,0.49509871752244916,0.29776656042836663,0.3207724576907978,0.46107386710778964,-2.8192817631169373,2.486580303846317,-2.921841313157002,-2.3302840836398757,-3.215787996382892,1.7111958757000287,0.5642571477803741,0.46463584402917035,0.0996213037512037,0.49509871752244916,0.5140116905259728,0.01891297300352368,0.29776656042836663,0.6051159365250794,0.3073493760967128,0.3207724576907978,0.44199279519389034,0.12122033750309252,0.46107386710778964,0.5368003858854743,0.07572651877768466,1808.0,0.8304227941176471,2127.0,0.9770220588235294,1965.0,0.9025735294117647,1550.0,0.7118566176470589,1739.0,0.7987132352941176,0.7118566176470589,WACC_0p7_WRT_0p3,0.8441176470588235,2115,False,,,False,False,False,False,False,190.0,0.8042553191489362
SPLL,RialtoBridgeTimelapse,1989,0.52,321,0.5750000000000002,0.4222021471026171,0,149,1871,2719,9,0.177,0.3299659296956956,0.4615612210069904,0.4143534225380292,0.2608802042953839,0.22164714478898856,0.3415194521529018,-2.8192817631169373,2.486580303846317,-2.921841313157002,-2.3302840836398757,-3.215787996382892,1.7111958757000287,0.4615612210069904,0.4605691411214629,0.0009920798855274637,0.4143534225380292,0.4805565759373464,0.0662031533993172,0.2608802042953839,0.5833001960881775,0.3224199917927936,0.22164714478898856,0.4420266649622547,0.22037952017326612,0.3415194521529018,0.5134954888915552,0.17197603673865336,1749.0,0.8033088235294118,1577.0,0.7242647058823529,1568.0,0.7201286764705882,1551.0,0.7123161764705882,1554.0,0.7136948529411765,0.7123161764705882,WACC_0p7_WRT_0p3,0.7347426470588235,2116,False,,,False,False,False,False,False,149.0,0.6297872340425532
SPLL,RialtoBridgeTimelapse,1725,0.49,445,0.5000000000000001,0.3451337758680073,0,179,1364,3113,9,0.456,0.382342899125704,0.5309700982672565,0.4709494573057695,0.29220544349931027,0.27880380855354614,0.41281129500984615,-2.8192817631169373,2.486580303846317,-2.921841313157002,-2.3302840836398757,-3.215787996382892,1.7111958757000287,0.5309700982672565,0.44831945675454316,0.08265064151271334,0.4709494573057695,0.4815491243648397,0.010599667059070228,0.29220544349931027,0.5995999034610441,0.3073944599617338,0.27880380855354614,0.467039485242187,0.18823567668864088,0.41281129500984615,0.5256132036857467,0.11280190867590056,1551.0,0.7123161764705882,1596.0,0.7329963235294118,1892.0,0.8690257352941176,1801.0,0.8272058823529411,1650.0,0.7578125,0.7123161764705882,WACC_0p1_WRT_0p9,0.7798713235294118,2117,False,,,False,False,False,False,False,179.0,0.7574468085106383
SPLL,RialtoBridgeTimelapse,1354,0.49,567,0.5000000000000001,0.2879293966123545,0,193,4633,4223,10,0.255,0.45378567478602166,0.5924148321474046,0.534991209684674,0.3640038192214538,0.2616020252199033,0.4103816911996527,-2.8192817631169373,2.486580303846317,-2.921841313157002,-2.3302840836398757,-3.215787996382892,1.7111958757000287,0.5924148321474046,0.4483454201358685,0.14406941201153617,0.534991209684674,0.509283232217909,0.025707977466764897,0.3640038192214538,0.6276461515789629,0.26364233235750906,0.2616020252199033,0.45747480194557694,0.19587277672567366,0.4103816911996527,0.5270226797527751,0.11664098855312238,1553.0,0.7132352941176471,2099.0,0.9641544117647058,2157.0,0.9908088235294118,1694.0,0.7780330882352942,1665.0,0.7647058823529411,0.7132352941176471,WACC_0p1_WRT_0p9,0.8421875,2118,False,,,False,False,False,False,False,193.0,0.8170212765957446
SPLL,RialtoBridgeTimelapse,1922,0.38,588,0.2250000000000001,0.2793406027501511,0,204,2279,2929,10,0.02,0.4073294179052012,0.5655462344702874,0.4467901453782226,0.25344266341404864,0.5619107912629998,0.694476058763828,-2.8192817631169373,2.486580303846317,-2.921841313157002,-2.3302840836398757,-3.215787996382892,1.7111958757000287,0.5655462344702874,0.4643103723078817,0.10123586216240571,0.4467901453782226,0.49906275453661303,0.05227260915839044,0.25344266341404864,0.5985569099361453,0.34511424652209666,0.5619107912629998,0.4431045715392927,0.11880621972370708,0.694476058763828,0.5302529271204914,0.16422313164333657,1803.0,0.828125,1985.0,0.9117647058823529,1871.0,0.859375,1558.0,0.7155330882352942,1687.0,0.7748161764705882,0.7155330882352942,WACC_0p7_WRT_0p3,0.8179227941176469,2119,False,,,False,False,False,False,False,204.0,0.8638297872340426
SPLL,RialtoBridgeTimelapse,1882,0.46,505,0.4250000000000001,0.3152738399217263,0,190,3084,3772,10,0.249,0.3768038484928603,0.5508945900748028,0.4757585079137788,0.2650406788038135,0.3508406224271441,0.48705233698783285,-2.8192817631169373,2.486580303846317,-2.921841313157002,-2.3302840836398757,-3.215787996382892,1.7111958757000287,0.5508945900748028,0.4485772736886632,0.10231731638613961,0.4757585079137788,0.507679992232971,0.03192148431919217,0.2650406788038135,0.6229624454779941,0.3579217666741806,0.3508406224271441,0.4558635153468756,0.10502289291973149,0.48705233698783285,0.5322964943233116,0.04524415733547876,1558.0,0.7155330882352942,2089.0,0.9595588235294118,2135.0,0.9806985294117647,1677.0,0.7702205882352942,1698.0,0.7798713235294118,0.7155330882352942,WACC_0p1_WRT_0p9,0.8411764705882355,2120,False,,,False,False,False,False,False,190.0,0.8042553191489362
SPLL,RialtoBridgeTimelapse,2093,0.5,571,0.5250000000000001,0.2862692155013174,0,190,4061,3700,9,0.441,0.47098677290707636,0.5992276263908236,0.5472506125395169,0.3882726426948871,0.23460394152193986,0.3858574523668444,-2.8192817631169373,2.486580303846317,-2.921841313157002,-2.3302840836398757,-3.215787996382892,1.7111958757000287,0.5992276263908236,0.459773357953225,0.13945426843759862,0.5472506125395169,0.49223413403274935,0.05501647850676755,0.3882726426948871,0.6009498230703101,0.212677180375423,0.23460394152193986,0.44513463154375366,0.2105306900218138,0.3858574523668444,0.515093524741124,0.12923607237427964,1735.0,0.796875,1853.0,0.8511029411764706,1912.0,0.8782169117647058,1584.0,0.7274816176470589,1565.0,0.71875,0.71875,WACC_0p9_WRT_0p1,0.7944852941176471,2121,False,,,False,False,False,False,False,190.0,0.8042553191489362
SPLL,RialtoBridgeTimelapse,1530,0.47,600,0.45,0.2745691837882194,0,198,3461,4202,5,0.083,0.4411229175091642,0.5977364100613862,0.5300587690588247,0.33709506787723487,0.3110799266379258,0.45944087815921353,-2.8192817631169373,2.486580303846317,-2.921841313157002,-2.3302840836398757,-3.215787996382892,1.7111958757000287,0.5977364100613862,0.4488769080807598,0.14885950198062642,0.5300587690588247,0.5070840165735031,0.022974752485321548,0.33709506787723487,0.6271759017010928,0.29008083382385796,0.3110799266379258,0.4587419187988425,0.14766199216091674,0.45944087815921353,0.5348952160328065,0.07545433787359301,1565.0,0.71875,2085.0,0.9577205882352942,2156.0,0.9903492647058824,1704.0,0.7826286764705882,1719.0,0.7895220588235294,0.71875,WACC_0p1_WRT_0p9,0.8477941176470589,2122,False,,,False,False,False,False,False,198.0,0.8382978723404255
SPLL,RialtoBridgeTimelapse,1939,0.46,590,0.4250000000000001,0.2785386533806833,0,198,3233,3723,10,0.213,0.4219222174802827,0.5894589763139262,0.5161079175751673,0.3105934954227505,0.3392901116503678,0.4847983757620662,-2.8192817631169373,2.486580303846317,-2.921841313157002,-2.3302840836398757,-3.215787996382892,1.7111958757000287,0.5894589763139262,0.45197678870687874,0.13748218760704745,0.5161079175751673,0.5058151150609376,0.010292802514229704,0.3105934954227505,0.6188276070025938,0.30823411157984326,0.3392901116503678,0.4437552786281802,0.10446516697781238,0.4847983757620662,0.5273842125468051,0.04258583678473893,1610.0,0.7394301470588235,2073.0,0.9522058823529411,2113.0,0.9705882352941176,1566.0,0.7192095588235294,1669.0,0.7665441176470589,0.7192095588235294,WACC_0p7_WRT_0p3,0.8295955882352942,2123,False,,,False,False,False,False,False,198.0,0.8382978723404255
SPLL,RialtoBridgeTimelapse,722,0.49,545,0.5000000000000001,0.2972746806384742,0,190,1786,3355,9,0.085,0.4420540156890445,0.5823077272356159,0.5244680553975051,0.3522288401433592,0.26437739630841384,0.41072897659624147,-2.8192817631169373,2.486580303846317,-2.921841313157002,-2.3302840836398757,-3.215787996382892,1.7111958757000287,0.5823077272356159,0.46623374166646037,0.11607398556915549,0.5244680553975051,0.498554358665691,0.025913696731814095,0.3522288401433592,0.5961969533650625,0.2439681132217033,0.26437739630841384,0.443931433985033,0.17955403767661915,0.41072897659624147,0.5350654669911191,0.12433649039487765,1833.0,0.8419117647058824,1972.0,0.9057904411764706,1818.0,0.8350183823529411,1568.0,0.7201286764705882,1723.0,0.7913602941176471,0.7201286764705882,WACC_0p7_WRT_0p3,0.8188419117647058,2124,False,,,False,False,False,False,False,190.0,0.8042553191489362
SPLL,RialtoBridgeTimelapse,770,0.36,626,0.175,0.2645498594597604,0,208,2197,3543,8,0.236,0.45982175124817753,0.5761866105316505,0.4466323517100977,0.302386488422515,0.6136397278783796,0.7469403868732537,-2.8192817631169373,2.486580303846317,-2.921841313157002,-2.3302840836398757,-3.215787996382892,1.7111958757000287,0.5761866105316505,0.4490646595710795,0.12712195096057105,0.4466323517100977,0.5018808027547111,0.055248451044613456,0.302386488422515,0.5963060989115901,0.29391961048907517,0.6136397278783796,0.45584607741880573,0.1577936504595739,0.7469403868732537,0.5484882614922277,0.19845212538102597,1568.0,0.7201286764705882,2032.0,0.9333639705882353,1820.0,0.8359375,1676.0,0.7697610294117647,1825.0,0.8382352941176471,0.7201286764705882,WACC_0p1_WRT_0p9,0.8194852941176469,2125,False,,,False,False,False,False,False,208.0,0.8808510638297873
SPLL,RialtoBridgeTimelapse,2158,0.34,1456,0.1250000000000001,0.0650727325917074,0,233,2252,4475,7,0.098,0.5177762030033022,0.7709390536301909,0.6412427504744791,0.3202810832270002,0.599844645229435,0.7786096317809812,-2.8192817631169373,2.486580303846317,-2.921841313157002,-2.3302840836398757,-3.215787996382892,1.7111958757000287,0.7709390536301909,0.4490877182789008,0.32185133535129007,0.6412427504744791,0.5215811159415104,0.11966163453296874,0.3202810832270002,0.6205436008790497,0.3002625176520495,0.599844645229435,0.4825423229256459,0.11730232230378912,0.7786096317809812,0.5896889383259029,0.18892069345507834,1569.0,0.7205882352941176,2157.0,0.9908088235294118,2125.0,0.9761029411764706,1932.0,0.8874080882352942,2085.0,0.9577205882352942,0.7205882352941176,WACC_0p1_WRT_0p9,0.9065257352941177,2126,False,,,False,False,False,False,False,233.0,0.9872340425531915
SPLL,RialtoBridgeTimelapse,2118,0.44,1666,0.3750000000000001,0.033218858916824,0,231,1191,4961,10,0.072,0.6997956174580545,0.844876361567713,0.7717004808679904,0.575475727414901,0.3194397717708982,0.5246329733443206,-2.8192817631169373,2.486580303846317,-2.921841313157002,-2.3302840836398757,-3.215787996382892,1.7111958757000287,0.844876361567713,0.44911128756013485,0.3957650740075781,0.7717004808679904,0.5164611492307108,0.2552393316372795,0.575475727414901,0.6299043676072682,0.05442864019236715,0.3194397717708982,0.4832952639933405,0.16385549222244228,0.5246329733443206,0.5870099508340008,0.062376977489680185,1570.0,0.7210477941176471,2142.0,0.9839154411764706,2164.0,0.9940257352941176,1936.0,0.8892463235294118,2074.0,0.9526654411764706,0.7210477941176471,WACC_0p1_WRT_0p9,0.9081801470588236,2127,False,,,False,False,False,False,False,231.0,0.9787234042553191
SPLL,RialtoBridgeTimelapse,1980,0.44,1265,0.3750000000000001,0.0983155671670237,0,228,3257,4666,7,0.075,0.6174191629675763,0.7737354901699944,0.6977418799401165,0.49294520028613753,0.33843626679176714,0.5265568450215811,-2.8192817631169373,2.486580303846317,-2.921841313157002,-2.3302840836398757,-3.215787996382892,1.7111958757000287,0.7737354901699944,0.4491566561155571,0.3245788340544373,0.6977418799401165,0.5130026026948147,0.18473927724530181,0.49294520028613753,0.6255369055123733,0.13259170522623576,0.33843626679176714,0.4791822916822068,0.14074602489043964,0.5265568450215811,0.5669631587428654,0.04040631372128434,1572.0,0.7219669117647058,2122.0,0.9747242647058824,2153.0,0.9889705882352942,1904.0,0.8745404411764706,1973.0,0.90625,0.7219669117647058,WACC_0p1_WRT_0p9,0.8932904411764706,2128,False,,,False,False,False,False,False,228.0,0.9659574468085106
SPLL,RialtoBridgeTimelapse,1775,0.43,1407,0.3500000000000001,0.0731657849576813,0,231,3953,4495,4,0.006,0.6340790462130762,0.7961489708308976,0.7158768318042404,0.5026149505822368,0.35757912589880037,0.5502413784583762,-2.8192817631169373,2.486580303846317,-2.921841313157002,-2.3302840836398757,-3.215787996382892,1.7111958757000287,0.7961489708308976,0.44926709656842284,0.3468818742624748,0.7158768318042404,0.5176337664031221,0.19824306540111836,0.5026149505822368,0.6283011766855243,0.1256862261032875,0.35757912589880037,0.4593752509042698,0.10179612500546942,0.5502413784583762,0.546159120906394,0.004082257551982216,1573.0,0.7224264705882353,2148.0,0.9866727941176471,2159.0,0.9917279411764706,1711.0,0.7858455882352942,1797.0,0.8253676470588235,0.7224264705882353,WACC_0p1_WRT_0p9,0.862408088235294,2129,False,,,False,False,False,False,False,231.0,0.9787234042553191
SPLL,RialtoBridgeTimelapse,1414,0.46,347,0.4250000000000001,0.4038318899590308,0,159,3328,3291,9,0.273,0.2695511488175157,0.45980205395861384,0.3800720887317092,0.15624746170139445,0.3799600462229284,0.4941513047058241,-2.8192817631169373,2.486580303846317,-2.921841313157002,-2.3302840836398757,-3.215787996382892,1.7111958757000287,0.45980205395861384,0.45377534072871234,0.006026713229901504,0.3800720887317092,0.5006661676010683,0.12059407886935908,0.15624746170139445,0.6122672622099188,0.4560198005085243,0.3799600462229284,0.44581473090951373,0.06585468468658534,0.4941513047058241,0.516326813806447,0.02217550910062288,1642.0,0.7541360294117647,2017.0,0.9264705882352942,2062.0,0.9471507352941176,1596.0,0.7329963235294118,1574.0,0.7228860294117647,0.7228860294117647,WACC_0p9_WRT_0p1,0.8167279411764706,2130,False,,,False,False,False,False,False,159.0,0.6723404255319149
SPLL,RialtoBridgeTimelapse,1334,0.47,748,0.45,0.2224886411839558,0,211,3745,3996,5,0.16,0.506163036907936,0.6536738914568647,0.5883608969499223,0.4024594561716769,0.2954179967208045,0.45722717104625143,-2.8192817631169373,2.486580303846317,-2.921841313157002,-2.3302840836398757,-3.215787996382892,1.7111958757000287,0.6536738914568647,0.4502268836563014,0.2034470078005633,0.5883608969499223,0.5050709096814792,0.08328998726844317,0.4024594561716769,0.6118958827147561,0.20943642654307926,0.2954179967208045,0.4457139770042457,0.1502959802834412,0.45722717104625143,0.5205704897180108,0.06334331867175935,1586.0,0.7284007352941176,2066.0,0.9489889705882353,2060.0,0.9462316176470589,1594.0,0.7320772058823529,1613.0,0.7408088235294118,0.7284007352941176,WACC_0p1_WRT_0p9,0.8193014705882353,2131,False,,,False,False,False,False,False,211.0,0.8936170212765957
SPLL,RialtoBridgeTimelapse,1013,0.49,667,0.5000000000000001,0.2495648229515257,0,204,1938,4146,8,0.112,0.5021810908628155,0.6341708148622981,0.5784259193783365,0.4125235468908622,0.25033112605388225,0.4091355614897843,-2.8192817631169373,2.486580303846317,-2.921841313157002,-2.3302840836398757,-3.215787996382892,1.7111958757000287,0.6341708148622981,0.45028092750084636,0.18388988736145173,0.5784259193783365,0.5086252229773107,0.06980069640102582,0.4125235468908622,0.6130124723417839,0.20048892545092173,0.25033112605388225,0.4703968659861277,0.22006573993224543,0.4091355614897843,0.5617546051495657,0.15261904365978135,1587.0,0.7288602941176471,2095.0,0.9623161764705882,2069.0,0.9503676470588235,1828.0,0.8396139705882353,1937.0,0.8897058823529411,0.7288602941176471,WACC_0p1_WRT_0p9,0.8741727941176471,2132,False,,,False,False,False,False,False,204.0,0.8638297872340426
SPLL,RialtoBridgeTimelapse,1652,0.47,4117,0.45,0.0,0,225,1346,3726,8,0.079,0.7907043827948386,0.9000844930537625,0.8440943594465733,0.6869392087637328,0.23174488678862876,0.4526176980497271,-2.8192817631169373,2.486580303846317,-2.921841313157002,-2.3302840836398757,-3.215787996382892,1.7111958757000287,0.9000844930537625,0.4653616378790045,0.434722855174758,0.8440943594465733,0.49649737516773856,0.34759698427883473,0.6869392087637328,0.5905413428184682,0.09639786594526467,0.23174488678862876,0.4453934124615564,0.21364852567292764,0.4526176980497271,0.5403368055958537,0.0877191075461266,1820.0,0.8359375,1940.0,0.8910845588235294,1698.0,0.7798713235294118,1588.0,0.7293198529411765,1762.0,0.8092830882352942,0.7293198529411765,WACC_0p7_WRT_0p3,0.8090992647058824,2133,False,,,False,False,False,False,False,225.0,0.9531914893617022
SPLL,RialtoBridgeTimelapse,2059,0.51,806,0.5500000000000002,0.204843781512062,0,200,4486,4226,5,0.065,0.5911713088119808,0.6954545303259968,0.6521586313257373,0.5153003069085677,0.18522304558877117,0.36035855077082646,-2.8192817631169373,2.486580303846317,-2.921841313157002,-2.3302840836398757,-3.215787996382892,1.7111958757000287,0.6954545303259968,0.4587474228969721,0.23670710742902468,0.6521586313257373,0.5146192422380027,0.13753938908773455,0.5153003069085677,0.6250136802766199,0.1097133733680522,0.18522304558877117,0.44540406182301573,0.26018101623424456,0.36035855077082646,0.5256773203105178,0.16531876953969138,1723.0,0.7913602941176471,2128.0,0.9774816176470589,2147.0,0.9862132352941176,1589.0,0.7297794117647058,1653.0,0.7591911764705882,0.7297794117647058,WACC_0p7_WRT_0p3,0.8488051470588236,2134,False,,,False,False,False,False,False,200.0,0.8468085106382979
SPLL,RialtoBridgeTimelapse,1552,0.45,527,0.4000000000000001,0.3052053060585183,0,194,904,3362,7,0.101,0.3753260760830235,0.5579311684592336,0.4777228341359228,0.2562878594889245,0.3749877668924546,0.5120210285932115,-2.8192817631169373,2.486580303846317,-2.921841313157002,-2.3302840836398757,-3.215787996382892,1.7111958757000287,0.5579311684592336,0.4625076508794271,0.09542351757980655,0.4777228341359228,0.4946444462652238,0.01692161212930099,0.2562878594889245,0.5978090862524202,0.3415212267634957,0.3749877668924546,0.44546842104669004,0.07048065415423543,0.5120210285932115,0.5422777160033053,0.030256687410093797,1779.0,0.8170955882352942,1903.0,0.8740808823529411,1855.0,0.8520220588235294,1590.0,0.7302389705882353,1770.0,0.8129595588235294,0.7302389705882353,WACC_0p7_WRT_0p3,0.8172794117647058,2135,False,,,False,False,False,False,False,194.0,0.8212765957446808
SPLL,RialtoBridgeTimelapse,2017,0.4,1162,0.2750000000000001,0.1183911778010372,0,228,617,4648,5,0.044,0.5346216442349077,0.7352504746522012,0.6364778725774773,0.38110637134995,0.45209181350801225,0.6275323388186014,-2.8192817631169373,2.486580303846317,-2.921841313157002,-2.3302840836398757,-3.215787996382892,1.7111958757000287,0.7352504746522012,0.450464009472477,0.28478646517972417,0.6364778725774773,0.5122580248169954,0.1242198477604819,0.38110637134995,0.6283696804865297,0.24726330913657973,0.45209181350801225,0.4983077921126288,0.04621597860461657,0.6275323388186014,0.5898534698523062,0.03767886896629513,1590.0,0.7302389705882353,2117.0,0.9724264705882353,2160.0,0.9921875,2032.0,0.9333639705882353,2086.0,0.9581801470588235,0.7302389705882353,WACC_0p1_WRT_0p9,0.9172794117647058,2136,False,,,False,False,False,False,False,228.0,0.9659574468085106
SPLL,RialtoBridgeTimelapse,1612,0.3,1098,0.025,0.1317818336196115,0,227,2053,4303,6,0.116,0.5698321904857954,0.695031672586871,0.5384260005483446,0.3751162015889174,0.7363731417154722,0.8930482007199281,-2.8192817631169373,2.486580303846317,-2.921841313157002,-2.3302840836398757,-3.215787996382892,1.7111958757000287,0.695031672586871,0.450645920350982,0.24438575223588904,0.5384260005483446,0.5130063965917148,0.025419603956629788,0.3751162015889174,0.6321395609755656,0.25702335938664816,0.7363731417154722,0.47564472146854164,0.26072842024693055,0.8930482007199281,0.5657012518010931,0.327346948918835,1594.0,0.7320772058823529,2123.0,0.9751838235294118,2168.0,0.9958639705882353,1870.0,0.8589154411764706,1967.0,0.9034926470588235,0.7320772058823529,WACC_0p1_WRT_0p9,0.8931066176470589,2137,False,,,False,False,False,False,False,227.0,0.9617021276595744
SPLL,RialtoBridgeTimelapse,1396,0.38,656,0.2250000000000001,0.2534929482340128,0,212,298,3129,7,0.076,0.39363888536577324,0.591185573434012,0.4739445398100363,0.2318942002252625,0.5526347399683222,0.6914339710253679,-2.8192817631169373,2.486580303846317,-2.921841313157002,-2.3302840836398757,-3.215787996382892,1.7111958757000287,0.591185573434012,0.45810118419074514,0.13308438924326688,0.4739445398100363,0.4824175687396081,0.008473028929571802,0.2318942002252625,0.5849704296347087,0.35307622940944616,0.5526347399683222,0.4751161622608157,0.07751857770750653,0.6914339710253679,0.568763685567254,0.12267028545811387,1715.0,0.7876838235294118,1619.0,0.7435661764705882,1597.0,0.7334558823529411,1868.0,0.8579963235294118,1980.0,0.9094669117647058,0.7334558823529411,WACC_0p5_WRT_0p5,0.8064338235294117,2138,False,,,False,False,False,False,False,212.0,0.8978723404255319
SPLL,RialtoBridgeTimelapse,1898,0.37,1183,0.2,0.1141575142533658,0,229,2614,4980,3,0.048,0.4986677144973789,0.7295610434625432,0.6142384268823619,0.3228989484742506,0.5330113372353632,0.7044411053885277,-2.8192817631169373,2.486580303846317,-2.921841313157002,-2.3302840836398757,-3.215787996382892,1.7111958757000287,0.7295610434625432,0.4508165902482419,0.27874445321430136,0.6142384268823619,0.5090184326453014,0.10521999423706041,0.3228989484742506,0.6111461667314809,0.2882472182572303,0.5330113372353632,0.480907322725574,0.05210401450978919,0.7044411053885277,0.5815752822195589,0.12286582316896877,1598.0,0.7339154411764706,2098.0,0.9636948529411765,2048.0,0.9407169117647058,1917.0,0.8805147058823529,2047.0,0.9402573529411765,0.7339154411764706,WACC_0p1_WRT_0p9,0.8918198529411765,2139,False,,,False,False,False,False,False,229.0,0.9702127659574468
SPLL,RialtoBridgeTimelapse,1057,0.48,828,0.475,0.198480749503824,0,211,3724,4083,5,0.151,0.5516048097397264,0.6848653148314394,0.6259710845319654,0.4550307074421126,0.2618782038109739,0.4320127527989245,-2.8192817631169373,2.486580303846317,-2.921841313157002,-2.3302840836398757,-3.215787996382892,1.7111958757000287,0.6848653148314394,0.45208535494647806,0.23277995988496136,0.6259710845319654,0.5035207839167225,0.12245030061524287,0.4550307074421126,0.6152945885567295,0.16026388111461687,0.2618782038109739,0.44613643641334266,0.1842582326023688,0.4320127527989245,0.5239752261119756,0.09196247331305107,1614.0,0.7412683823529411,2053.0,0.9430147058823529,2092.0,0.9609375,1602.0,0.7357536764705882,1637.0,0.7518382352941176,0.7357536764705882,WACC_0p7_WRT_0p3,0.8265625,2140,False,,,False,False,False,False,False,211.0,0.8936170212765957
SPLL,RialtoBridgeTimelapse,59,0.46,2250,0.4250000000000001,0.0,0,228,5000,5000,10,0.001,0.7742000071494333,0.8935582624547233,0.8323357203830853,0.6636440967340449,0.2576798239442024,0.4761804323852339,-2.8192817631169373,2.486580303846317,-2.921841313157002,-2.3302840836398757,-3.215787996382892,1.7111958757000287,0.8935582624547233,0.45136766292492086,0.4421905995298024,0.8323357203830853,0.5237504308022938,0.30858528958079157,0.6636440967340449,0.6224456594678296,0.041198437266215304,0.2576798239442024,0.46833845667261687,0.21065863272841445,0.4761804323852339,0.5461591375289091,0.06997870514367521,1603.0,0.7362132352941176,2164.0,0.9940257352941176,2131.0,0.9788602941176471,1811.0,0.8318014705882353,1798.0,0.8258272058823529,0.7362132352941176,WACC_0p1_WRT_0p9,0.8733455882352942,2141,False,,,False,False,False,False,False,228.0,0.9659574468085106
SPLL,RialtoBridgeTimelapse,868,0.47,1149,0.45,0.1210504992633634,0,223,4956,4526,7,0.142,0.63465469782563,0.7646689204260294,0.7037336831156139,0.5311662908563151,0.2658693953749792,0.45431252774726427,-2.8192817631169373,2.486580303846317,-2.921841313157002,-2.3302840836398757,-3.215787996382892,1.7111958757000287,0.7646689204260294,0.4610475059081031,0.3036214145179263,0.7037336831156139,0.5097310434620497,0.19400263965356424,0.5311662908563151,0.6169255056384806,0.08575921478216553,0.2658693953749792,0.44697047340803997,0.18110107803306075,0.45431252774726427,0.5288493243659277,0.07453679661866341,1756.0,0.8065257352941176,2105.0,0.9669117647058824,2102.0,0.9655330882352942,1611.0,0.7398897058823529,1680.0,0.7715992647058824,0.7398897058823529,WACC_0p7_WRT_0p3,0.850091911764706,2142,False,,,False,False,False,False,False,223.0,0.9446808510638298
SPLL,RialtoBridgeTimelapse,1213,0.48,684,0.475,0.2436195400289744,0,206,1970,3220,7,0.002,0.49454480798426204,0.6356029905226285,0.5747478805293343,0.3978507870068582,0.275079776013117,0.43339061477677693,-2.8192817631169373,2.486580303846317,-2.921841313157002,-2.3302840836398757,-3.215787996382892,1.7111958757000287,0.6356029905226285,0.47369439137668073,0.16190859914594774,0.5747478805293343,0.50134516499807,0.07340271553126432,0.3978507870068582,0.5893941489685005,0.1915433619616423,0.275079776013117,0.4479836807736653,0.1729039047605483,0.43339061477677693,0.5352629030224194,0.10187228824564248,1920.0,0.8818933823529411,2027.0,0.9310661764705882,1681.0,0.7720588235294118,1618.0,0.7431066176470589,1726.0,0.7927389705882353,0.7431066176470589,WACC_0p7_WRT_0p3,0.8241727941176471,2143,False,,,False,False,False,False,False,206.0,0.8723404255319149
SPLL,RialtoBridgeTimelapse,2066,0.45,625,0.4000000000000001,0.264927473007536,0,203,1410,3963,9,0.21,0.42460332066632805,0.5999814754477495,0.5217642814436961,0.3060998109708186,0.3621754523817687,0.509352853495805,-2.8192817631169373,2.486580303846317,-2.921841313157002,-2.3302840836398757,-3.215787996382892,1.7111958757000287,0.5999814754477495,0.4527527583521115,0.147228717095638,0.5217642814436961,0.4927073346977713,0.02905694674592485,0.3060998109708186,0.6008253558872312,0.29472554491641256,0.3621754523817687,0.46924735095996745,0.10707189857819877,0.509352853495805,0.5539482663106433,0.044595412814838364,1622.0,0.7449448529411765,1866.0,0.8570772058823529,1910.0,0.8772977941176471,1821.0,0.8363970588235294,1868.0,0.8579963235294118,0.7449448529411765,WACC_0p1_WRT_0p9,0.8347426470588235,2144,False,,,False,False,False,False,False,203.0,0.8595744680851064
SPLL,RialtoBridgeTimelapse,1618,0.37,1731,0.2,0.0241695859870679,0,233,2562,4966,10,0.043,0.6083668869114917,0.8230215731939227,0.7122223560492201,0.43391995473474326,0.5040585986186586,0.6980504814037851,-2.8192817631169373,2.486580303846317,-2.921841313157002,-2.3302840836398757,-3.215787996382892,1.7111958757000287,0.8230215731939227,0.4528073720115204,0.3702142011824023,0.7122223560492201,0.519273402432658,0.19294895361656217,0.43391995473474326,0.631068285697447,0.19714833096270373,0.5040585986186586,0.4913137547347511,0.012744843883907564,0.6980504814037851,0.5826727638773319,0.1153777175264532,1624.0,0.7458639705882353,2154.0,0.9894301470588235,2167.0,0.9954044117647058,1984.0,0.9113051470588235,2052.0,0.9425551470588235,0.7458639705882353,WACC_0p1_WRT_0p9,0.9169117647058822,2145,False,,,False,False,False,False,False,233.0,0.9872340425531915
SPLL,RialtoBridgeTimelapse,1955,0.45,1105,0.4000000000000001,0.1302797661135778,0,224,3790,4548,9,0.195,0.5921937099380492,0.7439395498020944,0.6719225228231034,0.47468089012896814,0.32131113503116404,0.5031168252312995,-2.8192817631169373,2.486580303846317,-2.921841313157002,-2.3302840836398757,-3.215787996382892,1.7111958757000287,0.7439395498020944,0.45296004785901706,0.29097950194307737,0.6719225228231034,0.5194845556518769,0.15243796717122648,0.47468089012896814,0.6292824765755963,0.1546015864466282,0.32131113503116404,0.4745733138861764,0.15326217885501237,0.5031168252312995,0.5530481332406568,0.0499313080093573,1625.0,0.7463235294117647,2155.0,0.9898897058823529,2162.0,0.9931066176470589,1863.0,0.8556985294117647,1863.0,0.8556985294117647,0.7463235294117647,WACC_0p1_WRT_0p9,0.8881433823529411,2146,False,,,False,False,False,False,False,224.0,0.948936170212766
SPLL,RialtoBridgeTimelapse,837,0.5,763,0.5250000000000001,0.2177976447105764,0,198,4645,4192,10,0.128,0.5582785304682971,0.6747680422439531,0.625683462346443,0.47559236934868493,0.21491685311773417,0.3842826724498992,-2.8192817631169373,2.486580303846317,-2.921841313157002,-2.3302840836398757,-3.215787996382892,1.7111958757000287,0.6747680422439531,0.4554389126869368,0.21932912955701633,0.625683462346443,0.5076808066982479,0.11800265564819512,0.47559236934868493,0.6253601042499815,0.14976773490129652,0.21491685311773417,0.453522756751028,0.23860590363329381,0.3842826724498992,0.5221625644115157,0.13787989196161643,1678.0,0.7706801470588235,2090.0,0.9600183823529411,2150.0,0.9875919117647058,1657.0,0.7610294117647058,1627.0,0.7472426470588235,0.7472426470588235,WACC_0p9_WRT_0p1,0.8453124999999998,2147,False,,,False,False,False,False,False,198.0,0.8382978723404255
SPLL,RialtoBridgeTimelapse,1727,0.49,629,0.5000000000000001,0.2634206218147303,0,201,4111,4258,6,0.209,0.4846599055852996,0.6190423833871667,0.5626963637979208,0.39496698008379694,0.25438016115416756,0.4095537138982093,-2.8192817631169373,2.486580303846317,-2.921841313157002,-2.3302840836398757,-3.215787996382892,1.7111958757000287,0.6190423833871667,0.4570689711125856,0.16197341227458106,0.5626963637979208,0.5093367462679859,0.0533596175299349,0.39496698008379694,0.6238222022749721,0.22885522219117516,0.25438016115416756,0.4511294079306655,0.19674924677649797,0.4095537138982093,0.5260983012226859,0.11654458732447653,1700.0,0.7807904411764706,2100.0,0.9646139705882353,2140.0,0.9829963235294118,1633.0,0.75,1658.0,0.7614889705882353,0.75,WACC_0p7_WRT_0p3,0.8479779411764706,2148,False,,,False,False,False,False,False,201.0,0.851063829787234
SPLL,RialtoBridgeTimelapse,2151,0.5,659,0.5250000000000001,0.2524151566775737,0,197,3884,3912,9,0.038,0.5140050308174429,0.6364222549423255,0.5858902643651157,0.4313330720605285,0.2248090156831754,0.3849840521632507,-2.8192817631169373,2.486580303846317,-2.921841313157002,-2.3302840836398757,-3.215787996382892,1.7111958757000287,0.6364222549423255,0.47968149731947884,0.15674075762284667,0.5858902643651157,0.5188750344803243,0.06701522988479136,0.4313330720605285,0.6116915371733918,0.18035846511286324,0.2248090156831754,0.4516153114406734,0.226806295757498,0.3849840521632507,0.5286737829895135,0.1436897308262628,1985.0,0.9117647058823529,2153.0,0.9889705882352942,2056.0,0.9443933823529411,1637.0,0.7518382352941176,1677.0,0.7702205882352942,0.7518382352941176,WACC_0p7_WRT_0p3,0.8734375,2149,False,,,False,False,False,False,False,197.0,0.8340425531914893
SPLL,RialtoBridgeTimelapse,956,0.42,1408,0.325,0.0729978226947131,0,232,2990,4405,9,0.029,0.6194758562023243,0.7916555854288854,0.7059798876069768,0.4808825492080361,0.3841953020277822,0.5749324185028865,-2.8192817631169373,2.486580303846317,-2.921841313157002,-2.3302840836398757,-3.215787996382892,1.7111958757000287,0.7916555854288854,0.45362607652157144,0.3380295089073139,0.7059798876069768,0.5153472071194853,0.1906326804874915,0.4808825492080361,0.62246554065128,0.14158299144324393,0.3841953020277822,0.48181633314242484,0.09762103111464265,0.5749324185028865,0.5718912932272819,0.003041125275604517,1638.0,0.7522977941176471,2137.0,0.9816176470588235,2132.0,0.9793198529411765,1925.0,0.8841911764705882,2000.0,0.9186580882352942,0.7522977941176471,WACC_0p1_WRT_0p9,0.903216911764706,2150,False,,,False,False,False,False,False,232.0,0.9829787234042553
SPLL,RialtoBridgeTimelapse,1761,0.44,546,0.3750000000000001,0.2968417896897769,0,196,850,3676,8,0.042,0.3718734372793467,0.5633251001820556,0.47793898813163715,0.24550148693895005,0.3997703513657497,0.537224395250769,-2.8192817631169373,2.486580303846317,-2.921841313157002,-2.3302840836398757,-3.215787996382892,1.7111958757000287,0.5633251001820556,0.49043672722544773,0.07288837295660788,0.47793898813163715,0.5003537440367829,0.022414755905145745,0.24550148693895005,0.5874368594206627,0.3419353724817127,0.3997703513657497,0.4529782159990466,0.05320786463329691,0.537224395250769,0.5519015182705117,0.014677123019742666,2063.0,0.9476102941176471,2009.0,0.9227941176470589,1641.0,0.7536764705882353,1651.0,0.7582720588235294,1855.0,0.8520220588235294,0.7536764705882353,WACC_0p5_WRT_0p5,0.846875,2151,False,,,False,False,False,False,False,196.0,0.8297872340425532
SPLL,RialtoBridgeTimelapse,1356,0.42,674,0.325,0.2470986444572581,0,211,640,3588,8,0.143,0.4051249486175901,0.6082915246529988,0.5142261628545097,0.2645990307147149,0.4386400170865585,0.5851901822766501,-2.8192817631169373,2.486580303846317,-2.921841313157002,-2.3302840836398757,-3.215787996382892,1.7111958757000287,0.6082915246529988,0.4560564321849155,0.15223509246808337,0.5142261628545097,0.4871433361818188,0.027082826672690907,0.2645990307147149,0.5877937335093504,0.32319470279463547,0.4386400170865585,0.4607637949239638,0.022123777837405323,0.5851901822766501,0.5577995208118561,0.027390661464793964,1687.0,0.7748161764705882,1742.0,0.8000919117647058,1645.0,0.7555147058823529,1730.0,0.7945772058823529,1902.0,0.8736213235294118,0.7555147058823529,WACC_0p5_WRT_0p5,0.7997242647058822,2152,False,,,False,False,False,False,False,211.0,0.8936170212765957
SPLL,RialtoBridgeTimelapse,1484,0.4,661,0.2750000000000001,0.2516993472435644,0,212,680,3806,10,0.103,0.3729571306594637,0.5978612732558404,0.4922145134224237,0.2171926572549317,0.495745700249028,0.6379829757861813,-2.8192817631169373,2.486580303846317,-2.921841313157002,-2.3302840836398757,-3.215787996382892,1.7111958757000287,0.5978612732558404,0.4538585574846138,0.14400271577122659,0.4922145134224237,0.5007074515352081,0.008492938112784398,0.2171926572549317,0.5984472260179751,0.38125456876304337,0.495745700249028,0.48046801288232843,0.015277687366699544,0.6379829757861813,0.5695099277974985,0.06847304798868281,1645.0,0.7555147058823529,2019.0,0.9273897058823529,1868.0,0.8579963235294118,1916.0,0.8800551470588235,1985.0,0.9117647058823529,0.7555147058823529,WACC_0p1_WRT_0p9,0.8665441176470589,2153,False,,,False,False,False,False,False,212.0,0.8978723404255319
SPLL,RialtoBridgeTimelapse,1723,0.45,654,0.4000000000000001,0.2542142135410307,0,208,2909,3521,9,0.274,0.43777978849912536,0.6112504091132349,0.5335505874180521,0.3193974647369979,0.3588208460521275,0.5087141145706978,-2.8192817631169373,2.486580303846317,-2.921841313157002,-2.3302840836398757,-3.215787996382892,1.7111958757000287,0.6112504091132349,0.45443266303511054,0.15681774607812438,0.5335505874180521,0.4994210519285966,0.034129535489455465,0.3193974647369979,0.6087002949677981,0.28930283023080017,0.3588208460521275,0.4525978725354247,0.09377702648329722,0.5087141145706978,0.5427400905717849,0.03402597600108703,1656.0,0.7605698529411765,1989.0,0.9136029411764706,2018.0,0.9269301470588235,1646.0,0.7559742647058824,1776.0,0.8157169117647058,0.7559742647058824,WACC_0p7_WRT_0p3,0.8345588235294118,2154,False,,,False,False,False,False,False,208.0,0.8808510638297873
SPLL,RialtoBridgeTimelapse,65,0.46,1588,0.4250000000000001,0.0445556945658224,0,227,4659,5000,3,0.001,0.7167897785788198,0.8437435669168221,0.7806991362517867,0.606331925856132,0.27024645422898635,0.4768168611886051,-2.8192817631169373,2.486580303846317,-2.921841313157002,-2.3302840836398757,-3.215787996382892,1.7111958757000287,0.8437435669168221,0.4736871442639144,0.37005642265290767,0.7806991362517867,0.505021732929699,0.2756774033220877,0.606331925856132,0.5958207908036198,0.010511135052512222,0.27024645422898635,0.45260696750169854,0.1823605132727122,0.4768168611886051,0.5468942499622025,0.07007738877359737,1918.0,0.8809742647058824,2064.0,0.9480698529411765,1808.0,0.8304227941176471,1647.0,0.7564338235294118,1804.0,0.8285845588235294,0.7564338235294118,WACC_0p7_WRT_0p3,0.8488970588235294,2155,False,,,False,False,False,False,False,227.0,0.9617021276595744
SPLL,RialtoBridgeTimelapse,2129,0.45,545,0.4000000000000001,0.2972746806384742,0,195,3172,4033,6,0.166,0.3849955348670415,0.5661702588561727,0.4863600422575172,0.2660729650956375,0.37243855772449364,0.5114606965934929,-2.8192817631169373,2.486580303846317,-2.921841313157002,-2.3302840836398757,-3.215787996382892,1.7111958757000287,0.5661702588561727,0.46260270922597146,0.1035675496302012,0.4863600422575172,0.513467237595298,0.027107195337780776,0.2660729650956375,0.6130873118866839,0.34701434679104637,0.37243855772449364,0.45269636949532405,0.08025781177083041,0.5114606965934929,0.5365772226476965,0.02511652605420356,1780.0,0.8175551470588235,2124.0,0.9756433823529411,2070.0,0.9508272058823529,1648.0,0.7568933823529411,1737.0,0.7977941176470589,0.7568933823529411,WACC_0p7_WRT_0p3,0.8597426470588235,2156,False,,,False,False,False,False,False,195.0,0.825531914893617
SPLL,RialtoBridgeTimelapse,1328,0.46,455,0.4250000000000001,0.339887999135572,0,182,1414,4072,6,0.094,0.3467744526595599,0.5253004611814251,0.4489321402411422,0.2346581446604164,0.35873774070839426,0.48877188122802323,-2.8192817631169373,2.486580303846317,-2.921841313157002,-2.3302840836398757,-3.215787996382892,1.7111958757000287,0.5253004611814251,0.45418254177581363,0.07111791940561152,0.4489321402411422,0.5083570368766145,0.05942489663547229,0.2346581446604164,0.6270209153872336,0.3923627707268172,0.35873774070839426,0.45610955683706567,0.0973718161286714,0.48877188122802323,0.5469689471586345,0.0581970659306113,1653.0,0.7591911764705882,2092.0,0.9609375,2155.0,0.9898897058823529,1682.0,0.7725183823529411,1806.0,0.8295036764705882,0.7591911764705882,WACC_0p1_WRT_0p9,0.862408088235294,2157,False,,,False,False,False,False,False,182.0,0.7702127659574468
SPLL,RialtoBridgeTimelapse,433,0.41,868,0.3,0.1873326405049725,0,219,2493,3619,9,0.125,0.46414137674505274,0.6668342814378195,0.5702111371490093,0.3170983318561201,0.44672612483119634,0.6065353415055665,-2.8192817631169373,2.486580303846317,-2.921841313157002,-2.3302840836398757,-3.215787996382892,1.7111958757000287,0.6668342814378195,0.4716010381248055,0.195233243313014,0.5702111371490093,0.5090034754172073,0.06120766173180203,0.3170983318561201,0.5960574072788873,0.27895907542276727,0.44672612483119634,0.45321412177720477,0.006487996946008434,0.6065353415055665,0.5561519392439083,0.05038340226165827,1890.0,0.8681066176470589,2097.0,0.9632352941176471,1812.0,0.8322610294117647,1654.0,0.7596507352941176,1886.0,0.8662683823529411,0.7596507352941176,WACC_0p7_WRT_0p3,0.857904411764706,2158,False,,,False,False,False,False,False,219.0,0.9276595744680851
SPLL,RialtoBridgeTimelapse,991,0.47,1166,0.45,0.1175789028830486,0,224,3479,4988,8,0.184,0.6390912219902917,0.7685107008677867,0.7077209540998844,0.5356020428626127,0.2648759981336872,0.4542400123098864,-2.8192817631169373,2.486580303846317,-2.921841313157002,-2.3302840836398757,-3.215787996382892,1.7111958757000287,0.7685107008677867,0.4546174092165615,0.3138932916512252,0.7077209540998844,0.5222545473290692,0.18546640677081527,0.5356020428626127,0.6321998546624832,0.09659781179987048,0.2648759981336872,0.47843997817166867,0.2135639800379815,0.4542400123098864,0.5632815954126,0.10904158310271361,1659.0,0.7619485294117647,2160.0,0.9921875,2169.0,0.9963235294117647,1899.0,0.8722426470588235,1947.0,0.8943014705882353,0.7619485294117647,WACC_0p1_WRT_0p9,0.9034007352941176,2159,False,,,False,False,False,False,False,224.0,0.948936170212766
SPLL,RialtoBridgeTimelapse,1252,0.36,1272,0.175,0.0970110944943136,0,230,330,4606,5,0.023,0.5059621093810426,0.7441283714696224,0.6240607158473673,0.3229740307966892,0.5550068273403699,0.7290700862341638,-2.8192817631169373,2.486580303846317,-2.921841313157002,-2.3302840836398757,-3.215787996382892,1.7111958757000287,0.7441283714696224,0.45492628584414596,0.28920208562547645,0.6240607158473673,0.5066140635586674,0.11744665228869988,0.3229740307966892,0.6172762393587746,0.29430220856208544,0.5550068273403699,0.502461627918142,0.052545199422227906,0.7290700862341638,0.6039935120973423,0.1250765741368215,1665.0,0.7647058823529411,2082.0,0.9563419117647058,2104.0,0.9664522058823529,2044.0,0.9388786764705882,2129.0,0.9779411764705882,0.7647058823529411,WACC_0p1_WRT_0p9,0.9208639705882353,2160,False,,,False,False,False,False,False,230.0,0.9744680851063829
SPLL,RialtoBridgeTimelapse,1934,0.46,1256,0.4250000000000001,0.1000033852948423,0,225,4553,4806,8,0.095,0.6458576308515682,0.782304578228134,0.7169435189638481,0.5354258912796434,0.2860840434743689,0.4779290495566553,-2.8192817631169373,2.486580303846317,-2.921841313157002,-2.3302840836398757,-3.215787996382892,1.7111958757000287,0.782304578228134,0.4552036849945754,0.3271008932335586,0.7169435189638481,0.5231839970308602,0.19375952193298795,0.5354258912796434,0.6415293544446257,0.10610346316498231,0.2860840434743689,0.46820137114098515,0.18211732766661626,0.4779290495566553,0.551865511192175,0.07393646163551965,1667.0,0.765625,2163.0,0.9935661764705882,2177.0,1.0,1809.0,0.8308823529411765,1853.0,0.8511029411764706,0.765625,WACC_0p1_WRT_0p9,0.8882352941176471,2161,False,,,False,False,False,False,False,225.0,0.9531914893617022
SPLL,RialtoBridgeTimelapse,2024,0.38,511,0.2250000000000001,0.3124851062057786,0,194,2346,3666,3,0.05,0.42514461391094055,0.532973006983047,0.4122091995900649,0.2812387982521333,0.5740988196128598,0.698730774910916,-2.8192817631169373,2.486580303846317,-2.921841313157002,-2.3302840836398757,-3.215787996382892,1.7111958757000287,0.532973006983047,0.4612433133146139,0.07172969366843307,0.4122091995900649,0.506532312023095,0.0943231124330301,0.2812387982521333,0.6055013720004759,0.3242625737483426,0.5740988196128598,0.4553960001994769,0.1187028194133829,0.698730774910916,0.5491480627510318,0.14958271215988417,1760.0,0.8083639705882353,2080.0,0.9554227941176471,1970.0,0.9048713235294118,1670.0,0.7670036764705882,1835.0,0.8428308823529411,0.7670036764705882,WACC_0p7_WRT_0p3,0.8556985294117647,2162,False,,,False,False,False,False,False,194.0,0.8212765957446808
SPLL,RialtoBridgeTimelapse,2046,0.4,566,0.2750000000000001,0.2883462686804924,0,202,872,4001,7,0.09,0.3520712831911988,0.5609991666504741,0.45330548688263916,0.19986315285310244,0.5084434112635232,0.6417392901724406,-2.8192817631169373,2.486580303846317,-2.921841313157002,-2.3302840836398757,-3.215787996382892,1.7111958757000287,0.5609991666504741,0.4552740268341084,0.10572513981636572,0.45330548688263916,0.5075311355008627,0.05422564861822354,0.19986315285310244,0.6076642237393968,0.40780107088629436,0.5084434112635232,0.4747348434411477,0.033708567822375524,0.6417392901724406,0.569725648013123,0.0720136421593176,1673.0,0.7683823529411765,2088.0,0.9590992647058824,2006.0,0.9214154411764706,1865.0,0.8566176470588235,1986.0,0.9122242647058824,0.7683823529411765,WACC_0p1_WRT_0p9,0.8835477941176471,2163,False,,,False,False,False,False,False,202.0,0.8553191489361702
SPLL,RialtoBridgeTimelapse,1111,0.36,733,0.175,0.2272745394767537,0,217,2336,3858,7,0.127,0.4398304539000043,0.6128698608507235,0.4855625499027129,0.27115452321513883,0.5999824200199172,0.7422151153148818,-2.8192817631169373,2.486580303846317,-2.921841313157002,-2.3302840836398757,-3.215787996382892,1.7111958757000287,0.6128698608507235,0.45840906286715827,0.1544607979835652,0.4855625499027129,0.5094710868589052,0.023908536956192272,0.27115452321513883,0.6050583039351553,0.3339037807200164,0.5999824200199172,0.4563011692520987,0.1436812507678185,0.7422151153148818,0.5574859284763876,0.18472918683849426,1721.0,0.7904411764705882,2101.0,0.9650735294117647,1963.0,0.9016544117647058,1685.0,0.7738970588235294,1900.0,0.8727022058823529,0.7738970588235294,WACC_0p7_WRT_0p3,0.8607536764705882,2164,False,,,False,False,False,False,False,217.0,0.9191489361702128
SPLL,RialtoBridgeTimelapse,1288,0.5,870,0.5250000000000001,0.1867887900644222,0,205,1985,3488,9,0.12,0.598166736500277,0.7093652251311884,0.6615547576446812,0.5154244329449932,0.20614640907903006,0.3837993859125962,-2.8192817631169373,2.486580303846317,-2.921841313157002,-2.3302840836398757,-3.215787996382892,1.7111958757000287,0.7093652251311884,0.46623903054961685,0.24312619458157153,0.6615547576446812,0.5004479562413664,0.1611068014033148,0.5154244329449932,0.5954684770109024,0.08004404406590926,0.20614640907903006,0.4571912323004463,0.2510448232214162,0.3837993859125962,0.5486531805272766,0.16485379461468042,1834.0,0.8423713235294118,2012.0,0.9241727941176471,1803.0,0.828125,1690.0,0.7761948529411765,1829.0,0.8400735294117647,0.7761948529411765,WACC_0p7_WRT_0p3,0.8421875,2165,False,,,False,False,False,False,False,205.0,0.8680851063829788
SPLL,RialtoBridgeTimelapse,1667,0.44,1220,0.3750000000000001,0.1068777141061055,0,227,3570,4372,10,0.088,0.606647200694153,0.7644488537918734,0.6880770545618221,0.4821390022850294,0.3409664641234146,0.5268567245754312,-2.8192817631169373,2.486580303846317,-2.921841313157002,-2.3302840836398757,-3.215787996382892,1.7111958757000287,0.7644488537918734,0.45690918214403275,0.3075396716478407,0.6880770545618221,0.5178871755703373,0.17018987899148486,0.4821390022850294,0.6354260239788797,0.15328702169385028,0.3409664641234146,0.47133845790950923,0.13037199378609465,0.5268567245754312,0.5469006860400113,0.020043961464580096,1696.0,0.7789522058823529,2149.0,0.9871323529411765,2172.0,0.9977022058823529,1837.0,0.84375,1805.0,0.8290441176470589,0.7789522058823529,WACC_0p1_WRT_0p9,0.8873161764705882,2166,False,,,False,False,False,False,False,227.0,0.9617021276595744
SPLL,RialtoBridgeTimelapse,1821,0.44,1296,0.3750000000000001,0.0925924476793466,0,229,1504,4580,9,0.052,0.6246277547154278,0.7799523271226656,0.7042104569465398,0.500174756463263,0.33674943071907093,0.5263628382966306,-2.8192817631169373,2.486580303846317,-2.921841313157002,-2.3302840836398757,-3.215787996382892,1.7111958757000287,0.7799523271226656,0.45699081542655545,0.32296151169611015,0.7042104569465398,0.515256507367151,0.18895394957938882,0.500174756463263,0.6238062045987951,0.12363144813553206,0.33674943071907093,0.484187247833595,0.14743781711452408,0.5263628382966306,0.5754706599526671,0.049107821656036554,1698.0,0.7798713235294118,2135.0,0.9806985294117647,2139.0,0.9825367647058824,1940.0,0.8910845588235294,2017.0,0.9264705882352942,0.7798713235294118,WACC_0p1_WRT_0p9,0.9121323529411764,2167,False,,,False,False,False,False,False,229.0,0.9702127659574468
SPLL,RialtoBridgeTimelapse,1166,0.43,476,0.3500000000000001,0.3292365290329727,0,187,2925,4060,5,0.061,0.319491800211182,0.5273431220871946,0.4345742847817965,0.18492518081309045,0.43835500808797595,0.5662085631461671,-2.8192817631169373,2.486580303846317,-2.921841313157002,-2.3302840836398757,-3.215787996382892,1.7111958757000287,0.5273431220871946,0.45714801359188917,0.07019510849530541,0.4345742847817965,0.5147470401517812,0.0801727553699847,0.18492518081309045,0.6237984620606641,0.4388732812475737,0.43835500808797595,0.45902310582490513,0.02066809773692918,0.5662085631461671,0.5498478977533778,0.016360665392789242,1701.0,0.78125,2131.0,0.9788602941176471,2138.0,0.9820772058823529,1707.0,0.7840073529411765,1838.0,0.8442095588235294,0.78125,WACC_0p1_WRT_0p9,0.8740808823529413,2168,False,,,False,False,False,False,False,187.0,0.7914893617021277
SPLL,RialtoBridgeTimelapse,1426,0.48,1030,0.475,0.1468922163442486,0,215,3926,4388,6,0.055,0.6173823451383644,0.7417905055827938,0.6850741860752929,0.5208269376465093,0.24705105603147726,0.43083426186865503,-2.8192817631169373,2.486580303846317,-2.921841313157002,-2.3302840836398757,-3.215787996382892,1.7111958757000287,0.7417905055827938,0.4731037771745066,0.2686867284082872,0.6850741860752929,0.5170504954679949,0.16802369060729805,0.5208269376465093,0.6241440437824711,0.10331710613596179,0.24705105603147726,0.459053296140247,0.21200224010876972,0.43083426186865503,0.5351735934841577,0.10433933161550268,1906.0,0.8754595588235294,2147.0,0.9862132352941176,2144.0,0.9848345588235294,1708.0,0.7844669117647058,1725.0,0.7922794117647058,0.7844669117647058,WACC_0p7_WRT_0p3,0.8846507352941175,2169,False,,,False,False,False,False,False,215.0,0.9106382978723404
SPLL,RialtoBridgeTimelapse,2102,0.4,941,0.2750000000000001,0.1682500056430838,0,222,2686,4076,6,0.015,0.4736993708511109,0.6832913323247464,0.5820399253912146,0.31949823089248214,0.46801307499665123,0.6309160788940791,-2.8192817631169373,2.486580303846317,-2.921841313157002,-2.3302840836398757,-3.215787996382892,1.7111958757000287,0.6832913323247464,0.47515661938415243,0.20813471294059394,0.5820399253912146,0.5186438858605559,0.06339603953065875,0.31949823089248214,0.6125819624215231,0.29308373152904094,0.46801307499665123,0.45961639132501964,0.0083966836716316,0.6309160788940791,0.5525769493138657,0.07833912958021338,1940.0,0.8910845588235294,2152.0,0.9885110294117647,2066.0,0.9489889705882353,1715.0,0.7876838235294118,1861.0,0.8547794117647058,0.7876838235294118,WACC_0p7_WRT_0p3,0.8942095588235294,2170,False,,,False,False,False,False,False,222.0,0.9404255319148936
SPLL,RialtoBridgeTimelapse,1416,0.3,619,0.025,0.2672058999679644,0,211,2024,3906,7,0.128,0.6455900563980634,0.5649522619254574,0.39942259215392245,0.4907096052114494,0.7894533740779688,0.9143003207110297,-2.8192817631169373,2.486580303846317,-2.921841313157002,-2.3302840836398757,-3.215787996382892,1.7111958757000287,0.5649522619254574,0.4589473221823831,0.10600493974307434,0.39942259215392245,0.5027903616295215,0.10336776947559906,0.4907096052114494,0.6042649419791196,0.11355533676767021,0.7894533740779688,0.46253278966924216,0.3269205844087266,0.9143003207110297,0.561578416817818,0.3527219038932118,1725.0,0.7922794117647058,2043.0,0.9384191176470589,1952.0,0.8965992647058824,1747.0,0.8023897058823529,1936.0,0.8892463235294118,0.7922794117647058,WACC_0p1_WRT_0p9,0.8637867647058824,2171,False,,,False,False,False,False,False,211.0,0.8936170212765957
SPLL,RialtoBridgeTimelapse,2090,0.4,709,0.2750000000000001,0.2351392472314099,0,214,406,3503,7,0.123,0.3928238269781857,0.6146534512314704,0.5099066379799351,0.2374156819736434,0.4901194938018927,0.636424668649195,-2.8192817631169373,2.486580303846317,-2.921841313157002,-2.3302840836398757,-3.215787996382892,1.7111958757000287,0.6146534512314704,0.45904925379249867,0.15560419743897175,0.5099066379799351,0.49016497193981823,0.019741666040116845,0.2374156819736434,0.5927227400310116,0.3553070580573682,0.4901194938018927,0.46247458242440986,0.027644911377482817,0.636424668649195,0.5692976450113666,0.06712702363782841,1726.0,0.7927389705882353,1813.0,0.8327205882352942,1742.0,0.8000919117647058,1746.0,0.8019301470588235,1983.0,0.9108455882352942,0.7927389705882353,WACC_0p1_WRT_0p9,0.8276654411764707,2172,False,,,False,False,False,False,False,214.0,0.9063829787234042
SPLL,RialtoBridgeTimelapse,1506,0.5,1211,0.5250000000000001,0.108627967495959,0,209,4304,4195,9,0.045,0.6995887366570473,0.797507548833969,0.7528318545434433,0.6165518316614209,0.1843432779191392,0.38309119799226976,-2.8192817631169373,2.486580303846317,-2.921841313157002,-2.3302840836398757,-3.215787996382892,1.7111958757000287,0.797507548833969,0.4765434969313205,0.32096405190264854,0.7528318545434433,0.5211780469639115,0.2316538075795318,0.6165518316614209,0.6202567081421612,0.003704876480740249,0.1843432779191392,0.46528594115482436,0.2809426632356852,0.38309119799226976,0.5359770769054689,0.15288587891319916,1954.0,0.8975183823529411,2156.0,0.9903492647058824,2119.0,0.9733455882352942,1774.0,0.8147977941176471,1731.0,0.7950367647058824,0.7950367647058824,WACC_0p9_WRT_0p1,0.8942095588235295,2173,False,,,False,False,False,False,False,209.0,0.8851063829787233
SPLL,RialtoBridgeTimelapse,1134,0.48,1310,0.475,0.0900525093827605,0,217,1808,4285,8,0.039,0.6904946984598914,0.8052037572679189,0.7508234136981154,0.5938372764019553,0.230972516300561,0.42994537686986445,-2.8192817631169373,2.486580303846317,-2.921841313157002,-2.3302840836398757,-3.215787996382892,1.7111958757000287,0.8052037572679189,0.4598415186972877,0.34536223857063125,0.7508234136981154,0.5125317428457894,0.23829167085232605,0.5938372764019553,0.6186028427728336,0.024765566370878345,0.230972516300561,0.4664966410107512,0.2355241247101902,0.42994537686986445,0.5593109703731809,0.12936559350331645,1737.0,0.7977941176470589,2120.0,0.9738051470588235,2111.0,0.9696691176470589,1790.0,0.8221507352941176,1919.0,0.8814338235294118,0.7977941176470589,WACC_0p1_WRT_0p9,0.8889705882352942,2174,False,,,False,False,False,False,False,217.0,0.9191489361702128
SPLL,RialtoBridgeTimelapse,1721,0.3,1239,0.025,0.1032247183956788,0,230,65,4739,6,0.032,0.5544624542386203,0.7230731924507506,0.5682024106291974,0.35115427489270123,0.7258491755845073,0.8893548873158628,-2.8192817631169373,2.486580303846317,-2.921841313157002,-2.3302840836398757,-3.215787996382892,1.7111958757000287,0.7230731924507506,0.46036128325395387,0.26271190919679677,0.5682024106291974,0.4964573206667541,0.07174508996244333,0.35115427489270123,0.6204842093206421,0.26932993442794084,0.7258491755845073,0.5166518603233251,0.20919731526118224,0.8893548873158628,0.6171324037551428,0.27222248356072,1747.0,0.8023897058823529,1938.0,0.8901654411764706,2124.0,0.9756433823529411,2102.0,0.9655330882352942,2155.0,0.9898897058823529,0.8023897058823529,WACC_0p1_WRT_0p9,0.9247242647058824,2175,False,,,False,False,False,False,False,230.0,0.9744680851063829
SPLL,RialtoBridgeTimelapse,62,0.32,2134,0.075,0.0,0,235,1,5000,10,0.001,0.5695351531127136,0.8316008985477557,0.6940322184738766,0.35817239665186196,0.6336223770987067,0.8252801376783128,-2.8192817631169373,2.486580303846317,-2.921841313157002,-2.3302840836398757,-3.215787996382892,1.7111958757000287,0.8316008985477557,0.46440541128394613,0.3671954872638095,0.6940322184738766,0.5045627474200579,0.18946947105381873,0.35817239665186196,0.6143883228584033,0.2562159262065413,0.6336223770987067,0.5218759238895923,0.11174645320911447,0.8252801376783128,0.6192240364588893,0.20605610121942342,1804.0,0.8285845588235294,2062.0,0.9471507352941176,2080.0,0.9554227941176471,2118.0,0.9728860294117647,2158.0,0.9912683823529411,0.8285845588235294,WACC_0p1_WRT_0p9,0.9390625,2176,False,,,False,False,False,False,False,235.0,0.9957446808510638
SPLL,RialtoBridgeTimelapse,1995,0.46,1319,0.4250000000000001,0.0884339751052881,0,226,4193,4872,8,0.055,0.6606088203769671,0.7950705924463232,0.7301979242256053,0.5501812377076252,0.28275904191982204,0.4776648845871262,-2.8192817631169373,2.486580303846317,-2.921841313157002,-2.3302840836398757,-3.215787996382892,1.7111958757000287,0.7950705924463232,0.4657952713296987,0.32927532111662444,0.7301979242256053,0.5231666298750458,0.20703129435055945,0.5501812377076252,0.6362241132699265,0.08604287556230128,0.28275904191982204,0.47664822470151735,0.1938891827816953,0.4776648845871262,0.5592124192132746,0.08154753462614839,1826.0,0.8386948529411765,2162.0,0.9931066176470589,2174.0,0.9986213235294118,1882.0,0.8644301470588235,1914.0,0.8791360294117647,0.8386948529411765,WACC_0p1_WRT_0p9,0.9147977941176471,2177,False,,,False,False,False,False,False,226.0,0.9574468085106383
