detector,dataset_name,index,ACCURACY,RUNTIME,transformed_accuracy,transformed_runtime,is_pareto,pareto_layer,recent_samples_size,n_samples,const,max_depth,threshold,n_features,log_n_instances,n_classes,min_class_count,class_entropy_norm,imbalance_ratio,feat_zero_frac_mean,constant_feature_fraction,feat_mean_mean,feat_mean_q1,feat_std_min,feat_std_q3,feat_min_mean,feat_min_max,feat_max_min,feat_max_median,feat_skew_min,feat_skew_q1,feat_skew_median,feat_kurt_min,feat_kurt_q1,feat_entropy_binned_mean,feat_entropy_binned_std,feat_entropy_binned_max,max_abs_corr,x_pca_skewness_first_pc,x_pca_kurtosis_first_pc,x_pca_k_for_95pct,mi_feat_to_label_min,mi_feat_to_label_q1,knn_same_class_ratio_mean,landmark__gnb_acc,landmark__1nn_acc,landmark__dt_depth5_acc,tree__n_nodes,cluster__ari_vs_label,earlyshift_batch__ks_std,earlyshift_batch__ks_median,earlyshift_batch__ks_q3,earlyshift_batch__kl_q1,earlyshift_batch__kl_q3,earlyshift_batch__hellinger_mean,earlyshift_batch__label_L1_mean,earlyshift_batch__label_L1_std,pred_transformed_accuracy,pred_transformed_runtime,pred_is_pareto,pred_pareto_layer,real_pareto_layer,abs_error_pareto_layer,pred_balanced_objective,pred_mean_objective,helper_distance_to_predicted_front,recommendation_rank,predicted_order_rank,normalized_pareto_depth,selected_at_20
BNDM,ForestCovertype,110,0.74,2934,0.7441860465116279,0.2559038825396508,0,15,4619,822,0.001,1,0.424,54.0,13.272526689665506,7.0,2.0,0.6970056904918152,413.5,0.7805185185185185,0.2592592592592592,168.25063888888891,0.000125,0.0,0.2703293785712328,40.5925925925926,2000.0,0.0,1.0,-3.48238693411383,0.0,2.5219219344944284,-1.8841056121267927,0.0,0.1729072631980554,0.301106036869958,0.9392315502144786,0.8602479119603493,1.1145293779433016,1.036087440057294,30.0,0.0,0.0020065250911484,0.727625,0.5902048975512244,0.8025987006496752,0.7146426786606698,49.0,0.1430867736315684,0.0938146492813726,0.0,0.05875,0.0,0.0614386950786761,0.0699180292431506,0.4444444444444444,0.2567364022629311,0.7404090232683986,0.7274583757273714,1,1.0,15.0,14.0,0.7274583757273714,0.733933699497885,1.0,1,1.0,0.0979020979020979,True
BNDM,ForestCovertype,892,0.73,526,0.7209302325581396,0.534702517534865,0,5,5000,1120,0.001,1,0.999,54.0,13.272526689665506,7.0,2.0,0.6970056904918152,413.5,0.7805185185185185,0.2592592592592592,168.25063888888891,0.000125,0.0,0.2703293785712328,40.5925925925926,2000.0,0.0,1.0,-3.48238693411383,0.0,2.5219219344944284,-1.8841056121267927,0.0,0.1729072631980554,0.301106036869958,0.9392315502144786,0.8602479119603493,1.1145293779433016,1.036087440057294,30.0,0.0,0.0020065250911484,0.727625,0.5902048975512244,0.8025987006496752,0.7146426786606698,49.0,0.1430867736315684,0.0938146492813726,0.0,0.05875,0.0,0.0614386950786761,0.0699180292431506,0.4444444444444444,0.2567364022629311,0.7175498361592104,0.7572075315064416,1,1.0,5.0,4.0,0.7175498361592104,0.737378683832826,1.0,2,1.0,0.027972027972027972,True
BNDM,ForestCovertype,924,0.75,851,0.7674418604651163,0.4567115408004152,0,3,5000,590,10.0,1,0.999,54.0,13.272526689665506,7.0,2.0,0.6970056904918152,413.5,0.7805185185185185,0.2592592592592592,168.25063888888891,0.000125,0.0,0.2703293785712328,40.5925925925926,2000.0,0.0,1.0,-3.48238693411383,0.0,2.5219219344944284,-1.8841056121267927,0.0,0.1729072631980554,0.301106036869958,0.9392315502144786,0.8602479119603493,1.1145293779433016,1.036087440057294,30.0,0.0,0.0020065250911484,0.727625,0.5902048975512244,0.8025987006496752,0.7146426786606698,49.0,0.1430867736315684,0.0938146492813726,0.0,0.05875,0.0,0.0614386950786761,0.0699180292431506,0.4444444444444444,0.2567364022629311,0.7539931006493507,0.685108707610064,1,1.0,3.0,2.0,0.685108707610064,0.7195509041297073,1.0,3,1.0,0.013986013986013986,True
BNDM,ForestCovertype,122,0.71,329,0.6744186046511628,0.6107001392943141,0,16,3749,1430,0.001,3,0.999,54.0,13.272526689665506,7.0,2.0,0.6970056904918152,413.5,0.7805185185185185,0.2592592592592592,168.25063888888891,0.000125,0.0,0.2703293785712328,40.5925925925926,2000.0,0.0,1.0,-3.48238693411383,0.0,2.5219219344944284,-1.8841056121267927,0.0,0.1729072631980554,0.301106036869958,0.9392315502144786,0.8602479119603493,1.1145293779433016,1.036087440057294,30.0,0.0,0.0020065250911484,0.727625,0.5902048975512244,0.8025987006496752,0.7146426786606698,49.0,0.1430867736315684,0.0938146492813726,0.0,0.05875,0.0,0.0614386950786761,0.0699180292431506,0.4444444444444444,0.2567364022629311,0.684048057960558,0.7574040469896217,1,1.0,16.0,15.0,0.684048057960558,0.7207260524750898,1.0,4,1.0,0.1048951048951049,True
BNDM,ForestCovertype,36,0.74,990,0.7441860465116279,0.43217581026366,0,10,3926,689,10.0,1,0.999,54.0,13.272526689665506,7.0,2.0,0.6970056904918152,413.5,0.7805185185185185,0.2592592592592592,168.25063888888891,0.000125,0.0,0.2703293785712328,40.5925925925926,2000.0,0.0,1.0,-3.48238693411383,0.0,2.5219219344944284,-1.8841056121267927,0.0,0.1729072631980554,0.301106036869958,0.9392315502144786,0.8602479119603493,1.1145293779433016,1.036087440057294,30.0,0.0,0.0020065250911484,0.727625,0.5902048975512244,0.8025987006496752,0.7146426786606698,49.0,0.1430867736315684,0.0938146492813726,0.0,0.05875,0.0,0.0614386950786761,0.0699180292431506,0.4444444444444444,0.2567364022629311,0.760784368987494,0.6780107882812958,1,1.0,10.0,9.0,0.6780107882812958,0.7193975786343949,1.0,5,1.0,0.06293706293706294,True
BNDM,ForestCovertype,74,0.71,345,0.6744186046511628,0.6030134657508386,0,17,5000,1630,0.001,1,0.999,54.0,13.272526689665506,7.0,2.0,0.6970056904918152,413.5,0.7805185185185185,0.2592592592592592,168.25063888888891,0.000125,0.0,0.2703293785712328,40.5925925925926,2000.0,0.0,1.0,-3.48238693411383,0.0,2.5219219344944284,-1.8841056121267927,0.0,0.1729072631980554,0.301106036869958,0.9392315502144786,0.8602479119603493,1.1145293779433016,1.036087440057294,30.0,0.0,0.0020065250911484,0.727625,0.5902048975512244,0.8025987006496752,0.7146426786606698,49.0,0.1430867736315684,0.0938146492813726,0.0,0.05875,0.0,0.0614386950786761,0.0699180292431506,0.4444444444444444,0.2567364022629311,0.6722069955507448,0.7862647880215292,1,1.0,17.0,16.0,0.6722069955507448,0.729235891786137,1.0,6,1.0,0.11188811188811189,True
BNDM,ForestCovertype,42,0.71,565,0.6744186046511628,0.5231117314534534,0,22,3744,1721,3.407,1,0.001,54.0,13.272526689665506,7.0,2.0,0.6970056904918152,413.5,0.7805185185185185,0.2592592592592592,168.25063888888891,0.000125,0.0,0.2703293785712328,40.5925925925926,2000.0,0.0,1.0,-3.48238693411383,0.0,2.5219219344944284,-1.8841056121267927,0.0,0.1729072631980554,0.301106036869958,0.9392315502144786,0.8602479119603493,1.1145293779433016,1.036087440057294,30.0,0.0,0.0020065250911484,0.727625,0.5902048975512244,0.8025987006496752,0.7146426786606698,49.0,0.1430867736315684,0.0938146492813726,0.0,0.05875,0.0,0.0614386950786761,0.0699180292431506,0.4444444444444444,0.2567364022629311,0.6391880185786437,0.7910430347347657,1,1.0,22.0,21.0,0.6391880185786437,0.7151155266567046,1.0,7,1.0,0.14685314685314685,True
BNDM,ForestCovertype,0,0.71,1793,0.6744186046511628,0.3358225640530342,0,26,5000,1760,0.001,1,0.001,54.0,13.272526689665506,7.0,2.0,0.6970056904918152,413.5,0.7805185185185185,0.2592592592592592,168.25063888888891,0.000125,0.0,0.2703293785712328,40.5925925925926,2000.0,0.0,1.0,-3.48238693411383,0.0,2.5219219344944284,-1.8841056121267927,0.0,0.1729072631980554,0.301106036869958,0.9392315502144786,0.8602479119603493,1.1145293779433016,1.036087440057294,30.0,0.0,0.0020065250911484,0.727625,0.5902048975512244,0.8025987006496752,0.7146426786606698,49.0,0.1430867736315684,0.0938146492813726,0.0,0.05875,0.0,0.0614386950786761,0.0699180292431506,0.4444444444444444,0.2567364022629311,0.6363827110389609,0.8009191473478949,1,1.0,26.0,25.0,0.6363827110389609,0.718650929193428,1.0,8,1.0,0.17482517482517482,True
BNDM,ForestCovertype,883,0.76,2740,0.7906976744186047,0.2670061727670045,0,14,4164,406,6.271,1,0.544,54.0,13.272526689665506,7.0,2.0,0.6970056904918152,413.5,0.7805185185185185,0.2592592592592592,168.25063888888891,0.000125,0.0,0.2703293785712328,40.5925925925926,2000.0,0.0,1.0,-3.48238693411383,0.0,2.5219219344944284,-1.8841056121267927,0.0,0.1729072631980554,0.301106036869958,0.9392315502144786,0.8602479119603493,1.1145293779433016,1.036087440057294,30.0,0.0,0.0020065250911484,0.727625,0.5902048975512244,0.8025987006496752,0.7146426786606698,49.0,0.1430867736315684,0.0938146492813726,0.0,0.05875,0.0,0.0614386950786761,0.0699180292431506,0.4444444444444444,0.2567364022629311,0.765834220177971,0.6313675486238594,1,1.0,14.0,13.0,0.6313675486238594,0.6986008844009152,1.0,9,1.0,0.09090909090909091,True
BNDM,ForestCovertype,90,0.76,1317,0.7906976744186047,0.3858805184309344,0,6,4872,346,7.151,1,0.999,54.0,13.272526689665506,7.0,2.0,0.6970056904918152,413.5,0.7805185185185185,0.2592592592592592,168.25063888888891,0.000125,0.0,0.2703293785712328,40.5925925925926,2000.0,0.0,1.0,-3.48238693411383,0.0,2.5219219344944284,-1.8841056121267927,0.0,0.1729072631980554,0.301106036869958,0.9392315502144786,0.8602479119603493,1.1145293779433016,1.036087440057294,30.0,0.0,0.0020065250911484,0.727625,0.5902048975512244,0.8025987006496752,0.7146426786606698,49.0,0.1430867736315684,0.0938146492813726,0.0,0.05875,0.0,0.0614386950786761,0.0699180292431506,0.4444444444444444,0.2567364022629311,0.7904447150072151,0.6249785811718058,1,1.0,6.0,5.0,0.6249785811718058,0.7077116480895105,1.0,10,1.0,0.03496503496503497,True
BNDM,ForestCovertype,57,0.78,1423,0.8372093023255816,0.3733219849130432,0,5,4691,185,4.99,1,0.999,54.0,13.272526689665506,7.0,2.0,0.6970056904918152,413.5,0.7805185185185185,0.2592592592592592,168.25063888888891,0.000125,0.0,0.2703293785712328,40.5925925925926,2000.0,0.0,1.0,-3.48238693411383,0.0,2.5219219344944284,-1.8841056121267927,0.0,0.1729072631980554,0.301106036869958,0.9392315502144786,0.8602479119603493,1.1145293779433016,1.036087440057294,30.0,0.0,0.0020065250911484,0.727625,0.5902048975512244,0.8025987006496752,0.7146426786606698,49.0,0.1430867736315684,0.0938146492813726,0.0,0.05875,0.0,0.0614386950786761,0.0699180292431506,0.4444444444444444,0.2567364022629311,0.8058682484567901,0.5970906838717908,1,1.0,5.0,4.0,0.5970906838717908,0.7014794661642905,1.0,11,1.0,0.027972027972027972,True
BNDM,ForestCovertype,26,0.67,218,0.5813953488372094,0.6772673036993115,0,47,5000,2938,0.122,1,0.589,54.0,13.272526689665506,7.0,2.0,0.6970056904918152,413.5,0.7805185185185185,0.2592592592592592,168.25063888888891,0.000125,0.0,0.2703293785712328,40.5925925925926,2000.0,0.0,1.0,-3.48238693411383,0.0,2.5219219344944284,-1.8841056121267927,0.0,0.1729072631980554,0.301106036869958,0.9392315502144786,0.8602479119603493,1.1145293779433016,1.036087440057294,30.0,0.0,0.0020065250911484,0.727625,0.5902048975512244,0.8025987006496752,0.7146426786606698,49.0,0.1430867736315684,0.0938146492813726,0.0,0.05875,0.0,0.0614386950786761,0.0699180292431506,0.4444444444444444,0.2567364022629311,0.587903469215969,0.8092889589756982,1,1.0,47.0,46.0,0.587903469215969,0.6985962140958336,1.0,12,1.0,0.32167832167832167,False
BNDM,ForestCovertype,93,0.68,248,0.6046511627906979,0.6564245376034201,0,36,5000,2625,3.222,1,0.001,54.0,13.272526689665506,7.0,2.0,0.6970056904918152,413.5,0.7805185185185185,0.2592592592592592,168.25063888888891,0.000125,0.0,0.2703293785712328,40.5925925925926,2000.0,0.0,1.0,-3.48238693411383,0.0,2.5219219344944284,-1.8841056121267927,0.0,0.1729072631980554,0.301106036869958,0.9392315502144786,0.8602479119603493,1.1145293779433016,1.036087440057294,30.0,0.0,0.0020065250911484,0.727625,0.5902048975512244,0.8025987006496752,0.7146426786606698,49.0,0.1430867736315684,0.0938146492813726,0.0,0.05875,0.0,0.0614386950786761,0.0699180292431506,0.4444444444444444,0.2567364022629311,0.5876053691678685,0.8127263333620138,1,1.0,36.0,35.0,0.5876053691678685,0.7001658512649411,1.0,13,1.0,0.24475524475524477,False
BNDM,ForestCovertype,2,0.67,201,0.5813953488372094,0.690385891037374,0,44,5000,3438,0.001,1,0.949,54.0,13.272526689665506,7.0,2.0,0.6970056904918152,413.5,0.7805185185185185,0.2592592592592592,168.25063888888891,0.000125,0.0,0.2703293785712328,40.5925925925926,2000.0,0.0,1.0,-3.48238693411383,0.0,2.5219219344944284,-1.8841056121267927,0.0,0.1729072631980554,0.301106036869958,0.9392315502144786,0.8602479119603493,1.1145293779433016,1.036087440057294,30.0,0.0,0.0020065250911484,0.727625,0.5902048975512244,0.8025987006496752,0.7146426786606698,49.0,0.1430867736315684,0.0938146492813726,0.0,0.05875,0.0,0.0614386950786761,0.0699180292431506,0.4444444444444444,0.2567364022629311,0.5683194594757095,0.8282580782279415,1,1.0,44.0,43.0,0.5683194594757095,0.6982887688518256,1.0,14,1.0,0.3006993006993007,False
BNDM,ForestCovertype,927,0.67,206,0.5813953488372094,0.6864162396843723,0,45,3842,3327,3.529,1,0.001,54.0,13.272526689665506,7.0,2.0,0.6970056904918152,413.5,0.7805185185185185,0.2592592592592592,168.25063888888891,0.000125,0.0,0.2703293785712328,40.5925925925926,2000.0,0.0,1.0,-3.48238693411383,0.0,2.5219219344944284,-1.8841056121267927,0.0,0.1729072631980554,0.301106036869958,0.9392315502144786,0.8602479119603493,1.1145293779433016,1.036087440057294,30.0,0.0,0.0020065250911484,0.727625,0.5902048975512244,0.8025987006496752,0.7146426786606698,49.0,0.1430867736315684,0.0938146492813726,0.0,0.05875,0.0,0.0614386950786761,0.0699180292431506,0.4444444444444444,0.2567364022629311,0.5571671176046176,0.8327051590044438,1,1.0,45.0,44.0,0.5571671176046176,0.6949361383045307,1.0,15,1.0,0.3076923076923077,False
BNDM,ForestCovertype,413,0.68,165,0.6046511627906979,0.7222520622239238,0,22,3960,3281,0.011,1,0.499,54.0,13.272526689665506,7.0,2.0,0.6970056904918152,413.5,0.7805185185185185,0.2592592592592592,168.25063888888891,0.000125,0.0,0.2703293785712328,40.5925925925926,2000.0,0.0,1.0,-3.48238693411383,0.0,2.5219219344944284,-1.8841056121267927,0.0,0.1729072631980554,0.301106036869958,0.9392315502144786,0.8602479119603493,1.1145293779433016,1.036087440057294,30.0,0.0,0.0020065250911484,0.727625,0.5902048975512244,0.8025987006496752,0.7146426786606698,49.0,0.1430867736315684,0.0938146492813726,0.0,0.05875,0.0,0.0614386950786761,0.0699180292431506,0.4444444444444444,0.2567364022629311,0.5535967261904762,0.8367110763806904,1,1.0,22.0,21.0,0.5535967261904762,0.6951539012855833,1.0,16,1.0,0.14685314685314685,True
BNDM,ForestCovertype,898,0.67,146,0.5813953488372094,0.7419866284408493,0,30,3248,3086,0.001,1,0.279,54.0,13.272526689665506,7.0,2.0,0.6970056904918152,413.5,0.7805185185185185,0.2592592592592592,168.25063888888891,0.000125,0.0,0.2703293785712328,40.5925925925926,2000.0,0.0,1.0,-3.48238693411383,0.0,2.5219219344944284,-1.8841056121267927,0.0,0.1729072631980554,0.301106036869958,0.9392315502144786,0.8602479119603493,1.1145293779433016,1.036087440057294,30.0,0.0,0.0020065250911484,0.727625,0.5902048975512244,0.8025987006496752,0.7146426786606698,49.0,0.1430867736315684,0.0938146492813726,0.0,0.05875,0.0,0.0614386950786761,0.0699180292431506,0.4444444444444444,0.2567364022629311,0.5370369092712841,0.8416515954434206,1,1.0,30.0,29.0,0.5370369092712841,0.6893442523573523,1.0,17,1.0,0.20279720279720279,True
BNDM,ForestCovertype,54,0.68,118,0.6046511627906979,0.7762927975482627,0,6,1403,3320,1.451,1,0.999,54.0,13.272526689665506,7.0,2.0,0.6970056904918152,413.5,0.7805185185185185,0.2592592592592592,168.25063888888891,0.000125,0.0,0.2703293785712328,40.5925925925926,2000.0,0.0,1.0,-3.48238693411383,0.0,2.5219219344944284,-1.8841056121267927,0.0,0.1729072631980554,0.301106036869958,0.9392315502144786,0.8602479119603493,1.1145293779433016,1.036087440057294,30.0,0.0,0.0020065250911484,0.727625,0.5902048975512244,0.8025987006496752,0.7146426786606698,49.0,0.1430867736315684,0.0938146492813726,0.0,0.05875,0.0,0.0614386950786761,0.0699180292431506,0.4444444444444444,0.2567364022629311,0.49714762205387186,0.8489494657076156,1,1.0,6.0,5.0,0.49714762205387186,0.6730485438807438,1.0,18,1.0,0.03496503496503497,True
BNDM,ForestCovertype,807,0.67,94,0.5813953488372094,0.8128617301398532,0,8,3010,3199,2.553,1,0.761,54.0,13.272526689665506,7.0,2.0,0.6970056904918152,413.5,0.7805185185185185,0.2592592592592592,168.25063888888891,0.000125,0.0,0.2703293785712328,40.5925925925926,2000.0,0.0,1.0,-3.48238693411383,0.0,2.5219219344944284,-1.8841056121267927,0.0,0.1729072631980554,0.301106036869958,0.9392315502144786,0.8602479119603493,1.1145293779433016,1.036087440057294,30.0,0.0,0.0020065250911484,0.727625,0.5902048975512244,0.8025987006496752,0.7146426786606698,49.0,0.1430867736315684,0.0938146492813726,0.0,0.05875,0.0,0.0614386950786761,0.0699180292431506,0.4444444444444444,0.2567364022629311,0.4828101175444926,0.8516020966968625,1,1.0,8.0,7.0,0.4828101175444926,0.6672061071206775,1.0,19,1.0,0.04895104895104895,True
BNDM,ForestCovertype,67,0.66,105,0.558139534883721,0.7950742351394693,0,23,3742,4984,0.001,1,0.001,54.0,13.272526689665506,7.0,2.0,0.6970056904918152,413.5,0.7805185185185185,0.2592592592592592,168.25063888888891,0.000125,0.0,0.2703293785712328,40.5925925925926,2000.0,0.0,1.0,-3.48238693411383,0.0,2.5219219344944284,-1.8841056121267927,0.0,0.1729072631980554,0.301106036869958,0.9392315502144786,0.8602479119603493,1.1145293779433016,1.036087440057294,30.0,0.0,0.0020065250911484,0.727625,0.5902048975512244,0.8025987006496752,0.7146426786606698,49.0,0.1430867736315684,0.0938146492813726,0.0,0.05875,0.0,0.0614386950786761,0.0699180292431506,0.4444444444444444,0.2567364022629311,0.4730727588383836,0.8560502681233731,1,1.0,23.0,22.0,0.4730727588383836,0.6645615134808784,1.0,20,1.0,0.15384615384615385,True
BNDM,ForestCovertype,452,0.64,66,0.5116279069767442,0.8695520243632383,0,10,575,3759,1.795,1,0.518,54.0,13.272526689665506,7.0,2.0,0.6970056904918152,413.5,0.7805185185185185,0.2592592592592592,168.25063888888891,0.000125,0.0,0.2703293785712328,40.5925925925926,2000.0,0.0,1.0,-3.48238693411383,0.0,2.5219219344944284,-1.8841056121267927,0.0,0.1729072631980554,0.301106036869958,0.9392315502144786,0.8602479119603493,1.1145293779433016,1.036087440057294,30.0,0.0,0.0020065250911484,0.727625,0.5902048975512244,0.8025987006496752,0.7146426786606698,49.0,0.1430867736315684,0.0938146492813726,0.0,0.05875,0.0,0.0614386950786761,0.0699180292431506,0.4444444444444444,0.2567364022629311,0.42678575937950947,0.8582224987916269,1,1.0,10.0,9.0,0.42678575937950947,0.6425041290855682,1.0,21,1.0,0.06293706293706294,True
BNDM,ForestCovertype,51,0.66,98,0.558139534883721,0.8061659089359279,0,18,1144,4971,1.985,1,0.999,54.0,13.272526689665506,7.0,2.0,0.6970056904918152,413.5,0.7805185185185185,0.2592592592592592,168.25063888888891,0.000125,0.0,0.2703293785712328,40.5925925925926,2000.0,0.0,1.0,-3.48238693411383,0.0,2.5219219344944284,-1.8841056121267927,0.0,0.1729072631980554,0.301106036869958,0.9392315502144786,0.8602479119603493,1.1145293779433016,1.036087440057294,30.0,0.0,0.0020065250911484,0.727625,0.5902048975512244,0.8025987006496752,0.7146426786606698,49.0,0.1430867736315684,0.0938146492813726,0.0,0.05875,0.0,0.0614386950786761,0.0699180292431506,0.4444444444444444,0.2567364022629311,0.4223187379749878,0.8615766897610355,1,1.0,18.0,17.0,0.4223187379749878,0.6419477138680116,1.0,22,1.0,0.11888111888111888,True
BNDM,ForestCovertype,65,0.66,82,0.558139534883721,0.8347849588443909,0,9,932,4740,0.001,1,0.999,54.0,13.272526689665506,7.0,2.0,0.6970056904918152,413.5,0.7805185185185185,0.2592592592592592,168.25063888888891,0.000125,0.0,0.2703293785712328,40.5925925925926,2000.0,0.0,1.0,-3.48238693411383,0.0,2.5219219344944284,-1.8841056121267927,0.0,0.1729072631980554,0.301106036869958,0.9392315502144786,0.8602479119603493,1.1145293779433016,1.036087440057294,30.0,0.0,0.0020065250911484,0.727625,0.5902048975512244,0.8025987006496752,0.7146426786606698,49.0,0.1430867736315684,0.0938146492813726,0.0,0.05875,0.0,0.0614386950786761,0.0699180292431506,0.4444444444444444,0.2567364022629311,0.4144189363876864,0.8702879718168539,1,1.0,9.0,8.0,0.4144189363876864,0.6423534541022702,1.0,23,1.0,0.055944055944055944,True
BNDM,ForestCovertype,903,0.58,29,0.3720930232558139,1.0,1,1,1,5000,0.001,1,0.43,54.0,13.272526689665506,7.0,2.0,0.6970056904918152,413.5,0.7805185185185185,0.2592592592592592,168.25063888888891,0.000125,0.0,0.2703293785712328,40.5925925925926,2000.0,0.0,1.0,-3.48238693411383,0.0,2.5219219344944284,-1.8841056121267927,0.0,0.1729072631980554,0.301106036869958,0.9392315502144786,0.8602479119603493,1.1145293779433016,1.036087440057294,30.0,0.0,0.0020065250911484,0.727625,0.5902048975512244,0.8025987006496752,0.7146426786606698,49.0,0.1430867736315684,0.0938146492813726,0.0,0.05875,0.0,0.0614386950786761,0.0699180292431506,0.4444444444444444,0.2567364022629311,0.3488463729557478,0.8811815556242723,1,1.0,1.0,0.0,0.3488463729557478,0.61501396429001,1.0,24,1.0,0.0,True
BNDM,ForestCovertype,45,0.73,535,0.7209302325581396,0.5319533345018372,0,7,4320,1055,8.891,1,0.999,54.0,13.272526689665506,7.0,2.0,0.6970056904918152,413.5,0.7805185185185185,0.2592592592592592,168.25063888888891,0.000125,0.0,0.2703293785712328,40.5925925925926,2000.0,0.0,1.0,-3.48238693411383,0.0,2.5219219344944284,-1.8841056121267927,0.0,0.1729072631980554,0.301106036869958,0.9392315502144786,0.8602479119603493,1.1145293779433016,1.036087440057294,30.0,0.0,0.0020065250911484,0.727625,0.5902048975512244,0.8025987006496752,0.7146426786606698,49.0,0.1430867736315684,0.0938146492813726,0.0,0.05875,0.0,0.0614386950786761,0.0699180292431506,0.4444444444444444,0.2567364022629311,0.7132371407527658,0.7143407094035222,0,2.0,7.0,5.0,0.7132371407527658,0.713788925078144,2.0,25,2.0,0.04195804195804196,False
BNDM,ForestCovertype,92,0.74,821,0.7441860465116279,0.4625311836615623,0,7,5000,767,7.319,1,0.999,54.0,13.272526689665506,7.0,2.0,0.6970056904918152,413.5,0.7805185185185185,0.2592592592592592,168.25063888888891,0.000125,0.0,0.2703293785712328,40.5925925925926,2000.0,0.0,1.0,-3.48238693411383,0.0,2.5219219344944284,-1.8841056121267927,0.0,0.1729072631980554,0.301106036869958,0.9392315502144786,0.8602479119603493,1.1145293779433016,1.036087440057294,30.0,0.0,0.0020065250911484,0.727625,0.5902048975512244,0.8025987006496752,0.7146426786606698,49.0,0.1430867736315684,0.0938146492813726,0.0,0.05875,0.0,0.0614386950786761,0.0699180292431506,0.4444444444444444,0.2567364022629311,0.7388976145382394,0.7035163357813592,0,2.0,7.0,5.0,0.7035163357813592,0.7212069751597994,2.0,26,2.0,0.04195804195804196,False
BNDM,ForestCovertype,761,0.74,2287,0.7441860465116279,0.2963339646841596,0,11,4807,831,0.164,2,0.197,54.0,13.272526689665506,7.0,2.0,0.6970056904918152,413.5,0.7805185185185185,0.2592592592592592,168.25063888888891,0.000125,0.0,0.2703293785712328,40.5925925925926,2000.0,0.0,1.0,-3.48238693411383,0.0,2.5219219344944284,-1.8841056121267927,0.0,0.1729072631980554,0.301106036869958,0.9392315502144786,0.8602479119603493,1.1145293779433016,1.036087440057294,30.0,0.0,0.0020065250911484,0.727625,0.5902048975512244,0.8025987006496752,0.7146426786606698,49.0,0.1430867736315684,0.0938146492813726,0.0,0.05875,0.0,0.0614386950786761,0.0699180292431506,0.4444444444444444,0.2567364022629311,0.7005917733886484,0.7186776681385738,0,2.0,11.0,9.0,0.7005917733886484,0.7096347207636111,2.0,27,2.0,0.06993006993006994,False
BNDM,ForestCovertype,530,0.73,11446,0.7209302325581396,0.0349413603684155,0,31,4497,944,0.266,3,0.006,54.0,13.272526689665506,7.0,2.0,0.6970056904918152,413.5,0.7805185185185185,0.2592592592592592,168.25063888888891,0.000125,0.0,0.2703293785712328,40.5925925925926,2000.0,0.0,1.0,-3.48238693411383,0.0,2.5219219344944284,-1.8841056121267927,0.0,0.1729072631980554,0.301106036869958,0.9392315502144786,0.8602479119603493,1.1145293779433016,1.036087440057294,30.0,0.0,0.0020065250911484,0.727625,0.5902048975512244,0.8025987006496752,0.7146426786606698,49.0,0.1430867736315684,0.0938146492813726,0.0,0.05875,0.0,0.0614386950786761,0.0699180292431506,0.4444444444444444,0.2567364022629311,0.6995127014189514,0.7199505043420334,0,2.0,31.0,29.0,0.6995127014189514,0.7097316028804924,2.0,28,2.0,0.2097902097902098,False
BNDM,ForestCovertype,791,0.73,529,0.7209302325581396,0.5337809408773517,0,6,4654,1119,1.268,1,0.921,54.0,13.272526689665506,7.0,2.0,0.6970056904918152,413.5,0.7805185185185185,0.2592592592592592,168.25063888888891,0.000125,0.0,0.2703293785712328,40.5925925925926,2000.0,0.0,1.0,-3.48238693411383,0.0,2.5219219344944284,-1.8841056121267927,0.0,0.1729072631980554,0.301106036869958,0.9392315502144786,0.8602479119603493,1.1145293779433016,1.036087440057294,30.0,0.0,0.0020065250911484,0.727625,0.5902048975512244,0.8025987006496752,0.7146426786606698,49.0,0.1430867736315684,0.0938146492813726,0.0,0.05875,0.0,0.0614386950786761,0.0699180292431506,0.4444444444444444,0.2567364022629311,0.6971857638888888,0.7353487218185177,0,2.0,6.0,4.0,0.6971857638888888,0.7162672428537032,2.0,29,2.0,0.03496503496503497,False
BNDM,ForestCovertype,139,0.73,844,0.7209302325581396,0.4580509173577544,0,8,3545,1000,0.764,1,0.412,54.0,13.272526689665506,7.0,2.0,0.6970056904918152,413.5,0.7805185185185185,0.2592592592592592,168.25063888888891,0.000125,0.0,0.2703293785712328,40.5925925925926,2000.0,0.0,1.0,-3.48238693411383,0.0,2.5219219344944284,-1.8841056121267927,0.0,0.1729072631980554,0.301106036869958,0.9392315502144786,0.8602479119603493,1.1145293779433016,1.036087440057294,30.0,0.0,0.0020065250911484,0.727625,0.5902048975512244,0.8025987006496752,0.7146426786606698,49.0,0.1430867736315684,0.0938146492813726,0.0,0.05875,0.0,0.0614386950786761,0.0699180292431506,0.4444444444444444,0.2567364022629311,0.6773664021164023,0.7469648408743707,0,2.0,8.0,6.0,0.6773664021164023,0.7121656214953864,2.0,30,2.0,0.04895104895104895,False
BNDM,ForestCovertype,94,0.71,382,0.6744186046511628,0.5865192541583026,0,19,5000,1582,8.222,1,0.999,54.0,13.272526689665506,7.0,2.0,0.6970056904918152,413.5,0.7805185185185185,0.2592592592592592,168.25063888888891,0.000125,0.0,0.2703293785712328,40.5925925925926,2000.0,0.0,1.0,-3.48238693411383,0.0,2.5219219344944284,-1.8841056121267927,0.0,0.1729072631980554,0.301106036869958,0.9392315502144786,0.8602479119603493,1.1145293779433016,1.036087440057294,30.0,0.0,0.0020065250911484,0.727625,0.5902048975512244,0.8025987006496752,0.7146426786606698,49.0,0.1430867736315684,0.0938146492813726,0.0,0.05875,0.0,0.0614386950786761,0.0699180292431506,0.4444444444444444,0.2567364022629311,0.6735905032467534,0.7525147056596047,0,2.0,19.0,17.0,0.6735905032467534,0.7130526044531791,2.0,31,2.0,0.1258741258741259,False
BNDM,ForestCovertype,249,0.74,614,0.7441860465116279,0.5096320507460044,0,4,1749,973,2.113,1,0.74,54.0,13.272526689665506,7.0,2.0,0.6970056904918152,413.5,0.7805185185185185,0.2592592592592592,168.25063888888891,0.000125,0.0,0.2703293785712328,40.5925925925926,2000.0,0.0,1.0,-3.48238693411383,0.0,2.5219219344944284,-1.8841056121267927,0.0,0.1729072631980554,0.301106036869958,0.9392315502144786,0.8602479119603493,1.1145293779433016,1.036087440057294,30.0,0.0,0.0020065250911484,0.727625,0.5902048975512244,0.8025987006496752,0.7146426786606698,49.0,0.1430867736315684,0.0938146492813726,0.0,0.05875,0.0,0.0614386950786761,0.0699180292431506,0.4444444444444444,0.2567364022629311,0.6609956785113034,0.7558307876680094,0,2.0,4.0,2.0,0.6609956785113034,0.7084132330896564,2.0,32,2.0,0.02097902097902098,False
BNDM,ForestCovertype,18,0.71,320,0.6744186046511628,0.6151893834316129,0,15,4811,1651,0.255,1,0.63,54.0,13.272526689665506,7.0,2.0,0.6970056904918152,413.5,0.7805185185185185,0.2592592592592592,168.25063888888891,0.000125,0.0,0.2703293785712328,40.5925925925926,2000.0,0.0,1.0,-3.48238693411383,0.0,2.5219219344944284,-1.8841056121267927,0.0,0.1729072631980554,0.301106036869958,0.9392315502144786,0.8602479119603493,1.1145293779433016,1.036087440057294,30.0,0.0,0.0020065250911484,0.727625,0.5902048975512244,0.8025987006496752,0.7146426786606698,49.0,0.1430867736315684,0.0938146492813726,0.0,0.05875,0.0,0.0614386950786761,0.0699180292431506,0.4444444444444444,0.2567364022629311,0.6537147591991341,0.776046819116108,0,2.0,15.0,13.0,0.6537147591991341,0.714880789157621,2.0,33,2.0,0.0979020979020979,False
BNDM,ForestCovertype,32,0.77,1062,0.8139534883720931,0.4207892102673776,0,4,1062,349,10.0,1,0.999,54.0,13.272526689665506,7.0,2.0,0.6970056904918152,413.5,0.7805185185185185,0.2592592592592592,168.25063888888891,0.000125,0.0,0.2703293785712328,40.5925925925926,2000.0,0.0,1.0,-3.48238693411383,0.0,2.5219219344944284,-1.8841056121267927,0.0,0.1729072631980554,0.301106036869958,0.9392315502144786,0.8602479119603493,1.1145293779433016,1.036087440057294,30.0,0.0,0.0020065250911484,0.727625,0.5902048975512244,0.8025987006496752,0.7146426786606698,49.0,0.1430867736315684,0.0938146492813726,0.0,0.05875,0.0,0.0614386950786761,0.0699180292431506,0.4444444444444444,0.2567364022629311,0.7561517481361228,0.6362149911956331,0,2.0,4.0,2.0,0.6362149911956331,0.6961833696658779,2.0,34,2.0,0.02097902097902098,False
BNDM,ForestCovertype,840,0.76,1838,0.7906976744186047,0.3318004594576038,0,7,4157,429,8.337,1,0.557,54.0,13.272526689665506,7.0,2.0,0.6970056904918152,413.5,0.7805185185185185,0.2592592592592592,168.25063888888891,0.000125,0.0,0.2703293785712328,40.5925925925926,2000.0,0.0,1.0,-3.48238693411383,0.0,2.5219219344944284,-1.8841056121267927,0.0,0.1729072631980554,0.301106036869958,0.9392315502144786,0.8602479119603493,1.1145293779433016,1.036087440057294,30.0,0.0,0.0020065250911484,0.727625,0.5902048975512244,0.8025987006496752,0.7146426786606698,49.0,0.1430867736315684,0.0938146492813726,0.0,0.05875,0.0,0.0614386950786761,0.0699180292431506,0.4444444444444444,0.2567364022629311,0.7605343389249642,0.6356602676789636,0,2.0,7.0,5.0,0.6356602676789636,0.698097303301964,2.0,35,2.0,0.04195804195804196,False
BNDM,ForestCovertype,896,0.7,325,0.6511627906976744,0.6126800498310869,0,16,4407,2102,0.001,1,0.502,54.0,13.272526689665506,7.0,2.0,0.6970056904918152,413.5,0.7805185185185185,0.2592592592592592,168.25063888888891,0.000125,0.0,0.2703293785712328,40.5925925925926,2000.0,0.0,1.0,-3.48238693411383,0.0,2.5219219344944284,-1.8841056121267927,0.0,0.1729072631980554,0.301106036869958,0.9392315502144786,0.8602479119603493,1.1145293779433016,1.036087440057294,30.0,0.0,0.0020065250911484,0.727625,0.5902048975512244,0.8025987006496752,0.7146426786606698,49.0,0.1430867736315684,0.0938146492813726,0.0,0.05875,0.0,0.0614386950786761,0.0699180292431506,0.4444444444444444,0.2567364022629311,0.626927601911977,0.7964099473305837,0,2.0,16.0,14.0,0.626927601911977,0.7116687746212804,2.0,36,2.0,0.1048951048951049,False
BNDM,ForestCovertype,487,0.78,3873,0.8372093023255816,0.2108385704523482,0,16,3786,257,4.482,1,0.465,54.0,13.272526689665506,7.0,2.0,0.6970056904918152,413.5,0.7805185185185185,0.2592592592592592,168.25063888888891,0.000125,0.0,0.2703293785712328,40.5925925925926,2000.0,0.0,1.0,-3.48238693411383,0.0,2.5219219344944284,-1.8841056121267927,0.0,0.1729072631980554,0.301106036869958,0.9392315502144786,0.8602479119603493,1.1145293779433016,1.036087440057294,30.0,0.0,0.0020065250911484,0.727625,0.5902048975512244,0.8025987006496752,0.7146426786606698,49.0,0.1430867736315684,0.0938146492813726,0.0,0.05875,0.0,0.0614386950786761,0.0699180292431506,0.4444444444444444,0.2567364022629311,0.7780445827320837,0.6105631011697867,0,2.0,16.0,14.0,0.6105631011697867,0.6943038419509352,2.0,37,2.0,0.1048951048951049,False
BNDM,ForestCovertype,56,0.79,1616,0.8604651162790699,0.3526867677351634,0,4,1559,179,6.558,1,0.999,54.0,13.272526689665506,7.0,2.0,0.6970056904918152,413.5,0.7805185185185185,0.2592592592592592,168.25063888888891,0.000125,0.0,0.2703293785712328,40.5925925925926,2000.0,0.0,1.0,-3.48238693411383,0.0,2.5219219344944284,-1.8841056121267927,0.0,0.1729072631980554,0.301106036869958,0.9392315502144786,0.8602479119603493,1.1145293779433016,1.036087440057294,30.0,0.0,0.0020065250911484,0.727625,0.5902048975512244,0.8025987006496752,0.7146426786606698,49.0,0.1430867736315684,0.0938146492813726,0.0,0.05875,0.0,0.0614386950786761,0.0699180292431506,0.4444444444444444,0.2567364022629311,0.7866380621693115,0.6086198304561916,0,2.0,4.0,2.0,0.6086198304561916,0.6976289463127516,2.0,38,2.0,0.02097902097902098,False
BNDM,ForestCovertype,76,0.7,236,0.6511627906976744,0.6644434836298803,0,10,1141,1852,0.001,1,0.741,54.0,13.272526689665506,7.0,2.0,0.6970056904918152,413.5,0.7805185185185185,0.2592592592592592,168.25063888888891,0.000125,0.0,0.2703293785712328,40.5925925925926,2000.0,0.0,1.0,-3.48238693411383,0.0,2.5219219344944284,-1.8841056121267927,0.0,0.1729072631980554,0.301106036869958,0.9392315502144786,0.8602479119603493,1.1145293779433016,1.036087440057294,30.0,0.0,0.0020065250911484,0.727625,0.5902048975512244,0.8025987006496752,0.7146426786606698,49.0,0.1430867736315684,0.0938146492813726,0.0,0.05875,0.0,0.0614386950786761,0.0699180292431506,0.4444444444444444,0.2567364022629311,0.585254268879269,0.8081332932425914,0,2.0,10.0,8.0,0.585254268879269,0.6966937810609302,2.0,39,2.0,0.06293706293706294,False
BNDM,ForestCovertype,923,0.68,112,0.6046511627906979,0.7846921180130029,0,4,2668,2055,0.156,1,0.999,54.0,13.272526689665506,7.0,2.0,0.6970056904918152,413.5,0.7805185185185185,0.2592592592592592,168.25063888888891,0.000125,0.0,0.2703293785712328,40.5925925925926,2000.0,0.0,1.0,-3.48238693411383,0.0,2.5219219344944284,-1.8841056121267927,0.0,0.1729072631980554,0.301106036869958,0.9392315502144786,0.8602479119603493,1.1145293779433016,1.036087440057294,30.0,0.0,0.0020065250911484,0.727625,0.5902048975512244,0.8025987006496752,0.7146426786606698,49.0,0.1430867736315684,0.0938146492813726,0.0,0.05875,0.0,0.0614386950786761,0.0699180292431506,0.4444444444444444,0.2567364022629311,0.565891188672439,0.812033910605911,0,2.0,4.0,2.0,0.565891188672439,0.688962549639175,2.0,40,2.0,0.02097902097902098,False
BNDM,ForestCovertype,195,0.67,214,0.5813953488372094,0.6802600271852628,0,46,4047,2969,2.538,1,0.411,54.0,13.272526689665506,7.0,2.0,0.6970056904918152,413.5,0.7805185185185185,0.2592592592592592,168.25063888888891,0.000125,0.0,0.2703293785712328,40.5925925925926,2000.0,0.0,1.0,-3.48238693411383,0.0,2.5219219344944284,-1.8841056121267927,0.0,0.1729072631980554,0.301106036869958,0.9392315502144786,0.8602479119603493,1.1145293779433016,1.036087440057294,30.0,0.0,0.0020065250911484,0.727625,0.5902048975512244,0.8025987006496752,0.7146426786606698,49.0,0.1430867736315684,0.0938146492813726,0.0,0.05875,0.0,0.0614386950786761,0.0699180292431506,0.4444444444444444,0.2567364022629311,0.5523402702621448,0.8279633094191546,0,2.0,46.0,44.0,0.5523402702621448,0.6901517898406497,2.0,41,2.0,0.3146853146853147,False
BNDM,ForestCovertype,640,0.8,2273,0.8837209302325583,0.2973304207392758,0,9,4404,81,1.908,2,0.979,54.0,13.272526689665506,7.0,2.0,0.6970056904918152,413.5,0.7805185185185185,0.2592592592592592,168.25063888888891,0.000125,0.0,0.2703293785712328,40.5925925925926,2000.0,0.0,1.0,-3.48238693411383,0.0,2.5219219344944284,-1.8841056121267927,0.0,0.1729072631980554,0.301106036869958,0.9392315502144786,0.8602479119603493,1.1145293779433016,1.036087440057294,30.0,0.0,0.0020065250911484,0.727625,0.5902048975512244,0.8025987006496752,0.7146426786606698,49.0,0.1430867736315684,0.0938146492813726,0.0,0.05875,0.0,0.0614386950786761,0.0699180292431506,0.4444444444444444,0.2567364022629311,0.8006665028258776,0.5474663154496836,0,2.0,9.0,7.0,0.5474663154496836,0.6740664091377806,2.0,42,2.0,0.055944055944055944,False
BNDM,ForestCovertype,102,0.68,209,0.6046511627906979,0.6840802187791324,0,30,1751,2783,0.001,1,0.696,54.0,13.272526689665506,7.0,2.0,0.6970056904918152,413.5,0.7805185185185185,0.2592592592592592,168.25063888888891,0.000125,0.0,0.2703293785712328,40.5925925925926,2000.0,0.0,1.0,-3.48238693411383,0.0,2.5219219344944284,-1.8841056121267927,0.0,0.1729072631980554,0.301106036869958,0.9392315502144786,0.8602479119603493,1.1145293779433016,1.036087440057294,30.0,0.0,0.0020065250911484,0.727625,0.5902048975512244,0.8025987006496752,0.7146426786606698,49.0,0.1430867736315684,0.0938146492813726,0.0,0.05875,0.0,0.0614386950786761,0.0699180292431506,0.4444444444444444,0.2567364022629311,0.5290312800625299,0.8355971599886594,0,2.0,30.0,28.0,0.5290312800625299,0.6823142200255946,2.0,43,2.0,0.20279720279720279,False
BNDM,ForestCovertype,921,0.65,142,0.5348837209302326,0.7464655511660278,0,52,4277,3981,2.559,1,0.999,54.0,13.272526689665506,7.0,2.0,0.6970056904918152,413.5,0.7805185185185185,0.2592592592592592,168.25063888888891,0.000125,0.0,0.2703293785712328,40.5925925925926,2000.0,0.0,1.0,-3.48238693411383,0.0,2.5219219344944284,-1.8841056121267927,0.0,0.1729072631980554,0.301106036869958,0.9392315502144786,0.8602479119603493,1.1145293779433016,1.036087440057294,30.0,0.0,0.0020065250911484,0.727625,0.5902048975512244,0.8025987006496752,0.7146426786606698,49.0,0.1430867736315684,0.0938146492813726,0.0,0.05875,0.0,0.0614386950786761,0.0699180292431506,0.4444444444444444,0.2567364022629311,0.5005275898869649,0.8380084046087158,0,2.0,52.0,50.0,0.5005275898869649,0.6692679972478404,2.0,44,2.0,0.35664335664335667,False
BNDM,ForestCovertype,44,0.67,133,0.5813953488372094,0.7570191277427712,0,24,5000,4563,0.001,1,0.999,54.0,13.272526689665506,7.0,2.0,0.6970056904918152,413.5,0.7805185185185185,0.2592592592592592,168.25063888888891,0.000125,0.0,0.2703293785712328,40.5925925925926,2000.0,0.0,1.0,-3.48238693411383,0.0,2.5219219344944284,-1.8841056121267927,0.0,0.1729072631980554,0.301106036869958,0.9392315502144786,0.8602479119603493,1.1145293779433016,1.036087440057294,30.0,0.0,0.0020065250911484,0.727625,0.5902048975512244,0.8025987006496752,0.7146426786606698,49.0,0.1430867736315684,0.0938146492813726,0.0,0.05875,0.0,0.0614386950786761,0.0699180292431506,0.4444444444444444,0.2567364022629311,0.49464456319143807,0.843433893322147,0,2.0,24.0,22.0,0.49464456319143807,0.6690392282567925,2.0,45,2.0,0.16083916083916083,False
BNDM,ForestCovertype,24,0.67,105,0.5813953488372094,0.7950742351394693,0,11,1108,3380,2.371,1,0.389,54.0,13.272526689665506,7.0,2.0,0.6970056904918152,413.5,0.7805185185185185,0.2592592592592592,168.25063888888891,0.000125,0.0,0.2703293785712328,40.5925925925926,2000.0,0.0,1.0,-3.48238693411383,0.0,2.5219219344944284,-1.8841056121267927,0.0,0.1729072631980554,0.301106036869958,0.9392315502144786,0.8602479119603493,1.1145293779433016,1.036087440057294,30.0,0.0,0.0020065250911484,0.727625,0.5902048975512244,0.8025987006496752,0.7146426786606698,49.0,0.1430867736315684,0.0938146492813726,0.0,0.05875,0.0,0.0614386950786761,0.0699180292431506,0.4444444444444444,0.2567364022629311,0.46793394510582004,0.8445564377111258,0,2.0,11.0,9.0,0.46793394510582004,0.6562451914084729,2.0,46,2.0,0.06993006993006994,False
BNDM,ForestCovertype,918,0.66,72,0.558139534883721,0.8556277249402824,0,4,970,4647,0.001,1,0.199,54.0,13.272526689665506,7.0,2.0,0.6970056904918152,413.5,0.7805185185185185,0.2592592592592592,168.25063888888891,0.000125,0.0,0.2703293785712328,40.5925925925926,2000.0,0.0,1.0,-3.48238693411383,0.0,2.5219219344944284,-1.8841056121267927,0.0,0.1729072631980554,0.301106036869958,0.9392315502144786,0.8602479119603493,1.1145293779433016,1.036087440057294,30.0,0.0,0.0020065250911484,0.727625,0.5902048975512244,0.8025987006496752,0.7146426786606698,49.0,0.1430867736315684,0.0938146492813726,0.0,0.05875,0.0,0.0614386950786761,0.0699180292431506,0.4444444444444444,0.2567364022629311,0.43161226100288597,0.8502108868881794,0,2.0,4.0,2.0,0.43161226100288597,0.6409115739455327,2.0,47,2.0,0.02097902097902098,False
BNDM,ForestCovertype,893,0.58,33,0.3720930232558139,0.9796796821486634,0,5,1,2729,0.001,1,0.506,54.0,13.272526689665506,7.0,2.0,0.6970056904918152,413.5,0.7805185185185185,0.2592592592592592,168.25063888888891,0.000125,0.0,0.2703293785712328,40.5925925925926,2000.0,0.0,1.0,-3.48238693411383,0.0,2.5219219344944284,-1.8841056121267927,0.0,0.1729072631980554,0.301106036869958,0.9392315502144786,0.8602479119603493,1.1145293779433016,1.036087440057294,30.0,0.0,0.0020065250911484,0.727625,0.5902048975512244,0.8025987006496752,0.7146426786606698,49.0,0.1430867736315684,0.0938146492813726,0.0,0.05875,0.0,0.0614386950786761,0.0699180292431506,0.4444444444444444,0.2567364022629311,0.41595534211159185,0.8576037879694964,0,2.0,5.0,3.0,0.41595534211159185,0.6367795650405441,2.0,48,2.0,0.027972027972027972,False
BNDM,ForestCovertype,46,0.65,65,0.5348837209302326,0.8719934335564317,0,8,429,4118,0.001,1,0.535,54.0,13.272526689665506,7.0,2.0,0.6970056904918152,413.5,0.7805185185185185,0.2592592592592592,168.25063888888891,0.000125,0.0,0.2703293785712328,40.5925925925926,2000.0,0.0,1.0,-3.48238693411383,0.0,2.5219219344944284,-1.8841056121267927,0.0,0.1729072631980554,0.301106036869958,0.9392315502144786,0.8602479119603493,1.1145293779433016,1.036087440057294,30.0,0.0,0.0020065250911484,0.727625,0.5902048975512244,0.8025987006496752,0.7146426786606698,49.0,0.1430867736315684,0.0938146492813726,0.0,0.05875,0.0,0.0614386950786761,0.0699180292431506,0.4444444444444444,0.2567364022629311,0.41409042809042806,0.8635786460212628,0,2.0,8.0,6.0,0.41409042809042806,0.6388345370558455,2.0,49,2.0,0.04895104895104895,False
BNDM,ForestCovertype,547,0.73,1068,0.7209302325581396,0.4198754143170857,0,11,4358,826,1.123,1,0.587,54.0,13.272526689665506,7.0,2.0,0.6970056904918152,413.5,0.7805185185185185,0.2592592592592592,168.25063888888891,0.000125,0.0,0.2703293785712328,40.5925925925926,2000.0,0.0,1.0,-3.48238693411383,0.0,2.5219219344944284,-1.8841056121267927,0.0,0.1729072631980554,0.301106036869958,0.9392315502144786,0.8602479119603493,1.1145293779433016,1.036087440057294,30.0,0.0,0.0020065250911484,0.727625,0.5902048975512244,0.8025987006496752,0.7146426786606698,49.0,0.1430867736315684,0.0938146492813726,0.0,0.05875,0.0,0.0614386950786761,0.0699180292431506,0.4444444444444444,0.2567364022629311,0.7063341299903805,0.7087828274591133,0,3.0,11.0,8.0,0.7063341299903805,0.7075584787247469,3.0,50,3.0,0.06993006993006994,False
BNDM,ForestCovertype,16,0.74,938,0.7441860465116279,0.4409263569989928,0,8,3964,864,10.0,1,0.692,54.0,13.272526689665506,7.0,2.0,0.6970056904918152,413.5,0.7805185185185185,0.2592592592592592,168.25063888888891,0.000125,0.0,0.2703293785712328,40.5925925925926,2000.0,0.0,1.0,-3.48238693411383,0.0,2.5219219344944284,-1.8841056121267927,0.0,0.1729072631980554,0.301106036869958,0.9392315502144786,0.8602479119603493,1.1145293779433016,1.036087440057294,30.0,0.0,0.0020065250911484,0.727625,0.5902048975512244,0.8025987006496752,0.7146426786606698,49.0,0.1430867736315684,0.0938146492813726,0.0,0.05875,0.0,0.0614386950786761,0.0699180292431506,0.4444444444444444,0.2567364022629311,0.7133360464766718,0.7028126265718969,0,3.0,8.0,5.0,0.7028126265718969,0.7080743365242843,3.0,51,3.0,0.04895104895104895,False
BNDM,ForestCovertype,732,0.72,2824,0.6976744186046512,0.2621055294887678,0,15,4053,973,7.849,1,0.147,54.0,13.272526689665506,7.0,2.0,0.6970056904918152,413.5,0.7805185185185185,0.2592592592592592,168.25063888888891,0.000125,0.0,0.2703293785712328,40.5925925925926,2000.0,0.0,1.0,-3.48238693411383,0.0,2.5219219344944284,-1.8841056121267927,0.0,0.1729072631980554,0.301106036869958,0.9392315502144786,0.8602479119603493,1.1145293779433016,1.036087440057294,30.0,0.0,0.0020065250911484,0.727625,0.5902048975512244,0.8025987006496752,0.7146426786606698,49.0,0.1430867736315684,0.0938146492813726,0.0,0.05875,0.0,0.0614386950786761,0.0699180292431506,0.4444444444444444,0.2567364022629311,0.6957200276575276,0.7193939273986792,0,3.0,15.0,12.0,0.6957200276575276,0.7075569775281034,3.0,52,3.0,0.0979020979020979,False
BNDM,ForestCovertype,410,0.73,2082,0.7209302325581396,0.3115736436160842,0,14,4683,1194,7.331,1,0.018,54.0,13.272526689665506,7.0,2.0,0.6970056904918152,413.5,0.7805185185185185,0.2592592592592592,168.25063888888891,0.000125,0.0,0.2703293785712328,40.5925925925926,2000.0,0.0,1.0,-3.48238693411383,0.0,2.5219219344944284,-1.8841056121267927,0.0,0.1729072631980554,0.301106036869958,0.9392315502144786,0.8602479119603493,1.1145293779433016,1.036087440057294,30.0,0.0,0.0020065250911484,0.727625,0.5902048975512244,0.8025987006496752,0.7146426786606698,49.0,0.1430867736315684,0.0938146492813726,0.0,0.05875,0.0,0.0614386950786761,0.0699180292431506,0.4444444444444444,0.2567364022629311,0.680393992794486,0.7201657348937017,0,3.0,14.0,11.0,0.680393992794486,0.7002798638440939,3.0,53,3.0,0.09090909090909091,False
BNDM,ForestCovertype,905,0.72,738,0.6976744186046512,0.4798121887219067,0,9,5000,1256,5.205,1,0.096,54.0,13.272526689665506,7.0,2.0,0.6970056904918152,413.5,0.7805185185185185,0.2592592592592592,168.25063888888891,0.000125,0.0,0.2703293785712328,40.5925925925926,2000.0,0.0,1.0,-3.48238693411383,0.0,2.5219219344944284,-1.8841056121267927,0.0,0.1729072631980554,0.301106036869958,0.9392315502144786,0.8602479119603493,1.1145293779433016,1.036087440057294,30.0,0.0,0.0020065250911484,0.727625,0.5902048975512244,0.8025987006496752,0.7146426786606698,49.0,0.1430867736315684,0.0938146492813726,0.0,0.05875,0.0,0.0614386950786761,0.0699180292431506,0.4444444444444444,0.2567364022629311,0.6796760161135159,0.7233854373716826,0,3.0,9.0,6.0,0.6796760161135159,0.7015307267425992,3.0,54,3.0,0.055944055944055944,False
BNDM,ForestCovertype,155,0.72,143,0.6976744186046512,0.7453341831597456,1,1,2380,720,7.005,1,0.998,54.0,13.272526689665506,7.0,2.0,0.6970056904918152,413.5,0.7805185185185185,0.2592592592592592,168.25063888888891,0.000125,0.0,0.2703293785712328,40.5925925925926,2000.0,0.0,1.0,-3.48238693411383,0.0,2.5219219344944284,-1.8841056121267927,0.0,0.1729072631980554,0.301106036869958,0.9392315502144786,0.8602479119603493,1.1145293779433016,1.036087440057294,30.0,0.0,0.0020065250911484,0.727625,0.5902048975512244,0.8025987006496752,0.7146426786606698,49.0,0.1430867736315684,0.0938146492813726,0.0,0.05875,0.0,0.0614386950786761,0.0699180292431506,0.4444444444444444,0.2567364022629311,0.674799558080808,0.7306235933340557,0,3.0,1.0,2.0,0.674799558080808,0.7027115757074318,3.0,55,3.0,0.0,False
BNDM,ForestCovertype,228,0.74,4517,0.7441860465116279,0.1858719863588541,0,19,3194,832,0.193,3,0.293,54.0,13.272526689665506,7.0,2.0,0.6970056904918152,413.5,0.7805185185185185,0.2592592592592592,168.25063888888891,0.000125,0.0,0.2703293785712328,40.5925925925926,2000.0,0.0,1.0,-3.48238693411383,0.0,2.5219219344944284,-1.8841056121267927,0.0,0.1729072631980554,0.301106036869958,0.9392315502144786,0.8602479119603493,1.1145293779433016,1.036087440057294,30.0,0.0,0.0020065250911484,0.727625,0.5902048975512244,0.8025987006496752,0.7146426786606698,49.0,0.1430867736315684,0.0938146492813726,0.0,0.05875,0.0,0.0614386950786761,0.0699180292431506,0.4444444444444444,0.2567364022629311,0.6741779025372782,0.736867260179809,0,3.0,19.0,16.0,0.6741779025372782,0.7055225813585435,3.0,56,3.0,0.1258741258741259,False
BNDM,ForestCovertype,476,0.71,1924,0.6744186046511628,0.3243803816727667,0,27,4888,1284,0.089,2,0.164,54.0,13.272526689665506,7.0,2.0,0.6970056904918152,413.5,0.7805185185185185,0.2592592592592592,168.25063888888891,0.000125,0.0,0.2703293785712328,40.5925925925926,2000.0,0.0,1.0,-3.48238693411383,0.0,2.5219219344944284,-1.8841056121267927,0.0,0.1729072631980554,0.301106036869958,0.9392315502144786,0.8602479119603493,1.1145293779433016,1.036087440057294,30.0,0.0,0.0020065250911484,0.727625,0.5902048975512244,0.8025987006496752,0.7146426786606698,49.0,0.1430867736315684,0.0938146492813726,0.0,0.05875,0.0,0.0614386950786761,0.0699180292431506,0.4444444444444444,0.2567364022629311,0.6678467261904766,0.7518112504702366,0,3.0,27.0,24.0,0.6678467261904766,0.7098289883303566,3.0,57,3.0,0.18181818181818182,False
BNDM,ForestCovertype,527,0.77,7477,0.8139534883720931,0.1040641490095498,0,24,2903,371,1.505,1,0.036,54.0,13.272526689665506,7.0,2.0,0.6970056904918152,413.5,0.7805185185185185,0.2592592592592592,168.25063888888891,0.000125,0.0,0.2703293785712328,40.5925925925926,2000.0,0.0,1.0,-3.48238693411383,0.0,2.5219219344944284,-1.8841056121267927,0.0,0.1729072631980554,0.301106036869958,0.9392315502144786,0.8602479119603493,1.1145293779433016,1.036087440057294,30.0,0.0,0.0020065250911484,0.727625,0.5902048975512244,0.8025987006496752,0.7146426786606698,49.0,0.1430867736315684,0.0938146492813726,0.0,0.05875,0.0,0.0614386950786761,0.0699180292431506,0.4444444444444444,0.2567364022629311,0.7234213789682545,0.6644286939593903,0,3.0,24.0,21.0,0.6644286939593903,0.6939250364638224,3.0,58,3.0,0.16083916083916083,False
BNDM,ForestCovertype,69,0.77,610,0.8139534883720931,0.5106914388566752,1,1,972,473,10.0,1,0.999,54.0,13.272526689665506,7.0,2.0,0.6970056904918152,413.5,0.7805185185185185,0.2592592592592592,168.25063888888891,0.000125,0.0,0.2703293785712328,40.5925925925926,2000.0,0.0,1.0,-3.48238693411383,0.0,2.5219219344944284,-1.8841056121267927,0.0,0.1729072631980554,0.301106036869958,0.9392315502144786,0.8602479119603493,1.1145293779433016,1.036087440057294,30.0,0.0,0.0020065250911484,0.727625,0.5902048975512244,0.8025987006496752,0.7146426786606698,49.0,0.1430867736315684,0.0938146492813726,0.0,0.05875,0.0,0.0614386950786761,0.0699180292431506,0.4444444444444444,0.2567364022629311,0.7270965533309282,0.6564076439867232,0,3.0,1.0,2.0,0.6564076439867232,0.6917520986588257,3.0,59,3.0,0.0,False
BNDM,ForestCovertype,585,0.75,6988,0.7674418604651163,0.1150435813715083,0,24,1763,394,3.52,2,0.676,54.0,13.272526689665506,7.0,2.0,0.6970056904918152,413.5,0.7805185185185185,0.2592592592592592,168.25063888888891,0.000125,0.0,0.2703293785712328,40.5925925925926,2000.0,0.0,1.0,-3.48238693411383,0.0,2.5219219344944284,-1.8841056121267927,0.0,0.1729072631980554,0.301106036869958,0.9392315502144786,0.8602479119603493,1.1145293779433016,1.036087440057294,30.0,0.0,0.0020065250911484,0.727625,0.5902048975512244,0.8025987006496752,0.7146426786606698,49.0,0.1430867736315684,0.0938146492813726,0.0,0.05875,0.0,0.0614386950786761,0.0699180292431506,0.4444444444444444,0.2567364022629311,0.7327070857383359,0.6554083815699341,0,3.0,24.0,21.0,0.6554083815699341,0.6940577336541349,3.0,60,3.0,0.16083916083916083,False
BNDM,ForestCovertype,339,0.71,5913,0.6744186046511628,0.1421585857357163,0,31,4439,1452,4.245,2,0.451,54.0,13.272526689665506,7.0,2.0,0.6970056904918152,413.5,0.7805185185185185,0.2592592592592592,168.25063888888891,0.000125,0.0,0.2703293785712328,40.5925925925926,2000.0,0.0,1.0,-3.48238693411383,0.0,2.5219219344944284,-1.8841056121267927,0.0,0.1729072631980554,0.301106036869958,0.9392315502144786,0.8602479119603493,1.1145293779433016,1.036087440057294,30.0,0.0,0.0020065250911484,0.727625,0.5902048975512244,0.8025987006496752,0.7146426786606698,49.0,0.1430867736315684,0.0938146492813726,0.0,0.05875,0.0,0.0614386950786761,0.0699180292431506,0.4444444444444444,0.2567364022629311,0.6548581649831647,0.7535311042138875,0,3.0,31.0,28.0,0.6548581649831647,0.7041946345985262,3.0,61,3.0,0.2097902097902098,False
BNDM,ForestCovertype,890,0.72,4129,0.6976744186046512,0.200449777891158,0,17,3835,1299,2.363,2,0.473,54.0,13.272526689665506,7.0,2.0,0.6970056904918152,413.5,0.7805185185185185,0.2592592592592592,168.25063888888891,0.000125,0.0,0.2703293785712328,40.5925925925926,2000.0,0.0,1.0,-3.48238693411383,0.0,2.5219219344944284,-1.8841056121267927,0.0,0.1729072631980554,0.301106036869958,0.9392315502144786,0.8602479119603493,1.1145293779433016,1.036087440057294,30.0,0.0,0.0020065250911484,0.727625,0.5902048975512244,0.8025987006496752,0.7146426786606698,49.0,0.1430867736315684,0.0938146492813726,0.0,0.05875,0.0,0.0614386950786761,0.0699180292431506,0.4444444444444444,0.2567364022629311,0.6545483555796059,0.7535480697267289,0,3.0,17.0,14.0,0.6545483555796059,0.7040482126531674,3.0,62,3.0,0.11188811188811189,False
BNDM,ForestCovertype,391,0.75,2115,0.7674418604651163,0.3090217589681383,0,8,4695,527,9.481,1,0.812,54.0,13.272526689665506,7.0,2.0,0.6970056904918152,413.5,0.7805185185185185,0.2592592592592592,168.25063888888891,0.000125,0.0,0.2703293785712328,40.5925925925926,2000.0,0.0,1.0,-3.48238693411383,0.0,2.5219219344944284,-1.8841056121267927,0.0,0.1729072631980554,0.301106036869958,0.9392315502144786,0.8602479119603493,1.1145293779433016,1.036087440057294,30.0,0.0,0.0020065250911484,0.727625,0.5902048975512244,0.8025987006496752,0.7146426786606698,49.0,0.1430867736315684,0.0938146492813726,0.0,0.05875,0.0,0.0614386950786761,0.0699180292431506,0.4444444444444444,0.2567364022629311,0.7372009379509377,0.6479474549706,0,3.0,8.0,5.0,0.6479474549706,0.6925741964607688,3.0,63,3.0,0.04895104895104895,False
BNDM,ForestCovertype,663,0.72,376,0.6976744186046512,0.589082738762829,0,5,3750,1365,5.085,1,0.895,54.0,13.272526689665506,7.0,2.0,0.6970056904918152,413.5,0.7805185185185185,0.2592592592592592,168.25063888888891,0.000125,0.0,0.2703293785712328,40.5925925925926,2000.0,0.0,1.0,-3.48238693411383,0.0,2.5219219344944284,-1.8841056121267927,0.0,0.1729072631980554,0.301106036869958,0.9392315502144786,0.8602479119603493,1.1145293779433016,1.036087440057294,30.0,0.0,0.0020065250911484,0.727625,0.5902048975512244,0.8025987006496752,0.7146426786606698,49.0,0.1430867736315684,0.0938146492813726,0.0,0.05875,0.0,0.0614386950786761,0.0699180292431506,0.4444444444444444,0.2567364022629311,0.6436873421717166,0.7638123767463791,0,3.0,5.0,2.0,0.6436873421717166,0.7037498594590479,3.0,64,3.0,0.027972027972027972,False
BNDM,ForestCovertype,687,0.72,518,0.6976744186046512,0.537185941130335,0,8,1961,1139,4.628,1,0.756,54.0,13.272526689665506,7.0,2.0,0.6970056904918152,413.5,0.7805185185185185,0.2592592592592592,168.25063888888891,0.000125,0.0,0.2703293785712328,40.5925925925926,2000.0,0.0,1.0,-3.48238693411383,0.0,2.5219219344944284,-1.8841056121267927,0.0,0.1729072631980554,0.301106036869958,0.9392315502144786,0.8602479119603493,1.1145293779433016,1.036087440057294,30.0,0.0,0.0020065250911484,0.727625,0.5902048975512244,0.8025987006496752,0.7146426786606698,49.0,0.1430867736315684,0.0938146492813726,0.0,0.05875,0.0,0.0614386950786761,0.0699180292431506,0.4444444444444444,0.2567364022629311,0.6358933832371334,0.772420310249025,0,3.0,8.0,5.0,0.6358933832371334,0.7041568467430792,3.0,65,3.0,0.04895104895104895,False
BNDM,ForestCovertype,83,0.7,235,0.6511627906976744,0.6651299567536761,0,9,4012,2039,0.001,4,0.999,54.0,13.272526689665506,7.0,2.0,0.6970056904918152,413.5,0.7805185185185185,0.2592592592592592,168.25063888888891,0.000125,0.0,0.2703293785712328,40.5925925925926,2000.0,0.0,1.0,-3.48238693411383,0.0,2.5219219344944284,-1.8841056121267927,0.0,0.1729072631980554,0.301106036869958,0.9392315502144786,0.8602479119603493,1.1145293779433016,1.036087440057294,30.0,0.0,0.0020065250911484,0.727625,0.5902048975512244,0.8025987006496752,0.7146426786606698,49.0,0.1430867736315684,0.0938146492813726,0.0,0.05875,0.0,0.0614386950786761,0.0699180292431506,0.4444444444444444,0.2567364022629311,0.6338515241702737,0.7739205796335317,0,3.0,9.0,6.0,0.6338515241702737,0.7038860519019027,3.0,66,3.0,0.055944055944055944,False
BNDM,ForestCovertype,618,0.75,10693,0.7674418604651163,0.045988486190287,0,29,4089,442,6.52,2,0.765,54.0,13.272526689665506,7.0,2.0,0.6970056904918152,413.5,0.7805185185185185,0.2592592592592592,168.25063888888891,0.000125,0.0,0.2703293785712328,40.5925925925926,2000.0,0.0,1.0,-3.48238693411383,0.0,2.5219219344944284,-1.8841056121267927,0.0,0.1729072631980554,0.301106036869958,0.9392315502144786,0.8602479119603493,1.1145293779433016,1.036087440057294,30.0,0.0,0.0020065250911484,0.727625,0.5902048975512244,0.8025987006496752,0.7146426786606698,49.0,0.1430867736315684,0.0938146492813726,0.0,0.05875,0.0,0.0614386950786761,0.0699180292431506,0.4444444444444444,0.2567364022629311,0.7380000977032233,0.6242410986073017,0,3.0,29.0,26.0,0.6242410986073017,0.6811205981552625,3.0,67,3.0,0.1958041958041958,False
BNDM,ForestCovertype,184,0.71,297,0.6744186046511628,0.6272597707041898,0,13,3782,1626,1.271,1,0.287,54.0,13.272526689665506,7.0,2.0,0.6970056904918152,413.5,0.7805185185185185,0.2592592592592592,168.25063888888891,0.000125,0.0,0.2703293785712328,40.5925925925926,2000.0,0.0,1.0,-3.48238693411383,0.0,2.5219219344944284,-1.8841056121267927,0.0,0.1729072631980554,0.301106036869958,0.9392315502144786,0.8602479119603493,1.1145293779433016,1.036087440057294,30.0,0.0,0.0020065250911484,0.727625,0.5902048975512244,0.8025987006496752,0.7146426786606698,49.0,0.1430867736315684,0.0938146492813726,0.0,0.05875,0.0,0.0614386950786761,0.0699180292431506,0.4444444444444444,0.2567364022629311,0.6221243912337662,0.7876465828624167,0,3.0,13.0,10.0,0.6221243912337662,0.7048854870480914,3.0,68,3.0,0.08391608391608392,False
BNDM,ForestCovertype,880,0.78,1613,0.8372093023255816,0.3529882546405423,0,6,1805,191,1.782,1,0.369,54.0,13.272526689665506,7.0,2.0,0.6970056904918152,413.5,0.7805185185185185,0.2592592592592592,168.25063888888891,0.000125,0.0,0.2703293785712328,40.5925925925926,2000.0,0.0,1.0,-3.48238693411383,0.0,2.5219219344944284,-1.8841056121267927,0.0,0.1729072631980554,0.301106036869958,0.9392315502144786,0.8602479119603493,1.1145293779433016,1.036087440057294,30.0,0.0,0.0020065250911484,0.727625,0.5902048975512244,0.8025987006496752,0.7146426786606698,49.0,0.1430867736315684,0.0938146492813726,0.0,0.05875,0.0,0.0614386950786761,0.0699180292431506,0.4444444444444444,0.2567364022629311,0.7437216360028859,0.6211393834145971,0,3.0,6.0,3.0,0.6211393834145971,0.6824305097087415,3.0,69,3.0,0.03496503496503497,False
BNDM,ForestCovertype,919,0.69,284,0.6279069767441859,0.6345013088988825,0,21,5000,2242,4.76,1,0.001,54.0,13.272526689665506,7.0,2.0,0.6970056904918152,413.5,0.7805185185185185,0.2592592592592592,168.25063888888891,0.000125,0.0,0.2703293785712328,40.5925925925926,2000.0,0.0,1.0,-3.48238693411383,0.0,2.5219219344944284,-1.8841056121267927,0.0,0.1729072631980554,0.301106036869958,0.9392315502144786,0.8602479119603493,1.1145293779433016,1.036087440057294,30.0,0.0,0.0020065250911484,0.727625,0.5902048975512244,0.8025987006496752,0.7146426786606698,49.0,0.1430867736315684,0.0938146492813726,0.0,0.05875,0.0,0.0614386950786761,0.0699180292431506,0.4444444444444444,0.2567364022629311,0.6130154446248194,0.79429137013137,0,3.0,21.0,18.0,0.6130154446248194,0.7036534073780947,3.0,70,3.0,0.13986013986013987,False
BNDM,ForestCovertype,768,0.76,9631,0.7906976744186047,0.0629690571241774,0,27,4578,288,2.705,2,0.724,54.0,13.272526689665506,7.0,2.0,0.6970056904918152,413.5,0.7805185185185185,0.2592592592592592,168.25063888888891,0.000125,0.0,0.2703293785712328,40.5925925925926,2000.0,0.0,1.0,-3.48238693411383,0.0,2.5219219344944284,-1.8841056121267927,0.0,0.1729072631980554,0.301106036869958,0.9392315502144786,0.8602479119603493,1.1145293779433016,1.036087440057294,30.0,0.0,0.0020065250911484,0.727625,0.5902048975512244,0.8025987006496752,0.7146426786606698,49.0,0.1430867736315684,0.0938146492813726,0.0,0.05875,0.0,0.0614386950786761,0.0699180292431506,0.4444444444444444,0.2567364022629311,0.774091367544493,0.6077848657087702,0,3.0,27.0,24.0,0.6077848657087702,0.6909381166266316,3.0,71,3.0,0.18181818181818182,False
BNDM,ForestCovertype,407,0.71,235,0.6744186046511628,0.6651299567536761,0,8,1473,1546,2.356,1,0.901,54.0,13.272526689665506,7.0,2.0,0.6970056904918152,413.5,0.7805185185185185,0.2592592592592592,168.25063888888891,0.000125,0.0,0.2703293785712328,40.5925925925926,2000.0,0.0,1.0,-3.48238693411383,0.0,2.5219219344944284,-1.8841056121267927,0.0,0.1729072631980554,0.301106036869958,0.9392315502144786,0.8602479119603493,1.1145293779433016,1.036087440057294,30.0,0.0,0.0020065250911484,0.727625,0.5902048975512244,0.8025987006496752,0.7146426786606698,49.0,0.1430867736315684,0.0938146492813726,0.0,0.05875,0.0,0.0614386950786761,0.0699180292431506,0.4444444444444444,0.2567364022629311,0.5922718855218855,0.7958124653151235,0,3.0,8.0,5.0,0.5922718855218855,0.6940421754185044,3.0,72,3.0,0.04895104895104895,False
BNDM,ForestCovertype,693,0.71,153,0.6744186046511628,0.7344340735765347,0,2,2810,1707,0.785,2,0.857,54.0,13.272526689665506,7.0,2.0,0.6970056904918152,413.5,0.7805185185185185,0.2592592592592592,168.25063888888891,0.000125,0.0,0.2703293785712328,40.5925925925926,2000.0,0.0,1.0,-3.48238693411383,0.0,2.5219219344944284,-1.8841056121267927,0.0,0.1729072631980554,0.301106036869958,0.9392315502144786,0.8602479119603493,1.1145293779433016,1.036087440057294,30.0,0.0,0.0020065250911484,0.727625,0.5902048975512244,0.8025987006496752,0.7146426786606698,49.0,0.1430867736315684,0.0938146492813726,0.0,0.05875,0.0,0.0614386950786761,0.0699180292431506,0.4444444444444444,0.2567364022629311,0.5788120716089463,0.8013404806028935,0,3.0,2.0,1.0,0.5788120716089463,0.6900762761059199,3.0,73,3.0,0.006993006993006993,False
BNDM,ForestCovertype,512,0.69,193,0.6279069767441859,0.6969464059291515,0,12,4536,2696,1.311,2,0.5,54.0,13.272526689665506,7.0,2.0,0.6970056904918152,413.5,0.7805185185185185,0.2592592592592592,168.25063888888891,0.000125,0.0,0.2703293785712328,40.5925925925926,2000.0,0.0,1.0,-3.48238693411383,0.0,2.5219219344944284,-1.8841056121267927,0.0,0.1729072631980554,0.301106036869958,0.9392315502144786,0.8602479119603493,1.1145293779433016,1.036087440057294,30.0,0.0,0.0020065250911484,0.727625,0.5902048975512244,0.8025987006496752,0.7146426786606698,49.0,0.1430867736315684,0.0938146492813726,0.0,0.05875,0.0,0.0614386950786761,0.0699180292431506,0.4444444444444444,0.2567364022629311,0.5753245325276573,0.8032191466881432,0,3.0,12.0,9.0,0.5753245325276573,0.6892718396079003,3.0,74,3.0,0.07692307692307693,False
BNDM,ForestCovertype,129,0.68,174,0.6046511627906979,0.7136802423784525,0,24,4134,2946,7.247,1,0.482,54.0,13.272526689665506,7.0,2.0,0.6970056904918152,413.5,0.7805185185185185,0.2592592592592592,168.25063888888891,0.000125,0.0,0.2703293785712328,40.5925925925926,2000.0,0.0,1.0,-3.48238693411383,0.0,2.5219219344944284,-1.8841056121267927,0.0,0.1729072631980554,0.301106036869958,0.9392315502144786,0.8602479119603493,1.1145293779433016,1.036087440057294,30.0,0.0,0.0020065250911484,0.727625,0.5902048975512244,0.8025987006496752,0.7146426786606698,49.0,0.1430867736315684,0.0938146492813726,0.0,0.05875,0.0,0.0614386950786761,0.0699180292431506,0.4444444444444444,0.2567364022629311,0.5645653559403561,0.8065753747151113,0,3.0,24.0,21.0,0.5645653559403561,0.6855703653277336,3.0,75,3.0,0.16083916083916083,False
BNDM,ForestCovertype,3,0.67,141,0.5813953488372094,0.7476048586618529,0,26,5000,3339,1.146,1,0.538,54.0,13.272526689665506,7.0,2.0,0.6970056904918152,413.5,0.7805185185185185,0.2592592592592592,168.25063888888891,0.000125,0.0,0.2703293785712328,40.5925925925926,2000.0,0.0,1.0,-3.48238693411383,0.0,2.5219219344944284,-1.8841056121267927,0.0,0.1729072631980554,0.301106036869958,0.9392315502144786,0.8602479119603493,1.1145293779433016,1.036087440057294,30.0,0.0,0.0020065250911484,0.727625,0.5902048975512244,0.8025987006496752,0.7146426786606698,49.0,0.1430867736315684,0.0938146492813726,0.0,0.05875,0.0,0.0614386950786761,0.0699180292431506,0.4444444444444444,0.2567364022629311,0.5597132861351611,0.8109957346398272,0,3.0,26.0,23.0,0.5597132861351611,0.6853545103874942,3.0,76,3.0,0.17482517482517482,False
BNDM,ForestCovertype,677,0.68,155,0.6046511627906979,0.7323391973898088,0,17,4186,3211,0.544,1,0.076,54.0,13.272526689665506,7.0,2.0,0.6970056904918152,413.5,0.7805185185185185,0.2592592592592592,168.25063888888891,0.000125,0.0,0.2703293785712328,40.5925925925926,2000.0,0.0,1.0,-3.48238693411383,0.0,2.5219219344944284,-1.8841056121267927,0.0,0.1729072631980554,0.301106036869958,0.9392315502144786,0.8602479119603493,1.1145293779433016,1.036087440057294,30.0,0.0,0.0020065250911484,0.727625,0.5902048975512244,0.8025987006496752,0.7146426786606698,49.0,0.1430867736315684,0.0938146492813726,0.0,0.05875,0.0,0.0614386950786761,0.0699180292431506,0.4444444444444444,0.2567364022629311,0.5484448878667627,0.8166154239780778,0,3.0,17.0,14.0,0.5484448878667627,0.6825301559224203,3.0,77,3.0,0.11188811188811189,False
BNDM,ForestCovertype,701,0.68,208,0.6046511627906979,0.6848551636962849,0,29,1869,2323,0.257,1,0.621,54.0,13.272526689665506,7.0,2.0,0.6970056904918152,413.5,0.7805185185185185,0.2592592592592592,168.25063888888891,0.000125,0.0,0.2703293785712328,40.5925925925926,2000.0,0.0,1.0,-3.48238693411383,0.0,2.5219219344944284,-1.8841056121267927,0.0,0.1729072631980554,0.301106036869958,0.9392315502144786,0.8602479119603493,1.1145293779433016,1.036087440057294,30.0,0.0,0.0020065250911484,0.727625,0.5902048975512244,0.8025987006496752,0.7146426786606698,49.0,0.1430867736315684,0.0938146492813726,0.0,0.05875,0.0,0.0614386950786761,0.0699180292431506,0.4444444444444444,0.2567364022629311,0.5416694173881675,0.821710142694857,0,3.0,29.0,26.0,0.5416694173881675,0.6816897800415123,3.0,78,3.0,0.1958041958041958,False
BNDM,ForestCovertype,913,0.8,3169,0.8837209302325583,0.2433989640745014,0,13,4589,70,2.795,1,0.359,54.0,13.272526689665506,7.0,2.0,0.6970056904918152,413.5,0.7805185185185185,0.2592592592592592,168.25063888888891,0.000125,0.0,0.2703293785712328,40.5925925925926,2000.0,0.0,1.0,-3.48238693411383,0.0,2.5219219344944284,-1.8841056121267927,0.0,0.1729072631980554,0.301106036869958,0.9392315502144786,0.8602479119603493,1.1145293779433016,1.036087440057294,30.0,0.0,0.0020065250911484,0.727625,0.5902048975512244,0.8025987006496752,0.7146426786606698,49.0,0.1430867736315684,0.0938146492813726,0.0,0.05875,0.0,0.0614386950786761,0.0699180292431506,0.4444444444444444,0.2567364022629311,0.7756613756613759,0.5396031361747667,0,3.0,13.0,10.0,0.5396031361747667,0.6576322559180714,3.0,79,3.0,0.08391608391608392,False
BNDM,ForestCovertype,904,0.68,247,0.6046511627906979,0.6570778610278887,0,35,1852,2761,1.961,1,0.001,54.0,13.272526689665506,7.0,2.0,0.6970056904918152,413.5,0.7805185185185185,0.2592592592592592,168.25063888888891,0.000125,0.0,0.2703293785712328,40.5925925925926,2000.0,0.0,1.0,-3.48238693411383,0.0,2.5219219344944284,-1.8841056121267927,0.0,0.1729072631980554,0.301106036869958,0.9392315502144786,0.8602479119603493,1.1145293779433016,1.036087440057294,30.0,0.0,0.0020065250911484,0.727625,0.5902048975512244,0.8025987006496752,0.7146426786606698,49.0,0.1430867736315684,0.0938146492813726,0.0,0.05875,0.0,0.0614386950786761,0.0699180292431506,0.4444444444444444,0.2567364022629311,0.5294425730519479,0.824162208283267,0,3.0,35.0,32.0,0.5294425730519479,0.6768023906676075,3.0,80,3.0,0.23776223776223776,False
BNDM,ForestCovertype,792,0.67,79,0.5813953488372094,0.8407617313795698,1,1,2623,2637,1.886,1,0.393,54.0,13.272526689665506,7.0,2.0,0.6970056904918152,413.5,0.7805185185185185,0.2592592592592592,168.25063888888891,0.000125,0.0,0.2703293785712328,40.5925925925926,2000.0,0.0,1.0,-3.48238693411383,0.0,2.5219219344944284,-1.8841056121267927,0.0,0.1729072631980554,0.301106036869958,0.9392315502144786,0.8602479119603493,1.1145293779433016,1.036087440057294,30.0,0.0,0.0020065250911484,0.727625,0.5902048975512244,0.8025987006496752,0.7146426786606698,49.0,0.1430867736315684,0.0938146492813726,0.0,0.05875,0.0,0.0614386950786761,0.0699180292431506,0.4444444444444444,0.2567364022629311,0.49615144751082246,0.8336759878621863,0,3.0,1.0,2.0,0.49615144751082246,0.6649137176865044,3.0,81,3.0,0.0,False
BNDM,ForestCovertype,537,0.64,56,0.5116279069767442,0.8957946031609999,0,4,2261,2875,0.359,1,0.647,54.0,13.272526689665506,7.0,2.0,0.6970056904918152,413.5,0.7805185185185185,0.2592592592592592,168.25063888888891,0.000125,0.0,0.2703293785712328,40.5925925925926,2000.0,0.0,1.0,-3.48238693411383,0.0,2.5219219344944284,-1.8841056121267927,0.0,0.1729072631980554,0.301106036869958,0.9392315502144786,0.8602479119603493,1.1145293779433016,1.036087440057294,30.0,0.0,0.0020065250911484,0.727625,0.5902048975512244,0.8025987006496752,0.7146426786606698,49.0,0.1430867736315684,0.0938146492813726,0.0,0.05875,0.0,0.0614386950786761,0.0699180292431506,0.4444444444444444,0.2567364022629311,0.49503457942520424,0.8369984327026114,0,3.0,4.0,1.0,0.49503457942520424,0.6660165060639078,3.0,82,3.0,0.02097902097902098,False
BNDM,ForestCovertype,366,0.67,85,0.5813953488372094,0.8290204248269133,0,6,2646,2968,1.314,1,0.801,54.0,13.272526689665506,7.0,2.0,0.6970056904918152,413.5,0.7805185185185185,0.2592592592592592,168.25063888888891,0.000125,0.0,0.2703293785712328,40.5925925925926,2000.0,0.0,1.0,-3.48238693411383,0.0,2.5219219344944284,-1.8841056121267927,0.0,0.1729072631980554,0.301106036869958,0.9392315502144786,0.8602479119603493,1.1145293779433016,1.036087440057294,30.0,0.0,0.0020065250911484,0.727625,0.5902048975512244,0.8025987006496752,0.7146426786606698,49.0,0.1430867736315684,0.0938146492813726,0.0,0.05875,0.0,0.0614386950786761,0.0699180292431506,0.4444444444444444,0.2567364022629311,0.4912266564454067,0.8374064543326373,0,3.0,6.0,3.0,0.4912266564454067,0.664316555389022,3.0,83,3.0,0.03496503496503497,False
BNDM,ForestCovertype,421,0.81,11259,0.9069767441860468,0.0376154483826532,0,16,3757,10,4.743,3,0.941,54.0,13.272526689665506,7.0,2.0,0.6970056904918152,413.5,0.7805185185185185,0.2592592592592592,168.25063888888891,0.000125,0.0,0.2703293785712328,40.5925925925926,2000.0,0.0,1.0,-3.48238693411383,0.0,2.5219219344944284,-1.8841056121267927,0.0,0.1729072631980554,0.301106036869958,0.9392315502144786,0.8602479119603493,1.1145293779433016,1.036087440057294,30.0,0.0,0.0020065250911484,0.727625,0.5902048975512244,0.8025987006496752,0.7146426786606698,49.0,0.1430867736315684,0.0938146492813726,0.0,0.05875,0.0,0.0614386950786761,0.0699180292431506,0.4444444444444444,0.2567364022629311,0.7909952876984128,0.47340721006495273,0,3.0,16.0,13.0,0.47340721006495273,0.6322012488816827,3.0,84,3.0,0.1048951048951049,False
BNDM,ForestCovertype,847,0.66,97,0.558139534883721,0.807814153061353,0,17,1094,4301,0.133,1,0.248,54.0,13.272526689665506,7.0,2.0,0.6970056904918152,413.5,0.7805185185185185,0.2592592592592592,168.25063888888891,0.000125,0.0,0.2703293785712328,40.5925925925926,2000.0,0.0,1.0,-3.48238693411383,0.0,2.5219219344944284,-1.8841056121267927,0.0,0.1729072631980554,0.301106036869958,0.9392315502144786,0.8602479119603493,1.1145293779433016,1.036087440057294,30.0,0.0,0.0020065250911484,0.727625,0.5902048975512244,0.8025987006496752,0.7146426786606698,49.0,0.1430867736315684,0.0938146492813726,0.0,0.05875,0.0,0.0614386950786761,0.0699180292431506,0.4444444444444444,0.2567364022629311,0.4441741071428572,0.8379562255904475,0,3.0,17.0,14.0,0.4441741071428572,0.6410651663666523,3.0,85,3.0,0.11188811188811189,False
BNDM,ForestCovertype,224,0.64,67,0.5116279069767442,0.8671467855281964,0,11,2405,3683,5.27,1,0.23,54.0,13.272526689665506,7.0,2.0,0.6970056904918152,413.5,0.7805185185185185,0.2592592592592592,168.25063888888891,0.000125,0.0,0.2703293785712328,40.5925925925926,2000.0,0.0,1.0,-3.48238693411383,0.0,2.5219219344944284,-1.8841056121267927,0.0,0.1729072631980554,0.301106036869958,0.9392315502144786,0.8602479119603493,1.1145293779433016,1.036087440057294,30.0,0.0,0.0020065250911484,0.727625,0.5902048975512244,0.8025987006496752,0.7146426786606698,49.0,0.1430867736315684,0.0938146492813726,0.0,0.05875,0.0,0.0614386950786761,0.0699180292431506,0.4444444444444444,0.2567364022629311,0.43454823532948506,0.8393526632470637,0,3.0,11.0,8.0,0.43454823532948506,0.6369504492882744,3.0,86,3.0,0.06993006993006994,False
BNDM,ForestCovertype,136,0.6,35,0.4186046511627906,0.9703999764006798,1,1,2108,4399,1.654,1,0.804,54.0,13.272526689665506,7.0,2.0,0.6970056904918152,413.5,0.7805185185185185,0.2592592592592592,168.25063888888891,0.000125,0.0,0.2703293785712328,40.5925925925926,2000.0,0.0,1.0,-3.48238693411383,0.0,2.5219219344944284,-1.8841056121267927,0.0,0.1729072631980554,0.301106036869958,0.9392315502144786,0.8602479119603493,1.1145293779433016,1.036087440057294,30.0,0.0,0.0020065250911484,0.727625,0.5902048975512244,0.8025987006496752,0.7146426786606698,49.0,0.1430867736315684,0.0938146492813726,0.0,0.05875,0.0,0.0614386950786761,0.0699180292431506,0.4444444444444444,0.2567364022629311,0.40079048671236167,0.8567239689195103,0,3.0,1.0,2.0,0.40079048671236167,0.628757227815936,3.0,87,3.0,0.0,False
BNDM,ForestCovertype,349,0.74,5104,0.7441860465116279,0.1660406864294458,0,21,4370,774,1.894,2,0.147,54.0,13.272526689665506,7.0,2.0,0.6970056904918152,413.5,0.7805185185185185,0.2592592592592592,168.25063888888891,0.000125,0.0,0.2703293785712328,40.5925925925926,2000.0,0.0,1.0,-3.48238693411383,0.0,2.5219219344944284,-1.8841056121267927,0.0,0.1729072631980554,0.301106036869958,0.9392315502144786,0.8602479119603493,1.1145293779433016,1.036087440057294,30.0,0.0,0.0020065250911484,0.727625,0.5902048975512244,0.8025987006496752,0.7146426786606698,49.0,0.1430867736315684,0.0938146492813726,0.0,0.05875,0.0,0.0614386950786761,0.0699180292431506,0.4444444444444444,0.2567364022629311,0.6937309629028376,0.6949573527082156,0,4.0,21.0,17.0,0.6937309629028376,0.6943441578055266,4.0,88,4.0,0.13986013986013987,False
BNDM,ForestCovertype,471,0.75,1739,0.7674418604651163,0.3407844302706482,0,7,1237,498,5.942,1,0.921,54.0,13.272526689665506,7.0,2.0,0.6970056904918152,413.5,0.7805185185185185,0.2592592592592592,168.25063888888891,0.000125,0.0,0.2703293785712328,40.5925925925926,2000.0,0.0,1.0,-3.48238693411383,0.0,2.5219219344944284,-1.8841056121267927,0.0,0.1729072631980554,0.301106036869958,0.9392315502144786,0.8602479119603493,1.1145293779433016,1.036087440057294,30.0,0.0,0.0020065250911484,0.727625,0.5902048975512244,0.8025987006496752,0.7146426786606698,49.0,0.1430867736315684,0.0938146492813726,0.0,0.05875,0.0,0.0614386950786761,0.0699180292431506,0.4444444444444444,0.2567364022629311,0.7050618686868685,0.6922796092427556,0,4.0,7.0,3.0,0.6922796092427556,0.698670738964812,4.0,89,4.0,0.04195804195804196,False
BNDM,ForestCovertype,388,0.76,9367,0.7906976744186047,0.0674809866707621,0,26,2860,462,0.691,2,0.592,54.0,13.272526689665506,7.0,2.0,0.6970056904918152,413.5,0.7805185185185185,0.2592592592592592,168.25063888888891,0.000125,0.0,0.2703293785712328,40.5925925925926,2000.0,0.0,1.0,-3.48238693411383,0.0,2.5219219344944284,-1.8841056121267927,0.0,0.1729072631980554,0.301106036869958,0.9392315502144786,0.8602479119603493,1.1145293779433016,1.036087440057294,30.0,0.0,0.0020065250911484,0.727625,0.5902048975512244,0.8025987006496752,0.7146426786606698,49.0,0.1430867736315684,0.0938146492813726,0.0,0.05875,0.0,0.0614386950786761,0.0699180292431506,0.4444444444444444,0.2567364022629311,0.7076109457671962,0.6788993781205047,0,4.0,26.0,22.0,0.6788993781205047,0.6932551619438505,4.0,90,4.0,0.17482517482517482,False
BNDM,ForestCovertype,63,0.75,555,0.7674418604651163,0.5260057590986301,0,2,1069,595,10.0,1,0.999,54.0,13.272526689665506,7.0,2.0,0.6970056904918152,413.5,0.7805185185185185,0.2592592592592592,168.25063888888891,0.000125,0.0,0.2703293785712328,40.5925925925926,2000.0,0.0,1.0,-3.48238693411383,0.0,2.5219219344944284,-1.8841056121267927,0.0,0.1729072631980554,0.301106036869958,0.9392315502144786,0.8602479119603493,1.1145293779433016,1.036087440057294,30.0,0.0,0.0020065250911484,0.727625,0.5902048975512244,0.8025987006496752,0.7146426786606698,49.0,0.1430867736315684,0.0938146492813726,0.0,0.05875,0.0,0.0614386950786761,0.0699180292431506,0.4444444444444444,0.2567364022629311,0.7115577501202498,0.6768420135144786,0,4.0,2.0,2.0,0.6768420135144786,0.6941998818173643,4.0,91,4.0,0.006993006993006993,False
BNDM,ForestCovertype,329,0.73,8668,0.7209302325581396,0.0800706599365245,0,26,3244,997,0.128,4,0.894,54.0,13.272526689665506,7.0,2.0,0.6970056904918152,413.5,0.7805185185185185,0.2592592592592592,168.25063888888891,0.000125,0.0,0.2703293785712328,40.5925925925926,2000.0,0.0,1.0,-3.48238693411383,0.0,2.5219219344944284,-1.8841056121267927,0.0,0.1729072631980554,0.301106036869958,0.9392315502144786,0.8602479119603493,1.1145293779433016,1.036087440057294,30.0,0.0,0.0020065250911484,0.727625,0.5902048975512244,0.8025987006496752,0.7146426786606698,49.0,0.1430867736315684,0.0938146492813726,0.0,0.05875,0.0,0.0614386950786761,0.0699180292431506,0.4444444444444444,0.2567364022629311,0.67655042989418,0.7209822782955736,0,4.0,26.0,22.0,0.67655042989418,0.6987663540948768,4.0,92,4.0,0.17482517482517482,False
BNDM,ForestCovertype,715,0.74,674,0.7441860465116279,0.4945187598764079,0,5,958,736,1.341,1,0.744,54.0,13.272526689665506,7.0,2.0,0.6970056904918152,413.5,0.7805185185185185,0.2592592592592592,168.25063888888891,0.000125,0.0,0.2703293785712328,40.5925925925926,2000.0,0.0,1.0,-3.48238693411383,0.0,2.5219219344944284,-1.8841056121267927,0.0,0.1729072631980554,0.301106036869958,0.9392315502144786,0.8602479119603493,1.1145293779433016,1.036087440057294,30.0,0.0,0.0020065250911484,0.727625,0.5902048975512244,0.8025987006496752,0.7146426786606698,49.0,0.1430867736315684,0.0938146492813726,0.0,0.05875,0.0,0.0614386950786761,0.0699180292431506,0.4444444444444444,0.2567364022629311,0.6741135987854735,0.7308054199380549,0,4.0,5.0,1.0,0.6741135987854735,0.7024595093617643,4.0,93,4.0,0.027972027972027972,False
BNDM,ForestCovertype,35,0.72,773,0.6976744186046512,0.4722995823449716,0,10,4017,1241,10.0,1,0.7,54.0,13.272526689665506,7.0,2.0,0.6970056904918152,413.5,0.7805185185185185,0.2592592592592592,168.25063888888891,0.000125,0.0,0.2703293785712328,40.5925925925926,2000.0,0.0,1.0,-3.48238693411383,0.0,2.5219219344944284,-1.8841056121267927,0.0,0.1729072631980554,0.301106036869958,0.9392315502144786,0.8602479119603493,1.1145293779433016,1.036087440057294,30.0,0.0,0.0020065250911484,0.727625,0.5902048975512244,0.8025987006496752,0.7146426786606698,49.0,0.1430867736315684,0.0938146492813726,0.0,0.05875,0.0,0.0614386950786761,0.0699180292431506,0.4444444444444444,0.2567364022629311,0.6730330687830695,0.7310365004254133,0,4.0,10.0,6.0,0.6730330687830695,0.7020347846042414,4.0,94,4.0,0.06293706293706294,False
BNDM,ForestCovertype,109,0.76,510,0.7906976744186047,0.5397079437194148,1,1,938,533,10.0,1,0.999,54.0,13.272526689665506,7.0,2.0,0.6970056904918152,413.5,0.7805185185185185,0.2592592592592592,168.25063888888891,0.000125,0.0,0.2703293785712328,40.5925925925926,2000.0,0.0,1.0,-3.48238693411383,0.0,2.5219219344944284,-1.8841056121267927,0.0,0.1729072631980554,0.301106036869958,0.9392315502144786,0.8602479119603493,1.1145293779433016,1.036087440057294,30.0,0.0,0.0020065250911484,0.727625,0.5902048975512244,0.8025987006496752,0.7146426786606698,49.0,0.1430867736315684,0.0938146492813726,0.0,0.05875,0.0,0.0614386950786761,0.0699180292431506,0.4444444444444444,0.2567364022629311,0.7133231797138047,0.6666571619647066,0,4.0,1.0,3.0,0.6666571619647066,0.6899901708392556,4.0,95,4.0,0.0,False
BNDM,ForestCovertype,166,0.72,6677,0.6976744186046512,0.1224336114366601,0,24,4389,1303,3.929,2,0.685,54.0,13.272526689665506,7.0,2.0,0.6970056904918152,413.5,0.7805185185185185,0.2592592592592592,168.25063888888891,0.000125,0.0,0.2703293785712328,40.5925925925926,2000.0,0.0,1.0,-3.48238693411383,0.0,2.5219219344944284,-1.8841056121267927,0.0,0.1729072631980554,0.301106036869958,0.9392315502144786,0.8602479119603493,1.1145293779433016,1.036087440057294,30.0,0.0,0.0020065250911484,0.727625,0.5902048975512244,0.8025987006496752,0.7146426786606698,49.0,0.1430867736315684,0.0938146492813726,0.0,0.05875,0.0,0.0614386950786761,0.0699180292431506,0.4444444444444444,0.2567364022629311,0.663760574494949,0.7415226390887862,0,4.0,24.0,20.0,0.663760574494949,0.7026416067918676,4.0,96,4.0,0.16083916083916083,False
BNDM,ForestCovertype,906,0.71,757,0.6744186046511628,0.4756908419802466,0,23,4876,1468,9.222,1,0.097,54.0,13.272526689665506,7.0,2.0,0.6970056904918152,413.5,0.7805185185185185,0.2592592592592592,168.25063888888891,0.000125,0.0,0.2703293785712328,40.5925925925926,2000.0,0.0,1.0,-3.48238693411383,0.0,2.5219219344944284,-1.8841056121267927,0.0,0.1729072631980554,0.301106036869958,0.9392315502144786,0.8602479119603493,1.1145293779433016,1.036087440057294,30.0,0.0,0.0020065250911484,0.727625,0.5902048975512244,0.8025987006496752,0.7146426786606698,49.0,0.1430867736315684,0.0938146492813726,0.0,0.05875,0.0,0.0614386950786761,0.0699180292431506,0.4444444444444444,0.2567364022629311,0.6608455838143336,0.7433574400845547,0,4.0,23.0,19.0,0.6608455838143336,0.7021015119494441,4.0,97,4.0,0.15384615384615385,False
BNDM,ForestCovertype,37,0.71,866,0.6744186046511628,0.4538781241737348,0,24,4106,1497,10.0,1,0.601,54.0,13.272526689665506,7.0,2.0,0.6970056904918152,413.5,0.7805185185185185,0.2592592592592592,168.25063888888891,0.000125,0.0,0.2703293785712328,40.5925925925926,2000.0,0.0,1.0,-3.48238693411383,0.0,2.5219219344944284,-1.8841056121267927,0.0,0.1729072631980554,0.301106036869958,0.9392315502144786,0.8602479119603493,1.1145293779433016,1.036087440057294,30.0,0.0,0.0020065250911484,0.727625,0.5902048975512244,0.8025987006496752,0.7146426786606698,49.0,0.1430867736315684,0.0938146492813726,0.0,0.05875,0.0,0.0614386950786761,0.0699180292431506,0.4444444444444444,0.2567364022629311,0.6588392781986535,0.7467702726162219,0,4.0,24.0,20.0,0.6588392781986535,0.7028047754074377,4.0,98,4.0,0.16083916083916083,False
BNDM,ForestCovertype,34,0.71,303,0.6744186046511628,0.6240234379201026,0,14,3579,1421,7.859,1,0.999,54.0,13.272526689665506,7.0,2.0,0.6970056904918152,413.5,0.7805185185185185,0.2592592592592592,168.25063888888891,0.000125,0.0,0.2703293785712328,40.5925925925926,2000.0,0.0,1.0,-3.48238693411383,0.0,2.5219219344944284,-1.8841056121267927,0.0,0.1729072631980554,0.301106036869958,0.9392315502144786,0.8602479119603493,1.1145293779433016,1.036087440057294,30.0,0.0,0.0020065250911484,0.727625,0.5902048975512244,0.8025987006496752,0.7146426786606698,49.0,0.1430867736315684,0.0938146492813726,0.0,0.05875,0.0,0.0614386950786761,0.0699180292431506,0.4444444444444444,0.2567364022629311,0.6550445677008174,0.7478444070208892,0,4.0,14.0,10.0,0.6550445677008174,0.7014444873608533,4.0,99,4.0,0.09090909090909091,False
BNDM,ForestCovertype,621,0.73,6018,0.7209302325581396,0.1393014235104475,0,23,3339,1184,0.428,3,0.392,54.0,13.272526689665506,7.0,2.0,0.6970056904918152,413.5,0.7805185185185185,0.2592592592592592,168.25063888888891,0.000125,0.0,0.2703293785712328,40.5925925925926,2000.0,0.0,1.0,-3.48238693411383,0.0,2.5219219344944284,-1.8841056121267927,0.0,0.1729072631980554,0.301106036869958,0.9392315502144786,0.8602479119603493,1.1145293779433016,1.036087440057294,30.0,0.0,0.0020065250911484,0.727625,0.5902048975512244,0.8025987006496752,0.7146426786606698,49.0,0.1430867736315684,0.0938146492813726,0.0,0.05875,0.0,0.0614386950786761,0.0699180292431506,0.4444444444444444,0.2567364022629311,0.6498290193602694,0.7525800430375982,0,4.0,23.0,19.0,0.6498290193602694,0.7012045311989338,4.0,100,4.0,0.15384615384615385,False
BNDM,ForestCovertype,799,0.71,260,0.6744186046511628,0.648783096532729,0,10,3499,1520,5.217,1,0.627,54.0,13.272526689665506,7.0,2.0,0.6970056904918152,413.5,0.7805185185185185,0.2592592592592592,168.25063888888891,0.000125,0.0,0.2703293785712328,40.5925925925926,2000.0,0.0,1.0,-3.48238693411383,0.0,2.5219219344944284,-1.8841056121267927,0.0,0.1729072631980554,0.301106036869958,0.9392315502144786,0.8602479119603493,1.1145293779433016,1.036087440057294,30.0,0.0,0.0020065250911484,0.727625,0.5902048975512244,0.8025987006496752,0.7146426786606698,49.0,0.1430867736315684,0.0938146492813726,0.0,0.05875,0.0,0.0614386950786761,0.0699180292431506,0.4444444444444444,0.2567364022629311,0.6378689348845602,0.7626031030592401,0,4.0,10.0,6.0,0.6378689348845602,0.7002360189719001,4.0,101,4.0,0.06293706293706294,False
BNDM,ForestCovertype,163,0.7,278,0.6511627906976744,0.6379557084073484,0,13,4213,1919,4.564,1,0.544,54.0,13.272526689665506,7.0,2.0,0.6970056904918152,413.5,0.7805185185185185,0.2592592592592592,168.25063888888891,0.000125,0.0,0.2703293785712328,40.5925925925926,2000.0,0.0,1.0,-3.48238693411383,0.0,2.5219219344944284,-1.8841056121267927,0.0,0.1729072631980554,0.301106036869958,0.9392315502144786,0.8602479119603493,1.1145293779433016,1.036087440057294,30.0,0.0,0.0020065250911484,0.727625,0.5902048975512244,0.8025987006496752,0.7146426786606698,49.0,0.1430867736315684,0.0938146492813726,0.0,0.05875,0.0,0.0614386950786761,0.0699180292431506,0.4444444444444444,0.2567364022629311,0.6219985720298218,0.7715623310202696,0,4.0,13.0,9.0,0.6219985720298218,0.6967804515250458,4.0,102,4.0,0.08391608391608392,False
BNDM,ForestCovertype,561,0.68,254,0.6046511627906979,0.6525588632660422,0,37,4471,2010,4.23,1,0.784,54.0,13.272526689665506,7.0,2.0,0.6970056904918152,413.5,0.7805185185185185,0.2592592592592592,168.25063888888891,0.000125,0.0,0.2703293785712328,40.5925925925926,2000.0,0.0,1.0,-3.48238693411383,0.0,2.5219219344944284,-1.8841056121267927,0.0,0.1729072631980554,0.301106036869958,0.9392315502144786,0.8602479119603493,1.1145293779433016,1.036087440057294,30.0,0.0,0.0020065250911484,0.727625,0.5902048975512244,0.8025987006496752,0.7146426786606698,49.0,0.1430867736315684,0.0938146492813726,0.0,0.05875,0.0,0.0614386950786761,0.0699180292431506,0.4444444444444444,0.2567364022629311,0.6141506358225104,0.7729097678467479,0,4.0,37.0,33.0,0.6141506358225104,0.6935302018346292,4.0,103,4.0,0.2517482517482518,False
BNDM,ForestCovertype,72,0.78,1141,0.8372093023255816,0.4091509395081508,0,4,1135,241,10.0,1,0.999,54.0,13.272526689665506,7.0,2.0,0.6970056904918152,413.5,0.7805185185185185,0.2592592592592592,168.25063888888891,0.000125,0.0,0.2703293785712328,40.5925925925926,2000.0,0.0,1.0,-3.48238693411383,0.0,2.5219219344944284,-1.8841056121267927,0.0,0.1729072631980554,0.301106036869958,0.9392315502144786,0.8602479119603493,1.1145293779433016,1.036087440057294,30.0,0.0,0.0020065250911484,0.727625,0.5902048975512244,0.8025987006496752,0.7146426786606698,49.0,0.1430867736315684,0.0938146492813726,0.0,0.05875,0.0,0.0614386950786761,0.0699180292431506,0.4444444444444444,0.2567364022629311,0.7725940731721977,0.607235201059402,0,4.0,4.0,0.0,0.607235201059402,0.6899146371157998,4.0,104,4.0,0.02097902097902098,False
BNDM,ForestCovertype,123,0.7,252,0.6511627906976744,0.653837221460628,0,11,3777,2059,3.923,1,0.507,54.0,13.272526689665506,7.0,2.0,0.6970056904918152,413.5,0.7805185185185185,0.2592592592592592,168.25063888888891,0.000125,0.0,0.2703293785712328,40.5925925925926,2000.0,0.0,1.0,-3.48238693411383,0.0,2.5219219344944284,-1.8841056121267927,0.0,0.1729072631980554,0.301106036869958,0.9392315502144786,0.8602479119603493,1.1145293779433016,1.036087440057294,30.0,0.0,0.0020065250911484,0.727625,0.5902048975512244,0.8025987006496752,0.7146426786606698,49.0,0.1430867736315684,0.0938146492813726,0.0,0.05875,0.0,0.0614386950786761,0.0699180292431506,0.4444444444444444,0.2567364022629311,0.6062104602573355,0.7836319011464549,0,4.0,11.0,7.0,0.6062104602573355,0.6949211807018951,4.0,105,4.0,0.06993006993006994,False
BNDM,ForestCovertype,815,0.71,226,0.6744186046511628,0.671442440308174,0,6,1142,1576,0.337,1,0.46,54.0,13.272526689665506,7.0,2.0,0.6970056904918152,413.5,0.7805185185185185,0.2592592592592592,168.25063888888891,0.000125,0.0,0.2703293785712328,40.5925925925926,2000.0,0.0,1.0,-3.48238693411383,0.0,2.5219219344944284,-1.8841056121267927,0.0,0.1729072631980554,0.301106036869958,0.9392315502144786,0.8602479119603493,1.1145293779433016,1.036087440057294,30.0,0.0,0.0020065250911484,0.727625,0.5902048975512244,0.8025987006496752,0.7146426786606698,49.0,0.1430867736315684,0.0938146492813726,0.0,0.05875,0.0,0.0614386950786761,0.0699180292431506,0.4444444444444444,0.2567364022629311,0.5930862944925447,0.7848351811209026,0,4.0,6.0,2.0,0.5930862944925447,0.6889607378067236,4.0,106,4.0,0.03496503496503497,False
BNDM,ForestCovertype,377,0.69,309,0.6279069767441859,0.6208503600067052,0,25,3998,2329,6.813,1,0.524,54.0,13.272526689665506,7.0,2.0,0.6970056904918152,413.5,0.7805185185185185,0.2592592592592592,168.25063888888891,0.000125,0.0,0.2703293785712328,40.5925925925926,2000.0,0.0,1.0,-3.48238693411383,0.0,2.5219219344944284,-1.8841056121267927,0.0,0.1729072631980554,0.301106036869958,0.9392315502144786,0.8602479119603493,1.1145293779433016,1.036087440057294,30.0,0.0,0.0020065250911484,0.727625,0.5902048975512244,0.8025987006496752,0.7146426786606698,49.0,0.1430867736315684,0.0938146492813726,0.0,0.05875,0.0,0.0614386950786761,0.0699180292431506,0.4444444444444444,0.2567364022629311,0.5883314168470418,0.7851249685410239,0,4.0,25.0,21.0,0.5883314168470418,0.6867281926940328,4.0,107,4.0,0.16783216783216784,False
BNDM,ForestCovertype,882,0.63,2350,0.4883720930232558,0.2919240832748807,0,109,2127,1374,2.975,1,0.01,54.0,13.272526689665506,7.0,2.0,0.6970056904918152,413.5,0.7805185185185185,0.2592592592592592,168.25063888888891,0.000125,0.0,0.2703293785712328,40.5925925925926,2000.0,0.0,1.0,-3.48238693411383,0.0,2.5219219344944284,-1.8841056121267927,0.0,0.1729072631980554,0.301106036869958,0.9392315502144786,0.8602479119603493,1.1145293779433016,1.036087440057294,30.0,0.0,0.0020065250911484,0.727625,0.5902048975512244,0.8025987006496752,0.7146426786606698,49.0,0.1430867736315684,0.0938146492813726,0.0,0.05875,0.0,0.0614386950786761,0.0699180292431506,0.4444444444444444,0.2567364022629311,0.5868365425084175,0.7898939711730315,0,4.0,109.0,105.0,0.5868365425084175,0.6883652568407246,4.0,108,4.0,0.7552447552447552,False
BNDM,ForestCovertype,597,0.69,186,0.6279069767441859,0.7029127180634445,0,10,3917,2564,3.903,1,0.945,54.0,13.272526689665506,7.0,2.0,0.6970056904918152,413.5,0.7805185185185185,0.2592592592592592,168.25063888888891,0.000125,0.0,0.2703293785712328,40.5925925925926,2000.0,0.0,1.0,-3.48238693411383,0.0,2.5219219344944284,-1.8841056121267927,0.0,0.1729072631980554,0.301106036869958,0.9392315502144786,0.8602479119603493,1.1145293779433016,1.036087440057294,30.0,0.0,0.0020065250911484,0.727625,0.5902048975512244,0.8025987006496752,0.7146426786606698,49.0,0.1430867736315684,0.0938146492813726,0.0,0.05875,0.0,0.0614386950786761,0.0699180292431506,0.4444444444444444,0.2567364022629311,0.5778522652116403,0.7960892039875704,0,4.0,10.0,6.0,0.5778522652116403,0.6869707345996054,4.0,109,4.0,0.06293706293706294,False
BNDM,ForestCovertype,25,0.7,1987,0.6511627906976744,0.3191521808205181,0,30,1405,1912,2.887,2,0.541,54.0,13.272526689665506,7.0,2.0,0.6970056904918152,413.5,0.7805185185185185,0.2592592592592592,168.25063888888891,0.000125,0.0,0.2703293785712328,40.5925925925926,2000.0,0.0,1.0,-3.48238693411383,0.0,2.5219219344944284,-1.8841056121267927,0.0,0.1729072631980554,0.301106036869958,0.9392315502144786,0.8602479119603493,1.1145293779433016,1.036087440057294,30.0,0.0,0.0020065250911484,0.727625,0.5902048975512244,0.8025987006496752,0.7146426786606698,49.0,0.1430867736315684,0.0938146492813726,0.0,0.05875,0.0,0.0614386950786761,0.0699180292431506,0.4444444444444444,0.2567364022629311,0.5726301181457432,0.8025982343324747,0,4.0,30.0,26.0,0.5726301181457432,0.6876141762391089,4.0,110,4.0,0.20279720279720279,False
BNDM,ForestCovertype,449,0.67,226,0.5813953488372094,0.671442440308174,0,48,4221,2984,7.177,1,0.255,54.0,13.272526689665506,7.0,2.0,0.6970056904918152,413.5,0.7805185185185185,0.2592592592592592,168.25063888888891,0.000125,0.0,0.2703293785712328,40.5925925925926,2000.0,0.0,1.0,-3.48238693411383,0.0,2.5219219344944284,-1.8841056121267927,0.0,0.1729072631980554,0.301106036869958,0.9392315502144786,0.8602479119603493,1.1145293779433016,1.036087440057294,30.0,0.0,0.0020065250911484,0.727625,0.5902048975512244,0.8025987006496752,0.7146426786606698,49.0,0.1430867736315684,0.0938146492813726,0.0,0.05875,0.0,0.0614386950786761,0.0699180292431506,0.4444444444444444,0.2567364022629311,0.5579724025974024,0.8059666295299192,0,4.0,48.0,44.0,0.5579724025974024,0.6819695160636607,4.0,111,4.0,0.32867132867132864,False
BNDM,ForestCovertype,531,0.68,161,0.6046511627906979,0.7262120305392052,0,21,3472,2364,2.207,1,0.715,54.0,13.272526689665506,7.0,2.0,0.6970056904918152,413.5,0.7805185185185185,0.2592592592592592,168.25063888888891,0.000125,0.0,0.2703293785712328,40.5925925925926,2000.0,0.0,1.0,-3.48238693411383,0.0,2.5219219344944284,-1.8841056121267927,0.0,0.1729072631980554,0.301106036869958,0.9392315502144786,0.8602479119603493,1.1145293779433016,1.036087440057294,30.0,0.0,0.0020065250911484,0.727625,0.5902048975512244,0.8025987006496752,0.7146426786606698,49.0,0.1430867736315684,0.0938146492813726,0.0,0.05875,0.0,0.0614386950786761,0.0699180292431506,0.4444444444444444,0.2567364022629311,0.548353106962482,0.8116173807976188,0,4.0,21.0,17.0,0.548353106962482,0.6799852438800504,4.0,112,4.0,0.13986013986013987,False
BNDM,ForestCovertype,201,0.68,160,0.6046511627906979,0.7272173009454461,0,20,3548,2658,2.456,1,0.244,54.0,13.272526689665506,7.0,2.0,0.6970056904918152,413.5,0.7805185185185185,0.2592592592592592,168.25063888888891,0.000125,0.0,0.2703293785712328,40.5925925925926,2000.0,0.0,1.0,-3.48238693411383,0.0,2.5219219344944284,-1.8841056121267927,0.0,0.1729072631980554,0.301106036869958,0.9392315502144786,0.8602479119603493,1.1145293779433016,1.036087440057294,30.0,0.0,0.0020065250911484,0.727625,0.5902048975512244,0.8025987006496752,0.7146426786606698,49.0,0.1430867736315684,0.0938146492813726,0.0,0.05875,0.0,0.0614386950786761,0.0699180292431506,0.4444444444444444,0.2567364022629311,0.5414781295093793,0.8146762449085203,0,4.0,20.0,16.0,0.5414781295093793,0.6780771872089498,4.0,113,4.0,0.13286713286713286,False
BNDM,ForestCovertype,805,0.69,118,0.6279069767441859,0.7762927975482627,0,5,2817,2254,0.671,2,0.207,54.0,13.272526689665506,7.0,2.0,0.6970056904918152,413.5,0.7805185185185185,0.2592592592592592,168.25063888888891,0.000125,0.0,0.2703293785712328,40.5925925925926,2000.0,0.0,1.0,-3.48238693411383,0.0,2.5219219344944284,-1.8841056121267927,0.0,0.1729072631980554,0.301106036869958,0.9392315502144786,0.8602479119603493,1.1145293779433016,1.036087440057294,30.0,0.0,0.0020065250911484,0.727625,0.5902048975512244,0.8025987006496752,0.7146426786606698,49.0,0.1430867736315684,0.0938146492813726,0.0,0.05875,0.0,0.0614386950786761,0.0699180292431506,0.4444444444444444,0.2567364022629311,0.5405559989778738,0.8166762995597707,0,4.0,5.0,1.0,0.5405559989778738,0.6786161492688223,4.0,114,4.0,0.027972027972027972,False
BNDM,ForestCovertype,108,0.66,174,0.558139534883721,0.7136802423784525,0,61,4036,3735,7.892,1,0.999,54.0,13.272526689665506,7.0,2.0,0.6970056904918152,413.5,0.7805185185185185,0.2592592592592592,168.25063888888891,0.000125,0.0,0.2703293785712328,40.5925925925926,2000.0,0.0,1.0,-3.48238693411383,0.0,2.5219219344944284,-1.8841056121267927,0.0,0.1729072631980554,0.301106036869958,0.9392315502144786,0.8602479119603493,1.1145293779433016,1.036087440057294,30.0,0.0,0.0020065250911484,0.727625,0.5902048975512244,0.8025987006496752,0.7146426786606698,49.0,0.1430867736315684,0.0938146492813726,0.0,0.05875,0.0,0.0614386950786761,0.0699180292431506,0.4444444444444444,0.2567364022629311,0.5376318467412221,0.8175038823808909,0,4.0,61.0,57.0,0.5376318467412221,0.6775678645610566,4.0,115,4.0,0.4195804195804196,False
BNDM,ForestCovertype,103,0.67,151,0.5813953488372094,0.7365563345405697,0,33,3941,3428,2.332,1,0.204,54.0,13.272526689665506,7.0,2.0,0.6970056904918152,413.5,0.7805185185185185,0.2592592592592592,168.25063888888891,0.000125,0.0,0.2703293785712328,40.5925925925926,2000.0,0.0,1.0,-3.48238693411383,0.0,2.5219219344944284,-1.8841056121267927,0.0,0.1729072631980554,0.301106036869958,0.9392315502144786,0.8602479119603493,1.1145293779433016,1.036087440057294,30.0,0.0,0.0020065250911484,0.727625,0.5902048975512244,0.8025987006496752,0.7146426786606698,49.0,0.1430867736315684,0.0938146492813726,0.0,0.05875,0.0,0.0614386950786761,0.0699180292431506,0.4444444444444444,0.2567364022629311,0.5319930254930254,0.8191928455558796,0,4.0,33.0,29.0,0.5319930254930254,0.6755929355244525,4.0,116,4.0,0.22377622377622378,False
BNDM,ForestCovertype,826,0.67,145,0.5813953488372094,0.7430948283198153,0,29,3997,3540,0.231,1,0.707,54.0,13.272526689665506,7.0,2.0,0.6970056904918152,413.5,0.7805185185185185,0.2592592592592592,168.25063888888891,0.000125,0.0,0.2703293785712328,40.5925925925926,2000.0,0.0,1.0,-3.48238693411383,0.0,2.5219219344944284,-1.8841056121267927,0.0,0.1729072631980554,0.301106036869958,0.9392315502144786,0.8602479119603493,1.1145293779433016,1.036087440057294,30.0,0.0,0.0020065250911484,0.727625,0.5902048975512244,0.8025987006496752,0.7146426786606698,49.0,0.1430867736315684,0.0938146492813726,0.0,0.05875,0.0,0.0614386950786761,0.0699180292431506,0.4444444444444444,0.2567364022629311,0.5213199705387207,0.8237615291937902,0,4.0,29.0,25.0,0.5213199705387207,0.6725407498662554,4.0,117,4.0,0.1958041958041958,False
BNDM,ForestCovertype,61,0.68,139,0.6046511627906979,0.7499077433996362,0,12,1419,2768,1.116,1,0.31,54.0,13.272526689665506,7.0,2.0,0.6970056904918152,413.5,0.7805185185185185,0.2592592592592592,168.25063888888891,0.000125,0.0,0.2703293785712328,40.5925925925926,2000.0,0.0,1.0,-3.48238693411383,0.0,2.5219219344944284,-1.8841056121267927,0.0,0.1729072631980554,0.301106036869958,0.9392315502144786,0.8602479119603493,1.1145293779433016,1.036087440057294,30.0,0.0,0.0020065250911484,0.727625,0.5902048975512244,0.8025987006496752,0.7146426786606698,49.0,0.1430867736315684,0.0938146492813726,0.0,0.05875,0.0,0.0614386950786761,0.0699180292431506,0.4444444444444444,0.2567364022629311,0.5126135386604136,0.8240339687753224,0,4.0,12.0,8.0,0.5126135386604136,0.668323753717868,4.0,118,4.0,0.07692307692307693,False
BNDM,ForestCovertype,914,0.67,158,0.5813953488372094,0.7292467105189655,0,34,2587,3191,10.0,1,0.001,54.0,13.272526689665506,7.0,2.0,0.6970056904918152,413.5,0.7805185185185185,0.2592592592592592,168.25063888888891,0.000125,0.0,0.2703293785712328,40.5925925925926,2000.0,0.0,1.0,-3.48238693411383,0.0,2.5219219344944284,-1.8841056121267927,0.0,0.1729072631980554,0.301106036869958,0.9392315502144786,0.8602479119603493,1.1145293779433016,1.036087440057294,30.0,0.0,0.0020065250911484,0.727625,0.5902048975512244,0.8025987006496752,0.7146426786606698,49.0,0.1430867736315684,0.0938146492813726,0.0,0.05875,0.0,0.0614386950786761,0.0699180292431506,0.4444444444444444,0.2567364022629311,0.4957118957431458,0.8245310823349944,0,4.0,34.0,30.0,0.4957118957431458,0.6601214890390701,4.0,119,4.0,0.23076923076923078,False
BNDM,ForestCovertype,270,0.66,108,0.558139534883721,0.7905432251951681,0,26,3685,3826,1.46,1,0.813,54.0,13.272526689665506,7.0,2.0,0.6970056904918152,413.5,0.7805185185185185,0.2592592592592592,168.25063888888891,0.000125,0.0,0.2703293785712328,40.5925925925926,2000.0,0.0,1.0,-3.48238693411383,0.0,2.5219219344944284,-1.8841056121267927,0.0,0.1729072631980554,0.301106036869958,0.9392315502144786,0.8602479119603493,1.1145293779433016,1.036087440057294,30.0,0.0,0.0020065250911484,0.727625,0.5902048975512244,0.8025987006496752,0.7146426786606698,49.0,0.1430867736315684,0.0938146492813726,0.0,0.05875,0.0,0.0614386950786761,0.0699180292431506,0.4444444444444444,0.2567364022629311,0.49052102122414626,0.8305047336308573,0,4.0,26.0,22.0,0.49052102122414626,0.6605128774275018,4.0,120,4.0,0.17482517482517482,False
BNDM,ForestCovertype,586,0.67,113,0.5813953488372094,0.783261706540533,0,15,1099,3351,1.996,1,0.232,54.0,13.272526689665506,7.0,2.0,0.6970056904918152,413.5,0.7805185185185185,0.2592592592592592,168.25063888888891,0.000125,0.0,0.2703293785712328,40.5925925925926,2000.0,0.0,1.0,-3.48238693411383,0.0,2.5219219344944284,-1.8841056121267927,0.0,0.1729072631980554,0.301106036869958,0.9392315502144786,0.8602479119603493,1.1145293779433016,1.036087440057294,30.0,0.0,0.0020065250911484,0.727625,0.5902048975512244,0.8025987006496752,0.7146426786606698,49.0,0.1430867736315684,0.0938146492813726,0.0,0.05875,0.0,0.0614386950786761,0.0699180292431506,0.4444444444444444,0.2567364022629311,0.472729083994709,0.8323633316716768,0,4.0,15.0,11.0,0.472729083994709,0.6525462078331928,4.0,121,4.0,0.0979020979020979,False
BNDM,ForestCovertype,550,0.79,2435,0.8604651162790699,0.2861579433118981,0,10,3922,112,9.96,5,0.87,54.0,13.272526689665506,7.0,2.0,0.6970056904918152,413.5,0.7805185185185185,0.2592592592592592,168.25063888888891,0.000125,0.0,0.2703293785712328,40.5925925925926,2000.0,0.0,1.0,-3.48238693411383,0.0,2.5219219344944284,-1.8841056121267927,0.0,0.1729072631980554,0.301106036869958,0.9392315502144786,0.8602479119603493,1.1145293779433016,1.036087440057294,30.0,0.0,0.0020065250911484,0.727625,0.5902048975512244,0.8025987006496752,0.7146426786606698,49.0,0.1430867736315684,0.0938146492813726,0.0,0.05875,0.0,0.0614386950786761,0.0699180292431506,0.4444444444444444,0.2567364022629311,0.7833852513227513,0.45914446806644593,0,4.0,10.0,6.0,0.45914446806644593,0.6212648596945987,4.0,122,4.0,0.06293706293706294,False
BNDM,ForestCovertype,735,0.65,58,0.5348837209302326,0.8901957499946103,0,4,215,2052,3.232,1,0.877,54.0,13.272526689665506,7.0,2.0,0.6970056904918152,413.5,0.7805185185185185,0.2592592592592592,168.25063888888891,0.000125,0.0,0.2703293785712328,40.5925925925926,2000.0,0.0,1.0,-3.48238693411383,0.0,2.5219219344944284,-1.8841056121267927,0.0,0.1729072631980554,0.301106036869958,0.9392315502144786,0.8602479119603493,1.1145293779433016,1.036087440057294,30.0,0.0,0.0020065250911484,0.727625,0.5902048975512244,0.8025987006496752,0.7146426786606698,49.0,0.1430867736315684,0.0938146492813726,0.0,0.05875,0.0,0.0614386950786761,0.0699180292431506,0.4444444444444444,0.2567364022629311,0.4547195917508417,0.8326186503213755,0,4.0,4.0,0.0,0.4547195917508417,0.6436691210361086,4.0,123,4.0,0.02097902097902098,False
BNDM,ForestCovertype,359,0.62,43,0.4651162790697675,0.9378209581769352,0,5,131,2483,1.156,1,0.329,54.0,13.272526689665506,7.0,2.0,0.6970056904918152,413.5,0.7805185185185185,0.2592592592592592,168.25063888888891,0.000125,0.0,0.2703293785712328,40.5925925925926,2000.0,0.0,1.0,-3.48238693411383,0.0,2.5219219344944284,-1.8841056121267927,0.0,0.1729072631980554,0.301106036869958,0.9392315502144786,0.8602479119603493,1.1145293779433016,1.036087440057294,30.0,0.0,0.0020065250911484,0.727625,0.5902048975512244,0.8025987006496752,0.7146426786606698,49.0,0.1430867736315684,0.0938146492813726,0.0,0.05875,0.0,0.0614386950786761,0.0699180292431506,0.4444444444444444,0.2567364022629311,0.41836804803992295,0.8338440381997478,0,4.0,5.0,1.0,0.41836804803992295,0.6261060431198354,4.0,124,4.0,0.027972027972027972,False
BNDM,ForestCovertype,612,0.64,64,0.5116279069767442,0.8744721176095962,0,9,685,4651,0.06,2,0.906,54.0,13.272526689665506,7.0,2.0,0.6970056904918152,413.5,0.7805185185185185,0.2592592592592592,168.25063888888891,0.000125,0.0,0.2703293785712328,40.5925925925926,2000.0,0.0,1.0,-3.48238693411383,0.0,2.5219219344944284,-1.8841056121267927,0.0,0.1729072631980554,0.301106036869958,0.9392315502144786,0.8602479119603493,1.1145293779433016,1.036087440057294,30.0,0.0,0.0020065250911484,0.727625,0.5902048975512244,0.8025987006496752,0.7146426786606698,49.0,0.1430867736315684,0.0938146492813726,0.0,0.05875,0.0,0.0614386950786761,0.0699180292431506,0.4444444444444444,0.2567364022629311,0.41294511333573797,0.8349524704157265,0,4.0,9.0,5.0,0.41294511333573797,0.6239487918757323,4.0,125,4.0,0.055944055944055944,False
BNDM,ForestCovertype,424,0.79,5501,0.8604651162790699,0.1538820495212212,0,20,4425,117,8.361,6,0.669,54.0,13.272526689665506,7.0,2.0,0.6970056904918152,413.5,0.7805185185185185,0.2592592592592592,168.25063888888891,0.000125,0.0,0.2703293785712328,40.5925925925926,2000.0,0.0,1.0,-3.48238693411383,0.0,2.5219219344944284,-1.8841056121267927,0.0,0.1729072631980554,0.301106036869958,0.9392315502144786,0.8602479119603493,1.1145293779433016,1.036087440057294,30.0,0.0,0.0020065250911484,0.727625,0.5902048975512244,0.8025987006496752,0.7146426786606698,49.0,0.1430867736315684,0.0938146492813726,0.0,0.05875,0.0,0.0614386950786761,0.0699180292431506,0.4444444444444444,0.2567364022629311,0.7870638753607506,0.3866291104926773,0,4.0,20.0,16.0,0.3866291104926773,0.586846492926714,4.0,126,4.0,0.13286713286713286,False
BNDM,ForestCovertype,426,0.74,698,0.7441860465116279,0.4888465444620952,0,6,3703,840,8.258,1,0.386,54.0,13.272526689665506,7.0,2.0,0.6970056904918152,413.5,0.7805185185185185,0.2592592592592592,168.25063888888891,0.000125,0.0,0.2703293785712328,40.5925925925926,2000.0,0.0,1.0,-3.48238693411383,0.0,2.5219219344944284,-1.8841056121267927,0.0,0.1729072631980554,0.301106036869958,0.9392315502144786,0.8602479119603493,1.1145293779433016,1.036087440057294,30.0,0.0,0.0020065250911484,0.727625,0.5902048975512244,0.8025987006496752,0.7146426786606698,49.0,0.1430867736315684,0.0938146492813726,0.0,0.05875,0.0,0.0614386950786761,0.0699180292431506,0.4444444444444444,0.2567364022629311,0.6914074374699379,0.6903783526845126,0,5.0,6.0,1.0,0.6903783526845126,0.6908928950772253,5.0,127,5.0,0.03496503496503497,False
BNDM,ForestCovertype,809,0.74,5393,0.7441860465116279,0.1571005599189676,0,22,4810,830,2.039,2,0.123,54.0,13.272526689665506,7.0,2.0,0.6970056904918152,413.5,0.7805185185185185,0.2592592592592592,168.25063888888891,0.000125,0.0,0.2703293785712328,40.5925925925926,2000.0,0.0,1.0,-3.48238693411383,0.0,2.5219219344944284,-1.8841056121267927,0.0,0.1729072631980554,0.301106036869958,0.9392315502144786,0.8602479119603493,1.1145293779433016,1.036087440057294,30.0,0.0,0.0020065250911484,0.727625,0.5902048975512244,0.8025987006496752,0.7146426786606698,49.0,0.1430867736315684,0.0938146492813726,0.0,0.05875,0.0,0.0614386950786761,0.0699180292431506,0.4444444444444444,0.2567364022629311,0.6976321398508899,0.6896055893296394,0,5.0,22.0,17.0,0.6896055893296394,0.6936188645902647,5.0,128,5.0,0.14685314685314685,False
BNDM,ForestCovertype,33,0.74,393,0.7441860465116279,0.5819221460683612,0,2,841,717,10.0,1,0.999,54.0,13.272526689665506,7.0,2.0,0.6970056904918152,413.5,0.7805185185185185,0.2592592592592592,168.25063888888891,0.000125,0.0,0.2703293785712328,40.5925925925926,2000.0,0.0,1.0,-3.48238693411383,0.0,2.5219219344944284,-1.8841056121267927,0.0,0.1729072631980554,0.301106036869958,0.9392315502144786,0.8602479119603493,1.1145293779433016,1.036087440057294,30.0,0.0,0.0020065250911484,0.727625,0.5902048975512244,0.8025987006496752,0.7146426786606698,49.0,0.1430867736315684,0.0938146492813726,0.0,0.05875,0.0,0.0614386950786761,0.0699180292431506,0.4444444444444444,0.2567364022629311,0.6740174062049062,0.7041798407309814,0,5.0,2.0,3.0,0.6740174062049062,0.6890986234679438,5.0,129,5.0,0.006993006993006993,False
BNDM,ForestCovertype,802,0.71,12408,0.6744186046511628,0.0218405834746963,0,37,4921,1545,0.147,7,0.358,54.0,13.272526689665506,7.0,2.0,0.6970056904918152,413.5,0.7805185185185185,0.2592592592592592,168.25063888888891,0.000125,0.0,0.2703293785712328,40.5925925925926,2000.0,0.0,1.0,-3.48238693411383,0.0,2.5219219344944284,-1.8841056121267927,0.0,0.1729072631980554,0.301106036869958,0.9392315502144786,0.8602479119603493,1.1145293779433016,1.036087440057294,30.0,0.0,0.0020065250911484,0.727625,0.5902048975512244,0.8025987006496752,0.7146426786606698,49.0,0.1430867736315684,0.0938146492813726,0.0,0.05875,0.0,0.0614386950786761,0.0699180292431506,0.4444444444444444,0.2567364022629311,0.6731849296536793,0.7128980196873228,0,5.0,37.0,32.0,0.6731849296536793,0.693041474670501,5.0,130,5.0,0.2517482517482518,False
BNDM,ForestCovertype,629,0.71,6736,0.6744186046511628,0.1210055458053035,0,33,2394,569,0.956,1,0.13,54.0,13.272526689665506,7.0,2.0,0.6970056904918152,413.5,0.7805185185185185,0.2592592592592592,168.25063888888891,0.000125,0.0,0.2703293785712328,40.5925925925926,2000.0,0.0,1.0,-3.48238693411383,0.0,2.5219219344944284,-1.8841056121267927,0.0,0.1729072631980554,0.301106036869958,0.9392315502144786,0.8602479119603493,1.1145293779433016,1.036087440057294,30.0,0.0,0.0020065250911484,0.727625,0.5902048975512244,0.8025987006496752,0.7146426786606698,49.0,0.1430867736315684,0.0938146492813726,0.0,0.05875,0.0,0.0614386950786761,0.0699180292431506,0.4444444444444444,0.2567364022629311,0.671696037758538,0.7190635558645987,0,5.0,33.0,28.0,0.671696037758538,0.6953797968115684,5.0,131,5.0,0.22377622377622378,False
BNDM,ForestCovertype,696,0.72,14291,0.6976744186046512,0.0,0,32,4268,1417,2.508,3,0.642,54.0,13.272526689665506,7.0,2.0,0.6970056904918152,413.5,0.7805185185185185,0.2592592592592592,168.25063888888891,0.000125,0.0,0.2703293785712328,40.5925925925926,2000.0,0.0,1.0,-3.48238693411383,0.0,2.5219219344944284,-1.8841056121267927,0.0,0.1729072631980554,0.301106036869958,0.9392315502144786,0.8602479119603493,1.1145293779433016,1.036087440057294,30.0,0.0,0.0020065250911484,0.727625,0.5902048975512244,0.8025987006496752,0.7146426786606698,49.0,0.1430867736315684,0.0938146492813726,0.0,0.05875,0.0,0.0614386950786761,0.0699180292431506,0.4444444444444444,0.2567364022629311,0.6556271870490615,0.7422636307770578,0,5.0,32.0,27.0,0.6556271870490615,0.6989454089130597,5.0,132,5.0,0.21678321678321677,False
BNDM,ForestCovertype,346,0.76,10088,0.7906976744186047,0.0554433197910841,0,28,1138,370,2.55,1,0.01,54.0,13.272526689665506,7.0,2.0,0.6970056904918152,413.5,0.7805185185185185,0.2592592592592592,168.25063888888891,0.000125,0.0,0.2703293785712328,40.5925925925926,2000.0,0.0,1.0,-3.48238693411383,0.0,2.5219219344944284,-1.8841056121267927,0.0,0.1729072631980554,0.301106036869958,0.9392315502144786,0.8602479119603493,1.1145293779433016,1.036087440057294,30.0,0.0,0.0020065250911484,0.727625,0.5902048975512244,0.8025987006496752,0.7146426786606698,49.0,0.1430867736315684,0.0938146492813726,0.0,0.05875,0.0,0.0614386950786761,0.0699180292431506,0.4444444444444444,0.2567364022629311,0.7069477663540161,0.6545489338281678,0,5.0,28.0,23.0,0.6545489338281678,0.680748350091092,5.0,133,5.0,0.1888111888111888,False
BNDM,ForestCovertype,180,0.71,4770,0.6744186046511628,0.1770260661865251,0,29,3700,1350,0.053,4,0.407,54.0,13.272526689665506,7.0,2.0,0.6970056904918152,413.5,0.7805185185185185,0.2592592592592592,168.25063888888891,0.000125,0.0,0.2703293785712328,40.5925925925926,2000.0,0.0,1.0,-3.48238693411383,0.0,2.5219219344944284,-1.8841056121267927,0.0,0.1729072631980554,0.301106036869958,0.9392315502144786,0.8602479119603493,1.1145293779433016,1.036087440057294,30.0,0.0,0.0020065250911484,0.727625,0.5902048975512244,0.8025987006496752,0.7146426786606698,49.0,0.1430867736315684,0.0938146492813726,0.0,0.05875,0.0,0.0614386950786761,0.0699180292431506,0.4444444444444444,0.2567364022629311,0.6510051857864361,0.7473143215768068,0,5.0,29.0,24.0,0.6510051857864361,0.6991597536816214,5.0,134,5.0,0.1958041958041958,False
BNDM,ForestCovertype,315,0.7,295,0.6511627906976744,0.6283530452186876,0,14,4996,1880,6.755,1,0.772,54.0,13.272526689665506,7.0,2.0,0.6970056904918152,413.5,0.7805185185185185,0.2592592592592592,168.25063888888891,0.000125,0.0,0.2703293785712328,40.5925925925926,2000.0,0.0,1.0,-3.48238693411383,0.0,2.5219219344944284,-1.8841056121267927,0.0,0.1729072631980554,0.301106036869958,0.9392315502144786,0.8602479119603493,1.1145293779433016,1.036087440057294,30.0,0.0,0.0020065250911484,0.727625,0.5902048975512244,0.8025987006496752,0.7146426786606698,49.0,0.1430867736315684,0.0938146492813726,0.0,0.05875,0.0,0.0614386950786761,0.0699180292431506,0.4444444444444444,0.2567364022629311,0.64598930525493,0.7481907885287207,0,5.0,14.0,9.0,0.64598930525493,0.6970900468918253,5.0,135,5.0,0.09090909090909091,False
BNDM,ForestCovertype,147,0.73,520,0.7209302325581396,0.5365615147763809,0,4,1159,1115,7.682,1,0.685,54.0,13.272526689665506,7.0,2.0,0.6970056904918152,413.5,0.7805185185185185,0.2592592592592592,168.25063888888891,0.000125,0.0,0.2703293785712328,40.5925925925926,2000.0,0.0,1.0,-3.48238693411383,0.0,2.5219219344944284,-1.8841056121267927,0.0,0.1729072631980554,0.301106036869958,0.9392315502144786,0.8602479119603493,1.1145293779433016,1.036087440057294,30.0,0.0,0.0020065250911484,0.727625,0.5902048975512244,0.8025987006496752,0.7146426786606698,49.0,0.1430867736315684,0.0938146492813726,0.0,0.05875,0.0,0.0614386950786761,0.0699180292431506,0.4444444444444444,0.2567364022629311,0.637477302789803,0.7535066950251648,0,5.0,4.0,1.0,0.637477302789803,0.6954919989074839,5.0,136,5.0,0.02097902097902098,False
BNDM,ForestCovertype,540,0.73,196,0.7209302325581396,0.6944550426888283,1,1,2702,1048,2.833,1,0.911,54.0,13.272526689665506,7.0,2.0,0.6970056904918152,413.5,0.7805185185185185,0.2592592592592592,168.25063888888891,0.000125,0.0,0.2703293785712328,40.5925925925926,2000.0,0.0,1.0,-3.48238693411383,0.0,2.5219219344944284,-1.8841056121267927,0.0,0.1729072631980554,0.301106036869958,0.9392315502144786,0.8602479119603493,1.1145293779433016,1.036087440057294,30.0,0.0,0.0020065250911484,0.727625,0.5902048975512244,0.8025987006496752,0.7146426786606698,49.0,0.1430867736315684,0.0938146492813726,0.0,0.05875,0.0,0.0614386950786761,0.0699180292431506,0.4444444444444444,0.2567364022629311,0.6314979106541604,0.7584186167080011,0,5.0,1.0,4.0,0.6314979106541604,0.6949582636810807,5.0,137,5.0,0.0,False
BNDM,ForestCovertype,251,0.7,1061,0.6511627906976744,0.4209420108922016,0,28,4262,1876,1.338,3,0.952,54.0,13.272526689665506,7.0,2.0,0.6970056904918152,413.5,0.7805185185185185,0.2592592592592592,168.25063888888891,0.000125,0.0,0.2703293785712328,40.5925925925926,2000.0,0.0,1.0,-3.48238693411383,0.0,2.5219219344944284,-1.8841056121267927,0.0,0.1729072631980554,0.301106036869958,0.9392315502144786,0.8602479119603493,1.1145293779433016,1.036087440057294,30.0,0.0,0.0020065250911484,0.727625,0.5902048975512244,0.8025987006496752,0.7146426786606698,49.0,0.1430867736315684,0.0938146492813726,0.0,0.05875,0.0,0.0614386950786761,0.0699180292431506,0.4444444444444444,0.2567364022629311,0.6312910503848003,0.758474840588503,0,5.0,28.0,23.0,0.6312910503848003,0.6948829454866516,5.0,138,5.0,0.1888111888111888,False
BNDM,ForestCovertype,17,0.68,2753,0.6046511627906979,0.2662379971847802,0,57,2271,1019,1.578,2,0.883,54.0,13.272526689665506,7.0,2.0,0.6970056904918152,413.5,0.7805185185185185,0.2592592592592592,168.25063888888891,0.000125,0.0,0.2703293785712328,40.5925925925926,2000.0,0.0,1.0,-3.48238693411383,0.0,2.5219219344944284,-1.8841056121267927,0.0,0.1729072631980554,0.301106036869958,0.9392315502144786,0.8602479119603493,1.1145293779433016,1.036087440057294,30.0,0.0,0.0020065250911484,0.727625,0.5902048975512244,0.8025987006496752,0.7146426786606698,49.0,0.1430867736315684,0.0938146492813726,0.0,0.05875,0.0,0.0614386950786761,0.0699180292431506,0.4444444444444444,0.2567364022629311,0.6214532227032226,0.7644636316934796,0,5.0,57.0,52.0,0.6214532227032226,0.6929584271983511,5.0,139,5.0,0.3916083916083916,False
BNDM,ForestCovertype,744,0.68,316,0.6046511627906979,0.6172251549570862,0,40,4300,1905,5.503,1,0.193,54.0,13.272526689665506,7.0,2.0,0.6970056904918152,413.5,0.7805185185185185,0.2592592592592592,168.25063888888891,0.000125,0.0,0.2703293785712328,40.5925925925926,2000.0,0.0,1.0,-3.48238693411383,0.0,2.5219219344944284,-1.8841056121267927,0.0,0.1729072631980554,0.301106036869958,0.9392315502144786,0.8602479119603493,1.1145293779433016,1.036087440057294,30.0,0.0,0.0020065250911484,0.727625,0.5902048975512244,0.8025987006496752,0.7146426786606698,49.0,0.1430867736315684,0.0938146492813726,0.0,0.05875,0.0,0.0614386950786761,0.0699180292431506,0.4444444444444444,0.2567364022629311,0.6209140963203458,0.7672715698544424,0,5.0,40.0,35.0,0.6209140963203458,0.6940928330873941,5.0,140,5.0,0.2727272727272727,False
BNDM,ForestCovertype,101,0.69,230,0.6279069767441859,0.6686065489560311,0,15,3652,2068,8.645,1,0.999,54.0,13.272526689665506,7.0,2.0,0.6970056904918152,413.5,0.7805185185185185,0.2592592592592592,168.25063888888891,0.000125,0.0,0.2703293785712328,40.5925925925926,2000.0,0.0,1.0,-3.48238693411383,0.0,2.5219219344944284,-1.8841056121267927,0.0,0.1729072631980554,0.301106036869958,0.9392315502144786,0.8602479119603493,1.1145293779433016,1.036087440057294,30.0,0.0,0.0020065250911484,0.727625,0.5902048975512244,0.8025987006496752,0.7146426786606698,49.0,0.1430867736315684,0.0938146492813726,0.0,0.05875,0.0,0.0614386950786761,0.0699180292431506,0.4444444444444444,0.2567364022629311,0.6069279401154399,0.7684817563182925,0,5.0,15.0,10.0,0.6069279401154399,0.6877048482168662,5.0,141,5.0,0.0979020979020979,False
BNDM,ForestCovertype,524,0.72,408,0.6976744186046512,0.5758560362519075,0,7,1600,1450,7.378,1,0.801,54.0,13.272526689665506,7.0,2.0,0.6970056904918152,413.5,0.7805185185185185,0.2592592592592592,168.25063888888891,0.000125,0.0,0.2703293785712328,40.5925925925926,2000.0,0.0,1.0,-3.48238693411383,0.0,2.5219219344944284,-1.8841056121267927,0.0,0.1729072631980554,0.301106036869958,0.9392315502144786,0.8602479119603493,1.1145293779433016,1.036087440057294,30.0,0.0,0.0020065250911484,0.727625,0.5902048975512244,0.8025987006496752,0.7146426786606698,49.0,0.1430867736315684,0.0938146492813726,0.0,0.05875,0.0,0.0614386950786761,0.0699180292431506,0.4444444444444444,0.2567364022629311,0.6049569730038487,0.7748486738265833,0,5.0,7.0,2.0,0.6049569730038487,0.689902823415216,5.0,142,5.0,0.04195804195804196,False
BNDM,ForestCovertype,402,0.69,290,0.6279069767441859,0.6311188813086477,0,24,4935,2143,1.474,2,0.653,54.0,13.272526689665506,7.0,2.0,0.6970056904918152,413.5,0.7805185185185185,0.2592592592592592,168.25063888888891,0.000125,0.0,0.2703293785712328,40.5925925925926,2000.0,0.0,1.0,-3.48238693411383,0.0,2.5219219344944284,-1.8841056121267927,0.0,0.1729072631980554,0.301106036869958,0.9392315502144786,0.8602479119603493,1.1145293779433016,1.036087440057294,30.0,0.0,0.0020065250911484,0.727625,0.5902048975512244,0.8025987006496752,0.7146426786606698,49.0,0.1430867736315684,0.0938146492813726,0.0,0.05875,0.0,0.0614386950786761,0.0699180292431506,0.4444444444444444,0.2567364022629311,0.6034692760942759,0.7788677452345892,0,5.0,24.0,19.0,0.6034692760942759,0.6911685106644325,5.0,143,5.0,0.16083916083916083,False
BNDM,ForestCovertype,613,0.79,985,0.8604651162790699,0.4329970090397788,0,3,2579,186,9.485,1,0.734,54.0,13.272526689665506,7.0,2.0,0.6970056904918152,413.5,0.7805185185185185,0.2592592592592592,168.25063888888891,0.000125,0.0,0.2703293785712328,40.5925925925926,2000.0,0.0,1.0,-3.48238693411383,0.0,2.5219219344944284,-1.8841056121267927,0.0,0.1729072631980554,0.301106036869958,0.9392315502144786,0.8602479119603493,1.1145293779433016,1.036087440057294,30.0,0.0,0.0020065250911484,0.727625,0.5902048975512244,0.8025987006496752,0.7146426786606698,49.0,0.1430867736315684,0.0938146492813726,0.0,0.05875,0.0,0.0614386950786761,0.0699180292431506,0.4444444444444444,0.2567364022629311,0.7203620355339105,0.6034031026599096,0,5.0,3.0,2.0,0.6034031026599096,0.6618825690969101,5.0,144,5.0,0.013986013986013986,False
BNDM,ForestCovertype,690,0.68,217,0.6046511627906979,0.678010328574701,0,32,4775,2450,7.191,1,0.484,54.0,13.272526689665506,7.0,2.0,0.6970056904918152,413.5,0.7805185185185185,0.2592592592592592,168.25063888888891,0.000125,0.0,0.2703293785712328,40.5925925925926,2000.0,0.0,1.0,-3.48238693411383,0.0,2.5219219344944284,-1.8841056121267927,0.0,0.1729072631980554,0.301106036869958,0.9392315502144786,0.8602479119603493,1.1145293779433016,1.036087440057294,30.0,0.0,0.0020065250911484,0.727625,0.5902048975512244,0.8025987006496752,0.7146426786606698,49.0,0.1430867736315684,0.0938146492813726,0.0,0.05875,0.0,0.0614386950786761,0.0699180292431506,0.4444444444444444,0.2567364022629311,0.6033585031866282,0.7797709160038675,0,5.0,32.0,27.0,0.6033585031866282,0.6915647095952479,5.0,145,5.0,0.21678321678321677,False
BNDM,ForestCovertype,363,0.77,10538,0.8139534883720931,0.0483588340502216,0,26,3173,257,6.034,2,0.713,54.0,13.272526689665506,7.0,2.0,0.6970056904918152,413.5,0.7805185185185185,0.2592592592592592,168.25063888888891,0.000125,0.0,0.2703293785712328,40.5925925925926,2000.0,0.0,1.0,-3.48238693411383,0.0,2.5219219344944284,-1.8841056121267927,0.0,0.1729072631980554,0.301106036869958,0.9392315502144786,0.8602479119603493,1.1145293779433016,1.036087440057294,30.0,0.0,0.0020065250911484,0.727625,0.5902048975512244,0.8025987006496752,0.7146426786606698,49.0,0.1430867736315684,0.0938146492813726,0.0,0.05875,0.0,0.0614386950786761,0.0699180292431506,0.4444444444444444,0.2567364022629311,0.7283493190836945,0.602045352801552,0,5.0,26.0,21.0,0.602045352801552,0.6651973359426233,5.0,146,5.0,0.17482517482517482,False
BNDM,ForestCovertype,327,0.77,4459,0.8139534883720931,0.1879696626361605,0,18,3483,281,9.701,1,0.576,54.0,13.272526689665506,7.0,2.0,0.6970056904918152,413.5,0.7805185185185185,0.2592592592592592,168.25063888888891,0.000125,0.0,0.2703293785712328,40.5925925925926,2000.0,0.0,1.0,-3.48238693411383,0.0,2.5219219344944284,-1.8841056121267927,0.0,0.1729072631980554,0.301106036869958,0.9392315502144786,0.8602479119603493,1.1145293779433016,1.036087440057294,30.0,0.0,0.0020065250911484,0.727625,0.5902048975512244,0.8025987006496752,0.7146426786606698,49.0,0.1430867736315684,0.0938146492813726,0.0,0.05875,0.0,0.0614386950786761,0.0699180292431506,0.4444444444444444,0.2567364022629311,0.7393296957671954,0.6004970544446654,0,5.0,18.0,13.0,0.6004970544446654,0.6699133751059304,5.0,147,5.0,0.11888111888111888,False
BNDM,ForestCovertype,398,0.7,312,0.6511627906976744,0.6192867782399637,0,15,3467,1830,0.173,3,0.086,54.0,13.272526689665506,7.0,2.0,0.6970056904918152,413.5,0.7805185185185185,0.2592592592592592,168.25063888888891,0.000125,0.0,0.2703293785712328,40.5925925925926,2000.0,0.0,1.0,-3.48238693411383,0.0,2.5219219344944284,-1.8841056121267927,0.0,0.1729072631980554,0.301106036869958,0.9392315502144786,0.8602479119603493,1.1145293779433016,1.036087440057294,30.0,0.0,0.0020065250911484,0.727625,0.5902048975512244,0.8025987006496752,0.7146426786606698,49.0,0.1430867736315684,0.0938146492813726,0.0,0.05875,0.0,0.0614386950786761,0.0699180292431506,0.4444444444444444,0.2567364022629311,0.5978040373977872,0.7800998074313358,0,5.0,15.0,10.0,0.5978040373977872,0.6889519224145615,5.0,148,5.0,0.0979020979020979,False
BNDM,ForestCovertype,86,0.8,1535,0.8837209302325583,0.3610301212983812,0,3,1308,121,0.001,1,0.685,54.0,13.272526689665506,7.0,2.0,0.6970056904918152,413.5,0.7805185185185185,0.2592592592592592,168.25063888888891,0.000125,0.0,0.2703293785712328,40.5925925925926,2000.0,0.0,1.0,-3.48238693411383,0.0,2.5219219344944284,-1.8841056121267927,0.0,0.1729072631980554,0.301106036869958,0.9392315502144786,0.8602479119603493,1.1145293779433016,1.036087440057294,30.0,0.0,0.0020065250911484,0.727625,0.5902048975512244,0.8025987006496752,0.7146426786606698,49.0,0.1430867736315684,0.0938146492813726,0.0,0.05875,0.0,0.0614386950786761,0.0699180292431506,0.4444444444444444,0.2567364022629311,0.7678382109788358,0.5959317575750492,0,5.0,3.0,2.0,0.5959317575750492,0.6818849842769426,5.0,149,5.0,0.013986013986013986,False
BNDM,ForestCovertype,27,0.69,180,0.6279069767441859,0.708207230242986,0,8,4713,2499,1.698,1,0.127,54.0,13.272526689665506,7.0,2.0,0.6970056904918152,413.5,0.7805185185185185,0.2592592592592592,168.25063888888891,0.000125,0.0,0.2703293785712328,40.5925925925926,2000.0,0.0,1.0,-3.48238693411383,0.0,2.5219219344944284,-1.8841056121267927,0.0,0.1729072631980554,0.301106036869958,0.9392315502144786,0.8602479119603493,1.1145293779433016,1.036087440057294,30.0,0.0,0.0020065250911484,0.727625,0.5902048975512244,0.8025987006496752,0.7146426786606698,49.0,0.1430867736315684,0.0938146492813726,0.0,0.05875,0.0,0.0614386950786761,0.0699180292431506,0.4444444444444444,0.2567364022629311,0.5858726325757573,0.787947136286777,0,5.0,8.0,3.0,0.5858726325757573,0.6869098844312671,5.0,150,5.0,0.04895104895104895,False
BNDM,ForestCovertype,504,0.71,233,0.6744186046511628,0.666511672769305,0,7,3426,1844,3.378,1,0.338,54.0,13.272526689665506,7.0,2.0,0.6970056904918152,413.5,0.7805185185185185,0.2592592592592592,168.25063888888891,0.000125,0.0,0.2703293785712328,40.5925925925926,2000.0,0.0,1.0,-3.48238693411383,0.0,2.5219219344944284,-1.8841056121267927,0.0,0.1729072631980554,0.301106036869958,0.9392315502144786,0.8602479119603493,1.1145293779433016,1.036087440057294,30.0,0.0,0.0020065250911484,0.727625,0.5902048975512244,0.8025987006496752,0.7146426786606698,49.0,0.1430867736315684,0.0938146492813726,0.0,0.05875,0.0,0.0614386950786761,0.0699180292431506,0.4444444444444444,0.2567364022629311,0.5829363050144303,0.788476939261,0,5.0,7.0,2.0,0.5829363050144303,0.6857066221377152,5.0,151,5.0,0.04195804195804196,False
BNDM,ForestCovertype,370,0.68,192,0.6046511627906979,0.697785429253329,0,28,4168,2502,2.866,1,0.671,54.0,13.272526689665506,7.0,2.0,0.6970056904918152,413.5,0.7805185185185185,0.2592592592592592,168.25063888888891,0.000125,0.0,0.2703293785712328,40.5925925925926,2000.0,0.0,1.0,-3.48238693411383,0.0,2.5219219344944284,-1.8841056121267927,0.0,0.1729072631980554,0.301106036869958,0.9392315502144786,0.8602479119603493,1.1145293779433016,1.036087440057294,30.0,0.0,0.0020065250911484,0.727625,0.5902048975512244,0.8025987006496752,0.7146426786606698,49.0,0.1430867736315684,0.0938146492813726,0.0,0.05875,0.0,0.0614386950786761,0.0699180292431506,0.4444444444444444,0.2567364022629311,0.5773745716089469,0.7946482731060382,0,5.0,28.0,23.0,0.5773745716089469,0.6860114223574926,5.0,152,5.0,0.1888111888111888,False
BNDM,ForestCovertype,922,0.69,287,0.6279069767441859,0.6328012865392786,0,23,3429,2291,0.427,3,0.999,54.0,13.272526689665506,7.0,2.0,0.6970056904918152,413.5,0.7805185185185185,0.2592592592592592,168.25063888888891,0.000125,0.0,0.2703293785712328,40.5925925925926,2000.0,0.0,1.0,-3.48238693411383,0.0,2.5219219344944284,-1.8841056121267927,0.0,0.1729072631980554,0.301106036869958,0.9392315502144786,0.8602479119603493,1.1145293779433016,1.036087440057294,30.0,0.0,0.0020065250911484,0.727625,0.5902048975512244,0.8025987006496752,0.7146426786606698,49.0,0.1430867736315684,0.0938146492813726,0.0,0.05875,0.0,0.0614386950786761,0.0699180292431506,0.4444444444444444,0.2567364022629311,0.563354189213564,0.7959718777889276,0,5.0,23.0,18.0,0.563354189213564,0.6796630335012458,5.0,153,5.0,0.15384615384615385,False
BNDM,ForestCovertype,900,0.66,182,0.558139534883721,0.7064231391914764,0,64,4571,3610,7.663,1,0.502,54.0,13.272526689665506,7.0,2.0,0.6970056904918152,413.5,0.7805185185185185,0.2592592592592592,168.25063888888891,0.000125,0.0,0.2703293785712328,40.5925925925926,2000.0,0.0,1.0,-3.48238693411383,0.0,2.5219219344944284,-1.8841056121267927,0.0,0.1729072631980554,0.301106036869958,0.9392315502144786,0.8602479119603493,1.1145293779433016,1.036087440057294,30.0,0.0,0.0020065250911484,0.727625,0.5902048975512244,0.8025987006496752,0.7146426786606698,49.0,0.1430867736315684,0.0938146492813726,0.0,0.05875,0.0,0.0614386950786761,0.0699180292431506,0.4444444444444444,0.2567364022629311,0.5512913059163057,0.8009225789534793,0,5.0,64.0,59.0,0.5512913059163057,0.6761069424348924,5.0,154,5.0,0.4405594405594406,False
BNDM,ForestCovertype,31,0.66,126,0.558139534883721,0.7657296807539822,0,39,5000,3939,7.315,1,0.001,54.0,13.272526689665506,7.0,2.0,0.6970056904918152,413.5,0.7805185185185185,0.2592592592592592,168.25063888888891,0.000125,0.0,0.2703293785712328,40.5925925925926,2000.0,0.0,1.0,-3.48238693411383,0.0,2.5219219344944284,-1.8841056121267927,0.0,0.1729072631980554,0.301106036869958,0.9392315502144786,0.8602479119603493,1.1145293779433016,1.036087440057294,30.0,0.0,0.0020065250911484,0.727625,0.5902048975512244,0.8025987006496752,0.7146426786606698,49.0,0.1430867736315684,0.0938146492813726,0.0,0.05875,0.0,0.0614386950786761,0.0699180292431506,0.4444444444444444,0.2567364022629311,0.547908204064454,0.8079888265410168,0,5.0,39.0,34.0,0.547908204064454,0.6779485153027354,5.0,155,5.0,0.26573426573426573,False
BNDM,ForestCovertype,484,0.69,261,0.6279069767441859,0.6481622519830594,0,19,826,1879,0.659,2,0.426,54.0,13.272526689665506,7.0,2.0,0.6970056904918152,413.5,0.7805185185185185,0.2592592592592592,168.25063888888891,0.000125,0.0,0.2703293785712328,40.5925925925926,2000.0,0.0,1.0,-3.48238693411383,0.0,2.5219219344944284,-1.8841056121267927,0.0,0.1729072631980554,0.301106036869958,0.9392315502144786,0.8602479119603493,1.1145293779433016,1.036087440057294,30.0,0.0,0.0020065250911484,0.727625,0.5902048975512244,0.8025987006496752,0.7146426786606698,49.0,0.1430867736315684,0.0938146492813726,0.0,0.05875,0.0,0.0614386950786761,0.0699180292431506,0.4444444444444444,0.2567364022629311,0.5460558787277537,0.8112633840585187,0,5.0,19.0,14.0,0.5460558787277537,0.6786596313931362,5.0,156,5.0,0.1258741258741259,False
BNDM,ForestCovertype,38,0.68,140,0.6046511627906979,0.7487522178675463,0,13,3638,3203,9.387,1,0.999,54.0,13.272526689665506,7.0,2.0,0.6970056904918152,413.5,0.7805185185185185,0.2592592592592592,168.25063888888891,0.000125,0.0,0.2703293785712328,40.5925925925926,2000.0,0.0,1.0,-3.48238693411383,0.0,2.5219219344944284,-1.8841056121267927,0.0,0.1729072631980554,0.301106036869958,0.9392315502144786,0.8602479119603493,1.1145293779433016,1.036087440057294,30.0,0.0,0.0020065250911484,0.727625,0.5902048975512244,0.8025987006496752,0.7146426786606698,49.0,0.1430867736315684,0.0938146492813726,0.0,0.05875,0.0,0.0614386950786761,0.0699180292431506,0.4444444444444444,0.2567364022629311,0.5407705552549302,0.8131810247262329,0,5.0,13.0,8.0,0.5407705552549302,0.6769757899905815,5.0,157,5.0,0.08391608391608392,False
BNDM,ForestCovertype,606,0.65,128,0.5348837209302326,0.7631929002064095,0,42,4756,4055,0.748,1,0.674,54.0,13.272526689665506,7.0,2.0,0.6970056904918152,413.5,0.7805185185185185,0.2592592592592592,168.25063888888891,0.000125,0.0,0.2703293785712328,40.5925925925926,2000.0,0.0,1.0,-3.48238693411383,0.0,2.5219219344944284,-1.8841056121267927,0.0,0.1729072631980554,0.301106036869958,0.9392315502144786,0.8602479119603493,1.1145293779433016,1.036087440057294,30.0,0.0,0.0020065250911484,0.727625,0.5902048975512244,0.8025987006496752,0.7146426786606698,49.0,0.1430867736315684,0.0938146492813726,0.0,0.05875,0.0,0.0614386950786761,0.0699180292431506,0.4444444444444444,0.2567364022629311,0.5188023764430014,0.8175224833216844,0,5.0,42.0,37.0,0.5188023764430014,0.668162429882343,5.0,158,5.0,0.2867132867132867,False
BNDM,ForestCovertype,208,0.66,137,0.558139534883721,0.752243764304876,0,48,4603,4275,0.153,1,0.092,54.0,13.272526689665506,7.0,2.0,0.6970056904918152,413.5,0.7805185185185185,0.2592592592592592,168.25063888888891,0.000125,0.0,0.2703293785712328,40.5925925925926,2000.0,0.0,1.0,-3.48238693411383,0.0,2.5219219344944284,-1.8841056121267927,0.0,0.1729072631980554,0.301106036869958,0.9392315502144786,0.8602479119603493,1.1145293779433016,1.036087440057294,30.0,0.0,0.0020065250911484,0.727625,0.5902048975512244,0.8025987006496752,0.7146426786606698,49.0,0.1430867736315684,0.0938146492813726,0.0,0.05875,0.0,0.0614386950786761,0.0699180292431506,0.4444444444444444,0.2567364022629311,0.5111630741943238,0.8208727809907214,0,5.0,48.0,43.0,0.5111630741943238,0.6660179275925227,5.0,159,5.0,0.32867132867132864,False
BNDM,ForestCovertype,738,0.79,4547,0.8604651162790699,0.1847975241188088,0,18,4593,130,7.794,3,0.498,54.0,13.272526689665506,7.0,2.0,0.6970056904918152,413.5,0.7805185185185185,0.2592592592592592,168.25063888888891,0.000125,0.0,0.2703293785712328,40.5925925925926,2000.0,0.0,1.0,-3.48238693411383,0.0,2.5219219344944284,-1.8841056121267927,0.0,0.1729072631980554,0.301106036869958,0.9392315502144786,0.8602479119603493,1.1145293779433016,1.036087440057294,30.0,0.0,0.0020065250911484,0.727625,0.5902048975512244,0.8025987006496752,0.7146426786606698,49.0,0.1430867736315684,0.0938146492813726,0.0,0.05875,0.0,0.0614386950786761,0.0699180292431506,0.4444444444444444,0.2567364022629311,0.771642015392016,0.5029355162136059,0,5.0,18.0,13.0,0.5029355162136059,0.637288765802811,5.0,160,5.0,0.11888111888111888,False
BNDM,ForestCovertype,143,0.68,148,0.6046511627906979,0.7397926673246569,0,15,1827,3065,4.324,1,0.74,54.0,13.272526689665506,7.0,2.0,0.6970056904918152,413.5,0.7805185185185185,0.2592592592592592,168.25063888888891,0.000125,0.0,0.2703293785712328,40.5925925925926,2000.0,0.0,1.0,-3.48238693411383,0.0,2.5219219344944284,-1.8841056121267927,0.0,0.1729072631980554,0.301106036869958,0.9392315502144786,0.8602479119603493,1.1145293779433016,1.036087440057294,30.0,0.0,0.0020065250911484,0.727625,0.5902048975512244,0.8025987006496752,0.7146426786606698,49.0,0.1430867736315684,0.0938146492813726,0.0,0.05875,0.0,0.0614386950786761,0.0699180292431506,0.4444444444444444,0.2567364022629311,0.48770386904761903,0.8268855070093751,0,5.0,15.0,10.0,0.48770386904761903,0.6572946880284971,5.0,161,5.0,0.0979020979020979,False
BNDM,ForestCovertype,928,0.65,130,0.5348837209302326,0.7606951486035265,0,44,3968,5000,1.221,1,0.001,54.0,13.272526689665506,7.0,2.0,0.6970056904918152,413.5,0.7805185185185185,0.2592592592592592,168.25063888888891,0.000125,0.0,0.2703293785712328,40.5925925925926,2000.0,0.0,1.0,-3.48238693411383,0.0,2.5219219344944284,-1.8841056121267927,0.0,0.1729072631980554,0.301106036869958,0.9392315502144786,0.8602479119603493,1.1145293779433016,1.036087440057294,30.0,0.0,0.0020065250911484,0.727625,0.5902048975512244,0.8025987006496752,0.7146426786606698,49.0,0.1430867736315684,0.0938146492813726,0.0,0.05875,0.0,0.0614386950786761,0.0699180292431506,0.4444444444444444,0.2567364022629311,0.48694173130110613,0.8281679835222318,0,5.0,44.0,39.0,0.48694173130110613,0.657554857411669,5.0,162,5.0,0.3006993006993007,False
BNDM,ForestCovertype,420,0.65,91,0.5348837209302326,0.8180712889253797,0,22,3213,4334,2.046,1,0.309,54.0,13.272526689665506,7.0,2.0,0.6970056904918152,413.5,0.7805185185185185,0.2592592592592592,168.25063888888891,0.000125,0.0,0.2703293785712328,40.5925925925926,2000.0,0.0,1.0,-3.48238693411383,0.0,2.5219219344944284,-1.8841056121267927,0.0,0.1729072631980554,0.301106036869958,0.9392315502144786,0.8602479119603493,1.1145293779433016,1.036087440057294,30.0,0.0,0.0020065250911484,0.727625,0.5902048975512244,0.8025987006496752,0.7146426786606698,49.0,0.1430867736315684,0.0938146492813726,0.0,0.05875,0.0,0.0614386950786761,0.0699180292431506,0.4444444444444444,0.2567364022629311,0.4650079365079365,0.8302134191185861,0,5.0,22.0,17.0,0.4650079365079365,0.6476106778132613,5.0,163,5.0,0.14685314685314685,False
BNDM,ForestCovertype,207,0.64,70,0.5116279069767442,0.86013775528232,0,12,151,1935,0.437,1,0.58,54.0,13.272526689665506,7.0,2.0,0.6970056904918152,413.5,0.7805185185185185,0.2592592592592592,168.25063888888891,0.000125,0.0,0.2703293785712328,40.5925925925926,2000.0,0.0,1.0,-3.48238693411383,0.0,2.5219219344944284,-1.8841056121267927,0.0,0.1729072631980554,0.301106036869958,0.9392315502144786,0.8602479119603493,1.1145293779433016,1.036087440057294,30.0,0.0,0.0020065250911484,0.727625,0.5902048975512244,0.8025987006496752,0.7146426786606698,49.0,0.1430867736315684,0.0938146492813726,0.0,0.05875,0.0,0.0614386950786761,0.0699180292431506,0.4444444444444444,0.2567364022629311,0.4594630982443481,0.8322394058946081,0,5.0,12.0,7.0,0.4594630982443481,0.6458512520694781,5.0,164,5.0,0.07692307692307693,False
BNDM,ForestCovertype,889,0.78,6182,0.8372093023255816,0.1349370389279561,0,21,4492,180,10.0,5,0.765,54.0,13.272526689665506,7.0,2.0,0.6970056904918152,413.5,0.7805185185185185,0.2592592592592592,168.25063888888891,0.000125,0.0,0.2703293785712328,40.5925925925926,2000.0,0.0,1.0,-3.48238693411383,0.0,2.5219219344944284,-1.8841056121267927,0.0,0.1729072631980554,0.301106036869958,0.9392315502144786,0.8602479119603493,1.1145293779433016,1.036087440057294,30.0,0.0,0.0020065250911484,0.727625,0.5902048975512244,0.8025987006496752,0.7146426786606698,49.0,0.1430867736315684,0.0938146492813726,0.0,0.05875,0.0,0.0614386950786761,0.0699180292431506,0.4444444444444444,0.2567364022629311,0.7744337421837422,0.4539409221491717,0,5.0,21.0,16.0,0.4539409221491717,0.6141873321664569,5.0,165,5.0,0.13986013986013987,False
BNDM,ForestCovertype,77,0.65,73,0.5348837209302326,0.8534188384596215,0,12,617,4167,2.008,1,0.692,54.0,13.272526689665506,7.0,2.0,0.6970056904918152,413.5,0.7805185185185185,0.2592592592592592,168.25063888888891,0.000125,0.0,0.2703293785712328,40.5925925925926,2000.0,0.0,1.0,-3.48238693411383,0.0,2.5219219344944284,-1.8841056121267927,0.0,0.1729072631980554,0.301106036869958,0.9392315502144786,0.8602479119603493,1.1145293779433016,1.036087440057294,30.0,0.0,0.0020065250911484,0.727625,0.5902048975512244,0.8025987006496752,0.7146426786606698,49.0,0.1430867736315684,0.0938146492813726,0.0,0.05875,0.0,0.0614386950786761,0.0699180292431506,0.4444444444444444,0.2567364022629311,0.4177737944925444,0.8337688106405511,0,5.0,12.0,7.0,0.4177737944925444,0.6257713025665478,5.0,166,5.0,0.07692307692307693,False
BNDM,ForestCovertype,801,0.79,9775,0.8604651162790699,0.0605598523748072,0,24,3414,117,1.937,8,0.673,54.0,13.272526689665506,7.0,2.0,0.6970056904918152,413.5,0.7805185185185185,0.2592592592592592,168.25063888888891,0.000125,0.0,0.2703293785712328,40.5925925925926,2000.0,0.0,1.0,-3.48238693411383,0.0,2.5219219344944284,-1.8841056121267927,0.0,0.1729072631980554,0.301106036869958,0.9392315502144786,0.8602479119603493,1.1145293779433016,1.036087440057294,30.0,0.0,0.0020065250911484,0.727625,0.5902048975512244,0.8025987006496752,0.7146426786606698,49.0,0.1430867736315684,0.0938146492813726,0.0,0.05875,0.0,0.0614386950786761,0.0699180292431506,0.4444444444444444,0.2567364022629311,0.776809441137566,0.4060228494525312,0,5.0,24.0,19.0,0.4060228494525312,0.5914161452950486,5.0,167,5.0,0.16083916083916083,False
BNDM,ForestCovertype,553,0.8,3553,0.8837209302325583,0.2248354428076083,0,15,4619,71,3.288,8,0.531,54.0,13.272526689665506,7.0,2.0,0.6970056904918152,413.5,0.7805185185185185,0.2592592592592592,168.25063888888891,0.000125,0.0,0.2703293785712328,40.5925925925926,2000.0,0.0,1.0,-3.48238693411383,0.0,2.5219219344944284,-1.8841056121267927,0.0,0.1729072631980554,0.301106036869958,0.9392315502144786,0.8602479119603493,1.1145293779433016,1.036087440057294,30.0,0.0,0.0020065250911484,0.727625,0.5902048975512244,0.8025987006496752,0.7146426786606698,49.0,0.1430867736315684,0.0938146492813726,0.0,0.05875,0.0,0.0614386950786761,0.0699180292431506,0.4444444444444444,0.2567364022629311,0.7829598289442042,0.37050752305467266,0,5.0,15.0,10.0,0.37050752305467266,0.5767336759994385,5.0,168,5.0,0.0979020979020979,False
BNDM,ForestCovertype,170,0.8,2829,0.8837209302325583,0.2618184371913357,0,12,3852,68,5.908,12,0.931,54.0,13.272526689665506,7.0,2.0,0.6970056904918152,413.5,0.7805185185185185,0.2592592592592592,168.25063888888891,0.000125,0.0,0.2703293785712328,40.5925925925926,2000.0,0.0,1.0,-3.48238693411383,0.0,2.5219219344944284,-1.8841056121267927,0.0,0.1729072631980554,0.301106036869958,0.9392315502144786,0.8602479119603493,1.1145293779433016,1.036087440057294,30.0,0.0,0.0020065250911484,0.727625,0.5902048975512244,0.8025987006496752,0.7146426786606698,49.0,0.1430867736315684,0.0938146492813726,0.0,0.05875,0.0,0.0614386950786761,0.0699180292431506,0.4444444444444444,0.2567364022629311,0.7831165674603175,0.2837923984781303,0,5.0,12.0,7.0,0.2837923984781303,0.5334544829692239,5.0,169,5.0,0.07692307692307693,False
BNDM,ForestCovertype,107,0.75,371,0.7674418604651163,0.5912503364073851,1,1,897,650,10.0,1,0.999,54.0,13.272526689665506,7.0,2.0,0.6970056904918152,413.5,0.7805185185185185,0.2592592592592592,168.25063888888891,0.000125,0.0,0.2703293785712328,40.5925925925926,2000.0,0.0,1.0,-3.48238693411383,0.0,2.5219219344944284,-1.8841056121267927,0.0,0.1729072631980554,0.301106036869958,0.9392315502144786,0.8602479119603493,1.1145293779433016,1.036087440057294,30.0,0.0,0.0020065250911484,0.727625,0.5902048975512244,0.8025987006496752,0.7146426786606698,49.0,0.1430867736315684,0.0938146492813726,0.0,0.05875,0.0,0.0614386950786761,0.0699180292431506,0.4444444444444444,0.2567364022629311,0.6874239868927368,0.6884578995627726,0,6.0,1.0,5.0,0.6874239868927368,0.6879409432277547,6.0,170,6.0,0.0,False
BNDM,ForestCovertype,298,0.74,398,0.7441860465116279,0.5798748219401322,0,3,3135,771,5.852,1,0.9,54.0,13.272526689665506,7.0,2.0,0.6970056904918152,413.5,0.7805185185185185,0.2592592592592592,168.25063888888891,0.000125,0.0,0.2703293785712328,40.5925925925926,2000.0,0.0,1.0,-3.48238693411383,0.0,2.5219219344944284,-1.8841056121267927,0.0,0.1729072631980554,0.301106036869958,0.9392315502144786,0.8602479119603493,1.1145293779433016,1.036087440057294,30.0,0.0,0.0020065250911484,0.727625,0.5902048975512244,0.8025987006496752,0.7146426786606698,49.0,0.1430867736315684,0.0938146492813726,0.0,0.05875,0.0,0.0614386950786761,0.0699180292431506,0.4444444444444444,0.2567364022629311,0.6704448502885998,0.7025522193683768,0,6.0,3.0,3.0,0.6704448502885998,0.6864985348284882,6.0,171,6.0,0.013986013986013986,False
BNDM,ForestCovertype,104,0.73,333,0.7209302325581396,0.608744083682007,0,3,823,797,10.0,1,0.999,54.0,13.272526689665506,7.0,2.0,0.6970056904918152,413.5,0.7805185185185185,0.2592592592592592,168.25063888888891,0.000125,0.0,0.2703293785712328,40.5925925925926,2000.0,0.0,1.0,-3.48238693411383,0.0,2.5219219344944284,-1.8841056121267927,0.0,0.1729072631980554,0.301106036869958,0.9392315502144786,0.8602479119603493,1.1145293779433016,1.036087440057294,30.0,0.0,0.0020065250911484,0.727625,0.5902048975512244,0.8025987006496752,0.7146426786606698,49.0,0.1430867736315684,0.0938146492813726,0.0,0.05875,0.0,0.0614386950786761,0.0699180292431506,0.4444444444444444,0.2567364022629311,0.6608445541726794,0.7124394604718276,0,6.0,3.0,3.0,0.6608445541726794,0.6866420073222534,6.0,172,6.0,0.013986013986013986,False
BNDM,ForestCovertype,433,0.74,2601,0.7441860465116279,0.2754552963773573,0,12,1574,812,0.909,2,0.096,54.0,13.272526689665506,7.0,2.0,0.6970056904918152,413.5,0.7805185185185185,0.2592592592592592,168.25063888888891,0.000125,0.0,0.2703293785712328,40.5925925925926,2000.0,0.0,1.0,-3.48238693411383,0.0,2.5219219344944284,-1.8841056121267927,0.0,0.1729072631980554,0.301106036869958,0.9392315502144786,0.8602479119603493,1.1145293779433016,1.036087440057294,30.0,0.0,0.0020065250911484,0.727625,0.5902048975512244,0.8025987006496752,0.7146426786606698,49.0,0.1430867736315684,0.0938146492813726,0.0,0.05875,0.0,0.0614386950786761,0.0699180292431506,0.4444444444444444,0.2567364022629311,0.6545449509980763,0.7151872605827326,0,6.0,12.0,6.0,0.6545449509980763,0.6848661057904044,6.0,173,6.0,0.07692307692307693,False
BNDM,ForestCovertype,559,0.71,5234,0.6744186046511628,0.1619581531809351,0,30,2281,661,6.334,1,0.448,54.0,13.272526689665506,7.0,2.0,0.6970056904918152,413.5,0.7805185185185185,0.2592592592592592,168.25063888888891,0.000125,0.0,0.2703293785712328,40.5925925925926,2000.0,0.0,1.0,-3.48238693411383,0.0,2.5219219344944284,-1.8841056121267927,0.0,0.1729072631980554,0.301106036869958,0.9392315502144786,0.8602479119603493,1.1145293779433016,1.036087440057294,30.0,0.0,0.0020065250911484,0.727625,0.5902048975512244,0.8025987006496752,0.7146426786606698,49.0,0.1430867736315684,0.0938146492813726,0.0,0.05875,0.0,0.0614386950786761,0.0699180292431506,0.4444444444444444,0.2567364022629311,0.6470922092953347,0.7232923373835897,0,6.0,30.0,24.0,0.6470922092953347,0.6851922733394622,6.0,174,6.0,0.20279720279720279,False
BNDM,ForestCovertype,71,0.73,289,0.7209302325581396,0.6316777481320861,0,2,769,890,10.0,1,0.999,54.0,13.272526689665506,7.0,2.0,0.6970056904918152,413.5,0.7805185185185185,0.2592592592592592,168.25063888888891,0.000125,0.0,0.2703293785712328,40.5925925925926,2000.0,0.0,1.0,-3.48238693411383,0.0,2.5219219344944284,-1.8841056121267927,0.0,0.1729072631980554,0.301106036869958,0.9392315502144786,0.8602479119603493,1.1145293779433016,1.036087440057294,30.0,0.0,0.0020065250911484,0.727625,0.5902048975512244,0.8025987006496752,0.7146426786606698,49.0,0.1430867736315684,0.0938146492813726,0.0,0.05875,0.0,0.0614386950786761,0.0699180292431506,0.4444444444444444,0.2567364022629311,0.6459947616041366,0.7242501644225842,0,6.0,2.0,4.0,0.6459947616041366,0.6851224630133603,6.0,175,6.0,0.006993006993006993,False
BNDM,ForestCovertype,257,0.72,5811,0.6976744186046512,0.1449831097306154,0,23,3761,1308,2.186,2,0.072,54.0,13.272526689665506,7.0,2.0,0.6970056904918152,413.5,0.7805185185185185,0.2592592592592592,168.25063888888891,0.000125,0.0,0.2703293785712328,40.5925925925926,2000.0,0.0,1.0,-3.48238693411383,0.0,2.5219219344944284,-1.8841056121267927,0.0,0.1729072631980554,0.301106036869958,0.9392315502144786,0.8602479119603493,1.1145293779433016,1.036087440057294,30.0,0.0,0.0020065250911484,0.727625,0.5902048975512244,0.8025987006496752,0.7146426786606698,49.0,0.1430867736315684,0.0938146492813726,0.0,0.05875,0.0,0.0614386950786761,0.0699180292431506,0.4444444444444444,0.2567364022629311,0.6446268187830686,0.7281188179112518,0,6.0,23.0,17.0,0.6446268187830686,0.6863728183471602,6.0,176,6.0,0.15384615384615385,False
BNDM,ForestCovertype,288,0.7,562,0.6511627906976744,0.5239745358857046,0,22,2318,863,3.639,1,0.056,54.0,13.272526689665506,7.0,2.0,0.6970056904918152,413.5,0.7805185185185185,0.2592592592592592,168.25063888888891,0.000125,0.0,0.2703293785712328,40.5925925925926,2000.0,0.0,1.0,-3.48238693411383,0.0,2.5219219344944284,-1.8841056121267927,0.0,0.1729072631980554,0.301106036869958,0.9392315502144786,0.8602479119603493,1.1145293779433016,1.036087440057294,30.0,0.0,0.0020065250911484,0.727625,0.5902048975512244,0.8025987006496752,0.7146426786606698,49.0,0.1430867736315684,0.0938146492813726,0.0,0.05875,0.0,0.0614386950786761,0.0699180292431506,0.4444444444444444,0.2567364022629311,0.6377331724987979,0.7357272139314924,0,6.0,22.0,16.0,0.6377331724987979,0.6867301932151452,6.0,177,6.0,0.14685314685314685,False
BNDM,ForestCovertype,634,0.71,274,0.6744186046511628,0.6403001628936343,0,11,4584,1763,8.362,1,0.604,54.0,13.272526689665506,7.0,2.0,0.6970056904918152,413.5,0.7805185185185185,0.2592592592592592,168.25063888888891,0.000125,0.0,0.2703293785712328,40.5925925925926,2000.0,0.0,1.0,-3.48238693411383,0.0,2.5219219344944284,-1.8841056121267927,0.0,0.1729072631980554,0.301106036869958,0.9392315502144786,0.8602479119603493,1.1145293779433016,1.036087440057294,30.0,0.0,0.0020065250911484,0.727625,0.5902048975512244,0.8025987006496752,0.7146426786606698,49.0,0.1430867736315684,0.0938146492813726,0.0,0.05875,0.0,0.0614386950786761,0.0699180292431506,0.4444444444444444,0.2567364022629311,0.6363093133718128,0.7444254762198652,0,6.0,11.0,5.0,0.6363093133718128,0.6903673947958391,6.0,178,6.0,0.06993006993006994,False
BNDM,ForestCovertype,458,0.7,3217,0.6511627906976744,0.2409590836860192,0,34,4773,1791,5.658,2,0.979,54.0,13.272526689665506,7.0,2.0,0.6970056904918152,413.5,0.7805185185185185,0.2592592592592592,168.25063888888891,0.000125,0.0,0.2703293785712328,40.5925925925926,2000.0,0.0,1.0,-3.48238693411383,0.0,2.5219219344944284,-1.8841056121267927,0.0,0.1729072631980554,0.301106036869958,0.9392315502144786,0.8602479119603493,1.1145293779433016,1.036087440057294,30.0,0.0,0.0020065250911484,0.727625,0.5902048975512244,0.8025987006496752,0.7146426786606698,49.0,0.1430867736315684,0.0938146492813726,0.0,0.05875,0.0,0.0614386950786761,0.0699180292431506,0.4444444444444444,0.2567364022629311,0.6355741717772971,0.7450805470583317,0,6.0,34.0,28.0,0.6355741717772971,0.6903273594178144,6.0,179,6.0,0.23076923076923078,False
BNDM,ForestCovertype,503,0.73,9148,0.7209302325581396,0.0713213982570648,0,27,1346,1005,2.036,2,0.298,54.0,13.272526689665506,7.0,2.0,0.6970056904918152,413.5,0.7805185185185185,0.2592592592592592,168.25063888888891,0.000125,0.0,0.2703293785712328,40.5925925925926,2000.0,0.0,1.0,-3.48238693411383,0.0,2.5219219344944284,-1.8841056121267927,0.0,0.1729072631980554,0.301106036869958,0.9392315502144786,0.8602479119603493,1.1145293779433016,1.036087440057294,30.0,0.0,0.0020065250911484,0.727625,0.5902048975512244,0.8025987006496752,0.7146426786606698,49.0,0.1430867736315684,0.0938146492813726,0.0,0.05875,0.0,0.0614386950786761,0.0699180292431506,0.4444444444444444,0.2567364022629311,0.6316400012025012,0.7534088716251446,0,6.0,27.0,21.0,0.6316400012025012,0.6925244364138229,6.0,180,6.0,0.18181818181818182,False
BNDM,ForestCovertype,219,0.72,377,0.6976744186046512,0.5886526705593083,0,6,689,902,2.823,1,0.917,54.0,13.272526689665506,7.0,2.0,0.6970056904918152,413.5,0.7805185185185185,0.2592592592592592,168.25063888888891,0.000125,0.0,0.2703293785712328,40.5925925925926,2000.0,0.0,1.0,-3.48238693411383,0.0,2.5219219344944284,-1.8841056121267927,0.0,0.1729072631980554,0.301106036869958,0.9392315502144786,0.8602479119603493,1.1145293779433016,1.036087440057294,30.0,0.0,0.0020065250911484,0.727625,0.5902048975512244,0.8025987006496752,0.7146426786606698,49.0,0.1430867736315684,0.0938146492813726,0.0,0.05875,0.0,0.0614386950786761,0.0699180292431506,0.4444444444444444,0.2567364022629311,0.6197981977513226,0.7648920765243987,0,6.0,6.0,0.0,0.6197981977513226,0.6923451371378606,6.0,181,6.0,0.03496503496503497,False
BNDM,ForestCovertype,210,0.69,286,0.6279069767441859,0.6333659850282249,0,22,4156,2137,9.311,1,0.363,54.0,13.272526689665506,7.0,2.0,0.6970056904918152,413.5,0.7805185185185185,0.2592592592592592,168.25063888888891,0.000125,0.0,0.2703293785712328,40.5925925925926,2000.0,0.0,1.0,-3.48238693411383,0.0,2.5219219344944284,-1.8841056121267927,0.0,0.1729072631980554,0.301106036869958,0.9392315502144786,0.8602479119603493,1.1145293779433016,1.036087440057294,30.0,0.0,0.0020065250911484,0.727625,0.5902048975512244,0.8025987006496752,0.7146426786606698,49.0,0.1430867736315684,0.0938146492813726,0.0,0.05875,0.0,0.0614386950786761,0.0699180292431506,0.4444444444444444,0.2567364022629311,0.6003742409211154,0.7722139403595542,0,6.0,22.0,16.0,0.6003742409211154,0.6862940906403348,6.0,182,6.0,0.14685314685314685,False
BNDM,ForestCovertype,803,0.78,5097,0.8372093023255816,0.1662634551722759,0,20,1129,249,4.924,3,0.958,54.0,13.272526689665506,7.0,2.0,0.6970056904918152,413.5,0.7805185185185185,0.2592592592592592,168.25063888888891,0.000125,0.0,0.2703293785712328,40.5925925925926,2000.0,0.0,1.0,-3.48238693411383,0.0,2.5219219344944284,-1.8841056121267927,0.0,0.1729072631980554,0.301106036869958,0.9392315502144786,0.8602479119603493,1.1145293779433016,1.036087440057294,30.0,0.0,0.0020065250911484,0.727625,0.5902048975512244,0.8025987006496752,0.7146426786606698,49.0,0.1430867736315684,0.0938146492813726,0.0,0.05875,0.0,0.0614386950786761,0.0699180292431506,0.4444444444444444,0.2567364022629311,0.7376417448292446,0.6003617980796847,0,6.0,20.0,14.0,0.6003617980796847,0.6690017714544647,6.0,183,6.0,0.13286713286713286,False
BNDM,ForestCovertype,753,0.69,235,0.6279069767441859,0.6651299567536761,0,16,4553,2414,6.333,1,0.838,54.0,13.272526689665506,7.0,2.0,0.6970056904918152,413.5,0.7805185185185185,0.2592592592592592,168.25063888888891,0.000125,0.0,0.2703293785712328,40.5925925925926,2000.0,0.0,1.0,-3.48238693411383,0.0,2.5219219344944284,-1.8841056121267927,0.0,0.1729072631980554,0.301106036869958,0.9392315502144786,0.8602479119603493,1.1145293779433016,1.036087440057294,30.0,0.0,0.0020065250911484,0.727625,0.5902048975512244,0.8025987006496752,0.7146426786606698,49.0,0.1430867736315684,0.0938146492813726,0.0,0.05875,0.0,0.0614386950786761,0.0699180292431506,0.4444444444444444,0.2567364022629311,0.5979973018879264,0.7796801050843144,0,6.0,16.0,10.0,0.5979973018879264,0.6888387034861204,6.0,184,6.0,0.1048951048951049,False
BNDM,ForestCovertype,263,0.78,2609,0.8372093023255816,0.2749569056501445,0,12,1338,219,4.194,2,0.442,54.0,13.272526689665506,7.0,2.0,0.6970056904918152,413.5,0.7805185185185185,0.2592592592592592,168.25063888888891,0.000125,0.0,0.2703293785712328,40.5925925925926,2000.0,0.0,1.0,-3.48238693411383,0.0,2.5219219344944284,-1.8841056121267927,0.0,0.1729072631980554,0.301106036869958,0.9392315502144786,0.8602479119603493,1.1145293779433016,1.036087440057294,30.0,0.0,0.0020065250911484,0.727625,0.5902048975512244,0.8025987006496752,0.7146426786606698,49.0,0.1430867736315684,0.0938146492813726,0.0,0.05875,0.0,0.0614386950786761,0.0699180292431506,0.4444444444444444,0.2567364022629311,0.7387302864959115,0.5972066870521631,0,6.0,12.0,6.0,0.5972066870521631,0.6679684867740373,6.0,185,6.0,0.07692307692307693,False
BNDM,ForestCovertype,131,0.78,3103,0.8372093023255816,0.2468148194472833,0,14,1662,144,0.502,2,0.024,54.0,13.272526689665506,7.0,2.0,0.6970056904918152,413.5,0.7805185185185185,0.2592592592592592,168.25063888888891,0.000125,0.0,0.2703293785712328,40.5925925925926,2000.0,0.0,1.0,-3.48238693411383,0.0,2.5219219344944284,-1.8841056121267927,0.0,0.1729072631980554,0.301106036869958,0.9392315502144786,0.8602479119603493,1.1145293779433016,1.036087440057294,30.0,0.0,0.0020065250911484,0.727625,0.5902048975512244,0.8025987006496752,0.7146426786606698,49.0,0.1430867736315684,0.0938146492813726,0.0,0.05875,0.0,0.0614386950786761,0.0699180292431506,0.4444444444444444,0.2567364022629311,0.7497429428210679,0.5931973435391563,0,6.0,14.0,8.0,0.5931973435391563,0.6714701431801121,6.0,186,6.0,0.09090909090909091,False
BNDM,ForestCovertype,273,0.8,1964,0.8837209302325583,0.3210414331004382,0,6,3110,112,0.579,2,0.192,54.0,13.272526689665506,7.0,2.0,0.6970056904918152,413.5,0.7805185185185185,0.2592592592592592,168.25063888888891,0.000125,0.0,0.2703293785712328,40.5925925925926,2000.0,0.0,1.0,-3.48238693411383,0.0,2.5219219344944284,-1.8841056121267927,0.0,0.1729072631980554,0.301106036869958,0.9392315502144786,0.8602479119603493,1.1145293779433016,1.036087440057294,30.0,0.0,0.0020065250911484,0.727625,0.5902048975512244,0.8025987006496752,0.7146426786606698,49.0,0.1430867736315684,0.0938146492813726,0.0,0.05875,0.0,0.0614386950786761,0.0699180292431506,0.4444444444444444,0.2567364022629311,0.7534389354858108,0.5910301770313228,0,6.0,6.0,0.0,0.5910301770313228,0.6722345562585668,6.0,187,6.0,0.03496503496503497,False
BNDM,ForestCovertype,191,0.66,2625,0.558139534883721,0.2739646907855323,0,109,2291,1476,1.113,3,0.717,54.0,13.272526689665506,7.0,2.0,0.6970056904918152,413.5,0.7805185185185185,0.2592592592592592,168.25063888888891,0.000125,0.0,0.2703293785712328,40.5925925925926,2000.0,0.0,1.0,-3.48238693411383,0.0,2.5219219344944284,-1.8841056121267927,0.0,0.1729072631980554,0.301106036869958,0.9392315502144786,0.8602479119603493,1.1145293779433016,1.036087440057294,30.0,0.0,0.0020065250911484,0.727625,0.5902048975512244,0.8025987006496752,0.7146426786606698,49.0,0.1430867736315684,0.0938146492813726,0.0,0.05875,0.0,0.0614386950786761,0.0699180292431506,0.4444444444444444,0.2567364022629311,0.5794334340428089,0.7817013492097642,0,6.0,109.0,103.0,0.5794334340428089,0.6805673916262865,6.0,188,6.0,0.7552447552447552,False
BNDM,ForestCovertype,736,0.7,2009,0.6511627906976744,0.3173654122396828,0,31,2875,1600,2.183,2,0.124,54.0,13.272526689665506,7.0,2.0,0.6970056904918152,413.5,0.7805185185185185,0.2592592592592592,168.25063888888891,0.000125,0.0,0.2703293785712328,40.5925925925926,2000.0,0.0,1.0,-3.48238693411383,0.0,2.5219219344944284,-1.8841056121267927,0.0,0.1729072631980554,0.301106036869958,0.9392315502144786,0.8602479119603493,1.1145293779433016,1.036087440057294,30.0,0.0,0.0020065250911484,0.727625,0.5902048975512244,0.8025987006496752,0.7146426786606698,49.0,0.1430867736315684,0.0938146492813726,0.0,0.05875,0.0,0.0614386950786761,0.0699180292431506,0.4444444444444444,0.2567364022629311,0.5745134379509375,0.7829167636749582,0,6.0,31.0,25.0,0.5745134379509375,0.6787151008129478,6.0,189,6.0,0.2097902097902098,False
BNDM,ForestCovertype,152,0.69,141,0.6279069767441859,0.7476048586618529,0,6,2561,1543,3.416,1,0.099,54.0,13.272526689665506,7.0,2.0,0.6970056904918152,413.5,0.7805185185185185,0.2592592592592592,168.25063888888891,0.000125,0.0,0.2703293785712328,40.5925925925926,2000.0,0.0,1.0,-3.48238693411383,0.0,2.5219219344944284,-1.8841056121267927,0.0,0.1729072631980554,0.301106036869958,0.9392315502144786,0.8602479119603493,1.1145293779433016,1.036087440057294,30.0,0.0,0.0020065250911484,0.727625,0.5902048975512244,0.8025987006496752,0.7146426786606698,49.0,0.1430867736315684,0.0938146492813726,0.0,0.05875,0.0,0.0614386950786761,0.0699180292431506,0.4444444444444444,0.2567364022629311,0.5744792493386248,0.7847881630541956,0,6.0,6.0,0.0,0.5744792493386248,0.6796337061964102,6.0,190,6.0,0.03496503496503497,False
BNDM,ForestCovertype,192,0.69,212,0.6279069767441859,0.6817773340413491,0,13,3408,2238,5.643,1,0.047,54.0,13.272526689665506,7.0,2.0,0.6970056904918152,413.5,0.7805185185185185,0.2592592592592592,168.25063888888891,0.000125,0.0,0.2703293785712328,40.5925925925926,2000.0,0.0,1.0,-3.48238693411383,0.0,2.5219219344944284,-1.8841056121267927,0.0,0.1729072631980554,0.301106036869958,0.9392315502144786,0.8602479119603493,1.1145293779433016,1.036087440057294,30.0,0.0,0.0020065250911484,0.727625,0.5902048975512244,0.8025987006496752,0.7146426786606698,49.0,0.1430867736315684,0.0938146492813726,0.0,0.05875,0.0,0.0614386950786761,0.0699180292431506,0.4444444444444444,0.2567364022629311,0.5735556983525734,0.7924014794199085,0,6.0,13.0,7.0,0.5735556983525734,0.682978588886241,6.0,191,6.0,0.08391608391608392,False
BNDM,ForestCovertype,776,0.7,256,0.6511627906976744,0.6512904923468477,0,12,1815,1881,4.213,1,0.183,54.0,13.272526689665506,7.0,2.0,0.6970056904918152,413.5,0.7805185185185185,0.2592592592592592,168.25063888888891,0.000125,0.0,0.2703293785712328,40.5925925925926,2000.0,0.0,1.0,-3.48238693411383,0.0,2.5219219344944284,-1.8841056121267927,0.0,0.1729072631980554,0.301106036869958,0.9392315502144786,0.8602479119603493,1.1145293779433016,1.036087440057294,30.0,0.0,0.0020065250911484,0.727625,0.5902048975512244,0.8025987006496752,0.7146426786606698,49.0,0.1430867736315684,0.0938146492813726,0.0,0.05875,0.0,0.0614386950786761,0.0699180292431506,0.4444444444444444,0.2567364022629311,0.5574529897186147,0.7924700247589085,0,6.0,12.0,6.0,0.5574529897186147,0.6749615072387616,6.0,192,6.0,0.07692307692307693,False
BNDM,ForestCovertype,406,0.79,6357,0.8604651162790699,0.1304057880885525,0,21,3376,139,0.108,5,0.158,54.0,13.272526689665506,7.0,2.0,0.6970056904918152,413.5,0.7805185185185185,0.2592592592592592,168.25063888888891,0.000125,0.0,0.2703293785712328,40.5925925925926,2000.0,0.0,1.0,-3.48238693411383,0.0,2.5219219344944284,-1.8841056121267927,0.0,0.1729072631980554,0.301106036869958,0.9392315502144786,0.8602479119603493,1.1145293779433016,1.036087440057294,30.0,0.0,0.0020065250911484,0.727625,0.5902048975512244,0.8025987006496752,0.7146426786606698,49.0,0.1430867736315684,0.0938146492813726,0.0,0.05875,0.0,0.0614386950786761,0.0699180292431506,0.4444444444444444,0.2567364022629311,0.7575303030303031,0.546811832207934,0,6.0,21.0,15.0,0.546811832207934,0.6521710676191186,6.0,193,6.0,0.13986013986013987,False
BNDM,ForestCovertype,722,0.78,2723,0.8372093023255816,0.2680162258262692,0,13,3057,140,3.131,3,0.811,54.0,13.272526689665506,7.0,2.0,0.6970056904918152,413.5,0.7805185185185185,0.2592592592592592,168.25063888888891,0.000125,0.0,0.2703293785712328,40.5925925925926,2000.0,0.0,1.0,-3.48238693411383,0.0,2.5219219344944284,-1.8841056121267927,0.0,0.1729072631980554,0.301106036869958,0.9392315502144786,0.8602479119603493,1.1145293779433016,1.036087440057294,30.0,0.0,0.0020065250911484,0.727625,0.5902048975512244,0.8025987006496752,0.7146426786606698,49.0,0.1430867736315684,0.0938146492813726,0.0,0.05875,0.0,0.0614386950786761,0.0699180292431506,0.4444444444444444,0.2567364022629311,0.7623176782708037,0.5460363152258139,0,6.0,13.0,7.0,0.5460363152258139,0.6541769967483088,6.0,194,6.0,0.08391608391608392,False
BNDM,ForestCovertype,749,0.66,151,0.558139534883721,0.7365563345405697,0,54,4962,3604,2.234,1,0.351,54.0,13.272526689665506,7.0,2.0,0.6970056904918152,413.5,0.7805185185185185,0.2592592592592592,168.25063888888891,0.000125,0.0,0.2703293785712328,40.5925925925926,2000.0,0.0,1.0,-3.48238693411383,0.0,2.5219219344944284,-1.8841056121267927,0.0,0.1729072631980554,0.301106036869958,0.9392315502144786,0.8602479119603493,1.1145293779433016,1.036087440057294,30.0,0.0,0.0020065250911484,0.727625,0.5902048975512244,0.8025987006496752,0.7146426786606698,49.0,0.1430867736315684,0.0938146492813726,0.0,0.05875,0.0,0.0614386950786761,0.0699180292431506,0.4444444444444444,0.2567364022629311,0.5449022291366042,0.8015905174758767,0,6.0,54.0,48.0,0.5449022291366042,0.6732463733062405,6.0,195,6.0,0.3706293706293706,False
BNDM,ForestCovertype,436,0.79,3948,0.8604651162790699,0.2077255263605985,0,16,3393,175,2.382,4,0.624,54.0,13.272526689665506,7.0,2.0,0.6970056904918152,413.5,0.7805185185185185,0.2592592592592592,168.25063888888891,0.000125,0.0,0.2703293785712328,40.5925925925926,2000.0,0.0,1.0,-3.48238693411383,0.0,2.5219219344944284,-1.8841056121267927,0.0,0.1729072631980554,0.301106036869958,0.9392315502144786,0.8602479119603493,1.1145293779433016,1.036087440057294,30.0,0.0,0.0020065250911484,0.727625,0.5902048975512244,0.8025987006496752,0.7146426786606698,49.0,0.1430867736315684,0.0938146492813726,0.0,0.05875,0.0,0.0614386950786761,0.0699180292431506,0.4444444444444444,0.2567364022629311,0.7634420695045696,0.5412843009574546,0,6.0,16.0,10.0,0.5412843009574546,0.6523631852310121,6.0,196,6.0,0.1048951048951049,False
BNDM,ForestCovertype,838,0.68,158,0.6046511627906979,0.7292467105189655,0,18,3865,2931,1.491,1,0.718,54.0,13.272526689665506,7.0,2.0,0.6970056904918152,413.5,0.7805185185185185,0.2592592592592592,168.25063888888891,0.000125,0.0,0.2703293785712328,40.5925925925926,2000.0,0.0,1.0,-3.48238693411383,0.0,2.5219219344944284,-1.8841056121267927,0.0,0.1729072631980554,0.301106036869958,0.9392315502144786,0.8602479119603493,1.1145293779433016,1.036087440057294,30.0,0.0,0.0020065250911484,0.727625,0.5902048975512244,0.8025987006496752,0.7146426786606698,49.0,0.1430867736315684,0.0938146492813726,0.0,0.05875,0.0,0.0614386950786761,0.0699180292431506,0.4444444444444444,0.2567364022629311,0.5311359803391055,0.8096732629397829,0,6.0,18.0,12.0,0.5311359803391055,0.6704046216394441,6.0,197,6.0,0.11888111888111888,False
BNDM,ForestCovertype,763,0.68,132,0.6046511627906979,0.758235243181103,0,11,3070,2559,3.854,1,0.761,54.0,13.272526689665506,7.0,2.0,0.6970056904918152,413.5,0.7805185185185185,0.2592592592592592,168.25063888888891,0.000125,0.0,0.2703293785712328,40.5925925925926,2000.0,0.0,1.0,-3.48238693411383,0.0,2.5219219344944284,-1.8841056121267927,0.0,0.1729072631980554,0.301106036869958,0.9392315502144786,0.8602479119603493,1.1145293779433016,1.036087440057294,30.0,0.0,0.0020065250911484,0.727625,0.5902048975512244,0.8025987006496752,0.7146426786606698,49.0,0.1430867736315684,0.0938146492813726,0.0,0.05875,0.0,0.0614386950786761,0.0699180292431506,0.4444444444444444,0.2567364022629311,0.5259419116762866,0.8103896932375473,0,6.0,11.0,5.0,0.5259419116762866,0.6681658024569169,6.0,198,6.0,0.06993006993006994,False
BNDM,ForestCovertype,292,0.69,1851,0.6279069767441859,0.3306568305213551,0,33,833,1895,2.928,2,0.302,54.0,13.272526689665506,7.0,2.0,0.6970056904918152,413.5,0.7805185185185185,0.2592592592592592,168.25063888888891,0.000125,0.0,0.2703293785712328,40.5925925925926,2000.0,0.0,1.0,-3.48238693411383,0.0,2.5219219344944284,-1.8841056121267927,0.0,0.1729072631980554,0.301106036869958,0.9392315502144786,0.8602479119603493,1.1145293779433016,1.036087440057294,30.0,0.0,0.0020065250911484,0.727625,0.5902048975512244,0.8025987006496752,0.7146426786606698,49.0,0.1430867736315684,0.0938146492813726,0.0,0.05875,0.0,0.0614386950786761,0.0699180292431506,0.4444444444444444,0.2567364022629311,0.518347763347763,0.8105146026738035,0,6.0,33.0,27.0,0.518347763347763,0.6644311830107832,6.0,199,6.0,0.22377622377622378,False
BNDM,ForestCovertype,929,0.66,110,0.558139534883721,0.787591313839118,0,28,3863,4408,7.648,1,0.999,54.0,13.272526689665506,7.0,2.0,0.6970056904918152,413.5,0.7805185185185185,0.2592592592592592,168.25063888888891,0.000125,0.0,0.2703293785712328,40.5925925925926,2000.0,0.0,1.0,-3.48238693411383,0.0,2.5219219344944284,-1.8841056121267927,0.0,0.1729072631980554,0.301106036869958,0.9392315502144786,0.8602479119603493,1.1145293779433016,1.036087440057294,30.0,0.0,0.0020065250911484,0.727625,0.5902048975512244,0.8025987006496752,0.7146426786606698,49.0,0.1430867736315684,0.0938146492813726,0.0,0.05875,0.0,0.0614386950786761,0.0699180292431506,0.4444444444444444,0.2567364022629311,0.5139008237133239,0.8155343927708534,0,6.0,28.0,22.0,0.5139008237133239,0.6647176082420887,6.0,200,6.0,0.1888111888111888,False
BNDM,ForestCovertype,84,0.66,172,0.558139534883721,0.7155463623713056,0,59,5000,4485,1.24,1,0.999,54.0,13.272526689665506,7.0,2.0,0.6970056904918152,413.5,0.7805185185185185,0.2592592592592592,168.25063888888891,0.000125,0.0,0.2703293785712328,40.5925925925926,2000.0,0.0,1.0,-3.48238693411383,0.0,2.5219219344944284,-1.8841056121267927,0.0,0.1729072631980554,0.301106036869958,0.9392315502144786,0.8602479119603493,1.1145293779433016,1.036087440057294,30.0,0.0,0.0020065250911484,0.727625,0.5902048975512244,0.8025987006496752,0.7146426786606698,49.0,0.1430867736315684,0.0938146492813726,0.0,0.05875,0.0,0.0614386950786761,0.0699180292431506,0.4444444444444444,0.2567364022629311,0.5086104347041847,0.8184137408836858,0,6.0,59.0,53.0,0.5086104347041847,0.6635120877939352,6.0,201,6.0,0.40559440559440557,False
BNDM,ForestCovertype,653,0.67,109,0.5813953488372094,0.7890605605352848,0,14,3083,3064,2.183,2,0.554,54.0,13.272526689665506,7.0,2.0,0.6970056904918152,413.5,0.7805185185185185,0.2592592592592592,168.25063888888891,0.000125,0.0,0.2703293785712328,40.5925925925926,2000.0,0.0,1.0,-3.48238693411383,0.0,2.5219219344944284,-1.8841056121267927,0.0,0.1729072631980554,0.301106036869958,0.9392315502144786,0.8602479119603493,1.1145293779433016,1.036087440057294,30.0,0.0,0.0020065250911484,0.727625,0.5902048975512244,0.8025987006496752,0.7146426786606698,49.0,0.1430867736315684,0.0938146492813726,0.0,0.05875,0.0,0.0614386950786761,0.0699180292431506,0.4444444444444444,0.2567364022629311,0.5032096485690234,0.8192534528668356,0,6.0,14.0,8.0,0.5032096485690234,0.6612315507179295,6.0,202,6.0,0.09090909090909091,False
BNDM,ForestCovertype,234,0.66,87,0.558139534883721,0.8252880615564683,0,12,2442,2440,4.571,1,0.765,54.0,13.272526689665506,7.0,2.0,0.6970056904918152,413.5,0.7805185185185185,0.2592592592592592,168.25063888888891,0.000125,0.0,0.2703293785712328,40.5925925925926,2000.0,0.0,1.0,-3.48238693411383,0.0,2.5219219344944284,-1.8841056121267927,0.0,0.1729072631980554,0.301106036869958,0.9392315502144786,0.8602479119603493,1.1145293779433016,1.036087440057294,30.0,0.0,0.0020065250911484,0.727625,0.5902048975512244,0.8025987006496752,0.7146426786606698,49.0,0.1430867736315684,0.0938146492813726,0.0,0.05875,0.0,0.0614386950786761,0.0699180292431506,0.4444444444444444,0.2567364022629311,0.5014615500240501,0.8207102917990006,0,6.0,12.0,6.0,0.5014615500240501,0.6610859209115254,6.0,203,6.0,0.07692307692307693,False
BNDM,ForestCovertype,611,0.65,90,0.5348837209302326,0.819845630650846,0,21,3245,4072,2.78,1,0.825,54.0,13.272526689665506,7.0,2.0,0.6970056904918152,413.5,0.7805185185185185,0.2592592592592592,168.25063888888891,0.000125,0.0,0.2703293785712328,40.5925925925926,2000.0,0.0,1.0,-3.48238693411383,0.0,2.5219219344944284,-1.8841056121267927,0.0,0.1729072631980554,0.301106036869958,0.9392315502144786,0.8602479119603493,1.1145293779433016,1.036087440057294,30.0,0.0,0.0020065250911484,0.727625,0.5902048975512244,0.8025987006496752,0.7146426786606698,49.0,0.1430867736315684,0.0938146492813726,0.0,0.05875,0.0,0.0614386950786761,0.0699180292431506,0.4444444444444444,0.2567364022629311,0.46661849146224144,0.8268619863775032,0,6.0,21.0,15.0,0.46661849146224144,0.6467402389198723,6.0,204,6.0,0.13986013986013987,False
BNDM,ForestCovertype,85,0.65,65,0.5348837209302326,0.8719934335564317,0,8,684,4418,3.344,1,0.999,54.0,13.272526689665506,7.0,2.0,0.6970056904918152,413.5,0.7805185185185185,0.2592592592592592,168.25063888888891,0.000125,0.0,0.2703293785712328,40.5925925925926,2000.0,0.0,1.0,-3.48238693411383,0.0,2.5219219344944284,-1.8841056121267927,0.0,0.1729072631980554,0.301106036869958,0.9392315502144786,0.8602479119603493,1.1145293779433016,1.036087440057294,30.0,0.0,0.0020065250911484,0.727625,0.5902048975512244,0.8025987006496752,0.7146426786606698,49.0,0.1430867736315684,0.0938146492813726,0.0,0.05875,0.0,0.0614386950786761,0.0699180292431506,0.4444444444444444,0.2567364022629311,0.42402474897787407,0.828022023400324,0,6.0,8.0,2.0,0.42402474897787407,0.626023386189099,6.0,205,6.0,0.04895104895104895,False
BNDM,ForestCovertype,159,0.66,70,0.558139534883721,0.86013775528232,0,3,810,4942,3.659,1,0.616,54.0,13.272526689665506,7.0,2.0,0.6970056904918152,413.5,0.7805185185185185,0.2592592592592592,168.25063888888891,0.000125,0.0,0.2703293785712328,40.5925925925926,2000.0,0.0,1.0,-3.48238693411383,0.0,2.5219219344944284,-1.8841056121267927,0.0,0.1729072631980554,0.301106036869958,0.9392315502144786,0.8602479119603493,1.1145293779433016,1.036087440057294,30.0,0.0,0.0020065250911484,0.727625,0.5902048975512244,0.8025987006496752,0.7146426786606698,49.0,0.1430867736315684,0.0938146492813726,0.0,0.05875,0.0,0.0614386950786761,0.0699180292431506,0.4444444444444444,0.2567364022629311,0.4123674768518518,0.828138703644085,0,6.0,3.0,3.0,0.4123674768518518,0.6202530902479684,6.0,206,6.0,0.013986013986013986,False
BNDM,ForestCovertype,47,0.58,35,0.3720930232558139,0.9703999764006798,0,6,1,2234,10.0,1,0.999,54.0,13.272526689665506,7.0,2.0,0.6970056904918152,413.5,0.7805185185185185,0.2592592592592592,168.25063888888891,0.000125,0.0,0.2703293785712328,40.5925925925926,2000.0,0.0,1.0,-3.48238693411383,0.0,2.5219219344944284,-1.8841056121267927,0.0,0.1729072631980554,0.301106036869958,0.9392315502144786,0.8602479119603493,1.1145293779433016,1.036087440057294,30.0,0.0,0.0020065250911484,0.727625,0.5902048975512244,0.8025987006496752,0.7146426786606698,49.0,0.1430867736315684,0.0938146492813726,0.0,0.05875,0.0,0.0614386950786761,0.0699180292431506,0.4444444444444444,0.2567364022629311,0.3748893924362673,0.832751197968145,0,6.0,6.0,0.0,0.3748893924362673,0.6038202952022061,6.0,207,6.0,0.03496503496503497,False
BNDM,ForestCovertype,482,0.82,10804,0.9302325581395348,0.0443120284490228,0,10,4128,28,0.464,17,0.346,54.0,13.272526689665506,7.0,2.0,0.6970056904918152,413.5,0.7805185185185185,0.2592592592592592,168.25063888888891,0.000125,0.0,0.2703293785712328,40.5925925925926,2000.0,0.0,1.0,-3.48238693411383,0.0,2.5219219344944284,-1.8841056121267927,0.0,0.1729072631980554,0.301106036869958,0.9392315502144786,0.8602479119603493,1.1145293779433016,1.036087440057294,30.0,0.0,0.0020065250911484,0.727625,0.5902048975512244,0.8025987006496752,0.7146426786606698,49.0,0.1430867736315684,0.0938146492813726,0.0,0.05875,0.0,0.0614386950786761,0.0699180292431506,0.4444444444444444,0.2567364022629311,0.7714290148508901,0.3510516741010157,0,6.0,10.0,4.0,0.3510516741010157,0.5612403444759528,6.0,208,6.0,0.06293706293706294,False
BNDM,ForestCovertype,625,0.81,3194,0.9069767441860468,0.2421236185382608,0,9,3480,62,1.305,15,0.759,54.0,13.272526689665506,7.0,2.0,0.6970056904918152,413.5,0.7805185185185185,0.2592592592592592,168.25063888888891,0.000125,0.0,0.2703293785712328,40.5925925925926,2000.0,0.0,1.0,-3.48238693411383,0.0,2.5219219344944284,-1.8841056121267927,0.0,0.1729072631980554,0.301106036869958,0.9392315502144786,0.8602479119603493,1.1145293779433016,1.036087440057294,30.0,0.0,0.0020065250911484,0.727625,0.5902048975512244,0.8025987006496752,0.7146426786606698,49.0,0.1430867736315684,0.0938146492813726,0.0,0.05875,0.0,0.0614386950786761,0.0699180292431506,0.4444444444444444,0.2567364022629311,0.7773499128186626,0.3267162847876572,0,6.0,9.0,3.0,0.3267162847876572,0.5520330988031599,6.0,209,6.0,0.055944055944055944,False
BNDM,ForestCovertype,502,0.79,13691,0.8604651162790699,0.0058669507487814,0,27,3734,90,2.718,20,0.69,54.0,13.272526689665506,7.0,2.0,0.6970056904918152,413.5,0.7805185185185185,0.2592592592592592,168.25063888888891,0.000125,0.0,0.2703293785712328,40.5925925925926,2000.0,0.0,1.0,-3.48238693411383,0.0,2.5219219344944284,-1.8841056121267927,0.0,0.1729072631980554,0.301106036869958,0.9392315502144786,0.8602479119603493,1.1145293779433016,1.036087440057294,30.0,0.0,0.0020065250911484,0.727625,0.5902048975512244,0.8025987006496752,0.7146426786606698,49.0,0.1430867736315684,0.0938146492813726,0.0,0.05875,0.0,0.0614386950786761,0.0699180292431506,0.4444444444444444,0.2567364022629311,0.7815386378667628,0.3067412261961103,0,6.0,27.0,21.0,0.3067412261961103,0.5441399320314365,6.0,210,6.0,0.18181818181818182,False
BNDM,ForestCovertype,829,0.75,11388,0.7674418604651163,0.0357660545405573,0,30,1129,530,3.444,1,0.015,54.0,13.272526689665506,7.0,2.0,0.6970056904918152,413.5,0.7805185185185185,0.2592592592592592,168.25063888888891,0.000125,0.0,0.2703293785712328,40.5925925925926,2000.0,0.0,1.0,-3.48238693411383,0.0,2.5219219344944284,-1.8841056121267927,0.0,0.1729072631980554,0.301106036869958,0.9392315502144786,0.8602479119603493,1.1145293779433016,1.036087440057294,30.0,0.0,0.0020065250911484,0.727625,0.5902048975512244,0.8025987006496752,0.7146426786606698,49.0,0.1430867736315684,0.0938146492813726,0.0,0.05875,0.0,0.0614386950786761,0.0699180292431506,0.4444444444444444,0.2567364022629311,0.6793099446849445,0.6795362526929413,0,7.0,30.0,23.0,0.6793099446849445,0.6794230986889429,7.0,211,7.0,0.20279720279720279,False
BNDM,ForestCovertype,450,0.74,8759,0.7441860465116279,0.0783753195757929,0,26,3641,764,8.701,2,0.84,54.0,13.272526689665506,7.0,2.0,0.6970056904918152,413.5,0.7805185185185185,0.2592592592592592,168.25063888888891,0.000125,0.0,0.2703293785712328,40.5925925925926,2000.0,0.0,1.0,-3.48238693411383,0.0,2.5219219344944284,-1.8841056121267927,0.0,0.1729072631980554,0.301106036869958,0.9392315502144786,0.8602479119603493,1.1145293779433016,1.036087440057294,30.0,0.0,0.0020065250911484,0.727625,0.5902048975512244,0.8025987006496752,0.7146426786606698,49.0,0.1430867736315684,0.0938146492813726,0.0,0.05875,0.0,0.0614386950786761,0.0699180292431506,0.4444444444444444,0.2567364022629311,0.6823251863876864,0.6792264496807026,0,7.0,26.0,19.0,0.6792264496807026,0.6807758180341945,7.0,212,7.0,0.17482517482517482,False
BNDM,ForestCovertype,703,0.74,942,0.7441860465116279,0.440236236291851,0,9,3025,902,6.126,1,0.354,54.0,13.272526689665506,7.0,2.0,0.6970056904918152,413.5,0.7805185185185185,0.2592592592592592,168.25063888888891,0.000125,0.0,0.2703293785712328,40.5925925925926,2000.0,0.0,1.0,-3.48238693411383,0.0,2.5219219344944284,-1.8841056121267927,0.0,0.1729072631980554,0.301106036869958,0.9392315502144786,0.8602479119603493,1.1145293779433016,1.036087440057294,30.0,0.0,0.0020065250911484,0.727625,0.5902048975512244,0.8025987006496752,0.7146426786606698,49.0,0.1430867736315684,0.0938146492813726,0.0,0.05875,0.0,0.0614386950786761,0.0699180292431506,0.4444444444444444,0.2567364022629311,0.6465491898148149,0.6956692417617389,0,7.0,9.0,2.0,0.6465491898148149,0.671109215788277,7.0,213,7.0,0.055944055944055944,False
BNDM,ForestCovertype,641,0.7,1444,0.6511627906976744,0.3709452511525879,0,29,3575,1513,0.564,4,0.3,54.0,13.272526689665506,7.0,2.0,0.6970056904918152,413.5,0.7805185185185185,0.2592592592592592,168.25063888888891,0.000125,0.0,0.2703293785712328,40.5925925925926,2000.0,0.0,1.0,-3.48238693411383,0.0,2.5219219344944284,-1.8841056121267927,0.0,0.1729072631980554,0.301106036869958,0.9392315502144786,0.8602479119603493,1.1145293779433016,1.036087440057294,30.0,0.0,0.0020065250911484,0.727625,0.5902048975512244,0.8025987006496752,0.7146426786606698,49.0,0.1430867736315684,0.0938146492813726,0.0,0.05875,0.0,0.0614386950786761,0.0699180292431506,0.4444444444444444,0.2567364022629311,0.6295403288840788,0.7376697654225319,0,7.0,29.0,22.0,0.6295403288840788,0.6836050471533054,7.0,214,7.0,0.1958041958041958,False
BNDM,ForestCovertype,48,0.72,204,0.6976744186046512,0.687992471986975,0,2,781,1062,10.0,1,0.999,54.0,13.272526689665506,7.0,2.0,0.6970056904918152,413.5,0.7805185185185185,0.2592592592592592,168.25063888888891,0.000125,0.0,0.2703293785712328,40.5925925925926,2000.0,0.0,1.0,-3.48238693411383,0.0,2.5219219344944284,-1.8841056121267927,0.0,0.1729072631980554,0.301106036869958,0.9392315502144786,0.8602479119603493,1.1145293779433016,1.036087440057294,30.0,0.0,0.0020065250911484,0.727625,0.5902048975512244,0.8025987006496752,0.7146426786606698,49.0,0.1430867736315684,0.0938146492813726,0.0,0.05875,0.0,0.0614386950786761,0.0699180292431506,0.4444444444444444,0.2567364022629311,0.6279079710798463,0.7377208959215185,0,7.0,2.0,5.0,0.6279079710798463,0.6828144335006824,7.0,215,7.0,0.006993006993006993,False
BNDM,ForestCovertype,820,0.7,6669,0.6511627906976744,0.1226282181748447,0,39,4487,1781,7.548,2,0.84,54.0,13.272526689665506,7.0,2.0,0.6970056904918152,413.5,0.7805185185185185,0.2592592592592592,168.25063888888891,0.000125,0.0,0.2703293785712328,40.5925925925926,2000.0,0.0,1.0,-3.48238693411383,0.0,2.5219219344944284,-1.8841056121267927,0.0,0.1729072631980554,0.301106036869958,0.9392315502144786,0.8602479119603493,1.1145293779433016,1.036087440057294,30.0,0.0,0.0020065250911484,0.727625,0.5902048975512244,0.8025987006496752,0.7146426786606698,49.0,0.1430867736315684,0.0938146492813726,0.0,0.05875,0.0,0.0614386950786761,0.0699180292431506,0.4444444444444444,0.2567364022629311,0.6271761589105335,0.7379525698775697,0,7.0,39.0,32.0,0.6271761589105335,0.6825643643940515,7.0,216,7.0,0.26573426573426573,False
BNDM,ForestCovertype,264,0.71,360,0.6744186046511628,0.5961234366803863,0,18,3930,1711,6.996,1,0.564,54.0,13.272526689665506,7.0,2.0,0.6970056904918152,413.5,0.7805185185185185,0.2592592592592592,168.25063888888891,0.000125,0.0,0.2703293785712328,40.5925925925926,2000.0,0.0,1.0,-3.48238693411383,0.0,2.5219219344944284,-1.8841056121267927,0.0,0.1729072631980554,0.301106036869958,0.9392315502144786,0.8602479119603493,1.1145293779433016,1.036087440057294,30.0,0.0,0.0020065250911484,0.727625,0.5902048975512244,0.8025987006496752,0.7146426786606698,49.0,0.1430867736315684,0.0938146492813726,0.0,0.05875,0.0,0.0614386950786761,0.0699180292431506,0.4444444444444444,0.2567364022629311,0.6262396885521885,0.75254174326152,0,7.0,18.0,11.0,0.6262396885521885,0.6893907159068542,7.0,217,7.0,0.11888111888111888,False
BNDM,ForestCovertype,70,0.71,212,0.6744186046511628,0.6817773340413491,0,5,996,1462,8.829,1,0.999,54.0,13.272526689665506,7.0,2.0,0.6970056904918152,413.5,0.7805185185185185,0.2592592592592592,168.25063888888891,0.000125,0.0,0.2703293785712328,40.5925925925926,2000.0,0.0,1.0,-3.48238693411383,0.0,2.5219219344944284,-1.8841056121267927,0.0,0.1729072631980554,0.301106036869958,0.9392315502144786,0.8602479119603493,1.1145293779433016,1.036087440057294,30.0,0.0,0.0020065250911484,0.727625,0.5902048975512244,0.8025987006496752,0.7146426786606698,49.0,0.1430867736315684,0.0938146492813726,0.0,0.05875,0.0,0.0614386950786761,0.0699180292431506,0.4444444444444444,0.2567364022629311,0.6058105083573834,0.7598456713459001,0,7.0,5.0,2.0,0.6058105083573834,0.6828280898516417,7.0,218,7.0,0.027972027972027972,False
BNDM,ForestCovertype,442,0.72,355,0.6976744186046512,0.5983877781539773,0,4,735,1037,0.326,1,0.837,54.0,13.272526689665506,7.0,2.0,0.6970056904918152,413.5,0.7805185185185185,0.2592592592592592,168.25063888888891,0.000125,0.0,0.2703293785712328,40.5925925925926,2000.0,0.0,1.0,-3.48238693411383,0.0,2.5219219344944284,-1.8841056121267927,0.0,0.1729072631980554,0.301106036869958,0.9392315502144786,0.8602479119603493,1.1145293779433016,1.036087440057294,30.0,0.0,0.0020065250911484,0.727625,0.5902048975512244,0.8025987006496752,0.7146426786606698,49.0,0.1430867736315684,0.0938146492813726,0.0,0.05875,0.0,0.0614386950786761,0.0699180292431506,0.4444444444444444,0.2567364022629311,0.6008935185185186,0.7639305585681673,0,7.0,4.0,3.0,0.6008935185185186,0.682412038543343,7.0,219,7.0,0.02097902097902098,False
BNDM,ForestCovertype,79,0.71,236,0.6744186046511628,0.6644434836298803,0,9,3346,1677,8.239,1,0.538,54.0,13.272526689665506,7.0,2.0,0.6970056904918152,413.5,0.7805185185185185,0.2592592592592592,168.25063888888891,0.000125,0.0,0.2703293785712328,40.5925925925926,2000.0,0.0,1.0,-3.48238693411383,0.0,2.5219219344944284,-1.8841056121267927,0.0,0.1729072631980554,0.301106036869958,0.9392315502144786,0.8602479119603493,1.1145293779433016,1.036087440057294,30.0,0.0,0.0020065250911484,0.727625,0.5902048975512244,0.8025987006496752,0.7146426786606698,49.0,0.1430867736315684,0.0938146492813726,0.0,0.05875,0.0,0.0614386950786761,0.0699180292431506,0.4444444444444444,0.2567364022629311,0.5997904265873018,0.7660908265883077,0,7.0,9.0,2.0,0.5997904265873018,0.6829406265878047,7.0,220,7.0,0.055944055944055944,False
BNDM,ForestCovertype,68,0.69,190,0.6279069767441859,0.6994765971692618,0,11,4111,2430,9.232,1,0.999,54.0,13.272526689665506,7.0,2.0,0.6970056904918152,413.5,0.7805185185185185,0.2592592592592592,168.25063888888891,0.000125,0.0,0.2703293785712328,40.5925925925926,2000.0,0.0,1.0,-3.48238693411383,0.0,2.5219219344944284,-1.8841056121267927,0.0,0.1729072631980554,0.301106036869958,0.9392315502144786,0.8602479119603493,1.1145293779433016,1.036087440057294,30.0,0.0,0.0020065250911484,0.727625,0.5902048975512244,0.8025987006496752,0.7146426786606698,49.0,0.1430867736315684,0.0938146492813726,0.0,0.05875,0.0,0.0614386950786761,0.0699180292431506,0.4444444444444444,0.2567364022629311,0.5986687484968735,0.7684239995625901,0,7.0,11.0,4.0,0.5986687484968735,0.6835463740297318,7.0,221,7.0,0.06993006993006994,False
BNDM,ForestCovertype,891,0.7,960,0.6511627906976744,0.4371664896550244,0,25,3563,2087,7.495,1,0.001,54.0,13.272526689665506,7.0,2.0,0.6970056904918152,413.5,0.7805185185185185,0.2592592592592592,168.25063888888891,0.000125,0.0,0.2703293785712328,40.5925925925926,2000.0,0.0,1.0,-3.48238693411383,0.0,2.5219219344944284,-1.8841056121267927,0.0,0.1729072631980554,0.301106036869958,0.9392315502144786,0.8602479119603493,1.1145293779433016,1.036087440057294,30.0,0.0,0.0020065250911484,0.727625,0.5902048975512244,0.8025987006496752,0.7146426786606698,49.0,0.1430867736315684,0.0938146492813726,0.0,0.05875,0.0,0.0614386950786761,0.0699180292431506,0.4444444444444444,0.2567364022629311,0.5970600423881672,0.777683953108402,0,7.0,25.0,18.0,0.5970600423881672,0.6873719977482846,7.0,222,7.0,0.16783216783216784,False
BNDM,ForestCovertype,620,0.78,4502,0.8372093023255816,0.1864118959082957,0,18,1321,138,0.08,4,0.717,54.0,13.272526689665506,7.0,2.0,0.6970056904918152,413.5,0.7805185185185185,0.2592592592592592,168.25063888888891,0.000125,0.0,0.2703293785712328,40.5925925925926,2000.0,0.0,1.0,-3.48238693411383,0.0,2.5219219344944284,-1.8841056121267927,0.0,0.1729072631980554,0.301106036869958,0.9392315502144786,0.8602479119603493,1.1145293779433016,1.036087440057294,30.0,0.0,0.0020065250911484,0.727625,0.5902048975512244,0.8025987006496752,0.7146426786606698,49.0,0.1430867736315684,0.0938146492813726,0.0,0.05875,0.0,0.0614386950786761,0.0699180292431506,0.4444444444444444,0.2567364022629311,0.7338951418951423,0.5915319388226719,0,7.0,18.0,11.0,0.5915319388226719,0.6627135403589071,7.0,223,7.0,0.11888111888111888,False
BNDM,ForestCovertype,375,0.7,217,0.6511627906976744,0.678010328574701,0,6,2040,99,1.624,1,0.393,54.0,13.272526689665506,7.0,2.0,0.6970056904918152,413.5,0.7805185185185185,0.2592592592592592,168.25063888888891,0.000125,0.0,0.2703293785712328,40.5925925925926,2000.0,0.0,1.0,-3.48238693411383,0.0,2.5219219344944284,-1.8841056121267927,0.0,0.1729072631980554,0.301106036869958,0.9392315502144786,0.8602479119603493,1.1145293779433016,1.036087440057294,30.0,0.0,0.0020065250911484,0.727625,0.5902048975512244,0.8025987006496752,0.7146426786606698,49.0,0.1430867736315684,0.0938146492813726,0.0,0.05875,0.0,0.0614386950786761,0.0699180292431506,0.4444444444444444,0.2567364022629311,0.7411927759740261,0.5909699601243356,0,7.0,6.0,1.0,0.5909699601243356,0.6660813680491808,7.0,224,7.0,0.03496503496503497,False
BNDM,ForestCovertype,55,0.7,962,0.6511627906976744,0.436828962190642,0,26,1057,1669,10.0,1,0.001,54.0,13.272526689665506,7.0,2.0,0.6970056904918152,413.5,0.7805185185185185,0.2592592592592592,168.25063888888891,0.000125,0.0,0.2703293785712328,40.5925925925926,2000.0,0.0,1.0,-3.48238693411383,0.0,2.5219219344944284,-1.8841056121267927,0.0,0.1729072631980554,0.301106036869958,0.9392315502144786,0.8602479119603493,1.1145293779433016,1.036087440057294,30.0,0.0,0.0020065250911484,0.727625,0.5902048975512244,0.8025987006496752,0.7146426786606698,49.0,0.1430867736315684,0.0938146492813726,0.0,0.05875,0.0,0.0614386950786761,0.0699180292431506,0.4444444444444444,0.2567364022629311,0.5688605850168352,0.7888875675123842,0,7.0,26.0,19.0,0.5688605850168352,0.6788740762646097,7.0,225,7.0,0.17482517482517482,False
BNDM,ForestCovertype,636,0.81,1758,0.9069767441860468,0.3390212449577994,0,4,935,58,2.981,1,0.372,54.0,13.272526689665506,7.0,2.0,0.6970056904918152,413.5,0.7805185185185185,0.2592592592592592,168.25063888888891,0.000125,0.0,0.2703293785712328,40.5925925925926,2000.0,0.0,1.0,-3.48238693411383,0.0,2.5219219344944284,-1.8841056121267927,0.0,0.1729072631980554,0.301106036869958,0.9392315502144786,0.8602479119603493,1.1145293779433016,1.036087440057294,30.0,0.0,0.0020065250911484,0.727625,0.5902048975512244,0.8025987006496752,0.7146426786606698,49.0,0.1430867736315684,0.0938146492813726,0.0,0.05875,0.0,0.0614386950786761,0.0699180292431506,0.4444444444444444,0.2567364022629311,0.7510595162938909,0.5569238587669499,0,7.0,4.0,3.0,0.5569238587669499,0.6539916875304204,7.0,226,7.0,0.02097902097902098,False
BNDM,ForestCovertype,156,0.68,159,0.6046511627906979,0.7282288347591027,0,19,4989,3543,0.236,3,0.505,54.0,13.272526689665506,7.0,2.0,0.6970056904918152,413.5,0.7805185185185185,0.2592592592592592,168.25063888888891,0.000125,0.0,0.2703293785712328,40.5925925925926,2000.0,0.0,1.0,-3.48238693411383,0.0,2.5219219344944284,-1.8841056121267927,0.0,0.1729072631980554,0.301106036869958,0.9392315502144786,0.8602479119603493,1.1145293779433016,1.036087440057294,30.0,0.0,0.0020065250911484,0.727625,0.5902048975512244,0.8025987006496752,0.7146426786606698,49.0,0.1430867736315684,0.0938146492813726,0.0,0.05875,0.0,0.0614386950786761,0.0699180292431506,0.4444444444444444,0.2567364022629311,0.5552020652958153,0.7901314365884684,0,7.0,19.0,12.0,0.5552020652958153,0.6726667509421418,7.0,227,7.0,0.1258741258741259,False
BNDM,ForestCovertype,334,0.68,106,0.6046511627906979,0.7935498046725837,0,2,2890,2391,7.205,1,0.998,54.0,13.272526689665506,7.0,2.0,0.6970056904918152,413.5,0.7805185185185185,0.2592592592592592,168.25063888888891,0.000125,0.0,0.2703293785712328,40.5925925925926,2000.0,0.0,1.0,-3.48238693411383,0.0,2.5219219344944284,-1.8841056121267927,0.0,0.1729072631980554,0.301106036869958,0.9392315502144786,0.8602479119603493,1.1145293779433016,1.036087440057294,30.0,0.0,0.0020065250911484,0.727625,0.5902048975512244,0.8025987006496752,0.7146426786606698,49.0,0.1430867736315684,0.0938146492813726,0.0,0.05875,0.0,0.0614386950786761,0.0699180292431506,0.4444444444444444,0.2567364022629311,0.5306487493987493,0.7988694416944372,0,7.0,2.0,5.0,0.5306487493987493,0.6647590955465932,7.0,228,7.0,0.006993006993006993,False
BNDM,ForestCovertype,41,0.66,157,0.558139534883721,0.730271008250384,0,55,5000,4174,10.0,1,0.001,54.0,13.272526689665506,7.0,2.0,0.6970056904918152,413.5,0.7805185185185185,0.2592592592592592,168.25063888888891,0.000125,0.0,0.2703293785712328,40.5925925925926,2000.0,0.0,1.0,-3.48238693411383,0.0,2.5219219344944284,-1.8841056121267927,0.0,0.1729072631980554,0.301106036869958,0.9392315502144786,0.8602479119603493,1.1145293779433016,1.036087440057294,30.0,0.0,0.0020065250911484,0.727625,0.5902048975512244,0.8025987006496752,0.7146426786606698,49.0,0.1430867736315684,0.0938146492813726,0.0,0.05875,0.0,0.0614386950786761,0.0699180292431506,0.4444444444444444,0.2567364022629311,0.5249910188191438,0.8036455652739689,0,7.0,55.0,48.0,0.5249910188191438,0.6643182920465563,7.0,229,7.0,0.3776223776223776,False
BNDM,ForestCovertype,164,0.68,122,0.6046511627906979,0.7709253450081219,0,7,3356,3000,1.471,2,0.075,54.0,13.272526689665506,7.0,2.0,0.6970056904918152,413.5,0.7805185185185185,0.2592592592592592,168.25063888888891,0.000125,0.0,0.2703293785712328,40.5925925925926,2000.0,0.0,1.0,-3.48238693411383,0.0,2.5219219344944284,-1.8841056121267927,0.0,0.1729072631980554,0.301106036869958,0.9392315502144786,0.8602479119603493,1.1145293779433016,1.036087440057294,30.0,0.0,0.0020065250911484,0.727625,0.5902048975512244,0.8025987006496752,0.7146426786606698,49.0,0.1430867736315684,0.0938146492813726,0.0,0.05875,0.0,0.0614386950786761,0.0699180292431506,0.4444444444444444,0.2567364022629311,0.5236639835858584,0.8087222977110007,0,7.0,7.0,0.0,0.5236639835858584,0.6661931406484296,7.0,230,7.0,0.04195804195804196,False
BNDM,ForestCovertype,842,0.84,3150,0.9767441860465116,0.2443749715657588,1,1,2739,20,5.701,1,0.982,54.0,13.272526689665506,7.0,2.0,0.6970056904918152,413.5,0.7805185185185185,0.2592592592592592,168.25063888888891,0.000125,0.0,0.2703293785712328,40.5925925925926,2000.0,0.0,1.0,-3.48238693411383,0.0,2.5219219344944284,-1.8841056121267927,0.0,0.1729072631980554,0.301106036869958,0.9392315502144786,0.8602479119603493,1.1145293779433016,1.036087440057294,30.0,0.0,0.0020065250911484,0.727625,0.5902048975512244,0.8025987006496752,0.7146426786606698,49.0,0.1430867736315684,0.0938146492813726,0.0,0.05875,0.0,0.0614386950786761,0.0699180292431506,0.4444444444444444,0.2567364022629311,0.7546156355218854,0.5053783835804911,0,7.0,1.0,6.0,0.5053783835804911,0.6299970095511882,7.0,231,7.0,0.0,False
BNDM,ForestCovertype,52,0.67,149,0.5813953488372094,0.7387067057378824,0,32,1220,3032,8.368,1,0.999,54.0,13.272526689665506,7.0,2.0,0.6970056904918152,413.5,0.7805185185185185,0.2592592592592592,168.25063888888891,0.000125,0.0,0.2703293785712328,40.5925925925926,2000.0,0.0,1.0,-3.48238693411383,0.0,2.5219219344944284,-1.8841056121267927,0.0,0.1729072631980554,0.301106036869958,0.9392315502144786,0.8602479119603493,1.1145293779433016,1.036087440057294,30.0,0.0,0.0020065250911484,0.727625,0.5902048975512244,0.8025987006496752,0.7146426786606698,49.0,0.1430867736315684,0.0938146492813726,0.0,0.05875,0.0,0.0614386950786761,0.0699180292431506,0.4444444444444444,0.2567364022629311,0.5042377269721023,0.8181483265289025,0,7.0,32.0,25.0,0.5042377269721023,0.6611930267505024,7.0,232,7.0,0.21678321678321677,False
BNDM,ForestCovertype,238,0.79,3177,0.8604651162790699,0.2429897624668395,0,14,1457,124,6.532,4,0.867,54.0,13.272526689665506,7.0,2.0,0.6970056904918152,413.5,0.7805185185185185,0.2592592592592592,168.25063888888891,0.000125,0.0,0.2703293785712328,40.5925925925926,2000.0,0.0,1.0,-3.48238693411383,0.0,2.5219219344944284,-1.8841056121267927,0.0,0.1729072631980554,0.301106036869958,0.9392315502144786,0.8602479119603493,1.1145293779433016,1.036087440057294,30.0,0.0,0.0020065250911484,0.727625,0.5902048975512244,0.8025987006496752,0.7146426786606698,49.0,0.1430867736315684,0.0938146492813726,0.0,0.05875,0.0,0.0614386950786761,0.0699180292431506,0.4444444444444444,0.2567364022629311,0.757881703944204,0.5041041227068518,0,7.0,14.0,7.0,0.5041041227068518,0.6309929133255279,7.0,233,7.0,0.09090909090909091,False
BNDM,ForestCovertype,567,0.66,108,0.558139534883721,0.7905432251951681,0,26,2884,3126,5.53,1,0.873,54.0,13.272526689665506,7.0,2.0,0.6970056904918152,413.5,0.7805185185185185,0.2592592592592592,168.25063888888891,0.000125,0.0,0.2703293785712328,40.5925925925926,2000.0,0.0,1.0,-3.48238693411383,0.0,2.5219219344944284,-1.8841056121267927,0.0,0.1729072631980554,0.301106036869958,0.9392315502144786,0.8602479119603493,1.1145293779433016,1.036087440057294,30.0,0.0,0.0020065250911484,0.727625,0.5902048975512244,0.8025987006496752,0.7146426786606698,49.0,0.1430867736315684,0.0938146492813726,0.0,0.05875,0.0,0.0614386950786761,0.0699180292431506,0.4444444444444444,0.2567364022629311,0.48622303391053395,0.8205747721494621,0,7.0,26.0,19.0,0.48622303391053395,0.653398903029998,7.0,234,7.0,0.17482517482517482,False
BNDM,ForestCovertype,784,0.66,85,0.558139534883721,0.8290204248269133,0,11,3332,4613,1.287,1,0.621,54.0,13.272526689665506,7.0,2.0,0.6970056904918152,413.5,0.7805185185185185,0.2592592592592592,168.25063888888891,0.000125,0.0,0.2703293785712328,40.5925925925926,2000.0,0.0,1.0,-3.48238693411383,0.0,2.5219219344944284,-1.8841056121267927,0.0,0.1729072631980554,0.301106036869958,0.9392315502144786,0.8602479119603493,1.1145293779433016,1.036087440057294,30.0,0.0,0.0020065250911484,0.727625,0.5902048975512244,0.8025987006496752,0.7146426786606698,49.0,0.1430867736315684,0.0938146492813726,0.0,0.05875,0.0,0.0614386950786761,0.0699180292431506,0.4444444444444444,0.2567364022629311,0.4625360975829727,0.8246268410069928,0,7.0,11.0,4.0,0.4625360975829727,0.6435814692949827,7.0,235,7.0,0.06993006993006994,False
BNDM,ForestCovertype,336,0.8,12005,0.8837209302325583,0.0272006699550207,0,21,4874,69,0.991,19,0.05,54.0,13.272526689665506,7.0,2.0,0.6970056904918152,413.5,0.7805185185185185,0.2592592592592592,168.25063888888891,0.000125,0.0,0.2703293785712328,40.5925925925926,2000.0,0.0,1.0,-3.48238693411383,0.0,2.5219219344944284,-1.8841056121267927,0.0,0.1729072631980554,0.301106036869958,0.9392315502144786,0.8602479119603493,1.1145293779433016,1.036087440057294,30.0,0.0,0.0020065250911484,0.727625,0.5902048975512244,0.8025987006496752,0.7146426786606698,49.0,0.1430867736315684,0.0938146492813726,0.0,0.05875,0.0,0.0614386950786761,0.0699180292431506,0.4444444444444444,0.2567364022629311,0.7609084220177974,0.3761132437111698,0,7.0,21.0,14.0,0.3761132437111698,0.5685108328644836,7.0,236,7.0,0.13986013986013987,False
BNDM,ForestCovertype,477,0.82,9257,0.9302325581395348,0.0693986049821066,0,9,1536,15,4.023,9,0.769,54.0,13.272526689665506,7.0,2.0,0.6970056904918152,413.5,0.7805185185185185,0.2592592592592592,168.25063888888891,0.000125,0.0,0.2703293785712328,40.5925925925926,2000.0,0.0,1.0,-3.48238693411383,0.0,2.5219219344944284,-1.8841056121267927,0.0,0.1729072631980554,0.301106036869958,0.9392315502144786,0.8602479119603493,1.1145293779433016,1.036087440057294,30.0,0.0,0.0020065250911484,0.727625,0.5902048975512244,0.8025987006496752,0.7146426786606698,49.0,0.1430867736315684,0.0938146492813726,0.0,0.05875,0.0,0.0614386950786761,0.0699180292431506,0.4444444444444444,0.2567364022629311,0.7612689769721022,0.3181469120162637,0,7.0,9.0,2.0,0.3181469120162637,0.5397079444941829,7.0,237,7.0,0.055944055944055944,False
BNDM,ForestCovertype,80,0.8,2572,0.8837209302325583,0.2772748976101252,0,10,1876,80,10.0,12,0.973,54.0,13.272526689665506,7.0,2.0,0.6970056904918152,413.5,0.7805185185185185,0.2592592592592592,168.25063888888891,0.000125,0.0,0.2703293785712328,40.5925925925926,2000.0,0.0,1.0,-3.48238693411383,0.0,2.5219219344944284,-1.8841056121267927,0.0,0.1729072631980554,0.301106036869958,0.9392315502144786,0.8602479119603493,1.1145293779433016,1.036087440057294,30.0,0.0,0.0020065250911484,0.727625,0.5902048975512244,0.8025987006496752,0.7146426786606698,49.0,0.1430867736315684,0.0938146492813726,0.0,0.05875,0.0,0.0614386950786761,0.0699180292431506,0.4444444444444444,0.2567364022629311,0.7657347582972589,0.3079578113308933,0,7.0,10.0,3.0,0.3079578113308933,0.536846284814076,7.0,238,7.0,0.06293706293706294,False
BNDM,ForestCovertype,231,0.8,4436,0.8837209302325583,0.1888090631783042,0,16,4109,97,4.372,19,0.957,54.0,13.272526689665506,7.0,2.0,0.6970056904918152,413.5,0.7805185185185185,0.2592592592592592,168.25063888888891,0.000125,0.0,0.2703293785712328,40.5925925925926,2000.0,0.0,1.0,-3.48238693411383,0.0,2.5219219344944284,-1.8841056121267927,0.0,0.1729072631980554,0.301106036869958,0.9392315502144786,0.8602479119603493,1.1145293779433016,1.036087440057294,30.0,0.0,0.0020065250911484,0.727625,0.5902048975512244,0.8025987006496752,0.7146426786606698,49.0,0.1430867736315684,0.0938146492813726,0.0,0.05875,0.0,0.0614386950786761,0.0699180292431506,0.4444444444444444,0.2567364022629311,0.7771395202020205,0.29364524451676066,0,7.0,16.0,9.0,0.29364524451676066,0.5353923823593906,7.0,239,7.0,0.1048951048951049,False
BNDM,ForestCovertype,657,0.76,14374,0.7906976744186047,0.0,0,29,625,319,8.533,2,0.383,54.0,13.272526689665506,7.0,2.0,0.6970056904918152,413.5,0.7805185185185185,0.2592592592592592,168.25063888888891,0.000125,0.0,0.2703293785712328,40.5925925925926,2000.0,0.0,1.0,-3.48238693411383,0.0,2.5219219344944284,-1.8841056121267927,0.0,0.1729072631980554,0.301106036869958,0.9392315502144786,0.8602479119603493,1.1145293779433016,1.036087440057294,30.0,0.0,0.0020065250911484,0.727625,0.5902048975512244,0.8025987006496752,0.7146426786606698,49.0,0.1430867736315684,0.0938146492813726,0.0,0.05875,0.0,0.0614386950786761,0.0699180292431506,0.4444444444444444,0.2567364022629311,0.6725656866281869,0.6381379846311146,0,8.0,29.0,21.0,0.6381379846311146,0.6553518356296508,8.0,240,8.0,0.1958041958041958,False
BNDM,ForestCovertype,518,0.71,7106,0.6744186046511628,0.1123253883471357,0,34,3948,1622,5.801,2,0.092,54.0,13.272526689665506,7.0,2.0,0.6970056904918152,413.5,0.7805185185185185,0.2592592592592592,168.25063888888891,0.000125,0.0,0.2703293785712328,40.5925925925926,2000.0,0.0,1.0,-3.48238693411383,0.0,2.5219219344944284,-1.8841056121267927,0.0,0.1729072631980554,0.301106036869958,0.9392315502144786,0.8602479119603493,1.1145293779433016,1.036087440057294,30.0,0.0,0.0020065250911484,0.727625,0.5902048975512244,0.8025987006496752,0.7146426786606698,49.0,0.1430867736315684,0.0938146492813726,0.0,0.05875,0.0,0.0614386950786761,0.0699180292431506,0.4444444444444444,0.2567364022629311,0.6259742138648385,0.7481813250650005,0,8.0,34.0,26.0,0.6259742138648385,0.6870777694649195,8.0,241,8.0,0.23076923076923078,False
BNDM,ForestCovertype,119,0.7,6382,0.6511627906976744,0.1297686683167623,0,37,4214,1949,1.17,5,0.498,54.0,13.272526689665506,7.0,2.0,0.6970056904918152,413.5,0.7805185185185185,0.2592592592592592,168.25063888888891,0.000125,0.0,0.2703293785712328,40.5925925925926,2000.0,0.0,1.0,-3.48238693411383,0.0,2.5219219344944284,-1.8841056121267927,0.0,0.1729072631980554,0.301106036869958,0.9392315502144786,0.8602479119603493,1.1145293779433016,1.036087440057294,30.0,0.0,0.0020065250911484,0.727625,0.5902048975512244,0.8025987006496752,0.7146426786606698,49.0,0.1430867736315684,0.0938146492813726,0.0,0.05875,0.0,0.0614386950786761,0.0699180292431506,0.4444444444444444,0.2567364022629311,0.6090325201418954,0.7508045589144986,0,8.0,37.0,29.0,0.6090325201418954,0.679918539528197,8.0,242,8.0,0.2517482517482518,False
BNDM,ForestCovertype,603,0.71,2101,0.6744186046511628,0.3100994818097785,0,28,1910,1730,1.676,3,0.951,54.0,13.272526689665506,7.0,2.0,0.6970056904918152,413.5,0.7805185185185185,0.2592592592592592,168.25063888888891,0.000125,0.0,0.2703293785712328,40.5925925925926,2000.0,0.0,1.0,-3.48238693411383,0.0,2.5219219344944284,-1.8841056121267927,0.0,0.1729072631980554,0.301106036869958,0.9392315502144786,0.8602479119603493,1.1145293779433016,1.036087440057294,30.0,0.0,0.0020065250911484,0.727625,0.5902048975512244,0.8025987006496752,0.7146426786606698,49.0,0.1430867736315684,0.0938146492813726,0.0,0.05875,0.0,0.0614386950786761,0.0699180292431506,0.4444444444444444,0.2567364022629311,0.593892058338487,0.7672942874510136,0,8.0,28.0,20.0,0.593892058338487,0.6805931728947503,8.0,243,8.0,0.1888111888111888,False
BNDM,ForestCovertype,651,0.7,2758,0.6511627906976744,0.2659435101606459,0,33,1279,1596,4.084,2,0.493,54.0,13.272526689665506,7.0,2.0,0.6970056904918152,413.5,0.7805185185185185,0.2592592592592592,168.25063888888891,0.000125,0.0,0.2703293785712328,40.5925925925926,2000.0,0.0,1.0,-3.48238693411383,0.0,2.5219219344944284,-1.8841056121267927,0.0,0.1729072631980554,0.301106036869958,0.9392315502144786,0.8602479119603493,1.1145293779433016,1.036087440057294,30.0,0.0,0.0020065250911484,0.727625,0.5902048975512244,0.8025987006496752,0.7146426786606698,49.0,0.1430867736315684,0.0938146492813726,0.0,0.05875,0.0,0.0614386950786761,0.0699180292431506,0.4444444444444444,0.2567364022629311,0.5875669116762866,0.7683458650317505,0,8.0,33.0,25.0,0.5875669116762866,0.6779563883540185,8.0,244,8.0,0.22377622377622378,False
BNDM,ForestCovertype,197,0.7,219,0.6511627906976744,0.6765276639148178,0,7,3009,1822,1.046,2,0.968,54.0,13.272526689665506,7.0,2.0,0.6970056904918152,413.5,0.7805185185185185,0.2592592592592592,168.25063888888891,0.000125,0.0,0.2703293785712328,40.5925925925926,2000.0,0.0,1.0,-3.48238693411383,0.0,2.5219219344944284,-1.8841056121267927,0.0,0.1729072631980554,0.301106036869958,0.9392315502144786,0.8602479119603493,1.1145293779433016,1.036087440057294,30.0,0.0,0.0020065250911484,0.727625,0.5902048975512244,0.8025987006496752,0.7146426786606698,49.0,0.1430867736315684,0.0938146492813726,0.0,0.05875,0.0,0.0614386950786761,0.0699180292431506,0.4444444444444444,0.2567364022629311,0.5854820707070707,0.776994202055688,0,8.0,7.0,1.0,0.5854820707070707,0.6812381363813793,8.0,245,8.0,0.04195804195804196,False
BNDM,ForestCovertype,202,0.79,4184,0.8604651162790699,0.1983019929042601,0,17,3006,161,2.59,3,0.088,54.0,13.272526689665506,7.0,2.0,0.6970056904918152,413.5,0.7805185185185185,0.2592592592592592,168.25063888888891,0.000125,0.0,0.2703293785712328,40.5925925925926,2000.0,0.0,1.0,-3.48238693411383,0.0,2.5219219344944284,-1.8841056121267927,0.0,0.1729072631980554,0.301106036869958,0.9392315502144786,0.8602479119603493,1.1145293779433016,1.036087440057294,30.0,0.0,0.0020065250911484,0.727625,0.5902048975512244,0.8025987006496752,0.7146426786606698,49.0,0.1430867736315684,0.0938146492813726,0.0,0.05875,0.0,0.0614386950786761,0.0699180292431506,0.4444444444444444,0.2567364022629311,0.7277617544492546,0.5703640211614821,0,8.0,17.0,9.0,0.5703640211614821,0.6490628878053684,8.0,246,8.0,0.11188811188811189,False
BNDM,ForestCovertype,417,0.7,1032,0.6511627906976744,0.4254369699919021,0,27,2529,1391,5.614,1,0.207,54.0,13.272526689665506,7.0,2.0,0.6970056904918152,413.5,0.7805185185185185,0.2592592592592592,168.25063888888891,0.000125,0.0,0.2703293785712328,40.5925925925926,2000.0,0.0,1.0,-3.48238693411383,0.0,2.5219219344944284,-1.8841056121267927,0.0,0.1729072631980554,0.301106036869958,0.9392315502144786,0.8602479119603493,1.1145293779433016,1.036087440057294,30.0,0.0,0.0020065250911484,0.727625,0.5902048975512244,0.8025987006496752,0.7146426786606698,49.0,0.1430867736315684,0.0938146492813726,0.0,0.05875,0.0,0.0614386950786761,0.0699180292431506,0.4444444444444444,0.2567364022629311,0.5642383357383357,0.7879071162136168,0,8.0,27.0,19.0,0.5642383357383357,0.6760727259759762,8.0,247,8.0,0.18181818181818182,False
BNDM,ForestCovertype,575,0.67,1267,0.5813953488372094,0.3921593617161519,0,64,2669,1935,1.33,3,0.126,54.0,13.272526689665506,7.0,2.0,0.6970056904918152,413.5,0.7805185185185185,0.2592592592592592,168.25063888888891,0.000125,0.0,0.2703293785712328,40.5925925925926,2000.0,0.0,1.0,-3.48238693411383,0.0,2.5219219344944284,-1.8841056121267927,0.0,0.1729072631980554,0.301106036869958,0.9392315502144786,0.8602479119603493,1.1145293779433016,1.036087440057294,30.0,0.0,0.0020065250911484,0.727625,0.5902048975512244,0.8025987006496752,0.7146426786606698,49.0,0.1430867736315684,0.0938146492813726,0.0,0.05875,0.0,0.0614386950786761,0.0699180292431506,0.4444444444444444,0.2567364022629311,0.5374888618326118,0.7897823313836672,0,8.0,64.0,56.0,0.5374888618326118,0.6636355966081395,8.0,248,8.0,0.4405594405594406,False
BNDM,ForestCovertype,172,0.69,702,0.6279069767441859,0.4879201473585041,0,28,1943,2394,2.82,2,0.46,54.0,13.272526689665506,7.0,2.0,0.6970056904918152,413.5,0.7805185185185185,0.2592592592592592,168.25063888888891,0.000125,0.0,0.2703293785712328,40.5925925925926,2000.0,0.0,1.0,-3.48238693411383,0.0,2.5219219344944284,-1.8841056121267927,0.0,0.1729072631980554,0.301106036869958,0.9392315502144786,0.8602479119603493,1.1145293779433016,1.036087440057294,30.0,0.0,0.0020065250911484,0.727625,0.5902048975512244,0.8025987006496752,0.7146426786606698,49.0,0.1430867736315684,0.0938146492813726,0.0,0.05875,0.0,0.0614386950786761,0.0699180292431506,0.4444444444444444,0.2567364022629311,0.5270997174122173,0.7911431825518075,0,8.0,28.0,20.0,0.5270997174122173,0.6591214499820124,8.0,249,8.0,0.1888111888111888,False
BNDM,ForestCovertype,925,0.68,177,0.6046511627906979,0.7109206747744443,0,25,3591,3197,8.742,1,0.061,54.0,13.272526689665506,7.0,2.0,0.6970056904918152,413.5,0.7805185185185185,0.2592592592592592,168.25063888888891,0.000125,0.0,0.2703293785712328,40.5925925925926,2000.0,0.0,1.0,-3.48238693411383,0.0,2.5219219344944284,-1.8841056121267927,0.0,0.1729072631980554,0.301106036869958,0.9392315502144786,0.8602479119603493,1.1145293779433016,1.036087440057294,30.0,0.0,0.0020065250911484,0.727625,0.5902048975512244,0.8025987006496752,0.7146426786606698,49.0,0.1430867736315684,0.0938146492813726,0.0,0.05875,0.0,0.0614386950786761,0.0699180292431506,0.4444444444444444,0.2567364022629311,0.5255676256613757,0.7917787417360894,0,8.0,25.0,17.0,0.5255676256613757,0.6586731836987325,8.0,250,8.0,0.16783216783216784,False
BNDM,ForestCovertype,268,0.68,1628,0.6046511627906979,0.3514863877610444,0,53,2656,2026,2.813,2,0.206,54.0,13.272526689665506,7.0,2.0,0.6970056904918152,413.5,0.7805185185185185,0.2592592592592592,168.25063888888891,0.000125,0.0,0.2703293785712328,40.5925925925926,2000.0,0.0,1.0,-3.48238693411383,0.0,2.5219219344944284,-1.8841056121267927,0.0,0.1729072631980554,0.301106036869958,0.9392315502144786,0.8602479119603493,1.1145293779433016,1.036087440057294,30.0,0.0,0.0020065250911484,0.727625,0.5902048975512244,0.8025987006496752,0.7146426786606698,49.0,0.1430867736315684,0.0938146492813726,0.0,0.05875,0.0,0.0614386950786761,0.0699180292431506,0.4444444444444444,0.2567364022629311,0.5213314995189994,0.8014041033634018,0,8.0,53.0,45.0,0.5213314995189994,0.6613678014412006,8.0,251,8.0,0.36363636363636365,False
BNDM,ForestCovertype,429,0.7,100,0.6511627906976744,0.8029187876578411,1,1,495,1734,3.302,1,0.502,54.0,13.272526689665506,7.0,2.0,0.6970056904918152,413.5,0.7805185185185185,0.2592592592592592,168.25063888888891,0.000125,0.0,0.2703293785712328,40.5925925925926,2000.0,0.0,1.0,-3.48238693411383,0.0,2.5219219344944284,-1.8841056121267927,0.0,0.1729072631980554,0.301106036869958,0.9392315502144786,0.8602479119603493,1.1145293779433016,1.036087440057294,30.0,0.0,0.0020065250911484,0.727625,0.5902048975512244,0.8025987006496752,0.7146426786606698,49.0,0.1430867736315684,0.0938146492813726,0.0,0.05875,0.0,0.0614386950786761,0.0699180292431506,0.4444444444444444,0.2567364022629311,0.516143834175084,0.8061519515204995,0,8.0,1.0,7.0,0.516143834175084,0.6611478928477917,8.0,252,8.0,0.0,False
BNDM,ForestCovertype,168,0.67,92,0.5813953488372094,0.816316129648319,0,7,258,1343,5.015,1,0.874,54.0,13.272526689665506,7.0,2.0,0.6970056904918152,413.5,0.7805185185185185,0.2592592592592592,168.25063888888891,0.000125,0.0,0.2703293785712328,40.5925925925926,2000.0,0.0,1.0,-3.48238693411383,0.0,2.5219219344944284,-1.8841056121267927,0.0,0.1729072631980554,0.301106036869958,0.9392315502144786,0.8602479119603493,1.1145293779433016,1.036087440057294,30.0,0.0,0.0020065250911484,0.727625,0.5902048975512244,0.8025987006496752,0.7146426786606698,49.0,0.1430867736315684,0.0938146492813726,0.0,0.05875,0.0,0.0614386950786761,0.0699180292431506,0.4444444444444444,0.2567364022629311,0.5028995235088984,0.8121463443176311,0,8.0,7.0,1.0,0.5028995235088984,0.6575229339132648,8.0,253,8.0,0.04195804195804196,False
BNDM,ForestCovertype,277,0.66,142,0.558139534883721,0.7464655511660278,0,51,3978,4270,4.284,1,0.679,54.0,13.272526689665506,7.0,2.0,0.6970056904918152,413.5,0.7805185185185185,0.2592592592592592,168.25063888888891,0.000125,0.0,0.2703293785712328,40.5925925925926,2000.0,0.0,1.0,-3.48238693411383,0.0,2.5219219344944284,-1.8841056121267927,0.0,0.1729072631980554,0.301106036869958,0.9392315502144786,0.8602479119603493,1.1145293779433016,1.036087440057294,30.0,0.0,0.0020065250911484,0.727625,0.5902048975512244,0.8025987006496752,0.7146426786606698,49.0,0.1430867736315684,0.0938146492813726,0.0,0.05875,0.0,0.0614386950786761,0.0699180292431506,0.4444444444444444,0.2567364022629311,0.49801864628427134,0.8124226707419708,0,8.0,51.0,43.0,0.49801864628427134,0.6552206585131211,8.0,254,8.0,0.34965034965034963,False
BNDM,ForestCovertype,331,0.67,125,0.5813953488372094,0.7670130918002791,0,20,2737,2690,3.914,1,0.758,54.0,13.272526689665506,7.0,2.0,0.6970056904918152,413.5,0.7805185185185185,0.2592592592592592,168.25063888888891,0.000125,0.0,0.2703293785712328,40.5925925925926,2000.0,0.0,1.0,-3.48238693411383,0.0,2.5219219344944284,-1.8841056121267927,0.0,0.1729072631980554,0.301106036869958,0.9392315502144786,0.8602479119603493,1.1145293779433016,1.036087440057294,30.0,0.0,0.0020065250911484,0.727625,0.5902048975512244,0.8025987006496752,0.7146426786606698,49.0,0.1430867736315684,0.0938146492813726,0.0,0.05875,0.0,0.0614386950786761,0.0699180292431506,0.4444444444444444,0.2567364022629311,0.49621741973304484,0.8151732456161184,0,8.0,20.0,12.0,0.49621741973304484,0.6556953326745816,8.0,255,8.0,0.13286713286713286,False
BNDM,ForestCovertype,856,0.79,12872,0.8604651162790699,0.0158806782367361,0,26,2450,156,0.417,7,0.877,54.0,13.272526689665506,7.0,2.0,0.6970056904918152,413.5,0.7805185185185185,0.2592592592592592,168.25063888888891,0.000125,0.0,0.2703293785712328,40.5925925925926,2000.0,0.0,1.0,-3.48238693411383,0.0,2.5219219344944284,-1.8841056121267927,0.0,0.1729072631980554,0.301106036869958,0.9392315502144786,0.8602479119603493,1.1145293779433016,1.036087440057294,30.0,0.0,0.0020065250911484,0.727625,0.5902048975512244,0.8025987006496752,0.7146426786606698,49.0,0.1430867736315684,0.0938146492813726,0.0,0.05875,0.0,0.0614386950786761,0.0699180292431506,0.4444444444444444,0.2567364022629311,0.7554984442640695,0.49429950651730054,0,8.0,26.0,18.0,0.49429950651730054,0.6248989753906851,8.0,256,8.0,0.17482517482517482,False
BNDM,ForestCovertype,111,0.66,114,0.558139534883721,0.7818437879041963,0,31,1050,3468,5.37,1,0.001,54.0,13.272526689665506,7.0,2.0,0.6970056904918152,413.5,0.7805185185185185,0.2592592592592592,168.25063888888891,0.000125,0.0,0.2703293785712328,40.5925925925926,2000.0,0.0,1.0,-3.48238693411383,0.0,2.5219219344944284,-1.8841056121267927,0.0,0.1729072631980554,0.301106036869958,0.9392315502144786,0.8602479119603493,1.1145293779433016,1.036087440057294,30.0,0.0,0.0020065250911484,0.727625,0.5902048975512244,0.8025987006496752,0.7146426786606698,49.0,0.1430867736315684,0.0938146492813726,0.0,0.05875,0.0,0.0614386950786761,0.0699180292431506,0.4444444444444444,0.2567364022629311,0.4875303556397304,0.8163887902094901,0,8.0,31.0,23.0,0.4875303556397304,0.6519595729246103,8.0,257,8.0,0.2097902097902098,False
BNDM,ForestCovertype,814,0.82,1402,0.9302325581395348,0.3757340304752056,1,1,2572,44,8.914,1,0.986,54.0,13.272526689665506,7.0,2.0,0.6970056904918152,413.5,0.7805185185185185,0.2592592592592592,168.25063888888891,0.000125,0.0,0.2703293785712328,40.5925925925926,2000.0,0.0,1.0,-3.48238693411383,0.0,2.5219219344944284,-1.8841056121267927,0.0,0.1729072631980554,0.301106036869958,0.9392315502144786,0.8602479119603493,1.1145293779433016,1.036087440057294,30.0,0.0,0.0020065250911484,0.727625,0.5902048975512244,0.8025987006496752,0.7146426786606698,49.0,0.1430867736315684,0.0938146492813726,0.0,0.05875,0.0,0.0614386950786761,0.0699180292431506,0.4444444444444444,0.2567364022629311,0.7560536616161612,0.48699405522807393,0,8.0,1.0,7.0,0.48699405522807393,0.6215238584221175,8.0,258,8.0,0.0,False
BNDM,ForestCovertype,297,0.65,56,0.5348837209302326,0.8957946031609999,0,3,2452,3521,0.29,2,0.696,54.0,13.272526689665506,7.0,2.0,0.6970056904918152,413.5,0.7805185185185185,0.2592592592592592,168.25063888888891,0.000125,0.0,0.2703293785712328,40.5925925925926,2000.0,0.0,1.0,-3.48238693411383,0.0,2.5219219344944284,-1.8841056121267927,0.0,0.1729072631980554,0.301106036869958,0.9392315502144786,0.8602479119603493,1.1145293779433016,1.036087440057294,30.0,0.0,0.0020065250911484,0.727625,0.5902048975512244,0.8025987006496752,0.7146426786606698,49.0,0.1430867736315684,0.0938146492813726,0.0,0.05875,0.0,0.0614386950786761,0.0699180292431506,0.4444444444444444,0.2567364022629311,0.4731926557239057,0.817526937534624,0,8.0,3.0,5.0,0.4731926557239057,0.6453597966292648,8.0,259,8.0,0.013986013986013986,False
BNDM,ForestCovertype,911,0.65,92,0.5348837209302326,0.816316129648319,0,23,3035,5000,7.286,1,0.001,54.0,13.272526689665506,7.0,2.0,0.6970056904918152,413.5,0.7805185185185185,0.2592592592592592,168.25063888888891,0.000125,0.0,0.2703293785712328,40.5925925925926,2000.0,0.0,1.0,-3.48238693411383,0.0,2.5219219344944284,-1.8841056121267927,0.0,0.1729072631980554,0.301106036869958,0.9392315502144786,0.8602479119603493,1.1145293779433016,1.036087440057294,30.0,0.0,0.0020065250911484,0.727625,0.5902048975512244,0.8025987006496752,0.7146426786606698,49.0,0.1430867736315684,0.0938146492813726,0.0,0.05875,0.0,0.0614386950786761,0.0699180292431506,0.4444444444444444,0.2567364022629311,0.4669952125420876,0.8185646662281263,0,8.0,23.0,15.0,0.4669952125420876,0.6427799393851069,8.0,260,8.0,0.15384615384615385,False
BNDM,ForestCovertype,480,0.63,105,0.4883720930232558,0.7950742351394693,0,31,1411,4367,4.759,1,0.981,54.0,13.272526689665506,7.0,2.0,0.6970056904918152,413.5,0.7805185185185185,0.2592592592592592,168.25063888888891,0.000125,0.0,0.2703293785712328,40.5925925925926,2000.0,0.0,1.0,-3.48238693411383,0.0,2.5219219344944284,-1.8841056121267927,0.0,0.1729072631980554,0.301106036869958,0.9392315502144786,0.8602479119603493,1.1145293779433016,1.036087440057294,30.0,0.0,0.0020065250911484,0.727625,0.5902048975512244,0.8025987006496752,0.7146426786606698,49.0,0.1430867736315684,0.0938146492813726,0.0,0.05875,0.0,0.0614386950786761,0.0699180292431506,0.4444444444444444,0.2567364022629311,0.46176562500000007,0.8228215669019716,0,8.0,31.0,23.0,0.46176562500000007,0.6422935959509859,8.0,261,8.0,0.2097902097902098,False
BNDM,ForestCovertype,215,0.66,99,0.558139534883721,0.8045342303583861,0,19,555,3000,6.466,1,0.63,54.0,13.272526689665506,7.0,2.0,0.6970056904918152,413.5,0.7805185185185185,0.2592592592592592,168.25063888888891,0.000125,0.0,0.2703293785712328,40.5925925925926,2000.0,0.0,1.0,-3.48238693411383,0.0,2.5219219344944284,-1.8841056121267927,0.0,0.1729072631980554,0.301106036869958,0.9392315502144786,0.8602479119603493,1.1145293779433016,1.036087440057294,30.0,0.0,0.0020065250911484,0.727625,0.5902048975512244,0.8025987006496752,0.7146426786606698,49.0,0.1430867736315684,0.0938146492813726,0.0,0.05875,0.0,0.0614386950786761,0.0699180292431506,0.4444444444444444,0.2567364022629311,0.45132341269841275,0.8230502169472608,0,8.0,19.0,11.0,0.45132341269841275,0.6371868148228368,8.0,262,8.0,0.1258741258741259,False
BNDM,ForestCovertype,188,0.61,42,0.4418604651162791,0.9415533214473802,0,5,181,3442,3.01,1,0.187,54.0,13.272526689665506,7.0,2.0,0.6970056904918152,413.5,0.7805185185185185,0.2592592592592592,168.25063888888891,0.000125,0.0,0.2703293785712328,40.5925925925926,2000.0,0.0,1.0,-3.48238693411383,0.0,2.5219219344944284,-1.8841056121267927,0.0,0.1729072631980554,0.301106036869958,0.9392315502144786,0.8602479119603493,1.1145293779433016,1.036087440057294,30.0,0.0,0.0020065250911484,0.727625,0.5902048975512244,0.8025987006496752,0.7146426786606698,49.0,0.1430867736315684,0.0938146492813726,0.0,0.05875,0.0,0.0614386950786761,0.0699180292431506,0.4444444444444444,0.2567364022629311,0.40281817430254935,0.8236235608993779,0,8.0,5.0,3.0,0.40281817430254935,0.6132208676009636,8.0,263,8.0,0.027972027972027972,False
BNDM,ForestCovertype,851,0.8,5360,0.8837209302325583,0.1580968571436697,0,17,3803,73,3.347,10,0.168,54.0,13.272526689665506,7.0,2.0,0.6970056904918152,413.5,0.7805185185185185,0.2592592592592592,168.25063888888891,0.000125,0.0,0.2703293785712328,40.5925925925926,2000.0,0.0,1.0,-3.48238693411383,0.0,2.5219219344944284,-1.8841056121267927,0.0,0.1729072631980554,0.301106036869958,0.9392315502144786,0.8602479119603493,1.1145293779433016,1.036087440057294,30.0,0.0,0.0020065250911484,0.727625,0.5902048975512244,0.8025987006496752,0.7146426786606698,49.0,0.1430867736315684,0.0938146492813726,0.0,0.05875,0.0,0.0614386950786761,0.0699180292431506,0.4444444444444444,0.2567364022629311,0.7579951975108229,0.3141429207775838,0,8.0,17.0,9.0,0.3141429207775838,0.5360690591442033,8.0,264,8.0,0.11188811188811189,False
BNDM,ForestCovertype,124,0.8,7095,0.8837209302325583,0.1125768644476596,0,18,4192,84,6.448,10,0.393,54.0,13.272526689665506,7.0,2.0,0.6970056904918152,413.5,0.7805185185185185,0.2592592592592592,168.25063888888891,0.000125,0.0,0.2703293785712328,40.5925925925926,2000.0,0.0,1.0,-3.48238693411383,0.0,2.5219219344944284,-1.8841056121267927,0.0,0.1729072631980554,0.301106036869958,0.9392315502144786,0.8602479119603493,1.1145293779433016,1.036087440057294,30.0,0.0,0.0020065250911484,0.727625,0.5902048975512244,0.8025987006496752,0.7146426786606698,49.0,0.1430867736315684,0.0938146492813726,0.0,0.05875,0.0,0.0614386950786761,0.0699180292431506,0.4444444444444444,0.2567364022629311,0.7650571939634442,0.29065954503894714,0,8.0,18.0,10.0,0.29065954503894714,0.5278583695011957,8.0,265,8.0,0.11888111888111888,False
BNDM,ForestCovertype,675,0.81,4613,0.9069767441860468,0.1824584434864291,0,13,3863,40,6.017,10,0.672,54.0,13.272526689665506,7.0,2.0,0.6970056904918152,413.5,0.7805185185185185,0.2592592592592592,168.25063888888891,0.000125,0.0,0.2703293785712328,40.5925925925926,2000.0,0.0,1.0,-3.48238693411383,0.0,2.5219219344944284,-1.8841056121267927,0.0,0.1729072631980554,0.301106036869958,0.9392315502144786,0.8602479119603493,1.1145293779433016,1.036087440057294,30.0,0.0,0.0020065250911484,0.727625,0.5902048975512244,0.8025987006496752,0.7146426786606698,49.0,0.1430867736315684,0.0938146492813726,0.0,0.05875,0.0,0.0614386950786761,0.0699180292431506,0.4444444444444444,0.2567364022629311,0.7676198893698889,0.2738323879870444,0,8.0,13.0,5.0,0.2738323879870444,0.5207261386784666,8.0,266,8.0,0.08391608391608392,False
BNDM,ForestCovertype,469,0.81,1977,0.9069767441860468,0.3199708948696718,0,6,3040,54,9.346,13,0.899,54.0,13.272526689665506,7.0,2.0,0.6970056904918152,413.5,0.7805185185185185,0.2592592592592592,168.25063888888891,0.000125,0.0,0.2703293785712328,40.5925925925926,2000.0,0.0,1.0,-3.48238693411383,0.0,2.5219219344944284,-1.8841056121267927,0.0,0.1729072631980554,0.301106036869958,0.9392315502144786,0.8602479119603493,1.1145293779433016,1.036087440057294,30.0,0.0,0.0020065250911484,0.727625,0.5902048975512244,0.8025987006496752,0.7146426786606698,49.0,0.1430867736315684,0.0938146492813726,0.0,0.05875,0.0,0.0614386950786761,0.0699180292431506,0.4444444444444444,0.2567364022629311,0.7680124534030779,0.2660598143897554,0,8.0,6.0,2.0,0.2660598143897554,0.5170361338964167,8.0,267,8.0,0.03496503496503497,False
BNDM,ForestCovertype,915,0.82,1910,0.9302325581395348,0.3255654281890074,0,3,2008,1,10.0,20,0.999,54.0,13.272526689665506,7.0,2.0,0.6970056904918152,413.5,0.7805185185185185,0.2592592592592592,168.25063888888891,0.000125,0.0,0.2703293785712328,40.5925925925926,2000.0,0.0,1.0,-3.48238693411383,0.0,2.5219219344944284,-1.8841056121267927,0.0,0.1729072631980554,0.301106036869958,0.9392315502144786,0.8602479119603493,1.1145293779433016,1.036087440057294,30.0,0.0,0.0020065250911484,0.727625,0.5902048975512244,0.8025987006496752,0.7146426786606698,49.0,0.1430867736315684,0.0938146492813726,0.0,0.05875,0.0,0.0614386950786761,0.0699180292431506,0.4444444444444444,0.2567364022629311,0.7720645141895137,0.2488385261856914,0,8.0,3.0,5.0,0.2488385261856914,0.5104515201876025,8.0,268,8.0,0.013986013986013986,False
BNDM,ForestCovertype,554,0.77,1097,0.8139534883720931,0.4155298213300386,0,5,301,231,0.553,2,0.823,54.0,13.272526689665506,7.0,2.0,0.6970056904918152,413.5,0.7805185185185185,0.2592592592592592,168.25063888888891,0.000125,0.0,0.2703293785712328,40.5925925925926,2000.0,0.0,1.0,-3.48238693411383,0.0,2.5219219344944284,-1.8841056121267927,0.0,0.1729072631980554,0.301106036869958,0.9392315502144786,0.8602479119603493,1.1145293779433016,1.036087440057294,30.0,0.0,0.0020065250911484,0.727625,0.5902048975512244,0.8025987006496752,0.7146426786606698,49.0,0.1430867736315684,0.0938146492813726,0.0,0.05875,0.0,0.0614386950786761,0.0699180292431506,0.4444444444444444,0.2567364022629311,0.6234864868927368,0.6410052538574242,0,9.0,5.0,4.0,0.6234864868927368,0.6322458703750805,9.0,269,9.0,0.027972027972027972,False
BNDM,ForestCovertype,22,0.75,3032,0.7674418604651163,0.2505715118379564,0,15,454,404,6.232,1,0.168,54.0,13.272526689665506,7.0,2.0,0.6970056904918152,413.5,0.7805185185185185,0.2592592592592592,168.25063888888891,0.000125,0.0,0.2703293785712328,40.5925925925926,2000.0,0.0,1.0,-3.48238693411383,0.0,2.5219219344944284,-1.8841056121267927,0.0,0.1729072631980554,0.301106036869958,0.9392315502144786,0.8602479119603493,1.1145293779433016,1.036087440057294,30.0,0.0,0.0020065250911484,0.727625,0.5902048975512244,0.8025987006496752,0.7146426786606698,49.0,0.1430867736315684,0.0938146492813726,0.0,0.05875,0.0,0.0614386950786761,0.0699180292431506,0.4444444444444444,0.2567364022629311,0.6197193136724383,0.6770943974686195,0,9.0,15.0,6.0,0.6197193136724383,0.6484068555705289,9.0,270,9.0,0.0979020979020979,False
BNDM,ForestCovertype,355,0.72,9559,0.6976744186046512,0.0641872002854597,0,28,2765,948,3.467,2,0.266,54.0,13.272526689665506,7.0,2.0,0.6970056904918152,413.5,0.7805185185185185,0.2592592592592592,168.25063888888891,0.000125,0.0,0.2703293785712328,40.5925925925926,2000.0,0.0,1.0,-3.48238693411383,0.0,2.5219219344944284,-1.8841056121267927,0.0,0.1729072631980554,0.301106036869958,0.9392315502144786,0.8602479119603493,1.1145293779433016,1.036087440057294,30.0,0.0,0.0020065250911484,0.727625,0.5902048975512244,0.8025987006496752,0.7146426786606698,49.0,0.1430867736315684,0.0938146492813726,0.0,0.05875,0.0,0.0614386950786761,0.0699180292431506,0.4444444444444444,0.2567364022629311,0.619486562049062,0.7394749259041151,0,9.0,28.0,19.0,0.619486562049062,0.6794807439765886,9.0,271,9.0,0.1888111888111888,False
BNDM,ForestCovertype,824,0.71,8416,0.6744186046511628,0.0848599998905226,0,36,3139,1183,4.399,2,0.409,54.0,13.272526689665506,7.0,2.0,0.6970056904918152,413.5,0.7805185185185185,0.2592592592592592,168.25063888888891,0.000125,0.0,0.2703293785712328,40.5925925925926,2000.0,0.0,1.0,-3.48238693411383,0.0,2.5219219344944284,-1.8841056121267927,0.0,0.1729072631980554,0.301106036869958,0.9392315502144786,0.8602479119603493,1.1145293779433016,1.036087440057294,30.0,0.0,0.0020065250911484,0.727625,0.5902048975512244,0.8025987006496752,0.7146426786606698,49.0,0.1430867736315684,0.0938146492813726,0.0,0.05875,0.0,0.0614386950786761,0.0699180292431506,0.4444444444444444,0.2567364022629311,0.6177257019600774,0.7471270318144989,0,9.0,36.0,27.0,0.6177257019600774,0.6824263668872881,9.0,272,9.0,0.24475524475524477,False
BNDM,ForestCovertype,741,0.73,1525,0.7209302325581396,0.3620905473538333,0,13,120,165,2.922,4,0.946,54.0,13.272526689665506,7.0,2.0,0.6970056904918152,413.5,0.7805185185185185,0.2592592592592592,168.25063888888891,0.000125,0.0,0.2703293785712328,40.5925925925926,2000.0,0.0,1.0,-3.48238693411383,0.0,2.5219219344944284,-1.8841056121267927,0.0,0.1729072631980554,0.301106036869958,0.9392315502144786,0.8602479119603493,1.1145293779433016,1.036087440057294,30.0,0.0,0.0020065250911484,0.727625,0.5902048975512244,0.8025987006496752,0.7146426786606698,49.0,0.1430867736315684,0.0938146492813726,0.0,0.05875,0.0,0.0614386950786761,0.0699180292431506,0.4444444444444444,0.2567364022629311,0.6254108345358345,0.604586143829583,0,9.0,13.0,4.0,0.604586143829583,0.6149984891827087,9.0,273,9.0,0.08391608391608392,False
BNDM,ForestCovertype,135,0.69,3364,0.6279069767441859,0.2337072186440209,0,36,4636,2201,6.212,2,0.701,54.0,13.272526689665506,7.0,2.0,0.6970056904918152,413.5,0.7805185185185185,0.2592592592592592,168.25063888888891,0.000125,0.0,0.2703293785712328,40.5925925925926,2000.0,0.0,1.0,-3.48238693411383,0.0,2.5219219344944284,-1.8841056121267927,0.0,0.1729072631980554,0.301106036869958,0.9392315502144786,0.8602479119603493,1.1145293779433016,1.036087440057294,30.0,0.0,0.0020065250911484,0.727625,0.5902048975512244,0.8025987006496752,0.7146426786606698,49.0,0.1430867736315684,0.0938146492813726,0.0,0.05875,0.0,0.0614386950786761,0.0699180292431506,0.4444444444444444,0.2567364022629311,0.5945181727994227,0.7499301978595887,0,9.0,36.0,27.0,0.5945181727994227,0.6722241853295057,9.0,274,9.0,0.24475524475524477,False
BNDM,ForestCovertype,326,0.7,3244,0.6511627906976744,0.2396025950268068,0,35,2808,1509,0.918,4,0.665,54.0,13.272526689665506,7.0,2.0,0.6970056904918152,413.5,0.7805185185185185,0.2592592592592592,168.25063888888891,0.000125,0.0,0.2703293785712328,40.5925925925926,2000.0,0.0,1.0,-3.48238693411383,0.0,2.5219219344944284,-1.8841056121267927,0.0,0.1729072631980554,0.301106036869958,0.9392315502144786,0.8602479119603493,1.1145293779433016,1.036087440057294,30.0,0.0,0.0020065250911484,0.727625,0.5902048975512244,0.8025987006496752,0.7146426786606698,49.0,0.1430867736315684,0.0938146492813726,0.0,0.05875,0.0,0.0614386950786761,0.0699180292431506,0.4444444444444444,0.2567364022629311,0.5899376803751802,0.7579629753977537,0,9.0,35.0,26.0,0.5899376803751802,0.6739503278864669,9.0,275,9.0,0.23776223776223776,False
BNDM,ForestCovertype,95,0.69,244,0.6279069767441859,0.6590537554197025,0,17,4504,2369,8.676,1,0.332,54.0,13.272526689665506,7.0,2.0,0.6970056904918152,413.5,0.7805185185185185,0.2592592592592592,168.25063888888891,0.000125,0.0,0.2703293785712328,40.5925925925926,2000.0,0.0,1.0,-3.48238693411383,0.0,2.5219219344944284,-1.8841056121267927,0.0,0.1729072631980554,0.301106036869958,0.9392315502144786,0.8602479119603493,1.1145293779433016,1.036087440057294,30.0,0.0,0.0020065250911484,0.727625,0.5902048975512244,0.8025987006496752,0.7146426786606698,49.0,0.1430867736315684,0.0938146492813726,0.0,0.05875,0.0,0.0614386950786761,0.0699180292431506,0.4444444444444444,0.2567364022629311,0.589738959535834,0.7669439950683358,0,9.0,17.0,8.0,0.589738959535834,0.6783414773020848,9.0,276,9.0,0.11188811188811189,False
BNDM,ForestCovertype,204,0.71,457,0.6744186046511628,0.5574854060304013,0,20,2715,1244,8.258,1,0.461,54.0,13.272526689665506,7.0,2.0,0.6970056904918152,413.5,0.7805185185185185,0.2592592592592592,168.25063888888891,0.000125,0.0,0.2703293785712328,40.5925925925926,2000.0,0.0,1.0,-3.48238693411383,0.0,2.5219219344944284,-1.8841056121267927,0.0,0.1729072631980554,0.301106036869958,0.9392315502144786,0.8602479119603493,1.1145293779433016,1.036087440057294,30.0,0.0,0.0020065250911484,0.727625,0.5902048975512244,0.8025987006496752,0.7146426786606698,49.0,0.1430867736315684,0.0938146492813726,0.0,0.05875,0.0,0.0614386950786761,0.0699180292431506,0.4444444444444444,0.2567364022629311,0.5827708483645985,0.7673628257155549,0,9.0,20.0,11.0,0.5827708483645985,0.6750668370400768,9.0,277,9.0,0.13286713286713286,False
BNDM,ForestCovertype,608,0.69,909,0.6279069767441859,0.4460194397682614,0,30,3836,2185,1.805,3,0.27,54.0,13.272526689665506,7.0,2.0,0.6970056904918152,413.5,0.7805185185185185,0.2592592592592592,168.25063888888891,0.000125,0.0,0.2703293785712328,40.5925925925926,2000.0,0.0,1.0,-3.48238693411383,0.0,2.5219219344944284,-1.8841056121267927,0.0,0.1729072631980554,0.301106036869958,0.9392315502144786,0.8602479119603493,1.1145293779433016,1.036087440057294,30.0,0.0,0.0020065250911484,0.727625,0.5902048975512244,0.8025987006496752,0.7146426786606698,49.0,0.1430867736315684,0.0938146492813726,0.0,0.05875,0.0,0.0614386950786761,0.0699180292431506,0.4444444444444444,0.2567364022629311,0.5815555390211639,0.7718701878213433,0,9.0,30.0,21.0,0.5815555390211639,0.6767128634212536,9.0,278,9.0,0.20279720279720279,False
BNDM,ForestCovertype,411,0.76,2135,0.7906976744186047,0.3074944602925393,0,8,202,165,7.915,2,0.138,54.0,13.272526689665506,7.0,2.0,0.6970056904918152,413.5,0.7805185185185185,0.2592592592592592,168.25063888888891,0.000125,0.0,0.2703293785712328,40.5925925925926,2000.0,0.0,1.0,-3.48238693411383,0.0,2.5219219344944284,-1.8841056121267927,0.0,0.1729072631980554,0.301106036869958,0.9392315502144786,0.8602479119603493,1.1145293779433016,1.036087440057294,30.0,0.0,0.0020065250911484,0.727625,0.5902048975512244,0.8025987006496752,0.7146426786606698,49.0,0.1430867736315684,0.0938146492813726,0.0,0.05875,0.0,0.0614386950786761,0.0699180292431506,0.4444444444444444,0.2567364022629311,0.6331313131313137,0.5699891489352912,0,9.0,8.0,1.0,0.5699891489352912,0.6015602310333024,9.0,279,9.0,0.04895104895104895,False
BNDM,ForestCovertype,712,0.78,2590,0.8372093023255816,0.2761430914252344,0,11,759,203,7.501,4,0.964,54.0,13.272526689665506,7.0,2.0,0.6970056904918152,413.5,0.7805185185185185,0.2592592592592592,168.25063888888891,0.000125,0.0,0.2703293785712328,40.5925925925926,2000.0,0.0,1.0,-3.48238693411383,0.0,2.5219219344944284,-1.8841056121267927,0.0,0.1729072631980554,0.301106036869958,0.9392315502144786,0.8602479119603493,1.1145293779433016,1.036087440057294,30.0,0.0,0.0020065250911484,0.727625,0.5902048975512244,0.8025987006496752,0.7146426786606698,49.0,0.1430867736315684,0.0938146492813726,0.0,0.05875,0.0,0.0614386950786761,0.0699180292431506,0.4444444444444444,0.2567364022629311,0.7132583573833577,0.5698711591873953,0,9.0,11.0,2.0,0.5698711591873953,0.6415647582853765,9.0,280,9.0,0.06993006993006994,False
BNDM,ForestCovertype,310,0.7,176,0.6511627906976744,0.7118353287536396,0,4,3098,1892,7.76,1,0.876,54.0,13.272526689665506,7.0,2.0,0.6970056904918152,413.5,0.7805185185185185,0.2592592592592592,168.25063888888891,0.000125,0.0,0.2703293785712328,40.5925925925926,2000.0,0.0,1.0,-3.48238693411383,0.0,2.5219219344944284,-1.8841056121267927,0.0,0.1729072631980554,0.301106036869958,0.9392315502144786,0.8602479119603493,1.1145293779433016,1.036087440057294,30.0,0.0,0.0020065250911484,0.727625,0.5902048975512244,0.8025987006496752,0.7146426786606698,49.0,0.1430867736315684,0.0938146492813726,0.0,0.05875,0.0,0.0614386950786761,0.0699180292431506,0.4444444444444444,0.2567364022629311,0.5689175910894662,0.7719211573755164,0,9.0,4.0,5.0,0.5689175910894662,0.6704193742324913,9.0,281,9.0,0.02097902097902098,False
BNDM,ForestCovertype,240,0.71,8349,0.6744186046511628,0.0861574951577721,0,35,1902,1581,7.187,2,0.518,54.0,13.272526689665506,7.0,2.0,0.6970056904918152,413.5,0.7805185185185185,0.2592592592592592,168.25063888888891,0.000125,0.0,0.2703293785712328,40.5925925925926,2000.0,0.0,1.0,-3.48238693411383,0.0,2.5219219344944284,-1.8841056121267927,0.0,0.1729072631980554,0.301106036869958,0.9392315502144786,0.8602479119603493,1.1145293779433016,1.036087440057294,30.0,0.0,0.0020065250911484,0.727625,0.5902048975512244,0.8025987006496752,0.7146426786606698,49.0,0.1430867736315684,0.0938146492813726,0.0,0.05875,0.0,0.0614386950786761,0.0699180292431506,0.4444444444444444,0.2567364022629311,0.5674568377224626,0.7747527447546032,0,9.0,35.0,26.0,0.5674568377224626,0.6711047912385328,9.0,282,9.0,0.23776223776223776,False
BNDM,ForestCovertype,667,0.7,2536,0.6511627906976744,0.2795624593184351,0,32,880,1647,1.516,3,0.588,54.0,13.272526689665506,7.0,2.0,0.6970056904918152,413.5,0.7805185185185185,0.2592592592592592,168.25063888888891,0.000125,0.0,0.2703293785712328,40.5925925925926,2000.0,0.0,1.0,-3.48238693411383,0.0,2.5219219344944284,-1.8841056121267927,0.0,0.1729072631980554,0.301106036869958,0.9392315502144786,0.8602479119603493,1.1145293779433016,1.036087440057294,30.0,0.0,0.0020065250911484,0.727625,0.5902048975512244,0.8025987006496752,0.7146426786606698,49.0,0.1430867736315684,0.0938146492813726,0.0,0.05875,0.0,0.0614386950786761,0.0699180292431506,0.4444444444444444,0.2567364022629311,0.5598461174242424,0.7804844494361547,0,9.0,32.0,23.0,0.5598461174242424,0.6701652834301985,9.0,283,9.0,0.21678321678321677,False
BNDM,ForestCovertype,125,0.68,586,0.6046511627906979,0.517197176801768,0,43,1523,2477,0.001,4,0.001,54.0,13.272526689665506,7.0,2.0,0.6970056904918152,413.5,0.7805185185185185,0.2592592592592592,168.25063888888891,0.000125,0.0,0.2703293785712328,40.5925925925926,2000.0,0.0,1.0,-3.48238693411383,0.0,2.5219219344944284,-1.8841056121267927,0.0,0.1729072631980554,0.301106036869958,0.9392315502144786,0.8602479119603493,1.1145293779433016,1.036087440057294,30.0,0.0,0.0020065250911484,0.727625,0.5902048975512244,0.8025987006496752,0.7146426786606698,49.0,0.1430867736315684,0.0938146492813726,0.0,0.05875,0.0,0.0614386950786761,0.0699180292431506,0.4444444444444444,0.2567364022629311,0.5433314393939392,0.7878535377989642,0,9.0,43.0,34.0,0.5433314393939392,0.6655924885964517,9.0,284,9.0,0.2937062937062937,False
BNDM,ForestCovertype,594,0.62,7314,0.4651162790697675,0.1076420882132997,0,129,2179,1960,5.653,2,0.632,54.0,13.272526689665506,7.0,2.0,0.6970056904918152,413.5,0.7805185185185185,0.2592592592592592,168.25063888888891,0.000125,0.0,0.2703293785712328,40.5925925925926,2000.0,0.0,1.0,-3.48238693411383,0.0,2.5219219344944284,-1.8841056121267927,0.0,0.1729072631980554,0.301106036869958,0.9392315502144786,0.8602479119603493,1.1145293779433016,1.036087440057294,30.0,0.0,0.0020065250911484,0.727625,0.5902048975512244,0.8025987006496752,0.7146426786606698,49.0,0.1430867736315684,0.0938146492813726,0.0,0.05875,0.0,0.0614386950786761,0.0699180292431506,0.4444444444444444,0.2567364022629311,0.5319210182178928,0.7895164344412796,0,9.0,129.0,120.0,0.5319210182178928,0.6607187263295862,9.0,285,9.0,0.8951048951048951,False
BNDM,ForestCovertype,50,0.65,113,0.5348837209302326,0.783261706540533,0,35,5000,4689,6.272,1,0.001,54.0,13.272526689665506,7.0,2.0,0.6970056904918152,413.5,0.7805185185185185,0.2592592592592592,168.25063888888891,0.000125,0.0,0.2703293785712328,40.5925925925926,2000.0,0.0,1.0,-3.48238693411383,0.0,2.5219219344944284,-1.8841056121267927,0.0,0.1729072631980554,0.301106036869958,0.9392315502144786,0.8602479119603493,1.1145293779433016,1.036087440057294,30.0,0.0,0.0020065250911484,0.727625,0.5902048975512244,0.8025987006496752,0.7146426786606698,49.0,0.1430867736315684,0.0938146492813726,0.0,0.05875,0.0,0.0614386950786761,0.0699180292431506,0.4444444444444444,0.2567364022629311,0.5224563341750841,0.7908731326056433,0,9.0,35.0,26.0,0.5224563341750841,0.6566647333903637,9.0,286,9.0,0.23776223776223776,False
BNDM,ForestCovertype,301,0.69,114,0.6279069767441859,0.7818437879041963,0,4,803,2099,3.907,1,0.178,54.0,13.272526689665506,7.0,2.0,0.6970056904918152,413.5,0.7805185185185185,0.2592592592592592,168.25063888888891,0.000125,0.0,0.2703293785712328,40.5925925925926,2000.0,0.0,1.0,-3.48238693411383,0.0,2.5219219344944284,-1.8841056121267927,0.0,0.1729072631980554,0.301106036869958,0.9392315502144786,0.8602479119603493,1.1145293779433016,1.036087440057294,30.0,0.0,0.0020065250911484,0.727625,0.5902048975512244,0.8025987006496752,0.7146426786606698,49.0,0.1430867736315684,0.0938146492813726,0.0,0.05875,0.0,0.0614386950786761,0.0699180292431506,0.4444444444444444,0.2567364022629311,0.5145398629148628,0.8024812072684047,0,9.0,4.0,5.0,0.5145398629148628,0.6585105350916337,9.0,287,9.0,0.02097902097902098,False
BNDM,ForestCovertype,492,0.65,114,0.5348837209302326,0.7818437879041963,0,36,3198,3491,1.083,2,0.88,54.0,13.272526689665506,7.0,2.0,0.6970056904918152,413.5,0.7805185185185185,0.2592592592592592,168.25063888888891,0.000125,0.0,0.2703293785712328,40.5925925925926,2000.0,0.0,1.0,-3.48238693411383,0.0,2.5219219344944284,-1.8841056121267927,0.0,0.1729072631980554,0.301106036869958,0.9392315502144786,0.8602479119603493,1.1145293779433016,1.036087440057294,30.0,0.0,0.0020065250911484,0.727625,0.5902048975512244,0.8025987006496752,0.7146426786606698,49.0,0.1430867736315684,0.0938146492813726,0.0,0.05875,0.0,0.0614386950786761,0.0699180292431506,0.4444444444444444,0.2567364022629311,0.5043185575998077,0.8045383528441289,0,9.0,36.0,27.0,0.5043185575998077,0.6544284552219684,9.0,288,9.0,0.24475524475524477,False
BNDM,ForestCovertype,274,0.68,110,0.6046511627906979,0.787591313839118,0,3,1305,2941,6.111,1,0.398,54.0,13.272526689665506,7.0,2.0,0.6970056904918152,413.5,0.7805185185185185,0.2592592592592592,168.25063888888891,0.000125,0.0,0.2703293785712328,40.5925925925926,2000.0,0.0,1.0,-3.48238693411383,0.0,2.5219219344944284,-1.8841056121267927,0.0,0.1729072631980554,0.301106036869958,0.9392315502144786,0.8602479119603493,1.1145293779433016,1.036087440057294,30.0,0.0,0.0020065250911484,0.727625,0.5902048975512244,0.8025987006496752,0.7146426786606698,49.0,0.1430867736315684,0.0938146492813726,0.0,0.05875,0.0,0.0614386950786761,0.0699180292431506,0.4444444444444444,0.2567364022629311,0.4961147787397789,0.8129853021178491,0,9.0,3.0,6.0,0.4961147787397789,0.654550040428814,9.0,289,9.0,0.013986013986013986,False
BNDM,ForestCovertype,12,0.66,111,0.558139534883721,0.7861352444208196,0,29,4255,4633,6.472,1,0.909,54.0,13.272526689665506,7.0,2.0,0.6970056904918152,413.5,0.7805185185185185,0.2592592592592592,168.25063888888891,0.000125,0.0,0.2703293785712328,40.5925925925926,2000.0,0.0,1.0,-3.48238693411383,0.0,2.5219219344944284,-1.8841056121267927,0.0,0.1729072631980554,0.301106036869958,0.9392315502144786,0.8602479119603493,1.1145293779433016,1.036087440057294,30.0,0.0,0.0020065250911484,0.727625,0.5902048975512244,0.8025987006496752,0.7146426786606698,49.0,0.1430867736315684,0.0938146492813726,0.0,0.05875,0.0,0.0614386950786761,0.0699180292431506,0.4444444444444444,0.2567364022629311,0.4959935064935063,0.8132961696050498,0,9.0,29.0,20.0,0.4959935064935063,0.6546448380492781,9.0,290,9.0,0.1958041958041958,False
BNDM,ForestCovertype,343,0.78,5002,0.8372093023255816,0.1693173640339828,0,19,4042,204,8.816,4,0.436,54.0,13.272526689665506,7.0,2.0,0.6970056904918152,413.5,0.7805185185185185,0.2592592592592592,168.25063888888891,0.000125,0.0,0.2703293785712328,40.5925925925926,2000.0,0.0,1.0,-3.48238693411383,0.0,2.5219219344944284,-1.8841056121267927,0.0,0.1729072631980554,0.301106036869958,0.9392315502144786,0.8602479119603493,1.1145293779433016,1.036087440057294,30.0,0.0,0.0020065250911484,0.727625,0.5902048975512244,0.8025987006496752,0.7146426786606698,49.0,0.1430867736315684,0.0938146492813726,0.0,0.05875,0.0,0.0614386950786761,0.0699180292431506,0.4444444444444444,0.2567364022629311,0.7464653454184711,0.48969476992012595,0,9.0,19.0,10.0,0.48969476992012595,0.6180800576692985,9.0,291,9.0,0.1258741258741259,False
BNDM,ForestCovertype,866,0.78,6667,0.8372093023255816,0.1226769063299229,0,23,4494,141,7.174,4,0.342,54.0,13.272526689665506,7.0,2.0,0.6970056904918152,413.5,0.7805185185185185,0.2592592592592592,168.25063888888891,0.000125,0.0,0.2703293785712328,40.5925925925926,2000.0,0.0,1.0,-3.48238693411383,0.0,2.5219219344944284,-1.8841056121267927,0.0,0.1729072631980554,0.301106036869958,0.9392315502144786,0.8602479119603493,1.1145293779433016,1.036087440057294,30.0,0.0,0.0020065250911484,0.727625,0.5902048975512244,0.8025987006496752,0.7146426786606698,49.0,0.1430867736315684,0.0938146492813726,0.0,0.05875,0.0,0.0614386950786761,0.0699180292431506,0.4444444444444444,0.2567364022629311,0.7525836640211645,0.47425657957837314,0,9.0,23.0,14.0,0.47425657957837314,0.6134201217997688,9.0,292,9.0,0.15384615384615385,False
BNDM,ForestCovertype,401,0.65,98,0.5348837209302326,0.8061659089359279,0,27,1179,3793,9.353,1,0.982,54.0,13.272526689665506,7.0,2.0,0.6970056904918152,413.5,0.7805185185185185,0.2592592592592592,168.25063888888891,0.000125,0.0,0.2703293785712328,40.5925925925926,2000.0,0.0,1.0,-3.48238693411383,0.0,2.5219219344944284,-1.8841056121267927,0.0,0.1729072631980554,0.301106036869958,0.9392315502144786,0.8602479119603493,1.1145293779433016,1.036087440057294,30.0,0.0,0.0020065250911484,0.727625,0.5902048975512244,0.8025987006496752,0.7146426786606698,49.0,0.1430867736315684,0.0938146492813726,0.0,0.05875,0.0,0.0614386950786761,0.0699180292431506,0.4444444444444444,0.2567364022629311,0.47113889640452156,0.8144541580652938,0,9.0,27.0,18.0,0.47113889640452156,0.6427965272349077,9.0,293,9.0,0.18181818181818182,False
BNDM,ForestCovertype,661,0.65,94,0.5348837209302326,0.8128617301398532,0,24,3613,4828,1.608,1,0.196,54.0,13.272526689665506,7.0,2.0,0.6970056904918152,413.5,0.7805185185185185,0.2592592592592592,168.25063888888891,0.000125,0.0,0.2703293785712328,40.5925925925926,2000.0,0.0,1.0,-3.48238693411383,0.0,2.5219219344944284,-1.8841056121267927,0.0,0.1729072631980554,0.301106036869958,0.9392315502144786,0.8602479119603493,1.1145293779433016,1.036087440057294,30.0,0.0,0.0020065250911484,0.727625,0.5902048975512244,0.8025987006496752,0.7146426786606698,49.0,0.1430867736315684,0.0938146492813726,0.0,0.05875,0.0,0.0614386950786761,0.0699180292431506,0.4444444444444444,0.2567364022629311,0.46778204665704665,0.8165312082299677,0,9.0,24.0,15.0,0.46778204665704665,0.6421566274435072,9.0,294,9.0,0.16083916083916083,False
BNDM,ForestCovertype,624,0.66,129,0.558139534883721,0.7619392209891291,0,42,1732,3830,6.778,1,0.284,54.0,13.272526689665506,7.0,2.0,0.6970056904918152,413.5,0.7805185185185185,0.2592592592592592,168.25063888888891,0.000125,0.0,0.2703293785712328,40.5925925925926,2000.0,0.0,1.0,-3.48238693411383,0.0,2.5219219344944284,-1.8841056121267927,0.0,0.1729072631980554,0.301106036869958,0.9392315502144786,0.8602479119603493,1.1145293779433016,1.036087440057294,30.0,0.0,0.0020065250911484,0.727625,0.5902048975512244,0.8025987006496752,0.7146426786606698,49.0,0.1430867736315684,0.0938146492813726,0.0,0.05875,0.0,0.0614386950786761,0.0699180292431506,0.4444444444444444,0.2567364022629311,0.45950048851611364,0.817600222850706,0,9.0,42.0,33.0,0.45950048851611364,0.6385503556834098,9.0,295,9.0,0.2867132867132867,False
BNDM,ForestCovertype,75,0.66,105,0.558139534883721,0.7950742351394693,0,23,1722,5000,7.292,1,0.999,54.0,13.272526689665506,7.0,2.0,0.6970056904918152,413.5,0.7805185185185185,0.2592592592592592,168.25063888888891,0.000125,0.0,0.2703293785712328,40.5925925925926,2000.0,0.0,1.0,-3.48238693411383,0.0,2.5219219344944284,-1.8841056121267927,0.0,0.1729072631980554,0.301106036869958,0.9392315502144786,0.8602479119603493,1.1145293779433016,1.036087440057294,30.0,0.0,0.0020065250911484,0.727625,0.5902048975512244,0.8025987006496752,0.7146426786606698,49.0,0.1430867736315684,0.0938146492813726,0.0,0.05875,0.0,0.0614386950786761,0.0699180292431506,0.4444444444444444,0.2567364022629311,0.44597238005050505,0.8203983442441991,0,9.0,23.0,14.0,0.44597238005050505,0.6331853621473521,9.0,296,9.0,0.15384615384615385,False
BNDM,ForestCovertype,396,0.79,8046,0.8604651162790699,0.0921583304259926,0,23,2514,169,2.075,7,0.925,54.0,13.272526689665506,7.0,2.0,0.6970056904918152,413.5,0.7805185185185185,0.2592592592592592,168.25063888888891,0.000125,0.0,0.2703293785712328,40.5925925925926,2000.0,0.0,1.0,-3.48238693411383,0.0,2.5219219344944284,-1.8841056121267927,0.0,0.1729072631980554,0.301106036869958,0.9392315502144786,0.8602479119603493,1.1145293779433016,1.036087440057294,30.0,0.0,0.0020065250911484,0.727625,0.5902048975512244,0.8025987006496752,0.7146426786606698,49.0,0.1430867736315684,0.0938146492813726,0.0,0.05875,0.0,0.0614386950786761,0.0699180292431506,0.4444444444444444,0.2567364022629311,0.7545771329365081,0.44531111737710544,0,9.0,23.0,14.0,0.44531111737710544,0.5999441251568067,9.0,297,9.0,0.15384615384615385,False
BNDM,ForestCovertype,643,0.65,67,0.5348837209302326,0.8671467855281964,0,10,2560,3663,3.511,1,0.425,54.0,13.272526689665506,7.0,2.0,0.6970056904918152,413.5,0.7805185185185185,0.2592592592592592,168.25063888888891,0.000125,0.0,0.2703293785712328,40.5925925925926,2000.0,0.0,1.0,-3.48238693411383,0.0,2.5219219344944284,-1.8841056121267927,0.0,0.1729072631980554,0.301106036869958,0.9392315502144786,0.8602479119603493,1.1145293779433016,1.036087440057294,30.0,0.0,0.0020065250911484,0.727625,0.5902048975512244,0.8025987006496752,0.7146426786606698,49.0,0.1430867736315684,0.0938146492813726,0.0,0.05875,0.0,0.0614386950786761,0.0699180292431506,0.4444444444444444,0.2567364022629311,0.44349419041606536,0.8217303331912892,0,9.0,10.0,1.0,0.44349419041606536,0.6326122618036772,9.0,298,9.0,0.06293706293706294,False
BNDM,ForestCovertype,9,0.65,67,0.5348837209302326,0.8671467855281964,0,10,975,5000,4.573,1,0.905,54.0,13.272526689665506,7.0,2.0,0.6970056904918152,413.5,0.7805185185185185,0.2592592592592592,168.25063888888891,0.000125,0.0,0.2703293785712328,40.5925925925926,2000.0,0.0,1.0,-3.48238693411383,0.0,2.5219219344944284,-1.8841056121267927,0.0,0.1729072631980554,0.301106036869958,0.9392315502144786,0.8602479119603493,1.1145293779433016,1.036087440057294,30.0,0.0,0.0020065250911484,0.727625,0.5902048975512244,0.8025987006496752,0.7146426786606698,49.0,0.1430867736315684,0.0938146492813726,0.0,0.05875,0.0,0.0614386950786761,0.0699180292431506,0.4444444444444444,0.2567364022629311,0.42087502254689746,0.8230279200946292,0,9.0,10.0,1.0,0.42087502254689746,0.6219514713207633,9.0,299,9.0,0.06293706293706294,False
BNDM,ForestCovertype,321,0.81,4098,0.9069767441860468,0.2016729870336725,0,12,2912,80,3.849,16,0.834,54.0,13.272526689665506,7.0,2.0,0.6970056904918152,413.5,0.7805185185185185,0.2592592592592592,168.25063888888891,0.000125,0.0,0.2703293785712328,40.5925925925926,2000.0,0.0,1.0,-3.48238693411383,0.0,2.5219219344944284,-1.8841056121267927,0.0,0.1729072631980554,0.301106036869958,0.9392315502144786,0.8602479119603493,1.1145293779433016,1.036087440057294,30.0,0.0,0.0020065250911484,0.727625,0.5902048975512244,0.8025987006496752,0.7146426786606698,49.0,0.1430867736315684,0.0938146492813726,0.0,0.05875,0.0,0.0614386950786761,0.0699180292431506,0.4444444444444444,0.2567364022629311,0.7566063236531986,0.2700504775786963,0,9.0,12.0,3.0,0.2700504775786963,0.5133284006159474,9.0,300,9.0,0.07692307692307693,False
BNDM,ForestCovertype,383,0.82,4320,0.9302325581395348,0.1931099942157723,0,5,3591,31,8.042,12,0.562,54.0,13.272526689665506,7.0,2.0,0.6970056904918152,413.5,0.7805185185185185,0.2592592592592592,168.25063888888891,0.000125,0.0,0.2703293785712328,40.5925925925926,2000.0,0.0,1.0,-3.48238693411383,0.0,2.5219219344944284,-1.8841056121267927,0.0,0.1729072631980554,0.301106036869958,0.9392315502144786,0.8602479119603493,1.1145293779433016,1.036087440057294,30.0,0.0,0.0020065250911484,0.727625,0.5902048975512244,0.8025987006496752,0.7146426786606698,49.0,0.1430867736315684,0.0938146492813726,0.0,0.05875,0.0,0.0614386950786761,0.0699180292431506,0.4444444444444444,0.2567364022629311,0.7592666922198172,0.2567376125998906,0,9.0,5.0,4.0,0.2567376125998906,0.5080021524098539,9.0,301,9.0,0.027972027972027972,False
BNDM,ForestCovertype,276,0.7,13919,0.6511627906976744,0.0031857404092473,0,42,4594,1860,1.554,5,0.55,54.0,13.272526689665506,7.0,2.0,0.6970056904918152,413.5,0.7805185185185185,0.2592592592592592,168.25063888888891,0.000125,0.0,0.2703293785712328,40.5925925925926,2000.0,0.0,1.0,-3.48238693411383,0.0,2.5219219344944284,-1.8841056121267927,0.0,0.1729072631980554,0.301106036869958,0.9392315502144786,0.8602479119603493,1.1145293779433016,1.036087440057294,30.0,0.0,0.0020065250911484,0.727625,0.5902048975512244,0.8025987006496752,0.7146426786606698,49.0,0.1430867736315684,0.0938146492813726,0.0,0.05875,0.0,0.0614386950786761,0.0699180292431506,0.4444444444444444,0.2567364022629311,0.6188474025974026,0.7300867824217026,0,10.0,42.0,32.0,0.6188474025974026,0.6744670925095526,10.0,302,10.0,0.2867132867132867,False
BNDM,ForestCovertype,897,0.71,295,0.6744186046511628,0.6283530452186876,0,12,3706,1866,10.0,1,0.969,54.0,13.272526689665506,7.0,2.0,0.6970056904918152,413.5,0.7805185185185185,0.2592592592592592,168.25063888888891,0.000125,0.0,0.2703293785712328,40.5925925925926,2000.0,0.0,1.0,-3.48238693411383,0.0,2.5219219344944284,-1.8841056121267927,0.0,0.1729072631980554,0.301106036869958,0.9392315502144786,0.8602479119603493,1.1145293779433016,1.036087440057294,30.0,0.0,0.0020065250911484,0.727625,0.5902048975512244,0.8025987006496752,0.7146426786606698,49.0,0.1430867736315684,0.0938146492813726,0.0,0.05875,0.0,0.0614386950786761,0.0699180292431506,0.4444444444444444,0.2567364022629311,0.6140504825036077,0.7416912394482723,0,10.0,12.0,2.0,0.6140504825036077,0.6778708609759401,10.0,303,10.0,0.07692307692307693,False
BNDM,ForestCovertype,521,0.69,2274,0.6279069767441859,0.297259042126611,0,35,3811,1791,0.946,4,0.744,54.0,13.272526689665506,7.0,2.0,0.6970056904918152,413.5,0.7805185185185185,0.2592592592592592,168.25063888888891,0.000125,0.0,0.2703293785712328,40.5925925925926,2000.0,0.0,1.0,-3.48238693411383,0.0,2.5219219344944284,-1.8841056121267927,0.0,0.1729072631980554,0.301106036869958,0.9392315502144786,0.8602479119603493,1.1145293779433016,1.036087440057294,30.0,0.0,0.0020065250911484,0.727625,0.5902048975512244,0.8025987006496752,0.7146426786606698,49.0,0.1430867736315684,0.0938146492813726,0.0,0.05875,0.0,0.0614386950786761,0.0699180292431506,0.4444444444444444,0.2567364022629311,0.594981879810005,0.7456442947414741,0,10.0,35.0,25.0,0.594981879810005,0.6703130872757396,10.0,304,10.0,0.23776223776223776,False
BNDM,ForestCovertype,787,0.69,8103,0.6279069767441859,0.091012392022403,0,45,3882,1985,3.343,3,0.263,54.0,13.272526689665506,7.0,2.0,0.6970056904918152,413.5,0.7805185185185185,0.2592592592592592,168.25063888888891,0.000125,0.0,0.2703293785712328,40.5925925925926,2000.0,0.0,1.0,-3.48238693411383,0.0,2.5219219344944284,-1.8841056121267927,0.0,0.1729072631980554,0.301106036869958,0.9392315502144786,0.8602479119603493,1.1145293779433016,1.036087440057294,30.0,0.0,0.0020065250911484,0.727625,0.5902048975512244,0.8025987006496752,0.7146426786606698,49.0,0.1430867736315684,0.0938146492813726,0.0,0.05875,0.0,0.0614386950786761,0.0699180292431506,0.4444444444444444,0.2567364022629311,0.5894238816738814,0.7529029759798911,0,10.0,45.0,35.0,0.5894238816738814,0.6711634288268862,10.0,305,10.0,0.3076923076923077,False
BNDM,ForestCovertype,895,0.71,157,0.6744186046511628,0.730271008250384,0,3,666,1281,10.0,1,0.999,54.0,13.272526689665506,7.0,2.0,0.6970056904918152,413.5,0.7805185185185185,0.2592592592592592,168.25063888888891,0.000125,0.0,0.2703293785712328,40.5925925925926,2000.0,0.0,1.0,-3.48238693411383,0.0,2.5219219344944284,-1.8841056121267927,0.0,0.1729072631980554,0.301106036869958,0.9392315502144786,0.8602479119603493,1.1145293779433016,1.036087440057294,30.0,0.0,0.0020065250911484,0.727625,0.5902048975512244,0.8025987006496752,0.7146426786606698,49.0,0.1430867736315684,0.0938146492813726,0.0,0.05875,0.0,0.0614386950786761,0.0699180292431506,0.4444444444444444,0.2567364022629311,0.5886613906926408,0.7632000475078459,0,10.0,3.0,7.0,0.5886613906926408,0.6759307191002433,10.0,306,10.0,0.013986013986013986,False
BNDM,ForestCovertype,707,0.71,181,0.6744186046511628,0.707312734030379,0,4,495,1120,0.88,1,0.955,54.0,13.272526689665506,7.0,2.0,0.6970056904918152,413.5,0.7805185185185185,0.2592592592592592,168.25063888888891,0.000125,0.0,0.2703293785712328,40.5925925925926,2000.0,0.0,1.0,-3.48238693411383,0.0,2.5219219344944284,-1.8841056121267927,0.0,0.1729072631980554,0.301106036869958,0.9392315502144786,0.8602479119603493,1.1145293779433016,1.036087440057294,30.0,0.0,0.0020065250911484,0.727625,0.5902048975512244,0.8025987006496752,0.7146426786606698,49.0,0.1430867736315684,0.0938146492813726,0.0,0.05875,0.0,0.0614386950786761,0.0699180292431506,0.4444444444444444,0.2567364022629311,0.5762184794372291,0.7710624739518759,0,10.0,4.0,6.0,0.5762184794372291,0.6736404766945525,10.0,307,10.0,0.02097902097902098,False
BNDM,ForestCovertype,7,0.8,2805,0.8837209302325583,0.2632011338547385,0,11,956,115,9.633,1,0.001,54.0,13.272526689665506,7.0,2.0,0.6970056904918152,413.5,0.7805185185185185,0.2592592592592592,168.25063888888891,0.000125,0.0,0.2703293785712328,40.5925925925926,2000.0,0.0,1.0,-3.48238693411383,0.0,2.5219219344944284,-1.8841056121267927,0.0,0.1729072631980554,0.301106036869958,0.9392315502144786,0.8602479119603493,1.1145293779433016,1.036087440057294,30.0,0.0,0.0020065250911484,0.727625,0.5902048975512244,0.8025987006496752,0.7146426786606698,49.0,0.1430867736315684,0.0938146492813726,0.0,0.05875,0.0,0.0614386950786761,0.0699180292431506,0.4444444444444444,0.2567364022629311,0.680045807780183,0.5682206861620784,0,10.0,11.0,1.0,0.5682206861620784,0.6241332469711307,10.0,308,10.0,0.06993006993006994,False
BNDM,ForestCovertype,850,0.69,1919,0.6279069767441859,0.3248026202771976,0,34,1168,1994,2.412,3,0.666,54.0,13.272526689665506,7.0,2.0,0.6970056904918152,413.5,0.7805185185185185,0.2592592592592592,168.25063888888891,0.000125,0.0,0.2703293785712328,40.5925925925926,2000.0,0.0,1.0,-3.48238693411383,0.0,2.5219219344944284,-1.8841056121267927,0.0,0.1729072631980554,0.301106036869958,0.9392315502144786,0.8602479119603493,1.1145293779433016,1.036087440057294,30.0,0.0,0.0020065250911484,0.727625,0.5902048975512244,0.8025987006496752,0.7146426786606698,49.0,0.1430867736315684,0.0938146492813726,0.0,0.05875,0.0,0.0614386950786761,0.0699180292431506,0.4444444444444444,0.2567364022629311,0.5596279761904764,0.7755697815770123,0,10.0,34.0,24.0,0.5596279761904764,0.6675988788837444,10.0,309,10.0,0.23076923076923078,False
BNDM,ForestCovertype,849,0.68,152,0.6046511627906979,0.7354917362871889,0,16,4179,3213,9.795,1,0.554,54.0,13.272526689665506,7.0,2.0,0.6970056904918152,413.5,0.7805185185185185,0.2592592592592592,168.25063888888891,0.000125,0.0,0.2703293785712328,40.5925925925926,2000.0,0.0,1.0,-3.48238693411383,0.0,2.5219219344944284,-1.8841056121267927,0.0,0.1729072631980554,0.301106036869958,0.9392315502144786,0.8602479119603493,1.1145293779433016,1.036087440057294,30.0,0.0,0.0020065250911484,0.727625,0.5902048975512244,0.8025987006496752,0.7146426786606698,49.0,0.1430867736315684,0.0938146492813726,0.0,0.05875,0.0,0.0614386950786761,0.0699180292431506,0.4444444444444444,0.2567364022629311,0.5546972703222705,0.7757765447374788,0,10.0,16.0,6.0,0.5546972703222705,0.6652369075298746,10.0,310,10.0,0.1048951048951049,False
BNDM,ForestCovertype,509,0.72,1463,0.6976744186046512,0.3688244493300753,0,13,2072,129,7.975,2,0.578,54.0,13.272526689665506,7.0,2.0,0.6970056904918152,413.5,0.7805185185185185,0.2592592592592592,168.25063888888891,0.000125,0.0,0.2703293785712328,40.5925925925926,2000.0,0.0,1.0,-3.48238693411383,0.0,2.5219219344944284,-1.8841056121267927,0.0,0.1729072631980554,0.301106036869958,0.9392315502144786,0.8602479119603493,1.1145293779433016,1.036087440057294,30.0,0.0,0.0020065250911484,0.727625,0.5902048975512244,0.8025987006496752,0.7146426786606698,49.0,0.1430867736315684,0.0938146492813726,0.0,0.05875,0.0,0.0614386950786761,0.0699180292431506,0.4444444444444444,0.2567364022629311,0.7035625526094278,0.551310513082443,0,10.0,13.0,3.0,0.551310513082443,0.6274365328459355,10.0,311,10.0,0.08391608391608392,False
BNDM,ForestCovertype,520,0.67,165,0.5813953488372094,0.7222520622239238,0,35,4823,3387,3.108,2,0.619,54.0,13.272526689665506,7.0,2.0,0.6970056904918152,413.5,0.7805185185185185,0.2592592592592592,168.25063888888891,0.000125,0.0,0.2703293785712328,40.5925925925926,2000.0,0.0,1.0,-3.48238693411383,0.0,2.5219219344944284,-1.8841056121267927,0.0,0.1729072631980554,0.301106036869958,0.9392315502144786,0.8602479119603493,1.1145293779433016,1.036087440057294,30.0,0.0,0.0020065250911484,0.727625,0.5902048975512244,0.8025987006496752,0.7146426786606698,49.0,0.1430867736315684,0.0938146492813726,0.0,0.05875,0.0,0.0614386950786761,0.0699180292431506,0.4444444444444444,0.2567364022629311,0.5411233916546417,0.77882334419794,0,10.0,35.0,25.0,0.5411233916546417,0.6599733679262909,10.0,312,10.0,0.23776223776223776,False
BNDM,ForestCovertype,447,0.66,2649,0.558139534883721,0.2724876466152341,0,110,2302,1869,1.85,3,0.35,54.0,13.272526689665506,7.0,2.0,0.6970056904918152,413.5,0.7805185185185185,0.2592592592592592,168.25063888888891,0.000125,0.0,0.2703293785712328,40.5925925925926,2000.0,0.0,1.0,-3.48238693411383,0.0,2.5219219344944284,-1.8841056121267927,0.0,0.1729072631980554,0.301106036869958,0.9392315502144786,0.8602479119603493,1.1145293779433016,1.036087440057294,30.0,0.0,0.0020065250911484,0.727625,0.5902048975512244,0.8025987006496752,0.7146426786606698,49.0,0.1430867736315684,0.0938146492813726,0.0,0.05875,0.0,0.0614386950786761,0.0699180292431506,0.4444444444444444,0.2567364022629311,0.5336533189033189,0.7841885219607703,0,10.0,110.0,100.0,0.5336533189033189,0.6589209204320445,10.0,313,10.0,0.7622377622377622,False
BNDM,ForestCovertype,578,0.68,2971,0.6046511627906979,0.2538700065679954,0,58,2833,2193,4.77,2,0.231,54.0,13.272526689665506,7.0,2.0,0.6970056904918152,413.5,0.7805185185185185,0.2592592592592592,168.25063888888891,0.000125,0.0,0.2703293785712328,40.5925925925926,2000.0,0.0,1.0,-3.48238693411383,0.0,2.5219219344944284,-1.8841056121267927,0.0,0.1729072631980554,0.301106036869958,0.9392315502144786,0.8602479119603493,1.1145293779433016,1.036087440057294,30.0,0.0,0.0020065250911484,0.727625,0.5902048975512244,0.8025987006496752,0.7146426786606698,49.0,0.1430867736315684,0.0938146492813726,0.0,0.05875,0.0,0.0614386950786761,0.0699180292431506,0.4444444444444444,0.2567364022629311,0.5269358691077441,0.7887936684957431,0,10.0,58.0,48.0,0.5269358691077441,0.6578647688017436,10.0,314,10.0,0.3986013986013986,False
BNDM,ForestCovertype,390,0.67,127,0.5813953488372094,0.7644563357802862,0,21,4811,3951,3.617,1,0.163,54.0,13.272526689665506,7.0,2.0,0.6970056904918152,413.5,0.7805185185185185,0.2592592592592592,168.25063888888891,0.000125,0.0,0.2703293785712328,40.5925925925926,2000.0,0.0,1.0,-3.48238693411383,0.0,2.5219219344944284,-1.8841056121267927,0.0,0.1729072631980554,0.301106036869958,0.9392315502144786,0.8602479119603493,1.1145293779433016,1.036087440057294,30.0,0.0,0.0020065250911484,0.727625,0.5902048975512244,0.8025987006496752,0.7146426786606698,49.0,0.1430867736315684,0.0938146492813726,0.0,0.05875,0.0,0.0614386950786761,0.0699180292431506,0.4444444444444444,0.2567364022629311,0.5167671506734005,0.790244355358843,0,10.0,21.0,11.0,0.5167671506734005,0.6535057530161217,10.0,315,10.0,0.13986013986013987,False
BNDM,ForestCovertype,878,0.68,408,0.6046511627906979,0.5758560362519075,0,41,944,2502,3.473,2,0.514,54.0,13.272526689665506,7.0,2.0,0.6970056904918152,413.5,0.7805185185185185,0.2592592592592592,168.25063888888891,0.000125,0.0,0.2703293785712328,40.5925925925926,2000.0,0.0,1.0,-3.48238693411383,0.0,2.5219219344944284,-1.8841056121267927,0.0,0.1729072631980554,0.301106036869958,0.9392315502144786,0.8602479119603493,1.1145293779433016,1.036087440057294,30.0,0.0,0.0020065250911484,0.727625,0.5902048975512244,0.8025987006496752,0.7146426786606698,49.0,0.1430867736315684,0.0938146492813726,0.0,0.05875,0.0,0.0614386950786761,0.0699180292431506,0.4444444444444444,0.2567364022629311,0.5090711805555553,0.7938087934449387,0,10.0,41.0,31.0,0.5090711805555553,0.651439987000247,10.0,316,10.0,0.27972027972027974,False
BNDM,ForestCovertype,59,0.67,128,0.5813953488372094,0.7631929002064095,0,22,4882,4555,1.88,1,0.377,54.0,13.272526689665506,7.0,2.0,0.6970056904918152,413.5,0.7805185185185185,0.2592592592592592,168.25063888888891,0.000125,0.0,0.2703293785712328,40.5925925925926,2000.0,0.0,1.0,-3.48238693411383,0.0,2.5219219344944284,-1.8841056121267927,0.0,0.1729072631980554,0.301106036869958,0.9392315502144786,0.8602479119603493,1.1145293779433016,1.036087440057294,30.0,0.0,0.0020065250911484,0.727625,0.5902048975512244,0.8025987006496752,0.7146426786606698,49.0,0.1430867736315684,0.0938146492813726,0.0,0.05875,0.0,0.0614386950786761,0.0699180292431506,0.4444444444444444,0.2567364022629311,0.5088932103775853,0.7999384451570364,0,10.0,22.0,12.0,0.5088932103775853,0.6544158277673109,10.0,317,10.0,0.14685314685314685,False
BNDM,ForestCovertype,382,0.66,104,0.558139534883721,0.7966131153995994,0,22,4565,4646,0.841,2,0.991,54.0,13.272526689665506,7.0,2.0,0.6970056904918152,413.5,0.7805185185185185,0.2592592592592592,168.25063888888891,0.000125,0.0,0.2703293785712328,40.5925925925926,2000.0,0.0,1.0,-3.48238693411383,0.0,2.5219219344944284,-1.8841056121267927,0.0,0.1729072631980554,0.301106036869958,0.9392315502144786,0.8602479119603493,1.1145293779433016,1.036087440057294,30.0,0.0,0.0020065250911484,0.727625,0.5902048975512244,0.8025987006496752,0.7146426786606698,49.0,0.1430867736315684,0.0938146492813726,0.0,0.05875,0.0,0.0614386950786761,0.0699180292431506,0.4444444444444444,0.2567364022629311,0.4962770938552186,0.8005405545563514,0,10.0,22.0,12.0,0.4962770938552186,0.648408824205785,10.0,318,10.0,0.14685314685314685,False
BNDM,ForestCovertype,386,0.65,139,0.5348837209302326,0.7499077433996362,0,51,1614,3595,8.572,1,0.793,54.0,13.272526689665506,7.0,2.0,0.6970056904918152,413.5,0.7805185185185185,0.2592592592592592,168.25063888888891,0.000125,0.0,0.2703293785712328,40.5925925925926,2000.0,0.0,1.0,-3.48238693411383,0.0,2.5219219344944284,-1.8841056121267927,0.0,0.1729072631980554,0.301106036869958,0.9392315502144786,0.8602479119603493,1.1145293779433016,1.036087440057294,30.0,0.0,0.0020065250911484,0.727625,0.5902048975512244,0.8025987006496752,0.7146426786606698,49.0,0.1430867736315684,0.0938146492813726,0.0,0.05875,0.0,0.0614386950786761,0.0699180292431506,0.4444444444444444,0.2567364022629311,0.48900098454785945,0.8005471484075486,0,10.0,51.0,41.0,0.48900098454785945,0.644774066477704,10.0,319,10.0,0.34965034965034963,False
BNDM,ForestCovertype,262,0.67,92,0.5813953488372094,0.816316129648319,0,7,2893,3084,3.302,2,0.552,54.0,13.272526689665506,7.0,2.0,0.6970056904918152,413.5,0.7805185185185185,0.2592592592592592,168.25063888888891,0.000125,0.0,0.2703293785712328,40.5925925925926,2000.0,0.0,1.0,-3.48238693411383,0.0,2.5219219344944284,-1.8841056121267927,0.0,0.1729072631980554,0.301106036869958,0.9392315502144786,0.8602479119603493,1.1145293779433016,1.036087440057294,30.0,0.0,0.0020065250911484,0.727625,0.5902048975512244,0.8025987006496752,0.7146426786606698,49.0,0.1430867736315684,0.0938146492813726,0.0,0.05875,0.0,0.0614386950786761,0.0699180292431506,0.4444444444444444,0.2567364022629311,0.48733752705627714,0.8030077106850942,0,10.0,7.0,3.0,0.48733752705627714,0.6451726188706857,10.0,320,10.0,0.04195804195804196,False
BNDM,ForestCovertype,293,0.67,141,0.5813953488372094,0.7476048586618529,0,26,1932,3337,0.732,2,0.962,54.0,13.272526689665506,7.0,2.0,0.6970056904918152,413.5,0.7805185185185185,0.2592592592592592,168.25063888888891,0.000125,0.0,0.2703293785712328,40.5925925925926,2000.0,0.0,1.0,-3.48238693411383,0.0,2.5219219344944284,-1.8841056121267927,0.0,0.1729072631980554,0.301106036869958,0.9392315502144786,0.8602479119603493,1.1145293779433016,1.036087440057294,30.0,0.0,0.0020065250911484,0.727625,0.5902048975512244,0.8025987006496752,0.7146426786606698,49.0,0.1430867736315684,0.0938146492813726,0.0,0.05875,0.0,0.0614386950786761,0.0699180292431506,0.4444444444444444,0.2567364022629311,0.487222462722463,0.8037624893229577,0,10.0,26.0,16.0,0.487222462722463,0.6454924760227103,10.0,321,10.0,0.17482517482517482,False
BNDM,ForestCovertype,910,0.65,123,0.5348837209302326,0.7696107576483557,0,39,3651,5000,10.0,1,0.999,54.0,13.272526689665506,7.0,2.0,0.6970056904918152,413.5,0.7805185185185185,0.2592592592592592,168.25063888888891,0.000125,0.0,0.2703293785712328,40.5925925925926,2000.0,0.0,1.0,-3.48238693411383,0.0,2.5219219344944284,-1.8841056121267927,0.0,0.1729072631980554,0.301106036869958,0.9392315502144786,0.8602479119603493,1.1145293779433016,1.036087440057294,30.0,0.0,0.0020065250911484,0.727625,0.5902048975512244,0.8025987006496752,0.7146426786606698,49.0,0.1430867736315684,0.0938146492813726,0.0,0.05875,0.0,0.0614386950786761,0.0699180292431506,0.4444444444444444,0.2567364022629311,0.4866812770562771,0.808539970548729,0,10.0,39.0,29.0,0.4866812770562771,0.647610623802503,10.0,322,10.0,0.26573426573426573,False
BNDM,ForestCovertype,577,0.66,117,0.558139534883721,0.7776628533741432,0,34,1056,2956,5.362,1,0.411,54.0,13.272526689665506,7.0,2.0,0.6970056904918152,413.5,0.7805185185185185,0.2592592592592592,168.25063888888891,0.000125,0.0,0.2703293785712328,40.5925925925926,2000.0,0.0,1.0,-3.48238693411383,0.0,2.5219219344944284,-1.8841056121267927,0.0,0.1729072631980554,0.301106036869958,0.9392315502144786,0.8602479119603493,1.1145293779433016,1.036087440057294,30.0,0.0,0.0020065250911484,0.727625,0.5902048975512244,0.8025987006496752,0.7146426786606698,49.0,0.1430867736315684,0.0938146492813726,0.0,0.05875,0.0,0.0614386950786761,0.0699180292431506,0.4444444444444444,0.2567364022629311,0.48232229286916756,0.8132011082936419,0,10.0,34.0,24.0,0.48232229286916756,0.6477617005814047,10.0,323,10.0,0.23076923076923078,False
BNDM,ForestCovertype,562,0.62,68,0.4651162790697675,0.864776660925343,0,12,2630,4244,0.208,2,0.37,54.0,13.272526689665506,7.0,2.0,0.6970056904918152,413.5,0.7805185185185185,0.2592592592592592,168.25063888888891,0.000125,0.0,0.2703293785712328,40.5925925925926,2000.0,0.0,1.0,-3.48238693411383,0.0,2.5219219344944284,-1.8841056121267927,0.0,0.1729072631980554,0.301106036869958,0.9392315502144786,0.8602479119603493,1.1145293779433016,1.036087440057294,30.0,0.0,0.0020065250911484,0.727625,0.5902048975512244,0.8025987006496752,0.7146426786606698,49.0,0.1430867736315684,0.0938146492813726,0.0,0.05875,0.0,0.0614386950786761,0.0699180292431506,0.4444444444444444,0.2567364022629311,0.46551872144059664,0.8134282481175807,0,10.0,12.0,2.0,0.46551872144059664,0.6394734847790887,10.0,324,10.0,0.07692307692307693,False
BNDM,ForestCovertype,491,0.79,5180,0.8604651162790699,0.1636415275563635,0,19,681,104,1.592,6,0.18,54.0,13.272526689665506,7.0,2.0,0.6970056904918152,413.5,0.7805185185185185,0.2592592592592592,168.25063888888891,0.000125,0.0,0.2703293785712328,40.5925925925926,2000.0,0.0,1.0,-3.48238693411383,0.0,2.5219219344944284,-1.8841056121267927,0.0,0.1729072631980554,0.301106036869958,0.9392315502144786,0.8602479119603493,1.1145293779433016,1.036087440057294,30.0,0.0,0.0020065250911484,0.727625,0.5902048975512244,0.8025987006496752,0.7146426786606698,49.0,0.1430867736315684,0.0938146492813726,0.0,0.05875,0.0,0.0614386950786761,0.0699180292431506,0.4444444444444444,0.2567364022629311,0.7126447961760458,0.4627468369621621,0,10.0,19.0,9.0,0.4627468369621621,0.587695816569104,10.0,325,10.0,0.1258741258741259,False
BNDM,ForestCovertype,551,0.57,46,0.3488372093023255,0.9271126391085172,0,8,2131,3525,4.03,1,0.269,54.0,13.272526689665506,7.0,2.0,0.6970056904918152,413.5,0.7805185185185185,0.2592592592592592,168.25063888888891,0.000125,0.0,0.2703293785712328,40.5925925925926,2000.0,0.0,1.0,-3.48238693411383,0.0,2.5219219344944284,-1.8841056121267927,0.0,0.1729072631980554,0.301106036869958,0.9392315502144786,0.8602479119603493,1.1145293779433016,1.036087440057294,30.0,0.0,0.0020065250911484,0.727625,0.5902048975512244,0.8025987006496752,0.7146426786606698,49.0,0.1430867736315684,0.0938146492813726,0.0,0.05875,0.0,0.0614386950786761,0.0699180292431506,0.4444444444444444,0.2567364022629311,0.4305017436267432,0.8154642459241871,0,10.0,8.0,2.0,0.4305017436267432,0.6229829947754651,10.0,326,10.0,0.04895104895104895,False
BNDM,ForestCovertype,894,0.65,88,0.5348837209302326,0.8234535713949114,0,19,1448,5000,2.471,1,0.411,54.0,13.272526689665506,7.0,2.0,0.6970056904918152,413.5,0.7805185185185185,0.2592592592592592,168.25063888888891,0.000125,0.0,0.2703293785712328,40.5925925925926,2000.0,0.0,1.0,-3.48238693411383,0.0,2.5219219344944284,-1.8841056121267927,0.0,0.1729072631980554,0.301106036869958,0.9392315502144786,0.8602479119603493,1.1145293779433016,1.036087440057294,30.0,0.0,0.0020065250911484,0.727625,0.5902048975512244,0.8025987006496752,0.7146426786606698,49.0,0.1430867736315684,0.0938146492813726,0.0,0.05875,0.0,0.0614386950786761,0.0699180292431506,0.4444444444444444,0.2567364022629311,0.4269560185185184,0.821337880728323,0,10.0,19.0,9.0,0.4269560185185184,0.6241469496234207,10.0,327,10.0,0.1258741258741259,False
BNDM,ForestCovertype,659,0.82,3984,0.9302325581395348,0.2062522055693515,0,4,2755,36,4.947,5,0.071,54.0,13.272526689665506,7.0,2.0,0.6970056904918152,413.5,0.7805185185185185,0.2592592592592592,168.25063888888891,0.000125,0.0,0.2703293785712328,40.5925925925926,2000.0,0.0,1.0,-3.48238693411383,0.0,2.5219219344944284,-1.8841056121267927,0.0,0.1729072631980554,0.301106036869958,0.9392315502144786,0.8602479119603493,1.1145293779433016,1.036087440057294,30.0,0.0,0.0020065250911484,0.727625,0.5902048975512244,0.8025987006496752,0.7146426786606698,49.0,0.1430867736315684,0.0938146492813726,0.0,0.05875,0.0,0.0614386950786761,0.0699180292431506,0.4444444444444444,0.2567364022629311,0.7269546657046658,0.4177090289161619,0,10.0,4.0,6.0,0.4177090289161619,0.5723318473104139,10.0,328,10.0,0.02097902097902098,False
BNDM,ForestCovertype,862,0.81,8304,0.9069767441860468,0.0870348049281841,0,14,1458,50,0.332,11,0.083,54.0,13.272526689665506,7.0,2.0,0.6970056904918152,413.5,0.7805185185185185,0.2592592592592592,168.25063888888891,0.000125,0.0,0.2703293785712328,40.5925925925926,2000.0,0.0,1.0,-3.48238693411383,0.0,2.5219219344944284,-1.8841056121267927,0.0,0.1729072631980554,0.301106036869958,0.9392315502144786,0.8602479119603493,1.1145293779433016,1.036087440057294,30.0,0.0,0.0020065250911484,0.727625,0.5902048975512244,0.8025987006496752,0.7146426786606698,49.0,0.1430867736315684,0.0938146492813726,0.0,0.05875,0.0,0.0614386950786761,0.0699180292431506,0.4444444444444444,0.2567364022629311,0.7332348033910533,0.4052629716456554,0,10.0,14.0,4.0,0.4052629716456554,0.5692488875183543,10.0,329,10.0,0.09090909090909091,False
BNDM,ForestCovertype,605,0.79,14260,0.8604651162790699,0.0,0,28,1400,158,9.169,7,0.426,54.0,13.272526689665506,7.0,2.0,0.6970056904918152,413.5,0.7805185185185185,0.2592592592592592,168.25063888888891,0.000125,0.0,0.2703293785712328,40.5925925925926,2000.0,0.0,1.0,-3.48238693411383,0.0,2.5219219344944284,-1.8841056121267927,0.0,0.1729072631980554,0.301106036869958,0.9392315502144786,0.8602479119603493,1.1145293779433016,1.036087440057294,30.0,0.0,0.0020065250911484,0.727625,0.5902048975512244,0.8025987006496752,0.7146426786606698,49.0,0.1430867736315684,0.0938146492813726,0.0,0.05875,0.0,0.0614386950786761,0.0699180292431506,0.4444444444444444,0.2567364022629311,0.7385691663660419,0.40065050933292895,0,10.0,28.0,18.0,0.40065050933292895,0.5696098378494854,10.0,330,10.0,0.1888111888111888,False
BNDM,ForestCovertype,648,0.74,276,0.7441860465116279,0.6391237037464177,1,1,2014,23,6.595,6,0.879,54.0,13.272526689665506,7.0,2.0,0.6970056904918152,413.5,0.7805185185185185,0.2592592592592592,168.25063888888891,0.000125,0.0,0.2703293785712328,40.5925925925926,2000.0,0.0,1.0,-3.48238693411383,0.0,2.5219219344944284,-1.8841056121267927,0.0,0.1729072631980554,0.301106036869958,0.9392315502144786,0.8602479119603493,1.1145293779433016,1.036087440057294,30.0,0.0,0.0020065250911484,0.727625,0.5902048975512244,0.8025987006496752,0.7146426786606698,49.0,0.1430867736315684,0.0938146492813726,0.0,0.05875,0.0,0.0614386950786761,0.0699180292431506,0.4444444444444444,0.2567364022629311,0.7422877810846563,0.3915226326663314,0,10.0,1.0,9.0,0.3915226326663314,0.5669052068754938,10.0,331,10.0,0.0,False
BNDM,ForestCovertype,822,0.83,11284,0.9534883720930232,0.0372553891268631,0,4,3974,20,3.829,6,0.03,54.0,13.272526689665506,7.0,2.0,0.6970056904918152,413.5,0.7805185185185185,0.2592592592592592,168.25063888888891,0.000125,0.0,0.2703293785712328,40.5925925925926,2000.0,0.0,1.0,-3.48238693411383,0.0,2.5219219344944284,-1.8841056121267927,0.0,0.1729072631980554,0.301106036869958,0.9392315502144786,0.8602479119603493,1.1145293779433016,1.036087440057294,30.0,0.0,0.0020065250911484,0.727625,0.5902048975512244,0.8025987006496752,0.7146426786606698,49.0,0.1430867736315684,0.0938146492813726,0.0,0.05875,0.0,0.0614386950786761,0.0699180292431506,0.4444444444444444,0.2567364022629311,0.7498718584656088,0.375447594732766,0,10.0,4.0,6.0,0.375447594732766,0.5626597265991874,10.0,332,10.0,0.02097902097902098,False
BNDM,ForestCovertype,460,0.82,6340,0.9302325581395348,0.1308404621149874,0,8,3095,18,1.35,14,0.726,54.0,13.272526689665506,7.0,2.0,0.6970056904918152,413.5,0.7805185185185185,0.2592592592592592,168.25063888888891,0.000125,0.0,0.2703293785712328,40.5925925925926,2000.0,0.0,1.0,-3.48238693411383,0.0,2.5219219344944284,-1.8841056121267927,0.0,0.1729072631980554,0.301106036869958,0.9392315502144786,0.8602479119603493,1.1145293779433016,1.036087440057294,30.0,0.0,0.0020065250911484,0.727625,0.5902048975512244,0.8025987006496752,0.7146426786606698,49.0,0.1430867736315684,0.0938146492813726,0.0,0.05875,0.0,0.0614386950786761,0.0699180292431506,0.4444444444444444,0.2567364022629311,0.7530728114478117,0.320656823129865,0,10.0,8.0,2.0,0.320656823129865,0.5368648172888384,10.0,333,10.0,0.04895104895104895,False
BNDM,ForestCovertype,734,0.69,271,0.6279069767441859,0.6420809922872622,0,20,4568,1902,0.341,6,0.726,54.0,13.272526689665506,7.0,2.0,0.6970056904918152,413.5,0.7805185185185185,0.2592592592592592,168.25063888888891,0.000125,0.0,0.2703293785712328,40.5925925925926,2000.0,0.0,1.0,-3.48238693411383,0.0,2.5219219344944284,-1.8841056121267927,0.0,0.1729072631980554,0.301106036869958,0.9392315502144786,0.8602479119603493,1.1145293779433016,1.036087440057294,30.0,0.0,0.0020065250911484,0.727625,0.5902048975512244,0.8025987006496752,0.7146426786606698,49.0,0.1430867736315684,0.0938146492813726,0.0,0.05875,0.0,0.0614386950786761,0.0699180292431506,0.4444444444444444,0.2567364022629311,0.6168046085858588,0.7142765781286575,0,11.0,20.0,9.0,0.6168046085858588,0.6655405933572582,11.0,334,11.0,0.13286713286713286,False
BNDM,ForestCovertype,218,0.69,5608,0.6279069767441859,0.1507550480296158,0,42,4610,2057,1.096,6,0.161,54.0,13.272526689665506,7.0,2.0,0.6970056904918152,413.5,0.7805185185185185,0.2592592592592592,168.25063888888891,0.000125,0.0,0.2703293785712328,40.5925925925926,2000.0,0.0,1.0,-3.48238693411383,0.0,2.5219219344944284,-1.8841056121267927,0.0,0.1729072631980554,0.301106036869958,0.9392315502144786,0.8602479119603493,1.1145293779433016,1.036087440057294,30.0,0.0,0.0020065250911484,0.727625,0.5902048975512244,0.8025987006496752,0.7146426786606698,49.0,0.1430867736315684,0.0938146492813726,0.0,0.05875,0.0,0.0614386950786761,0.0699180292431506,0.4444444444444444,0.2567364022629311,0.6048002495189997,0.7198200605019331,0,11.0,42.0,31.0,0.6048002495189997,0.6623101550104664,11.0,335,11.0,0.2867132867132867,False
BNDM,ForestCovertype,347,0.7,4698,0.6511627906976744,0.1794948037105156,0,36,4658,2241,0.042,7,0.86,54.0,13.272526689665506,7.0,2.0,0.6970056904918152,413.5,0.7805185185185185,0.2592592592592592,168.25063888888891,0.000125,0.0,0.2703293785712328,40.5925925925926,2000.0,0.0,1.0,-3.48238693411383,0.0,2.5219219344944284,-1.8841056121267927,0.0,0.1729072631980554,0.301106036869958,0.9392315502144786,0.8602479119603493,1.1145293779433016,1.036087440057294,30.0,0.0,0.0020065250911484,0.727625,0.5902048975512244,0.8025987006496752,0.7146426786606698,49.0,0.1430867736315684,0.0938146492813726,0.0,0.05875,0.0,0.0614386950786761,0.0699180292431506,0.4444444444444444,0.2567364022629311,0.6015484457671957,0.7363471902823129,0,11.0,36.0,25.0,0.6015484457671957,0.6689478180247543,11.0,336,11.0,0.24475524475524477,False
BNDM,ForestCovertype,808,0.69,639,0.6279069767441859,0.5031630415181686,0,27,3186,1887,0.237,5,0.909,54.0,13.272526689665506,7.0,2.0,0.6970056904918152,413.5,0.7805185185185185,0.2592592592592592,168.25063888888891,0.000125,0.0,0.2703293785712328,40.5925925925926,2000.0,0.0,1.0,-3.48238693411383,0.0,2.5219219344944284,-1.8841056121267927,0.0,0.1729072631980554,0.301106036869958,0.9392315502144786,0.8602479119603493,1.1145293779433016,1.036087440057294,30.0,0.0,0.0020065250911484,0.727625,0.5902048975512244,0.8025987006496752,0.7146426786606698,49.0,0.1430867736315684,0.0938146492813726,0.0,0.05875,0.0,0.0614386950786761,0.0699180292431506,0.4444444444444444,0.2567364022629311,0.5877729602573355,0.7465428068319782,0,11.0,27.0,16.0,0.5877729602573355,0.6671578835446568,11.0,337,11.0,0.18181818181818182,False
BNDM,ForestCovertype,89,0.71,1106,0.6744186046511628,0.4142045025261802,0,25,887,1359,8.74,1,0.687,54.0,13.272526689665506,7.0,2.0,0.6970056904918152,413.5,0.7805185185185185,0.2592592592592592,168.25063888888891,0.000125,0.0,0.2703293785712328,40.5925925925926,2000.0,0.0,1.0,-3.48238693411383,0.0,2.5219219344944284,-1.8841056121267927,0.0,0.1729072631980554,0.301106036869958,0.9392315502144786,0.8602479119603493,1.1145293779433016,1.036087440057294,30.0,0.0,0.0020065250911484,0.727625,0.5902048975512244,0.8025987006496752,0.7146426786606698,49.0,0.1430867736315684,0.0938146492813726,0.0,0.05875,0.0,0.0614386950786761,0.0699180292431506,0.4444444444444444,0.2567364022629311,0.5751119077681579,0.7531320344076816,0,11.0,25.0,14.0,0.5751119077681579,0.6641219710879198,11.0,338,11.0,0.16783216783216784,False
BNDM,ForestCovertype,756,0.69,3570,0.6279069767441859,0.2240607154196793,0,37,2583,1601,1.078,4,0.135,54.0,13.272526689665506,7.0,2.0,0.6970056904918152,413.5,0.7805185185185185,0.2592592592592592,168.25063888888891,0.000125,0.0,0.2703293785712328,40.5925925925926,2000.0,0.0,1.0,-3.48238693411383,0.0,2.5219219344944284,-1.8841056121267927,0.0,0.1729072631980554,0.301106036869958,0.9392315502144786,0.8602479119603493,1.1145293779433016,1.036087440057294,30.0,0.0,0.0020065250911484,0.727625,0.5902048975512244,0.8025987006496752,0.7146426786606698,49.0,0.1430867736315684,0.0938146492813726,0.0,0.05875,0.0,0.0614386950786761,0.0699180292431506,0.4444444444444444,0.2567364022629311,0.5685047799422798,0.7673193514914838,0,11.0,37.0,26.0,0.5685047799422798,0.6679120657168818,11.0,339,11.0,0.2517482517482518,False
BNDM,ForestCovertype,88,0.67,144,0.5813953488372094,0.7442106447525532,0,28,4956,3533,8.838,1,0.468,54.0,13.272526689665506,7.0,2.0,0.6970056904918152,413.5,0.7805185185185185,0.2592592592592592,168.25063888888891,0.000125,0.0,0.2703293785712328,40.5925925925926,2000.0,0.0,1.0,-3.48238693411383,0.0,2.5219219344944284,-1.8841056121267927,0.0,0.1729072631980554,0.301106036869958,0.9392315502144786,0.8602479119603493,1.1145293779433016,1.036087440057294,30.0,0.0,0.0020065250911484,0.727625,0.5902048975512244,0.8025987006496752,0.7146426786606698,49.0,0.1430867736315684,0.0938146492813726,0.0,0.05875,0.0,0.0614386950786761,0.0699180292431506,0.4444444444444444,0.2567364022629311,0.5639147576960074,0.7674025204899593,0,11.0,28.0,17.0,0.5639147576960074,0.6656586390929833,11.0,340,11.0,0.1888111888111888,False
BNDM,ForestCovertype,14,0.71,557,0.6744186046511628,0.5254228117868813,0,21,721,1276,9.922,1,0.26,54.0,13.272526689665506,7.0,2.0,0.6970056904918152,413.5,0.7805185185185185,0.2592592592592592,168.25063888888891,0.000125,0.0,0.2703293785712328,40.5925925925926,2000.0,0.0,1.0,-3.48238693411383,0.0,2.5219219344944284,-1.8841056121267927,0.0,0.1729072631980554,0.301106036869958,0.9392315502144786,0.8602479119603493,1.1145293779433016,1.036087440057294,30.0,0.0,0.0020065250911484,0.727625,0.5902048975512244,0.8025987006496752,0.7146426786606698,49.0,0.1430867736315684,0.0938146492813726,0.0,0.05875,0.0,0.0614386950786761,0.0699180292431506,0.4444444444444444,0.2567364022629311,0.5590296942640692,0.7728559701817488,0,11.0,21.0,10.0,0.5590296942640692,0.6659428322229091,11.0,341,11.0,0.13986013986013987,False
BNDM,ForestCovertype,525,0.79,731,0.8604651162790699,0.4813573459505423,0,2,126,67,5.096,3,0.481,54.0,13.272526689665506,7.0,2.0,0.6970056904918152,413.5,0.7805185185185185,0.2592592592592592,168.25063888888891,0.000125,0.0,0.2703293785712328,40.5925925925926,2000.0,0.0,1.0,-3.48238693411383,0.0,2.5219219344944284,-1.8841056121267927,0.0,0.1729072631980554,0.301106036869958,0.9392315502144786,0.8602479119603493,1.1145293779433016,1.036087440057294,30.0,0.0,0.0020065250911484,0.727625,0.5902048975512244,0.8025987006496752,0.7146426786606698,49.0,0.1430867736315684,0.0938146492813726,0.0,0.05875,0.0,0.0614386950786761,0.0699180292431506,0.4444444444444444,0.2567364022629311,0.6260022321428571,0.552182428312276,0,11.0,2.0,9.0,0.552182428312276,0.5890923302275666,11.0,342,11.0,0.006993006993006993,False
BNDM,ForestCovertype,193,0.83,1763,0.9534883720930232,0.3385604139589443,1,1,455,37,7.616,2,0.1,54.0,13.272526689665506,7.0,2.0,0.6970056904918152,413.5,0.7805185185185185,0.2592592592592592,168.25063888888891,0.000125,0.0,0.2703293785712328,40.5925925925926,2000.0,0.0,1.0,-3.48238693411383,0.0,2.5219219344944284,-1.8841056121267927,0.0,0.1729072631980554,0.301106036869958,0.9392315502144786,0.8602479119603493,1.1145293779433016,1.036087440057294,30.0,0.0,0.0020065250911484,0.727625,0.5902048975512244,0.8025987006496752,0.7146426786606698,49.0,0.1430867736315684,0.0938146492813726,0.0,0.05875,0.0,0.0614386950786761,0.0699180292431506,0.4444444444444444,0.2567364022629311,0.6660048926767677,0.541430934977823,0,11.0,1.0,10.0,0.541430934977823,0.6037179138272953,11.0,343,11.0,0.0,False
BNDM,ForestCovertype,794,0.69,986,0.6279069767441859,0.4328324366466786,0,31,1321,2215,1.644,3,0.469,54.0,13.272526689665506,7.0,2.0,0.6970056904918152,413.5,0.7805185185185185,0.2592592592592592,168.25063888888891,0.000125,0.0,0.2703293785712328,40.5925925925926,2000.0,0.0,1.0,-3.48238693411383,0.0,2.5219219344944284,-1.8841056121267927,0.0,0.1729072631980554,0.301106036869958,0.9392315502144786,0.8602479119603493,1.1145293779433016,1.036087440057294,30.0,0.0,0.0020065250911484,0.727625,0.5902048975512244,0.8025987006496752,0.7146426786606698,49.0,0.1430867736315684,0.0938146492813726,0.0,0.05875,0.0,0.0614386950786761,0.0699180292431506,0.4444444444444444,0.2567364022629311,0.5408574945887444,0.7755565316260683,0,11.0,31.0,20.0,0.5408574945887444,0.6582070131074064,11.0,344,11.0,0.2097902097902098,False
BNDM,ForestCovertype,581,0.7,669,0.6511627906976744,0.4957258334806537,0,23,395,1531,2.372,1,0.007,54.0,13.272526689665506,7.0,2.0,0.6970056904918152,413.5,0.7805185185185185,0.2592592592592592,168.25063888888891,0.000125,0.0,0.2703293785712328,40.5925925925926,2000.0,0.0,1.0,-3.48238693411383,0.0,2.5219219344944284,-1.8841056121267927,0.0,0.1729072631980554,0.301106036869958,0.9392315502144786,0.8602479119603493,1.1145293779433016,1.036087440057294,30.0,0.0,0.0020065250911484,0.727625,0.5902048975512244,0.8025987006496752,0.7146426786606698,49.0,0.1430867736315684,0.0938146492813726,0.0,0.05875,0.0,0.0614386950786761,0.0699180292431506,0.4444444444444444,0.2567364022629311,0.5306568061568061,0.778444681077709,0,11.0,23.0,12.0,0.5306568061568061,0.6545507436172575,11.0,345,11.0,0.15384615384615385,False
BNDM,ForestCovertype,87,0.67,167,0.5813953488372094,0.7203077198003158,0,36,3892,3811,10.0,1,0.506,54.0,13.272526689665506,7.0,2.0,0.6970056904918152,413.5,0.7805185185185185,0.2592592592592592,168.25063888888891,0.000125,0.0,0.2703293785712328,40.5925925925926,2000.0,0.0,1.0,-3.48238693411383,0.0,2.5219219344944284,-1.8841056121267927,0.0,0.1729072631980554,0.301106036869958,0.9392315502144786,0.8602479119603493,1.1145293779433016,1.036087440057294,30.0,0.0,0.0020065250911484,0.727625,0.5902048975512244,0.8025987006496752,0.7146426786606698,49.0,0.1430867736315684,0.0938146492813726,0.0,0.05875,0.0,0.0614386950786761,0.0699180292431506,0.4444444444444444,0.2567364022629311,0.5286210843554593,0.7819947354269301,0,11.0,36.0,25.0,0.5286210843554593,0.6553079098911947,11.0,346,11.0,0.24475524475524477,False
BNDM,ForestCovertype,515,0.69,216,0.6279069767441859,0.6787567696684222,0,14,1548,2138,8.237,1,0.173,54.0,13.272526689665506,7.0,2.0,0.6970056904918152,413.5,0.7805185185185185,0.2592592592592592,168.25063888888891,0.000125,0.0,0.2703293785712328,40.5925925925926,2000.0,0.0,1.0,-3.48238693411383,0.0,2.5219219344944284,-1.8841056121267927,0.0,0.1729072631980554,0.301106036869958,0.9392315502144786,0.8602479119603493,1.1145293779433016,1.036087440057294,30.0,0.0,0.0020065250911484,0.727625,0.5902048975512244,0.8025987006496752,0.7146426786606698,49.0,0.1430867736315684,0.0938146492813726,0.0,0.05875,0.0,0.0614386950786761,0.0699180292431506,0.4444444444444444,0.2567364022629311,0.5264661044973546,0.7821562507675859,0,11.0,14.0,3.0,0.5264661044973546,0.6543111776324703,11.0,347,11.0,0.09090909090909091,False
BNDM,ForestCovertype,916,0.69,254,0.6279069767441859,0.6525588632660422,0,18,962,2012,0.486,4,0.248,54.0,13.272526689665506,7.0,2.0,0.6970056904918152,413.5,0.7805185185185185,0.2592592592592592,168.25063888888891,0.000125,0.0,0.2703293785712328,40.5925925925926,2000.0,0.0,1.0,-3.48238693411383,0.0,2.5219219344944284,-1.8841056121267927,0.0,0.1729072631980554,0.301106036869958,0.9392315502144786,0.8602479119603493,1.1145293779433016,1.036087440057294,30.0,0.0,0.0020065250911484,0.727625,0.5902048975512244,0.8025987006496752,0.7146426786606698,49.0,0.1430867736315684,0.0938146492813726,0.0,0.05875,0.0,0.0614386950786761,0.0699180292431506,0.4444444444444444,0.2567364022629311,0.5230075156325152,0.7856120047929965,0,11.0,18.0,7.0,0.5230075156325152,0.6543097602127559,11.0,348,11.0,0.11888111888111888,False
BNDM,ForestCovertype,100,0.66,158,0.558139534883721,0.7292467105189655,0,56,5000,4468,3.128,1,0.001,54.0,13.272526689665506,7.0,2.0,0.6970056904918152,413.5,0.7805185185185185,0.2592592592592592,168.25063888888891,0.000125,0.0,0.2703293785712328,40.5925925925926,2000.0,0.0,1.0,-3.48238693411383,0.0,2.5219219344944284,-1.8841056121267927,0.0,0.1729072631980554,0.301106036869958,0.9392315502144786,0.8602479119603493,1.1145293779433016,1.036087440057294,30.0,0.0,0.0020065250911484,0.727625,0.5902048975512244,0.8025987006496752,0.7146426786606698,49.0,0.1430867736315684,0.0938146492813726,0.0,0.05875,0.0,0.0614386950786761,0.0699180292431506,0.4444444444444444,0.2567364022629311,0.5196364613395862,0.7882780779792701,0,11.0,56.0,45.0,0.5196364613395862,0.6539572696594281,11.0,349,11.0,0.38461538461538464,False
BNDM,ForestCovertype,549,0.65,130,0.5348837209302326,0.7606951486035265,0,44,4946,4752,6.614,1,0.995,54.0,13.272526689665506,7.0,2.0,0.6970056904918152,413.5,0.7805185185185185,0.2592592592592592,168.25063888888891,0.000125,0.0,0.2703293785712328,40.5925925925926,2000.0,0.0,1.0,-3.48238693411383,0.0,2.5219219344944284,-1.8841056121267927,0.0,0.1729072631980554,0.301106036869958,0.9392315502144786,0.8602479119603493,1.1145293779433016,1.036087440057294,30.0,0.0,0.0020065250911484,0.727625,0.5902048975512244,0.8025987006496752,0.7146426786606698,49.0,0.1430867736315684,0.0938146492813726,0.0,0.05875,0.0,0.0614386950786761,0.0699180292431506,0.4444444444444444,0.2567364022629311,0.5160747053872047,0.7899614521051378,0,11.0,44.0,33.0,0.5160747053872047,0.6530180787461712,11.0,350,11.0,0.3006993006993007,False
BNDM,ForestCovertype,285,0.68,89,0.6046511627906979,0.8216395787590293,1,1,2672,2373,8.91,1,0.732,54.0,13.272526689665506,7.0,2.0,0.6970056904918152,413.5,0.7805185185185185,0.2592592592592592,168.25063888888891,0.000125,0.0,0.2703293785712328,40.5925925925926,2000.0,0.0,1.0,-3.48238693411383,0.0,2.5219219344944284,-1.8841056121267927,0.0,0.1729072631980554,0.301106036869958,0.9392315502144786,0.8602479119603493,1.1145293779433016,1.036087440057294,30.0,0.0,0.0020065250911484,0.727625,0.5902048975512244,0.8025987006496752,0.7146426786606698,49.0,0.1430867736315684,0.0938146492813726,0.0,0.05875,0.0,0.0614386950786761,0.0699180292431506,0.4444444444444444,0.2567364022629311,0.5048608706108708,0.797882055549036,0,11.0,1.0,10.0,0.5048608706108708,0.6513714630799534,11.0,351,11.0,0.0,False
BNDM,ForestCovertype,1,0.65,107,0.5348837209302326,0.7920395551597089,0,31,4448,5000,7.21,1,0.461,54.0,13.272526689665506,7.0,2.0,0.6970056904918152,413.5,0.7805185185185185,0.2592592592592592,168.25063888888891,0.000125,0.0,0.2703293785712328,40.5925925925926,2000.0,0.0,1.0,-3.48238693411383,0.0,2.5219219344944284,-1.8841056121267927,0.0,0.1729072631980554,0.301106036869958,0.9392315502144786,0.8602479119603493,1.1145293779433016,1.036087440057294,30.0,0.0,0.0020065250911484,0.727625,0.5902048975512244,0.8025987006496752,0.7146426786606698,49.0,0.1430867736315684,0.0938146492813726,0.0,0.05875,0.0,0.0614386950786761,0.0699180292431506,0.4444444444444444,0.2567364022629311,0.4871126518157767,0.8002429390704323,0,11.0,31.0,20.0,0.4871126518157767,0.6436777954431046,11.0,352,11.0,0.2097902097902098,False
BNDM,ForestCovertype,409,0.68,1077,0.6046511627906979,0.4185142923556672,0,47,924,2862,4.432,2,0.348,54.0,13.272526689665506,7.0,2.0,0.6970056904918152,413.5,0.7805185185185185,0.2592592592592592,168.25063888888891,0.000125,0.0,0.2703293785712328,40.5925925925926,2000.0,0.0,1.0,-3.48238693411383,0.0,2.5219219344944284,-1.8841056121267927,0.0,0.1729072631980554,0.301106036869958,0.9392315502144786,0.8602479119603493,1.1145293779433016,1.036087440057294,30.0,0.0,0.0020065250911484,0.727625,0.5902048975512244,0.8025987006496752,0.7146426786606698,49.0,0.1430867736315684,0.0938146492813726,0.0,0.05875,0.0,0.0614386950786761,0.0699180292431506,0.4444444444444444,0.2567364022629311,0.4760327456108706,0.8048746346098332,0,11.0,47.0,36.0,0.4760327456108706,0.6404536901103519,11.0,353,11.0,0.32167832167832167,False
BNDM,ForestCovertype,39,0.66,116,0.558139534883721,0.7790445693897721,0,33,3345,4299,8.897,1,0.217,54.0,13.272526689665506,7.0,2.0,0.6970056904918152,413.5,0.7805185185185185,0.2592592592592592,168.25063888888891,0.000125,0.0,0.2703293785712328,40.5925925925926,2000.0,0.0,1.0,-3.48238693411383,0.0,2.5219219344944284,-1.8841056121267927,0.0,0.1729072631980554,0.301106036869958,0.9392315502144786,0.8602479119603493,1.1145293779433016,1.036087440057294,30.0,0.0,0.0020065250911484,0.727625,0.5902048975512244,0.8025987006496752,0.7146426786606698,49.0,0.1430867736315684,0.0938146492813726,0.0,0.05875,0.0,0.0614386950786761,0.0699180292431506,0.4444444444444444,0.2567364022629311,0.4745942084535834,0.8077805280759368,0,11.0,33.0,22.0,0.4745942084535834,0.6411873682647601,11.0,354,11.0,0.22377622377622378,False
BNDM,ForestCovertype,819,0.67,3201,0.5813953488372094,0.2417683097945246,0,78,498,2151,6.103,2,0.882,54.0,13.272526689665506,7.0,2.0,0.6970056904918152,413.5,0.7805185185185185,0.2592592592592592,168.25063888888891,0.000125,0.0,0.2703293785712328,40.5925925925926,2000.0,0.0,1.0,-3.48238693411383,0.0,2.5219219344944284,-1.8841056121267927,0.0,0.1729072631980554,0.301106036869958,0.9392315502144786,0.8602479119603493,1.1145293779433016,1.036087440057294,30.0,0.0,0.0020065250911484,0.727625,0.5902048975512244,0.8025987006496752,0.7146426786606698,49.0,0.1430867736315684,0.0938146492813726,0.0,0.05875,0.0,0.0614386950786761,0.0699180292431506,0.4444444444444444,0.2567364022629311,0.46988484547859544,0.8106907673816365,0,11.0,78.0,67.0,0.46988484547859544,0.640287806430116,11.0,355,11.0,0.5384615384615384,False
BNDM,ForestCovertype,572,0.66,2725,0.558139534883721,0.2678970693791654,0,111,516,2238,5.27,2,0.328,54.0,13.272526689665506,7.0,2.0,0.6970056904918152,413.5,0.7805185185185185,0.2592592592592592,168.25063888888891,0.000125,0.0,0.2703293785712328,40.5925925925926,2000.0,0.0,1.0,-3.48238693411383,0.0,2.5219219344944284,-1.8841056121267927,0.0,0.1729072631980554,0.301106036869958,0.9392315502144786,0.8602479119603493,1.1145293779433016,1.036087440057294,30.0,0.0,0.0020065250911484,0.727625,0.5902048975512244,0.8025987006496752,0.7146426786606698,49.0,0.1430867736315684,0.0938146492813726,0.0,0.05875,0.0,0.0614386950786761,0.0699180292431506,0.4444444444444444,0.2567364022629311,0.4684804067460318,0.8129352159711104,0,11.0,111.0,100.0,0.4684804067460318,0.6407078113585711,11.0,356,11.0,0.7692307692307693,False
BNDM,ForestCovertype,127,0.84,4547,0.9767441860465116,0.1847975241188088,0,2,41,1,0.001,17,0.999,54.0,13.272526689665506,7.0,2.0,0.6970056904918152,413.5,0.7805185185185185,0.2592592592592592,168.25063888888891,0.000125,0.0,0.2703293785712328,40.5925925925926,2000.0,0.0,1.0,-3.48238693411383,0.0,2.5219219344944284,-1.8841056121267927,0.0,0.1729072631980554,0.301106036869958,0.9392315502144786,0.8602479119603493,1.1145293779433016,1.036087440057294,30.0,0.0,0.0020065250911484,0.727625,0.5902048975512244,0.8025987006496752,0.7146426786606698,49.0,0.1430867736315684,0.0938146492813726,0.0,0.05875,0.0,0.0614386950786761,0.0699180292431506,0.4444444444444444,0.2567364022629311,0.6689834881553631,0.4609555475859681,0,11.0,2.0,9.0,0.4609555475859681,0.5649695178706656,11.0,357,11.0,0.006993006993006993,False
BNDM,ForestCovertype,175,0.83,1798,0.9534883720930232,0.3353707111259798,0,2,668,38,4.269,5,0.8,54.0,13.272526689665506,7.0,2.0,0.6970056904918152,413.5,0.7805185185185185,0.2592592592592592,168.25063888888891,0.000125,0.0,0.2703293785712328,40.5925925925926,2000.0,0.0,1.0,-3.48238693411383,0.0,2.5219219344944284,-1.8841056121267927,0.0,0.1729072631980554,0.301106036869958,0.9392315502144786,0.8602479119603493,1.1145293779433016,1.036087440057294,30.0,0.0,0.0020065250911484,0.727625,0.5902048975512244,0.8025987006496752,0.7146426786606698,49.0,0.1430867736315684,0.0938146492813726,0.0,0.05875,0.0,0.0614386950786761,0.0699180292431506,0.4444444444444444,0.2567364022629311,0.7065184132996635,0.45763803643525325,0,11.0,2.0,9.0,0.45763803643525325,0.5820782248674583,11.0,358,11.0,0.006993006993006993,False
BNDM,ForestCovertype,813,0.83,3310,0.9534883720930232,0.2363336795208267,0,3,923,29,0.636,13,0.829,54.0,13.272526689665506,7.0,2.0,0.6970056904918152,413.5,0.7805185185185185,0.2592592592592592,168.25063888888891,0.000125,0.0,0.2703293785712328,40.5925925925926,2000.0,0.0,1.0,-3.48238693411383,0.0,2.5219219344944284,-1.8841056121267927,0.0,0.1729072631980554,0.301106036869958,0.9392315502144786,0.8602479119603493,1.1145293779433016,1.036087440057294,30.0,0.0,0.0020065250911484,0.727625,0.5902048975512244,0.8025987006496752,0.7146426786606698,49.0,0.1430867736315684,0.0938146492813726,0.0,0.05875,0.0,0.0614386950786761,0.0699180292431506,0.4444444444444444,0.2567364022629311,0.7261045950577206,0.3841284730265538,0,11.0,3.0,8.0,0.3841284730265538,0.5551165340421372,11.0,359,11.0,0.013986013986013986,False
BNDM,ForestCovertype,455,0.47,32,0.1162790697674418,0.9845263301768986,0,5,13,3436,7.021,1,0.678,54.0,13.272526689665506,7.0,2.0,0.6970056904918152,413.5,0.7805185185185185,0.2592592592592592,168.25063888888891,0.000125,0.0,0.2703293785712328,40.5925925925926,2000.0,0.0,1.0,-3.48238693411383,0.0,2.5219219344944284,-1.8841056121267927,0.0,0.1729072631980554,0.301106036869958,0.9392315502144786,0.8602479119603493,1.1145293779433016,1.036087440057294,30.0,0.0,0.0020065250911484,0.727625,0.5902048975512244,0.8025987006496752,0.7146426786606698,49.0,0.1430867736315684,0.0938146492813726,0.0,0.05875,0.0,0.0614386950786761,0.0699180292431506,0.4444444444444444,0.2567364022629311,0.37103597733285215,0.8192354539872798,0,11.0,5.0,6.0,0.37103597733285215,0.595135715660066,11.0,360,11.0,0.027972027972027972,False
BNDM,ForestCovertype,599,0.52,36,0.2325581395348838,0.9659517350800888,0,7,73,4516,2.653,1,0.398,54.0,13.272526689665506,7.0,2.0,0.6970056904918152,413.5,0.7805185185185185,0.2592592592592592,168.25063888888891,0.000125,0.0,0.2703293785712328,40.5925925925926,2000.0,0.0,1.0,-3.48238693411383,0.0,2.5219219344944284,-1.8841056121267927,0.0,0.1729072631980554,0.301106036869958,0.9392315502144786,0.8602479119603493,1.1145293779433016,1.036087440057294,30.0,0.0,0.0020065250911484,0.727625,0.5902048975512244,0.8025987006496752,0.7146426786606698,49.0,0.1430867736315684,0.0938146492813726,0.0,0.05875,0.0,0.0614386950786761,0.0699180292431506,0.4444444444444444,0.2567364022629311,0.3608416982323232,0.8193111212718939,0,11.0,7.0,4.0,0.3608416982323232,0.5900764097521085,11.0,361,11.0,0.04195804195804196,False
BNDM,ForestCovertype,309,0.84,11075,0.9767441860465116,0.0402903405485735,0,3,1459,11,5.271,8,0.246,54.0,13.272526689665506,7.0,2.0,0.6970056904918152,413.5,0.7805185185185185,0.2592592592592592,168.25063888888891,0.000125,0.0,0.2703293785712328,40.5925925925926,2000.0,0.0,1.0,-3.48238693411383,0.0,2.5219219344944284,-1.8841056121267927,0.0,0.1729072631980554,0.301106036869958,0.9392315502144786,0.8602479119603493,1.1145293779433016,1.036087440057294,30.0,0.0,0.0020065250911484,0.727625,0.5902048975512244,0.8025987006496752,0.7146426786606698,49.0,0.1430867736315684,0.0938146492813726,0.0,0.05875,0.0,0.0614386950786761,0.0699180292431506,0.4444444444444444,0.2567364022629311,0.737966051887927,0.34707673519982046,0,11.0,3.0,8.0,0.34707673519982046,0.5425213935438737,11.0,362,11.0,0.013986013986013986,False
BNDM,ForestCovertype,82,0.81,3442,0.9069767441860468,0.2299869175342777,0,10,1562,48,10.0,9,0.647,54.0,13.272526689665506,7.0,2.0,0.6970056904918152,413.5,0.7805185185185185,0.2592592592592592,168.25063888888891,0.000125,0.0,0.2703293785712328,40.5925925925926,2000.0,0.0,1.0,-3.48238693411383,0.0,2.5219219344944284,-1.8841056121267927,0.0,0.1729072631980554,0.301106036869958,0.9392315502144786,0.8602479119603493,1.1145293779433016,1.036087440057294,30.0,0.0,0.0020065250911484,0.727625,0.5902048975512244,0.8025987006496752,0.7146426786606698,49.0,0.1430867736315684,0.0938146492813726,0.0,0.05875,0.0,0.0614386950786761,0.0699180292431506,0.4444444444444444,0.2567364022629311,0.7466937905844158,0.3114889887011364,0,11.0,10.0,1.0,0.3114889887011364,0.529091389642776,11.0,363,11.0,0.06293706293706294,False
BNDM,ForestCovertype,596,0.8,12086,0.8837209302325583,0.0261090290344845,0,22,2942,99,5.457,17,0.58,54.0,13.272526689665506,7.0,2.0,0.6970056904918152,413.5,0.7805185185185185,0.2592592592592592,168.25063888888891,0.000125,0.0,0.2703293785712328,40.5925925925926,2000.0,0.0,1.0,-3.48238693411383,0.0,2.5219219344944284,-1.8841056121267927,0.0,0.1729072631980554,0.301106036869958,0.9392315502144786,0.8602479119603493,1.1145293779433016,1.036087440057294,30.0,0.0,0.0020065250911484,0.727625,0.5902048975512244,0.8025987006496752,0.7146426786606698,49.0,0.1430867736315684,0.0938146492813726,0.0,0.05875,0.0,0.0614386950786761,0.0699180292431506,0.4444444444444444,0.2567364022629311,0.7483695737133239,0.25057347847503575,0,11.0,22.0,11.0,0.25057347847503575,0.49947152609417983,11.0,364,11.0,0.14685314685314685,False
BNDM,ForestCovertype,511,0.72,4753,0.6976744186046512,0.1776055861891938,0,20,1494,1681,0.489,6,0.05,54.0,13.272526689665506,7.0,2.0,0.6970056904918152,413.5,0.7805185185185185,0.2592592592592592,168.25063888888891,0.000125,0.0,0.2703293785712328,40.5925925925926,2000.0,0.0,1.0,-3.48238693411383,0.0,2.5219219344944284,-1.8841056121267927,0.0,0.1729072631980554,0.301106036869958,0.9392315502144786,0.8602479119603493,1.1145293779433016,1.036087440057294,30.0,0.0,0.0020065250911484,0.727625,0.5902048975512244,0.8025987006496752,0.7146426786606698,49.0,0.1430867736315684,0.0938146492813726,0.0,0.05875,0.0,0.0614386950786761,0.0699180292431506,0.4444444444444444,0.2567364022629311,0.594792418229918,0.7196955487085795,0,12.0,20.0,8.0,0.594792418229918,0.6572439834692487,12.0,365,12.0,0.13286713286713286,False
BNDM,ForestCovertype,598,0.68,5248,0.6046511627906979,0.1615245571341015,0,67,4952,2301,2.046,5,0.821,54.0,13.272526689665506,7.0,2.0,0.6970056904918152,413.5,0.7805185185185185,0.2592592592592592,168.25063888888891,0.000125,0.0,0.2703293785712328,40.5925925925926,2000.0,0.0,1.0,-3.48238693411383,0.0,2.5219219344944284,-1.8841056121267927,0.0,0.1729072631980554,0.301106036869958,0.9392315502144786,0.8602479119603493,1.1145293779433016,1.036087440057294,30.0,0.0,0.0020065250911484,0.727625,0.5902048975512244,0.8025987006496752,0.7146426786606698,49.0,0.1430867736315684,0.0938146492813726,0.0,0.05875,0.0,0.0614386950786761,0.0699180292431506,0.4444444444444444,0.2567364022629311,0.5916735209235208,0.7202121313684681,0,12.0,67.0,55.0,0.5916735209235208,0.6559428261459944,12.0,366,12.0,0.46153846153846156,False
BNDM,ForestCovertype,825,0.69,4711,0.6279069767441859,0.1790462733063044,0,41,4797,2314,2.606,4,0.621,54.0,13.272526689665506,7.0,2.0,0.6970056904918152,413.5,0.7805185185185185,0.2592592592592592,168.25063888888891,0.000125,0.0,0.2703293785712328,40.5925925925926,2000.0,0.0,1.0,-3.48238693411383,0.0,2.5219219344944284,-1.8841056121267927,0.0,0.1729072631980554,0.301106036869958,0.9392315502144786,0.8602479119603493,1.1145293779433016,1.036087440057294,30.0,0.0,0.0020065250911484,0.727625,0.5902048975512244,0.8025987006496752,0.7146426786606698,49.0,0.1430867736315684,0.0938146492813726,0.0,0.05875,0.0,0.0614386950786761,0.0699180292431506,0.4444444444444444,0.2567364022629311,0.5900096575877823,0.7288033460711956,0,12.0,41.0,29.0,0.5900096575877823,0.659406501829489,12.0,367,12.0,0.27972027972027974,False
BNDM,ForestCovertype,299,0.68,9566,0.6046511627906979,0.064068367785436,0,74,4151,2461,7.374,3,0.358,54.0,13.272526689665506,7.0,2.0,0.6970056904918152,413.5,0.7805185185185185,0.2592592592592592,168.25063888888891,0.000125,0.0,0.2703293785712328,40.5925925925926,2000.0,0.0,1.0,-3.48238693411383,0.0,2.5219219344944284,-1.8841056121267927,0.0,0.1729072631980554,0.301106036869958,0.9392315502144786,0.8602479119603493,1.1145293779433016,1.036087440057294,30.0,0.0,0.0020065250911484,0.727625,0.5902048975512244,0.8025987006496752,0.7146426786606698,49.0,0.1430867736315684,0.0938146492813726,0.0,0.05875,0.0,0.0614386950786761,0.0699180292431506,0.4444444444444444,0.2567364022629311,0.5864267451298697,0.7419217067038051,0,12.0,74.0,62.0,0.5864267451298697,0.6641742259168374,12.0,368,12.0,0.5104895104895105,False
BNDM,ForestCovertype,771,0.7,11238,0.6511627906976744,0.0379185164905495,0,40,1871,1673,3.556,3,0.868,54.0,13.272526689665506,7.0,2.0,0.6970056904918152,413.5,0.7805185185185185,0.2592592592592592,168.25063888888891,0.000125,0.0,0.2703293785712328,40.5925925925926,2000.0,0.0,1.0,-3.48238693411383,0.0,2.5219219344944284,-1.8841056121267927,0.0,0.1729072631980554,0.301106036869958,0.9392315502144786,0.8602479119603493,1.1145293779433016,1.036087440057294,30.0,0.0,0.0020065250911484,0.727625,0.5902048975512244,0.8025987006496752,0.7146426786606698,49.0,0.1430867736315684,0.0938146492813726,0.0,0.05875,0.0,0.0614386950786761,0.0699180292431506,0.4444444444444444,0.2567364022629311,0.5799504548031333,0.7436788241740568,0,12.0,40.0,28.0,0.5799504548031333,0.6618146394885951,12.0,369,12.0,0.2727272727272727,False
BNDM,ForestCovertype,679,0.67,14169,0.5813953488372094,0.0002958340607417,0,97,3148,1925,9.226,2,0.017,54.0,13.272526689665506,7.0,2.0,0.6970056904918152,413.5,0.7805185185185185,0.2592592592592592,168.25063888888891,0.000125,0.0,0.2703293785712328,40.5925925925926,2000.0,0.0,1.0,-3.48238693411383,0.0,2.5219219344944284,-1.8841056121267927,0.0,0.1729072631980554,0.301106036869958,0.9392315502144786,0.8602479119603493,1.1145293779433016,1.036087440057294,30.0,0.0,0.0020065250911484,0.727625,0.5902048975512244,0.8025987006496752,0.7146426786606698,49.0,0.1430867736315684,0.0938146492813726,0.0,0.05875,0.0,0.0614386950786761,0.0699180292431506,0.4444444444444444,0.2567364022629311,0.5715201494107747,0.7479375928640741,0,12.0,97.0,85.0,0.5715201494107747,0.6597288711374244,12.0,370,12.0,0.6713286713286714,False
BNDM,ForestCovertype,368,0.7,6557,0.6511627906976744,0.1253774935814379,0,38,424,929,5.139,2,0.966,54.0,13.272526689665506,7.0,2.0,0.6970056904918152,413.5,0.7805185185185185,0.2592592592592592,168.25063888888891,0.000125,0.0,0.2703293785712328,40.5925925925926,2000.0,0.0,1.0,-3.48238693411383,0.0,2.5219219344944284,-1.8841056121267927,0.0,0.1729072631980554,0.301106036869958,0.9392315502144786,0.8602479119603493,1.1145293779433016,1.036087440057294,30.0,0.0,0.0020065250911484,0.727625,0.5902048975512244,0.8025987006496752,0.7146426786606698,49.0,0.1430867736315684,0.0938146492813726,0.0,0.05875,0.0,0.0614386950786761,0.0699180292431506,0.4444444444444444,0.2567364022629311,0.5663874007936509,0.7593616809575053,0,12.0,38.0,26.0,0.5663874007936509,0.6628745408755781,12.0,371,12.0,0.25874125874125875,False
BNDM,ForestCovertype,354,0.68,277,0.6046511627906979,0.6385386557190972,0,39,3630,2647,1.976,3,0.449,54.0,13.272526689665506,7.0,2.0,0.6970056904918152,413.5,0.7805185185185185,0.2592592592592592,168.25063888888891,0.000125,0.0,0.2703293785712328,40.5925925925926,2000.0,0.0,1.0,-3.48238693411383,0.0,2.5219219344944284,-1.8841056121267927,0.0,0.1729072631980554,0.301106036869958,0.9392315502144786,0.8602479119603493,1.1145293779433016,1.036087440057294,30.0,0.0,0.0020065250911484,0.727625,0.5902048975512244,0.8025987006496752,0.7146426786606698,49.0,0.1430867736315684,0.0938146492813726,0.0,0.05875,0.0,0.0614386950786761,0.0699180292431506,0.4444444444444444,0.2567364022629311,0.5531559704184704,0.7708952909040205,0,12.0,39.0,27.0,0.5531559704184704,0.6620256306612455,12.0,372,12.0,0.26573426573426573,False
BNDM,ForestCovertype,395,0.69,4688,0.6279069767441859,0.1798406722944393,0,40,1651,2047,4.585,2,0.198,54.0,13.272526689665506,7.0,2.0,0.6970056904918152,413.5,0.7805185185185185,0.2592592592592592,168.25063888888891,0.000125,0.0,0.2703293785712328,40.5925925925926,2000.0,0.0,1.0,-3.48238693411383,0.0,2.5219219344944284,-1.8841056121267927,0.0,0.1729072631980554,0.301106036869958,0.9392315502144786,0.8602479119603493,1.1145293779433016,1.036087440057294,30.0,0.0,0.0020065250911484,0.727625,0.5902048975512244,0.8025987006496752,0.7146426786606698,49.0,0.1430867736315684,0.0938146492813726,0.0,0.05875,0.0,0.0614386950786761,0.0699180292431506,0.4444444444444444,0.2567364022629311,0.5365158880471379,0.7743707651080879,0,12.0,40.0,28.0,0.5365158880471379,0.655443326577613,12.0,373,12.0,0.2727272727272727,False
BNDM,ForestCovertype,379,0.7,145,0.6511627906976744,0.7430948283198153,0,2,1095,2181,0.568,4,0.92,54.0,13.272526689665506,7.0,2.0,0.6970056904918152,413.5,0.7805185185185185,0.2592592592592592,168.25063888888891,0.000125,0.0,0.2703293785712328,40.5925925925926,2000.0,0.0,1.0,-3.48238693411383,0.0,2.5219219344944284,-1.8841056121267927,0.0,0.1729072631980554,0.301106036869958,0.9392315502144786,0.8602479119603493,1.1145293779433016,1.036087440057294,30.0,0.0,0.0020065250911484,0.727625,0.5902048975512244,0.8025987006496752,0.7146426786606698,49.0,0.1430867736315684,0.0938146492813726,0.0,0.05875,0.0,0.0614386950786761,0.0699180292431506,0.4444444444444444,0.2567364022629311,0.5274126157407409,0.7782913188756347,0,12.0,2.0,10.0,0.5274126157407409,0.6528519673081878,12.0,374,12.0,0.006993006993006993,False
BNDM,ForestCovertype,706,0.68,1808,0.6046511627906979,0.3344707606403259,0,55,3398,2781,6.324,2,0.699,54.0,13.272526689665506,7.0,2.0,0.6970056904918152,413.5,0.7805185185185185,0.2592592592592592,168.25063888888891,0.000125,0.0,0.2703293785712328,40.5925925925926,2000.0,0.0,1.0,-3.48238693411383,0.0,2.5219219344944284,-1.8841056121267927,0.0,0.1729072631980554,0.301106036869958,0.9392315502144786,0.8602479119603493,1.1145293779433016,1.036087440057294,30.0,0.0,0.0020065250911484,0.727625,0.5902048975512244,0.8025987006496752,0.7146426786606698,49.0,0.1430867736315684,0.0938146492813726,0.0,0.05875,0.0,0.0614386950786761,0.0699180292431506,0.4444444444444444,0.2567364022629311,0.5246155453342956,0.7815984416187249,0,12.0,55.0,43.0,0.5246155453342956,0.6531069934765102,12.0,375,12.0,0.3776223776223776,False
BNDM,ForestCovertype,356,0.79,652,0.8604651162790699,0.4998983399023162,1,1,97,47,3.217,4,0.74,54.0,13.272526689665506,7.0,2.0,0.6970056904918152,413.5,0.7805185185185185,0.2592592592592592,168.25063888888891,0.000125,0.0,0.2703293785712328,40.5925925925926,2000.0,0.0,1.0,-3.48238693411383,0.0,2.5219219344944284,-1.8841056121267927,0.0,0.1729072631980554,0.301106036869958,0.9392315502144786,0.8602479119603493,1.1145293779433016,1.036087440057294,30.0,0.0,0.0020065250911484,0.727625,0.5902048975512244,0.8025987006496752,0.7146426786606698,49.0,0.1430867736315684,0.0938146492813726,0.0,0.05875,0.0,0.0614386950786761,0.0699180292431506,0.4444444444444444,0.2567364022629311,0.6321087887806637,0.5173495961367509,0,12.0,1.0,11.0,0.5173495961367509,0.5747291924587072,12.0,376,12.0,0.0,False
BNDM,ForestCovertype,478,0.69,150,0.6279069767441859,0.7376279598959876,0,7,1463,2679,0.757,3,0.199,54.0,13.272526689665506,7.0,2.0,0.6970056904918152,413.5,0.7805185185185185,0.2592592592592592,168.25063888888891,0.000125,0.0,0.2703293785712328,40.5925925925926,2000.0,0.0,1.0,-3.48238693411383,0.0,2.5219219344944284,-1.8841056121267927,0.0,0.1729072631980554,0.301106036869958,0.9392315502144786,0.8602479119603493,1.1145293779433016,1.036087440057294,30.0,0.0,0.0020065250911484,0.727625,0.5902048975512244,0.8025987006496752,0.7146426786606698,49.0,0.1430867736315684,0.0938146492813726,0.0,0.05875,0.0,0.0614386950786761,0.0699180292431506,0.4444444444444444,0.2567364022629311,0.5161017541486295,0.782438574942687,0,12.0,7.0,5.0,0.5161017541486295,0.6492701645456582,12.0,377,12.0,0.04195804195804196,False
BNDM,ForestCovertype,49,0.68,182,0.6046511627906979,0.7064231391914764,0,26,1840,2622,8.915,1,0.63,54.0,13.272526689665506,7.0,2.0,0.6970056904918152,413.5,0.7805185185185185,0.2592592592592592,168.25063888888891,0.000125,0.0,0.2703293785712328,40.5925925925926,2000.0,0.0,1.0,-3.48238693411383,0.0,2.5219219344944284,-1.8841056121267927,0.0,0.1729072631980554,0.301106036869958,0.9392315502144786,0.8602479119603493,1.1145293779433016,1.036087440057294,30.0,0.0,0.0020065250911484,0.727625,0.5902048975512244,0.8025987006496752,0.7146426786606698,49.0,0.1430867736315684,0.0938146492813726,0.0,0.05875,0.0,0.0614386950786761,0.0699180292431506,0.4444444444444444,0.2567364022629311,0.5143433441558443,0.7887493147761038,0,12.0,26.0,14.0,0.5143433441558443,0.651546329465974,12.0,378,12.0,0.17482517482517482,False
BNDM,ForestCovertype,242,0.78,8664,0.8372093023255816,0.0801455881261045,0,24,418,204,6.209,5,0.225,54.0,13.272526689665506,7.0,2.0,0.6970056904918152,413.5,0.7805185185185185,0.2592592592592592,168.25063888888891,0.000125,0.0,0.2703293785712328,40.5925925925926,2000.0,0.0,1.0,-3.48238693411383,0.0,2.5219219344944284,-1.8841056121267927,0.0,0.1729072631980554,0.301106036869958,0.9392315502144786,0.8602479119603493,1.1145293779433016,1.036087440057294,30.0,0.0,0.0020065250911484,0.727625,0.5902048975512244,0.8025987006496752,0.7146426786606698,49.0,0.1430867736315684,0.0938146492813726,0.0,0.05875,0.0,0.0614386950786761,0.0699180292431506,0.4444444444444444,0.2567364022629311,0.6575865425084173,0.5032476239738946,0,12.0,24.0,12.0,0.5032476239738946,0.5804170832411559,12.0,379,12.0,0.16083916083916083,False
BNDM,ForestCovertype,902,0.65,132,0.5348837209302326,0.758235243181103,0,45,5000,5000,4.996,1,0.001,54.0,13.272526689665506,7.0,2.0,0.6970056904918152,413.5,0.7805185185185185,0.2592592592592592,168.25063888888891,0.000125,0.0,0.2703293785712328,40.5925925925926,2000.0,0.0,1.0,-3.48238693411383,0.0,2.5219219344944284,-1.8841056121267927,0.0,0.1729072631980554,0.301106036869958,0.9392315502144786,0.8602479119603493,1.1145293779433016,1.036087440057294,30.0,0.0,0.0020065250911484,0.727625,0.5902048975512244,0.8025987006496752,0.7146426786606698,49.0,0.1430867736315684,0.0938146492813726,0.0,0.05875,0.0,0.0614386950786761,0.0699180292431506,0.4444444444444444,0.2567364022629311,0.5030158805315057,0.7923036477052338,0,12.0,45.0,33.0,0.5030158805315057,0.6476597641183697,12.0,380,12.0,0.3076923076923077,False
BNDM,ForestCovertype,28,0.66,127,0.558139534883721,0.7644563357802862,0,40,3650,4017,0.715,2,0.127,54.0,13.272526689665506,7.0,2.0,0.6970056904918152,413.5,0.7805185185185185,0.2592592592592592,168.25063888888891,0.000125,0.0,0.2703293785712328,40.5925925925926,2000.0,0.0,1.0,-3.48238693411383,0.0,2.5219219344944284,-1.8841056121267927,0.0,0.1729072631980554,0.301106036869958,0.9392315502144786,0.8602479119603493,1.1145293779433016,1.036087440057294,30.0,0.0,0.0020065250911484,0.727625,0.5902048975512244,0.8025987006496752,0.7146426786606698,49.0,0.1430867736315684,0.0938146492813726,0.0,0.05875,0.0,0.0614386950786761,0.0699180292431506,0.4444444444444444,0.2567364022629311,0.4950986426767676,0.7928086007248489,0,12.0,40.0,28.0,0.4950986426767676,0.6439536217008083,12.0,381,12.0,0.2727272727272727,False
BNDM,ForestCovertype,483,0.67,118,0.5813953488372094,0.7762927975482627,0,17,2760,2644,8.889,1,0.246,54.0,13.272526689665506,7.0,2.0,0.6970056904918152,413.5,0.7805185185185185,0.2592592592592592,168.25063888888891,0.000125,0.0,0.2703293785712328,40.5925925925926,2000.0,0.0,1.0,-3.48238693411383,0.0,2.5219219344944284,-1.8841056121267927,0.0,0.1729072631980554,0.301106036869958,0.9392315502144786,0.8602479119603493,1.1145293779433016,1.036087440057294,30.0,0.0,0.0020065250911484,0.727625,0.5902048975512244,0.8025987006496752,0.7146426786606698,49.0,0.1430867736315684,0.0938146492813726,0.0,0.05875,0.0,0.0614386950786761,0.0699180292431506,0.4444444444444444,0.2567364022629311,0.4899398148148146,0.7932930211385284,0,12.0,17.0,5.0,0.4899398148148146,0.6416164179766715,12.0,382,12.0,0.11188811188811189,False
BNDM,ForestCovertype,837,0.67,133,0.5813953488372094,0.7570191277427712,0,24,1621,3489,2.449,2,0.949,54.0,13.272526689665506,7.0,2.0,0.6970056904918152,413.5,0.7805185185185185,0.2592592592592592,168.25063888888891,0.000125,0.0,0.2703293785712328,40.5925925925926,2000.0,0.0,1.0,-3.48238693411383,0.0,2.5219219344944284,-1.8841056121267927,0.0,0.1729072631980554,0.301106036869958,0.9392315502144786,0.8602479119603493,1.1145293779433016,1.036087440057294,30.0,0.0,0.0020065250911484,0.727625,0.5902048975512244,0.8025987006496752,0.7146426786606698,49.0,0.1430867736315684,0.0938146492813726,0.0,0.05875,0.0,0.0614386950786761,0.0699180292431506,0.4444444444444444,0.2567364022629311,0.4859327952140451,0.7962892423833604,0,12.0,24.0,12.0,0.4859327952140451,0.6411110187987028,12.0,383,12.0,0.16083916083916083,False
BNDM,ForestCovertype,40,0.66,100,0.558139534883721,0.8029187876578411,0,20,3559,4177,4.744,1,0.171,54.0,13.272526689665506,7.0,2.0,0.6970056904918152,413.5,0.7805185185185185,0.2592592592592592,168.25063888888891,0.000125,0.0,0.2703293785712328,40.5925925925926,2000.0,0.0,1.0,-3.48238693411383,0.0,2.5219219344944284,-1.8841056121267927,0.0,0.1729072631980554,0.301106036869958,0.9392315502144786,0.8602479119603493,1.1145293779433016,1.036087440057294,30.0,0.0,0.0020065250911484,0.727625,0.5902048975512244,0.8025987006496752,0.7146426786606698,49.0,0.1430867736315684,0.0938146492813726,0.0,0.05875,0.0,0.0614386950786761,0.0699180292431506,0.4444444444444444,0.2567364022629311,0.4818013543169791,0.7996154191683146,0,12.0,20.0,8.0,0.4818013543169791,0.6407083867426469,12.0,384,12.0,0.13286713286713286,False
BNDM,ForestCovertype,145,0.67,81,0.5813953488372094,0.8367528696286255,0,3,607,2523,0.992,1,0.928,54.0,13.272526689665506,7.0,2.0,0.6970056904918152,413.5,0.7805185185185185,0.2592592592592592,168.25063888888891,0.000125,0.0,0.2703293785712328,40.5925925925926,2000.0,0.0,1.0,-3.48238693411383,0.0,2.5219219344944284,-1.8841056121267927,0.0,0.1729072631980554,0.301106036869958,0.9392315502144786,0.8602479119603493,1.1145293779433016,1.036087440057294,30.0,0.0,0.0020065250911484,0.727625,0.5902048975512244,0.8025987006496752,0.7146426786606698,49.0,0.1430867736315684,0.0938146492813726,0.0,0.05875,0.0,0.0614386950786761,0.0699180292431506,0.4444444444444444,0.2567364022629311,0.4714107293169792,0.8048942707917784,0,12.0,3.0,9.0,0.4714107293169792,0.6381525000543788,12.0,385,12.0,0.013986013986013986,False
BNDM,ForestCovertype,358,0.67,80,0.5813953488372094,0.8387449271596722,0,2,951,3543,2.203,2,0.549,54.0,13.272526689665506,7.0,2.0,0.6970056904918152,413.5,0.7805185185185185,0.2592592592592592,168.25063888888891,0.000125,0.0,0.2703293785712328,40.5925925925926,2000.0,0.0,1.0,-3.48238693411383,0.0,2.5219219344944284,-1.8841056121267927,0.0,0.1729072631980554,0.301106036869958,0.9392315502144786,0.8602479119603493,1.1145293779433016,1.036087440057294,30.0,0.0,0.0020065250911484,0.727625,0.5902048975512244,0.8025987006496752,0.7146426786606698,49.0,0.1430867736315684,0.0938146492813726,0.0,0.05875,0.0,0.0614386950786761,0.0699180292431506,0.4444444444444444,0.2567364022629311,0.466277792809043,0.8098065707221432,0,12.0,2.0,10.0,0.466277792809043,0.6380421817655931,12.0,386,12.0,0.006993006993006993,False
BNDM,ForestCovertype,165,0.67,95,0.5813953488372094,0.8111617077802494,0,9,1110,4155,9.007,1,0.871,54.0,13.272526689665506,7.0,2.0,0.6970056904918152,413.5,0.7805185185185185,0.2592592592592592,168.25063888888891,0.000125,0.0,0.2703293785712328,40.5925925925926,2000.0,0.0,1.0,-3.48238693411383,0.0,2.5219219344944284,-1.8841056121267927,0.0,0.1729072631980554,0.301106036869958,0.9392315502144786,0.8602479119603493,1.1145293779433016,1.036087440057294,30.0,0.0,0.0020065250911484,0.727625,0.5902048975512244,0.8025987006496752,0.7146426786606698,49.0,0.1430867736315684,0.0938146492813726,0.0,0.05875,0.0,0.0614386950786761,0.0699180292431506,0.4444444444444444,0.2567364022629311,0.4607509845478596,0.8115610537422038,0,12.0,9.0,3.0,0.4607509845478596,0.6361560191450317,12.0,387,12.0,0.055944055944055944,False
BNDM,ForestCovertype,198,0.65,94,0.5348837209302326,0.8128617301398532,0,24,1297,3972,5.967,1,0.533,54.0,13.272526689665506,7.0,2.0,0.6970056904918152,413.5,0.7805185185185185,0.2592592592592592,168.25063888888891,0.000125,0.0,0.2703293785712328,40.5925925925926,2000.0,0.0,1.0,-3.48238693411383,0.0,2.5219219344944284,-1.8841056121267927,0.0,0.1729072631980554,0.301106036869958,0.9392315502144786,0.8602479119603493,1.1145293779433016,1.036087440057294,30.0,0.0,0.0020065250911484,0.727625,0.5902048975512244,0.8025987006496752,0.7146426786606698,49.0,0.1430867736315684,0.0938146492813726,0.0,0.05875,0.0,0.0614386950786761,0.0699180292431506,0.4444444444444444,0.2567364022629311,0.4597225378787879,0.8122332949060825,0,12.0,24.0,12.0,0.4597225378787879,0.6359779163924353,12.0,388,12.0,0.16083916083916083,False
BNDM,ForestCovertype,290,0.79,6397,0.8604651162790699,0.1293875931432297,0,22,373,154,5.652,8,0.975,54.0,13.272526689665506,7.0,2.0,0.6970056904918152,413.5,0.7805185185185185,0.2592592592592592,168.25063888888891,0.000125,0.0,0.2703293785712328,40.5925925925926,2000.0,0.0,1.0,-3.48238693411383,0.0,2.5219219344944284,-1.8841056121267927,0.0,0.1729072631980554,0.301106036869958,0.9392315502144786,0.8602479119603493,1.1145293779433016,1.036087440057294,30.0,0.0,0.0020065250911484,0.727625,0.5902048975512244,0.8025987006496752,0.7146426786606698,49.0,0.1430867736315684,0.0938146492813726,0.0,0.05875,0.0,0.0614386950786761,0.0699180292431506,0.4444444444444444,0.2567364022629311,0.6773438026094272,0.4349508826797066,0,12.0,22.0,10.0,0.4349508826797066,0.5561473426445669,12.0,389,12.0,0.14685314685314685,False
BNDM,ForestCovertype,126,0.85,4110,1.0,0.2011983928290295,1,1,367,10,0.001,13,0.897,54.0,13.272526689665506,7.0,2.0,0.6970056904918152,413.5,0.7805185185185185,0.2592592592592592,168.25063888888891,0.000125,0.0,0.2703293785712328,40.5925925925926,2000.0,0.0,1.0,-3.48238693411383,0.0,2.5219219344944284,-1.8841056121267927,0.0,0.1729072631980554,0.301106036869958,0.9392315502144786,0.8602479119603493,1.1145293779433016,1.036087440057294,30.0,0.0,0.0020065250911484,0.727625,0.5902048975512244,0.8025987006496752,0.7146426786606698,49.0,0.1430867736315684,0.0938146492813726,0.0,0.05875,0.0,0.0614386950786761,0.0699180292431506,0.4444444444444444,0.2567364022629311,0.7036443978475236,0.4269015550483521,0,12.0,1.0,11.0,0.4269015550483521,0.5652729764479378,12.0,390,12.0,0.0,False
BNDM,ForestCovertype,786,0.64,60,0.5116279069767442,0.8847835604324471,0,7,379,3726,7.98,1,0.094,54.0,13.272526689665506,7.0,2.0,0.6970056904918152,413.5,0.7805185185185185,0.2592592592592592,168.25063888888891,0.000125,0.0,0.2703293785712328,40.5925925925926,2000.0,0.0,1.0,-3.48238693411383,0.0,2.5219219344944284,-1.8841056121267927,0.0,0.1729072631980554,0.301106036869958,0.9392315502144786,0.8602479119603493,1.1145293779433016,1.036087440057294,30.0,0.0,0.0020065250911484,0.727625,0.5902048975512244,0.8025987006496752,0.7146426786606698,49.0,0.1430867736315684,0.0938146492813726,0.0,0.05875,0.0,0.0614386950786761,0.0699180292431506,0.4444444444444444,0.2567364022629311,0.41823140632515615,0.8125117177317047,0,12.0,7.0,5.0,0.41823140632515615,0.6153715620284305,12.0,391,12.0,0.04195804195804196,False
BNDM,ForestCovertype,181,0.81,2206,0.9069767441860468,0.3021857228534349,0,8,2234,48,3.337,9,0.665,54.0,13.272526689665506,7.0,2.0,0.6970056904918152,413.5,0.7805185185185185,0.2592592592592592,168.25063888888891,0.000125,0.0,0.2703293785712328,40.5925925925926,2000.0,0.0,1.0,-3.48238693411383,0.0,2.5219219344944284,-1.8841056121267927,0.0,0.1729072631980554,0.301106036869958,0.9392315502144786,0.8602479119603493,1.1145293779433016,1.036087440057294,30.0,0.0,0.0020065250911484,0.727625,0.5902048975512244,0.8025987006496752,0.7146426786606698,49.0,0.1430867736315684,0.0938146492813726,0.0,0.05875,0.0,0.0614386950786761,0.0699180292431506,0.4444444444444444,0.2567364022629311,0.7331774591149596,0.3322798920995453,0,12.0,8.0,4.0,0.3322798920995453,0.5327286756072525,12.0,392,12.0,0.04895104895104895,False
BNDM,ForestCovertype,241,0.81,3544,0.9069767441860468,0.2252470942091717,0,11,3376,54,8.459,8,0.375,54.0,13.272526689665506,7.0,2.0,0.6970056904918152,413.5,0.7805185185185185,0.2592592592592592,168.25063888888891,0.000125,0.0,0.2703293785712328,40.5925925925926,2000.0,0.0,1.0,-3.48238693411383,0.0,2.5219219344944284,-1.8841056121267927,0.0,0.1729072631980554,0.301106036869958,0.9392315502144786,0.8602479119603493,1.1145293779433016,1.036087440057294,30.0,0.0,0.0020065250911484,0.727625,0.5902048975512244,0.8025987006496752,0.7146426786606698,49.0,0.1430867736315684,0.0938146492813726,0.0,0.05875,0.0,0.0614386950786761,0.0699180292431506,0.4444444444444444,0.2567364022629311,0.7336249549062046,0.32853181344451615,0,12.0,11.0,1.0,0.32853181344451615,0.5310783841753604,12.0,393,12.0,0.06993006993006994,False
BNDM,ForestCovertype,226,0.81,1713,0.9069767441860468,0.3432286669118669,0,3,1076,76,7.057,11,0.899,54.0,13.272526689665506,7.0,2.0,0.6970056904918152,413.5,0.7805185185185185,0.2592592592592592,168.25063888888891,0.000125,0.0,0.2703293785712328,40.5925925925926,2000.0,0.0,1.0,-3.48238693411383,0.0,2.5219219344944284,-1.8841056121267927,0.0,0.1729072631980554,0.301106036869958,0.9392315502144786,0.8602479119603493,1.1145293779433016,1.036087440057294,30.0,0.0,0.0020065250911484,0.727625,0.5902048975512244,0.8025987006496752,0.7146426786606698,49.0,0.1430867736315684,0.0938146492813726,0.0,0.05875,0.0,0.0614386950786761,0.0699180292431506,0.4444444444444444,0.2567364022629311,0.7441869513588263,0.2828802325116364,0,12.0,3.0,9.0,0.2828802325116364,0.5135335919352313,12.0,394,12.0,0.013986013986013986,False
BNDM,ForestCovertype,698,0.66,8168,0.558139534883721,0.0897154156202592,0,128,4857,2843,9.604,3,0.8,54.0,13.272526689665506,7.0,2.0,0.6970056904918152,413.5,0.7805185185185185,0.2592592592592592,168.25063888888891,0.000125,0.0,0.2703293785712328,40.5925925925926,2000.0,0.0,1.0,-3.48238693411383,0.0,2.5219219344944284,-1.8841056121267927,0.0,0.1729072631980554,0.301106036869958,0.9392315502144786,0.8602479119603493,1.1145293779433016,1.036087440057294,30.0,0.0,0.0020065250911484,0.727625,0.5902048975512244,0.8025987006496752,0.7146426786606698,49.0,0.1430867736315684,0.0938146492813726,0.0,0.05875,0.0,0.0614386950786761,0.0699180292431506,0.4444444444444444,0.2567364022629311,0.5912808817340062,0.7009121868844219,0,13.0,128.0,115.0,0.5912808817340062,0.646096534309214,13.0,395,13.0,0.8881118881118881,False
BNDM,ForestCovertype,513,0.69,8816,0.6279069767441859,0.0773223504005035,0,48,4332,2441,4.617,4,0.375,54.0,13.272526689665506,7.0,2.0,0.6970056904918152,413.5,0.7805185185185185,0.2592592592592592,168.25063888888891,0.000125,0.0,0.2703293785712328,40.5925925925926,2000.0,0.0,1.0,-3.48238693411383,0.0,2.5219219344944284,-1.8841056121267927,0.0,0.1729072631980554,0.301106036869958,0.9392315502144786,0.8602479119603493,1.1145293779433016,1.036087440057294,30.0,0.0,0.0020065250911484,0.727625,0.5902048975512244,0.8025987006496752,0.7146426786606698,49.0,0.1430867736315684,0.0938146492813726,0.0,0.05875,0.0,0.0614386950786761,0.0699180292431506,0.4444444444444444,0.2567364022629311,0.5846380396224143,0.7085237803008859,0,13.0,48.0,35.0,0.5846380396224143,0.6465809099616502,13.0,396,13.0,0.32867132867132864,False
BNDM,ForestCovertype,536,0.68,4412,0.6046511627906979,0.1896896112454491,0,64,4157,2273,9.785,2,0.96,54.0,13.272526689665506,7.0,2.0,0.6970056904918152,413.5,0.7805185185185185,0.2592592592592592,168.25063888888891,0.000125,0.0,0.2703293785712328,40.5925925925926,2000.0,0.0,1.0,-3.48238693411383,0.0,2.5219219344944284,-1.8841056121267927,0.0,0.1729072631980554,0.301106036869958,0.9392315502144786,0.8602479119603493,1.1145293779433016,1.036087440057294,30.0,0.0,0.0020065250911484,0.727625,0.5902048975512244,0.8025987006496752,0.7146426786606698,49.0,0.1430867736315684,0.0938146492813726,0.0,0.05875,0.0,0.0614386950786761,0.0699180292431506,0.4444444444444444,0.2567364022629311,0.5820436282467528,0.7277935403818956,0,13.0,64.0,51.0,0.5820436282467528,0.6549185843143241,13.0,397,13.0,0.4405594405594406,False
BNDM,ForestCovertype,112,0.68,5666,0.6046511627906979,0.1490848776048735,0,70,4494,2769,6.87,3,0.883,54.0,13.272526689665506,7.0,2.0,0.6970056904918152,413.5,0.7805185185185185,0.2592592592592592,168.25063888888891,0.000125,0.0,0.2703293785712328,40.5925925925926,2000.0,0.0,1.0,-3.48238693411383,0.0,2.5219219344944284,-1.8841056121267927,0.0,0.1729072631980554,0.301106036869958,0.9392315502144786,0.8602479119603493,1.1145293779433016,1.036087440057294,30.0,0.0,0.0020065250911484,0.727625,0.5902048975512244,0.8025987006496752,0.7146426786606698,49.0,0.1430867736315684,0.0938146492813726,0.0,0.05875,0.0,0.0614386950786761,0.0699180292431506,0.4444444444444444,0.2567364022629311,0.5734629855098603,0.7292241970192204,0,13.0,70.0,57.0,0.5734629855098603,0.6513435912645403,13.0,398,13.0,0.4825174825174825,False
BNDM,ForestCovertype,560,0.67,367,0.5813953488372094,0.5930054956844457,0,51,4084,2814,2.343,4,0.909,54.0,13.272526689665506,7.0,2.0,0.6970056904918152,413.5,0.7805185185185185,0.2592592592592592,168.25063888888891,0.000125,0.0,0.2703293785712328,40.5925925925926,2000.0,0.0,1.0,-3.48238693411383,0.0,2.5219219344944284,-1.8841056121267927,0.0,0.1729072631980554,0.301106036869958,0.9392315502144786,0.8602479119603493,1.1145293779433016,1.036087440057294,30.0,0.0,0.0020065250911484,0.727625,0.5902048975512244,0.8025987006496752,0.7146426786606698,49.0,0.1430867736315684,0.0938146492813726,0.0,0.05875,0.0,0.0614386950786761,0.0699180292431506,0.4444444444444444,0.2567364022629311,0.5659740034271281,0.7428189170291146,0,13.0,51.0,38.0,0.5659740034271281,0.6543964602281214,13.0,399,13.0,0.34965034965034963,False
BNDM,ForestCovertype,720,0.7,12219,0.6511627906976744,0.0243323513536238,0,41,1740,1874,7.91,2,0.042,54.0,13.272526689665506,7.0,2.0,0.6970056904918152,413.5,0.7805185185185185,0.2592592592592592,168.25063888888891,0.000125,0.0,0.2703293785712328,40.5925925925926,2000.0,0.0,1.0,-3.48238693411383,0.0,2.5219219344944284,-1.8841056121267927,0.0,0.1729072631980554,0.301106036869958,0.9392315502144786,0.8602479119603493,1.1145293779433016,1.036087440057294,30.0,0.0,0.0020065250911484,0.727625,0.5902048975512244,0.8025987006496752,0.7146426786606698,49.0,0.1430867736315684,0.0938146492813726,0.0,0.05875,0.0,0.0614386950786761,0.0699180292431506,0.4444444444444444,0.2567364022629311,0.5641197626777984,0.7439002302084115,0,13.0,41.0,28.0,0.5641197626777984,0.654009996443105,13.0,400,13.0,0.27972027972027974,False
BNDM,ForestCovertype,29,0.68,191,0.6046511627906979,0.6986288111597824,0,27,4997,3115,2.12,4,0.989,54.0,13.272526689665506,7.0,2.0,0.6970056904918152,413.5,0.7805185185185185,0.2592592592592592,168.25063888888891,0.000125,0.0,0.2703293785712328,40.5925925925926,2000.0,0.0,1.0,-3.48238693411383,0.0,2.5219219344944284,-1.8841056121267927,0.0,0.1729072631980554,0.301106036869958,0.9392315502144786,0.8602479119603493,1.1145293779433016,1.036087440057294,30.0,0.0,0.0020065250911484,0.727625,0.5902048975512244,0.8025987006496752,0.7146426786606698,49.0,0.1430867736315684,0.0938146492813726,0.0,0.05875,0.0,0.0614386950786761,0.0699180292431506,0.4444444444444444,0.2567364022629311,0.5625684072871575,0.7478061355686297,0,13.0,27.0,14.0,0.5625684072871575,0.6551872714278937,13.0,401,13.0,0.18181818181818182,False
BNDM,ForestCovertype,544,0.68,3057,0.6046511627906979,0.2492387950134112,0,59,3700,2928,4.598,3,0.001,54.0,13.272526689665506,7.0,2.0,0.6970056904918152,413.5,0.7805185185185185,0.2592592592592592,168.25063888888891,0.000125,0.0,0.2703293785712328,40.5925925925926,2000.0,0.0,1.0,-3.48238693411383,0.0,2.5219219344944284,-1.8841056121267927,0.0,0.1729072631980554,0.301106036869958,0.9392315502144786,0.8602479119603493,1.1145293779433016,1.036087440057294,30.0,0.0,0.0020065250911484,0.727625,0.5902048975512244,0.8025987006496752,0.7146426786606698,49.0,0.1430867736315684,0.0938146492813726,0.0,0.05875,0.0,0.0614386950786761,0.0699180292431506,0.4444444444444444,0.2567364022629311,0.5616934749278495,0.7589566929164773,0,13.0,59.0,46.0,0.5616934749278495,0.6603250839221634,13.0,402,13.0,0.40559440559440557,False
BNDM,ForestCovertype,789,0.67,187,0.5813953488372094,0.702046845867583,0,41,4996,3258,0.733,4,0.411,54.0,13.272526689665506,7.0,2.0,0.6970056904918152,413.5,0.7805185185185185,0.2592592592592592,168.25063888888891,0.000125,0.0,0.2703293785712328,40.5925925925926,2000.0,0.0,1.0,-3.48238693411383,0.0,2.5219219344944284,-1.8841056121267927,0.0,0.1729072631980554,0.301106036869958,0.9392315502144786,0.8602479119603493,1.1145293779433016,1.036087440057294,30.0,0.0,0.0020065250911484,0.727625,0.5902048975512244,0.8025987006496752,0.7146426786606698,49.0,0.1430867736315684,0.0938146492813726,0.0,0.05875,0.0,0.0614386950786761,0.0699180292431506,0.4444444444444444,0.2567364022629311,0.558851228054353,0.7592008666623364,0,13.0,41.0,28.0,0.558851228054353,0.6590260473583447,13.0,403,13.0,0.27972027972027974,False
BNDM,ForestCovertype,926,0.68,123,0.6046511627906979,0.7696107576483557,0,8,2661,1899,8.631,1,0.948,54.0,13.272526689665506,7.0,2.0,0.6970056904918152,413.5,0.7805185185185185,0.2592592592592592,168.25063888888891,0.000125,0.0,0.2703293785712328,40.5925925925926,2000.0,0.0,1.0,-3.48238693411383,0.0,2.5219219344944284,-1.8841056121267927,0.0,0.1729072631980554,0.301106036869958,0.9392315502144786,0.8602479119603493,1.1145293779433016,1.036087440057294,30.0,0.0,0.0020065250911484,0.727625,0.5902048975512244,0.8025987006496752,0.7146426786606698,49.0,0.1430867736315684,0.0938146492813726,0.0,0.05875,0.0,0.0614386950786761,0.0699180292431506,0.4444444444444444,0.2567364022629311,0.5530957491582491,0.7708186482309449,0,13.0,8.0,5.0,0.5530957491582491,0.661957198694597,13.0,404,13.0,0.04895104895104895,False
BNDM,ForestCovertype,800,0.69,183,0.6279069767441859,0.7055383923049128,0,9,1678,2599,0.448,4,0.158,54.0,13.272526689665506,7.0,2.0,0.6970056904918152,413.5,0.7805185185185185,0.2592592592592592,168.25063888888891,0.000125,0.0,0.2703293785712328,40.5925925925926,2000.0,0.0,1.0,-3.48238693411383,0.0,2.5219219344944284,-1.8841056121267927,0.0,0.1729072631980554,0.301106036869958,0.9392315502144786,0.8602479119603493,1.1145293779433016,1.036087440057294,30.0,0.0,0.0020065250911484,0.727625,0.5902048975512244,0.8025987006496752,0.7146426786606698,49.0,0.1430867736315684,0.0938146492813726,0.0,0.05875,0.0,0.0614386950786761,0.0699180292431506,0.4444444444444444,0.2567364022629311,0.5337996257215007,0.7718938095221728,0,13.0,9.0,4.0,0.5337996257215007,0.6528467176218368,13.0,405,13.0,0.055944055944055944,False
BNDM,ForestCovertype,121,0.67,134,0.5813953488372094,0.7558120541385255,0,25,5000,3887,0.001,4,0.64,54.0,13.272526689665506,7.0,2.0,0.6970056904918152,413.5,0.7805185185185185,0.2592592592592592,168.25063888888891,0.000125,0.0,0.2703293785712328,40.5925925925926,2000.0,0.0,1.0,-3.48238693411383,0.0,2.5219219344944284,-1.8841056121267927,0.0,0.1729072631980554,0.301106036869958,0.9392315502144786,0.8602479119603493,1.1145293779433016,1.036087440057294,30.0,0.0,0.0020065250911484,0.727625,0.5902048975512244,0.8025987006496752,0.7146426786606698,49.0,0.1430867736315684,0.0938146492813726,0.0,0.05875,0.0,0.0614386950786761,0.0699180292431506,0.4444444444444444,0.2567364022629311,0.5334265647546896,0.77209295492535,0,13.0,25.0,12.0,0.5334265647546896,0.6527597598400199,13.0,406,13.0,0.16783216783216784,False
BNDM,ForestCovertype,146,0.67,1176,0.5813953488372094,0.4042499439668977,0,62,3710,3294,4.452,2,0.816,54.0,13.272526689665506,7.0,2.0,0.6970056904918152,413.5,0.7805185185185185,0.2592592592592592,168.25063888888891,0.000125,0.0,0.2703293785712328,40.5925925925926,2000.0,0.0,1.0,-3.48238693411383,0.0,2.5219219344944284,-1.8841056121267927,0.0,0.1729072631980554,0.301106036869958,0.9392315502144786,0.8602479119603493,1.1145293779433016,1.036087440057294,30.0,0.0,0.0020065250911484,0.727625,0.5902048975512244,0.8025987006496752,0.7146426786606698,49.0,0.1430867736315684,0.0938146492813726,0.0,0.05875,0.0,0.0614386950786761,0.0699180292431506,0.4444444444444444,0.2567364022629311,0.5224814213564215,0.7778446060992081,0,13.0,62.0,49.0,0.5224814213564215,0.6501630137278148,13.0,407,13.0,0.42657342657342656,False
BNDM,ForestCovertype,253,0.67,184,0.5813953488372094,0.7046584408179712,0,40,4811,4379,3.698,1,0.858,54.0,13.272526689665506,7.0,2.0,0.6970056904918152,413.5,0.7805185185185185,0.2592592592592592,168.25063888888891,0.000125,0.0,0.2703293785712328,40.5925925925926,2000.0,0.0,1.0,-3.48238693411383,0.0,2.5219219344944284,-1.8841056121267927,0.0,0.1729072631980554,0.301106036869958,0.9392315502144786,0.8602479119603493,1.1145293779433016,1.036087440057294,30.0,0.0,0.0020065250911484,0.727625,0.5902048975512244,0.8025987006496752,0.7146426786606698,49.0,0.1430867736315684,0.0938146492813726,0.0,0.05875,0.0,0.0614386950786761,0.0699180292431506,0.4444444444444444,0.2567364022629311,0.5147404100529102,0.7787712898267825,0,13.0,40.0,27.0,0.5147404100529102,0.6467558499398463,13.0,408,13.0,0.2727272727272727,False
BNDM,ForestCovertype,105,0.68,218,0.6046511627906979,0.6772673036993115,0,33,1585,2820,10.0,1,0.624,54.0,13.272526689665506,7.0,2.0,0.6970056904918152,413.5,0.7805185185185185,0.2592592592592592,168.25063888888891,0.000125,0.0,0.2703293785712328,40.5925925925926,2000.0,0.0,1.0,-3.48238693411383,0.0,2.5219219344944284,-1.8841056121267927,0.0,0.1729072631980554,0.301106036869958,0.9392315502144786,0.8602479119603493,1.1145293779433016,1.036087440057294,30.0,0.0,0.0020065250911484,0.727625,0.5902048975512244,0.8025987006496752,0.7146426786606698,49.0,0.1430867736315684,0.0938146492813726,0.0,0.05875,0.0,0.0614386950786761,0.0699180292431506,0.4444444444444444,0.2567364022629311,0.5126708002645504,0.7869544705900747,0,13.0,33.0,20.0,0.5126708002645504,0.6498126354273126,13.0,409,13.0,0.22377622377622378,False
BNDM,ForestCovertype,467,0.66,132,0.558139534883721,0.758235243181103,0,44,4452,4143,7.786,1,0.124,54.0,13.272526689665506,7.0,2.0,0.6970056904918152,413.5,0.7805185185185185,0.2592592592592592,168.25063888888891,0.000125,0.0,0.2703293785712328,40.5925925925926,2000.0,0.0,1.0,-3.48238693411383,0.0,2.5219219344944284,-1.8841056121267927,0.0,0.1729072631980554,0.301106036869958,0.9392315502144786,0.8602479119603493,1.1145293779433016,1.036087440057294,30.0,0.0,0.0020065250911484,0.727625,0.5902048975512244,0.8025987006496752,0.7146426786606698,49.0,0.1430867736315684,0.0938146492813726,0.0,0.05875,0.0,0.0614386950786761,0.0699180292431506,0.4444444444444444,0.2567364022629311,0.5115395397426645,0.7885572659390283,0,13.0,44.0,31.0,0.5115395397426645,0.6500484028408464,13.0,410,13.0,0.3006993006993007,False
BNDM,ForestCovertype,428,0.64,72,0.5116279069767442,0.8556277249402824,0,13,2451,2605,1.006,3,0.244,54.0,13.272526689665506,7.0,2.0,0.6970056904918152,413.5,0.7805185185185185,0.2592592592592592,168.25063888888891,0.000125,0.0,0.2703293785712328,40.5925925925926,2000.0,0.0,1.0,-3.48238693411383,0.0,2.5219219344944284,-1.8841056121267927,0.0,0.1729072631980554,0.301106036869958,0.9392315502144786,0.8602479119603493,1.1145293779433016,1.036087440057294,30.0,0.0,0.0020065250911484,0.727625,0.5902048975512244,0.8025987006496752,0.7146426786606698,49.0,0.1430867736315684,0.0938146492813726,0.0,0.05875,0.0,0.0614386950786761,0.0699180292431506,0.4444444444444444,0.2567364022629311,0.49767443783068793,0.7887837777414121,0,13.0,13.0,0.0,0.49767443783068793,0.64322910778605,13.0,411,13.0,0.08391608391608392,False
BNDM,ForestCovertype,833,0.66,124,0.558139534883721,0.7683067293372027,0,38,4924,4900,3.921,1,0.91,54.0,13.272526689665506,7.0,2.0,0.6970056904918152,413.5,0.7805185185185185,0.2592592592592592,168.25063888888891,0.000125,0.0,0.2703293785712328,40.5925925925926,2000.0,0.0,1.0,-3.48238693411383,0.0,2.5219219344944284,-1.8841056121267927,0.0,0.1729072631980554,0.301106036869958,0.9392315502144786,0.8602479119603493,1.1145293779433016,1.036087440057294,30.0,0.0,0.0020065250911484,0.727625,0.5902048975512244,0.8025987006496752,0.7146426786606698,49.0,0.1430867736315684,0.0938146492813726,0.0,0.05875,0.0,0.0614386950786761,0.0699180292431506,0.4444444444444444,0.2567364022629311,0.4974666907166906,0.7903357057355198,0,13.0,38.0,25.0,0.4974666907166906,0.6439011982261051,13.0,412,13.0,0.25874125874125875,False
BNDM,ForestCovertype,461,0.69,112,0.6279069767441859,0.7846921180130029,0,3,2823,2619,8.668,1,0.27,54.0,13.272526689665506,7.0,2.0,0.6970056904918152,413.5,0.7805185185185185,0.2592592592592592,168.25063888888891,0.000125,0.0,0.2703293785712328,40.5925925925926,2000.0,0.0,1.0,-3.48238693411383,0.0,2.5219219344944284,-1.8841056121267927,0.0,0.1729072631980554,0.301106036869958,0.9392315502144786,0.8602479119603493,1.1145293779433016,1.036087440057294,30.0,0.0,0.0020065250911484,0.727625,0.5902048975512244,0.8025987006496752,0.7146426786606698,49.0,0.1430867736315684,0.0938146492813726,0.0,0.05875,0.0,0.0614386950786761,0.0699180292431506,0.4444444444444444,0.2567364022629311,0.49161096079846034,0.7915757212795814,0,13.0,3.0,10.0,0.49161096079846034,0.6415933410390209,13.0,413,13.0,0.013986013986013986,False
BNDM,ForestCovertype,244,0.68,128,0.6046511627906979,0.7631929002064095,0,9,1051,2809,8.304,1,0.108,54.0,13.272526689665506,7.0,2.0,0.6970056904918152,413.5,0.7805185185185185,0.2592592592592592,168.25063888888891,0.000125,0.0,0.2703293785712328,40.5925925925926,2000.0,0.0,1.0,-3.48238693411383,0.0,2.5219219344944284,-1.8841056121267927,0.0,0.1729072631980554,0.301106036869958,0.9392315502144786,0.8602479119603493,1.1145293779433016,1.036087440057294,30.0,0.0,0.0020065250911484,0.727625,0.5902048975512244,0.8025987006496752,0.7146426786606698,49.0,0.1430867736315684,0.0938146492813726,0.0,0.05875,0.0,0.0614386950786761,0.0699180292431506,0.4444444444444444,0.2567364022629311,0.49015889550264535,0.7919967781091063,0,13.0,9.0,4.0,0.49015889550264535,0.6410778368058758,13.0,414,13.0,0.055944055944055944,False
BNDM,ForestCovertype,745,0.66,1654,0.558139534883721,0.3489156172689558,0,104,2406,2635,4.982,2,0.386,54.0,13.272526689665506,7.0,2.0,0.6970056904918152,413.5,0.7805185185185185,0.2592592592592592,168.25063888888891,0.000125,0.0,0.2703293785712328,40.5925925925926,2000.0,0.0,1.0,-3.48238693411383,0.0,2.5219219344944284,-1.8841056121267927,0.0,0.1729072631980554,0.301106036869958,0.9392315502144786,0.8602479119603493,1.1145293779433016,1.036087440057294,30.0,0.0,0.0020065250911484,0.727625,0.5902048975512244,0.8025987006496752,0.7146426786606698,49.0,0.1430867736315684,0.0938146492813726,0.0,0.05875,0.0,0.0614386950786761,0.0699180292431506,0.4444444444444444,0.2567364022629311,0.48088887385762347,0.7965101852624156,0,13.0,104.0,91.0,0.48088887385762347,0.6386995295600195,13.0,415,13.0,0.7202797202797203,False
BNDM,ForestCovertype,494,0.65,252,0.5348837209302326,0.653837221460628,0,72,754,2751,3.636,2,0.852,54.0,13.272526689665506,7.0,2.0,0.6970056904918152,413.5,0.7805185185185185,0.2592592592592592,168.25063888888891,0.000125,0.0,0.2703293785712328,40.5925925925926,2000.0,0.0,1.0,-3.48238693411383,0.0,2.5219219344944284,-1.8841056121267927,0.0,0.1729072631980554,0.301106036869958,0.9392315502144786,0.8602479119603493,1.1145293779433016,1.036087440057294,30.0,0.0,0.0020065250911484,0.727625,0.5902048975512244,0.8025987006496752,0.7146426786606698,49.0,0.1430867736315684,0.0938146492813726,0.0,0.05875,0.0,0.0614386950786761,0.0699180292431506,0.4444444444444444,0.2567364022629311,0.477776828660757,0.7967386908151878,0,13.0,72.0,59.0,0.477776828660757,0.6372577597379724,13.0,416,13.0,0.4965034965034965,False
BNDM,ForestCovertype,631,0.66,132,0.558139534883721,0.758235243181103,0,44,1517,3698,1.457,2,0.786,54.0,13.272526689665506,7.0,2.0,0.6970056904918152,413.5,0.7805185185185185,0.2592592592592592,168.25063888888891,0.000125,0.0,0.2703293785712328,40.5925925925926,2000.0,0.0,1.0,-3.48238693411383,0.0,2.5219219344944284,-1.8841056121267927,0.0,0.1729072631980554,0.301106036869958,0.9392315502144786,0.8602479119603493,1.1145293779433016,1.036087440057294,30.0,0.0,0.0020065250911484,0.727625,0.5902048975512244,0.8025987006496752,0.7146426786606698,49.0,0.1430867736315684,0.0938146492813726,0.0,0.05875,0.0,0.0614386950786761,0.0699180292431506,0.4444444444444444,0.2567364022629311,0.474152259199134,0.7988230198759655,0,13.0,44.0,31.0,0.474152259199134,0.6364876395375497,13.0,417,13.0,0.3006993006993007,False
BNDM,ForestCovertype,920,0.65,112,0.5348837209302326,0.7846921180130029,0,34,3088,5000,4.963,1,0.001,54.0,13.272526689665506,7.0,2.0,0.6970056904918152,413.5,0.7805185185185185,0.2592592592592592,168.25063888888891,0.000125,0.0,0.2703293785712328,40.5925925925926,2000.0,0.0,1.0,-3.48238693411383,0.0,2.5219219344944284,-1.8841056121267927,0.0,0.1729072631980554,0.301106036869958,0.9392315502144786,0.8602479119603493,1.1145293779433016,1.036087440057294,30.0,0.0,0.0020065250911484,0.727625,0.5902048975512244,0.8025987006496752,0.7146426786606698,49.0,0.1430867736315684,0.0938146492813726,0.0,0.05875,0.0,0.0614386950786761,0.0699180292431506,0.4444444444444444,0.2567364022629311,0.4643794492544494,0.8087674078489402,0,13.0,34.0,21.0,0.4643794492544494,0.6365734285516949,13.0,418,13.0,0.23076923076923078,False
BNDM,ForestCovertype,306,0.66,142,0.558139534883721,0.7464655511660278,0,51,1845,4050,0.489,2,0.734,54.0,13.272526689665506,7.0,2.0,0.6970056904918152,413.5,0.7805185185185185,0.2592592592592592,168.25063888888891,0.000125,0.0,0.2703293785712328,40.5925925925926,2000.0,0.0,1.0,-3.48238693411383,0.0,2.5219219344944284,-1.8841056121267927,0.0,0.1729072631980554,0.301106036869958,0.9392315502144786,0.8602479119603493,1.1145293779433016,1.036087440057294,30.0,0.0,0.0020065250911484,0.727625,0.5902048975512244,0.8025987006496752,0.7146426786606698,49.0,0.1430867736315684,0.0938146492813726,0.0,0.05875,0.0,0.0614386950786761,0.0699180292431506,0.4444444444444444,0.2567364022629311,0.45710506102693593,0.8115008208294421,0,13.0,51.0,38.0,0.45710506102693593,0.6343029409281891,13.0,419,13.0,0.34965034965034963,False
BNDM,ForestCovertype,114,0.73,1113,0.7209302325581396,0.4131811271761374,0,12,62,83,6.319,7,0.711,54.0,13.272526689665506,7.0,2.0,0.6970056904918152,413.5,0.7805185185185185,0.2592592592592592,168.25063888888891,0.000125,0.0,0.2703293785712328,40.5925925925926,2000.0,0.0,1.0,-3.48238693411383,0.0,2.5219219344944284,-1.8841056121267927,0.0,0.1729072631980554,0.301106036869958,0.9392315502144786,0.8602479119603493,1.1145293779433016,1.036087440057294,30.0,0.0,0.0020065250911484,0.727625,0.5902048975512244,0.8025987006496752,0.7146426786606698,49.0,0.1430867736315684,0.0938146492813726,0.0,0.05875,0.0,0.0614386950786761,0.0699180292431506,0.4444444444444444,0.2567364022629311,0.6354144420394415,0.403771113901081,0,13.0,12.0,1.0,0.403771113901081,0.5195927779702613,13.0,420,13.0,0.07692307692307693,False
BNDM,ForestCovertype,664,0.8,12423,0.8837209302325583,0.021644452513915,0,23,223,95,9.009,9,0.04,54.0,13.272526689665506,7.0,2.0,0.6970056904918152,413.5,0.7805185185185185,0.2592592592592592,168.25063888888891,0.000125,0.0,0.2703293785712328,40.5925925925926,2000.0,0.0,1.0,-3.48238693411383,0.0,2.5219219344944284,-1.8841056121267927,0.0,0.1729072631980554,0.301106036869958,0.9392315502144786,0.8602479119603493,1.1145293779433016,1.036087440057294,30.0,0.0,0.0020065250911484,0.727625,0.5902048975512244,0.8025987006496752,0.7146426786606698,49.0,0.1430867736315684,0.0938146492813726,0.0,0.05875,0.0,0.0614386950786761,0.0699180292431506,0.4444444444444444,0.2567364022629311,0.6381683802308801,0.3787776394634999,0,13.0,23.0,10.0,0.3787776394634999,0.50847300984719,13.0,421,13.0,0.15384615384615385,False
BNDM,ForestCovertype,134,0.81,1909,0.9069767441860468,0.3256504062866771,0,5,2266,51,7.513,9,0.497,54.0,13.272526689665506,7.0,2.0,0.6970056904918152,413.5,0.7805185185185185,0.2592592592592592,168.25063888888891,0.000125,0.0,0.2703293785712328,40.5925925925926,2000.0,0.0,1.0,-3.48238693411383,0.0,2.5219219344944284,-1.8841056121267927,0.0,0.1729072631980554,0.301106036869958,0.9392315502144786,0.8602479119603493,1.1145293779433016,1.036087440057294,30.0,0.0,0.0020065250911484,0.727625,0.5902048975512244,0.8025987006496752,0.7146426786606698,49.0,0.1430867736315684,0.0938146492813726,0.0,0.05875,0.0,0.0614386950786761,0.0699180292431506,0.4444444444444444,0.2567364022629311,0.7149331409331405,0.3116053735251391,0,13.0,5.0,8.0,0.3116053735251391,0.5132692572291399,13.0,422,13.0,0.027972027972027972,False
BNDM,ForestCovertype,881,0.8,7674,0.8837209302325583,0.0998425584967843,0,19,1458,87,2.644,11,0.498,54.0,13.272526689665506,7.0,2.0,0.6970056904918152,413.5,0.7805185185185185,0.2592592592592592,168.25063888888891,0.000125,0.0,0.2703293785712328,40.5925925925926,2000.0,0.0,1.0,-3.48238693411383,0.0,2.5219219344944284,-1.8841056121267927,0.0,0.1729072631980554,0.301106036869958,0.9392315502144786,0.8602479119603493,1.1145293779433016,1.036087440057294,30.0,0.0,0.0020065250911484,0.727625,0.5902048975512244,0.8025987006496752,0.7146426786606698,49.0,0.1430867736315684,0.0938146492813726,0.0,0.05875,0.0,0.0614386950786761,0.0699180292431506,0.4444444444444444,0.2567364022629311,0.7314884484728239,0.29203991241007865,0,13.0,19.0,6.0,0.29203991241007865,0.5117641804414512,13.0,423,13.0,0.1258741258741259,False
BNDM,ForestCovertype,686,0.68,3540,0.6046511627906979,0.2254303859609479,0,61,4078,2409,0.733,8,0.177,54.0,13.272526689665506,7.0,2.0,0.6970056904918152,413.5,0.7805185185185185,0.2592592592592592,168.25063888888891,0.000125,0.0,0.2703293785712328,40.5925925925926,2000.0,0.0,1.0,-3.48238693411383,0.0,2.5219219344944284,-1.8841056121267927,0.0,0.1729072631980554,0.301106036869958,0.9392315502144786,0.8602479119603493,1.1145293779433016,1.036087440057294,30.0,0.0,0.0020065250911484,0.727625,0.5902048975512244,0.8025987006496752,0.7146426786606698,49.0,0.1430867736315684,0.0938146492813726,0.0,0.05875,0.0,0.0614386950786761,0.0699180292431506,0.4444444444444444,0.2567364022629311,0.5875035699254448,0.6618974124639231,0,14.0,61.0,47.0,0.5875035699254448,0.624700491194684,14.0,424,14.0,0.4195804195804196,False
BNDM,ForestCovertype,535,0.67,12752,0.5813953488372094,0.0174011824613847,0,93,4399,2553,6.788,4,0.835,54.0,13.272526689665506,7.0,2.0,0.6970056904918152,413.5,0.7805185185185185,0.2592592592592592,168.25063888888891,0.000125,0.0,0.2703293785712328,40.5925925925926,2000.0,0.0,1.0,-3.48238693411383,0.0,2.5219219344944284,-1.8841056121267927,0.0,0.1729072631980554,0.301106036869958,0.9392315502144786,0.8602479119603493,1.1145293779433016,1.036087440057294,30.0,0.0,0.0020065250911484,0.727625,0.5902048975512244,0.8025987006496752,0.7146426786606698,49.0,0.1430867736315684,0.0938146492813726,0.0,0.05875,0.0,0.0614386950786761,0.0699180292431506,0.4444444444444444,0.2567364022629311,0.5793192039442041,0.7013834588489313,0,14.0,93.0,79.0,0.5793192039442041,0.6403513313965676,14.0,425,14.0,0.6433566433566433,False
BNDM,ForestCovertype,389,0.69,4373,0.6279069767441859,0.1911307668162929,0,39,3791,2446,2.135,5,0.097,54.0,13.272526689665506,7.0,2.0,0.6970056904918152,413.5,0.7805185185185185,0.2592592592592592,168.25063888888891,0.000125,0.0,0.2703293785712328,40.5925925925926,2000.0,0.0,1.0,-3.48238693411383,0.0,2.5219219344944284,-1.8841056121267927,0.0,0.1729072631980554,0.301106036869958,0.9392315502144786,0.8602479119603493,1.1145293779433016,1.036087440057294,30.0,0.0,0.0020065250911484,0.727625,0.5902048975512244,0.8025987006496752,0.7146426786606698,49.0,0.1430867736315684,0.0938146492813726,0.0,0.05875,0.0,0.0614386950786761,0.0699180292431506,0.4444444444444444,0.2567364022629311,0.5734301046176048,0.7168932509788994,0,14.0,39.0,25.0,0.5734301046176048,0.6451616777982521,14.0,426,14.0,0.26573426573426573,False
BNDM,ForestCovertype,182,0.68,1687,0.6046511627906979,0.3457102654629965,0,54,4537,2806,3.56,4,0.973,54.0,13.272526689665506,7.0,2.0,0.6970056904918152,413.5,0.7805185185185185,0.2592592592592592,168.25063888888891,0.000125,0.0,0.2703293785712328,40.5925925925926,2000.0,0.0,1.0,-3.48238693411383,0.0,2.5219219344944284,-1.8841056121267927,0.0,0.1729072631980554,0.301106036869958,0.9392315502144786,0.8602479119603493,1.1145293779433016,1.036087440057294,30.0,0.0,0.0020065250911484,0.727625,0.5902048975512244,0.8025987006496752,0.7146426786606698,49.0,0.1430867736315684,0.0938146492813726,0.0,0.05875,0.0,0.0614386950786761,0.0699180292431506,0.4444444444444444,0.2567364022629311,0.5699433546777296,0.7273410400687119,0,14.0,54.0,40.0,0.5699433546777296,0.6486421973732208,14.0,427,14.0,0.3706293706293706,False
BNDM,ForestCovertype,470,0.68,255,0.6046511627906979,0.6519234391598191,0,38,3859,2589,0.278,6,0.504,54.0,13.272526689665506,7.0,2.0,0.6970056904918152,413.5,0.7805185185185185,0.2592592592592592,168.25063888888891,0.000125,0.0,0.2703293785712328,40.5925925925926,2000.0,0.0,1.0,-3.48238693411383,0.0,2.5219219344944284,-1.8841056121267927,0.0,0.1729072631980554,0.301106036869958,0.9392315502144786,0.8602479119603493,1.1145293779433016,1.036087440057294,30.0,0.0,0.0020065250911484,0.727625,0.5902048975512244,0.8025987006496752,0.7146426786606698,49.0,0.1430867736315684,0.0938146492813726,0.0,0.05875,0.0,0.0614386950786761,0.0699180292431506,0.4444444444444444,0.2567364022629311,0.561941160113035,0.7330030130337114,0,14.0,38.0,24.0,0.561941160113035,0.6474720865733732,14.0,428,14.0,0.25874125874125875,False
BNDM,ForestCovertype,766,0.69,7600,0.6279069767441859,0.1014154888732538,0,44,3475,2161,9.008,2,0.639,54.0,13.272526689665506,7.0,2.0,0.6970056904918152,413.5,0.7805185185185185,0.2592592592592592,168.25063888888891,0.000125,0.0,0.2703293785712328,40.5925925925926,2000.0,0.0,1.0,-3.48238693411383,0.0,2.5219219344944284,-1.8841056121267927,0.0,0.1729072631980554,0.301106036869958,0.9392315502144786,0.8602479119603493,1.1145293779433016,1.036087440057294,30.0,0.0,0.0020065250911484,0.727625,0.5902048975512244,0.8025987006496752,0.7146426786606698,49.0,0.1430867736315684,0.0938146492813726,0.0,0.05875,0.0,0.0614386950786761,0.0699180292431506,0.4444444444444444,0.2567364022629311,0.5611564378908129,0.7525564831200152,0,14.0,44.0,30.0,0.5611564378908129,0.6568564605054141,14.0,429,14.0,0.3006993006993007,False
BNDM,ForestCovertype,303,0.68,689,0.6046511627906979,0.4909504700427586,0,44,3744,2503,2.684,3,0.079,54.0,13.272526689665506,7.0,2.0,0.6970056904918152,413.5,0.7805185185185185,0.2592592592592592,168.25063888888891,0.000125,0.0,0.2703293785712328,40.5925925925926,2000.0,0.0,1.0,-3.48238693411383,0.0,2.5219219344944284,-1.8841056121267927,0.0,0.1729072631980554,0.301106036869958,0.9392315502144786,0.8602479119603493,1.1145293779433016,1.036087440057294,30.0,0.0,0.0020065250911484,0.727625,0.5902048975512244,0.8025987006496752,0.7146426786606698,49.0,0.1430867736315684,0.0938146492813726,0.0,0.05875,0.0,0.0614386950786761,0.0699180292431506,0.4444444444444444,0.2567364022629311,0.560119799182299,0.7582168890657064,0,14.0,44.0,30.0,0.560119799182299,0.6591683441240027,14.0,430,14.0,0.3006993006993007,False
BNDM,ForestCovertype,563,0.73,2941,0.7209302325581396,0.2555171358659527,0,16,656,1215,9.614,1,0.053,54.0,13.272526689665506,7.0,2.0,0.6970056904918152,413.5,0.7805185185185185,0.2592592592592592,168.25063888888891,0.000125,0.0,0.2703293785712328,40.5925925925926,2000.0,0.0,1.0,-3.48238693411383,0.0,2.5219219344944284,-1.8841056121267927,0.0,0.1729072631980554,0.301106036869958,0.9392315502144786,0.8602479119603493,1.1145293779433016,1.036087440057294,30.0,0.0,0.0020065250911484,0.727625,0.5902048975512244,0.8025987006496752,0.7146426786606698,49.0,0.1430867736315684,0.0938146492813726,0.0,0.05875,0.0,0.0614386950786761,0.0699180292431506,0.4444444444444444,0.2567364022629311,0.5521369724025973,0.7642103072081554,0,14.0,16.0,2.0,0.5521369724025973,0.6581736398053764,14.0,431,14.0,0.1048951048951049,False
BNDM,ForestCovertype,324,0.67,8248,0.5813953488372094,0.08813323082973,0,89,2411,1673,7.171,2,0.78,54.0,13.272526689665506,7.0,2.0,0.6970056904918152,413.5,0.7805185185185185,0.2592592592592592,168.25063888888891,0.000125,0.0,0.2703293785712328,40.5925925925926,2000.0,0.0,1.0,-3.48238693411383,0.0,2.5219219344944284,-1.8841056121267927,0.0,0.1729072631980554,0.301106036869958,0.9392315502144786,0.8602479119603493,1.1145293779433016,1.036087440057294,30.0,0.0,0.0020065250911484,0.727625,0.5902048975512244,0.8025987006496752,0.7146426786606698,49.0,0.1430867736315684,0.0938146492813726,0.0,0.05875,0.0,0.0614386950786761,0.0699180292431506,0.4444444444444444,0.2567364022629311,0.5493506718975467,0.7688878537859337,0,14.0,89.0,75.0,0.5493506718975467,0.6591192628417402,14.0,432,14.0,0.6153846153846154,False
BNDM,ForestCovertype,644,0.69,5869,0.6279069767441859,0.1433709859191837,0,43,704,1815,6.662,2,0.248,54.0,13.272526689665506,7.0,2.0,0.6970056904918152,413.5,0.7805185185185185,0.2592592592592592,168.25063888888891,0.000125,0.0,0.2703293785712328,40.5925925925926,2000.0,0.0,1.0,-3.48238693411383,0.0,2.5219219344944284,-1.8841056121267927,0.0,0.1729072631980554,0.301106036869958,0.9392315502144786,0.8602479119603493,1.1145293779433016,1.036087440057294,30.0,0.0,0.0020065250911484,0.727625,0.5902048975512244,0.8025987006496752,0.7146426786606698,49.0,0.1430867736315684,0.0938146492813726,0.0,0.05875,0.0,0.0614386950786761,0.0699180292431506,0.4444444444444444,0.2567364022629311,0.5102665494227991,0.7868876637376357,0,14.0,43.0,29.0,0.5102665494227991,0.6485771065802175,14.0,433,14.0,0.2937062937062937,False
BNDM,ForestCovertype,116,0.68,1551,0.6046511627906979,0.3593477160677503,0,52,664,2018,2.495,2,0.149,54.0,13.272526689665506,7.0,2.0,0.6970056904918152,413.5,0.7805185185185185,0.2592592592592592,168.25063888888891,0.000125,0.0,0.2703293785712328,40.5925925925926,2000.0,0.0,1.0,-3.48238693411383,0.0,2.5219219344944284,-1.8841056121267927,0.0,0.1729072631980554,0.301106036869958,0.9392315502144786,0.8602479119603493,1.1145293779433016,1.036087440057294,30.0,0.0,0.0020065250911484,0.727625,0.5902048975512244,0.8025987006496752,0.7146426786606698,49.0,0.1430867736315684,0.0938146492813726,0.0,0.05875,0.0,0.0614386950786761,0.0699180292431506,0.4444444444444444,0.2567364022629311,0.5061097958754207,0.7877481374027762,0,14.0,52.0,38.0,0.5061097958754207,0.6469289666390985,14.0,434,14.0,0.35664335664335667,False
BNDM,ForestCovertype,97,0.67,95,0.5813953488372094,0.8111617077802494,0,9,833,3014,0.596,4,0.456,54.0,13.272526689665506,7.0,2.0,0.6970056904918152,413.5,0.7805185185185185,0.2592592592592592,168.25063888888891,0.000125,0.0,0.2703293785712328,40.5925925925926,2000.0,0.0,1.0,-3.48238693411383,0.0,2.5219219344944284,-1.8841056121267927,0.0,0.1729072631980554,0.301106036869958,0.9392315502144786,0.8602479119603493,1.1145293779433016,1.036087440057294,30.0,0.0,0.0020065250911484,0.727625,0.5902048975512244,0.8025987006496752,0.7146426786606698,49.0,0.1430867736315684,0.0938146492813726,0.0,0.05875,0.0,0.0614386950786761,0.0699180292431506,0.4444444444444444,0.2567364022629311,0.4808058110870607,0.7879938116705774,0,14.0,9.0,5.0,0.4808058110870607,0.6343998113788191,14.0,435,14.0,0.055944055944055944,False
BNDM,ForestCovertype,58,0.66,110,0.558139534883721,0.787591313839118,0,28,4248,4752,3.811,1,0.724,54.0,13.272526689665506,7.0,2.0,0.6970056904918152,413.5,0.7805185185185185,0.2592592592592592,168.25063888888891,0.000125,0.0,0.2703293785712328,40.5925925925926,2000.0,0.0,1.0,-3.48238693411383,0.0,2.5219219344944284,-1.8841056121267927,0.0,0.1729072631980554,0.301106036869958,0.9392315502144786,0.8602479119603493,1.1145293779433016,1.036087440057294,30.0,0.0,0.0020065250911484,0.727625,0.5902048975512244,0.8025987006496752,0.7146426786606698,49.0,0.1430867736315684,0.0938146492813726,0.0,0.05875,0.0,0.0614386950786761,0.0699180292431506,0.4444444444444444,0.2567364022629311,0.47956609247234266,0.7891936895320241,0,14.0,28.0,14.0,0.47956609247234266,0.6343798910021834,14.0,436,14.0,0.1888111888111888,False
BNDM,ForestCovertype,325,0.66,100,0.558139534883721,0.8029187876578411,0,20,3665,4888,4.894,1,0.607,54.0,13.272526689665506,7.0,2.0,0.6970056904918152,413.5,0.7805185185185185,0.2592592592592592,168.25063888888891,0.000125,0.0,0.2703293785712328,40.5925925925926,2000.0,0.0,1.0,-3.48238693411383,0.0,2.5219219344944284,-1.8841056121267927,0.0,0.1729072631980554,0.301106036869958,0.9392315502144786,0.8602479119603493,1.1145293779433016,1.036087440057294,30.0,0.0,0.0020065250911484,0.727625,0.5902048975512244,0.8025987006496752,0.7146426786606698,49.0,0.1430867736315684,0.0938146492813726,0.0,0.05875,0.0,0.0614386950786761,0.0699180292431506,0.4444444444444444,0.2567364022629311,0.47915041786916807,0.7960528297728396,0,14.0,20.0,6.0,0.47915041786916807,0.6376016238210038,14.0,437,14.0,0.13286713286713286,False
BNDM,ForestCovertype,908,0.65,89,0.5348837209302326,0.8216395787590293,0,20,3090,5000,10.0,1,0.235,54.0,13.272526689665506,7.0,2.0,0.6970056904918152,413.5,0.7805185185185185,0.2592592592592592,168.25063888888891,0.000125,0.0,0.2703293785712328,40.5925925925926,2000.0,0.0,1.0,-3.48238693411383,0.0,2.5219219344944284,-1.8841056121267927,0.0,0.1729072631980554,0.301106036869958,0.9392315502144786,0.8602479119603493,1.1145293779433016,1.036087440057294,30.0,0.0,0.0020065250911484,0.727625,0.5902048975512244,0.8025987006496752,0.7146426786606698,49.0,0.1430867736315684,0.0938146492813726,0.0,0.05875,0.0,0.0614386950786761,0.0699180292431506,0.4444444444444444,0.2567364022629311,0.4594695616883117,0.7987858780867397,0,14.0,20.0,6.0,0.4594695616883117,0.6291277198875257,14.0,438,14.0,0.13286713286713286,False
BNDM,ForestCovertype,740,0.63,51,0.4883720930232558,0.9106996186307796,0,7,2191,2771,9.372,1,0.313,54.0,13.272526689665506,7.0,2.0,0.6970056904918152,413.5,0.7805185185185185,0.2592592592592592,168.25063888888891,0.000125,0.0,0.2703293785712328,40.5925925925926,2000.0,0.0,1.0,-3.48238693411383,0.0,2.5219219344944284,-1.8841056121267927,0.0,0.1729072631980554,0.301106036869958,0.9392315502144786,0.8602479119603493,1.1145293779433016,1.036087440057294,30.0,0.0,0.0020065250911484,0.727625,0.5902048975512244,0.8025987006496752,0.7146426786606698,49.0,0.1430867736315684,0.0938146492813726,0.0,0.05875,0.0,0.0614386950786761,0.0699180292431506,0.4444444444444444,0.2567364022629311,0.457140452140452,0.8017996366396902,0,14.0,7.0,7.0,0.457140452140452,0.6294700443900711,14.0,439,14.0,0.04195804195804196,False
BNDM,ForestCovertype,333,0.64,48,0.5116279069767442,0.92034704968182,1,1,410,4512,8.383,1,0.114,54.0,13.272526689665506,7.0,2.0,0.6970056904918152,413.5,0.7805185185185185,0.2592592592592592,168.25063888888891,0.000125,0.0,0.2703293785712328,40.5925925925926,2000.0,0.0,1.0,-3.48238693411383,0.0,2.5219219344944284,-1.8841056121267927,0.0,0.1729072631980554,0.301106036869958,0.9392315502144786,0.8602479119603493,1.1145293779433016,1.036087440057294,30.0,0.0,0.0020065250911484,0.727625,0.5902048975512244,0.8025987006496752,0.7146426786606698,49.0,0.1430867736315684,0.0938146492813726,0.0,0.05875,0.0,0.0614386950786761,0.0699180292431506,0.4444444444444444,0.2567364022629311,0.4110419898388648,0.8056775634356788,0,14.0,1.0,13.0,0.4110419898388648,0.6083597766372718,14.0,440,14.0,0.0,False
BNDM,ForestCovertype,266,0.64,60,0.5116279069767442,0.8847835604324471,0,7,339,3781,1.919,2,0.875,54.0,13.272526689665506,7.0,2.0,0.6970056904918152,413.5,0.7805185185185185,0.2592592592592592,168.25063888888891,0.000125,0.0,0.2703293785712328,40.5925925925926,2000.0,0.0,1.0,-3.48238693411383,0.0,2.5219219344944284,-1.8841056121267927,0.0,0.1729072631980554,0.301106036869958,0.9392315502144786,0.8602479119603493,1.1145293779433016,1.036087440057294,30.0,0.0,0.0020065250911484,0.727625,0.5902048975512244,0.8025987006496752,0.7146426786606698,49.0,0.1430867736315684,0.0938146492813726,0.0,0.05875,0.0,0.0614386950786761,0.0699180292431506,0.4444444444444444,0.2567364022629311,0.4072668725949974,0.8096899609132532,0,14.0,7.0,7.0,0.4072668725949974,0.6084784167541253,14.0,441,14.0,0.04195804195804196,False
BNDM,ForestCovertype,764,0.82,1757,0.9302325581395348,0.339113568333555,0,2,572,55,2.132,17,0.832,54.0,13.272526689665506,7.0,2.0,0.6970056904918152,413.5,0.7805185185185185,0.2592592592592592,168.25063888888891,0.000125,0.0,0.2703293785712328,40.5925925925926,2000.0,0.0,1.0,-3.48238693411383,0.0,2.5219219344944284,-1.8841056121267927,0.0,0.1729072631980554,0.301106036869958,0.9392315502144786,0.8602479119603493,1.1145293779433016,1.036087440057294,30.0,0.0,0.0020065250911484,0.727625,0.5902048975512244,0.8025987006496752,0.7146426786606698,49.0,0.1430867736315684,0.0938146492813726,0.0,0.05875,0.0,0.0614386950786761,0.0699180292431506,0.4444444444444444,0.2567364022629311,0.6985384123977876,0.30692062877700266,0,14.0,2.0,12.0,0.30692062877700266,0.5027295205873952,14.0,442,14.0,0.006993006993006993,False
BNDM,ForestCovertype,574,0.81,10539,0.9069767441860468,0.0483434300318135,0,15,2217,45,2.229,18,0.084,54.0,13.272526689665506,7.0,2.0,0.6970056904918152,413.5,0.7805185185185185,0.2592592592592592,168.25063888888891,0.000125,0.0,0.2703293785712328,40.5925925925926,2000.0,0.0,1.0,-3.48238693411383,0.0,2.5219219344944284,-1.8841056121267927,0.0,0.1729072631980554,0.301106036869958,0.9392315502144786,0.8602479119603493,1.1145293779433016,1.036087440057294,30.0,0.0,0.0020065250911484,0.727625,0.5902048975512244,0.8025987006496752,0.7146426786606698,49.0,0.1430867736315684,0.0938146492813726,0.0,0.05875,0.0,0.0614386950786761,0.0699180292431506,0.4444444444444444,0.2567364022629311,0.7054604978354981,0.3056171537162294,0,14.0,15.0,1.0,0.3056171537162294,0.5055388257758637,14.0,443,14.0,0.0979020979020979,False
BNDM,ForestCovertype,10,0.81,1982,0.9069767441860468,0.3195610217615621,0,7,1086,58,8.837,14,0.998,54.0,13.272526689665506,7.0,2.0,0.6970056904918152,413.5,0.7805185185185185,0.2592592592592592,168.25063888888891,0.000125,0.0,0.2703293785712328,40.5925925925926,2000.0,0.0,1.0,-3.48238693411383,0.0,2.5219219344944284,-1.8841056121267927,0.0,0.1729072631980554,0.301106036869958,0.9392315502144786,0.8602479119603493,1.1145293779433016,1.036087440057294,30.0,0.0,0.0020065250911484,0.727625,0.5902048975512244,0.8025987006496752,0.7146426786606698,49.0,0.1430867736315684,0.0938146492813726,0.0,0.05875,0.0,0.0614386950786761,0.0699180292431506,0.4444444444444444,0.2567364022629311,0.7279233781265032,0.2867129758065333,0,14.0,7.0,7.0,0.2867129758065333,0.5073181769665183,14.0,444,14.0,0.04195804195804196,False
BNDM,ForestCovertype,821,0.67,11952,0.5813953488372094,0.0279189468935923,0,91,4311,2979,5.252,5,0.989,54.0,13.272526689665506,7.0,2.0,0.6970056904918152,413.5,0.7805185185185185,0.2592592592592592,168.25063888888891,0.000125,0.0,0.2703293785712328,40.5925925925926,2000.0,0.0,1.0,-3.48238693411383,0.0,2.5219219344944284,-1.8841056121267927,0.0,0.1729072631980554,0.301106036869958,0.9392315502144786,0.8602479119603493,1.1145293779433016,1.036087440057294,30.0,0.0,0.0020065250911484,0.727625,0.5902048975512244,0.8025987006496752,0.7146426786606698,49.0,0.1430867736315684,0.0938146492813726,0.0,0.05875,0.0,0.0614386950786761,0.0699180292431506,0.4444444444444444,0.2567364022629311,0.5736672754329001,0.6947346643531974,0,15.0,91.0,76.0,0.5736672754329001,0.6342009698930487,15.0,445,15.0,0.6293706293706294,False
BNDM,ForestCovertype,873,0.68,4277,0.6046511627906979,0.1947337030706105,0,63,4679,2726,5.676,3,0.131,54.0,13.272526689665506,7.0,2.0,0.6970056904918152,413.5,0.7805185185185185,0.2592592592592592,168.25063888888891,0.000125,0.0,0.2703293785712328,40.5925925925926,2000.0,0.0,1.0,-3.48238693411383,0.0,2.5219219344944284,-1.8841056121267927,0.0,0.1729072631980554,0.301106036869958,0.9392315502144786,0.8602479119603493,1.1145293779433016,1.036087440057294,30.0,0.0,0.0020065250911484,0.727625,0.5902048975512244,0.8025987006496752,0.7146426786606698,49.0,0.1430867736315684,0.0938146492813726,0.0,0.05875,0.0,0.0614386950786761,0.0699180292431506,0.4444444444444444,0.2567364022629311,0.5704251518157771,0.7109215066586138,0,15.0,63.0,48.0,0.5704251518157771,0.6406733292371954,15.0,446,15.0,0.43356643356643354,False
BNDM,ForestCovertype,440,0.67,3221,0.5813953488372094,0.2407574058316479,0,79,4480,3020,7.6,3,0.543,54.0,13.272526689665506,7.0,2.0,0.6970056904918152,413.5,0.7805185185185185,0.2592592592592592,168.25063888888891,0.000125,0.0,0.2703293785712328,40.5925925925926,2000.0,0.0,1.0,-3.48238693411383,0.0,2.5219219344944284,-1.8841056121267927,0.0,0.1729072631980554,0.301106036869958,0.9392315502144786,0.8602479119603493,1.1145293779433016,1.036087440057294,30.0,0.0,0.0020065250911484,0.727625,0.5902048975512244,0.8025987006496752,0.7146426786606698,49.0,0.1430867736315684,0.0938146492813726,0.0,0.05875,0.0,0.0614386950786761,0.0699180292431506,0.4444444444444444,0.2567364022629311,0.564125045093795,0.7162705279466829,0,15.0,79.0,64.0,0.564125045093795,0.640197786520239,15.0,447,15.0,0.5454545454545454,False
BNDM,ForestCovertype,639,0.67,498,0.5813953488372094,0.5435659625349404,0,55,4721,2992,4.75,3,0.395,54.0,13.272526689665506,7.0,2.0,0.6970056904918152,413.5,0.7805185185185185,0.2592592592592592,168.25063888888891,0.000125,0.0,0.2703293785712328,40.5925925925926,2000.0,0.0,1.0,-3.48238693411383,0.0,2.5219219344944284,-1.8841056121267927,0.0,0.1729072631980554,0.301106036869958,0.9392315502144786,0.8602479119603493,1.1145293779433016,1.036087440057294,30.0,0.0,0.0020065250911484,0.727625,0.5902048975512244,0.8025987006496752,0.7146426786606698,49.0,0.1430867736315684,0.0938146492813726,0.0,0.05875,0.0,0.0614386950786761,0.0699180292431506,0.4444444444444444,0.2567364022629311,0.5559574540043289,0.7198204919534363,0,15.0,55.0,40.0,0.5559574540043289,0.6378889729788826,15.0,448,15.0,0.3776223776223776,False
BNDM,ForestCovertype,217,0.67,194,0.5813953488372094,0.6961116963686254,0,43,4910,3598,7.901,2,0.604,54.0,13.272526689665506,7.0,2.0,0.6970056904918152,413.5,0.7805185185185185,0.2592592592592592,168.25063888888891,0.000125,0.0,0.2703293785712328,40.5925925925926,2000.0,0.0,1.0,-3.48238693411383,0.0,2.5219219344944284,-1.8841056121267927,0.0,0.1729072631980554,0.301106036869958,0.9392315502144786,0.8602479119603493,1.1145293779433016,1.036087440057294,30.0,0.0,0.0020065250911484,0.727625,0.5902048975512244,0.8025987006496752,0.7146426786606698,49.0,0.1430867736315684,0.0938146492813726,0.0,0.05875,0.0,0.0614386950786761,0.0699180292431506,0.4444444444444444,0.2567364022629311,0.5538568196849447,0.7418415870255068,0,15.0,43.0,28.0,0.5538568196849447,0.6478492033552258,15.0,449,15.0,0.2937062937062937,False
BNDM,ForestCovertype,245,0.68,148,0.6046511627906979,0.7397926673246569,0,15,3919,2996,0.483,4,0.428,54.0,13.272526689665506,7.0,2.0,0.6970056904918152,413.5,0.7805185185185185,0.2592592592592592,168.25063888888891,0.000125,0.0,0.2703293785712328,40.5925925925926,2000.0,0.0,1.0,-3.48238693411383,0.0,2.5219219344944284,-1.8841056121267927,0.0,0.1729072631980554,0.301106036869958,0.9392315502144786,0.8602479119603493,1.1145293779433016,1.036087440057294,30.0,0.0,0.0020065250911484,0.727625,0.5902048975512244,0.8025987006496752,0.7146426786606698,49.0,0.1430867736315684,0.0938146492813726,0.0,0.05875,0.0,0.0614386950786761,0.0699180292431506,0.4444444444444444,0.2567364022629311,0.5451118010461757,0.7643046272105433,0,15.0,15.0,0.0,0.5451118010461757,0.6547082141283596,15.0,450,15.0,0.0979020979020979,False
BNDM,ForestCovertype,384,0.69,761,0.6279069767441859,0.4748363628925443,0,29,3410,2389,3.027,3,0.755,54.0,13.272526689665506,7.0,2.0,0.6970056904918152,413.5,0.7805185185185185,0.2592592592592592,168.25063888888891,0.000125,0.0,0.2703293785712328,40.5925925925926,2000.0,0.0,1.0,-3.48238693411383,0.0,2.5219219344944284,-1.8841056121267927,0.0,0.1729072631980554,0.301106036869958,0.9392315502144786,0.8602479119603493,1.1145293779433016,1.036087440057294,30.0,0.0,0.0020065250911484,0.727625,0.5902048975512244,0.8025987006496752,0.7146426786606698,49.0,0.1430867736315684,0.0938146492813726,0.0,0.05875,0.0,0.0614386950786761,0.0699180292431506,0.4444444444444444,0.2567364022629311,0.5291020247113994,0.766725330326183,0,15.0,29.0,14.0,0.5291020247113994,0.6479136775187913,15.0,451,15.0,0.1958041958041958,False
BNDM,ForestCovertype,160,0.66,128,0.558139534883721,0.7631929002064095,0,41,4765,4259,6.608,1,0.785,54.0,13.272526689665506,7.0,2.0,0.6970056904918152,413.5,0.7805185185185185,0.2592592592592592,168.25063888888891,0.000125,0.0,0.2703293785712328,40.5925925925926,2000.0,0.0,1.0,-3.48238693411383,0.0,2.5219219344944284,-1.8841056121267927,0.0,0.1729072631980554,0.301106036869958,0.9392315502144786,0.8602479119603493,1.1145293779433016,1.036087440057294,30.0,0.0,0.0020065250911484,0.727625,0.5902048975512244,0.8025987006496752,0.7146426786606698,49.0,0.1430867736315684,0.0938146492813726,0.0,0.05875,0.0,0.0614386950786761,0.0699180292431506,0.4444444444444444,0.2567364022629311,0.5088587061087062,0.7829520674087536,0,15.0,41.0,26.0,0.5088587061087062,0.6459053867587299,15.0,452,15.0,0.27972027972027974,False
BNDM,ForestCovertype,506,0.67,108,0.5813953488372094,0.7905432251951681,0,13,3019,3295,0.07,5,0.462,54.0,13.272526689665506,7.0,2.0,0.6970056904918152,413.5,0.7805185185185185,0.2592592592592592,168.25063888888891,0.000125,0.0,0.2703293785712328,40.5925925925926,2000.0,0.0,1.0,-3.48238693411383,0.0,2.5219219344944284,-1.8841056121267927,0.0,0.1729072631980554,0.301106036869958,0.9392315502144786,0.8602479119603493,1.1145293779433016,1.036087440057294,30.0,0.0,0.0020065250911484,0.727625,0.5902048975512244,0.8025987006496752,0.7146426786606698,49.0,0.1430867736315684,0.0938146492813726,0.0,0.05875,0.0,0.0614386950786761,0.0699180292431506,0.4444444444444444,0.2567364022629311,0.5061846951659452,0.7851406178310854,0,15.0,13.0,2.0,0.5061846951659452,0.6456626564985153,15.0,453,15.0,0.08391608391608392,False
BNDM,ForestCovertype,173,0.66,113,0.558139534883721,0.783261706540533,0,30,4488,4591,9.902,1,0.044,54.0,13.272526689665506,7.0,2.0,0.6970056904918152,413.5,0.7805185185185185,0.2592592592592592,168.25063888888891,0.000125,0.0,0.2703293785712328,40.5925925925926,2000.0,0.0,1.0,-3.48238693411383,0.0,2.5219219344944284,-1.8841056121267927,0.0,0.1729072631980554,0.301106036869958,0.9392315502144786,0.8602479119603493,1.1145293779433016,1.036087440057294,30.0,0.0,0.0020065250911484,0.727625,0.5902048975512244,0.8025987006496752,0.7146426786606698,49.0,0.1430867736315684,0.0938146492813726,0.0,0.05875,0.0,0.0614386950786761,0.0699180292431506,0.4444444444444444,0.2567364022629311,0.5033114027176525,0.7855387797763663,0,15.0,30.0,15.0,0.5033114027176525,0.6444250912470094,15.0,454,15.0,0.20279720279720279,False
BNDM,ForestCovertype,229,0.59,42,0.3953488372093023,0.9415533214473802,0,6,2032,2717,0.93,4,0.348,54.0,13.272526689665506,7.0,2.0,0.6970056904918152,413.5,0.7805185185185185,0.2592592592592592,168.25063888888891,0.000125,0.0,0.2703293785712328,40.5925925925926,2000.0,0.0,1.0,-3.48238693411383,0.0,2.5219219344944284,-1.8841056121267927,0.0,0.1729072631980554,0.301106036869958,0.9392315502144786,0.8602479119603493,1.1145293779433016,1.036087440057294,30.0,0.0,0.0020065250911484,0.727625,0.5902048975512244,0.8025987006496752,0.7146426786606698,49.0,0.1430867736315684,0.0938146492813726,0.0,0.05875,0.0,0.0614386950786761,0.0699180292431506,0.4444444444444444,0.2567364022629311,0.5019513422919674,0.7871921785855834,0,15.0,6.0,9.0,0.5019513422919674,0.6445717604387754,15.0,455,15.0,0.03496503496503497,False
BNDM,ForestCovertype,98,0.68,130,0.6046511627906979,0.7606951486035265,0,10,2836,2717,8.064,1,0.169,54.0,13.272526689665506,7.0,2.0,0.6970056904918152,413.5,0.7805185185185185,0.2592592592592592,168.25063888888891,0.000125,0.0,0.2703293785712328,40.5925925925926,2000.0,0.0,1.0,-3.48238693411383,0.0,2.5219219344944284,-1.8841056121267927,0.0,0.1729072631980554,0.301106036869958,0.9392315502144786,0.8602479119603493,1.1145293779433016,1.036087440057294,30.0,0.0,0.0020065250911484,0.727625,0.5902048975512244,0.8025987006496752,0.7146426786606698,49.0,0.1430867736315684,0.0938146492813726,0.0,0.05875,0.0,0.0614386950786761,0.0699180292431506,0.4444444444444444,0.2567364022629311,0.4956141474266473,0.7875861166676276,0,15.0,10.0,5.0,0.4956141474266473,0.6416001320471374,15.0,456,15.0,0.06293706293706294,False
BNDM,ForestCovertype,669,0.64,93,0.5116279069767442,0.8145797424880501,0,24,1377,4440,7.637,1,0.66,54.0,13.272526689665506,7.0,2.0,0.6970056904918152,413.5,0.7805185185185185,0.2592592592592592,168.25063888888891,0.000125,0.0,0.2703293785712328,40.5925925925926,2000.0,0.0,1.0,-3.48238693411383,0.0,2.5219219344944284,-1.8841056121267927,0.0,0.1729072631980554,0.301106036869958,0.9392315502144786,0.8602479119603493,1.1145293779433016,1.036087440057294,30.0,0.0,0.0020065250911484,0.727625,0.5902048975512244,0.8025987006496752,0.7146426786606698,49.0,0.1430867736315684,0.0938146492813726,0.0,0.05875,0.0,0.0614386950786761,0.0699180292431506,0.4444444444444444,0.2567364022629311,0.4547739898989898,0.7916352667774261,0,15.0,24.0,9.0,0.4547739898989898,0.623204628338208,15.0,457,15.0,0.16083916083916083,False
BNDM,ForestCovertype,489,0.58,64,0.3720930232558139,0.8744721176095962,0,12,93,1677,9.097,1,0.698,54.0,13.272526689665506,7.0,2.0,0.6970056904918152,413.5,0.7805185185185185,0.2592592592592592,168.25063888888891,0.000125,0.0,0.2703293785712328,40.5925925925926,2000.0,0.0,1.0,-3.48238693411383,0.0,2.5219219344944284,-1.8841056121267927,0.0,0.1729072631980554,0.301106036869958,0.9392315502144786,0.8602479119603493,1.1145293779433016,1.036087440057294,30.0,0.0,0.0020065250911484,0.727625,0.5902048975512244,0.8025987006496752,0.7146426786606698,49.0,0.1430867736315684,0.0938146492813726,0.0,0.05875,0.0,0.0614386950786761,0.0699180292431506,0.4444444444444444,0.2567364022629311,0.44999951148388645,0.7950908448576052,0,15.0,12.0,3.0,0.44999951148388645,0.6225451781707458,15.0,458,15.0,0.07692307692307693,False
BNDM,ForestCovertype,62,0.65,98,0.5348837209302326,0.8061659089359279,0,27,1091,5000,10.0,1,0.001,54.0,13.272526689665506,7.0,2.0,0.6970056904918152,413.5,0.7805185185185185,0.2592592592592592,168.25063888888891,0.000125,0.0,0.2703293785712328,40.5925925925926,2000.0,0.0,1.0,-3.48238693411383,0.0,2.5219219344944284,-1.8841056121267927,0.0,0.1729072631980554,0.301106036869958,0.9392315502144786,0.8602479119603493,1.1145293779433016,1.036087440057294,30.0,0.0,0.0020065250911484,0.727625,0.5902048975512244,0.8025987006496752,0.7146426786606698,49.0,0.1430867736315684,0.0938146492813726,0.0,0.05875,0.0,0.0614386950786761,0.0699180292431506,0.4444444444444444,0.2567364022629311,0.4464958438552188,0.7967759698692377,0,15.0,27.0,12.0,0.4464958438552188,0.6216359068622282,15.0,459,15.0,0.18181818181818182,False
BNDM,ForestCovertype,855,0.65,104,0.5348837209302326,0.7966131153995994,0,29,1523,4448,5.962,1,0.094,54.0,13.272526689665506,7.0,2.0,0.6970056904918152,413.5,0.7805185185185185,0.2592592592592592,168.25063888888891,0.000125,0.0,0.2703293785712328,40.5925925925926,2000.0,0.0,1.0,-3.48238693411383,0.0,2.5219219344944284,-1.8841056121267927,0.0,0.1729072631980554,0.301106036869958,0.9392315502144786,0.8602479119603493,1.1145293779433016,1.036087440057294,30.0,0.0,0.0020065250911484,0.727625,0.5902048975512244,0.8025987006496752,0.7146426786606698,49.0,0.1430867736315684,0.0938146492813726,0.0,0.05875,0.0,0.0614386950786761,0.0699180292431506,0.4444444444444444,0.2567364022629311,0.44606112463924924,0.7986134320100685,0,15.0,29.0,14.0,0.44606112463924924,0.6223372783246589,15.0,460,15.0,0.1958041958041958,False
BNDM,ForestCovertype,260,0.65,63,0.5348837209302326,0.8769892324007532,0,7,576,4098,6.457,1,0.276,54.0,13.272526689665506,7.0,2.0,0.6970056904918152,413.5,0.7805185185185185,0.2592592592592592,168.25063888888891,0.000125,0.0,0.2703293785712328,40.5925925925926,2000.0,0.0,1.0,-3.48238693411383,0.0,2.5219219344944284,-1.8841056121267927,0.0,0.1729072631980554,0.301106036869958,0.9392315502144786,0.8602479119603493,1.1145293779433016,1.036087440057294,30.0,0.0,0.0020065250911484,0.727625,0.5902048975512244,0.8025987006496752,0.7146426786606698,49.0,0.1430867736315684,0.0938146492813726,0.0,0.05875,0.0,0.0614386950786761,0.0699180292431506,0.4444444444444444,0.2567364022629311,0.4061487193362193,0.8006240595120181,0,15.0,7.0,8.0,0.4061487193362193,0.6033863894241187,15.0,461,15.0,0.04195804195804196,False
BNDM,ForestCovertype,106,0.65,54,0.5348837209302326,0.901593457155752,1,1,471,4444,4.91,1,0.579,54.0,13.272526689665506,7.0,2.0,0.6970056904918152,413.5,0.7805185185185185,0.2592592592592592,168.25063888888891,0.000125,0.0,0.2703293785712328,40.5925925925926,2000.0,0.0,1.0,-3.48238693411383,0.0,2.5219219344944284,-1.8841056121267927,0.0,0.1729072631980554,0.301106036869958,0.9392315502144786,0.8602479119603493,1.1145293779433016,1.036087440057294,30.0,0.0,0.0020065250911484,0.727625,0.5902048975512244,0.8025987006496752,0.7146426786606698,49.0,0.1430867736315684,0.0938146492813726,0.0,0.05875,0.0,0.0614386950786761,0.0699180292431506,0.4444444444444444,0.2567364022629311,0.40302479407166897,0.802533520352647,0,15.0,1.0,14.0,0.40302479407166897,0.602779157212158,15.0,462,15.0,0.0,False
BNDM,ForestCovertype,746,0.83,13667,0.9534883720930232,0.0061517765269086,0,5,727,17,5.933,16,0.018,54.0,13.272526689665506,7.0,2.0,0.6970056904918152,413.5,0.7805185185185185,0.2592592592592592,168.25063888888891,0.000125,0.0,0.2703293785712328,40.5925925925926,2000.0,0.0,1.0,-3.48238693411383,0.0,2.5219219344944284,-1.8841056121267927,0.0,0.1729072631980554,0.301106036869958,0.9392315502144786,0.8602479119603493,1.1145293779433016,1.036087440057294,30.0,0.0,0.0020065250911484,0.727625,0.5902048975512244,0.8025987006496752,0.7146426786606698,49.0,0.1430867736315684,0.0938146492813726,0.0,0.05875,0.0,0.0614386950786761,0.0699180292431506,0.4444444444444444,0.2567364022629311,0.6943906099687351,0.2853863665387908,0,15.0,5.0,10.0,0.2853863665387908,0.48988848825376297,15.0,463,15.0,0.027972027972027972,False
BNDM,ForestCovertype,542,0.8,11482,0.8837209302325583,0.0344315803186814,0,20,1665,87,5.776,11,0.265,54.0,13.272526689665506,7.0,2.0,0.6970056904918152,413.5,0.7805185185185185,0.2592592592592592,168.25063888888891,0.000125,0.0,0.2703293785712328,40.5925925925926,2000.0,0.0,1.0,-3.48238693411383,0.0,2.5219219344944284,-1.8841056121267927,0.0,0.1729072631980554,0.301106036869958,0.9392315502144786,0.8602479119603493,1.1145293779433016,1.036087440057294,30.0,0.0,0.0020065250911484,0.727625,0.5902048975512244,0.8025987006496752,0.7146426786606698,49.0,0.1430867736315684,0.0938146492813726,0.0,0.05875,0.0,0.0614386950786761,0.0699180292431506,0.4444444444444444,0.2567364022629311,0.7267849401755655,0.28390211202680293,0,15.0,20.0,5.0,0.28390211202680293,0.5053435261011843,15.0,464,15.0,0.13286713286713286,False
BNDM,ForestCovertype,456,0.67,2381,0.5813953488372094,0.2897973382170407,0,75,4387,2899,1.028,7,0.469,54.0,13.272526689665506,7.0,2.0,0.6970056904918152,413.5,0.7805185185185185,0.2592592592592592,168.25063888888891,0.000125,0.0,0.2703293785712328,40.5925925925926,2000.0,0.0,1.0,-3.48238693411383,0.0,2.5219219344944284,-1.8841056121267927,0.0,0.1729072631980554,0.301106036869958,0.9392315502144786,0.8602479119603493,1.1145293779433016,1.036087440057294,30.0,0.0,0.0020065250911484,0.727625,0.5902048975512244,0.8025987006496752,0.7146426786606698,49.0,0.1430867736315684,0.0938146492813726,0.0,0.05875,0.0,0.0614386950786761,0.0699180292431506,0.4444444444444444,0.2567364022629311,0.5679370941558438,0.6768992283072132,0,16.0,75.0,59.0,0.5679370941558438,0.6224181612315285,16.0,465,16.0,0.5174825174825175,False
BNDM,ForestCovertype,726,0.68,8403,0.6046511627906979,0.0851109432226417,0,73,3783,2456,2.364,6,0.94,54.0,13.272526689665506,7.0,2.0,0.6970056904918152,413.5,0.7805185185185185,0.2592592592592592,168.25063888888891,0.000125,0.0,0.2703293785712328,40.5925925925926,2000.0,0.0,1.0,-3.48238693411383,0.0,2.5219219344944284,-1.8841056121267927,0.0,0.1729072631980554,0.301106036869958,0.9392315502144786,0.8602479119603493,1.1145293779433016,1.036087440057294,30.0,0.0,0.0020065250911484,0.727625,0.5902048975512244,0.8025987006496752,0.7146426786606698,49.0,0.1430867736315684,0.0938146492813726,0.0,0.05875,0.0,0.0614386950786761,0.0699180292431506,0.4444444444444444,0.2567364022629311,0.5614190491221743,0.6784314391704132,0,16.0,73.0,57.0,0.5614190491221743,0.6199252441462937,16.0,466,16.0,0.5034965034965035,False
BNDM,ForestCovertype,350,0.67,2289,0.5813953488372094,0.2961921117682837,0,72,4608,2825,3.527,4,0.08,54.0,13.272526689665506,7.0,2.0,0.6970056904918152,413.5,0.7805185185185185,0.2592592592592592,168.25063888888891,0.000125,0.0,0.2703293785712328,40.5925925925926,2000.0,0.0,1.0,-3.48238693411383,0.0,2.5219219344944284,-1.8841056121267927,0.0,0.1729072631980554,0.301106036869958,0.9392315502144786,0.8602479119603493,1.1145293779433016,1.036087440057294,30.0,0.0,0.0020065250911484,0.727625,0.5902048975512244,0.8025987006496752,0.7146426786606698,49.0,0.1430867736315684,0.0938146492813726,0.0,0.05875,0.0,0.0614386950786761,0.0699180292431506,0.4444444444444444,0.2567364022629311,0.5583390752765751,0.709999011367046,0,16.0,72.0,56.0,0.5583390752765751,0.6341690433218106,16.0,467,16.0,0.4965034965034965,False
BNDM,ForestCovertype,758,0.68,726,0.6046511627906979,0.4824701032326806,0,45,4062,3017,3.602,3,0.786,54.0,13.272526689665506,7.0,2.0,0.6970056904918152,413.5,0.7805185185185185,0.2592592592592592,168.25063888888891,0.000125,0.0,0.2703293785712328,40.5925925925926,2000.0,0.0,1.0,-3.48238693411383,0.0,2.5219219344944284,-1.8841056121267927,0.0,0.1729072631980554,0.301106036869958,0.9392315502144786,0.8602479119603493,1.1145293779433016,1.036087440057294,30.0,0.0,0.0020065250911484,0.727625,0.5902048975512244,0.8025987006496752,0.7146426786606698,49.0,0.1430867736315684,0.0938146492813726,0.0,0.05875,0.0,0.0614386950786761,0.0699180292431506,0.4444444444444444,0.2567364022629311,0.5512166531385283,0.7357897353474734,0,16.0,45.0,29.0,0.5512166531385283,0.6435031942430008,16.0,468,16.0,0.3076923076923077,False
BNDM,ForestCovertype,419,0.69,8471,0.6279069767441859,0.0838025876790548,0,46,1964,2232,9.942,2,0.077,54.0,13.272526689665506,7.0,2.0,0.6970056904918152,413.5,0.7805185185185185,0.2592592592592592,168.25063888888891,0.000125,0.0,0.2703293785712328,40.5925925925926,2000.0,0.0,1.0,-3.48238693411383,0.0,2.5219219344944284,-1.8841056121267927,0.0,0.1729072631980554,0.301106036869958,0.9392315502144786,0.8602479119603493,1.1145293779433016,1.036087440057294,30.0,0.0,0.0020065250911484,0.727625,0.5902048975512244,0.8025987006496752,0.7146426786606698,49.0,0.1430867736315684,0.0938146492813726,0.0,0.05875,0.0,0.0614386950786761,0.0699180292431506,0.4444444444444444,0.2567364022629311,0.5358514760702261,0.7388661711936484,0,16.0,46.0,30.0,0.5358514760702261,0.6373588236319372,16.0,469,16.0,0.3146853146853147,False
BNDM,ForestCovertype,727,0.67,181,0.5813953488372094,0.707312734030379,0,38,3637,3156,2.645,4,0.982,54.0,13.272526689665506,7.0,2.0,0.6970056904918152,413.5,0.7805185185185185,0.2592592592592592,168.25063888888891,0.000125,0.0,0.2703293785712328,40.5925925925926,2000.0,0.0,1.0,-3.48238693411383,0.0,2.5219219344944284,-1.8841056121267927,0.0,0.1729072631980554,0.301106036869958,0.9392315502144786,0.8602479119603493,1.1145293779433016,1.036087440057294,30.0,0.0,0.0020065250911484,0.727625,0.5902048975512244,0.8025987006496752,0.7146426786606698,49.0,0.1430867736315684,0.0938146492813726,0.0,0.05875,0.0,0.0614386950786761,0.0699180292431506,0.4444444444444444,0.2567364022629311,0.5329697345478595,0.755163956796559,0,16.0,38.0,22.0,0.5329697345478595,0.6440668456722092,16.0,470,16.0,0.25874125874125875,False
BNDM,ForestCovertype,580,0.68,528,0.6046511627906979,0.5340875522090724,0,42,3222,2633,1.785,4,0.106,54.0,13.272526689665506,7.0,2.0,0.6970056904918152,413.5,0.7805185185185185,0.2592592592592592,168.25063888888891,0.000125,0.0,0.2703293785712328,40.5925925925926,2000.0,0.0,1.0,-3.48238693411383,0.0,2.5219219344944284,-1.8841056121267927,0.0,0.1729072631980554,0.301106036869958,0.9392315502144786,0.8602479119603493,1.1145293779433016,1.036087440057294,30.0,0.0,0.0020065250911484,0.727625,0.5902048975512244,0.8025987006496752,0.7146426786606698,49.0,0.1430867736315684,0.0938146492813726,0.0,0.05875,0.0,0.0614386950786761,0.0699180292431506,0.4444444444444444,0.2567364022629311,0.528328771344396,0.7560237058459681,0,16.0,42.0,26.0,0.528328771344396,0.6421762385951821,16.0,471,16.0,0.2867132867132867,False
BNDM,ForestCovertype,747,0.69,497,0.6279069767441859,0.5438916409829531,0,26,1540,2190,1.571,4,0.262,54.0,13.272526689665506,7.0,2.0,0.6970056904918152,413.5,0.7805185185185185,0.2592592592592592,168.25063888888891,0.000125,0.0,0.2703293785712328,40.5925925925926,2000.0,0.0,1.0,-3.48238693411383,0.0,2.5219219344944284,-1.8841056121267927,0.0,0.1729072631980554,0.301106036869958,0.9392315502144786,0.8602479119603493,1.1145293779433016,1.036087440057294,30.0,0.0,0.0020065250911484,0.727625,0.5902048975512244,0.8025987006496752,0.7146426786606698,49.0,0.1430867736315684,0.0938146492813726,0.0,0.05875,0.0,0.0614386950786761,0.0699180292431506,0.4444444444444444,0.2567364022629311,0.5273254945286193,0.7623179057299814,0,16.0,26.0,10.0,0.5273254945286193,0.6448217001293004,16.0,472,16.0,0.17482517482517482,False
BNDM,ForestCovertype,445,0.69,108,0.6279069767441859,0.7905432251951681,0,2,2925,2676,0.202,6,0.711,54.0,13.272526689665506,7.0,2.0,0.6970056904918152,413.5,0.7805185185185185,0.2592592592592592,168.25063888888891,0.000125,0.0,0.2703293785712328,40.5925925925926,2000.0,0.0,1.0,-3.48238693411383,0.0,2.5219219344944284,-1.8841056121267927,0.0,0.1729072631980554,0.301106036869958,0.9392315502144786,0.8602479119603493,1.1145293779433016,1.036087440057294,30.0,0.0,0.0020065250911484,0.727625,0.5902048975512244,0.8025987006496752,0.7146426786606698,49.0,0.1430867736315684,0.0938146492813726,0.0,0.05875,0.0,0.0614386950786761,0.0699180292431506,0.4444444444444444,0.2567364022629311,0.5129556577681579,0.7659492118212669,0,16.0,2.0,14.0,0.5129556577681579,0.6394524347947124,16.0,473,16.0,0.006993006993006993,False
BNDM,ForestCovertype,609,0.68,226,0.6046511627906979,0.671442440308174,0,34,1941,2671,8.652,1,0.09,54.0,13.272526689665506,7.0,2.0,0.6970056904918152,413.5,0.7805185185185185,0.2592592592592592,168.25063888888891,0.000125,0.0,0.2703293785712328,40.5925925925926,2000.0,0.0,1.0,-3.48238693411383,0.0,2.5219219344944284,-1.8841056121267927,0.0,0.1729072631980554,0.301106036869958,0.9392315502144786,0.8602479119603493,1.1145293779433016,1.036087440057294,30.0,0.0,0.0020065250911484,0.727625,0.5902048975512244,0.8025987006496752,0.7146426786606698,49.0,0.1430867736315684,0.0938146492813726,0.0,0.05875,0.0,0.0614386950786761,0.0699180292431506,0.4444444444444444,0.2567364022629311,0.5068266744829245,0.7701250512637228,0,16.0,34.0,18.0,0.5068266744829245,0.6384758628733236,16.0,474,16.0,0.23076923076923078,False
BNDM,ForestCovertype,78,0.66,158,0.558139534883721,0.7292467105189655,0,56,4817,4658,5.415,1,0.382,54.0,13.272526689665506,7.0,2.0,0.6970056904918152,413.5,0.7805185185185185,0.2592592592592592,168.25063888888891,0.000125,0.0,0.2703293785712328,40.5925925925926,2000.0,0.0,1.0,-3.48238693411383,0.0,2.5219219344944284,-1.8841056121267927,0.0,0.1729072631980554,0.301106036869958,0.9392315502144786,0.8602479119603493,1.1145293779433016,1.036087440057294,30.0,0.0,0.0020065250911484,0.727625,0.5902048975512244,0.8025987006496752,0.7146426786606698,49.0,0.1430867736315684,0.0938146492813726,0.0,0.05875,0.0,0.0614386950786761,0.0699180292431506,0.4444444444444444,0.2567364022629311,0.5061726866883118,0.7707407796739155,0,16.0,56.0,40.0,0.5061726866883118,0.6384567331811137,16.0,475,16.0,0.38461538461538464,False
BNDM,ForestCovertype,256,0.65,1969,0.5348837209302326,0.3206288518062438,0,105,2299,2186,2.377,3,0.803,54.0,13.272526689665506,7.0,2.0,0.6970056904918152,413.5,0.7805185185185185,0.2592592592592592,168.25063888888891,0.000125,0.0,0.2703293785712328,40.5925925925926,2000.0,0.0,1.0,-3.48238693411383,0.0,2.5219219344944284,-1.8841056121267927,0.0,0.1729072631980554,0.301106036869958,0.9392315502144786,0.8602479119603493,1.1145293779433016,1.036087440057294,30.0,0.0,0.0020065250911484,0.727625,0.5902048975512244,0.8025987006496752,0.7146426786606698,49.0,0.1430867736315684,0.0938146492813726,0.0,0.05875,0.0,0.0614386950786761,0.0699180292431506,0.4444444444444444,0.2567364022629311,0.49957469572424895,0.7818391161161664,0,16.0,105.0,89.0,0.49957469572424895,0.6407069059202077,16.0,476,16.0,0.7272727272727273,False
BNDM,ForestCovertype,718,0.67,385,0.5813953488372094,0.5852525326328619,0,53,1631,3009,2.941,2,0.157,54.0,13.272526689665506,7.0,2.0,0.6970056904918152,413.5,0.7805185185185185,0.2592592592592592,168.25063888888891,0.000125,0.0,0.2703293785712328,40.5925925925926,2000.0,0.0,1.0,-3.48238693411383,0.0,2.5219219344944284,-1.8841056121267927,0.0,0.1729072631980554,0.301106036869958,0.9392315502144786,0.8602479119603493,1.1145293779433016,1.036087440057294,30.0,0.0,0.0020065250911484,0.727625,0.5902048975512244,0.8025987006496752,0.7146426786606698,49.0,0.1430867736315684,0.0938146492813726,0.0,0.05875,0.0,0.0614386950786761,0.0699180292431506,0.4444444444444444,0.2567364022629311,0.4935027281746029,0.7822405219218641,0,16.0,53.0,37.0,0.4935027281746029,0.6378716250482335,16.0,477,16.0,0.36363636363636365,False
BNDM,ForestCovertype,861,0.67,384,0.5813953488372094,0.5856736759348842,0,52,241,1271,8.499,1,0.37,54.0,13.272526689665506,7.0,2.0,0.6970056904918152,413.5,0.7805185185185185,0.2592592592592592,168.25063888888891,0.000125,0.0,0.2703293785712328,40.5925925925926,2000.0,0.0,1.0,-3.48238693411383,0.0,2.5219219344944284,-1.8841056121267927,0.0,0.1729072631980554,0.301106036869958,0.9392315502144786,0.8602479119603493,1.1145293779433016,1.036087440057294,30.0,0.0,0.0020065250911484,0.727625,0.5902048975512244,0.8025987006496752,0.7146426786606698,49.0,0.1430867736315684,0.0938146492813726,0.0,0.05875,0.0,0.0614386950786761,0.0699180292431506,0.4444444444444444,0.2567364022629311,0.4927525553150556,0.7871976299740603,0,16.0,52.0,36.0,0.4927525553150556,0.639975092644558,16.0,478,16.0,0.35664335664335667,False
BNDM,ForestCovertype,909,0.65,105,0.5348837209302326,0.7950742351394693,0,30,818,3459,10.0,1,0.262,54.0,13.272526689665506,7.0,2.0,0.6970056904918152,413.5,0.7805185185185185,0.2592592592592592,168.25063888888891,0.000125,0.0,0.2703293785712328,40.5925925925926,2000.0,0.0,1.0,-3.48238693411383,0.0,2.5219219344944284,-1.8841056121267927,0.0,0.1729072631980554,0.301106036869958,0.9392315502144786,0.8602479119603493,1.1145293779433016,1.036087440057294,30.0,0.0,0.0020065250911484,0.727625,0.5902048975512244,0.8025987006496752,0.7146426786606698,49.0,0.1430867736315684,0.0938146492813726,0.0,0.05875,0.0,0.0614386950786761,0.0699180292431506,0.4444444444444444,0.2567364022629311,0.4519325321669072,0.7908040172037206,0,16.0,30.0,14.0,0.4519325321669072,0.621368274685314,16.0,479,16.0,0.20279720279720279,False
BNDM,ForestCovertype,235,0.66,77,0.558139534883721,0.8448720940102759,0,6,785,3562,1.848,3,0.324,54.0,13.272526689665506,7.0,2.0,0.6970056904918152,413.5,0.7805185185185185,0.2592592592592592,168.25063888888891,0.000125,0.0,0.2703293785712328,40.5925925925926,2000.0,0.0,1.0,-3.48238693411383,0.0,2.5219219344944284,-1.8841056121267927,0.0,0.1729072631980554,0.301106036869958,0.9392315502144786,0.8602479119603493,1.1145293779433016,1.036087440057294,30.0,0.0,0.0020065250911484,0.727625,0.5902048975512244,0.8025987006496752,0.7146426786606698,49.0,0.1430867736315684,0.0938146492813726,0.0,0.05875,0.0,0.0614386950786761,0.0699180292431506,0.4444444444444444,0.2567364022629311,0.44496000931938423,0.793089441368642,0,16.0,6.0,10.0,0.44496000931938423,0.6190247253440131,16.0,480,16.0,0.03496503496503497,False
BNDM,ForestCovertype,91,0.65,76,0.5348837209302326,0.8469669701970017,0,14,618,4423,7.658,1,0.001,54.0,13.272526689665506,7.0,2.0,0.6970056904918152,413.5,0.7805185185185185,0.2592592592592592,168.25063888888891,0.000125,0.0,0.2703293785712328,40.5925925925926,2000.0,0.0,1.0,-3.48238693411383,0.0,2.5219219344944284,-1.8841056121267927,0.0,0.1729072631980554,0.301106036869958,0.9392315502144786,0.8602479119603493,1.1145293779433016,1.036087440057294,30.0,0.0,0.0020065250911484,0.727625,0.5902048975512244,0.8025987006496752,0.7146426786606698,49.0,0.1430867736315684,0.0938146492813726,0.0,0.05875,0.0,0.0614386950786761,0.0699180292431506,0.4444444444444444,0.2567364022629311,0.4324380486411736,0.7954453068068389,0,16.0,14.0,2.0,0.4324380486411736,0.6139416777240062,16.0,481,16.0,0.09090909090909091,False
BNDM,ForestCovertype,713,0.61,57,0.4418604651162791,0.8929710423942037,0,10,375,4935,5.927,1,0.839,54.0,13.272526689665506,7.0,2.0,0.6970056904918152,413.5,0.7805185185185185,0.2592592592592592,168.25063888888891,0.000125,0.0,0.2703293785712328,40.5925925925926,2000.0,0.0,1.0,-3.48238693411383,0.0,2.5219219344944284,-1.8841056121267927,0.0,0.1729072631980554,0.301106036869958,0.9392315502144786,0.8602479119603493,1.1145293779433016,1.036087440057294,30.0,0.0,0.0020065250911484,0.727625,0.5902048975512244,0.8025987006496752,0.7146426786606698,49.0,0.1430867736315684,0.0938146492813726,0.0,0.05875,0.0,0.0614386950786761,0.0699180292431506,0.4444444444444444,0.2567364022629311,0.3816909120971617,0.802340657609726,0,16.0,10.0,6.0,0.3816909120971617,0.5920157848534439,16.0,482,16.0,0.06293706293706294,False
BNDM,ForestCovertype,281,0.76,7492,0.7906976744186047,0.1037388186250373,0,25,2098,91,4.186,13,0.625,54.0,13.272526689665506,7.0,2.0,0.6970056904918152,413.5,0.7805185185185185,0.2592592592592592,168.25063888888891,0.000125,0.0,0.2703293785712328,40.5925925925926,2000.0,0.0,1.0,-3.48238693411383,0.0,2.5219219344944284,-1.8841056121267927,0.0,0.1729072631980554,0.301106036869958,0.9392315502144786,0.8602479119603493,1.1145293779433016,1.036087440057294,30.0,0.0,0.0020065250911484,0.727625,0.5902048975512244,0.8025987006496752,0.7146426786606698,49.0,0.1430867736315684,0.0938146492813726,0.0,0.05875,0.0,0.0614386950786761,0.0699180292431506,0.4444444444444444,0.2567364022629311,0.7239744092712853,0.28310648915393516,0,16.0,25.0,9.0,0.28310648915393516,0.5035404492126102,16.0,483,16.0,0.16783216783216784,False
BNDM,ForestCovertype,685,0.67,12733,0.5813953488372094,0.0176432402129722,0,92,4477,2769,2.715,7,0.052,54.0,13.272526689665506,7.0,2.0,0.6970056904918152,413.5,0.7805185185185185,0.2592592592592592,168.25063888888891,0.000125,0.0,0.2703293785712328,40.5925925925926,2000.0,0.0,1.0,-3.48238693411383,0.0,2.5219219344944284,-1.8841056121267927,0.0,0.1729072631980554,0.301106036869958,0.9392315502144786,0.8602479119603493,1.1145293779433016,1.036087440057294,30.0,0.0,0.0020065250911484,0.727625,0.5902048975512244,0.8025987006496752,0.7146426786606698,49.0,0.1430867736315684,0.0938146492813726,0.0,0.05875,0.0,0.0614386950786761,0.0699180292431506,0.4444444444444444,0.2567364022629311,0.5669564995189995,0.6294427084639693,0,17.0,92.0,75.0,0.5669564995189995,0.5981996039914844,17.0,484,17.0,0.6363636363636364,False
BNDM,ForestCovertype,628,0.67,3278,0.5813953488372094,0.2379103902019049,0,80,4921,3338,1.699,8,0.922,54.0,13.272526689665506,7.0,2.0,0.6970056904918152,413.5,0.7805185185185185,0.2592592592592592,168.25063888888891,0.000125,0.0,0.2703293785712328,40.5925925925926,2000.0,0.0,1.0,-3.48238693411383,0.0,2.5219219344944284,-1.8841056121267927,0.0,0.1729072631980554,0.301106036869958,0.9392315502144786,0.8602479119603493,1.1145293779433016,1.036087440057294,30.0,0.0,0.0020065250911484,0.727625,0.5902048975512244,0.8025987006496752,0.7146426786606698,49.0,0.1430867736315684,0.0938146492813726,0.0,0.05875,0.0,0.0614386950786761,0.0699180292431506,0.4444444444444444,0.2567364022629311,0.5584692535473789,0.6406835667497061,0,17.0,80.0,63.0,0.5584692535473789,0.5995764101485425,17.0,485,17.0,0.5524475524475524,False
BNDM,ForestCovertype,633,0.66,2869,0.558139534883721,0.2595397941456403,0,112,4363,3375,5.066,5,0.729,54.0,13.272526689665506,7.0,2.0,0.6970056904918152,413.5,0.7805185185185185,0.2592592592592592,168.25063888888891,0.000125,0.0,0.2703293785712328,40.5925925925926,2000.0,0.0,1.0,-3.48238693411383,0.0,2.5219219344944284,-1.8841056121267927,0.0,0.1729072631980554,0.301106036869958,0.9392315502144786,0.8602479119603493,1.1145293779433016,1.036087440057294,30.0,0.0,0.0020065250911484,0.727625,0.5902048975512244,0.8025987006496752,0.7146426786606698,49.0,0.1430867736315684,0.0938146492813726,0.0,0.05875,0.0,0.0614386950786761,0.0699180292431506,0.4444444444444444,0.2567364022629311,0.5517878336940837,0.6448235096493119,0,17.0,112.0,95.0,0.5517878336940837,0.5983056716716978,17.0,486,17.0,0.7762237762237763,False
BNDM,ForestCovertype,517,0.67,6544,0.5813953488372094,0.1256996425804593,0,87,4998,3242,7.648,4,0.217,54.0,13.272526689665506,7.0,2.0,0.6970056904918152,413.5,0.7805185185185185,0.2592592592592592,168.25063888888891,0.000125,0.0,0.2703293785712328,40.5925925925926,2000.0,0.0,1.0,-3.48238693411383,0.0,2.5219219344944284,-1.8841056121267927,0.0,0.1729072631980554,0.301106036869958,0.9392315502144786,0.8602479119603493,1.1145293779433016,1.036087440057294,30.0,0.0,0.0020065250911484,0.727625,0.5902048975512244,0.8025987006496752,0.7146426786606698,49.0,0.1430867736315684,0.0938146492813726,0.0,0.05875,0.0,0.0614386950786761,0.0699180292431506,0.4444444444444444,0.2567364022629311,0.5492639114357861,0.6593466657044708,0,17.0,87.0,70.0,0.5492639114357861,0.6043052885701284,17.0,487,17.0,0.6013986013986014,False
BNDM,ForestCovertype,282,0.66,525,0.558139534883721,0.5350108759407483,0,83,4304,3249,5.293,3,0.144,54.0,13.272526689665506,7.0,2.0,0.6970056904918152,413.5,0.7805185185185185,0.2592592592592592,168.25063888888891,0.000125,0.0,0.2703293785712328,40.5925925925926,2000.0,0.0,1.0,-3.48238693411383,0.0,2.5219219344944284,-1.8841056121267927,0.0,0.1729072631980554,0.301106036869958,0.9392315502144786,0.8602479119603493,1.1145293779433016,1.036087440057294,30.0,0.0,0.0020065250911484,0.727625,0.5902048975512244,0.8025987006496752,0.7146426786606698,49.0,0.1430867736315684,0.0938146492813726,0.0,0.05875,0.0,0.0614386950786761,0.0699180292431506,0.4444444444444444,0.2567364022629311,0.5423481691919194,0.7121330564824797,0,17.0,83.0,66.0,0.5423481691919194,0.6272406128371996,17.0,488,17.0,0.5734265734265734,False
BNDM,ForestCovertype,158,0.67,640,0.5813953488372094,0.5029095666003387,0,59,3443,2791,0.117,8,0.321,54.0,13.272526689665506,7.0,2.0,0.6970056904918152,413.5,0.7805185185185185,0.2592592592592592,168.25063888888891,0.000125,0.0,0.2703293785712328,40.5925925925926,2000.0,0.0,1.0,-3.48238693411383,0.0,2.5219219344944284,-1.8841056121267927,0.0,0.1729072631980554,0.301106036869958,0.9392315502144786,0.8602479119603493,1.1145293779433016,1.036087440057294,30.0,0.0,0.0020065250911484,0.727625,0.5902048975512244,0.8025987006496752,0.7146426786606698,49.0,0.1430867736315684,0.0938146492813726,0.0,0.05875,0.0,0.0614386950786761,0.0699180292431506,0.4444444444444444,0.2567364022629311,0.5416368746993748,0.7144107609813298,0,17.0,59.0,42.0,0.5416368746993748,0.6280238178403523,17.0,489,17.0,0.40559440559440557,False
BNDM,ForestCovertype,132,0.68,171,0.6046511627906979,0.7164875282064462,0,23,3961,3403,0.642,5,0.095,54.0,13.272526689665506,7.0,2.0,0.6970056904918152,413.5,0.7805185185185185,0.2592592592592592,168.25063888888891,0.000125,0.0,0.2703293785712328,40.5925925925926,2000.0,0.0,1.0,-3.48238693411383,0.0,2.5219219344944284,-1.8841056121267927,0.0,0.1729072631980554,0.301106036869958,0.9392315502144786,0.8602479119603493,1.1145293779433016,1.036087440057294,30.0,0.0,0.0020065250911484,0.727625,0.5902048975512244,0.8025987006496752,0.7146426786606698,49.0,0.1430867736315684,0.0938146492813726,0.0,0.05875,0.0,0.0614386950786761,0.0699180292431506,0.4444444444444444,0.2567364022629311,0.537205033970659,0.7302073796277332,0,17.0,23.0,6.0,0.537205033970659,0.6337062067991961,17.0,490,17.0,0.15384615384615385,False
BNDM,ForestCovertype,422,0.67,170,0.5813953488372094,0.7174341819200292,0,37,4767,3584,0.756,4,0.75,54.0,13.272526689665506,7.0,2.0,0.6970056904918152,413.5,0.7805185185185185,0.2592592592592592,168.25063888888891,0.000125,0.0,0.2703293785712328,40.5925925925926,2000.0,0.0,1.0,-3.48238693411383,0.0,2.5219219344944284,-1.8841056121267927,0.0,0.1729072631980554,0.301106036869958,0.9392315502144786,0.8602479119603493,1.1145293779433016,1.036087440057294,30.0,0.0,0.0020065250911484,0.727625,0.5902048975512244,0.8025987006496752,0.7146426786606698,49.0,0.1430867736315684,0.0938146492813726,0.0,0.05875,0.0,0.0614386950786761,0.0699180292431506,0.4444444444444444,0.2567364022629311,0.532092276936027,0.734737246659948,0,17.0,37.0,20.0,0.532092276936027,0.6334147617979875,17.0,491,17.0,0.2517482517482518,False
BNDM,ForestCovertype,695,0.66,137,0.558139534883721,0.752243764304876,0,48,4677,3720,0.922,4,0.517,54.0,13.272526689665506,7.0,2.0,0.6970056904918152,413.5,0.7805185185185185,0.2592592592592592,168.25063888888891,0.000125,0.0,0.2703293785712328,40.5925925925926,2000.0,0.0,1.0,-3.48238693411383,0.0,2.5219219344944284,-1.8841056121267927,0.0,0.1729072631980554,0.301106036869958,0.9392315502144786,0.8602479119603493,1.1145293779433016,1.036087440057294,30.0,0.0,0.0020065250911484,0.727625,0.5902048975512244,0.8025987006496752,0.7146426786606698,49.0,0.1430867736315684,0.0938146492813726,0.0,0.05875,0.0,0.0614386950786761,0.0699180292431506,0.4444444444444444,0.2567364022629311,0.5283925790644538,0.7495311207745115,0,17.0,48.0,31.0,0.5283925790644538,0.6389618499194827,17.0,492,17.0,0.32867132867132864,False
BNDM,ForestCovertype,681,0.69,1450,0.6279069767441859,0.370272526494359,0,32,1013,2248,2.843,3,0.469,54.0,13.272526689665506,7.0,2.0,0.6970056904918152,413.5,0.7805185185185185,0.2592592592592592,168.25063888888891,0.000125,0.0,0.2703293785712328,40.5925925925926,2000.0,0.0,1.0,-3.48238693411383,0.0,2.5219219344944284,-1.8841056121267927,0.0,0.1729072631980554,0.301106036869958,0.9392315502144786,0.8602479119603493,1.1145293779433016,1.036087440057294,30.0,0.0,0.0020065250911484,0.727625,0.5902048975512244,0.8025987006496752,0.7146426786606698,49.0,0.1430867736315684,0.0938146492813726,0.0,0.05875,0.0,0.0614386950786761,0.0699180292431506,0.4444444444444444,0.2567364022629311,0.5270777717652716,0.7558708155382259,0,17.0,32.0,15.0,0.5270777717652716,0.6414742936517488,17.0,493,17.0,0.21678321678321677,False
BNDM,ForestCovertype,806,0.67,1782,0.5813953488372094,0.336821089521514,0,67,3614,3076,8.359,2,0.338,54.0,13.272526689665506,7.0,2.0,0.6970056904918152,413.5,0.7805185185185185,0.2592592592592592,168.25063888888891,0.000125,0.0,0.2703293785712328,40.5925925925926,2000.0,0.0,1.0,-3.48238693411383,0.0,2.5219219344944284,-1.8841056121267927,0.0,0.1729072631980554,0.301106036869958,0.9392315502144786,0.8602479119603493,1.1145293779433016,1.036087440057294,30.0,0.0,0.0020065250911484,0.727625,0.5902048975512244,0.8025987006496752,0.7146426786606698,49.0,0.1430867736315684,0.0938146492813726,0.0,0.05875,0.0,0.0614386950786761,0.0699180292431506,0.4444444444444444,0.2567364022629311,0.5198826509139007,0.756839913460511,0,17.0,67.0,50.0,0.5198826509139007,0.6383612821872059,17.0,494,17.0,0.46153846153846156,False
BNDM,ForestCovertype,688,0.43,253,0.0232558139534883,0.6531967841335151,0,73,2003,2129,1.133,4,0.033,54.0,13.272526689665506,7.0,2.0,0.6970056904918152,413.5,0.7805185185185185,0.2592592592592592,168.25063888888891,0.000125,0.0,0.2703293785712328,40.5925925925926,2000.0,0.0,1.0,-3.48238693411383,0.0,2.5219219344944284,-1.8841056121267927,0.0,0.1729072631980554,0.301106036869958,0.9392315502144786,0.8602479119603493,1.1145293779433016,1.036087440057294,30.0,0.0,0.0020065250911484,0.727625,0.5902048975512244,0.8025987006496752,0.7146426786606698,49.0,0.1430867736315684,0.0938146492813726,0.0,0.05875,0.0,0.0614386950786761,0.0699180292431506,0.4444444444444444,0.2567364022629311,0.51604077982203,0.7611071997308463,0,17.0,73.0,56.0,0.51604077982203,0.6385739897764382,17.0,495,17.0,0.5034965034965035,False
BNDM,ForestCovertype,162,0.66,134,0.558139534883721,0.7558120541385255,0,45,4582,4432,0.032,5,0.665,54.0,13.272526689665506,7.0,2.0,0.6970056904918152,413.5,0.7805185185185185,0.2592592592592592,168.25063888888891,0.000125,0.0,0.2703293785712328,40.5925925925926,2000.0,0.0,1.0,-3.48238693411383,0.0,2.5219219344944284,-1.8841056121267927,0.0,0.1729072631980554,0.301106036869958,0.9392315502144786,0.8602479119603493,1.1145293779433016,1.036087440057294,30.0,0.0,0.0020065250911484,0.727625,0.5902048975512244,0.8025987006496752,0.7146426786606698,49.0,0.1430867736315684,0.0938146492813726,0.0,0.05875,0.0,0.0614386950786761,0.0699180292431506,0.4444444444444444,0.2567364022629311,0.5034512536075034,0.7652485527933761,0,17.0,45.0,28.0,0.5034512536075034,0.6343499032004398,17.0,496,17.0,0.3076923076923077,False
BNDM,ForestCovertype,5,0.66,131,0.558139534883721,0.7594605369359646,0,43,3927,3918,2.617,2,0.941,54.0,13.272526689665506,7.0,2.0,0.6970056904918152,413.5,0.7805185185185185,0.2592592592592592,168.25063888888891,0.000125,0.0,0.2703293785712328,40.5925925925926,2000.0,0.0,1.0,-3.48238693411383,0.0,2.5219219344944284,-1.8841056121267927,0.0,0.1729072631980554,0.301106036869958,0.9392315502144786,0.8602479119603493,1.1145293779433016,1.036087440057294,30.0,0.0,0.0020065250911484,0.727625,0.5902048975512244,0.8025987006496752,0.7146426786606698,49.0,0.1430867736315684,0.0938146492813726,0.0,0.05875,0.0,0.0614386950786761,0.0699180292431506,0.4444444444444444,0.2567364022629311,0.4979241597522845,0.7775517308598743,0,17.0,43.0,26.0,0.4979241597522845,0.6377379453060794,17.0,497,17.0,0.2937062937062937,False
BNDM,ForestCovertype,353,0.67,145,0.5813953488372094,0.7430948283198153,0,29,1513,3123,5.719,1,0.123,54.0,13.272526689665506,7.0,2.0,0.6970056904918152,413.5,0.7805185185185185,0.2592592592592592,168.25063888888891,0.000125,0.0,0.2703293785712328,40.5925925925926,2000.0,0.0,1.0,-3.48238693411383,0.0,2.5219219344944284,-1.8841056121267927,0.0,0.1729072631980554,0.301106036869958,0.9392315502144786,0.8602479119603493,1.1145293779433016,1.036087440057294,30.0,0.0,0.0020065250911484,0.727625,0.5902048975512244,0.8025987006496752,0.7146426786606698,49.0,0.1430867736315684,0.0938146492813726,0.0,0.05875,0.0,0.0614386950786761,0.0699180292431506,0.4444444444444444,0.2567364022629311,0.4862448668229916,0.7825669526610894,0,17.0,29.0,12.0,0.4862448668229916,0.6344059097420405,17.0,498,17.0,0.1958041958041958,False
BNDM,ForestCovertype,557,0.63,103,0.4883720930232558,0.7981667220103126,0,29,3290,4622,9.901,1,0.504,54.0,13.272526689665506,7.0,2.0,0.6970056904918152,413.5,0.7805185185185185,0.2592592592592592,168.25063888888891,0.000125,0.0,0.2703293785712328,40.5925925925926,2000.0,0.0,1.0,-3.48238693411383,0.0,2.5219219344944284,-1.8841056121267927,0.0,0.1729072631980554,0.301106036869958,0.9392315502144786,0.8602479119603493,1.1145293779433016,1.036087440057294,30.0,0.0,0.0020065250911484,0.727625,0.5902048975512244,0.8025987006496752,0.7146426786606698,49.0,0.1430867736315684,0.0938146492813726,0.0,0.05875,0.0,0.0614386950786761,0.0699180292431506,0.4444444444444444,0.2567364022629311,0.48169432419432373,0.786569348936968,0,17.0,29.0,12.0,0.48169432419432373,0.6341318365656459,17.0,499,17.0,0.1958041958041958,False
BNDM,ForestCovertype,844,0.67,82,0.5813953488372094,0.8347849588443909,0,4,1091,3942,0.523,3,0.867,54.0,13.272526689665506,7.0,2.0,0.6970056904918152,413.5,0.7805185185185185,0.2592592592592592,168.25063888888891,0.000125,0.0,0.2703293785712328,40.5925925925926,2000.0,0.0,1.0,-3.48238693411383,0.0,2.5219219344944284,-1.8841056121267927,0.0,0.1729072631980554,0.301106036869958,0.9392315502144786,0.8602479119603493,1.1145293779433016,1.036087440057294,30.0,0.0,0.0020065250911484,0.727625,0.5902048975512244,0.8025987006496752,0.7146426786606698,49.0,0.1430867736315684,0.0938146492813726,0.0,0.05875,0.0,0.0614386950786761,0.0699180292431506,0.4444444444444444,0.2567364022629311,0.44398180465367965,0.789675095881043,0,17.0,4.0,13.0,0.44398180465367965,0.6168284502673613,17.0,500,17.0,0.02097902097902098,False
BNDM,ForestCovertype,53,0.65,76,0.5348837209302326,0.8469669701970017,0,14,738,4171,6.034,1,0.001,54.0,13.272526689665506,7.0,2.0,0.6970056904918152,413.5,0.7805185185185185,0.2592592592592592,168.25063888888891,0.000125,0.0,0.2703293785712328,40.5925925925926,2000.0,0.0,1.0,-3.48238693411383,0.0,2.5219219344944284,-1.8841056121267927,0.0,0.1729072631980554,0.301106036869958,0.9392315502144786,0.8602479119603493,1.1145293779433016,1.036087440057294,30.0,0.0,0.0020065250911484,0.727625,0.5902048975512244,0.8025987006496752,0.7146426786606698,49.0,0.1430867736315684,0.0938146492813726,0.0,0.05875,0.0,0.0614386950786761,0.0699180292431506,0.4444444444444444,0.2567364022629311,0.44223175955988436,0.792731165972511,0,17.0,14.0,3.0,0.44223175955988436,0.6174814627661978,17.0,501,17.0,0.09090909090909091,False
BNDM,ForestCovertype,8,0.65,69,0.5348837209302326,0.862440640020103,0,11,640,4175,2.919,1,0.104,54.0,13.272526689665506,7.0,2.0,0.6970056904918152,413.5,0.7805185185185185,0.2592592592592592,168.25063888888891,0.000125,0.0,0.2703293785712328,40.5925925925926,2000.0,0.0,1.0,-3.48238693411383,0.0,2.5219219344944284,-1.8841056121267927,0.0,0.1729072631980554,0.301106036869958,0.9392315502144786,0.8602479119603493,1.1145293779433016,1.036087440057294,30.0,0.0,0.0020065250911484,0.727625,0.5902048975512244,0.8025987006496752,0.7146426786606698,49.0,0.1430867736315684,0.0938146492813726,0.0,0.05875,0.0,0.0614386950786761,0.0699180292431506,0.4444444444444444,0.2567364022629311,0.4280915704665703,0.7942292206186721,0,17.0,11.0,6.0,0.4280915704665703,0.6111603955426212,17.0,502,17.0,0.06993006993006994,False
BNDM,ForestCovertype,64,0.65,69,0.5348837209302326,0.862440640020103,0,11,495,4063,10.0,1,0.999,54.0,13.272526689665506,7.0,2.0,0.6970056904918152,413.5,0.7805185185185185,0.2592592592592592,168.25063888888891,0.000125,0.0,0.2703293785712328,40.5925925925926,2000.0,0.0,1.0,-3.48238693411383,0.0,2.5219219344944284,-1.8841056121267927,0.0,0.1729072631980554,0.301106036869958,0.9392315502144786,0.8602479119603493,1.1145293779433016,1.036087440057294,30.0,0.0,0.0020065250911484,0.727625,0.5902048975512244,0.8025987006496752,0.7146426786606698,49.0,0.1430867736315684,0.0938146492813726,0.0,0.05875,0.0,0.0614386950786761,0.0699180292431506,0.4444444444444444,0.2567364022629311,0.4085608390452139,0.7947805334866099,0,17.0,11.0,6.0,0.4085608390452139,0.6016706862659119,17.0,503,17.0,0.06993006993006994,False
BNDM,ForestCovertype,312,0.8,3262,0.8837209302325583,0.2387045252094212,0,14,1731,75,7.398,19,0.941,54.0,13.272526689665506,7.0,2.0,0.6970056904918152,413.5,0.7805185185185185,0.2592592592592592,168.25063888888891,0.000125,0.0,0.2703293785712328,40.5925925925926,2000.0,0.0,1.0,-3.48238693411383,0.0,2.5219219344944284,-1.8841056121267927,0.0,0.1729072631980554,0.301106036869958,0.9392315502144786,0.8602479119603493,1.1145293779433016,1.036087440057294,30.0,0.0,0.0020065250911484,0.727625,0.5902048975512244,0.8025987006496752,0.7146426786606698,49.0,0.1430867736315684,0.0938146492813726,0.0,0.05875,0.0,0.0614386950786761,0.0699180292431506,0.4444444444444444,0.2567364022629311,0.7174623391654641,0.2807445599151268,0,17.0,14.0,3.0,0.2807445599151268,0.49910344954029545,17.0,504,17.0,0.09090909090909091,False
BNDM,ForestCovertype,117,0.82,4874,0.9302325581395348,0.1735251078443903,0,7,930,55,6.591,15,0.339,54.0,13.272526689665506,7.0,2.0,0.6970056904918152,413.5,0.7805185185185185,0.2592592592592592,168.25063888888891,0.000125,0.0,0.2703293785712328,40.5925925925926,2000.0,0.0,1.0,-3.48238693411383,0.0,2.5219219344944284,-1.8841056121267927,0.0,0.1729072631980554,0.301106036869958,0.9392315502144786,0.8602479119603493,1.1145293779433016,1.036087440057294,30.0,0.0,0.0020065250911484,0.727625,0.5902048975512244,0.8025987006496752,0.7146426786606698,49.0,0.1430867736315684,0.0938146492813726,0.0,0.05875,0.0,0.0614386950786761,0.0699180292431506,0.4444444444444444,0.2567364022629311,0.7219347793410293,0.26923537628303723,0,17.0,7.0,10.0,0.26923537628303723,0.4955850778120333,17.0,505,17.0,0.04195804195804196,False
BNDM,ForestCovertype,313,0.67,10560,0.5813953488372094,0.0480202828051117,0,90,4681,3148,3.174,7,0.459,54.0,13.272526689665506,7.0,2.0,0.6970056904918152,413.5,0.7805185185185185,0.2592592592592592,168.25063888888891,0.000125,0.0,0.2703293785712328,40.5925925925926,2000.0,0.0,1.0,-3.48238693411383,0.0,2.5219219344944284,-1.8841056121267927,0.0,0.1729072631980554,0.301106036869958,0.9392315502144786,0.8602479119603493,1.1145293779433016,1.036087440057294,30.0,0.0,0.0020065250911484,0.727625,0.5902048975512244,0.8025987006496752,0.7146426786606698,49.0,0.1430867736315684,0.0938146492813726,0.0,0.05875,0.0,0.0614386950786761,0.0699180292431506,0.4444444444444444,0.2567364022629311,0.5591743401274649,0.5963375577316566,0,18.0,90.0,72.0,0.5591743401274649,0.5777559489295607,18.0,506,18.0,0.6223776223776224,False
BNDM,ForestCovertype,790,0.67,1775,0.5813953488372094,0.3374597273572496,0,66,3268,2682,0.918,7,0.852,54.0,13.272526689665506,7.0,2.0,0.6970056904918152,413.5,0.7805185185185185,0.2592592592592592,168.25063888888891,0.000125,0.0,0.2703293785712328,40.5925925925926,2000.0,0.0,1.0,-3.48238693411383,0.0,2.5219219344944284,-1.8841056121267927,0.0,0.1729072631980554,0.301106036869958,0.9392315502144786,0.8602479119603493,1.1145293779433016,1.036087440057294,30.0,0.0,0.0020065250911484,0.727625,0.5902048975512244,0.8025987006496752,0.7146426786606698,49.0,0.1430867736315684,0.0938146492813726,0.0,0.05875,0.0,0.0614386950786761,0.0699180292431506,0.4444444444444444,0.2567364022629311,0.5399345463564211,0.7070215880057532,0,18.0,66.0,48.0,0.5399345463564211,0.6234780671810871,18.0,507,18.0,0.45454545454545453,False
BNDM,ForestCovertype,867,0.67,1181,0.5813953488372094,0.4035617248273904,0,63,4357,3836,9.412,2,0.49,54.0,13.272526689665506,7.0,2.0,0.6970056904918152,413.5,0.7805185185185185,0.2592592592592592,168.25063888888891,0.000125,0.0,0.2703293785712328,40.5925925925926,2000.0,0.0,1.0,-3.48238693411383,0.0,2.5219219344944284,-1.8841056121267927,0.0,0.1729072631980554,0.301106036869958,0.9392315502144786,0.8602479119603493,1.1145293779433016,1.036087440057294,30.0,0.0,0.0020065250911484,0.727625,0.5902048975512244,0.8025987006496752,0.7146426786606698,49.0,0.1430867736315684,0.0938146492813726,0.0,0.05875,0.0,0.0614386950786761,0.0699180292431506,0.4444444444444444,0.2567364022629311,0.5335446729196729,0.7166936892996991,0,18.0,63.0,45.0,0.5335446729196729,0.625119181109686,18.0,508,18.0,0.43356643356643354,False
BNDM,ForestCovertype,590,0.68,6050,0.6046511627906979,0.1384405729664962,0,71,1327,2531,6.215,3,0.606,54.0,13.272526689665506,7.0,2.0,0.6970056904918152,413.5,0.7805185185185185,0.2592592592592592,168.25063888888891,0.000125,0.0,0.2703293785712328,40.5925925925926,2000.0,0.0,1.0,-3.48238693411383,0.0,2.5219219344944284,-1.8841056121267927,0.0,0.1729072631980554,0.301106036869958,0.9392315502144786,0.8602479119603493,1.1145293779433016,1.036087440057294,30.0,0.0,0.0020065250911484,0.727625,0.5902048975512244,0.8025987006496752,0.7146426786606698,49.0,0.1430867736315684,0.0938146492813726,0.0,0.05875,0.0,0.0614386950786761,0.0699180292431506,0.4444444444444444,0.2567364022629311,0.5327212752525249,0.719106000166563,0,18.0,71.0,53.0,0.5327212752525249,0.625913637709544,18.0,509,18.0,0.48951048951048953,False
BNDM,ForestCovertype,289,0.66,406,0.558139534883721,0.5766518743744028,0,78,4884,3858,6.253,2,0.16,54.0,13.272526689665506,7.0,2.0,0.6970056904918152,413.5,0.7805185185185185,0.2592592592592592,168.25063888888891,0.000125,0.0,0.2703293785712328,40.5925925925926,2000.0,0.0,1.0,-3.48238693411383,0.0,2.5219219344944284,-1.8841056121267927,0.0,0.1729072631980554,0.301106036869958,0.9392315502144786,0.8602479119603493,1.1145293779433016,1.036087440057294,30.0,0.0,0.0020065250911484,0.727625,0.5902048975512244,0.8025987006496752,0.7146426786606698,49.0,0.1430867736315684,0.0938146492813726,0.0,0.05875,0.0,0.0614386950786761,0.0699180292431506,0.4444444444444444,0.2567364022629311,0.521930998977874,0.7372175927548351,0,18.0,78.0,60.0,0.521930998977874,0.6295742958663546,18.0,510,18.0,0.5384615384615384,False
BNDM,ForestCovertype,774,0.69,3747,0.6279069767441859,0.2162067273260729,0,38,1562,2361,8.46,2,0.587,54.0,13.272526689665506,7.0,2.0,0.6970056904918152,413.5,0.7805185185185185,0.2592592592592592,168.25063888888891,0.000125,0.0,0.2703293785712328,40.5925925925926,2000.0,0.0,1.0,-3.48238693411383,0.0,2.5219219344944284,-1.8841056121267927,0.0,0.1729072631980554,0.301106036869958,0.9392315502144786,0.8602479119603493,1.1145293779433016,1.036087440057294,30.0,0.0,0.0020065250911484,0.727625,0.5902048975512244,0.8025987006496752,0.7146426786606698,49.0,0.1430867736315684,0.0938146492813726,0.0,0.05875,0.0,0.0614386950786761,0.0699180292431506,0.4444444444444444,0.2567364022629311,0.52148207521645,0.7449868695425349,0,18.0,38.0,20.0,0.52148207521645,0.6332344723794925,18.0,511,18.0,0.25874125874125875,False
BNDM,ForestCovertype,96,0.66,135,0.558139534883721,0.7546138889077293,0,46,5000,4328,0.001,4,0.905,54.0,13.272526689665506,7.0,2.0,0.6970056904918152,413.5,0.7805185185185185,0.2592592592592592,168.25063888888891,0.000125,0.0,0.2703293785712328,40.5925925925926,2000.0,0.0,1.0,-3.48238693411383,0.0,2.5219219344944284,-1.8841056121267927,0.0,0.1729072631980554,0.301106036869958,0.9392315502144786,0.8602479119603493,1.1145293779433016,1.036087440057294,30.0,0.0,0.0020065250911484,0.727625,0.5902048975512244,0.8025987006496752,0.7146426786606698,49.0,0.1430867736315684,0.0938146492813726,0.0,0.05875,0.0,0.0614386950786761,0.0699180292431506,0.4444444444444444,0.2567364022629311,0.5119691257816259,0.7520182539381707,0,18.0,46.0,28.0,0.5119691257816259,0.6319936898598983,18.0,512,18.0,0.3146853146853147,False
BNDM,ForestCovertype,769,0.67,130,0.5813953488372094,0.7606951486035265,0,23,4129,4022,0.095,4,0.576,54.0,13.272526689665506,7.0,2.0,0.6970056904918152,413.5,0.7805185185185185,0.2592592592592592,168.25063888888891,0.000125,0.0,0.2703293785712328,40.5925925925926,2000.0,0.0,1.0,-3.48238693411383,0.0,2.5219219344944284,-1.8841056121267927,0.0,0.1729072631980554,0.301106036869958,0.9392315502144786,0.8602479119603493,1.1145293779433016,1.036087440057294,30.0,0.0,0.0020065250911484,0.727625,0.5902048975512244,0.8025987006496752,0.7146426786606698,49.0,0.1430867736315684,0.0938146492813726,0.0,0.05875,0.0,0.0614386950786761,0.0699180292431506,0.4444444444444444,0.2567364022629311,0.510587790103415,0.7609700407150662,0,18.0,23.0,5.0,0.510587790103415,0.6357789154092406,18.0,513,18.0,0.15384615384615385,False
BNDM,ForestCovertype,205,0.68,211,0.6046511627906979,0.6825413385190022,0,31,1614,3315,3.18,2,0.023,54.0,13.272526689665506,7.0,2.0,0.6970056904918152,413.5,0.7805185185185185,0.2592592592592592,168.25063888888891,0.000125,0.0,0.2703293785712328,40.5925925925926,2000.0,0.0,1.0,-3.48238693411383,0.0,2.5219219344944284,-1.8841056121267927,0.0,0.1729072631980554,0.301106036869958,0.9392315502144786,0.8602479119603493,1.1145293779433016,1.036087440057294,30.0,0.0,0.0020065250911484,0.727625,0.5902048975512244,0.8025987006496752,0.7146426786606698,49.0,0.1430867736315684,0.0938146492813726,0.0,0.05875,0.0,0.0614386950786761,0.0699180292431506,0.4444444444444444,0.2567364022629311,0.4942502104377103,0.7770657783415083,0,18.0,31.0,13.0,0.4942502104377103,0.6356579943896092,18.0,514,18.0,0.2097902097902098,False
BNDM,ForestCovertype,322,0.67,83,0.5813953488372094,0.8328406164207829,0,5,611,2657,9.792,1,0.477,54.0,13.272526689665506,7.0,2.0,0.6970056904918152,413.5,0.7805185185185185,0.2592592592592592,168.25063888888891,0.000125,0.0,0.2703293785712328,40.5925925925926,2000.0,0.0,1.0,-3.48238693411383,0.0,2.5219219344944284,-1.8841056121267927,0.0,0.1729072631980554,0.301106036869958,0.9392315502144786,0.8602479119603493,1.1145293779433016,1.036087440057294,30.0,0.0,0.0020065250911484,0.727625,0.5902048975512244,0.8025987006496752,0.7146426786606698,49.0,0.1430867736315684,0.0938146492813726,0.0,0.05875,0.0,0.0614386950786761,0.0699180292431506,0.4444444444444444,0.2567364022629311,0.4649404686748435,0.7831041660349709,0,18.0,5.0,13.0,0.4649404686748435,0.6240223173549072,18.0,515,18.0,0.027972027972027972,False
BNDM,ForestCovertype,73,0.66,80,0.558139534883721,0.8387449271596722,0,8,866,3724,8.538,1,0.667,54.0,13.272526689665506,7.0,2.0,0.6970056904918152,413.5,0.7805185185185185,0.2592592592592592,168.25063888888891,0.000125,0.0,0.2703293785712328,40.5925925925926,2000.0,0.0,1.0,-3.48238693411383,0.0,2.5219219344944284,-1.8841056121267927,0.0,0.1729072631980554,0.301106036869958,0.9392315502144786,0.8602479119603493,1.1145293779433016,1.036087440057294,30.0,0.0,0.0020065250911484,0.727625,0.5902048975512244,0.8025987006496752,0.7146426786606698,49.0,0.1430867736315684,0.0938146492813726,0.0,0.05875,0.0,0.0614386950786761,0.0699180292431506,0.4444444444444444,0.2567364022629311,0.45215237944925424,0.7856867464042613,0,18.0,8.0,10.0,0.45215237944925424,0.6189195629267578,18.0,516,18.0,0.04895104895104895,False
BNDM,ForestCovertype,233,0.66,93,0.558139534883721,0.8145797424880501,0,15,1592,4938,0.377,3,0.921,54.0,13.272526689665506,7.0,2.0,0.6970056904918152,413.5,0.7805185185185185,0.2592592592592592,168.25063888888891,0.000125,0.0,0.2703293785712328,40.5925925925926,2000.0,0.0,1.0,-3.48238693411383,0.0,2.5219219344944284,-1.8841056121267927,0.0,0.1729072631980554,0.301106036869958,0.9392315502144786,0.8602479119603493,1.1145293779433016,1.036087440057294,30.0,0.0,0.0020065250911484,0.727625,0.5902048975512244,0.8025987006496752,0.7146426786606698,49.0,0.1430867736315684,0.0938146492813726,0.0,0.05875,0.0,0.0614386950786761,0.0699180292431506,0.4444444444444444,0.2567364022629311,0.4280451388888889,0.7864304958250793,0,18.0,15.0,3.0,0.4280451388888889,0.6072378173569841,18.0,517,18.0,0.0979020979020979,False
BNDM,ForestCovertype,888,0.63,43,0.4883720930232558,0.9378209581769352,0,3,2292,4526,9.112,1,0.235,54.0,13.272526689665506,7.0,2.0,0.6970056904918152,413.5,0.7805185185185185,0.2592592592592592,168.25063888888891,0.000125,0.0,0.2703293785712328,40.5925925925926,2000.0,0.0,1.0,-3.48238693411383,0.0,2.5219219344944284,-1.8841056121267927,0.0,0.1729072631980554,0.301106036869958,0.9392315502144786,0.8602479119603493,1.1145293779433016,1.036087440057294,30.0,0.0,0.0020065250911484,0.727625,0.5902048975512244,0.8025987006496752,0.7146426786606698,49.0,0.1430867736315684,0.0938146492813726,0.0,0.05875,0.0,0.0614386950786761,0.0699180292431506,0.4444444444444444,0.2567364022629311,0.42492476100288595,0.7926777314439375,0,18.0,3.0,15.0,0.42492476100288595,0.6088012462234117,18.0,518,18.0,0.013986013986013986,False
BNDM,ForestCovertype,43,0.66,85,0.558139534883721,0.8290204248269133,0,11,1192,5000,4.858,1,0.484,54.0,13.272526689665506,7.0,2.0,0.6970056904918152,413.5,0.7805185185185185,0.2592592592592592,168.25063888888891,0.000125,0.0,0.2703293785712328,40.5925925925926,2000.0,0.0,1.0,-3.48238693411383,0.0,2.5219219344944284,-1.8841056121267927,0.0,0.1729072631980554,0.301106036869958,0.9392315502144786,0.8602479119603493,1.1145293779433016,1.036087440057294,30.0,0.0,0.0020065250911484,0.727625,0.5902048975512244,0.8025987006496752,0.7146426786606698,49.0,0.1430867736315684,0.0938146492813726,0.0,0.05875,0.0,0.0614386950786761,0.0699180292431506,0.4444444444444444,0.2567364022629311,0.41947764099326573,0.7931647623180799,0,18.0,11.0,7.0,0.41947764099326573,0.6063212016556728,18.0,519,18.0,0.06993006993006994,False
BNDM,ForestCovertype,529,0.82,4489,0.9302325581395348,0.1868812743014259,0,6,1119,32,8.655,14,0.669,54.0,13.272526689665506,7.0,2.0,0.6970056904918152,413.5,0.7805185185185185,0.2592592592592592,168.25063888888891,0.000125,0.0,0.2703293785712328,40.5925925925926,2000.0,0.0,1.0,-3.48238693411383,0.0,2.5219219344944284,-1.8841056121267927,0.0,0.1729072631980554,0.301106036869958,0.9392315502144786,0.8602479119603493,1.1145293779433016,1.036087440057294,30.0,0.0,0.0020065250911484,0.727625,0.5902048975512244,0.8025987006496752,0.7146426786606698,49.0,0.1430867736315684,0.0938146492813726,0.0,0.05875,0.0,0.0614386950786761,0.0699180292431506,0.4444444444444444,0.2567364022629311,0.7156947676166427,0.26906013112144234,0,18.0,6.0,12.0,0.26906013112144234,0.49237744936904254,18.0,520,18.0,0.03496503496503497,False
BNDM,ForestCovertype,584,0.67,3991,0.5813953488372094,0.2059672726735394,0,81,4284,3201,4.105,6,0.381,54.0,13.272526689665506,7.0,2.0,0.6970056904918152,413.5,0.7805185185185185,0.2592592592592592,168.25063888888891,0.000125,0.0,0.2703293785712328,40.5925925925926,2000.0,0.0,1.0,-3.48238693411383,0.0,2.5219219344944284,-1.8841056121267927,0.0,0.1729072631980554,0.301106036869958,0.9392315502144786,0.8602479119603493,1.1145293779433016,1.036087440057294,30.0,0.0,0.0020065250911484,0.727625,0.5902048975512244,0.8025987006496752,0.7146426786606698,49.0,0.1430867736315684,0.0938146492813726,0.0,0.05875,0.0,0.0614386950786761,0.0699180292431506,0.4444444444444444,0.2567364022629311,0.5546229031385277,0.5958572901532896,0,19.0,81.0,62.0,0.5546229031385277,0.5752400966459086,19.0,521,19.0,0.5594405594405595,False
BNDM,ForestCovertype,717,0.66,146,0.558139534883721,0.7419866284408493,0,52,3446,2859,0.675,7,0.448,54.0,13.272526689665506,7.0,2.0,0.6970056904918152,413.5,0.7805185185185185,0.2592592592592592,168.25063888888891,0.000125,0.0,0.2703293785712328,40.5925925925926,2000.0,0.0,1.0,-3.48238693411383,0.0,2.5219219344944284,-1.8841056121267927,0.0,0.1729072631980554,0.301106036869958,0.9392315502144786,0.8602479119603493,1.1145293779433016,1.036087440057294,30.0,0.0,0.0020065250911484,0.727625,0.5902048975512244,0.8025987006496752,0.7146426786606698,49.0,0.1430867736315684,0.0938146492813726,0.0,0.05875,0.0,0.0614386950786761,0.0699180292431506,0.4444444444444444,0.2567364022629311,0.5369030182780182,0.6749846681199358,0,19.0,52.0,33.0,0.5369030182780182,0.605943843198977,19.0,522,19.0,0.35664335664335667,False
BNDM,ForestCovertype,380,0.67,133,0.5813953488372094,0.7570191277427712,0,24,4227,3613,1.445,6,0.02,54.0,13.272526689665506,7.0,2.0,0.6970056904918152,413.5,0.7805185185185185,0.2592592592592592,168.25063888888891,0.000125,0.0,0.2703293785712328,40.5925925925926,2000.0,0.0,1.0,-3.48238693411383,0.0,2.5219219344944284,-1.8841056121267927,0.0,0.1729072631980554,0.301106036869958,0.9392315502144786,0.8602479119603493,1.1145293779433016,1.036087440057294,30.0,0.0,0.0020065250911484,0.727625,0.5902048975512244,0.8025987006496752,0.7146426786606698,49.0,0.1430867736315684,0.0938146492813726,0.0,0.05875,0.0,0.0614386950786761,0.0699180292431506,0.4444444444444444,0.2567364022629311,0.535908993205868,0.6961060397476433,0,19.0,24.0,5.0,0.535908993205868,0.6160075164767557,19.0,523,19.0,0.16083916083916083,False
BNDM,ForestCovertype,466,0.67,6017,0.5813953488372094,0.1393283987787477,0,86,3524,3073,9.765,3,0.663,54.0,13.272526689665506,7.0,2.0,0.6970056904918152,413.5,0.7805185185185185,0.2592592592592592,168.25063888888891,0.000125,0.0,0.2703293785712328,40.5925925925926,2000.0,0.0,1.0,-3.48238693411383,0.0,2.5219219344944284,-1.8841056121267927,0.0,0.1729072631980554,0.301106036869958,0.9392315502144786,0.8602479119603493,1.1145293779433016,1.036087440057294,30.0,0.0,0.0020065250911484,0.727625,0.5902048975512244,0.8025987006496752,0.7146426786606698,49.0,0.1430867736315684,0.0938146492813726,0.0,0.05875,0.0,0.0614386950786761,0.0699180292431506,0.4444444444444444,0.2567364022629311,0.5309022366522365,0.7080854449882581,0,19.0,86.0,67.0,0.5309022366522365,0.6194938408202473,19.0,524,19.0,0.5944055944055944,False
BNDM,ForestCovertype,647,0.66,953,0.558139534883721,0.4383533926575276,0,96,4502,3572,6.088,3,0.178,54.0,13.272526689665506,7.0,2.0,0.6970056904918152,413.5,0.7805185185185185,0.2592592592592592,168.25063888888891,0.000125,0.0,0.2703293785712328,40.5925925925926,2000.0,0.0,1.0,-3.48238693411383,0.0,2.5219219344944284,-1.8841056121267927,0.0,0.1729072631980554,0.301106036869958,0.9392315502144786,0.8602479119603493,1.1145293779433016,1.036087440057294,30.0,0.0,0.0020065250911484,0.727625,0.5902048975512244,0.8025987006496752,0.7146426786606698,49.0,0.1430867736315684,0.0938146492813726,0.0,0.05875,0.0,0.0614386950786761,0.0699180292431506,0.4444444444444444,0.2567364022629311,0.5243373091029343,0.716323975632555,0,19.0,96.0,77.0,0.5243373091029343,0.6203306423677446,19.0,525,19.0,0.6643356643356644,False
BNDM,ForestCovertype,757,0.68,5292,0.6046511627906979,0.160169317110534,0,68,1398,2707,6.18,3,0.709,54.0,13.272526689665506,7.0,2.0,0.6970056904918152,413.5,0.7805185185185185,0.2592592592592592,168.25063888888891,0.000125,0.0,0.2703293785712328,40.5925925925926,2000.0,0.0,1.0,-3.48238693411383,0.0,2.5219219344944284,-1.8841056121267927,0.0,0.1729072631980554,0.301106036869958,0.9392315502144786,0.8602479119603493,1.1145293779433016,1.036087440057294,30.0,0.0,0.0020065250911484,0.727625,0.5902048975512244,0.8025987006496752,0.7146426786606698,49.0,0.1430867736315684,0.0938146492813726,0.0,0.05875,0.0,0.0614386950786761,0.0699180292431506,0.4444444444444444,0.2567364022629311,0.5199964526214523,0.7173694365331084,0,19.0,68.0,49.0,0.5199964526214523,0.6186829445772803,19.0,526,19.0,0.46853146853146854,False
BNDM,ForestCovertype,464,0.67,13888,0.5813953488372094,0.0035477003713707,0,96,2532,2105,6.808,3,0.539,54.0,13.272526689665506,7.0,2.0,0.6970056904918152,413.5,0.7805185185185185,0.2592592592592592,168.25063888888891,0.000125,0.0,0.2703293785712328,40.5925925925926,2000.0,0.0,1.0,-3.48238693411383,0.0,2.5219219344944284,-1.8841056121267927,0.0,0.1729072631980554,0.301106036869958,0.9392315502144786,0.8602479119603493,1.1145293779433016,1.036087440057294,30.0,0.0,0.0020065250911484,0.727625,0.5902048975512244,0.8025987006496752,0.7146426786606698,49.0,0.1430867736315684,0.0938146492813726,0.0,0.05875,0.0,0.0614386950786761,0.0699180292431506,0.4444444444444444,0.2567364022629311,0.5185126713564213,0.7370316477493433,0,19.0,96.0,77.0,0.5185126713564213,0.6277721595528822,19.0,527,19.0,0.6643356643356644,False
BNDM,ForestCovertype,839,0.66,220,0.558139534883721,0.6757913785172888,0,66,3749,3681,7.027,2,0.493,54.0,13.272526689665506,7.0,2.0,0.6970056904918152,413.5,0.7805185185185185,0.2592592592592592,168.25063888888891,0.000125,0.0,0.2703293785712328,40.5925925925926,2000.0,0.0,1.0,-3.48238693411383,0.0,2.5219219344944284,-1.8841056121267927,0.0,0.1729072631980554,0.301106036869958,0.9392315502144786,0.8602479119603493,1.1145293779433016,1.036087440057294,30.0,0.0,0.0020065250911484,0.727625,0.5902048975512244,0.8025987006496752,0.7146426786606698,49.0,0.1430867736315684,0.0938146492813726,0.0,0.05875,0.0,0.0614386950786761,0.0699180292431506,0.4444444444444444,0.2567364022629311,0.5083406009499758,0.7494439427188073,0,19.0,66.0,47.0,0.5083406009499758,0.6288922718343916,19.0,528,19.0,0.45454545454545453,False
BNDM,ForestCovertype,765,0.67,134,0.5813953488372094,0.7558120541385255,0,25,4275,3889,5.003,2,0.325,54.0,13.272526689665506,7.0,2.0,0.6970056904918152,413.5,0.7805185185185185,0.2592592592592592,168.25063888888891,0.000125,0.0,0.2703293785712328,40.5925925925926,2000.0,0.0,1.0,-3.48238693411383,0.0,2.5219219344944284,-1.8841056121267927,0.0,0.1729072631980554,0.301106036869958,0.9392315502144786,0.8602479119603493,1.1145293779433016,1.036087440057294,30.0,0.0,0.0020065250911484,0.727625,0.5902048975512244,0.8025987006496752,0.7146426786606698,49.0,0.1430867736315684,0.0938146492813726,0.0,0.05875,0.0,0.0614386950786761,0.0699180292431506,0.4444444444444444,0.2567364022629311,0.5080297243265995,0.7582910767533986,0,19.0,25.0,6.0,0.5080297243265995,0.6331604005399991,19.0,529,19.0,0.16783216783216784,False
BNDM,ForestCovertype,237,0.58,4540,0.3720930232558139,0.1850475966873938,0,123,2011,2627,8.581,2,0.96,54.0,13.272526689665506,7.0,2.0,0.6970056904918152,413.5,0.7805185185185185,0.2592592592592592,168.25063888888891,0.000125,0.0,0.2703293785712328,40.5925925925926,2000.0,0.0,1.0,-3.48238693411383,0.0,2.5219219344944284,-1.8841056121267927,0.0,0.1729072631980554,0.301106036869958,0.9392315502144786,0.8602479119603493,1.1145293779433016,1.036087440057294,30.0,0.0,0.0020065250911484,0.727625,0.5902048975512244,0.8025987006496752,0.7146426786606698,49.0,0.1430867736315684,0.0938146492813726,0.0,0.05875,0.0,0.0614386950786761,0.0699180292431506,0.4444444444444444,0.2567364022629311,0.49259804894179904,0.7590492608283723,0,19.0,123.0,104.0,0.49259804894179904,0.6258236548850857,19.0,530,19.0,0.8531468531468531,False
BNDM,ForestCovertype,845,0.65,109,0.5348837209302326,0.7890605605352848,0,32,4845,4852,3.178,2,0.937,54.0,13.272526689665506,7.0,2.0,0.6970056904918152,413.5,0.7805185185185185,0.2592592592592592,168.25063888888891,0.000125,0.0,0.2703293785712328,40.5925925925926,2000.0,0.0,1.0,-3.48238693411383,0.0,2.5219219344944284,-1.8841056121267927,0.0,0.1729072631980554,0.301106036869958,0.9392315502144786,0.8602479119603493,1.1145293779433016,1.036087440057294,30.0,0.0,0.0020065250911484,0.727625,0.5902048975512244,0.8025987006496752,0.7146426786606698,49.0,0.1430867736315684,0.0938146492813726,0.0,0.05875,0.0,0.0614386950786761,0.0699180292431506,0.4444444444444444,0.2567364022629311,0.4925607187950936,0.7669695809389904,0,19.0,32.0,13.0,0.4925607187950936,0.629765149867042,19.0,531,19.0,0.21678321678321677,False
BNDM,ForestCovertype,770,0.58,31,0.3720930232558139,0.9895221290212202,0,3,2008,2949,1.107,3,0.954,54.0,13.272526689665506,7.0,2.0,0.6970056904918152,413.5,0.7805185185185185,0.2592592592592592,168.25063888888891,0.000125,0.0,0.2703293785712328,40.5925925925926,2000.0,0.0,1.0,-3.48238693411383,0.0,2.5219219344944284,-1.8841056121267927,0.0,0.1729072631980554,0.301106036869958,0.9392315502144786,0.8602479119603493,1.1145293779433016,1.036087440057294,30.0,0.0,0.0020065250911484,0.727625,0.5902048975512244,0.8025987006496752,0.7146426786606698,49.0,0.1430867736315684,0.0938146492813726,0.0,0.05875,0.0,0.0614386950786761,0.0699180292431506,0.4444444444444444,0.2567364022629311,0.4848780212842714,0.7739695514659508,0,19.0,3.0,16.0,0.4848780212842714,0.6294237863751111,19.0,532,19.0,0.013986013986013986,False
BNDM,ForestCovertype,246,0.6,3101,0.4186046511627906,0.2469194605413933,0,114,33,1044,0.855,2,0.439,54.0,13.272526689665506,7.0,2.0,0.6970056904918152,413.5,0.7805185185185185,0.2592592592592592,168.25063888888891,0.000125,0.0,0.2703293785712328,40.5925925925926,2000.0,0.0,1.0,-3.48238693411383,0.0,2.5219219344944284,-1.8841056121267927,0.0,0.1729072631980554,0.301106036869958,0.9392315502144786,0.8602479119603493,1.1145293779433016,1.036087440057294,30.0,0.0,0.0020065250911484,0.727625,0.5902048975512244,0.8025987006496752,0.7146426786606698,49.0,0.1430867736315684,0.0938146492813726,0.0,0.05875,0.0,0.0614386950786761,0.0699180292431506,0.4444444444444444,0.2567364022629311,0.46348807269119763,0.7748029447736332,0,19.0,114.0,95.0,0.46348807269119763,0.6191455087324154,19.0,533,19.0,0.7902097902097902,False
BNDM,ForestCovertype,691,0.66,85,0.558139534883721,0.8290204248269133,0,11,798,3439,9.033,1,0.532,54.0,13.272526689665506,7.0,2.0,0.6970056904918152,413.5,0.7805185185185185,0.2592592592592592,168.25063888888891,0.000125,0.0,0.2703293785712328,40.5925925925926,2000.0,0.0,1.0,-3.48238693411383,0.0,2.5219219344944284,-1.8841056121267927,0.0,0.1729072631980554,0.301106036869958,0.9392315502144786,0.8602479119603493,1.1145293779433016,1.036087440057294,30.0,0.0,0.0020065250911484,0.727625,0.5902048975512244,0.8025987006496752,0.7146426786606698,49.0,0.1430867736315684,0.0938146492813726,0.0,0.05875,0.0,0.0614386950786761,0.0699180292431506,0.4444444444444444,0.2567364022629311,0.4586938807720058,0.7775457243444726,0,19.0,11.0,8.0,0.4586938807720058,0.6181198025582392,19.0,534,19.0,0.06993006993006994,False
BNDM,ForestCovertype,438,0.63,73,0.4883720930232558,0.8534188384596215,0,15,2975,4964,4.191,2,0.749,54.0,13.272526689665506,7.0,2.0,0.6970056904918152,413.5,0.7805185185185185,0.2592592592592592,168.25063888888891,0.000125,0.0,0.2703293785712328,40.5925925925926,2000.0,0.0,1.0,-3.48238693411383,0.0,2.5219219344944284,-1.8841056121267927,0.0,0.1729072631980554,0.301106036869958,0.9392315502144786,0.8602479119603493,1.1145293779433016,1.036087440057294,30.0,0.0,0.0020065250911484,0.727625,0.5902048975512244,0.8025987006496752,0.7146426786606698,49.0,0.1430867736315684,0.0938146492813726,0.0,0.05875,0.0,0.0614386950786761,0.0699180292431506,0.4444444444444444,0.2567364022629311,0.4286826298701297,0.7798543720750235,0,19.0,15.0,4.0,0.4286826298701297,0.6042685009725766,19.0,535,19.0,0.0979020979020979,False
BNDM,ForestCovertype,818,0.63,38,0.4883720930232558,0.9574049906307428,1,1,2171,4312,2.885,2,0.668,54.0,13.272526689665506,7.0,2.0,0.6970056904918152,413.5,0.7805185185185185,0.2592592592592592,168.25063888888891,0.000125,0.0,0.2703293785712328,40.5925925925926,2000.0,0.0,1.0,-3.48238693411383,0.0,2.5219219344944284,-1.8841056121267927,0.0,0.1729072631980554,0.301106036869958,0.9392315502144786,0.8602479119603493,1.1145293779433016,1.036087440057294,30.0,0.0,0.0020065250911484,0.727625,0.5902048975512244,0.8025987006496752,0.7146426786606698,49.0,0.1430867736315684,0.0938146492813726,0.0,0.05875,0.0,0.0614386950786761,0.0699180292431506,0.4444444444444444,0.2567364022629311,0.42429192971380464,0.7861165496394975,0,19.0,1.0,18.0,0.42429192971380464,0.605204239676651,19.0,536,19.0,0.0,False
BNDM,ForestCovertype,399,0.63,40,0.4883720930232558,0.9492857662490926,0,2,2218,4730,8.074,1,0.287,54.0,13.272526689665506,7.0,2.0,0.6970056904918152,413.5,0.7805185185185185,0.2592592592592592,168.25063888888891,0.000125,0.0,0.2703293785712328,40.5925925925926,2000.0,0.0,1.0,-3.48238693411383,0.0,2.5219219344944284,-1.8841056121267927,0.0,0.1729072631980554,0.301106036869958,0.9392315502144786,0.8602479119603493,1.1145293779433016,1.036087440057294,30.0,0.0,0.0020065250911484,0.727625,0.5902048975512244,0.8025987006496752,0.7146426786606698,49.0,0.1430867736315684,0.0938146492813726,0.0,0.05875,0.0,0.0614386950786761,0.0699180292431506,0.4444444444444444,0.2567364022629311,0.41035797709235206,0.7917726051541782,0,19.0,2.0,17.0,0.41035797709235206,0.6010652911232651,19.0,537,19.0,0.006993006993006993,False
BNDM,ForestCovertype,683,0.79,9836,0.8604651162790699,0.0595499689609342,0,25,1723,75,9.655,16,0.193,54.0,13.272526689665506,7.0,2.0,0.6970056904918152,413.5,0.7805185185185185,0.2592592592592592,168.25063888888891,0.000125,0.0,0.2703293785712328,40.5925925925926,2000.0,0.0,1.0,-3.48238693411383,0.0,2.5219219344944284,-1.8841056121267927,0.0,0.1729072631980554,0.301106036869958,0.9392315502144786,0.8602479119603493,1.1145293779433016,1.036087440057294,30.0,0.0,0.0020065250911484,0.727625,0.5902048975512244,0.8025987006496752,0.7146426786606698,49.0,0.1430867736315684,0.0938146492813726,0.0,0.05875,0.0,0.0614386950786761,0.0699180292431506,0.4444444444444444,0.2567364022629311,0.7119127510221256,0.2677905897105685,0,19.0,25.0,6.0,0.2677905897105685,0.489851670366347,19.0,538,19.0,0.16783216783216784,False
BNDM,ForestCovertype,479,0.65,4042,0.5348837209302326,0.2039062908588214,0,118,4971,3910,4.685,6,0.868,54.0,13.272526689665506,7.0,2.0,0.6970056904918152,413.5,0.7805185185185185,0.2592592592592592,168.25063888888891,0.000125,0.0,0.2703293785712328,40.5925925925926,2000.0,0.0,1.0,-3.48238693411383,0.0,2.5219219344944284,-1.8841056121267927,0.0,0.1729072631980554,0.301106036869958,0.9392315502144786,0.8602479119603493,1.1145293779433016,1.036087440057294,30.0,0.0,0.0020065250911484,0.727625,0.5902048975512244,0.8025987006496752,0.7146426786606698,49.0,0.1430867736315684,0.0938146492813726,0.0,0.05875,0.0,0.0614386950786761,0.0699180292431506,0.4444444444444444,0.2567364022629311,0.5339040930134679,0.6014087438693938,0,20.0,118.0,98.0,0.5339040930134679,0.5676564184414308,20.0,539,20.0,0.8181818181818182,False
BNDM,ForestCovertype,189,0.67,148,0.5813953488372094,0.7397926673246569,0,31,4086,3623,2.157,6,0.355,54.0,13.272526689665506,7.0,2.0,0.6970056904918152,413.5,0.7805185185185185,0.2592592592592592,168.25063888888891,0.000125,0.0,0.2703293785712328,40.5925925925926,2000.0,0.0,1.0,-3.48238693411383,0.0,2.5219219344944284,-1.8841056121267927,0.0,0.1729072631980554,0.301106036869958,0.9392315502144786,0.8602479119603493,1.1145293779433016,1.036087440057294,30.0,0.0,0.0020065250911484,0.727625,0.5902048975512244,0.8025987006496752,0.7146426786606698,49.0,0.1430867736315684,0.0938146492813726,0.0,0.05875,0.0,0.0614386950786761,0.0699180292431506,0.4444444444444444,0.2567364022629311,0.5316984803391056,0.6691355706449428,0,20.0,31.0,11.0,0.5316984803391056,0.6004170254920242,20.0,540,20.0,0.2097902097902098,False
BNDM,ForestCovertype,344,0.67,142,0.5813953488372094,0.7464655511660278,0,27,4897,3701,5.454,3,0.37,54.0,13.272526689665506,7.0,2.0,0.6970056904918152,413.5,0.7805185185185185,0.2592592592592592,168.25063888888891,0.000125,0.0,0.2703293785712328,40.5925925925926,2000.0,0.0,1.0,-3.48238693411383,0.0,2.5219219344944284,-1.8841056121267927,0.0,0.1729072631980554,0.301106036869958,0.9392315502144786,0.8602479119603493,1.1145293779433016,1.036087440057294,30.0,0.0,0.0020065250911484,0.727625,0.5902048975512244,0.8025987006496752,0.7146426786606698,49.0,0.1430867736315684,0.0938146492813726,0.0,0.05875,0.0,0.0614386950786761,0.0699180292431506,0.4444444444444444,0.2567364022629311,0.5264545153920155,0.700634113974582,0,20.0,27.0,7.0,0.5264545153920155,0.6135443146832987,20.0,541,20.0,0.18181818181818182,False
BNDM,ForestCovertype,265,0.66,124,0.558139534883721,0.7683067293372027,0,38,4479,4214,8.107,3,0.72,54.0,13.272526689665506,7.0,2.0,0.6970056904918152,413.5,0.7805185185185185,0.2592592592592592,168.25063888888891,0.000125,0.0,0.2703293785712328,40.5925925925926,2000.0,0.0,1.0,-3.48238693411383,0.0,2.5219219344944284,-1.8841056121267927,0.0,0.1729072631980554,0.301106036869958,0.9392315502144786,0.8602479119603493,1.1145293779433016,1.036087440057294,30.0,0.0,0.0020065250911484,0.727625,0.5902048975512244,0.8025987006496752,0.7146426786606698,49.0,0.1430867736315684,0.0938146492813726,0.0,0.05875,0.0,0.0614386950786761,0.0699180292431506,0.4444444444444444,0.2567364022629311,0.5179767616642614,0.7079865800613473,0,20.0,38.0,18.0,0.5179767616642614,0.6129816708628044,20.0,542,20.0,0.25874125874125875,False
BNDM,ForestCovertype,300,0.65,1252,0.5348837209302326,0.394091363713189,0,102,4784,4851,9.635,2,0.475,54.0,13.272526689665506,7.0,2.0,0.6970056904918152,413.5,0.7805185185185185,0.2592592592592592,168.25063888888891,0.000125,0.0,0.2703293785712328,40.5925925925926,2000.0,0.0,1.0,-3.48238693411383,0.0,2.5219219344944284,-1.8841056121267927,0.0,0.1729072631980554,0.301106036869958,0.9392315502144786,0.8602479119603493,1.1145293779433016,1.036087440057294,30.0,0.0,0.0020065250911484,0.727625,0.5902048975512244,0.8025987006496752,0.7146426786606698,49.0,0.1430867736315684,0.0938146492813726,0.0,0.05875,0.0,0.0614386950786761,0.0699180292431506,0.4444444444444444,0.2567364022629311,0.5103403604497355,0.7255279468239532,0,20.0,102.0,82.0,0.5103403604497355,0.6179341536368443,20.0,543,20.0,0.7062937062937062,False
BNDM,ForestCovertype,254,0.68,6257,0.6046511627906979,0.1329795682423514,0,72,903,2309,8.619,2,0.67,54.0,13.272526689665506,7.0,2.0,0.6970056904918152,413.5,0.7805185185185185,0.2592592592592592,168.25063888888891,0.000125,0.0,0.2703293785712328,40.5925925925926,2000.0,0.0,1.0,-3.48238693411383,0.0,2.5219219344944284,-1.8841056121267927,0.0,0.1729072631980554,0.301106036869958,0.9392315502144786,0.8602479119603493,1.1145293779433016,1.036087440057294,30.0,0.0,0.0020065250911484,0.727625,0.5902048975512244,0.8025987006496752,0.7146426786606698,49.0,0.1430867736315684,0.0938146492813726,0.0,0.05875,0.0,0.0614386950786761,0.0699180292431506,0.4444444444444444,0.2567364022629311,0.5079016053391056,0.7534133531600109,0,20.0,72.0,52.0,0.5079016053391056,0.6306574792495583,20.0,544,20.0,0.4965034965034965,False
BNDM,ForestCovertype,361,0.66,245,0.558139534883721,0.6583924483876549,0,71,3873,4077,8.41,2,0.035,54.0,13.272526689665506,7.0,2.0,0.6970056904918152,413.5,0.7805185185185185,0.2592592592592592,168.25063888888891,0.000125,0.0,0.2703293785712328,40.5925925925926,2000.0,0.0,1.0,-3.48238693411383,0.0,2.5219219344944284,-1.8841056121267927,0.0,0.1729072631980554,0.301106036869958,0.9392315502144786,0.8602479119603493,1.1145293779433016,1.036087440057294,30.0,0.0,0.0020065250911484,0.727625,0.5902048975512244,0.8025987006496752,0.7146426786606698,49.0,0.1430867736315684,0.0938146492813726,0.0,0.05875,0.0,0.0614386950786761,0.0699180292431506,0.4444444444444444,0.2567364022629311,0.5065562620250118,0.7558731240778986,0,20.0,71.0,51.0,0.5065562620250118,0.6312146930514553,20.0,545,20.0,0.48951048951048953,False
BNDM,ForestCovertype,448,0.68,1104,0.6046511627906979,0.4144980842551712,0,48,2482,2497,2.692,3,0.075,54.0,13.272526689665506,7.0,2.0,0.6970056904918152,413.5,0.7805185185185185,0.2592592592592592,168.25063888888891,0.000125,0.0,0.2703293785712328,40.5925925925926,2000.0,0.0,1.0,-3.48238693411383,0.0,2.5219219344944284,-1.8841056121267927,0.0,0.1729072631980554,0.301106036869958,0.9392315502144786,0.8602479119603493,1.1145293779433016,1.036087440057294,30.0,0.0,0.0020065250911484,0.727625,0.5902048975512244,0.8025987006496752,0.7146426786606698,49.0,0.1430867736315684,0.0938146492813726,0.0,0.05875,0.0,0.0614386950786761,0.0699180292431506,0.4444444444444444,0.2567364022629311,0.5022696458633957,0.7581873347847568,0,20.0,48.0,28.0,0.5022696458633957,0.6302284903240762,20.0,546,20.0,0.32867132867132864,False
BNDM,ForestCovertype,552,0.65,128,0.5348837209302326,0.7631929002064095,0,42,4249,4794,0.142,8,0.656,54.0,13.272526689665506,7.0,2.0,0.6970056904918152,413.5,0.7805185185185185,0.2592592592592592,168.25063888888891,0.000125,0.0,0.2703293785712328,40.5925925925926,2000.0,0.0,1.0,-3.48238693411383,0.0,2.5219219344944284,-1.8841056121267927,0.0,0.1729072631980554,0.301106036869958,0.9392315502144786,0.8602479119603493,1.1145293779433016,1.036087440057294,30.0,0.0,0.0020065250911484,0.727625,0.5902048975512244,0.8025987006496752,0.7146426786606698,49.0,0.1430867736315684,0.0938146492813726,0.0,0.05875,0.0,0.0614386950786761,0.0699180292431506,0.4444444444444444,0.2567364022629311,0.48592659481721917,0.7586034829122379,0,20.0,42.0,22.0,0.48592659481721917,0.6222650388647285,20.0,547,20.0,0.2867132867132867,False
BNDM,ForestCovertype,704,0.67,109,0.5813953488372094,0.7890605605352848,0,14,1231,3125,0.198,5,0.753,54.0,13.272526689665506,7.0,2.0,0.6970056904918152,413.5,0.7805185185185185,0.2592592592592592,168.25063888888891,0.000125,0.0,0.2703293785712328,40.5925925925926,2000.0,0.0,1.0,-3.48238693411383,0.0,2.5219219344944284,-1.8841056121267927,0.0,0.1729072631980554,0.301106036869958,0.9392315502144786,0.8602479119603493,1.1145293779433016,1.036087440057294,30.0,0.0,0.0020065250911484,0.727625,0.5902048975512244,0.8025987006496752,0.7146426786606698,49.0,0.1430867736315684,0.0938146492813726,0.0,0.05875,0.0,0.0614386950786761,0.0699180292431506,0.4444444444444444,0.2567364022629311,0.4819987674362675,0.765212551145857,0,20.0,14.0,6.0,0.4819987674362675,0.6236056592910623,20.0,548,20.0,0.09090909090909091,False
BNDM,ForestCovertype,404,0.66,94,0.558139534883721,0.8128617301398532,0,16,2980,3439,4.084,2,0.098,54.0,13.272526689665506,7.0,2.0,0.6970056904918152,413.5,0.7805185185185185,0.2592592592592592,168.25063888888891,0.000125,0.0,0.2703293785712328,40.5925925925926,2000.0,0.0,1.0,-3.48238693411383,0.0,2.5219219344944284,-1.8841056121267927,0.0,0.1729072631980554,0.301106036869958,0.9392315502144786,0.8602479119603493,1.1145293779433016,1.036087440057294,30.0,0.0,0.0020065250911484,0.727625,0.5902048975512244,0.8025987006496752,0.7146426786606698,49.0,0.1430867736315684,0.0938146492813726,0.0,0.05875,0.0,0.0614386950786761,0.0699180292431506,0.4444444444444444,0.2567364022629311,0.4812632801226551,0.7661361415572793,0,20.0,16.0,4.0,0.4812632801226551,0.6236997108399672,20.0,549,20.0,0.1048951048951049,False
BNDM,ForestCovertype,887,0.68,1166,0.6046511627906979,0.4056351968411268,0,49,1365,3287,5.352,2,0.376,54.0,13.272526689665506,7.0,2.0,0.6970056904918152,413.5,0.7805185185185185,0.2592592592592592,168.25063888888891,0.000125,0.0,0.2703293785712328,40.5925925925926,2000.0,0.0,1.0,-3.48238693411383,0.0,2.5219219344944284,-1.8841056121267927,0.0,0.1729072631980554,0.301106036869958,0.9392315502144786,0.8602479119603493,1.1145293779433016,1.036087440057294,30.0,0.0,0.0020065250911484,0.727625,0.5902048975512244,0.8025987006496752,0.7146426786606698,49.0,0.1430867736315684,0.0938146492813726,0.0,0.05875,0.0,0.0614386950786761,0.0699180292431506,0.4444444444444444,0.2567364022629311,0.4662628367003365,0.7697432404086811,0,20.0,49.0,29.0,0.4662628367003365,0.6180030385545088,20.0,550,20.0,0.3356643356643357,False
BNDM,ForestCovertype,725,0.65,101,0.5348837209302326,0.8013192609076927,0,28,1267,3952,0.604,3,0.236,54.0,13.272526689665506,7.0,2.0,0.6970056904918152,413.5,0.7805185185185185,0.2592592592592592,168.25063888888891,0.000125,0.0,0.2703293785712328,40.5925925925926,2000.0,0.0,1.0,-3.48238693411383,0.0,2.5219219344944284,-1.8841056121267927,0.0,0.1729072631980554,0.301106036869958,0.9392315502144786,0.8602479119603493,1.1145293779433016,1.036087440057294,30.0,0.0,0.0020065250911484,0.727625,0.5902048975512244,0.8025987006496752,0.7146426786606698,49.0,0.1430867736315684,0.0938146492813726,0.0,0.05875,0.0,0.0614386950786761,0.0699180292431506,0.4444444444444444,0.2567364022629311,0.4638815160533909,0.7714453145807044,0,20.0,28.0,8.0,0.4638815160533909,0.6176634153170477,20.0,551,20.0,0.1888111888111888,False
BNDM,ForestCovertype,697,0.65,1582,0.5348837209302326,0.3561368489190339,0,104,2453,3436,7.011,2,0.966,54.0,13.272526689665506,7.0,2.0,0.6970056904918152,413.5,0.7805185185185185,0.2592592592592592,168.25063888888891,0.000125,0.0,0.2703293785712328,40.5925925925926,2000.0,0.0,1.0,-3.48238693411383,0.0,2.5219219344944284,-1.8841056121267927,0.0,0.1729072631980554,0.301106036869958,0.9392315502144786,0.8602479119603493,1.1145293779433016,1.036087440057294,30.0,0.0,0.0020065250911484,0.727625,0.5902048975512244,0.8025987006496752,0.7146426786606698,49.0,0.1430867736315684,0.0938146492813726,0.0,0.05875,0.0,0.0614386950786761,0.0699180292431506,0.4444444444444444,0.2567364022629311,0.4565054864117365,0.7765230063950912,0,20.0,104.0,84.0,0.4565054864117365,0.6165142464034139,20.0,552,20.0,0.7202797202797203,False
BNDM,ForestCovertype,457,0.64,75,0.5116279069767442,0.8490892311610367,0,14,1029,4770,3.516,2,0.649,54.0,13.272526689665506,7.0,2.0,0.6970056904918152,413.5,0.7805185185185185,0.2592592592592592,168.25063888888891,0.000125,0.0,0.2703293785712328,40.5925925925926,2000.0,0.0,1.0,-3.48238693411383,0.0,2.5219219344944284,-1.8841056121267927,0.0,0.1729072631980554,0.301106036869958,0.9392315502144786,0.8602479119603493,1.1145293779433016,1.036087440057294,30.0,0.0,0.0020065250911484,0.727625,0.5902048975512244,0.8025987006496752,0.7146426786606698,49.0,0.1430867736315684,0.0938146492813726,0.0,0.05875,0.0,0.0614386950786761,0.0699180292431506,0.4444444444444444,0.2567364022629311,0.4256085332491584,0.7772698399117832,0,20.0,14.0,6.0,0.4256085332491584,0.6014391865804708,20.0,553,20.0,0.09090909090909091,False
BNDM,ForestCovertype,682,0.61,49,0.4418604651162791,0.9170671269788532,0,8,121,2616,1.231,3,0.344,54.0,13.272526689665506,7.0,2.0,0.6970056904918152,413.5,0.7805185185185185,0.2592592592592592,168.25063888888891,0.000125,0.0,0.2703293785712328,40.5925925925926,2000.0,0.0,1.0,-3.48238693411383,0.0,2.5219219344944284,-1.8841056121267927,0.0,0.1729072631980554,0.301106036869958,0.9392315502144786,0.8602479119603493,1.1145293779433016,1.036087440057294,30.0,0.0,0.0020065250911484,0.727625,0.5902048975512244,0.8025987006496752,0.7146426786606698,49.0,0.1430867736315684,0.0938146492813726,0.0,0.05875,0.0,0.0614386950786761,0.0699180292431506,0.4444444444444444,0.2567364022629311,0.4123589841871092,0.7821524213061792,0,20.0,8.0,12.0,0.4123589841871092,0.5972557027466442,20.0,554,20.0,0.04895104895104895,False
BNDM,ForestCovertype,907,0.64,67,0.5116279069767442,0.8671467855281964,0,11,742,5000,9.679,1,0.948,54.0,13.272526689665506,7.0,2.0,0.6970056904918152,413.5,0.7805185185185185,0.2592592592592592,168.25063888888891,0.000125,0.0,0.2703293785712328,40.5925925925926,2000.0,0.0,1.0,-3.48238693411383,0.0,2.5219219344944284,-1.8841056121267927,0.0,0.1729072631980554,0.301106036869958,0.9392315502144786,0.8602479119603493,1.1145293779433016,1.036087440057294,30.0,0.0,0.0020065250911484,0.727625,0.5902048975512244,0.8025987006496752,0.7146426786606698,49.0,0.1430867736315684,0.0938146492813726,0.0,0.05875,0.0,0.0614386950786761,0.0699180292431506,0.4444444444444444,0.2567364022629311,0.4070826418951418,0.7842885433532782,0,20.0,11.0,9.0,0.4070826418951418,0.5956855926242101,20.0,555,20.0,0.06993006993006994,False
BNDM,ForestCovertype,901,0.58,30,0.3720930232558139,0.99467655088929,0,2,1,5000,8.895,1,0.233,54.0,13.272526689665506,7.0,2.0,0.6970056904918152,413.5,0.7805185185185185,0.2592592592592592,168.25063888888891,0.000125,0.0,0.2703293785712328,40.5925925925926,2000.0,0.0,1.0,-3.48238693411383,0.0,2.5219219344944284,-1.8841056121267927,0.0,0.1729072631980554,0.301106036869958,0.9392315502144786,0.8602479119603493,1.1145293779433016,1.036087440057294,30.0,0.0,0.0020065250911484,0.727625,0.5902048975512244,0.8025987006496752,0.7146426786606698,49.0,0.1430867736315684,0.0938146492813726,0.0,0.05875,0.0,0.0614386950786761,0.0699180292431506,0.4444444444444444,0.2567364022629311,0.3457734412578161,0.7893240489131662,0,20.0,2.0,18.0,0.3457734412578161,0.5675487450854911,20.0,556,20.0,0.006993006993006993,False
BNDM,ForestCovertype,430,0.81,1451,0.9069767441860468,0.3701606762302787,0,2,2256,70,9.016,14,0.762,54.0,13.272526689665506,7.0,2.0,0.6970056904918152,413.5,0.7805185185185185,0.2592592592592592,168.25063888888891,0.000125,0.0,0.2703293785712328,40.5925925925926,2000.0,0.0,1.0,-3.48238693411383,0.0,2.5219219344944284,-1.8841056121267927,0.0,0.1729072631980554,0.301106036869958,0.9392315502144786,0.8602479119603493,1.1145293779433016,1.036087440057294,30.0,0.0,0.0020065250911484,0.727625,0.5902048975512244,0.8025987006496752,0.7146426786606698,49.0,0.1430867736315684,0.0938146492813726,0.0,0.05875,0.0,0.0614386950786761,0.0699180292431506,0.4444444444444444,0.2567364022629311,0.7104673220298223,0.266451632313574,0,20.0,2.0,18.0,0.266451632313574,0.48845947717169813,20.0,557,20.0,0.006993006993006993,False
BNDM,ForestCovertype,843,0.68,4438,0.6046511627906979,0.1887358992960875,0,65,4038,3368,3.958,6,0.369,54.0,13.272526689665506,7.0,2.0,0.6970056904918152,413.5,0.7805185185185185,0.2592592592592592,168.25063888888891,0.000125,0.0,0.2703293785712328,40.5925925925926,2000.0,0.0,1.0,-3.48238693411383,0.0,2.5219219344944284,-1.8841056121267927,0.0,0.1729072631980554,0.301106036869958,0.9392315502144786,0.8602479119603493,1.1145293779433016,1.036087440057294,30.0,0.0,0.0020065250911484,0.727625,0.5902048975512244,0.8025987006496752,0.7146426786606698,49.0,0.1430867736315684,0.0938146492813726,0.0,0.05875,0.0,0.0614386950786761,0.0699180292431506,0.4444444444444444,0.2567364022629311,0.5326967216810964,0.5866159771013292,0,21.0,65.0,44.0,0.5326967216810964,0.5596563493912128,21.0,558,21.0,0.44755244755244755,False
BNDM,ForestCovertype,600,0.66,13554,0.558139534883721,0.0074995874977599,0,142,3578,3246,1.539,8,0.536,54.0,13.272526689665506,7.0,2.0,0.6970056904918152,413.5,0.7805185185185185,0.2592592592592592,168.25063888888891,0.000125,0.0,0.2703293785712328,40.5925925925926,2000.0,0.0,1.0,-3.48238693411383,0.0,2.5219219344944284,-1.8841056121267927,0.0,0.1729072631980554,0.301106036869958,0.9392315502144786,0.8602479119603493,1.1145293779433016,1.036087440057294,30.0,0.0,0.0020065250911484,0.727625,0.5902048975512244,0.8025987006496752,0.7146426786606698,49.0,0.1430867736315684,0.0938146492813726,0.0,0.05875,0.0,0.0614386950786761,0.0699180292431506,0.4444444444444444,0.2567364022629311,0.527170777717653,0.616047321772483,0,21.0,142.0,121.0,0.527170777717653,0.571609049745068,21.0,559,21.0,0.986013986013986,False
BNDM,ForestCovertype,373,0.68,1911,0.6046511627906979,0.3254804945475772,0,56,3341,2979,0.868,9,0.038,54.0,13.272526689665506,7.0,2.0,0.6970056904918152,413.5,0.7805185185185185,0.2592592592592592,168.25063888888891,0.000125,0.0,0.2703293785712328,40.5925925925926,2000.0,0.0,1.0,-3.48238693411383,0.0,2.5219219344944284,-1.8841056121267927,0.0,0.1729072631980554,0.301106036869958,0.9392315502144786,0.8602479119603493,1.1145293779433016,1.036087440057294,30.0,0.0,0.0020065250911484,0.727625,0.5902048975512244,0.8025987006496752,0.7146426786606698,49.0,0.1430867736315684,0.0938146492813726,0.0,0.05875,0.0,0.0614386950786761,0.0699180292431506,0.4444444444444444,0.2567364022629311,0.5255880155723909,0.6621851093026908,0,21.0,56.0,35.0,0.5255880155723909,0.5938865624375409,21.0,560,21.0,0.38461538461538464,False
BNDM,ForestCovertype,783,0.66,176,0.558139534883721,0.7118353287536396,0,62,4755,3790,0.713,7,0.025,54.0,13.272526689665506,7.0,2.0,0.6970056904918152,413.5,0.7805185185185185,0.2592592592592592,168.25063888888891,0.000125,0.0,0.2703293785712328,40.5925925925926,2000.0,0.0,1.0,-3.48238693411383,0.0,2.5219219344944284,-1.8841056121267927,0.0,0.1729072631980554,0.301106036869958,0.9392315502144786,0.8602479119603493,1.1145293779433016,1.036087440057294,30.0,0.0,0.0020065250911484,0.727625,0.5902048975512244,0.8025987006496752,0.7146426786606698,49.0,0.1430867736315684,0.0938146492813726,0.0,0.05875,0.0,0.0614386950786761,0.0699180292431506,0.4444444444444444,0.2567364022629311,0.5248110194203942,0.6985795310557197,0,21.0,62.0,41.0,0.5248110194203942,0.6116952752380569,21.0,561,21.0,0.42657342657342656,False
BNDM,ForestCovertype,199,0.66,160,0.558139534883721,0.7272173009454461,0,57,4001,3800,0.94,5,0.529,54.0,13.272526689665506,7.0,2.0,0.6970056904918152,413.5,0.7805185185185185,0.2592592592592592,168.25063888888891,0.000125,0.0,0.2703293785712328,40.5925925925926,2000.0,0.0,1.0,-3.48238693411383,0.0,2.5219219344944284,-1.8841056121267927,0.0,0.1729072631980554,0.301106036869958,0.9392315502144786,0.8602479119603493,1.1145293779433016,1.036087440057294,30.0,0.0,0.0020065250911484,0.727625,0.5902048975512244,0.8025987006496752,0.7146426786606698,49.0,0.1430867736315684,0.0938146492813726,0.0,0.05875,0.0,0.0614386950786761,0.0699180292431506,0.4444444444444444,0.2567364022629311,0.5129335843554594,0.7001206027204049,0,21.0,57.0,36.0,0.5129335843554594,0.6065270935379321,21.0,562,21.0,0.3916083916083916,False
BNDM,ForestCovertype,604,0.66,611,0.558139534883721,0.5104259430462548,0,86,3883,3748,8.504,2,0.626,54.0,13.272526689665506,7.0,2.0,0.6970056904918152,413.5,0.7805185185185185,0.2592592592592592,168.25063888888891,0.000125,0.0,0.2703293785712328,40.5925925925926,2000.0,0.0,1.0,-3.48238693411383,0.0,2.5219219344944284,-1.8841056121267927,0.0,0.1729072631980554,0.301106036869958,0.9392315502144786,0.8602479119603493,1.1145293779433016,1.036087440057294,30.0,0.0,0.0020065250911484,0.727625,0.5902048975512244,0.8025987006496752,0.7146426786606698,49.0,0.1430867736315684,0.0938146492813726,0.0,0.05875,0.0,0.0614386950786761,0.0699180292431506,0.4444444444444444,0.2567364022629311,0.5081162743506493,0.7247030961267665,0,21.0,86.0,65.0,0.5081162743506493,0.616409685238708,21.0,563,21.0,0.5944055944055944,False
BNDM,ForestCovertype,30,0.68,3318,0.6046511627906979,0.2359418828856921,0,60,1790,2765,5.442,3,0.67,54.0,13.272526689665506,7.0,2.0,0.6970056904918152,413.5,0.7805185185185185,0.2592592592592592,168.25063888888891,0.000125,0.0,0.2703293785712328,40.5925925925926,2000.0,0.0,1.0,-3.48238693411383,0.0,2.5219219344944284,-1.8841056121267927,0.0,0.1729072631980554,0.301106036869958,0.9392315502144786,0.8602479119603493,1.1145293779433016,1.036087440057294,30.0,0.0,0.0020065250911484,0.727625,0.5902048975512244,0.8025987006496752,0.7146426786606698,49.0,0.1430867736315684,0.0938146492813726,0.0,0.05875,0.0,0.0614386950786761,0.0699180292431506,0.4444444444444444,0.2567364022629311,0.5058962466931216,0.7382903346876929,0,21.0,60.0,39.0,0.5058962466931216,0.6220932906904073,21.0,564,21.0,0.4125874125874126,False
BNDM,ForestCovertype,828,0.67,2060,0.5813953488372094,0.3132974601689269,0,69,3183,2819,4.387,3,0.203,54.0,13.272526689665506,7.0,2.0,0.6970056904918152,413.5,0.7805185185185185,0.2592592592592592,168.25063888888891,0.000125,0.0,0.2703293785712328,40.5925925925926,2000.0,0.0,1.0,-3.48238693411383,0.0,2.5219219344944284,-1.8841056121267927,0.0,0.1729072631980554,0.301106036869958,0.9392315502144786,0.8602479119603493,1.1145293779433016,1.036087440057294,30.0,0.0,0.0020065250911484,0.727625,0.5902048975512244,0.8025987006496752,0.7146426786606698,49.0,0.1430867736315684,0.0938146492813726,0.0,0.05875,0.0,0.0614386950786761,0.0699180292431506,0.4444444444444444,0.2567364022629311,0.5053831394300142,0.7396724146052602,0,21.0,69.0,48.0,0.5053831394300142,0.6225277770176372,21.0,565,21.0,0.4755244755244755,False
BNDM,ForestCovertype,616,0.68,1335,0.6046511627906979,0.383678290441073,0,50,3499,3306,8.121,2,0.322,54.0,13.272526689665506,7.0,2.0,0.6970056904918152,413.5,0.7805185185185185,0.2592592592592592,168.25063888888891,0.000125,0.0,0.2703293785712328,40.5925925925926,2000.0,0.0,1.0,-3.48238693411383,0.0,2.5219219344944284,-1.8841056121267927,0.0,0.1729072631980554,0.301106036869958,0.9392315502144786,0.8602479119603493,1.1145293779433016,1.036087440057294,30.0,0.0,0.0020065250911484,0.727625,0.5902048975512244,0.8025987006496752,0.7146426786606698,49.0,0.1430867736315684,0.0938146492813726,0.0,0.05875,0.0,0.0614386950786761,0.0699180292431506,0.4444444444444444,0.2567364022629311,0.5021256463443963,0.7429762897628389,0,21.0,50.0,29.0,0.5021256463443963,0.6225509680536176,21.0,566,21.0,0.34265734265734266,False
BNDM,ForestCovertype,307,0.61,4433,0.4418604651162791,0.188918870860469,0,121,2075,2350,3.996,3,0.552,54.0,13.272526689665506,7.0,2.0,0.6970056904918152,413.5,0.7805185185185185,0.2592592592592592,168.25063888888891,0.000125,0.0,0.2703293785712328,40.5925925925926,2000.0,0.0,1.0,-3.48238693411383,0.0,2.5219219344944284,-1.8841056121267927,0.0,0.1729072631980554,0.301106036869958,0.9392315502144786,0.8602479119603493,1.1145293779433016,1.036087440057294,30.0,0.0,0.0020065250911484,0.727625,0.5902048975512244,0.8025987006496752,0.7146426786606698,49.0,0.1430867736315684,0.0938146492813726,0.0,0.05875,0.0,0.0614386950786761,0.0699180292431506,0.4444444444444444,0.2567364022629311,0.4977248677248674,0.7473104463949222,0,21.0,121.0,100.0,0.4977248677248674,0.6225176570598948,21.0,567,21.0,0.8391608391608392,False
BNDM,ForestCovertype,212,0.67,183,0.5813953488372094,0.7055383923049128,0,39,642,2409,0.656,5,0.019,54.0,13.272526689665506,7.0,2.0,0.6970056904918152,413.5,0.7805185185185185,0.2592592592592592,168.25063888888891,0.000125,0.0,0.2703293785712328,40.5925925925926,2000.0,0.0,1.0,-3.48238693411383,0.0,2.5219219344944284,-1.8841056121267927,0.0,0.1729072631980554,0.301106036869958,0.9392315502144786,0.8602479119603493,1.1145293779433016,1.036087440057294,30.0,0.0,0.0020065250911484,0.727625,0.5902048975512244,0.8025987006496752,0.7146426786606698,49.0,0.1430867736315684,0.0938146492813726,0.0,0.05875,0.0,0.0614386950786761,0.0699180292431506,0.4444444444444444,0.2567364022629311,0.4969235885642134,0.7531381729786669,0,21.0,39.0,18.0,0.4969235885642134,0.6250308807714402,21.0,568,21.0,0.26573426573426573,False
BNDM,ForestCovertype,400,0.64,121,0.5116279069767442,0.77225066381198,0,39,4251,4832,6.186,2,0.863,54.0,13.272526689665506,7.0,2.0,0.6970056904918152,413.5,0.7805185185185185,0.2592592592592592,168.25063888888891,0.000125,0.0,0.2703293785712328,40.5925925925926,2000.0,0.0,1.0,-3.48238693411383,0.0,2.5219219344944284,-1.8841056121267927,0.0,0.1729072631980554,0.301106036869958,0.9392315502144786,0.8602479119603493,1.1145293779433016,1.036087440057294,30.0,0.0,0.0020065250911484,0.727625,0.5902048975512244,0.8025987006496752,0.7146426786606698,49.0,0.1430867736315684,0.0938146492813726,0.0,0.05875,0.0,0.0614386950786761,0.0699180292431506,0.4444444444444444,0.2567364022629311,0.486121572871573,0.7561141027019997,0,21.0,39.0,18.0,0.486121572871573,0.6211178377867863,21.0,569,21.0,0.26573426573426573,False
BNDM,ForestCovertype,775,0.62,49,0.4651162790697675,0.9170671269788532,0,7,2132,3164,1.729,4,0.009,54.0,13.272526689665506,7.0,2.0,0.6970056904918152,413.5,0.7805185185185185,0.2592592592592592,168.25063888888891,0.000125,0.0,0.2703293785712328,40.5925925925926,2000.0,0.0,1.0,-3.48238693411383,0.0,2.5219219344944284,-1.8841056121267927,0.0,0.1729072631980554,0.301106036869958,0.9392315502144786,0.8602479119603493,1.1145293779433016,1.036087440057294,30.0,0.0,0.0020065250911484,0.727625,0.5902048975512244,0.8025987006496752,0.7146426786606698,49.0,0.1430867736315684,0.0938146492813726,0.0,0.05875,0.0,0.0614386950786761,0.0699180292431506,0.4444444444444444,0.2567364022629311,0.47665451388888885,0.7622934887781923,0,21.0,7.0,14.0,0.47665451388888885,0.6194740013335406,21.0,570,21.0,0.04195804195804196,False
BNDM,ForestCovertype,340,0.67,122,0.5813953488372094,0.7709253450081219,0,19,4202,4949,0.258,3,0.259,54.0,13.272526689665506,7.0,2.0,0.6970056904918152,413.5,0.7805185185185185,0.2592592592592592,168.25063888888891,0.000125,0.0,0.2703293785712328,40.5925925925926,2000.0,0.0,1.0,-3.48238693411383,0.0,2.5219219344944284,-1.8841056121267927,0.0,0.1729072631980554,0.301106036869958,0.9392315502144786,0.8602479119603493,1.1145293779433016,1.036087440057294,30.0,0.0,0.0020065250911484,0.727625,0.5902048975512244,0.8025987006496752,0.7146426786606698,49.0,0.1430867736315684,0.0938146492813726,0.0,0.05875,0.0,0.0614386950786761,0.0699180292431506,0.4444444444444444,0.2567364022629311,0.471515782828283,0.7636475302617166,0,21.0,19.0,2.0,0.471515782828283,0.6175816565449999,21.0,571,21.0,0.1258741258741259,False
BNDM,ForestCovertype,493,0.67,81,0.5813953488372094,0.8367528696286255,0,3,380,2386,0.417,5,0.976,54.0,13.272526689665506,7.0,2.0,0.6970056904918152,413.5,0.7805185185185185,0.2592592592592592,168.25063888888891,0.000125,0.0,0.2703293785712328,40.5925925925926,2000.0,0.0,1.0,-3.48238693411383,0.0,2.5219219344944284,-1.8841056121267927,0.0,0.1729072631980554,0.301106036869958,0.9392315502144786,0.8602479119603493,1.1145293779433016,1.036087440057294,30.0,0.0,0.0020065250911484,0.727625,0.5902048975512244,0.8025987006496752,0.7146426786606698,49.0,0.1430867736315684,0.0938146492813726,0.0,0.05875,0.0,0.0614386950786761,0.0699180292431506,0.4444444444444444,0.2567364022629311,0.44689804292929297,0.7676119231125575,0,21.0,3.0,18.0,0.44689804292929297,0.6072549830209253,21.0,572,21.0,0.013986013986013986,False
BNDM,ForestCovertype,912,0.65,111,0.5348837209302326,0.7861352444208196,0,33,1600,5000,8.458,1,0.433,54.0,13.272526689665506,7.0,2.0,0.6970056904918152,413.5,0.7805185185185185,0.2592592592592592,168.25063888888891,0.000125,0.0,0.2703293785712328,40.5925925925926,2000.0,0.0,1.0,-3.48238693411383,0.0,2.5219219344944284,-1.8841056121267927,0.0,0.1729072631980554,0.301106036869958,0.9392315502144786,0.8602479119603493,1.1145293779433016,1.036087440057294,30.0,0.0,0.0020065250911484,0.727625,0.5902048975512244,0.8025987006496752,0.7146426786606698,49.0,0.1430867736315684,0.0938146492813726,0.0,0.05875,0.0,0.0614386950786761,0.0699180292431506,0.4444444444444444,0.2567364022629311,0.4457215382996632,0.7720369577245582,0,21.0,33.0,12.0,0.4457215382996632,0.6088792480121107,21.0,573,21.0,0.22377622377622378,False
BNDM,ForestCovertype,269,0.66,138,0.558139534883721,0.7510715523395642,0,49,1867,4721,7.734,1,0.27,54.0,13.272526689665506,7.0,2.0,0.6970056904918152,413.5,0.7805185185185185,0.2592592592592592,168.25063888888891,0.000125,0.0,0.2703293785712328,40.5925925925926,2000.0,0.0,1.0,-3.48238693411383,0.0,2.5219219344944284,-1.8841056121267927,0.0,0.1729072631980554,0.301106036869958,0.9392315502144786,0.8602479119603493,1.1145293779433016,1.036087440057294,30.0,0.0,0.0020065250911484,0.727625,0.5902048975512244,0.8025987006496752,0.7146426786606698,49.0,0.1430867736315684,0.0938146492813726,0.0,0.05875,0.0,0.0614386950786761,0.0699180292431506,0.4444444444444444,0.2567364022629311,0.43433555796055806,0.7743609993272212,0,21.0,49.0,28.0,0.43433555796055806,0.6043482786438896,21.0,574,21.0,0.3356643356643357,False
BNDM,ForestCovertype,66,0.66,79,0.558139534883721,0.8407617313795698,0,7,919,4813,6.481,1,0.089,54.0,13.272526689665506,7.0,2.0,0.6970056904918152,413.5,0.7805185185185185,0.2592592592592592,168.25063888888891,0.000125,0.0,0.2703293785712328,40.5925925925926,2000.0,0.0,1.0,-3.48238693411383,0.0,2.5219219344944284,-1.8841056121267927,0.0,0.1729072631980554,0.301106036869958,0.9392315502144786,0.8602479119603493,1.1145293779433016,1.036087440057294,30.0,0.0,0.0020065250911484,0.727625,0.5902048975512244,0.8025987006496752,0.7146426786606698,49.0,0.1430867736315684,0.0938146492813726,0.0,0.05875,0.0,0.0614386950786761,0.0699180292431506,0.4444444444444444,0.2567364022629311,0.4265343689874939,0.7750099046400659,0,21.0,7.0,14.0,0.4265343689874939,0.6007721368137799,21.0,575,21.0,0.04195804195804196,False
BNDM,ForestCovertype,220,0.64,59,0.5116279069767442,0.887467103379533,0,6,298,3399,2.057,3,0.76,54.0,13.272526689665506,7.0,2.0,0.6970056904918152,413.5,0.7805185185185185,0.2592592592592592,168.25063888888891,0.000125,0.0,0.2703293785712328,40.5925925925926,2000.0,0.0,1.0,-3.48238693411383,0.0,2.5219219344944284,-1.8841056121267927,0.0,0.1729072631980554,0.301106036869958,0.9392315502144786,0.8602479119603493,1.1145293779433016,1.036087440057294,30.0,0.0,0.0020065250911484,0.727625,0.5902048975512244,0.8025987006496752,0.7146426786606698,49.0,0.1430867736315684,0.0938146492813726,0.0,0.05875,0.0,0.0614386950786761,0.0699180292431506,0.4444444444444444,0.2567364022629311,0.4135643789081286,0.7762277552118538,0,21.0,6.0,15.0,0.4135643789081286,0.5948960670599912,21.0,576,21.0,0.03496503496503497,False
BNDM,ForestCovertype,338,0.65,62,0.5348837209302326,0.8795459884207462,0,6,698,4488,6.504,1,0.188,54.0,13.272526689665506,7.0,2.0,0.6970056904918152,413.5,0.7805185185185185,0.2592592592592592,168.25063888888891,0.000125,0.0,0.2703293785712328,40.5925925925926,2000.0,0.0,1.0,-3.48238693411383,0.0,2.5219219344944284,-1.8841056121267927,0.0,0.1729072631980554,0.301106036869958,0.9392315502144786,0.8602479119603493,1.1145293779433016,1.036087440057294,30.0,0.0,0.0020065250911484,0.727625,0.5902048975512244,0.8025987006496752,0.7146426786606698,49.0,0.1430867736315684,0.0938146492813726,0.0,0.05875,0.0,0.0614386950786761,0.0699180292431506,0.4444444444444444,0.2567364022629311,0.4066751893939395,0.7802975235035705,0,21.0,6.0,15.0,0.4066751893939395,0.593486356448755,21.0,577,21.0,0.03496503496503497,False
BNDM,ForestCovertype,899,0.62,43,0.4651162790697675,0.9378209581769352,0,5,225,4863,3.641,1,0.045,54.0,13.272526689665506,7.0,2.0,0.6970056904918152,413.5,0.7805185185185185,0.2592592592592592,168.25063888888891,0.000125,0.0,0.2703293785712328,40.5925925925926,2000.0,0.0,1.0,-3.48238693411383,0.0,2.5219219344944284,-1.8841056121267927,0.0,0.1729072631980554,0.301106036869958,0.9392315502144786,0.8602479119603493,1.1145293779433016,1.036087440057294,30.0,0.0,0.0020065250911484,0.727625,0.5902048975512244,0.8025987006496752,0.7146426786606698,49.0,0.1430867736315684,0.0938146492813726,0.0,0.05875,0.0,0.0614386950786761,0.0699180292431506,0.4444444444444444,0.2567364022629311,0.3911859442640692,0.782099892250602,0,21.0,5.0,16.0,0.3911859442640692,0.5866429182573356,21.0,578,21.0,0.027972027972027972,False
BNDM,ForestCovertype,832,0.71,6559,0.6744186046511628,0.1253279888846398,0,32,2031,72,5.861,19,0.186,54.0,13.272526689665506,7.0,2.0,0.6970056904918152,413.5,0.7805185185185185,0.2592592592592592,168.25063888888891,0.000125,0.0,0.2703293785712328,40.5925925925926,2000.0,0.0,1.0,-3.48238693411383,0.0,2.5219219344944284,-1.8841056121267927,0.0,0.1729072631980554,0.301106036869958,0.9392315502144786,0.8602479119603493,1.1145293779433016,1.036087440057294,30.0,0.0,0.0020065250911484,0.727625,0.5902048975512244,0.8025987006496752,0.7146426786606698,49.0,0.1430867736315684,0.0938146492813726,0.0,0.05875,0.0,0.0614386950786761,0.0699180292431506,0.4444444444444444,0.2567364022629311,0.6958920153920154,0.2566058655364638,0,21.0,32.0,11.0,0.2566058655364638,0.4762489404642396,21.0,579,21.0,0.21678321678321677,False
BNDM,ForestCovertype,378,0.66,10560,0.558139534883721,0.0480202828051117,0,137,4863,3754,7.671,5,0.715,54.0,13.272526689665506,7.0,2.0,0.6970056904918152,413.5,0.7805185185185185,0.2592592592592592,168.25063888888891,0.000125,0.0,0.2703293785712328,40.5925925925926,2000.0,0.0,1.0,-3.48238693411383,0.0,2.5219219344944284,-1.8841056121267927,0.0,0.1729072631980554,0.301106036869958,0.9392315502144786,0.8602479119603493,1.1145293779433016,1.036087440057294,30.0,0.0,0.0020065250911484,0.727625,0.5902048975512244,0.8025987006496752,0.7146426786606698,49.0,0.1430867736315684,0.0938146492813726,0.0,0.05875,0.0,0.0614386950786761,0.0699180292431506,0.4444444444444444,0.2567364022629311,0.5269523809523814,0.6072320020283214,0,22.0,137.0,115.0,0.5269523809523814,0.5670921914903514,22.0,580,22.0,0.951048951048951,False
BNDM,ForestCovertype,243,0.66,8416,0.558139534883721,0.0848599998905226,0,130,4851,4335,7.339,6,0.996,54.0,13.272526689665506,7.0,2.0,0.6970056904918152,413.5,0.7805185185185185,0.2592592592592592,168.25063888888891,0.000125,0.0,0.2703293785712328,40.5925925925926,2000.0,0.0,1.0,-3.48238693411383,0.0,2.5219219344944284,-1.8841056121267927,0.0,0.1729072631980554,0.301106036869958,0.9392315502144786,0.8602479119603493,1.1145293779433016,1.036087440057294,30.0,0.0,0.0020065250911484,0.727625,0.5902048975512244,0.8025987006496752,0.7146426786606698,49.0,0.1430867736315684,0.0938146492813726,0.0,0.05875,0.0,0.0614386950786761,0.0699180292431506,0.4444444444444444,0.2567364022629311,0.5224782798220301,0.6355063557104034,0,22.0,130.0,108.0,0.5224782798220301,0.5789923177662167,22.0,581,22.0,0.9020979020979021,False
BNDM,ForestCovertype,481,0.65,2012,0.5348837209302326,0.3171232784857904,0,107,4274,4025,8.642,3,0.534,54.0,13.272526689665506,7.0,2.0,0.6970056904918152,413.5,0.7805185185185185,0.2592592592592592,168.25063888888891,0.000125,0.0,0.2703293785712328,40.5925925925926,2000.0,0.0,1.0,-3.48238693411383,0.0,2.5219219344944284,-1.8841056121267927,0.0,0.1729072631980554,0.301106036869958,0.9392315502144786,0.8602479119603493,1.1145293779433016,1.036087440057294,30.0,0.0,0.0020065250911484,0.727625,0.5902048975512244,0.8025987006496752,0.7146426786606698,49.0,0.1430867736315684,0.0938146492813726,0.0,0.05875,0.0,0.0614386950786761,0.0699180292431506,0.4444444444444444,0.2567364022629311,0.5208088323713325,0.6868055969272805,0,22.0,107.0,85.0,0.5208088323713325,0.6038072146493065,22.0,582,22.0,0.7412587412587412,False
BNDM,ForestCovertype,731,0.65,570,0.5348837209302326,0.5216838361286178,0,85,4892,3891,6.224,4,0.022,54.0,13.272526689665506,7.0,2.0,0.6970056904918152,413.5,0.7805185185185185,0.2592592592592592,168.25063888888891,0.000125,0.0,0.2703293785712328,40.5925925925926,2000.0,0.0,1.0,-3.48238693411383,0.0,2.5219219344944284,-1.8841056121267927,0.0,0.1729072631980554,0.301106036869958,0.9392315502144786,0.8602479119603493,1.1145293779433016,1.036087440057294,30.0,0.0,0.0020065250911484,0.727625,0.5902048975512244,0.8025987006496752,0.7146426786606698,49.0,0.1430867736315684,0.0938146492813726,0.0,0.05875,0.0,0.0614386950786761,0.0699180292431506,0.4444444444444444,0.2567364022629311,0.5202407708032709,0.6909937068691013,0,22.0,85.0,63.0,0.5202407708032709,0.6056172388361861,22.0,583,22.0,0.5874125874125874,False
BNDM,ForestCovertype,19,0.66,178,0.558139534883721,0.7100111449340567,0,63,3985,3956,3.43,3,0.583,54.0,13.272526689665506,7.0,2.0,0.6970056904918152,413.5,0.7805185185185185,0.2592592592592592,168.25063888888891,0.000125,0.0,0.2703293785712328,40.5925925925926,2000.0,0.0,1.0,-3.48238693411383,0.0,2.5219219344944284,-1.8841056121267927,0.0,0.1729072631980554,0.301106036869958,0.9392315502144786,0.8602479119603493,1.1145293779433016,1.036087440057294,30.0,0.0,0.0020065250911484,0.727625,0.5902048975512244,0.8025987006496752,0.7146426786606698,49.0,0.1430867736315684,0.0938146492813726,0.0,0.05875,0.0,0.0614386950786761,0.0699180292431506,0.4444444444444444,0.2567364022629311,0.5066211895743145,0.718912159947859,0,22.0,63.0,41.0,0.5066211895743145,0.6127666747610867,22.0,584,22.0,0.43356643356643354,False
BNDM,ForestCovertype,376,0.67,3092,0.5813953488372094,0.2473911818957067,0,77,3292,3332,8.88,2,0.219,54.0,13.272526689665506,7.0,2.0,0.6970056904918152,413.5,0.7805185185185185,0.2592592592592592,168.25063888888891,0.000125,0.0,0.2703293785712328,40.5925925925926,2000.0,0.0,1.0,-3.48238693411383,0.0,2.5219219344944284,-1.8841056121267927,0.0,0.1729072631980554,0.301106036869958,0.9392315502144786,0.8602479119603493,1.1145293779433016,1.036087440057294,30.0,0.0,0.0020065250911484,0.727625,0.5902048975512244,0.8025987006496752,0.7146426786606698,49.0,0.1430867736315684,0.0938146492813726,0.0,0.05875,0.0,0.0614386950786761,0.0699180292431506,0.4444444444444444,0.2567364022629311,0.5041687409812411,0.7298907093317014,0,22.0,77.0,55.0,0.5041687409812411,0.6170297251564713,22.0,585,22.0,0.5314685314685315,False
BNDM,ForestCovertype,528,0.65,143,0.5348837209302326,0.7453341831597456,0,53,4137,3880,3.182,3,0.131,54.0,13.272526689665506,7.0,2.0,0.6970056904918152,413.5,0.7805185185185185,0.2592592592592592,168.25063888888891,0.000125,0.0,0.2703293785712328,40.5925925925926,2000.0,0.0,1.0,-3.48238693411383,0.0,2.5219219344944284,-1.8841056121267927,0.0,0.1729072631980554,0.301106036869958,0.9392315502144786,0.8602479119603493,1.1145293779433016,1.036087440057294,30.0,0.0,0.0020065250911484,0.727625,0.5902048975512244,0.8025987006496752,0.7146426786606698,49.0,0.1430867736315684,0.0938146492813726,0.0,0.05875,0.0,0.0614386950786761,0.0699180292431506,0.4444444444444444,0.2567364022629311,0.503533406986532,0.7373096348689449,0,22.0,53.0,31.0,0.503533406986532,0.6204215209277384,22.0,586,22.0,0.36363636363636365,False
BNDM,ForestCovertype,120,0.66,110,0.558139534883721,0.787591313839118,0,28,5000,4753,2.417,3,0.71,54.0,13.272526689665506,7.0,2.0,0.6970056904918152,413.5,0.7805185185185185,0.2592592592592592,168.25063888888891,0.000125,0.0,0.2703293785712328,40.5925925925926,2000.0,0.0,1.0,-3.48238693411383,0.0,2.5219219344944284,-1.8841056121267927,0.0,0.1729072631980554,0.301106036869958,0.9392315502144786,0.8602479119603493,1.1145293779433016,1.036087440057294,30.0,0.0,0.0020065250911484,0.727625,0.5902048975512244,0.8025987006496752,0.7146426786606698,49.0,0.1430867736315684,0.0938146492813726,0.0,0.05875,0.0,0.0614386950786761,0.0699180292431506,0.4444444444444444,0.2567364022629311,0.5018197751322749,0.7422888011593216,0,22.0,28.0,6.0,0.5018197751322749,0.6220542881457982,22.0,587,22.0,0.1888111888111888,False
BNDM,ForestCovertype,177,0.66,123,0.558139534883721,0.7696107576483557,0,37,4372,4787,5.359,3,0.893,54.0,13.272526689665506,7.0,2.0,0.6970056904918152,413.5,0.7805185185185185,0.2592592592592592,168.25063888888891,0.000125,0.0,0.2703293785712328,40.5925925925926,2000.0,0.0,1.0,-3.48238693411383,0.0,2.5219219344944284,-1.8841056121267927,0.0,0.1729072631980554,0.301106036869958,0.9392315502144786,0.8602479119603493,1.1145293779433016,1.036087440057294,30.0,0.0,0.0020065250911484,0.727625,0.5902048975512244,0.8025987006496752,0.7146426786606698,49.0,0.1430867736315684,0.0938146492813726,0.0,0.05875,0.0,0.0614386950786761,0.0699180292431506,0.4444444444444444,0.2567364022629311,0.4964038149350648,0.7481102191885054,0,22.0,37.0,15.0,0.4964038149350648,0.6222570170617852,22.0,588,22.0,0.2517482517482518,False
BNDM,ForestCovertype,239,0.68,146,0.6046511627906979,0.7419866284408493,0,14,2871,2819,1.455,5,0.681,54.0,13.272526689665506,7.0,2.0,0.6970056904918152,413.5,0.7805185185185185,0.2592592592592592,168.25063888888891,0.000125,0.0,0.2703293785712328,40.5925925925926,2000.0,0.0,1.0,-3.48238693411383,0.0,2.5219219344944284,-1.8841056121267927,0.0,0.1729072631980554,0.301106036869958,0.9392315502144786,0.8602479119603493,1.1145293779433016,1.036087440057294,30.0,0.0,0.0020065250911484,0.727625,0.5902048975512244,0.8025987006496752,0.7146426786606698,49.0,0.1430867736315684,0.0938146492813726,0.0,0.05875,0.0,0.0614386950786761,0.0699180292431506,0.4444444444444444,0.2567364022629311,0.4908456740019243,0.7487951474932586,0,22.0,14.0,8.0,0.4908456740019243,0.6198204107475914,22.0,589,22.0,0.09090909090909091,False
BNDM,ForestCovertype,365,0.67,189,0.5813953488372094,0.7003288335193862,0,42,1926,3174,3.152,3,0.913,54.0,13.272526689665506,7.0,2.0,0.6970056904918152,413.5,0.7805185185185185,0.2592592592592592,168.25063888888891,0.000125,0.0,0.2703293785712328,40.5925925925926,2000.0,0.0,1.0,-3.48238693411383,0.0,2.5219219344944284,-1.8841056121267927,0.0,0.1729072631980554,0.301106036869958,0.9392315502144786,0.8602479119603493,1.1145293779433016,1.036087440057294,30.0,0.0,0.0020065250911484,0.727625,0.5902048975512244,0.8025987006496752,0.7146426786606698,49.0,0.1430867736315684,0.0938146492813726,0.0,0.05875,0.0,0.0614386950786761,0.0699180292431506,0.4444444444444444,0.2567364022629311,0.4851739922610458,0.7556814543243032,0,22.0,42.0,20.0,0.4851739922610458,0.6204277232926745,22.0,590,22.0,0.2867132867132867,False
BNDM,ForestCovertype,917,0.66,107,0.558139534883721,0.7920395551597089,0,25,3764,4697,0.02,6,0.403,54.0,13.272526689665506,7.0,2.0,0.6970056904918152,413.5,0.7805185185185185,0.2592592592592592,168.25063888888891,0.000125,0.0,0.2703293785712328,40.5925925925926,2000.0,0.0,1.0,-3.48238693411383,0.0,2.5219219344944284,-1.8841056121267927,0.0,0.1729072631980554,0.301106036869958,0.9392315502144786,0.8602479119603493,1.1145293779433016,1.036087440057294,30.0,0.0,0.0020065250911484,0.727625,0.5902048975512244,0.8025987006496752,0.7146426786606698,49.0,0.1430867736315684,0.0938146492813726,0.0,0.05875,0.0,0.0614386950786761,0.0699180292431506,0.4444444444444444,0.2567364022629311,0.47892440776815787,0.7560251261787431,0,22.0,25.0,3.0,0.47892440776815787,0.6174747669734505,22.0,591,22.0,0.16783216783216784,False
BNDM,ForestCovertype,500,0.66,120,0.558139534883721,0.7735868907121835,0,36,3569,3985,5.761,2,0.377,54.0,13.272526689665506,7.0,2.0,0.6970056904918152,413.5,0.7805185185185185,0.2592592592592592,168.25063888888891,0.000125,0.0,0.2703293785712328,40.5925925925926,2000.0,0.0,1.0,-3.48238693411383,0.0,2.5219219344944284,-1.8841056121267927,0.0,0.1729072631980554,0.301106036869958,0.9392315502144786,0.8602479119603493,1.1145293779433016,1.036087440057294,30.0,0.0,0.0020065250911484,0.727625,0.5902048975512244,0.8025987006496752,0.7146426786606698,49.0,0.1430867736315684,0.0938146492813726,0.0,0.05875,0.0,0.0614386950786761,0.0699180292431506,0.4444444444444444,0.2567364022629311,0.47361667267917246,0.757678048429616,0,22.0,36.0,14.0,0.47361667267917246,0.6156473605543942,22.0,592,22.0,0.24475524475524477,False
BNDM,ForestCovertype,287,0.67,98,0.5813953488372094,0.8061659089359279,0,10,1665,4576,4.637,2,0.934,54.0,13.272526689665506,7.0,2.0,0.6970056904918152,413.5,0.7805185185185185,0.2592592592592592,168.25063888888891,0.000125,0.0,0.2703293785712328,40.5925925925926,2000.0,0.0,1.0,-3.48238693411383,0.0,2.5219219344944284,-1.8841056121267927,0.0,0.1729072631980554,0.301106036869958,0.9392315502144786,0.8602479119603493,1.1145293779433016,1.036087440057294,30.0,0.0,0.0020065250911484,0.727625,0.5902048975512244,0.8025987006496752,0.7146426786606698,49.0,0.1430867736315684,0.0938146492813726,0.0,0.05875,0.0,0.0614386950786761,0.0699180292431506,0.4444444444444444,0.2567364022629311,0.45462566137566135,0.7609621907128878,0,22.0,10.0,12.0,0.45462566137566135,0.6077939260442746,22.0,593,22.0,0.06293706293706294,False
BNDM,ForestCovertype,335,0.66,88,0.558139534883721,0.8234535713949114,0,13,1316,4353,3.226,2,0.603,54.0,13.272526689665506,7.0,2.0,0.6970056904918152,413.5,0.7805185185185185,0.2592592592592592,168.25063888888891,0.000125,0.0,0.2703293785712328,40.5925925925926,2000.0,0.0,1.0,-3.48238693411383,0.0,2.5219219344944284,-1.8841056121267927,0.0,0.1729072631980554,0.301106036869958,0.9392315502144786,0.8602479119603493,1.1145293779433016,1.036087440057294,30.0,0.0,0.0020065250911484,0.727625,0.5902048975512244,0.8025987006496752,0.7146426786606698,49.0,0.1430867736315684,0.0938146492813726,0.0,0.05875,0.0,0.0614386950786761,0.0699180292431506,0.4444444444444444,0.2567364022629311,0.4538813281625782,0.7613001334047091,0,22.0,13.0,9.0,0.4538813281625782,0.6075907307836437,22.0,594,22.0,0.08391608391608392,False
BNDM,ForestCovertype,570,0.64,110,0.5116279069767442,0.787591313839118,0,33,1698,4860,0.931,2,0.103,54.0,13.272526689665506,7.0,2.0,0.6970056904918152,413.5,0.7805185185185185,0.2592592592592592,168.25063888888891,0.000125,0.0,0.2703293785712328,40.5925925925926,2000.0,0.0,1.0,-3.48238693411383,0.0,2.5219219344944284,-1.8841056121267927,0.0,0.1729072631980554,0.301106036869958,0.9392315502144786,0.8602479119603493,1.1145293779433016,1.036087440057294,30.0,0.0,0.0020065250911484,0.727625,0.5902048975512244,0.8025987006496752,0.7146426786606698,49.0,0.1430867736315684,0.0938146492813726,0.0,0.05875,0.0,0.0614386950786761,0.0699180292431506,0.4444444444444444,0.2567364022629311,0.4452793335137087,0.7679332633778606,0,22.0,33.0,11.0,0.4452793335137087,0.6066062984457846,22.0,595,22.0,0.22377622377622378,False
BNDM,ForestCovertype,534,0.64,1430,0.5116279069767442,0.372525868037024,0,105,444,3094,7.937,2,0.894,54.0,13.272526689665506,7.0,2.0,0.6970056904918152,413.5,0.7805185185185185,0.2592592592592592,168.25063888888891,0.000125,0.0,0.2703293785712328,40.5925925925926,2000.0,0.0,1.0,-3.48238693411383,0.0,2.5219219344944284,-1.8841056121267927,0.0,0.1729072631980554,0.301106036869958,0.9392315502144786,0.8602479119603493,1.1145293779433016,1.036087440057294,30.0,0.0,0.0020065250911484,0.727625,0.5902048975512244,0.8025987006496752,0.7146426786606698,49.0,0.1430867736315684,0.0938146492813726,0.0,0.05875,0.0,0.0614386950786761,0.0699180292431506,0.4444444444444444,0.2567364022629311,0.43142176226551215,0.7700350769539438,0,22.0,105.0,83.0,0.43142176226551215,0.600728419609728,22.0,596,22.0,0.7272727272727273,False
BNDM,ForestCovertype,793,0.65,125,0.5348837209302326,0.7670130918002791,0,40,2395,3481,4.268,2,0.322,54.0,13.272526689665506,7.0,2.0,0.6970056904918152,413.5,0.7805185185185185,0.2592592592592592,168.25063888888891,0.000125,0.0,0.2703293785712328,40.5925925925926,2000.0,0.0,1.0,-3.48238693411383,0.0,2.5219219344944284,-1.8841056121267927,0.0,0.1729072631980554,0.301106036869958,0.9392315502144786,0.8602479119603493,1.1145293779433016,1.036087440057294,30.0,0.0,0.0020065250911484,0.727625,0.5902048975512244,0.8025987006496752,0.7146426786606698,49.0,0.1430867736315684,0.0938146492813726,0.0,0.05875,0.0,0.0614386950786761,0.0699180292431506,0.4444444444444444,0.2567364022629311,0.4292937484968733,0.7700834915490171,0,22.0,40.0,18.0,0.4292937484968733,0.5996886200229452,22.0,597,22.0,0.2727272727272727,False
BNDM,ForestCovertype,592,0.6,48,0.4186046511627906,0.92034704968182,0,7,274,4297,9.755,1,0.218,54.0,13.272526689665506,7.0,2.0,0.6970056904918152,413.5,0.7805185185185185,0.2592592592592592,168.25063888888891,0.000125,0.0,0.2703293785712328,40.5925925925926,2000.0,0.0,1.0,-3.48238693411383,0.0,2.5219219344944284,-1.8841056121267927,0.0,0.1729072631980554,0.301106036869958,0.9392315502144786,0.8602479119603493,1.1145293779433016,1.036087440057294,30.0,0.0,0.0020065250911484,0.727625,0.5902048975512244,0.8025987006496752,0.7146426786606698,49.0,0.1430867736315684,0.0938146492813726,0.0,0.05875,0.0,0.0614386950786761,0.0699180292431506,0.4444444444444444,0.2567364022629311,0.3923633808321307,0.7773611975255019,0,22.0,7.0,15.0,0.3923633808321307,0.5848622891788163,22.0,598,22.0,0.04195804195804196,False
BNDM,ForestCovertype,222,0.68,4901,0.6046511627906979,0.1726284158643577,0,66,3617,3204,2.746,7,0.725,54.0,13.272526689665506,7.0,2.0,0.6970056904918152,413.5,0.7805185185185185,0.2592592592592592,168.25063888888891,0.000125,0.0,0.2703293785712328,40.5925925925926,2000.0,0.0,1.0,-3.48238693411383,0.0,2.5219219344944284,-1.8841056121267927,0.0,0.1729072631980554,0.301106036869958,0.9392315502144786,0.8602479119603493,1.1145293779433016,1.036087440057294,30.0,0.0,0.0020065250911484,0.727625,0.5902048975512244,0.8025987006496752,0.7146426786606698,49.0,0.1430867736315684,0.0938146492813726,0.0,0.05875,0.0,0.0614386950786761,0.0699180292431506,0.4444444444444444,0.2567364022629311,0.5220300850769601,0.6147523203489403,0,23.0,66.0,43.0,0.5220300850769601,0.5683912027129503,23.0,599,23.0,0.45454545454545453,False
BNDM,ForestCovertype,435,0.69,8678,0.6279069767441859,0.0798834906145585,0,47,1901,2437,1.495,7,0.879,54.0,13.272526689665506,7.0,2.0,0.6970056904918152,413.5,0.7805185185185185,0.2592592592592592,168.25063888888891,0.000125,0.0,0.2703293785712328,40.5925925925926,2000.0,0.0,1.0,-3.48238693411383,0.0,2.5219219344944284,-1.8841056121267927,0.0,0.1729072631980554,0.301106036869958,0.9392315502144786,0.8602479119603493,1.1145293779433016,1.036087440057294,30.0,0.0,0.0020065250911484,0.727625,0.5902048975512244,0.8025987006496752,0.7146426786606698,49.0,0.1430867736315684,0.0938146492813726,0.0,0.05875,0.0,0.0614386950786761,0.0699180292431506,0.4444444444444444,0.2567364022629311,0.5207661360630114,0.6633538000174308,0,23.0,47.0,24.0,0.5207661360630114,0.5920599680402211,23.0,600,23.0,0.32167832167832167,False
BNDM,ForestCovertype,700,0.65,444,0.5348837209302326,0.5621602771327938,0,79,4351,3772,2.091,7,0.327,54.0,13.272526689665506,7.0,2.0,0.6970056904918152,413.5,0.7805185185185185,0.2592592592592592,168.25063888888891,0.000125,0.0,0.2703293785712328,40.5925925925926,2000.0,0.0,1.0,-3.48238693411383,0.0,2.5219219344944284,-1.8841056121267927,0.0,0.1729072631980554,0.301106036869958,0.9392315502144786,0.8602479119603493,1.1145293779433016,1.036087440057294,30.0,0.0,0.0020065250911484,0.727625,0.5902048975512244,0.8025987006496752,0.7146426786606698,49.0,0.1430867736315684,0.0938146492813726,0.0,0.05875,0.0,0.0614386950786761,0.0699180292431506,0.4444444444444444,0.2567364022629311,0.5203375270562772,0.6642869361579686,0,23.0,79.0,56.0,0.5203375270562772,0.592312231607123,23.0,601,23.0,0.5454545454545454,False
BNDM,ForestCovertype,392,0.67,2359,0.5813953488372094,0.2913037658710916,0,74,3829,3399,5.959,4,0.879,54.0,13.272526689665506,7.0,2.0,0.6970056904918152,413.5,0.7805185185185185,0.2592592592592592,168.25063888888891,0.000125,0.0,0.2703293785712328,40.5925925925926,2000.0,0.0,1.0,-3.48238693411383,0.0,2.5219219344944284,-1.8841056121267927,0.0,0.1729072631980554,0.301106036869958,0.9392315502144786,0.8602479119603493,1.1145293779433016,1.036087440057294,30.0,0.0,0.0020065250911484,0.727625,0.5902048975512244,0.8025987006496752,0.7146426786606698,49.0,0.1430867736315684,0.0938146492813726,0.0,0.05875,0.0,0.0614386950786761,0.0699180292431506,0.4444444444444444,0.2567364022629311,0.5168592923280418,0.6903505232376059,0,23.0,74.0,51.0,0.5168592923280418,0.6036049077828238,23.0,602,23.0,0.5104895104895105,False
BNDM,ForestCovertype,654,0.68,11516,0.6046511627906979,0.0339515867373668,0,75,1150,2417,7.678,3,0.866,54.0,13.272526689665506,7.0,2.0,0.6970056904918152,413.5,0.7805185185185185,0.2592592592592592,168.25063888888891,0.000125,0.0,0.2703293785712328,40.5925925925926,2000.0,0.0,1.0,-3.48238693411383,0.0,2.5219219344944284,-1.8841056121267927,0.0,0.1729072631980554,0.301106036869958,0.9392315502144786,0.8602479119603493,1.1145293779433016,1.036087440057294,30.0,0.0,0.0020065250911484,0.727625,0.5902048975512244,0.8025987006496752,0.7146426786606698,49.0,0.1430867736315684,0.0938146492813726,0.0,0.05875,0.0,0.0614386950786761,0.0699180292431506,0.4444444444444444,0.2567364022629311,0.5040063807720055,0.7114832285684972,0,23.0,75.0,52.0,0.5040063807720055,0.6077448046702514,23.0,603,23.0,0.5174825174825175,False
BNDM,ForestCovertype,387,0.66,632,0.558139534883721,0.504948534083427,0,89,3247,3137,4.829,3,0.651,54.0,13.272526689665506,7.0,2.0,0.6970056904918152,413.5,0.7805185185185185,0.2592592592592592,168.25063888888891,0.000125,0.0,0.2703293785712328,40.5925925925926,2000.0,0.0,1.0,-3.48238693411383,0.0,2.5219219344944284,-1.8841056121267927,0.0,0.1729072631980554,0.301106036869958,0.9392315502144786,0.8602479119603493,1.1145293779433016,1.036087440057294,30.0,0.0,0.0020065250911484,0.727625,0.5902048975512244,0.8025987006496752,0.7146426786606698,49.0,0.1430867736315684,0.0938146492813726,0.0,0.05875,0.0,0.0614386950786761,0.0699180292431506,0.4444444444444444,0.2567364022629311,0.5018994708994712,0.7299958160116773,0,23.0,89.0,66.0,0.5018994708994712,0.6159476434555742,23.0,604,23.0,0.6153846153846154,False
BNDM,ForestCovertype,626,0.64,126,0.5116279069767442,0.7657296807539822,0,41,3953,4171,0.369,4,0.234,54.0,13.272526689665506,7.0,2.0,0.6970056904918152,413.5,0.7805185185185185,0.2592592592592592,168.25063888888891,0.000125,0.0,0.2703293785712328,40.5925925925926,2000.0,0.0,1.0,-3.48238693411383,0.0,2.5219219344944284,-1.8841056121267927,0.0,0.1729072631980554,0.301106036869958,0.9392315502144786,0.8602479119603493,1.1145293779433016,1.036087440057294,30.0,0.0,0.0020065250911484,0.727625,0.5902048975512244,0.8025987006496752,0.7146426786606698,49.0,0.1430867736315684,0.0938146492813726,0.0,0.05875,0.0,0.0614386950786761,0.0699180292431506,0.4444444444444444,0.2567364022629311,0.4965098229316981,0.7314215960148651,0,23.0,41.0,18.0,0.4965098229316981,0.6139657094732816,23.0,605,23.0,0.27972027972027974,False
BNDM,ForestCovertype,510,0.65,113,0.5348837209302326,0.783261706540533,0,35,4007,4414,2.479,3,0.75,54.0,13.272526689665506,7.0,2.0,0.6970056904918152,413.5,0.7805185185185185,0.2592592592592592,168.25063888888891,0.000125,0.0,0.2703293785712328,40.5925925925926,2000.0,0.0,1.0,-3.48238693411383,0.0,2.5219219344944284,-1.8841056121267927,0.0,0.1729072631980554,0.301106036869958,0.9392315502144786,0.8602479119603493,1.1145293779433016,1.036087440057294,30.0,0.0,0.0020065250911484,0.727625,0.5902048975512244,0.8025987006496752,0.7146426786606698,49.0,0.1430867736315684,0.0938146492813726,0.0,0.05875,0.0,0.0614386950786761,0.0699180292431506,0.4444444444444444,0.2567364022629311,0.49014627675565153,0.7370641897122524,0,23.0,35.0,12.0,0.49014627675565153,0.613605233233952,23.0,606,23.0,0.23776223776223776,False
BNDM,ForestCovertype,656,0.64,138,0.5116279069767442,0.7510715523395642,0,51,3815,4319,5.201,2,0.572,54.0,13.272526689665506,7.0,2.0,0.6970056904918152,413.5,0.7805185185185185,0.2592592592592592,168.25063888888891,0.000125,0.0,0.2703293785712328,40.5925925925926,2000.0,0.0,1.0,-3.48238693411383,0.0,2.5219219344944284,-1.8841056121267927,0.0,0.1729072631980554,0.301106036869958,0.9392315502144786,0.8602479119603493,1.1145293779433016,1.036087440057294,30.0,0.0,0.0020065250911484,0.727625,0.5902048975512244,0.8025987006496752,0.7146426786606698,49.0,0.1430867736315684,0.0938146492813726,0.0,0.05875,0.0,0.0614386950786761,0.0699180292431506,0.4444444444444444,0.2567364022629311,0.4896479903198656,0.7438343678768085,0,23.0,51.0,28.0,0.4896479903198656,0.616741179098337,23.0,607,23.0,0.34965034965034963,False
BNDM,ForestCovertype,118,0.66,141,0.558139534883721,0.7476048586618529,0,50,3645,4109,1.994,3,0.175,54.0,13.272526689665506,7.0,2.0,0.6970056904918152,413.5,0.7805185185185185,0.2592592592592592,168.25063888888891,0.000125,0.0,0.2703293785712328,40.5925925925926,2000.0,0.0,1.0,-3.48238693411383,0.0,2.5219219344944284,-1.8841056121267927,0.0,0.1729072631980554,0.301106036869958,0.9392315502144786,0.8602479119603493,1.1145293779433016,1.036087440057294,30.0,0.0,0.0020065250911484,0.727625,0.5902048975512244,0.8025987006496752,0.7146426786606698,49.0,0.1430867736315684,0.0938146492813726,0.0,0.05875,0.0,0.0614386950786761,0.0699180292431506,0.4444444444444444,0.2567364022629311,0.4847027041245792,0.7459216461679028,0,23.0,50.0,27.0,0.4847027041245792,0.615312175146241,23.0,608,23.0,0.34265734265734266,False
BNDM,ForestCovertype,434,0.65,77,0.5348837209302326,0.8448720940102759,0,15,2523,3358,0.479,5,0.056,54.0,13.272526689665506,7.0,2.0,0.6970056904918152,413.5,0.7805185185185185,0.2592592592592592,168.25063888888891,0.000125,0.0,0.2703293785712328,40.5925925925926,2000.0,0.0,1.0,-3.48238693411383,0.0,2.5219219344944284,-1.8841056121267927,0.0,0.1729072631980554,0.301106036869958,0.9392315502144786,0.8602479119603493,1.1145293779433016,1.036087440057294,30.0,0.0,0.0020065250911484,0.727625,0.5902048975512244,0.8025987006496752,0.7146426786606698,49.0,0.1430867736315684,0.0938146492813726,0.0,0.05875,0.0,0.0614386950786761,0.0699180292431506,0.4444444444444444,0.2567364022629311,0.4789648343554594,0.7544217922965126,0,23.0,15.0,8.0,0.4789648343554594,0.616693313325986,23.0,609,23.0,0.0979020979020979,False
BNDM,ForestCovertype,724,0.65,101,0.5348837209302326,0.8013192609076927,0,28,3312,4724,0.298,4,0.936,54.0,13.272526689665506,7.0,2.0,0.6970056904918152,413.5,0.7805185185185185,0.2592592592592592,168.25063888888891,0.000125,0.0,0.2703293785712328,40.5925925925926,2000.0,0.0,1.0,-3.48238693411383,0.0,2.5219219344944284,-1.8841056121267927,0.0,0.1729072631980554,0.301106036869958,0.9392315502144786,0.8602479119603493,1.1145293779433016,1.036087440057294,30.0,0.0,0.0020065250911484,0.727625,0.5902048975512244,0.8025987006496752,0.7146426786606698,49.0,0.1430867736315684,0.0938146492813726,0.0,0.05875,0.0,0.0614386950786761,0.0699180292431506,0.4444444444444444,0.2567364022629311,0.451249902296777,0.7548117333022852,0,23.0,28.0,5.0,0.451249902296777,0.6030308177995312,23.0,610,23.0,0.1888111888111888,False
BNDM,ForestCovertype,206,0.66,91,0.558139534883721,0.8180712889253797,0,14,3080,4666,0.209,7,0.779,54.0,13.272526689665506,7.0,2.0,0.6970056904918152,413.5,0.7805185185185185,0.2592592592592592,168.25063888888891,0.000125,0.0,0.2703293785712328,40.5925925925926,2000.0,0.0,1.0,-3.48238693411383,0.0,2.5219219344944284,-1.8841056121267927,0.0,0.1729072631980554,0.301106036869958,0.9392315502144786,0.8602479119603493,1.1145293779433016,1.036087440057294,30.0,0.0,0.0020065250911484,0.727625,0.5902048975512244,0.8025987006496752,0.7146426786606698,49.0,0.1430867736315684,0.0938146492813726,0.0,0.05875,0.0,0.0614386950786761,0.0699180292431506,0.4444444444444444,0.2567364022629311,0.4491899125180375,0.7579482834750586,0,23.0,14.0,9.0,0.4491899125180375,0.603569097996548,23.0,611,23.0,0.09090909090909091,False
BNDM,ForestCovertype,871,0.66,115,0.558139534883721,0.7804381457737366,0,32,1686,4241,4.919,2,0.658,54.0,13.272526689665506,7.0,2.0,0.6970056904918152,413.5,0.7805185185185185,0.2592592592592592,168.25063888888891,0.000125,0.0,0.2703293785712328,40.5925925925926,2000.0,0.0,1.0,-3.48238693411383,0.0,2.5219219344944284,-1.8841056121267927,0.0,0.1729072631980554,0.301106036869958,0.9392315502144786,0.8602479119603493,1.1145293779433016,1.036087440057294,30.0,0.0,0.0020065250911484,0.727625,0.5902048975512244,0.8025987006496752,0.7146426786606698,49.0,0.1430867736315684,0.0938146492813726,0.0,0.05875,0.0,0.0614386950786761,0.0699180292431506,0.4444444444444444,0.2567364022629311,0.44778703703703676,0.7599213319043487,0,23.0,32.0,9.0,0.44778703703703676,0.6038541844706927,23.0,612,23.0,0.21678321678321677,False
BNDM,ForestCovertype,446,0.64,97,0.5116279069767442,0.807814153061353,0,27,1280,4545,2.713,2,0.408,54.0,13.272526689665506,7.0,2.0,0.6970056904918152,413.5,0.7805185185185185,0.2592592592592592,168.25063888888891,0.000125,0.0,0.2703293785712328,40.5925925925926,2000.0,0.0,1.0,-3.48238693411383,0.0,2.5219219344944284,-1.8841056121267927,0.0,0.1729072631980554,0.301106036869958,0.9392315502144786,0.8602479119603493,1.1145293779433016,1.036087440057294,30.0,0.0,0.0020065250911484,0.727625,0.5902048975512244,0.8025987006496752,0.7146426786606698,49.0,0.1430867736315684,0.0938146492813726,0.0,0.05875,0.0,0.0614386950786761,0.0699180292431506,0.4444444444444444,0.2567364022629311,0.4444359968734968,0.7658244189847219,0,23.0,27.0,4.0,0.4444359968734968,0.6051302079291093,23.0,613,23.0,0.18181818181818182,False
BNDM,ForestCovertype,773,0.65,65,0.5348837209302326,0.8719934335564317,0,8,701,4714,6.795,1,0.297,54.0,13.272526689665506,7.0,2.0,0.6970056904918152,413.5,0.7805185185185185,0.2592592592592592,168.25063888888891,0.000125,0.0,0.2703293785712328,40.5925925925926,2000.0,0.0,1.0,-3.48238693411383,0.0,2.5219219344944284,-1.8841056121267927,0.0,0.1729072631980554,0.301106036869958,0.9392315502144786,0.8602479119603493,1.1145293779433016,1.036087440057294,30.0,0.0,0.0020065250911484,0.727625,0.5902048975512244,0.8025987006496752,0.7146426786606698,49.0,0.1430867736315684,0.0938146492813726,0.0,0.05875,0.0,0.0614386950786761,0.0699180292431506,0.4444444444444444,0.2567364022629311,0.4061067370129869,0.7685712495975329,0,23.0,8.0,15.0,0.4061067370129869,0.5873389933052598,23.0,614,23.0,0.04895104895104895,False
BNDM,ForestCovertype,752,0.62,267,0.4651162790697675,0.6444862311223042,0,73,197,3275,4.772,2,0.524,54.0,13.272526689665506,7.0,2.0,0.6970056904918152,413.5,0.7805185185185185,0.2592592592592592,168.25063888888891,0.000125,0.0,0.2703293785712328,40.5925925925926,2000.0,0.0,1.0,-3.48238693411383,0.0,2.5219219344944284,-1.8841056121267927,0.0,0.1729072631980554,0.301106036869958,0.9392315502144786,0.8602479119603493,1.1145293779433016,1.036087440057294,30.0,0.0,0.0020065250911484,0.727625,0.5902048975512244,0.8025987006496752,0.7146426786606698,49.0,0.1430867736315684,0.0938146492813726,0.0,0.05875,0.0,0.0614386950786761,0.0699180292431506,0.4444444444444444,0.2567364022629311,0.39038664923039923,0.7764796063043966,0,23.0,73.0,50.0,0.39038664923039923,0.5834331277673979,23.0,615,23.0,0.5034965034965035,False
BNDM,ForestCovertype,848,0.66,3159,0.558139534883721,0.2439119207473324,0,114,4574,4121,4.385,7,0.437,54.0,13.272526689665506,7.0,2.0,0.6970056904918152,413.5,0.7805185185185185,0.2592592592592592,168.25063888888891,0.000125,0.0,0.2703293785712328,40.5925925925926,2000.0,0.0,1.0,-3.48238693411383,0.0,2.5219219344944284,-1.8841056121267927,0.0,0.1729072631980554,0.301106036869958,0.9392315502144786,0.8602479119603493,1.1145293779433016,1.036087440057294,30.0,0.0,0.0020065250911484,0.727625,0.5902048975512244,0.8025987006496752,0.7146426786606698,49.0,0.1430867736315684,0.0938146492813726,0.0,0.05875,0.0,0.0614386950786761,0.0699180292431506,0.4444444444444444,0.2567364022629311,0.5220215924122175,0.5949508943144239,0,24.0,114.0,90.0,0.5220215924122175,0.5584862433633206,24.0,616,24.0,0.7902097902097902,False
BNDM,ForestCovertype,859,0.66,360,0.558139534883721,0.5961234366803863,0,76,4474,4147,5.743,5,0.633,54.0,13.272526689665506,7.0,2.0,0.6970056904918152,413.5,0.7805185185185185,0.2592592592592592,168.25063888888891,0.000125,0.0,0.2703293785712328,40.5925925925926,2000.0,0.0,1.0,-3.48238693411383,0.0,2.5219219344944284,-1.8841056121267927,0.0,0.1729072631980554,0.301106036869958,0.9392315502144786,0.8602479119603493,1.1145293779433016,1.036087440057294,30.0,0.0,0.0020065250911484,0.727625,0.5902048975512244,0.8025987006496752,0.7146426786606698,49.0,0.1430867736315684,0.0938146492813726,0.0,0.05875,0.0,0.0614386950786761,0.0699180292431506,0.4444444444444444,0.2567364022629311,0.5206139144420395,0.6226310092329912,0,24.0,76.0,52.0,0.5206139144420395,0.5716224618375154,24.0,617,24.0,0.5244755244755245,False
BNDM,ForestCovertype,149,0.66,138,0.558139534883721,0.7510715523395642,0,49,4935,4139,3.306,5,0.408,54.0,13.272526689665506,7.0,2.0,0.6970056904918152,413.5,0.7805185185185185,0.2592592592592592,168.25063888888891,0.000125,0.0,0.2703293785712328,40.5925925925926,2000.0,0.0,1.0,-3.48238693411383,0.0,2.5219219344944284,-1.8841056121267927,0.0,0.1729072631980554,0.301106036869958,0.9392315502144786,0.8602479119603493,1.1145293779433016,1.036087440057294,30.0,0.0,0.0020065250911484,0.727625,0.5902048975512244,0.8025987006496752,0.7146426786606698,49.0,0.1430867736315684,0.0938146492813726,0.0,0.05875,0.0,0.0614386950786761,0.0699180292431506,0.4444444444444444,0.2567364022629311,0.5157626262626265,0.6661179767999135,0,24.0,49.0,25.0,0.5157626262626265,0.59094030153127,24.0,618,24.0,0.3356643356643357,False
BNDM,ForestCovertype,258,0.67,351,0.5813953488372094,0.6002222683155343,0,50,4378,3894,4.905,4,0.191,54.0,13.272526689665506,7.0,2.0,0.6970056904918152,413.5,0.7805185185185185,0.2592592592592592,168.25063888888891,0.000125,0.0,0.2703293785712328,40.5925925925926,2000.0,0.0,1.0,-3.48238693411383,0.0,2.5219219344944284,-1.8841056121267927,0.0,0.1729072631980554,0.301106036869958,0.9392315502144786,0.8602479119603493,1.1145293779433016,1.036087440057294,30.0,0.0,0.0020065250911484,0.727625,0.5902048975512244,0.8025987006496752,0.7146426786606698,49.0,0.1430867736315684,0.0938146492813726,0.0,0.05875,0.0,0.0614386950786761,0.0699180292431506,0.4444444444444444,0.2567364022629311,0.5145220433501682,0.6856680217922343,0,24.0,50.0,26.0,0.5145220433501682,0.6000950325712012,24.0,619,24.0,0.34265734265734266,False
BNDM,ForestCovertype,499,0.68,5573,0.6046511627906979,0.1517712854202199,0,69,2829,3036,3.25,6,0.995,54.0,13.272526689665506,7.0,2.0,0.6970056904918152,413.5,0.7805185185185185,0.2592592592592592,168.25063888888891,0.000125,0.0,0.2703293785712328,40.5925925925926,2000.0,0.0,1.0,-3.48238693411383,0.0,2.5219219344944284,-1.8841056121267927,0.0,0.1729072631980554,0.301106036869958,0.9392315502144786,0.8602479119603493,1.1145293779433016,1.036087440057294,30.0,0.0,0.0020065250911484,0.727625,0.5902048975512244,0.8025987006496752,0.7146426786606698,49.0,0.1430867736315684,0.0938146492813726,0.0,0.05875,0.0,0.0614386950786761,0.0699180292431506,0.4444444444444444,0.2567364022629311,0.5081599176286676,0.6894011648574362,0,24.0,69.0,45.0,0.5081599176286676,0.5987805412430519,24.0,620,24.0,0.4755244755244755,False
BNDM,ForestCovertype,185,0.67,5165,0.5813953488372094,0.1641122459258164,0,84,3491,3155,5.479,4,0.439,54.0,13.272526689665506,7.0,2.0,0.6970056904918152,413.5,0.7805185185185185,0.2592592592592592,168.25063888888891,0.000125,0.0,0.2703293785712328,40.5925925925926,2000.0,0.0,1.0,-3.48238693411383,0.0,2.5219219344944284,-1.8841056121267927,0.0,0.1729072631980554,0.301106036869958,0.9392315502144786,0.8602479119603493,1.1145293779433016,1.036087440057294,30.0,0.0,0.0020065250911484,0.727625,0.5902048975512244,0.8025987006496752,0.7146426786606698,49.0,0.1430867736315684,0.0938146492813726,0.0,0.05875,0.0,0.0614386950786761,0.0699180292431506,0.4444444444444444,0.2567364022629311,0.5021965337902837,0.7000516403355632,0,24.0,84.0,60.0,0.5021965337902837,0.6011240870629235,24.0,621,24.0,0.5804195804195804,False
BNDM,ForestCovertype,729,0.64,139,0.5116279069767442,0.7499077433996362,0,52,4642,4547,4.888,2,0.305,54.0,13.272526689665506,7.0,2.0,0.6970056904918152,413.5,0.7805185185185185,0.2592592592592592,168.25063888888891,0.000125,0.0,0.2703293785712328,40.5925925925926,2000.0,0.0,1.0,-3.48238693411383,0.0,2.5219219344944284,-1.8841056121267927,0.0,0.1729072631980554,0.301106036869958,0.9392315502144786,0.8602479119603493,1.1145293779433016,1.036087440057294,30.0,0.0,0.0020065250911484,0.727625,0.5902048975512244,0.8025987006496752,0.7146426786606698,49.0,0.1430867736315684,0.0938146492813726,0.0,0.05875,0.0,0.0614386950786761,0.0699180292431506,0.4444444444444444,0.2567364022629311,0.5009498556998561,0.7258564208780807,0,24.0,52.0,28.0,0.5009498556998561,0.6134031382889684,24.0,622,24.0,0.35664335664335667,False
BNDM,ForestCovertype,304,0.66,67,0.558139534883721,0.8671467855281964,1,1,2507,3246,0.206,6,0.429,54.0,13.272526689665506,7.0,2.0,0.6970056904918152,413.5,0.7805185185185185,0.2592592592592592,168.25063888888891,0.000125,0.0,0.2703293785712328,40.5925925925926,2000.0,0.0,1.0,-3.48238693411383,0.0,2.5219219344944284,-1.8841056121267927,0.0,0.1729072631980554,0.301106036869958,0.9392315502144786,0.8602479119603493,1.1145293779433016,1.036087440057294,30.0,0.0,0.0020065250911484,0.727625,0.5902048975512244,0.8025987006496752,0.7146426786606698,49.0,0.1430867736315684,0.0938146492813726,0.0,0.05875,0.0,0.0614386950786761,0.0699180292431506,0.4444444444444444,0.2567364022629311,0.48084537337662314,0.7414980091404195,0,24.0,1.0,23.0,0.48084537337662314,0.6111716912585213,24.0,623,24.0,0.0,False
BNDM,ForestCovertype,317,0.66,951,0.558139534883721,0.4386941076868617,0,95,3347,3732,8.107,2,0.355,54.0,13.272526689665506,7.0,2.0,0.6970056904918152,413.5,0.7805185185185185,0.2592592592592592,168.25063888888891,0.000125,0.0,0.2703293785712328,40.5925925925926,2000.0,0.0,1.0,-3.48238693411383,0.0,2.5219219344944284,-1.8841056121267927,0.0,0.1729072631980554,0.301106036869958,0.9392315502144786,0.8602479119603493,1.1145293779433016,1.036087440057294,30.0,0.0,0.0020065250911484,0.727625,0.5902048975512244,0.8025987006496752,0.7146426786606698,49.0,0.1430867736315684,0.0938146492813726,0.0,0.05875,0.0,0.0614386950786761,0.0699180292431506,0.4444444444444444,0.2567364022629311,0.47652079575517053,0.7433552210751728,0,24.0,95.0,71.0,0.47652079575517053,0.6099380084151717,24.0,624,24.0,0.6573426573426573,False
BNDM,ForestCovertype,161,0.66,114,0.558139534883721,0.7818437879041963,0,31,1585,4760,7.559,2,0.96,54.0,13.272526689665506,7.0,2.0,0.6970056904918152,413.5,0.7805185185185185,0.2592592592592592,168.25063888888891,0.000125,0.0,0.2703293785712328,40.5925925925926,2000.0,0.0,1.0,-3.48238693411383,0.0,2.5219219344944284,-1.8841056121267927,0.0,0.1729072631980554,0.301106036869958,0.9392315502144786,0.8602479119603493,1.1145293779433016,1.036087440057294,30.0,0.0,0.0020065250911484,0.727625,0.5902048975512244,0.8025987006496752,0.7146426786606698,49.0,0.1430867736315684,0.0938146492813726,0.0,0.05875,0.0,0.0614386950786761,0.0699180292431506,0.4444444444444444,0.2567364022629311,0.45186953613516123,0.7463686003057007,0,24.0,31.0,7.0,0.45186953613516123,0.599119068220431,24.0,625,24.0,0.2097902097902098,False
BNDM,ForestCovertype,179,0.66,230,0.558139534883721,0.6686065489560311,0,68,2834,3852,4.914,2,0.251,54.0,13.272526689665506,7.0,2.0,0.6970056904918152,413.5,0.7805185185185185,0.2592592592592592,168.25063888888891,0.000125,0.0,0.2703293785712328,40.5925925925926,2000.0,0.0,1.0,-3.48238693411383,0.0,2.5219219344944284,-1.8841056121267927,0.0,0.1729072631980554,0.301106036869958,0.9392315502144786,0.8602479119603493,1.1145293779433016,1.036087440057294,30.0,0.0,0.0020065250911484,0.727625,0.5902048975512244,0.8025987006496752,0.7146426786606698,49.0,0.1430867736315684,0.0938146492813726,0.0,0.05875,0.0,0.0614386950786761,0.0699180292431506,0.4444444444444444,0.2567364022629311,0.44892854136604143,0.753144709599503,0,24.0,68.0,44.0,0.44892854136604143,0.6010366254827721,24.0,626,24.0,0.46853146853146854,False
BNDM,ForestCovertype,169,0.66,70,0.558139534883721,0.86013775528232,0,3,2725,4166,2.073,3,0.63,54.0,13.272526689665506,7.0,2.0,0.6970056904918152,413.5,0.7805185185185185,0.2592592592592592,168.25063888888891,0.000125,0.0,0.2703293785712328,40.5925925925926,2000.0,0.0,1.0,-3.48238693411383,0.0,2.5219219344944284,-1.8841056121267927,0.0,0.1729072631980554,0.301106036869958,0.9392315502144786,0.8602479119603493,1.1145293779433016,1.036087440057294,30.0,0.0,0.0020065250911484,0.727625,0.5902048975512244,0.8025987006496752,0.7146426786606698,49.0,0.1430867736315684,0.0938146492813726,0.0,0.05875,0.0,0.0614386950786761,0.0699180292431506,0.4444444444444444,0.2567364022629311,0.4436645247113997,0.7652648506371473,0,24.0,3.0,21.0,0.4436645247113997,0.6044646876742735,24.0,627,24.0,0.013986013986013986,False
BNDM,ForestCovertype,760,0.63,48,0.4883720930232558,0.92034704968182,0,6,412,4820,8.598,1,0.387,54.0,13.272526689665506,7.0,2.0,0.6970056904918152,413.5,0.7805185185185185,0.2592592592592592,168.25063888888891,0.000125,0.0,0.2703293785712328,40.5925925925926,2000.0,0.0,1.0,-3.48238693411383,0.0,2.5219219344944284,-1.8841056121267927,0.0,0.1729072631980554,0.301106036869958,0.9392315502144786,0.8602479119603493,1.1145293779433016,1.036087440057294,30.0,0.0,0.0020065250911484,0.727625,0.5902048975512244,0.8025987006496752,0.7146426786606698,49.0,0.1430867736315684,0.0938146492813726,0.0,0.05875,0.0,0.0614386950786761,0.0699180292431506,0.4444444444444444,0.2567364022629311,0.38292346831409324,0.7718835962700293,0,24.0,6.0,18.0,0.38292346831409324,0.5774035322920613,24.0,628,24.0,0.03496503496503497,False
BNDM,ForestCovertype,60,0.63,44,0.4883720930232558,0.9341724753794964,0,4,279,4450,7.62,1,0.816,54.0,13.272526689665506,7.0,2.0,0.6970056904918152,413.5,0.7805185185185185,0.2592592592592592,168.25063888888891,0.000125,0.0,0.2703293785712328,40.5925925925926,2000.0,0.0,1.0,-3.48238693411383,0.0,2.5219219344944284,-1.8841056121267927,0.0,0.1729072631980554,0.301106036869958,0.9392315502144786,0.8602479119603493,1.1145293779433016,1.036087440057294,30.0,0.0,0.0020065250911484,0.727625,0.5902048975512244,0.8025987006496752,0.7146426786606698,49.0,0.1430867736315684,0.0938146492813726,0.0,0.05875,0.0,0.0614386950786761,0.0699180292431506,0.4444444444444444,0.2567364022629311,0.37730568332130837,0.7758864454470384,0,24.0,4.0,20.0,0.37730568332130837,0.5765960643841734,24.0,629,24.0,0.02097902097902098,False
BNDM,ForestCovertype,827,0.66,746,0.558139534883721,0.4780641163624493,0,91,4613,4211,9.056,5,0.63,54.0,13.272526689665506,7.0,2.0,0.6970056904918152,413.5,0.7805185185185185,0.2592592592592592,168.25063888888891,0.000125,0.0,0.2703293785712328,40.5925925925926,2000.0,0.0,1.0,-3.48238693411383,0.0,2.5219219344944284,-1.8841056121267927,0.0,0.1729072631980554,0.301106036869958,0.9392315502144786,0.8602479119603493,1.1145293779433016,1.036087440057294,30.0,0.0,0.0020065250911484,0.727625,0.5902048975512244,0.8025987006496752,0.7146426786606698,49.0,0.1430867736315684,0.0938146492813726,0.0,0.05875,0.0,0.0614386950786761,0.0699180292431506,0.4444444444444444,0.2567364022629311,0.5213736772486769,0.5802984157439329,0,25.0,91.0,66.0,0.5213736772486769,0.5508360464963049,25.0,630,25.0,0.6293706293706294,False
BNDM,ForestCovertype,545,0.66,4127,0.558139534883721,0.2005284171040744,0,119,1846,3081,1.865,7,0.355,54.0,13.272526689665506,7.0,2.0,0.6970056904918152,413.5,0.7805185185185185,0.2592592592592592,168.25063888888891,0.000125,0.0,0.2703293785712328,40.5925925925926,2000.0,0.0,1.0,-3.48238693411383,0.0,2.5219219344944284,-1.8841056121267927,0.0,0.1729072631980554,0.301106036869958,0.9392315502144786,0.8602479119603493,1.1145293779433016,1.036087440057294,30.0,0.0,0.0020065250911484,0.727625,0.5902048975512244,0.8025987006496752,0.7146426786606698,49.0,0.1430867736315684,0.0938146492813726,0.0,0.05875,0.0,0.0614386950786761,0.0699180292431506,0.4444444444444444,0.2567364022629311,0.5195094276094281,0.6036888237832011,0,25.0,119.0,94.0,0.5195094276094281,0.5615991256963146,25.0,631,25.0,0.8251748251748252,False
BNDM,ForestCovertype,357,0.65,2868,0.5348837209302326,0.2595963721744029,0,112,4465,4165,4.694,6,0.324,54.0,13.272526689665506,7.0,2.0,0.6970056904918152,413.5,0.7805185185185185,0.2592592592592592,168.25063888888891,0.000125,0.0,0.2703293785712328,40.5925925925926,2000.0,0.0,1.0,-3.48238693411383,0.0,2.5219219344944284,-1.8841056121267927,0.0,0.1729072631980554,0.301106036869958,0.9392315502144786,0.8602479119603493,1.1145293779433016,1.036087440057294,30.0,0.0,0.0020065250911484,0.727625,0.5902048975512244,0.8025987006496752,0.7146426786606698,49.0,0.1430867736315684,0.0938146492813726,0.0,0.05875,0.0,0.0614386950786761,0.0699180292431506,0.4444444444444444,0.2567364022629311,0.518599830146705,0.6091206489263645,0,25.0,112.0,87.0,0.518599830146705,0.5638602395365347,25.0,632,25.0,0.7762237762237763,False
BNDM,ForestCovertype,546,0.64,185,0.5116279069767442,0.703783233027852,0,66,4588,4311,2.931,5,0.712,54.0,13.272526689665506,7.0,2.0,0.6970056904918152,413.5,0.7805185185185185,0.2592592592592592,168.25063888888891,0.000125,0.0,0.2703293785712328,40.5925925925926,2000.0,0.0,1.0,-3.48238693411383,0.0,2.5219219344944284,-1.8841056121267927,0.0,0.1729072631980554,0.301106036869958,0.9392315502144786,0.8602479119603493,1.1145293779433016,1.036087440057294,30.0,0.0,0.0020065250911484,0.727625,0.5902048975512244,0.8025987006496752,0.7146426786606698,49.0,0.1430867736315684,0.0938146492813726,0.0,0.05875,0.0,0.0614386950786761,0.0699180292431506,0.4444444444444444,0.2567364022629311,0.5123707536676285,0.6600632069489779,0,25.0,66.0,41.0,0.5123707536676285,0.5862169803083033,25.0,633,25.0,0.45454545454545453,False
BNDM,ForestCovertype,408,0.66,119,0.558139534883721,0.774934206759066,0,35,4912,4744,1.924,7,0.526,54.0,13.272526689665506,7.0,2.0,0.6970056904918152,413.5,0.7805185185185185,0.2592592592592592,168.25063888888891,0.000125,0.0,0.2703293785712328,40.5925925925926,2000.0,0.0,1.0,-3.48238693411383,0.0,2.5219219344944284,-1.8841056121267927,0.0,0.1729072631980554,0.301106036869958,0.9392315502144786,0.8602479119603493,1.1145293779433016,1.036087440057294,30.0,0.0,0.0020065250911484,0.727625,0.5902048975512244,0.8025987006496752,0.7146426786606698,49.0,0.1430867736315684,0.0938146492813726,0.0,0.05875,0.0,0.0614386950786761,0.0699180292431506,0.4444444444444444,0.2567364022629311,0.5123705131673881,0.6627722155441356,0,25.0,35.0,10.0,0.5123705131673881,0.5875713643557618,25.0,634,25.0,0.23776223776223776,False
BNDM,ForestCovertype,475,0.66,529,0.558139534883721,0.5337809408773517,0,84,4059,3581,3.359,5,0.039,54.0,13.272526689665506,7.0,2.0,0.6970056904918152,413.5,0.7805185185185185,0.2592592592592592,168.25063888888891,0.000125,0.0,0.2703293785712328,40.5925925925926,2000.0,0.0,1.0,-3.48238693411383,0.0,2.5219219344944284,-1.8841056121267927,0.0,0.1729072631980554,0.301106036869958,0.9392315502144786,0.8602479119603493,1.1145293779433016,1.036087440057294,30.0,0.0,0.0020065250911484,0.727625,0.5902048975512244,0.8025987006496752,0.7146426786606698,49.0,0.1430867736315684,0.0938146492813726,0.0,0.05875,0.0,0.0614386950786761,0.0699180292431506,0.4444444444444444,0.2567364022629311,0.5082790103415104,0.6814529986504517,0,25.0,84.0,59.0,0.5082790103415104,0.594866004495981,25.0,635,25.0,0.5804195804195804,False
BNDM,ForestCovertype,211,0.66,117,0.558139534883721,0.7776628533741432,0,34,4859,4635,5.733,3,0.456,54.0,13.272526689665506,7.0,2.0,0.6970056904918152,413.5,0.7805185185185185,0.2592592592592592,168.25063888888891,0.000125,0.0,0.2703293785712328,40.5925925925926,2000.0,0.0,1.0,-3.48238693411383,0.0,2.5219219344944284,-1.8841056121267927,0.0,0.1729072631980554,0.301106036869958,0.9392315502144786,0.8602479119603493,1.1145293779433016,1.036087440057294,30.0,0.0,0.0020065250911484,0.727625,0.5902048975512244,0.8025987006496752,0.7146426786606698,49.0,0.1430867736315684,0.0938146492813726,0.0,0.05875,0.0,0.0614386950786761,0.0699180292431506,0.4444444444444444,0.2567364022629311,0.5007144510582012,0.6935606136912829,0,25.0,34.0,9.0,0.5007144510582012,0.5971375323747421,25.0,636,25.0,0.23076923076923078,False
BNDM,ForestCovertype,630,0.64,341,0.5116279069767442,0.6049012852995622,0,80,4328,4893,9.185,2,0.45,54.0,13.272526689665506,7.0,2.0,0.6970056904918152,413.5,0.7805185185185185,0.2592592592592592,168.25063888888891,0.000125,0.0,0.2703293785712328,40.5925925925926,2000.0,0.0,1.0,-3.48238693411383,0.0,2.5219219344944284,-1.8841056121267927,0.0,0.1729072631980554,0.301106036869958,0.9392315502144786,0.8602479119603493,1.1145293779433016,1.036087440057294,30.0,0.0,0.0020065250911484,0.727625,0.5902048975512244,0.8025987006496752,0.7146426786606698,49.0,0.1430867736315684,0.0938146492813726,0.0,0.05875,0.0,0.0614386950786761,0.0699180292431506,0.4444444444444444,0.2567364022629311,0.5001296596921598,0.7230617398101766,0,25.0,80.0,55.0,0.5001296596921598,0.6115956997511682,25.0,637,25.0,0.5524475524475524,False
BNDM,ForestCovertype,319,0.67,128,0.5813953488372094,0.7631929002064095,0,22,1685,3312,0.91,5,0.176,54.0,13.272526689665506,7.0,2.0,0.6970056904918152,413.5,0.7805185185185185,0.2592592592592592,168.25063888888891,0.000125,0.0,0.2703293785712328,40.5925925925926,2000.0,0.0,1.0,-3.48238693411383,0.0,2.5219219344944284,-1.8841056121267927,0.0,0.1729072631980554,0.301106036869958,0.9392315502144786,0.8602479119603493,1.1145293779433016,1.036087440057294,30.0,0.0,0.0020065250911484,0.727625,0.5902048975512244,0.8025987006496752,0.7146426786606698,49.0,0.1430867736315684,0.0938146492813726,0.0,0.05875,0.0,0.0614386950786761,0.0699180292431506,0.4444444444444444,0.2567364022629311,0.49239816317941326,0.7242487085802178,0,25.0,22.0,3.0,0.49239816317941326,0.6083234358798155,25.0,638,25.0,0.14685314685314685,False
BNDM,ForestCovertype,20,0.67,1083,0.5813953488372094,0.4176131763407392,0,61,2677,2976,4.524,3,0.283,54.0,13.272526689665506,7.0,2.0,0.6970056904918152,413.5,0.7805185185185185,0.2592592592592592,168.25063888888891,0.000125,0.0,0.2703293785712328,40.5925925925926,2000.0,0.0,1.0,-3.48238693411383,0.0,2.5219219344944284,-1.8841056121267927,0.0,0.1729072631980554,0.301106036869958,0.9392315502144786,0.8602479119603493,1.1145293779433016,1.036087440057294,30.0,0.0,0.0020065250911484,0.727625,0.5902048975512244,0.8025987006496752,0.7146426786606698,49.0,0.1430867736315684,0.0938146492813726,0.0,0.05875,0.0,0.0614386950786761,0.0699180292431506,0.4444444444444444,0.2567364022629311,0.4770606586700337,0.7300863350715897,0,25.0,61.0,36.0,0.4770606586700337,0.6035734968708117,25.0,639,25.0,0.4195804195804196,False
BNDM,ForestCovertype,702,0.64,127,0.5116279069767442,0.7644563357802862,0,42,1208,3932,4.357,2,0.037,54.0,13.272526689665506,7.0,2.0,0.6970056904918152,413.5,0.7805185185185185,0.2592592592592592,168.25063888888891,0.000125,0.0,0.2703293785712328,40.5925925925926,2000.0,0.0,1.0,-3.48238693411383,0.0,2.5219219344944284,-1.8841056121267927,0.0,0.1729072631980554,0.301106036869958,0.9392315502144786,0.8602479119603493,1.1145293779433016,1.036087440057294,30.0,0.0,0.0020065250911484,0.727625,0.5902048975512244,0.8025987006496752,0.7146426786606698,49.0,0.1430867736315684,0.0938146492813726,0.0,0.05875,0.0,0.0614386950786761,0.0699180292431506,0.4444444444444444,0.2567364022629311,0.46987566137566117,0.741902547033373,0,25.0,42.0,17.0,0.46987566137566117,0.6058891042045171,25.0,640,25.0,0.2867132867132867,False
BNDM,ForestCovertype,854,0.66,80,0.558139534883721,0.8387449271596722,0,8,3108,4966,0.284,4,0.421,54.0,13.272526689665506,7.0,2.0,0.6970056904918152,413.5,0.7805185185185185,0.2592592592592592,168.25063888888891,0.000125,0.0,0.2703293785712328,40.5925925925926,2000.0,0.0,1.0,-3.48238693411383,0.0,2.5219219344944284,-1.8841056121267927,0.0,0.1729072631980554,0.301106036869958,0.9392315502144786,0.8602479119603493,1.1145293779433016,1.036087440057294,30.0,0.0,0.0020065250911484,0.727625,0.5902048975512244,0.8025987006496752,0.7146426786606698,49.0,0.1430867736315684,0.0938146492813726,0.0,0.05875,0.0,0.0614386950786761,0.0699180292431506,0.4444444444444444,0.2567364022629311,0.44203659361471853,0.7560593896192771,0,25.0,8.0,17.0,0.44203659361471853,0.5990479916169978,25.0,641,25.0,0.04895104895104895,False
BNDM,ForestCovertype,810,0.63,62,0.4883720930232558,0.8795459884207462,0,9,257,3331,0.578,6,0.606,54.0,13.272526689665506,7.0,2.0,0.6970056904918152,413.5,0.7805185185185185,0.2592592592592592,168.25063888888891,0.000125,0.0,0.2703293785712328,40.5925925925926,2000.0,0.0,1.0,-3.48238693411383,0.0,2.5219219344944284,-1.8841056121267927,0.0,0.1729072631980554,0.301106036869958,0.9392315502144786,0.8602479119603493,1.1145293779433016,1.036087440057294,30.0,0.0,0.0020065250911484,0.727625,0.5902048975512244,0.8025987006496752,0.7146426786606698,49.0,0.1430867736315684,0.0938146492813726,0.0,0.05875,0.0,0.0614386950786761,0.0699180292431506,0.4444444444444444,0.2567364022629311,0.42640673851611327,0.7588238459615804,0,25.0,9.0,16.0,0.42640673851611327,0.5926152922388468,25.0,642,25.0,0.055944055944055944,False
BNDM,ForestCovertype,711,0.63,63,0.4883720930232558,0.8769892324007532,0,10,2537,4634,2.006,3,0.645,54.0,13.272526689665506,7.0,2.0,0.6970056904918152,413.5,0.7805185185185185,0.2592592592592592,168.25063888888891,0.000125,0.0,0.2703293785712328,40.5925925925926,2000.0,0.0,1.0,-3.48238693411383,0.0,2.5219219344944284,-1.8841056121267927,0.0,0.1729072631980554,0.301106036869958,0.9392315502144786,0.8602479119603493,1.1145293779433016,1.036087440057294,30.0,0.0,0.0020065250911484,0.727625,0.5902048975512244,0.8025987006496752,0.7146426786606698,49.0,0.1430867736315684,0.0938146492813726,0.0,0.05875,0.0,0.0614386950786761,0.0699180292431506,0.4444444444444444,0.2567364022629311,0.42469990830928345,0.7608440807858033,0,25.0,10.0,15.0,0.42469990830928345,0.5927719945475434,25.0,643,25.0,0.06293706293706294,False
BNDM,ForestCovertype,236,0.65,2002,0.5348837209302326,0.3179317993395418,0,106,4513,4712,4.824,8,0.566,54.0,13.272526689665506,7.0,2.0,0.6970056904918152,413.5,0.7805185185185185,0.2592592592592592,168.25063888888891,0.000125,0.0,0.2703293785712328,40.5925925925926,2000.0,0.0,1.0,-3.48238693411383,0.0,2.5219219344944284,-1.8841056121267927,0.0,0.1729072631980554,0.301106036869958,0.9392315502144786,0.8602479119603493,1.1145293779433016,1.036087440057294,30.0,0.0,0.0020065250911484,0.727625,0.5902048975512244,0.8025987006496752,0.7146426786606698,49.0,0.1430867736315684,0.0938146492813726,0.0,0.05875,0.0,0.0614386950786761,0.0699180292431506,0.4444444444444444,0.2567364022629311,0.5181561222342473,0.5704667029851863,0,26.0,106.0,80.0,0.5181561222342473,0.5443114126097168,26.0,644,26.0,0.7342657342657343,False
BNDM,ForestCovertype,719,0.63,12303,0.4883720930232558,0.0232201748659989,0,143,4530,4279,1.873,9,0.768,54.0,13.272526689665506,7.0,2.0,0.6970056904918152,413.5,0.7805185185185185,0.2592592592592592,168.25063888888891,0.000125,0.0,0.2703293785712328,40.5925925925926,2000.0,0.0,1.0,-3.48238693411383,0.0,2.5219219344944284,-1.8841056121267927,0.0,0.1729072631980554,0.301106036869958,0.9392315502144786,0.8602479119603493,1.1145293779433016,1.036087440057294,30.0,0.0,0.0020065250911484,0.727625,0.5902048975512244,0.8025987006496752,0.7146426786606698,49.0,0.1430867736315684,0.0938146492813726,0.0,0.05875,0.0,0.0614386950786761,0.0699180292431506,0.4444444444444444,0.2567364022629311,0.5180624549062047,0.5960781785080108,0,26.0,143.0,117.0,0.5180624549062047,0.5570703167071078,26.0,645,26.0,0.993006993006993,False
BNDM,ForestCovertype,617,0.64,4990,0.5116279069767442,0.1697072397111809,0,124,4467,4384,9.427,5,0.89,54.0,13.272526689665506,7.0,2.0,0.6970056904918152,413.5,0.7805185185185185,0.2592592592592592,168.25063888888891,0.000125,0.0,0.2703293785712328,40.5925925925926,2000.0,0.0,1.0,-3.48238693411383,0.0,2.5219219344944284,-1.8841056121267927,0.0,0.1729072631980554,0.301106036869958,0.9392315502144786,0.8602479119603493,1.1145293779433016,1.036087440057294,30.0,0.0,0.0020065250911484,0.727625,0.5902048975512244,0.8025987006496752,0.7146426786606698,49.0,0.1430867736315684,0.0938146492813726,0.0,0.05875,0.0,0.0614386950786761,0.0699180292431506,0.4444444444444444,0.2567364022629311,0.5136242935305433,0.6012774629913964,0,26.0,124.0,98.0,0.5136242935305433,0.5574508782609698,26.0,646,26.0,0.8601398601398601,False
BNDM,ForestCovertype,593,0.65,6486,0.5348837209302326,0.1271447622830986,0,128,4667,4134,6.397,6,0.427,54.0,13.272526689665506,7.0,2.0,0.6970056904918152,413.5,0.7805185185185185,0.2592592592592592,168.25063888888891,0.000125,0.0,0.2703293785712328,40.5925925925926,2000.0,0.0,1.0,-3.48238693411383,0.0,2.5219219344944284,-1.8841056121267927,0.0,0.1729072631980554,0.301106036869958,0.9392315502144786,0.8602479119603493,1.1145293779433016,1.036087440057294,30.0,0.0,0.0020065250911484,0.727625,0.5902048975512244,0.8025987006496752,0.7146426786606698,49.0,0.1430867736315684,0.0938146492813726,0.0,0.05875,0.0,0.0614386950786761,0.0699180292431506,0.4444444444444444,0.2567364022629311,0.5103343404280907,0.6127727273244786,0,26.0,128.0,102.0,0.5103343404280907,0.5615535338762847,26.0,647,26.0,0.8881118881118881,False
BNDM,ForestCovertype,781,0.68,998,0.6046511627906979,0.4308704713571762,0,46,3313,3325,1.998,8,0.852,54.0,13.272526689665506,7.0,2.0,0.6970056904918152,413.5,0.7805185185185185,0.2592592592592592,168.25063888888891,0.000125,0.0,0.2703293785712328,40.5925925925926,2000.0,0.0,1.0,-3.48238693411383,0.0,2.5219219344944284,-1.8841056121267927,0.0,0.1729072631980554,0.301106036869958,0.9392315502144786,0.8602479119603493,1.1145293779433016,1.036087440057294,30.0,0.0,0.0020065250911484,0.727625,0.5902048975512244,0.8025987006496752,0.7146426786606698,49.0,0.1430867736315684,0.0938146492813726,0.0,0.05875,0.0,0.0614386950786761,0.0699180292431506,0.4444444444444444,0.2567364022629311,0.5095183682058683,0.6208417004265764,0,26.0,46.0,20.0,0.5095183682058683,0.5651800343162223,26.0,648,26.0,0.3146853146853147,False
BNDM,ForestCovertype,607,0.63,10011,0.4883720930232558,0.0566871446099872,0,137,2229,2353,1.254,7,0.376,54.0,13.272526689665506,7.0,2.0,0.6970056904918152,413.5,0.7805185185185185,0.2592592592592592,168.25063888888891,0.000125,0.0,0.2703293785712328,40.5925925925926,2000.0,0.0,1.0,-3.48238693411383,0.0,2.5219219344944284,-1.8841056121267927,0.0,0.1729072631980554,0.301106036869958,0.9392315502144786,0.8602479119603493,1.1145293779433016,1.036087440057294,30.0,0.0,0.0020065250911484,0.727625,0.5902048975512244,0.8025987006496752,0.7146426786606698,49.0,0.1430867736315684,0.0938146492813726,0.0,0.05875,0.0,0.0614386950786761,0.0699180292431506,0.4444444444444444,0.2567364022629311,0.5070707747113998,0.6734831749909856,0,26.0,137.0,111.0,0.5070707747113998,0.5902769748511927,26.0,649,26.0,0.951048951048951,False
BNDM,ForestCovertype,743,0.63,114,0.4883720930232558,0.7818437879041963,0,37,3718,4339,8.978,3,0.653,54.0,13.272526689665506,7.0,2.0,0.6970056904918152,413.5,0.7805185185185185,0.2592592592592592,168.25063888888891,0.000125,0.0,0.2703293785712328,40.5925925925926,2000.0,0.0,1.0,-3.48238693411383,0.0,2.5219219344944284,-1.8841056121267927,0.0,0.1729072631980554,0.301106036869958,0.9392315502144786,0.8602479119603493,1.1145293779433016,1.036087440057294,30.0,0.0,0.0020065250911484,0.727625,0.5902048975512244,0.8025987006496752,0.7146426786606698,49.0,0.1430867736315684,0.0938146492813726,0.0,0.05875,0.0,0.0614386950786761,0.0699180292431506,0.4444444444444444,0.2567364022629311,0.5064085272366522,0.6774262176797007,0,26.0,37.0,11.0,0.5064085272366522,0.5919173724581764,26.0,650,26.0,0.2517482517482518,False
BNDM,ForestCovertype,602,0.63,124,0.4883720930232558,0.7683067293372027,0,41,4388,4678,1.014,6,0.247,54.0,13.272526689665506,7.0,2.0,0.6970056904918152,413.5,0.7805185185185185,0.2592592592592592,168.25063888888891,0.000125,0.0,0.2703293785712328,40.5925925925926,2000.0,0.0,1.0,-3.48238693411383,0.0,2.5219219344944284,-1.8841056121267927,0.0,0.1729072631980554,0.301106036869958,0.9392315502144786,0.8602479119603493,1.1145293779433016,1.036087440057294,30.0,0.0,0.0020065250911484,0.727625,0.5902048975512244,0.8025987006496752,0.7146426786606698,49.0,0.1430867736315684,0.0938146492813726,0.0,0.05875,0.0,0.0614386950786761,0.0699180292431506,0.4444444444444444,0.2567364022629311,0.49782851581289067,0.7011881933972631,0,26.0,41.0,15.0,0.49782851581289067,0.5995083546050769,26.0,651,26.0,0.27972027972027974,False
BNDM,ForestCovertype,541,0.67,141,0.5813953488372094,0.7476048586618529,0,26,3745,3815,1.221,5,0.787,54.0,13.272526689665506,7.0,2.0,0.6970056904918152,413.5,0.7805185185185185,0.2592592592592592,168.25063888888891,0.000125,0.0,0.2703293785712328,40.5925925925926,2000.0,0.0,1.0,-3.48238693411383,0.0,2.5219219344944284,-1.8841056121267927,0.0,0.1729072631980554,0.301106036869958,0.9392315502144786,0.8602479119603493,1.1145293779433016,1.036087440057294,30.0,0.0,0.0020065250911484,0.727625,0.5902048975512244,0.8025987006496752,0.7146426786606698,49.0,0.1430867736315684,0.0938146492813726,0.0,0.05875,0.0,0.0614386950786761,0.0699180292431506,0.4444444444444444,0.2567364022629311,0.4961158534752284,0.7031571137565333,0,26.0,26.0,0.0,0.4961158534752284,0.5996364836158808,26.0,652,26.0,0.17482517482517482,False
BNDM,ForestCovertype,670,0.67,145,0.5813953488372094,0.7430948283198153,0,29,1878,3513,0.151,7,0.213,54.0,13.272526689665506,7.0,2.0,0.6970056904918152,413.5,0.7805185185185185,0.2592592592592592,168.25063888888891,0.000125,0.0,0.2703293785712328,40.5925925925926,2000.0,0.0,1.0,-3.48238693411383,0.0,2.5219219344944284,-1.8841056121267927,0.0,0.1729072631980554,0.301106036869958,0.9392315502144786,0.8602479119603493,1.1145293779433016,1.036087440057294,30.0,0.0,0.0020065250911484,0.727625,0.5902048975512244,0.8025987006496752,0.7146426786606698,49.0,0.1430867736315684,0.0938146492813726,0.0,0.05875,0.0,0.0614386950786761,0.0699180292431506,0.4444444444444444,0.2567364022629311,0.49538730309042817,0.7058581432253281,0,26.0,29.0,3.0,0.49538730309042817,0.6006227231578781,26.0,653,26.0,0.1958041958041958,False
BNDM,ForestCovertype,153,0.66,136,0.558139534883721,0.7534245015230001,0,47,3715,4027,1.384,4,0.22,54.0,13.272526689665506,7.0,2.0,0.6970056904918152,413.5,0.7805185185185185,0.2592592592592592,168.25063888888891,0.000125,0.0,0.2703293785712328,40.5925925925926,2000.0,0.0,1.0,-3.48238693411383,0.0,2.5219219344944284,-1.8841056121267927,0.0,0.1729072631980554,0.301106036869958,0.9392315502144786,0.8602479119603493,1.1145293779433016,1.036087440057294,30.0,0.0,0.0020065250911484,0.727625,0.5902048975512244,0.8025987006496752,0.7146426786606698,49.0,0.1430867736315684,0.0938146492813726,0.0,0.05875,0.0,0.0614386950786761,0.0699180292431506,0.4444444444444444,0.2567364022629311,0.4951237073112073,0.7156999029874793,0,26.0,47.0,21.0,0.4951237073112073,0.6054118051493433,26.0,654,26.0,0.32167832167832167,False
BNDM,ForestCovertype,403,0.64,124,0.5116279069767442,0.7683067293372027,0,40,3926,4272,3.107,3,0.586,54.0,13.272526689665506,7.0,2.0,0.6970056904918152,413.5,0.7805185185185185,0.2592592592592592,168.25063888888891,0.000125,0.0,0.2703293785712328,40.5925925925926,2000.0,0.0,1.0,-3.48238693411383,0.0,2.5219219344944284,-1.8841056121267927,0.0,0.1729072631980554,0.301106036869958,0.9392315502144786,0.8602479119603493,1.1145293779433016,1.036087440057294,30.0,0.0,0.0020065250911484,0.727625,0.5902048975512244,0.8025987006496752,0.7146426786606698,49.0,0.1430867736315684,0.0938146492813726,0.0,0.05875,0.0,0.0614386950786761,0.0699180292431506,0.4444444444444444,0.2567364022629311,0.49312436868686843,0.7217499934808645,0,26.0,40.0,14.0,0.49312436868686843,0.6074371810838665,26.0,655,26.0,0.2727272727272727,False
BNDM,ForestCovertype,203,0.66,1141,0.558139534883721,0.4091509395081508,0,101,3253,3741,6.874,3,0.367,54.0,13.272526689665506,7.0,2.0,0.6970056904918152,413.5,0.7805185185185185,0.2592592592592592,168.25063888888891,0.000125,0.0,0.2703293785712328,40.5925925925926,2000.0,0.0,1.0,-3.48238693411383,0.0,2.5219219344944284,-1.8841056121267927,0.0,0.1729072631980554,0.301106036869958,0.9392315502144786,0.8602479119603493,1.1145293779433016,1.036087440057294,30.0,0.0,0.0020065250911484,0.727625,0.5902048975512244,0.8025987006496752,0.7146426786606698,49.0,0.1430867736315684,0.0938146492813726,0.0,0.05875,0.0,0.0614386950786761,0.0699180292431506,0.4444444444444444,0.2567364022629311,0.46941133808321295,0.7340542834437789,0,26.0,101.0,75.0,0.46941133808321295,0.6017328107634959,26.0,656,26.0,0.6993006993006993,False
BNDM,ForestCovertype,860,0.67,83,0.5813953488372094,0.8328406164207829,0,5,3233,4744,4.057,2,0.028,54.0,13.272526689665506,7.0,2.0,0.6970056904918152,413.5,0.7805185185185185,0.2592592592592592,168.25063888888891,0.000125,0.0,0.2703293785712328,40.5925925925926,2000.0,0.0,1.0,-3.48238693411383,0.0,2.5219219344944284,-1.8841056121267927,0.0,0.1729072631980554,0.301106036869958,0.9392315502144786,0.8602479119603493,1.1145293779433016,1.036087440057294,30.0,0.0,0.0020065250911484,0.727625,0.5902048975512244,0.8025987006496752,0.7146426786606698,49.0,0.1430867736315684,0.0938146492813726,0.0,0.05875,0.0,0.0614386950786761,0.0699180292431506,0.4444444444444444,0.2567364022629311,0.4655693091630591,0.739476710736356,0,26.0,5.0,21.0,0.4655693091630591,0.6025230099497075,26.0,657,26.0,0.027972027972027972,False
BNDM,ForestCovertype,615,0.63,88,0.4883720930232558,0.8234535713949114,0,20,2916,4876,0.615,8,0.801,54.0,13.272526689665506,7.0,2.0,0.6970056904918152,413.5,0.7805185185185185,0.2592592592592592,168.25063888888891,0.000125,0.0,0.2703293785712328,40.5925925925926,2000.0,0.0,1.0,-3.48238693411383,0.0,2.5219219344944284,-1.8841056121267927,0.0,0.1729072631980554,0.301106036869958,0.9392315502144786,0.8602479119603493,1.1145293779433016,1.036087440057294,30.0,0.0,0.0020065250911484,0.727625,0.5902048975512244,0.8025987006496752,0.7146426786606698,49.0,0.1430867736315684,0.0938146492813726,0.0,0.05875,0.0,0.0614386950786761,0.0699180292431506,0.4444444444444444,0.2567364022629311,0.4333443437349689,0.7399317502460261,0,26.0,20.0,6.0,0.4333443437349689,0.5866380469904975,26.0,658,26.0,0.13286713286713286,False
BNDM,ForestCovertype,733,0.48,35,0.1395348837209302,0.9703999764006798,0,7,2043,4194,2.335,3,0.464,54.0,13.272526689665506,7.0,2.0,0.6970056904918152,413.5,0.7805185185185185,0.2592592592592592,168.25063888888891,0.000125,0.0,0.2703293785712328,40.5925925925926,2000.0,0.0,1.0,-3.48238693411383,0.0,2.5219219344944284,-1.8841056121267927,0.0,0.1729072631980554,0.301106036869958,0.9392315502144786,0.8602479119603493,1.1145293779433016,1.036087440057294,30.0,0.0,0.0020065250911484,0.727625,0.5902048975512244,0.8025987006496752,0.7146426786606698,49.0,0.1430867736315684,0.0938146492813726,0.0,0.05875,0.0,0.0614386950786761,0.0699180292431506,0.4444444444444444,0.2567364022629311,0.43174391985329463,0.754903787412368,0,26.0,7.0,19.0,0.43174391985329463,0.5933238536328314,26.0,659,26.0,0.04195804195804196,False
BNDM,ForestCovertype,11,0.65,56,0.5348837209302326,0.8957946031609999,0,3,2454,4998,0.963,4,0.742,54.0,13.272526689665506,7.0,2.0,0.6970056904918152,413.5,0.7805185185185185,0.2592592592592592,168.25063888888891,0.000125,0.0,0.2703293785712328,40.5925925925926,2000.0,0.0,1.0,-3.48238693411383,0.0,2.5219219344944284,-1.8841056121267927,0.0,0.1729072631980554,0.301106036869958,0.9392315502144786,0.8602479119603493,1.1145293779433016,1.036087440057294,30.0,0.0,0.0020065250911484,0.727625,0.5902048975512244,0.8025987006496752,0.7146426786606698,49.0,0.1430867736315684,0.0938146492813726,0.0,0.05875,0.0,0.0614386950786761,0.0699180292431506,0.4444444444444444,0.2567364022629311,0.40732444985569977,0.7561329136251467,0,26.0,3.0,23.0,0.40732444985569977,0.5817286817404232,26.0,660,26.0,0.013986013986013986,False
BNDM,ForestCovertype,637,0.63,58,0.4883720930232558,0.8901957499946103,0,8,512,4767,1.093,4,0.496,54.0,13.272526689665506,7.0,2.0,0.6970056904918152,413.5,0.7805185185185185,0.2592592592592592,168.25063888888891,0.000125,0.0,0.2703293785712328,40.5925925925926,2000.0,0.0,1.0,-3.48238693411383,0.0,2.5219219344944284,-1.8841056121267927,0.0,0.1729072631980554,0.301106036869958,0.9392315502144786,0.8602479119603493,1.1145293779433016,1.036087440057294,30.0,0.0,0.0020065250911484,0.727625,0.5902048975512244,0.8025987006496752,0.7146426786606698,49.0,0.1430867736315684,0.0938146492813726,0.0,0.05875,0.0,0.0614386950786761,0.0699180292431506,0.4444444444444444,0.2567364022629311,0.3969162833694082,0.76030798296952,0,26.0,8.0,18.0,0.3969162833694082,0.578612133169464,26.0,661,26.0,0.04895104895104895,False
BNDM,ForestCovertype,751,0.65,10740,0.5348837209302326,0.0452765204457012,0,139,4227,4534,9.744,6,0.776,54.0,13.272526689665506,7.0,2.0,0.6970056904918152,413.5,0.7805185185185185,0.2592592592592592,168.25063888888891,0.000125,0.0,0.2703293785712328,40.5925925925926,2000.0,0.0,1.0,-3.48238693411383,0.0,2.5219219344944284,-1.8841056121267927,0.0,0.1729072631980554,0.301106036869958,0.9392315502144786,0.8602479119603493,1.1145293779433016,1.036087440057294,30.0,0.0,0.0020065250911484,0.727625,0.5902048975512244,0.8025987006496752,0.7146426786606698,49.0,0.1430867736315684,0.0938146492813726,0.0,0.05875,0.0,0.0614386950786761,0.0699180292431506,0.4444444444444444,0.2567364022629311,0.5137824675324674,0.5680274360559728,0,27.0,139.0,112.0,0.5137824675324674,0.5409049517942202,27.0,662,27.0,0.965034965034965,False
BNDM,ForestCovertype,674,0.63,7480,0.4883720930232558,0.1039990307580354,0,130,4692,4785,8.037,7,0.548,54.0,13.272526689665506,7.0,2.0,0.6970056904918152,413.5,0.7805185185185185,0.2592592592592592,168.25063888888891,0.000125,0.0,0.2703293785712328,40.5925925925926,2000.0,0.0,1.0,-3.48238693411383,0.0,2.5219219344944284,-1.8841056121267927,0.0,0.1729072631980554,0.301106036869958,0.9392315502144786,0.8602479119603493,1.1145293779433016,1.036087440057294,30.0,0.0,0.0020065250911484,0.727625,0.5902048975512244,0.8025987006496752,0.7146426786606698,49.0,0.1430867736315684,0.0938146492813726,0.0,0.05875,0.0,0.0614386950786761,0.0699180292431506,0.4444444444444444,0.2567364022629311,0.5113394209956713,0.5763813923478458,0,27.0,130.0,103.0,0.5113394209956713,0.5438604066717585,27.0,663,27.0,0.9020979020979021,False
BNDM,ForestCovertype,316,0.66,957,0.558139534883721,0.4376741002360055,0,97,4362,4484,9.006,5,0.902,54.0,13.272526689665506,7.0,2.0,0.6970056904918152,413.5,0.7805185185185185,0.2592592592592592,168.25063888888891,0.000125,0.0,0.2703293785712328,40.5925925925926,2000.0,0.0,1.0,-3.48238693411383,0.0,2.5219219344944284,-1.8841056121267927,0.0,0.1729072631980554,0.301106036869958,0.9392315502144786,0.8602479119603493,1.1145293779433016,1.036087440057294,30.0,0.0,0.0020065250911484,0.727625,0.5902048975512244,0.8025987006496752,0.7146426786606698,49.0,0.1430867736315684,0.0938146492813726,0.0,0.05875,0.0,0.0614386950786761,0.0699180292431506,0.4444444444444444,0.2567364022629311,0.5060157452501199,0.6170819795033774,0,27.0,97.0,70.0,0.5060157452501199,0.5615488623767486,27.0,664,27.0,0.6713286713286714,False
BNDM,ForestCovertype,459,0.64,313,0.5116279069767442,0.6187689128825531,0,77,3751,4623,9.802,4,0.796,54.0,13.272526689665506,7.0,2.0,0.6970056904918152,413.5,0.7805185185185185,0.2592592592592592,168.25063888888891,0.000125,0.0,0.2703293785712328,40.5925925925926,2000.0,0.0,1.0,-3.48238693411383,0.0,2.5219219344944284,-1.8841056121267927,0.0,0.1729072631980554,0.301106036869958,0.9392315502144786,0.8602479119603493,1.1145293779433016,1.036087440057294,30.0,0.0,0.0020065250911484,0.727625,0.5902048975512244,0.8025987006496752,0.7146426786606698,49.0,0.1430867736315684,0.0938146492813726,0.0,0.05875,0.0,0.0614386950786761,0.0699180292431506,0.4444444444444444,0.2567364022629311,0.5049234006734007,0.6619757001018204,0,27.0,77.0,50.0,0.5049234006734007,0.5834495503876105,27.0,665,27.0,0.5314685314685315,False
BNDM,ForestCovertype,870,0.66,884,0.558139534883721,0.4505420344915219,0,93,3646,3778,6.382,4,0.838,54.0,13.272526689665506,7.0,2.0,0.6970056904918152,413.5,0.7805185185185185,0.2592592592592592,168.25063888888891,0.000125,0.0,0.2703293785712328,40.5925925925926,2000.0,0.0,1.0,-3.48238693411383,0.0,2.5219219344944284,-1.8841056121267927,0.0,0.1729072631980554,0.301106036869958,0.9392315502144786,0.8602479119603493,1.1145293779433016,1.036087440057294,30.0,0.0,0.0020065250911484,0.727625,0.5902048975512244,0.8025987006496752,0.7146426786606698,49.0,0.1430867736315684,0.0938146492813726,0.0,0.05875,0.0,0.0614386950786761,0.0699180292431506,0.4444444444444444,0.2567364022629311,0.4990928706709956,0.6769083094481457,0,27.0,93.0,66.0,0.4990928706709956,0.5880005900595706,27.0,666,27.0,0.6433566433566433,False
BNDM,ForestCovertype,150,0.66,277,0.558139534883721,0.6385386557190972,0,73,2610,2925,0.805,7,0.783,54.0,13.272526689665506,7.0,2.0,0.6970056904918152,413.5,0.7805185185185185,0.2592592592592592,168.25063888888891,0.000125,0.0,0.2703293785712328,40.5925925925926,2000.0,0.0,1.0,-3.48238693411383,0.0,2.5219219344944284,-1.8841056121267927,0.0,0.1729072631980554,0.301106036869958,0.9392315502144786,0.8602479119603493,1.1145293779433016,1.036087440057294,30.0,0.0,0.0020065250911484,0.727625,0.5902048975512244,0.8025987006496752,0.7146426786606698,49.0,0.1430867736315684,0.0938146492813726,0.0,0.05875,0.0,0.0614386950786761,0.0699180292431506,0.4444444444444444,0.2567364022629311,0.4931106902356905,0.7015805240953122,0,27.0,73.0,46.0,0.4931106902356905,0.5973456071655013,27.0,667,27.0,0.5034965034965035,False
BNDM,ForestCovertype,252,0.67,105,0.5813953488372094,0.7950742351394693,0,11,1122,3267,0.414,6,0.102,54.0,13.272526689665506,7.0,2.0,0.6970056904918152,413.5,0.7805185185185185,0.2592592592592592,168.25063888888891,0.000125,0.0,0.2703293785712328,40.5925925925926,2000.0,0.0,1.0,-3.48238693411383,0.0,2.5219219344944284,-1.8841056121267927,0.0,0.1729072631980554,0.301106036869958,0.9392315502144786,0.8602479119603493,1.1145293779433016,1.036087440057294,30.0,0.0,0.0020065250911484,0.727625,0.5902048975512244,0.8025987006496752,0.7146426786606698,49.0,0.1430867736315684,0.0938146492813726,0.0,0.05875,0.0,0.0614386950786761,0.0699180292431506,0.4444444444444444,0.2567364022629311,0.49269435425685393,0.7048343572756092,0,27.0,11.0,16.0,0.49269435425685393,0.5987643557662315,27.0,668,27.0,0.06993006993006994,False
BNDM,ForestCovertype,835,0.66,173,0.558139534883721,0.7146106211532328,0,60,3305,3442,3.378,4,0.121,54.0,13.272526689665506,7.0,2.0,0.6970056904918152,413.5,0.7805185185185185,0.2592592592592592,168.25063888888891,0.000125,0.0,0.2703293785712328,40.5925925925926,2000.0,0.0,1.0,-3.48238693411383,0.0,2.5219219344944284,-1.8841056121267927,0.0,0.1729072631980554,0.301106036869958,0.9392315502144786,0.8602479119603493,1.1145293779433016,1.036087440057294,30.0,0.0,0.0020065250911484,0.727625,0.5902048975512244,0.8025987006496752,0.7146426786606698,49.0,0.1430867736315684,0.0938146492813726,0.0,0.05875,0.0,0.0614386950786761,0.0699180292431506,0.4444444444444444,0.2567364022629311,0.49258862433862427,0.7098392756221205,0,27.0,60.0,33.0,0.49258862433862427,0.6012139499803724,27.0,669,27.0,0.4125874125874126,False
BNDM,ForestCovertype,364,0.67,108,0.5813953488372094,0.7905432251951681,0,13,3568,3806,0.661,6,0.205,54.0,13.272526689665506,7.0,2.0,0.6970056904918152,413.5,0.7805185185185185,0.2592592592592592,168.25063888888891,0.000125,0.0,0.2703293785712328,40.5925925925926,2000.0,0.0,1.0,-3.48238693411383,0.0,2.5219219344944284,-1.8841056121267927,0.0,0.1729072631980554,0.301106036869958,0.9392315502144786,0.8602479119603493,1.1145293779433016,1.036087440057294,30.0,0.0,0.0020065250911484,0.727625,0.5902048975512244,0.8025987006496752,0.7146426786606698,49.0,0.1430867736315684,0.0938146492813726,0.0,0.05875,0.0,0.0614386950786761,0.0699180292431506,0.4444444444444444,0.2567364022629311,0.4846880636724387,0.7101588174962862,0,27.0,13.0,14.0,0.4846880636724387,0.5974234405843625,27.0,670,27.0,0.08391608391608392,False
BNDM,ForestCovertype,232,0.66,234,0.558139534883721,0.6658193448463996,0,69,3231,4590,9.649,2,0.701,54.0,13.272526689665506,7.0,2.0,0.6970056904918152,413.5,0.7805185185185185,0.2592592592592592,168.25063888888891,0.000125,0.0,0.2703293785712328,40.5925925925926,2000.0,0.0,1.0,-3.48238693411383,0.0,2.5219219344944284,-1.8841056121267927,0.0,0.1729072631980554,0.301106036869958,0.9392315502144786,0.8602479119603493,1.1145293779433016,1.036087440057294,30.0,0.0,0.0020065250911484,0.727625,0.5902048975512244,0.8025987006496752,0.7146426786606698,49.0,0.1430867736315684,0.0938146492813726,0.0,0.05875,0.0,0.0614386950786761,0.0699180292431506,0.4444444444444444,0.2567364022629311,0.48324727934102946,0.7211026651142732,0,27.0,69.0,42.0,0.48324727934102946,0.6021749722276514,27.0,671,27.0,0.4755244755244755,False
BNDM,ForestCovertype,796,0.66,616,0.558139534883721,0.5091049377768209,0,87,1241,4172,8.628,2,0.928,54.0,13.272526689665506,7.0,2.0,0.6970056904918152,413.5,0.7805185185185185,0.2592592592592592,168.25063888888891,0.000125,0.0,0.2703293785712328,40.5925925925926,2000.0,0.0,1.0,-3.48238693411383,0.0,2.5219219344944284,-1.8841056121267927,0.0,0.1729072631980554,0.301106036869958,0.9392315502144786,0.8602479119603493,1.1145293779433016,1.036087440057294,30.0,0.0,0.0020065250911484,0.727625,0.5902048975512244,0.8025987006496752,0.7146426786606698,49.0,0.1430867736315684,0.0938146492813726,0.0,0.05875,0.0,0.0614386950786761,0.0699180292431506,0.4444444444444444,0.2567364022629311,0.46593453132515655,0.7296002269627714,0,27.0,87.0,60.0,0.46593453132515655,0.5977673791439639,27.0,672,27.0,0.6013986013986014,False
BNDM,ForestCovertype,635,0.62,69,0.4651162790697675,0.862440640020103,0,13,2673,4485,7.465,2,0.051,54.0,13.272526689665506,7.0,2.0,0.6970056904918152,413.5,0.7805185185185185,0.2592592592592592,168.25063888888891,0.000125,0.0,0.2703293785712328,40.5925925925926,2000.0,0.0,1.0,-3.48238693411383,0.0,2.5219219344944284,-1.8841056121267927,0.0,0.1729072631980554,0.301106036869958,0.9392315502144786,0.8602479119603493,1.1145293779433016,1.036087440057294,30.0,0.0,0.0020065250911484,0.727625,0.5902048975512244,0.8025987006496752,0.7146426786606698,49.0,0.1430867736315684,0.0938146492813726,0.0,0.05875,0.0,0.0614386950786761,0.0699180292431506,0.4444444444444444,0.2567364022629311,0.4429652852934101,0.7350760107464186,0,27.0,13.0,14.0,0.4429652852934101,0.5890206480199144,27.0,673,27.0,0.08391608391608392,False
BNDM,ForestCovertype,668,0.65,148,0.5348837209302326,0.7397926673246569,0,54,489,3178,4.434,3,0.713,54.0,13.272526689665506,7.0,2.0,0.6970056904918152,413.5,0.7805185185185185,0.2592592592592592,168.25063888888891,0.000125,0.0,0.2703293785712328,40.5925925925926,2000.0,0.0,1.0,-3.48238693411383,0.0,2.5219219344944284,-1.8841056121267927,0.0,0.1729072631980554,0.301106036869958,0.9392315502144786,0.8602479119603493,1.1145293779433016,1.036087440057294,30.0,0.0,0.0020065250911484,0.727625,0.5902048975512244,0.8025987006496752,0.7146426786606698,49.0,0.1430867736315684,0.0938146492813726,0.0,0.05875,0.0,0.0614386950786761,0.0699180292431506,0.4444444444444444,0.2567364022629311,0.43111280212842684,0.7459623042743047,0,27.0,54.0,27.0,0.43111280212842684,0.5885375532013657,27.0,674,27.0,0.3706293706293706,False
BNDM,ForestCovertype,884,0.65,75,0.5348837209302326,0.8490892311610367,0,13,3002,4998,2.181,3,0.261,54.0,13.272526689665506,7.0,2.0,0.6970056904918152,413.5,0.7805185185185185,0.2592592592592592,168.25063888888891,0.000125,0.0,0.2703293785712328,40.5925925925926,2000.0,0.0,1.0,-3.48238693411383,0.0,2.5219219344944284,-1.8841056121267927,0.0,0.1729072631980554,0.301106036869958,0.9392315502144786,0.8602479119603493,1.1145293779433016,1.036087440057294,30.0,0.0,0.0020065250911484,0.727625,0.5902048975512244,0.8025987006496752,0.7146426786606698,49.0,0.1430867736315684,0.0938146492813726,0.0,0.05875,0.0,0.0614386950786761,0.0699180292431506,0.4444444444444444,0.2567364022629311,0.4303010536916787,0.7460789097612872,0,27.0,13.0,14.0,0.4303010536916787,0.588189981726483,27.0,675,27.0,0.08391608391608392,False
BNDM,ForestCovertype,221,0.64,54,0.5116279069767442,0.901593457155752,0,2,2307,4465,0.721,3,0.484,54.0,13.272526689665506,7.0,2.0,0.6970056904918152,413.5,0.7805185185185185,0.2592592592592592,168.25063888888891,0.000125,0.0,0.2703293785712328,40.5925925925926,2000.0,0.0,1.0,-3.48238693411383,0.0,2.5219219344944284,-1.8841056121267927,0.0,0.1729072631980554,0.301106036869958,0.9392315502144786,0.8602479119603493,1.1145293779433016,1.036087440057294,30.0,0.0,0.0020065250911484,0.727625,0.5902048975512244,0.8025987006496752,0.7146426786606698,49.0,0.1430867736315684,0.0938146492813726,0.0,0.05875,0.0,0.0614386950786761,0.0699180292431506,0.4444444444444444,0.2567364022629311,0.4220566904160656,0.7478643821005578,0,27.0,2.0,25.0,0.4220566904160656,0.5849605362583117,27.0,676,27.0,0.006993006993006993,False
BNDM,ForestCovertype,655,0.64,2322,0.5116279069767442,0.2938692577005994,0,108,297,2759,5.75,3,0.992,54.0,13.272526689665506,7.0,2.0,0.6970056904918152,413.5,0.7805185185185185,0.2592592592592592,168.25063888888891,0.000125,0.0,0.2703293785712328,40.5925925925926,2000.0,0.0,1.0,-3.48238693411383,0.0,2.5219219344944284,-1.8841056121267927,0.0,0.1729072631980554,0.301106036869958,0.9392315502144786,0.8602479119603493,1.1145293779433016,1.036087440057294,30.0,0.0,0.0020065250911484,0.727625,0.5902048975512244,0.8025987006496752,0.7146426786606698,49.0,0.1430867736315684,0.0938146492813726,0.0,0.05875,0.0,0.0614386950786761,0.0699180292431506,0.4444444444444444,0.2567364022629311,0.4187262956950453,0.7509413277357306,0,27.0,108.0,81.0,0.4187262956950453,0.584833811715388,27.0,677,27.0,0.7482517482517482,False
BNDM,ForestCovertype,314,0.65,56,0.5348837209302326,0.8957946031609999,0,3,669,4747,2.434,3,0.567,54.0,13.272526689665506,7.0,2.0,0.6970056904918152,413.5,0.7805185185185185,0.2592592592592592,168.25063888888891,0.000125,0.0,0.2703293785712328,40.5925925925926,2000.0,0.0,1.0,-3.48238693411383,0.0,2.5219219344944284,-1.8841056121267927,0.0,0.1729072631980554,0.301106036869958,0.9392315502144786,0.8602479119603493,1.1145293779433016,1.036087440057294,30.0,0.0,0.0020065250911484,0.727625,0.5902048975512244,0.8025987006496752,0.7146426786606698,49.0,0.1430867736315684,0.0938146492813726,0.0,0.05875,0.0,0.0614386950786761,0.0699180292431506,0.4444444444444444,0.2567364022629311,0.4068597056878306,0.7551396269323236,0,27.0,3.0,24.0,0.4068597056878306,0.5809996663100772,27.0,678,27.0,0.013986013986013986,False
BNDM,ForestCovertype,311,0.61,7707,0.4418604651162791,0.0991459999931202,0,131,52,2318,4.538,4,0.703,54.0,13.272526689665506,7.0,2.0,0.6970056904918152,413.5,0.7805185185185185,0.2592592592592592,168.25063888888891,0.000125,0.0,0.2703293785712328,40.5925925925926,2000.0,0.0,1.0,-3.48238693411383,0.0,2.5219219344944284,-1.8841056121267927,0.0,0.1729072631980554,0.301106036869958,0.9392315502144786,0.8602479119603493,1.1145293779433016,1.036087440057294,30.0,0.0,0.0020065250911484,0.727625,0.5902048975512244,0.8025987006496752,0.7146426786606698,49.0,0.1430867736315684,0.0938146492813726,0.0,0.05875,0.0,0.0614386950786761,0.0699180292431506,0.4444444444444444,0.2567364022629311,0.3928413525132272,0.7574482988222339,0,27.0,131.0,104.0,0.3928413525132272,0.5751448256677305,27.0,679,27.0,0.9090909090909091,False
BNDM,ForestCovertype,279,0.66,14373,0.558139534883721,0.0,0,143,4623,4432,1.907,10,0.711,54.0,13.272526689665506,7.0,2.0,0.6970056904918152,413.5,0.7805185185185185,0.2592592592592592,168.25063888888891,0.000125,0.0,0.2703293785712328,40.5925925925926,2000.0,0.0,1.0,-3.48238693411383,0.0,2.5219219344944284,-1.8841056121267927,0.0,0.1729072631980554,0.301106036869958,0.9392315502144786,0.8602479119603493,1.1145293779433016,1.036087440057294,30.0,0.0,0.0020065250911484,0.727625,0.5902048975512244,0.8025987006496752,0.7146426786606698,49.0,0.1430867736315684,0.0938146492813726,0.0,0.05875,0.0,0.0614386950786761,0.0699180292431506,0.4444444444444444,0.2567364022629311,0.5076051737614237,0.5688227772785962,0,28.0,143.0,115.0,0.5076051737614237,0.5382139755200099,28.0,680,28.0,0.993006993006993,False
BNDM,ForestCovertype,99,0.65,1264,0.5348837209302326,0.3925439271985104,0,103,4071,4696,9.184,4,0.571,54.0,13.272526689665506,7.0,2.0,0.6970056904918152,413.5,0.7805185185185185,0.2592592592592592,168.25063888888891,0.000125,0.0,0.2703293785712328,40.5925925925926,2000.0,0.0,1.0,-3.48238693411383,0.0,2.5219219344944284,-1.8841056121267927,0.0,0.1729072631980554,0.301106036869958,0.9392315502144786,0.8602479119603493,1.1145293779433016,1.036087440057294,30.0,0.0,0.0020065250911484,0.727625,0.5902048975512244,0.8025987006496752,0.7146426786606698,49.0,0.1430867736315684,0.0938146492813726,0.0,0.05875,0.0,0.0614386950786761,0.0699180292431506,0.4444444444444444,0.2567364022629311,0.5023098620129871,0.6546942524419181,0,28.0,103.0,75.0,0.5023098620129871,0.5785020572274526,28.0,681,28.0,0.7132867132867133,False
BNDM,ForestCovertype,214,0.66,136,0.558139534883721,0.7534245015230001,0,47,3821,3674,2.205,7,0.932,54.0,13.272526689665506,7.0,2.0,0.6970056904918152,413.5,0.7805185185185185,0.2592592592592592,168.25063888888891,0.000125,0.0,0.2703293785712328,40.5925925925926,2000.0,0.0,1.0,-3.48238693411383,0.0,2.5219219344944284,-1.8841056121267927,0.0,0.1729072631980554,0.301106036869958,0.9392315502144786,0.8602479119603493,1.1145293779433016,1.036087440057294,30.0,0.0,0.0020065250911484,0.727625,0.5902048975512244,0.8025987006496752,0.7146426786606698,49.0,0.1430867736315684,0.0938146492813726,0.0,0.05875,0.0,0.0614386950786761,0.0699180292431506,0.4444444444444444,0.2567364022629311,0.4997355173761424,0.6570973054463054,0,28.0,47.0,19.0,0.4997355173761424,0.5784164114112239,28.0,682,28.0,0.32167832167832167,False
BNDM,ForestCovertype,416,0.63,1301,0.4883720930232558,0.3878634518069844,0,104,3539,4692,8.965,4,0.024,54.0,13.272526689665506,7.0,2.0,0.6970056904918152,413.5,0.7805185185185185,0.2592592592592592,168.25063888888891,0.000125,0.0,0.2703293785712328,40.5925925925926,2000.0,0.0,1.0,-3.48238693411383,0.0,2.5219219344944284,-1.8841056121267927,0.0,0.1729072631980554,0.301106036869958,0.9392315502144786,0.8602479119603493,1.1145293779433016,1.036087440057294,30.0,0.0,0.0020065250911484,0.727625,0.5902048975512244,0.8025987006496752,0.7146426786606698,49.0,0.1430867736315684,0.0938146492813726,0.0,0.05875,0.0,0.0614386950786761,0.0699180292431506,0.4444444444444444,0.2567364022629311,0.48975523839586327,0.6788839387513361,0,28.0,104.0,76.0,0.48975523839586327,0.5843195885735997,28.0,683,28.0,0.7202797202797203,False
BNDM,ForestCovertype,762,0.66,111,0.558139534883721,0.7861352444208196,0,29,3904,4595,2.646,4,0.121,54.0,13.272526689665506,7.0,2.0,0.6970056904918152,413.5,0.7805185185185185,0.2592592592592592,168.25063888888891,0.000125,0.0,0.2703293785712328,40.5925925925926,2000.0,0.0,1.0,-3.48238693411383,0.0,2.5219219344944284,-1.8841056121267927,0.0,0.1729072631980554,0.301106036869958,0.9392315502144786,0.8602479119603493,1.1145293779433016,1.036087440057294,30.0,0.0,0.0020065250911484,0.727625,0.5902048975512244,0.8025987006496752,0.7146426786606698,49.0,0.1430867736315684,0.0938146492813726,0.0,0.05875,0.0,0.0614386950786761,0.0699180292431506,0.4444444444444444,0.2567364022629311,0.48930528499278486,0.6916288199782537,0,28.0,29.0,1.0,0.48930528499278486,0.5904670524855192,28.0,684,28.0,0.1958041958041958,False
BNDM,ForestCovertype,332,0.65,114,0.5348837209302326,0.7818437879041963,0,36,4654,4861,3.557,4,0.374,54.0,13.272526689665506,7.0,2.0,0.6970056904918152,413.5,0.7805185185185185,0.2592592592592592,168.25063888888891,0.000125,0.0,0.2703293785712328,40.5925925925926,2000.0,0.0,1.0,-3.48238693411383,0.0,2.5219219344944284,-1.8841056121267927,0.0,0.1729072631980554,0.301106036869958,0.9392315502144786,0.8602479119603493,1.1145293779433016,1.036087440057294,30.0,0.0,0.0020065250911484,0.727625,0.5902048975512244,0.8025987006496752,0.7146426786606698,49.0,0.1430867736315684,0.0938146492813726,0.0,0.05875,0.0,0.0614386950786761,0.0699180292431506,0.4444444444444444,0.2567364022629311,0.4860278379028379,0.6975978259778711,0,28.0,36.0,8.0,0.4860278379028379,0.5918128319403545,28.0,685,28.0,0.24475524475524477,False
BNDM,ForestCovertype,454,0.64,115,0.5116279069767442,0.7804381457737366,0,37,4771,4921,1.447,5,0.34,54.0,13.272526689665506,7.0,2.0,0.6970056904918152,413.5,0.7805185185185185,0.2592592592592592,168.25063888888891,0.000125,0.0,0.2703293785712328,40.5925925925926,2000.0,0.0,1.0,-3.48238693411383,0.0,2.5219219344944284,-1.8841056121267927,0.0,0.1729072631980554,0.301106036869958,0.9392315502144786,0.8602479119603493,1.1145293779433016,1.036087440057294,30.0,0.0,0.0020065250911484,0.727625,0.5902048975512244,0.8025987006496752,0.7146426786606698,49.0,0.1430867736315684,0.0938146492813726,0.0,0.05875,0.0,0.0614386950786761,0.0699180292431506,0.4444444444444444,0.2567364022629311,0.48227866462241487,0.7072457262621913,0,28.0,37.0,9.0,0.48227866462241487,0.594762195442303,28.0,686,28.0,0.2517482517482518,False
BNDM,ForestCovertype,261,0.6,7561,0.4186046511627906,0.102250638828552,0,131,2060,2721,5.479,4,0.981,54.0,13.272526689665506,7.0,2.0,0.6970056904918152,413.5,0.7805185185185185,0.2592592592592592,168.25063888888891,0.000125,0.0,0.2703293785712328,40.5925925925926,2000.0,0.0,1.0,-3.48238693411383,0.0,2.5219219344944284,-1.8841056121267927,0.0,0.1729072631980554,0.301106036869958,0.9392315502144786,0.8602479119603493,1.1145293779433016,1.036087440057294,30.0,0.0,0.0020065250911484,0.727625,0.5902048975512244,0.8025987006496752,0.7146426786606698,49.0,0.1430867736315684,0.0938146492813726,0.0,0.05875,0.0,0.0614386950786761,0.0699180292431506,0.4444444444444444,0.2567364022629311,0.47384977753727725,0.7135160642588151,0,28.0,131.0,103.0,0.47384977753727725,0.5936829208980462,28.0,687,28.0,0.9090909090909091,False
BNDM,ForestCovertype,432,0.67,994,0.5813953488372094,0.4315218289084861,0,60,1970,3098,4.885,3,0.162,54.0,13.272526689665506,7.0,2.0,0.6970056904918152,413.5,0.7805185185185185,0.2592592592592592,168.25063888888891,0.000125,0.0,0.2703293785712328,40.5925925925926,2000.0,0.0,1.0,-3.48238693411383,0.0,2.5219219344944284,-1.8841056121267927,0.0,0.1729072631980554,0.301106036869958,0.9392315502144786,0.8602479119603493,1.1145293779433016,1.036087440057294,30.0,0.0,0.0020065250911484,0.727625,0.5902048975512244,0.8025987006496752,0.7146426786606698,49.0,0.1430867736315684,0.0938146492813726,0.0,0.05875,0.0,0.0614386950786761,0.0699180292431506,0.4444444444444444,0.2567364022629311,0.47111772486772463,0.7188269860797564,0,28.0,60.0,32.0,0.47111772486772463,0.5949723554737405,28.0,688,28.0,0.4125874125874126,False
BNDM,ForestCovertype,328,0.67,244,0.5813953488372094,0.6590537554197025,0,49,2976,3536,6.218,3,0.708,54.0,13.272526689665506,7.0,2.0,0.6970056904918152,413.5,0.7805185185185185,0.2592592592592592,168.25063888888891,0.000125,0.0,0.2703293785712328,40.5925925925926,2000.0,0.0,1.0,-3.48238693411383,0.0,2.5219219344944284,-1.8841056121267927,0.0,0.1729072631980554,0.301106036869958,0.9392315502144786,0.8602479119603493,1.1145293779433016,1.036087440057294,30.0,0.0,0.0020065250911484,0.727625,0.5902048975512244,0.8025987006496752,0.7146426786606698,49.0,0.1430867736315684,0.0938146492813726,0.0,0.05875,0.0,0.0614386950786761,0.0699180292431506,0.4444444444444444,0.2567364022629311,0.46920569534632023,0.7193921014105416,0,28.0,49.0,21.0,0.46920569534632023,0.5942988983784309,28.0,689,28.0,0.3356643356643357,False
BNDM,ForestCovertype,250,0.67,1612,0.5813953488372094,0.3530888748184709,0,65,2538,3279,7.035,3,0.804,54.0,13.272526689665506,7.0,2.0,0.6970056904918152,413.5,0.7805185185185185,0.2592592592592592,168.25063888888891,0.000125,0.0,0.2703293785712328,40.5925925925926,2000.0,0.0,1.0,-3.48238693411383,0.0,2.5219219344944284,-1.8841056121267927,0.0,0.1729072631980554,0.301106036869958,0.9392315502144786,0.8602479119603493,1.1145293779433016,1.036087440057294,30.0,0.0,0.0020065250911484,0.727625,0.5902048975512244,0.8025987006496752,0.7146426786606698,49.0,0.1430867736315684,0.0938146492813726,0.0,0.05875,0.0,0.0614386950786761,0.0699180292431506,0.4444444444444444,0.2567364022629311,0.4606606015512268,0.7234874076547125,0,28.0,65.0,37.0,0.4606606015512268,0.5920740046029697,28.0,690,28.0,0.44755244755244755,False
BNDM,ForestCovertype,15,0.58,109,0.3720930232558139,0.7890605605352848,0,34,2040,4228,9.172,2,0.764,54.0,13.272526689665506,7.0,2.0,0.6970056904918152,413.5,0.7805185185185185,0.2592592592592592,168.25063888888891,0.000125,0.0,0.2703293785712328,40.5925925925926,2000.0,0.0,1.0,-3.48238693411383,0.0,2.5219219344944284,-1.8841056121267927,0.0,0.1729072631980554,0.301106036869958,0.9392315502144786,0.8602479119603493,1.1145293779433016,1.036087440057294,30.0,0.0,0.0020065250911484,0.727625,0.5902048975512244,0.8025987006496752,0.7146426786606698,49.0,0.1430867736315684,0.0938146492813726,0.0,0.05875,0.0,0.0614386950786761,0.0699180292431506,0.4444444444444444,0.2567364022629311,0.45222776875901843,0.725463284313115,0,28.0,34.0,6.0,0.45222776875901843,0.5888455265360667,28.0,691,28.0,0.23076923076923078,False
BNDM,ForestCovertype,485,0.66,223,0.558139534883721,0.6736023478003526,0,67,620,2945,2.789,4,0.301,54.0,13.272526689665506,7.0,2.0,0.6970056904918152,413.5,0.7805185185185185,0.2592592592592592,168.25063888888891,0.000125,0.0,0.2703293785712328,40.5925925925926,2000.0,0.0,1.0,-3.48238693411383,0.0,2.5219219344944284,-1.8841056121267927,0.0,0.1729072631980554,0.301106036869958,0.9392315502144786,0.8602479119603493,1.1145293779433016,1.036087440057294,30.0,0.0,0.0020065250911484,0.727625,0.5902048975512244,0.8025987006496752,0.7146426786606698,49.0,0.1430867736315684,0.0938146492813726,0.0,0.05875,0.0,0.0614386950786761,0.0699180292431506,0.4444444444444444,0.2567364022629311,0.45050627555315015,0.7263366832956494,0,28.0,67.0,39.0,0.45050627555315015,0.5884214794243998,28.0,692,28.0,0.46153846153846156,False
BNDM,ForestCovertype,157,0.66,4073,0.558139534883721,0.2026662034673131,0,118,398,2425,1.631,5,0.736,54.0,13.272526689665506,7.0,2.0,0.6970056904918152,413.5,0.7805185185185185,0.2592592592592592,168.25063888888891,0.000125,0.0,0.2703293785712328,40.5925925925926,2000.0,0.0,1.0,-3.48238693411383,0.0,2.5219219344944284,-1.8841056121267927,0.0,0.1729072631980554,0.301106036869958,0.9392315502144786,0.8602479119603493,1.1145293779433016,1.036087440057294,30.0,0.0,0.0020065250911484,0.727625,0.5902048975512244,0.8025987006496752,0.7146426786606698,49.0,0.1430867736315684,0.0938146492813726,0.0,0.05875,0.0,0.0614386950786761,0.0699180292431506,0.4444444444444444,0.2567364022629311,0.43803346711159197,0.7282758400205169,0,28.0,118.0,90.0,0.43803346711159197,0.5831546535660544,28.0,693,28.0,0.8181818181818182,False
BNDM,ForestCovertype,278,0.63,45,0.4883720930232558,0.9306041855458468,0,5,121,2671,0.112,6,0.292,54.0,13.272526689665506,7.0,2.0,0.6970056904918152,413.5,0.7805185185185185,0.2592592592592592,168.25063888888891,0.000125,0.0,0.2703293785712328,40.5925925925926,2000.0,0.0,1.0,-3.48238693411383,0.0,2.5219219344944284,-1.8841056121267927,0.0,0.1729072631980554,0.301106036869958,0.9392315502144786,0.8602479119603493,1.1145293779433016,1.036087440057294,30.0,0.0,0.0020065250911484,0.727625,0.5902048975512244,0.8025987006496752,0.7146426786606698,49.0,0.1430867736315684,0.0938146492813726,0.0,0.05875,0.0,0.0614386950786761,0.0699180292431506,0.4444444444444444,0.2567364022629311,0.42700846260221237,0.7377802062144229,0,28.0,5.0,23.0,0.42700846260221237,0.5823943344083176,28.0,694,28.0,0.027972027972027972,False
BNDM,ForestCovertype,171,0.66,101,0.558139534883721,0.8013192609076927,0,21,1842,4890,2.353,3,0.331,54.0,13.272526689665506,7.0,2.0,0.6970056904918152,413.5,0.7805185185185185,0.2592592592592592,168.25063888888891,0.000125,0.0,0.2703293785712328,40.5925925925926,2000.0,0.0,1.0,-3.48238693411383,0.0,2.5219219344944284,-1.8841056121267927,0.0,0.1729072631980554,0.301106036869958,0.9392315502144786,0.8602479119603493,1.1145293779433016,1.036087440057294,30.0,0.0,0.0020065250911484,0.727625,0.5902048975512244,0.8025987006496752,0.7146426786606698,49.0,0.1430867736315684,0.0938146492813726,0.0,0.05875,0.0,0.0614386950786761,0.0699180292431506,0.4444444444444444,0.2567364022629311,0.4256128923160174,0.7409564214116258,0,28.0,21.0,7.0,0.4256128923160174,0.5832846568638216,28.0,695,28.0,0.13986013986013987,False
BNDM,ForestCovertype,555,0.63,81,0.4883720930232558,0.8367528696286255,0,17,1145,4947,3.501,3,0.948,54.0,13.272526689665506,7.0,2.0,0.6970056904918152,413.5,0.7805185185185185,0.2592592592592592,168.25063888888891,0.000125,0.0,0.2703293785712328,40.5925925925926,2000.0,0.0,1.0,-3.48238693411383,0.0,2.5219219344944284,-1.8841056121267927,0.0,0.1729072631980554,0.301106036869958,0.9392315502144786,0.8602479119603493,1.1145293779433016,1.036087440057294,30.0,0.0,0.0020065250911484,0.727625,0.5902048975512244,0.8025987006496752,0.7146426786606698,49.0,0.1430867736315684,0.0938146492813726,0.0,0.05875,0.0,0.0614386950786761,0.0699180292431506,0.4444444444444444,0.2567364022629311,0.4185357819264069,0.7504018522862742,0,28.0,17.0,11.0,0.4185357819264069,0.5844688171063406,28.0,696,28.0,0.11188811188811189,False
BNDM,ForestCovertype,538,0.65,13347,0.5348837209302326,0.0099979890263477,0,143,3894,4106,4.282,8,0.287,54.0,13.272526689665506,7.0,2.0,0.6970056904918152,413.5,0.7805185185185185,0.2592592592592592,168.25063888888891,0.000125,0.0,0.2703293785712328,40.5925925925926,2000.0,0.0,1.0,-3.48238693411383,0.0,2.5219219344944284,-1.8841056121267927,0.0,0.1729072631980554,0.301106036869958,0.9392315502144786,0.8602479119603493,1.1145293779433016,1.036087440057294,30.0,0.0,0.0020065250911484,0.727625,0.5902048975512244,0.8025987006496752,0.7146426786606698,49.0,0.1430867736315684,0.0938146492813726,0.0,0.05875,0.0,0.0614386950786761,0.0699180292431506,0.4444444444444444,0.2567364022629311,0.5055976280663782,0.5404368004710025,0,29.0,143.0,114.0,0.5055976280663782,0.5230172142686904,29.0,697,29.0,0.993006993006993,False
BNDM,ForestCovertype,709,0.67,1783,0.5813953488372094,0.3367300602778109,0,68,2974,2788,1.468,7,0.22,54.0,13.272526689665506,7.0,2.0,0.6970056904918152,413.5,0.7805185185185185,0.2592592592592592,168.25063888888891,0.000125,0.0,0.2703293785712328,40.5925925925926,2000.0,0.0,1.0,-3.48238693411383,0.0,2.5219219344944284,-1.8841056121267927,0.0,0.1729072631980554,0.301106036869958,0.9392315502144786,0.8602479119603493,1.1145293779433016,1.036087440057294,30.0,0.0,0.0020065250911484,0.727625,0.5902048975512244,0.8025987006496752,0.7146426786606698,49.0,0.1430867736315684,0.0938146492813726,0.0,0.05875,0.0,0.0614386950786761,0.0699180292431506,0.4444444444444444,0.2567364022629311,0.5022479482323232,0.649172016908284,0,29.0,68.0,39.0,0.5022479482323232,0.5757099825703036,29.0,698,29.0,0.46853146853146854,False
BNDM,ForestCovertype,841,0.66,4738,0.558139534883721,0.1781186509327141,0,121,3711,3775,8.378,4,0.839,54.0,13.272526689665506,7.0,2.0,0.6970056904918152,413.5,0.7805185185185185,0.2592592592592592,168.25063888888891,0.000125,0.0,0.2703293785712328,40.5925925925926,2000.0,0.0,1.0,-3.48238693411383,0.0,2.5219219344944284,-1.8841056121267927,0.0,0.1729072631980554,0.301106036869958,0.9392315502144786,0.8602479119603493,1.1145293779433016,1.036087440057294,30.0,0.0,0.0020065250911484,0.727625,0.5902048975512244,0.8025987006496752,0.7146426786606698,49.0,0.1430867736315684,0.0938146492813726,0.0,0.05875,0.0,0.0614386950786761,0.0699180292431506,0.4444444444444444,0.2567364022629311,0.5017610254329005,0.6496731929154865,0,29.0,121.0,92.0,0.5017610254329005,0.5757171091741935,29.0,699,29.0,0.8391608391608392,False
BNDM,ForestCovertype,286,0.66,8979,0.558139534883721,0.0743483776809589,0,133,2982,3602,1.007,8,0.047,54.0,13.272526689665506,7.0,2.0,0.6970056904918152,413.5,0.7805185185185185,0.2592592592592592,168.25063888888891,0.000125,0.0,0.2703293785712328,40.5925925925926,2000.0,0.0,1.0,-3.48238693411383,0.0,2.5219219344944284,-1.8841056121267927,0.0,0.1729072631980554,0.301106036869958,0.9392315502144786,0.8602479119603493,1.1145293779433016,1.036087440057294,30.0,0.0,0.0020065250911484,0.727625,0.5902048975512244,0.8025987006496752,0.7146426786606698,49.0,0.1430867736315684,0.0938146492813726,0.0,0.05875,0.0,0.0614386950786761,0.0699180292431506,0.4444444444444444,0.2567364022629311,0.4944114658489655,0.6516920095063718,0,29.0,133.0,104.0,0.4944114658489655,0.5730517376776687,29.0,700,29.0,0.9230769230769231,False
BNDM,ForestCovertype,142,0.66,136,0.558139534883721,0.7534245015230001,0,47,3845,4664,1.953,8,0.445,54.0,13.272526689665506,7.0,2.0,0.6970056904918152,413.5,0.7805185185185185,0.2592592592592592,168.25063888888891,0.000125,0.0,0.2703293785712328,40.5925925925926,2000.0,0.0,1.0,-3.48238693411383,0.0,2.5219219344944284,-1.8841056121267927,0.0,0.1729072631980554,0.301106036869958,0.9392315502144786,0.8602479119603493,1.1145293779433016,1.036087440057294,30.0,0.0,0.0020065250911484,0.727625,0.5902048975512244,0.8025987006496752,0.7146426786606698,49.0,0.1430867736315684,0.0938146492813726,0.0,0.05875,0.0,0.0614386950786761,0.0699180292431506,0.4444444444444444,0.2567364022629311,0.4928243746993749,0.6527018646297836,0,29.0,47.0,18.0,0.4928243746993749,0.5727631196645793,29.0,701,29.0,0.32167832167832167,False
BNDM,ForestCovertype,130,0.66,119,0.558139534883721,0.774934206759066,0,35,4717,4798,1.548,6,0.908,54.0,13.272526689665506,7.0,2.0,0.6970056904918152,413.5,0.7805185185185185,0.2592592592592592,168.25063888888891,0.000125,0.0,0.2703293785712328,40.5925925925926,2000.0,0.0,1.0,-3.48238693411383,0.0,2.5219219344944284,-1.8841056121267927,0.0,0.1729072631980554,0.301106036869958,0.9392315502144786,0.8602479119603493,1.1145293779433016,1.036087440057294,30.0,0.0,0.0020065250911484,0.727625,0.5902048975512244,0.8025987006496752,0.7146426786606698,49.0,0.1430867736315684,0.0938146492813726,0.0,0.05875,0.0,0.0614386950786761,0.0699180292431506,0.4444444444444444,0.2567364022629311,0.48904930254930246,0.6848662227785439,0,29.0,35.0,6.0,0.48904930254930246,0.5869577626639232,29.0,702,29.0,0.23776223776223776,False
BNDM,ForestCovertype,601,0.66,298,0.558139534883721,0.626715881914472,0,75,1646,3409,4.897,4,0.826,54.0,13.272526689665506,7.0,2.0,0.6970056904918152,413.5,0.7805185185185185,0.2592592592592592,168.25063888888891,0.000125,0.0,0.2703293785712328,40.5925925925926,2000.0,0.0,1.0,-3.48238693411383,0.0,2.5219219344944284,-1.8841056121267927,0.0,0.1729072631980554,0.301106036869958,0.9392315502144786,0.8602479119603493,1.1145293779433016,1.036087440057294,30.0,0.0,0.0020065250911484,0.727625,0.5902048975512244,0.8025987006496752,0.7146426786606698,49.0,0.1430867736315684,0.0938146492813726,0.0,0.05875,0.0,0.0614386950786761,0.0699180292431506,0.4444444444444444,0.2567364022629311,0.48068861231361193,0.7037662123527149,0,29.0,75.0,46.0,0.48068861231361193,0.5922274123331634,29.0,703,29.0,0.5174825174825175,False
BNDM,ForestCovertype,857,0.66,1084,0.558139534883721,0.4174634754063047,0,99,3609,4719,0.663,10,0.984,54.0,13.272526689665506,7.0,2.0,0.6970056904918152,413.5,0.7805185185185185,0.2592592592592592,168.25063888888891,0.000125,0.0,0.2703293785712328,40.5925925925926,2000.0,0.0,1.0,-3.48238693411383,0.0,2.5219219344944284,-1.8841056121267927,0.0,0.1729072631980554,0.301106036869958,0.9392315502144786,0.8602479119603493,1.1145293779433016,1.036087440057294,30.0,0.0,0.0020065250911484,0.727625,0.5902048975512244,0.8025987006496752,0.7146426786606698,49.0,0.1430867736315684,0.0938146492813726,0.0,0.05875,0.0,0.0614386950786761,0.0699180292431506,0.4444444444444444,0.2567364022629311,0.4718126352813852,0.712979794411554,0,29.0,99.0,70.0,0.4718126352813852,0.5923962148464696,29.0,704,29.0,0.6853146853146853,False
BNDM,ForestCovertype,323,0.66,521,0.558139534883721,0.536250199912262,0,82,1547,4427,8.658,3,0.964,54.0,13.272526689665506,7.0,2.0,0.6970056904918152,413.5,0.7805185185185185,0.2592592592592592,168.25063888888891,0.000125,0.0,0.2703293785712328,40.5925925925926,2000.0,0.0,1.0,-3.48238693411383,0.0,2.5219219344944284,-1.8841056121267927,0.0,0.1729072631980554,0.301106036869958,0.9392315502144786,0.8602479119603493,1.1145293779433016,1.036087440057294,30.0,0.0,0.0020065250911484,0.727625,0.5902048975512244,0.8025987006496752,0.7146426786606698,49.0,0.1430867736315684,0.0938146492813726,0.0,0.05875,0.0,0.0614386950786761,0.0699180292431506,0.4444444444444444,0.2567364022629311,0.46063114778739767,0.7137829450202718,0,29.0,82.0,53.0,0.46063114778739767,0.5872070464038348,29.0,705,29.0,0.5664335664335665,False
BNDM,ForestCovertype,337,0.64,7383,0.5116279069767442,0.1061178651690771,0,129,2261,2802,5.058,4,0.628,54.0,13.272526689665506,7.0,2.0,0.6970056904918152,413.5,0.7805185185185185,0.2592592592592592,168.25063888888891,0.000125,0.0,0.2703293785712328,40.5925925925926,2000.0,0.0,1.0,-3.48238693411383,0.0,2.5219219344944284,-1.8841056121267927,0.0,0.1729072631980554,0.301106036869958,0.9392315502144786,0.8602479119603493,1.1145293779433016,1.036087440057294,30.0,0.0,0.0020065250911484,0.727625,0.5902048975512244,0.8025987006496752,0.7146426786606698,49.0,0.1430867736315684,0.0938146492813726,0.0,0.05875,0.0,0.0614386950786761,0.0699180292431506,0.4444444444444444,0.2567364022629311,0.4593869573713323,0.7149847491025275,0,29.0,129.0,100.0,0.4593869573713323,0.5871858532369298,29.0,706,29.0,0.8951048951048951,False
BNDM,ForestCovertype,649,0.64,61,0.5116279069767442,0.8821436542688228,0,8,2276,3267,2.47,5,0.369,54.0,13.272526689665506,7.0,2.0,0.6970056904918152,413.5,0.7805185185185185,0.2592592592592592,168.25063888888891,0.000125,0.0,0.2703293785712328,40.5925925925926,2000.0,0.0,1.0,-3.48238693411383,0.0,2.5219219344944284,-1.8841056121267927,0.0,0.1729072631980554,0.301106036869958,0.9392315502144786,0.8602479119603493,1.1145293779433016,1.036087440057294,30.0,0.0,0.0020065250911484,0.727625,0.5902048975512244,0.8025987006496752,0.7146426786606698,49.0,0.1430867736315684,0.0938146492813726,0.0,0.05875,0.0,0.0614386950786761,0.0699180292431506,0.4444444444444444,0.2567364022629311,0.4443226010101011,0.7211791007408331,0,29.0,8.0,21.0,0.4443226010101011,0.5827508508754671,29.0,707,29.0,0.04895104895104895,False
BNDM,ForestCovertype,548,0.65,59,0.5348837209302326,0.887467103379533,0,5,2346,4008,9.372,2,0.772,54.0,13.272526689665506,7.0,2.0,0.6970056904918152,413.5,0.7805185185185185,0.2592592592592592,168.25063888888891,0.000125,0.0,0.2703293785712328,40.5925925925926,2000.0,0.0,1.0,-3.48238693411383,0.0,2.5219219344944284,-1.8841056121267927,0.0,0.1729072631980554,0.301106036869958,0.9392315502144786,0.8602479119603493,1.1145293779433016,1.036087440057294,30.0,0.0,0.0020065250911484,0.727625,0.5902048975512244,0.8025987006496752,0.7146426786606698,49.0,0.1430867736315684,0.0938146492813726,0.0,0.05875,0.0,0.0614386950786761,0.0699180292431506,0.4444444444444444,0.2567364022629311,0.44070341059403517,0.7231533189987126,0,29.0,5.0,24.0,0.44070341059403517,0.5819283647963739,29.0,708,29.0,0.027972027972027972,False
BNDM,ForestCovertype,721,0.66,108,0.558139534883721,0.7905432251951681,0,26,1162,4381,6.386,2,0.61,54.0,13.272526689665506,7.0,2.0,0.6970056904918152,413.5,0.7805185185185185,0.2592592592592592,168.25063888888891,0.000125,0.0,0.2703293785712328,40.5925925925926,2000.0,0.0,1.0,-3.48238693411383,0.0,2.5219219344944284,-1.8841056121267927,0.0,0.1729072631980554,0.301106036869958,0.9392315502144786,0.8602479119603493,1.1145293779433016,1.036087440057294,30.0,0.0,0.0020065250911484,0.727625,0.5902048975512244,0.8025987006496752,0.7146426786606698,49.0,0.1430867736315684,0.0938146492813726,0.0,0.05875,0.0,0.0614386950786761,0.0699180292431506,0.4444444444444444,0.2567364022629311,0.4388255095598846,0.7254589089178873,0,29.0,26.0,3.0,0.4388255095598846,0.5821422092388859,29.0,709,29.0,0.17482517482517482,False
BNDM,ForestCovertype,167,0.63,607,0.4883720930232558,0.5114905412996356,0,86,2213,3739,8.171,2,0.28,54.0,13.272526689665506,7.0,2.0,0.6970056904918152,413.5,0.7805185185185185,0.2592592592592592,168.25063888888891,0.000125,0.0,0.2703293785712328,40.5925925925926,2000.0,0.0,1.0,-3.48238693411383,0.0,2.5219219344944284,-1.8841056121267927,0.0,0.1729072631980554,0.301106036869958,0.9392315502144786,0.8602479119603493,1.1145293779433016,1.036087440057294,30.0,0.0,0.0020065250911484,0.727625,0.5902048975512244,0.8025987006496752,0.7146426786606698,49.0,0.1430867736315684,0.0938146492813726,0.0,0.05875,0.0,0.0614386950786761,0.0699180292431506,0.4444444444444444,0.2567364022629311,0.4255269059644058,0.7355026284843066,0,29.0,86.0,57.0,0.4255269059644058,0.5805147672243562,29.0,710,29.0,0.5944055944055944,False
BNDM,ForestCovertype,507,0.56,1417,0.3255813953488374,0.3740074918508222,0,107,165,3618,6.453,2,0.023,54.0,13.272526689665506,7.0,2.0,0.6970056904918152,413.5,0.7805185185185185,0.2592592592592592,168.25063888888891,0.000125,0.0,0.2703293785712328,40.5925925925926,2000.0,0.0,1.0,-3.48238693411383,0.0,2.5219219344944284,-1.8841056121267927,0.0,0.1729072631980554,0.301106036869958,0.9392315502144786,0.8602479119603493,1.1145293779433016,1.036087440057294,30.0,0.0,0.0020065250911484,0.727625,0.5902048975512244,0.8025987006496752,0.7146426786606698,49.0,0.1430867736315684,0.0938146492813726,0.0,0.05875,0.0,0.0614386950786761,0.0699180292431506,0.4444444444444444,0.2567364022629311,0.3961110359547858,0.7450098696427137,0,29.0,107.0,78.0,0.3961110359547858,0.5705604527987498,29.0,711,29.0,0.7412587412587412,False
BNDM,ForestCovertype,759,0.64,372,0.5116279069767442,0.5908144954694123,0,81,4105,4294,6.704,5,0.311,54.0,13.272526689665506,7.0,2.0,0.6970056904918152,413.5,0.7805185185185185,0.2592592592592592,168.25063888888891,0.000125,0.0,0.2703293785712328,40.5925925925926,2000.0,0.0,1.0,-3.48238693411383,0.0,2.5219219344944284,-1.8841056121267927,0.0,0.1729072631980554,0.301106036869958,0.9392315502144786,0.8602479119603493,1.1145293779433016,1.036087440057294,30.0,0.0,0.0020065250911484,0.727625,0.5902048975512244,0.8025987006496752,0.7146426786606698,49.0,0.1430867736315684,0.0938146492813726,0.0,0.05875,0.0,0.0614386950786761,0.0699180292431506,0.4444444444444444,0.2567364022629311,0.4967218990500243,0.6104253374890376,0,30.0,81.0,51.0,0.4967218990500243,0.553573618269531,30.0,712,30.0,0.5594405594405595,False
BNDM,ForestCovertype,877,0.66,4921,0.558139534883721,0.171967378094875,0,122,4422,4667,6.518,6,0.398,54.0,13.272526689665506,7.0,2.0,0.6970056904918152,413.5,0.7805185185185185,0.2592592592592592,168.25063888888891,0.000125,0.0,0.2703293785712328,40.5925925925926,2000.0,0.0,1.0,-3.48238693411383,0.0,2.5219219344944284,-1.8841056121267927,0.0,0.1729072631980554,0.301106036869958,0.9392315502144786,0.8602479119603493,1.1145293779433016,1.036087440057294,30.0,0.0,0.0020065250911484,0.727625,0.5902048975512244,0.8025987006496752,0.7146426786606698,49.0,0.1430867736315684,0.0938146492813726,0.0,0.05875,0.0,0.0614386950786761,0.0699180292431506,0.4444444444444444,0.2567364022629311,0.4953444715007215,0.6267840176297225,0,30.0,122.0,92.0,0.4953444715007215,0.561064244565222,30.0,713,30.0,0.8461538461538461,False
BNDM,ForestCovertype,865,0.67,117,0.5813953488372094,0.7776628533741432,0,16,4048,4554,4.511,4,0.208,54.0,13.272526689665506,7.0,2.0,0.6970056904918152,413.5,0.7805185185185185,0.2592592592592592,168.25063888888891,0.000125,0.0,0.2703293785712328,40.5925925925926,2000.0,0.0,1.0,-3.48238693411383,0.0,2.5219219344944284,-1.8841056121267927,0.0,0.1729072631980554,0.301106036869958,0.9392315502144786,0.8602479119603493,1.1145293779433016,1.036087440057294,30.0,0.0,0.0020065250911484,0.727625,0.5902048975512244,0.8025987006496752,0.7146426786606698,49.0,0.1430867736315684,0.0938146492813726,0.0,0.05875,0.0,0.0614386950786761,0.0699180292431506,0.4444444444444444,0.2567364022629311,0.48757901184463665,0.6542421513662108,0,30.0,16.0,14.0,0.48757901184463665,0.5709105816054237,30.0,714,30.0,0.1048951048951049,False
BNDM,ForestCovertype,533,0.67,13105,0.5813953488372094,0.0129684247847536,0,94,2584,2812,4.366,5,0.59,54.0,13.272526689665506,7.0,2.0,0.6970056904918152,413.5,0.7805185185185185,0.2592592592592592,168.25063888888891,0.000125,0.0,0.2703293785712328,40.5925925925926,2000.0,0.0,1.0,-3.48238693411383,0.0,2.5219219344944284,-1.8841056121267927,0.0,0.1729072631980554,0.301106036869958,0.9392315502144786,0.8602479119603493,1.1145293779433016,1.036087440057294,30.0,0.0,0.0020065250911484,0.727625,0.5902048975512244,0.8025987006496752,0.7146426786606698,49.0,0.1430867736315684,0.0938146492813726,0.0,0.05875,0.0,0.0614386950786761,0.0699180292431506,0.4444444444444444,0.2567364022629311,0.487044845779221,0.6602166752974963,0,30.0,94.0,64.0,0.487044845779221,0.5736307605383586,30.0,715,30.0,0.6503496503496503,False
BNDM,ForestCovertype,571,0.64,483,0.5116279069767442,0.5485210974712493,0,83,3830,4558,7.002,4,0.414,54.0,13.272526689665506,7.0,2.0,0.6970056904918152,413.5,0.7805185185185185,0.2592592592592592,168.25063888888891,0.000125,0.0,0.2703293785712328,40.5925925925926,2000.0,0.0,1.0,-3.48238693411383,0.0,2.5219219344944284,-1.8841056121267927,0.0,0.1729072631980554,0.301106036869958,0.9392315502144786,0.8602479119603493,1.1145293779433016,1.036087440057294,30.0,0.0,0.0020065250911484,0.727625,0.5902048975512244,0.8025987006496752,0.7146426786606698,49.0,0.1430867736315684,0.0938146492813726,0.0,0.05875,0.0,0.0614386950786761,0.0699180292431506,0.4444444444444444,0.2567364022629311,0.48392999939874914,0.6697757468479153,0,30.0,83.0,53.0,0.48392999939874914,0.5768528731233322,30.0,716,30.0,0.5734265734265734,False
BNDM,ForestCovertype,671,0.65,119,0.5348837209302326,0.774934206759066,0,38,4151,4743,4.041,4,0.854,54.0,13.272526689665506,7.0,2.0,0.6970056904918152,413.5,0.7805185185185185,0.2592592592592592,168.25063888888891,0.000125,0.0,0.2703293785712328,40.5925925925926,2000.0,0.0,1.0,-3.48238693411383,0.0,2.5219219344944284,-1.8841056121267927,0.0,0.1729072631980554,0.301106036869958,0.9392315502144786,0.8602479119603493,1.1145293779433016,1.036087440057294,30.0,0.0,0.0020065250911484,0.727625,0.5902048975512244,0.8025987006496752,0.7146426786606698,49.0,0.1430867736315684,0.0938146492813726,0.0,0.05875,0.0,0.0614386950786761,0.0699180292431506,0.4444444444444444,0.2567364022629311,0.48172005020442515,0.6844624283040689,0,30.0,38.0,8.0,0.48172005020442515,0.583091239254247,30.0,717,30.0,0.25874125874125875,False
BNDM,ForestCovertype,817,0.66,84,0.558139534883721,0.8309192845070129,0,10,2935,3621,1.321,6,0.17,54.0,13.272526689665506,7.0,2.0,0.6970056904918152,413.5,0.7805185185185185,0.2592592592592592,168.25063888888891,0.000125,0.0,0.2703293785712328,40.5925925925926,2000.0,0.0,1.0,-3.48238693411383,0.0,2.5219219344944284,-1.8841056121267927,0.0,0.1729072631980554,0.301106036869958,0.9392315502144786,0.8602479119603493,1.1145293779433016,1.036087440057294,30.0,0.0,0.0020065250911484,0.727625,0.5902048975512244,0.8025987006496752,0.7146426786606698,49.0,0.1430867736315684,0.0938146492813726,0.0,0.05875,0.0,0.0614386950786761,0.0699180292431506,0.4444444444444444,0.2567364022629311,0.4791794507575758,0.6974592088968333,0,30.0,10.0,20.0,0.4791794507575758,0.5883193298272046,30.0,718,30.0,0.06293706293706294,False
BNDM,ForestCovertype,187,0.66,148,0.558139534883721,0.7397926673246569,0,53,2821,3790,0.718,9,0.888,54.0,13.272526689665506,7.0,2.0,0.6970056904918152,413.5,0.7805185185185185,0.2592592592592592,168.25063888888891,0.000125,0.0,0.2703293785712328,40.5925925925926,2000.0,0.0,1.0,-3.48238693411383,0.0,2.5219219344944284,-1.8841056121267927,0.0,0.1729072631980554,0.301106036869958,0.9392315502144786,0.8602479119603493,1.1145293779433016,1.036087440057294,30.0,0.0,0.0020065250911484,0.727625,0.5902048975512244,0.8025987006496752,0.7146426786606698,49.0,0.1430867736315684,0.0938146492813726,0.0,0.05875,0.0,0.0614386950786761,0.0699180292431506,0.4444444444444444,0.2567364022629311,0.4769680284992785,0.700138634853027,0,30.0,53.0,23.0,0.4769680284992785,0.5885533316761528,30.0,719,30.0,0.36363636363636365,False
BNDM,ForestCovertype,589,0.67,520,0.5813953488372094,0.5365615147763809,0,56,3335,3635,5.938,3,0.284,54.0,13.272526689665506,7.0,2.0,0.6970056904918152,413.5,0.7805185185185185,0.2592592592592592,168.25063888888891,0.000125,0.0,0.2703293785712328,40.5925925925926,2000.0,0.0,1.0,-3.48238693411383,0.0,2.5219219344944284,-1.8841056121267927,0.0,0.1729072631980554,0.301106036869958,0.9392315502144786,0.8602479119603493,1.1145293779433016,1.036087440057294,30.0,0.0,0.0020065250911484,0.727625,0.5902048975512244,0.8025987006496752,0.7146426786606698,49.0,0.1430867736315684,0.0938146492813726,0.0,0.05875,0.0,0.0614386950786761,0.0699180292431506,0.4444444444444444,0.2567364022629311,0.47564663750601266,0.7006432884828478,0,30.0,56.0,26.0,0.47564663750601266,0.5881449629944302,30.0,720,30.0,0.38461538461538464,False
BNDM,ForestCovertype,755,0.66,151,0.558139534883721,0.7365563345405697,0,54,1828,3526,2.217,5,0.941,54.0,13.272526689665506,7.0,2.0,0.6970056904918152,413.5,0.7805185185185185,0.2592592592592592,168.25063888888891,0.000125,0.0,0.2703293785712328,40.5925925925926,2000.0,0.0,1.0,-3.48238693411383,0.0,2.5219219344944284,-1.8841056121267927,0.0,0.1729072631980554,0.301106036869958,0.9392315502144786,0.8602479119603493,1.1145293779433016,1.036087440057294,30.0,0.0,0.0020065250911484,0.727625,0.5902048975512244,0.8025987006496752,0.7146426786606698,49.0,0.1430867736315684,0.0938146492813726,0.0,0.05875,0.0,0.0614386950786761,0.0699180292431506,0.4444444444444444,0.2567364022629311,0.46013852062289545,0.7136579573910032,0,30.0,54.0,24.0,0.46013852062289545,0.5868982390069494,30.0,721,30.0,0.3706293706293706,False
BNDM,ForestCovertype,623,0.65,95,0.5348837209302326,0.8111617077802494,0,25,3106,3954,3.646,3,0.267,54.0,13.272526689665506,7.0,2.0,0.6970056904918152,413.5,0.7805185185185185,0.2592592592592592,168.25063888888891,0.000125,0.0,0.2703293785712328,40.5925925925926,2000.0,0.0,1.0,-3.48238693411383,0.0,2.5219219344944284,-1.8841056121267927,0.0,0.1729072631980554,0.301106036869958,0.9392315502144786,0.8602479119603493,1.1145293779433016,1.036087440057294,30.0,0.0,0.0020065250911484,0.727625,0.5902048975512244,0.8025987006496752,0.7146426786606698,49.0,0.1430867736315684,0.0938146492813726,0.0,0.05875,0.0,0.0614386950786761,0.0699180292431506,0.4444444444444444,0.2567364022629311,0.459242086038961,0.7138813825621263,0,30.0,25.0,5.0,0.459242086038961,0.5865617343005436,30.0,722,30.0,0.16783216783216784,False
BNDM,ForestCovertype,812,0.64,298,0.5116279069767442,0.626715881914472,0,76,2324,3667,6.245,3,0.734,54.0,13.272526689665506,7.0,2.0,0.6970056904918152,413.5,0.7805185185185185,0.2592592592592592,168.25063888888891,0.000125,0.0,0.2703293785712328,40.5925925925926,2000.0,0.0,1.0,-3.48238693411383,0.0,2.5219219344944284,-1.8841056121267927,0.0,0.1729072631980554,0.301106036869958,0.9392315502144786,0.8602479119603493,1.1145293779433016,1.036087440057294,30.0,0.0,0.0020065250911484,0.727625,0.5902048975512244,0.8025987006496752,0.7146426786606698,49.0,0.1430867736315684,0.0938146492813726,0.0,0.05875,0.0,0.0614386950786761,0.0699180292431506,0.4444444444444444,0.2567364022629311,0.44345978385040863,0.7158458613505839,0,30.0,76.0,46.0,0.44345978385040863,0.5796528226004962,30.0,723,30.0,0.5244755244755245,False
BNDM,ForestCovertype,444,0.64,11487,0.5116279069767442,0.0343609039639494,0,142,352,2540,3.845,5,0.903,54.0,13.272526689665506,7.0,2.0,0.6970056904918152,413.5,0.7805185185185185,0.2592592592592592,168.25063888888891,0.000125,0.0,0.2703293785712328,40.5925925925926,2000.0,0.0,1.0,-3.48238693411383,0.0,2.5219219344944284,-1.8841056121267927,0.0,0.1729072631980554,0.301106036869958,0.9392315502144786,0.8602479119603493,1.1145293779433016,1.036087440057294,30.0,0.0,0.0020065250911484,0.727625,0.5902048975512244,0.8025987006496752,0.7146426786606698,49.0,0.1430867736315684,0.0938146492813726,0.0,0.05875,0.0,0.0614386950786761,0.0699180292431506,0.4444444444444444,0.2567364022629311,0.4373364147426645,0.7194352672325771,0,30.0,142.0,112.0,0.4373364147426645,0.5783858409876208,30.0,724,30.0,0.986013986013986,False
BNDM,ForestCovertype,498,0.63,73,0.4883720930232558,0.8534188384596215,0,15,710,4266,2.173,3,0.078,54.0,13.272526689665506,7.0,2.0,0.6970056904918152,413.5,0.7805185185185185,0.2592592592592592,168.25063888888891,0.000125,0.0,0.2703293785712328,40.5925925925926,2000.0,0.0,1.0,-3.48238693411383,0.0,2.5219219344944284,-1.8841056121267927,0.0,0.1729072631980554,0.301106036869958,0.9392315502144786,0.8602479119603493,1.1145293779433016,1.036087440057294,30.0,0.0,0.0020065250911484,0.727625,0.5902048975512244,0.8025987006496752,0.7146426786606698,49.0,0.1430867736315684,0.0938146492813726,0.0,0.05875,0.0,0.0614386950786761,0.0699180292431506,0.4444444444444444,0.2567364022629311,0.4245623045935544,0.7255128112385935,0,30.0,15.0,15.0,0.4245623045935544,0.5750375579160739,30.0,725,30.0,0.0979020979020979,False
BNDM,ForestCovertype,619,0.6,51,0.4186046511627906,0.9106996186307796,0,9,2312,4726,3.35,3,0.593,54.0,13.272526689665506,7.0,2.0,0.6970056904918152,413.5,0.7805185185185185,0.2592592592592592,168.25063888888891,0.000125,0.0,0.2703293785712328,40.5925925925926,2000.0,0.0,1.0,-3.48238693411383,0.0,2.5219219344944284,-1.8841056121267927,0.0,0.1729072631980554,0.301106036869958,0.9392315502144786,0.8602479119603493,1.1145293779433016,1.036087440057294,30.0,0.0,0.0020065250911484,0.727625,0.5902048975512244,0.8025987006496752,0.7146426786606698,49.0,0.1430867736315684,0.0938146492813726,0.0,0.05875,0.0,0.0614386950786761,0.0699180292431506,0.4444444444444444,0.2567364022629311,0.4106177624458875,0.7304915264093441,0,30.0,9.0,21.0,0.4106177624458875,0.5705546444276158,30.0,726,30.0,0.055944055944055944,False
BNDM,ForestCovertype,568,0.45,43,0.0697674418604651,0.9378209581769352,0,8,28,3469,1.618,4,0.673,54.0,13.272526689665506,7.0,2.0,0.6970056904918152,413.5,0.7805185185185185,0.2592592592592592,168.25063888888891,0.000125,0.0,0.2703293785712328,40.5925925925926,2000.0,0.0,1.0,-3.48238693411383,0.0,2.5219219344944284,-1.8841056121267927,0.0,0.1729072631980554,0.301106036869958,0.9392315502144786,0.8602479119603493,1.1145293779433016,1.036087440057294,30.0,0.0,0.0020065250911484,0.727625,0.5902048975512244,0.8025987006496752,0.7146426786606698,49.0,0.1430867736315684,0.0938146492813726,0.0,0.05875,0.0,0.0614386950786761,0.0699180292431506,0.4444444444444444,0.2567364022629311,0.3915326704545454,0.7449831660336578,0,30.0,8.0,22.0,0.3915326704545454,0.5682579182441015,30.0,727,30.0,0.04895104895104895,False
BNDM,ForestCovertype,320,0.65,9551,0.5348837209302326,0.0643231154477648,0,135,3974,4539,7.301,7,0.654,54.0,13.272526689665506,7.0,2.0,0.6970056904918152,413.5,0.7805185185185185,0.2592592592592592,168.25063888888891,0.000125,0.0,0.2703293785712328,40.5925925925926,2000.0,0.0,1.0,-3.48238693411383,0.0,2.5219219344944284,-1.8841056121267927,0.0,0.1729072631980554,0.301106036869958,0.9392315502144786,0.8602479119603493,1.1145293779433016,1.036087440057294,30.0,0.0,0.0020065250911484,0.727625,0.5902048975512244,0.8025987006496752,0.7146426786606698,49.0,0.1430867736315684,0.0938146492813726,0.0,0.05875,0.0,0.0614386950786761,0.0699180292431506,0.4444444444444444,0.2567364022629311,0.4961464496151994,0.5701612293644351,0,31.0,135.0,104.0,0.4961464496151994,0.5331538394898172,31.0,728,31.0,0.9370629370629371,False
BNDM,ForestCovertype,864,0.66,4683,0.558139534883721,0.1800138832912292,0,120,3743,4001,7.553,5,0.265,54.0,13.272526689665506,7.0,2.0,0.6970056904918152,413.5,0.7805185185185185,0.2592592592592592,168.25063888888891,0.000125,0.0,0.2703293785712328,40.5925925925926,2000.0,0.0,1.0,-3.48238693411383,0.0,2.5219219344944284,-1.8841056121267927,0.0,0.1729072631980554,0.301106036869958,0.9392315502144786,0.8602479119603493,1.1145293779433016,1.036087440057294,30.0,0.0,0.0020065250911484,0.727625,0.5902048975512244,0.8025987006496752,0.7146426786606698,49.0,0.1430867736315684,0.0938146492813726,0.0,0.05875,0.0,0.0614386950786761,0.0699180292431506,0.4444444444444444,0.2567364022629311,0.49203858525733524,0.6017385823433264,0,31.0,120.0,89.0,0.49203858525733524,0.5468885838003308,31.0,729,31.0,0.8321678321678322,False
BNDM,ForestCovertype,650,0.63,729,0.4883720930232558,0.4818015340576977,0,91,3752,4498,3.575,7,0.699,54.0,13.272526689665506,7.0,2.0,0.6970056904918152,413.5,0.7805185185185185,0.2592592592592592,168.25063888888891,0.000125,0.0,0.2703293785712328,40.5925925925926,2000.0,0.0,1.0,-3.48238693411383,0.0,2.5219219344944284,-1.8841056121267927,0.0,0.1729072631980554,0.301106036869958,0.9392315502144786,0.8602479119603493,1.1145293779433016,1.036087440057294,30.0,0.0,0.0020065250911484,0.727625,0.5902048975512244,0.8025987006496752,0.7146426786606698,49.0,0.1430867736315684,0.0938146492813726,0.0,0.05875,0.0,0.0614386950786761,0.0699180292431506,0.4444444444444444,0.2567364022629311,0.4887964390933139,0.6077659685540903,0,31.0,91.0,60.0,0.4887964390933139,0.548281203823702,31.0,730,31.0,0.6293706293706294,False
BNDM,ForestCovertype,259,0.68,1477,0.6046511627906979,0.3672792921014396,0,51,890,2920,0.743,9,0.828,54.0,13.272526689665506,7.0,2.0,0.6970056904918152,413.5,0.7805185185185185,0.2592592592592592,168.25063888888891,0.000125,0.0,0.2703293785712328,40.5925925925926,2000.0,0.0,1.0,-3.48238693411383,0.0,2.5219219344944284,-1.8841056121267927,0.0,0.1729072631980554,0.301106036869958,0.9392315502144786,0.8602479119603493,1.1145293779433016,1.036087440057294,30.0,0.0,0.0020065250911484,0.727625,0.5902048975512244,0.8025987006496752,0.7146426786606698,49.0,0.1430867736315684,0.0938146492813726,0.0,0.05875,0.0,0.0614386950786761,0.0699180292431506,0.4444444444444444,0.2567364022629311,0.48718299062049036,0.6268585620685495,0,31.0,51.0,20.0,0.48718299062049036,0.55702077634452,31.0,731,31.0,0.34965034965034963,False
BNDM,ForestCovertype,443,0.63,795,0.4883720930232558,0.4677493299296695,0,94,3864,4421,1.336,8,0.224,54.0,13.272526689665506,7.0,2.0,0.6970056904918152,413.5,0.7805185185185185,0.2592592592592592,168.25063888888891,0.000125,0.0,0.2703293785712328,40.5925925925926,2000.0,0.0,1.0,-3.48238693411383,0.0,2.5219219344944284,-1.8841056121267927,0.0,0.1729072631980554,0.301106036869958,0.9392315502144786,0.8602479119603493,1.1145293779433016,1.036087440057294,30.0,0.0,0.0020065250911484,0.727625,0.5902048975512244,0.8025987006496752,0.7146426786606698,49.0,0.1430867736315684,0.0938146492813726,0.0,0.05875,0.0,0.0614386950786761,0.0699180292431506,0.4444444444444444,0.2567364022629311,0.4864787608225109,0.649166973609247,0,31.0,94.0,63.0,0.4864787608225109,0.5678228672158789,31.0,732,31.0,0.6503496503496503,False
BNDM,ForestCovertype,872,0.66,172,0.558139534883721,0.7155463623713056,0,59,3776,4070,1.972,7,0.943,54.0,13.272526689665506,7.0,2.0,0.6970056904918152,413.5,0.7805185185185185,0.2592592592592592,168.25063888888891,0.000125,0.0,0.2703293785712328,40.5925925925926,2000.0,0.0,1.0,-3.48238693411383,0.0,2.5219219344944284,-1.8841056121267927,0.0,0.1729072631980554,0.301106036869958,0.9392315502144786,0.8602479119603493,1.1145293779433016,1.036087440057294,30.0,0.0,0.0020065250911484,0.727625,0.5902048975512244,0.8025987006496752,0.7146426786606698,49.0,0.1430867736315684,0.0938146492813726,0.0,0.05875,0.0,0.0614386950786761,0.0699180292431506,0.4444444444444444,0.2567364022629311,0.4833524080086579,0.66497302246797,0,31.0,59.0,28.0,0.4833524080086579,0.574162715238314,31.0,733,31.0,0.40559440559440557,False
BNDM,ForestCovertype,714,0.65,184,0.5348837209302326,0.7046584408179712,0,65,2931,3805,8.168,3,0.928,54.0,13.272526689665506,7.0,2.0,0.6970056904918152,413.5,0.7805185185185185,0.2592592592592592,168.25063888888891,0.000125,0.0,0.2703293785712328,40.5925925925926,2000.0,0.0,1.0,-3.48238693411383,0.0,2.5219219344944284,-1.8841056121267927,0.0,0.1729072631980554,0.301106036869958,0.9392315502144786,0.8602479119603493,1.1145293779433016,1.036087440057294,30.0,0.0,0.0020065250911484,0.727625,0.5902048975512244,0.8025987006496752,0.7146426786606698,49.0,0.1430867736315684,0.0938146492813726,0.0,0.05875,0.0,0.0614386950786761,0.0699180292431506,0.4444444444444444,0.2567364022629311,0.4736341765873018,0.6981801716182282,0,31.0,65.0,34.0,0.4736341765873018,0.585907174102765,31.0,734,31.0,0.44755244755244755,False
BNDM,ForestCovertype,415,0.66,104,0.558139534883721,0.7966131153995994,0,22,3024,4011,1.536,4,0.939,54.0,13.272526689665506,7.0,2.0,0.6970056904918152,413.5,0.7805185185185185,0.2592592592592592,168.25063888888891,0.000125,0.0,0.2703293785712328,40.5925925925926,2000.0,0.0,1.0,-3.48238693411383,0.0,2.5219219344944284,-1.8841056121267927,0.0,0.1729072631980554,0.301106036869958,0.9392315502144786,0.8602479119603493,1.1145293779433016,1.036087440057294,30.0,0.0,0.0020065250911484,0.727625,0.5902048975512244,0.8025987006496752,0.7146426786606698,49.0,0.1430867736315684,0.0938146492813726,0.0,0.05875,0.0,0.0614386950786761,0.0699180292431506,0.4444444444444444,0.2567364022629311,0.4597158489658488,0.7047091436962591,0,31.0,22.0,9.0,0.4597158489658488,0.582212496331054,31.0,735,31.0,0.14685314685314685,False
BNDM,ForestCovertype,418,0.66,509,0.558139534883721,0.5400259666455751,0,81,1579,3853,5.81,3,0.136,54.0,13.272526689665506,7.0,2.0,0.6970056904918152,413.5,0.7805185185185185,0.2592592592592592,168.25063888888891,0.000125,0.0,0.2703293785712328,40.5925925925926,2000.0,0.0,1.0,-3.48238693411383,0.0,2.5219219344944284,-1.8841056121267927,0.0,0.1729072631980554,0.301106036869958,0.9392315502144786,0.8602479119603493,1.1145293779433016,1.036087440057294,30.0,0.0,0.0020065250911484,0.727625,0.5902048975512244,0.8025987006496752,0.7146426786606698,49.0,0.1430867736315684,0.0938146492813726,0.0,0.05875,0.0,0.0614386950786761,0.0699180292431506,0.4444444444444444,0.2567364022629311,0.45826134860509854,0.7048911348645157,0,31.0,81.0,50.0,0.45826134860509854,0.5815762417348072,31.0,736,31.0,0.5594405594405595,False
BNDM,ForestCovertype,148,0.67,105,0.5813953488372094,0.7950742351394693,0,11,1391,3803,5.854,3,0.219,54.0,13.272526689665506,7.0,2.0,0.6970056904918152,413.5,0.7805185185185185,0.2592592592592592,168.25063888888891,0.000125,0.0,0.2703293785712328,40.5925925925926,2000.0,0.0,1.0,-3.48238693411383,0.0,2.5219219344944284,-1.8841056121267927,0.0,0.1729072631980554,0.301106036869958,0.9392315502144786,0.8602479119603493,1.1145293779433016,1.036087440057294,30.0,0.0,0.0020065250911484,0.727625,0.5902048975512244,0.8025987006496752,0.7146426786606698,49.0,0.1430867736315684,0.0938146492813726,0.0,0.05875,0.0,0.0614386950786761,0.0699180292431506,0.4444444444444444,0.2567364022629311,0.45059318632756107,0.7110642243793757,0,31.0,11.0,20.0,0.45059318632756107,0.5808287053534684,31.0,737,31.0,0.06993006993006994,False
BNDM,ForestCovertype,393,0.66,235,0.558139534883721,0.6651299567536761,0,70,2900,3894,7.482,3,0.43,54.0,13.272526689665506,7.0,2.0,0.6970056904918152,413.5,0.7805185185185185,0.2592592592592592,168.25063888888891,0.000125,0.0,0.2703293785712328,40.5925925925926,2000.0,0.0,1.0,-3.48238693411383,0.0,2.5219219344944284,-1.8841056121267927,0.0,0.1729072631980554,0.301106036869958,0.9392315502144786,0.8602479119603493,1.1145293779433016,1.036087440057294,30.0,0.0,0.0020065250911484,0.727625,0.5902048975512244,0.8025987006496752,0.7146426786606698,49.0,0.1430867736315684,0.0938146492813726,0.0,0.05875,0.0,0.0614386950786761,0.0699180292431506,0.4444444444444444,0.2567364022629311,0.44928838985088987,0.7122094286659381,0,31.0,70.0,39.0,0.44928838985088987,0.5807489092584139,31.0,738,31.0,0.4825174825174825,False
BNDM,ForestCovertype,115,0.65,82,0.5348837209302326,0.8347849588443909,0,17,3268,4820,5.412,2,0.357,54.0,13.272526689665506,7.0,2.0,0.6970056904918152,413.5,0.7805185185185185,0.2592592592592592,168.25063888888891,0.000125,0.0,0.2703293785712328,40.5925925925926,2000.0,0.0,1.0,-3.48238693411383,0.0,2.5219219344944284,-1.8841056121267927,0.0,0.1729072631980554,0.301106036869958,0.9392315502144786,0.8602479119603493,1.1145293779433016,1.036087440057294,30.0,0.0,0.0020065250911484,0.727625,0.5902048975512244,0.8025987006496752,0.7146426786606698,49.0,0.1430867736315684,0.0938146492813726,0.0,0.05875,0.0,0.0614386950786761,0.0699180292431506,0.4444444444444444,0.2567364022629311,0.4387300309644061,0.7157887472101596,0,31.0,17.0,14.0,0.4387300309644061,0.5772593890872828,31.0,739,31.0,0.11188811188811189,False
BNDM,ForestCovertype,708,0.64,79,0.5116279069767442,0.8407617313795698,0,16,872,4058,2.549,4,0.83,54.0,13.272526689665506,7.0,2.0,0.6970056904918152,413.5,0.7805185185185185,0.2592592592592592,168.25063888888891,0.000125,0.0,0.2703293785712328,40.5925925925926,2000.0,0.0,1.0,-3.48238693411383,0.0,2.5219219344944284,-1.8841056121267927,0.0,0.1729072631980554,0.301106036869958,0.9392315502144786,0.8602479119603493,1.1145293779433016,1.036087440057294,30.0,0.0,0.0020065250911484,0.727625,0.5902048975512244,0.8025987006496752,0.7146426786606698,49.0,0.1430867736315684,0.0938146492813726,0.0,0.05875,0.0,0.0614386950786761,0.0699180292431506,0.4444444444444444,0.2567364022629311,0.43715661826599295,0.7165613597530667,0,31.0,16.0,15.0,0.43715661826599295,0.5768589890095298,31.0,740,31.0,0.1048951048951049,False
BNDM,ForestCovertype,247,0.64,426,0.5116279069767442,0.5688637792115794,0,82,2305,3476,2.912,4,0.584,54.0,13.272526689665506,7.0,2.0,0.6970056904918152,413.5,0.7805185185185185,0.2592592592592592,168.25063888888891,0.000125,0.0,0.2703293785712328,40.5925925925926,2000.0,0.0,1.0,-3.48238693411383,0.0,2.5219219344944284,-1.8841056121267927,0.0,0.1729072631980554,0.301106036869958,0.9392315502144786,0.8602479119603493,1.1145293779433016,1.036087440057294,30.0,0.0,0.0020065250911484,0.727625,0.5902048975512244,0.8025987006496752,0.7146426786606698,49.0,0.1430867736315684,0.0938146492813726,0.0,0.05875,0.0,0.0614386950786761,0.0699180292431506,0.4444444444444444,0.2567364022629311,0.4177835197210196,0.7221312749254706,0,31.0,82.0,51.0,0.4177835197210196,0.5699573973232451,31.0,741,31.0,0.5664335664335665,False
BNDM,ForestCovertype,583,0.56,48,0.3255813953488374,0.92034704968182,0,9,2184,4431,0.534,4,0.551,54.0,13.272526689665506,7.0,2.0,0.6970056904918152,413.5,0.7805185185185185,0.2592592592592592,168.25063888888891,0.000125,0.0,0.2703293785712328,40.5925925925926,2000.0,0.0,1.0,-3.48238693411383,0.0,2.5219219344944284,-1.8841056121267927,0.0,0.1729072631980554,0.301106036869958,0.9392315502144786,0.8602479119603493,1.1145293779433016,1.036087440057294,30.0,0.0,0.0020065250911484,0.727625,0.5902048975512244,0.8025987006496752,0.7146426786606698,49.0,0.1430867736315684,0.0938146492813726,0.0,0.05875,0.0,0.0614386950786761,0.0699180292431506,0.4444444444444444,0.2567364022629311,0.40335418169793164,0.7291022683395919,0,31.0,9.0,22.0,0.40335418169793164,0.5662282250187618,31.0,742,31.0,0.055944055944055944,False
BNDM,ForestCovertype,213,0.62,41,0.4651162790697675,0.9453735130412498,0,4,248,4912,4.233,2,0.175,54.0,13.272526689665506,7.0,2.0,0.6970056904918152,413.5,0.7805185185185185,0.2592592592592592,168.25063888888891,0.000125,0.0,0.2703293785712328,40.5925925925926,2000.0,0.0,1.0,-3.48238693411383,0.0,2.5219219344944284,-1.8841056121267927,0.0,0.1729072631980554,0.301106036869958,0.9392315502144786,0.8602479119603493,1.1145293779433016,1.036087440057294,30.0,0.0,0.0020065250911484,0.727625,0.5902048975512244,0.8025987006496752,0.7146426786606698,49.0,0.1430867736315684,0.0938146492813726,0.0,0.05875,0.0,0.0614386950786761,0.0699180292431506,0.4444444444444444,0.2567364022629311,0.37736934824434804,0.7438131131384507,0,31.0,4.0,27.0,0.37736934824434804,0.5605912306913994,31.0,743,31.0,0.02097902097902098,False
BNDM,ForestCovertype,728,0.68,3577,0.6046511627906979,0.2237427814634811,0,62,1743,3316,1.003,9,0.63,54.0,13.272526689665506,7.0,2.0,0.6970056904918152,413.5,0.7805185185185185,0.2592592592592592,168.25063888888891,0.000125,0.0,0.2703293785712328,40.5925925925926,2000.0,0.0,1.0,-3.48238693411383,0.0,2.5219219344944284,-1.8841056121267927,0.0,0.1729072631980554,0.301106036869958,0.9392315502144786,0.8602479119603493,1.1145293779433016,1.036087440057294,30.0,0.0,0.0020065250911484,0.727625,0.5902048975512244,0.8025987006496752,0.7146426786606698,49.0,0.1430867736315684,0.0938146492813726,0.0,0.05875,0.0,0.0614386950786761,0.0699180292431506,0.4444444444444444,0.2567364022629311,0.48928746843434323,0.6002493657832753,0,32.0,62.0,30.0,0.48928746843434323,0.5447684171088092,32.0,744,32.0,0.42657342657342656,False
BNDM,ForestCovertype,523,0.62,11387,0.4651162790697675,0.0357803102065357,0,142,4074,4957,5.618,8,0.008,54.0,13.272526689665506,7.0,2.0,0.6970056904918152,413.5,0.7805185185185185,0.2592592592592592,168.25063888888891,0.000125,0.0,0.2703293785712328,40.5925925925926,2000.0,0.0,1.0,-3.48238693411383,0.0,2.5219219344944284,-1.8841056121267927,0.0,0.1729072631980554,0.301106036869958,0.9392315502144786,0.8602479119603493,1.1145293779433016,1.036087440057294,30.0,0.0,0.0020065250911484,0.727625,0.5902048975512244,0.8025987006496752,0.7146426786606698,49.0,0.1430867736315684,0.0938146492813726,0.0,0.05875,0.0,0.0614386950786761,0.0699180292431506,0.4444444444444444,0.2567364022629311,0.4861921221139969,0.6135868965332739,0,32.0,142.0,110.0,0.4861921221139969,0.5498895093236355,32.0,745,32.0,0.986013986013986,False
BNDM,ForestCovertype,294,0.66,134,0.558139534883721,0.7558120541385255,0,45,3163,4105,2.712,7,0.008,54.0,13.272526689665506,7.0,2.0,0.6970056904918152,413.5,0.7805185185185185,0.2592592592592592,168.25063888888891,0.000125,0.0,0.2703293785712328,40.5925925925926,2000.0,0.0,1.0,-3.48238693411383,0.0,2.5219219344944284,-1.8841056121267927,0.0,0.1729072631980554,0.301106036869958,0.9392315502144786,0.8602479119603493,1.1145293779433016,1.036087440057294,30.0,0.0,0.0020065250911484,0.727625,0.5902048975512244,0.8025987006496752,0.7146426786606698,49.0,0.1430867736315684,0.0938146492813726,0.0,0.05875,0.0,0.0614386950786761,0.0699180292431506,0.4444444444444444,0.2567364022629311,0.48356500270562747,0.6474856856147839,0,32.0,45.0,13.0,0.48356500270562747,0.5655253441602057,32.0,746,32.0,0.3076923076923077,False
BNDM,ForestCovertype,622,0.67,2180,0.5813953488372094,0.3041096819917096,0,71,852,2724,2.262,6,0.659,54.0,13.272526689665506,7.0,2.0,0.6970056904918152,413.5,0.7805185185185185,0.2592592592592592,168.25063888888891,0.000125,0.0,0.2703293785712328,40.5925925925926,2000.0,0.0,1.0,-3.48238693411383,0.0,2.5219219344944284,-1.8841056121267927,0.0,0.1729072631980554,0.301106036869958,0.9392315502144786,0.8602479119603493,1.1145293779433016,1.036087440057294,30.0,0.0,0.0020065250911484,0.727625,0.5902048975512244,0.8025987006496752,0.7146426786606698,49.0,0.1430867736315684,0.0938146492813726,0.0,0.05875,0.0,0.0614386950786761,0.0699180292431506,0.4444444444444444,0.2567364022629311,0.4819033264189513,0.6573345842549262,0,32.0,71.0,39.0,0.4819033264189513,0.5696189553369387,32.0,747,32.0,0.48951048951048953,False
BNDM,ForestCovertype,473,0.67,4465,0.5813953488372094,0.1877514004676502,0,82,1821,3259,9.417,3,0.478,54.0,13.272526689665506,7.0,2.0,0.6970056904918152,413.5,0.7805185185185185,0.2592592592592592,168.25063888888891,0.000125,0.0,0.2703293785712328,40.5925925925926,2000.0,0.0,1.0,-3.48238693411383,0.0,2.5219219344944284,-1.8841056121267927,0.0,0.1729072631980554,0.301106036869958,0.9392315502144786,0.8602479119603493,1.1145293779433016,1.036087440057294,30.0,0.0,0.0020065250911484,0.727625,0.5902048975512244,0.8025987006496752,0.7146426786606698,49.0,0.1430867736315684,0.0938146492813726,0.0,0.05875,0.0,0.0614386950786761,0.0699180292431506,0.4444444444444444,0.2567364022629311,0.4734715007215008,0.6738020421979413,0,32.0,82.0,50.0,0.4734715007215008,0.573636771459721,32.0,748,32.0,0.5664335664335665,False
BNDM,ForestCovertype,569,0.64,140,0.5116279069767442,0.7487522178675463,0,53,3555,4700,3.041,6,0.254,54.0,13.272526689665506,7.0,2.0,0.6970056904918152,413.5,0.7805185185185185,0.2592592592592592,168.25063888888891,0.000125,0.0,0.2703293785712328,40.5925925925926,2000.0,0.0,1.0,-3.48238693411383,0.0,2.5219219344944284,-1.8841056121267927,0.0,0.1729072631980554,0.301106036869958,0.9392315502144786,0.8602479119603493,1.1145293779433016,1.036087440057294,30.0,0.0,0.0020065250911484,0.727625,0.5902048975512244,0.8025987006496752,0.7146426786606698,49.0,0.1430867736315684,0.0938146492813726,0.0,0.05875,0.0,0.0614386950786761,0.0699180292431506,0.4444444444444444,0.2567364022629311,0.4709599491943242,0.6757878747028837,0,32.0,53.0,21.0,0.4709599491943242,0.573373911948604,32.0,749,32.0,0.36363636363636365,False
BNDM,ForestCovertype,342,0.67,626,0.5813953488372094,0.506494742455314,0,58,1801,3478,2.646,5,0.335,54.0,13.272526689665506,7.0,2.0,0.6970056904918152,413.5,0.7805185185185185,0.2592592592592592,168.25063888888891,0.000125,0.0,0.2703293785712328,40.5925925925926,2000.0,0.0,1.0,-3.48238693411383,0.0,2.5219219344944284,-1.8841056121267927,0.0,0.1729072631980554,0.301106036869958,0.9392315502144786,0.8602479119603493,1.1145293779433016,1.036087440057294,30.0,0.0,0.0020065250911484,0.727625,0.5902048975512244,0.8025987006496752,0.7146426786606698,49.0,0.1430867736315684,0.0938146492813726,0.0,0.05875,0.0,0.0614386950786761,0.0699180292431506,0.4444444444444444,0.2567364022629311,0.4690897291366041,0.6839600820717969,0,32.0,58.0,26.0,0.4690897291366041,0.5765249056042006,32.0,750,32.0,0.3986013986013986,False
BNDM,ForestCovertype,556,0.66,167,0.558139534883721,0.7203077198003158,0,58,2775,3677,2.39,6,0.12,54.0,13.272526689665506,7.0,2.0,0.6970056904918152,413.5,0.7805185185185185,0.2592592592592592,168.25063888888891,0.000125,0.0,0.2703293785712328,40.5925925925926,2000.0,0.0,1.0,-3.48238693411383,0.0,2.5219219344944284,-1.8841056121267927,0.0,0.1729072631980554,0.301106036869958,0.9392315502144786,0.8602479119603493,1.1145293779433016,1.036087440057294,30.0,0.0,0.0020065250911484,0.727625,0.5902048975512244,0.8025987006496752,0.7146426786606698,49.0,0.1430867736315684,0.0938146492813726,0.0,0.05875,0.0,0.0614386950786761,0.0699180292431506,0.4444444444444444,0.2567364022629311,0.4674397095959593,0.6900857390145652,0,32.0,58.0,26.0,0.4674397095959593,0.5787627243052622,32.0,751,32.0,0.3986013986013986,False
BNDM,ForestCovertype,369,0.66,8227,0.558139534883721,0.0885470641168246,0,129,664,2980,9.13,3,0.774,54.0,13.272526689665506,7.0,2.0,0.6970056904918152,413.5,0.7805185185185185,0.2592592592592592,168.25063888888891,0.000125,0.0,0.2703293785712328,40.5925925925926,2000.0,0.0,1.0,-3.48238693411383,0.0,2.5219219344944284,-1.8841056121267927,0.0,0.1729072631980554,0.301106036869958,0.9392315502144786,0.8602479119603493,1.1145293779433016,1.036087440057294,30.0,0.0,0.0020065250911484,0.727625,0.5902048975512244,0.8025987006496752,0.7146426786606698,49.0,0.1430867736315684,0.0938146492813726,0.0,0.05875,0.0,0.0614386950786761,0.0699180292431506,0.4444444444444444,0.2567364022629311,0.4587861201298698,0.6981508102871693,0,32.0,129.0,97.0,0.4587861201298698,0.5784684652085196,32.0,752,32.0,0.8951048951048951,False
BNDM,ForestCovertype,341,0.65,6335,0.5348837209302326,0.1309685292131257,0,127,2659,4108,0.155,9,0.546,54.0,13.272526689665506,7.0,2.0,0.6970056904918152,413.5,0.7805185185185185,0.2592592592592592,168.25063888888891,0.000125,0.0,0.2703293785712328,40.5925925925926,2000.0,0.0,1.0,-3.48238693411383,0.0,2.5219219344944284,-1.8841056121267927,0.0,0.1729072631980554,0.301106036869958,0.9392315502144786,0.8602479119603493,1.1145293779433016,1.036087440057294,30.0,0.0,0.0020065250911484,0.727625,0.5902048975512244,0.8025987006496752,0.7146426786606698,49.0,0.1430867736315684,0.0938146492813726,0.0,0.05875,0.0,0.0614386950786761,0.0699180292431506,0.4444444444444444,0.2567364022629311,0.4538657257094757,0.7037485333584677,0,32.0,127.0,95.0,0.4538657257094757,0.5788071295339716,32.0,753,32.0,0.8811188811188811,False
BNDM,ForestCovertype,532,0.64,97,0.5116279069767442,0.807814153061353,0,27,954,4042,0.449,8,0.483,54.0,13.272526689665506,7.0,2.0,0.6970056904918152,413.5,0.7805185185185185,0.2592592592592592,168.25063888888891,0.000125,0.0,0.2703293785712328,40.5925925925926,2000.0,0.0,1.0,-3.48238693411383,0.0,2.5219219344944284,-1.8841056121267927,0.0,0.1729072631980554,0.301106036869958,0.9392315502144786,0.8602479119603493,1.1145293779433016,1.036087440057294,30.0,0.0,0.0020065250911484,0.727625,0.5902048975512244,0.8025987006496752,0.7146426786606698,49.0,0.1430867736315684,0.0938146492813726,0.0,0.05875,0.0,0.0614386950786761,0.0699180292431506,0.4444444444444444,0.2567364022629311,0.44120584114959094,0.7041437430397853,0,32.0,27.0,5.0,0.44120584114959094,0.5726747920946882,32.0,754,32.0,0.18181818181818182,False
BNDM,ForestCovertype,451,0.64,163,0.5116279069767442,0.7242199730081584,0,58,2804,4101,5.353,4,0.965,54.0,13.272526689665506,7.0,2.0,0.6970056904918152,413.5,0.7805185185185185,0.2592592592592592,168.25063888888891,0.000125,0.0,0.2703293785712328,40.5925925925926,2000.0,0.0,1.0,-3.48238693411383,0.0,2.5219219344944284,-1.8841056121267927,0.0,0.1729072631980554,0.301106036869958,0.9392315502144786,0.8602479119603493,1.1145293779433016,1.036087440057294,30.0,0.0,0.0020065250911484,0.727625,0.5902048975512244,0.8025987006496752,0.7146426786606698,49.0,0.1430867736315684,0.0938146492813726,0.0,0.05875,0.0,0.0614386950786761,0.0699180292431506,0.4444444444444444,0.2567364022629311,0.4319264219576716,0.7074422607633758,0,32.0,58.0,26.0,0.4319264219576716,0.5696843413605237,32.0,755,32.0,0.3986013986013986,False
BNDM,ForestCovertype,488,0.43,39,0.0232558139534883,0.9532946280000368,0,8,2008,4580,5.076,2,0.144,54.0,13.272526689665506,7.0,2.0,0.6970056904918152,413.5,0.7805185185185185,0.2592592592592592,168.25063888888891,0.000125,0.0,0.2703293785712328,40.5925925925926,2000.0,0.0,1.0,-3.48238693411383,0.0,2.5219219344944284,-1.8841056121267927,0.0,0.1729072631980554,0.301106036869958,0.9392315502144786,0.8602479119603493,1.1145293779433016,1.036087440057294,30.0,0.0,0.0020065250911484,0.727625,0.5902048975512244,0.8025987006496752,0.7146426786606698,49.0,0.1430867736315684,0.0938146492813726,0.0,0.05875,0.0,0.0614386950786761,0.0699180292431506,0.4444444444444444,0.2567364022629311,0.43097366522366515,0.7096538138802053,0,32.0,8.0,24.0,0.43097366522366515,0.5703137395519352,32.0,756,32.0,0.04895104895104895,False
BNDM,ForestCovertype,348,0.64,316,0.5116279069767442,0.6172251549570862,0,78,276,3241,1.698,5,0.2,54.0,13.272526689665506,7.0,2.0,0.6970056904918152,413.5,0.7805185185185185,0.2592592592592592,168.25063888888891,0.000125,0.0,0.2703293785712328,40.5925925925926,2000.0,0.0,1.0,-3.48238693411383,0.0,2.5219219344944284,-1.8841056121267927,0.0,0.1729072631980554,0.301106036869958,0.9392315502144786,0.8602479119603493,1.1145293779433016,1.036087440057294,30.0,0.0,0.0020065250911484,0.727625,0.5902048975512244,0.8025987006496752,0.7146426786606698,49.0,0.1430867736315684,0.0938146492813726,0.0,0.05875,0.0,0.0614386950786761,0.0699180292431506,0.4444444444444444,0.2567364022629311,0.4205814844877344,0.7114342528681433,0,32.0,78.0,46.0,0.4205814844877344,0.5660078686779388,32.0,757,32.0,0.5384615384615384,False
BNDM,ForestCovertype,811,0.61,5173,0.4418604651162791,0.163861026298295,0,126,67,2891,3.117,5,0.374,54.0,13.272526689665506,7.0,2.0,0.6970056904918152,413.5,0.7805185185185185,0.2592592592592592,168.25063888888891,0.000125,0.0,0.2703293785712328,40.5925925925926,2000.0,0.0,1.0,-3.48238693411383,0.0,2.5219219344944284,-1.8841056121267927,0.0,0.1729072631980554,0.301106036869958,0.9392315502144786,0.8602479119603493,1.1145293779433016,1.036087440057294,30.0,0.0,0.0020065250911484,0.727625,0.5902048975512244,0.8025987006496752,0.7146426786606698,49.0,0.1430867736315684,0.0938146492813726,0.0,0.05875,0.0,0.0614386950786761,0.0699180292431506,0.4444444444444444,0.2567364022629311,0.400987200877826,0.7116471940843997,0,32.0,126.0,94.0,0.400987200877826,0.5563171974811129,32.0,758,32.0,0.8741258741258742,False
BNDM,ForestCovertype,194,0.58,38,0.3720930232558139,0.9574049906307428,0,7,2,4074,0.812,6,0.668,54.0,13.272526689665506,7.0,2.0,0.6970056904918152,413.5,0.7805185185185185,0.2592592592592592,168.25063888888891,0.000125,0.0,0.2703293785712328,40.5925925925926,2000.0,0.0,1.0,-3.48238693411383,0.0,2.5219219344944284,-1.8841056121267927,0.0,0.1729072631980554,0.301106036869958,0.9392315502144786,0.8602479119603493,1.1145293779433016,1.036087440057294,30.0,0.0,0.0020065250911484,0.727625,0.5902048975512244,0.8025987006496752,0.7146426786606698,49.0,0.1430867736315684,0.0938146492813726,0.0,0.05875,0.0,0.0614386950786761,0.0699180292431506,0.4444444444444444,0.2567364022629311,0.37768026244588754,0.7128268943433831,0,32.0,7.0,25.0,0.37768026244588754,0.5452535783946353,32.0,759,32.0,0.04195804195804196,False
BNDM,ForestCovertype,371,0.59,670,0.3953488372093023,0.4954836997267612,0,91,29,4381,0.357,8,0.459,54.0,13.272526689665506,7.0,2.0,0.6970056904918152,413.5,0.7805185185185185,0.2592592592592592,168.25063888888891,0.000125,0.0,0.2703293785712328,40.5925925925926,2000.0,0.0,1.0,-3.48238693411383,0.0,2.5219219344944284,-1.8841056121267927,0.0,0.1729072631980554,0.301106036869958,0.9392315502144786,0.8602479119603493,1.1145293779433016,1.036087440057294,30.0,0.0,0.0020065250911484,0.727625,0.5902048975512244,0.8025987006496752,0.7146426786606698,49.0,0.1430867736315684,0.0938146492813726,0.0,0.05875,0.0,0.0614386950786761,0.0699180292431506,0.4444444444444444,0.2567364022629311,0.36958473875661374,0.7192111286276092,0,32.0,91.0,59.0,0.36958473875661374,0.5443979336921114,32.0,760,32.0,0.6293706293706294,False
BNDM,ForestCovertype,291,0.58,32,0.3720930232558139,0.9845263301768986,0,4,14,4291,1.778,4,0.42,54.0,13.272526689665506,7.0,2.0,0.6970056904918152,413.5,0.7805185185185185,0.2592592592592592,168.25063888888891,0.000125,0.0,0.2703293785712328,40.5925925925926,2000.0,0.0,1.0,-3.48238693411383,0.0,2.5219219344944284,-1.8841056121267927,0.0,0.1729072631980554,0.301106036869958,0.9392315502144786,0.8602479119603493,1.1145293779433016,1.036087440057294,30.0,0.0,0.0020065250911484,0.727625,0.5902048975512244,0.8025987006496752,0.7146426786606698,49.0,0.1430867736315684,0.0938146492813726,0.0,0.05875,0.0,0.0614386950786761,0.0699180292431506,0.4444444444444444,0.2567364022629311,0.3623542869167869,0.7334346691357031,0,32.0,4.0,28.0,0.3623542869167869,0.547894478026245,32.0,761,32.0,0.02097902097902098,False
BNDM,ForestCovertype,804,0.58,31,0.3720930232558139,0.9895221290212202,0,3,16,4061,2.242,3,0.873,54.0,13.272526689665506,7.0,2.0,0.6970056904918152,413.5,0.7805185185185185,0.2592592592592592,168.25063888888891,0.000125,0.0,0.2703293785712328,40.5925925925926,2000.0,0.0,1.0,-3.48238693411383,0.0,2.5219219344944284,-1.8841056121267927,0.0,0.1729072631980554,0.301106036869958,0.9392315502144786,0.8602479119603493,1.1145293779433016,1.036087440057294,30.0,0.0,0.0020065250911484,0.727625,0.5902048975512244,0.8025987006496752,0.7146426786606698,49.0,0.1430867736315684,0.0938146492813726,0.0,0.05875,0.0,0.0614386950786761,0.0699180292431506,0.4444444444444444,0.2567364022629311,0.3550872189153438,0.7361485236348647,0,32.0,3.0,29.0,0.3550872189153438,0.5456178712751043,32.0,762,32.0,0.013986013986013986,False
BNDM,ForestCovertype,632,0.65,10348,0.5348837209302326,0.0513124413508221,0,138,4868,4928,2.577,10,0.148,54.0,13.272526689665506,7.0,2.0,0.6970056904918152,413.5,0.7805185185185185,0.2592592592592592,168.25063888888891,0.000125,0.0,0.2703293785712328,40.5925925925926,2000.0,0.0,1.0,-3.48238693411383,0.0,2.5219219344944284,-1.8841056121267927,0.0,0.1729072631980554,0.301106036869958,0.9392315502144786,0.8602479119603493,1.1145293779433016,1.036087440057294,30.0,0.0,0.0020065250911484,0.727625,0.5902048975512244,0.8025987006496752,0.7146426786606698,49.0,0.1430867736315684,0.0938146492813726,0.0,0.05875,0.0,0.0614386950786761,0.0699180292431506,0.4444444444444444,0.2567364022629311,0.48325517827080317,0.5478206781853375,0,33.0,138.0,105.0,0.48325517827080317,0.5155379282280703,33.0,763,33.0,0.958041958041958,False
BNDM,ForestCovertype,230,0.66,6653,0.558139534883721,0.1230181328669581,0,127,3267,3994,2.657,9,0.606,54.0,13.272526689665506,7.0,2.0,0.6970056904918152,413.5,0.7805185185185185,0.2592592592592592,168.25063888888891,0.000125,0.0,0.2703293785712328,40.5925925925926,2000.0,0.0,1.0,-3.48238693411383,0.0,2.5219219344944284,-1.8841056121267927,0.0,0.1729072631980554,0.301106036869958,0.9392315502144786,0.8602479119603493,1.1145293779433016,1.036087440057294,30.0,0.0,0.0020065250911484,0.727625,0.5902048975512244,0.8025987006496752,0.7146426786606698,49.0,0.1430867736315684,0.0938146492813726,0.0,0.05875,0.0,0.0614386950786761,0.0699180292431506,0.4444444444444444,0.2567364022629311,0.483154842429396,0.5747243848448048,0,33.0,127.0,94.0,0.483154842429396,0.5289396136371004,33.0,764,33.0,0.8811188811188811,False
BNDM,ForestCovertype,672,0.64,968,0.5116279069767442,0.435820569806575,0,98,3422,4235,7.946,5,0.479,54.0,13.272526689665506,7.0,2.0,0.6970056904918152,413.5,0.7805185185185185,0.2592592592592592,168.25063888888891,0.000125,0.0,0.2703293785712328,40.5925925925926,2000.0,0.0,1.0,-3.48238693411383,0.0,2.5219219344944284,-1.8841056121267927,0.0,0.1729072631980554,0.301106036869958,0.9392315502144786,0.8602479119603493,1.1145293779433016,1.036087440057294,30.0,0.0,0.0020065250911484,0.727625,0.5902048975512244,0.8025987006496752,0.7146426786606698,49.0,0.1430867736315684,0.0938146492813726,0.0,0.05875,0.0,0.0614386950786761,0.0699180292431506,0.4444444444444444,0.2567364022629311,0.4826058501683502,0.607847879390362,0,33.0,98.0,65.0,0.4826058501683502,0.5452268647793561,33.0,765,33.0,0.6783216783216783,False
BNDM,ForestCovertype,308,0.66,100,0.558139534883721,0.8029187876578411,0,20,3336,4216,6.741,5,0.819,54.0,13.272526689665506,7.0,2.0,0.6970056904918152,413.5,0.7805185185185185,0.2592592592592592,168.25063888888891,0.000125,0.0,0.2703293785712328,40.5925925925926,2000.0,0.0,1.0,-3.48238693411383,0.0,2.5219219344944284,-1.8841056121267927,0.0,0.1729072631980554,0.301106036869958,0.9392315502144786,0.8602479119603493,1.1145293779433016,1.036087440057294,30.0,0.0,0.0020065250911484,0.727625,0.5902048975512244,0.8025987006496752,0.7146426786606698,49.0,0.1430867736315684,0.0938146492813726,0.0,0.05875,0.0,0.0614386950786761,0.0699180292431506,0.4444444444444444,0.2567364022629311,0.47989742664742685,0.6155228812452973,0,33.0,20.0,13.0,0.47989742664742685,0.547710153946362,33.0,766,33.0,0.13286713286713286,False
BNDM,ForestCovertype,486,0.64,107,0.5116279069767442,0.7920395551597089,0,32,3343,4214,1.401,7,0.631,54.0,13.272526689665506,7.0,2.0,0.6970056904918152,413.5,0.7805185185185185,0.2592592592592592,168.25063888888891,0.000125,0.0,0.2703293785712328,40.5925925925926,2000.0,0.0,1.0,-3.48238693411383,0.0,2.5219219344944284,-1.8841056121267927,0.0,0.1729072631980554,0.301106036869958,0.9392315502144786,0.8602479119603493,1.1145293779433016,1.036087440057294,30.0,0.0,0.0020065250911484,0.727625,0.5902048975512244,0.8025987006496752,0.7146426786606698,49.0,0.1430867736315684,0.0938146492813726,0.0,0.05875,0.0,0.0614386950786761,0.0699180292431506,0.4444444444444444,0.2567364022629311,0.4759743566618567,0.6502429934534394,0,33.0,32.0,1.0,0.4759743566618567,0.5631086750576481,33.0,767,33.0,0.21678321678321677,False
BNDM,ForestCovertype,248,0.66,136,0.558139534883721,0.7534245015230001,0,47,3649,4816,1.202,9,0.342,54.0,13.272526689665506,7.0,2.0,0.6970056904918152,413.5,0.7805185185185185,0.2592592592592592,168.25063888888891,0.000125,0.0,0.2703293785712328,40.5925925925926,2000.0,0.0,1.0,-3.48238693411383,0.0,2.5219219344944284,-1.8841056121267927,0.0,0.1729072631980554,0.301106036869958,0.9392315502144786,0.8602479119603493,1.1145293779433016,1.036087440057294,30.0,0.0,0.0020065250911484,0.727625,0.5902048975512244,0.8025987006496752,0.7146426786606698,49.0,0.1430867736315684,0.0938146492813726,0.0,0.05875,0.0,0.0614386950786761,0.0699180292431506,0.4444444444444444,0.2567364022629311,0.47248069234006723,0.6548713653987793,0,33.0,47.0,14.0,0.47248069234006723,0.5636760288694233,33.0,768,33.0,0.32167832167832167,False
BNDM,ForestCovertype,514,0.64,9150,0.5116279069767442,0.0712859117756357,0,136,2399,3040,5.211,5,0.048,54.0,13.272526689665506,7.0,2.0,0.6970056904918152,413.5,0.7805185185185185,0.2592592592592592,168.25063888888891,0.000125,0.0,0.2703293785712328,40.5925925925926,2000.0,0.0,1.0,-3.48238693411383,0.0,2.5219219344944284,-1.8841056121267927,0.0,0.1729072631980554,0.301106036869958,0.9392315502144786,0.8602479119603493,1.1145293779433016,1.036087440057294,30.0,0.0,0.0020065250911484,0.727625,0.5902048975512244,0.8025987006496752,0.7146426786606698,49.0,0.1430867736315684,0.0938146492813726,0.0,0.05875,0.0,0.0614386950786761,0.0699180292431506,0.4444444444444444,0.2567364022629311,0.46385744348244384,0.6672499056782643,0,33.0,136.0,103.0,0.46385744348244384,0.565553674580354,33.0,769,33.0,0.9440559440559441,False
BNDM,ForestCovertype,138,0.67,560,0.5813953488372094,0.5245522968224738,0,57,1012,3177,6.518,3,0.094,54.0,13.272526689665506,7.0,2.0,0.6970056904918152,413.5,0.7805185185185185,0.2592592592592592,168.25063888888891,0.000125,0.0,0.2703293785712328,40.5925925925926,2000.0,0.0,1.0,-3.48238693411383,0.0,2.5219219344944284,-1.8841056121267927,0.0,0.1729072631980554,0.301106036869958,0.9392315502144786,0.8602479119603493,1.1145293779433016,1.036087440057294,30.0,0.0,0.0020065250911484,0.727625,0.5902048975512244,0.8025987006496752,0.7146426786606698,49.0,0.1430867736315684,0.0938146492813726,0.0,0.05875,0.0,0.0614386950786761,0.0699180292431506,0.4444444444444444,0.2567364022629311,0.46384674873737347,0.6830302865371596,0,33.0,57.0,24.0,0.46384674873737347,0.5734385176372665,33.0,770,33.0,0.3916083916083916,False
BNDM,ForestCovertype,190,0.66,113,0.558139534883721,0.783261706540533,0,30,1416,3972,4.078,3,0.588,54.0,13.272526689665506,7.0,2.0,0.6970056904918152,413.5,0.7805185185185185,0.2592592592592592,168.25063888888891,0.000125,0.0,0.2703293785712328,40.5925925925926,2000.0,0.0,1.0,-3.48238693411383,0.0,2.5219219344944284,-1.8841056121267927,0.0,0.1729072631980554,0.301106036869958,0.9392315502144786,0.8602479119603493,1.1145293779433016,1.036087440057294,30.0,0.0,0.0020065250911484,0.727625,0.5902048975512244,0.8025987006496752,0.7146426786606698,49.0,0.1430867736315684,0.0938146492813726,0.0,0.05875,0.0,0.0614386950786761,0.0699180292431506,0.4444444444444444,0.2567364022629311,0.45996560846560847,0.687928179144326,0,33.0,30.0,3.0,0.45996560846560847,0.5739468938049672,33.0,771,33.0,0.20279720279720279,False
BNDM,ForestCovertype,699,0.59,8803,0.3953488372093023,0.0775619008071205,0,134,2078,2503,3.173,5,0.747,54.0,13.272526689665506,7.0,2.0,0.6970056904918152,413.5,0.7805185185185185,0.2592592592592592,168.25063888888891,0.000125,0.0,0.2703293785712328,40.5925925925926,2000.0,0.0,1.0,-3.48238693411383,0.0,2.5219219344944284,-1.8841056121267927,0.0,0.1729072631980554,0.301106036869958,0.9392315502144786,0.8602479119603493,1.1145293779433016,1.036087440057294,30.0,0.0,0.0020065250911484,0.727625,0.5902048975512244,0.8025987006496752,0.7146426786606698,49.0,0.1430867736315684,0.0938146492813726,0.0,0.05875,0.0,0.0614386950786761,0.0699180292431506,0.4444444444444444,0.2567364022629311,0.45257023358585863,0.69506566374587,0,33.0,134.0,101.0,0.45257023358585863,0.5738179486658643,33.0,772,33.0,0.9300699300699301,False
BNDM,ForestCovertype,684,0.65,138,0.5348837209302326,0.7510715523395642,0,50,1596,3999,1.321,5,0.88,54.0,13.272526689665506,7.0,2.0,0.6970056904918152,413.5,0.7805185185185185,0.2592592592592592,168.25063888888891,0.000125,0.0,0.2703293785712328,40.5925925925926,2000.0,0.0,1.0,-3.48238693411383,0.0,2.5219219344944284,-1.8841056121267927,0.0,0.1729072631980554,0.301106036869958,0.9392315502144786,0.8602479119603493,1.1145293779433016,1.036087440057294,30.0,0.0,0.0020065250911484,0.727625,0.5902048975512244,0.8025987006496752,0.7146426786606698,49.0,0.1430867736315684,0.0938146492813726,0.0,0.05875,0.0,0.0614386950786761,0.0699180292431506,0.4444444444444444,0.2567364022629311,0.4522103475228474,0.6984671496438813,0,33.0,50.0,17.0,0.4522103475228474,0.5753387485833643,33.0,773,33.0,0.34265734265734266,False
BNDM,ForestCovertype,128,0.66,72,0.558139534883721,0.8556277249402824,0,4,2870,4643,6.131,3,0.758,54.0,13.272526689665506,7.0,2.0,0.6970056904918152,413.5,0.7805185185185185,0.2592592592592592,168.25063888888891,0.000125,0.0,0.2703293785712328,40.5925925925926,2000.0,0.0,1.0,-3.48238693411383,0.0,2.5219219344944284,-1.8841056121267927,0.0,0.1729072631980554,0.301106036869958,0.9392315502144786,0.8602479119603493,1.1145293779433016,1.036087440057294,30.0,0.0,0.0020065250911484,0.727625,0.5902048975512244,0.8025987006496752,0.7146426786606698,49.0,0.1430867736315684,0.0938146492813726,0.0,0.05875,0.0,0.0614386950786761,0.0699180292431506,0.4444444444444444,0.2567364022629311,0.4317806337181335,0.7051363305032552,0,33.0,4.0,29.0,0.4317806337181335,0.5684584821106944,33.0,774,33.0,0.02097902097902098,False
BNDM,ForestCovertype,302,0.63,45,0.4883720930232558,0.9306041855458468,0,5,186,4664,1.812,4,0.062,54.0,13.272526689665506,7.0,2.0,0.6970056904918152,413.5,0.7805185185185185,0.2592592592592592,168.25063888888891,0.000125,0.0,0.2703293785712328,40.5925925925926,2000.0,0.0,1.0,-3.48238693411383,0.0,2.5219219344944284,-1.8841056121267927,0.0,0.1729072631980554,0.301106036869958,0.9392315502144786,0.8602479119603493,1.1145293779433016,1.036087440057294,30.0,0.0,0.0020065250911484,0.727625,0.5902048975512244,0.8025987006496752,0.7146426786606698,49.0,0.1430867736315684,0.0938146492813726,0.0,0.05875,0.0,0.0614386950786761,0.0699180292431506,0.4444444444444444,0.2567364022629311,0.3832214856902358,0.7074543407238156,0,33.0,5.0,28.0,0.3832214856902358,0.5453379132070257,33.0,775,33.0,0.027972027972027972,False
BNDM,ForestCovertype,154,0.62,45,0.4651162790697675,0.9306041855458468,0,6,110,4365,8.833,2,0.405,54.0,13.272526689665506,7.0,2.0,0.6970056904918152,413.5,0.7805185185185185,0.2592592592592592,168.25063888888891,0.000125,0.0,0.2703293785712328,40.5925925925926,2000.0,0.0,1.0,-3.48238693411383,0.0,2.5219219344944284,-1.8841056121267927,0.0,0.1729072631980554,0.301106036869958,0.9392315502144786,0.8602479119603493,1.1145293779433016,1.036087440057294,30.0,0.0,0.0020065250911484,0.727625,0.5902048975512244,0.8025987006496752,0.7146426786606698,49.0,0.1430867736315684,0.0938146492813726,0.0,0.05875,0.0,0.0614386950786761,0.0699180292431506,0.4444444444444444,0.2567364022629311,0.366678097943723,0.7076860476728134,0,33.0,6.0,27.0,0.366678097943723,0.5371820728082682,33.0,776,33.0,0.03496503496503497,False
BNDM,ForestCovertype,875,0.66,8875,0.558139534883721,0.0762395804952843,0,131,3532,4846,8.845,7,0.072,54.0,13.272526689665506,7.0,2.0,0.6970056904918152,413.5,0.7805185185185185,0.2592592592592592,168.25063888888891,0.000125,0.0,0.2703293785712328,40.5925925925926,2000.0,0.0,1.0,-3.48238693411383,0.0,2.5219219344944284,-1.8841056121267927,0.0,0.1729072631980554,0.301106036869958,0.9392315502144786,0.8602479119603493,1.1145293779433016,1.036087440057294,30.0,0.0,0.0020065250911484,0.727625,0.5902048975512244,0.8025987006496752,0.7146426786606698,49.0,0.1430867736315684,0.0938146492813726,0.0,0.05875,0.0,0.0614386950786761,0.0699180292431506,0.4444444444444444,0.2567364022629311,0.4820468825156324,0.5744676846754408,0,34.0,131.0,97.0,0.4820468825156324,0.5282572835955366,34.0,777,34.0,0.9090909090909091,False
BNDM,ForestCovertype,831,0.67,13657,0.5813953488372094,0.006270601572022,0,95,1216,3623,1.013,9,0.278,54.0,13.272526689665506,7.0,2.0,0.6970056904918152,413.5,0.7805185185185185,0.2592592592592592,168.25063888888891,0.000125,0.0,0.2703293785712328,40.5925925925926,2000.0,0.0,1.0,-3.48238693411383,0.0,2.5219219344944284,-1.8841056121267927,0.0,0.1729072631980554,0.301106036869958,0.9392315502144786,0.8602479119603493,1.1145293779433016,1.036087440057294,30.0,0.0,0.0020065250911484,0.727625,0.5902048975512244,0.8025987006496752,0.7146426786606698,49.0,0.1430867736315684,0.0938146492813726,0.0,0.05875,0.0,0.0614386950786761,0.0699180292431506,0.4444444444444444,0.2567364022629311,0.48026796987734477,0.5877837349417065,0,34.0,95.0,61.0,0.48026796987734477,0.5340258524095256,34.0,778,34.0,0.6573426573426573,False
BNDM,ForestCovertype,23,0.66,185,0.558139534883721,0.703783233027852,0,65,3563,4831,2.733,10,0.821,54.0,13.272526689665506,7.0,2.0,0.6970056904918152,413.5,0.7805185185185185,0.2592592592592592,168.25063888888891,0.000125,0.0,0.2703293785712328,40.5925925925926,2000.0,0.0,1.0,-3.48238693411383,0.0,2.5219219344944284,-1.8841056121267927,0.0,0.1729072631980554,0.301106036869958,0.9392315502144786,0.8602479119603493,1.1145293779433016,1.036087440057294,30.0,0.0,0.0020065250911484,0.727625,0.5902048975512244,0.8025987006496752,0.7146426786606698,49.0,0.1430867736315684,0.0938146492813726,0.0,0.05875,0.0,0.0614386950786761,0.0699180292431506,0.4444444444444444,0.2567364022629311,0.47594323442760944,0.6022097071458731,0,34.0,65.0,31.0,0.47594323442760944,0.5390764707867413,34.0,779,34.0,0.44755244755244755,False
BNDM,ForestCovertype,196,0.66,126,0.558139534883721,0.7657296807539822,0,39,3564,4325,3.99,5,0.812,54.0,13.272526689665506,7.0,2.0,0.6970056904918152,413.5,0.7805185185185185,0.2592592592592592,168.25063888888891,0.000125,0.0,0.2703293785712328,40.5925925925926,2000.0,0.0,1.0,-3.48238693411383,0.0,2.5219219344944284,-1.8841056121267927,0.0,0.1729072631980554,0.301106036869958,0.9392315502144786,0.8602479119603493,1.1145293779433016,1.036087440057294,30.0,0.0,0.0020065250911484,0.727625,0.5902048975512244,0.8025987006496752,0.7146426786606698,49.0,0.1430867736315684,0.0938146492813726,0.0,0.05875,0.0,0.0614386950786761,0.0699180292431506,0.4444444444444444,0.2567364022629311,0.4735615154521403,0.6414332462358001,0,34.0,39.0,5.0,0.4735615154521403,0.5574973808439703,34.0,780,34.0,0.26573426573426573,False
BNDM,ForestCovertype,6,0.67,121,0.5813953488372094,0.77225066381198,0,18,3515,4539,3.142,6,0.722,54.0,13.272526689665506,7.0,2.0,0.6970056904918152,413.5,0.7805185185185185,0.2592592592592592,168.25063888888891,0.000125,0.0,0.2703293785712328,40.5925925925926,2000.0,0.0,1.0,-3.48238693411383,0.0,2.5219219344944284,-1.8841056121267927,0.0,0.1729072631980554,0.301106036869958,0.9392315502144786,0.8602479119603493,1.1145293779433016,1.036087440057294,30.0,0.0,0.0020065250911484,0.727625,0.5902048975512244,0.8025987006496752,0.7146426786606698,49.0,0.1430867736315684,0.0938146492813726,0.0,0.05875,0.0,0.0614386950786761,0.0699180292431506,0.4444444444444444,0.2567364022629311,0.47202359157046675,0.6544578985043211,0,34.0,18.0,16.0,0.47202359157046675,0.563240745037394,34.0,781,34.0,0.11888111888111888,False
BNDM,ForestCovertype,394,0.67,106,0.5813953488372094,0.7935498046725837,0,12,1893,4371,1.228,5,0.015,54.0,13.272526689665506,7.0,2.0,0.6970056904918152,413.5,0.7805185185185185,0.2592592592592592,168.25063888888891,0.000125,0.0,0.2703293785712328,40.5925925925926,2000.0,0.0,1.0,-3.48238693411383,0.0,2.5219219344944284,-1.8841056121267927,0.0,0.1729072631980554,0.301106036869958,0.9392315502144786,0.8602479119603493,1.1145293779433016,1.036087440057294,30.0,0.0,0.0020065250911484,0.727625,0.5902048975512244,0.8025987006496752,0.7146426786606698,49.0,0.1430867736315684,0.0938146492813726,0.0,0.05875,0.0,0.0614386950786761,0.0699180292431506,0.4444444444444444,0.2567364022629311,0.4629172153078402,0.6779008255523612,0,34.0,12.0,22.0,0.4629172153078402,0.5704090204301007,34.0,782,34.0,0.07692307692307693,False
BNDM,ForestCovertype,267,0.66,99,0.558139534883721,0.8045342303583861,0,19,3351,4524,2.32,5,0.113,54.0,13.272526689665506,7.0,2.0,0.6970056904918152,413.5,0.7805185185185185,0.2592592592592592,168.25063888888891,0.000125,0.0,0.2703293785712328,40.5925925925926,2000.0,0.0,1.0,-3.48238693411383,0.0,2.5219219344944284,-1.8841056121267927,0.0,0.1729072631980554,0.301106036869958,0.9392315502144786,0.8602479119603493,1.1145293779433016,1.036087440057294,30.0,0.0,0.0020065250911484,0.727625,0.5902048975512244,0.8025987006496752,0.7146426786606698,49.0,0.1430867736315684,0.0938146492813726,0.0,0.05875,0.0,0.0614386950786761,0.0699180292431506,0.4444444444444444,0.2567364022629311,0.4585247790404039,0.6862039683656983,0,34.0,19.0,15.0,0.4585247790404039,0.572364373703051,34.0,783,34.0,0.1258741258741259,False
BNDM,ForestCovertype,886,0.65,109,0.5348837209302326,0.7890605605352848,0,32,2686,4114,7.042,3,0.042,54.0,13.272526689665506,7.0,2.0,0.6970056904918152,413.5,0.7805185185185185,0.2592592592592592,168.25063888888891,0.000125,0.0,0.2703293785712328,40.5925925925926,2000.0,0.0,1.0,-3.48238693411383,0.0,2.5219219344944284,-1.8841056121267927,0.0,0.1729072631980554,0.301106036869958,0.9392315502144786,0.8602479119603493,1.1145293779433016,1.036087440057294,30.0,0.0,0.0020065250911484,0.727625,0.5902048975512244,0.8025987006496752,0.7146426786606698,49.0,0.1430867736315684,0.0938146492813726,0.0,0.05875,0.0,0.0614386950786761,0.0699180292431506,0.4444444444444444,0.2567364022629311,0.44986531986532,0.6968770967342713,0,34.0,32.0,2.0,0.44986531986532,0.5733712082997957,34.0,784,34.0,0.21678321678321677,False
BNDM,ForestCovertype,468,0.58,163,0.3720930232558139,0.7242199730081584,0,59,2209,3858,3.893,4,0.423,54.0,13.272526689665506,7.0,2.0,0.6970056904918152,413.5,0.7805185185185185,0.2592592592592592,168.25063888888891,0.000125,0.0,0.2703293785712328,40.5925925925926,2000.0,0.0,1.0,-3.48238693411383,0.0,2.5219219344944284,-1.8841056121267927,0.0,0.1729072631980554,0.301106036869958,0.9392315502144786,0.8602479119603493,1.1145293779433016,1.036087440057294,30.0,0.0,0.0020065250911484,0.727625,0.5902048975512244,0.8025987006496752,0.7146426786606698,49.0,0.1430867736315684,0.0938146492813726,0.0,0.05875,0.0,0.0614386950786761,0.0699180292431506,0.4444444444444444,0.2567364022629311,0.40619112253487244,0.6972510587317917,0,34.0,59.0,25.0,0.40619112253487244,0.5517210906333321,34.0,785,34.0,0.40559440559440557,False
BNDM,ForestCovertype,374,0.64,54,0.5116279069767442,0.901593457155752,0,2,2486,4847,3.379,5,0.843,54.0,13.272526689665506,7.0,2.0,0.6970056904918152,413.5,0.7805185185185185,0.2592592592592592,168.25063888888891,0.000125,0.0,0.2703293785712328,40.5925925925926,2000.0,0.0,1.0,-3.48238693411383,0.0,2.5219219344944284,-1.8841056121267927,0.0,0.1729072631980554,0.301106036869958,0.9392315502144786,0.8602479119603493,1.1145293779433016,1.036087440057294,30.0,0.0,0.0020065250911484,0.727625,0.5902048975512244,0.8025987006496752,0.7146426786606698,49.0,0.1430867736315684,0.0938146492813726,0.0,0.05875,0.0,0.0614386950786761,0.0699180292431506,0.4444444444444444,0.2567364022629311,0.40528951719576706,0.6987227261754897,0,34.0,2.0,32.0,0.40528951719576706,0.5520061216856283,34.0,786,34.0,0.006993006993006993,False
BNDM,ForestCovertype,21,0.61,156,0.4418604651162791,0.7313018095030202,0,56,153,3790,0.414,9,0.972,54.0,13.272526689665506,7.0,2.0,0.6970056904918152,413.5,0.7805185185185185,0.2592592592592592,168.25063888888891,0.000125,0.0,0.2703293785712328,40.5925925925926,2000.0,0.0,1.0,-3.48238693411383,0.0,2.5219219344944284,-1.8841056121267927,0.0,0.1729072631980554,0.301106036869958,0.9392315502144786,0.8602479119603493,1.1145293779433016,1.036087440057294,30.0,0.0,0.0020065250911484,0.727625,0.5902048975512244,0.8025987006496752,0.7146426786606698,49.0,0.1430867736315684,0.0938146492813726,0.0,0.05875,0.0,0.0614386950786761,0.0699180292431506,0.4444444444444444,0.2567364022629311,0.4016591510341509,0.7008119431824598,0,34.0,56.0,22.0,0.4016591510341509,0.5512355471083054,34.0,787,34.0,0.38461538461538464,False
BNDM,ForestCovertype,381,0.62,43,0.4651162790697675,0.9378209581769352,0,5,242,4232,3.934,3,0.853,54.0,13.272526689665506,7.0,2.0,0.6970056904918152,413.5,0.7805185185185185,0.2592592592592592,168.25063888888891,0.000125,0.0,0.2703293785712328,40.5925925925926,2000.0,0.0,1.0,-3.48238693411383,0.0,2.5219219344944284,-1.8841056121267927,0.0,0.1729072631980554,0.301106036869958,0.9392315502144786,0.8602479119603493,1.1145293779433016,1.036087440057294,30.0,0.0,0.0020065250911484,0.727625,0.5902048975512244,0.8025987006496752,0.7146426786606698,49.0,0.1430867736315684,0.0938146492813726,0.0,0.05875,0.0,0.0614386950786761,0.0699180292431506,0.4444444444444444,0.2567364022629311,0.3817650237493985,0.7061743216591279,0,34.0,5.0,29.0,0.3817650237493985,0.5439696727042632,34.0,788,34.0,0.027972027972027972,False
BNDM,ForestCovertype,798,0.66,2602,0.558139534883721,0.2753929138014154,0,108,3292,4313,5.762,6,0.704,54.0,13.272526689665506,7.0,2.0,0.6970056904918152,413.5,0.7805185185185185,0.2592592592592592,168.25063888888891,0.000125,0.0,0.2703293785712328,40.5925925925926,2000.0,0.0,1.0,-3.48238693411383,0.0,2.5219219344944284,-1.8841056121267927,0.0,0.1729072631980554,0.301106036869958,0.9392315502144786,0.8602479119603493,1.1145293779433016,1.036087440057294,30.0,0.0,0.0020065250911484,0.727625,0.5902048975512244,0.8025987006496752,0.7146426786606698,49.0,0.1430867736315684,0.0938146492813726,0.0,0.05875,0.0,0.0614386950786761,0.0699180292431506,0.4444444444444444,0.2567364022629311,0.4766444654882153,0.5871793139672686,0,35.0,108.0,73.0,0.4766444654882153,0.531911889727742,35.0,789,35.0,0.7482517482517482,False
BNDM,ForestCovertype,305,0.66,374,0.558139534883721,0.5899463080962319,0,77,2703,3420,2.978,6,0.385,54.0,13.272526689665506,7.0,2.0,0.6970056904918152,413.5,0.7805185185185185,0.2592592592592592,168.25063888888891,0.000125,0.0,0.2703293785712328,40.5925925925926,2000.0,0.0,1.0,-3.48238693411383,0.0,2.5219219344944284,-1.8841056121267927,0.0,0.1729072631980554,0.301106036869958,0.9392315502144786,0.8602479119603493,1.1145293779433016,1.036087440057294,30.0,0.0,0.0020065250911484,0.727625,0.5902048975512244,0.8025987006496752,0.7146426786606698,49.0,0.1430867736315684,0.0938146492813726,0.0,0.05875,0.0,0.0614386950786761,0.0699180292431506,0.4444444444444444,0.2567364022629311,0.471590631012506,0.6468501283345324,0,35.0,77.0,42.0,0.471590631012506,0.5592203796735191,35.0,790,35.0,0.5314685314685315,False
BNDM,ForestCovertype,614,0.65,129,0.5348837209302326,0.7619392209891291,0,43,3476,4992,6.462,5,0.609,54.0,13.272526689665506,7.0,2.0,0.6970056904918152,413.5,0.7805185185185185,0.2592592592592592,168.25063888888891,0.000125,0.0,0.2703293785712328,40.5925925925926,2000.0,0.0,1.0,-3.48238693411383,0.0,2.5219219344944284,-1.8841056121267927,0.0,0.1729072631980554,0.301106036869958,0.9392315502144786,0.8602479119603493,1.1145293779433016,1.036087440057294,30.0,0.0,0.0020065250911484,0.727625,0.5902048975512244,0.8025987006496752,0.7146426786606698,49.0,0.1430867736315684,0.0938146492813726,0.0,0.05875,0.0,0.0614386950786761,0.0699180292431506,0.4444444444444444,0.2567364022629311,0.47001200246512764,0.6534863128092756,0,35.0,43.0,8.0,0.47001200246512764,0.5617491576372016,35.0,791,35.0,0.2937062937062937,False
BNDM,ForestCovertype,405,0.65,118,0.5348837209302326,0.7762927975482627,0,37,1499,4069,1.593,7,0.778,54.0,13.272526689665506,7.0,2.0,0.6970056904918152,413.5,0.7805185185185185,0.2592592592592592,168.25063888888891,0.000125,0.0,0.2703293785712328,40.5925925925926,2000.0,0.0,1.0,-3.48238693411383,0.0,2.5219219344944284,-1.8841056121267927,0.0,0.1729072631980554,0.301106036869958,0.9392315502144786,0.8602479119603493,1.1145293779433016,1.036087440057294,30.0,0.0,0.0020065250911484,0.727625,0.5902048975512244,0.8025987006496752,0.7146426786606698,49.0,0.1430867736315684,0.0938146492813726,0.0,0.05875,0.0,0.0614386950786761,0.0699180292431506,0.4444444444444444,0.2567364022629311,0.46200444925444933,0.6576453785562545,0,35.0,37.0,2.0,0.46200444925444933,0.5598249139053519,35.0,792,35.0,0.2517482517482518,False
BNDM,ForestCovertype,372,0.66,1083,0.558139534883721,0.4176131763407392,0,98,2726,4390,9.632,3,0.727,54.0,13.272526689665506,7.0,2.0,0.6970056904918152,413.5,0.7805185185185185,0.2592592592592592,168.25063888888891,0.000125,0.0,0.2703293785712328,40.5925925925926,2000.0,0.0,1.0,-3.48238693411383,0.0,2.5219219344944284,-1.8841056121267927,0.0,0.1729072631980554,0.301106036869958,0.9392315502144786,0.8602479119603493,1.1145293779433016,1.036087440057294,30.0,0.0,0.0020065250911484,0.727625,0.5902048975512244,0.8025987006496752,0.7146426786606698,49.0,0.1430867736315684,0.0938146492813726,0.0,0.05875,0.0,0.0614386950786761,0.0699180292431506,0.4444444444444444,0.2567364022629311,0.4605175189393939,0.6758759048097677,0,35.0,98.0,63.0,0.4605175189393939,0.5681967118745808,35.0,793,35.0,0.6783216783216783,False
BNDM,ForestCovertype,183,0.67,2332,0.5813953488372094,0.2931718741029721,0,73,1992,3160,0.462,8,0.641,54.0,13.272526689665506,7.0,2.0,0.6970056904918152,413.5,0.7805185185185185,0.2592592592592592,168.25063888888891,0.000125,0.0,0.2703293785712328,40.5925925925926,2000.0,0.0,1.0,-3.48238693411383,0.0,2.5219219344944284,-1.8841056121267927,0.0,0.1729072631980554,0.301106036869958,0.9392315502144786,0.8602479119603493,1.1145293779433016,1.036087440057294,30.0,0.0,0.0020065250911484,0.727625,0.5902048975512244,0.8025987006496752,0.7146426786606698,49.0,0.1430867736315684,0.0938146492813726,0.0,0.05875,0.0,0.0614386950786761,0.0699180292431506,0.4444444444444444,0.2567364022629311,0.45825863846801357,0.683809943267313,0,35.0,73.0,38.0,0.45825863846801357,0.5710342908676633,35.0,794,35.0,0.5034965034965035,False
BNDM,ForestCovertype,595,0.65,80,0.5348837209302326,0.8387449271596722,0,16,2424,3794,0.287,8,0.12,54.0,13.272526689665506,7.0,2.0,0.6970056904918152,413.5,0.7805185185185185,0.2592592592592592,168.25063888888891,0.000125,0.0,0.2703293785712328,40.5925925925926,2000.0,0.0,1.0,-3.48238693411383,0.0,2.5219219344944284,-1.8841056121267927,0.0,0.1729072631980554,0.301106036869958,0.9392315502144786,0.8602479119603493,1.1145293779433016,1.036087440057294,30.0,0.0,0.0020065250911484,0.727625,0.5902048975512244,0.8025987006496752,0.7146426786606698,49.0,0.1430867736315684,0.0938146492813726,0.0,0.05875,0.0,0.0614386950786761,0.0699180292431506,0.4444444444444444,0.2567364022629311,0.45491525372775354,0.6856135997079417,0,35.0,16.0,19.0,0.45491525372775354,0.5702644267178476,35.0,795,35.0,0.1048951048951049,False
BNDM,ForestCovertype,797,0.61,7090,0.4418604651162791,0.1126913006629365,0,129,2084,3115,9.328,3,0.104,54.0,13.272526689665506,7.0,2.0,0.6970056904918152,413.5,0.7805185185185185,0.2592592592592592,168.25063888888891,0.000125,0.0,0.2703293785712328,40.5925925925926,2000.0,0.0,1.0,-3.48238693411383,0.0,2.5219219344944284,-1.8841056121267927,0.0,0.1729072631980554,0.301106036869958,0.9392315502144786,0.8602479119603493,1.1145293779433016,1.036087440057294,30.0,0.0,0.0020065250911484,0.727625,0.5902048975512244,0.8025987006496752,0.7146426786606698,49.0,0.1430867736315684,0.0938146492813726,0.0,0.05875,0.0,0.0614386950786761,0.0699180292431506,0.4444444444444444,0.2567364022629311,0.447153379028379,0.6917737892965183,0,35.0,129.0,94.0,0.447153379028379,0.5694635841624487,35.0,796,35.0,0.8951048951048951,False
BNDM,ForestCovertype,834,0.58,38,0.3720930232558139,0.9574049906307428,0,7,2092,4758,1.711,6,0.69,54.0,13.272526689665506,7.0,2.0,0.6970056904918152,413.5,0.7805185185185185,0.2592592592592592,168.25063888888891,0.000125,0.0,0.2703293785712328,40.5925925925926,2000.0,0.0,1.0,-3.48238693411383,0.0,2.5219219344944284,-1.8841056121267927,0.0,0.1729072631980554,0.301106036869958,0.9392315502144786,0.8602479119603493,1.1145293779433016,1.036087440057294,30.0,0.0,0.0020065250911484,0.727625,0.5902048975512244,0.8025987006496752,0.7146426786606698,49.0,0.1430867736315684,0.0938146492813726,0.0,0.05875,0.0,0.0614386950786761,0.0699180292431506,0.4444444444444444,0.2567364022629311,0.39714755441317934,0.6934621165556106,0,35.0,7.0,28.0,0.39714755441317934,0.545304835484395,35.0,797,35.0,0.04195804195804196,False
BNDM,ForestCovertype,296,0.66,939,0.558139534883721,0.4407535516054655,0,94,3440,4501,4.067,7,0.34,54.0,13.272526689665506,7.0,2.0,0.6970056904918152,413.5,0.7805185185185185,0.2592592592592592,168.25063888888891,0.000125,0.0,0.2703293785712328,40.5925925925926,2000.0,0.0,1.0,-3.48238693411383,0.0,2.5219219344944284,-1.8841056121267927,0.0,0.1729072631980554,0.301106036869958,0.9392315502144786,0.8602479119603493,1.1145293779433016,1.036087440057294,30.0,0.0,0.0020065250911484,0.727625,0.5902048975512244,0.8025987006496752,0.7146426786606698,49.0,0.1430867736315684,0.0938146492813726,0.0,0.05875,0.0,0.0614386950786761,0.0699180292431506,0.4444444444444444,0.2567364022629311,0.47286592863155374,0.5770898137184152,0,36.0,94.0,58.0,0.47286592863155374,0.5249778711749844,36.0,798,36.0,0.6503496503496503,False
BNDM,ForestCovertype,522,0.65,10829,0.5348837209302326,0.0439368245568307,0,140,1955,3687,9.196,5,0.926,54.0,13.272526689665506,7.0,2.0,0.6970056904918152,413.5,0.7805185185185185,0.2592592592592592,168.25063888888891,0.000125,0.0,0.2703293785712328,40.5925925925926,2000.0,0.0,1.0,-3.48238693411383,0.0,2.5219219344944284,-1.8841056121267927,0.0,0.1729072631980554,0.301106036869958,0.9392315502144786,0.8602479119603493,1.1145293779433016,1.036087440057294,30.0,0.0,0.0020065250911484,0.727625,0.5902048975512244,0.8025987006496752,0.7146426786606698,49.0,0.1430867736315684,0.0938146492813726,0.0,0.05875,0.0,0.0614386950786761,0.0699180292431506,0.4444444444444444,0.2567364022629311,0.4696028664622415,0.6163287392214648,0,36.0,140.0,104.0,0.4696028664622415,0.5429658028418531,36.0,799,36.0,0.972027972027972,False
BNDM,ForestCovertype,490,0.66,9708,0.558139534883721,0.0616763559978301,0,136,964,3187,7.476,4,0.573,54.0,13.272526689665506,7.0,2.0,0.6970056904918152,413.5,0.7805185185185185,0.2592592592592592,168.25063888888891,0.000125,0.0,0.2703293785712328,40.5925925925926,2000.0,0.0,1.0,-3.48238693411383,0.0,2.5219219344944284,-1.8841056121267927,0.0,0.1729072631980554,0.301106036869958,0.9392315502144786,0.8602479119603493,1.1145293779433016,1.036087440057294,30.0,0.0,0.0020065250911484,0.727625,0.5902048975512244,0.8025987006496752,0.7146426786606698,49.0,0.1430867736315684,0.0938146492813726,0.0,0.05875,0.0,0.0614386950786761,0.0699180292431506,0.4444444444444444,0.2567364022629311,0.46441887626262635,0.6409628980149762,0,36.0,136.0,100.0,0.46441887626262635,0.5526908871388012,36.0,800,36.0,0.9440559440559441,False
BNDM,ForestCovertype,836,0.67,486,0.5813953488372094,0.5475178976660593,0,54,3352,4200,3.389,6,0.451,54.0,13.272526689665506,7.0,2.0,0.6970056904918152,413.5,0.7805185185185185,0.2592592592592592,168.25063888888891,0.000125,0.0,0.2703293785712328,40.5925925925926,2000.0,0.0,1.0,-3.48238693411383,0.0,2.5219219344944284,-1.8841056121267927,0.0,0.1729072631980554,0.301106036869958,0.9392315502144786,0.8602479119603493,1.1145293779433016,1.036087440057294,30.0,0.0,0.0020065250911484,0.727625,0.5902048975512244,0.8025987006496752,0.7146426786606698,49.0,0.1430867736315684,0.0938146492813726,0.0,0.05875,0.0,0.0614386950786761,0.0699180292431506,0.4444444444444444,0.2567364022629311,0.46412308351370807,0.6427379641459436,0,36.0,54.0,18.0,0.46412308351370807,0.5534305238298258,36.0,801,36.0,0.3706293706293706,False
BNDM,ForestCovertype,823,0.67,206,0.5813953488372094,0.6864162396843723,0,45,1789,3682,2.911,6,0.924,54.0,13.272526689665506,7.0,2.0,0.6970056904918152,413.5,0.7805185185185185,0.2592592592592592,168.25063888888891,0.000125,0.0,0.2703293785712328,40.5925925925926,2000.0,0.0,1.0,-3.48238693411383,0.0,2.5219219344944284,-1.8841056121267927,0.0,0.1729072631980554,0.301106036869958,0.9392315502144786,0.8602479119603493,1.1145293779433016,1.036087440057294,30.0,0.0,0.0020065250911484,0.727625,0.5902048975512244,0.8025987006496752,0.7146426786606698,49.0,0.1430867736315684,0.0938146492813726,0.0,0.05875,0.0,0.0614386950786761,0.0699180292431506,0.4444444444444444,0.2567364022629311,0.46184030784030755,0.645476303272618,0,36.0,45.0,9.0,0.46184030784030755,0.5536583055564628,36.0,802,36.0,0.3076923076923077,False
BNDM,ForestCovertype,227,0.67,5259,0.5813953488372094,0.1611846850581637,0,85,2794,3335,4.706,5,0.387,54.0,13.272526689665506,7.0,2.0,0.6970056904918152,413.5,0.7805185185185185,0.2592592592592592,168.25063888888891,0.000125,0.0,0.2703293785712328,40.5925925925926,2000.0,0.0,1.0,-3.48238693411383,0.0,2.5219219344944284,-1.8841056121267927,0.0,0.1729072631980554,0.301106036869958,0.9392315502144786,0.8602479119603493,1.1145293779433016,1.036087440057294,30.0,0.0,0.0020065250911484,0.727625,0.5902048975512244,0.8025987006496752,0.7146426786606698,49.0,0.1430867736315684,0.0938146492813726,0.0,0.05875,0.0,0.0614386950786761,0.0699180292431506,0.4444444444444444,0.2567364022629311,0.4609309012746516,0.6529965709646794,0,36.0,85.0,49.0,0.4609309012746516,0.5569637361196655,36.0,803,36.0,0.5874125874125874,False
BNDM,ForestCovertype,271,0.66,618,0.558139534883721,0.5085795306778343,0,88,1286,4166,9.906,3,0.65,54.0,13.272526689665506,7.0,2.0,0.6970056904918152,413.5,0.7805185185185185,0.2592592592592592,168.25063888888891,0.000125,0.0,0.2703293785712328,40.5925925925926,2000.0,0.0,1.0,-3.48238693411383,0.0,2.5219219344944284,-1.8841056121267927,0.0,0.1729072631980554,0.301106036869958,0.9392315502144786,0.8602479119603493,1.1145293779433016,1.036087440057294,30.0,0.0,0.0020065250911484,0.727625,0.5902048975512244,0.8025987006496752,0.7146426786606698,49.0,0.1430867736315684,0.0938146492813726,0.0,0.05875,0.0,0.0614386950786761,0.0699180292431506,0.4444444444444444,0.2567364022629311,0.4568104557479555,0.661686975607337,0,36.0,88.0,52.0,0.4568104557479555,0.5592487156776462,36.0,804,36.0,0.6083916083916084,False
BNDM,ForestCovertype,576,0.65,133,0.5348837209302326,0.7570191277427712,0,46,1905,4337,7.186,3,0.871,54.0,13.272526689665506,7.0,2.0,0.6970056904918152,413.5,0.7805185185185185,0.2592592592592592,168.25063888888891,0.000125,0.0,0.2703293785712328,40.5925925925926,2000.0,0.0,1.0,-3.48238693411383,0.0,2.5219219344944284,-1.8841056121267927,0.0,0.1729072631980554,0.301106036869958,0.9392315502144786,0.8602479119603493,1.1145293779433016,1.036087440057294,30.0,0.0,0.0020065250911484,0.727625,0.5902048975512244,0.8025987006496752,0.7146426786606698,49.0,0.1430867736315684,0.0938146492813726,0.0,0.05875,0.0,0.0614386950786761,0.0699180292431506,0.4444444444444444,0.2567364022629311,0.4557702395983646,0.6827386766358653,0,36.0,46.0,10.0,0.4557702395983646,0.569254458117115,36.0,805,36.0,0.3146853146853147,False
BNDM,ForestCovertype,423,0.65,87,0.5348837209302326,0.8252880615564683,0,18,674,3329,1.129,7,0.967,54.0,13.272526689665506,7.0,2.0,0.6970056904918152,413.5,0.7805185185185185,0.2592592592592592,168.25063888888891,0.000125,0.0,0.2703293785712328,40.5925925925926,2000.0,0.0,1.0,-3.48238693411383,0.0,2.5219219344944284,-1.8841056121267927,0.0,0.1729072631980554,0.301106036869958,0.9392315502144786,0.8602479119603493,1.1145293779433016,1.036087440057294,30.0,0.0,0.0020065250911484,0.727625,0.5902048975512244,0.8025987006496752,0.7146426786606698,49.0,0.1430867736315684,0.0938146492813726,0.0,0.05875,0.0,0.0614386950786761,0.0699180292431506,0.4444444444444444,0.2567364022629311,0.45513019330206833,0.6828091330960482,0,36.0,18.0,18.0,0.45513019330206833,0.5689696631990583,36.0,806,36.0,0.11888111888111888,False
BNDM,ForestCovertype,496,0.66,124,0.558139534883721,0.7683067293372027,0,38,430,3224,0.843,7,0.766,54.0,13.272526689665506,7.0,2.0,0.6970056904918152,413.5,0.7805185185185185,0.2592592592592592,168.25063888888891,0.000125,0.0,0.2703293785712328,40.5925925925926,2000.0,0.0,1.0,-3.48238693411383,0.0,2.5219219344944284,-1.8841056121267927,0.0,0.1729072631980554,0.301106036869958,0.9392315502144786,0.8602479119603493,1.1145293779433016,1.036087440057294,30.0,0.0,0.0020065250911484,0.727625,0.5902048975512244,0.8025987006496752,0.7146426786606698,49.0,0.1430867736315684,0.0938146492813726,0.0,0.05875,0.0,0.0614386950786761,0.0699180292431506,0.4444444444444444,0.2567364022629311,0.44280539772727273,0.6916140770582911,0,36.0,38.0,2.0,0.44280539772727273,0.5672097373927819,36.0,807,36.0,0.25874125874125875,False
BNDM,ForestCovertype,678,0.67,5021,0.5813953488372094,0.1687019693049397,0,83,1041,3364,3.433,6,0.288,54.0,13.272526689665506,7.0,2.0,0.6970056904918152,413.5,0.7805185185185185,0.2592592592592592,168.25063888888891,0.000125,0.0,0.2703293785712328,40.5925925925926,2000.0,0.0,1.0,-3.48238693411383,0.0,2.5219219344944284,-1.8841056121267927,0.0,0.1729072631980554,0.301106036869958,0.9392315502144786,0.8602479119603493,1.1145293779433016,1.036087440057294,30.0,0.0,0.0020065250911484,0.727625,0.5902048975512244,0.8025987006496752,0.7146426786606698,49.0,0.1430867736315684,0.0938146492813726,0.0,0.05875,0.0,0.0614386950786761,0.0699180292431506,0.4444444444444444,0.2567364022629311,0.4660946443602691,0.5954460551794383,0,37.0,83.0,46.0,0.4660946443602691,0.5307703497698537,37.0,808,37.0,0.5734265734265734,False
BNDM,ForestCovertype,777,0.66,12511,0.558139534883721,0.0204985657095538,0,139,1379,4255,8.592,6,0.993,54.0,13.272526689665506,7.0,2.0,0.6970056904918152,413.5,0.7805185185185185,0.2592592592592592,168.25063888888891,0.000125,0.0,0.2703293785712328,40.5925925925926,2000.0,0.0,1.0,-3.48238693411383,0.0,2.5219219344944284,-1.8841056121267927,0.0,0.1729072631980554,0.301106036869958,0.9392315502144786,0.8602479119603493,1.1145293779433016,1.036087440057294,30.0,0.0,0.0020065250911484,0.727625,0.5902048975512244,0.8025987006496752,0.7146426786606698,49.0,0.1430867736315684,0.0938146492813726,0.0,0.05875,0.0,0.0614386950786761,0.0699180292431506,0.4444444444444444,0.2567364022629311,0.4643057584776334,0.6104941338041907,0,37.0,139.0,102.0,0.4643057584776334,0.537399946140912,37.0,809,37.0,0.965034965034965,False
BNDM,ForestCovertype,463,0.64,2487,0.5116279069767442,0.2827288012492618,0,110,3455,4977,2.394,10,0.965,54.0,13.272526689665506,7.0,2.0,0.6970056904918152,413.5,0.7805185185185185,0.2592592592592592,168.25063888888891,0.000125,0.0,0.2703293785712328,40.5925925925926,2000.0,0.0,1.0,-3.48238693411383,0.0,2.5219219344944284,-1.8841056121267927,0.0,0.1729072631980554,0.301106036869958,0.9392315502144786,0.8602479119603493,1.1145293779433016,1.036087440057294,30.0,0.0,0.0020065250911484,0.727625,0.5902048975512244,0.8025987006496752,0.7146426786606698,49.0,0.1430867736315684,0.0938146492813726,0.0,0.05875,0.0,0.0614386950786761,0.0699180292431506,0.4444444444444444,0.2567364022629311,0.46015555856180856,0.6328773872132942,0,37.0,110.0,73.0,0.46015555856180856,0.5465164728875513,37.0,810,37.0,0.7622377622377622,False
BNDM,ForestCovertype,858,0.67,7826,0.5813953488372094,0.096658699643463,0,88,2940,3326,7.023,5,0.176,54.0,13.272526689665506,7.0,2.0,0.6970056904918152,413.5,0.7805185185185185,0.2592592592592592,168.25063888888891,0.000125,0.0,0.2703293785712328,40.5925925925926,2000.0,0.0,1.0,-3.48238693411383,0.0,2.5219219344944284,-1.8841056121267927,0.0,0.1729072631980554,0.301106036869958,0.9392315502144786,0.8602479119603493,1.1145293779433016,1.036087440057294,30.0,0.0,0.0020065250911484,0.727625,0.5902048975512244,0.8025987006496752,0.7146426786606698,49.0,0.1430867736315684,0.0938146492813726,0.0,0.05875,0.0,0.0614386950786761,0.0699180292431506,0.4444444444444444,0.2567364022629311,0.4600836023929776,0.6335282530794754,0,37.0,88.0,51.0,0.4600836023929776,0.5468059277362265,37.0,811,37.0,0.6083916083916084,False
BNDM,ForestCovertype,666,0.67,2076,0.5813953488372094,0.3120419631289729,0,70,2696,3500,8.343,4,0.77,54.0,13.272526689665506,7.0,2.0,0.6970056904918152,413.5,0.7805185185185185,0.2592592592592592,168.25063888888891,0.000125,0.0,0.2703293785712328,40.5925925925926,2000.0,0.0,1.0,-3.48238693411383,0.0,2.5219219344944284,-1.8841056121267927,0.0,0.1729072631980554,0.301106036869958,0.9392315502144786,0.8602479119603493,1.1145293779433016,1.036087440057294,30.0,0.0,0.0020065250911484,0.727625,0.5902048975512244,0.8025987006496752,0.7146426786606698,49.0,0.1430867736315684,0.0938146492813726,0.0,0.05875,0.0,0.0614386950786761,0.0699180292431506,0.4444444444444444,0.2567364022629311,0.45907153379028387,0.6435785109791354,0,37.0,70.0,33.0,0.45907153379028387,0.5513250223847097,37.0,812,37.0,0.4825174825174825,False
BNDM,ForestCovertype,638,0.65,96,0.5348837209302326,0.8094793025496185,0,26,1352,4223,1.139,6,0.538,54.0,13.272526689665506,7.0,2.0,0.6970056904918152,413.5,0.7805185185185185,0.2592592592592592,168.25063888888891,0.000125,0.0,0.2703293785712328,40.5925925925926,2000.0,0.0,1.0,-3.48238693411383,0.0,2.5219219344944284,-1.8841056121267927,0.0,0.1729072631980554,0.301106036869958,0.9392315502144786,0.8602479119603493,1.1145293779433016,1.036087440057294,30.0,0.0,0.0020065250911484,0.727625,0.5902048975512244,0.8025987006496752,0.7146426786606698,49.0,0.1430867736315684,0.0938146492813726,0.0,0.05875,0.0,0.0614386950786761,0.0699180292431506,0.4444444444444444,0.2567364022629311,0.45730870009620017,0.6510071620938898,0,37.0,26.0,11.0,0.45730870009620017,0.554157931095045,37.0,813,37.0,0.17482517482517482,False
BNDM,ForestCovertype,295,0.66,117,0.558139534883721,0.7776628533741432,0,34,1750,4063,2.343,6,0.413,54.0,13.272526689665506,7.0,2.0,0.6970056904918152,413.5,0.7805185185185185,0.2592592592592592,168.25063888888891,0.000125,0.0,0.2703293785712328,40.5925925925926,2000.0,0.0,1.0,-3.48238693411383,0.0,2.5219219344944284,-1.8841056121267927,0.0,0.1729072631980554,0.301106036869958,0.9392315502144786,0.8602479119603493,1.1145293779433016,1.036087440057294,30.0,0.0,0.0020065250911484,0.727625,0.5902048975512244,0.8025987006496752,0.7146426786606698,49.0,0.1430867736315684,0.0938146492813726,0.0,0.05875,0.0,0.0614386950786761,0.0699180292431506,0.4444444444444444,0.2567364022629311,0.4537452846921599,0.6646054311760548,0,37.0,34.0,3.0,0.4537452846921599,0.5591753579341073,37.0,814,37.0,0.23076923076923078,False
BNDM,ForestCovertype,627,0.64,149,0.5116279069767442,0.7387067057378824,0,55,1552,4607,3.118,5,0.004,54.0,13.272526689665506,7.0,2.0,0.6970056904918152,413.5,0.7805185185185185,0.2592592592592592,168.25063888888891,0.000125,0.0,0.2703293785712328,40.5925925925926,2000.0,0.0,1.0,-3.48238693411383,0.0,2.5219219344944284,-1.8841056121267927,0.0,0.1729072631980554,0.301106036869958,0.9392315502144786,0.8602479119603493,1.1145293779433016,1.036087440057294,30.0,0.0,0.0020065250911484,0.727625,0.5902048975512244,0.8025987006496752,0.7146426786606698,49.0,0.1430867736315684,0.0938146492813726,0.0,0.05875,0.0,0.0614386950786761,0.0699180292431506,0.4444444444444444,0.2567364022629311,0.4449302549302549,0.6767530883598812,0,37.0,55.0,18.0,0.4449302549302549,0.560841671645068,37.0,815,37.0,0.3776223776223776,False
BNDM,ForestCovertype,868,0.66,84,0.558139534883721,0.8309192845070129,0,10,1015,4299,1.817,5,0.015,54.0,13.272526689665506,7.0,2.0,0.6970056904918152,413.5,0.7805185185185185,0.2592592592592592,168.25063888888891,0.000125,0.0,0.2703293785712328,40.5925925925926,2000.0,0.0,1.0,-3.48238693411383,0.0,2.5219219344944284,-1.8841056121267927,0.0,0.1729072631980554,0.301106036869958,0.9392315502144786,0.8602479119603493,1.1145293779433016,1.036087440057294,30.0,0.0,0.0020065250911484,0.727625,0.5902048975512244,0.8025987006496752,0.7146426786606698,49.0,0.1430867736315684,0.0938146492813726,0.0,0.05875,0.0,0.0614386950786761,0.0699180292431506,0.4444444444444444,0.2567364022629311,0.4424614523208274,0.6874079942148021,0,37.0,10.0,27.0,0.4424614523208274,0.5649347232678148,37.0,816,37.0,0.06293706293706294,False
BNDM,ForestCovertype,526,0.65,75,0.5348837209302326,0.8490892311610367,0,13,1008,4797,8.353,2,0.356,54.0,13.272526689665506,7.0,2.0,0.6970056904918152,413.5,0.7805185185185185,0.2592592592592592,168.25063888888891,0.000125,0.0,0.2703293785712328,40.5925925925926,2000.0,0.0,1.0,-3.48238693411383,0.0,2.5219219344944284,-1.8841056121267927,0.0,0.1729072631980554,0.301106036869958,0.9392315502144786,0.8602479119603493,1.1145293779433016,1.036087440057294,30.0,0.0,0.0020065250911484,0.727625,0.5902048975512244,0.8025987006496752,0.7146426786606698,49.0,0.1430867736315684,0.0938146492813726,0.0,0.05875,0.0,0.0614386950786761,0.0699180292431506,0.4444444444444444,0.2567364022629311,0.43004885912698426,0.6874466267392787,0,37.0,13.0,24.0,0.43004885912698426,0.5587477429331315,37.0,817,37.0,0.08391608391608392,False
BNDM,ForestCovertype,431,0.62,74,0.4651162790697675,0.8512396023583496,0,16,881,4683,2.45,5,0.692,54.0,13.272526689665506,7.0,2.0,0.6970056904918152,413.5,0.7805185185185185,0.2592592592592592,168.25063888888891,0.000125,0.0,0.2703293785712328,40.5925925925926,2000.0,0.0,1.0,-3.48238693411383,0.0,2.5219219344944284,-1.8841056121267927,0.0,0.1729072631980554,0.301106036869958,0.9392315502144786,0.8602479119603493,1.1145293779433016,1.036087440057294,30.0,0.0,0.0020065250911484,0.727625,0.5902048975512244,0.8025987006496752,0.7146426786606698,49.0,0.1430867736315684,0.0938146492813726,0.0,0.05875,0.0,0.0614386950786761,0.0699180292431506,0.4444444444444444,0.2567364022629311,0.4142081529581528,0.688675237801172,0,37.0,16.0,21.0,0.4142081529581528,0.5514416953796624,37.0,818,37.0,0.1048951048951049,False
BNDM,ForestCovertype,737,0.62,40,0.4651162790697675,0.9492857662490926,0,3,158,4270,1.239,5,0.185,54.0,13.272526689665506,7.0,2.0,0.6970056904918152,413.5,0.7805185185185185,0.2592592592592592,168.25063888888891,0.000125,0.0,0.2703293785712328,40.5925925925926,2000.0,0.0,1.0,-3.48238693411383,0.0,2.5219219344944284,-1.8841056121267927,0.0,0.1729072631980554,0.301106036869958,0.9392315502144786,0.8602479119603493,1.1145293779433016,1.036087440057294,30.0,0.0,0.0020065250911484,0.727625,0.5902048975512244,0.8025987006496752,0.7146426786606698,49.0,0.1430867736315684,0.0938146492813726,0.0,0.05875,0.0,0.0614386950786761,0.0699180292431506,0.4444444444444444,0.2567364022629311,0.3837453027296778,0.6910103057789577,0,37.0,3.0,34.0,0.3837453027296778,0.5373778042543178,37.0,819,37.0,0.013986013986013986,False
BNDM,ForestCovertype,591,0.66,1280,0.558139534883721,0.3905033579706087,0,102,1984,4084,3.724,7,0.018,54.0,13.272526689665506,7.0,2.0,0.6970056904918152,413.5,0.7805185185185185,0.2592592592592592,168.25063888888891,0.000125,0.0,0.2703293785712328,40.5925925925926,2000.0,0.0,1.0,-3.48238693411383,0.0,2.5219219344944284,-1.8841056121267927,0.0,0.1729072631980554,0.301106036869958,0.9392315502144786,0.8602479119603493,1.1145293779433016,1.036087440057294,30.0,0.0,0.0020065250911484,0.727625,0.5902048975512244,0.8025987006496752,0.7146426786606698,49.0,0.1430867736315684,0.0938146492813726,0.0,0.05875,0.0,0.0614386950786761,0.0699180292431506,0.4444444444444444,0.2567364022629311,0.46402065295815287,0.5908089393869123,0,38.0,102.0,64.0,0.46402065295815287,0.5274147961725326,38.0,820,38.0,0.7062937062937062,False
BNDM,ForestCovertype,646,0.64,1676,0.5116279069767442,0.3467716999545678,0,106,3231,4592,5.997,6,0.952,54.0,13.272526689665506,7.0,2.0,0.6970056904918152,413.5,0.7805185185185185,0.2592592592592592,168.25063888888891,0.000125,0.0,0.2703293785712328,40.5925925925926,2000.0,0.0,1.0,-3.48238693411383,0.0,2.5219219344944284,-1.8841056121267927,0.0,0.1729072631980554,0.301106036869958,0.9392315502144786,0.8602479119603493,1.1145293779433016,1.036087440057294,30.0,0.0,0.0020065250911484,0.727625,0.5902048975512244,0.8025987006496752,0.7146426786606698,49.0,0.1430867736315684,0.0938146492813726,0.0,0.05875,0.0,0.0614386950786761,0.0699180292431506,0.4444444444444444,0.2567364022629311,0.458759266774892,0.625749803748705,0,38.0,106.0,68.0,0.458759266774892,0.5422545352617985,38.0,821,38.0,0.7342657342657343,False
BNDM,ForestCovertype,437,0.66,8894,0.558139534883721,0.075892423491031,0,132,877,3733,0.626,9,0.326,54.0,13.272526689665506,7.0,2.0,0.6970056904918152,413.5,0.7805185185185185,0.2592592592592592,168.25063888888891,0.000125,0.0,0.2703293785712328,40.5925925925926,2000.0,0.0,1.0,-3.48238693411383,0.0,2.5219219344944284,-1.8841056121267927,0.0,0.1729072631980554,0.301106036869958,0.9392315502144786,0.8602479119603493,1.1145293779433016,1.036087440057294,30.0,0.0,0.0020065250911484,0.727625,0.5902048975512244,0.8025987006496752,0.7146426786606698,49.0,0.1430867736315684,0.0938146492813726,0.0,0.05875,0.0,0.0614386950786761,0.0699180292431506,0.4444444444444444,0.2567364022629311,0.4565089811808559,0.6317654281592572,0,38.0,132.0,94.0,0.4565089811808559,0.5441372046700566,38.0,822,38.0,0.916083916083916,False
BNDM,ForestCovertype,284,0.66,486,0.558139534883721,0.5475178976660593,0,80,3288,4938,6.815,5,0.599,54.0,13.272526689665506,7.0,2.0,0.6970056904918152,413.5,0.7805185185185185,0.2592592592592592,168.25063888888891,0.000125,0.0,0.2703293785712328,40.5925925925926,2000.0,0.0,1.0,-3.48238693411383,0.0,2.5219219344944284,-1.8841056121267927,0.0,0.1729072631980554,0.301106036869958,0.9392315502144786,0.8602479119603493,1.1145293779433016,1.036087440057294,30.0,0.0,0.0020065250911484,0.727625,0.5902048975512244,0.8025987006496752,0.7146426786606698,49.0,0.1430867736315684,0.0938146492813726,0.0,0.05875,0.0,0.0614386950786761,0.0699180292431506,0.4444444444444444,0.2567364022629311,0.45545202020201986,0.6368820363038022,0,38.0,80.0,42.0,0.45545202020201986,0.5461670282529111,38.0,823,38.0,0.5524475524475524,False
BNDM,ForestCovertype,497,0.64,111,0.5116279069767442,0.7861352444208196,0,34,3153,4455,4.424,4,0.161,54.0,13.272526689665506,7.0,2.0,0.6970056904918152,413.5,0.7805185185185185,0.2592592592592592,168.25063888888891,0.000125,0.0,0.2703293785712328,40.5925925925926,2000.0,0.0,1.0,-3.48238693411383,0.0,2.5219219344944284,-1.8841056121267927,0.0,0.1729072631980554,0.301106036869958,0.9392315502144786,0.8602479119603493,1.1145293779433016,1.036087440057294,30.0,0.0,0.0020065250911484,0.727625,0.5902048975512244,0.8025987006496752,0.7146426786606698,49.0,0.1430867736315684,0.0938146492813726,0.0,0.05875,0.0,0.0614386950786761,0.0699180292431506,0.4444444444444444,0.2567364022629311,0.4476869288119288,0.6482124396821802,0,38.0,34.0,4.0,0.4476869288119288,0.5479496842470545,38.0,824,38.0,0.23076923076923078,False
BNDM,ForestCovertype,566,0.64,98,0.5116279069767442,0.8061659089359279,0,28,2838,4819,9.024,4,0.088,54.0,13.272526689665506,7.0,2.0,0.6970056904918152,413.5,0.7805185185185185,0.2592592592592592,168.25063888888891,0.000125,0.0,0.2703293785712328,40.5925925925926,2000.0,0.0,1.0,-3.48238693411383,0.0,2.5219219344944284,-1.8841056121267927,0.0,0.1729072631980554,0.301106036869958,0.9392315502144786,0.8602479119603493,1.1145293779433016,1.036087440057294,30.0,0.0,0.0020065250911484,0.727625,0.5902048975512244,0.8025987006496752,0.7146426786606698,49.0,0.1430867736315684,0.0938146492813726,0.0,0.05875,0.0,0.0614386950786761,0.0699180292431506,0.4444444444444444,0.2567364022629311,0.44713467261904755,0.6528919193202597,0,38.0,28.0,10.0,0.44713467261904755,0.5500132959696536,38.0,825,38.0,0.1888111888111888,False
BNDM,ForestCovertype,885,0.66,6172,0.558139534883721,0.1351998273503226,0,126,635,3385,8.571,4,0.795,54.0,13.272526689665506,7.0,2.0,0.6970056904918152,413.5,0.7805185185185185,0.2592592592592592,168.25063888888891,0.000125,0.0,0.2703293785712328,40.5925925925926,2000.0,0.0,1.0,-3.48238693411383,0.0,2.5219219344944284,-1.8841056121267927,0.0,0.1729072631980554,0.301106036869958,0.9392315502144786,0.8602479119603493,1.1145293779433016,1.036087440057294,30.0,0.0,0.0020065250911484,0.727625,0.5902048975512244,0.8025987006496752,0.7146426786606698,49.0,0.1430867736315684,0.0938146492813726,0.0,0.05875,0.0,0.0614386950786761,0.0699180292431506,0.4444444444444444,0.2567364022629311,0.44651958573833556,0.6574411979722403,0,38.0,126.0,88.0,0.44651958573833556,0.5519803918552879,38.0,826,38.0,0.8741258741258742,False
BNDM,ForestCovertype,785,0.66,258,0.558139534883721,0.6500319538592211,0,72,1376,4773,9.937,4,0.875,54.0,13.272526689665506,7.0,2.0,0.6970056904918152,413.5,0.7805185185185185,0.2592592592592592,168.25063888888891,0.000125,0.0,0.2703293785712328,40.5925925925926,2000.0,0.0,1.0,-3.48238693411383,0.0,2.5219219344944284,-1.8841056121267927,0.0,0.1729072631980554,0.301106036869958,0.9392315502144786,0.8602479119603493,1.1145293779433016,1.036087440057294,30.0,0.0,0.0020065250911484,0.727625,0.5902048975512244,0.8025987006496752,0.7146426786606698,49.0,0.1430867736315684,0.0938146492813726,0.0,0.05875,0.0,0.0614386950786761,0.0699180292431506,0.4444444444444444,0.2567364022629311,0.44433131162818645,0.6579534181560492,0,38.0,72.0,34.0,0.44433131162818645,0.5511423648921179,38.0,827,38.0,0.4965034965034965,False
BNDM,ForestCovertype,782,0.66,455,0.558139534883721,0.5581959132995988,0,79,1581,4055,3.564,5,0.352,54.0,13.272526689665506,7.0,2.0,0.6970056904918152,413.5,0.7805185185185185,0.2592592592592592,168.25063888888891,0.000125,0.0,0.2703293785712328,40.5925925925926,2000.0,0.0,1.0,-3.48238693411383,0.0,2.5219219344944284,-1.8841056121267927,0.0,0.1729072631980554,0.301106036869958,0.9392315502144786,0.8602479119603493,1.1145293779433016,1.036087440057294,30.0,0.0,0.0020065250911484,0.727625,0.5902048975512244,0.8025987006496752,0.7146426786606698,49.0,0.1430867736315684,0.0938146492813726,0.0,0.05875,0.0,0.0614386950786761,0.0699180292431506,0.4444444444444444,0.2567364022629311,0.4407070271164023,0.6615816980889003,0,38.0,79.0,41.0,0.4407070271164023,0.5511443626026513,38.0,828,38.0,0.5454545454545454,False
BNDM,ForestCovertype,778,0.66,12870,0.558139534883721,0.0159059036332895,0,140,450,2726,7.247,4,0.795,54.0,13.272526689665506,7.0,2.0,0.6970056904918152,413.5,0.7805185185185185,0.2592592592592592,168.25063888888891,0.000125,0.0,0.2703293785712328,40.5925925925926,2000.0,0.0,1.0,-3.48238693411383,0.0,2.5219219344944284,-1.8841056121267927,0.0,0.1729072631980554,0.301106036869958,0.9392315502144786,0.8602479119603493,1.1145293779433016,1.036087440057294,30.0,0.0,0.0020065250911484,0.727625,0.5902048975512244,0.8025987006496752,0.7146426786606698,49.0,0.1430867736315684,0.0938146492813726,0.0,0.05875,0.0,0.0614386950786761,0.0699180292431506,0.4444444444444444,0.2567364022629311,0.43760243807118787,0.6871059116034423,0,38.0,140.0,102.0,0.43760243807118787,0.5623541748373151,38.0,829,38.0,0.972027972027972,False
BNDM,ForestCovertype,573,0.65,12244,0.5348837209302326,0.0240005493744682,0,142,3029,3858,7.106,7,0.622,54.0,13.272526689665506,7.0,2.0,0.6970056904918152,413.5,0.7805185185185185,0.2592592592592592,168.25063888888891,0.000125,0.0,0.2703293785712328,40.5925925925926,2000.0,0.0,1.0,-3.48238693411383,0.0,2.5219219344944284,-1.8841056121267927,0.0,0.1729072631980554,0.301106036869958,0.9392315502144786,0.8602479119603493,1.1145293779433016,1.036087440057294,30.0,0.0,0.0020065250911484,0.727625,0.5902048975512244,0.8025987006496752,0.7146426786606698,49.0,0.1430867736315684,0.0938146492813726,0.0,0.05875,0.0,0.0614386950786761,0.0699180292431506,0.4444444444444444,0.2567364022629311,0.46382722312409813,0.5367871418530605,0,39.0,142.0,103.0,0.46382722312409813,0.5003071824885793,39.0,830,39.0,0.986013986013986,False
BNDM,ForestCovertype,543,0.66,11815,0.558139534883721,0.0297904842421291,0,138,1811,3966,2.705,9,0.575,54.0,13.272526689665506,7.0,2.0,0.6970056904918152,413.5,0.7805185185185185,0.2592592592592592,168.25063888888891,0.000125,0.0,0.2703293785712328,40.5925925925926,2000.0,0.0,1.0,-3.48238693411383,0.0,2.5219219344944284,-1.8841056121267927,0.0,0.1729072631980554,0.301106036869958,0.9392315502144786,0.8602479119603493,1.1145293779433016,1.036087440057294,30.0,0.0,0.0020065250911484,0.727625,0.5902048975512244,0.8025987006496752,0.7146426786606698,49.0,0.1430867736315684,0.0938146492813726,0.0,0.05875,0.0,0.0614386950786761,0.0699180292431506,0.4444444444444444,0.2567364022629311,0.4593407821840857,0.5437721759150367,0,39.0,138.0,99.0,0.4593407821840857,0.5015564790495612,39.0,831,39.0,0.958041958041958,False
BNDM,ForestCovertype,516,0.63,2705,0.4883720930232558,0.2690925876819687,0,112,1475,4472,6.541,7,0.858,54.0,13.272526689665506,7.0,2.0,0.6970056904918152,413.5,0.7805185185185185,0.2592592592592592,168.25063888888891,0.000125,0.0,0.2703293785712328,40.5925925925926,2000.0,0.0,1.0,-3.48238693411383,0.0,2.5219219344944284,-1.8841056121267927,0.0,0.1729072631980554,0.301106036869958,0.9392315502144786,0.8602479119603493,1.1145293779433016,1.036087440057294,30.0,0.0,0.0020065250911484,0.727625,0.5902048975512244,0.8025987006496752,0.7146426786606698,49.0,0.1430867736315684,0.0938146492813726,0.0,0.05875,0.0,0.0614386950786761,0.0699180292431506,0.4444444444444444,0.2567364022629311,0.45631460437710464,0.5486529951528518,0,39.0,112.0,73.0,0.45631460437710464,0.5024837997649783,39.0,832,39.0,0.7762237762237763,False
BNDM,ForestCovertype,453,0.66,5296,0.558139534883721,0.1600466726084666,0,123,1263,3651,2.567,8,0.733,54.0,13.272526689665506,7.0,2.0,0.6970056904918152,413.5,0.7805185185185185,0.2592592592592592,168.25063888888891,0.000125,0.0,0.2703293785712328,40.5925925925926,2000.0,0.0,1.0,-3.48238693411383,0.0,2.5219219344944284,-1.8841056121267927,0.0,0.1729072631980554,0.301106036869958,0.9392315502144786,0.8602479119603493,1.1145293779433016,1.036087440057294,30.0,0.0,0.0020065250911484,0.727625,0.5902048975512244,0.8025987006496752,0.7146426786606698,49.0,0.1430867736315684,0.0938146492813726,0.0,0.05875,0.0,0.0614386950786761,0.0699180292431506,0.4444444444444444,0.2567364022629311,0.4557065596440598,0.5915314153349973,0,39.0,123.0,84.0,0.4557065596440598,0.5236189874895285,39.0,833,39.0,0.8531468531468531,False
BNDM,ForestCovertype,427,0.63,105,0.4883720930232558,0.7950742351394693,0,31,3307,4478,3.515,6,0.875,54.0,13.272526689665506,7.0,2.0,0.6970056904918152,413.5,0.7805185185185185,0.2592592592592592,168.25063888888891,0.000125,0.0,0.2703293785712328,40.5925925925926,2000.0,0.0,1.0,-3.48238693411383,0.0,2.5219219344944284,-1.8841056121267927,0.0,0.1729072631980554,0.301106036869958,0.9392315502144786,0.8602479119603493,1.1145293779433016,1.036087440057294,30.0,0.0,0.0020065250911484,0.727625,0.5902048975512244,0.8025987006496752,0.7146426786606698,49.0,0.1430867736315684,0.0938146492813726,0.0,0.05875,0.0,0.0614386950786761,0.0699180292431506,0.4444444444444444,0.2567364022629311,0.4531651485088982,0.6278224921651618,0,39.0,31.0,8.0,0.4531651485088982,0.54049382033703,39.0,834,39.0,0.2097902097902098,False
BNDM,ForestCovertype,852,0.66,5654,0.558139534883721,0.1494290232597406,0,124,2504,3421,6.292,5,0.559,54.0,13.272526689665506,7.0,2.0,0.6970056904918152,413.5,0.7805185185185185,0.2592592592592592,168.25063888888891,0.000125,0.0,0.2703293785712328,40.5925925925926,2000.0,0.0,1.0,-3.48238693411383,0.0,2.5219219344944284,-1.8841056121267927,0.0,0.1729072631980554,0.301106036869958,0.9392315502144786,0.8602479119603493,1.1145293779433016,1.036087440057294,30.0,0.0,0.0020065250911484,0.727625,0.5902048975512244,0.8025987006496752,0.7146426786606698,49.0,0.1430867736315684,0.0938146492813726,0.0,0.05875,0.0,0.0614386950786761,0.0699180292431506,0.4444444444444444,0.2567364022629311,0.44481736261423777,0.6414173740329365,0,39.0,124.0,85.0,0.44481736261423777,0.5431173683235871,39.0,835,39.0,0.8601398601398601,False
BNDM,ForestCovertype,412,0.66,2414,0.558139534883721,0.2875635854423578,0,107,1213,3739,6.276,4,0.072,54.0,13.272526689665506,7.0,2.0,0.6970056904918152,413.5,0.7805185185185185,0.2592592592592592,168.25063888888891,0.000125,0.0,0.2703293785712328,40.5925925925926,2000.0,0.0,1.0,-3.48238693411383,0.0,2.5219219344944284,-1.8841056121267927,0.0,0.1729072631980554,0.301106036869958,0.9392315502144786,0.8602479119603493,1.1145293779433016,1.036087440057294,30.0,0.0,0.0020065250911484,0.727625,0.5902048975512244,0.8025987006496752,0.7146426786606698,49.0,0.1430867736315684,0.0938146492813726,0.0,0.05875,0.0,0.0614386950786761,0.0699180292431506,0.4444444444444444,0.2567364022629311,0.4431567159692159,0.6487620797532584,0,39.0,107.0,68.0,0.4431567159692159,0.5459593978612372,39.0,836,39.0,0.7412587412587412,False
BNDM,ForestCovertype,673,0.66,2058,0.558139534883721,0.3134550821734354,0,106,1342,3555,6.604,4,0.378,54.0,13.272526689665506,7.0,2.0,0.6970056904918152,413.5,0.7805185185185185,0.2592592592592592,168.25063888888891,0.000125,0.0,0.2703293785712328,40.5925925925926,2000.0,0.0,1.0,-3.48238693411383,0.0,2.5219219344944284,-1.8841056121267927,0.0,0.1729072631980554,0.301106036869958,0.9392315502144786,0.8602479119603493,1.1145293779433016,1.036087440057294,30.0,0.0,0.0020065250911484,0.727625,0.5902048975512244,0.8025987006496752,0.7146426786606698,49.0,0.1430867736315684,0.0938146492813726,0.0,0.05875,0.0,0.0614386950786761,0.0699180292431506,0.4444444444444444,0.2567364022629311,0.44203078403078394,0.6559448794708029,0,39.0,106.0,67.0,0.44203078403078394,0.5489878317507935,39.0,837,39.0,0.7342657342657343,False
BNDM,ForestCovertype,780,0.65,445,0.5348837209302326,0.561795853518745,0,80,2542,4104,7.68,3,0.15,54.0,13.272526689665506,7.0,2.0,0.6970056904918152,413.5,0.7805185185185185,0.2592592592592592,168.25063888888891,0.000125,0.0,0.2703293785712328,40.5925925925926,2000.0,0.0,1.0,-3.48238693411383,0.0,2.5219219344944284,-1.8841056121267927,0.0,0.1729072631980554,0.301106036869958,0.9392315502144786,0.8602479119603493,1.1145293779433016,1.036087440057294,30.0,0.0,0.0020065250911484,0.727625,0.5902048975512244,0.8025987006496752,0.7146426786606698,49.0,0.1430867736315684,0.0938146492813726,0.0,0.05875,0.0,0.0614386950786761,0.0699180292431506,0.4444444444444444,0.2567364022629311,0.43647365770803265,0.6857974579013791,0,39.0,80.0,41.0,0.43647365770803265,0.5611355578047059,39.0,838,39.0,0.5524475524475524,False
BNDM,ForestCovertype,772,0.65,11193,0.5348837209302326,0.0385698595239772,0,141,1407,4007,7.477,7,0.144,54.0,13.272526689665506,7.0,2.0,0.6970056904918152,413.5,0.7805185185185185,0.2592592592592592,168.25063888888891,0.000125,0.0,0.2703293785712328,40.5925925925926,2000.0,0.0,1.0,-3.48238693411383,0.0,2.5219219344944284,-1.8841056121267927,0.0,0.1729072631980554,0.301106036869958,0.9392315502144786,0.8602479119603493,1.1145293779433016,1.036087440057294,30.0,0.0,0.0020065250911484,0.727625,0.5902048975512244,0.8025987006496752,0.7146426786606698,49.0,0.1430867736315684,0.0938146492813726,0.0,0.05875,0.0,0.0614386950786761,0.0699180292431506,0.4444444444444444,0.2567364022629311,0.45747902386964884,0.5223143423223501,0,40.0,141.0,101.0,0.45747902386964884,0.48989668309599943,40.0,839,40.0,0.9790209790209791,False
BNDM,ForestCovertype,876,0.66,3853,0.558139534883721,0.2116788966135873,0,117,1723,4383,2.38,9,0.426,54.0,13.272526689665506,7.0,2.0,0.6970056904918152,413.5,0.7805185185185185,0.2592592592592592,168.25063888888891,0.000125,0.0,0.2703293785712328,40.5925925925926,2000.0,0.0,1.0,-3.48238693411383,0.0,2.5219219344944284,-1.8841056121267927,0.0,0.1729072631980554,0.301106036869958,0.9392315502144786,0.8602479119603493,1.1145293779433016,1.036087440057294,30.0,0.0,0.0020065250911484,0.727625,0.5902048975512244,0.8025987006496752,0.7146426786606698,49.0,0.1430867736315684,0.0938146492813726,0.0,0.05875,0.0,0.0614386950786761,0.0699180292431506,0.4444444444444444,0.2567364022629311,0.4541467045025082,0.5623061611113211,0,40.0,117.0,77.0,0.4541467045025082,0.5082264328069147,40.0,840,40.0,0.8111888111888111,False
BNDM,ForestCovertype,495,0.66,2926,0.558139534883721,0.2563470098072922,0,113,2852,4020,2.252,9,0.214,54.0,13.272526689665506,7.0,2.0,0.6970056904918152,413.5,0.7805185185185185,0.2592592592592592,168.25063888888891,0.000125,0.0,0.2703293785712328,40.5925925925926,2000.0,0.0,1.0,-3.48238693411383,0.0,2.5219219344944284,-1.8841056121267927,0.0,0.1729072631980554,0.301106036869958,0.9392315502144786,0.8602479119603493,1.1145293779433016,1.036087440057294,30.0,0.0,0.0020065250911484,0.727625,0.5902048975512244,0.8025987006496752,0.7146426786606698,49.0,0.1430867736315684,0.0938146492813726,0.0,0.05875,0.0,0.0614386950786761,0.0699180292431506,0.4444444444444444,0.2567364022629311,0.4521622625060122,0.5727152563690633,0,40.0,113.0,73.0,0.4521622625060122,0.5124387594375377,40.0,841,40.0,0.7832167832167832,False
BNDM,ForestCovertype,610,0.65,4534,0.5348837209302326,0.1852622516131876,0,120,1033,3788,8.898,4,0.627,54.0,13.272526689665506,7.0,2.0,0.6970056904918152,413.5,0.7805185185185185,0.2592592592592592,168.25063888888891,0.000125,0.0,0.2703293785712328,40.5925925925926,2000.0,0.0,1.0,-3.48238693411383,0.0,2.5219219344944284,-1.8841056121267927,0.0,0.1729072631980554,0.301106036869958,0.9392315502144786,0.8602479119603493,1.1145293779433016,1.036087440057294,30.0,0.0,0.0020065250911484,0.727625,0.5902048975512244,0.8025987006496752,0.7146426786606698,49.0,0.1430867736315684,0.0938146492813726,0.0,0.05875,0.0,0.0614386950786761,0.0699180292431506,0.4444444444444444,0.2567364022629311,0.45032329996392473,0.6137084575714747,0,40.0,120.0,80.0,0.45032329996392473,0.5320158787676997,40.0,842,40.0,0.8321678321678322,False
BNDM,ForestCovertype,133,0.66,288,0.558139534883721,0.6322385454147055,0,74,1633,4299,3.095,7,0.829,54.0,13.272526689665506,7.0,2.0,0.6970056904918152,413.5,0.7805185185185185,0.2592592592592592,168.25063888888891,0.000125,0.0,0.2703293785712328,40.5925925925926,2000.0,0.0,1.0,-3.48238693411383,0.0,2.5219219344944284,-1.8841056121267927,0.0,0.1729072631980554,0.301106036869958,0.9392315502144786,0.8602479119603493,1.1145293779433016,1.036087440057294,30.0,0.0,0.0020065250911484,0.727625,0.5902048975512244,0.8025987006496752,0.7146426786606698,49.0,0.1430867736315684,0.0938146492813726,0.0,0.05875,0.0,0.0614386950786761,0.0699180292431506,0.4444444444444444,0.2567364022629311,0.44788137325637334,0.6165593149197159,0,40.0,74.0,34.0,0.44788137325637334,0.5322203440880446,40.0,843,40.0,0.5104895104895105,False
BNDM,ForestCovertype,676,0.62,2300,0.4651162790697675,0.2954141285017978,0,108,1930,4481,4.115,8,0.999,54.0,13.272526689665506,7.0,2.0,0.6970056904918152,413.5,0.7805185185185185,0.2592592592592592,168.25063888888891,0.000125,0.0,0.2703293785712328,40.5925925925926,2000.0,0.0,1.0,-3.48238693411383,0.0,2.5219219344944284,-1.8841056121267927,0.0,0.1729072631980554,0.301106036869958,0.9392315502144786,0.8602479119603493,1.1145293779433016,1.036087440057294,30.0,0.0,0.0020065250911484,0.727625,0.5902048975512244,0.8025987006496752,0.7146426786606698,49.0,0.1430867736315684,0.0938146492813726,0.0,0.05875,0.0,0.0614386950786761,0.0699180292431506,0.4444444444444444,0.2567364022629311,0.4455590728715729,0.6274291996071014,0,40.0,108.0,68.0,0.4455590728715729,0.5364941362393372,40.0,844,40.0,0.7482517482517482,False
BNDM,ForestCovertype,351,0.66,663,0.558139534883721,0.4971862689829898,0,90,1248,4703,1.018,10,0.789,54.0,13.272526689665506,7.0,2.0,0.6970056904918152,413.5,0.7805185185185185,0.2592592592592592,168.25063888888891,0.000125,0.0,0.2703293785712328,40.5925925925926,2000.0,0.0,1.0,-3.48238693411383,0.0,2.5219219344944284,-1.8841056121267927,0.0,0.1729072631980554,0.301106036869958,0.9392315502144786,0.8602479119603493,1.1145293779433016,1.036087440057294,30.0,0.0,0.0020065250911484,0.727625,0.5902048975512244,0.8025987006496752,0.7146426786606698,49.0,0.1430867736315684,0.0938146492813726,0.0,0.05875,0.0,0.0614386950786761,0.0699180292431506,0.4444444444444444,0.2567364022629311,0.44478445165945196,0.6326842200735551,0,40.0,90.0,50.0,0.44478445165945196,0.5387343358665035,40.0,845,40.0,0.6223776223776224,False
BNDM,ForestCovertype,723,0.66,3845,0.558139534883721,0.2120162487389009,0,116,569,3454,3.875,6,0.014,54.0,13.272526689665506,7.0,2.0,0.6970056904918152,413.5,0.7805185185185185,0.2592592592592592,168.25063888888891,0.000125,0.0,0.2703293785712328,40.5925925925926,2000.0,0.0,1.0,-3.48238693411383,0.0,2.5219219344944284,-1.8841056121267927,0.0,0.1729072631980554,0.301106036869958,0.9392315502144786,0.8602479119603493,1.1145293779433016,1.036087440057294,30.0,0.0,0.0020065250911484,0.727625,0.5902048975512244,0.8025987006496752,0.7146426786606698,49.0,0.1430867736315684,0.0938146492813726,0.0,0.05875,0.0,0.0614386950786761,0.0699180292431506,0.4444444444444444,0.2567364022629311,0.44358916546416527,0.639493043500414,0,40.0,116.0,76.0,0.44358916546416527,0.5415411044822896,40.0,846,40.0,0.8041958041958042,False
BNDM,ForestCovertype,275,0.66,618,0.558139534883721,0.5085795306778343,0,88,1071,3986,7.086,4,0.844,54.0,13.272526689665506,7.0,2.0,0.6970056904918152,413.5,0.7805185185185185,0.2592592592592592,168.25063888888891,0.000125,0.0,0.2703293785712328,40.5925925925926,2000.0,0.0,1.0,-3.48238693411383,0.0,2.5219219344944284,-1.8841056121267927,0.0,0.1729072631980554,0.301106036869958,0.9392315502144786,0.8602479119603493,1.1145293779433016,1.036087440057294,30.0,0.0,0.0020065250911484,0.727625,0.5902048975512244,0.8025987006496752,0.7146426786606698,49.0,0.1430867736315684,0.0938146492813726,0.0,0.05875,0.0,0.0614386950786761,0.0699180292431506,0.4444444444444444,0.2567364022629311,0.4399143894300143,0.6455476374540499,0,40.0,88.0,48.0,0.4399143894300143,0.5427310134420321,40.0,847,40.0,0.6083916083916084,False
BNDM,ForestCovertype,200,0.64,2410,0.5116279069767442,0.2878327121544485,0,109,2396,4053,4.177,6,0.985,54.0,13.272526689665506,7.0,2.0,0.6970056904918152,413.5,0.7805185185185185,0.2592592592592592,168.25063888888891,0.000125,0.0,0.2703293785712328,40.5925925925926,2000.0,0.0,1.0,-3.48238693411383,0.0,2.5219219344944284,-1.8841056121267927,0.0,0.1729072631980554,0.301106036869958,0.9392315502144786,0.8602479119603493,1.1145293779433016,1.036087440057294,30.0,0.0,0.0020065250911484,0.727625,0.5902048975512244,0.8025987006496752,0.7146426786606698,49.0,0.1430867736315684,0.0938146492813726,0.0,0.05875,0.0,0.0614386950786761,0.0699180292431506,0.4444444444444444,0.2567364022629311,0.4390607714045213,0.6481945638238238,0,40.0,109.0,69.0,0.4390607714045213,0.5436276676141726,40.0,848,40.0,0.7552447552447552,False
BNDM,ForestCovertype,816,0.66,134,0.558139534883721,0.7558120541385255,0,45,1959,4505,0.419,7,0.261,54.0,13.272526689665506,7.0,2.0,0.6970056904918152,413.5,0.7805185185185185,0.2592592592592592,168.25063888888891,0.000125,0.0,0.2703293785712328,40.5925925925926,2000.0,0.0,1.0,-3.48238693411383,0.0,2.5219219344944284,-1.8841056121267927,0.0,0.1729072631980554,0.301106036869958,0.9392315502144786,0.8602479119603493,1.1145293779433016,1.036087440057294,30.0,0.0,0.0020065250911484,0.727625,0.5902048975512244,0.8025987006496752,0.7146426786606698,49.0,0.1430867736315684,0.0938146492813726,0.0,0.05875,0.0,0.0614386950786761,0.0699180292431506,0.4444444444444444,0.2567364022629311,0.4350476190476192,0.6761200496570884,0,40.0,45.0,5.0,0.4350476190476192,0.5555838343523538,40.0,849,40.0,0.3076923076923077,False
BNDM,ForestCovertype,730,0.62,698,0.4651162790697675,0.4888465444620952,0,91,2488,4871,8.514,3,0.243,54.0,13.272526689665506,7.0,2.0,0.6970056904918152,413.5,0.7805185185185185,0.2592592592592592,168.25063888888891,0.000125,0.0,0.2703293785712328,40.5925925925926,2000.0,0.0,1.0,-3.48238693411383,0.0,2.5219219344944284,-1.8841056121267927,0.0,0.1729072631980554,0.301106036869958,0.9392315502144786,0.8602479119603493,1.1145293779433016,1.036087440057294,30.0,0.0,0.0020065250911484,0.727625,0.5902048975512244,0.8025987006496752,0.7146426786606698,49.0,0.1430867736315684,0.0938146492813726,0.0,0.05875,0.0,0.0614386950786761,0.0699180292431506,0.4444444444444444,0.2567364022629311,0.42759837211399704,0.6834568998864534,0,40.0,91.0,51.0,0.42759837211399704,0.5555276360002253,40.0,850,40.0,0.6293706293706294,False
BNDM,ForestCovertype,645,0.63,2763,0.4883720930232558,0.2656495563380057,0,113,351,3323,9.891,3,0.124,54.0,13.272526689665506,7.0,2.0,0.6970056904918152,413.5,0.7805185185185185,0.2592592592592592,168.25063888888891,0.000125,0.0,0.2703293785712328,40.5925925925926,2000.0,0.0,1.0,-3.48238693411383,0.0,2.5219219344944284,-1.8841056121267927,0.0,0.1729072631980554,0.301106036869958,0.9392315502144786,0.8602479119603493,1.1145293779433016,1.036087440057294,30.0,0.0,0.0020065250911484,0.727625,0.5902048975512244,0.8025987006496752,0.7146426786606698,49.0,0.1430867736315684,0.0938146492813726,0.0,0.05875,0.0,0.0614386950786761,0.0699180292431506,0.4444444444444444,0.2567364022629311,0.42319383567821023,0.6841657532830442,0,40.0,113.0,73.0,0.42319383567821023,0.5536797944806272,40.0,851,40.0,0.7832167832167832,False
BNDM,ForestCovertype,874,0.63,51,0.4883720930232558,0.9106996186307796,0,7,2351,4925,0.809,7,0.342,54.0,13.272526689665506,7.0,2.0,0.6970056904918152,413.5,0.7805185185185185,0.2592592592592592,168.25063888888891,0.000125,0.0,0.2703293785712328,40.5925925925926,2000.0,0.0,1.0,-3.48238693411383,0.0,2.5219219344944284,-1.8841056121267927,0.0,0.1729072631980554,0.301106036869958,0.9392315502144786,0.8602479119603493,1.1145293779433016,1.036087440057294,30.0,0.0,0.0020065250911484,0.727625,0.5902048975512244,0.8025987006496752,0.7146426786606698,49.0,0.1430867736315684,0.0938146492813726,0.0,0.05875,0.0,0.0614386950786761,0.0699180292431506,0.4444444444444444,0.2567364022629311,0.40823538209475735,0.685608795372233,0,40.0,7.0,33.0,0.40823538209475735,0.5469220887334951,40.0,852,40.0,0.04195804195804196,False
BNDM,ForestCovertype,462,0.65,5282,0.5348837209302326,0.1604763343198267,0,125,1335,4499,6.16,8,0.603,54.0,13.272526689665506,7.0,2.0,0.6970056904918152,413.5,0.7805185185185185,0.2592592592592592,168.25063888888891,0.000125,0.0,0.2703293785712328,40.5925925925926,2000.0,0.0,1.0,-3.48238693411383,0.0,2.5219219344944284,-1.8841056121267927,0.0,0.1729072631980554,0.301106036869958,0.9392315502144786,0.8602479119603493,1.1145293779433016,1.036087440057294,30.0,0.0,0.0020065250911484,0.727625,0.5902048975512244,0.8025987006496752,0.7146426786606698,49.0,0.1430867736315684,0.0938146492813726,0.0,0.05875,0.0,0.0614386950786761,0.0699180292431506,0.4444444444444444,0.2567364022629311,0.45074571394214263,0.5215024628046567,0,41.0,125.0,84.0,0.45074571394214263,0.4861240883733997,41.0,853,41.0,0.8671328671328671,False
BNDM,ForestCovertype,710,0.64,12948,0.5116279069767442,0.0149250059284632,0,143,1898,4686,2.444,12,0.053,54.0,13.272526689665506,7.0,2.0,0.6970056904918152,413.5,0.7805185185185185,0.2592592592592592,168.25063888888891,0.000125,0.0,0.2703293785712328,40.5925925925926,2000.0,0.0,1.0,-3.48238693411383,0.0,2.5219219344944284,-1.8841056121267927,0.0,0.1729072631980554,0.301106036869958,0.9392315502144786,0.8602479119603493,1.1145293779433016,1.036087440057294,30.0,0.0,0.0020065250911484,0.727625,0.5902048975512244,0.8025987006496752,0.7146426786606698,49.0,0.1430867736315684,0.0938146492813726,0.0,0.05875,0.0,0.0614386950786761,0.0699180292431506,0.4444444444444444,0.2567364022629311,0.4484376878908128,0.5236468097734344,0,41.0,143.0,102.0,0.4484376878908128,0.48604224883212355,41.0,854,41.0,0.993006993006993,False
BNDM,ForestCovertype,869,0.66,13112,0.558139534883721,0.01288173539231,0,141,2585,3594,5.15,6,0.306,54.0,13.272526689665506,7.0,2.0,0.6970056904918152,413.5,0.7805185185185185,0.2592592592592592,168.25063888888891,0.000125,0.0,0.2703293785712328,40.5925925925926,2000.0,0.0,1.0,-3.48238693411383,0.0,2.5219219344944284,-1.8841056121267927,0.0,0.1729072631980554,0.301106036869958,0.9392315502144786,0.8602479119603493,1.1145293779433016,1.036087440057294,30.0,0.0,0.0020065250911484,0.727625,0.5902048975512244,0.8025987006496752,0.7146426786606698,49.0,0.1430867736315684,0.0938146492813726,0.0,0.05875,0.0,0.0614386950786761,0.0699180292431506,0.4444444444444444,0.2567364022629311,0.44833561808561795,0.5631053570199075,0,41.0,141.0,100.0,0.44833561808561795,0.5057204875527628,41.0,855,41.0,0.9790209790209791,False
BNDM,ForestCovertype,501,0.65,10051,0.5348837209302326,0.0560398126044828,0,137,1673,3822,7.869,6,0.23,54.0,13.272526689665506,7.0,2.0,0.6970056904918152,413.5,0.7805185185185185,0.2592592592592592,168.25063888888891,0.000125,0.0,0.2703293785712328,40.5925925925926,2000.0,0.0,1.0,-3.48238693411383,0.0,2.5219219344944284,-1.8841056121267927,0.0,0.1729072631980554,0.301106036869958,0.9392315502144786,0.8602479119603493,1.1145293779433016,1.036087440057294,30.0,0.0,0.0020065250911484,0.727625,0.5902048975512244,0.8025987006496752,0.7146426786606698,49.0,0.1430867736315684,0.0938146492813726,0.0,0.05875,0.0,0.0614386950786761,0.0699180292431506,0.4444444444444444,0.2567364022629311,0.447785285894661,0.5676902783268735,0,41.0,137.0,96.0,0.447785285894661,0.5077377821107673,41.0,856,41.0,0.951048951048951,False
BNDM,ForestCovertype,565,0.65,5252,0.5348837209302326,0.1614008849499522,0,124,739,3589,5.145,6,0.978,54.0,13.272526689665506,7.0,2.0,0.6970056904918152,413.5,0.7805185185185185,0.2592592592592592,168.25063888888891,0.000125,0.0,0.2703293785712328,40.5925925925926,2000.0,0.0,1.0,-3.48238693411383,0.0,2.5219219344944284,-1.8841056121267927,0.0,0.1729072631980554,0.301106036869958,0.9392315502144786,0.8602479119603493,1.1145293779433016,1.036087440057294,30.0,0.0,0.0020065250911484,0.727625,0.5902048975512244,0.8025987006496752,0.7146426786606698,49.0,0.1430867736315684,0.0938146492813726,0.0,0.05875,0.0,0.0614386950786761,0.0699180292431506,0.4444444444444444,0.2567364022629311,0.4464544402356902,0.610545642659045,0,41.0,124.0,83.0,0.4464544402356902,0.5285000414473676,41.0,857,41.0,0.8601398601398601,False
BNDM,ForestCovertype,558,0.63,764,0.4883720930232558,0.4741984420250713,0,93,1275,4204,9.594,4,0.323,54.0,13.272526689665506,7.0,2.0,0.6970056904918152,413.5,0.7805185185185185,0.2592592592592592,168.25063888888891,0.000125,0.0,0.2703293785712328,40.5925925925926,2000.0,0.0,1.0,-3.48238693411383,0.0,2.5219219344944284,-1.8841056121267927,0.0,0.1729072631980554,0.301106036869958,0.9392315502144786,0.8602479119603493,1.1145293779433016,1.036087440057294,30.0,0.0,0.0020065250911484,0.727625,0.5902048975512244,0.8025987006496752,0.7146426786606698,49.0,0.1430867736315684,0.0938146492813726,0.0,0.05875,0.0,0.0614386950786761,0.0699180292431506,0.4444444444444444,0.2567364022629311,0.4401976235569983,0.6207714295491098,0,41.0,93.0,52.0,0.4401976235569983,0.530484526553054,41.0,858,41.0,0.6433566433566433,False
BNDM,ForestCovertype,330,0.66,109,0.558139534883721,0.7890605605352848,0,27,1546,4714,2.028,7,0.21,54.0,13.272526689665506,7.0,2.0,0.6970056904918152,413.5,0.7805185185185185,0.2592592592592592,168.25063888888891,0.000125,0.0,0.2703293785712328,40.5925925925926,2000.0,0.0,1.0,-3.48238693411383,0.0,2.5219219344944284,-1.8841056121267927,0.0,0.1729072631980554,0.301106036869958,0.9392315502144786,0.8602479119603493,1.1145293779433016,1.036087440057294,30.0,0.0,0.0020065250911484,0.727625,0.5902048975512244,0.8025987006496752,0.7146426786606698,49.0,0.1430867736315684,0.0938146492813726,0.0,0.05875,0.0,0.0614386950786761,0.0699180292431506,0.4444444444444444,0.2567364022629311,0.43871877254689745,0.6276148326526915,0,41.0,27.0,14.0,0.43871877254689745,0.5331668025997944,41.0,859,41.0,0.18181818181818182,False
BNDM,ForestCovertype,767,0.66,761,0.558139534883721,0.4748363628925443,0,92,1789,4804,0.953,10,0.701,54.0,13.272526689665506,7.0,2.0,0.6970056904918152,413.5,0.7805185185185185,0.2592592592592592,168.25063888888891,0.000125,0.0,0.2703293785712328,40.5925925925926,2000.0,0.0,1.0,-3.48238693411383,0.0,2.5219219344944284,-1.8841056121267927,0.0,0.1729072631980554,0.301106036869958,0.9392315502144786,0.8602479119603493,1.1145293779433016,1.036087440057294,30.0,0.0,0.0020065250911484,0.727625,0.5902048975512244,0.8025987006496752,0.7146426786606698,49.0,0.1430867736315684,0.0938146492813726,0.0,0.05875,0.0,0.0614386950786761,0.0699180292431506,0.4444444444444444,0.2567364022629311,0.4382859096921597,0.6412529941496979,0,41.0,92.0,51.0,0.4382859096921597,0.5397694519209288,41.0,860,41.0,0.6363636363636364,False
BNDM,ForestCovertype,439,0.58,7149,0.3720930232558139,0.1113460660213256,0,130,2113,3292,7.828,4,0.456,54.0,13.272526689665506,7.0,2.0,0.6970056904918152,413.5,0.7805185185185185,0.2592592592592592,168.25063888888891,0.000125,0.0,0.2703293785712328,40.5925925925926,2000.0,0.0,1.0,-3.48238693411383,0.0,2.5219219344944284,-1.8841056121267927,0.0,0.1729072631980554,0.301106036869958,0.9392315502144786,0.8602479119603493,1.1145293779433016,1.036087440057294,30.0,0.0,0.0020065250911484,0.727625,0.5902048975512244,0.8025987006496752,0.7146426786606698,49.0,0.1430867736315684,0.0938146492813726,0.0,0.05875,0.0,0.0614386950786761,0.0699180292431506,0.4444444444444444,0.2567364022629311,0.43320209535834514,0.6604272885414462,0,41.0,130.0,89.0,0.43320209535834514,0.5468146919498956,41.0,861,41.0,0.9020979020979021,False
BNDM,ForestCovertype,539,0.63,106,0.4883720930232558,0.7935498046725837,0,32,885,4118,7.338,3,0.727,54.0,13.272526689665506,7.0,2.0,0.6970056904918152,413.5,0.7805185185185185,0.2592592592592592,168.25063888888891,0.000125,0.0,0.2703293785712328,40.5925925925926,2000.0,0.0,1.0,-3.48238693411383,0.0,2.5219219344944284,-1.8841056121267927,0.0,0.1729072631980554,0.301106036869958,0.9392315502144786,0.8602479119603493,1.1145293779433016,1.036087440057294,30.0,0.0,0.0020065250911484,0.727625,0.5902048975512244,0.8025987006496752,0.7146426786606698,49.0,0.1430867736315684,0.0938146492813726,0.0,0.05875,0.0,0.0614386950786761,0.0699180292431506,0.4444444444444444,0.2567364022629311,0.42436589105339084,0.6617662867313826,0,41.0,32.0,9.0,0.42436589105339084,0.5430660888923867,41.0,862,41.0,0.21678321678321677,False
BNDM,ForestCovertype,750,0.58,1387,0.3720930232558139,0.3774791277347923,0,106,2129,3303,6.163,4,0.167,54.0,13.272526689665506,7.0,2.0,0.6970056904918152,413.5,0.7805185185185185,0.2592592592592592,168.25063888888891,0.000125,0.0,0.2703293785712328,40.5925925925926,2000.0,0.0,1.0,-3.48238693411383,0.0,2.5219219344944284,-1.8841056121267927,0.0,0.1729072631980554,0.301106036869958,0.9392315502144786,0.8602479119603493,1.1145293779433016,1.036087440057294,30.0,0.0,0.0020065250911484,0.727625,0.5902048975512244,0.8025987006496752,0.7146426786606698,49.0,0.1430867736315684,0.0938146492813726,0.0,0.05875,0.0,0.0614386950786761,0.0699180292431506,0.4444444444444444,0.2567364022629311,0.42209574013948997,0.6689807032891439,0,41.0,106.0,65.0,0.42209574013948997,0.545538221714317,41.0,863,41.0,0.7342657342657343,False
BNDM,ForestCovertype,280,0.66,1994,0.558139534883721,0.3185815276780147,0,105,650,3453,3.74,5,0.324,54.0,13.272526689665506,7.0,2.0,0.6970056904918152,413.5,0.7805185185185185,0.2592592592592592,168.25063888888891,0.000125,0.0,0.2703293785712328,40.5925925925926,2000.0,0.0,1.0,-3.48238693411383,0.0,2.5219219344944284,-1.8841056121267927,0.0,0.1729072631980554,0.301106036869958,0.9392315502144786,0.8602479119603493,1.1145293779433016,1.036087440057294,30.0,0.0,0.0020065250911484,0.727625,0.5902048975512244,0.8025987006496752,0.7146426786606698,49.0,0.1430867736315684,0.0938146492813726,0.0,0.05875,0.0,0.0614386950786761,0.0699180292431506,0.4444444444444444,0.2567364022629311,0.421689777236652,0.6790331781382047,0,41.0,105.0,64.0,0.421689777236652,0.5503614776874284,41.0,864,41.0,0.7272727272727273,False
BNDM,ForestCovertype,151,0.65,66,0.5348837209302326,0.8695520243632383,0,9,563,4523,2.96,4,0.02,54.0,13.272526689665506,7.0,2.0,0.6970056904918152,413.5,0.7805185185185185,0.2592592592592592,168.25063888888891,0.000125,0.0,0.2703293785712328,40.5925925925926,2000.0,0.0,1.0,-3.48238693411383,0.0,2.5219219344944284,-1.8841056121267927,0.0,0.1729072631980554,0.301106036869958,0.9392315502144786,0.8602479119603493,1.1145293779433016,1.036087440057294,30.0,0.0,0.0020065250911484,0.727625,0.5902048975512244,0.8025987006496752,0.7146426786606698,49.0,0.1430867736315684,0.0938146492813726,0.0,0.05875,0.0,0.0614386950786761,0.0699180292431506,0.4444444444444444,0.2567364022629311,0.4162807013588262,0.6826526559474317,0,41.0,9.0,32.0,0.4162807013588262,0.549466678653129,41.0,865,41.0,0.055944055944055944,False
BNDM,ForestCovertype,519,0.63,5899,0.4883720930232558,0.1425433682294412,0,127,1299,4617,1.69,10,0.446,54.0,13.272526689665506,7.0,2.0,0.6970056904918152,413.5,0.7805185185185185,0.2592592592592592,168.25063888888891,0.000125,0.0,0.2703293785712328,40.5925925925926,2000.0,0.0,1.0,-3.48238693411383,0.0,2.5219219344944284,-1.8841056121267927,0.0,0.1729072631980554,0.301106036869958,0.9392315502144786,0.8602479119603493,1.1145293779433016,1.036087440057294,30.0,0.0,0.0020065250911484,0.727625,0.5902048975512244,0.8025987006496752,0.7146426786606698,49.0,0.1430867736315684,0.0938146492813726,0.0,0.05875,0.0,0.0614386950786761,0.0699180292431506,0.4444444444444444,0.2567364022629311,0.4457812500000001,0.5700381393156208,0,42.0,127.0,85.0,0.4457812500000001,0.5079096946578104,42.0,866,42.0,0.8811188811188811,False
BNDM,ForestCovertype,174,0.65,4969,0.5348837209302326,0.1703917831788678,0,123,1208,4422,5.285,7,0.493,54.0,13.272526689665506,7.0,2.0,0.6970056904918152,413.5,0.7805185185185185,0.2592592592592592,168.25063888888891,0.000125,0.0,0.2703293785712328,40.5925925925926,2000.0,0.0,1.0,-3.48238693411383,0.0,2.5219219344944284,-1.8841056121267927,0.0,0.1729072631980554,0.301106036869958,0.9392315502144786,0.8602479119603493,1.1145293779433016,1.036087440057294,30.0,0.0,0.0020065250911484,0.727625,0.5902048975512244,0.8025987006496752,0.7146426786606698,49.0,0.1430867736315684,0.0938146492813726,0.0,0.05875,0.0,0.0614386950786761,0.0699180292431506,0.4444444444444444,0.2567364022629311,0.44428247290077666,0.5753171085571906,0,42.0,123.0,81.0,0.44428247290077666,0.5097997907289836,42.0,867,42.0,0.8531468531468531,False
BNDM,ForestCovertype,225,0.66,3669,0.558139534883721,0.2196210755557823,0,115,1255,4646,1.729,10,0.628,54.0,13.272526689665506,7.0,2.0,0.6970056904918152,413.5,0.7805185185185185,0.2592592592592592,168.25063888888891,0.000125,0.0,0.2703293785712328,40.5925925925926,2000.0,0.0,1.0,-3.48238693411383,0.0,2.5219219344944284,-1.8841056121267927,0.0,0.1729072631980554,0.301106036869958,0.9392315502144786,0.8602479119603493,1.1145293779433016,1.036087440057294,30.0,0.0,0.0020065250911484,0.727625,0.5902048975512244,0.8025987006496752,0.7146426786606698,49.0,0.1430867736315684,0.0938146492813726,0.0,0.05875,0.0,0.0614386950786761,0.0699180292431506,0.4444444444444444,0.2567364022629311,0.44315578403078393,0.5839972186259237,0,42.0,115.0,73.0,0.44315578403078393,0.5135765013283538,42.0,868,42.0,0.7972027972027972,False
BNDM,ForestCovertype,748,0.64,943,0.5116279069767442,0.4400641635127421,0,95,1458,4874,3.657,8,0.707,54.0,13.272526689665506,7.0,2.0,0.6970056904918152,413.5,0.7805185185185185,0.2592592592592592,168.25063888888891,0.000125,0.0,0.2703293785712328,40.5925925925926,2000.0,0.0,1.0,-3.48238693411383,0.0,2.5219219344944284,-1.8841056121267927,0.0,0.1729072631980554,0.301106036869958,0.9392315502144786,0.8602479119603493,1.1145293779433016,1.036087440057294,30.0,0.0,0.0020065250911484,0.727625,0.5902048975512244,0.8025987006496752,0.7146426786606698,49.0,0.1430867736315684,0.0938146492813726,0.0,0.05875,0.0,0.0614386950786761,0.0699180292431506,0.4444444444444444,0.2567364022629311,0.4429446248196248,0.5916884310546957,0,42.0,95.0,53.0,0.4429446248196248,0.5173165279371603,42.0,869,42.0,0.6573426573426573,False
BNDM,ForestCovertype,367,0.66,106,0.558139534883721,0.7935498046725837,0,24,1629,4838,3.822,7,0.076,54.0,13.272526689665506,7.0,2.0,0.6970056904918152,413.5,0.7805185185185185,0.2592592592592592,168.25063888888891,0.000125,0.0,0.2703293785712328,40.5925925925926,2000.0,0.0,1.0,-3.48238693411383,0.0,2.5219219344944284,-1.8841056121267927,0.0,0.1729072631980554,0.301106036869958,0.9392315502144786,0.8602479119603493,1.1145293779433016,1.036087440057294,30.0,0.0,0.0020065250911484,0.727625,0.5902048975512244,0.8025987006496752,0.7146426786606698,49.0,0.1430867736315684,0.0938146492813726,0.0,0.05875,0.0,0.0614386950786761,0.0699180292431506,0.4444444444444444,0.2567364022629311,0.44229303451178453,0.5978136372868139,0,42.0,24.0,18.0,0.44229303451178453,0.5200533358992993,42.0,870,42.0,0.16083916083916083,False
BNDM,ForestCovertype,178,0.65,886,0.5348837209302326,0.4501755543090607,0,94,1974,4122,5.13,5,0.096,54.0,13.272526689665506,7.0,2.0,0.6970056904918152,413.5,0.7805185185185185,0.2592592592592592,168.25063888888891,0.000125,0.0,0.2703293785712328,40.5925925925926,2000.0,0.0,1.0,-3.48238693411383,0.0,2.5219219344944284,-1.8841056121267927,0.0,0.1729072631980554,0.301106036869958,0.9392315502144786,0.8602479119603493,1.1145293779433016,1.036087440057294,30.0,0.0,0.0020065250911484,0.727625,0.5902048975512244,0.8025987006496752,0.7146426786606698,49.0,0.1430867736315684,0.0938146492813726,0.0,0.05875,0.0,0.0614386950786761,0.0699180292431506,0.4444444444444444,0.2567364022629311,0.437567325036075,0.6185711845207142,0,42.0,94.0,52.0,0.437567325036075,0.5280692547783946,42.0,871,42.0,0.6503496503496503,False
BNDM,ForestCovertype,140,0.65,242,0.5348837209302326,0.6603845059187015,0,71,2663,3515,4.047,5,0.283,54.0,13.272526689665506,7.0,2.0,0.6970056904918152,413.5,0.7805185185185185,0.2592592592592592,168.25063888888891,0.000125,0.0,0.2703293785712328,40.5925925925926,2000.0,0.0,1.0,-3.48238693411383,0.0,2.5219219344944284,-1.8841056121267927,0.0,0.1729072631980554,0.301106036869958,0.9392315502144786,0.8602479119603493,1.1145293779433016,1.036087440057294,30.0,0.0,0.0020065250911484,0.727625,0.5902048975512244,0.8025987006496752,0.7146426786606698,49.0,0.1430867736315684,0.0938146492813726,0.0,0.05875,0.0,0.0614386950786761,0.0699180292431506,0.4444444444444444,0.2567364022629311,0.43733258177008166,0.6267990319378364,0,42.0,71.0,29.0,0.43733258177008166,0.532065806853959,42.0,872,42.0,0.48951048951048953,False
BNDM,ForestCovertype,662,0.64,144,0.5116279069767442,0.7442106447525532,0,54,1796,4990,4.498,6,0.41,54.0,13.272526689665506,7.0,2.0,0.6970056904918152,413.5,0.7805185185185185,0.2592592592592592,168.25063888888891,0.000125,0.0,0.2703293785712328,40.5925925925926,2000.0,0.0,1.0,-3.48238693411383,0.0,2.5219219344944284,-1.8841056121267927,0.0,0.1729072631980554,0.301106036869958,0.9392315502144786,0.8602479119603493,1.1145293779433016,1.036087440057294,30.0,0.0,0.0020065250911484,0.727625,0.5902048975512244,0.8025987006496752,0.7146426786606698,49.0,0.1430867736315684,0.0938146492813726,0.0,0.05875,0.0,0.0614386950786761,0.0699180292431506,0.4444444444444444,0.2567364022629311,0.43240732623857603,0.650606549019476,0,42.0,54.0,12.0,0.43240732623857603,0.541506937629026,42.0,873,42.0,0.3706293706293706,False
BNDM,ForestCovertype,582,0.64,1419,0.5116279069767442,0.3737786677792684,0,104,662,3606,4.183,5,0.133,54.0,13.272526689665506,7.0,2.0,0.6970056904918152,413.5,0.7805185185185185,0.2592592592592592,168.25063888888891,0.000125,0.0,0.2703293785712328,40.5925925925926,2000.0,0.0,1.0,-3.48238693411383,0.0,2.5219219344944284,-1.8841056121267927,0.0,0.1729072631980554,0.301106036869958,0.9392315502144786,0.8602479119603493,1.1145293779433016,1.036087440057294,30.0,0.0,0.0020065250911484,0.727625,0.5902048975512244,0.8025987006496752,0.7146426786606698,49.0,0.1430867736315684,0.0938146492813726,0.0,0.05875,0.0,0.0614386950786761,0.0699180292431506,0.4444444444444444,0.2567364022629311,0.4277745986652234,0.6571622412109195,0,42.0,104.0,62.0,0.4277745986652234,0.5424684199380714,42.0,874,42.0,0.7202797202797203,False
BNDM,ForestCovertype,176,0.65,91,0.5348837209302326,0.8180712889253797,0,22,856,4437,4.677,4,0.736,54.0,13.272526689665506,7.0,2.0,0.6970056904918152,413.5,0.7805185185185185,0.2592592592592592,168.25063888888891,0.000125,0.0,0.2703293785712328,40.5925925925926,2000.0,0.0,1.0,-3.48238693411383,0.0,2.5219219344944284,-1.8841056121267927,0.0,0.1729072631980554,0.301106036869958,0.9392315502144786,0.8602479119603493,1.1145293779433016,1.036087440057294,30.0,0.0,0.0020065250911484,0.727625,0.5902048975512244,0.8025987006496752,0.7146426786606698,49.0,0.1430867736315684,0.0938146492813726,0.0,0.05875,0.0,0.0614386950786761,0.0699180292431506,0.4444444444444444,0.2567364022629311,0.4190646194083692,0.6640052759780987,0,42.0,22.0,20.0,0.4190646194083692,0.541534947693234,42.0,875,42.0,0.14685314685314685,False
BNDM,ForestCovertype,13,0.66,69,0.558139534883721,0.862440640020103,0,2,600,4362,6.847,3,0.464,54.0,13.272526689665506,7.0,2.0,0.6970056904918152,413.5,0.7805185185185185,0.2592592592592592,168.25063888888891,0.000125,0.0,0.2703293785712328,40.5925925925926,2000.0,0.0,1.0,-3.48238693411383,0.0,2.5219219344944284,-1.8841056121267927,0.0,0.1729072631980554,0.301106036869958,0.9392315502144786,0.8602479119603493,1.1145293779433016,1.036087440057294,30.0,0.0,0.0020065250911484,0.727625,0.5902048975512244,0.8025987006496752,0.7146426786606698,49.0,0.1430867736315684,0.0938146492813726,0.0,0.05875,0.0,0.0614386950786761,0.0699180292431506,0.4444444444444444,0.2567364022629311,0.40493771795334293,0.6641486652874374,0,42.0,2.0,40.0,0.40493771795334293,0.5345431916203902,42.0,876,42.0,0.006993006993006993,False
BNDM,ForestCovertype,474,0.61,61,0.4418604651162791,0.8821436542688228,0,11,2409,4811,1.927,7,0.894,54.0,13.272526689665506,7.0,2.0,0.6970056904918152,413.5,0.7805185185185185,0.2592592592592592,168.25063888888891,0.000125,0.0,0.2703293785712328,40.5925925925926,2000.0,0.0,1.0,-3.48238693411383,0.0,2.5219219344944284,-1.8841056121267927,0.0,0.1729072631980554,0.301106036869958,0.9392315502144786,0.8602479119603493,1.1145293779433016,1.036087440057294,30.0,0.0,0.0020065250911484,0.727625,0.5902048975512244,0.8025987006496752,0.7146426786606698,49.0,0.1430867736315684,0.0938146492813726,0.0,0.05875,0.0,0.0614386950786761,0.0699180292431506,0.4444444444444444,0.2567364022629311,0.40447532617845117,0.677986465370548,0,42.0,11.0,31.0,0.40447532617845117,0.5412308957744996,42.0,877,42.0,0.06993006993006994,False
BNDM,ForestCovertype,692,0.63,1527,0.4883720930232558,0.3618779073078606,0,106,3053,4708,5.155,8,0.394,54.0,13.272526689665506,7.0,2.0,0.6970056904918152,413.5,0.7805185185185185,0.2592592592592592,168.25063888888891,0.000125,0.0,0.2703293785712328,40.5925925925926,2000.0,0.0,1.0,-3.48238693411383,0.0,2.5219219344944284,-1.8841056121267927,0.0,0.1729072631980554,0.301106036869958,0.9392315502144786,0.8602479119603493,1.1145293779433016,1.036087440057294,30.0,0.0,0.0020065250911484,0.727625,0.5902048975512244,0.8025987006496752,0.7146426786606698,49.0,0.1430867736315684,0.0938146492813726,0.0,0.05875,0.0,0.0614386950786761,0.0699180292431506,0.4444444444444444,0.2567364022629311,0.4454556577681579,0.547028252260636,0,43.0,106.0,63.0,0.4454556577681579,0.49624195501439694,43.0,878,43.0,0.7342657342657343,False
BNDM,ForestCovertype,853,0.64,13740,0.5116279069767442,0.0052869784232781,0,144,2408,3589,6.739,6,0.649,54.0,13.272526689665506,7.0,2.0,0.6970056904918152,413.5,0.7805185185185185,0.2592592592592592,168.25063888888891,0.000125,0.0,0.2703293785712328,40.5925925925926,2000.0,0.0,1.0,-3.48238693411383,0.0,2.5219219344944284,-1.8841056121267927,0.0,0.1729072631980554,0.301106036869958,0.9392315502144786,0.8602479119603493,1.1145293779433016,1.036087440057294,30.0,0.0,0.0020065250911484,0.727625,0.5902048975512244,0.8025987006496752,0.7146426786606698,49.0,0.1430867736315684,0.0938146492813726,0.0,0.05875,0.0,0.0614386950786761,0.0699180292431506,0.4444444444444444,0.2567364022629311,0.4406682148869649,0.5844151578718288,0,43.0,144.0,101.0,0.4406682148869649,0.5125416863793969,43.0,879,43.0,1.0,False
BNDM,ForestCovertype,508,0.64,1254,0.5116279069767442,0.3938324311991452,0,103,1874,4696,6.079,5,0.703,54.0,13.272526689665506,7.0,2.0,0.6970056904918152,413.5,0.7805185185185185,0.2592592592592592,168.25063888888891,0.000125,0.0,0.2703293785712328,40.5925925925926,2000.0,0.0,1.0,-3.48238693411383,0.0,2.5219219344944284,-1.8841056121267927,0.0,0.1729072631980554,0.301106036869958,0.9392315502144786,0.8602479119603493,1.1145293779433016,1.036087440057294,30.0,0.0,0.0020065250911484,0.727625,0.5902048975512244,0.8025987006496752,0.7146426786606698,49.0,0.1430867736315684,0.0938146492813726,0.0,0.05875,0.0,0.0614386950786761,0.0699180292431506,0.4444444444444444,0.2567364022629311,0.43473000090187564,0.6265526625212203,0,43.0,103.0,60.0,0.43473000090187564,0.5306413317115479,43.0,880,43.0,0.7132867132867133,False
BNDM,ForestCovertype,879,0.66,599,0.558139534883721,0.5136409124969484,0,85,1981,3964,4.172,5,0.454,54.0,13.272526689665506,7.0,2.0,0.6970056904918152,413.5,0.7805185185185185,0.2592592592592592,168.25063888888891,0.000125,0.0,0.2703293785712328,40.5925925925926,2000.0,0.0,1.0,-3.48238693411383,0.0,2.5219219344944284,-1.8841056121267927,0.0,0.1729072631980554,0.301106036869958,0.9392315502144786,0.8602479119603493,1.1145293779433016,1.036087440057294,30.0,0.0,0.0020065250911484,0.727625,0.5902048975512244,0.8025987006496752,0.7146426786606698,49.0,0.1430867736315684,0.0938146492813726,0.0,0.05875,0.0,0.0614386950786761,0.0699180292431506,0.4444444444444444,0.2567364022629311,0.43182919973544964,0.649633192510593,0,43.0,85.0,42.0,0.43182919973544964,0.5407311961230213,43.0,881,43.0,0.5874125874125874,False
BNDM,ForestCovertype,397,0.65,58,0.5348837209302326,0.8901957499946103,0,4,2601,4585,4.312,4,0.145,54.0,13.272526689665506,7.0,2.0,0.6970056904918152,413.5,0.7805185185185185,0.2592592592592592,168.25063888888891,0.000125,0.0,0.2703293785712328,40.5925925925926,2000.0,0.0,1.0,-3.48238693411383,0.0,2.5219219344944284,-1.8841056121267927,0.0,0.1729072631980554,0.301106036869958,0.9392315502144786,0.8602479119603493,1.1145293779433016,1.036087440057294,30.0,0.0,0.0020065250911484,0.727625,0.5902048975512244,0.8025987006496752,0.7146426786606698,49.0,0.1430867736315684,0.0938146492813726,0.0,0.05875,0.0,0.0614386950786761,0.0699180292431506,0.4444444444444444,0.2567364022629311,0.4196280513468012,0.6526035613189973,0,43.0,4.0,39.0,0.4196280513468012,0.5361158063328992,43.0,882,43.0,0.02097902097902098,False
BNDM,ForestCovertype,694,0.61,52,0.4418604651162791,0.9076071317599362,0,9,288,4387,1.528,6,0.092,54.0,13.272526689665506,7.0,2.0,0.6970056904918152,413.5,0.7805185185185185,0.2592592592592592,168.25063888888891,0.000125,0.0,0.2703293785712328,40.5925925925926,2000.0,0.0,1.0,-3.48238693411383,0.0,2.5219219344944284,-1.8841056121267927,0.0,0.1729072631980554,0.301106036869958,0.9392315502144786,0.8602479119603493,1.1145293779433016,1.036087440057294,30.0,0.0,0.0020065250911484,0.727625,0.5902048975512244,0.8025987006496752,0.7146426786606698,49.0,0.1430867736315684,0.0938146492813726,0.0,0.05875,0.0,0.0614386950786761,0.0699180292431506,0.4444444444444444,0.2567364022629311,0.40268364448051924,0.6709386330917625,0,43.0,9.0,34.0,0.40268364448051924,0.5368111387861408,43.0,883,43.0,0.055944055944055944,False
BNDM,ForestCovertype,795,0.66,9705,0.558139534883721,0.0617265287466893,0,135,1648,4569,8.065,7,0.512,54.0,13.272526689665506,7.0,2.0,0.6970056904918152,413.5,0.7805185185185185,0.2592592592592592,168.25063888888891,0.000125,0.0,0.2703293785712328,40.5925925925926,2000.0,0.0,1.0,-3.48238693411383,0.0,2.5219219344944284,-1.8841056121267927,0.0,0.1729072631980554,0.301106036869958,0.9392315502144786,0.8602479119603493,1.1145293779433016,1.036087440057294,30.0,0.0,0.0020065250911484,0.727625,0.5902048975512244,0.8025987006496752,0.7146426786606698,49.0,0.1430867736315684,0.0938146492813726,0.0,0.05875,0.0,0.0614386950786761,0.0699180292431506,0.4444444444444444,0.2567364022629311,0.44407799723424723,0.5366078295085464,0,44.0,135.0,91.0,0.44407799723424723,0.4903429133713968,44.0,884,44.0,0.9370629370629371,False
BNDM,ForestCovertype,846,0.65,472,0.5348837209302326,0.5522534607416943,0,81,2682,4540,5.313,7,0.81,54.0,13.272526689665506,7.0,2.0,0.6970056904918152,413.5,0.7805185185185185,0.2592592592592592,168.25063888888891,0.000125,0.0,0.2703293785712328,40.5925925925926,2000.0,0.0,1.0,-3.48238693411383,0.0,2.5219219344944284,-1.8841056121267927,0.0,0.1729072631980554,0.301106036869958,0.9392315502144786,0.8602479119603493,1.1145293779433016,1.036087440057294,30.0,0.0,0.0020065250911484,0.727625,0.5902048975512244,0.8025987006496752,0.7146426786606698,49.0,0.1430867736315684,0.0938146492813726,0.0,0.05875,0.0,0.0614386950786761,0.0699180292431506,0.4444444444444444,0.2567364022629311,0.4397977167508418,0.5841622902397366,0,44.0,81.0,37.0,0.4397977167508418,0.5119800034952893,44.0,885,44.0,0.5594405594405595,False
BNDM,ForestCovertype,788,0.66,84,0.558139534883721,0.8309192845070129,0,10,1204,4481,4.354,6,0.778,54.0,13.272526689665506,7.0,2.0,0.6970056904918152,413.5,0.7805185185185185,0.2592592592592592,168.25063888888891,0.000125,0.0,0.2703293785712328,40.5925925925926,2000.0,0.0,1.0,-3.48238693411383,0.0,2.5219219344944284,-1.8841056121267927,0.0,0.1729072631980554,0.301106036869958,0.9392315502144786,0.8602479119603493,1.1145293779433016,1.036087440057294,30.0,0.0,0.0020065250911484,0.727625,0.5902048975512244,0.8025987006496752,0.7146426786606698,49.0,0.1430867736315684,0.0938146492813726,0.0,0.05875,0.0,0.0614386950786761,0.0699180292431506,0.4444444444444444,0.2567364022629311,0.4316908143939393,0.6165538793410003,0,44.0,10.0,34.0,0.4316908143939393,0.5241223468674698,44.0,886,44.0,0.06293706293706294,False
BNDM,ForestCovertype,360,0.67,3014,0.5813953488372094,0.2515378876191791,0,76,995,3910,4.674,5,0.395,54.0,13.272526689665506,7.0,2.0,0.6970056904918152,413.5,0.7805185185185185,0.2592592592592592,168.25063888888891,0.000125,0.0,0.2703293785712328,40.5925925925926,2000.0,0.0,1.0,-3.48238693411383,0.0,2.5219219344944284,-1.8841056121267927,0.0,0.1729072631980554,0.301106036869958,0.9392315502144786,0.8602479119603493,1.1145293779433016,1.036087440057294,30.0,0.0,0.0020065250911484,0.727625,0.5902048975512244,0.8025987006496752,0.7146426786606698,49.0,0.1430867736315684,0.0938146492813726,0.0,0.05875,0.0,0.0614386950786761,0.0699180292431506,0.4444444444444444,0.2567364022629311,0.43168265241702736,0.6492114891037222,0,44.0,76.0,32.0,0.43168265241702736,0.5404470707603748,44.0,887,44.0,0.5244755244755245,False
BNDM,ForestCovertype,352,0.65,55,0.5348837209302326,0.8986681410412866,0,2,567,4791,7.087,4,0.564,54.0,13.272526689665506,7.0,2.0,0.6970056904918152,413.5,0.7805185185185185,0.2592592592592592,168.25063888888891,0.000125,0.0,0.2703293785712328,40.5925925925926,2000.0,0.0,1.0,-3.48238693411383,0.0,2.5219219344944284,-1.8841056121267927,0.0,0.1729072631980554,0.301106036869958,0.9392315502144786,0.8602479119603493,1.1145293779433016,1.036087440057294,30.0,0.0,0.0020065250911484,0.727625,0.5902048975512244,0.8025987006496752,0.7146426786606698,49.0,0.1430867736315684,0.0938146492813726,0.0,0.05875,0.0,0.0614386950786761,0.0699180292431506,0.4444444444444444,0.2567364022629311,0.40058288991101487,0.6492833930973737,0,44.0,2.0,42.0,0.40058288991101487,0.5249331415041942,44.0,888,44.0,0.006993006993006993,False
BNDM,ForestCovertype,579,0.64,340,0.5116279069767442,0.605376690183604,0,79,321,3903,2.856,7,0.961,54.0,13.272526689665506,7.0,2.0,0.6970056904918152,413.5,0.7805185185185185,0.2592592592592592,168.25063888888891,0.000125,0.0,0.2703293785712328,40.5925925925926,2000.0,0.0,1.0,-3.48238693411383,0.0,2.5219219344944284,-1.8841056121267927,0.0,0.1729072631980554,0.301106036869958,0.9392315502144786,0.8602479119603493,1.1145293779433016,1.036087440057294,30.0,0.0,0.0020065250911484,0.727625,0.5902048975512244,0.8025987006496752,0.7146426786606698,49.0,0.1430867736315684,0.0938146492813726,0.0,0.05875,0.0,0.0614386950786761,0.0699180292431506,0.4444444444444444,0.2567364022629311,0.3967199675324675,0.6539638863518089,0,44.0,79.0,35.0,0.3967199675324675,0.5253419269421382,44.0,889,44.0,0.5454545454545454,False
BNDM,ForestCovertype,318,0.58,4125,0.3720930232558139,0.2006070944266178,0,119,2008,4634,6.288,8,0.743,54.0,13.272526689665506,7.0,2.0,0.6970056904918152,413.5,0.7805185185185185,0.2592592592592592,168.25063888888891,0.000125,0.0,0.2703293785712328,40.5925925925926,2000.0,0.0,1.0,-3.48238693411383,0.0,2.5219219344944284,-1.8841056121267927,0.0,0.1729072631980554,0.301106036869958,0.9392315502144786,0.8602479119603493,1.1145293779433016,1.036087440057294,30.0,0.0,0.0020065250911484,0.727625,0.5902048975512244,0.8025987006496752,0.7146426786606698,49.0,0.1430867736315684,0.0938146492813726,0.0,0.05875,0.0,0.0614386950786761,0.0699180292431506,0.4444444444444444,0.2567364022629311,0.44129432720057715,0.5214627173850538,0,45.0,119.0,74.0,0.44129432720057715,0.48137852229281547,45.0,890,45.0,0.8251748251748252,False
BNDM,ForestCovertype,385,0.64,9082,0.5116279069767442,0.0724968249607274,0,135,2630,4226,6.064,7,0.084,54.0,13.272526689665506,7.0,2.0,0.6970056904918152,413.5,0.7805185185185185,0.2592592592592592,168.25063888888891,0.000125,0.0,0.2703293785712328,40.5925925925926,2000.0,0.0,1.0,-3.48238693411383,0.0,2.5219219344944284,-1.8841056121267927,0.0,0.1729072631980554,0.301106036869958,0.9392315502144786,0.8602479119603493,1.1145293779433016,1.036087440057294,30.0,0.0,0.0020065250911484,0.727625,0.5902048975512244,0.8025987006496752,0.7146426786606698,49.0,0.1430867736315684,0.0938146492813726,0.0,0.05875,0.0,0.0614386950786761,0.0699180292431506,0.4444444444444444,0.2567364022629311,0.436632184944685,0.5675839804749473,0,45.0,135.0,90.0,0.436632184944685,0.5021080827098161,45.0,891,45.0,0.9370629370629371,False
BNDM,ForestCovertype,223,0.66,1465,0.558139534883721,0.3686028101804423,0,103,2541,4740,9.255,4,0.14,54.0,13.272526689665506,7.0,2.0,0.6970056904918152,413.5,0.7805185185185185,0.2592592592592592,168.25063888888891,0.000125,0.0,0.2703293785712328,40.5925925925926,2000.0,0.0,1.0,-3.48238693411383,0.0,2.5219219344944284,-1.8841056121267927,0.0,0.1729072631980554,0.301106036869958,0.9392315502144786,0.8602479119603493,1.1145293779433016,1.036087440057294,30.0,0.0,0.0020065250911484,0.727625,0.5902048975512244,0.8025987006496752,0.7146426786606698,49.0,0.1430867736315684,0.0938146492813726,0.0,0.05875,0.0,0.0614386950786761,0.0699180292431506,0.4444444444444444,0.2567364022629311,0.4305349401755651,0.648917466624664,0,45.0,103.0,58.0,0.4305349401755651,0.5397262034001146,45.0,892,45.0,0.7132867132867133,False
BNDM,ForestCovertype,665,0.64,5023,0.5116279069767442,0.1686373264006848,0,125,1223,4730,6.92,7,0.165,54.0,13.272526689665506,7.0,2.0,0.6970056904918152,413.5,0.7805185185185185,0.2592592592592592,168.25063888888891,0.000125,0.0,0.2703293785712328,40.5925925925926,2000.0,0.0,1.0,-3.48238693411383,0.0,2.5219219344944284,-1.8841056121267927,0.0,0.1729072631980554,0.301106036869958,0.9392315502144786,0.8602479119603493,1.1145293779433016,1.036087440057294,30.0,0.0,0.0020065250911484,0.727625,0.5902048975512244,0.8025987006496752,0.7146426786606698,49.0,0.1430867736315684,0.0938146492813726,0.0,0.05875,0.0,0.0614386950786761,0.0699180292431506,0.4444444444444444,0.2567364022629311,0.43415564874939877,0.5487188685467257,0,46.0,125.0,79.0,0.43415564874939877,0.4914372586480622,46.0,893,46.0,0.8671328671328671,False
BNDM,ForestCovertype,587,0.63,8634,0.4883720930232558,0.0807086545352164,0,132,2751,4582,3.425,9,0.843,54.0,13.272526689665506,7.0,2.0,0.6970056904918152,413.5,0.7805185185185185,0.2592592592592592,168.25063888888891,0.000125,0.0,0.2703293785712328,40.5925925925926,2000.0,0.0,1.0,-3.48238693411383,0.0,2.5219219344944284,-1.8841056121267927,0.0,0.1729072631980554,0.301106036869958,0.9392315502144786,0.8602479119603493,1.1145293779433016,1.036087440057294,30.0,0.0,0.0020065250911484,0.727625,0.5902048975512244,0.8025987006496752,0.7146426786606698,49.0,0.1430867736315684,0.0938146492813726,0.0,0.05875,0.0,0.0614386950786761,0.0699180292431506,0.4444444444444444,0.2567364022629311,0.43314261664261655,0.5518570569806932,0,46.0,132.0,86.0,0.43314261664261655,0.4924998368116549,46.0,894,46.0,0.916083916083916,False
BNDM,ForestCovertype,81,0.65,2622,0.5348837209302326,0.274150269756272,0,109,1129,5000,1.832,11,0.225,54.0,13.272526689665506,7.0,2.0,0.6970056904918152,413.5,0.7805185185185185,0.2592592592592592,168.25063888888891,0.000125,0.0,0.2703293785712328,40.5925925925926,2000.0,0.0,1.0,-3.48238693411383,0.0,2.5219219344944284,-1.8841056121267927,0.0,0.1729072631980554,0.301106036869958,0.9392315502144786,0.8602479119603493,1.1145293779433016,1.036087440057294,30.0,0.0,0.0020065250911484,0.727625,0.5902048975512244,0.8025987006496752,0.7146426786606698,49.0,0.1430867736315684,0.0938146492813726,0.0,0.05875,0.0,0.0614386950786761,0.0699180292431506,0.4444444444444444,0.2567364022629311,0.4302346305315054,0.5810798259192069,0,46.0,109.0,63.0,0.4302346305315054,0.5056572282253562,46.0,895,46.0,0.7552447552447552,False
BNDM,ForestCovertype,272,0.62,109,0.4651162790697675,0.7890605605352848,0,33,2231,4107,1.714,9,0.965,54.0,13.272526689665506,7.0,2.0,0.6970056904918152,413.5,0.7805185185185185,0.2592592592592592,168.25063888888891,0.000125,0.0,0.2703293785712328,40.5925925925926,2000.0,0.0,1.0,-3.48238693411383,0.0,2.5219219344944284,-1.8841056121267927,0.0,0.1729072631980554,0.301106036869958,0.9392315502144786,0.8602479119603493,1.1145293779433016,1.036087440057294,30.0,0.0,0.0020065250911484,0.727625,0.5902048975512244,0.8025987006496752,0.7146426786606698,49.0,0.1430867736315684,0.0938146492813726,0.0,0.05875,0.0,0.0614386950786761,0.0699180292431506,0.4444444444444444,0.2567364022629311,0.42518110419672905,0.6369214583291044,0,46.0,33.0,13.0,0.42518110419672905,0.5310512812629167,46.0,896,46.0,0.22377622377622378,False
BNDM,ForestCovertype,137,0.63,106,0.4883720930232558,0.7935498046725837,0,32,2237,4256,5.145,5,0.681,54.0,13.272526689665506,7.0,2.0,0.6970056904918152,413.5,0.7805185185185185,0.2592592592592592,168.25063888888891,0.000125,0.0,0.2703293785712328,40.5925925925926,2000.0,0.0,1.0,-3.48238693411383,0.0,2.5219219344944284,-1.8841056121267927,0.0,0.1729072631980554,0.301106036869958,0.9392315502144786,0.8602479119603493,1.1145293779433016,1.036087440057294,30.0,0.0,0.0020065250911484,0.727625,0.5902048975512244,0.8025987006496752,0.7146426786606698,49.0,0.1430867736315684,0.0938146492813726,0.0,0.05875,0.0,0.0614386950786761,0.0699180292431506,0.4444444444444444,0.2567364022629311,0.42066832010581984,0.647131339820098,0,46.0,32.0,14.0,0.42066832010581984,0.5338998299629589,46.0,897,46.0,0.21678321678321677,False
BNDM,ForestCovertype,705,0.64,1010,0.5116279069767442,0.4289319330789272,0,99,2727,4356,3.818,8,0.174,54.0,13.272526689665506,7.0,2.0,0.6970056904918152,413.5,0.7805185185185185,0.2592592592592592,168.25063888888891,0.000125,0.0,0.2703293785712328,40.5925925925926,2000.0,0.0,1.0,-3.48238693411383,0.0,2.5219219344944284,-1.8841056121267927,0.0,0.1729072631980554,0.301106036869958,0.9392315502144786,0.8602479119603493,1.1145293779433016,1.036087440057294,30.0,0.0,0.0020065250911484,0.727625,0.5902048975512244,0.8025987006496752,0.7146426786606698,49.0,0.1430867736315684,0.0938146492813726,0.0,0.05875,0.0,0.0614386950786761,0.0699180292431506,0.4444444444444444,0.2567364022629311,0.4317157587782586,0.5354887383448624,0,47.0,99.0,52.0,0.4317157587782586,0.48360224856156053,47.0,898,47.0,0.6853146853146853,False
BNDM,ForestCovertype,186,0.66,5765,0.558139534883721,0.1462731717935868,0,125,858,4128,8.245,6,0.734,54.0,13.272526689665506,7.0,2.0,0.6970056904918152,413.5,0.7805185185185185,0.2592592592592592,168.25063888888891,0.000125,0.0,0.2703293785712328,40.5925925925926,2000.0,0.0,1.0,-3.48238693411383,0.0,2.5219219344944284,-1.8841056121267927,0.0,0.1729072631980554,0.301106036869958,0.9392315502144786,0.8602479119603493,1.1145293779433016,1.036087440057294,30.0,0.0,0.0020065250911484,0.727625,0.5902048975512244,0.8025987006496752,0.7146426786606698,49.0,0.1430867736315684,0.0938146492813726,0.0,0.05875,0.0,0.0614386950786761,0.0699180292431506,0.4444444444444444,0.2567364022629311,0.4281624654280904,0.5552388767859443,0,47.0,125.0,78.0,0.4281624654280904,0.4917006711070173,47.0,899,47.0,0.8671328671328671,False
BNDM,ForestCovertype,505,0.62,1382,0.4651162790697675,0.3780650202937567,0,105,900,4565,3.964,8,0.605,54.0,13.272526689665506,7.0,2.0,0.6970056904918152,413.5,0.7805185185185185,0.2592592592592592,168.25063888888891,0.000125,0.0,0.2703293785712328,40.5925925925926,2000.0,0.0,1.0,-3.48238693411383,0.0,2.5219219344944284,-1.8841056121267927,0.0,0.1729072631980554,0.301106036869958,0.9392315502144786,0.8602479119603493,1.1145293779433016,1.036087440057294,30.0,0.0,0.0020065250911484,0.727625,0.5902048975512244,0.8025987006496752,0.7146426786606698,49.0,0.1430867736315684,0.0938146492813726,0.0,0.05875,0.0,0.0614386950786761,0.0699180292431506,0.4444444444444444,0.2567364022629311,0.4279345517247304,0.5636831285570403,0,47.0,105.0,58.0,0.4279345517247304,0.49580884014088533,47.0,900,47.0,0.7272727272727273,False
BNDM,ForestCovertype,689,0.61,11520,0.4418604651162791,0.0338952100888649,0,143,2288,3957,5.435,7,0.716,54.0,13.272526689665506,7.0,2.0,0.6970056904918152,413.5,0.7805185185185185,0.2592592592592592,168.25063888888891,0.000125,0.0,0.2703293785712328,40.5925925925926,2000.0,0.0,1.0,-3.48238693411383,0.0,2.5219219344944284,-1.8841056121267927,0.0,0.1729072631980554,0.301106036869958,0.9392315502144786,0.8602479119603493,1.1145293779433016,1.036087440057294,30.0,0.0,0.0020065250911484,0.727625,0.5902048975512244,0.8025987006496752,0.7146426786606698,49.0,0.1430867736315684,0.0938146492813726,0.0,0.05875,0.0,0.0614386950786761,0.0699180292431506,0.4444444444444444,0.2567364022629311,0.426610863095238,0.5680955460394649,0,47.0,143.0,96.0,0.426610863095238,0.49735320456735144,47.0,901,47.0,0.993006993006993,False
BNDM,ForestCovertype,144,0.65,5394,0.5348837209302326,0.1570704643304318,0,126,2625,4748,2.737,9,0.132,54.0,13.272526689665506,7.0,2.0,0.6970056904918152,413.5,0.7805185185185185,0.2592592592592592,168.25063888888891,0.000125,0.0,0.2703293785712328,40.5925925925926,2000.0,0.0,1.0,-3.48238693411383,0.0,2.5219219344944284,-1.8841056121267927,0.0,0.1729072631980554,0.301106036869958,0.9392315502144786,0.8602479119603493,1.1145293779433016,1.036087440057294,30.0,0.0,0.0020065250911484,0.727625,0.5902048975512244,0.8025987006496752,0.7146426786606698,49.0,0.1430867736315684,0.0938146492813726,0.0,0.05875,0.0,0.0614386950786761,0.0699180292431506,0.4444444444444444,0.2567364022629311,0.42568863486050984,0.5747904540018391,0,47.0,126.0,79.0,0.42568863486050984,0.5002395444311745,47.0,902,47.0,0.8741258741258742,False
BNDM,ForestCovertype,779,0.66,1121,0.558139534883721,0.4120194002020068,0,100,1187,4760,3.056,8,0.218,54.0,13.272526689665506,7.0,2.0,0.6970056904918152,413.5,0.7805185185185185,0.2592592592592592,168.25063888888891,0.000125,0.0,0.2703293785712328,40.5925925925926,2000.0,0.0,1.0,-3.48238693411383,0.0,2.5219219344944284,-1.8841056121267927,0.0,0.1729072631980554,0.301106036869958,0.9392315502144786,0.8602479119603493,1.1145293779433016,1.036087440057294,30.0,0.0,0.0020065250911484,0.727625,0.5902048975512244,0.8025987006496752,0.7146426786606698,49.0,0.1430867736315684,0.0938146492813726,0.0,0.05875,0.0,0.0614386950786761,0.0699180292431506,0.4444444444444444,0.2567364022629311,0.4239855624699375,0.5785615792192494,0,47.0,100.0,53.0,0.4239855624699375,0.5012735708445935,47.0,903,47.0,0.6923076923076923,False
BNDM,ForestCovertype,739,0.65,69,0.5348837209302326,0.862440640020103,0,11,837,4491,8.085,4,0.577,54.0,13.272526689665506,7.0,2.0,0.6970056904918152,413.5,0.7805185185185185,0.2592592592592592,168.25063888888891,0.000125,0.0,0.2703293785712328,40.5925925925926,2000.0,0.0,1.0,-3.48238693411383,0.0,2.5219219344944284,-1.8841056121267927,0.0,0.1729072631980554,0.301106036869958,0.9392315502144786,0.8602479119603493,1.1145293779433016,1.036087440057294,30.0,0.0,0.0020065250911484,0.727625,0.5902048975512244,0.8025987006496752,0.7146426786606698,49.0,0.1430867736315684,0.0938146492813726,0.0,0.05875,0.0,0.0614386950786761,0.0699180292431506,0.4444444444444444,0.2567364022629311,0.42293390001202485,0.6124141735054125,0,47.0,11.0,36.0,0.42293390001202485,0.5176740367587187,47.0,904,47.0,0.06993006993006994,False
BNDM,ForestCovertype,141,0.64,2651,0.5116279069767442,0.2723651640353839,0,111,335,3786,2.218,8,0.517,54.0,13.272526689665506,7.0,2.0,0.6970056904918152,413.5,0.7805185185185185,0.2592592592592592,168.25063888888891,0.000125,0.0,0.2703293785712328,40.5925925925926,2000.0,0.0,1.0,-3.48238693411383,0.0,2.5219219344944284,-1.8841056121267927,0.0,0.1729072631980554,0.301106036869958,0.9392315502144786,0.8602479119603493,1.1145293779433016,1.036087440057294,30.0,0.0,0.0020065250911484,0.727625,0.5902048975512244,0.8025987006496752,0.7146426786606698,49.0,0.1430867736315684,0.0938146492813726,0.0,0.05875,0.0,0.0614386950786761,0.0699180292431506,0.4444444444444444,0.2567364022629311,0.4113954725829725,0.6360785802019486,0,47.0,111.0,64.0,0.4113954725829725,0.5237370263924606,47.0,905,47.0,0.7692307692307693,False
BNDM,ForestCovertype,658,0.63,72,0.4883720930232558,0.8556277249402824,0,14,821,4507,5.539,4,0.257,54.0,13.272526689665506,7.0,2.0,0.6970056904918152,413.5,0.7805185185185185,0.2592592592592592,168.25063888888891,0.000125,0.0,0.2703293785712328,40.5925925925926,2000.0,0.0,1.0,-3.48238693411383,0.0,2.5219219344944284,-1.8841056121267927,0.0,0.1729072631980554,0.301106036869958,0.9392315502144786,0.8602479119603493,1.1145293779433016,1.036087440057294,30.0,0.0,0.0020065250911484,0.727625,0.5902048975512244,0.8025987006496752,0.7146426786606698,49.0,0.1430867736315684,0.0938146492813726,0.0,0.05875,0.0,0.0614386950786761,0.0699180292431506,0.4444444444444444,0.2567364022629311,0.4022394104737853,0.6376290126845549,0,47.0,14.0,33.0,0.4022394104737853,0.5199342115791701,47.0,906,47.0,0.09090909090909091,False
BNDM,ForestCovertype,4,0.61,2345,0.4418604651162791,0.2922697309504511,0,109,126,3630,6.904,4,0.557,54.0,13.272526689665506,7.0,2.0,0.6970056904918152,413.5,0.7805185185185185,0.2592592592592592,168.25063888888891,0.000125,0.0,0.2703293785712328,40.5925925925926,2000.0,0.0,1.0,-3.48238693411383,0.0,2.5219219344944284,-1.8841056121267927,0.0,0.1729072631980554,0.301106036869958,0.9392315502144786,0.8602479119603493,1.1145293779433016,1.036087440057294,30.0,0.0,0.0020065250911484,0.727625,0.5902048975512244,0.8025987006496752,0.7146426786606698,49.0,0.1430867736315684,0.0938146492813726,0.0,0.05875,0.0,0.0614386950786761,0.0699180292431506,0.4444444444444444,0.2567364022629311,0.3736979918229918,0.6439793021686215,0,47.0,109.0,62.0,0.3736979918229918,0.5088386469958066,47.0,907,47.0,0.7552447552447552,False
BNDM,ForestCovertype,680,0.64,4417,0.5116279069767442,0.1895057694730119,0,120,631,4170,8.717,7,0.783,54.0,13.272526689665506,7.0,2.0,0.6970056904918152,413.5,0.7805185185185185,0.2592592592592592,168.25063888888891,0.000125,0.0,0.2703293785712328,40.5925925925926,2000.0,0.0,1.0,-3.48238693411383,0.0,2.5219219344944284,-1.8841056121267927,0.0,0.1729072631980554,0.301106036869958,0.9392315502144786,0.8602479119603493,1.1145293779433016,1.036087440057294,30.0,0.0,0.0020065250911484,0.727625,0.5902048975512244,0.8025987006496752,0.7146426786606698,49.0,0.1430867736315684,0.0938146492813726,0.0,0.05875,0.0,0.0614386950786761,0.0699180292431506,0.4444444444444444,0.2567364022629311,0.42784833453583426,0.542338223949703,0,48.0,120.0,72.0,0.42784833453583426,0.4850932792427686,48.0,908,48.0,0.8321678321678322,False
BNDM,ForestCovertype,345,0.66,9077,0.558139534883721,0.0725862201790487,0,134,909,4320,7.962,6,0.503,54.0,13.272526689665506,7.0,2.0,0.6970056904918152,413.5,0.7805185185185185,0.2592592592592592,168.25063888888891,0.000125,0.0,0.2703293785712328,40.5925925925926,2000.0,0.0,1.0,-3.48238693411383,0.0,2.5219219344944284,-1.8841056121267927,0.0,0.1729072631980554,0.301106036869958,0.9392315502144786,0.8602479119603493,1.1145293779433016,1.036087440057294,30.0,0.0,0.0020065250911484,0.727625,0.5902048975512244,0.8025987006496752,0.7146426786606698,49.0,0.1430867736315684,0.0938146492813726,0.0,0.05875,0.0,0.0614386950786761,0.0699180292431506,0.4444444444444444,0.2567364022629311,0.42705316558441564,0.552409365729068,0,48.0,134.0,86.0,0.42705316558441564,0.4897312656567418,48.0,909,48.0,0.9300699300699301,False
BNDM,ForestCovertype,362,0.64,4716,0.5116279069767442,0.1788740910312923,0,122,361,3455,5.899,6,0.838,54.0,13.272526689665506,7.0,2.0,0.6970056904918152,413.5,0.7805185185185185,0.2592592592592592,168.25063888888891,0.000125,0.0,0.2703293785712328,40.5925925925926,2000.0,0.0,1.0,-3.48238693411383,0.0,2.5219219344944284,-1.8841056121267927,0.0,0.1729072631980554,0.301106036869958,0.9392315502144786,0.8602479119603493,1.1145293779433016,1.036087440057294,30.0,0.0,0.0020065250911484,0.727625,0.5902048975512244,0.8025987006496752,0.7146426786606698,49.0,0.1430867736315684,0.0938146492813726,0.0,0.05875,0.0,0.0614386950786761,0.0699180292431506,0.4444444444444444,0.2567364022629311,0.42283435545935544,0.6083619464117617,0,48.0,122.0,74.0,0.42283435545935544,0.5155981509355585,48.0,910,48.0,0.8461538461538461,False
BNDM,ForestCovertype,863,0.66,76,0.558139534883721,0.8469669701970017,0,5,897,4417,6.478,4,0.484,54.0,13.272526689665506,7.0,2.0,0.6970056904918152,413.5,0.7805185185185185,0.2592592592592592,168.25063888888891,0.000125,0.0,0.2703293785712328,40.5925925925926,2000.0,0.0,1.0,-3.48238693411383,0.0,2.5219219344944284,-1.8841056121267927,0.0,0.1729072631980554,0.301106036869958,0.9392315502144786,0.8602479119603493,1.1145293779433016,1.036087440057294,30.0,0.0,0.0020065250911484,0.727625,0.5902048975512244,0.8025987006496752,0.7146426786606698,49.0,0.1430867736315684,0.0938146492813726,0.0,0.05875,0.0,0.0614386950786761,0.0699180292431506,0.4444444444444444,0.2567364022629311,0.4227221620971619,0.6103213821568781,0,48.0,5.0,43.0,0.4227221620971619,0.51652177212702,48.0,911,48.0,0.027972027972027972,False
BNDM,ForestCovertype,209,0.65,4562,0.5348837209302326,0.1842629478969597,0,121,620,4003,9.901,4,0.31,54.0,13.272526689665506,7.0,2.0,0.6970056904918152,413.5,0.7805185185185185,0.2592592592592592,168.25063888888891,0.000125,0.0,0.2703293785712328,40.5925925925926,2000.0,0.0,1.0,-3.48238693411383,0.0,2.5219219344944284,-1.8841056121267927,0.0,0.1729072631980554,0.301106036869958,0.9392315502144786,0.8602479119603493,1.1145293779433016,1.036087440057294,30.0,0.0,0.0020065250911484,0.727625,0.5902048975512244,0.8025987006496752,0.7146426786606698,49.0,0.1430867736315684,0.0938146492813726,0.0,0.05875,0.0,0.0614386950786761,0.0699180292431506,0.4444444444444444,0.2567364022629311,0.40852095358345325,0.6161327259617467,0,48.0,121.0,73.0,0.40852095358345325,0.5123268397726,48.0,912,48.0,0.8391608391608392,False
BNDM,ForestCovertype,564,0.64,3307,0.5116279069767442,0.2364808473676388,0,116,399,3924,6.315,5,0.178,54.0,13.272526689665506,7.0,2.0,0.6970056904918152,413.5,0.7805185185185185,0.2592592592592592,168.25063888888891,0.000125,0.0,0.2703293785712328,40.5925925925926,2000.0,0.0,1.0,-3.48238693411383,0.0,2.5219219344944284,-1.8841056121267927,0.0,0.1729072631980554,0.301106036869958,0.9392315502144786,0.8602479119603493,1.1145293779433016,1.036087440057294,30.0,0.0,0.0020065250911484,0.727625,0.5902048975512244,0.8025987006496752,0.7146426786606698,49.0,0.1430867736315684,0.0938146492813726,0.0,0.05875,0.0,0.0614386950786761,0.0699180292431506,0.4444444444444444,0.2567364022629311,0.38990522035834535,0.6176082244538453,0,48.0,116.0,68.0,0.38990522035834535,0.5037567224060954,48.0,913,48.0,0.8041958041958042,False
BNDM,ForestCovertype,830,0.63,346,0.4883720930232558,0.6025449209757263,0,81,332,4427,7.298,4,0.593,54.0,13.272526689665506,7.0,2.0,0.6970056904918152,413.5,0.7805185185185185,0.2592592592592592,168.25063888888891,0.000125,0.0,0.2703293785712328,40.5925925925926,2000.0,0.0,1.0,-3.48238693411383,0.0,2.5219219344944284,-1.8841056121267927,0.0,0.1729072631980554,0.301106036869958,0.9392315502144786,0.8602479119603493,1.1145293779433016,1.036087440057294,30.0,0.0,0.0020065250911484,0.727625,0.5902048975512244,0.8025987006496752,0.7146426786606698,49.0,0.1430867736315684,0.0938146492813726,0.0,0.05875,0.0,0.0614386950786761,0.0699180292431506,0.4444444444444444,0.2567364022629311,0.3859146599927849,0.6243296722913664,0,48.0,81.0,33.0,0.3859146599927849,0.5051221661420756,48.0,914,48.0,0.5594405594405595,False
BNDM,ForestCovertype,716,0.55,64,0.302325581395349,0.8744721176095962,0,13,97,4128,4.608,5,0.618,54.0,13.272526689665506,7.0,2.0,0.6970056904918152,413.5,0.7805185185185185,0.2592592592592592,168.25063888888891,0.000125,0.0,0.2703293785712328,40.5925925925926,2000.0,0.0,1.0,-3.48238693411383,0.0,2.5219219344944284,-1.8841056121267927,0.0,0.1729072631980554,0.301106036869958,0.9392315502144786,0.8602479119603493,1.1145293779433016,1.036087440057294,30.0,0.0,0.0020065250911484,0.727625,0.5902048975512244,0.8025987006496752,0.7146426786606698,49.0,0.1430867736315684,0.0938146492813726,0.0,0.05875,0.0,0.0614386950786761,0.0699180292431506,0.4444444444444444,0.2567364022629311,0.3702384184102934,0.636941271109116,0,48.0,13.0,35.0,0.3702384184102934,0.5035898447597047,48.0,915,48.0,0.08391608391608392,False
BNDM,ForestCovertype,652,0.62,9653,0.4651162790697675,0.0625986624450485,0,137,807,4334,3.259,9,0.381,54.0,13.272526689665506,7.0,2.0,0.6970056904918152,413.5,0.7805185185185185,0.2592592592592592,168.25063888888891,0.000125,0.0,0.2703293785712328,40.5925925925926,2000.0,0.0,1.0,-3.48238693411383,0.0,2.5219219344944284,-1.8841056121267927,0.0,0.1729072631980554,0.301106036869958,0.9392315502144786,0.8602479119603493,1.1145293779433016,1.036087440057294,30.0,0.0,0.0020065250911484,0.727625,0.5902048975512244,0.8025987006496752,0.7146426786606698,49.0,0.1430867736315684,0.0938146492813726,0.0,0.05875,0.0,0.0614386950786761,0.0699180292431506,0.4444444444444444,0.2567364022629311,0.4258678376022127,0.5448013128742879,0,49.0,137.0,88.0,0.4258678376022127,0.4853345752382503,49.0,916,49.0,0.951048951048951,False
BNDM,ForestCovertype,642,0.62,119,0.4651162790697675,0.774934206759066,0,39,1086,4894,2.4,9,0.5,54.0,13.272526689665506,7.0,2.0,0.6970056904918152,413.5,0.7805185185185185,0.2592592592592592,168.25063888888891,0.000125,0.0,0.2703293785712328,40.5925925925926,2000.0,0.0,1.0,-3.48238693411383,0.0,2.5219219344944284,-1.8841056121267927,0.0,0.1729072631980554,0.301106036869958,0.9392315502144786,0.8602479119603493,1.1145293779433016,1.036087440057294,30.0,0.0,0.0020065250911484,0.727625,0.5902048975512244,0.8025987006496752,0.7146426786606698,49.0,0.1430867736315684,0.0938146492813726,0.0,0.05875,0.0,0.0614386950786761,0.0699180292431506,0.4444444444444444,0.2567364022629311,0.4225652056277058,0.6052126735650732,0,49.0,39.0,10.0,0.4225652056277058,0.5138889395963895,49.0,917,49.0,0.26573426573426573,False
BNDM,ForestCovertype,754,0.61,5633,0.4418604651162791,0.1500330391375551,0,127,160,3335,5.386,6,0.864,54.0,13.272526689665506,7.0,2.0,0.6970056904918152,413.5,0.7805185185185185,0.2592592592592592,168.25063888888891,0.000125,0.0,0.2703293785712328,40.5925925925926,2000.0,0.0,1.0,-3.48238693411383,0.0,2.5219219344944284,-1.8841056121267927,0.0,0.1729072631980554,0.301106036869958,0.9392315502144786,0.8602479119603493,1.1145293779433016,1.036087440057294,30.0,0.0,0.0020065250911484,0.727625,0.5902048975512244,0.8025987006496752,0.7146426786606698,49.0,0.1430867736315684,0.0938146492813726,0.0,0.05875,0.0,0.0614386950786761,0.0699180292431506,0.4444444444444444,0.2567364022629311,0.39983326569264077,0.6083469275280053,0,49.0,127.0,78.0,0.39983326569264077,0.504090096610323,49.0,918,49.0,0.8811188811188811,False
BNDM,ForestCovertype,742,0.59,4489,0.3953488372093023,0.1868812743014259,0,122,28,3083,2.237,7,0.436,54.0,13.272526689665506,7.0,2.0,0.6970056904918152,413.5,0.7805185185185185,0.2592592592592592,168.25063888888891,0.000125,0.0,0.2703293785712328,40.5925925925926,2000.0,0.0,1.0,-3.48238693411383,0.0,2.5219219344944284,-1.8841056121267927,0.0,0.1729072631980554,0.301106036869958,0.9392315502144786,0.8602479119603493,1.1145293779433016,1.036087440057294,30.0,0.0,0.0020065250911484,0.727625,0.5902048975512244,0.8025987006496752,0.7146426786606698,49.0,0.1430867736315684,0.0938146492813726,0.0,0.05875,0.0,0.0614386950786761,0.0699180292431506,0.4444444444444444,0.2567364022629311,0.38332000811688305,0.6097038325781545,0,49.0,122.0,73.0,0.38332000811688305,0.4965119203475188,49.0,919,49.0,0.8461538461538461,False
BNDM,ForestCovertype,472,0.57,4102,0.3488372093023255,0.2015146347637265,0,119,210,4678,8.112,5,0.797,54.0,13.272526689665506,7.0,2.0,0.6970056904918152,413.5,0.7805185185185185,0.2592592592592592,168.25063888888891,0.000125,0.0,0.2703293785712328,40.5925925925926,2000.0,0.0,1.0,-3.48238693411383,0.0,2.5219219344944284,-1.8841056121267927,0.0,0.1729072631980554,0.301106036869958,0.9392315502144786,0.8602479119603493,1.1145293779433016,1.036087440057294,30.0,0.0,0.0020065250911484,0.727625,0.5902048975512244,0.8025987006496752,0.7146426786606698,49.0,0.1430867736315684,0.0938146492813726,0.0,0.05875,0.0,0.0614386950786761,0.0699180292431506,0.4444444444444444,0.2567364022629311,0.3728089375901876,0.6204987130099184,0,49.0,119.0,70.0,0.3728089375901876,0.496653825300053,49.0,920,49.0,0.8251748251748252,False
BNDM,ForestCovertype,425,0.52,2617,0.2325581395348838,0.2744600402221099,0,111,57,4114,9.863,4,0.266,54.0,13.272526689665506,7.0,2.0,0.6970056904918152,413.5,0.7805185185185185,0.2592592592592592,168.25063888888891,0.000125,0.0,0.2703293785712328,40.5925925925926,2000.0,0.0,1.0,-3.48238693411383,0.0,2.5219219344944284,-1.8841056121267927,0.0,0.1729072631980554,0.301106036869958,0.9392315502144786,0.8602479119603493,1.1145293779433016,1.036087440057294,30.0,0.0,0.0020065250911484,0.727625,0.5902048975512244,0.8025987006496752,0.7146426786606698,49.0,0.1430867736315684,0.0938146492813726,0.0,0.05875,0.0,0.0614386950786761,0.0699180292431506,0.4444444444444444,0.2567364022629311,0.3643758567821066,0.620829392364482,0,49.0,111.0,62.0,0.3643758567821066,0.4926026245732943,49.0,921,49.0,0.7692307692307693,False
BNDM,ForestCovertype,255,0.59,43,0.3953488372093023,0.9378209581769352,0,7,45,4808,6.259,5,0.514,54.0,13.272526689665506,7.0,2.0,0.6970056904918152,413.5,0.7805185185185185,0.2592592592592592,168.25063888888891,0.000125,0.0,0.2703293785712328,40.5925925925926,2000.0,0.0,1.0,-3.48238693411383,0.0,2.5219219344944284,-1.8841056121267927,0.0,0.1729072631980554,0.301106036869958,0.9392315502144786,0.8602479119603493,1.1145293779433016,1.036087440057294,30.0,0.0,0.0020065250911484,0.727625,0.5902048975512244,0.8025987006496752,0.7146426786606698,49.0,0.1430867736315684,0.0938146492813726,0.0,0.05875,0.0,0.0614386950786761,0.0699180292431506,0.4444444444444444,0.2567364022629311,0.35780284241221744,0.6296413331393222,0,49.0,7.0,42.0,0.35780284241221744,0.49372208777576987,49.0,922,49.0,0.04195804195804196,False
BNDM,ForestCovertype,113,0.64,6438,0.5116279069767442,0.1283505285079619,0,128,2488,4993,9.403,6,0.182,54.0,13.272526689665506,7.0,2.0,0.6970056904918152,413.5,0.7805185185185185,0.2592592592592592,168.25063888888891,0.000125,0.0,0.2703293785712328,40.5925925925926,2000.0,0.0,1.0,-3.48238693411383,0.0,2.5219219344944284,-1.8841056121267927,0.0,0.1729072631980554,0.301106036869958,0.9392315502144786,0.8602479119603493,1.1145293779433016,1.036087440057294,30.0,0.0,0.0020065250911484,0.727625,0.5902048975512244,0.8025987006496752,0.7146426786606698,49.0,0.1430867736315684,0.0938146492813726,0.0,0.05875,0.0,0.0614386950786761,0.0699180292431506,0.4444444444444444,0.2567364022629311,0.42126663961038935,0.5982994583666941,0,50.0,128.0,78.0,0.42126663961038935,0.5097830489885418,50.0,923,50.0,0.8881118881118881,False
BNDM,ForestCovertype,414,0.65,3213,0.5348837209302326,0.2411610123835577,0,115,597,3900,2.503,8,0.632,54.0,13.272526689665506,7.0,2.0,0.6970056904918152,413.5,0.7805185185185185,0.2592592592592592,168.25063888888891,0.000125,0.0,0.2703293785712328,40.5925925925926,2000.0,0.0,1.0,-3.48238693411383,0.0,2.5219219344944284,-1.8841056121267927,0.0,0.1729072631980554,0.301106036869958,0.9392315502144786,0.8602479119603493,1.1145293779433016,1.036087440057294,30.0,0.0,0.0020065250911484,0.727625,0.5902048975512244,0.8025987006496752,0.7146426786606698,49.0,0.1430867736315684,0.0938146492813726,0.0,0.05875,0.0,0.0614386950786761,0.0699180292431506,0.4444444444444444,0.2567364022629311,0.4184813537157286,0.6008777359893116,0,50.0,115.0,65.0,0.4184813537157286,0.5096795448525201,50.0,924,50.0,0.7972027972027972,False
BNDM,ForestCovertype,216,0.65,2415,0.5348837209302326,0.2874963734141192,0,108,1024,4988,6.174,7,0.347,54.0,13.272526689665506,7.0,2.0,0.6970056904918152,413.5,0.7805185185185185,0.2592592592592592,168.25063888888891,0.000125,0.0,0.2703293785712328,40.5925925925926,2000.0,0.0,1.0,-3.48238693411383,0.0,2.5219219344944284,-1.8841056121267927,0.0,0.1729072631980554,0.301106036869958,0.9392315502144786,0.8602479119603493,1.1145293779433016,1.036087440057294,30.0,0.0,0.0020065250911484,0.727625,0.5902048975512244,0.8025987006496752,0.7146426786606698,49.0,0.1430867736315684,0.0938146492813726,0.0,0.05875,0.0,0.0614386950786761,0.0699180292431506,0.4444444444444444,0.2567364022629311,0.4151605263949013,0.568089643963012,0,51.0,108.0,57.0,0.4151605263949013,0.49162508517895664,51.0,925,51.0,0.7482517482517482,False
BNDM,ForestCovertype,441,0.64,79,0.5116279069767442,0.8407617313795698,0,16,965,4899,5.108,6,0.331,54.0,13.272526689665506,7.0,2.0,0.6970056904918152,413.5,0.7805185185185185,0.2592592592592592,168.25063888888891,0.000125,0.0,0.2703293785712328,40.5925925925926,2000.0,0.0,1.0,-3.48238693411383,0.0,2.5219219344944284,-1.8841056121267927,0.0,0.1729072631980554,0.301106036869958,0.9392315502144786,0.8602479119603493,1.1145293779433016,1.036087440057294,30.0,0.0,0.0020065250911484,0.727625,0.5902048975512244,0.8025987006496752,0.7146426786606698,49.0,0.1430867736315684,0.0938146492813726,0.0,0.05875,0.0,0.0614386950786761,0.0699180292431506,0.4444444444444444,0.2567364022629311,0.41228420364357843,0.5977228088652059,0,51.0,16.0,35.0,0.41228420364357843,0.5050035062543922,51.0,926,51.0,0.1048951048951049,False
BNDM,ForestCovertype,588,0.62,8732,0.4651162790697675,0.0788764881668866,0,133,589,4904,9.503,6,0.641,54.0,13.272526689665506,7.0,2.0,0.6970056904918152,413.5,0.7805185185185185,0.2592592592592592,168.25063888888891,0.000125,0.0,0.2703293785712328,40.5925925925926,2000.0,0.0,1.0,-3.48238693411383,0.0,2.5219219344944284,-1.8841056121267927,0.0,0.1729072631980554,0.301106036869958,0.9392315502144786,0.8602479119603493,1.1145293779433016,1.036087440057294,30.0,0.0,0.0020065250911484,0.727625,0.5902048975512244,0.8025987006496752,0.7146426786606698,49.0,0.1430867736315684,0.0938146492813726,0.0,0.05875,0.0,0.0614386950786761,0.0699180292431506,0.4444444444444444,0.2567364022629311,0.4070622219215969,0.5908487932012004,0,52.0,133.0,81.0,0.4070622219215969,0.49895550756139867,52.0,927,52.0,0.9230769230769231,False
BNDM,ForestCovertype,660,0.6,3612,0.4186046511627906,0.222162384387396,0,117,242,3558,3.031,8,0.869,54.0,13.272526689665506,7.0,2.0,0.6970056904918152,413.5,0.7805185185185185,0.2592592592592592,168.25063888888891,0.000125,0.0,0.2703293785712328,40.5925925925926,2000.0,0.0,1.0,-3.48238693411383,0.0,2.5219219344944284,-1.8841056121267927,0.0,0.1729072631980554,0.301106036869958,0.9392315502144786,0.8602479119603493,1.1145293779433016,1.036087440057294,30.0,0.0,0.0020065250911484,0.727625,0.5902048975512244,0.8025987006496752,0.7146426786606698,49.0,0.1430867736315684,0.0938146492813726,0.0,0.05875,0.0,0.0614386950786761,0.0699180292431506,0.4444444444444444,0.2567364022629311,0.39596513498075975,0.5612396756592816,0,53.0,117.0,64.0,0.39596513498075975,0.47860240532002063,53.0,928,53.0,0.8111888111888111,False
BNDM,ForestCovertype,465,0.42,2786,0.0,0.2643041820406869,0,114,19,4303,6.145,6,0.271,54.0,13.272526689665506,7.0,2.0,0.6970056904918152,413.5,0.7805185185185185,0.2592592592592592,168.25063888888891,0.000125,0.0,0.2703293785712328,40.5925925925926,2000.0,0.0,1.0,-3.48238693411383,0.0,2.5219219344944284,-1.8841056121267927,0.0,0.1729072631980554,0.301106036869958,0.9392315502144786,0.8602479119603493,1.1145293779433016,1.036087440057294,30.0,0.0,0.0020065250911484,0.727625,0.5902048975512244,0.8025987006496752,0.7146426786606698,49.0,0.1430867736315684,0.0938146492813726,0.0,0.05875,0.0,0.0614386950786761,0.0699180292431506,0.4444444444444444,0.2567364022629311,0.35201775192400203,0.5798317176871643,0,53.0,114.0,61.0,0.35201775192400203,0.46592473480558316,53.0,929,53.0,0.7902097902097902,False
BNDM,ForestCovertype,283,0.63,8079,0.4883720930232558,0.0914939069138554,0,131,347,4775,9.064,7,0.75,54.0,13.272526689665506,7.0,2.0,0.6970056904918152,413.5,0.7805185185185185,0.2592592592592592,168.25063888888891,0.000125,0.0,0.2703293785712328,40.5925925925926,2000.0,0.0,1.0,-3.48238693411383,0.0,2.5219219344944284,-1.8841056121267927,0.0,0.1729072631980554,0.301106036869958,0.9392315502144786,0.8602479119603493,1.1145293779433016,1.036087440057294,30.0,0.0,0.0020065250911484,0.727625,0.5902048975512244,0.8025987006496752,0.7146426786606698,49.0,0.1430867736315684,0.0938146492813726,0.0,0.05875,0.0,0.0614386950786761,0.0699180292431506,0.4444444444444444,0.2567364022629311,0.3922263257575757,0.5578701367930056,0,54.0,131.0,77.0,0.3922263257575757,0.4750482312752906,54.0,930,54.0,0.9090909090909091,False
