detector,dataset_name,index,ACCURACY,RUNTIME,transformed_accuracy,transformed_runtime,is_pareto,pareto_layer,recent_samples_size,n_samples,n_windows,disjoint_training_windows,pbi,pbi_WACC_0p1_WRT_0p9,pbi_WACC_0p3_WRT_0p7,pbi_WACC_0p5_WRT_0p5,pbi_WACC_0p7_WRT_0p3,pbi_WACC_0p9_WRT_0p1,PC1,PC2,PC3,PC4,PC5,real_pbi_WACC_0p1_WRT_0p9,pred_pbi_WACC_0p1_WRT_0p9,abs_error_pbi_WACC_0p1_WRT_0p9,real_pbi_WACC_0p3_WRT_0p7,pred_pbi_WACC_0p3_WRT_0p7,abs_error_pbi_WACC_0p3_WRT_0p7,real_pbi_WACC_0p5_WRT_0p5,pred_pbi_WACC_0p5_WRT_0p5,abs_error_pbi_WACC_0p5_WRT_0p5,real_pbi_WACC_0p7_WRT_0p3,pred_pbi_WACC_0p7_WRT_0p3,abs_error_pbi_WACC_0p7_WRT_0p3,real_pbi_WACC_0p9_WRT_0p1,pred_pbi_WACC_0p9_WRT_0p1,abs_error_pbi_WACC_0p9_WRT_0p1,rank_pbi_WACC_0p1_WRT_0p9,rank_pct_pbi_WACC_0p1_WRT_0p9,rank_pbi_WACC_0p3_WRT_0p7,rank_pct_pbi_WACC_0p3_WRT_0p7,rank_pbi_WACC_0p5_WRT_0p5,rank_pct_pbi_WACC_0p5_WRT_0p5,rank_pbi_WACC_0p7_WRT_0p3,rank_pct_pbi_WACC_0p7_WRT_0p3,rank_pbi_WACC_0p9_WRT_0p1,rank_pct_pbi_WACC_0p9_WRT_0p1,best_region_rank_pct,best_region_name,mean_region_rank_pct,recommendation_rank,selected_at_20,selection_source_region_at_20,final_selection_rank_at_20,selected_WACC_0p1_WRT_0p9_at_20,selected_WACC_0p3_WRT_0p7_at_20,selected_WACC_0p5_WRT_0p5_at_20,selected_WACC_0p7_WRT_0p3_at_20,selected_WACC_0p9_WRT_0p1_at_20,real_pareto_layer,normalized_pareto_depth
UDetect,ForestCovertype,152,0.72,235,0.6363636363636361,0.4329172381147796,0,7,1139,2538,1,False,0.20760204304798252,0.4726893261186227,0.414049622623157,0.20760204304798252,0.12055354840554926,0.2695446621573339,-3.181649610463174,-2.10523109526996,2.3061762316703245,1.5150308215472654,0.4335808906591327,0.4726893261186227,0.28074612897438345,0.19194319714423924,0.414049622623157,0.27657146998588433,0.13747815263727264,0.20760204304798252,0.31205544988525946,0.10445340683727694,0.12055354840554926,0.2935786293697208,0.17302508096417152,0.2695446621573339,0.29524969982080757,0.02570503766347365,606.0,0.5638397017707363,114.0,0.10531220876048462,1.0,0.0,17.0,0.014911463187325256,138.0,0.1276794035414725,0.0,WACC_0p5_WRT_0p5,0.16234855545200375,1,True,WACC_0p5_WRT_0p5,1.0,False,False,True,False,False,7.0,0.06896551724137931
UDetect,ForestCovertype,306,0.73,319,0.6818181818181817,0.3519131283990976,0,17,1155,1876,1,False,0.3382019734337173,0.5594710840505899,0.5182193159631033,0.3382019734337173,0.04781452929217923,0.22780909534827473,-3.181649610463174,-2.10523109526996,2.3061762316703245,1.5150308215472654,0.4335808906591327,0.5594710840505899,0.33838992484501407,0.2210811592055758,0.5182193159631033,0.32549395880392784,0.1927253571591755,0.3382019734337173,0.3789529377756445,0.04075096434192721,0.04781452929217923,0.2739809061127597,0.2261663768205805,0.22780909534827473,0.2742293510788914,0.04642025573061667,678.0,0.6309412861136999,275.0,0.255358807082945,85.0,0.0782851817334576,1.0,0.0,89.0,0.08201304753028892,0.0,WACC_0p7_WRT_0p3,0.20931966449207828,2,True,WACC_0p7_WRT_0p3,2.0,False,False,False,True,False,17.0,0.1839080459770115
UDetect,ForestCovertype,399,0.67,86,0.4090909090909093,0.6983976631332989,0,9,520,5000,1,False,0.2840824014707421,0.19594205638172799,0.05368798543599994,0.2840824014707421,0.4500635296246492,0.4914067406277021,-3.181649610463174,-2.10523109526996,2.3061762316703245,1.5150308215472654,0.4335808906591327,0.19594205638172799,0.152853672243722,0.043088384138005975,0.05368798543599994,0.16794266863291088,0.11425468319691094,0.2840824014707421,0.39870757865051953,0.11462517717977744,0.4500635296246492,0.44588894997832135,0.004174579646327836,0.4914067406277021,0.4579905286209774,0.03341621200672473,426.0,0.3960857409133271,1.0,0.0,150.0,0.13886300093196646,490.0,0.45573159366262816,490.0,0.45573159366262816,0.0,WACC_0p3_WRT_0p7,0.28928238583411,3,True,WACC_0p3_WRT_0p7,3.0,False,True,False,False,False,9.0,0.09195402298850575
UDetect,ForestCovertype,150,0.75,524,0.7727272727272726,0.2202063405940493,0,13,1502,1384,1,False,0.5638482761825925,0.6989066449669358,0.691708649716733,0.5638482761825925,0.13896451875953017,0.14147497529443404,-3.181649610463174,-2.10523109526996,2.3061762316703245,1.5150308215472654,0.4335808906591327,0.6989066449669358,0.42072122416990404,0.27818542079703173,0.691708649716733,0.3934632272202558,0.2982454224964772,0.5638482761825925,0.4436710304494085,0.120177245733184,0.13896451875953017,0.3060574880897325,0.16709296933020232,0.14147497529443404,0.2179368355753043,0.07646186028087026,846.0,0.7875116495806151,855.0,0.7958993476234856,337.0,0.3131407269338304,39.0,0.035414725069897485,1.0,0.0,0.0,WACC_0p9_WRT_0p1,0.38639328984156573,4,True,WACC_0p9_WRT_0p1,4.0,False,False,False,False,True,13.0,0.13793103448275862
UDetect,ForestCovertype,252,0.58,30,0.0,0.9729224656013556,0,4,5000,3346,3919,True,0.9788194234027437,0.11199107322659677,0.48951712015468507,0.9788194234027437,0.9933664340688685,0.9099707607476553,-3.181649610463174,-2.10523109526996,2.3061762316703245,1.5150308215472654,0.4335808906591327,0.11199107322659677,0.09746389905339409,0.014527174173202678,0.48951712015468507,0.35387657219961943,0.13564054795506564,0.9788194234027437,0.7529270595303581,0.22589236387238565,0.9933664340688685,0.7391043573451985,0.25426207672366996,0.9099707607476553,0.6965528808261784,0.21341787992147687,1.0,0.0,632.0,0.5880708294501398,910.0,0.8471575023299162,740.0,0.6887232059645852,953.0,0.8872320596458527,0.0,WACC_0p1_WRT_0p9,0.6022367194780988,5,True,WACC_0p1_WRT_0p9,5.0,True,False,False,False,False,4.0,0.034482758620689655
UDetect,ForestCovertype,229,0.71,180,0.5909090909090907,0.5035049889337839,0,11,1025,2788,1,False,0.08922393191436437,0.39763932500685145,0.3218599130451961,0.08922393191436437,0.19074072500304748,0.3122644033974421,-3.181649610463174,-2.10523109526996,2.3061762316703245,1.5150308215472654,0.4335808906591327,0.39763932500685145,0.25819809117400505,0.1394412338328464,0.3218599130451961,0.25793844926505316,0.06392146378014296,0.08922393191436437,0.31234495664381423,0.22312102472944986,0.19074072500304748,0.3222283378136607,0.13148761281061325,0.3122644033974421,0.3225812573251792,0.010316853927737124,581.0,0.5405405405405406,85.0,0.0782851817334576,2.0,0.0009319664492078285,138.0,0.1276794035414725,200.0,0.18546132339235788,0.0009319664492078285,WACC_0p5_WRT_0p5,0.18657968313140727,6,True,WACC_0p5_WRT_0p5,6.0,False,False,True,False,False,11.0,0.11494252873563218
UDetect,ForestCovertype,184,0.73,320,0.6818181818181817,0.3510830722107831,0,18,1222,1993,1,False,0.3391759026928095,0.5604059613378451,0.5191739738964732,0.3391759026928095,0.0476111787074966,0.22788752199284182,-3.181649610463174,-2.10523109526996,2.3061762316703245,1.5150308215472654,0.4335808906591327,0.5604059613378451,0.31730030186057034,0.2431056594772748,0.5191739738964732,0.3296593859623068,0.18951458793416642,0.3391759026928095,0.3894279323231108,0.05025202963030129,0.0476111787074966,0.2771735313961329,0.22956235268863628,0.22788752199284182,0.27035666092785393,0.04246913893501211,655.0,0.6095060577819198,304.0,0.28238583410997203,124.0,0.11463187325256291,2.0,0.0009319664492078285,79.0,0.07269338303821063,0.0009319664492078285,WACC_0p7_WRT_0p3,0.21602982292637463,7,True,WACC_0p7_WRT_0p3,7.0,False,False,False,True,False,18.0,0.19540229885057472
UDetect,ForestCovertype,192,0.67,86,0.4090909090909093,0.6983976631332989,0,9,657,5000,1,False,0.2840824014707421,0.19594205638172799,0.05368798543599994,0.2840824014707421,0.4500635296246492,0.4914067406277021,-3.181649610463174,-2.10523109526996,2.3061762316703245,1.5150308215472654,0.4335808906591327,0.19594205638172799,0.1716291676550944,0.02431288872663359,0.05368798543599994,0.16978248479473684,0.1160944993587369,0.2840824014707421,0.3715989988680429,0.08751659739730078,0.4500635296246492,0.421834237530046,0.028229292094603176,0.4914067406277021,0.4265699626249366,0.0648367780027655,454.0,0.42218080149114634,2.0,0.0009319664492078285,61.0,0.05591798695246971,443.0,0.4119291705498602,433.0,0.4026095060577819,0.0009319664492078285,WACC_0p3_WRT_0p7,0.2587138863000932,8,True,WACC_0p3_WRT_0p7,8.0,False,True,False,False,False,9.0,0.09195402298850575
UDetect,ForestCovertype,79,0.73,488,0.6818181818181817,0.2391041856859259,0,36,3937,2082,1,False,0.4705640129466307,0.6865257579709022,0.6479622823216796,0.4705640129466307,0.03714778643362601,0.23846768325920037,-3.181649610463174,-2.10523109526996,2.3061762316703245,1.5150308215472654,0.4335808906591327,0.6865257579709022,0.3839835036299612,0.302542254340941,0.6479622823216796,0.4153176277675741,0.23264465455410555,0.4705640129466307,0.46777991383499445,0.00278409911163624,0.03714778643362601,0.31687140404880415,0.27972361761517817,0.23846768325920037,0.22511741535064003,0.013350267908560337,770.0,0.7166821994408201,903.0,0.8406337371854613,425.0,0.3951537744641193,95.0,0.08760484622553588,2.0,0.0009319664492078285,0.0009319664492078285,WACC_0p9_WRT_0p1,0.4082013047530289,9,True,WACC_0p9_WRT_0p1,9.0,False,False,False,False,True,36.0,0.40229885057471265
UDetect,ForestCovertype,928,0.58,29,0.0,0.9816456337335658,0,3,4895,3675,3385,True,0.9856428559972665,0.1213886569836784,0.497965645654041,0.9856428559972665,0.995503471735646,0.9091465649688208,-3.181649610463174,-2.10523109526996,2.3061762316703245,1.5150308215472654,0.4335808906591327,0.1213886569836784,0.09759116124471584,0.02379749573896256,0.497965645654041,0.3572672201891043,0.14069842546493672,0.9856428559972665,0.7560054909344968,0.22963736506276977,0.995503471735646,0.7395076656433509,0.2559958060922951,0.9091465649688208,0.6998363509016615,0.20931021406715933,2.0,0.0009319664492078285,723.0,0.6728797763280522,980.0,0.9123951537744641,750.0,0.6980428704566636,1005.0,0.9356943150046598,0.0009319664492078285,WACC_0p1_WRT_0p9,0.6439888164026095,10,True,WACC_0p1_WRT_0p9,10.0,True,False,False,False,False,3.0,0.022988505747126436
UDetect,ForestCovertype,311,0.71,172,0.5909090909090907,0.5155311175147893,0,8,1013,3029,1,False,0.07511332270075144,0.3840945136768808,0.30802851317225743,0.07511332270075144,0.1936869355281224,0.3111281322328886,-3.181649610463174,-2.10523109526996,2.3061762316703245,1.5150308215472654,0.4335808906591327,0.3840945136768808,0.2474416061988598,0.136652907478021,0.30802851317225743,0.2539617063194,0.05406680685285742,0.07511332270075144,0.314004264738238,0.23889094203748656,0.1936869355281224,0.3241906976902657,0.1305037621621433,0.3111281322328886,0.3290255156278934,0.017897383395004796,569.0,0.5293569431500466,74.0,0.06803355079217148,3.0,0.001863932898415657,148.0,0.1369990680335508,208.0,0.1929170549860205,0.001863932898415657,WACC_0p5_WRT_0p5,0.185834109972041,11,True,WACC_0p5_WRT_0p5,11.0,False,False,True,False,False,8.0,0.08045977011494253
UDetect,ForestCovertype,376,0.74,411,0.7272727272727272,0.2846860156034015,0,17,1221,1766,1,False,0.45263694945648963,0.6307360592774783,0.6065439140036746,0.45263694945648963,0.05098158634693706,0.18477182914120244,-3.181649610463174,-2.10523109526996,2.3061762316703245,1.5150308215472654,0.4335808906591327,0.6307360592774783,0.3546581354101063,0.276077923867372,0.6065439140036746,0.33839505926294255,0.268148854740732,0.45263694945648963,0.38725254353346844,0.0653844059230212,0.05098158634693706,0.27743539476859863,0.22645380842166157,0.18477182914120244,0.2628209717086189,0.07804914256741646,716.0,0.6663560111835974,368.0,0.34203168685927304,112.0,0.10344827586206896,3.0,0.001863932898415657,57.0,0.0521901211556384,0.001863932898415657,WACC_0p7_WRT_0p3,0.2331780055917987,12,True,WACC_0p7_WRT_0p3,12.0,False,False,False,True,False,17.0,0.1839080459770115
UDetect,ForestCovertype,247,0.66,64,0.3636363636363638,0.7759517686097671,0,3,391,5000,1,False,0.3980798891507845,0.11304597588892921,0.05661897194021749,0.3980798891507845,0.5219573524861533,0.5334682760398908,-3.181649610463174,-2.10523109526996,2.3061762316703245,1.5150308215472654,0.4335808906591327,0.11304597588892921,0.14614506938847827,0.03309909349954905,0.05661897194021749,0.17331130985777657,0.11669233791755908,0.3980798891507845,0.42119485379834776,0.02311496464756324,0.5219573524861533,0.47607762314773605,0.04587972933841722,0.5334682760398908,0.4790624883189043,0.054405787720986476,414.0,0.3849021435228332,3.0,0.001863932898415657,237.0,0.21994408201304752,529.0,0.49207828518173347,513.0,0.4771668219944082,0.001863932898415657,WACC_0p3_WRT_0p7,0.3151910531220876,13,True,WACC_0p3_WRT_0p7,13.0,False,True,False,False,False,3.0,0.022988505747126436
UDetect,ForestCovertype,66,0.74,611,0.7272727272727272,0.1794144630844785,0,32,3902,1799,1,False,0.5761551480936664,0.7493015068092818,0.7276180342682818,0.5761551480936664,0.1219036975911935,0.19471825776694968,-3.181649610463174,-2.10523109526996,2.3061762316703245,1.5150308215472654,0.4335808906591327,0.7493015068092818,0.4219217271347717,0.32737977967451004,0.7276180342682818,0.43140461101098243,0.2962134232572993,0.5761551480936664,0.4707170398148663,0.10543810827880012,0.1219036975911935,0.3177136394386463,0.19580994184745276,0.19471825776694968,0.22835878206095142,0.033640524294001745,854.0,0.7949673811742777,939.0,0.8741845293569431,435.0,0.4044734389561976,107.0,0.09878844361602983,3.0,0.001863932898415657,0.001863932898415657,WACC_0p9_WRT_0p1,0.4348555452003728,14,True,WACC_0p9_WRT_0p1,14.0,False,False,False,False,True,32.0,0.3563218390804598
UDetect,ForestCovertype,7,0.58,29,0.0,0.9816456337335658,0,3,2597,4256,3562,True,0.9856428559972665,0.1213886569836784,0.497965645654041,0.9856428559972665,0.995503471735646,0.9091465649688208,-3.181649610463174,-2.10523109526996,2.3061762316703245,1.5150308215472654,0.4335808906591327,0.1213886569836784,0.0983864251649967,0.023002231818681704,0.497965645654041,0.35134052110466935,0.14662512454937165,0.9856428559972665,0.7532424534381932,0.23240040255907335,0.995503471735646,0.7377767600379667,0.25772671169767936,0.9091465649688208,0.6950700654810984,0.21407649948772245,3.0,0.001863932898415657,542.0,0.5041938490214353,919.0,0.8555452003727866,714.0,0.6644920782851818,912.0,0.8490214352283317,0.001863932898415657,WACC_0p1_WRT_0p9,0.5750232991612301,15,True,WACC_0p1_WRT_0p9,15.0,True,False,False,False,False,3.0,0.022988505747126436
UDetect,ForestCovertype,456,0.71,149,0.5909090909090907,0.5534823714828058,0,4,794,2574,1,False,0.03058400386783339,0.3413507020445581,0.26438030454257744,0.03058400386783339,0.2029843900769589,0.3075423635250259,-3.181649610463174,-2.10523109526996,2.3061762316703245,1.5150308215472654,0.4335808906591327,0.3413507020445581,0.24376180678635634,0.09758889525820175,0.26438030454257744,0.24863231909536423,0.015747985447213203,0.03058400386783339,0.3164907926770189,0.2859067888091855,0.2029843900769589,0.3239465567386912,0.12096216666173232,0.3075423635250259,0.33850749421684534,0.030965130691819442,562.0,0.5228331780055918,68.0,0.06244175209692451,4.0,0.0027958993476234857,146.0,0.13513513513513514,231.0,0.21435228331780057,0.0027958993476234857,WACC_0p5_WRT_0p5,0.1875116495806151,16,True,WACC_0p5_WRT_0p5,16.0,False,False,True,False,False,4.0,0.034482758620689655
UDetect,ForestCovertype,429,0.67,93,0.4090909090909093,0.6778102729070001,0,10,788,5000,1,False,0.26797854248542924,0.21912926201597777,0.07736579867757096,0.26797854248542924,0.4450199459509848,0.4933519100735453,-3.181649610463174,-2.10523109526996,2.3061762316703245,1.5150308215472654,0.4335808906591327,0.21912926201597777,0.18449962070659162,0.034629641309386144,0.07736579867757096,0.17891141381274986,0.1015456151351789,0.26797854248542924,0.3461152375126158,0.07813669502718656,0.4450199459509848,0.40271507170974447,0.04230487424124035,0.4933519100735453,0.41242143726616187,0.08093047280738341,469.0,0.4361602982292637,4.0,0.0027958993476234857,23.0,0.02050326188257223,410.0,0.3811742777260019,407.0,0.3783783783783784,0.0027958993476234857,WACC_0p3_WRT_0p7,0.24380242311276792,17,True,WACC_0p3_WRT_0p7,17.0,False,True,False,False,False,10.0,0.10344827586206896
UDetect,ForestCovertype,45,0.74,437,0.7272727272727272,0.2684059896128841,0,20,1110,1495,1202,False,0.4717387812049448,0.6490719583994002,0.6252677741303934,0.4717387812049448,0.06194954290054931,0.18631002357897217,-3.181649610463174,-2.10523109526996,2.3061762316703245,1.5150308215472654,0.4335808906591327,0.6490719583994002,0.4430936372812487,0.20597832111815156,0.6252677741303934,0.3814218494945167,0.24384592463587668,0.4717387812049448,0.4038326509128579,0.06790613029208686,0.06194954290054931,0.2795384731774947,0.21758893027694537,0.18631002357897217,0.2745882008290401,0.08827817725006795,921.0,0.8574091332712023,819.0,0.7623485554520038,168.0,0.15563839701770738,4.0,0.0027958993476234857,91.0,0.08387698042870456,0.0027958993476234857,WACC_0p7_WRT_0p3,0.37241379310344824,18,True,WACC_0p7_WRT_0p3,18.0,False,False,False,True,False,20.0,0.21839080459770116
UDetect,ForestCovertype,162,0.74,692,0.7272727272727272,0.1463471944114651,0,39,4317,1384,1,False,0.6149539438044825,0.7865445740487953,0.7656491107399508,0.6149539438044825,0.14418132579421264,0.19784257026956442,-3.181649610463174,-2.10523109526996,2.3061762316703245,1.5150308215472654,0.4335808906591327,0.7865445740487953,0.4632327399120328,0.3233118341367625,0.7656491107399508,0.45634444251258893,0.30930466822736186,0.6149539438044825,0.5044846092768149,0.1104693345276676,0.14418132579421264,0.34096121562673354,0.1967798898325209,0.19784257026956442,0.22910458340073683,0.03126201313117241,977.0,0.9095992544268406,995.0,0.9263746505125815,525.0,0.48835041938490215,244.0,0.22646784715750232,4.0,0.0027958993476234857,0.0027958993476234857,WACC_0p9_WRT_0p1,0.51071761416589,19,True,WACC_0p9_WRT_0p1,19.0,False,False,False,False,True,39.0,0.4367816091954023
UDetect,ForestCovertype,996,0.58,30,0.0,0.9729224656013556,0,4,2876,3919,3823,True,0.9788194234027437,0.11199107322659677,0.48951712015468507,0.9788194234027437,0.9933664340688685,0.9099707607476553,-3.181649610463174,-2.10523109526996,2.3061762316703245,1.5150308215472654,0.4335808906591327,0.11199107322659677,0.09894041537254153,0.013050657854055236,0.48951712015468507,0.3522856678830863,0.13723145227159878,0.9788194234027437,0.7584006069202472,0.2204188164824965,0.9933664340688685,0.7406480982577218,0.25271833581114667,0.9099707607476553,0.6945697490809722,0.21540101166668302,4.0,0.0027958993476234857,575.0,0.5349487418452936,1029.0,0.9580615097856477,778.0,0.7241379310344828,899.0,0.83690587138863,0.0027958993476234857,WACC_0p1_WRT_0p9,0.6113699906803355,20,True,WACC_0p1_WRT_0p9,20.0,True,False,False,False,False,4.0,0.034482758620689655
UDetect,ForestCovertype,301,0.71,190,0.5909090909090907,0.4891987039259098,0,13,1037,2628,1,False,0.10600991550708301,0.41375223532202143,0.33831374914941553,0.10600991550708301,0.18723591236271925,0.3136161118060821,-3.181649610463174,-2.10523109526996,2.3061762316703245,1.5150308215472654,0.4335808906591327,0.41375223532202143,0.26725329661976344,0.146498938702258,0.33831374914941553,0.2682662159271435,0.07004753322227203,0.10600991550708301,0.316528812916276,0.210518897409193,0.18723591236271925,0.31248471172954156,0.12524879936682232,0.3136161118060821,0.3109338749296851,0.002682236876397015,588.0,0.5470643056849953,98.0,0.09040074557315937,5.0,0.003727865796831314,65.0,0.05964585274930102,175.0,0.16216216216216217,0.003727865796831314,WACC_0p5_WRT_0p5,0.17260018639328983,21,False,,,False,False,False,False,False,13.0,0.13793103448275862
UDetect,ForestCovertype,233,0.73,268,0.6818181818181817,0.3980989794049431,0,6,1181,2132,1,False,0.2840107604966646,0.5074527945591251,0.4651003949877544,0.2840107604966646,0.059129329348274244,0.22344529278664282,-3.181649610463174,-2.10523109526996,2.3061762316703245,1.5150308215472654,0.4335808906591327,0.5074527945591251,0.3045423230955827,0.20291047146354235,0.4651003949877544,0.31255800297974684,0.15254239200800757,0.2840107604966646,0.37557507532764245,0.09156431483097782,0.059129329348274244,0.27959299366059503,0.22046366431232078,0.22344529278664282,0.2706277230423729,0.0471824302557301,638.0,0.5936626281453867,236.0,0.2190121155638397,70.0,0.06430568499534017,5.0,0.003727865796831314,81.0,0.07455731593662628,0.003727865796831314,WACC_0p7_WRT_0p3,0.19105312208760483,22,False,,,False,False,False,False,False,6.0,0.05747126436781609
UDetect,ForestCovertype,34,0.66,73,0.3636363636363638,0.7414532151456037,0,6,2443,5000,1,False,0.37109444640756206,0.1519010733279371,0.023206580454071177,0.37109444640756206,0.5135057547312021,0.5367278213920044,-3.181649610463174,-2.10523109526996,2.3061762316703245,1.5150308215472654,0.4335808906591327,0.1519010733279371,0.1635820319864303,0.011680958658493196,0.023206580454071177,0.1808609484088814,0.15765436795481022,0.37109444640756206,0.3937643077344211,0.022669861326859053,0.5135057547312021,0.453182637671689,0.0603231170595131,0.5367278213920044,0.4576675452089099,0.07906027618309447,444.0,0.412861136999068,5.0,0.003727865796831314,138.0,0.1276794035414725,501.0,0.4659832246039143,489.0,0.4547996272134203,0.003727865796831314,WACC_0p3_WRT_0p7,0.2930102516309413,23,False,,,False,False,False,False,False,6.0,0.05747126436781609
UDetect,ForestCovertype,35,0.74,526,0.7272727272727272,0.2191948078448373,0,26,5000,1887,1,False,0.5294797034137549,0.7044976232659707,0.6818661655968525,0.5294797034137549,0.09510342753797181,0.19095967009156223,-3.181649610463174,-2.10523109526996,2.3061762316703245,1.5150308215472654,0.4335808906591327,0.7044976232659707,0.4448323215175318,0.2596653017484388,0.6818661655968525,0.42920916927945363,0.2526569963173989,0.5294797034137549,0.43179804476963907,0.09768165864411588,0.09510342753797181,0.32021278824836547,0.22510936071039367,0.19095967009156223,0.22959506710998714,0.038635397018424916,927.0,0.8630009319664492,930.0,0.8657968313140727,281.0,0.26095060577819196,129.0,0.11929170549860205,5.0,0.003727865796831314,0.003727865796831314,WACC_0p9_WRT_0p1,0.42255358807082943,24,False,,,False,False,False,False,False,26.0,0.28735632183908044
UDetect,ForestCovertype,1026,0.58,30,0.0,0.9729224656013556,0,4,1316,4381,2997,True,0.9788194234027437,0.11199107322659677,0.48951712015468507,0.9788194234027437,0.9933664340688685,0.9099707607476553,-3.181649610463174,-2.10523109526996,2.3061762316703245,1.5150308215472654,0.4335808906591327,0.11199107322659677,0.09898699318562505,0.013004080040971713,0.48951712015468507,0.3426836587901212,0.14683346136456388,0.9788194234027437,0.7566159407670372,0.22220348263570655,0.9933664340688685,0.7502288411739522,0.24313759289491632,0.9099707607476553,0.6897939428811309,0.22017681786652432,5.0,0.003727865796831314,395.0,0.36719478098788444,996.0,0.9273066169617894,982.0,0.9142590866728798,774.0,0.7204100652376515,0.003727865796831314,WACC_0p1_WRT_0p9,0.5865796831314073,25,False,,,False,False,False,False,False,4.0,0.034482758620689655
UDetect,ForestCovertype,341,0.69,167,0.4999999999999997,0.5233332248566708,0,16,3664,5000,1,False,0.04047727508291605,0.3842105556283633,0.2770434915978234,0.04047727508291605,0.30138692511612597,0.40916920474571733,-3.181649610463174,-2.10523109526996,2.3061762316703245,1.5150308215472654,0.4335808906591327,0.3842105556283633,0.22766523981859918,0.15654531580976414,0.2770434915978234,0.23969653330761218,0.0373469582902112,0.04047727508291605,0.31694356287389985,0.2764662877909838,0.30138692511612597,0.34789647303832444,0.04650954792219847,0.40916920474571733,0.353212798257091,0.05595640648862632,531.0,0.4939422180801491,50.0,0.045666356011183594,6.0,0.004659832246039142,268.0,0.2488350419384902,262.0,0.24324324324324326,0.004659832246039142,WACC_0p5_WRT_0p5,0.20726933830382105,26,False,,,False,False,False,False,False,16.0,0.1724137931034483
UDetect,ForestCovertype,183,0.74,408,0.7272727272727272,0.2866302346771487,0,16,1316,1674,1,False,0.4503557402219042,0.6285463204633074,0.6043078434953261,0.4503557402219042,0.049671753651093394,0.18458813244644373,-3.181649610463174,-2.10523109526996,2.3061762316703245,1.5150308215472654,0.4335808906591327,0.6285463204633074,0.3765113823320954,0.25203493813121197,0.6043078434953261,0.34925018192906526,0.2550576615662608,0.4503557402219042,0.3973635203328162,0.05299221988908803,0.049671753651093394,0.27967980689337374,0.23000805324228035,0.18458813244644373,0.24208114067569061,0.057493008229246884,757.0,0.7045666356011183,479.0,0.44547996272134205,146.0,0.13513513513513514,6.0,0.004659832246039142,21.0,0.01863932898415657,0.004659832246039142,WACC_0p7_WRT_0p3,0.26169617893755825,27,False,,,False,False,False,False,False,16.0,0.1724137931034483
UDetect,ForestCovertype,426,0.66,56,0.3636363636363638,0.8108914519979885,1,1,271,4645,1,False,0.4254103923418417,0.07369404178689024,0.09045860469415183,0.4254103923418417,0.5305170200672692,0.530167051172283,-3.181649610463174,-2.10523109526996,2.3061762316703245,1.5150308215472654,0.4335808906591327,0.07369404178689024,0.14737707711060016,0.07368303532370993,0.09045860469415183,0.18435610423096394,0.0938974995368121,0.4254103923418417,0.4556294310516479,0.03021903870980619,0.5305170200672692,0.49339210750589446,0.037124912561374734,0.530167051172283,0.4908943455421385,0.03927270563014451,417.0,0.38769804287045667,6.0,0.004659832246039142,385.0,0.35787511649580617,541.0,0.5032618825722274,523.0,0.4864864864864865,0.004659832246039142,WACC_0p3_WRT_0p7,0.3479962721342032,28,False,,,False,False,False,False,False,1.0,0.0
UDetect,ForestCovertype,410,0.73,476,0.6818181818181817,0.2457140360731321,0,34,5000,2239,1,False,0.462808481717601,0.6790812029080661,0.6403602112819481,0.462808481717601,0.03269468839097041,0.23784316121568438,-3.181649610463174,-2.10523109526996,2.3061762316703245,1.5150308215472654,0.4335808906591327,0.6790812029080661,0.360110863946942,0.3189703389611241,0.6403602112819481,0.407816629205924,0.2325435820760241,0.462808481717601,0.4497608583752259,0.013047623342375081,0.03269468839097041,0.3156982908536393,0.2830036024626689,0.23784316121568438,0.22995568899030328,0.00788747222538111,725.0,0.6747437092264679,890.0,0.8285181733457595,359.0,0.3336439888164026,83.0,0.07642124883504194,6.0,0.004659832246039142,0.004659832246039142,WACC_0p9_WRT_0p1,0.38359739049394226,29,False,,,False,False,False,False,False,34.0,0.3793103448275862
UDetect,ForestCovertype,447,0.58,30,0.0,0.9729224656013556,0,4,1827,3237,4034,True,0.9788194234027437,0.11199107322659677,0.48951712015468507,0.9788194234027437,0.9933664340688685,0.9099707607476553,-3.181649610463174,-2.10523109526996,2.3061762316703245,1.5150308215472654,0.4335808906591327,0.11199107322659677,0.09919781844167543,0.01279325478492134,0.48951712015468507,0.35121724213857225,0.13829987801611282,0.9788194234027437,0.7528463756736966,0.22597304772904714,0.9933664340688685,0.7426685862501377,0.25069784781873083,0.9099707607476553,0.6883359352497842,0.22163482549787106,6.0,0.004659832246039142,535.0,0.4976700838769804,907.0,0.8443616029822927,824.0,0.7670083876980429,749.0,0.6971109040074557,0.004659832246039142,WACC_0p1_WRT_0p9,0.5621621621621623,30,False,,,False,False,False,False,False,4.0,0.034482758620689655
UDetect,ForestCovertype,425,0.73,406,0.6818181818181817,0.2879343196048288,0,26,1121,1933,1,False,0.41327018534975163,0.6315292604119637,0.5918021387200034,0.41327018534975163,0.032140737133566404,0.23385403949515748,-3.181649610463174,-2.10523109526996,2.3061762316703245,1.5150308215472654,0.4335808906591327,0.6315292604119637,0.3247261232976637,0.30680313711429996,0.5918021387200034,0.31906829077992294,0.2727338479400805,0.41327018534975163,0.3751773890967441,0.038092796253007544,0.032140737133566404,0.28168786470213514,0.24954712756856873,0.23385403949515748,0.27897087409861593,0.045116834603458444,660.0,0.614165890027959,250.0,0.2320596458527493,68.0,0.06244175209692451,7.0,0.005591798695246971,106.0,0.097856477166822,0.005591798695246971,WACC_0p7_WRT_0p3,0.20242311276794034,31,False,,,False,False,False,False,False,26.0,0.28735632183908044
UDetect,ForestCovertype,269,0.71,150,0.5909090909090907,0.551714705228264,0,5,827,2800,1,False,0.03265805850394671,0.34334159260845404,0.2664133194603691,0.03265805850394671,0.20255133991548174,0.30770937888496164,-3.181649610463174,-2.10523109526996,2.3061762316703245,1.5150308215472654,0.4335808906591327,0.34334159260845404,0.23569279376737506,0.10764879884107897,0.2664133194603691,0.24472298552786256,0.02169033393250655,0.03265805850394671,0.3234815117641583,0.2908234532602116,0.20255133991548174,0.34101085135999976,0.138459511444518,0.30770937888496164,0.34659801938598384,0.0388886405010222,547.0,0.5088536812674743,59.0,0.05405405405405406,7.0,0.005591798695246971,245.0,0.22739981360671016,248.0,0.23019571295433364,0.005591798695246971,WACC_0p5_WRT_0p5,0.20521901211556384,32,False,,,False,False,False,False,False,5.0,0.04597701149425287
UDetect,ForestCovertype,289,0.66,71,0.3636363636363638,0.7487422407613639,0,5,335,3684,1,False,0.37679606469750865,0.1436915754766725,0.030266116375753122,0.37679606469750865,0.5152914502559125,0.536039128470663,-3.181649610463174,-2.10523109526996,2.3061762316703245,1.5150308215472654,0.4335808906591327,0.1436915754766725,0.16033422964123584,0.016642654164563342,0.030266116375753122,0.18835634025203396,0.15809022387628083,0.37679606469750865,0.4261467883098118,0.04935072361230314,0.5152914502559125,0.4603568383271119,0.054934611928800614,0.536039128470663,0.4722763304239484,0.06376279804671464,440.0,0.4091332712022367,7.0,0.005591798695246971,259.0,0.24044734389561975,509.0,0.47343895619757687,501.0,0.4659832246039143,0.005591798695246971,WACC_0p3_WRT_0p7,0.31891891891891894,33,False,,,False,False,False,False,False,5.0,0.04597701149425287
UDetect,ForestCovertype,267,0.74,396,0.7272727272727272,0.2945523920464468,0,15,1381,1560,1,False,0.4410604407401185,0.619623737757601,0.5951964718936473,0.4410604407401185,0.044334546088405785,0.18383961899765142,-3.181649610463174,-2.10523109526996,2.3061762316703245,1.5150308215472654,0.4335808906591327,0.619623737757601,0.3993102843941173,0.22031345336348374,0.5951964718936473,0.3665854967377332,0.2286109751559141,0.4410604407401185,0.40844222000610486,0.03261822073401366,0.044334546088405785,0.2958163275760517,0.2514817814876459,0.18383961899765142,0.23190981411296016,0.048070195115308745,799.0,0.7437092264678472,783.0,0.7287977632805219,186.0,0.1724137931034483,21.0,0.01863932898415657,7.0,0.005591798695246971,0.005591798695246971,WACC_0p9_WRT_0p1,0.3338303821062442,34,False,,,False,False,False,False,False,15.0,0.16091954022988506
UDetect,ForestCovertype,474,0.58,34,0.0,0.9406364979085056,0,8,1617,4143,4000,True,0.9535647084915816,0.0772089756018068,0.45824765277880875,0.9535647084915816,0.9854568846915948,0.9130212531702152,-3.181649610463174,-2.10523109526996,2.3061762316703245,1.5150308215472654,0.4335808906591327,0.0772089756018068,0.09921797905123006,0.02200900344942326,0.45824765277880875,0.35045863192783877,0.10778902085096997,0.9535647084915816,0.7539698316272141,0.1995948768643675,0.9854568846915948,0.7406463182056539,0.2448105664859409,0.9130212531702152,0.6872187931345871,0.2258024600356281,7.0,0.005591798695246971,512.0,0.4762348555452004,933.0,0.8685927306616962,777.0,0.723205964585275,720.0,0.6700838769804287,0.005591798695246971,WACC_0p1_WRT_0p9,0.5487418452935694,35,False,,,False,False,False,False,False,8.0,0.08045977011494253
UDetect,ForestCovertype,330,0.74,324,0.7272727272727272,0.3477885063590069,0,7,1136,1657,1,False,0.37859694718474174,0.5596648640895382,0.5339689555089083,0.37859694718474174,0.008469038920088346,0.1788096826221352,-3.181649610463174,-2.10523109526996,2.3061762316703245,1.5150308215472654,0.4335808906591327,0.5596648640895382,0.36686537232720845,0.19279949176232974,0.5339689555089083,0.32264321601054474,0.21132573949836359,0.37859694718474174,0.3699881979019969,0.008608749282744854,0.008469038920088346,0.2851569281965887,0.2766878892765004,0.1788096826221352,0.2567156039033987,0.0779059212812635,739.0,0.6877912395153775,265.0,0.24603914259086673,59.0,0.05405405405405406,8.0,0.0065237651444548,45.0,0.04100652376514446,0.0065237651444548,WACC_0p7_WRT_0p3,0.2070829450139795,36,False,,,False,False,False,False,False,7.0,0.06896551724137931
UDetect,ForestCovertype,51,0.7,150,0.5454545454545452,0.551714705228264,0,7,920,3207,1,False,0.009344673008648247,0.3477932998486544,0.255407458960078,0.009344673008648247,0.25544563850959756,0.35709850049016967,-3.181649610463174,-2.10523109526996,2.3061762316703245,1.5150308215472654,0.4335808906591327,0.3477932998486544,0.2292158580841081,0.11857744176454632,0.255407458960078,0.23800466537404305,0.017402793586034943,0.009344673008648247,0.32835528693638444,0.3190106139277362,0.25544563850959756,0.358186014893129,0.10274037638353145,0.35709850049016967,0.35580844345584633,0.001290057034323333,536.0,0.49860205032618826,46.0,0.04193849021435228,8.0,0.0065237651444548,295.0,0.2739981360671016,270.0,0.2506989748369059,0.0065237651444548,WACC_0p5_WRT_0p5,0.2143522833178006,37,False,,,False,False,False,False,False,7.0,0.06896551724137931
UDetect,ForestCovertype,459,0.68,89,0.4545454545454547,0.6893787386698695,0,5,531,4019,1,False,0.22369447179854304,0.2016482008087177,0.07506662299727686,0.22369447179854304,0.39495973775927573,0.44286975890558733,-3.181649610463174,-2.10523109526996,2.3061762316703245,1.5150308215472654,0.4335808906591327,0.2016482008087177,0.1693165870823863,0.03233161372633139,0.07506662299727686,0.18885211394726056,0.1137854909499837,0.22369447179854304,0.40729639332896667,0.18360192153042362,0.39495973775927573,0.4421640498066345,0.047204312047358754,0.44286975890558733,0.45569501994331346,0.012825261037726132,451.0,0.4193849021435228,8.0,0.0065237651444548,182.0,0.16868592730661697,481.0,0.4473438956197577,485.0,0.451071761416589,0.0065237651444548,WACC_0p3_WRT_0p7,0.29860205032618825,38,False,,,False,False,False,False,False,5.0,0.04597701149425287
UDetect,ForestCovertype,466,0.76,425,0.8181818181818181,0.2757962646275945,1,1,1158,1347,1,False,0.5341784224758253,0.6318450106990946,0.638779848032499,0.5341784224758253,0.14605580232099685,0.08683352104588477,-3.181649610463174,-2.10523109526996,2.3061762316703245,1.5150308215472654,0.4335808906591327,0.6318450106990946,0.40246916239132496,0.22937584830776964,0.638779848032499,0.3543183933461802,0.2844614546863188,0.5341784224758253,0.4174297111226218,0.11674871135320347,0.14605580232099685,0.2935346012070292,0.14747879888603233,0.08683352104588477,0.23359774813867404,0.14676422709278927,811.0,0.7548928238583411,650.0,0.6048462255358807,216.0,0.20037278657968313,16.0,0.013979496738117428,8.0,0.0065237651444548,0.0065237651444548,WACC_0p9_WRT_0p1,0.31612301957129546,39,False,,,False,False,False,False,False,1.0,0.0
UDetect,ForestCovertype,430,0.58,32,0.0,0.956290000443551,0,6,5000,2945,3693,True,0.9658091840992082,0.09407269975973002,0.47340831612005946,0.9658091840992082,0.9892917442320025,0.9115422548845219,-3.181649610463174,-2.10523109526996,2.3061762316703245,1.5150308215472654,0.4335808906591327,0.09407269975973002,0.09925799374863382,0.0051852939889038,0.47340831612005946,0.3505376244438187,0.12287069167624076,0.9658091840992082,0.7533320752181226,0.21247710888108562,0.9892917442320025,0.7437966279973411,0.24549511623466136,0.9115422548845219,0.6920557198900238,0.2194865349944981,8.0,0.0065237651444548,516.0,0.47996272134203166,923.0,0.8592730661696178,851.0,0.7921714818266542,831.0,0.7735321528424977,0.0065237651444548,WACC_0p1_WRT_0p9,0.5822926374650512,40,False,,,False,False,False,False,False,6.0,0.05747126436781609
UDetect,ForestCovertype,59,0.73,301,0.6818181818181817,0.3673148251486311,0,15,1398,2266,1,False,0.3201307111321902,0.5421244312829363,0.5005056332072911,0.3201307111321902,0.051587700413861556,0.22635388856382926,-3.181649610463174,-2.10523109526996,2.3061762316703245,1.5150308215472654,0.4335808906591327,0.5421244312829363,0.3118980393001584,0.2302263919827779,0.5005056332072911,0.32847110118188705,0.17203453202540409,0.3201307111321902,0.39229476584773854,0.07216405471554832,0.051587700413861556,0.2867337969544767,0.23514609654061513,0.22635388856382926,0.2583818567500324,0.032027968186203126,649.0,0.6039142590866728,294.0,0.27306616961789376,133.0,0.12301957129543337,9.0,0.007455731593662628,51.0,0.046598322460391424,0.007455731593662628,WACC_0p7_WRT_0p3,0.2108108108108108,41,False,,,False,False,False,False,False,15.0,0.16091954022988506
UDetect,ForestCovertype,1068,0.68,116,0.4545454545454547,0.6195812407331345,0,9,3120,5000,1,False,0.16909750482285446,0.28025986161785765,0.15534159241830714,0.16909750482285446,0.377860459162679,0.4494644733832586,-3.181649610463174,-2.10523109526996,2.3061762316703245,1.5150308215472654,0.4335808906591327,0.28025986161785765,0.20135911569845863,0.07890074591939902,0.15534159241830714,0.1983727859945522,0.04303119357624505,0.16909750482285446,0.3290679364695409,0.15997043164668645,0.377860459162679,0.3823907539728806,0.004530294810201563,0.4494644733832586,0.39347667947556436,0.05598779390769426,497.0,0.46225535880708296,13.0,0.011183597390493943,9.0,0.007455731593662628,368.0,0.34203168685927304,369.0,0.3429636533084809,0.007455731593662628,WACC_0p5_WRT_0p5,0.2331780055917987,42,False,,,False,False,False,False,False,9.0,0.09195402298850575
UDetect,ForestCovertype,423,0.75,623,0.7727272727272726,0.1742486154782991,0,16,1322,1428,1,False,0.6177718223252183,0.7506680003902166,0.7445652002720398,0.6177718223252183,0.16992652905767125,0.14581722371509215,-3.181649610463174,-2.10523109526996,2.3061762316703245,1.5150308215472654,0.4335808906591327,0.7506680003902166,0.414333742511416,0.3363342578788006,0.7445652002720398,0.37667511671045867,0.3678900835615811,0.6177718223252183,0.42617930727557585,0.19159251504964248,0.16992652905767125,0.30166767368965824,0.131741144631987,0.14581722371509215,0.23382624865088122,0.08800902493578908,840.0,0.7819198508853681,807.0,0.7511649580615097,260.0,0.2413793103448276,28.0,0.02516309412861137,9.0,0.007455731593662628,0.007455731593662628,WACC_0p9_WRT_0p1,0.3614165890027959,43,False,,,False,False,False,False,False,16.0,0.1724137931034483
UDetect,ForestCovertype,339,0.64,52,0.2727272727272729,0.8302478262005248,0,3,233,5000,1,False,0.5472176279255145,0.06079672173832838,0.1697377902209189,0.5472176279255145,0.641047621552118,0.6271164356848641,-3.181649610463174,-2.10523109526996,2.3061762316703245,1.5150308215472654,0.4335808906591327,0.06079672173832838,0.13332386462079018,0.0725271428824618,0.1697377902209189,0.18997574430446104,0.020237954083542148,0.5472176279255145,0.4778101349232849,0.06940749300222965,0.641047621552118,0.5179516364775387,0.1230959850745793,0.6271164356848641,0.5240958692956549,0.1030205663892092,381.0,0.35414725069897485,9.0,0.007455731593662628,459.0,0.42684063373718545,555.0,0.516309412861137,554.0,0.5153774464119292,0.007455731593662628,WACC_0p3_WRT_0p7,0.3640260950605778,44,False,,,False,False,False,False,False,3.0,0.022988505747126436
UDetect,ForestCovertype,609,0.58,29,0.0,0.9816456337335658,0,3,3041,4248,4437,True,0.9856428559972665,0.1213886569836784,0.497965645654041,0.9856428559972665,0.995503471735646,0.9091465649688208,-3.181649610463174,-2.10523109526996,2.3061762316703245,1.5150308215472654,0.4335808906591327,0.1213886569836784,0.09929268908286458,0.02209596790081382,0.497965645654041,0.35365739436767396,0.14430825128636704,0.9856428559972665,0.7565922432863263,0.22905061271094018,0.995503471735646,0.7376162800838095,0.2578871916518365,0.9091465649688208,0.695206620147037,0.2139399448217838,9.0,0.007455731593662628,624.0,0.5806150978564771,994.0,0.9254426840633737,713.0,0.6635601118359739,920.0,0.8564771668219944,0.007455731593662628,WACC_0p1_WRT_0p9,0.6067101584342963,45,False,,,False,False,False,False,False,3.0,0.022988505747126436
UDetect,ForestCovertype,1073,0.69,189,0.4999999999999997,0.4905952047312917,0,21,4212,5000,1,False,0.03326049257955391,0.4210827961776135,0.31469589522484104,0.03326049257955391,0.2933666300715637,0.412262408681005,-3.181649610463174,-2.10523109526996,2.3061762316703245,1.5150308215472654,0.4335808906591327,0.4210827961776135,0.2585760475537407,0.16250674862387282,0.31469589522484104,0.2766916843764254,0.038004210848415654,0.03326049257955391,0.32935893791129495,0.296098445331741,0.2933666300715637,0.32755321578917956,0.03418658571761585,0.412262408681005,0.3377208602769283,0.07454154840407667,582.0,0.5414725069897484,115.0,0.10624417520969245,10.0,0.008387698042870456,171.0,0.15843429636533085,227.0,0.21062441752096925,0.008387698042870456,WACC_0p5_WRT_0p5,0.20503261882572227,46,False,,,False,False,False,False,False,21.0,0.22988505747126436
UDetect,ForestCovertype,242,0.74,359,0.7272727272727272,0.3205789785106037,0,10,1278,1846,1,False,0.4105226838646367,0.5903104636772816,0.5652629714917027,0.4105226838646367,0.026800270053221515,0.18138053505290727,-3.181649610463174,-2.10523109526996,2.3061762316703245,1.5150308215472654,0.4335808906591327,0.5903104636772816,0.35307708287554185,0.23723338080173972,0.5652629714917027,0.35353711853128894,0.21172585296041374,0.4105226838646367,0.4046573710634616,0.005865312801175082,0.026800270053221515,0.28694236248044125,0.26014209242721975,0.18138053505290727,0.2544807105283587,0.07310017547545142,714.0,0.6644920782851818,617.0,0.5740913327120224,172.0,0.15936626281453867,10.0,0.008387698042870456,39.0,0.035414725069897485,0.008387698042870456,WACC_0p7_WRT_0p3,0.28835041938490213,47,False,,,False,False,False,False,False,10.0,0.10344827586206896
UDetect,ForestCovertype,276,0.66,63,0.3636363636363638,0.7800763906498578,0,2,380,4488,1,False,0.4013062491202228,0.10840048860978052,0.06061373324170392,0.4013062491202228,0.5229678193861717,0.5330785671608225,-3.181649610463174,-2.10523109526996,2.3061762316703245,1.5150308215472654,0.4335808906591327,0.10840048860978052,0.16174875510764838,0.05334826649786786,0.06061373324170392,0.19257884997889246,0.13196511673718855,0.4013062491202228,0.4369548709533515,0.035648621833128724,0.5229678193861717,0.4716945623582373,0.05127325702793434,0.5330785671608225,0.4778748944926681,0.05520367266815435,442.0,0.4109972041006524,10.0,0.008387698042870456,314.0,0.2917054986020503,523.0,0.4864864864864865,511.0,0.47530288909599255,0.008387698042870456,WACC_0p3_WRT_0p7,0.3345759552656104,48,False,,,False,False,False,False,False,2.0,0.011494252873563218
UDetect,ForestCovertype,171,0.72,423,0.6363636363636361,0.277048185961626,0,32,5000,2530,1,False,0.39048777128668155,0.6482418232813745,0.5933165557533489,0.39048777128668155,0.08236810585902664,0.28427172151105184,-3.181649610463174,-2.10523109526996,2.3061762316703245,1.5150308215472654,0.4335808906591327,0.6482418232813745,0.33547023017719696,0.3127715931041775,0.5933165557533489,0.3844087921711259,0.20890776358222296,0.39048777128668155,0.43309959045372864,0.042611819167047094,0.08236810585902664,0.30447225878387013,0.22210415292484348,0.28427172151105184,0.23386280854695646,0.05040891296409539,673.0,0.6262814538676608,826.0,0.7688723205964585,292.0,0.2712022367194781,35.0,0.03168685927306617,10.0,0.008387698042870456,0.008387698042870456,WACC_0p9_WRT_0p1,0.34128611369990675,49,False,,,False,False,False,False,False,32.0,0.3563218390804598
UDetect,ForestCovertype,333,0.58,28,0.0,0.9906645581969952,0,2,3333,4081,2944,True,0.9926976349741923,0.13110486292620857,0.5067006158106627,0.9926976349741923,0.9977129650069035,0.9082944250857279,-3.181649610463174,-2.10523109526996,2.3061762316703245,1.5150308215472654,0.4335808906591327,0.13110486292620857,0.09930218041681768,0.03180268250939089,0.5067006158106627,0.35137176313786694,0.15532885267279578,0.9926976349741923,0.7591337176380242,0.2335639173361681,0.9977129650069035,0.7466936875336233,0.25101927747328023,0.9082944250857279,0.7016478352736057,0.20664658981212214,10.0,0.008387698042870456,547.0,0.5088536812674743,1043.0,0.9711090400745573,916.0,0.8527493010251631,1037.0,0.9655172413793104,0.008387698042870456,WACC_0p1_WRT_0p9,0.6613233923578752,50,False,,,False,False,False,False,False,2.0,0.011494252873563218
UDetect,ForestCovertype,1070,0.69,189,0.4999999999999997,0.4905952047312917,0,21,5000,5000,1,False,0.03326049257955391,0.4210827961776135,0.31469589522484104,0.03326049257955391,0.2933666300715637,0.412262408681005,-3.181649610463174,-2.10523109526996,2.3061762316703245,1.5150308215472654,0.4335808906591327,0.4210827961776135,0.25087673813359324,0.17020605804402028,0.31469589522484104,0.26898370083907613,0.045712194385764904,0.03326049257955391,0.33004035779409263,0.2967798652145387,0.2933666300715637,0.32407536584728547,0.03070873577572175,0.412262408681005,0.3379821640300647,0.0742802446509403,575.0,0.5349487418452936,99.0,0.09133271202236719,11.0,0.009319664492078284,147.0,0.13606710158434296,229.0,0.2124883504193849,0.009319664492078284,WACC_0p5_WRT_0p5,0.1968313140726934,51,False,,,False,False,False,False,False,21.0,0.22988505747126436
UDetect,ForestCovertype,404,0.74,373,0.7272727272727272,0.310429357671096,0,12,1220,1544,1,False,0.42243153153477053,0.6017417982431705,0.5769361765006421,0.42243153153477053,0.033638133854434114,0.1823395071288668,-3.181649610463174,-2.10523109526996,2.3061762316703245,1.5150308215472654,0.4335808906591327,0.6017417982431705,0.38798098981781676,0.21376080842535378,0.5769361765006421,0.3460159511629106,0.2309202253377315,0.42243153153477053,0.4021406792007859,0.020290852333984644,0.033638133854434114,0.28718226045699313,0.25354412660255904,0.1823395071288668,0.24347380607282035,0.06113429894395356,778.0,0.7241379310344828,430.0,0.3998136067101584,162.0,0.1500465983224604,11.0,0.009319664492078284,22.0,0.0195712954333644,0.009319664492078284,WACC_0p7_WRT_0p3,0.26057781919850886,52,False,,,False,False,False,False,False,12.0,0.12643678160919541
UDetect,ForestCovertype,378,0.67,74,0.4090909090909093,0.7378822515624387,0,3,450,4204,1,False,0.3149680182082987,0.1514712778504765,0.008276269795073432,0.3149680182082987,0.4597366267668102,0.4876760970565737,-3.181649610463174,-2.10523109526996,2.3061762316703245,1.5150308215472654,0.4335808906591327,0.1514712778504765,0.16883624575869807,0.017364967908221562,0.008276269795073432,0.19589781646160395,0.18762154666653053,0.3149680182082987,0.41884098952816645,0.10387297131986778,0.4597366267668102,0.46255997022509876,0.002823343458288552,0.4876760970565737,0.460447848401598,0.027228248654975695,449.0,0.4175209692451072,11.0,0.009319664492078284,224.0,0.20782851817334577,511.0,0.47530288909599255,493.0,0.45852749301025164,0.009319664492078284,WACC_0p3_WRT_0p7,0.3136999068033551,53,False,,,False,False,False,False,False,3.0,0.022988505747126436
UDetect,ForestCovertype,414,0.73,568,0.6818181818181817,0.1987954437516794,0,41,4155,2004,1030,False,0.517859441520784,0.7319247657039629,0.694321867146694,0.517859441520784,0.06430404100736545,0.24227619576850887,-3.181649610463174,-2.10523109526996,2.3061762316703245,1.5150308215472654,0.4335808906591327,0.7319247657039629,0.4483385737039525,0.2835861920000104,0.694321867146694,0.476238092124797,0.21808377502189696,0.517859441520784,0.4983833076595417,0.019476133861242306,0.06430404100736545,0.31987908895059775,0.25557504794323227,0.24227619576850887,0.23480750507199077,0.007468690696518093,935.0,0.8704566635601119,1024.0,0.9534016775396086,511.0,0.47530288909599255,126.0,0.11649580615097857,11.0,0.009319664492078284,0.009319664492078284,WACC_0p9_WRT_0p1,0.4849953401677539,54,False,,,False,False,False,False,False,41.0,0.45977011494252873
UDetect,ForestCovertype,900,0.58,30,0.0,0.9729224656013556,0,4,3093,4966,2915,True,0.9788194234027437,0.11199107322659677,0.48951712015468507,0.9788194234027437,0.9933664340688685,0.9099707607476553,-3.181649610463174,-2.10523109526996,2.3061762316703245,1.5150308215472654,0.4335808906591327,0.11199107322659677,0.09932653052349587,0.012664542703100898,0.48951712015468507,0.35106954948262825,0.13844757067205682,0.9788194234027437,0.7594466002283389,0.21937282317440487,0.9933664340688685,0.7437238139405965,0.24964262012827199,0.9099707607476553,0.7003986208939827,0.2095721398536725,11.0,0.009319664492078284,530.0,0.4930102516309413,1051.0,0.97856477166822,849.0,0.7903075489282386,1018.0,0.9478098788443616,0.009319664492078284,WACC_0p1_WRT_0p9,0.643802423112768,55,False,,,False,False,False,False,False,4.0,0.034482758620689655
UDetect,ForestCovertype,74,0.71,243,0.5909090909090907,0.4240486571379916,0,19,1448,3090,1,False,0.1824523752962546,0.4871295558734493,0.41324362727225705,0.1824523752962546,0.17127518549515044,0.31977171866125453,-3.181649610463174,-2.10523109526996,2.3061762316703245,1.5150308215472654,0.4335808906591327,0.4871295558734493,0.27132461365997945,0.21580494221346985,0.41324362727225705,0.28309659100709894,0.1301470362651581,0.1824523752962546,0.3313668602472235,0.1489144849509689,0.17127518549515044,0.3113237192435122,0.14004853374836176,0.31977171866125453,0.308511093928873,0.011260624732381541,594.0,0.5526561043802423,134.0,0.1239515377446412,12.0,0.010251630941286114,55.0,0.05032618825722274,173.0,0.1602982292637465,0.010251630941286114,WACC_0p5_WRT_0p5,0.17949673811742778,56,False,,,False,False,False,False,False,19.0,0.20689655172413793
UDetect,ForestCovertype,237,0.68,117,0.4545454545454547,0.6173171181944126,0,10,955,5000,1,False,0.16732646392411687,0.2828099019245411,0.15794558787565308,0.16732646392411687,0.3773057850954004,0.44967839568888146,-3.181649610463174,-2.10523109526996,2.3061762316703245,1.5150308215472654,0.4335808906591327,0.2828099019245411,0.19055767135048518,0.0922522305740559,0.15794558787565308,0.19687368849544715,0.03892810061979407,0.16732646392411687,0.34400929397864854,0.17668283005453167,0.3773057850954004,0.39371537094902476,0.016409585853624342,0.44967839568888146,0.40085642402914057,0.04882197165974089,481.0,0.4473438956197577,12.0,0.010251630941286114,22.0,0.0195712954333644,392.0,0.36439888164026096,380.0,0.353215284249767,0.010251630941286114,WACC_0p3_WRT_0p7,0.23895619757688724,57,False,,,False,False,False,False,False,10.0,0.10344827586206896
UDetect,ForestCovertype,257,0.73,334,0.6818181818181817,0.3397262896041243,0,20,1268,1966,797,False,0.3525011486526463,0.573196900390804,0.5322355506495133,0.3525011486526463,0.04482894731679175,0.22896055098227322,-3.181649610463174,-2.10523109526996,2.3061762316703245,1.5150308215472654,0.4335808906591327,0.573196900390804,0.3762450049848878,0.19695189540591618,0.5322355506495133,0.3764859210502252,0.15574962959928812,0.3525011486526463,0.41580065875590005,0.06329951010325374,0.04482894731679175,0.28719412205909245,0.2423651747423007,0.22896055098227322,0.2735875152557864,0.044626964273513176,756.0,0.7036346691519105,806.0,0.750232991612302,211.0,0.195712954333644,12.0,0.010251630941286114,88.0,0.08108108108108109,0.010251630941286114,WACC_0p7_WRT_0p3,0.34818266542404475,58,False,,,False,False,False,False,False,20.0,0.21839080459770116
UDetect,ForestCovertype,400,0.73,555,0.6818181818181817,0.2049440308642013,0,40,5000,1911,697,False,0.5106451240140109,0.7249997231331946,0.6872503007291182,0.5106451240140109,0.060161698952412926,0.24169525551066573,-3.181649610463174,-2.10523109526996,2.3061762316703245,1.5150308215472654,0.4335808906591327,0.7249997231331946,0.43042782045219363,0.294571902681001,0.6872503007291182,0.45369487302141287,0.23355542770770532,0.5106451240140109,0.4821179976741114,0.028527126339899456,0.060161698952412926,0.3192549431453798,0.25909324419296687,0.24169525551066573,0.2351991941556555,0.006496061355010241,880.0,0.8191985088536813,989.0,0.9207828518173345,477.0,0.44361602982292636,121.0,0.11183597390493942,12.0,0.010251630941286114,0.010251630941286114,WACC_0p9_WRT_0p1,0.46113699906803357,59,False,,,False,False,False,False,False,40.0,0.4482758620689655
UDetect,ForestCovertype,334,0.58,29,0.0,0.9816456337335658,0,3,1617,1623,5000,True,0.9856428559972665,0.1213886569836784,0.497965645654041,0.9856428559972665,0.995503471735646,0.9091465649688208,-3.181649610463174,-2.10523109526996,2.3061762316703245,1.5150308215472654,0.4335808906591327,0.1213886569836784,0.0994166644900265,0.021971992493651907,0.497965645654041,0.3497583364681125,0.1482073091859285,0.9856428559972665,0.7521589558419954,0.2334839001552711,0.995503471735646,0.7447376339379363,0.25076583779770967,0.9091465649688208,0.6861722601205351,0.22297430484828573,12.0,0.010251630941286114,490.0,0.45573159366262816,892.0,0.8303821062441752,876.0,0.8154706430568499,697.0,0.6486486486486487,0.010251630941286114,WACC_0p1_WRT_0p9,0.5520969245107177,60,False,,,False,False,False,False,False,3.0,0.022988505747126436
UDetect,ForestCovertype,316,0.72,224,0.6363636363636361,0.4456153564987423,0,5,1067,2420,1,False,0.19270296849897986,0.4583876648152452,0.39944535893019256,0.19270296849897986,0.12366438576101935,0.26834489901938013,-3.181649610463174,-2.10523109526996,2.3061762316703245,1.5150308215472654,0.4335808906591327,0.4583876648152452,0.28497465973836905,0.17341300507687613,0.39944535893019256,0.27671989875791186,0.1227254601722807,0.19270296849897986,0.33218273873759585,0.139479770238616,0.12366438576101935,0.29763290143067167,0.17396851566965232,0.26834489901938013,0.2960756439446633,0.027730744925283157,610.0,0.5675675675675675,116.0,0.10717614165890028,13.0,0.011183597390493943,24.0,0.021435228331780055,142.0,0.13140726933830382,0.011183597390493943,WACC_0p5_WRT_0p5,0.16775396085740912,61,False,,,False,False,False,False,False,5.0,0.04597701149425287
UDetect,ForestCovertype,362,0.73,270,0.6818181818181817,0.3961283571162811,0,7,1100,2037,1,False,0.28632294939732766,0.5096722708371952,0.4673668321615645,0.28632294939732766,0.05864655818141888,0.2236314841505344,-3.181649610463174,-2.10523109526996,2.3061762316703245,1.5150308215472654,0.4335808906591327,0.5096722708371952,0.30960471981831567,0.20006755101887957,0.4673668321615645,0.3124955311712257,0.1548713009903388,0.28632294939732766,0.37255621785970094,0.08623326846237328,0.05864655818141888,0.2895998363513248,0.2309532781699059,0.2236314841505344,0.2841234334064572,0.06049194925592277,647.0,0.6020503261882573,235.0,0.21808014911463186,63.0,0.05778191985088537,13.0,0.011183597390493943,117.0,0.10810810810810811,0.011183597390493943,WACC_0p7_WRT_0p3,0.1994408201304753,62,False,,,False,False,False,False,False,7.0,0.06896551724137931
UDetect,ForestCovertype,154,0.72,444,0.6363636363636361,0.2641879407790215,0,35,4482,2505,1,False,0.4055770739613259,0.6627260850687184,0.6081072834914157,0.4055770739613259,0.07921755001249445,0.28548680296238116,-3.181649610463174,-2.10523109526996,2.3061762316703245,1.5150308215472654,0.4335808906591327,0.6627260850687184,0.35149028424534384,0.3112358008233746,0.6081072834914157,0.4037658830083336,0.20434140048308214,0.4055770739613259,0.44496488028109693,0.03938780631977101,0.07921755001249445,0.3066132222489465,0.22739567223645205,0.28548680296238116,0.23582963038516666,0.0496571725772145,709.0,0.6598322460391426,883.0,0.8219944082013048,341.0,0.3168685927306617,40.0,0.036346691519105315,13.0,0.011183597390493943,0.011183597390493943,WACC_0p9_WRT_0p1,0.3692451071761417,63,False,,,False,False,False,False,False,35.0,0.39080459770114945
UDetect,ForestCovertype,867,0.58,32,0.0,0.956290000443551,0,6,2149,4337,2313,True,0.9658091840992082,0.09407269975973002,0.47340831612005946,0.9658091840992082,0.9892917442320025,0.9115422548845219,-3.181649610463174,-2.10523109526996,2.3061762316703245,1.5150308215472654,0.4335808906591327,0.09407269975973002,0.09967607568494523,0.005603375925215204,0.47340831612005946,0.3493666655242604,0.12404165059579908,0.9658091840992082,0.7430292598937737,0.22277992420543458,0.9892917442320025,0.7501207096849011,0.23917103454710142,0.9115422548845219,0.7034788635057139,0.20806339137880803,13.0,0.011183597390493943,484.0,0.45013979496738116,798.0,0.7427772600186393,978.0,0.9105312208760484,1051.0,0.97856477166822,0.011183597390493943,WACC_0p1_WRT_0p9,0.6186393289841565,64,False,,,False,False,False,False,False,6.0,0.05747126436781609
UDetect,ForestCovertype,299,0.73,297,0.6818181818181817,0.3708619816001387,0,13,1114,2223,1,False,0.31596872848169494,0.5381293330624296,0.4964260045086452,0.31596872848169494,0.05245669741494346,0.22601874067605648,-3.181649610463174,-2.10523109526996,2.3061762316703245,1.5150308215472654,0.4335808906591327,0.5381293330624296,0.3003964884464825,0.23773284461594713,0.4964260045086452,0.2952370399747833,0.20118896453386192,0.31596872848169494,0.35473564867466173,0.03876692019296679,0.05245669741494346,0.2921059425917996,0.23964924517685615,0.22601874067605648,0.2831228369352737,0.057104096259217196,631.0,0.587138863000932,180.0,0.1668219944082013,33.0,0.02982292637465051,14.0,0.012115563839701771,115.0,0.10624417520969245,0.012115563839701771,WACC_0p7_WRT_0p3,0.18042870456663562,65,False,,,False,False,False,False,False,13.0,0.13793103448275862
UDetect,ForestCovertype,521,0.7,158,0.5454545454545452,0.5379809311368285,0,8,3339,4100,525,False,0.013216864458210891,0.3632614014628966,0.2712028431474112,0.013216864458210891,0.2520810819522115,0.3583961160424628,-3.181649610463174,-2.10523109526996,2.3061762316703245,1.5150308215472654,0.4335808906591327,0.3632614014628966,0.29854573603005363,0.06471566543284296,0.2712028431474112,0.2883099298073474,0.017107086659936155,0.013216864458210891,0.33541162988439,0.3221947654261791,0.2520810819522115,0.36138771545135095,0.10930663349913944,0.3583961160424628,0.38275587341756606,0.024359757375103264,627.0,0.5834109972041006,151.0,0.13979496738117428,14.0,0.012115563839701771,309.0,0.2870456663560112,340.0,0.31593662628145386,0.012115563839701771,WACC_0p5_WRT_0p5,0.2676607642124883,66,False,,,False,False,False,False,False,8.0,0.08045977011494253
UDetect,ForestCovertype,1072,0.69,101,0.4999999999999997,0.6560812382278078,0,3,639,3791,1,False,0.1443153655067525,0.23469886668963036,0.12436835238682277,0.1443153655067525,0.3339080803276676,0.39662670291486046,-3.181649610463174,-2.10523109526996,2.3061762316703245,1.5150308215472654,0.4335808906591327,0.23469886668963036,0.18933478587839234,0.04536408081123802,0.12436835238682277,0.19868269772561514,0.07431434533879237,0.1443153655067525,0.3815512120061722,0.2372358464994197,0.3339080803276676,0.41718067448788027,0.08327259416021265,0.39662670291486046,0.4293651362567088,0.03273843334184834,479.0,0.44547996272134205,14.0,0.012115563839701771,94.0,0.08667287977632805,436.0,0.40540540540540543,441.0,0.41006523765144454,0.012115563839701771,WACC_0p3_WRT_0p7,0.27194780987884437,67,False,,,False,False,False,False,False,3.0,0.022988505747126436
UDetect,ForestCovertype,454,0.77,513,0.8636363636363635,0.2258395842141057,0,3,3006,913,1,False,0.6283494938967162,0.6836586099799875,0.7072415072521645,0.6283494938967162,0.2242545013516189,0.04216448330210476,-3.181649610463174,-2.10523109526996,2.3061762316703245,1.5150308215472654,0.4335808906591327,0.6836586099799875,0.4244593818590794,0.2591992281209081,0.7072415072521645,0.3848650145511085,0.322376492701056,0.6283494938967162,0.4239646925816991,0.20438480131501713,0.2242545013516189,0.31383813548305156,0.08958363413143267,0.04216448330210476,0.23763442918014208,0.19546994587803732,860.0,0.8005591798695247,828.0,0.7707362534948742,251.0,0.23299161230195714,70.0,0.06430568499534017,14.0,0.012115563839701771,0.012115563839701771,WACC_0p9_WRT_0p1,0.37614165890027956,68,False,,,False,False,False,False,False,3.0,0.022988505747126436
UDetect,ForestCovertype,757,0.58,32,0.0,0.956290000443551,0,6,3589,4161,3762,True,0.9658091840992082,0.09407269975973002,0.47340831612005946,0.9658091840992082,0.9892917442320025,0.9115422548845219,-3.181649610463174,-2.10523109526996,2.3061762316703245,1.5150308215472654,0.4335808906591327,0.09407269975973002,0.09968069958764054,0.00560799982791052,0.47340831612005946,0.3493582946518093,0.12405002146825017,0.9658091840992082,0.7572762838905722,0.20853290020863602,0.9892917442320025,0.7399563470842949,0.24933539714770758,0.9115422548845219,0.6958148106118323,0.21572744427268964,14.0,0.012115563839701771,483.0,0.44920782851817337,1009.0,0.9394221808014911,763.0,0.7101584342963654,938.0,0.8732525629077353,0.012115563839701771,WACC_0p1_WRT_0p9,0.5968313140726934,69,False,,,False,False,False,False,False,6.0,0.05747126436781609
UDetect,ForestCovertype,84,0.71,302,0.5909090909090907,0.3664353770996932,0,23,5000,3387,1,False,0.25005172571554896,0.5520183522107892,0.47950537633254137,0.25005172571554896,0.15716084679591014,0.32521522513650214,-3.181649610463174,-2.10523109526996,2.3061762316703245,1.5150308215472654,0.4335808906591327,0.5520183522107892,0.29994056326460977,0.25207778894617944,0.47950537633254137,0.3379278665540037,0.14157750977853767,0.25005172571554896,0.3871521014843452,0.13710037576879625,0.15716084679591014,0.29247658170057494,0.1353157349046648,0.32521522513650214,0.2790998246329419,0.04611540050356022,630.0,0.5862068965517241,362.0,0.3364398881640261,110.0,0.1015843429636533,15.0,0.0130475302889096,107.0,0.09878844361602983,0.0130475302889096,WACC_0p7_WRT_0p3,0.22721342031686861,70,False,,,False,False,False,False,False,23.0,0.25287356321839083
UDetect,ForestCovertype,614,0.74,253,0.7272727272727272,0.4133631728928679,0,2,2816,1564,590,False,0.30165626859980194,0.48580930199038097,0.45855071694151317,0.30165626859980194,0.009974515760325244,0.17261395619149303,-3.181649610463174,-2.10523109526996,2.3061762316703245,1.5150308215472654,0.4335808906591327,0.48580930199038097,0.4025630969979875,0.08324620499239349,0.45855071694151317,0.3181121394950002,0.14043857744651295,0.30165626859980194,0.33724443801107107,0.03558816941126913,0.009974515760325244,0.31876516724820525,0.30879065148788,0.17261395619149303,0.3034178167154111,0.1308038605239181,812.0,0.7558247903075489,246.0,0.22833178005591798,15.0,0.0130475302889096,117.0,0.10810810810810811,159.0,0.14725069897483692,0.0130475302889096,WACC_0p5_WRT_0p5,0.2505125815470643,71,False,,,False,False,False,False,False,2.0,0.011494252873563218
UDetect,ForestCovertype,185,0.68,102,0.4545454545454547,0.6534857757626674,0,7,624,4466,1,False,0.19561829473729128,0.24207379640891438,0.1163475655092486,0.19561829473729128,0.3861665318342746,0.4462610529938828,-3.181649610463174,-2.10523109526996,2.3061762316703245,1.5150308215472654,0.4335808906591327,0.24207379640891438,0.1863672200147313,0.05570657639418308,0.1163475655092486,0.2027153779749653,0.0863678124657167,0.19561829473729128,0.3921917782869941,0.1965734835497028,0.3861665318342746,0.4318789954222661,0.045712463587991525,0.4462610529938828,0.44266334280560266,0.0035977101882801454,473.0,0.43988816402609504,15.0,0.0130475302889096,131.0,0.1211556383970177,462.0,0.4296365330848089,465.0,0.43243243243243246,0.0130475302889096,WACC_0p3_WRT_0p7,0.28723205964585274,72,False,,,False,False,False,False,False,7.0,0.06896551724137931
UDetect,ForestCovertype,32,0.76,688,0.8181818181818181,0.1478871859333967,0,12,1278,982,1,False,0.684257894200233,0.7759066949421588,0.7858896683609554,0.684257894200233,0.23222895823289055,0.09891882321323173,-3.181649610463174,-2.10523109526996,2.3061762316703245,1.5150308215472654,0.4335808906591327,0.7759066949421588,0.4404080831483285,0.3354986117938303,0.7858896683609554,0.40066712013356937,0.38522254822738605,0.684257894200233,0.4368600756935595,0.24739781850667347,0.23222895823289055,0.3168505221574517,0.08462156392456113,0.09891882321323173,0.2381969610784676,0.13927813786523588,913.0,0.8499534016775396,872.0,0.8117427772600186,313.0,0.2907735321528425,93.0,0.08574091332712022,15.0,0.0130475302889096,0.0130475302889096,WACC_0p9_WRT_0p1,0.410251630941286,73,False,,,False,False,False,False,False,12.0,0.12643678160919541
UDetect,ForestCovertype,235,0.58,28,0.0,0.9906645581969952,0,2,2400,2950,3797,True,0.9926976349741923,0.13110486292620857,0.5067006158106627,0.9926976349741923,0.9977129650069035,0.9082944250857279,-3.181649610463174,-2.10523109526996,2.3061762316703245,1.5150308215472654,0.4335808906591327,0.13110486292620857,0.10012079513834633,0.030984067787862238,0.5067006158106627,0.3512713329939308,0.1554292828167319,0.9926976349741923,0.7525673661565745,0.2401302688176178,0.9977129650069035,0.7413319421933827,0.2563810228135208,0.9082944250857279,0.6961060414588766,0.21218838362685133,15.0,0.0130475302889096,537.0,0.4995340167753961,902.0,0.8397017707362535,792.0,0.7371854613233924,944.0,0.8788443616029823,0.0130475302889096,WACC_0p1_WRT_0p9,0.5936626281453867,74,False,,,False,False,False,False,False,2.0,0.011494252873563218
UDetect,ForestCovertype,298,0.7,137,0.5454545454545452,0.5756646137546231,0,4,696,3101,1,False,0.028078759523749365,0.3208189506077892,0.22786237165146736,0.028078759523749365,0.2613129857693291,0.3548356284221645,-3.181649610463174,-2.10523109526996,2.3061762316703245,1.5150308215472654,0.4335808906591327,0.3208189506077892,0.21124274250101072,0.10957620810677848,0.22786237165146736,0.21958231288946958,0.008280058761997777,0.028078759523749365,0.3380447323960595,0.3099659728723101,0.2613129857693291,0.37369733147800266,0.11238434570867356,0.3548356284221645,0.3735727155433889,0.018737087121224405,511.0,0.47530288909599255,30.0,0.02702702702702703,16.0,0.013979496738117428,340.0,0.31593662628145386,314.0,0.2917054986020503,0.013979496738117428,WACC_0p5_WRT_0p5,0.22479030754892823,75,False,,,False,False,False,False,False,4.0,0.034482758620689655
UDetect,ForestCovertype,421,0.64,50,0.2727272727272729,0.8404811183074408,0,2,160,3745,1,False,0.5552223090062072,0.04927114973574904,0.17964889453500407,0.5552223090062072,0.6435546156116343,0.626149558051616,-3.181649610463174,-2.10523109526996,2.3061762316703245,1.5150308215472654,0.4335808906591327,0.04927114973574904,0.1424262186287216,0.09315506889297256,0.17964889453500407,0.20385078630095546,0.02420189176595139,0.5552223090062072,0.4938219439446877,0.06140036506151947,0.6435546156116343,0.519341507890358,0.12421310772127625,0.626149558051616,0.5336832444667602,0.0924663135848558,408.0,0.3793103448275862,16.0,0.013979496738117428,500.0,0.46505125815470644,557.0,0.5181733457595527,559.0,0.5200372786579683,0.013979496738117428,WACC_0p3_WRT_0p7,0.3793103448275862,76,False,,,False,False,False,False,False,2.0,0.011494252873563218
UDetect,ForestCovertype,281,0.74,519,0.7272727272727272,0.2227521283708683,0,25,4202,1787,486,False,0.5253057949566585,0.7004910774319751,0.6777748470698363,0.5253057949566585,0.09270683818366078,0.19062356186607832,-3.181649610463174,-2.10523109526996,2.3061762316703245,1.5150308215472654,0.4335808906591327,0.7004910774319751,0.44899032864205696,0.2515007487899182,0.6777748470698363,0.4690076385820577,0.20876720848777858,0.5253057949566585,0.5056417044178395,0.019664090538819012,0.09270683818366078,0.3306932593334626,0.23798642114980184,0.19062356186607832,0.23894122433307605,0.04831766246699773,939.0,0.8741845293569431,1018.0,0.9478098788443616,527.0,0.4902143522833178,191.0,0.17707362534948742,16.0,0.013979496738117428,0.013979496738117428,WACC_0p9_WRT_0p1,0.5006523765144455,77,False,,,False,False,False,False,False,25.0,0.27586206896551724
UDetect,ForestCovertype,389,0.58,31,0.0,0.9644762707294906,0,5,1611,4099,2885,True,0.9722126447054984,0.10289187640567356,0.48133684761310763,0.9722126447054984,0.9912972504524864,0.9107687871132021,-3.181649610463174,-2.10523109526996,2.3061762316703245,1.5150308215472654,0.4335808906591327,0.10289187640567356,0.10015055476007438,0.0027413216455991762,0.48133684761310763,0.35133174189023436,0.13000510572287327,0.9722126447054984,0.754687459333647,0.2175251853718514,0.9912972504524864,0.7509809570793206,0.24031629337316585,0.9107687871132021,0.6936124966155098,0.21715629049769225,16.0,0.013979496738117428,540.0,0.5023299161230196,946.0,0.880708294501398,996.0,0.9273066169617894,870.0,0.809878844361603,0.013979496738117428,WACC_0p1_WRT_0p9,0.6268406337371856,78,False,,,False,False,False,False,False,5.0,0.04597701149425287
UDetect,ForestCovertype,86,0.72,254,0.6363636363636361,0.4123178560566807,0,10,1072,2317,1,False,0.23177190189373284,0.49589003793635783,0.43774122781944735,0.23177190189373284,0.11550702692352655,0.2714909646338606,-3.181649610463174,-2.10523109526996,2.3061762316703245,1.5150308215472654,0.4335808906591327,0.49589003793635783,0.2915858575081506,0.20430418042820725,0.43774122781944735,0.2860791203246784,0.15166210749476894,0.23177190189373284,0.3399204745459945,0.10814857265226166,0.11550702692352655,0.296572547776502,0.18106552085297545,0.2714909646338606,0.29224489854423624,0.020753933910375666,616.0,0.5731593662628145,142.0,0.13140726933830382,17.0,0.014911463187325256,23.0,0.02050326188257223,134.0,0.1239515377446412,0.014911463187325256,WACC_0p5_WRT_0p5,0.1727865796831314,79,False,,,False,False,False,False,False,10.0,0.10344827586206896
UDetect,ForestCovertype,607,0.67,121,0.4090909090909093,0.6084485372176246,0,13,491,4897,322,False,0.21372243725595835,0.2972501316793675,0.15713959252475287,0.21372243725595835,0.4280274221850016,0.49990545219280225,-3.181649610463174,-2.10523109526996,2.3061762316703245,1.5150308215472654,0.4335808906591327,0.2972501316793675,0.21128649526197085,0.08596363641739663,0.15713959252475287,0.2047654657757636,0.047625873251010725,0.21372243725595835,0.38897884795141235,0.175256410695454,0.4280274221850016,0.4379872276743647,0.009959805489363094,0.49990545219280225,0.4543101512495726,0.045595300943229666,512.0,0.4762348555452004,17.0,0.014911463187325256,122.0,0.11276794035414725,474.0,0.4408201304753029,483.0,0.44920782851817337,0.014911463187325256,WACC_0p3_WRT_0p7,0.29878844361602985,80,False,,,False,False,False,False,False,13.0,0.13793103448275862
UDetect,ForestCovertype,148,0.75,678,0.7727272727272726,0.1517766235239301,0,18,3813,1283,1,False,0.6441388692583757,0.7759777988993807,0.770410517372113,0.6441388692583757,0.18506605227294168,0.14794045699800895,-3.181649610463174,-2.10523109526996,2.3061762316703245,1.5150308215472654,0.4335808906591327,0.7759777988993807,0.46543479931350695,0.3105429995858737,0.770410517372113,0.43299688464814085,0.3374136327239721,0.6441388692583757,0.48404362427182934,0.16009524498654637,0.18506605227294168,0.3248251950911692,0.13975914281822752,0.14794045699800895,0.2402899207695505,0.09234946377154155,983.0,0.9151910531220876,943.0,0.8779123951537745,484.0,0.45013979496738116,155.0,0.1435228331780056,17.0,0.014911463187325256,0.014911463187325256,WACC_0p9_WRT_0p1,0.4803355079217148,81,False,,,False,False,False,False,False,18.0,0.19540229885057472
UDetect,ForestCovertype,262,0.58,30,0.0,0.9729224656013556,0,4,5000,2357,3917,True,0.9788194234027437,0.11199107322659677,0.48951712015468507,0.9788194234027437,0.9933664340688685,0.9099707607476553,-3.181649610463174,-2.10523109526996,2.3061762316703245,1.5150308215472654,0.4335808906591327,0.11199107322659677,0.1002901589741297,0.011700914252467068,0.48951712015468507,0.35356166990475757,0.1359554502499275,0.9788194234027437,0.753206829110958,0.2256125942917857,0.9933664340688685,0.7380960113457437,0.25527042272312483,0.9099707607476553,0.6958147262064508,0.21415603454120447,17.0,0.014911463187325256,619.0,0.575955265610438,916.0,0.8527493010251631,720.0,0.6700838769804287,937.0,0.8723205964585274,0.014911463187325256,WACC_0p1_WRT_0p9,0.5972041006523765,82,False,,,False,False,False,False,False,4.0,0.034482758620689655
UDetect,ForestCovertype,840,0.73,246,0.6818181818181817,0.4207977067945567,0,4,877,1922,624,False,0.2573776782305183,0.48188762802595186,0.43899430664703565,0.2573776782305183,0.06469015709850402,0.22130063673784464,-3.181649610463174,-2.10523109526996,2.3061762316703245,1.5150308215472654,0.4335808906591327,0.48188762802595186,0.34852887829734874,0.13335874972860312,0.43899430664703565,0.3194865832122275,0.11950772343480814,0.2573776782305183,0.3524254614164173,0.09504778318589896,0.06469015709850402,0.29362409695582564,0.22893393985732163,0.22130063673784464,0.3009474196052642,0.07964678286741958,704.0,0.6551724137931034,252.0,0.23392357875116496,31.0,0.027958993476234855,18.0,0.015843429636533086,148.0,0.1369990680335508,0.015843429636533086,WACC_0p7_WRT_0p3,0.21397949673811745,83,False,,,False,False,False,False,False,4.0,0.034482758620689655
UDetect,ForestCovertype,680,0.71,181,0.5909090909090907,0.5020392398125049,0,12,466,1511,1508,False,0.09094373832723045,0.3992901717586609,0.3235456893175235,0.09094373832723045,0.19038163974471653,0.3124028925587513,-3.181649610463174,-2.10523109526996,2.3061762316703245,1.5150308215472654,0.4335808906591327,0.3992901717586609,0.3849183929945067,0.014371778764154186,0.3235456893175235,0.29077809404287674,0.03276759527464673,0.09094373832723045,0.3424872259903878,0.2515434876631573,0.19038163974471653,0.3423422377667031,0.15196059802198655,0.3124028925587513,0.3694025334474587,0.056999640888707404,772.0,0.7185461323392358,158.0,0.14631873252562907,18.0,0.015843429636533086,251.0,0.23299161230195714,307.0,0.2851817334575955,0.015843429636533086,WACC_0p5_WRT_0p5,0.2797763280521901,84,False,,,False,False,False,False,False,12.0,0.12643678160919541
UDetect,ForestCovertype,291,0.67,68,0.4090909090909093,0.760064493834256,1,1,263,2798,1,False,0.3323194016326568,0.1264878191735072,0.010965780132482141,0.3323194016326568,0.4651709238650645,0.4855802403485043,-3.181649610463174,-2.10523109526996,2.3061762316703245,1.5150308215472654,0.4335808906591327,0.1264878191735072,0.16788656692542236,0.041398747751915155,0.010965780132482141,0.20535701830217787,0.19439123816969572,0.3323194016326568,0.43934426637280355,0.10702486474014677,0.4651709238650645,0.4735151034269466,0.008344179561882104,0.4855802403485043,0.45607556765032103,0.029504672698183243,447.0,0.41565703634669154,18.0,0.015843429636533086,322.0,0.29916123019571295,526.0,0.48928238583411,486.0,0.45200372786579684,0.015843429636533086,WACC_0p3_WRT_0p7,0.3343895619757689,85,False,,,False,False,False,False,False,1.0,0.0
UDetect,ForestCovertype,758,0.75,774,0.7727272727272726,0.1165959410998351,0,22,4222,1249,55,False,0.6854173952786858,0.8156011658610992,0.8108722572523163,0.6854173952786858,0.20876750069683592,0.15126445230693578,-3.181649610463174,-2.10523109526996,2.3061762316703245,1.5150308215472654,0.4335808906591327,0.8156011658610992,0.49550848679498366,0.32009267906611555,0.8108722572523163,0.46757678310639006,0.3432954741459262,0.6854173952786858,0.513734001333403,0.17168339394528287,0.20876750069683592,0.3368469490363524,0.1280794483395165,0.15126445230693578,0.24059440036498078,0.089329948058045,1033.0,0.961789375582479,1017.0,0.9468779123951537,544.0,0.5060577819198508,227.0,0.21062441752096925,18.0,0.015843429636533086,0.015843429636533086,WACC_0p9_WRT_0p1,0.5282385834109972,86,False,,,False,False,False,False,False,22.0,0.2413793103448276
UDetect,ForestCovertype,248,0.58,36,0.0,0.9258530952252368,0,10,3160,3831,4060,True,0.9420008419928378,0.061282621457869904,0.4439296948254753,0.9420008419928378,0.9818351857975168,0.914418041344384,-3.181649610463174,-2.10523109526996,2.3061762316703245,1.5150308215472654,0.4335808906591327,0.061282621457869904,0.10055240849486607,0.03926978703699617,0.4439296948254753,0.35157054389706577,0.09235915092840952,0.9420008419928378,0.7573550943745243,0.18464574761831354,0.9818351857975168,0.740237037754319,0.2415981480431978,0.914418041344384,0.6982314981268676,0.2161865432175164,18.0,0.015843429636533086,553.0,0.5144454799627214,1011.0,0.9412861136999068,769.0,0.7157502329916123,986.0,0.9179869524697111,0.015843429636533086,WACC_0p1_WRT_0p9,0.621062441752097,87,False,,,False,False,False,False,False,10.0,0.10344827586206896
UDetect,ForestCovertype,49,0.7,144,0.5454545454545452,0.562501295946235,0,5,2869,3331,1,False,0.017782155076316693,0.33564455761756845,0.24300166698130057,0.017782155076316693,0.2580881819423325,0.35607934524714074,-3.181649610463174,-2.10523109526996,2.3061762316703245,1.5150308215472654,0.4335808906591327,0.33564455761756845,0.24012500832551828,0.09551954929205017,0.24300166698130057,0.23540753790092936,0.007594129080371215,0.017782155076316693,0.34309548659639794,0.32531333152008124,0.2580881819423325,0.3550959871756157,0.09700780523328317,0.35607934524714074,0.3561277076782612,4.836243112044114e-05,553.0,0.5144454799627214,42.0,0.03821062441752097,19.0,0.016775396085740912,284.0,0.2637465051258155,272.0,0.25256290773532153,0.016775396085740912,WACC_0p5_WRT_0p5,0.21714818266542407,88,False,,,False,False,False,False,False,5.0,0.04597701149425287
UDetect,ForestCovertype,388,0.65,53,0.3181818181818183,0.8252751058569334,0,2,204,4358,1,False,0.4899947181929689,0.061945699572877364,0.13465551600122044,0.4899947181929689,0.5869350854415928,0.5781971542861492,-3.181649610463174,-2.10523109526996,2.3061762316703245,1.5150308215472654,0.4335808906591327,0.061945699572877364,0.13997013100234457,0.0780244314294672,0.13465551600122044,0.20731288624955238,0.07265737024833194,0.4899947181929689,0.48682276060232305,0.0031719575906458686,0.5869350854415928,0.5214645021578925,0.06547058328370026,0.5781971542861492,0.5390604216124997,0.03913673267364948,401.0,0.3727865796831314,19.0,0.016775396085740912,491.0,0.45666356011183595,561.0,0.5219012115563839,560.0,0.5209692451071761,0.016775396085740912,WACC_0p3_WRT_0p7,0.37781919850885365,89,False,,,False,False,False,False,False,2.0,0.011494252873563218
UDetect,ForestCovertype,442,0.74,463,0.7272727272727272,0.2530650378784634,0,22,1268,1414,1563,False,0.489738769599482,0.6663501951540871,0.6429115932897327,0.489738769599482,0.07228483918399484,0.18775949095953556,-3.181649610463174,-2.10523109526996,2.3061762316703245,1.5150308215472654,0.4335808906591327,0.6663501951540871,0.4735688635536087,0.1927813316004784,0.6429115932897327,0.4139905034640844,0.2289210898256483,0.489738769599482,0.42950859646482825,0.06023017313465373,0.07228483918399484,0.29414004981208136,0.22185521062808652,0.18775949095953556,0.26510557213030866,0.0773460811707731,997.0,0.9282385834109972,899.0,0.83690587138863,272.0,0.25256290773532153,19.0,0.016775396085740912,65.0,0.05964585274930102,0.016775396085740912,WACC_0p7_WRT_0p3,0.4188257222739981,90,False,,,False,False,False,False,False,22.0,0.2413793103448276
UDetect,ForestCovertype,642,0.73,478,0.6818181818181817,0.2446009265306831,0,35,4967,1953,498,False,0.46411452577489204,0.6803348780738109,0.6416404123940761,0.46411452577489204,0.03344459733510252,0.23794833174230526,-3.181649610463174,-2.10523109526996,2.3061762316703245,1.5150308215472654,0.4335808906591327,0.6803348780738109,0.42959391748950887,0.250740960584302,0.6416404123940761,0.4561550270488006,0.18548538534527548,0.46411452577489204,0.4966925470214403,0.03257802124654824,0.03344459733510252,0.3269036047167377,0.29345900738163516,0.23794833174230526,0.24130174229682386,0.003353410554518599,877.0,0.8164026095060578,993.0,0.9245107176141659,507.0,0.47157502329916123,169.0,0.1565703634669152,19.0,0.016775396085740912,0.016775396085740912,WACC_0p9_WRT_0p1,0.47716682199440824,91,False,,,False,False,False,False,False,35.0,0.39080459770114945
UDetect,ForestCovertype,611,0.58,29,0.0,0.9816456337335658,0,3,1355,3449,2846,True,0.9856428559972665,0.1213886569836784,0.497965645654041,0.9856428559972665,0.995503471735646,0.9091465649688208,-3.181649610463174,-2.10523109526996,2.3061762316703245,1.5150308215472654,0.4335808906591327,0.1213886569836784,0.1006075353492005,0.0207811216344779,0.497965645654041,0.355901234181251,0.14206441147278998,0.9856428559972665,0.7586778578809096,0.22696499811635695,0.995503471735646,0.7524842221653463,0.24301924957029974,0.9091465649688208,0.6899213708390513,0.2192251941297696,19.0,0.016775396085740912,698.0,0.6495806150978565,1035.0,0.9636533084808947,1015.0,0.9450139794967382,780.0,0.7260018639328985,0.016775396085740912,WACC_0p1_WRT_0p9,0.6602050326188257,92,False,,,False,False,False,False,False,3.0,0.022988505747126436
UDetect,ForestCovertype,458,0.7,212,0.5454545454545452,0.4601961447072275,0,20,5000,4541,1,False,0.10448403466010171,0.45086900098541355,0.3606640922844127,0.10448403466010171,0.23302504451456438,0.36574549778784876,-3.181649610463174,-2.10523109526996,2.3061762316703245,1.5150308215472654,0.4335808906591327,0.45086900098541355,0.2581527542597352,0.19271624672567833,0.3606640922844127,0.27754003224670865,0.08312406003770406,0.10448403466010171,0.3434882718227938,0.2390042371626921,0.23302504451456438,0.3249319996923366,0.09190695517777223,0.36574549778784876,0.34691519621342987,0.018830301574418895,580.0,0.5396085740913327,121.0,0.11183597390493942,20.0,0.017707362534948742,156.0,0.14445479962721341,249.0,0.23112767940354148,0.017707362534948742,WACC_0p5_WRT_0p5,0.20894687791239513,93,False,,,False,False,False,False,False,20.0,0.21839080459770116
UDetect,ForestCovertype,471,0.74,312,0.7272727272727272,0.3577971898953836,0,6,1055,1729,84,False,0.3668534653839905,0.5483922646616787,0.5224578442430625,0.3668534653839905,0.0017261254720523872,0.17786402680106828,-3.181649610463174,-2.10523109526996,2.3061762316703245,1.5150308215472654,0.4335808906591327,0.5483922646616787,0.3621047890867617,0.18628747557491698,0.5224578442430625,0.32070132179329786,0.20175652244976466,0.3668534653839905,0.35693291842049063,0.009920546963499866,0.0017261254720523872,0.29465038632643675,0.2929242608543844,0.17786402680106828,0.2880113431896987,0.1101473163886304,732.0,0.6812674743709226,257.0,0.2385834109972041,36.0,0.032618825722273995,20.0,0.017707362534948742,127.0,0.11742777260018639,0.017707362534948742,WACC_0p7_WRT_0p3,0.21752096924510717,94,False,,,False,False,False,False,False,6.0,0.05747126436781609
UDetect,ForestCovertype,256,0.69,102,0.4999999999999997,0.6534857757626674,0,4,467,3071,1,False,0.14228514404201814,0.23762208916871408,0.1273534260095396,0.14228514404201814,0.33327223324015914,0.3968719313886751,-3.181649610463174,-2.10523109526996,2.3061762316703245,1.5150308215472654,0.4335808906591327,0.23762208916871408,0.1886131427857259,0.04900894638298817,0.1273534260095396,0.2090800763181908,0.0817266503086512,0.14228514404201814,0.37345385829906375,0.2311687142570456,0.33327223324015914,0.41551096878061095,0.0822387355404518,0.3968719313886751,0.41307809029355724,0.01620615890488214,477.0,0.44361602982292636,20.0,0.017707362534948742,65.0,0.05964585274930102,432.0,0.4016775396085741,410.0,0.3811742777260019,0.017707362534948742,WACC_0p3_WRT_0p7,0.2607642124883504,95,False,,,False,False,False,False,False,4.0,0.034482758620689655
UDetect,ForestCovertype,955,0.75,735,0.7727272727272726,0.1303319884997876,0,19,4018,1365,720,False,0.6693004881880259,0.800130503860549,0.7950742585046181,0.6693004881880259,0.19951343862170218,0.1499666219644132,-3.181649610463174,-2.10523109526996,2.3061762316703245,1.5150308215472654,0.4335808906591327,0.800130503860549,0.5085714175149763,0.2915590863455727,0.7950742585046181,0.46365676231594904,0.33141749618866906,0.6693004881880259,0.48062936725104255,0.18867112093698335,0.19951343862170218,0.3418100261732956,0.1422965875515934,0.1499666219644132,0.2419222308802739,0.09195560891586069,1046.0,0.9739049394221808,1005.0,0.9356943150046598,468.0,0.43522833178005593,248.0,0.23019571295433364,20.0,0.017707362534948742,0.017707362534948742,WACC_0p9_WRT_0p1,0.5185461323392357,96,False,,,False,False,False,False,False,19.0,0.20689655172413793
UDetect,ForestCovertype,613,0.58,31,0.0,0.9644762707294906,0,5,4995,3651,4306,True,0.9722126447054984,0.10289187640567356,0.48133684761310763,0.9722126447054984,0.9912972504524864,0.9107687871132021,-3.181649610463174,-2.10523109526996,2.3061762316703245,1.5150308215472654,0.4335808906591327,0.10289187640567356,0.1006078851478314,0.0022839912578421634,0.48133684761310763,0.3544621579718376,0.12687468964127002,0.9722126447054984,0.7560741066472108,0.21613853805828764,0.9912972504524864,0.7382172108369875,0.25308003961549885,0.9107687871132021,0.6922250568850987,0.21854373022810336,20.0,0.017707362534948742,657.0,0.6113699906803355,982.0,0.9142590866728798,724.0,0.67381174277726,837.0,0.7791239515377446,0.017707362534948742,WACC_0p1_WRT_0p9,0.5992544268406338,97,False,,,False,False,False,False,False,5.0,0.04597701149425287
UDetect,ForestCovertype,413,0.69,144,0.4999999999999997,0.562501295946235,0,14,952,3952,1,False,0.07111530577159023,0.3400962648577688,0.23199580648100945,0.07111530577159023,0.3109824805364481,0.4054684668523486,-3.181649610463174,-2.10523109526996,2.3061762316703245,1.5150308215472654,0.4335808906591327,0.3400962648577688,0.2132612905049531,0.12683497435281568,0.23199580648100945,0.21044222763138068,0.021553578849628774,0.07111530577159023,0.36515101365320607,0.2940357078816158,0.3109824805364481,0.39836502030809484,0.08738253977164673,0.4054684668523486,0.4168736539699622,0.011405187117613569,514.0,0.47809878844361603,21.0,0.01863932898415657,50.0,0.045666356011183594,399.0,0.37092264678471576,418.0,0.3886300093196645,0.01863932898415657,WACC_0p3_WRT_0p7,0.26039142590866726,98,False,,,False,False,False,False,False,14.0,0.14942528735632185
UDetect,ForestCovertype,1060,0.68,153,0.4545454545454547,0.5464811044592248,0,16,2953,4471,745,False,0.11191714959461278,0.3625912243133396,0.2394149672172168,0.11191714959461278,0.35995208662001654,0.456371232812404,-3.181649610463174,-2.10523109526996,2.3061762316703245,1.5150308215472654,0.4335808906591327,0.3625912243133396,0.27844808910316476,0.08414313521017486,0.2394149672172168,0.26941820087305574,0.03000323365583893,0.11191714959461278,0.34361541680494617,0.23169826721033338,0.35995208662001654,0.3813254791342542,0.021373392514237644,0.456371232812404,0.4047980600694578,0.051573172742946205,604.0,0.5619757688723206,101.0,0.09319664492078285,21.0,0.01863932898415657,363.0,0.33737185461323393,391.0,0.3634669151910531,0.01863932898415657,WACC_0p5_WRT_0p5,0.2749301025163094,99,False,,,False,False,False,False,False,16.0,0.1724137931034483
UDetect,ForestCovertype,139,0.58,31,0.0,0.9644762707294906,0,5,2832,4524,5000,True,0.9722126447054984,0.10289187640567356,0.48133684761310763,0.9722126447054984,0.9912972504524864,0.9107687871132021,-3.181649610463174,-2.10523109526996,2.3061762316703245,1.5150308215472654,0.4335808906591327,0.10289187640567356,0.1006219276113148,0.002269948794358753,0.48133684761310763,0.3468742498740197,0.13446259773908792,0.9722126447054984,0.7558384935049598,0.2163741512005386,0.9912972504524864,0.74067973432326,0.25061751612922645,0.9107687871132021,0.6928775396672886,0.21789124744591348,21.0,0.01863932898415657,439.0,0.4082013047530289,977.0,0.9095992544268406,779.0,0.7250698974836906,852.0,0.7931034482758621,0.01863932898415657,WACC_0p1_WRT_0p9,0.5709226467847157,100,False,,,False,False,False,False,False,5.0,0.04597701149425287
UDetect,ForestCovertype,40,0.69,141,0.4999999999999997,0.568063159691291,0,11,1287,5000,1,False,0.07546590429143027,0.33383203821472635,0.22559903789679753,0.07546590429143027,0.312345048830504,0.40494296229349463,-3.181649610463174,-2.10523109526996,2.3061762316703245,1.5150308215472654,0.4335808906591327,0.33383203821472635,0.2062768939352955,0.12755514427943085,0.22559903789679753,0.21080222392853834,0.014796813968259187,0.07546590429143027,0.3651869053262708,0.28972100103484055,0.312345048830504,0.3980360489225641,0.0856910000920601,0.40494296229349463,0.4032817110396893,0.0016612512538053403,502.0,0.46691519105312207,22.0,0.0195712954333644,51.0,0.046598322460391424,398.0,0.3699906803355079,385.0,0.35787511649580617,0.0195712954333644,WACC_0p3_WRT_0p7,0.2521901211556384,101,False,,,False,False,False,False,False,11.0,0.11494252873563218
UDetect,ForestCovertype,997,0.73,273,0.6818181818181817,0.393199526148714,0,8,753,1423,1177,False,0.2897594326311208,0.5129709602371845,0.4707353170401186,0.2897594326311208,0.057929041104772934,0.22390821045957734,-3.181649610463174,-2.10523109526996,2.3061762316703245,1.5150308215472654,0.4335808906591327,0.5129709602371845,0.41924837795803266,0.09372258227915181,0.4707353170401186,0.33350679240576026,0.13722852463435836,0.2897594326311208,0.35843943456014254,0.06868000192902174,0.057929041104772934,0.296273268019929,0.23834422691515605,0.22390821045957734,0.30769766423906203,0.08378945377948468,845.0,0.7865796831314072,333.0,0.30941286113699906,37.0,0.033550792171481825,22.0,0.0195712954333644,170.0,0.157502329916123,0.0195712954333644,WACC_0p7_WRT_0p3,0.26132339235787505,102,False,,,False,False,False,False,False,8.0,0.08045977011494253
UDetect,ForestCovertype,1028,0.58,33,0.0,0.948348133291504,0,7,3050,3283,4970,True,0.9595969004007491,0.08551682182435125,0.4657164929051875,0.9595969004007491,0.9873461128981531,0.9122926305833013,-3.181649610463174,-2.10523109526996,2.3061762316703245,1.5150308215472654,0.4335808906591327,0.08551682182435125,0.10062555551694065,0.015108733692589402,0.4657164929051875,0.3518016737896754,0.1139148191155121,0.9595969004007491,0.7543727470041115,0.20522415339663758,0.9873461128981531,0.7420172305474203,0.2453288823507328,0.9122926305833013,0.6902142177701132,0.2220784128131882,22.0,0.0195712954333644,563.0,0.5237651444547996,939.0,0.8741845293569431,806.0,0.750232991612302,784.0,0.7297297297297297,0.0195712954333644,WACC_0p1_WRT_0p9,0.5794967381174277,103,False,,,False,False,False,False,False,7.0,0.06896551724137931
UDetect,ForestCovertype,315,0.68,121,0.4545454545454547,0.6084485372176246,0,11,890,4697,1,False,0.16038928656068485,0.29279842443916726,0.16814545302504394,0.16038928656068485,0.3751331235908859,0.4505163305875944,-3.181649610463174,-2.10523109526996,2.3061762316703245,1.5150308215472654,0.4335808906591327,0.29279842443916726,0.20291049900120983,0.08988792543795743,0.16814545302504394,0.2116550701956937,0.04350961717064977,0.16038928656068485,0.3760039707694589,0.21561468420877405,0.3751331235908859,0.40838525859957725,0.03325213500869134,0.4505163305875944,0.41963279298413864,0.030883537603455746,498.0,0.46318732525629075,23.0,0.02050326188257223,71.0,0.06523765144454799,422.0,0.3923578751164958,423.0,0.3932898415657036,0.02050326188257223,WACC_0p3_WRT_0p7,0.2669151910531221,104,False,,,False,False,False,False,False,11.0,0.11494252873563218
UDetect,ForestCovertype,796,0.73,495,0.6818181818181817,0.2353229452828238,0,37,4583,1989,949,False,0.4750006531597723,0.6907845007166079,0.6523111338809104,0.4750006531597723,0.039695232026412175,0.2388249482266709,-3.181649610463174,-2.10523109526996,2.3061762316703245,1.5150308215472654,0.4335808906591327,0.6907845007166079,0.45196109193373124,0.23882340878287667,0.6523111338809104,0.48731036449494136,0.16500076938596908,0.4750006531597723,0.5009968516168175,0.025996198457045205,0.039695232026412175,0.32795361028599573,0.28825837825958356,0.2388249482266709,0.2439750696353951,0.005150121408724173,947.0,0.8816402609506058,1040.0,0.9683131407269339,519.0,0.4827586206896552,172.0,0.15936626281453867,23.0,0.02050326188257223,0.02050326188257223,WACC_0p9_WRT_0p1,0.5025163094128611,105,False,,,False,False,False,False,False,37.0,0.41379310344827586
UDetect,ForestCovertype,484,0.58,29,0.0,0.9816456337335658,0,3,1,5000,1326,True,0.9856428559972665,0.1213886569836784,0.497965645654041,0.9856428559972665,0.995503471735646,0.9091465649688208,-3.181649610463174,-2.10523109526996,2.3061762316703245,1.5150308215472654,0.4335808906591327,0.1213886569836784,0.10063507227211634,0.020753584711562065,0.497965645654041,0.3432630443076872,0.15470260134635377,0.9856428559972665,0.7418832958514587,0.2437595601458078,0.995503471735646,0.7563413748447926,0.23916209689085344,0.9091465649688208,0.6867553348285519,0.22239123014026896,23.0,0.02050326188257223,400.0,0.3718546132339236,791.0,0.7362534948741846,1054.0,0.9813606710158435,708.0,0.6589002795899348,0.02050326188257223,WACC_0p1_WRT_0p9,0.5537744641192918,106,False,,,False,False,False,False,False,3.0,0.022988505747126436
UDetect,ForestCovertype,849,0.69,170,0.4999999999999997,0.5186245569342921,0,17,3241,3922,346,False,0.036794063010033275,0.3895138432320596,0.2824589890677377,0.036794063010033275,0.3002333762497098,0.40961409634550505,-3.181649610463174,-2.10523109526996,2.3061762316703245,1.5150308215472654,0.4335808906591327,0.3895138432320596,0.2758900111578543,0.11362383207420534,0.2824589890677377,0.2742810029731179,0.008177986094619782,0.036794063010033275,0.34625899757197276,0.30946493456193946,0.3002333762497098,0.3550475572322315,0.05481418098252172,0.40961409634550505,0.38112209550017734,0.028492000845327714,601.0,0.5591798695246971,110.0,0.1015843429636533,24.0,0.021435228331780055,283.0,0.26281453867660765,333.0,0.30941286113699906,0.021435228331780055,WACC_0p5_WRT_0p5,0.25088536812674744,107,False,,,False,False,False,False,False,17.0,0.1839080459770115
UDetect,ForestCovertype,128,0.64,48,0.2727272727272729,0.8511238491908765,1,1,2202,4555,1,False,0.563547261099773,0.03728443423700803,0.189956546742174,0.563547261099773,0.6461619156694305,0.6251439951945839,-3.181649610463174,-2.10523109526996,2.3061762316703245,1.5150308215472654,0.4335808906591327,0.03728443423700803,0.19144898786040518,0.15416455362339715,0.189956546742174,0.21416156322006197,0.024205016477887975,0.563547261099773,0.42223675593806403,0.141310505161709,0.6461619156694305,0.45112651556247896,0.19503540010695153,0.6251439951945839,0.4721260789894284,0.15301791620515548,483.0,0.44920782851817337,24.0,0.021435228331780055,242.0,0.22460391425908668,497.0,0.46225535880708296,500.0,0.46505125815470644,0.021435228331780055,WACC_0p3_WRT_0p7,0.3245107176141659,108,False,,,False,False,False,False,False,1.0,0.0
UDetect,ForestCovertype,415,0.77,654,0.8636363636363635,0.1613500508440575,0,10,3104,864,1,False,0.7040169539295544,0.7562920062031742,0.7814117206880317,0.7040169539295544,0.2677015081670508,0.04825768251333164,-3.181649610463174,-2.10523109526996,2.3061762316703245,1.5150308215472654,0.4335808906591327,0.7562920062031742,0.4361124854482404,0.3201795207549338,0.7814117206880317,0.3969285930800212,0.38448312760801046,0.7040169539295544,0.4374080393383716,0.26660891459118286,0.2677015081670508,0.3085050311994894,0.040803523032438616,0.04825768251333164,0.24426280163577985,0.19600511912244822,900.0,0.8378378378378378,867.0,0.8070829450139795,318.0,0.2954333643988816,46.0,0.04193849021435228,24.0,0.021435228331780055,0.021435228331780055,WACC_0p9_WRT_0p1,0.4007455731593662,109,False,,,False,False,False,False,False,10.0,0.10344827586206896
UDetect,ForestCovertype,143,0.58,29,0.0,0.9816456337335658,0,3,5000,4106,4269,True,0.9856428559972665,0.1213886569836784,0.497965645654041,0.9856428559972665,0.995503471735646,0.9091465649688208,-3.181649610463174,-2.10523109526996,2.3061762316703245,1.5150308215472654,0.4335808906591327,0.1213886569836784,0.10064082268975093,0.020747834293927472,0.497965645654041,0.3541557753974593,0.1438098702565817,0.9856428559972665,0.751285936238219,0.2343569197590475,0.995503471735646,0.7339776687588402,0.26152580297680583,0.9091465649688208,0.6928710907772436,0.21627547419157722,24.0,0.021435228331780055,642.0,0.5973904939422181,877.0,0.8164026095060578,692.0,0.6439888164026095,851.0,0.7921714818266542,0.021435228331780055,WACC_0p1_WRT_0p9,0.5742777260018639,110,False,,,False,False,False,False,False,3.0,0.022988505747126436
UDetect,ForestCovertype,552,0.72,214,0.6363636363636361,0.4577098388294895,0,4,404,1173,983,False,0.17851215782698435,0.4447658678919713,0.3855353445605666,0.17851215782698435,0.1266273418693102,0.2672021695507849,-3.181649610463174,-2.10523109526996,2.3061762316703245,1.5150308215472654,0.4335808906591327,0.4447658678919713,0.3712779701037116,0.0734878977882597,0.3855353445605666,0.27717316193276903,0.10836218262779757,0.17851215782698435,0.3464461953817388,0.16793403755475447,0.1266273418693102,0.356508161098887,0.2298808192295768,0.2672021695507849,0.3674294078996031,0.10022723834881819,748.0,0.6961789375582479,120.0,0.11090400745573159,25.0,0.022367194780987885,287.0,0.26654240447343897,305.0,0.2833178005591799,0.022367194780987885,WACC_0p5_WRT_0p5,0.27586206896551724,111,False,,,False,False,False,False,False,4.0,0.034482758620689655
UDetect,ForestCovertype,679,0.67,141,0.4090909090909093,0.568063159691291,0,16,705,4640,287,False,0.18213220568197688,0.3427354526951271,0.20358731689621548,0.18213220568197688,0.41813364601873504,0.50372120550391,-3.181649610463174,-2.10523109526996,2.3061762316703245,1.5150308215472654,0.4335808906591327,0.3427354526951271,0.23210118935208163,0.11063426334304549,0.20358731689621548,0.21506877924829088,0.011481462352075394,0.18213220568197688,0.3748737413575759,0.192741535675599,0.41813364601873504,0.4162225765286236,0.001911069490111439,0.50372120550391,0.43438403806623155,0.06933716743767843,540.0,0.5023299161230196,25.0,0.022367194780987885,66.0,0.06057781919850885,434.0,0.40354147250698974,450.0,0.418452935694315,0.022367194780987885,WACC_0p3_WRT_0p7,0.2814538676607642,112,False,,,False,False,False,False,False,16.0,0.1724137931034483
UDetect,ForestCovertype,193,0.73,377,0.6818181818181817,0.3075991948885439,0,24,1392,1766,1055,False,0.3901968106977285,0.6093810666893367,0.5691853213736358,0.3901968106977285,0.03695831929601522,0.2319960325240098,-3.181649610463174,-2.10523109526996,2.3061762316703245,1.5150308215472654,0.4335808906591327,0.6093810666893367,0.42588928281471927,0.1834917838746174,0.5691853213736358,0.41030066488973266,0.1588846564839031,0.3901968106977285,0.4325373176953252,0.04234050699759673,0.03695831929601522,0.29914829614162924,0.262189976845614,0.2319960325240098,0.27563161054838425,0.043635578024374455,868.0,0.8080149114631874,892.0,0.8303821062441752,286.0,0.2656104380242311,25.0,0.022367194780987885,93.0,0.08574091332712022,0.022367194780987885,WACC_0p7_WRT_0p3,0.40242311276794035,113,False,,,False,False,False,False,False,24.0,0.26436781609195403
UDetect,ForestCovertype,899,0.75,865,0.7727272727272726,0.0870604805417571,0,25,4777,1058,269,False,0.720072216992248,0.8488664214342698,0.8448413573378926,0.720072216992248,0.22866572741837896,0.1540550670869038,-3.181649610463174,-2.10523109526996,2.3061762316703245,1.5150308215472654,0.4335808906591327,0.8488664214342698,0.530499597097692,0.3183668243365778,0.8448413573378926,0.5014052095525445,0.34343614778534803,0.720072216992248,0.5181158985583468,0.20195631843390116,0.22866572741837896,0.33563932981428934,0.10697360239591039,0.1540550670869038,0.24468446901453642,0.09062940192763261,1062.0,0.9888164026095061,1054.0,0.9813606710158435,549.0,0.51071761416589,222.0,0.2059645852749301,25.0,0.022367194780987885,0.022367194780987885,WACC_0p9_WRT_0p1,0.5418452935694315,114,False,,,False,False,False,False,False,25.0,0.27586206896551724
UDetect,ForestCovertype,356,0.58,31,0.0,0.9644762707294906,0,5,3150,3585,5000,True,0.9722126447054984,0.10289187640567356,0.48133684761310763,0.9722126447054984,0.9912972504524864,0.9107687871132021,-3.181649610463174,-2.10523109526996,2.3061762316703245,1.5150308215472654,0.4335808906591327,0.10289187640567356,0.10069271249526941,0.002199163910404145,0.48133684761310763,0.3524355087920792,0.12890133882102844,0.9722126447054984,0.7549249988860449,0.21728764581945348,0.9912972504524864,0.7415440892552307,0.24975316119725566,0.9107687871132021,0.6917208035652043,0.21904798354799782,25.0,0.022367194780987885,582.0,0.5414725069897484,954.0,0.8881640260950606,798.0,0.7427772600186393,823.0,0.766076421248835,0.022367194780987885,WACC_0p1_WRT_0p9,0.5921714818266542,115,False,,,False,False,False,False,False,5.0,0.04597701149425287
UDetect,ForestCovertype,958,0.69,145,0.4999999999999997,0.5606728846765805,0,15,917,3608,357,False,0.06968508674285387,0.34215557143463166,0.234098684995274,0.06968508674285387,0.310534548810911,0.40564122161616634,-3.181649610463174,-2.10523109526996,2.3061762316703245,1.5150308215472654,0.4335808906591327,0.34215557143463166,0.25971070359958515,0.08244486783504651,0.234098684995274,0.23913868267008012,0.005039997674806118,0.06968508674285387,0.3482224657450127,0.2785373790021588,0.310534548810911,0.3769826442417718,0.06644809543086078,0.40564122161616634,0.3874419322123183,0.018199289403848018,585.0,0.5442684063373718,49.0,0.04473438956197577,26.0,0.023299161230195712,352.0,0.3271202236719478,356.0,0.33084808946877914,0.023299161230195712,WACC_0p5_WRT_0p5,0.254054054054054,116,False,,,False,False,False,False,False,15.0,0.16091954022988506
UDetect,ForestCovertype,871,0.67,169,0.4090909090909093,0.5201848710407438,0,21,432,4445,528,False,0.14468087258869375,0.39665990412647234,0.25865273143066825,0.14468087258869375,0.40640422561592854,0.5082449155603375,-3.181649610463174,-2.10523109526996,2.3061762316703245,1.5150308215472654,0.4335808906591327,0.39665990412647234,0.22612431609891256,0.17053558802755978,0.25865273143066825,0.21508333892367715,0.0435693925069911,0.14468087258869375,0.39979438348456514,0.2551135108958714,0.40640422561592854,0.45059933380137246,0.04419510818544392,0.5082449155603375,0.4690110167685298,0.039233898791807664,528.0,0.4911463187325256,26.0,0.023299161230195712,152.0,0.1407269338303821,495.0,0.4603914259086673,498.0,0.46318732525629075,0.023299161230195712,WACC_0p3_WRT_0p7,0.3157502329916123,117,False,,,False,False,False,False,False,21.0,0.22988505747126436
UDetect,ForestCovertype,300,0.76,611,0.8181818181818181,0.1794144630844785,0,9,3149,982,1,False,0.6472660156874064,0.7403980923288812,0.7496297552688639,0.6472660156874064,0.21098883206551391,0.0959400145565339,-3.181649610463174,-2.10523109526996,2.3061762316703245,1.5150308215472654,0.4335808906591327,0.7403980923288812,0.4360411770075906,0.3043569153212906,0.7496297552688639,0.39262521217986385,0.35700454308900004,0.6472660156874064,0.4239840744370938,0.2232819412503126,0.21098883206551391,0.31153644941089786,0.10054761734538395,0.0959400145565339,0.24626270434134775,0.15032268978481383,899.0,0.83690587138863,852.0,0.7931034482758621,252.0,0.23392357875116496,60.0,0.05498602050326188,26.0,0.023299161230195712,0.023299161230195712,WACC_0p9_WRT_0p1,0.3884436160298229,118,False,,,False,False,False,False,False,9.0,0.09195402298850575
UDetect,ForestCovertype,318,0.72,338,0.6363636363636361,0.3365685932729632,0,21,1168,1989,1905,False,0.32065073252993015,0.5812050639548186,0.5248613959254755,0.32065073252993015,0.09694966045460775,0.2786480229055696,-3.181649610463174,-2.10523109526996,2.3061762316703245,1.5150308215472654,0.4335808906591327,0.5812050639548186,0.4103967148184196,0.17080834913639903,0.5248613959254755,0.41970851252206853,0.105152883403407,0.32065073252993015,0.44223386486679495,0.1215831323368648,0.09694966045460775,0.3011109190055666,0.20416125855095885,0.2786480229055696,0.2965215259133251,0.017873503007755476,826.0,0.7688723205964585,908.0,0.8452935694315005,333.0,0.30941286113699906,26.0,0.023299161230195712,143.0,0.13233923578751164,0.023299161230195712,WACC_0p7_WRT_0p3,0.4158434296365331,119,False,,,False,False,False,False,False,21.0,0.22988505747126436
UDetect,ForestCovertype,643,0.58,29,0.0,0.9816456337335658,0,3,1548,4394,3316,True,0.9856428559972665,0.1213886569836784,0.497965645654041,0.9856428559972665,0.995503471735646,0.9091465649688208,-3.181649610463174,-2.10523109526996,2.3061762316703245,1.5150308215472654,0.4335808906591327,0.1213886569836784,0.10071092652346078,0.02067773046021762,0.497965645654041,0.35100631241263897,0.14695933324140203,0.9856428559972665,0.7557461217224635,0.22989673427480306,0.995503471735646,0.7500656911675605,0.24543778056808552,0.9091465649688208,0.6915377753539831,0.21760878961483776,26.0,0.023299161230195712,529.0,0.49207828518173347,975.0,0.907735321528425,977.0,0.9095992544268406,820.0,0.7632805219012115,0.023299161230195712,WACC_0p1_WRT_0p9,0.6191985088536812,120,False,,,False,False,False,False,False,3.0,0.022988505747126436
UDetect,ForestCovertype,813,0.69,219,0.4999999999999997,0.4515938730972211,0,30,4817,4611,161,False,0.0790218983213909,0.46500929131217195,0.35955181122260765,0.0790218983213909,0.2838119231699824,0.41594739244086404,-3.181649610463174,-2.10523109526996,2.3061762316703245,1.5150308215472654,0.4335808906591327,0.46500929131217195,0.2878800374480291,0.17712925386414285,0.35955181122260765,0.29554907343310044,0.06400273778950721,0.0790218983213909,0.3482368787502113,0.2692149804288204,0.2838119231699824,0.33276627617470955,0.04895435300472717,0.41594739244086404,0.34785973576190904,0.068087656678955,613.0,0.570363466915191,182.0,0.16868592730661697,27.0,0.024231127679403542,208.0,0.1929170549860205,250.0,0.2320596458527493,0.024231127679403542,WACC_0p5_WRT_0p5,0.23765144454799625,121,False,,,False,False,False,False,False,30.0,0.3333333333333333
UDetect,ForestCovertype,142,0.65,59,0.3181818181818183,0.797245753653933,0,3,2251,4113,1,False,0.46806961110726447,0.09351465251843125,0.10750864765839035,0.46806961110726447,0.5800683392634467,0.5808454666216492,-3.181649610463174,-2.10523109526996,2.3061762316703245,1.5150308215472654,0.4335808906591327,0.09351465251843125,0.20911358938868976,0.11559893687025852,0.10750864765839035,0.21711384747751747,0.10960519981912711,0.46806961110726447,0.40954594771211866,0.05852366339514581,0.5800683392634467,0.43208759861021084,0.14798074065323585,0.5808454666216492,0.45365451524726713,0.12719095137438202,510.0,0.4743709226467847,27.0,0.024231127679403542,188.0,0.17427772600186392,463.0,0.43056849953401677,482.0,0.4482758620689655,0.024231127679403542,WACC_0p3_WRT_0p7,0.3103448275862069,122,False,,,False,False,False,False,False,3.0,0.022988505747126436
UDetect,ForestCovertype,1029,0.77,476,0.8636363636363635,0.2457140360731321,1,1,813,790,37,False,0.6050302169050809,0.6612743739472646,0.6843836532831127,0.6050302169050809,0.21086495733961128,0.0402866747948528,-3.181649610463174,-2.10523109526996,2.3061762316703245,1.5150308215472654,0.4335808906591327,0.6612743739472646,0.4034014790662572,0.25787289488100745,0.6843836532831127,0.35426068853728493,0.33012296474582775,0.6050302169050809,0.4180141303555799,0.18701608654950097,0.21086495733961128,0.30156835632229106,0.09070339898267979,0.0402866747948528,0.26247615848052114,0.22218948368566832,815.0,0.7586206896551724,646.0,0.6011183597390494,221.0,0.20503261882572227,27.0,0.024231127679403542,56.0,0.05125815470643057,0.024231127679403542,WACC_0p7_WRT_0p3,0.32805219012115566,123,False,,,False,False,False,False,False,1.0,0.0
UDetect,ForestCovertype,929,0.74,688,0.7272727272727272,0.1478871859333967,0,38,1547,1179,1617,False,0.613147026606493,0.7848101094225595,0.763877947360373,0.613147026606493,0.1431438237585701,0.19769706642364748,-3.181649610463174,-2.10523109526996,2.3061762316703245,1.5150308215472654,0.4335808906591327,0.7848101094225595,0.5035866273946722,0.2812234820278873,0.763877947360373,0.4551756504077031,0.3087022969526699,0.613147026606493,0.4764009526237742,0.13674607398271882,0.1431438237585701,0.3243192185854008,0.1811753948268307,0.19769706642364748,0.2483912295142556,0.05069416309060812,1044.0,0.9720410065237651,991.0,0.9226467847157502,454.0,0.42218080149114634,150.0,0.13886300093196646,27.0,0.024231127679403542,0.024231127679403542,WACC_0p9_WRT_0p1,0.4959925442684064,124,False,,,False,False,False,False,False,38.0,0.42528735632183906
UDetect,ForestCovertype,681,0.58,29,0.0,0.9816456337335658,0,3,3255,4030,4961,True,0.9856428559972665,0.1213886569836784,0.497965645654041,0.9856428559972665,0.995503471735646,0.9091465649688208,-3.181649610463174,-2.10523109526996,2.3061762316703245,1.5150308215472654,0.4335808906591327,0.1213886569836784,0.10071105678191565,0.02067760020176275,0.497965645654041,0.35431714047007046,0.14364850518397054,0.9856428559972665,0.7582514431488231,0.22739141284844344,0.995503471735646,0.7411185326372642,0.2543849390983818,0.9091465649688208,0.6940849750848315,0.21506158988398938,27.0,0.024231127679403542,649.0,0.6039142590866728,1028.0,0.9571295433364398,786.0,0.7315936626281454,878.0,0.8173345759552656,0.024231127679403542,WACC_0p1_WRT_0p9,0.6268406337371853,125,False,,,False,False,False,False,False,3.0,0.022988505747126436
UDetect,ForestCovertype,78,0.7,200,0.5454545454545452,0.4756226567911882,0,16,1261,3709,1,False,0.08638365579922232,0.4334943991549637,0.34292186910421274,0.08638365579922232,0.23680429499910904,0.3642879463628352,-3.181649610463174,-2.10523109526996,2.3061762316703245,1.5150308215472654,0.4335808906591327,0.4334943991549637,0.24985028561129022,0.18364411354367347,0.34292186910421274,0.2459336377567729,0.09698823134743983,0.08638365579922232,0.3483006334750635,0.2619169776758412,0.23680429499910904,0.3657045781063117,0.12890028310720264,0.3642879463628352,0.3782589435666968,0.013970997203861635,574.0,0.5340167753960857,63.0,0.05778191985088537,28.0,0.02516309412861137,314.0,0.2917054986020503,324.0,0.30102516309412863,0.02516309412861137,WACC_0p5_WRT_0p5,0.24193849021435226,126,False,,,False,False,False,False,False,16.0,0.1724137931034483
UDetect,ForestCovertype,132,0.69,132,0.4999999999999997,0.5854824360932954,0,8,1085,4568,1,False,0.08909160272724896,0.3142130219385811,0.20556491171974112,0.08909160272724896,0.3166124949274827,0.4032971274473375,-3.181649610463174,-2.10523109526996,2.3061762316703245,1.5150308215472654,0.4335808906591327,0.3142130219385811,0.2182011230576266,0.09601189888095449,0.20556491171974112,0.21765290910787533,0.012087997388134208,0.08909160272724896,0.36871473317913095,0.279623130451882,0.3166124949274827,0.4017375970662273,0.08512510213874458,0.4032971274473375,0.4088522662701955,0.005555138822858019,518.0,0.48182665424044735,28.0,0.02516309412861137,55.0,0.05032618825722274,408.0,0.3793103448275862,399.0,0.37092264678471576,0.02516309412861137,WACC_0p3_WRT_0p7,0.2615097856477167,127,False,,,False,False,False,False,False,8.0,0.08045977011494253
UDetect,ForestCovertype,340,0.77,607,0.8636363636363635,0.1811589466635201,0,8,2988,809,1,False,0.6807745957609342,0.7339816047533307,0.7586292635344375,0.6807745957609342,0.25435612967383187,0.04638606797256833,-3.181649610463174,-2.10523109526996,2.3061762316703245,1.5150308215472654,0.4335808906591327,0.7339816047533307,0.4270604614599661,0.3069211432933646,0.7586292635344375,0.3960588230171364,0.3625704405173011,0.6807745957609342,0.42951773095930446,0.2512568648016298,0.25435612967383187,0.31483673614836966,0.06048060647453779,0.04638606797256833,0.24919188423539387,0.20280581626282554,871.0,0.8108108108108109,865.0,0.8052190121155638,273.0,0.2534948741845294,75.0,0.06896551724137931,28.0,0.02516309412861137,0.02516309412861137,WACC_0p9_WRT_0p1,0.39273066169617893,128,False,,,False,False,False,False,False,8.0,0.08045977011494253
UDetect,ForestCovertype,787,0.58,36,0.0,0.9258530952252368,0,10,1136,2974,3352,True,0.9420008419928378,0.061282621457869904,0.4439296948254753,0.9420008419928378,0.9818351857975168,0.914418041344384,-3.181649610463174,-2.10523109526996,2.3061762316703245,1.5150308215472654,0.4335808906591327,0.061282621457869904,0.10084396495741835,0.03956134349954844,0.4439296948254753,0.3509011218929444,0.09302857293253086,0.9420008419928378,0.7523804366902457,0.18962040530259217,0.9818351857975168,0.7453173410526742,0.2365178447448426,0.914418041344384,0.687947404920516,0.226470636423868,28.0,0.02516309412861137,524.0,0.4874184529356943,895.0,0.8331780055917987,891.0,0.8294501397949674,741.0,0.6896551724137931,0.02516309412861137,WACC_0p1_WRT_0p9,0.572972972972973,129,False,,,False,False,False,False,False,10.0,0.10344827586206896
UDetect,ForestCovertype,512,0.71,151,0.5909090909090907,0.549958706822786,0,6,701,2409,403,False,0.03471842291070712,0.34531934188476693,0.26843291504001154,0.03471842291070712,0.2021211481917374,0.3078752918252488,-3.181649610463174,-2.10523109526996,2.3061762316703245,1.5150308215472654,0.4335808906591327,0.34531934188476693,0.2739251225485932,0.07139421933617374,0.26843291504001154,0.26119808532662925,0.007234829713382296,0.03471842291070712,0.3498952272651538,0.3151768043544467,0.2021211481917374,0.3395530293089687,0.13743188111723129,0.3078752918252488,0.3562520092147621,0.04837671738951327,597.0,0.5554520037278659,92.0,0.08480894687791239,29.0,0.0260950605778192,240.0,0.22273998136067102,273.0,0.2534948741845294,0.0260950605778192,WACC_0p5_WRT_0p5,0.22851817334575958,130,False,,,False,False,False,False,False,6.0,0.05747126436781609
UDetect,ForestCovertype,398,0.69,142,0.4999999999999997,0.5661962552401192,0,12,882,4304,1,False,0.07400557514381842,0.3359346989664286,0.2277461878972981,0.07400557514381842,0.31188768688677426,0.4051193540292518,-3.181649610463174,-2.10523109526996,2.3061762316703245,1.5150308215472654,0.4335808906591327,0.3359346989664286,0.21292983690382514,0.12300486206260344,0.2277461878972981,0.2186762263472373,0.009069961550060818,0.07400557514381842,0.38101032900477383,0.3070047538609554,0.31188768688677426,0.41596121204742115,0.10407352516064688,0.4051193540292518,0.43178422768813374,0.026664873658881927,513.0,0.4771668219944082,29.0,0.0260950605778192,92.0,0.08480894687791239,433.0,0.4026095060577819,447.0,0.41565703634669154,0.0260950605778192,WACC_0p3_WRT_0p7,0.28126747437092264,131,False,,,False,False,False,False,False,12.0,0.12643678160919541
UDetect,ForestCovertype,297,0.71,346,0.5909090909090907,0.3303634654952405,0,27,5000,3143,1030,False,0.29237595705981995,0.5926454944954135,0.5209921299641717,0.29237595705981995,0.1483238012818228,0.3286234269306521,-3.181649610463174,-2.10523109526996,2.3061762316703245,1.5150308215472654,0.4335808906591327,0.5926454944954135,0.37549894151484564,0.21714655298056784,0.5209921299641717,0.40193267845188674,0.11905945151228492,0.29237595705981995,0.4192460266614407,0.12687006960162073,0.1483238012818228,0.30171598612256745,0.15339218484074466,0.3286234269306521,0.2923751951978188,0.036248231732833314,754.0,0.7017707362534948,879.0,0.8182665424044734,228.0,0.21155638397017706,29.0,0.0260950605778192,135.0,0.12488350419384903,0.0260950605778192,WACC_0p7_WRT_0p3,0.37651444547996266,132,False,,,False,False,False,False,False,27.0,0.2988505747126437
UDetect,ForestCovertype,1027,0.73,690,0.6818181818181817,0.1471160758499474,0,45,4823,1880,2010,False,0.5784963588758542,0.790130304017157,0.7537589501460015,0.5784963588758542,0.09912075826534122,0.24715904523694351,-3.181649610463174,-2.10523109526996,2.3061762316703245,1.5150308215472654,0.4335808906591327,0.790130304017157,0.47287381739046774,0.31725648662668926,0.7537589501460015,0.5018142677597619,0.25194468238623957,0.5784963588758542,0.5201979408704088,0.05829841800544533,0.09912075826534122,0.32857962028108434,0.22945886201574311,0.24715904523694351,0.24954851296270666,0.0023894677257631503,996.0,0.9273066169617894,1056.0,0.983224603914259,554.0,0.5153774464119292,177.0,0.16402609506057783,29.0,0.0260950605778192,0.0260950605778192,WACC_0p9_WRT_0p1,0.5232059645852749,133,False,,,False,False,False,False,False,45.0,0.5057471264367817
UDetect,ForestCovertype,575,0.58,28,0.0,0.9906645581969952,0,2,434,2897,2660,True,0.9926976349741923,0.13110486292620857,0.5067006158106627,0.9926976349741923,0.9977129650069035,0.9082944250857279,-3.181649610463174,-2.10523109526996,2.3061762316703245,1.5150308215472654,0.4335808906591327,0.13110486292620857,0.10084617086330097,0.0302586920629076,0.5067006158106627,0.3497308124668503,0.15696980334381244,0.9926976349741923,0.7531990590696985,0.23949857590449375,0.9977129650069035,0.7558230892312768,0.2418898757756267,0.9082944250857279,0.691400445715833,0.21689397936989485,29.0,0.0260950605778192,489.0,0.4547996272134203,915.0,0.8518173345759553,1048.0,0.9757688723205965,815.0,0.7586206896551724,0.0260950605778192,WACC_0p1_WRT_0p9,0.6134203168685927,134,False,,,False,False,False,False,False,2.0,0.011494252873563218
UDetect,ForestCovertype,989,0.74,310,0.7272727272727272,0.3595025341486426,0,5,620,1156,417,False,0.3648525349789699,0.5464715662417794,0.5204965066331272,0.3648525349789699,0.0005772242547206525,0.17770289984424573,-3.181649610463174,-2.10523109526996,2.3061762316703245,1.5150308215472654,0.4335808906591327,0.5464715662417794,0.3814809215259766,0.16499064471580277,0.5204965066331272,0.2912229038578203,0.2292736027753069,0.3648525349789699,0.35107493609776674,0.013777598881203168,0.0005772242547206525,0.3168300940425653,0.3162528697878446,0.17770289984424573,0.3031129228611694,0.1254100230169237,765.0,0.712022367194781,160.0,0.14818266542404473,30.0,0.02702702702702703,92.0,0.08480894687791239,158.0,0.14631873252562907,0.02702702702702703,WACC_0p5_WRT_0p5,0.22367194780987884,135,False,,,False,False,False,False,False,5.0,0.04597701149425287
UDetect,ForestCovertype,124,0.75,412,0.7727272727272726,0.284041087305656,0,6,3022,1201,1,False,0.48894909653136837,0.627010723126318,0.6182915145506819,0.48894909653136837,0.0959586458603373,0.13544364264266645,-3.181649610463174,-2.10523109526996,2.3061762316703245,1.5150308215472654,0.4335808906591327,0.627010723126318,0.4092008538063638,0.21780986931995422,0.6182915145506819,0.361343600921461,0.25694791362922087,0.48894909653136837,0.40900893202061617,0.0799401645107522,0.0959586458603373,0.31299402638009244,0.21703538051975513,0.13544364264266645,0.2500221757982946,0.11457853315562816,824.0,0.7670083876980429,764.0,0.7110904007455732,187.0,0.1733457595526561,67.0,0.06150978564771668,30.0,0.02702702702702703,0.02702702702702703,WACC_0p9_WRT_0p1,0.3479962721342032,136,False,,,False,False,False,False,False,6.0,0.05747126436781609
UDetect,ForestCovertype,361,0.74,422,0.7272727272727272,0.2776763628592404,0,19,1429,1700,1629,False,0.46086158051125886,0.6386309045112329,0.6146058027005961,0.46086158051125886,0.05570403376800679,0.18543412592549785,-3.181649610463174,-2.10523109526996,2.3061762316703245,1.5150308215472654,0.4335808906591327,0.6386309045112329,0.4615613385979947,0.17706956591323825,0.6146058027005961,0.4325691089259853,0.18203669377461074,0.46086158051125886,0.4553476468328207,0.005513933678438165,0.05570403376800679,0.3021593366151635,0.2464553028471567,0.18543412592549785,0.2693821308427635,0.08394800491726567,974.0,0.9068033550792172,942.0,0.8769804287045666,384.0,0.3569431500465983,30.0,0.02702702702702703,77.0,0.07082945013979497,0.02702702702702703,WACC_0p7_WRT_0p3,0.4477166821994409,137,False,,,False,False,False,False,False,19.0,0.20689655172413793
UDetect,ForestCovertype,918,0.58,33,0.0,0.948348133291504,0,7,145,3268,2211,True,0.9595969004007491,0.08551682182435125,0.4657164929051875,0.9595969004007491,0.9873461128981531,0.9122926305833013,-3.181649610463174,-2.10523109526996,2.3061762316703245,1.5150308215472654,0.4335808906591327,0.08551682182435125,0.10097089818728253,0.01545407636293128,0.4657164929051875,0.34778274709539103,0.11793374580979649,0.9595969004007491,0.7444937404703063,0.21510315993044282,0.9873461128981531,0.7565854067955031,0.23076070610264998,0.9122926305833013,0.692829594280466,0.21946303630283537,30.0,0.02702702702702703,449.0,0.4175209692451072,810.0,0.7539608574091333,1055.0,0.9822926374650512,850.0,0.7912395153774464,0.02702702702702703,WACC_0p1_WRT_0p9,0.5944082013047531,138,False,,,False,False,False,False,False,7.0,0.06896551724137931
UDetect,ForestCovertype,639,0.67,134,0.4090909090909093,0.5815117236858061,0,14,381,3336,791,False,0.19265193527091581,0.3275885780598057,0.18811995638430978,0.19265193527091581,0.42142833063156754,0.5024505376103573,-3.181649610463174,-2.10523109526996,2.3061762316703245,1.5150308215472654,0.4335808906591327,0.3275885780598057,0.2451749764672108,0.08241360159259489,0.18811995638430978,0.22136394606252532,0.03324398967821554,0.19265193527091581,0.4035395620839926,0.2108876268130768,0.42142833063156754,0.4376682532883394,0.016239922656771877,0.5024505376103573,0.4509902466874277,0.051460290922929586,565.0,0.5256290773532153,31.0,0.027958993476234855,166.0,0.15377446411929171,473.0,0.43988816402609504,474.0,0.4408201304753029,0.027958993476234855,WACC_0p3_WRT_0p7,0.31761416589002794,139,False,,,False,False,False,False,False,14.0,0.14942528735632185
UDetect,ForestCovertype,149,0.76,453,0.8181818181818181,0.2588611885541451,0,2,2947,1005,1,False,0.5540488436895717,0.6509186808938295,0.6582570893968127,0.5540488436895717,0.15746507026159481,0.08843360693239129,-3.181649610463174,-2.10523109526996,2.3061762316703245,1.5150308215472654,0.4335808906591327,0.6509186808938295,0.41299437718345655,0.237924303710373,0.6582570893968127,0.36280328210773655,0.29545380728907616,0.5540488436895717,0.41294453774367845,0.1411043059458933,0.15746507026159481,0.3172952992650395,0.1598302290034447,0.08843360693239129,0.25009582167631994,0.16166221474392867,837.0,0.7791239515377446,773.0,0.7194780987884436,201.0,0.1863932898415657,102.0,0.09412861136999068,31.0,0.027958993476234855,0.027958993476234855,WACC_0p9_WRT_0p1,0.36141658900279583,140,False,,,False,False,False,False,False,2.0,0.011494252873563218
UDetect,ForestCovertype,702,0.73,325,0.6818181818181817,0.3469712006699894,0,19,3206,1993,1399,False,0.34400048211235423,0.5650370879600146,0.5239030884343556,0.34400048211235423,0.046603835477325536,0.22827602615963835,-3.181649610463174,-2.10523109526996,2.3061762316703245,1.5150308215472654,0.4335808906591327,0.5650370879600146,0.40310068601161075,0.16193640194840386,0.5239030884343556,0.4157990536911054,0.1081040347432502,0.34400048211235423,0.4350428116121276,0.09104232949977337,0.046603835477325536,0.3023291335052086,0.2557252980278831,0.22827602615963835,0.28195292235191927,0.053676896192280915,813.0,0.7567567567567568,904.0,0.8415657036346692,301.0,0.27958993476234856,31.0,0.027958993476234855,112.0,0.10344827586206896,0.027958993476234855,WACC_0p7_WRT_0p3,0.40186393289841565,141,False,,,False,False,False,False,False,19.0,0.20689655172413793
UDetect,ForestCovertype,541,0.58,32,0.0,0.956290000443551,0,6,3787,4307,3707,True,0.9658091840992082,0.09407269975973002,0.47340831612005946,0.9658091840992082,0.9892917442320025,0.9115422548845219,-3.181649610463174,-2.10523109526996,2.3061762316703245,1.5150308215472654,0.4335808906591327,0.09407269975973002,0.10103451764841755,0.0069618178886875215,0.47340831612005946,0.3483565495743603,0.12505176654569916,0.9658091840992082,0.7580822918929631,0.20772689220624518,0.9892917442320025,0.7428109682555843,0.24648077597641815,0.9115422548845219,0.6954595684359204,0.2160826864486015,31.0,0.027958993476234855,463.0,0.43056849953401677,1025.0,0.9543336439888164,831.0,0.7735321528424977,929.0,0.8648648648648649,0.027958993476234855,WACC_0p1_WRT_0p9,0.6102516309412861,142,False,,,False,False,False,False,False,6.0,0.05747126436781609
UDetect,ForestCovertype,317,0.69,142,0.4999999999999997,0.5661962552401192,0,12,975,3773,1,False,0.07400557514381842,0.3359346989664286,0.2277461878972981,0.07400557514381842,0.31188768688677426,0.4051193540292518,-3.181649610463174,-2.10523109526996,2.3061762316703245,1.5150308215472654,0.4335808906591327,0.3359346989664286,0.22791146945004503,0.10802322951638355,0.2277461878972981,0.22229488796597052,0.005451299931327591,0.07400557514381842,0.3530177380010264,0.279012162857208,0.31188768688677426,0.39058894076024403,0.07870125387346977,0.4051193540292518,0.40183955441789987,0.003279799611351941,532.0,0.49487418452935694,33.0,0.02982292637465051,32.0,0.028890959925442685,385.0,0.35787511649580617,383.0,0.3560111835973905,0.028890959925442685,WACC_0p5_WRT_0p5,0.2534948741845294,143,False,,,False,False,False,False,False,12.0,0.12643678160919541
UDetect,ForestCovertype,268,0.67,77,0.4090909090909093,0.727448255717198,0,6,632,5000,1,True,0.3068063427410288,0.16322289884717053,0.020276538030692102,0.3068063427410288,0.4571804634786187,0.4886619378889046,-3.181649610463174,-2.10523109526996,2.3061762316703245,1.5150308215472654,0.4335808906591327,0.16322289884717053,0.1750601684730529,0.011837269625882357,0.020276538030692102,0.22145902396871203,0.20118248593801993,0.3068063427410288,0.4494391683875923,0.1426328256465635,0.4571804634786187,0.5200657822552045,0.06288531877658582,0.4886619378889046,0.515305280926726,0.0266433430378214,461.0,0.42870456663560114,32.0,0.028890959925442685,358.0,0.33271202236719477,558.0,0.5191053122087604,542.0,0.5041938490214353,0.028890959925442685,WACC_0p3_WRT_0p7,0.3627213420316869,144,False,,,False,False,False,False,False,6.0,0.05747126436781609
UDetect,ForestCovertype,732,0.75,455,0.7727272727272726,0.2576918117590896,0,9,816,844,871,False,0.5198654739669671,0.6566874360897359,0.6485961436748395,0.5198654739669671,0.11371031957278903,0.13793321539326267,-3.181649610463174,-2.10523109526996,2.3061762316703245,1.5150308215472654,0.4335808906591327,0.6566874360897359,0.44384150928805693,0.21284592680167896,0.6485961436748395,0.3636159697363655,0.284980173938474,0.5198654739669671,0.3912574247940047,0.12860804917296242,0.11371031957278903,0.30306299408530896,0.18935267451251991,0.13793321539326267,0.28811544510080056,0.1501822297075379,924.0,0.8602050326188257,774.0,0.7204100652376515,128.0,0.11835973904939422,32.0,0.028890959925442685,128.0,0.11835973904939422,0.028890959925442685,WACC_0p7_WRT_0p3,0.3692451071761417,145,False,,,False,False,False,False,False,9.0,0.09195402298850575
UDetect,ForestCovertype,156,0.75,652,0.7727272727272726,0.1621636074185526,0,17,3514,1392,1,False,0.6319515165573075,0.7642791266132456,0.7584643181648959,0.6319515165573075,0.17806827547911794,0.14695905802105286,-3.181649610463174,-2.10523109526996,2.3061762316703245,1.5150308215472654,0.4335808906591327,0.7642791266132456,0.43155838150879805,0.33272074510444755,0.7584643181648959,0.3944212584777696,0.3640430596871263,0.6319515165573075,0.43272664922434806,0.19922486733295947,0.17806827547911794,0.3193804857495991,0.14131221027048116,0.14695905802105286,0.25036592346960834,0.10340686544855549,884.0,0.8229263746505125,859.0,0.7996272134203168,289.0,0.2684063373718546,123.0,0.11369990680335508,32.0,0.028890959925442685,0.028890959925442685,WACC_0p9_WRT_0p1,0.40671015843429636,146,False,,,False,False,False,False,False,17.0,0.1839080459770115
UDetect,ForestCovertype,513,0.58,29,0.0,0.9816456337335658,0,3,2865,4851,3210,True,0.9856428559972665,0.1213886569836784,0.497965645654041,0.9856428559972665,0.995503471735646,0.9091465649688208,-3.181649610463174,-2.10523109526996,2.3061762316703245,1.5150308215472654,0.4335808906591327,0.1213886569836784,0.10107883336096266,0.020309823622715745,0.497965645654041,0.35178306638610063,0.14618257926794037,0.9856428559972665,0.7572260205602506,0.22841683543701596,0.995503471735646,0.743575342778458,0.25192812895718797,0.9091465649688208,0.6980819063401654,0.21106465862865542,32.0,0.028890959925442685,561.0,0.5219012115563839,1007.0,0.9375582479030755,847.0,0.7884436160298229,983.0,0.9151910531220876,0.028890959925442685,WACC_0p1_WRT_0p9,0.6383970177073626,147,False,,,False,False,False,False,False,3.0,0.022988505747126436
UDetect,ForestCovertype,608,0.73,282,0.6818181818181817,0.3846016678598624,0,10,836,1766,1640,False,0.2998475518101912,0.5226545726798667,0.48062382066312115,0.2998475518101912,0.05582270235967365,0.2247205665211922,-3.181649610463174,-2.10523109526996,2.3061762316703245,1.5150308215472654,0.4335808906591327,0.5226545726798667,0.41446506902561303,0.10818950365425367,0.48062382066312115,0.3724381169539328,0.10818570370918834,0.2998475518101912,0.383709392194224,0.08386184038403283,0.05582270235967365,0.3042102910447676,0.24838758868509395,0.2247205665211922,0.3080935788029115,0.08337301228171928,841.0,0.782851817334576,796.0,0.7409133271202236,100.0,0.09226467847157502,33.0,0.02982292637465051,172.0,0.15936626281453867,0.02982292637465051,WACC_0p7_WRT_0p3,0.3610438024231128,148,False,,,False,False,False,False,False,10.0,0.10344827586206896
UDetect,ForestCovertype,448,0.76,462,0.8181818181818181,0.2536390031335346,0,3,3067,1098,1,False,0.5601761869334855,0.6568003339774338,0.6642631897205011,0.5601761869334855,0.16098328963308262,0.08892701748171498,-3.181649610463174,-2.10523109526996,2.3061762316703245,1.5150308215472654,0.4335808906591327,0.6568003339774338,0.4226004920469319,0.23419984193050186,0.6642631897205011,0.36629904159341997,0.29796414812708116,0.5601761869334855,0.41771962518897465,0.14245656174451082,0.16098328963308262,0.3119100117689253,0.15092672213584268,0.08892701748171498,0.25047131879987883,0.16154430131816383,856.0,0.7968313140726934,782.0,0.727865796831314,218.0,0.2022367194780988,62.0,0.05684995340167754,33.0,0.02982292637465051,0.02982292637465051,WACC_0p9_WRT_0p1,0.3627213420316869,149,False,,,False,False,False,False,False,3.0,0.022988505747126436
UDetect,ForestCovertype,875,0.58,29,0.0,0.9816456337335658,0,3,1453,3316,3023,True,0.9856428559972665,0.1213886569836784,0.497965645654041,0.9856428559972665,0.995503471735646,0.9091465649688208,-3.181649610463174,-2.10523109526996,2.3061762316703245,1.5150308215472654,0.4335808906591327,0.1213886569836784,0.10117588424074096,0.020212772742937438,0.497965645654041,0.35571077762062964,0.14225486803341136,0.9856428559972665,0.7577793001302493,0.22786355586701723,0.995503471735646,0.7508211315852273,0.24468234015041868,0.9091465649688208,0.688729374450749,0.22041719051807185,33.0,0.02982292637465051,689.0,0.641192917054986,1021.0,0.9506057781919851,994.0,0.9254426840633737,757.0,0.7045666356011183,0.02982292637465051,WACC_0p1_WRT_0p9,0.6503261882572227,150,False,,,False,False,False,False,False,3.0,0.022988505747126436
UDetect,ForestCovertype,937,0.69,217,0.4999999999999997,0.4540234132023059,0,29,2307,1556,2416,False,0.07617124769340756,0.4622729441892958,0.35675756696732475,0.07617124769340756,0.28440712191415657,0.415717840898492,-3.181649610463174,-2.10523109526996,2.3061762316703245,1.5150308215472654,0.4335808906591327,0.4622729441892958,0.4043738495148455,0.05789909467445031,0.35675756696732475,0.3158564847829254,0.04090108218439936,0.07617124769340756,0.3559275420148857,0.27975629432147814,0.28440712191415657,0.37223578063612656,0.08782865872196999,0.415717840898492,0.3954130545395694,0.020304786358922633,817.0,0.7604846225535881,242.0,0.22460391425908668,34.0,0.03075489282385834,335.0,0.31127679403541475,370.0,0.34389561975768873,0.03075489282385834,WACC_0p5_WRT_0p5,0.33420316868592737,151,False,,,False,False,False,False,False,29.0,0.3218390804597701
UDetect,ForestCovertype,319,0.65,53,0.3181818181818183,0.8252751058569334,0,2,156,3034,1,False,0.4899947181929689,0.061945699572877364,0.13465551600122044,0.4899947181929689,0.5869350854415928,0.5781971542861492,-3.181649610463174,-2.10523109526996,2.3061762316703245,1.5150308215472654,0.4335808906591327,0.061945699572877364,0.14918880740658802,0.08724310783371066,0.13465551600122044,0.22267301318641614,0.08801749718519569,0.4899947181929689,0.48747613257923794,0.0025185856137309726,0.5869350854415928,0.512956009611622,0.07397907582997076,0.5781971542861492,0.506710626437032,0.07148652784911713,422.0,0.3923578751164958,34.0,0.03075489282385834,492.0,0.4575955265610438,553.0,0.5144454799627214,539.0,0.5013979496738118,0.03075489282385834,WACC_0p3_WRT_0p7,0.3793103448275862,152,False,,,False,False,False,False,False,2.0,0.011494252873563218
UDetect,ForestCovertype,41,0.77,632,0.8636363636363635,0.1704390115834031,0,9,2914,702,1,False,0.6933526098485058,0.746055273943851,0.7709583940361042,0.6933526098485058,0.26157821778872503,0.04739892535517281,-3.181649610463174,-2.10523109526996,2.3061762316703245,1.5150308215472654,0.4335808906591327,0.746055273943851,0.4361790008632827,0.30987627308056825,0.7709583940361042,0.3986509930127121,0.3723074010233921,0.6933526098485058,0.447813090186787,0.24553951966171877,0.26157821778872503,0.30427794565816424,0.04269972786943921,0.04739892535517281,0.27629469006491386,0.22889576470974105,902.0,0.8397017707362535,869.0,0.8089468779123952,350.0,0.32525629077353213,34.0,0.03075489282385834,95.0,0.08760484622553588,0.03075489282385834,WACC_0p7_WRT_0p3,0.418452935694315,153,False,,,False,False,False,False,False,9.0,0.09195402298850575
UDetect,ForestCovertype,554,0.73,635,0.6818181818181817,0.1691811709775627,0,44,3951,1678,1267,False,0.5526067359178279,0.7652787860520613,0.7283816101409638,0.5526067359178279,0.0842553640176927,0.2450742570054058,-3.181649610463174,-2.10523109526996,2.3061762316703245,1.5150308215472654,0.4335808906591327,0.7652787860520613,0.4972940779313429,0.26798470812071845,0.7283816101409638,0.48628532879955544,0.24209628134140837,0.5526067359178279,0.48364328882568686,0.06896344709214108,0.0842553640176927,0.32889877878443874,0.24464341476674606,0.2450742570054058,0.2507838675992077,0.005709610593801873,1035.0,0.9636533084808947,1038.0,0.9664492078285182,482.0,0.4482758620689655,183.0,0.16961789375582478,34.0,0.03075489282385834,0.03075489282385834,WACC_0p9_WRT_0p1,0.5157502329916122,154,False,,,False,False,False,False,False,44.0,0.4942528735632184
UDetect,ForestCovertype,737,0.58,29,0.0,0.9816456337335658,0,3,4938,3979,3186,True,0.9856428559972665,0.1213886569836784,0.497965645654041,0.9856428559972665,0.995503471735646,0.9091465649688208,-3.181649610463174,-2.10523109526996,2.3061762316703245,1.5150308215472654,0.4335808906591327,0.1213886569836784,0.10124063407713807,0.02014802290654033,0.497965645654041,0.3542861721861465,0.1436794734678945,0.9856428559972665,0.7556340705353647,0.23000878546190184,0.995503471735646,0.7418987037783579,0.25360476795728815,0.9091465649688208,0.7011613321830864,0.20798523278573444,34.0,0.03075489282385834,647.0,0.6020503261882573,972.0,0.9049394221808015,803.0,0.7474370922646785,1027.0,0.9561975768872321,0.03075489282385834,WACC_0p1_WRT_0p9,0.6482758620689656,155,False,,,False,False,False,False,False,3.0,0.022988505747126436
UDetect,ForestCovertype,68,0.69,130,0.4999999999999997,0.5895133130948177,0,6,1062,4163,1,False,0.09224463349540986,0.3096731180025653,0.2009289500076117,0.09224463349540986,0.31759999578174136,0.40291627593108775,-3.181649610463174,-2.10523109526996,2.3061762316703245,1.5150308215472654,0.4335808906591327,0.3096731180025653,0.2232284730364169,0.0864446449661484,0.2009289500076117,0.22448713621813327,0.023558186210521553,0.09224463349540986,0.3680078218964589,0.2757631884010491,0.31759999578174136,0.3953795253760201,0.07777952959427875,0.40291627593108775,0.4114746999757376,0.008558424044649848,524.0,0.4874184529356943,35.0,0.03168685927306617,53.0,0.048462255358807084,396.0,0.3681267474370923,406.0,0.37744641192917056,0.03168685927306617,WACC_0p3_WRT_0p7,0.2626281453867661,156,False,,,False,False,False,False,False,6.0,0.05747126436781609
UDetect,ForestCovertype,778,0.74,534,0.7272727272727272,0.2151867050237192,0,27,3675,1805,1203,False,0.5341825279524935,0.7090118770540864,0.686475934441192,0.5341825279524935,0.09780371177769243,0.19133836982269556,-3.181649610463174,-2.10523109526996,2.3061762316703245,1.5150308215472654,0.4335808906591327,0.7090118770540864,0.46413904368482606,0.24487283336926036,0.686475934441192,0.47027725346564464,0.2161986809755474,0.5341825279524935,0.47741452606918633,0.05676800188330722,0.09780371177769243,0.3183473346813456,0.22054362290365315,0.19133836982269556,0.25128933949988175,0.05995096967718619,980.0,0.9123951537744641,1020.0,0.9496738117427772,456.0,0.424044734389562,111.0,0.10251630941286113,35.0,0.03168685927306617,0.03168685927306617,WACC_0p9_WRT_0p1,0.48406337371854613,157,False,,,False,False,False,False,False,27.0,0.2988505747126437
UDetect,ForestCovertype,662,0.7,359,0.5454545454545452,0.3205789785106037,0,37,2684,950,4616,False,0.26830094867715665,0.6081172926380828,0.5212395294905382,0.26830094867715665,0.19882105594426747,0.378937021473739,-3.181649610463174,-2.10523109526996,2.3061762316703245,1.5150308215472654,0.4335808906591327,0.6081172926380828,0.488297455306813,0.11981983733126977,0.5212395294905382,0.38877067070192,0.1324688587886182,0.26830094867715665,0.35651948110882586,0.08821853243166922,0.19882105594426747,0.37568830497282285,0.17686724902855538,0.378937021473739,0.4392020496220918,0.06026502814835283,1024.0,0.9534016775396086,840.0,0.7819198508853681,35.0,0.03168685927306617,344.0,0.3196644920782852,458.0,0.42590866728797766,0.03168685927306617,WACC_0p5_WRT_0p5,0.5025163094128611,158,False,,,False,False,False,False,False,37.0,0.41379310344827586
UDetect,ForestCovertype,841,0.58,33,0.0,0.948348133291504,0,7,3080,4404,3421,True,0.9595969004007491,0.08551682182435125,0.4657164929051875,0.9595969004007491,0.9873461128981531,0.9122926305833013,-3.181649610463174,-2.10523109526996,2.3061762316703245,1.5150308215472654,0.4335808906591327,0.08551682182435125,0.10126521454270243,0.015748392718351184,0.4657164929051875,0.3509833883533242,0.11473310455186331,0.9595969004007491,0.7589913868691932,0.20060551353155587,0.9873461128981531,0.7403025711695147,0.2470435417286384,0.9122926305833013,0.6973157173283598,0.2149769132549415,35.0,0.03168685927306617,526.0,0.48928238583411,1040.0,0.9683131407269339,771.0,0.7176141658900279,971.0,0.9040074557315937,0.03168685927306617,WACC_0p1_WRT_0p9,0.6221808014911463,159,False,,,False,False,False,False,False,7.0,0.06896551724137931
UDetect,ForestCovertype,76,0.73,393,0.6818181818181817,0.2965703495795185,0,25,1545,2032,1,False,0.40313727821267314,0.6218026558892166,0.5818697333669393,0.40313727821267314,0.03425642733552213,0.233038076837652,-3.181649610463174,-2.10523109526996,2.3061762316703245,1.5150308215472654,0.4335808906591327,0.6218026558892166,0.3365850237476033,0.2852176321416133,0.5818697333669393,0.3621226421504422,0.21974709121649705,0.40313727821267314,0.42829886857440014,0.025161590361726993,0.03425642733552213,0.30481903908255814,0.270562611747036,0.233038076837652,0.25721266000495097,0.02417458316729898,675.0,0.6281453867660765,770.0,0.7166821994408201,266.0,0.24697110904007455,36.0,0.032618825722273995,47.0,0.04287045666356011,0.032618825722273995,WACC_0p7_WRT_0p3,0.333457595526561,160,False,,,False,False,False,False,False,25.0,0.27586206896551724
UDetect,ForestCovertype,39,0.64,54,0.2727272727272729,0.820393633256487,0,4,2249,5000,1,True,0.5395094856189615,0.07189532120340777,0.16019384940704579,0.5395094856189615,0.6386335007673379,0.6280474946883361,-3.181649610463174,-2.10523109526996,2.3061762316703245,1.5150308215472654,0.4335808906591327,0.07189532120340777,0.1654151085495936,0.09351978734618582,0.16019384940704579,0.2253905591515804,0.06519670974453462,0.5395094856189615,0.4479934084138816,0.09151607720507993,0.6386335007673379,0.5076809669268281,0.13095253384050987,0.6280474946883361,0.5043251783042146,0.12372231638412146,445.0,0.41379310344827586,36.0,0.032618825722273995,353.0,0.32805219012115566,549.0,0.51071761416589,537.0,0.4995340167753961,0.032618825722273995,WACC_0p3_WRT_0p7,0.3569431500465983,161,False,,,False,False,False,False,False,4.0,0.034482758620689655
UDetect,ForestCovertype,506,0.72,481,0.6363636363636361,0.2429399463638113,0,38,4247,1975,2709,False,0.43050796869993796,0.6866573172649929,0.6325448658168633,0.43050796869993796,0.07401212880307043,0.28749438862853904,-3.181649610463174,-2.10523109526996,2.3061762316703245,1.5150308215472654,0.4335808906591327,0.6866573172649929,0.47415417614455985,0.21250314112043306,0.6325448658168633,0.5240841898392894,0.10846067597757392,0.43050796869993796,0.5358747908335009,0.10536682213356291,0.07401212880307043,0.33328355098548923,0.25927142218241883,0.28749438862853904,0.2517718577015427,0.03572253092699634,1001.0,0.9319664492078286,1073.0,0.9990680335507922,568.0,0.5284249767008388,211.0,0.195712954333644,36.0,0.032618825722273995,0.032618825722273995,WACC_0p9_WRT_0p1,0.5375582479030755,162,False,,,False,False,False,False,False,38.0,0.42528735632183906
UDetect,ForestCovertype,520,0.58,29,0.0,0.9816456337335658,0,3,540,1621,3322,True,0.9856428559972665,0.1213886569836784,0.497965645654041,0.9856428559972665,0.995503471735646,0.9091465649688208,-3.181649610463174,-2.10523109526996,2.3061762316703245,1.5150308215472654,0.4335808906591327,0.1213886569836784,0.10131365992461262,0.020074997059065777,0.497965645654041,0.3476541865478469,0.1503114591061941,0.9856428559972665,0.7491348434481345,0.236508012549132,0.995503471735646,0.7519554956713813,0.2435479760642647,0.9091465649688208,0.6864889339271063,0.22265763104171454,36.0,0.032618825722273995,447.0,0.41565703634669154,848.0,0.7893755824790307,1007.0,0.9375582479030755,703.0,0.6542404473438956,0.032618825722273995,WACC_0p1_WRT_0p9,0.5658900279589935,163,False,,,False,False,False,False,False,3.0,0.022988505747126436
UDetect,ForestCovertype,651,0.66,80,0.3636363636363638,0.7174080908728699,0,8,2334,3933,454,False,0.3522858802747946,0.17898266234356458,0.0208179958395913,0.3522858802747946,0.5076150811256533,0.5389996897805034,-3.181649610463174,-2.10523109526996,2.3061762316703245,1.5150308215472654,0.4335808906591327,0.17898266234356458,0.2478033395472806,0.06882067720371601,0.0208179958395913,0.22959889172462278,0.2087808958850315,0.3522858802747946,0.3895575729201224,0.03727169264532776,0.5076150811256533,0.4084489743334038,0.09916610679224952,0.5389996897805034,0.4346843082415998,0.10431538153890357,571.0,0.5312208760484622,37.0,0.033550792171481825,125.0,0.11556383970177074,423.0,0.3932898415657036,451.0,0.4193849021435228,0.033550792171481825,WACC_0p3_WRT_0p7,0.29860205032618825,164,False,,,False,False,False,False,False,8.0,0.08045977011494253
UDetect,ForestCovertype,821,0.7,557,0.5454545454545452,0.2039887953943301,0,53,4117,3041,4465,False,0.40509962840321134,0.7394307093041007,0.6553313474083452,0.40509962840321134,0.17025831255566626,0.38995287435213527,-3.181649610463174,-2.10523109526996,2.3061762316703245,1.5150308215472654,0.4335808906591327,0.7394307093041007,0.4708018835447076,0.2686288257593931,0.6553313474083452,0.5071333841950462,0.14819796321329903,0.40509962840321134,0.5052899859809387,0.10019035757772732,0.17025831255566626,0.3049940898206764,0.13473577726501013,0.38995287435213527,0.3010133351644834,0.08893953918765185,991.0,0.9226467847157502,1065.0,0.9916123019571296,526.0,0.48928238583411,37.0,0.033550792171481825,151.0,0.13979496738117428,0.033550792171481825,WACC_0p7_WRT_0p3,0.5153774464119292,165,False,,,False,False,False,False,False,53.0,0.5977011494252874
UDetect,ForestCovertype,1021,0.58,30,0.0,0.9729224656013556,0,4,405,2342,4007,True,0.9788194234027437,0.11199107322659677,0.48951712015468507,0.9788194234027437,0.9933664340688685,0.9099707607476553,-3.181649610463174,-2.10523109526996,2.3061762316703245,1.5150308215472654,0.4335808906591327,0.11199107322659677,0.101359980219262,0.010631093007334766,0.48951712015468507,0.3452543883835131,0.144262731771172,0.9788194234027437,0.7545471048357232,0.22427231856702057,0.9933664340688685,0.741278211365688,0.25208822270318054,0.9099707607476553,0.6881443907549603,0.221826369992695,37.0,0.033550792171481825,422.0,0.3923578751164958,943.0,0.8779123951537745,789.0,0.7343895619757689,745.0,0.6933830382106244,0.033550792171481825,WACC_0p1_WRT_0p9,0.5463187325256291,166,False,,,False,False,False,False,False,4.0,0.034482758620689655
UDetect,ForestCovertype,610,0.75,958,0.7727272727272726,0.0599234952599575,0,27,4769,1007,655,False,0.7519128373521399,0.8794303176399629,0.876051941213692,0.7519128373521399,0.24694808616523578,0.15661906543940132,-3.181649610463174,-2.10523109526996,2.3061762316703245,1.5150308215472654,0.4335808906591327,0.8794303176399629,0.5506971731633751,0.32873314447658786,0.876051941213692,0.5022383845275478,0.37381355668614424,0.7519128373521399,0.5321654866843001,0.2197473506678398,0.24694808616523578,0.3395412431657413,0.09259315700050552,0.15661906543940132,0.2525430414625392,0.09592397602313787,1071.0,0.9972041006523765,1059.0,0.9860205032618826,566.0,0.5265610438024231,239.0,0.22180801491146318,37.0,0.033550792171481825,0.033550792171481825,WACC_0p9_WRT_0p1,0.5530288909599255,167,False,,,False,False,False,False,False,27.0,0.2988505747126437
UDetect,ForestCovertype,704,0.69,137,0.4999999999999997,0.5756646137546231,0,10,2969,3884,79,False,0.08141191021902286,0.3252706578479894,0.21685651115117624,0.08141191021902286,0.3142072843634448,0.4042247500273723,-3.181649610463174,-2.10523109526996,2.3061762316703245,1.5150308215472654,0.4335808906591327,0.3252706578479894,0.25201766489318395,0.07325299295480547,0.21685651115117624,0.23637884314712798,0.01952233199595174,0.08141191021902286,0.3585110124356218,0.27709910221659895,0.3142072843634448,0.39039222773464616,0.07618494337120135,0.4042247500273723,0.40340696049618785,0.000817789531184443,576.0,0.5358807082945014,43.0,0.0391425908667288,38.0,0.034482758620689655,384.0,0.3569431500465983,386.0,0.35880708294501396,0.034482758620689655,WACC_0p5_WRT_0p5,0.26505125815470637,168,False,,,False,False,False,False,False,10.0,0.10344827586206896
UDetect,ForestCovertype,207,0.68,113,0.4545454545454547,0.6264915719183555,0,8,1024,5000,1,True,0.17450290092820706,0.2724768804613726,0.14739393468012268,0.17450290092820706,0.3795533805656489,0.4488115608511506,-3.181649610463174,-2.10523109526996,2.3061762316703245,1.5150308215472654,0.4335808906591327,0.2724768804613726,0.16810952740272872,0.10436735305864386,0.14739393468012268,0.22977131061209718,0.0823773759319745,0.17450290092820706,0.42757067065860405,0.253067769730397,0.3795533805656489,0.4862330804301097,0.1066796998644608,0.4488115608511506,0.49003572274844515,0.04122416189729455,448.0,0.41658900279589933,38.0,0.034482758620689655,264.0,0.2451071761416589,536.0,0.49860205032618826,522.0,0.48555452003727867,0.034482758620689655,WACC_0p3_WRT_0p7,0.33606710158434294,169,False,,,False,False,False,False,False,8.0,0.08045977011494253
UDetect,ForestCovertype,175,0.75,792,0.7727272727272726,0.1104877770301296,0,23,1868,1228,1,False,0.6925842832443091,0.8224806806891163,0.8178973326262027,0.6925842832443091,0.21288260949198687,0.15184157325271788,-3.181649610463174,-2.10523109526996,2.3061762316703245,1.5150308215472654,0.4335808906591327,0.8224806806891163,0.41898259656264614,0.40349808412647015,0.8178973326262027,0.38966109205864913,0.42823624056755355,0.6925842832443091,0.45282970447620186,0.23975457876810724,0.21288260949198687,0.33731083229800896,0.12442822280602209,0.15184157325271788,0.25344558859732874,0.10160401534461086,844.0,0.7856477166821995,842.0,0.7837837837837838,371.0,0.3448275862068966,229.0,0.2124883504193849,38.0,0.034482758620689655,0.034482758620689655,WACC_0p9_WRT_0p1,0.4322460391425908,170,False,,,False,False,False,False,False,23.0,0.25287356321839083
UDetect,ForestCovertype,952,0.7,500,0.5454545454545452,0.2326545899882729,0,49,4125,3200,4029,False,0.371465211259884,0.7071449427930135,0.6223624609513541,0.371465211259884,0.17728097701276377,0.3872444286884529,-3.181649610463174,-2.10523109526996,2.3061762316703245,1.5150308215472654,0.4335808906591327,0.7071449427930135,0.47553811783870503,0.2316068249543085,0.6223624609513541,0.4964399453476436,0.12592251560371048,0.371465211259884,0.4989020292701099,0.12743681801022588,0.17728097701276377,0.30581028910445096,0.1285293120916872,0.3872444286884529,0.30217894133530077,0.08506548735315211,1006.0,0.9366262814538676,1051.0,0.97856477166822,512.0,0.4762348555452004,38.0,0.034482758620689655,153.0,0.14165890027958994,0.034482758620689655,WACC_0p7_WRT_0p3,0.5135135135135135,171,False,,,False,False,False,False,False,49.0,0.5517241379310345
UDetect,ForestCovertype,805,0.58,48,0.0,0.8511238491908765,0,17,4041,3861,3570,True,0.8835461652714144,0.06399467767821009,0.37155324499669257,0.8835461652714144,0.9635277072341253,0.9214787248258313,-3.181649610463174,-2.10523109526996,2.3061762316703245,1.5150308215472654,0.4335808906591327,0.06399467767821009,0.10138393128295524,0.037389253604745154,0.37155324499669257,0.3546971289316792,0.01685611606501336,0.8835461652714144,0.7592985125194244,0.12424765275199001,0.9635277072341253,0.7397499035801597,0.2237778036539656,0.9214787248258313,0.6972154455402642,0.2242632792855671,38.0,0.034482758620689655,660.0,0.614165890027959,1048.0,0.9757688723205965,757.0,0.7045666356011183,969.0,0.902143522833178,0.034482758620689655,WACC_0p1_WRT_0p9,0.6462255358807083,172,False,,,False,False,False,False,False,17.0,0.1839080459770115
UDetect,ForestCovertype,309,0.7,235,0.5454545454545452,0.4329172381147796,0,21,3652,3722,1,False,0.13649117545424252,0.48159274059902335,0.39203790162257485,0.13649117545424252,0.2263421455937808,0.3683229053677496,-3.181649610463174,-2.10523109526996,2.3061762316703245,1.5150308215472654,0.4335808906591327,0.48159274059902335,0.2831614609606175,0.19843127963840584,0.39203790162257485,0.28354715597109825,0.1084907456514766,0.13649117545424252,0.3587948864287574,0.22230371097451487,0.2263421455937808,0.33199090104449414,0.10564875545071334,0.3683229053677496,0.33498535859341155,0.033337546774338034,608.0,0.5657036346691519,136.0,0.12581547064305684,39.0,0.035414725069897485,202.0,0.18732525629077354,220.0,0.20410065237651445,0.035414725069897485,WACC_0p5_WRT_0p5,0.22367194780987884,173,False,,,False,False,False,False,False,21.0,0.22988505747126436
UDetect,ForestCovertype,922,0.67,76,0.4090909090909093,0.7308809845388577,0,5,2248,2683,62,False,0.3094914903129736,0.15935667839865708,0.01632851397058607,0.3094914903129736,0.4580214275275209,0.48833760152832845,-3.181649610463174,-2.10523109526996,2.3061762316703245,1.5150308215472654,0.4335808906591327,0.15935667839865708,0.22914657688317513,0.06978989848451805,0.01632851397058607,0.2317049076197229,0.21537639364913683,0.3094914903129736,0.39569409185652116,0.08620260154354753,0.4580214275275209,0.4049751154193949,0.05304631210812599,0.48833760152832845,0.4090748894198353,0.07926271210849317,535.0,0.4976700838769804,39.0,0.035414725069897485,144.0,0.13327120223671948,417.0,0.38769804287045667,400.0,0.3718546132339236,0.035414725069897485,WACC_0p3_WRT_0p7,0.28518173345759557,174,False,,,False,False,False,False,False,5.0,0.04597701149425287
UDetect,ForestCovertype,906,0.58,31,0.0,0.9644762707294906,0,5,1946,4480,1432,True,0.9722126447054984,0.10289187640567356,0.48133684761310763,0.9722126447054984,0.9912972504524864,0.9107687871132021,-3.181649610463174,-2.10523109526996,2.3061762316703245,1.5150308215472654,0.4335808906591327,0.10289187640567356,0.10142369461722318,0.0014681817884503734,0.48133684761310763,0.3514974411265386,0.12983940648656905,0.9722126447054984,0.7419902362440713,0.23022240846142705,0.9912972504524864,0.7571874497868423,0.23410980066564413,0.9107687871132021,0.6907957557183281,0.219973031394874,39.0,0.035414725069897485,549.0,0.51071761416589,792.0,0.7371854613233924,1056.0,0.983224603914259,799.0,0.7437092264678472,0.035414725069897485,WACC_0p1_WRT_0p9,0.6020503261882573,175,False,,,False,False,False,False,False,5.0,0.04597701149425287
UDetect,ForestCovertype,1020,0.68,203,0.4545454545454547,0.4716813581481749,0,26,3146,4836,990,False,0.05340732617893827,0.4468368270847135,0.32544308463287147,0.05340732617893827,0.34162733660839417,0.46343857740935124,-3.181649610463174,-2.10523109526996,2.3061762316703245,1.5150308215472654,0.4335808906591327,0.4468368270847135,0.30589325455890953,0.14094357252580397,0.32544308463287147,0.29834862724534805,0.02709445738752342,0.05340732617893827,0.3588769462640605,0.30546962008512224,0.34162733660839417,0.38219113906474544,0.04056380245635127,0.46343857740935124,0.4037194257917913,0.05971915161755992,640.0,0.5955265610438024,190.0,0.17614165890027958,40.0,0.036346691519105315,366.0,0.3401677539608574,387.0,0.3597390493942218,0.036346691519105315,WACC_0p5_WRT_0p5,0.3015843429636533,176,False,,,False,False,False,False,False,26.0,0.28735632183908044
UDetect,ForestCovertype,73,0.69,144,0.4999999999999997,0.562501295946235,0,14,1117,4513,1,True,0.07111530577159023,0.3400962648577688,0.23199580648100945,0.07111530577159023,0.3109824805364481,0.4054684668523486,-3.181649610463174,-2.10523109526996,2.3061762316703245,1.5150308215472654,0.4335808906591327,0.3400962648577688,0.19193050522860108,0.1481657596291677,0.23199580648100945,0.23251606304182787,0.0005202565608184162,0.07111530577159023,0.4260739671195607,0.3549586613479705,0.3109824805364481,0.4528674522525742,0.14188497171612607,0.4054684668523486,0.4745810980284638,0.06911263117611521,484.0,0.45013979496738116,40.0,0.036346691519105315,258.0,0.23951537744641194,500.0,0.46505125815470644,504.0,0.46877912395153776,0.036346691519105315,WACC_0p3_WRT_0p7,0.33196644920782853,177,False,,,False,False,False,False,False,14.0,0.14942528735632185
UDetect,ForestCovertype,374,0.77,813,0.8636363636363635,0.1035344395251959,0,11,3248,789,1,False,0.7718537055717349,0.8214086846060451,0.8479061734675074,0.7718537055717349,0.3066522514542645,0.05372030596360924,-3.181649610463174,-2.10523109526996,2.3061762316703245,1.5150308215472654,0.4335808906591327,0.8214086846060451,0.45873235578674043,0.36267632881930467,0.8479061734675074,0.4252067766873118,0.4226993967801956,0.7718537055717349,0.4590157614662295,0.3128379441055054,0.3066522514542645,0.31541777730589515,0.008765525851630651,0.05372030596360924,0.25506994930006904,0.2013496433364598,964.0,0.8974836905871388,921.0,0.8574091332712023,397.0,0.36905871388630007,81.0,0.07455731593662628,40.0,0.036346691519105315,0.036346691519105315,WACC_0p9_WRT_0p1,0.4469711090400746,178,False,,,False,False,False,False,False,11.0,0.11494252873563218
UDetect,ForestCovertype,725,0.58,30,0.0,0.9729224656013556,0,4,3684,4368,2207,True,0.9788194234027437,0.11199107322659677,0.48951712015468507,0.9788194234027437,0.9933664340688685,0.9099707607476553,-3.181649610463174,-2.10523109526996,2.3061762316703245,1.5150308215472654,0.4335808906591327,0.11199107322659677,0.10158613238833238,0.01040494083826439,0.48951712015468507,0.3487516856635815,0.14076543449110357,0.9788194234027437,0.7476024180381017,0.23121700536464207,0.9933664340688685,0.7511645262940865,0.242201907774782,0.9099707607476553,0.7031096151614098,0.20686114558624547,40.0,0.036346691519105315,468.0,0.43522833178005593,831.0,0.7735321528424977,999.0,0.9301025163094129,1045.0,0.972972972972973,0.036346691519105315,WACC_0p1_WRT_0p9,0.629636533084809,179,False,,,False,False,False,False,False,4.0,0.034482758620689655
UDetect,ForestCovertype,755,0.68,154,0.4545454545454547,0.5447592033505955,0,17,1037,4821,1012,False,0.11057024489541499,0.3645305704202895,0.24139534707218732,0.11057024489541499,0.35953024819252843,0.4565339241194834,-3.181649610463174,-2.10523109526996,2.3061762316703245,1.5150308215472654,0.4335808906591327,0.3645305704202895,0.3088692363407431,0.05566133407954643,0.24139534707218732,0.2896862419683496,0.048290894896162256,0.11057024489541499,0.35893462845283797,0.24836438355742296,0.35953024819252843,0.3765225806518898,0.01699233245936138,0.4565339241194834,0.40372039719155073,0.052813526927932675,645.0,0.6001863932898416,152.0,0.1407269338303821,41.0,0.03727865796831314,348.0,0.3233923578751165,388.0,0.36067101584342964,0.03727865796831314,WACC_0p5_WRT_0p5,0.2924510717614166,180,False,,,False,False,False,False,False,17.0,0.1839080459770115
UDetect,ForestCovertype,54,0.68,142,0.4545454545454547,0.5661962552401192,0,13,1408,5000,1,True,0.1273387258390915,0.34038640620662897,0.2167403273970071,0.1273387258390915,0.3647819854808897,0.45450847563445923,-3.181649610463174,-2.10523109526996,2.3061762316703245,1.5150308215472654,0.4335808906591327,0.34038640620662897,0.1823419558167916,0.15804445038983736,0.2167403273970071,0.23395456019749838,0.01721423280049128,0.1273387258390915,0.4066687640240058,0.2793300381849143,0.3647819854808897,0.4683825465485094,0.10360056106761972,0.45450847563445923,0.47266553397998234,0.018157058345523114,467.0,0.4342963653308481,41.0,0.03727865796831314,179.0,0.16589002795899346,514.0,0.47809878844361603,502.0,0.46691519105312207,0.03727865796831314,WACC_0p3_WRT_0p7,0.3164958061509785,181,False,,,False,False,False,False,False,13.0,0.13793103448275862
UDetect,ForestCovertype,418,0.77,537,0.8636363636363635,0.2136990993253101,0,4,2721,797,1,False,0.6425942807186484,0.6973322187532067,0.7212044297352587,0.6425942807186484,0.23243362286393443,0.04331155925509465,-3.181649610463174,-2.10523109526996,2.3061762316703245,1.5150308215472654,0.4335808906591327,0.6973322187532067,0.4137528200093368,0.28357939874386995,0.7212044297352587,0.36679079946277166,0.354413630272487,0.6425942807186484,0.4046306394931659,0.23796364122548253,0.23243362286393443,0.3066428053003447,0.07420918243641028,0.04331155925509465,0.27291504244593506,0.2296034831908404,839.0,0.7809878844361603,784.0,0.7297297297297297,171.0,0.15843429636533085,41.0,0.03727865796831314,85.0,0.0782851817334576,0.03727865796831314,WACC_0p7_WRT_0p3,0.3569431500465983,182,False,,,False,False,False,False,False,4.0,0.034482758620689655
UDetect,ForestCovertype,151,0.74,736,0.7272727272727272,0.1299707762344765,0,40,3714,1397,1295,False,0.6341688753310899,0.804989037948704,0.7844838327177407,0.6341688753310899,0.1552142223739613,0.19938987218204954,-3.181649610463174,-2.10523109526996,2.3061762316703245,1.5150308215472654,0.4335808906591327,0.804989037948704,0.5120943599074823,0.2928946780412217,0.7844838327177407,0.47083543971332137,0.3136483930044193,0.6341688753310899,0.475686225804035,0.15848264952705488,0.1552142223739613,0.3295565381903103,0.17434231581634899,0.19938987218204954,0.2550826508505676,0.055692778668518045,1051.0,0.97856477166822,1021.0,0.9506057781919851,452.0,0.42031686859273065,185.0,0.17148182665424044,41.0,0.03727865796831314,0.03727865796831314,WACC_0p9_WRT_0p1,0.5116495806150979,183,False,,,False,False,False,False,False,40.0,0.4482758620689655
UDetect,ForestCovertype,986,0.58,28,0.0,0.9906645581969952,0,2,2295,4748,2771,True,0.9926976349741923,0.13110486292620857,0.5067006158106627,0.9926976349741923,0.9977129650069035,0.9082944250857279,-3.181649610463174,-2.10523109526996,2.3061762316703245,1.5150308215472654,0.4335808906591327,0.13110486292620857,0.10159424281622335,0.029510620109985217,0.5067006158106627,0.35330082258806,0.15339979322260272,0.9926976349741923,0.7595448833812262,0.2331527515929661,0.9977129650069035,0.7512609776585217,0.2464519873483818,0.9082944250857279,0.6995063231948883,0.20878810189083963,41.0,0.03727865796831314,605.0,0.5629077353215284,1053.0,0.9804287045666356,1001.0,0.9319664492078286,1003.0,0.9338303821062441,0.03727865796831314,WACC_0p1_WRT_0p9,0.68928238583411,184,False,,,False,False,False,False,False,2.0,0.011494252873563218
UDetect,ForestCovertype,709,0.72,154,0.6363636363636361,0.5447592033505955,1,1,602,2119,201,False,0.07637458655648169,0.3467237414594883,0.2854187890733516,0.07637458655648169,0.14795305381606588,0.2589774376986524,-3.181649610463174,-2.10523109526996,2.3061762316703245,1.5150308215472654,0.4335808906591327,0.3467237414594883,0.269318651185224,0.07740509027426429,0.2854187890733516,0.2614169209631603,0.024001868110191282,0.07637458655648169,0.35941268753209854,0.2830381009756169,0.14795305381606588,0.350363457712673,0.20241040389660714,0.2589774376986524,0.3618144716122653,0.10283703391361293,591.0,0.5498602050326188,93.0,0.08574091332712022,42.0,0.03821062441752097,273.0,0.2534948741845294,292.0,0.2712022367194781,0.03821062441752097,WACC_0p5_WRT_0p5,0.23970177073625348,185,False,,,False,False,False,False,False,1.0,0.0
UDetect,ForestCovertype,1057,0.73,376,0.6818181818181817,0.3083039179298671,0,23,1511,2080,1126,False,0.3893699384941794,0.6085873498609901,0.5683748106495438,0.3893699384941794,0.037130965249999814,0.23192944779847172,-3.181649610463174,-2.10523109526996,2.3061762316703245,1.5150308215472654,0.4335808906591327,0.6085873498609901,0.39424522388759325,0.2143421259733968,0.5683748106495438,0.4228399536890386,0.14553485696050517,0.3893699384941794,0.4620463828627096,0.07267644436853021,0.037130965249999814,0.3070640619601967,0.2699330967101969,0.23192944779847172,0.27825487354844364,0.04632542574997192,790.0,0.7353215284249767,912.0,0.8490214352283317,405.0,0.3765144454799627,42.0,0.03821062441752097,100.0,0.09226467847157502,0.03821062441752097,WACC_0p7_WRT_0p3,0.41826654240447336,186,False,,,False,False,False,False,False,23.0,0.25287356321839083
UDetect,ForestCovertype,8,0.72,585,0.6363636363636361,0.19096360981081,0,43,4450,1670,2478,False,0.4914933280792663,0.7451973260044147,0.692323496151023,0.4914933280792663,0.0612787517419641,0.2924052967455188,-3.181649610463174,-2.10523109526996,2.3061762316703245,1.5150308215472654,0.4335808906591327,0.7451973260044147,0.4953337447574221,0.2498635812469926,0.692323496151023,0.5050723388650432,0.18725115728597974,0.4914933280792663,0.5179741027749669,0.026480774695700593,0.0612787517419641,0.33817221971287464,0.2768934679709105,0.2924052967455188,0.2559240569945137,0.03648123975100509,1032.0,0.9608574091332712,1061.0,0.9878844361602982,548.0,0.5097856477166822,234.0,0.21714818266542404,42.0,0.03821062441752097,0.03821062441752097,WACC_0p9_WRT_0p1,0.5427772600186394,187,False,,,False,False,False,False,False,43.0,0.4827586206896552
UDetect,ForestCovertype,636,0.58,29,0.0,0.9816456337335658,0,3,2440,1255,4574,True,0.9856428559972665,0.1213886569836784,0.497965645654041,0.9856428559972665,0.995503471735646,0.9091465649688208,-3.181649610463174,-2.10523109526996,2.3061762316703245,1.5150308215472654,0.4335808906591327,0.1213886569836784,0.10162105848448084,0.019767598499197556,0.497965645654041,0.3528209896649287,0.1451446559891123,0.9856428559972665,0.7494058411087947,0.23623701488847182,0.995503471735646,0.7412868098566634,0.2542166618789826,0.9091465649688208,0.6945354868015566,0.2146110781672642,42.0,0.03821062441752097,592.0,0.5507921714818267,852.0,0.7931034482758621,790.0,0.7353215284249767,898.0,0.8359739049394221,0.03821062441752097,WACC_0p1_WRT_0p9,0.5906803355079216,188,False,,,False,False,False,False,False,3.0,0.022988505747126436
UDetect,ForestCovertype,579,0.69,187,0.4999999999999997,0.4934103928273671,0,19,1454,4344,194,False,0.029957349858356252,0.41791210069046014,0.3114581124244929,0.029957349858356252,0.29405630644936526,0.41199641975241336,-3.181649610463174,-2.10523109526996,2.3061762316703245,1.5150308215472654,0.4335808906591327,0.41791210069046014,0.24761144837087395,0.1703006523195862,0.3114581124244929,0.23803299884527288,0.07342511357922002,0.029957349858356252,0.3610472216860183,0.3310898718276621,0.29405630644936526,0.4028601792748029,0.10880387282543763,0.41199641975241336,0.3988863977909807,0.013110021961432683,570.0,0.5302889095992545,47.0,0.04287045666356011,43.0,0.0391425908667288,411.0,0.3821062441752097,375.0,0.34855545200372784,0.0391425908667288,WACC_0p5_WRT_0p5,0.26859273066169614,189,False,,,False,False,False,False,False,19.0,0.20689655172413793
UDetect,ForestCovertype,605,0.71,370,0.5909090909090907,0.3125719152321354,0,29,3906,2878,1932,False,0.31325130454808375,0.6126837960949881,0.5414544129333697,0.31325130454808375,0.14396515400065604,0.3303044355279326,-3.181649610463174,-2.10523109526996,2.3061762316703245,1.5150308215472654,0.4335808906591327,0.6126837960949881,0.44036910811321056,0.17231468798177757,0.5414544129333697,0.4559266500973402,0.08552776283602953,0.31325130454808375,0.4652955370489879,0.15204423250090415,0.14396515400065604,0.3072584596947373,0.16329330569408126,0.3303044355279326,0.30084755942627245,0.029456876101660145,912.0,0.8490214352283317,992.0,0.923578751164958,417.0,0.38769804287045667,43.0,0.0391425908667288,147.0,0.13606710158434296,0.0391425908667288,WACC_0p7_WRT_0p3,0.46710158434296367,190,False,,,False,False,False,False,False,29.0,0.3218390804597701
UDetect,ForestCovertype,734,0.74,798,0.7272727272727272,0.1084824952301147,0,42,4831,1306,1837,False,0.6593817053688263,0.8291909005887874,0.8091977716342788,0.6593817053688263,0.16969101329585107,0.20142016097504006,-3.181649610463174,-2.10523109526996,2.3061762316703245,1.5150308215472654,0.4335808906591327,0.8291909005887874,0.5358195405162676,0.29337136007251985,0.8091977716342788,0.5153428679627462,0.29385490367153255,0.6593817053688263,0.506158263528159,0.15322344184066738,0.16969101329585107,0.34769566844438077,0.1780046551485297,0.20142016097504006,0.25620777692452684,0.05478761594948678,1066.0,0.9925442684063374,1069.0,0.9953401677539608,529.0,0.49207828518173347,267.0,0.2479030754892824,43.0,0.0391425908667288,0.0391425908667288,WACC_0p9_WRT_0p1,0.5534016775396087,191,False,,,False,False,False,False,False,42.0,0.47126436781609193
UDetect,ForestCovertype,988,0.58,32,0.0,0.956290000443551,0,6,3321,3660,4588,True,0.9658091840992082,0.09407269975973002,0.47340831612005946,0.9658091840992082,0.9892917442320025,0.9115422548845219,-3.181649610463174,-2.10523109526996,2.3061762316703245,1.5150308215472654,0.4335808906591327,0.09407269975973002,0.10168007161831662,0.007607371858586592,0.47340831612005946,0.35166271843108543,0.12174559768897403,0.9658091840992082,0.7619229148282359,0.2038862692709723,0.9892917442320025,0.7390474831834785,0.25024426104852404,0.9115422548845219,0.6956369668650022,0.2159052880195197,43.0,0.0391425908667288,557.0,0.5181733457595527,1072.0,0.9981360671015843,737.0,0.6859273066169618,933.0,0.8685927306616962,0.0391425908667288,WACC_0p1_WRT_0p9,0.6219944082013047,192,False,,,False,False,False,False,False,6.0,0.05747126436781609
UDetect,ForestCovertype,549,0.69,190,0.4999999999999997,0.4891987039259098,0,22,4876,4790,64,False,0.03489904791334298,0.42265564980242226,0.3163020281488333,0.03489904791334298,0.2930245095509508,0.412394355016498,-3.181649610463174,-2.10523109526996,2.3061762316703245,1.5150308215472654,0.4335808906591327,0.42265564980242226,0.27232459529874137,0.1503310545036809,0.3163020281488333,0.2880786787021584,0.028223349446674872,0.03489904791334298,0.36118283987572364,0.32628379196238066,0.2930245095509508,0.3368878335324369,0.043863323981486124,0.412394355016498,0.36224954084407623,0.05014481417242178,596.0,0.554520037278658,150.0,0.13886300093196646,44.0,0.04007455731593663,228.0,0.21155638397017706,295.0,0.2739981360671016,0.04007455731593663,WACC_0p5_WRT_0p5,0.24380242311276795,193,False,,,False,False,False,False,False,22.0,0.2413793103448276
UDetect,ForestCovertype,872,0.73,294,0.6818181818181817,0.3735537360232853,0,12,738,1314,1731,False,0.31281041410743937,0.5350976586908683,0.49333018430885994,0.31281041410743937,0.0531161345030283,0.22576441419746623,-3.181649610463174,-2.10523109526996,2.3061762316703245,1.5150308215472654,0.4335808906591327,0.5350976586908683,0.4358431643391865,0.09925449435168182,0.49333018430885994,0.3618376941211306,0.13149249018772935,0.31281041410743937,0.37814334101362496,0.06533292690618558,0.0531161345030283,0.3076307058893994,0.25451457138637107,0.22576441419746623,0.3176946488832,0.09193023468573375,895.0,0.8331780055917987,768.0,0.7148182665424044,83.0,0.07642124883504194,44.0,0.04007455731593663,188.0,0.17427772600186392,0.04007455731593663,WACC_0p7_WRT_0p3,0.36775396085740913,194,False,,,False,False,False,False,False,12.0,0.12643678160919541
UDetect,ForestCovertype,670,0.75,465,0.7727272727272726,0.2519208090498623,0,10,3384,1390,19,False,0.5266367606243564,0.6631872121693543,0.6552334455797276,0.5266367606243564,0.11759828062533603,0.13847848014117262,-3.181649610463174,-2.10523109526996,2.3061762316703245,1.5150308215472654,0.4335808906591327,0.6631872121693543,0.4126374303850709,0.2505497817842834,0.6552334455797276,0.37842528616753884,0.2768081594121888,0.5266367606243564,0.4343267272867547,0.09231003333760168,0.11759828062533603,0.3148724240800245,0.1972741434546885,0.13847848014117262,0.25669189297399286,0.11821341283282025,835.0,0.777260018639329,811.0,0.7548928238583411,297.0,0.27586206896551724,76.0,0.06989748369058714,44.0,0.04007455731593663,0.04007455731593663,WACC_0p9_WRT_0p1,0.3835973904939423,195,False,,,False,False,False,False,False,10.0,0.10344827586206896
UDetect,ForestCovertype,496,0.58,60,0.0,0.7928484172972575,0,24,1,1214,458,False,0.8379619835365079,0.1296292436862878,0.3151125728833966,0.8379619835365079,0.9492511518454323,0.9269847937503898,-3.181649610463174,-2.10523109526996,2.3061762316703245,1.5150308215472654,0.4335808906591327,0.1296292436862878,0.24533244904956641,0.1157032053632786,0.3151125728833966,0.23661882711542323,0.07849374576797338,0.8379619835365079,0.4592978190245996,0.37866416451190826,0.9492511518454323,0.5263246957229345,0.4229264561224978,0.9269847937503898,0.5396685939764501,0.3873161997739397,566.0,0.5265610438024231,44.0,0.04007455731593663,399.0,0.37092264678471576,562.0,0.5228331780055918,562.0,0.5228331780055918,0.04007455731593663,WACC_0p3_WRT_0p7,0.39664492078285185,196,False,,,False,False,False,False,False,24.0,0.26436781609195403
UDetect,ForestCovertype,444,0.58,28,0.0,0.9906645581969952,0,2,2145,1627,4210,True,0.9926976349741923,0.13110486292620857,0.5067006158106627,0.9926976349741923,0.9977129650069035,0.9082944250857279,-3.181649610463174,-2.10523109526996,2.3061762316703245,1.5150308215472654,0.4335808906591327,0.13110486292620857,0.1016853714834419,0.029419491442766676,0.5067006158106627,0.3556022452999092,0.15109837051075353,0.9926976349741923,0.7515761911838594,0.24112144379033285,0.9977129650069035,0.7413646565509929,0.2563483084559106,0.9082944250857279,0.6918723121931578,0.21642211289257007,44.0,0.04007455731593663,687.0,0.6393289841565704,880.0,0.8191985088536813,794.0,0.739049394221808,828.0,0.7707362534948742,0.04007455731593663,WACC_0p1_WRT_0p9,0.6016775396085741,197,False,,,False,False,False,False,False,2.0,0.011494252873563218
UDetect,ForestCovertype,729,0.69,415,0.4999999999999997,0.2821156304623626,0,72,3840,4415,579,False,0.27787568870972174,0.655889573820531,0.5544708433829691,0.27787568870972174,0.24229244507204556,0.4319602962467774,-3.181649610463174,-2.10523109526996,2.3061762316703245,1.5150308215472654,0.4335808906591327,0.655889573820531,0.3252345362399698,0.33065503758056125,0.5544708433829691,0.32984569603849295,0.2246251473444762,0.27787568870972174,0.36311511129030116,0.08523942258057943,0.24229244507204556,0.34220994423196843,0.09991749915992287,0.4319602962467774,0.35585899294400775,0.07610130330276965,661.0,0.6150978564771669,309.0,0.2870456663560112,45.0,0.04100652376514446,250.0,0.2320596458527493,271.0,0.2516309412861137,0.04100652376514446,WACC_0p5_WRT_0p5,0.2853681267474371,198,False,,,False,False,False,False,False,72.0,0.8160919540229885
UDetect,ForestCovertype,878,0.74,651,0.7272727272727272,0.1625713205903565,0,35,3110,1431,416,False,0.5959177009437278,0.7682716338746969,0.7469895416809863,0.5959177009437278,0.13325102929750854,0.19630965744371381,-3.181649610463174,-2.10523109526996,2.3061762316703245,1.5150308215472654,0.4335808906591327,0.7682716338746969,0.42909380968928434,0.33917782418541254,0.7469895416809863,0.36454104442004637,0.38244849726093993,0.5959177009437278,0.41088051603983344,0.18503718490389431,0.13325102929750854,0.3079101628138129,0.17465913351630435,0.19630965744371381,0.26425902741731944,0.06794936997360562,875.0,0.8145386766076421,777.0,0.723205964585275,194.0,0.1798695246971109,45.0,0.04100652376514446,61.0,0.05591798695246971,0.04100652376514446,WACC_0p7_WRT_0p3,0.3629077353215284,199,False,,,False,False,False,False,False,35.0,0.39080459770114945
UDetect,ForestCovertype,457,0.69,88,0.4999999999999997,0.6923512030297817,1,1,574,3946,1,True,0.172686440818043,0.19384866066710776,0.08265381531245138,0.172686440818043,0.3427936457300242,0.3931997883540977,-3.181649610463174,-2.10523109526996,2.3061762316703245,1.5150308215472654,0.4335808906591327,0.19384866066710776,0.1717605206166482,0.02208814005045956,0.08265381531245138,0.23786532018301226,0.1552115048705609,0.172686440818043,0.4669452614171429,0.2942588205990999,0.3427936457300242,0.5169169876491464,0.1741233419191222,0.3931997883540977,0.5295640396262318,0.13636425127213408,455.0,0.42311276794035413,45.0,0.04100652376514446,421.0,0.391425908667288,554.0,0.5153774464119292,556.0,0.5172413793103449,0.04100652376514446,WACC_0p3_WRT_0p7,0.3776328052190121,200,False,,,False,False,False,False,False,1.0,0.0
UDetect,ForestCovertype,847,0.58,30,0.0,0.9729224656013556,0,4,768,4591,4434,True,0.9788194234027437,0.11199107322659677,0.48951712015468507,0.9788194234027437,0.9933664340688685,0.9099707607476553,-3.181649610463174,-2.10523109526996,2.3061762316703245,1.5150308215472654,0.4335808906591327,0.11199107322659677,0.10168740177795187,0.0103036714486449,0.48951712015468507,0.35086189615568597,0.1386552239989991,0.9788194234027437,0.7517143910159075,0.22710503238683621,0.9933664340688685,0.7394995226752783,0.2538669113935902,0.9099707607476553,0.6818366310777869,0.22813412966986835,45.0,0.04100652376514446,522.0,0.48555452003727867,885.0,0.8238583410997204,749.0,0.6971109040074557,654.0,0.608574091332712,0.04100652376514446,WACC_0p1_WRT_0p9,0.5312208760484622,201,False,,,False,False,False,False,False,4.0,0.034482758620689655
UDetect,ForestCovertype,499,0.72,202,0.6363636363636361,0.4729886472286058,0,3,2973,2300,1,False,0.16058508402951027,0.427557622053018,0.3679629972231225,0.16058508402951027,0.1303704072966313,0.26575857369234107,-3.181649610463174,-2.10523109526996,2.3061762316703245,1.5150308215472654,0.4335808906591327,0.427557622053018,0.2962443370449984,0.1313132850080196,0.3679629972231225,0.3114247925008543,0.05653820472226817,0.16058508402951027,0.3632440217368512,0.20265893770734095,0.1303704072966313,0.31314565037227854,0.18277524307564724,0.26575857369234107,0.3025510830953774,0.036792509403036355,622.0,0.5787511649580616,233.0,0.21621621621621623,46.0,0.04193849021435228,68.0,0.06244175209692451,155.0,0.1435228331780056,0.04193849021435228,WACC_0p5_WRT_0p5,0.208574091332712,202,False,,,False,False,False,False,False,3.0,0.022988505747126436
UDetect,ForestCovertype,259,0.74,414,0.7272727272727272,0.282755902233591,0,18,1396,1528,587,False,0.454901608055133,0.63290991109217,0.6087637613667003,0.454901608055133,0.05228191594075694,0.18495419307916156,-3.181649610463174,-2.10523109526996,2.3061762316703245,1.5150308215472654,0.4335808906591327,0.63290991109217,0.4383728798397099,0.19453703125246008,0.6087637613667003,0.3785655390790541,0.2301982222876462,0.454901608055133,0.4012449103388027,0.053656697716330304,0.05228191594075694,0.30873389676889235,0.2564519808281354,0.18495419307916156,0.25686756117408344,0.07191336809492188,909.0,0.8462255358807083,814.0,0.7576887232059646,160.0,0.14818266542404473,47.0,0.04287045666356011,46.0,0.04193849021435228,0.04193849021435228,WACC_0p9_WRT_0p1,0.367381174277726,203,False,,,False,False,False,False,False,18.0,0.19540229885057472
UDetect,ForestCovertype,164,0.58,28,0.0,0.9906645581969952,0,2,2348,3408,5000,True,0.9926976349741923,0.13110486292620857,0.5067006158106627,0.9926976349741923,0.9977129650069035,0.9082944250857279,-3.181649610463174,-2.10523109526996,2.3061762316703245,1.5150308215472654,0.4335808906591327,0.13110486292620857,0.10173639040750931,0.029368472518699257,0.5067006158106627,0.35259997091253115,0.15410064489813158,0.9926976349741923,0.7532412281661904,0.23945640680800184,0.9977129650069035,0.7420318521457153,0.2556811128611882,0.9082944250857279,0.6907397979792836,0.21755462710644424,46.0,0.04193849021435228,586.0,0.5452003727865797,918.0,0.8546132339235788,807.0,0.7511649580615097,795.0,0.7399813606710158,0.04193849021435228,WACC_0p1_WRT_0p9,0.5865796831314073,204,False,,,False,False,False,False,False,2.0,0.011494252873563218
UDetect,ForestCovertype,600,0.68,253,0.4545454545454547,0.4133631728928679,0,39,286,895,3737,False,0.0883236658185822,0.512519545431583,0.39251555393976667,0.0883236658185822,0.3273403073250194,0.46894868582274013,-3.181649610463174,-2.10523109526996,2.3061762316703245,1.5150308215472654,0.4335808906591327,0.512519545431583,0.44883616352094824,0.06368338191063472,0.39251555393976667,0.31277779850817117,0.0797377554315955,0.0883236658185822,0.36396151118541953,0.27563784536683733,0.3273403073250194,0.4294343192409257,0.10209401191590628,0.46894868582274013,0.4830946777911757,0.014145991968435578,938.0,0.8732525629077353,237.0,0.21994408201304752,47.0,0.04287045666356011,457.0,0.4249767008387698,518.0,0.48182665424044735,0.04287045666356011,WACC_0p5_WRT_0p5,0.408574091332712,205,False,,,False,False,False,False,False,39.0,0.4367816091954023
UDetect,ForestCovertype,733,0.58,29,0.0,0.9816456337335658,0,3,2985,3284,3054,True,0.9856428559972665,0.1213886569836784,0.497965645654041,0.9856428559972665,0.995503471735646,0.9091465649688208,-3.181649610463174,-2.10523109526996,2.3061762316703245,1.5150308215472654,0.4335808906591327,0.1213886569836784,0.10174753493605257,0.01964112204762583,0.497965645654041,0.3541376549674101,0.14382799068663088,0.9856428559972665,0.7595681596794144,0.22607469631785215,0.995503471735646,0.7452999145611559,0.25020355717449017,0.9091465649688208,0.6949780681492002,0.2141684968196207,47.0,0.04287045666356011,641.0,0.5964585274930102,1054.0,0.9813606710158435,889.0,0.8275862068965517,909.0,0.8462255358807083,0.04287045666356011,WACC_0p1_WRT_0p9,0.6589002795899347,206,False,,,False,False,False,False,False,3.0,0.022988505747126436
UDetect,ForestCovertype,673,0.68,209,0.4545454545454547,0.4639697227651764,0,28,3104,4531,1318,False,0.04737513426977064,0.45552230268100946,0.3343123322829441,0.04737513426977064,0.33973810840183616,0.4641671999962653,-3.181649610463174,-2.10523109526996,2.3061762316703245,1.5150308215472654,0.4335808906591327,0.45552230268100946,0.329221962193956,0.12630034048705346,0.3343123322829441,0.32833684931737495,0.005975482965569157,0.04737513426977064,0.3640390933630087,0.3166639590932381,0.33973810840183616,0.36545417317982887,0.02571606477799271,0.4641671999962653,0.40282215598100213,0.061345044015263195,667.0,0.6206896551724138,292.0,0.2712022367194781,48.0,0.04380242311276794,313.0,0.2907735321528425,384.0,0.3569431500465983,0.04380242311276794,WACC_0p5_WRT_0p5,0.3166821994408201,207,False,,,False,False,False,False,False,28.0,0.3103448275862069
UDetect,ForestCovertype,145,0.68,82,0.4545454545454547,0.710919164484351,0,3,2304,2325,1,True,0.2405438138466131,0.17738760841116072,0.050292711686862945,0.2405438138466131,0.4002368000176535,0.4408345432865014,-3.181649610463174,-2.10523109526996,2.3061762316703245,1.5150308215472654,0.4335808906591327,0.17738760841116072,0.20044781846450707,0.023060210053346353,0.050292711686862945,0.23869068983092664,0.1883979781440637,0.2405438138466131,0.4289769976754677,0.1884331838288546,0.4002368000176535,0.4689071698021241,0.06867036978447061,0.4408345432865014,0.4409609311760721,0.00012638788957070046,496.0,0.4613233923578751,48.0,0.04380242311276794,269.0,0.24976700838769805,515.0,0.4790307548928239,462.0,0.4296365330848089,0.04380242311276794,WACC_0p3_WRT_0p7,0.33271202236719477,208,False,,,False,False,False,False,False,3.0,0.022988505747126436
UDetect,ForestCovertype,753,0.71,411,0.5909090909090907,0.2846860156034015,0,34,4610,3108,1277,False,0.3459706480658796,0.6440911809980793,0.5735263325028013,0.3459706480658796,0.13713355142515035,0.3329391939568263,-3.181649610463174,-2.10523109526996,2.3061762316703245,1.5150308215472654,0.4335808906591327,0.6440911809980793,0.4164714401235437,0.22761974087453557,0.5735263325028013,0.45112698998438866,0.12239934251841261,0.3459706480658796,0.423692502914886,0.0777218548490064,0.13713355142515035,0.30938138802257104,0.17224783659742068,0.3329391939568263,0.3045864076241979,0.028352786332628388,843.0,0.7847157502329916,984.0,0.9161230195712954,247.0,0.22926374650512582,48.0,0.04380242311276794,163.0,0.1509785647716682,0.04380242311276794,WACC_0p7_WRT_0p3,0.4249767008387698,209,False,,,False,False,False,False,False,34.0,0.3793103448275862
UDetect,ForestCovertype,718,0.71,610,0.5909090909090907,0.1798495127195049,0,51,4463,2231,2900,False,0.46897839021267107,0.7621666399865281,0.6941000967778566,0.46897839021267107,0.11145027304274312,0.3428445175542927,-3.181649610463174,-2.10523109526996,2.3061762316703245,1.5150308215472654,0.4335808906591327,0.7621666399865281,0.45881853156919106,0.30334810841733706,0.6941000967778566,0.5077358062000245,0.1863642905778321,0.46897839021267107,0.5288883425600792,0.059909952347408146,0.11145027304274312,0.31961919438583636,0.20816892134309323,0.3428445175542927,0.25749040802504874,0.08535410952924394,965.0,0.8984156570363467,1066.0,0.9925442684063374,562.0,0.5228331780055918,125.0,0.11556383970177074,48.0,0.04380242311276794,0.04380242311276794,WACC_0p9_WRT_0p1,0.5146318732525629,210,False,,,False,False,False,False,False,51.0,0.5747126436781609
UDetect,ForestCovertype,1048,0.58,30,0.0,0.9729224656013556,0,4,4265,3618,2450,True,0.9788194234027437,0.11199107322659677,0.48951712015468507,0.9788194234027437,0.9933664340688685,0.9099707607476553,-3.181649610463174,-2.10523109526996,2.3061762316703245,1.5150308215472654,0.4335808906591327,0.11199107322659677,0.10174770647553152,0.010243366751065242,0.48951712015468507,0.3562186202892201,0.133298499865465,0.9788194234027437,0.7572195699210919,0.2215998534816519,0.9933664340688685,0.748597821777606,0.24476861229126246,0.9099707607476553,0.7001282577959379,0.20984250295171736,48.0,0.04380242311276794,705.0,0.6561043802423113,1006.0,0.9366262814538676,956.0,0.8900279589934762,1012.0,0.9422180801491147,0.04380242311276794,WACC_0p1_WRT_0p9,0.6937558247903075,211,False,,,False,False,False,False,False,4.0,0.034482758620689655
UDetect,ForestCovertype,617,0.68,246,0.4545454545454547,0.4207977067945567,0,36,3203,4703,1830,False,0.07960050924616867,0.5041461642269537,0.38396500414558027,0.07960050924616867,0.3291616500690824,0.4682462447638836,-3.181649610463174,-2.10523109526996,2.3061762316703245,1.5150308215472654,0.4335808906591327,0.5041461642269537,0.36301529226515783,0.14113087196179586,0.38396500414558027,0.354691002438555,0.029274001707025266,0.07960050924616867,0.36480423131857587,0.2852037220724072,0.3291616500690824,0.34853059044023527,0.019368940371152887,0.4682462447638836,0.3956083102474277,0.0726379345164559,733.0,0.6821994408201305,659.0,0.6132339235787512,49.0,0.04473438956197577,270.0,0.2506989748369059,373.0,0.3466915191053122,0.04473438956197577,WACC_0p5_WRT_0p5,0.3875116495806151,212,False,,,False,False,False,False,False,36.0,0.40229885057471265
UDetect,ForestCovertype,173,0.75,581,0.7727272727272726,0.1927857593489903,0,15,1515,1326,934,False,0.5960216479998763,0.7297899501819719,0.7232454008327851,0.5960216479998763,0.1574379379018446,0.1440657687966146,-3.181649610463174,-2.10523109526996,2.3061762316703245,1.5150308215472654,0.4335808906591327,0.7297899501819719,0.4812134261602922,0.24857652402167968,0.7232454008327851,0.42229453012782703,0.3009508707049581,0.5960216479998763,0.4457152007293777,0.15030644727049863,0.1574379379018446,0.31541710302828485,0.15797916512644025,0.1440657687966146,0.2577957378509523,0.11372996905433769,1012.0,0.9422180801491147,910.0,0.8471575023299162,345.0,0.320596458527493,80.0,0.07362534948741846,49.0,0.04473438956197577,0.04473438956197577,WACC_0p9_WRT_0p1,0.4456663560111836,213,False,,,False,False,False,False,False,15.0,0.16091954022988506
UDetect,ForestCovertype,984,0.71,441,0.5909090909090907,0.2659874930243761,0,39,4342,2916,2984,False,0.3679101727605747,0.6651509891296937,0.5950317355992023,0.3679101727605747,0.13255271032948074,0.33470589650646104,-3.181649610463174,-2.10523109526996,2.3061762316703245,1.5150308215472654,0.4335808906591327,0.6651509891296937,0.47149868547569773,0.193652303653996,0.5950317355992023,0.5014563823204228,0.09357535327877953,0.3679101727605747,0.5100916611959677,0.14218148843539302,0.13255271032948074,0.30960906839276464,0.1770563580632839,0.33470589650646104,0.2748185791699976,0.059887317336463464,993.0,0.9245107176141659,1055.0,0.9822926374650512,536.0,0.49860205032618826,49.0,0.04473438956197577,92.0,0.08480894687791239,0.04473438956197577,WACC_0p7_WRT_0p3,0.5069897483690586,214,False,,,False,False,False,False,False,39.0,0.4367816091954023
UDetect,ForestCovertype,678,0.58,32,0.0,0.956290000443551,0,6,2920,2161,3719,True,0.9658091840992082,0.09407269975973002,0.47340831612005946,0.9658091840992082,0.9892917442320025,0.9115422548845219,-3.181649610463174,-2.10523109526996,2.3061762316703245,1.5150308215472654,0.4335808906591327,0.09407269975973002,0.1018438878074022,0.00777118804767217,0.47340831612005946,0.35000413769264843,0.12340417842741103,0.9658091840992082,0.7552718801134071,0.21053730398580117,0.9892917442320025,0.7366960281532537,0.25259571607874876,0.9115422548845219,0.6933259909428827,0.21821626394163918,49.0,0.04473438956197577,498.0,0.46318732525629075,961.0,0.8946877912395154,706.0,0.6570363466915191,860.0,0.8005591798695247,0.04473438956197577,WACC_0p1_WRT_0p9,0.5720410065237652,215,False,,,False,False,False,False,False,6.0,0.05747126436781609
UDetect,ForestCovertype,234,0.68,238,0.4545454545454547,0.429556779210853,0,35,4260,5000,1904,False,0.06932323280532755,0.49428097922538383,0.3738910861519569,0.06932323280532755,0.3313074837152937,0.4674186566212962,-3.181649610463174,-2.10523109526996,2.3061762316703245,1.5150308215472654,0.4335808906591327,0.49428097922538383,0.39894439585784125,0.09533658336754258,0.3738910861519569,0.40129422651293545,0.027403140360978573,0.06932323280532755,0.40021791089726827,0.33089467809194073,0.3313074837152937,0.30967766595603047,0.02162981775926326,0.4674186566212962,0.34853816273112753,0.11888049389016869,798.0,0.7427772600186393,874.0,0.8136067101584343,156.0,0.14445479962721341,50.0,0.045666356011183594,251.0,0.23299161230195714,0.045666356011183594,WACC_0p7_WRT_0p3,0.39589934762348555,216,False,,,False,False,False,False,False,35.0,0.39080459770114945
UDetect,ForestCovertype,155,0.76,762,0.8181818181818181,0.1207473823135493,0,14,3517,1095,1,False,0.7161018213987768,0.8064737653910725,0.8171034936423539,0.7161018213987768,0.25051321571192875,0.10148308785227637,-3.181649610463174,-2.10523109526996,2.3061762316703245,1.5150308215472654,0.4335808906591327,0.8064737653910725,0.4651734267766053,0.34130033861446724,0.8171034936423539,0.4148945287485454,0.40220896489380853,0.7161018213987768,0.44515173455747176,0.270950086841305,0.25051321571192875,0.33306288171929277,0.08254966600736402,0.10148308785227637,0.2579658150792215,0.15648272722694512,981.0,0.9133271202236719,901.0,0.8387698042870456,343.0,0.31873252562907733,210.0,0.19478098788443615,50.0,0.045666356011183594,0.045666356011183594,WACC_0p9_WRT_0p1,0.4622553588070829,217,False,,,False,False,False,False,False,14.0,0.14942528735632185
UDetect,ForestCovertype,245,0.58,36,0.0,0.9258530952252368,0,10,5000,4168,5000,True,0.9420008419928378,0.061282621457869904,0.4439296948254753,0.9420008419928378,0.9818351857975168,0.914418041344384,-3.181649610463174,-2.10523109526996,2.3061762316703245,1.5150308215472654,0.4335808906591327,0.061282621457869904,0.10201788895551901,0.04073526749764911,0.4439296948254753,0.35571513655457293,0.08821455827090235,0.9420008419928378,0.7574033992765036,0.18459744271633427,0.9818351857975168,0.7410510118079565,0.2407841739895603,0.914418041344384,0.692205833671226,0.22221220767315797,50.0,0.045666356011183594,690.0,0.6421248835041938,1013.0,0.9431500465983225,785.0,0.7306616961789375,835.0,0.777260018639329,0.045666356011183594,WACC_0p1_WRT_0p9,0.6277726001863932,218,False,,,False,False,False,False,False,10.0,0.10344827586206896
UDetect,ForestCovertype,172,0.69,143,0.4999999999999997,0.5643423606817309,0,13,989,4052,1,True,0.07255542258860113,0.3380227069109544,0.22987837505849582,0.07255542258860113,0.311433512160177,0.405294516544323,-3.181649610463174,-2.10523109526996,2.3061762316703245,1.5150308215472654,0.4335808906591327,0.3380227069109544,0.1940694675628937,0.14395323934806067,0.22987837505849582,0.24161341466675276,0.011735039608256947,0.07255542258860113,0.42016334126211535,0.3476079186735142,0.311433512160177,0.4590025124742208,0.1475690003140438,0.405294516544323,0.4967468480482096,0.0914523315038866,490.0,0.45573159366262816,51.0,0.046598322460391424,233.0,0.21621621621621623,507.0,0.47157502329916123,531.0,0.4939422180801491,0.046598322460391424,WACC_0p3_WRT_0p7,0.33681267474370924,219,False,,,False,False,False,False,False,13.0,0.13793103448275862
UDetect,ForestCovertype,846,0.72,257,0.6363636363636361,0.4092063259369204,0,11,2934,2034,1606,False,0.23542275139867408,0.4993944980904127,0.441319837262479,0.23542275139867408,0.11474475145589148,0.2717849530050066,-3.181649610463174,-2.10523109526996,2.3061762316703245,1.5150308215472654,0.4335808906591327,0.4993944980904127,0.39233598219322563,0.10705851589718707,0.441319837262479,0.38450179518891314,0.05681804207356583,0.23542275139867408,0.40516654841861877,0.1697437970199447,0.11474475145589148,0.30993982434723943,0.19519507289134796,0.2717849530050066,0.30984334384955226,0.03805839084454565,786.0,0.7315936626281454,827.0,0.7698042870456664,177.0,0.16402609506057783,51.0,0.046598322460391424,174.0,0.16123019571295433,0.046598322460391424,WACC_0p7_WRT_0p3,0.3746505125815471,220,False,,,False,False,False,False,False,11.0,0.11494252873563218
UDetect,ForestCovertype,616,0.58,32,0.0,0.956290000443551,0,6,362,2262,4637,True,0.9658091840992082,0.09407269975973002,0.47340831612005946,0.9658091840992082,0.9892917442320025,0.9115422548845219,-3.181649610463174,-2.10523109526996,2.3061762316703245,1.5150308215472654,0.4335808906591327,0.09407269975973002,0.10205541857626022,0.00798271881653019,0.47340831612005946,0.34805029874801574,0.12535801737204372,0.9658091840992082,0.7544861331683524,0.2113230509308558,0.9892917442320025,0.7403572121348666,0.2489345320971359,0.9115422548845219,0.6877667960507418,0.22377545883378014,51.0,0.046598322460391424,455.0,0.42311276794035413,941.0,0.8760484622553588,774.0,0.7204100652376515,734.0,0.6831314072693383,0.046598322460391424,WACC_0p1_WRT_0p9,0.5498602050326189,221,False,,,False,False,False,False,False,6.0,0.05747126436781609
UDetect,ForestCovertype,1063,0.69,243,0.4999999999999997,0.4240486571379916,0,34,3722,4477,904,False,0.11134150770251461,0.49603297035385,0.3912319062716748,0.11134150770251461,0.27706378268338194,0.4185499618716704,-3.181649610463174,-2.10523109526996,2.3061762316703245,1.5150308215472654,0.4335808906591327,0.49603297035385,0.3401705591292244,0.15586241122462563,0.3912319062716748,0.33276556782639555,0.058466338445279264,0.11134150770251461,0.3659155187374067,0.2545740110348921,0.27706378268338194,0.33891167129522315,0.061847888611841206,0.4185499618716704,0.36060311617467355,0.05794684569699682,682.0,0.6346691519105312,330.0,0.3066169617893756,52.0,0.047530288909599254,238.0,0.22087604846225536,287.0,0.26654240447343897,0.047530288909599254,WACC_0p5_WRT_0p5,0.2952469711090401,222,False,,,False,False,False,False,False,34.0,0.3793103448275862
UDetect,ForestCovertype,424,0.68,134,0.4545454545454547,0.5815117236858061,0,12,897,4803,1,True,0.1393187845756423,0.32313687081960524,0.1991258168846009,0.1393187845756423,0.3685340320374518,0.45306141600514943,-3.181649610463174,-2.10523109526996,2.3061762316703245,1.5150308215472654,0.4335808906591327,0.32313687081960524,0.18027934405215612,0.14285752676744912,0.1991258168846009,0.24220360749641198,0.04307779061181108,0.1393187845756423,0.48104897474733777,0.3417301901716955,0.3685340320374518,0.5117569769503764,0.1432229449129246,0.45306141600514943,0.5176312184102814,0.06456980240513194,465.0,0.43243243243243246,52.0,0.047530288909599254,471.0,0.4380242311276794,551.0,0.5125815470643057,547.0,0.5088536812674743,0.047530288909599254,WACC_0p3_WRT_0p7,0.3878844361602982,223,False,,,False,False,False,False,False,12.0,0.12643678160919541
UDetect,ForestCovertype,182,0.72,409,0.6363636363636361,0.2859805816252905,0,29,1281,1889,2448,False,0.380007129598681,0.6381814274379374,0.5830432965398575,0.380007129598681,0.08455640094843611,0.28342775717501145,-3.181649610463174,-2.10523109526996,2.3061762316703245,1.5150308215472654,0.4335808906591327,0.6381814274379374,0.4312667116691215,0.20691471576881587,0.5830432965398575,0.43895400218124575,0.14408929435861179,0.380007129598681,0.4430188529485481,0.0630117233498671,0.08455640094843611,0.31043924973243747,0.22588284878400136,0.28342775717501145,0.3024700496869219,0.019042292511910475,883.0,0.8219944082013048,956.0,0.8900279589934762,336.0,0.31220876048462254,52.0,0.047530288909599254,154.0,0.14259086672879775,0.047530288909599254,WACC_0p7_WRT_0p3,0.4428704566635601,224,False,,,False,False,False,False,False,29.0,0.3218390804597701
UDetect,ForestCovertype,224,0.72,608,0.6363636363636361,0.1807217521649093,0,45,3940,2116,1841,False,0.5035103998982904,0.7567325452187885,0.7041027838567864,0.5035103998982904,0.058769659261418715,0.29337298368118647,-3.181649610463174,-2.10523109526996,2.3061762316703245,1.5150308215472654,0.4335808906591327,0.7567325452187885,0.4593431088857321,0.2973894363330564,0.7041027838567864,0.48810239492417345,0.21600038893261292,0.5035103998982904,0.5110508546366234,0.00754045473833298,0.058769659261418715,0.3213354440587866,0.2625657847973679,0.29337298368118647,0.259904282165825,0.033468701515361465,968.0,0.9012115563839702,1043.0,0.9711090400745573,539.0,0.5013979496738118,134.0,0.1239515377446412,52.0,0.047530288909599254,0.047530288909599254,WACC_0p9_WRT_0p1,0.509040074557316,225,False,,,False,False,False,False,False,45.0,0.5057471264367817
UDetect,ForestCovertype,956,0.58,30,0.0,0.9729224656013556,0,4,3270,2770,3680,True,0.9788194234027437,0.11199107322659677,0.48951712015468507,0.9788194234027437,0.9933664340688685,0.9099707607476553,-3.181649610463174,-2.10523109526996,2.3061762316703245,1.5150308215472654,0.4335808906591327,0.11199107322659677,0.10212341786686752,0.00986765535972925,0.48951712015468507,0.35775745847668244,0.13175966167800263,0.9788194234027437,0.760237142265849,0.2185822811368947,0.9933664340688685,0.7401738992207548,0.25319253484811366,0.9099707607476553,0.6952127538818178,0.21475800686583746,52.0,0.047530288909599254,733.0,0.6821994408201305,1061.0,0.9878844361602982,768.0,0.7148182665424044,921.0,0.8574091332712023,0.047530288909599254,WACC_0p1_WRT_0p9,0.6579683131407269,226,False,,,False,False,False,False,False,4.0,0.034482758620689655
UDetect,ForestCovertype,366,0.69,131,0.4999999999999997,0.5874902402842852,0,7,970,3678,1,True,0.09066214640502489,0.3119516683557302,0.20325571117817998,0.09066214640502489,0.31710437506995237,0.4031074230058022,-3.181649610463174,-2.10523109526996,2.3061762316703245,1.5150308215472654,0.4335808906591327,0.3119516683557302,0.18452309140073142,0.12742857695499876,0.20325571117817998,0.24249665464539566,0.03924094346721568,0.09066214640502489,0.39996050825069573,0.30929836184567083,0.31710437506995237,0.44822272763525933,0.13111835256530696,0.4031074230058022,0.48060207269279864,0.07749464968699643,470.0,0.43709226467847156,53.0,0.048462255358807084,153.0,0.14165890027958994,491.0,0.45666356011183595,515.0,0.4790307548928239,0.048462255358807084,WACC_0p3_WRT_0p7,0.3125815470643057,227,False,,,False,False,False,False,False,7.0,0.06896551724137931
UDetect,ForestCovertype,198,0.74,463,0.7272727272727272,0.2530650378784634,0,22,1377,1438,2145,False,0.489738769599482,0.6663501951540871,0.6429115932897327,0.489738769599482,0.07228483918399484,0.18775949095953556,-3.181649610463174,-2.10523109526996,2.3061762316703245,1.5150308215472654,0.4335808906591327,0.6663501951540871,0.4891899085834363,0.1771602865706508,0.6429115932897327,0.44652239487863976,0.19638919841109292,0.489738769599482,0.4621562677812793,0.02758250181820271,0.07228483918399484,0.31704988012936575,0.2447650409453709,0.18775949095953556,0.2600188884212894,0.07225939746175383,1026.0,0.9552656104380243,977.0,0.9095992544268406,408.0,0.3793103448275862,99.0,0.09133271202236719,53.0,0.048462255358807084,0.048462255358807084,WACC_0p9_WRT_0p1,0.47679403541472515,228,False,,,False,False,False,False,False,22.0,0.2413793103448276
UDetect,ForestCovertype,1040,0.71,492,0.5909090909090907,0.236936900440477,0,43,4540,2619,2744,False,0.4019960846659845,0.6978701466642512,0.6284431830045101,0.4019960846659845,0.12543577647551132,0.3374506992452587,-3.181649610463174,-2.10523109526996,2.3061762316703245,1.5150308215472654,0.4335808906591327,0.6978701466642512,0.4547819260265095,0.24308822063774166,0.6284431830045101,0.4940916705010769,0.1343515125034332,0.4019960846659845,0.5126296329612788,0.11063354829529432,0.12543577647551132,0.3106540888633885,0.1852183123878772,0.3374506992452587,0.2744191926224375,0.0630315066228212,956.0,0.8900279589934762,1049.0,0.9767008387698043,543.0,0.5051258154706431,53.0,0.048462255358807084,90.0,0.08294501397949673,0.048462255358807084,WACC_0p7_WRT_0p3,0.5006523765144455,229,False,,,False,False,False,False,False,43.0,0.4827586206896552
UDetect,ForestCovertype,288,0.58,28,0.0,0.9906645581969952,0,2,643,1216,4011,True,0.9926976349741923,0.13110486292620857,0.5067006158106627,0.9926976349741923,0.9977129650069035,0.9082944250857279,-3.181649610463174,-2.10523109526996,2.3061762316703245,1.5150308215472654,0.4335808906591327,0.13110486292620857,0.10212969031925981,0.028975172606948763,0.5067006158106627,0.35166741196426393,0.1550332038463988,0.9926976349741923,0.7492151208984018,0.24348251407579047,0.9977129650069035,0.7477742984930296,0.24993866651387397,0.9082944250857279,0.6862610841428557,0.2220333409428722,53.0,0.048462255358807084,559.0,0.5200372786579683,849.0,0.7903075489282386,940.0,0.875116495806151,699.0,0.6505125815470643,0.048462255358807084,WACC_0p1_WRT_0p9,0.5768872320596459,230,False,,,False,False,False,False,False,2.0,0.011494252873563218
UDetect,ForestCovertype,783,0.72,252,0.6363636363636361,0.4144126132775443,0,9,1584,2918,245,False,0.22931406183806555,0.49353075072704733,0.43533202151807354,0.22931406183806555,0.11602020917748425,0.2712930445625112,-3.181649610463174,-2.10523109526996,2.3061762316703245,1.5150308215472654,0.4335808906591327,0.49353075072704733,0.2937154826390979,0.19981526808794942,0.43533202151807354,0.3040640296800621,0.13126799183801147,0.22931406183806555,0.36868920397268456,0.13937514213461902,0.11602020917748425,0.31136858276286994,0.1953483735853857,0.2712930445625112,0.30708372067434403,0.03579067611183284,618.0,0.5750232991612302,207.0,0.19198508853681268,54.0,0.049394221808014914,56.0,0.05125815470643057,169.0,0.1565703634669152,0.049394221808014914,WACC_0p5_WRT_0p5,0.20484622553588072,231,False,,,False,False,False,False,False,9.0,0.09195402298850575
UDetect,ForestCovertype,44,0.74,368,0.7272727272727272,0.3140099338282911,0,11,3049,1515,728,False,0.4182303365638834,0.5977090600119825,0.572818111383336,0.4182303365638834,0.031225877034212084,0.18200120162909572,-3.181649610463174,-2.10523109526996,2.3061762316703245,1.5150308215472654,0.4335808906591327,0.5977090600119825,0.4276869614194745,0.17002209859250805,0.572818111383336,0.3498024415240207,0.22301566985931537,0.4182303365638834,0.3850691129205103,0.033161223643373094,0.031225877034212084,0.3112627335173903,0.2800368564831782,0.18200120162909572,0.27826994249012216,0.09626874086102644,873.0,0.8126747437092264,494.0,0.4594594594594595,103.0,0.09506057781919851,54.0,0.049394221808014914,101.0,0.09319664492078285,0.049394221808014914,WACC_0p7_WRT_0p3,0.3019571295433364,232,False,,,False,False,False,False,False,11.0,0.11494252873563218
UDetect,ForestCovertype,177,0.7,149,0.5454545454545452,0.5534823714828058,0,6,439,2321,1,True,0.010727376099391296,0.34580240928475836,0.2533744440422863,0.010727376099391296,0.2558786886710748,0.3569314851302338,-3.181649610463174,-2.10523109526996,2.3061762316703245,1.5150308215472654,0.4335808906591327,0.34580240928475836,0.18746064749687652,0.15834176178788184,0.2533744440422863,0.2430367578056935,0.010337686236592813,0.010727376099391296,0.4314503574252411,0.42072298132584984,0.2558786886710748,0.4706405455732629,0.21476185690218808,0.3569314851302338,0.49284730085430767,0.13591581572407385,474.0,0.4408201304753029,54.0,0.049394221808014914,279.0,0.2590866728797763,520.0,0.483690587138863,525.0,0.48835041938490215,0.049394221808014914,WACC_0p3_WRT_0p7,0.3442684063373719,233,False,,,False,False,False,False,False,6.0,0.05747126436781609
UDetect,ForestCovertype,50,0.73,412,0.6818181818181817,0.284041087305656,0,27,5000,2405,910,False,0.41783822893762823,0.6359141376067188,0.5962797935500997,0.41783822893762823,0.031186957045558572,0.23422188585308226,-3.181649610463174,-2.10523109526996,2.3061762316703245,1.5150308215472654,0.4335808906591327,0.6359141376067188,0.40018620333380683,0.23572793427291194,0.5962797935500997,0.4401683319033065,0.15611146164679324,0.41783822893762823,0.48143789349178234,0.06359966455415411,0.031186957045558572,0.3187059101663929,0.2875189531208343,0.23422188585308226,0.260093332041244,0.025871446188161756,802.0,0.7465051258154707,959.0,0.8928238583410997,474.0,0.4408201304753029,116.0,0.10717614165890028,54.0,0.049394221808014914,0.049394221808014914,WACC_0p9_WRT_0p1,0.4473438956197577,234,False,,,False,False,False,False,False,27.0,0.2988505747126437
UDetect,ForestCovertype,303,0.58,29,0.0,0.9816456337335658,0,3,5000,4258,3265,True,0.9856428559972665,0.1213886569836784,0.497965645654041,0.9856428559972665,0.995503471735646,0.9091465649688208,-3.181649610463174,-2.10523109526996,2.3061762316703245,1.5150308215472654,0.4335808906591327,0.1213886569836784,0.10216186197561684,0.019226795008061556,0.497965645654041,0.35445822886264006,0.14350741679140094,0.9856428559972665,0.7504164865509046,0.23522636944636188,0.995503471735646,0.7407261664441113,0.25477730529153475,0.9091465649688208,0.7004642848702192,0.20868228009860168,54.0,0.049394221808014914,656.0,0.6104380242311277,862.0,0.8024231127679403,780.0,0.7260018639328985,1021.0,0.9506057781919851,0.049394221808014914,WACC_0p1_WRT_0p9,0.6277726001863932,235,False,,,False,False,False,False,False,3.0,0.022988505747126436
UDetect,ForestCovertype,136,0.68,75,0.4545454545454547,0.734358586902419,1,1,2256,2342,1,False,0.2588785881511077,0.15098821045048508,0.023334740792798615,0.2588785881511077,0.40597908628747287,0.4386199037515887,-3.181649610463174,-2.10523109526996,2.3061762316703245,1.5150308215472654,0.4335808906591327,0.15098821045048508,0.2366303953882668,0.08564218493778172,0.023334740792798615,0.2435425754416159,0.22020783464881727,0.2588785881511077,0.38056836582816345,0.12168977767705574,0.40597908628747287,0.37026850193920124,0.03571058434827162,0.4386199037515887,0.3838290042588282,0.0547908994927605,548.0,0.5097856477166822,55.0,0.05032618825722274,89.0,0.08201304753028892,328.0,0.3047530288909599,343.0,0.31873252562907733,0.05032618825722274,WACC_0p3_WRT_0p7,0.2531220876048462,236,False,,,False,False,False,False,False,1.0,0.0
UDetect,ForestCovertype,818,0.74,675,0.7272727272727272,0.1529546304341332,0,37,3853,1500,1478,False,0.6072012454201432,0.7791027382411152,0.7580498164908668,0.6072012454201432,0.1397298543242281,0.1972182763437496,-3.181649610463174,-2.10523109526996,2.3061762316703245,1.5150308215472654,0.4335808906591327,0.7791027382411152,0.5135219031409959,0.2655808351001193,0.7580498164908668,0.47549102957560924,0.28255878691525754,0.6072012454201432,0.4843945975292663,0.12280664789087692,0.1397298543242281,0.3373520791251111,0.197622224800883,0.1972182763437496,0.26144401905221276,0.06422574270846315,1053.0,0.9804287045666356,1023.0,0.9524697110904008,485.0,0.451071761416589,230.0,0.21342031686859272,55.0,0.05032618825722274,0.05032618825722274,WACC_0p9_WRT_0p1,0.5295433364398882,237,False,,,False,False,False,False,False,37.0,0.41379310344827586
UDetect,ForestCovertype,1033,0.58,36,0.0,0.9258530952252368,0,10,2488,1666,3917,True,0.9420008419928378,0.061282621457869904,0.4439296948254753,0.9420008419928378,0.9818351857975168,0.914418041344384,-3.181649610463174,-2.10523109526996,2.3061762316703245,1.5150308215472654,0.4335808906591327,0.061282621457869904,0.10216209461739385,0.04087947315952395,0.4439296948254753,0.3547742506281166,0.08915544419735866,0.9420008419928378,0.7584245201881259,0.18357632180471195,0.9818351857975168,0.7416359154904445,0.24019927030707233,0.914418041344384,0.6957421743053135,0.2186758670390705,55.0,0.05032618825722274,664.0,0.6178937558247903,1030.0,0.9589934762348555,801.0,0.7455731593662628,935.0,0.8704566635601119,0.05032618825722274,WACC_0p1_WRT_0p9,0.6486486486486486,238,False,,,False,False,False,False,False,10.0,0.10344827586206896
UDetect,ForestCovertype,1052,0.71,245,0.5909090909090907,0.4218769488123545,0,20,3400,2952,302,False,0.185000504338997,0.4895755117216963,0.41574133599513885,0.185000504338997,0.1707431514425218,0.31997690934515755,-3.181649610463174,-2.10523109526996,2.3061762316703245,1.5150308215472654,0.4335808906591327,0.4895755117216963,0.30793820763055674,0.18163730409113954,0.41574133599513885,0.3294233057255029,0.08631803026963597,0.185000504338997,0.3688130831149417,0.1838125787759447,0.1707431514425218,0.3119516541986331,0.14120850275611127,0.31997690934515755,0.3038763067243762,0.016100602620781335,643.0,0.5983224603914259,300.0,0.2786579683131407,56.0,0.05125815470643057,63.0,0.05778191985088537,162.0,0.1500465983224604,0.05125815470643057,WACC_0p5_WRT_0p5,0.2272134203168686,239,False,,,False,False,False,False,False,20.0,0.21839080459770116
UDetect,ForestCovertype,87,0.68,88,0.4545454545454547,0.6923512030297817,0,4,384,2759,1,True,0.22601959151331605,0.19830036790730812,0.07164795481216037,0.22601959151331605,0.3956879443241395,0.442588909959305,-3.181649610463174,-2.10523109526996,2.3061762316703245,1.5150308215472654,0.4335808906591327,0.19830036790730812,0.17627726862520873,0.02202309928209939,0.07164795481216037,0.24381663197905434,0.172168677166894,0.22601959151331605,0.46349198332226327,0.23747239180894722,0.3956879443241395,0.4942685190760727,0.09858057475193321,0.442588909959305,0.5106333857203532,0.06804447576104822,462.0,0.4296365330848089,56.0,0.05125815470643057,413.0,0.38397017707362535,542.0,0.5041938490214353,540.0,0.5023299161230196,0.05125815470643057,WACC_0p3_WRT_0p7,0.374277726001864,240,False,,,False,False,False,False,False,4.0,0.034482758620689655
UDetect,ForestCovertype,555,0.58,29,0.0,0.9816456337335658,0,3,2407,4199,4690,True,0.9856428559972665,0.1213886569836784,0.497965645654041,0.9856428559972665,0.995503471735646,0.9091465649688208,-3.181649610463174,-2.10523109526996,2.3061762316703245,1.5150308215472654,0.4335808906591327,0.1213886569836784,0.10218304753471126,0.01920560944896714,0.497965645654041,0.3554237626935181,0.1425418829605229,0.9856428559972665,0.7565292056330561,0.22911365036421039,0.995503471735646,0.7407723993657233,0.25473107236992276,0.9091465649688208,0.693698222580091,0.2154483423887299,56.0,0.05125815470643057,684.0,0.6365330848089469,992.0,0.923578751164958,782.0,0.727865796831314,871.0,0.8108108108108109,0.05125815470643057,WACC_0p1_WRT_0p9,0.630009319664492,241,False,,,False,False,False,False,False,3.0,0.022988505747126436
UDetect,ForestCovertype,83,0.69,237,0.4999999999999997,0.4306722223231145,0,31,3868,4079,1,False,0.10356988449903573,0.48857296856192217,0.38361406167249035,0.10356988449903573,0.278686450970228,0.4179241440055382,-3.181649610463174,-2.10523109526996,2.3061762316703245,1.5150308215472654,0.4335808906591327,0.48857296856192217,0.2792165770041516,0.20935639155777058,0.38361406167249035,0.29129076406520954,0.09232329760728081,0.10356988449903573,0.36887943841515264,0.2653095539161169,0.278686450970228,0.3388810559428284,0.06019460497260043,0.4179241440055382,0.3518469048296107,0.0660772391759275,605.0,0.5629077353215284,161.0,0.14911463187325255,57.0,0.0521901211556384,236.0,0.2190121155638397,257.0,0.2385834109972041,0.0521901211556384,WACC_0p5_WRT_0p5,0.24436160298229265,242,False,,,False,False,False,False,False,31.0,0.3448275862068966
UDetect,ForestCovertype,38,0.69,136,0.4999999999999997,0.5775994062283469,0,9,3248,5000,1,True,0.08292534270464662,0.32309153604310303,0.21463128229261458,0.08292534270464662,0.31468127779462474,0.4040419439911255,-3.181649610463174,-2.10523109526996,2.3061762316703245,1.5150308215472654,0.4335808906591327,0.32309153604310303,0.19368016895195958,0.12941136709114345,0.21463128229261458,0.24413849536838655,0.029507213075771976,0.08292534270464662,0.42285367118177186,0.33992832847712523,0.31468127779462474,0.4691242927752333,0.15444301498060858,0.4040419439911255,0.47681814450894744,0.07277620051782197,488.0,0.4538676607642125,57.0,0.0521901211556384,244.0,0.22646784715750232,516.0,0.47996272134203166,508.0,0.4725069897483691,0.0521901211556384,WACC_0p3_WRT_0p7,0.3369990680335508,243,False,,,False,False,False,False,False,9.0,0.09195402298850575
UDetect,ForestCovertype,589,0.7,471,0.5454545454545452,0.2485173580351469,0,46,4158,3197,3293,False,0.35285296048874576,0.689278993753906,0.6041184943689143,0.35285296048874576,0.18116710328039226,0.385745658257033,-3.181649610463174,-2.10523109526996,2.3061762316703245,1.5150308215472654,0.4335808906591327,0.689278993753906,0.4655721262584664,0.2237068674954396,0.6041184943689143,0.49039827956033216,0.11372021480858213,0.35285296048874576,0.5025869414828794,0.14973398099413365,0.18116710328039226,0.31139409740978247,0.1302269941293902,0.385745658257033,0.2885256275003286,0.09722003075670438,984.0,0.9161230195712954,1045.0,0.972972972972973,523.0,0.4864864864864865,57.0,0.0521901211556384,131.0,0.1211556383970177,0.0521901211556384,WACC_0p7_WRT_0p3,0.5097856477166822,244,False,,,False,False,False,False,False,46.0,0.5172413793103449
UDetect,ForestCovertype,314,0.58,29,0.0,0.9816456337335658,0,3,2423,3399,3133,True,0.9856428559972665,0.1213886569836784,0.497965645654041,0.9856428559972665,0.995503471735646,0.9091465649688208,-3.181649610463174,-2.10523109526996,2.3061762316703245,1.5150308215472654,0.4335808906591327,0.1213886569836784,0.10223144397782355,0.01915721300585485,0.497965645654041,0.34830212048384285,0.14966352517019815,0.9856428559972665,0.7530155223975271,0.23262733359973942,0.995503471735646,0.7430729677836831,0.25243050395196287,0.9091465649688208,0.6974187540120603,0.21172781095676052,57.0,0.0521901211556384,462.0,0.4296365330848089,912.0,0.8490214352283317,835.0,0.777260018639329,974.0,0.9068033550792172,0.0521901211556384,WACC_0p1_WRT_0p9,0.6029822926374651,245,False,,,False,False,False,False,False,3.0,0.022988505747126436
UDetect,ForestCovertype,637,0.69,602,0.4999999999999997,0.1833557617274918,0,81,4016,3813,1776,False,0.3937535378711324,0.7671210295609344,0.6680557952375854,0.3937535378711324,0.2180978455580122,0.44129147795688844,-3.181649610463174,-2.10523109526996,2.3061762316703245,1.5150308215472654,0.4335808906591327,0.7671210295609344,0.4208180569677465,0.34630297259318793,0.6680557952375854,0.4256945766754007,0.24236121856218468,0.3937535378711324,0.4360671472573086,0.04231360938617623,0.2180978455580122,0.311395631769339,0.09329778621132678,0.44129147795688844,0.32209238205904744,0.119199095897841,847.0,0.7884436160298229,924.0,0.8602050326188257,308.0,0.28611369990680335,58.0,0.05312208760484623,197.0,0.18266542404473438,0.05312208760484623,WACC_0p7_WRT_0p3,0.43410997204100654,246,False,,,False,False,False,False,False,81.0,0.9195402298850575
UDetect,ForestCovertype,220,0.58,60,0.0,0.7928484172972575,0,24,41,1,2485,False,0.8379619835365079,0.1296292436862878,0.3151125728833966,0.8379619835365079,0.9492511518454323,0.9269847937503898,-3.181649610463174,-2.10523109526996,2.3061762316703245,1.5150308215472654,0.4335808906591327,0.1296292436862878,0.2181736361602917,0.08854439247400389,0.3151125728833966,0.24434383182368644,0.07076874105971018,0.8379619835365079,0.562597119802611,0.2753648637338969,0.9492511518454323,0.6417060546806824,0.30754509716474987,0.9269847937503898,0.6387028586751601,0.2882819350752297,517.0,0.4808946877912395,58.0,0.05312208760484623,584.0,0.543336439888164,613.0,0.570363466915191,617.0,0.5740913327120224,0.05312208760484623,WACC_0p3_WRT_0p7,0.44436160298229266,247,False,,,False,False,False,False,False,24.0,0.26436781609195403
UDetect,ForestCovertype,764,0.72,416,0.6363636363636361,0.2814768959597707,0,31,676,657,3066,False,0.3852914360169139,0.6432538472293996,0.5882230413698115,0.3852914360169139,0.08345306947979207,0.28385328132615234,-3.181649610463174,-2.10523109526996,2.3061762316703245,1.5150308215472654,0.4335808906591327,0.6432538472293996,0.48235646960486755,0.16089737762453205,0.5882230413698115,0.38341497683659026,0.20480806453322126,0.3852914360169139,0.3689995545151061,0.016291881501807826,0.08345306947979207,0.3608867141703038,0.27743364469051174,0.28385328132615234,0.41268008084654356,0.12882679952039122,1013.0,0.9431500465983225,825.0,0.7679403541472507,58.0,0.05312208760484623,306.0,0.2842497670083877,408.0,0.3793103448275862,0.05312208760484623,WACC_0p5_WRT_0p5,0.4855545200372787,248,False,,,False,False,False,False,False,31.0,0.3448275862068966
UDetect,ForestCovertype,304,0.74,610,0.7272727272727272,0.1798495127195049,0,31,3641,1465,2235,False,0.5756446916032809,0.7488115182659268,0.72711767827873,0.5756446916032809,0.1216106018984462,0.19467715273866895,-3.181649610463174,-2.10523109526996,2.3061762316703245,1.5150308215472654,0.4335808906591327,0.7488115182659268,0.5010454936428802,0.24776602462304664,0.72711767827873,0.46005258279190797,0.267065095486822,0.5756446916032809,0.47376210247426237,0.10188258912901854,0.1216106018984462,0.33189741197004247,0.21028681007159628,0.19467715273866895,0.26282318643807356,0.06814603369940461,1039.0,0.967381174277726,1003.0,0.9338303821062441,447.0,0.41565703634669154,200.0,0.18546132339235788,58.0,0.05312208760484623,0.05312208760484623,WACC_0p9_WRT_0p1,0.5110904007455731,249,False,,,False,False,False,False,False,31.0,0.3448275862068966
UDetect,ForestCovertype,1036,0.58,34,0.0,0.9406364979085056,0,8,3723,4906,1349,True,0.9535647084915816,0.0772089756018068,0.45824765277880875,0.9535647084915816,0.9854568846915948,0.9130212531702152,-3.181649610463174,-2.10523109526996,2.3061762316703245,1.5150308215472654,0.4335808906591327,0.0772089756018068,0.102291911489151,0.0250829358873442,0.45824765277880875,0.3477902187389556,0.11045743403985314,0.9535647084915816,0.7437656626923906,0.20979904579919095,0.9854568846915948,0.7505654684388061,0.23489141625278864,0.9130212531702152,0.6951733761691208,0.21784787700109443,58.0,0.05312208760484623,450.0,0.418452935694315,805.0,0.7493010251630942,992.0,0.923578751164958,917.0,0.8536812674743709,0.05312208760484623,WACC_0p1_WRT_0p9,0.5996272134203169,250,False,,,False,False,False,False,False,8.0,0.08045977011494253
UDetect,ForestCovertype,736,0.75,517,0.7727272727272726,0.2237773041772145,0,11,1519,1419,388,False,0.5596583599266103,0.6948847332041959,0.6876016401402287,0.5596583599266103,0.13655873799127452,0.14113757802465682,-3.181649610463174,-2.10523109526996,2.3061762316703245,1.5150308215472654,0.4335808906591327,0.6948847332041959,0.4422459108732346,0.25263882233096124,0.6876016401402287,0.3826395497155981,0.3049620904246306,0.5596583599266103,0.4216114444607417,0.13804691546586856,0.13655873799127452,0.3218340547112346,0.1852753167199601,0.14113757802465682,0.26312890809562917,0.12199133007097235,917.0,0.8536812674743709,822.0,0.7651444547996272,240.0,0.22273998136067102,136.0,0.12581547064305684,59.0,0.05405405405405406,0.05405405405405406,WACC_0p9_WRT_0p1,0.404287045666356,251,False,,,False,False,False,False,False,11.0,0.11494252873563218
UDetect,ForestCovertype,707,0.71,378,0.5909090909090907,0.3068963337332506,0,31,4766,3229,1159,False,0.319910630702077,0.6190761009894897,0.5479819697188938,0.319910630702077,0.14257472666277235,0.3308406845423861,-3.181649610463174,-2.10523109526996,2.3061762316703245,1.5150308215472654,0.4335808906591327,0.6190761009894897,0.3947859822294512,0.22429011876003851,0.5479819697188938,0.4135204923146701,0.1344614774042237,0.319910630702077,0.4350455072278954,0.11513487652581844,0.14257472666277235,0.311533388908005,0.16895866224523268,0.3308406845423861,0.29921836203760444,0.03162232250478164,793.0,0.7381174277726001,897.0,0.8350419384902144,302.0,0.2805219012115564,59.0,0.05405405405405406,146.0,0.13513513513513514,0.05405405405405406,WACC_0p7_WRT_0p3,0.408574091332712,252,False,,,False,False,False,False,False,31.0,0.3448275862068966
UDetect,ForestCovertype,759,0.58,31,0.0,0.9644762707294906,0,5,2057,3690,3478,True,0.9722126447054984,0.10289187640567356,0.48133684761310763,0.9722126447054984,0.9912972504524864,0.9107687871132021,-3.181649610463174,-2.10523109526996,2.3061762316703245,1.5150308215472654,0.4335808906591327,0.10289187640567356,0.10229777489259845,0.0005941015130751098,0.48133684761310763,0.3532654351803664,0.12807141243274123,0.9722126447054984,0.756922847988614,0.21528979671688442,0.9912972504524864,0.7466427663780747,0.2446544840744117,0.9107687871132021,0.6925627861467508,0.21820600096645126,59.0,0.05405405405405406,604.0,0.5619757688723206,1001.0,0.9319664492078286,915.0,0.8518173345759553,845.0,0.7865796831314072,0.05405405405405406,WACC_0p1_WRT_0p9,0.6372786579683132,253,False,,,False,False,False,False,False,5.0,0.04597701149425287
UDetect,ForestCovertype,121,0.65,52,0.3181818181818183,0.8302478262005248,1,1,2143,2561,1,False,0.493884477230241,0.056345014498128024,0.13947167384516584,0.493884477230241,0.5881533229580023,0.5777273140796563,-3.181649610463174,-2.10523109526996,2.3061762316703245,1.5150308215472654,0.4335808906591327,0.056345014498128024,0.234415391021483,0.178070376523355,0.13947167384516584,0.24488652394621696,0.10541485010105112,0.493884477230241,0.3837021892769405,0.11018228795330048,0.5881533229580023,0.3817313530696343,0.20642196988836797,0.5777273140796563,0.38039643609439316,0.1973308779852631,545.0,0.5069897483690587,60.0,0.05498602050326188,99.0,0.09133271202236719,365.0,0.33923578751164957,330.0,0.3066169617893756,0.05498602050326188,WACC_0p3_WRT_0p7,0.25983224603914257,254,False,,,False,False,False,False,False,1.0,0.0
UDetect,ForestCovertype,930,0.69,188,0.4999999999999997,0.4919990749681768,0,20,1449,4897,826,False,0.031613290475745015,0.41950164249525534,0.3130812866261317,0.031613290475745015,0.29371055598586693,0.412129766055558,-3.181649610463174,-2.10523109526996,2.3061762316703245,1.5150308215472654,0.4335808906591327,0.41950164249525534,0.3031072254986221,0.11639441699663322,0.3130812866261317,0.29800967187376126,0.015071614752370455,0.031613290475745015,0.3707990865053553,0.3391857960296103,0.29371055598586693,0.37617542274701854,0.08246486676115161,0.412129766055558,0.3840067231955188,0.028123042860039194,633.0,0.5890027958993477,189.0,0.17520969245107176,60.0,0.05498602050326188,347.0,0.32246039142590865,345.0,0.320596458527493,0.05498602050326188,WACC_0p5_WRT_0p5,0.2924510717614166,255,False,,,False,False,False,False,False,20.0,0.21839080459770116
UDetect,ForestCovertype,11,0.72,347,0.6363636363636361,0.3295979029740329,0,23,4085,2698,229,False,0.32882964780551466,0.5890560264904924,0.5328784734301347,0.32882964780551466,0.09524195202729357,0.2793066383802302,-3.181649610463174,-2.10523109526996,2.3061762316703245,1.5150308215472654,0.4335808906591327,0.5890560264904924,0.34576407092864564,0.24329195556184674,0.5328784734301347,0.3867417091329122,0.1461367642972225,0.32882964780551466,0.43766722989806006,0.1088375820925454,0.09524195202729357,0.3176793553934596,0.22243740336616602,0.2793066383802302,0.26367759882502945,0.01562903955520073,693.0,0.6449207828518173,832.0,0.7744641192917054,319.0,0.29636533084808947,106.0,0.097856477166822,60.0,0.05498602050326188,0.05498602050326188,WACC_0p9_WRT_0p1,0.37371854613233924,256,False,,,False,False,False,False,False,23.0,0.25287356321839083
UDetect,ForestCovertype,431,0.58,30,0.0,0.9729224656013556,0,4,1856,4281,5000,True,0.9788194234027437,0.11199107322659677,0.48951712015468507,0.9788194234027437,0.9933664340688685,0.9099707607476553,-3.181649610463174,-2.10523109526996,2.3061762316703245,1.5150308215472654,0.4335808906591327,0.11199107322659677,0.10231530657430982,0.009675766652286949,0.48951712015468507,0.3515023914750676,0.13801472867961745,0.9788194234027437,0.7544568213725724,0.22436260203017133,0.9933664340688685,0.7455126899930758,0.24785374407579264,0.9099707607476553,0.6879021917974427,0.22206856895021254,60.0,0.05498602050326188,550.0,0.5116495806150979,940.0,0.875116495806151,895.0,0.8331780055917987,739.0,0.6877912395153775,0.05498602050326188,WACC_0p1_WRT_0p9,0.5925442684063374,257,False,,,False,False,False,False,False,4.0,0.034482758620689655
UDetect,ForestCovertype,119,0.67,75,0.4090909090909093,0.734358586902419,0,4,2253,2481,1,True,0.3122117388463813,0.15543991769068544,0.012328880292507526,0.3122117388463813,0.45887338488158846,0.4880090253567965,-3.181649610463174,-2.10523109526996,2.3061762316703245,1.5150308215472654,0.4335808906591327,0.15543991769068544,0.19211917583744925,0.036679258146763816,0.012328880292507526,0.24525789436343995,0.23292901407093242,0.3122117388463813,0.45986699964028455,0.14765526079390323,0.45887338488158846,0.4738864182075144,0.015013033325925962,0.4880090253567965,0.45458427490617237,0.03342475045062415,485.0,0.451071761416589,61.0,0.05591798695246971,401.0,0.3727865796831314,527.0,0.4902143522833178,484.0,0.45013979496738116,0.05591798695246971,WACC_0p3_WRT_0p7,0.3640260950605778,258,False,,,False,False,False,False,False,4.0,0.034482758620689655
UDetect,ForestCovertype,432,0.78,837,0.9090909090909092,0.095804129276967,0,5,2718,606,1,False,0.8164793389991852,0.8256634861254282,0.867802759812357,0.8164793389991852,0.3564027776343592,0.025378851198662653,-3.181649610463174,-2.10523109526996,2.3061762316703245,1.5150308215472654,0.4335808906591327,0.8256634861254282,0.43834675671272016,0.387316729412708,0.867802759812357,0.3919492102143542,0.4758535495980028,0.8164793389991852,0.4395240103042305,0.37695532869495474,0.3564027776343592,0.31177877133237847,0.04462400630198071,0.025378851198662653,0.2875870796046379,0.26220822840597524,908.0,0.8452935694315005,850.0,0.7912395153774464,324.0,0.30102516309412863,61.0,0.05591798695246971,126.0,0.11649580615097857,0.05591798695246971,WACC_0p7_WRT_0p3,0.4219944082013048,259,False,,,False,False,False,False,False,5.0,0.04597701149425287
UDetect,ForestCovertype,352,0.58,28,0.0,0.9906645581969952,0,2,612,4209,5000,True,0.9926976349741923,0.13110486292620857,0.5067006158106627,0.9926976349741923,0.9977129650069035,0.9082944250857279,-3.181649610463174,-2.10523109526996,2.3061762316703245,1.5150308215472654,0.4335808906591327,0.13110486292620857,0.10232960917022545,0.028775253755983124,0.5067006158106627,0.3536578275059585,0.15304278830470425,0.9926976349741923,0.7547748106514529,0.23792282432273937,0.9977129650069035,0.7462995219638507,0.2514134430430528,0.9082944250857279,0.6832481622867962,0.2250462627989317,61.0,0.05591798695246971,625.0,0.581547064305685,949.0,0.8835041938490215,910.0,0.8471575023299162,662.0,0.6160298229263746,0.05591798695246971,WACC_0p1_WRT_0p9,0.5968313140726934,260,False,,,False,False,False,False,False,2.0,0.011494252873563218
UDetect,ForestCovertype,241,0.7,250,0.5454545454545452,0.4165239957295622,0,22,4341,4053,1,False,0.15572584731757136,0.5000561533006765,0.41089197333124367,0.15572584731757136,0.2223260615372943,0.36987179689093524,-3.181649610463174,-2.10523109526996,2.3061762316703245,1.5150308215472654,0.4335808906591327,0.5000561533006765,0.2864149634359058,0.21364118986477076,0.41089197333124367,0.31111262037413034,0.09977935295711332,0.15572584731757136,0.37212655050791293,0.21640070319034158,0.2223260615372943,0.33890997848765314,0.11658391695035883,0.36987179689093524,0.3429766799207158,0.026895116970219457,611.0,0.5684995340167754,232.0,0.21528424976700838,62.0,0.05684995340167754,237.0,0.21994408201304752,240.0,0.22273998136067102,0.05684995340167754,WACC_0p5_WRT_0p5,0.256663560111836,261,False,,,False,False,False,False,False,22.0,0.2413793103448276
UDetect,ForestCovertype,412,0.69,127,0.4999999999999997,0.5956765105702249,0,5,860,4223,1,True,0.09706560701131518,0.30273162004406245,0.19384058003018753,0.09706560701131518,0.31910988129043605,0.40233395523448257,-3.181649610463174,-2.10523109526996,2.3061762316703245,1.5150308215472654,0.4335808906591327,0.30273162004406245,0.187878921816442,0.11485269822762045,0.19384058003018753,0.24591834733712203,0.0520777673069345,0.09706560701131518,0.4645277642784477,0.36746215726713255,0.31910988129043605,0.48743541967295784,0.1683255383825218,0.40233395523448257,0.5213783237165127,0.11904436848203015,475.0,0.44175209692451073,62.0,0.05684995340167754,416.0,0.38676607642124883,537.0,0.4995340167753961,550.0,0.5116495806150979,0.05684995340167754,WACC_0p3_WRT_0p7,0.3793103448275862,262,False,,,False,False,False,False,False,5.0,0.04597701149425287
UDetect,ForestCovertype,866,0.71,518,0.5909090909090907,0.2232642224510931,0,46,4365,1819,3881,False,0.4180386385695313,0.7132694368426508,0.6441682998059209,0.4180386385695313,0.12208618749290986,0.33874254222173406,-3.181649610463174,-2.10523109526996,2.3061762316703245,1.5150308215472654,0.4335808906591327,0.7132694368426508,0.5009649241115863,0.21230451273106443,0.6441682998059209,0.5103066112631883,0.13386168854273262,0.4180386385695313,0.5305926314984911,0.11255399292895985,0.12208618749290986,0.3340994272788373,0.21201323978592743,0.33874254222173406,0.2645258896172836,0.07421665260445043,1038.0,0.9664492078285182,1067.0,0.9934762348555451,564.0,0.5246971109040075,216.0,0.20037278657968313,62.0,0.05684995340167754,0.05684995340167754,WACC_0p9_WRT_0p1,0.5483690587138863,263,False,,,False,False,False,False,False,46.0,0.5172413793103449
UDetect,ForestCovertype,587,0.58,29,0.0,0.9816456337335658,0,3,2230,4842,3582,True,0.9856428559972665,0.1213886569836784,0.497965645654041,0.9856428559972665,0.995503471735646,0.9091465649688208,-3.181649610463174,-2.10523109526996,2.3061762316703245,1.5150308215472654,0.4335808906591327,0.1213886569836784,0.10235286230456014,0.019035794679118256,0.497965645654041,0.353388106558266,0.14457753909577498,0.9856428559972665,0.7613472212913944,0.2242956347058721,0.995503471735646,0.7443643361784374,0.25113913555720857,0.9091465649688208,0.6922343671460788,0.21691219782274207,62.0,0.05684995340167754,607.0,0.5647716682199441,1068.0,0.994408201304753,869.0,0.8089468779123952,838.0,0.7800559179869525,0.05684995340167754,WACC_0p1_WRT_0p9,0.6410065237651446,264,False,,,False,False,False,False,False,3.0,0.022988505747126436
UDetect,ForestCovertype,359,0.73,502,0.6818181818181817,0.2315946969826079,0,38,3725,2148,521,False,0.4793751161851179,0.6949835594143059,0.6565990385643291,0.4793751161851179,0.042206976504072305,0.23917720631282854,-3.181649610463174,-2.10523109526996,2.3061762316703245,1.5150308215472654,0.4335808906591327,0.6949835594143059,0.40113322375271976,0.29385033566158614,0.6565990385643291,0.420558744960287,0.2360402936040421,0.4793751161851179,0.45200449633499573,0.02737061985012218,0.042206976504072305,0.3201208877534016,0.2779139112493293,0.23917720631282854,0.2648993538032825,0.025722147490453956,806.0,0.750232991612302,909.0,0.8462255358807083,365.0,0.33923578751164957,128.0,0.11835973904939422,63.0,0.05778191985088537,0.05778191985088537,WACC_0p9_WRT_0p1,0.4223671947809879,265,False,,,False,False,False,False,False,38.0,0.42528735632183906
UDetect,ForestCovertype,691,0.58,32,0.0,0.956290000443551,0,6,1799,4065,1950,True,0.9658091840992082,0.09407269975973002,0.47340831612005946,0.9658091840992082,0.9892917442320025,0.9115422548845219,-3.181649610463174,-2.10523109526996,2.3061762316703245,1.5150308215472654,0.4335808906591327,0.09407269975973002,0.1023564967729723,0.008283797013242278,0.47340831612005946,0.3481757982284265,0.12523251789163298,0.9658091840992082,0.7431723420644313,0.22263684203477696,0.9892917442320025,0.7531644996375056,0.23612724459449685,0.9115422548845219,0.6902391231335686,0.22130313175095329,63.0,0.05778191985088537,458.0,0.42590866728797766,801.0,0.7455731593662628,1026.0,0.9552656104380243,786.0,0.7315936626281454,0.05778191985088537,WACC_0p1_WRT_0p9,0.5832246039142591,266,False,,,False,False,False,False,False,6.0,0.05747126436781609
UDetect,ForestCovertype,992,0.7,361,0.5454545454545452,0.319105108854151,0,38,4941,3877,698,False,0.27003028315199784,0.6097772854019347,0.5229346452912446,0.27003028315199784,0.19845998128377465,0.3790762778919335,-3.181649610463174,-2.10523109526996,2.3061762316703245,1.5150308215472654,0.4335808906591327,0.6097772854019347,0.34791040711192356,0.2618668782900111,0.5229346452912446,0.34729832860649495,0.1756363166847496,0.27003028315199784,0.3729626032163487,0.10293232006435088,0.19845998128377465,0.3250843666892404,0.12662438540546575,0.3790762778919335,0.33674463219973194,0.04233164569220155,699.0,0.6505125815470643,446.0,0.4147250698974837,64.0,0.05871388630009319,158.0,0.14631873252562907,224.0,0.20782851817334577,0.05871388630009319,WACC_0p5_WRT_0p5,0.2956197576887231,267,False,,,False,False,False,False,False,38.0,0.42528735632183906
UDetect,ForestCovertype,342,0.67,71,0.4090909090909093,0.7487422407613639,0,2,368,3806,1,True,0.3234629140022351,0.13923986823647214,0.0,0.3234629140022351,0.4623971516617967,0.48665000686545495,-3.181649610463174,-2.10523109526996,2.3061762316703245,1.5150308215472654,0.4335808906591327,0.13923986823647214,0.15400549474048733,0.014765626504015195,0.0,0.24631288668064447,0.24631288668064447,0.3234629140022351,0.500998394737252,0.17753548073501696,0.4623971516617967,0.5351808648577199,0.0727837131959232,0.48665000686545495,0.5554044603875911,0.0687544535221361,431.0,0.40074557315936626,64.0,0.05871388630009319,520.0,0.483690587138863,566.0,0.5265610438024231,566.0,0.5265610438024231,0.05871388630009319,WACC_0p3_WRT_0p7,0.3992544268406337,268,False,,,False,False,False,False,False,2.0,0.011494252873563218
UDetect,ForestCovertype,869,0.71,388,0.5909090909090907,0.2999680048622311,0,32,3925,2706,2062,False,0.328039842072456,0.6268793526143035,0.5559503268190874,0.328039842072456,0.14087739611258862,0.33149529755950596,-3.181649610463174,-2.10523109526996,2.3061762316703245,1.5150308215472654,0.4335808906591327,0.6268793526143035,0.4440357946034172,0.1828435580108863,0.5559503268190874,0.45886327638648255,0.09708705043260485,0.328039842072456,0.4827309509487991,0.15469110887634308,0.14087739611258862,0.31230018195021053,0.1714227858376219,0.33149529755950596,0.28660163253277104,0.04489366502673492,925.0,0.8611369990680335,1002.0,0.9328984156570364,478.0,0.4445479962721342,64.0,0.05871388630009319,124.0,0.11463187325256291,0.05871388630009319,WACC_0p7_WRT_0p3,0.48238583410997204,269,False,,,False,False,False,False,False,32.0,0.3563218390804598
UDetect,ForestCovertype,907,0.72,841,0.6363636363636361,0.0945373040615357,0,50,4184,1976,3570,False,0.604633139380587,0.8538005319174854,0.8032245882277343,0.604633139380587,0.09000084237735535,0.30151599517097644,-3.181649610463174,-2.10523109526996,2.3061762316703245,1.5150308215472654,0.4335808906591327,0.8538005319174854,0.48453434362893083,0.36926618828855456,0.8032245882277343,0.5167766608360288,0.28644792739170555,0.604633139380587,0.5292138864292562,0.0754192529513309,0.09000084237735535,0.32861696628348325,0.2386161239061279,0.30151599517097644,0.2650295921457091,0.036486403025267344,1017.0,0.9468779123951537,1070.0,0.9962721342031687,563.0,0.5237651444547996,178.0,0.16495806150978565,64.0,0.05871388630009319,0.05871388630009319,WACC_0p9_WRT_0p1,0.5381174277726002,270,False,,,False,False,False,False,False,50.0,0.5632183908045977
UDetect,ForestCovertype,90,0.58,29,0.0,0.9816456337335658,0,3,2543,2808,5000,True,0.9856428559972665,0.1213886569836784,0.497965645654041,0.9856428559972665,0.995503471735646,0.9091465649688208,-3.181649610463174,-2.10523109526996,2.3061762316703245,1.5150308215472654,0.4335808906591327,0.1213886569836784,0.10235802066728214,0.01903063631639626,0.497965645654041,0.3531211943418308,0.1448444513122102,0.9856428559972665,0.7549625866731066,0.23068026932415997,0.995503471735646,0.7426724356331718,0.25283103610247426,0.9091465649688208,0.6903378196045217,0.21880874536429917,64.0,0.05871388630009319,601.0,0.5591798695246971,956.0,0.8900279589934762,826.0,0.7688723205964585,789.0,0.7343895619757689,0.05871388630009319,WACC_0p1_WRT_0p9,0.6022367194780988,271,False,,,False,False,False,False,False,3.0,0.022988505747126436
UDetect,ForestCovertype,125,0.69,101,0.4999999999999997,0.6560812382278078,0,3,2560,3473,1,True,0.1443153655067525,0.23469886668963036,0.12436835238682277,0.1443153655067525,0.3339080803276676,0.39662670291486046,-3.181649610463174,-2.10523109526996,2.3061762316703245,1.5150308215472654,0.4335808906591327,0.23469886668963036,0.20750771602193394,0.027191150667696423,0.12436835238682277,0.24669703046836966,0.12232867808154689,0.1443153655067525,0.4447958735244785,0.300480508017726,0.3339080803276676,0.4716716001507851,0.13776351982311746,0.39662670291486046,0.48096280519920515,0.08433610228434468,504.0,0.46877912395153776,65.0,0.05964585274930102,340.0,0.31593662628145386,522.0,0.48555452003727867,516.0,0.47996272134203166,0.05964585274930102,WACC_0p3_WRT_0p7,0.3619757688723206,272,False,,,False,False,False,False,False,3.0,0.022988505747126436
UDetect,ForestCovertype,898,0.58,54,0.0,0.820393633256487,0,20,1273,3563,4731,True,0.8595083897906028,0.09860556464460979,0.3417905476615643,0.8595083897906028,0.9559992923320324,0.9243822243195835,-3.181649610463174,-2.10523109526996,2.3061762316703245,1.5150308215472654,0.4335808906591327,0.09860556464460979,0.10237550761426961,0.003769942969659823,0.3417905476615643,0.34977542058468375,0.007984872923119446,0.8595083897906028,0.7563315266461227,0.10317686314448016,0.9559992923320324,0.7441685226886279,0.21183076964340453,0.9243822243195835,0.6845382114038114,0.23984401291577206,65.0,0.05964585274930102,493.0,0.45852749301025164,986.0,0.9179869524697111,864.0,0.804287045666356,676.0,0.6290773532152842,0.05964585274930102,WACC_0p1_WRT_0p9,0.5739049394221808,273,False,,,False,False,False,False,False,20.0,0.21839080459770116
UDetect,ForestCovertype,586,0.73,356,0.6818181818181817,0.3228052073390514,0,21,3816,2282,151,False,0.37235515052079177,0.592254809612008,0.5516966975609783,0.37235515052079177,0.04068355087194113,0.23055931468426852,-3.181649610463174,-2.10523109526996,2.3061762316703245,1.5150308215472654,0.4335808906591327,0.592254809612008,0.35472617126314937,0.23752863834885868,0.5516966975609783,0.3941665657113564,0.1575301318496219,0.37235515052079177,0.4372853799699261,0.06493022944913435,0.04068355087194113,0.33018237434710607,0.2894988234751649,0.23055931468426852,0.26541018200797706,0.03485086732370854,717.0,0.6672879776328052,858.0,0.798695246971109,316.0,0.293569431500466,189.0,0.17520969245107176,66.0,0.06057781919850885,0.06057781919850885,WACC_0p9_WRT_0p1,0.3990680335507922,274,False,,,False,False,False,False,False,21.0,0.22988505747126436
UDetect,ForestCovertype,1042,0.69,567,0.4999999999999997,0.1992633995320251,0,80,1637,2740,4123,False,0.3750886400979622,0.7492045445244921,0.6497602233894768,0.3750886400979622,0.2219949642037267,0.43978846807206146,-3.181649610463174,-2.10523109526996,2.3061762316703245,1.5150308215472654,0.4335808906591327,0.7492045445244921,0.4459902363564858,0.3032143081680063,0.6497602233894768,0.4461180000856109,0.2036422233038659,0.3750886400979622,0.47216499305698484,0.09707635295902262,0.2219949642037267,0.3129015478987465,0.09090658369501983,0.43978846807206146,0.33320649850587214,0.10658196956618932,930.0,0.8657968313140727,976.0,0.9086672879776329,437.0,0.4063373718546132,66.0,0.06057781919850885,216.0,0.20037278657968313,0.06057781919850885,WACC_0p7_WRT_0p3,0.4883504193849021,275,False,,,False,False,False,False,False,80.0,0.9080459770114943
UDetect,ForestCovertype,60,0.58,63,0.0,0.7800763906498578,0,27,1,1,5000,False,0.8279714546824113,0.14401414653138325,0.30274266424772855,0.8279714546824113,0.9461222081390976,0.9281915400024857,-3.181649610463174,-2.10523109526996,2.3061762316703245,1.5150308215472654,0.4335808906591327,0.14401414653138325,0.18873418643311754,0.04472003990173429,0.30274266424772855,0.24737947520966255,0.055363189038066,0.8279714546824113,0.631410126043321,0.19656132863909026,0.9461222081390976,0.6968463301899479,0.24927587794914974,0.9281915400024857,0.7112674273566891,0.21692411264579659,478.0,0.4445479962721342,66.0,0.06057781919850885,625.0,0.581547064305685,637.0,0.5927306616961789,1074.0,1.0,0.06057781919850885,WACC_0p3_WRT_0p7,0.5358807082945014,276,False,,,False,False,False,False,False,27.0,0.2988505747126437
UDetect,ForestCovertype,739,0.58,29,0.0,0.9816456337335658,0,3,667,3171,4093,True,0.9856428559972665,0.1213886569836784,0.497965645654041,0.9856428559972665,0.995503471735646,0.9091465649688208,-3.181649610463174,-2.10523109526996,2.3061762316703245,1.5150308215472654,0.4335808906591327,0.1213886569836784,0.10240377200192353,0.018984884981754865,0.497965645654041,0.356433290791445,0.14153235486259602,0.9856428559972665,0.7538110843795995,0.231831771617667,0.995503471735646,0.7437130252859707,0.2517904464496753,0.9091465649688208,0.6830864226496923,0.22606014231912852,66.0,0.06057781919850885,711.0,0.6616961789375583,928.0,0.863932898415657,848.0,0.7893755824790307,660.0,0.614165890027959,0.06057781919850885,WACC_0p1_WRT_0p9,0.5979496738117428,277,False,,,False,False,False,False,False,3.0,0.022988505747126436
UDetect,ForestCovertype,932,0.69,289,0.4999999999999997,0.378101415866602,0,43,2917,3496,1510,False,0.16525275284321503,0.5477825180126517,0.4440763992273491,0.16525275284321503,0.2658074382230596,0.4228912197416321,-3.181649610463174,-2.10523109526996,2.3061762316703245,1.5150308215472654,0.4335808906591327,0.5477825180126517,0.3514069958978945,0.19637552211475717,0.4440763992273491,0.3381309271565138,0.10594547207083527,0.16525275284321503,0.37517661747563147,0.20992386463241644,0.2658074382230596,0.3552076967894161,0.08940025856635653,0.4228912197416321,0.38308697686456206,0.03980424287707002,708.0,0.6589002795899348,366.0,0.3401677539608574,67.0,0.06150978564771668,285.0,0.2646784715750233,341.0,0.3168685927306617,0.06150978564771668,WACC_0p5_WRT_0p5,0.32842497670083876,278,False,,,False,False,False,False,False,43.0,0.4827586206896552
UDetect,ForestCovertype,58,0.74,455,0.7272727272727272,0.2576918117590896,0,21,1687,1839,1,False,0.48431004017009716,0.6611391433299362,0.6375902831745486,0.48431004017009716,0.06916775233562887,0.18732233699847048,-3.181649610463174,-2.10523109526996,2.3061762316703245,1.5150308215472654,0.4335808906591327,0.6611391433299362,0.3654535938020128,0.29568554952792336,0.6375902831745486,0.3691739734999842,0.26841630967456437,0.48431004017009716,0.42295862427781705,0.0613514158922801,0.06916775233562887,0.3185714877439134,0.24940373540828453,0.18732233699847048,0.26558071524993554,0.07825837825146506,736.0,0.684995340167754,794.0,0.739049394221808,245.0,0.22739981360671016,113.0,0.1043802423112768,67.0,0.06150978564771668,0.06150978564771668,WACC_0p9_WRT_0p1,0.3634669151910531,279,False,,,False,False,False,False,False,21.0,0.22988505747126436
UDetect,ForestCovertype,127,0.58,58,0.0,0.8017169982740455,0,22,1,1,3565,False,0.8448991608999398,0.11964072117166165,0.3237019330092015,0.8448991608999398,0.9514238133499465,0.9261468588516771,-3.181649610463174,-2.10523109526996,2.3061762316703245,1.5150308215472654,0.4335808906591327,0.11964072117166165,0.18631637500492013,0.06667565383325848,0.3237019330092015,0.24766962214382693,0.0760323108653746,0.8448991608999398,0.5906574912902994,0.25424166960964034,0.9514238133499465,0.6557713368912007,0.2956524764587458,0.9261468588516771,0.6896194103175235,0.23652744853415364,472.0,0.43895619757688725,67.0,0.06150978564771668,603.0,0.5610438024231128,619.0,0.575955265610438,770.0,0.7166821994408201,0.06150978564771668,WACC_0p3_WRT_0p7,0.47082945013979494,280,False,,,False,False,False,False,False,22.0,0.2413793103448276
UDetect,ForestCovertype,215,0.58,30,0.0,0.9729224656013556,0,4,1,4736,2750,True,0.9788194234027437,0.11199107322659677,0.48951712015468507,0.9788194234027437,0.9933664340688685,0.9099707607476553,-3.181649610463174,-2.10523109526996,2.3061762316703245,1.5150308215472654,0.4335808906591327,0.11199107322659677,0.10243293723175956,0.009558135994837208,0.48951712015468507,0.34309035052766845,0.14642676962701662,0.9788194234027437,0.7524433874951357,0.22637603590760802,0.9933664340688685,0.7574944140108244,0.23587202005804409,0.9099707607476553,0.6913140916563166,0.21865666909133863,67.0,0.06150978564771668,398.0,0.3699906803355079,897.0,0.8350419384902144,1059.0,0.9860205032618826,814.0,0.7576887232059646,0.06150978564771668,WACC_0p1_WRT_0p9,0.6020503261882573,281,False,,,False,False,False,False,False,4.0,0.034482758620689655
UDetect,ForestCovertype,417,0.71,537,0.5909090909090907,0.2136990993253101,0,48,4096,2108,3854,False,0.4292616779374284,0.7240424621944087,0.6551692667335121,0.4292616779374284,0.119742884223117,0.3396462888863421,-3.181649610463174,-2.10523109526996,2.3061762316703245,1.5150308215472654,0.4335808906591327,0.7240424621944087,0.4846647881869404,0.2393776740074683,0.6551692667335121,0.5142251492197809,0.14094411751373115,0.4292616779374284,0.5277219788284319,0.09846030089100344,0.119742884223117,0.32117199592338275,0.20142911170026573,0.3396462888863421,0.26571848004093634,0.07392780884540573,1018.0,0.9478098788443616,1068.0,0.994408201304753,560.0,0.5209692451071761,133.0,0.12301957129543337,68.0,0.06244175209692451,0.06244175209692451,WACC_0p9_WRT_0p1,0.5297297297297298,282,False,,,False,False,False,False,False,48.0,0.5402298850574713
UDetect,ForestCovertype,954,0.58,29,0.0,0.9816456337335658,0,3,2346,3860,4285,True,0.9856428559972665,0.1213886569836784,0.497965645654041,0.9856428559972665,0.995503471735646,0.9091465649688208,-3.181649610463174,-2.10523109526996,2.3061762316703245,1.5150308215472654,0.4335808906591327,0.1213886569836784,0.10249406827089745,0.01889458871278095,0.497965645654041,0.3538431653319048,0.1441224803221362,0.9856428559972665,0.7547264012088494,0.23091645478841716,0.995503471735646,0.7381060328011689,0.2573974389344771,0.9091465649688208,0.6956715709978684,0.2134749939709525,68.0,0.06244175209692451,630.0,0.5862068965517241,948.0,0.8825722273998136,722.0,0.6719478098788444,934.0,0.869524697110904,0.06244175209692451,WACC_0p1_WRT_0p9,0.614538676607642,283,False,,,False,False,False,False,False,3.0,0.022988505747126436
UDetect,ForestCovertype,250,0.71,455,0.5909090909090907,0.2576918117590896,0,40,4237,3432,1,False,0.3776437387794872,0.6744942650505373,0.6045727016736753,0.3776437387794872,0.13052040015652483,0.3354897018140942,-3.181649610463174,-2.10523109526996,2.3061762316703245,1.5150308215472654,0.4335808906591327,0.6744942650505373,0.3063659042860828,0.36812836076445454,0.6045727016736753,0.34345196296633873,0.26112073870733654,0.3776437387794872,0.3876654690238477,0.010021730244360483,0.13052040015652483,0.3135258344704064,0.18300543431388155,0.3354897018140942,0.29597024238498626,0.03951945942910795,641.0,0.5964585274930102,401.0,0.3727865796831314,115.0,0.10624417520969245,69.0,0.06337371854613234,140.0,0.12954333643988816,0.06337371854613234,WACC_0p7_WRT_0p3,0.2536812674743709,284,False,,,False,False,False,False,False,40.0,0.4482758620689655
UDetect,ForestCovertype,583,0.69,288,0.4999999999999997,0.3790203556146186,0,42,907,3711,1068,False,0.1641745338978765,0.5467475327780722,0.4430195152078295,0.1641745338978765,0.26603256386838087,0.4228043950639646,-3.181649610463174,-2.10523109526996,2.3061762316703245,1.5150308215472654,0.4335808906591327,0.5467475327780722,0.3147314894178784,0.23201604336019382,0.4430195152078295,0.3016702128279646,0.14134930237986493,0.1641745338978765,0.37540502015732957,0.21123048625945307,0.26603256386838087,0.3707298153843243,0.10469725151594345,0.4228043950639646,0.39816642303230276,0.024637972031661848,651.0,0.6057781919850885,202.0,0.18732525629077354,69.0,0.06337371854613234,330.0,0.3066169617893756,374.0,0.34762348555452005,0.06337371854613234,WACC_0p5_WRT_0p5,0.302143522833178,285,False,,,False,False,False,False,False,42.0,0.47126436781609193
UDetect,ForestCovertype,138,0.66,65,0.3636363636363638,0.7718901203639181,0,4,2346,4378,1,True,0.39490278851393246,0.11762053692144828,0.052685201748655826,0.39490278851393246,0.5209623131656878,0.5338520349321421,-3.181649610463174,-2.10523109526996,2.3061762316703245,1.5150308215472654,0.4335808906591327,0.11762053692144828,0.1907041003471413,0.07308356342569303,0.052685201748655826,0.24922719827042172,0.1965419965217659,0.39490278851393246,0.4676047935224414,0.07270200500850893,0.5209623131656878,0.5022759991988247,0.018686313966863044,0.5338520349321421,0.5166725854007679,0.01717944953137418,482.0,0.4482758620689655,69.0,0.06337371854613234,424.0,0.39422180801491147,547.0,0.5088536812674743,544.0,0.5060577819198508,0.06337371854613234,WACC_0p3_WRT_0p7,0.3841565703634669,286,False,,,False,False,False,False,False,4.0,0.034482758620689655
UDetect,ForestCovertype,61,0.74,617,0.7272727272727272,0.1768190006193383,0,33,1860,1530,1,False,0.5792004802907659,0.7522247292883654,0.7306031078909982,0.5792004802907659,0.12365227708183874,0.1949634862407644,-3.181649610463174,-2.10523109526996,2.3061762316703245,1.5150308215472654,0.4335808906591327,0.7522247292883654,0.3886881667638984,0.363536562524467,0.7306031078909982,0.3617693540825403,0.36883375380845795,0.5792004802907659,0.4257684921143052,0.1534319881764607,0.12365227708183874,0.3326361235452583,0.20898384646341955,0.1949634862407644,0.26581448854870887,0.07085100230794447,779.0,0.7250698974836906,767.0,0.7138863000931966,257.0,0.2385834109972041,205.0,0.19012115563839702,69.0,0.06337371854613234,0.06337371854613234,WACC_0p9_WRT_0p1,0.38620689655172413,287,False,,,False,False,False,False,False,33.0,0.367816091954023
UDetect,ForestCovertype,626,0.58,30,0.0,0.9729224656013556,0,4,4536,2139,2253,True,0.9788194234027437,0.11199107322659677,0.48951712015468507,0.9788194234027437,0.9933664340688685,0.9099707607476553,-3.181649610463174,-2.10523109526996,2.3061762316703245,1.5150308215472654,0.4335808906591327,0.11199107322659677,0.10251727014565823,0.009473803080938537,0.48951712015468507,0.3536149598119438,0.13590216034274127,0.9788194234027437,0.7487072597377149,0.23011216366502885,0.9933664340688685,0.7482467604249219,0.2451196736439466,0.9099707607476553,0.7041314238125431,0.20583933693511214,69.0,0.06337371854613234,621.0,0.5778191985088537,847.0,0.7884436160298229,951.0,0.8853681267474371,1057.0,0.9841565703634669,0.06337371854613234,WACC_0p1_WRT_0p9,0.6598322460391426,288,False,,,False,False,False,False,False,4.0,0.034482758620689655
UDetect,ForestCovertype,902,0.68,184,0.4545454545454547,0.4976898329744768,0,22,466,3971,1159,False,0.07375166348550925,0.4175439518148649,0.29553041465061164,0.07375166348550925,0.3479989999211768,0.46098120471621223,-3.181649610463174,-2.10523109526996,2.3061762316703245,1.5150308215472654,0.4335808906591327,0.4175439518148649,0.2750304296161602,0.14251352219870472,0.29553041465061164,0.24997331000727357,0.045557104643338064,0.07375166348550925,0.3885060366399206,0.31475437315441135,0.3479989999211768,0.42221822548795,0.07421922556677324,0.46098120471621223,0.4560777974675498,0.00490340724866245,599.0,0.5573159366262814,70.0,0.06430568499534017,118.0,0.10904007455731593,444.0,0.412861136999068,487.0,0.45293569431500463,0.06430568499534017,WACC_0p3_WRT_0p7,0.3192917054986021,289,False,,,False,False,False,False,False,22.0,0.2413793103448276
UDetect,ForestCovertype,682,0.73,812,0.6818181818181817,0.1038614620525849,0,47,3931,717,1243,False,0.6292482652661073,0.8388471940029653,0.8035066187952279,0.6292482652661073,0.12826166535904512,0.2512458941393798,-3.181649610463174,-2.10523109526996,2.3061762316703245,1.5150308215472654,0.4335808906591327,0.8388471940029653,0.5573145993547054,0.28153259464825986,0.8035066187952279,0.5223037115258364,0.28120290726939146,0.6292482652661073,0.5482858096621007,0.08096245560400661,0.12826166535904512,0.36695717946429596,0.23869551410525083,0.2512458941393798,0.2664569910498849,0.015211096910505095,1074.0,1.0,1072.0,0.9981360671015843,576.0,0.5358807082945014,320.0,0.2972972972972973,70.0,0.06430568499534017,0.06430568499534017,WACC_0p9_WRT_0p1,0.5791239515377447,290,False,,,False,False,False,False,False,47.0,0.5287356321839081
UDetect,ForestCovertype,349,0.58,32,0.0,0.956290000443551,0,6,2362,5000,4046,True,0.9658091840992082,0.09407269975973002,0.47340831612005946,0.9658091840992082,0.9892917442320025,0.9115422548845219,-3.181649610463174,-2.10523109526996,2.3061762316703245,1.5150308215472654,0.4335808906591327,0.09407269975973002,0.1025173190074635,0.008444619247733473,0.47340831612005946,0.35376736699301725,0.1196409491270422,0.9658091840992082,0.7555065408998525,0.21030264319935577,0.9892917442320025,0.7392375761027351,0.2500541681292674,0.9115422548845219,0.6929541700893087,0.2185880847952132,70.0,0.06430568499534017,629.0,0.5852749301025163,970.0,0.9030754892823858,745.0,0.6933830382106244,855.0,0.7958993476234856,0.06430568499534017,WACC_0p1_WRT_0p9,0.6083876980428704,291,False,,,False,False,False,False,False,6.0,0.05747126436781609
UDetect,ForestCovertype,363,0.68,100,0.4545454545454547,0.6587022721633893,0,6,829,4594,1,True,0.19969874017069575,0.23619855076562016,0.11034800819800485,0.19969874017069575,0.38744449061346936,0.44576817996327994,-3.181649610463174,-2.10523109526996,2.3061762316703245,1.5150308215472654,0.4335808906591327,0.23619855076562016,0.1845710175750181,0.051627533190602065,0.11034800819800485,0.25101313116937135,0.14066512297136652,0.19969874017069575,0.49414386630718193,0.2944451261364862,0.38744449061346936,0.505144333410831,0.11769984279736162,0.44576817996327994,0.517515852933382,0.07174767297010204,471.0,0.4380242311276794,71.0,0.06523765144454799,502.0,0.46691519105312207,548.0,0.5097856477166822,546.0,0.5079217148182665,0.06523765144454799,WACC_0p3_WRT_0p7,0.39757688723205964,292,False,,,False,False,False,False,False,6.0,0.05747126436781609
UDetect,ForestCovertype,201,0.72,617,0.6363636363636361,0.1768190006193383,0,46,4116,2420,3028,False,0.5080896126970258,0.7611281437687659,0.708591386890416,0.5080896126970258,0.057813547109210904,0.29374172945118027,-3.181649610463174,-2.10523109526996,2.3061762316703245,1.5150308215472654,0.4335808906591327,0.7611281437687659,0.4658908076340459,0.29523733613472003,0.708591386890416,0.5064440412497959,0.2021473456406201,0.5080896126970258,0.5223661804773717,0.014276567780345917,0.057813547109210904,0.3192302354033718,0.2614166882941609,0.29374172945118027,0.26650902710262564,0.027232702348554627,986.0,0.9179869524697111,1064.0,0.9906803355079217,556.0,0.5172413793103449,120.0,0.11090400745573159,71.0,0.06523765144454799,0.06523765144454799,WACC_0p9_WRT_0p1,0.5204100652376514,293,False,,,False,False,False,False,False,46.0,0.5172413793103449
UDetect,ForestCovertype,721,0.7,672,0.5454545454545452,0.1541378768289276,0,59,4392,2924,4712,False,0.4635911725504325,0.7955768981666235,0.7126655081124323,0.4635911725504325,0.15804562914946868,0.394662965460078,-3.181649610463174,-2.10523109526996,2.3061762316703245,1.5150308215472654,0.4335808906591327,0.7955768981666235,0.47504319713498033,0.32053370103164314,0.7126655081124323,0.50098515787137,0.21168035024106235,0.4635911725504325,0.5086713712741151,0.04508019872368263,0.15804562914946868,0.31396791166511995,0.15592228251565127,0.394662965460078,0.2960032770094267,0.09865968845065132,1002.0,0.9328984156570364,1053.0,0.9804287045666356,535.0,0.4976700838769804,71.0,0.06523765144454799,141.0,0.13047530288909598,0.06523765144454799,WACC_0p7_WRT_0p3,0.5213420316868593,294,False,,,False,False,False,False,False,59.0,0.6666666666666666
UDetect,ForestCovertype,308,0.58,28,0.0,0.9906645581969952,0,2,2986,5000,3425,True,0.9926976349741923,0.13110486292620857,0.5067006158106627,0.9926976349741923,0.9977129650069035,0.9082944250857279,-3.181649610463174,-2.10523109526996,2.3061762316703245,1.5150308215472654,0.4335808906591327,0.13110486292620857,0.10254769766818396,0.02855716525802461,0.5067006158106627,0.3541853488348953,0.15251526697576745,0.9926976349741923,0.7566099773519476,0.2360876576222447,0.9977129650069035,0.7393075187444714,0.2584054462624321,0.9082944250857279,0.6973922264970432,0.21090219858868464,71.0,0.06523765144454799,643.0,0.5983224603914259,995.0,0.9263746505125815,746.0,0.6943150046598322,973.0,0.9058713886300093,0.06523765144454799,WACC_0p1_WRT_0p9,0.6380242311276794,295,False,,,False,False,False,False,False,2.0,0.011494252873563218
UDetect,ForestCovertype,964,0.71,234,0.5909090909090907,0.4340468907358729,0,16,2973,2587,543,False,0.17072115471468288,0.4758687260225052,0.40174453461048654,0.17072115471468288,0.1737245939527285,0.318827050187338,-3.181649610463174,-2.10523109526996,2.3061762316703245,1.5150308215472654,0.4335808906591327,0.4758687260225052,0.3146481849041628,0.1612205411183424,0.40174453461048654,0.31838496665484184,0.0833595679556447,0.17072115471468288,0.3760427744587231,0.2053216197440402,0.1737245939527285,0.32871930857271237,0.15499471461998388,0.318827050187338,0.3218000964306193,0.0029730462432813187,650.0,0.6048462255358807,248.0,0.23019571295433364,72.0,0.06616961789375582,179.0,0.16589002795899346,195.0,0.18080149114631874,0.06616961789375582,WACC_0p5_WRT_0p5,0.24958061509785648,296,False,,,False,False,False,False,False,16.0,0.1724137931034483
UDetect,ForestCovertype,467,0.67,81,0.4090909090909093,0.7141438438760507,0,8,510,4715,1,True,0.29639937178369624,0.17820741751672745,0.03557810736031105,0.29639937178369624,0.45392109385419693,0.48991898577714316,-3.181649610463174,-2.10523109526996,2.3061762316703245,1.5150308215472654,0.4335808906591327,0.17820741751672745,0.18808787586595416,0.009880458349226712,0.03557810736031105,0.2516474263892885,0.21606931902897744,0.29639937178369624,0.507467845778253,0.21106847399455675,0.45392109385419693,0.5606926345955606,0.10677154074136369,0.48991898577714316,0.5623004161060521,0.07238143032890892,476.0,0.4426840633737186,72.0,0.06616961789375582,532.0,0.49487418452935694,576.0,0.5358807082945014,570.0,0.5302889095992545,0.06616961789375582,WACC_0p3_WRT_0p7,0.41397949673811746,297,False,,,False,False,False,False,False,8.0,0.08045977011494253
UDetect,ForestCovertype,644,0.73,377,0.6818181818181817,0.3075991948885439,0,24,1341,2062,1655,False,0.3901968106977285,0.6093810666893367,0.5691853213736358,0.3901968106977285,0.03695831929601522,0.2319960325240098,-3.181649610463174,-2.10523109526996,2.3061762316703245,1.5150308215472654,0.4335808906591327,0.6093810666893367,0.4119344610806789,0.1974466056086578,0.5691853213736358,0.4385701840344179,0.13061513733921787,0.3901968106977285,0.45609837826314154,0.06590156756541304,0.03695831929601522,0.31402316791653084,0.2770648486205156,0.2319960325240098,0.28637155407560394,0.05437552155159414,833.0,0.7753960857409133,955.0,0.8890959925442684,387.0,0.3597390493942218,72.0,0.06616961789375582,122.0,0.11276794035414725,0.06616961789375582,WACC_0p7_WRT_0p3,0.4406337371854613,298,False,,,False,False,False,False,False,24.0,0.26436781609195403
UDetect,ForestCovertype,967,0.74,601,0.7272727272727272,0.1837973100322273,0,30,3205,965,1449,False,0.571012625285417,0.7443651854823038,0.7225772675487282,0.571012625285417,0.11895094586143327,0.19430415088526842,-3.181649610463174,-2.10523109526996,2.3061762316703245,1.5150308215472654,0.4335808906591327,0.7443651854823038,0.5031230588935022,0.24124212658880162,0.7225772675487282,0.444077529157468,0.2784997383912602,0.571012625285417,0.47217990316944175,0.09883272211597521,0.11895094586143327,0.33126038310572403,0.21230943724429074,0.19430415088526842,0.2665275110873396,0.07222336020207115,1043.0,0.9711090400745573,970.0,0.9030754892823858,438.0,0.40726933830382106,197.0,0.18266542404473438,72.0,0.06616961789375582,0.06616961789375582,WACC_0p9_WRT_0p1,0.506057781919851,299,False,,,False,False,False,False,False,30.0,0.3333333333333333
UDetect,ForestCovertype,517,0.58,29,0.0,0.9816456337335658,0,3,4818,3044,3030,True,0.9856428559972665,0.1213886569836784,0.497965645654041,0.9856428559972665,0.995503471735646,0.9091465649688208,-3.181649610463174,-2.10523109526996,2.3061762316703245,1.5150308215472654,0.4335808906591327,0.1213886569836784,0.10255360366555102,0.018835053318127376,0.497965645654041,0.35511293867443605,0.14285270697960495,0.9856428559972665,0.762487433554759,0.22315542244250752,0.995503471735646,0.7480119403297936,0.24749153140585245,0.9091465649688208,0.7039592104244444,0.20518735454437642,72.0,0.06616961789375582,675.0,0.6281453867660765,1073.0,0.9990680335507922,946.0,0.880708294501398,1054.0,0.9813606710158435,0.06616961789375582,WACC_0p1_WRT_0p9,0.7110904007455732,300,False,,,False,False,False,False,False,3.0,0.022988505747126436
UDetect,ForestCovertype,804,0.73,289,0.6818181818181817,0.378101415866602,0,11,2494,1382,126,False,0.30747448803069505,0.5299756890518502,0.4880998412285136,0.30747448803069505,0.054230243846596485,0.22533473332080042,-3.181649610463174,-2.10523109526996,2.3061762316703245,1.5150308215472654,0.4335808906591327,0.5299756890518502,0.3618162956672867,0.16815939338456354,0.4880998412285136,0.3074919393327212,0.1806079018957924,0.30747448803069505,0.37612652446986566,0.06865203643917062,0.054230243846596485,0.32450677429391345,0.270276530447317,0.22533473332080042,0.30359035812414026,0.07825562480333983,730.0,0.679403541472507,223.0,0.20689655172413793,73.0,0.06710158434296365,151.0,0.13979496738117428,161.0,0.14911463187325255,0.06710158434296365,WACC_0p5_WRT_0p5,0.2484622553588071,301,False,,,False,False,False,False,False,11.0,0.11494252873563218
UDetect,ForestCovertype,118,0.75,270,0.7727272727272726,0.3961283571162811,0,2,2761,1329,1,False,0.3574338169910675,0.5007688563567945,0.4893785531621467,0.3574338169910675,0.02044474273683973,0.12485324094011864,-3.181649610463174,-2.10523109526996,2.3061762316703245,1.5150308215472654,0.4335808906591327,0.5007688563567945,0.390053369957476,0.11071548639931844,0.4893785531621467,0.3315076282717697,0.15787092489037696,0.3574338169910675,0.3806934541350333,0.023259637143965783,0.02044474273683973,0.3184646263341461,0.29801988359730636,0.12485324094011864,0.2678581875998684,0.14300494665974978,783.0,0.7287977632805219,319.0,0.29636533084808947,90.0,0.08294501397949673,112.0,0.10344827586206896,73.0,0.06710158434296365,0.06710158434296365,WACC_0p9_WRT_0p1,0.25573159366262815,302,False,,,False,False,False,False,False,2.0,0.011494252873563218
UDetect,ForestCovertype,120,0.71,120,0.5909090909090907,0.6106381198868391,1,1,2501,2203,1,True,0.002102568830901292,0.2769772153201057,0.19864476829844668,0.002102568830901292,0.21698664079149613,0.3021420862568656,-3.181649610463174,-2.10523109526996,2.3061762316703245,1.5150308215472654,0.4335808906591327,0.2769772153201057,0.22087578729061524,0.056101428029490474,0.19864476829844668,0.25180775874881345,0.053162990450366765,0.002102568830901292,0.38894015064845844,0.3868375818175571,0.21698664079149613,0.431781939157594,0.21479529836609787,0.3021420862568656,0.42869314592298746,0.12655105966612185,521.0,0.4846225535880708,73.0,0.06710158434296365,120.0,0.11090400745573159,461.0,0.42870456663560114,438.0,0.40726933830382106,0.06710158434296365,WACC_0p3_WRT_0p7,0.29972041006523764,303,False,,,False,False,False,False,False,1.0,0.0
UDetect,ForestCovertype,473,0.74,327,0.7272727272727272,0.3453440837167848,0,8,2741,1140,1781,False,0.38146505992983437,0.5624179731450909,0.536780316355028,0.38146505992983437,0.010115861926032744,0.17904064031925526,-3.181649610463174,-2.10523109526996,2.3061762316703245,1.5150308215472654,0.4335808906591327,0.5624179731450909,0.44848876646988584,0.11392920667520506,0.536780316355028,0.37521918910914265,0.16156112724588534,0.38146505992983437,0.4106624798418298,0.029197419911995426,0.010115861926032744,0.3141928059599413,0.30407694403390856,0.17904064031925526,0.30679502748439536,0.1277543871651401,936.0,0.8713886300093197,804.0,0.7483690587138863,193.0,0.17893755824790308,73.0,0.06710158434296365,168.0,0.15563839701770738,0.06710158434296365,WACC_0p7_WRT_0p3,0.404287045666356,304,False,,,False,False,False,False,False,8.0,0.08045977011494253
UDetect,ForestCovertype,553,0.58,30,0.0,0.9729224656013556,0,4,3240,3732,2550,True,0.9788194234027437,0.11199107322659677,0.48951712015468507,0.9788194234027437,0.9933664340688685,0.9099707607476553,-3.181649610463174,-2.10523109526996,2.3061762316703245,1.5150308215472654,0.4335808906591327,0.11199107322659677,0.10256347048208347,0.009427602744513291,0.48951712015468507,0.355135624931874,0.13438149522281106,0.9788194234027437,0.7554448793713894,0.22337454403135437,0.9933664340688685,0.7472892163401395,0.24607721772872904,0.9099707607476553,0.7039812959870207,0.2059894647606345,73.0,0.06710158434296365,678.0,0.6309412861136999,968.0,0.9012115563839702,928.0,0.863932898415657,1055.0,0.9822926374650512,0.06710158434296365,WACC_0p1_WRT_0p9,0.6890959925442683,305,False,,,False,False,False,False,False,4.0,0.034482758620689655
UDetect,ForestCovertype,816,0.73,371,0.6818181818181817,0.3118558103783935,0,22,541,727,1119,False,0.38520239895954483,0.6045869175726123,0.5642897350218946,0.38520239895954483,0.03800112249514283,0.2315938524369494,-3.181649610463174,-2.10523109526996,2.3061762316703245,1.5150308215472654,0.4335808906591327,0.6045869175726123,0.428125318532456,0.1764615990401563,0.5642897350218946,0.3278490943859024,0.23644064063599224,0.38520239895954483,0.3765313749746171,0.00867102398492775,0.03800112249514283,0.3287482708798718,0.290747148384729,0.2315938524369494,0.33267043791347023,0.10107658547652082,874.0,0.8136067101584343,288.0,0.2674743709226468,74.0,0.06803355079217148,180.0,0.1668219944082013,215.0,0.19944082013047532,0.06803355079217148,WACC_0p5_WRT_0p5,0.3030754892823858,306,False,,,False,False,False,False,False,22.0,0.2413793103448276
UDetect,ForestCovertype,407,0.71,418,0.5909090909090907,0.2802040093565999,0,37,4448,2789,2249,False,0.35122951738659186,0.6491391836519478,0.5786811435639797,0.35122951738659186,0.13603553106981883,0.33336266975980683,-3.181649610463174,-2.10523109526996,2.3061762316703245,1.5150308215472654,0.4335808906591327,0.6491391836519478,0.4384851939867469,0.21065398966520088,0.5786811435639797,0.48171938314076224,0.09696176042321747,0.35122951738659186,0.4942096309186425,0.14298011353205065,0.13603553106981883,0.31441583503225934,0.1783803039624405,0.33336266975980683,0.2776998765519643,0.05566279320784251,910.0,0.8471575023299162,1030.0,0.9589934762348555,503.0,0.4678471575023299,74.0,0.06803355079217148,99.0,0.09133271202236719,0.06803355079217148,WACC_0p7_WRT_0p3,0.48667287977632806,307,False,,,False,False,False,False,False,37.0,0.41379310344827586
UDetect,ForestCovertype,612,0.74,739,0.7272727272727272,0.1288900728152109,0,41,1539,1133,2122,False,0.6354368963340549,0.8062062146834286,0.7857267631450375,0.6354368963340549,0.15594229910779145,0.1994919808635321,-3.181649610463174,-2.10523109526996,2.3061762316703245,1.5150308215472654,0.4335808906591327,0.8062062146834286,0.5025106908300409,0.3036955238533877,0.7857267631450375,0.4499218902486652,0.33580487289637234,0.6354368963340549,0.47689872049839466,0.1585381758356602,0.15594229910779145,0.3434919735544266,0.18754967444663517,0.1994919808635321,0.2683945542424794,0.06890257337894728,1042.0,0.9701770736253494,983.0,0.9151910531220876,455.0,0.42311276794035413,255.0,0.23671947809878843,74.0,0.06803355079217148,0.06803355079217148,WACC_0p9_WRT_0p1,0.5226467847157503,308,False,,,False,False,False,False,False,41.0,0.45977011494252873
UDetect,ForestCovertype,942,0.58,29,0.0,0.9816456337335658,0,3,1219,4155,1726,True,0.9856428559972665,0.1213886569836784,0.497965645654041,0.9856428559972665,0.995503471735646,0.9091465649688208,-3.181649610463174,-2.10523109526996,2.3061762316703245,1.5150308215472654,0.4335808906591327,0.1213886569836784,0.10257827258061263,0.018810384403065775,0.497965645654041,0.3358974146275282,0.1620682310265128,0.9856428559972665,0.7353574830875329,0.2502853729097336,0.995503471735646,0.7526759752841862,0.24282749645145985,0.9091465649688208,0.679065118755917,0.23008144621290383,74.0,0.06803355079217148,349.0,0.32432432432432434,759.0,0.706430568499534,1019.0,0.9487418452935694,641.0,0.5964585274930102,0.06803355079217148,WACC_0p1_WRT_0p9,0.528797763280522,309,False,,,False,False,False,False,False,3.0,0.022988505747126436
UDetect,ForestCovertype,122,0.7,106,0.5454545454545452,0.6433499672744796,1,1,2407,2090,1,False,0.08102356585779531,0.24458615989267574,0.1500166057619362,0.08102356585779531,0.27789482252505654,0.34844047681962015,-3.181649610463174,-2.10523109526996,2.3061762316703245,1.5150308215472654,0.4335808906591327,0.24458615989267574,0.26753794937200037,0.022951789479324636,0.1500166057619362,0.27366082273869896,0.12364421697676276,0.08102356585779531,0.37655536642888354,0.29553180057108824,0.27789482252505654,0.36633343004177066,0.08843860751671412,0.34844047681962015,0.3733804827804288,0.024940005960808642,589.0,0.5479962721342032,109.0,0.10065237651444547,75.0,0.06896551724137931,317.0,0.29450139794967384,313.0,0.2907735321528425,0.06896551724137931,WACC_0p5_WRT_0p5,0.2605778191985089,310,False,,,False,False,False,False,False,1.0,0.0
UDetect,ForestCovertype,310,0.68,80,0.4545454545454547,0.7174080908728699,0,2,505,4433,1,True,0.2456195788842475,0.17007924786316386,0.042829716840173455,0.2456195788842475,0.4018264839374218,0.4402214465700877,-3.181649610463174,-2.10523109526996,2.3061762316703245,1.5150308215472654,0.4335808906591327,0.17007924786316386,0.18316204929083732,0.013082801427673457,0.042829716840173455,0.25448212782382273,0.2116524109836493,0.2456195788842475,0.4940750990651209,0.2484555201808734,0.4018264839374218,0.5527488797813156,0.15092239584389378,0.4402214465700877,0.5589135312690864,0.11869208469899867,468.0,0.43522833178005593,75.0,0.06896551724137931,501.0,0.4659832246039143,574.0,0.5340167753960857,568.0,0.5284249767008388,0.06896551724137931,WACC_0p3_WRT_0p7,0.40652376514445476,311,False,,,False,False,False,False,False,2.0,0.011494252873563218
UDetect,ForestCovertype,236,0.73,413,0.6818181818181817,0.2833977186909269,0,28,3436,1920,2632,False,0.4185931121938313,0.6366387520529584,0.5970197397860042,0.4185931121938313,0.031029341951769266,0.23428267359538613,-3.181649610463174,-2.10523109526996,2.3061762316703245,1.5150308215472654,0.4335808906591327,0.6366387520529584,0.4633172074147967,0.17332154463816168,0.5970197397860042,0.46655028480872074,0.13046945497728346,0.4185931121938313,0.4817386134986385,0.06314550130480723,0.031029341951769266,0.3281614613281806,0.2971321193764113,0.23428267359538613,0.2685863147329991,0.03430364113761297,978.0,0.9105312208760484,1014.0,0.9440820130475303,476.0,0.4426840633737186,173.0,0.1602982292637465,75.0,0.06896551724137931,0.06896551724137931,WACC_0p9_WRT_0p1,0.5053122087604847,312,False,,,False,False,False,False,False,28.0,0.3103448275862069
UDetect,ForestCovertype,543,0.58,31,0.0,0.9644762707294906,0,5,610,3544,4050,True,0.9722126447054984,0.10289187640567356,0.48133684761310763,0.9722126447054984,0.9912972504524864,0.9107687871132021,-3.181649610463174,-2.10523109526996,2.3061762316703245,1.5150308215472654,0.4335808906591327,0.10289187640567356,0.10257881620441857,0.0003130602012549888,0.48133684761310763,0.35489687073217924,0.1264399768809284,0.9722126447054984,0.7575375995642429,0.21467504514125546,0.9912972504524864,0.7472110241011418,0.24408622635134458,0.9107687871132021,0.6842234354386262,0.2265453516745759,75.0,0.06896551724137931,670.0,0.6234855545200373,1017.0,0.9468779123951537,926.0,0.8620689655172413,670.0,0.6234855545200373,0.06896551724137931,WACC_0p1_WRT_0p9,0.6249767008387698,313,False,,,False,False,False,False,False,5.0,0.04597701149425287
UDetect,ForestCovertype,140,0.73,195,0.6818181818181817,0.4823240890316106,1,1,2527,1399,1,False,0.18518697028767483,0.41259157538497077,0.36823205013831534,0.18518697028767483,0.07976314369561201,0.2154874065262802,-3.181649610463174,-2.10523109526996,2.3061762316703245,1.5150308215472654,0.4335808906591327,0.41259157538497077,0.3620158565364629,0.05057571884850787,0.36823205013831534,0.30892981501436895,0.05930223512394639,0.18518697028767483,0.3768327530227162,0.19164578273504135,0.07976314369561201,0.3261592452172915,0.2463961015216795,0.2154874065262802,0.2987901931010786,0.08330278657479842,731.0,0.6803355079217148,227.0,0.21062441752096925,76.0,0.06989748369058714,164.0,0.15191053122087605,145.0,0.1342031686859273,0.06989748369058714,WACC_0p5_WRT_0p5,0.2493942218080149,314,False,,,False,False,False,False,False,1.0,0.0
UDetect,ForestCovertype,486,0.58,33,0.0,0.948348133291504,0,7,1,2548,325,False,0.9595969004007491,0.08551682182435125,0.4657164929051875,0.9595969004007491,0.9873461128981531,0.9122926305833013,-3.181649610463174,-2.10523109526996,2.3061762316703245,1.5150308215472654,0.4335808906591327,0.08551682182435125,0.168843452361294,0.08332663053694275,0.4657164929051875,0.25534883664322533,0.2103676562619622,0.9595969004007491,0.526489672164469,0.4331072282362801,0.9873461128981531,0.5686079658774874,0.4187381470206657,0.9122926305833013,0.5818075228848092,0.33048510769849215,450.0,0.418452935694315,76.0,0.06989748369058714,559.0,0.5200372786579683,580.0,0.5396085740913327,582.0,0.5414725069897484,0.06989748369058714,WACC_0p3_WRT_0p7,0.41789375582479027,315,False,,,False,False,False,False,False,7.0,0.06896551724137931
UDetect,ForestCovertype,834,0.72,430,0.6363636363636361,0.2726919961200017,0,34,4188,2426,2537,False,0.3955990165308542,0.6531481211913709,0.5983266638040065,0.3955990165308542,0.08130090852497443,0.2846833097350607,-3.181649610463174,-2.10523109526996,2.3061762316703245,1.5150308215472654,0.4335808906591327,0.6531481211913709,0.4591862147865902,0.19396190640478067,0.5983266638040065,0.5001912399109749,0.09813542389303154,0.3955990165308542,0.5193494416387917,0.12375042510793749,0.08130090852497443,0.32346434332664553,0.2421634348016711,0.2846833097350607,0.2687017862588043,0.015981523476256365,967.0,0.9002795899347623,1052.0,0.9794967381174278,552.0,0.5135135135135135,145.0,0.1342031686859273,76.0,0.06989748369058714,0.06989748369058714,WACC_0p9_WRT_0p1,0.5194780987884436,316,False,,,False,False,False,False,False,34.0,0.3793103448275862
UDetect,ForestCovertype,710,0.58,34,0.0,0.9406364979085056,0,8,3433,4677,3644,True,0.9535647084915816,0.0772089756018068,0.45824765277880875,0.9535647084915816,0.9854568846915948,0.9130212531702152,-3.181649610463174,-2.10523109526996,2.3061762316703245,1.5150308215472654,0.4335808906591327,0.0772089756018068,0.10260402037313911,0.02539504477133231,0.45824765277880875,0.351369157738277,0.10687849504053176,0.9535647084915816,0.7615047230686659,0.1920599854229157,0.9854568846915948,0.7424993484505039,0.24295753624109084,0.9130212531702152,0.6953708585911265,0.21765039457908875,76.0,0.06989748369058714,546.0,0.5079217148182665,1070.0,0.9962721342031687,820.0,0.7632805219012115,927.0,0.8630009319664492,0.06989748369058714,WACC_0p1_WRT_0p9,0.6400745573159367,317,False,,,False,False,False,False,False,8.0,0.08045977011494253
UDetect,ForestCovertype,883,0.67,97,0.4090909090909093,0.6667239691112434,0,11,2229,2501,710,False,0.2593066189908649,0.23161556567129002,0.09011629439022936,0.2593066189908649,0.4423039775736946,0.49439938326824356,-3.181649610463174,-2.10523109526996,2.3061762316703245,1.5150308215472654,0.4335808906591327,0.23161556567129002,0.27162239586087844,0.04000683018958842,0.09011629439022936,0.255556774435144,0.16544048004491466,0.2593066189908649,0.41964002886027735,0.16033340986941247,0.4423039775736946,0.40527555063145304,0.037028426942241566,0.49439938326824356,0.4045087083584366,0.08989067490980696,595.0,0.5535880708294502,77.0,0.07082945013979497,230.0,0.21342031686859272,419.0,0.3895619757688723,389.0,0.3616029822926375,0.07082945013979497,WACC_0p3_WRT_0p7,0.3178005591798695,318,False,,,False,False,False,False,False,11.0,0.11494252873563218
UDetect,ForestCovertype,881,0.69,213,0.4999999999999997,0.4589500871948465,0,27,3378,4570,1697,False,0.07039063667105323,0.45672412028775916,0.3510913380079852,0.07039063667105323,0.2856140788057835,0.4152523513141114,-3.181649610463174,-2.10523109526996,2.3061762316703245,1.5150308215472654,0.4335808906591327,0.45672412028775916,0.36733240942127166,0.0893917108664875,0.3510913380079852,0.35880391912966053,0.007712581121675333,0.07039063667105323,0.3770748806367976,0.3066842439657444,0.2856140788057835,0.3453876017554715,0.05977352294968802,0.4152523513141114,0.37570729648613477,0.039545054827976656,741.0,0.6896551724137931,749.0,0.6971109040074557,77.0,0.07082945013979497,260.0,0.2413793103448276,320.0,0.2972972972972973,0.07082945013979497,WACC_0p5_WRT_0p5,0.3992544268406338,319,False,,,False,False,False,False,False,27.0,0.2988505747126437
UDetect,ForestCovertype,1047,0.69,505,0.4999999999999997,0.2300127331979113,0,79,3449,2209,4491,False,0.33900954548195933,0.7145721256025314,0.61439503276354,0.33900954548195933,0.22952806264644277,0.43688316226741825,-3.181649610463174,-2.10523109526996,2.3061762316703245,1.5150308215472654,0.4335808906591327,0.7145721256025314,0.45982035145070443,0.2547517741518269,0.61439503276354,0.4856335265128656,0.1287615062506744,0.33900954548195933,0.49900199975570436,0.15999245427374503,0.22952806264644277,0.31510719132450216,0.08557912867805939,0.43688316226741825,0.30358172836580855,0.1333014339016097,969.0,0.902143522833178,1036.0,0.9645852749301025,514.0,0.47809878844361603,77.0,0.07082945013979497,160.0,0.14818266542404473,0.07082945013979497,WACC_0p7_WRT_0p3,0.5127679403541472,320,False,,,False,False,False,False,False,79.0,0.896551724137931
UDetect,ForestCovertype,578,0.58,29,0.0,0.9816456337335658,0,3,4905,1826,3617,True,0.9856428559972665,0.1213886569836784,0.497965645654041,0.9856428559972665,0.995503471735646,0.9091465649688208,-3.181649610463174,-2.10523109526996,2.3061762316703245,1.5150308215472654,0.4335808906591327,0.1213886569836784,0.10260791643221748,0.018780740551460923,0.497965645654041,0.36026306360347293,0.13770258205056807,0.9856428559972665,0.7562133553696702,0.22942950062759637,0.995503471735646,0.7390976985304231,0.25640577320522295,0.9091465649688208,0.693328476907691,0.2158180880611299,77.0,0.07082945013979497,758.0,0.7054986020503262,983.0,0.9151910531220876,739.0,0.6877912395153775,861.0,0.8014911463187325,0.07082945013979497,WACC_0p1_WRT_0p9,0.6361602982292638,321,False,,,False,False,False,False,False,3.0,0.022988505747126436
UDetect,ForestCovertype,290,0.67,78,0.4090909090909093,0.7240592571154988,0,7,295,3078,1,True,0.3041554018017799,0.16703986673906973,0.02417426742159237,0.3041554018017799,0.4563502126391622,0.4889821424636257,-3.181649610463174,-2.10523109526996,2.3061762316703245,1.5150308215472654,0.4335808906591327,0.16703986673906973,0.1722048864547933,0.005165019715723557,0.02417426742159237,0.2557081609069832,0.2315338934853908,0.3041554018017799,0.49585424573962483,0.19169884393784492,0.4563502126391622,0.5370811310620854,0.08073091842292324,0.4889821424636257,0.5537000972438211,0.06471795478019537,456.0,0.424044734389562,78.0,0.0717614165890028,505.0,0.46971109040074555,567.0,0.527493010251631,565.0,0.5256290773532153,0.0717614165890028,WACC_0p3_WRT_0p7,0.40372786579683134,322,False,,,False,False,False,False,False,7.0,0.06896551724137931
UDetect,ForestCovertype,534,0.72,346,0.6363636363636361,0.3303634654952405,0,22,2698,1285,2876,False,0.3279313908566898,0.5881937872552131,0.5319979904644626,0.3279313908566898,0.09542950268770703,0.2792343053254443,-3.181649610463174,-2.10523109526996,2.3061762316703245,1.5150308215472654,0.4335808906591327,0.5881937872552131,0.4378505957267629,0.15034319152845022,0.5319979904644626,0.3785292354145288,0.1534687550499338,0.3279313908566898,0.37710991149111406,0.04917852063442424,0.09542950268770703,0.33441983079661797,0.23899032810891094,0.2792343053254443,0.35058698544277406,0.07135268011732976,907.0,0.8443616029822927,812.0,0.7558247903075489,78.0,0.0717614165890028,217.0,0.20130475302889095,254.0,0.23578751164958062,0.0717614165890028,WACC_0p5_WRT_0p5,0.42180801491146314,323,False,,,False,False,False,False,False,22.0,0.2413793103448276
UDetect,ForestCovertype,960,0.69,295,0.4999999999999997,0.372653454986338,0,46,4719,4706,2290,False,0.17164500505261462,0.5539184579171017,0.45034216671183075,0.17164500505261462,0.264472774322078,0.42340596235494793,-3.181649610463174,-2.10523109526996,2.3061762316703245,1.5150308215472654,0.4335808906591327,0.5539184579171017,0.41058661354257336,0.14333184437452834,0.45034216671183075,0.42939696379493086,0.020945202916899885,0.17164500505261462,0.41923361866362396,0.24758861361100934,0.264472774322078,0.31517141468681253,0.05069864036473454,0.42340596235494793,0.3415406037536398,0.08186535860130811,828.0,0.7707362534948742,932.0,0.8676607642124884,227.0,0.21062441752096925,78.0,0.0717614165890028,236.0,0.2190121155638397,0.0717614165890028,WACC_0p7_WRT_0p3,0.4279589934762349,324,False,,,False,False,False,False,False,46.0,0.5172413793103449
UDetect,ForestCovertype,746,0.72,457,0.6363636363636361,0.2565275526031416,0,36,3575,1699,2772,False,0.4145652319746327,0.6713538418615832,0.6169175910919741,0.4145652319746327,0.0773408765578647,0.286210583531906,-3.181649610463174,-2.10523109526996,2.3061762316703245,1.5150308215472654,0.4335808906591327,0.6713538418615832,0.485841795534079,0.18551204632750418,0.6169175910919741,0.46413452357296153,0.15278306751901255,0.4145652319746327,0.47232172163048336,0.057756489655850674,0.0773408765578647,0.3176659940169262,0.2403251174590615,0.286210583531906,0.2701440306244705,0.016066552907435472,1021.0,0.9506057781919851,1006.0,0.9366262814538676,441.0,0.41006523765144454,105.0,0.09692451071761417,78.0,0.0717614165890028,0.0717614165890028,WACC_0p9_WRT_0p1,0.49319664492078286,325,False,,,False,False,False,False,False,36.0,0.40229885057471265
UDetect,ForestCovertype,817,0.58,34,0.0,0.9406364979085056,0,8,3337,3247,2695,True,0.9535647084915816,0.0772089756018068,0.45824765277880875,0.9535647084915816,0.9854568846915948,0.9130212531702152,-3.181649610463174,-2.10523109526996,2.3061762316703245,1.5150308215472654,0.4335808906591327,0.0772089756018068,0.10263744401469556,0.02542846841288876,0.45824765277880875,0.35420516184398093,0.10404249093482781,0.9535647084915816,0.7611046010024423,0.19246010748913933,0.9854568846915948,0.7469377203174812,0.23851916437411358,0.9130212531702152,0.6952834540636172,0.21773779910659796,78.0,0.0717614165890028,644.0,0.5992544268406338,1067.0,0.9934762348555451,919.0,0.8555452003727866,925.0,0.8611369990680335,0.0717614165890028,WACC_0p1_WRT_0p9,0.6762348555452004,326,False,,,False,False,False,False,False,8.0,0.08045977011494253
UDetect,ForestCovertype,147,0.69,92,0.4999999999999997,0.6806555705376591,0,2,2314,2192,1,False,0.16353788850874695,0.207021240223648,0.09610510752805115,0.16353788850874695,0.33992840149838305,0.39430483307921416,-3.181649610463174,-2.10523109526996,2.3061762316703245,1.5150308215472654,0.4335808906591327,0.207021240223648,0.24822874343697526,0.04120750321332725,0.09610510752805115,0.2560669276112696,0.15996182008321844,0.16353788850874695,0.377215927202618,0.21367803869387103,0.33992840149838305,0.3660880013235093,0.02615959982512628,0.39430483307921416,0.381316576602288,0.012988256476926141,572.0,0.53215284249767,80.0,0.07362534948741846,79.0,0.07269338303821063,316.0,0.293569431500466,335.0,0.31127679403541475,0.07269338303821063,WACC_0p5_WRT_0p5,0.256663560111836,327,False,,,False,False,False,False,False,2.0,0.011494252873563218
UDetect,ForestCovertype,345,0.7,125,0.5454545454545452,0.5998660899522403,0,3,666,3269,1,True,0.04700962718782929,0.2935612652441675,0.20002795323909875,0.04700962718782929,0.2672419631135752,0.3525489873507881,-3.181649610463174,-2.10523109526996,2.3061762316703245,1.5150308215472654,0.4335808906591327,0.2935612652441675,0.1930489127158792,0.10051235252828827,0.20002795323909875,0.2560495884911956,0.05602163525209683,0.04700962718782929,0.4446035930102887,0.39759396582245937,0.2672419631135752,0.4813756516896562,0.214133688576081,0.3525489873507881,0.4877139147265654,0.1351649273757773,487.0,0.45293569431500463,79.0,0.07269338303821063,339.0,0.315004659832246,533.0,0.4958061509785648,520.0,0.483690587138863,0.07269338303821063,WACC_0p3_WRT_0p7,0.3640260950605778,328,False,,,False,False,False,False,False,3.0,0.022988505747126436
UDetect,ForestCovertype,1023,0.74,510,0.7272727272727272,0.2273968537878239,0,24,3071,1301,1939,False,0.5198560024634441,0.6952598071168091,0.6724328906697208,0.5198560024634441,0.08957765727164624,0.19018471178036647,-3.181649610463174,-2.10523109526996,2.3061762316703245,1.5150308215472654,0.4335808906591327,0.6952598071168091,0.4855475268238207,0.20971228029298844,0.6724328906697208,0.4151098595398532,0.2573230311298676,0.5198560024634441,0.4239274640357986,0.09592853842764548,0.08957765727164624,0.31517685450583216,0.22559919723418592,0.19018471178036647,0.2846284068563396,0.09444369507597314,1019.0,0.9487418452935694,902.0,0.8397017707362535,250.0,0.2320596458527493,79.0,0.07269338303821063,119.0,0.10997204100652376,0.07269338303821063,WACC_0p7_WRT_0p3,0.44063373718546134,329,False,,,False,False,False,False,False,24.0,0.26436781609195403
UDetect,ForestCovertype,226,0.58,35,0.0,0.9331421208409968,0,9,1964,5000,3301,True,0.9477024602827844,0.06913518461994925,0.450989230747157,0.9477024602827844,0.9836208813222271,0.9137293484230427,-3.181649610463174,-2.10523109526996,2.3061762316703245,1.5150308215472654,0.4335808906591327,0.06913518461994925,0.10269728445948892,0.03356209983953967,0.450989230747157,0.35080595134751347,0.10018327939964355,0.9477024602827844,0.754784473501612,0.19291798678117233,0.9836208813222271,0.747334859892886,0.2362860214293412,0.9137293484230427,0.6910589774907129,0.22267037093232978,79.0,0.07269338303821063,521.0,0.4846225535880708,951.0,0.8853681267474371,929.0,0.8648648648648649,807.0,0.7511649580615097,0.07269338303821063,WACC_0p1_WRT_0p9,0.6117427772600187,330,False,,,False,False,False,False,False,9.0,0.09195402298850575
UDetect,ForestCovertype,509,0.7,310,0.5454545454545452,0.3595025341486426,0,29,4042,3486,734,False,0.22263079979148986,0.5642783952025807,0.47647306463196276,0.22263079979148986,0.20835670896191905,0.3752593862650774,-3.181649610463174,-2.10523109526996,2.3061762316703245,1.5150308215472654,0.4335808906591327,0.5642783952025807,0.3591353704650065,0.20514302473757423,0.47647306463196276,0.3747042554226024,0.10176880920936038,0.22263079979148986,0.37743353913613564,0.15480273934464578,0.20835670896191905,0.31645113700517447,0.10809442804325542,0.3752593862650774,0.3028499919879481,0.07240939427712928,724.0,0.67381174277726,801.0,0.7455731593662628,80.0,0.07362534948741846,86.0,0.07921714818266543,156.0,0.14445479962721341,0.07362534948741846,WACC_0p5_WRT_0p5,0.343336439888164,331,False,,,False,False,False,False,False,29.0,0.3218390804597701
UDetect,ForestCovertype,690,0.71,670,0.5909090909090907,0.1549296416768495,0,52,4637,1622,4122,False,0.498217605440415,0.7902334404839951,0.7227607500256048,0.498217605440415,0.10534530036971328,0.34519903511157907,-3.181649610463174,-2.10523109526996,2.3061762316703245,1.5150308215472654,0.4335808906591327,0.7902334404839951,0.5261039980035258,0.2641294424804693,0.7227607500256048,0.5055889882740399,0.21717176175156494,0.498217605440415,0.5073593363677219,0.009141730927306913,0.10534530036971328,0.33167114479335313,0.22632584442363984,0.34519903511157907,0.2704511430300328,0.07474789208154625,1058.0,0.9850885368126747,1062.0,0.9888164026095061,531.0,0.4939422180801491,199.0,0.18452935694315004,80.0,0.07362534948741846,0.07362534948741846,WACC_0p9_WRT_0p1,0.5452003727865796,332,False,,,False,False,False,False,False,52.0,0.5862068965517241
UDetect,ForestCovertype,767,0.58,35,0.0,0.9331421208409968,0,9,1505,3972,1849,True,0.9477024602827844,0.06913518461994925,0.450989230747157,0.9477024602827844,0.9836208813222271,0.9137293484230427,-3.181649610463174,-2.10523109526996,2.3061762316703245,1.5150308215472654,0.4335808906591327,0.06913518461994925,0.10270412747193038,0.03356894285198113,0.450989230747157,0.3467947955779043,0.1041944351692527,0.9477024602827844,0.7450861118789156,0.20261634840386877,0.9836208813222271,0.7516255018438185,0.23199537947840865,0.9137293484230427,0.6895359346757011,0.22419341374734159,80.0,0.07362534948741846,438.0,0.40726933830382106,815.0,0.7586206896551724,1004.0,0.934762348555452,769.0,0.7157502329916123,0.07362534948741846,WACC_0p1_WRT_0p9,0.5780055917986953,333,False,,,False,False,False,False,False,9.0,0.09195402298850575
UDetect,ForestCovertype,892,0.69,760,0.4999999999999997,0.121445631513692,0,84,1620,316,3392,False,0.4663945085647775,0.836849290614479,0.7392594050613857,0.4663945085647775,0.2029308468005943,0.4471409660346062,-3.181649610463174,-2.10523109526996,2.3061762316703245,1.5150308215472654,0.4335808906591327,0.836849290614479,0.42394936868091104,0.41289992193356795,0.7392594050613857,0.33249217959124616,0.4067672254701395,0.4663945085647775,0.377473430932169,0.08892107763260848,0.2029308468005943,0.3969485898334184,0.1940177430328241,0.4471409660346062,0.4649358497740083,0.017794883739402134,858.0,0.798695246971109,328.0,0.3047530288909599,81.0,0.07455731593662628,397.0,0.36905871388630007,496.0,0.4613233923578751,0.07455731593662628,WACC_0p5_WRT_0p5,0.4016775396085741,334,False,,,False,False,False,False,False,84.0,0.9540229885057471
UDetect,ForestCovertype,144,0.58,223,0.0,0.4468003597611013,0,64,1,1209,5000,False,0.567276429930738,0.5193769184145625,0.2440004249536372,0.567276429930738,0.8644748730598342,0.9596806381927252,-3.181649610463174,-2.10523109526996,2.3061762316703245,1.5150308215472654,0.4335808906591327,0.5193769184145625,0.3834001849608817,0.13597673345368078,0.2440004249536372,0.25629466589479166,0.012294240941154472,0.567276429930738,0.4360096947540757,0.13126673517666232,0.8644748730598342,0.530315604516921,0.3341592685429132,0.9596806381927252,0.6022029823677422,0.35747765582498303,769.0,0.7157502329916123,81.0,0.07455731593662628,307.0,0.2851817334575955,565.0,0.5256290773532153,590.0,0.548928238583411,0.07455731593662628,WACC_0p3_WRT_0p7,0.43000931966449213,335,False,,,False,False,False,False,False,64.0,0.7241379310344828
UDetect,ForestCovertype,19,0.58,32,0.0,0.956290000443551,0,6,3865,4043,2186,True,0.9658091840992082,0.09407269975973002,0.47340831612005946,0.9658091840992082,0.9892917442320025,0.9115422548845219,-3.181649610463174,-2.10523109526996,2.3061762316703245,1.5150308215472654,0.4335808906591327,0.09407269975973002,0.10272256893723108,0.00864986917750106,0.47340831612005946,0.3511750807856889,0.12223323533437058,0.9658091840992082,0.7543318117874989,0.21147737231170938,0.9892917442320025,0.7482571841576835,0.241034560074319,0.9115422548845219,0.7044530979703164,0.20708915691420549,81.0,0.07455731593662628,533.0,0.4958061509785648,938.0,0.8732525629077353,952.0,0.8863000931966449,1061.0,0.9878844361602982,0.07455731593662628,WACC_0p1_WRT_0p9,0.663560111835974,336,False,,,False,False,False,False,False,6.0,0.05747126436781609
UDetect,ForestCovertype,811,0.69,183,0.4999999999999997,0.4991317486590535,0,18,1494,4501,1366,False,0.023244315337798756,0.411468240991985,0.30487791001019193,0.023244315337798756,0.29545794777188,0.4114558458170937,-3.181649610463174,-2.10523109526996,2.3061762316703245,1.5150308215472654,0.4335808906591327,0.411468240991985,0.3462271305633695,0.06524111042861547,0.30487791001019193,0.3360086416521813,0.031130731641989373,0.023244315337798756,0.3780789488025854,0.35483463346478666,0.29545794777188,0.34681720206892735,0.05135925429704735,0.4114558458170937,0.3819936460348908,0.029462199782202936,696.0,0.6477166821994408,351.0,0.32618825722274,82.0,0.0754892823858341,265.0,0.24603914259086673,338.0,0.3140726933830382,0.0754892823858341,WACC_0p5_WRT_0p5,0.321901211556384,337,False,,,False,False,False,False,False,18.0,0.19540229885057472
UDetect,ForestCovertype,464,0.67,74,0.4090909090909093,0.7378822515624387,0,3,408,4175,1,True,0.3149680182082987,0.1514712778504765,0.008276269795073432,0.3149680182082987,0.4597366267668102,0.4876760970565737,-3.181649610463174,-2.10523109526996,2.3061762316703245,1.5150308215472654,0.4335808906591327,0.1514712778504765,0.1738340928529607,0.022362815002484188,0.008276269795073432,0.25634529579682686,0.24806902600175343,0.3149680182082987,0.5057716694750215,0.19080365126672283,0.4597366267668102,0.5521292627728388,0.0923926360060286,0.4876760970565737,0.5647895861619312,0.07711348910535748,460.0,0.4277726001863933,82.0,0.0754892823858341,528.0,0.4911463187325256,573.0,0.5330848089468779,572.0,0.53215284249767,0.0754892823858341,WACC_0p3_WRT_0p7,0.4119291705498602,338,False,,,False,False,False,False,False,3.0,0.022988505747126436
UDetect,ForestCovertype,768,0.73,488,0.6818181818181817,0.2391041856859259,0,36,1379,1293,3198,False,0.4705640129466307,0.6865257579709022,0.6479622823216796,0.4705640129466307,0.03714778643362601,0.23846768325920037,-3.181649610463174,-2.10523109526996,2.3061762316703245,1.5150308215472654,0.4335808906591327,0.6865257579709022,0.49854120358746107,0.18798455438344114,0.6479622823216796,0.4343523505554411,0.21360993176623855,0.4705640129466307,0.4426031689248962,0.027960844021734488,0.03714778643362601,0.3155156860949406,0.2783678996613146,0.23846768325920037,0.31687340108785994,0.07840571782865957,1036.0,0.9645852749301025,950.0,0.8844361602982292,335.0,0.31127679403541475,82.0,0.0754892823858341,184.0,0.17054986020503263,0.0754892823858341,WACC_0p7_WRT_0p3,0.4812674743709226,339,False,,,False,False,False,False,False,36.0,0.40229885057471265
UDetect,ForestCovertype,874,0.75,849,0.7727272727272726,0.0920216087899836,0,24,4906,834,822,False,0.7142511797816606,0.8432787923270815,0.839135502111088,0.7142511797816606,0.2253233839162776,0.15358632214258194,-3.181649610463174,-2.10523109526996,2.3061762316703245,1.5150308215472654,0.4335808906591327,0.8432787923270815,0.5564927218002846,0.28678607052679683,0.839135502111088,0.5319963450784132,0.3071391570326748,0.7142511797816606,0.552126163319735,0.16212501646192568,0.2253233839162776,0.3660514451033723,0.1407280611870947,0.15358632214258194,0.2707829782522946,0.11719665610971264,1073.0,0.9990680335507922,1074.0,1.0,578.0,0.5377446411929171,315.0,0.29263746505125815,82.0,0.0754892823858341,0.0754892823858341,WACC_0p9_WRT_0p1,0.5809878844361602,340,False,,,False,False,False,False,False,24.0,0.26436781609195403
UDetect,ForestCovertype,295,0.58,29,0.0,0.9816456337335658,0,3,1595,1522,3515,True,0.9856428559972665,0.1213886569836784,0.497965645654041,0.9856428559972665,0.995503471735646,0.9091465649688208,-3.181649610463174,-2.10523109526996,2.3061762316703245,1.5150308215472654,0.4335808906591327,0.1213886569836784,0.10275435896204235,0.018634298021636048,0.497965645654041,0.35153778012570425,0.14642786552833675,0.9856428559972665,0.7515115661176273,0.23413128987963927,0.995503471735646,0.7476526573484893,0.24785081438715673,0.9091465649688208,0.6866249531628003,0.2225216118060206,82.0,0.0754892823858341,551.0,0.5125815470643057,879.0,0.8182665424044734,937.0,0.8723205964585274,705.0,0.6561043802423113,0.0754892823858341,WACC_0p1_WRT_0p9,0.5869524697110904,341,False,,,False,False,False,False,False,3.0,0.022988505747126436
UDetect,ForestCovertype,99,0.7,201,0.5454545454545452,0.4743023920837563,0,17,1488,3723,1,True,0.08793276108440277,0.43498138944010245,0.34444032194492663,0.08793276108440277,0.2364808511118498,0.3644126896421482,-3.181649610463174,-2.10523109526996,2.3061762316703245,1.5150308215472654,0.4335808906591327,0.43498138944010245,0.20861779587461457,0.22636359356548788,0.34444032194492663,0.25689311443911705,0.08754720750580958,0.08793276108440277,0.3916835418738928,0.30375078078949,0.2364808511118498,0.4456563496374536,0.2091754985256038,0.3644126896421482,0.4507596654470324,0.08634697580488421,508.0,0.4725069897483691,83.0,0.07642124883504194,130.0,0.12022367194780988,489.0,0.4547996272134203,473.0,0.43988816402609504,0.07642124883504194,WACC_0p3_WRT_0p7,0.31276794035414723,342,False,,,False,False,False,False,False,17.0,0.1839080459770115
UDetect,ForestCovertype,0,0.73,854,0.6818181818181817,0.0904612946835321,0,50,4014,885,2551,False,0.6449710744700902,0.8539395603934696,0.8189183177469928,0.6449710744700902,0.13728944293142184,0.2525119893485807,-3.181649610463174,-2.10523109526996,2.3061762316703245,1.5150308215472654,0.4335808906591327,0.8539395603934696,0.5342128473869345,0.3197267130065351,0.8189183177469928,0.47804568147730153,0.3408726362696912,0.6449710744700902,0.5115870070716387,0.13338406739845143,0.13728944293142184,0.3536600870972172,0.21637064416579535,0.2525119893485807,0.27160793650364407,0.019095947155063353,1065.0,0.9916123019571296,1027.0,0.9561975768872321,540.0,0.5023299161230196,280.0,0.26001863932898417,83.0,0.07642124883504194,0.07642124883504194,WACC_0p9_WRT_0p1,0.5573159366262814,343,False,,,False,False,False,False,False,50.0,0.5632183908045977
UDetect,ForestCovertype,873,0.58,29,0.0,0.9816456337335658,0,3,2905,3757,4538,True,0.9856428559972665,0.1213886569836784,0.497965645654041,0.9856428559972665,0.995503471735646,0.9091465649688208,-3.181649610463174,-2.10523109526996,2.3061762316703245,1.5150308215472654,0.4335808906591327,0.1213886569836784,0.10282054857184734,0.018568108411831055,0.497965645654041,0.3536265137109707,0.1443391319430703,0.9856428559972665,0.7591211664756397,0.22652168952162688,0.995503471735646,0.7392314052703484,0.25627206646529765,0.9091465649688208,0.6944503473375462,0.21469621763127467,83.0,0.07642124883504194,623.0,0.5796831314072693,1042.0,0.9701770736253494,743.0,0.6915191053122087,895.0,0.8331780055917987,0.07642124883504194,WACC_0p1_WRT_0p9,0.6301957129543336,344,False,,,False,False,False,False,False,3.0,0.022988505747126436
UDetect,ForestCovertype,694,0.69,366,0.4999999999999997,0.3154557677812735,0,62,2510,347,3345,False,0.23875672821744884,0.6183391795553957,0.516125937292003,0.23875672821744884,0.25046024926728444,0.42881020214936655,-3.181649610463174,-2.10523109526996,2.3061762316703245,1.5150308215472654,0.4335808906591327,0.6183391795553957,0.42554011523657354,0.1927990643188222,0.516125937292003,0.310622901232398,0.20550303605960496,0.23875672821744884,0.3783310650233362,0.13957433680588735,0.25046024926728444,0.4237131744387694,0.17325292517148494,0.42881020214936655,0.4987134374353433,0.06990323528597675,865.0,0.8052190121155638,230.0,0.21342031686859272,84.0,0.07735321528424977,447.0,0.41565703634669154,533.0,0.4958061509785648,0.07735321528424977,WACC_0p5_WRT_0p5,0.40149114631873256,345,False,,,False,False,False,False,False,62.0,0.7011494252873564
UDetect,ForestCovertype,504,0.59,180,0.0454545454545454,0.5035049889337839,0,26,147,254,4849,False,0.558298748383023,0.45105981188925565,0.18978958704170298,0.558298748383023,0.8254723081324363,0.9049338626599365,-3.181649610463174,-2.10523109526996,2.3061762316703245,1.5150308215472654,0.4335808906591327,0.45105981188925565,0.36902765540013,0.08203215648912565,0.18978958704170298,0.25778763448724384,0.06799804744554086,0.558298748383023,0.4667767336437182,0.09152201473930477,0.8254723081324363,0.5455068173317392,0.2799654908006971,0.9049338626599365,0.6184653950250937,0.2864684676348428,745.0,0.6933830382106244,84.0,0.07735321528424977,420.0,0.39049394221808015,570.0,0.5302889095992545,598.0,0.5563839701770736,0.07735321528424977,WACC_0p3_WRT_0p7,0.44958061509785646,346,False,,,False,False,False,False,False,26.0,0.28735632183908044
UDetect,ForestCovertype,824,0.71,415,0.5909090909090907,0.2821156304623626,0,35,1250,1614,4173,False,0.34898655630346176,0.6469861593401303,0.5764825643835513,0.34898655630346176,0.1365038478838141,0.3331820530363618,-3.181649610463174,-2.10523109526996,2.3061762316703245,1.5150308215472654,0.4335808906591327,0.6469861593401303,0.48893784299180404,0.15804831634832622,0.5764825643835513,0.4250795875523811,0.15140297683117016,0.34898655630346176,0.4166226548636201,0.06763609856015834,0.1365038478838141,0.31610529087400835,0.17960144299019426,0.3331820530363618,0.3434033261563185,0.010221273119956742,1025.0,0.9543336439888164,920.0,0.8564771668219944,213.0,0.19757688723205966,84.0,0.07735321528424977,242.0,0.22460391425908668,0.07735321528424977,WACC_0p7_WRT_0p3,0.46206896551724136,347,False,,,False,False,False,False,False,35.0,0.39080459770114945
UDetect,ForestCovertype,826,0.72,658,0.6363636363636361,0.1597303636946357,0,48,4397,1162,3263,False,0.5281402113592294,0.7803747667756954,0.7282452404973319,0.5281402113592294,0.05362710243355166,0.29535632431005554,-3.181649610463174,-2.10523109526996,2.3061762316703245,1.5150308215472654,0.4335808906591327,0.7803747667756954,0.5301000955598657,0.2502746712158297,0.7282452404973319,0.46920421097610404,0.2590410295212278,0.5281402113592294,0.5141703205569828,0.013969890802246643,0.05362710243355166,0.3323809460888029,0.27875384365525124,0.29535632431005554,0.27185113260829735,0.023505191701758188,1061.0,0.9878844361602982,1019.0,0.9487418452935694,545.0,0.5069897483690587,204.0,0.1891891891891892,84.0,0.07735321528424977,0.07735321528424977,WACC_0p9_WRT_0p1,0.5420316868592729,348,False,,,False,False,False,False,False,48.0,0.5402298850574713
UDetect,ForestCovertype,110,0.58,28,0.0,0.9906645581969952,0,2,2136,2441,5000,True,0.9926976349741923,0.13110486292620857,0.5067006158106627,0.9926976349741923,0.9977129650069035,0.9082944250857279,-3.181649610463174,-2.10523109526996,2.3061762316703245,1.5150308215472654,0.4335808906591327,0.13110486292620857,0.10282791777854079,0.02827694514766778,0.5067006158106627,0.35227864712351786,0.15442196868714486,0.9926976349741923,0.7553679136631276,0.23732972131106467,0.9977129650069035,0.7426695592294571,0.25504340577744644,0.9082944250857279,0.6899042893103468,0.21839013577538113,84.0,0.07735321528424977,574.0,0.5340167753960857,965.0,0.8984156570363467,825.0,0.7679403541472507,778.0,0.7241379310344828,0.07735321528424977,WACC_0p1_WRT_0p9,0.6003727865796831,349,False,,,False,False,False,False,False,2.0,0.011494252873563218
UDetect,ForestCovertype,214,0.72,384,0.6363636363636361,0.3027177222880975,0,26,4104,2577,1374,False,0.36036895180477657,0.6193306883198672,0.5637937031501327,0.36036895180477657,0.08865673462176021,0.28184637292619663,-3.181649610463174,-2.10523109526996,2.3061762316703245,1.5150308215472654,0.4335808906591327,0.6193306883198672,0.42146726977077414,0.197863418549093,0.5637937031501327,0.453421656816968,0.11037204633316466,0.36036895180477657,0.4865433479389023,0.12617439613412573,0.08865673462176021,0.3162937511167666,0.2276370164950064,0.28184637292619663,0.2788044585400615,0.0030419143861351583,851.0,0.7921714818266542,987.0,0.918918918918919,489.0,0.4547996272134203,85.0,0.0782851817334576,105.0,0.09692451071761417,0.0782851817334576,WACC_0p7_WRT_0p3,0.46821994408201306,350,False,,,False,False,False,False,False,26.0,0.28735632183908044
UDetect,ForestCovertype,212,0.58,29,0.0,0.9816456337335658,0,3,3043,2487,3568,True,0.9856428559972665,0.1213886569836784,0.497965645654041,0.9856428559972665,0.995503471735646,0.9091465649688208,-3.181649610463174,-2.10523109526996,2.3061762316703245,1.5150308215472654,0.4335808906591327,0.1213886569836784,0.10288919039057663,0.018499466593101768,0.497965645654041,0.3533210338527941,0.14464461180124688,0.9856428559972665,0.7594758101752845,0.226167045821982,0.995503471735646,0.739236537911334,0.256266933824312,0.9091465649688208,0.6936994997965333,0.2154470651722875,85.0,0.0782851817334576,606.0,0.5638397017707363,1052.0,0.9794967381174278,744.0,0.6924510717614166,872.0,0.8117427772600186,0.0782851817334576,WACC_0p1_WRT_0p9,0.6251630941286114,351,False,,,False,False,False,False,False,3.0,0.022988505747126436
UDetect,ForestCovertype,146,0.68,75,0.4545454545454547,0.734358586902419,1,1,2179,1567,1,False,0.2588785881511077,0.15098821045048508,0.023334740792798615,0.2588785881511077,0.40597908628747287,0.4386199037515887,-3.181649610463174,-2.10523109526996,2.3061762316703245,1.5150308215472654,0.4335808906591327,0.15098821045048508,0.32987403607601645,0.17888582562553138,0.023334740792798615,0.29063219548399255,0.2672974546911939,0.2588785881511077,0.3792783675995546,0.12039977944844688,0.40597908628747287,0.35769748432593373,0.04828160196153913,0.4386199037515887,0.33461039229128975,0.10400951146029896,668.0,0.6216216216216216,157.0,0.14538676607642126,86.0,0.07921714818266543,294.0,0.27306616961789376,218.0,0.2022367194780988,0.07921714818266543,WACC_0p5_WRT_0p5,0.2643056849953402,352,False,,,False,False,False,False,False,1.0,0.0
UDetect,ForestCovertype,422,0.69,187,0.4999999999999997,0.4934103928273671,0,19,3230,4150,1,True,0.029957349858356252,0.41791210069046014,0.3114581124244929,0.029957349858356252,0.29405630644936526,0.41199641975241336,-3.181649610463174,-2.10523109526996,2.3061762316703245,1.5150308215472654,0.4335808906591327,0.41791210069046014,0.21743734480491678,0.20047475588554337,0.3114581124244929,0.25806308457350824,0.053395027850984655,0.029957349858356252,0.4621930773035268,0.4322357274451706,0.29405630644936526,0.4890648895372906,0.19500858308792535,0.41199641975241336,0.5020508486899637,0.09005442893755039,516.0,0.47996272134203166,86.0,0.07921714818266543,409.0,0.38024231127679403,539.0,0.5013979496738118,534.0,0.4967381174277726,0.07921714818266543,WACC_0p3_WRT_0p7,0.3875116495806151,353,False,,,False,False,False,False,False,19.0,0.20689655172413793
UDetect,ForestCovertype,6,0.75,752,0.7727272727272726,0.1242571006658658,0,21,1766,1087,659,False,0.6764283321707014,0.8069725402654454,0.8020610624663629,0.6764283321707014,0.2036061290061851,0.15054059885374108,-3.181649610463174,-2.10523109526996,2.3061762316703245,1.5150308215472654,0.4335808906591327,0.8069725402654454,0.46413698360447647,0.34283555666096893,0.8020610624663629,0.3931053917165406,0.4089556707498223,0.6764283321707014,0.4391770004355301,0.23725133173517132,0.2036061290061851,0.34698423532867567,0.14337810632249057,0.15054059885374108,0.2734340053701315,0.12289340651639044,979.0,0.9114631873252563,853.0,0.7940354147250699,321.0,0.2982292637465051,266.0,0.24697110904007455,86.0,0.07921714818266543,0.07921714818266543,WACC_0p9_WRT_0p1,0.4659832246039143,354,False,,,False,False,False,False,False,21.0,0.22988505747126436
UDetect,ForestCovertype,807,0.58,28,0.0,0.9906645581969952,0,2,317,3365,3832,True,0.9926976349741923,0.13110486292620857,0.5067006158106627,0.9926976349741923,0.9977129650069035,0.9082944250857279,-3.181649610463174,-2.10523109526996,2.3061762316703245,1.5150308215472654,0.4335808906591327,0.13110486292620857,0.10289686834399796,0.028207994582210613,0.5067006158106627,0.3497611549416414,0.15693946086902133,0.9926976349741923,0.7553661474234125,0.23733148755077982,0.9977129650069035,0.7502726832945371,0.24744028171236643,0.9082944250857279,0.6840195467269563,0.22427487835877158,86.0,0.07921714818266543,491.0,0.45666356011183595,964.0,0.8974836905871388,984.0,0.9161230195712954,668.0,0.6216216216216216,0.07921714818266543,WACC_0p1_WRT_0p9,0.5942218080149114,355,False,,,False,False,False,False,False,2.0,0.011494252873563218
UDetect,ForestCovertype,62,0.7,301,0.5454545454545452,0.3673148251486311,0,27,5000,3756,1,False,0.21346440974158018,0.5554795530035372,0.4674880517064178,0.21346440974158018,0.21027059619620891,0.37452125337945297,-3.181649610463174,-2.10523109526996,2.3061762316703245,1.5150308215472654,0.4335808906591327,0.5554795530035372,0.296985141113326,0.2584944118902112,0.4674880517064178,0.3285311958229716,0.1389568558834462,0.21346440974158018,0.3796362100610528,0.16617180031947262,0.21027059619620891,0.3168058183795369,0.106535222183328,0.37452125337945297,0.3199681248728454,0.05455312850660754,624.0,0.5806150978564771,295.0,0.2739981360671016,87.0,0.08014911463187326,91.0,0.08387698042870456,191.0,0.17707362534948742,0.08014911463187326,WACC_0p5_WRT_0p5,0.2391425908667288,356,False,,,False,False,False,False,False,27.0,0.2988505747126437
UDetect,ForestCovertype,483,0.58,63,0.0,0.7800763906498578,0,27,1,1,1204,False,0.8279714546824113,0.14401414653138325,0.30274266424772855,0.8279714546824113,0.9461222081390976,0.9281915400024857,-3.181649610463174,-2.10523109526996,2.3061762316703245,1.5150308215472654,0.4335808906591327,0.14401414653138325,0.20811713068763135,0.0641029841562481,0.30274266424772855,0.25823834432240905,0.0445043199253195,0.8279714546824113,0.5920907993443268,0.23588065533808444,0.9461222081390976,0.654175195160372,0.2919470129787256,0.9281915400024857,0.6655805902716119,0.26261094973087384,505.0,0.46971109040074555,87.0,0.08014911463187326,604.0,0.5619757688723206,618.0,0.5750232991612302,631.0,0.587138863000932,0.08014911463187326,WACC_0p3_WRT_0p7,0.4547996272134204,357,False,,,False,False,False,False,False,27.0,0.2988505747126437
UDetect,ForestCovertype,654,0.71,530,0.5909090909090907,0.2171832081466529,0,47,3713,2341,3958,False,0.42517367091966535,0.7201183733805978,0.6511621498975138,0.42517367091966535,0.12059643555601729,0.33931709796166576,-3.181649610463174,-2.10523109526996,2.3061762316703245,1.5150308215472654,0.4335808906591327,0.7201183733805978,0.4721868919572908,0.247931481423307,0.6511621498975138,0.4894675274765954,0.16169462242091837,0.42517367091966535,0.5121216700710324,0.08694799915136703,0.12059643555601729,0.3164818771484399,0.1958854415924226,0.33931709796166576,0.28494084762947125,0.05437625033219451,995.0,0.9263746505125815,1044.0,0.9720410065237651,542.0,0.5041938490214353,87.0,0.08014911463187326,121.0,0.11183597390493942,0.08014911463187326,WACC_0p7_WRT_0p3,0.518918918918919,358,False,,,False,False,False,False,False,47.0,0.5287356321839081
UDetect,ForestCovertype,169,0.7,515,0.5454545454545452,0.2248064458572874,0,52,4668,2169,5000,False,0.38067366883943776,0.7159841657256963,0.6313887090082366,0.38067366883943776,0.17535830633073438,0.38798594910470585,-3.181649610463174,-2.10523109526996,2.3061762316703245,1.5150308215472654,0.4335808906591327,0.7159841657256963,0.4738036142360582,0.24218055148963813,0.6313887090082366,0.5181234000169641,0.11326530899127252,0.38067366883943776,0.5326394444829163,0.15196577564347857,0.17535830633073438,0.3327501476154824,0.157391841284748,0.38798594910470585,0.2735449471197896,0.11444100198491625,999.0,0.9301025163094129,1071.0,0.9972041006523765,567.0,0.527493010251631,206.0,0.19105312208760486,87.0,0.08014911463187326,0.08014911463187326,WACC_0p9_WRT_0p1,0.5452003727865797,359,False,,,False,False,False,False,False,52.0,0.5862068965517241
UDetect,ForestCovertype,603,0.58,29,0.0,0.9816456337335658,0,3,1896,3890,2443,True,0.9856428559972665,0.1213886569836784,0.497965645654041,0.9856428559972665,0.995503471735646,0.9091465649688208,-3.181649610463174,-2.10523109526996,2.3061762316703245,1.5150308215472654,0.4335808906591327,0.1213886569836784,0.10290385804795345,0.018484798935724953,0.497965645654041,0.3518192745325668,0.14614637112147422,0.9856428559972665,0.7527815141083396,0.23286134188892693,0.995503471735646,0.7560956111151204,0.23940786062052566,0.9091465649688208,0.6932160097142466,0.21593055525457427,87.0,0.08014911463187326,564.0,0.5246971109040075,906.0,0.8434296365330848,1052.0,0.9794967381174278,858.0,0.798695246971109,0.08014911463187326,WACC_0p1_WRT_0p9,0.6452935694315004,360,False,,,False,False,False,False,False,3.0,0.022988505747126436
UDetect,ForestCovertype,540,0.66,81,0.3636363636363638,0.7141438438760507,0,9,2201,1867,255,False,0.3497325224789699,0.18265912475692786,0.024572246860019964,0.3497325224789699,0.5068153924483128,0.5393081073823512,-3.181649610463174,-2.10523109526996,2.3061762316703245,1.5150308215472654,0.4335808906591327,0.18265912475692786,0.2941107390090698,0.11145161425214195,0.024572246860019964,0.25895278454629744,0.23438053768627748,0.3497325224789699,0.41844109151229825,0.06870856903332834,0.5068153924483128,0.3863028423539164,0.12051255009439638,0.5393081073823512,0.3866675935843568,0.15264051379799443,619.0,0.575955265610438,88.0,0.08108108108108109,222.0,0.2059645852749301,376.0,0.3494874184529357,351.0,0.32618825722274,0.08108108108108109,WACC_0p3_WRT_0p7,0.307735321528425,361,False,,,False,False,False,False,False,9.0,0.09195402298850575
UDetect,ForestCovertype,545,0.71,237,0.5909090909090907,0.4306722223231145,0,18,3079,2943,1173,False,0.17468075209277573,0.47966955408152157,0.4056257826730725,0.17468075209277573,0.17289785378199635,0.3191459007951223,-3.181649610463174,-2.10523109526996,2.3061762316703245,1.5150308215472654,0.4335808906591327,0.47966955408152157,0.35840554301071637,0.1212640110708052,0.4056257826730725,0.34411176608277305,0.061514016590299425,0.17468075209277573,0.3799569714001553,0.20527621930737955,0.17289785378199635,0.3307300158970138,0.15783216211501744,0.3191459007951223,0.35397786506394335,0.03483196426882107,723.0,0.6728797763280522,407.0,0.3783783783783784,88.0,0.08108108108108109,193.0,0.17893755824790308,264.0,0.2451071761416589,0.08108108108108109,WACC_0p5_WRT_0p5,0.31127679403541475,362,False,,,False,False,False,False,False,18.0,0.19540229885057472
UDetect,ForestCovertype,518,0.72,333,0.6363636363636361,0.3405216049723362,0,20,2993,2212,1744,False,0.31601254801934775,0.5767528583017256,0.5203149880646125,0.31601254801934775,0.097918085546356,0.2782745283784751,-3.181649610463174,-2.10523109526996,2.3061762316703245,1.5150308215472654,0.4335808906591327,0.5767528583017256,0.3924321077175943,0.18432075058413133,0.5203149880646125,0.38939910376636966,0.13091588429824286,0.31601254801934775,0.41317157205961164,0.09715902404026389,0.097918085546356,0.3165691501882948,0.21865106464193879,0.2782745283784751,0.31563075838780663,0.037356230009331526,788.0,0.7334575955265611,841.0,0.782851817334576,202.0,0.18732525629077354,88.0,0.08108108108108109,183.0,0.16961789375582478,0.08108108108108109,WACC_0p7_WRT_0p3,0.3908667287977633,363,False,,,False,False,False,False,False,20.0,0.21839080459770116
UDetect,ForestCovertype,693,0.58,33,0.0,0.948348133291504,0,7,4686,4908,2059,True,0.9595969004007491,0.08551682182435125,0.4657164929051875,0.9595969004007491,0.9873461128981531,0.9122926305833013,-3.181649610463174,-2.10523109526996,2.3061762316703245,1.5150308215472654,0.4335808906591327,0.08551682182435125,0.10293691932860714,0.017420097504255896,0.4657164929051875,0.35513522958108046,0.11058126332410706,0.9595969004007491,0.7477863895665297,0.21181051083421942,0.9873461128981531,0.7486790850195123,0.2386670278786408,0.9122926305833013,0.69957852773649,0.21271410284681136,88.0,0.08108108108108109,677.0,0.630009319664492,834.0,0.7763280521901211,958.0,0.8918918918918919,1004.0,0.934762348555452,0.08108108108108109,WACC_0p1_WRT_0p9,0.6628145386766077,364,False,,,False,False,False,False,False,7.0,0.06896551724137931
UDetect,ForestCovertype,1000,0.7,326,0.5454545454545452,0.3461563982182424,0,32,3863,3546,212,False,0.23829021232455397,0.5793099069599831,0.49182262135493987,0.23829021232455397,0.205087117598217,0.3765203763928462,-3.181649610463174,-2.10523109526996,2.3061762316703245,1.5150308215472654,0.4335808906591327,0.5793099069599831,0.3088411401679901,0.270468766791993,0.49182262135493987,0.32480891330403894,0.16701370805090093,0.23829021232455397,0.38134554615181954,0.14305533382726557,0.205087117598217,0.31669869391387206,0.11161157631565508,0.3765203763928462,0.3170868622431899,0.05943351414965631,644.0,0.5992544268406338,274.0,0.25442684063373716,93.0,0.08574091332712022,89.0,0.08201304753028892,185.0,0.17148182665424044,0.08201304753028892,WACC_0p7_WRT_0p3,0.2385834109972041,365,False,,,False,False,False,False,False,32.0,0.3563218390804598
UDetect,ForestCovertype,383,0.71,164,0.5909090909090907,0.5281267381927909,0,7,1043,3090,1,True,0.06033451171490346,0.36990829368777545,0.29354213336417384,0.06033451171490346,0.19677266257331566,0.3099380534407267,-3.181649610463174,-2.10523109526996,2.3061762316703245,1.5150308215472654,0.4335808906591327,0.36990829368777545,0.22120426337318647,0.14870403031458898,0.29354213336417384,0.25926575323636203,0.03427638012781181,0.06033451171490346,0.4029855426809178,0.34265103096601435,0.19677266257331566,0.42498635959595477,0.2282136970226391,0.3099380534407267,0.4527077332181287,0.14276967977740196,522.0,0.48555452003727867,89.0,0.08201304753028892,165.0,0.15284249767008387,451.0,0.4193849021435228,477.0,0.44361602982292636,0.08201304753028892,WACC_0p3_WRT_0p7,0.3166821994408201,366,False,,,False,False,False,False,False,7.0,0.06896551724137931
UDetect,ForestCovertype,877,0.58,32,0.0,0.956290000443551,0,6,4702,3199,4202,True,0.9658091840992082,0.09407269975973002,0.47340831612005946,0.9658091840992082,0.9892917442320025,0.9115422548845219,-3.181649610463174,-2.10523109526996,2.3061762316703245,1.5150308215472654,0.4335808906591327,0.09407269975973002,0.10295112954659741,0.008878429786867384,0.47340831612005946,0.35745203242279117,0.11595628369726829,0.9658091840992082,0.7555838276006095,0.21022535649859875,0.9892917442320025,0.7380683404489433,0.2512234037830592,0.9115422548845219,0.6982734271284575,0.21326882775606437,89.0,0.08201304753028892,726.0,0.6756756756756757,971.0,0.9040074557315937,719.0,0.6691519105312209,988.0,0.9198508853681268,0.08201304753028892,WACC_0p1_WRT_0p9,0.6501397949673812,367,False,,,False,False,False,False,False,6.0,0.05747126436781609
UDetect,ForestCovertype,477,0.58,39,0.0,0.9051127686379964,0,12,1,3564,174,False,0.9257773531970801,0.038938794845939706,0.423842362404327,0.9257773531970801,0.9767541351440812,0.9163776607585423,-3.181649610463174,-2.10523109526996,2.3061762316703245,1.5150308215472654,0.4335808906591327,0.038938794845939706,0.1363426255364172,0.0974038306904775,0.423842362404327,0.2609879242347538,0.16285443816957318,0.9257773531970801,0.5660424348580884,0.35973491833899174,0.9767541351440812,0.589334491676291,0.3874196434677901,0.9163776607585423,0.6104508796912301,0.3059267810673122,391.0,0.3634669151910531,90.0,0.08294501397949673,587.0,0.5461323392357875,588.0,0.5470643056849953,596.0,0.554520037278658,0.08294501397949673,WACC_0p3_WRT_0p7,0.4188257222739981,368,False,,,False,False,False,False,False,12.0,0.12643678160919541
UDetect,ForestCovertype,271,0.71,437,0.5909090909090907,0.2684059896128841,0,38,5000,2587,2669,False,0.36507247981433477,0.6624270801200013,0.59225019262952,0.36507247981433477,0.13314520358746693,0.33447738839459595,-3.181649610463174,-2.10523109526996,2.3061762316703245,1.5150308215472654,0.4335808906591327,0.6624270801200013,0.43446923685998146,0.22795784326001983,0.59225019262952,0.48642050639391354,0.1058296862356064,0.36507247981433477,0.5040724586608848,0.13899997884655002,0.13314520358746693,0.31671705614856166,0.18357185256109473,0.33447738839459595,0.2776595203797712,0.056817868014824746,893.0,0.8313140726933831,1039.0,0.967381174277726,524.0,0.4874184529356943,90.0,0.08294501397949673,98.0,0.09040074557315937,0.08294501397949673,WACC_0p7_WRT_0p3,0.4918918918918919,369,False,,,False,False,False,False,False,38.0,0.42528735632183906
UDetect,ForestCovertype,606,0.58,29,0.0,0.9816456337335658,0,3,3290,2377,3140,True,0.9856428559972665,0.1213886569836784,0.497965645654041,0.9856428559972665,0.995503471735646,0.9091465649688208,-3.181649610463174,-2.10523109526996,2.3061762316703245,1.5150308215472654,0.4335808906591327,0.1213886569836784,0.10297841667178116,0.01841024031189724,0.497965645654041,0.35677206183090343,0.14119358382313757,0.9856428559972665,0.7606537883411704,0.22498906765609616,0.995503471735646,0.7439487867135561,0.2515546850220899,0.9091465649688208,0.6992631964548088,0.20988336851401201,90.0,0.08294501397949673,716.0,0.6663560111835974,1065.0,0.9916123019571296,855.0,0.7958993476234856,998.0,0.9291705498602051,0.08294501397949673,WACC_0p1_WRT_0p9,0.6931966449207828,370,False,,,False,False,False,False,False,3.0,0.022988505747126436
UDetect,ForestCovertype,990,0.7,205,0.5454545454545452,0.4690858956830345,0,19,695,2777,1343,False,0.09405342923450595,0.4408566350833967,0.35043987925617043,0.09405342923450595,0.2352028923326549,0.36490556267275076,-3.181649610463174,-2.10523109526996,2.3061762316703245,1.5150308215472654,0.4335808906591327,0.4408566350833967,0.3155675325789656,0.1252891025044311,0.35043987925617043,0.31096839456231495,0.039471484693855474,0.09405342923450595,0.38083874254982397,0.28678531331531804,0.2352028923326549,0.3669400922244451,0.13173719989179022,0.36490556267275076,0.3833908757946155,0.018485313121864744,652.0,0.6067101584342963,231.0,0.21435228331780057,91.0,0.08387698042870456,319.0,0.29636533084808947,342.0,0.31780055917986955,0.08387698042870456,WACC_0p5_WRT_0p5,0.30382106244175205,371,False,,,False,False,False,False,False,19.0,0.20689655172413793
UDetect,ForestCovertype,72,0.7,160,0.5454545454545452,0.5346554779295629,0,9,961,3198,1,True,0.017118716192940815,0.3670067993251979,0.27502748819079487,0.017118716192940815,0.25126639872527806,0.3587103166235589,-3.181649610463174,-2.10523109526996,2.3061762316703245,1.5150308215472654,0.4335808906591327,0.3670067993251979,0.20535725853122538,0.16164954079397253,0.27502748819079487,0.2611721075799466,0.013855380610848289,0.017118716192940815,0.40119359950902234,0.38407488331608153,0.25126639872527806,0.4245171022883633,0.17325070356308525,0.3587103166235589,0.4519412072157147,0.09323089059215578,500.0,0.46505125815470644,91.0,0.08387698042870456,159.0,0.14725069897483692,450.0,0.418452935694315,475.0,0.44175209692451073,0.08387698042870456,WACC_0p3_WRT_0p7,0.31127679403541475,372,False,,,False,False,False,False,False,9.0,0.09195402298850575
UDetect,ForestCovertype,843,0.58,28,0.0,0.9906645581969952,0,2,1314,2669,4330,True,0.9926976349741923,0.13110486292620857,0.5067006158106627,0.9926976349741923,0.9977129650069035,0.9082944250857279,-3.181649610463174,-2.10523109526996,2.3061762316703245,1.5150308215472654,0.4335808906591327,0.13110486292620857,0.1030602750512822,0.028044587874926377,0.5067006158106627,0.3494601121849697,0.15724050362569303,0.9926976349741923,0.7524338038483421,0.24026383112585015,0.9977129650069035,0.7413372375647929,0.2563757274421107,0.9082944250857279,0.6867847672594324,0.2215096578262955,91.0,0.08387698042870456,486.0,0.45200372786579684,896.0,0.8341099720410066,793.0,0.7381174277726001,709.0,0.6598322460391426,0.08387698042870456,WACC_0p1_WRT_0p9,0.55358807082945,373,False,,,False,False,False,False,False,2.0,0.011494252873563218
UDetect,ForestCovertype,451,0.58,28,0.0,0.9906645581969952,0,2,884,998,4287,True,0.9926976349741923,0.13110486292620857,0.5067006158106627,0.9926976349741923,0.9977129650069035,0.9082944250857279,-3.181649610463174,-2.10523109526996,2.3061762316703245,1.5150308215472654,0.4335808906591327,0.13110486292620857,0.10308161437292097,0.028023248553287597,0.5067006158106627,0.34688831015053445,0.15981230566012827,0.9926976349741923,0.7478003424878517,0.24489729248634062,0.9977129650069035,0.7423576638540562,0.2553553011528473,0.9082944250857279,0.6818138772605221,0.22648054782520577,92.0,0.08480894687791239,440.0,0.4091332712022367,836.0,0.7781919850885368,814.0,0.7576887232059646,653.0,0.6076421248835042,0.08480894687791239,WACC_0p1_WRT_0p9,0.527493010251631,374,False,,,False,False,False,False,False,2.0,0.011494252873563218
UDetect,ForestCovertype,683,0.58,35,0.0,0.9331421208409968,0,9,2350,3275,2802,True,0.9477024602827844,0.06913518461994925,0.450989230747157,0.9477024602827844,0.9836208813222271,0.9137293484230427,-3.181649610463174,-2.10523109526996,2.3061762316703245,1.5150308215472654,0.4335808906591327,0.06913518461994925,0.10308912442386674,0.03395393980391749,0.450989230747157,0.34994283679436156,0.10104639395279547,0.9477024602827844,0.7518377904233818,0.19586466985940254,0.9836208813222271,0.7451996808643969,0.23842120045783022,0.9137293484230427,0.6951617679608436,0.21856758046219904,93.0,0.08574091332712022,496.0,0.4613233923578751,888.0,0.8266542404473439,888.0,0.8266542404473439,916.0,0.8527493010251631,0.08574091332712022,WACC_0p1_WRT_0p9,0.6106244175209692,375,False,,,False,False,False,False,False,9.0,0.09195402298850575
UDetect,ForestCovertype,1005,0.66,149,0.3636363636363638,0.5534823714828058,0,18,83,545,2643,False,0.22405997888048496,0.36360923824555974,0.20935100204112203,0.22405997888048496,0.46745588304753727,0.5544879715510649,-3.181649610463174,-2.10523109526996,2.3061762316703245,1.5150308215472654,0.4335808906591327,0.36360923824555974,0.3799915861877199,0.016382347942160147,0.20935100204112203,0.2624298859621095,0.053078883920987446,0.22405997888048496,0.40018249475089146,0.1761225158704065,0.46745588304753727,0.4696249470655821,0.0021690640180448417,0.5544879715510649,0.4931078010901326,0.061380170460932304,762.0,0.7092264678471575,94.0,0.08667287977632805,155.0,0.1435228331780056,518.0,0.48182665424044735,526.0,0.48928238583411,0.08667287977632805,WACC_0p3_WRT_0p7,0.3821062441752097,376,False,,,False,False,False,False,False,18.0,0.19540229885057472
UDetect,ForestCovertype,204,0.71,416,0.5909090909090907,0.2814768959597707,0,36,1262,1934,3730,False,0.349736002220044,0.6477055544696,0.5772171808695206,0.349736002220044,0.13634736807390768,0.3332424029313602,-3.181649610463174,-2.10523109526996,2.3061762316703245,1.5150308215472654,0.4335808906591327,0.6477055544696,0.4496256603621817,0.19807989410741828,0.5772171808695206,0.45254098763967543,0.12467619322984513,0.349736002220044,0.45749629223588023,0.10776029001583626,0.13634736807390768,0.3168667979548828,0.18051942988097514,0.3332424029313602,0.3120364787472493,0.02120592418411088,941.0,0.8760484622553588,985.0,0.9170549860205033,389.0,0.3616029822926375,94.0,0.08667287977632805,178.0,0.16495806150978565,0.08667287977632805,WACC_0p7_WRT_0p3,0.4812674743709226,377,False,,,False,False,False,False,False,36.0,0.40229885057471265
UDetect,ForestCovertype,987,0.72,469,0.6363636363636361,0.2496470106562398,0,37,3766,2255,2233,False,0.4226383735460566,0.6791032719371879,0.6248309878571174,0.4226383735460566,0.07565525304522407,0.2868606814714135,-3.181649610463174,-2.10523109526996,2.3061762316703245,1.5150308215472654,0.4335808906591327,0.6791032719371879,0.44957626477336854,0.22952700716381935,0.6248309878571174,0.47414845921820975,0.1506825286389077,0.4226383735460566,0.4832401449047209,0.06060177135866429,0.07565525304522407,0.3193606837616775,0.2437054307164534,0.2868606814714135,0.2759880390698571,0.010872642401556443,940.0,0.875116495806151,1022.0,0.9515377446411929,480.0,0.44641192917054984,122.0,0.11276794035414725,94.0,0.08667287977632805,0.08667287977632805,WACC_0p9_WRT_0p1,0.49450139794967374,378,False,,,False,False,False,False,False,37.0,0.41379310344827586
UDetect,ForestCovertype,463,0.58,29,0.0,0.9816456337335658,0,3,614,4656,2487,True,0.9856428559972665,0.1213886569836784,0.497965645654041,0.9856428559972665,0.995503471735646,0.9091465649688208,-3.181649610463174,-2.10523109526996,2.3061762316703245,1.5150308215472654,0.4335808906591327,0.1213886569836784,0.1031037586307895,0.018284898352888906,0.497965645654041,0.34386819413729586,0.15409745151674514,0.9856428559972665,0.7430283711604134,0.2426144848368531,0.995503471735646,0.7557213104495495,0.23978216128609653,0.9091465649688208,0.6907175335867235,0.21842903138209735,94.0,0.08667287977632805,405.0,0.3765144454799627,797.0,0.7418452935694315,1047.0,0.9748369058713886,793.0,0.7381174277726001,0.08667287977632805,WACC_0p1_WRT_0p9,0.5835973904939422,379,False,,,False,False,False,False,False,3.0,0.022988505747126436
UDetect,ForestCovertype,1067,0.68,177,0.4545454545454547,0.5079513229501488,0,21,5000,5000,1,True,0.08177840149022873,0.405986621062191,0.2837285475585,0.08177840149022873,0.35051290201075086,0.4600116628485884,-3.181649610463174,-2.10523109526996,2.3061762316703245,1.5150308215472654,0.4335808906591327,0.405986621062191,0.2328655221653862,0.17312109889680483,0.2837285475585,0.27600526491432026,0.007723282644179763,0.08177840149022873,0.38203563232709314,0.3002572308368644,0.35051290201075086,0.42422939759540657,0.0737164955846557,0.4600116628485884,0.43432130430987037,0.02569035853871804,543.0,0.5051258154706431,113.0,0.1043802423112768,95.0,0.08760484622553588,449.0,0.4175209692451072,449.0,0.4175209692451072,0.08760484622553588,WACC_0p5_WRT_0p5,0.306430568499534,380,False,,,False,False,False,False,False,21.0,0.22988505747126436
UDetect,ForestCovertype,756,0.64,124,0.2727272727272729,0.6019858843753747,0,14,133,1682,2195,False,0.36866667598551395,0.3178840225275191,0.13155478833862777,0.36866667598551395,0.5851270706491873,0.6486834313072589,-3.181649610463174,-2.10523109526996,2.3061762316703245,1.5150308215472654,0.4335808906591327,0.3178840225275191,0.3696901952297585,0.05180617270223942,0.13155478833862777,0.2654933065170398,0.133938518178412,0.36866667598551395,0.4162726684192436,0.04760599243372965,0.5851270706491873,0.44014163188677163,0.1449854387624157,0.6486834313072589,0.48193034806953733,0.1667530832377216,746.0,0.6943150046598322,95.0,0.08760484622553588,212.0,0.1966449207828518,478.0,0.4445479962721342,517.0,0.4808946877912395,0.08760484622553588,WACC_0p3_WRT_0p7,0.3808014911463187,381,False,,,False,False,False,False,False,14.0,0.14942528735632185
UDetect,ForestCovertype,926,0.58,40,0.0,0.8985437239556836,0,13,740,4775,3952,True,0.9206389180642457,0.03186187661274668,0.41748013933768663,0.9206389180642457,0.9751448235146274,0.9169983273347309,-3.181649610463174,-2.10523109526996,2.3061762316703245,1.5150308215472654,0.4335808906591327,0.03186187661274668,0.1031097099126513,0.07124783329990461,0.41748013933768663,0.3471523647915793,0.07032777454610734,0.9206389180642457,0.7551671352524078,0.16547178281183794,0.9751448235146274,0.7442003049259486,0.23094451858867882,0.9169983273347309,0.6831352745526841,0.23386305278204678,95.0,0.08760484622553588,443.0,0.4119291705498602,959.0,0.8928238583410997,866.0,0.8061509785647717,661.0,0.6150978564771669,0.08760484622553588,WACC_0p1_WRT_0p9,0.5627213420316869,382,False,,,False,False,False,False,False,13.0,0.13793103448275862
UDetect,ForestCovertype,864,0.62,172,0.1818181818181819,0.5155311175147893,0,24,32,1035,3521,False,0.4077063691062831,0.4241598788386838,0.2089757686696378,0.4077063691062831,0.6697356228751639,0.7556302266797592,-3.181649610463174,-2.10523109526996,2.3061762316703245,1.5150308215472654,0.4335808906591327,0.4241598788386838,0.3922913059439115,0.031868572894772296,0.2089757686696378,0.2673345253403057,0.05835875667066792,0.4077063691062831,0.3999626521656542,0.00774371694062892,0.6697356228751639,0.48409740761505343,0.18563821526011043,0.7556302266797592,0.555622728931941,0.20000749774781823,785.0,0.7306616961789375,96.0,0.08853681267474371,154.0,0.14259086672879775,535.0,0.4976700838769804,567.0,0.527493010251631,0.08853681267474371,WACC_0p3_WRT_0p7,0.39739049394221804,383,False,,,False,False,False,False,False,24.0,0.26436781609195403
UDetect,ForestCovertype,343,0.78,716,0.9090909090909092,0.1372898841471568,0,3,2886,600,1,False,0.7678028866428073,0.7789388299891505,0.8200894777885311,0.7678028866428073,0.3284535619958163,0.011659828207636523,-3.181649610463174,-2.10523109526996,2.3061762316703245,1.5150308215472654,0.4335808906591327,0.7789388299891505,0.4454798472691639,0.33345898271998664,0.8200894777885311,0.41609086727669176,0.4039986105118394,0.7678028866428073,0.4729485650424984,0.2948543216003089,0.3284535619958163,0.3176062729295289,0.010847289066287402,0.011659828207636523,0.27698210831304404,0.26532228010540754,929.0,0.8648648648648649,905.0,0.842497670083877,443.0,0.4119291705498602,104.0,0.09599254426840634,96.0,0.08853681267474371,0.08853681267474371,WACC_0p9_WRT_0p1,0.4607642124883505,384,False,,,False,False,False,False,False,3.0,0.022988505747126436
UDetect,ForestCovertype,94,0.72,540,0.6363636363636361,0.2122197658051388,0,40,3591,1760,3496,False,0.4665528571206153,0.7212569015690442,0.6678765270920458,0.4665528571206153,0.06648617240866465,0.2903969399444985,-3.181649610463174,-2.10523109526996,2.3061762316703245,1.5150308215472654,0.4335808906591327,0.7212569015690442,0.49065172384459477,0.23060517772444944,0.6678765270920458,0.46579595651058486,0.20208057058146095,0.4665528571206153,0.4730003786387714,0.006447521518156141,0.06648617240866465,0.31689057922105,0.25040440681238535,0.2903969399444985,0.2919485443410367,0.0015516043965381754,1028.0,0.9571295433364398,1011.0,0.9412861136999068,444.0,0.412861136999068,96.0,0.08853681267474371,133.0,0.12301957129543337,0.08853681267474371,WACC_0p7_WRT_0p3,0.5045666356011184,385,False,,,False,False,False,False,False,40.0,0.4482758620689655
UDetect,ForestCovertype,716,0.68,499,0.4545454545454547,0.233186124216109,0,78,1145,543,4510,False,0.29973067897454114,0.7154496998764831,0.5997394158324713,0.29973067897454114,0.28319979164594716,0.48597245066499417,-3.181649610463174,-2.10523109526996,2.3061762316703245,1.5150308215472654,0.4335808906591327,0.7154496998764831,0.4752387762959045,0.2402109235805786,0.5997394158324713,0.3769748794777079,0.22276453635476334,0.29973067897454114,0.38259687852201857,0.08286619954747743,0.28319979164594716,0.3942959305099322,0.11109613886398506,0.48597245066499417,0.44194073622893143,0.04403171443606274,1005.0,0.9356943150046598,808.0,0.7520969245107176,96.0,0.08853681267474371,394.0,0.3662628145386766,463.0,0.43056849953401677,0.08853681267474371,WACC_0p5_WRT_0p5,0.514631873252563,386,False,,,False,False,False,False,False,78.0,0.8850574712643678
UDetect,ForestCovertype,228,0.58,33,0.0,0.948348133291504,0,7,1094,3382,3114,True,0.9595969004007491,0.08551682182435125,0.4657164929051875,0.9595969004007491,0.9873461128981531,0.9122926305833013,-3.181649610463174,-2.10523109526996,2.3061762316703245,1.5150308215472654,0.4335808906591327,0.08551682182435125,0.10319005159279145,0.0176732297684402,0.4657164929051875,0.35259446689505963,0.11312202601012789,0.9595969004007491,0.7554839006042635,0.20411299979648556,0.9873461128981531,0.7480847319798215,0.2392613809183316,0.9122926305833013,0.6878242224346232,0.2244684081486782,96.0,0.08853681267474371,585.0,0.5442684063373718,969.0,0.902143522833178,949.0,0.8835041938490215,737.0,0.6859273066169618,0.08853681267474371,WACC_0p1_WRT_0p9,0.6208760484622553,387,False,,,False,False,False,False,False,7.0,0.06896551724137931
UDetect,ForestCovertype,15,0.66,268,0.3636363636363638,0.3980989794049431,0,43,2281,1555,4336,False,0.10251605285701919,0.5386147452405273,0.3880593714857168,0.10251605285701919,0.429389419507084,0.5691691440230976,-3.181649610463174,-2.10523109526996,2.3061762316703245,1.5150308215472654,0.4335808906591327,0.5386147452405273,0.4609247661282914,0.07768997911223591,0.3880593714857168,0.35587376862289727,0.03218560286281952,0.10251605285701919,0.3827154533828619,0.2801994005258427,0.429389419507084,0.3713214842804355,0.05806793522664849,0.5691691440230976,0.43101504367341636,0.13815410034968123,971.0,0.9040074557315937,697.0,0.6486486486486487,97.0,0.08946877912395154,332.0,0.3084808946877912,445.0,0.41379310344827586,0.08946877912395154,WACC_0p5_WRT_0p5,0.4728797763280522,388,False,,,False,False,False,False,False,43.0,0.4827586206896552
UDetect,ForestCovertype,772,0.58,126,0.0,0.5977630529725009,0,47,525,159,674,True,0.6853623989047906,0.3493503646787035,0.12616933000779773,0.6853623989047906,0.9014583355795658,0.9454171489855356,-3.181649610463174,-2.10523109526996,2.3061762316703245,1.5150308215472654,0.4335808906591327,0.3493503646787035,0.18187976935013667,0.16747059532856684,0.12616933000779773,0.267474805976769,0.14130547596897125,0.6853623989047906,0.6406636056656476,0.04469879323914294,0.9014583355795658,0.7087516670271315,0.19270666855243423,0.9454171489855356,0.6884253974922866,0.25699175149324904,466.0,0.43336439888164024,97.0,0.08946877912395154,633.0,0.5890027958993477,644.0,0.5992544268406338,751.0,0.6989748369058714,0.08946877912395154,WACC_0p3_WRT_0p7,0.48201304753028895,389,False,,,False,False,False,False,False,47.0,0.5287356321839081
UDetect,ForestCovertype,677,0.71,415,0.5909090909090907,0.2821156304623626,0,35,4901,2586,2427,False,0.34898655630346176,0.6469861593401303,0.5764825643835513,0.34898655630346176,0.1365038478838141,0.3331820530363618,-3.181649610463174,-2.10523109526996,2.3061762316703245,1.5150308215472654,0.4335808906591327,0.6469861593401303,0.44188741286004196,0.2050987464800883,0.5764825643835513,0.4841886254439349,0.0922939389396164,0.34898655630346176,0.4898142178038264,0.14082766150036463,0.1365038478838141,0.3169196555107322,0.1804158076269181,0.3331820530363618,0.2822663935552525,0.050915659481109266,916.0,0.8527493010251631,1032.0,0.9608574091332712,494.0,0.4594594594594595,97.0,0.08946877912395154,113.0,0.1043802423112768,0.08946877912395154,WACC_0p7_WRT_0p3,0.49338303821062446,390,False,,,False,False,False,False,False,35.0,0.39080459770114945
UDetect,ForestCovertype,9,0.58,33,0.0,0.948348133291504,0,7,1199,3657,4556,True,0.9595969004007491,0.08551682182435125,0.4657164929051875,0.9595969004007491,0.9873461128981531,0.9122926305833013,-3.181649610463174,-2.10523109526996,2.3061762316703245,1.5150308215472654,0.4335808906591327,0.08551682182435125,0.1032037732974549,0.01768695147310366,0.4657164929051875,0.35004975249154047,0.11566674041364705,0.9595969004007491,0.7516443918313144,0.2079525085694347,0.9873461128981531,0.7420430028610273,0.2453031100371258,0.9122926305833013,0.6864378544996214,0.22585477608368,97.0,0.08946877912395154,499.0,0.4641192917054986,882.0,0.821062441752097,808.0,0.7520969245107176,702.0,0.6533084808946877,0.08946877912395154,WACC_0p1_WRT_0p9,0.5560111835973904,391,False,,,False,False,False,False,False,7.0,0.06896551724137931
UDetect,ForestCovertype,516,0.74,910,0.7272727272727272,0.0735837943445306,0,43,1404,486,857,False,0.7003293741836292,0.8684966768385874,0.8493352010441875,0.7003293741836292,0.19320248897245926,0.20471751367084426,-3.181649610463174,-2.10523109526996,2.3061762316703245,1.5150308215472654,0.4335808906591327,0.8684966768385874,0.53304492686012,0.3354517499784675,0.8493352010441875,0.45832296326828287,0.3910122377759046,0.7003293741836292,0.5085904250534004,0.19173894913022882,0.19320248897245926,0.3600556294426437,0.16685314047018443,0.20471751367084426,0.27761037510329295,0.07289286143244869,1064.0,0.9906803355079217,1001.0,0.9319664492078286,533.0,0.4958061509785648,301.0,0.27958993476234856,97.0,0.08946877912395154,0.08946877912395154,WACC_0p9_WRT_0p1,0.557502329916123,392,False,,,False,False,False,False,False,43.0,0.4827586206896552
UDetect,ForestCovertype,227,0.68,250,0.4545454545454547,0.4165239957295622,0,37,5000,5000,1557,False,0.08461497972383174,0.5089595677810774,0.38888025233066165,0.08461497972383174,0.3281146587255253,0.4686500401013506,-3.181649610463174,-2.10523109526996,2.3061762316703245,1.5150308215472654,0.4335808906591327,0.5089595677810774,0.36100757404961553,0.1479519937314619,0.38888025233066165,0.36887709185072587,0.020003160479935778,0.08461497972383174,0.38579186634290397,0.3011768866190722,0.3281146587255253,0.31703313854136633,0.011081520184158977,0.4686500401013506,0.3433398270064633,0.12531021309488727,728.0,0.6775396085740913,792.0,0.7371854613233924,106.0,0.097856477166822,98.0,0.09040074557315937,241.0,0.22367194780987884,0.09040074557315937,WACC_0p7_WRT_0p3,0.36533084808946875,393,False,,,False,False,False,False,False,37.0,0.41379310344827586
UDetect,ForestCovertype,584,0.73,458,0.6818181818181817,0.255947328180048,0,31,581,570,2290,False,0.45080146009656935,0.6675556309054868,0.628590774908975,0.45080146009656935,0.025800454727310965,0.2368762835824362,-3.181649610463174,-2.10523109526996,2.3061762316703245,1.5150308215472654,0.4335808906591327,0.6675556309054868,0.4479709217387446,0.21958470916674216,0.628590774908975,0.35887565206060484,0.2697151228483701,0.45080146009656935,0.38324933271578704,0.06755212738078231,0.025800454727310965,0.35956800664769195,0.333767551920381,0.2368762835824362,0.3954950997722895,0.15861881618985332,934.0,0.869524697110904,750.0,0.6980428704566636,98.0,0.09040074557315937,297.0,0.27586206896551724,371.0,0.3448275862068966,0.09040074557315937,WACC_0p5_WRT_0p5,0.45573159366262816,394,False,,,False,False,False,False,False,31.0,0.3448275862068966
UDetect,ForestCovertype,379,0.58,30,0.0,0.9729224656013556,0,4,129,1227,2818,True,0.9788194234027437,0.11199107322659677,0.48951712015468507,0.9788194234027437,0.9933664340688685,0.9099707607476553,-3.181649610463174,-2.10523109526996,2.3061762316703245,1.5150308215472654,0.4335808906591327,0.11199107322659677,0.10320493558726546,0.00878613763933131,0.48951712015468507,0.340764458411867,0.1487526617428181,0.9788194234027437,0.7480073242606308,0.23081209914211298,0.9933664340688685,0.7551900388585536,0.23817639521031486,0.9099707607476553,0.6904919309263069,0.21947882982134836,98.0,0.09040074557315937,385.0,0.35787511649580617,837.0,0.7791239515377446,1045.0,0.972972972972973,791.0,0.7362534948741846,0.09040074557315937,WACC_0p1_WRT_0p9,0.5873252562907736,395,False,,,False,False,False,False,False,4.0,0.034482758620689655
UDetect,ForestCovertype,380,0.58,30,0.0,0.9729224656013556,0,4,797,2219,4307,True,0.9788194234027437,0.11199107322659677,0.48951712015468507,0.9788194234027437,0.9933664340688685,0.9099707607476553,-3.181649610463174,-2.10523109526996,2.3061762316703245,1.5150308215472654,0.4335808906591327,0.11199107322659677,0.10324198805547055,0.008749085171126214,0.48951712015468507,0.3520936139703131,0.137423506184372,0.9788194234027437,0.75224063329484,0.22657879010790372,0.9933664340688685,0.7386412332513964,0.2547252008174721,0.9099707607476553,0.6843728371410344,0.2255979236066209,99.0,0.09133271202236719,571.0,0.5312208760484622,893.0,0.8313140726933831,731.0,0.6803355079217148,673.0,0.6262814538676608,0.09133271202236719,WACC_0p1_WRT_0p9,0.5520969245107177,396,False,,,False,False,False,False,False,4.0,0.034482758620689655
UDetect,ForestCovertype,96,0.71,173,0.5909090909090907,0.513997783053666,0,9,811,2489,1,True,0.07691242897414109,0.3858214805758095,0.309792020183504,0.07691242897414109,0.19331129293479798,0.3112730070961544,-3.181649610463174,-2.10523109526996,2.3061762316703245,1.5150308215472654,0.4335808906591327,0.3858214805758095,0.20839765391543397,0.17742382666037554,0.309792020183504,0.26900698476611606,0.04078503541738793,0.07691242897414109,0.4262245920755599,0.3493121631014188,0.19331129293479798,0.43728997821071713,0.24397868527591915,0.3112730070961544,0.4583956412764946,0.14712263418034022,506.0,0.4706430568499534,100.0,0.09226467847157502,261.0,0.2423112767940354,472.0,0.43895619757688725,491.0,0.45666356011183595,0.09226467847157502,WACC_0p3_WRT_0p7,0.3401677539608574,397,False,,,False,False,False,False,False,9.0,0.09195402298850575
UDetect,ForestCovertype,629,0.69,938,0.4999999999999997,0.0655302948316873,0,86,4567,3527,3561,False,0.5320016122684204,0.8998257240284505,0.8035683283752707,0.5320016122684204,0.1892324772599737,0.4524240448159533,-3.181649610463174,-2.10523109526996,2.3061762316703245,1.5150308215472654,0.4335808906591327,0.8998257240284505,0.465190520272642,0.4346352037558085,0.8035683283752707,0.4908193575520133,0.3127489708232574,0.5320016122684204,0.4982807091140697,0.03372090315435067,0.1892324772599737,0.3171614514634335,0.1279289742034598,0.4524240448159533,0.30645761641613417,0.1459664283998191,982.0,0.9142590866728798,1047.0,0.9748369058713886,509.0,0.47343895619757687,100.0,0.09226467847157502,166.0,0.15377446411929171,0.09226467847157502,WACC_0p7_WRT_0p3,0.5217148182665424,398,False,,,False,False,False,False,False,86.0,0.9770114942528736
UDetect,ForestCovertype,232,0.58,36,0.0,0.9258530952252368,0,10,1080,1635,4033,True,0.9420008419928378,0.061282621457869904,0.4439296948254753,0.9420008419928378,0.9818351857975168,0.914418041344384,-3.181649610463174,-2.10523109526996,2.3061762316703245,1.5150308215472654,0.4335808906591327,0.061282621457869904,0.1032595055598343,0.0419768841019644,0.4439296948254753,0.3524482554813029,0.09148143934417241,0.9420008419928378,0.7526940524527582,0.18930678954007962,0.9818351857975168,0.7435439896725816,0.2382911961249352,0.914418041344384,0.6875527585940094,0.22686528275037454,100.0,0.09226467847157502,583.0,0.5424044734389561,904.0,0.8415657036346692,846.0,0.7875116495806151,727.0,0.6766076421248836,0.09226467847157502,WACC_0p1_WRT_0p9,0.5880708294501398,399,False,,,False,False,False,False,False,10.0,0.10344827586206896
UDetect,ForestCovertype,129,0.71,135,0.5909090909090907,0.5795483731322382,0,2,2428,1880,1,False,0.0,0.31199303535322515,0.23440147224642086,0.0,0.20937014654787126,0.3050795554941661,-3.181649610463174,-2.10523109526996,2.3061762316703245,1.5150308215472654,0.4335808906591327,0.31199303535322515,0.2992818956576852,0.012711139695539941,0.23440147224642086,0.28730368674232526,0.052902214495904404,0.0,0.38378606541166654,0.38378606541166654,0.20937014654787126,0.3544061907753945,0.14503604422752323,0.3050795554941661,0.35495276445984447,0.04987320896567837,629.0,0.5852749301025163,147.0,0.13606710158434296,101.0,0.09319664492078285,282.0,0.2618825722273998,268.0,0.2488350419384902,0.09319664492078285,WACC_0p5_WRT_0p5,0.2650512581547064,400,False,,,False,False,False,False,False,2.0,0.011494252873563218
UDetect,ForestCovertype,109,0.7,307,0.5454545454545452,0.3620812243795921,0,28,4752,3843,2393,False,0.2196051469484494,0.5613740629878216,0.4735072809641384,0.2196051469484494,0.208988447118397,0.3750157424912722,-3.181649610463174,-2.10523109526996,2.3061762316703245,1.5150308215472654,0.4335808906591327,0.5613740629878216,0.4374991543807357,0.12387490860708583,0.4735072809641384,0.4641436916401117,0.0093635893240267,0.2196051469484494,0.45831333262998386,0.23870818568153446,0.208988447118397,0.317236665442044,0.10824821832364698,0.3750157424912722,0.3170894819667338,0.057926260524538364,906.0,0.8434296365330848,1007.0,0.9375582479030755,395.0,0.36719478098788444,101.0,0.09319664492078285,186.0,0.1724137931034483,0.09319664492078285,WACC_0p7_WRT_0p3,0.48275862068965525,401,False,,,False,False,False,False,False,28.0,0.3103448275862069
UDetect,ForestCovertype,395,0.58,32,0.0,0.956290000443551,0,6,3815,2881,2904,True,0.9658091840992082,0.09407269975973002,0.47340831612005946,0.9658091840992082,0.9892917442320025,0.9115422548845219,-3.181649610463174,-2.10523109526996,2.3061762316703245,1.5150308215472654,0.4335808906591327,0.09407269975973002,0.10329586660434038,0.009223166844610359,0.47340831612005946,0.3541345864656711,0.11927372965438837,0.9658091840992082,0.7598942554674658,0.20591492863174243,0.9892917442320025,0.7479404719811896,0.24135127225081288,0.9115422548845219,0.7003313674924911,0.21121088739203076,101.0,0.09319664492078285,640.0,0.5955265610438024,1058.0,0.9850885368126747,942.0,0.8769804287045666,1016.0,0.9459459459459459,0.09319664492078285,WACC_0p1_WRT_0p9,0.6993476234855545,402,False,,,False,False,False,False,False,6.0,0.05747126436781609
UDetect,ForestCovertype,123,0.71,146,0.5909090909090907,0.5588569541271802,0,3,2365,1494,1,False,0.024277848493707718,0.3352974067213759,0.2581989302787174,0.024277848493707718,0.20430107747540835,0.30703455394697454,-3.181649610463174,-2.10523109526996,2.3061762316703245,1.5150308215472654,0.4335808906591327,0.3352974067213759,0.34107970017688827,0.005782293455512344,0.2581989302787174,0.2939181454823586,0.03571921520364124,0.024277848493707718,0.38430105203413034,0.3600232035404226,0.20430107747540835,0.33445108665280643,0.13015000917739808,0.30703455394697454,0.319292028726513,0.01225747477953848,683.0,0.6356011183597391,175.0,0.16216216216216217,102.0,0.09412861136999068,219.0,0.2031686859273066,190.0,0.17614165890027958,0.09412861136999068,WACC_0p5_WRT_0p5,0.2542404473438956,403,False,,,False,False,False,False,False,3.0,0.022988505747126436
UDetect,ForestCovertype,450,0.7,188,0.5454545454545452,0.4919990749681768,0,13,5000,4564,1,True,0.06716872427261496,0.4150499352550549,0.3240871471264228,0.06716872427261496,0.24081625739175122,0.36274064445035015,-3.181649610463174,-2.10523109526996,2.3061762316703245,1.5150308215472654,0.4335808906591327,0.4150499352550549,0.22813640371934996,0.18691353153570495,0.3240871471264228,0.2694605991975491,0.05462654792887367,0.06716872427261496,0.39823874673108056,0.3310700224584656,0.24081625739175122,0.42354693278529293,0.1827306753935417,0.36274064445035015,0.4253383578601623,0.06259771340981213,533.0,0.4958061509785648,102.0,0.09412861136999068,148.0,0.1369990680335508,446.0,0.4147250698974837,432.0,0.4016775396085741,0.09412861136999068,WACC_0p3_WRT_0p7,0.3086672879776328,404,False,,,False,False,False,False,False,13.0,0.13793103448275862
UDetect,ForestCovertype,1003,0.7,724,0.5454545454545452,0.1343380336954749,0,63,4283,1635,4381,False,0.4868229089371751,0.8178771037397801,0.7354375536593916,0.4868229089371751,0.15319498200714998,0.39653372467104786,-3.181649610463174,-2.10523109526996,2.3061762316703245,1.5150308215472654,0.4335808906591327,0.8178771037397801,0.5128454120535337,0.30503169168624633,0.7354375536593916,0.5020945698876511,0.23334298377174045,0.4868229089371751,0.5069717209185213,0.02014881198134616,0.15319498200714998,0.33098204492935573,0.17778706292220575,0.39653372467104786,0.2783651136623222,0.11816861100872567,1052.0,0.9794967381174278,1057.0,0.9841565703634669,530.0,0.4930102516309413,195.0,0.18080149114631874,102.0,0.09412861136999068,0.09412861136999068,WACC_0p9_WRT_0p1,0.5463187325256291,405,False,,,False,False,False,False,False,63.0,0.7126436781609196
UDetect,ForestCovertype,325,0.58,29,0.0,0.9816456337335658,0,3,3487,4472,3502,True,0.9856428559972665,0.1213886569836784,0.497965645654041,0.9856428559972665,0.995503471735646,0.9091465649688208,-3.181649610463174,-2.10523109526996,2.3061762316703245,1.5150308215472654,0.4335808906591327,0.1213886569836784,0.10329817156499749,0.018090485418680913,0.497965645654041,0.34971071006266335,0.14825493559137765,0.9856428559972665,0.7603168502291809,0.2253260057680856,0.995503471735646,0.738331355694159,0.25717211604148704,0.9091465649688208,0.6960840949595991,0.21306247000922174,102.0,0.09412861136999068,488.0,0.4538676607642125,1062.0,0.9888164026095061,726.0,0.6756756756756757,943.0,0.8779123951537745,0.09412861136999068,WACC_0p1_WRT_0p9,0.6180801491146318,406,False,,,False,False,False,False,False,3.0,0.022988505747126436
UDetect,ForestCovertype,20,0.58,31,0.0,0.9644762707294906,0,5,1,4714,1,False,0.9722126447054984,0.10289187640567356,0.48133684761310763,0.9722126447054984,0.9912972504524864,0.9107687871132021,-3.181649610463174,-2.10523109526996,2.3061762316703245,1.5150308215472654,0.4335808906591327,0.10289187640567356,0.1192668771307443,0.01637500072507074,0.48133684761310763,0.2706617624996311,0.21067508511347655,0.9722126447054984,0.6071936995066416,0.3650189451988568,0.9912972504524864,0.6454497694847461,0.3458474809677403,0.9107687871132021,0.638425375054247,0.27234341205895507,338.0,0.3140726933830382,103.0,0.09506057781919851,617.0,0.5740913327120224,616.0,0.5731593662628145,616.0,0.5731593662628145,0.09506057781919851,WACC_0p3_WRT_0p7,0.42590866728797766,407,False,,,False,False,False,False,False,5.0,0.04597701149425287
UDetect,ForestCovertype,557,0.69,2302,0.4999999999999997,0.0,0,87,4332,2549,4686,False,0.6088902282344302,0.9736313110811677,0.8789355344967981,0.6088902282344302,0.17317859566009464,0.45861557885123216,-3.181649610463174,-2.10523109526996,2.3061762316703245,1.5150308215472654,0.4335808906591327,0.9736313110811677,0.4776102320915623,0.49602107898960546,0.8789355344967981,0.5056027314999306,0.37333280299686744,0.6088902282344302,0.5279201995123523,0.08097002872207792,0.17317859566009464,0.3175474386291521,0.14436884296905744,0.45861557885123216,0.2833353407825121,0.17528023806872006,1009.0,0.9394221808014911,1063.0,0.9897483690587139,561.0,0.5219012115563839,103.0,0.09506057781919851,116.0,0.10717614165890028,0.09506057781919851,WACC_0p7_WRT_0p3,0.5306616961789375,408,False,,,False,False,False,False,False,87.0,0.9885057471264368
UDetect,ForestCovertype,766,0.7,581,0.5454545454545452,0.1927857593489903,0,54,4932,1412,4657,False,0.4182444790155264,0.7520484863829735,0.6682160983313297,0.4182444790155264,0.16751374663095914,0.3910113768226541,-3.181649610463174,-2.10523109526996,2.3061762316703245,1.5150308215472654,0.4335808906591327,0.7520484863829735,0.54401036633477,0.20803812004820355,0.6682160983313297,0.5021613147371714,0.16605478359415826,0.4182444790155264,0.49239059266200597,0.07414611364647955,0.16751374663095914,0.33613767308575176,0.16862392645479263,0.3910113768226541,0.278664881315438,0.1123464955072161,1070.0,0.9962721342031687,1058.0,0.9850885368126747,496.0,0.4613233923578751,224.0,0.20782851817334577,103.0,0.09506057781919851,0.09506057781919851,WACC_0p9_WRT_0p1,0.5491146318732525,409,False,,,False,False,False,False,False,54.0,0.6091954022988506
UDetect,ForestCovertype,925,0.58,32,0.0,0.956290000443551,0,6,506,1279,3040,True,0.9658091840992082,0.09407269975973002,0.47340831612005946,0.9658091840992082,0.9892917442320025,0.9115422548845219,-3.181649610463174,-2.10523109526996,2.3061762316703245,1.5150308215472654,0.4335808906591327,0.09407269975973002,0.10332542466636808,0.00925272490663806,0.47340831612005946,0.3485904591671667,0.12481785695289277,0.9658091840992082,0.7500237297176782,0.21578545438153007,0.9892917442320025,0.7544805307293317,0.23481121350267076,0.9115422548845219,0.6923061175957854,0.21923613728873648,103.0,0.09506057781919851,466.0,0.43336439888164024,859.0,0.7996272134203168,1037.0,0.9655172413793104,839.0,0.7809878844361603,0.09506057781919851,WACC_0p1_WRT_0p9,0.6149114631873254,410,False,,,False,False,False,False,False,6.0,0.05747126436781609
UDetect,ForestCovertype,619,0.68,232,0.4545454545454547,0.4363206891294953,0,34,2444,2992,923,False,0.06138693901176306,0.48666290969587384,0.36611182933135034,0.06138693901176306,0.33296453423315003,0.4667795784883441,-3.181649610463174,-2.10523109526996,2.3061762316703245,1.5150308215472654,0.4335808906591327,0.48666290969587384,0.2944941076920695,0.19216880200380432,0.36611182933135034,0.27116042524505385,0.09495140408629649,0.06138693901176306,0.3856267100458092,0.3242397710340461,0.33296453423315003,0.3903859845720252,0.05742145033887519,0.4667795784883441,0.40153013650572383,0.06524944198262028,620.0,0.5768872320596459,105.0,0.09692451071761417,104.0,0.09599254426840634,383.0,0.3560111835973905,382.0,0.3550792171481827,0.09599254426840634,WACC_0p5_WRT_0p5,0.29617893755824787,411,False,,,False,False,False,False,False,34.0,0.3793103448275862
UDetect,ForestCovertype,166,0.71,264,0.5909090909090907,0.4020845639497648,0,21,1598,3398,1,True,0.20822348971789473,0.5118673171791377,0.4385048036921297,0.20822348971789473,0.16589433145812574,0.3218469638723165,-3.181649610463174,-2.10523109526996,2.3061762316703245,1.5150308215472654,0.4335808906591327,0.5118673171791377,0.23017363770516952,0.2816936794739682,0.4385048036921297,0.2708716111860126,0.16763319250611708,0.20822348971789473,0.4046167043522665,0.19639321463437176,0.16589433145812574,0.43962660134122883,0.27373226988310306,0.3218469638723165,0.4406924543751438,0.11884549050282733,537.0,0.4995340167753961,104.0,0.09599254426840634,170.0,0.157502329916123,475.0,0.44175209692451073,461.0,0.42870456663560114,0.09599254426840634,WACC_0p3_WRT_0p7,0.32469711090400744,412,False,,,False,False,False,False,False,21.0,0.22988505747126436
UDetect,ForestCovertype,392,0.74,576,0.7272727272727272,0.1950811384943021,0,29,5000,1682,1,True,0.5577729785620931,0.731656413364238,0.709599596263631,0.5577729785620931,0.11134895920597362,0.19323801486145487,-3.181649610463174,-2.10523109526996,2.3061762316703245,1.5150308215472654,0.4335808906591327,0.731656413364238,0.3979575132627339,0.33369890010150416,0.709599596263631,0.4274533362707781,0.2821462599928529,0.5577729785620931,0.5015355861104042,0.056237392451688906,0.11134895920597362,0.3784333425862986,0.26708438338032503,0.19323801486145487,0.27871171764673797,0.0854737027852831,795.0,0.7399813606710158,929.0,0.8648648648648649,521.0,0.4846225535880708,355.0,0.3299161230195713,104.0,0.09599254426840634,0.09599254426840634,WACC_0p9_WRT_0p1,0.5030754892823859,413,False,,,False,False,False,False,False,29.0,0.3218390804597701
UDetect,ForestCovertype,292,0.58,28,0.0,0.9906645581969952,0,2,1,5000,2235,True,0.9926976349741923,0.13110486292620857,0.5067006158106627,0.9926976349741923,0.9977129650069035,0.9082944250857279,-3.181649610463174,-2.10523109526996,2.3061762316703245,1.5150308215472654,0.4335808906591327,0.13110486292620857,0.10334196738249775,0.027762895543710822,0.5067006158106627,0.34967952422670784,0.15702109158395489,0.9926976349741923,0.7519221146828472,0.24077552029134508,0.9977129650069035,0.7587496097548976,0.23896335525200596,0.9082944250857279,0.6957704708496948,0.2125239542360331,104.0,0.09599254426840634,487.0,0.45293569431500463,889.0,0.8275862068965517,1064.0,0.9906803355079217,936.0,0.8713886300093197,0.09599254426840634,WACC_0p1_WRT_0p9,0.6477166821994409,414,False,,,False,False,False,False,False,2.0,0.011494252873563218
UDetect,ForestCovertype,365,0.72,296,0.6363636363636361,0.3717562103161582,0,14,2789,1547,2756,False,0.2793640699177397,0.5415738866569041,0.48439168045370146,0.2793640699177397,0.10557006784395737,0.27532337238930255,-3.181649610463174,-2.10523109526996,2.3061762316703245,1.5150308215472654,0.4335808906591327,0.5415738866569041,0.43442690743265205,0.10714697922425204,0.48439168045370146,0.37910219441785037,0.10528948603585109,0.2793640699177397,0.38571635803289356,0.10635228811515385,0.10557006784395737,0.32546796631240427,0.2198978984684469,0.27532337238930255,0.3392245633888146,0.06390119099951208,892.0,0.8303821062441752,816.0,0.7595526561043803,105.0,0.09692451071761417,160.0,0.14818266542404473,235.0,0.21808014911463186,0.09692451071761417,WACC_0p5_WRT_0p5,0.41062441752096923,415,False,,,False,False,False,False,False,14.0,0.14942528735632185
UDetect,ForestCovertype,754,0.58,32,0.0,0.956290000443551,0,6,2586,2302,2559,True,0.9658091840992082,0.09407269975973002,0.47340831612005946,0.9658091840992082,0.9892917442320025,0.9115422548845219,-3.181649610463174,-2.10523109526996,2.3061762316703245,1.5150308215472654,0.4335808906591327,0.09407269975973002,0.10334764827479456,0.009274948515064538,0.47340831612005946,0.35762440150916563,0.11578391461089382,0.9658091840992082,0.7524930621027657,0.21331612199644256,0.9892917442320025,0.7472555386480833,0.24203620558391925,0.9115422548845219,0.7013346295498706,0.21020762533465132,105.0,0.09692451071761417,731.0,0.6803355079217148,900.0,0.8378378378378378,927.0,0.8630009319664492,1031.0,0.9599254426840633,0.09692451071761417,WACC_0p1_WRT_0p9,0.687604846225536,416,False,,,False,False,False,False,False,6.0,0.05747126436781609
UDetect,ForestCovertype,141,0.7,115,0.5454545454545452,0.6218647980377293,0,2,2347,1989,1,True,0.06421744658473526,0.2687845178051226,0.17472696579588887,0.06421744658473526,0.27263129725073765,0.35047047160180045,-3.181649610463174,-2.10523109526996,2.3061762316703245,1.5150308215472654,0.4335808906591327,0.2687845178051226,0.22612385648741476,0.04266066131770782,0.17472696579588887,0.27121264516772076,0.09648567937183189,0.06421744658473526,0.47072730354545506,0.4065098569607198,0.27263129725073765,0.47230642856927785,0.1996751313185402,0.35047047160180045,0.4389526793747075,0.08848220777290705,527.0,0.4902143522833178,106.0,0.097856477166822,436.0,0.40540540540540543,524.0,0.4874184529356943,456.0,0.424044734389562,0.097856477166822,WACC_0p3_WRT_0p7,0.38098788443616033,417,False,,,False,False,False,False,False,2.0,0.011494252873563218
UDetect,ForestCovertype,980,0.58,30,0.0,0.9729224656013556,0,4,2671,4539,1595,True,0.9788194234027437,0.11199107322659677,0.48951712015468507,0.9788194234027437,0.9933664340688685,0.9099707607476553,-3.181649610463174,-2.10523109526996,2.3061762316703245,1.5150308215472654,0.4335808906591327,0.11199107322659677,0.10344213200674073,0.00854894121985604,0.48951712015468507,0.35321598426539835,0.13630113588928672,0.9788194234027437,0.7418163555587152,0.23700306784402858,0.9933664340688685,0.7470312265974123,0.2463352074714562,0.9099707607476553,0.6961490507826016,0.21382170996505367,106.0,0.097856477166822,602.0,0.5601118359739049,790.0,0.7353215284249767,921.0,0.8574091332712023,947.0,0.8816402609506058,0.097856477166822,WACC_0p1_WRT_0p9,0.6264678471575023,418,False,,,False,False,False,False,False,4.0,0.034482758620689655
UDetect,ForestCovertype,279,0.71,175,0.5909090909090907,0.5109573751887156,0,10,1005,2888,1,True,0.08047982865254383,0.38924583701932497,0.31328883103777794,0.08047982865254383,0.19256644129015604,0.31156027558510785,-3.181649610463174,-2.10523109526996,2.3061762316703245,1.5150308215472654,0.4335808906591327,0.38924583701932497,0.21822889276295734,0.17101694425636763,0.31328883103777794,0.27153021714294867,0.041758613894829266,0.08047982865254383,0.4098197788402652,0.3293399501877214,0.19256644129015604,0.44224665606255686,0.24968021477240082,0.31156027558510785,0.45325700931528784,0.14169673373018,519.0,0.4827586206896552,107.0,0.09878844361602983,189.0,0.17520969245107176,483.0,0.44920782851817337,480.0,0.44641192917054984,0.09878844361602983,WACC_0p3_WRT_0p7,0.330475302889096,419,False,,,False,False,False,False,False,10.0,0.10344827586206896
UDetect,ForestCovertype,18,0.68,325,0.4545454545454547,0.3469712006699894,0,52,535,640,4845,False,0.16622331312800448,0.5872956241610162,0.4688737859329002,0.16622331312800448,0.31107532844790386,0.4752216341856774,-3.181649610463174,-2.10523109526996,2.3061762316703245,1.5150308215472654,0.4335808906591327,0.5872956241610162,0.46213142569152693,0.12516419846948929,0.4688737859329002,0.35348933828409623,0.11538444764880396,0.16622331312800448,0.38600671857902746,0.21978340545102298,0.31107532844790386,0.429762934220225,0.11868760577232113,0.4752216341856774,0.4956837160832936,0.02046208189761617,975.0,0.907735321528425,613.0,0.570363466915191,107.0,0.09878844361602983,458.0,0.42590866728797766,529.0,0.49207828518173347,0.09878844361602983,WACC_0p5_WRT_0p5,0.4989748369058714,420,False,,,False,False,False,False,False,52.0,0.5862068965517241
UDetect,ForestCovertype,748,0.58,29,0.0,0.9816456337335658,0,3,1048,2289,2476,True,0.9856428559972665,0.1213886569836784,0.497965645654041,0.9856428559972665,0.995503471735646,0.9091465649688208,-3.181649610463174,-2.10523109526996,2.3061762316703245,1.5150308215472654,0.4335808906591327,0.1213886569836784,0.10344335455904775,0.017945302424630646,0.497965645654041,0.35576053175532657,0.14220511389871443,0.9856428559972665,0.7521325707442887,0.2335102852529778,0.995503471735646,0.7517362772950834,0.2437671944405626,0.9091465649688208,0.689816169235869,0.21933039573295188,107.0,0.09878844361602983,692.0,0.6439888164026095,891.0,0.8294501397949674,1005.0,0.9356943150046598,775.0,0.7213420316868593,0.09878844361602983,WACC_0p1_WRT_0p9,0.6458527493010251,421,False,,,False,False,False,False,False,3.0,0.022988505747126436
UDetect,ForestCovertype,837,0.7,273,0.5454545454545452,0.393199526148714,0,24,3788,3347,916,False,0.18309313124051077,0.5263260819577855,0.43771773553924537,0.18309313124051077,0.2166119368871203,0.37207557527520113,-3.181649610463174,-2.10523109526996,2.3061762316703245,1.5150308215472654,0.4335808906591327,0.5263260819577855,0.36747360043960065,0.15885248151818487,0.43771773553924537,0.3678776729091487,0.06984006263009668,0.18309313124051077,0.38658202912944656,0.2034888978889358,0.2166119368871203,0.3259723469276487,0.1093604100405284,0.37207557527520113,0.3222100577862385,0.04986551748896262,743.0,0.6915191053122087,789.0,0.7343895619757689,108.0,0.09972041006523766,162.0,0.1500465983224604,198.0,0.18359739049394222,0.09972041006523766,WACC_0p5_WRT_0p5,0.37185461323392355,422,False,,,False,False,False,False,False,24.0,0.26436781609195403
UDetect,ForestCovertype,597,0.69,291,0.4999999999999997,0.3762730045969474,0,44,4447,4472,2779,False,0.1673980813863185,0.5498418245895148,0.446179277741614,0.1673980813863185,0.26535950649752227,0.42306397450544975,-3.181649610463174,-2.10523109526996,2.3061762316703245,1.5150308215472654,0.4335808906591327,0.5498418245895148,0.4301035705468583,0.11973825404265648,0.446179277741614,0.4473236360943252,0.0011443583527112056,0.1673980813863185,0.42970045951067204,0.26230237812435353,0.26535950649752227,0.31798013823017063,0.05262063173264836,0.42306397450544975,0.3454704030625638,0.07759357144288592,878.0,0.8173345759552656,979.0,0.9114631873252563,274.0,0.25442684063373716,108.0,0.09972041006523766,245.0,0.22739981360671016,0.09972041006523766,WACC_0p7_WRT_0p3,0.46206896551724136,423,False,,,False,False,False,False,False,44.0,0.4942528735632184
UDetect,ForestCovertype,876,0.73,750,0.6818181818181817,0.1249646351056084,0,46,1285,642,2028,False,0.6044872936772299,0.8150790714902565,0.7792355973174424,0.6044872936772299,0.11404432410149787,0.24925199170775217,-3.181649610463174,-2.10523109526996,2.3061762316703245,1.5150308215472654,0.4335808906591327,0.8150790714902565,0.5091408496601876,0.3059382218300689,0.7792355973174424,0.4402092273791957,0.3390263699382467,0.6044872936772299,0.46847032756226165,0.13601696611496822,0.11404432410149787,0.3462944521866381,0.23225012808514026,0.24925199170775217,0.2797750909050278,0.03052309919727561,1048.0,0.9757688723205965,960.0,0.8937558247903076,428.0,0.3979496738117428,264.0,0.2451071761416589,108.0,0.09972041006523766,0.09972041006523766,WACC_0p9_WRT_0p1,0.5224603914259087,424,False,,,False,False,False,False,False,46.0,0.5172413793103449
UDetect,ForestCovertype,498,0.58,61,0.0,0.7885225855217226,0,25,1,1,937,True,0.8345782333796563,0.13450134985496429,0.31092293678930577,0.8345782333796563,0.94819139175548,0.9273935136369386,-3.181649610463174,-2.10523109526996,2.3061762316703245,1.5150308215472654,0.4335808906591327,0.13450134985496429,0.14822475129447465,0.013723401439510369,0.31092293678930577,0.2722983206855094,0.03862461610379636,0.8345782333796563,0.6683539432109175,0.16622429016873885,0.94819139175548,0.7385115332176464,0.20967985853783355,0.9273935136369386,0.7008498030450686,0.22654371059186995,419.0,0.3895619757688723,108.0,0.09972041006523766,646.0,0.6011183597390494,728.0,0.6775396085740913,1024.0,0.9534016775396086,0.09972041006523766,WACC_0p3_WRT_0p7,0.5442684063373718,425,False,,,False,False,False,False,False,25.0,0.27586206896551724
UDetect,ForestCovertype,344,0.58,28,0.0,0.9906645581969952,0,2,83,3234,2567,True,0.9926976349741923,0.13110486292620857,0.5067006158106627,0.9926976349741923,0.9977129650069035,0.9082944250857279,-3.181649610463174,-2.10523109526996,2.3061762316703245,1.5150308215472654,0.4335808906591327,0.13110486292620857,0.10344486896963409,0.02765999395657448,0.5067006158106627,0.34879521417970966,0.15790540163095307,0.9926976349741923,0.7498681179142491,0.24282951705994316,0.9977129650069035,0.7581270132919148,0.23958595171498875,0.9082944250857279,0.6889670380686997,0.21932738701702814,108.0,0.09972041006523766,469.0,0.4361602982292637,857.0,0.7977632805219013,1061.0,0.9878844361602982,762.0,0.7092264678471575,0.09972041006523766,WACC_0p1_WRT_0p9,0.6061509785647716,426,False,,,False,False,False,False,False,2.0,0.011494252873563218
UDetect,ForestCovertype,153,0.73,198,0.6818181818181817,0.4782830068862341,0,2,2386,1024,1,False,0.18992849043436452,0.4171429731901208,0.3728797489131627,0.18992849043436452,0.07877314274316873,0.21586922226061672,-3.181649610463174,-2.10523109526996,2.3061762316703245,1.5150308215472654,0.4335808906591327,0.4171429731901208,0.3795506776012013,0.03759229558891947,0.3728797489131627,0.3300974087279793,0.0427823401851834,0.18992849043436452,0.3926766283118108,0.2027481378774463,0.07877314274316873,0.3180162852059824,0.2392431424628137,0.21586922226061672,0.28642577424107607,0.07055655198045935,761.0,0.7082945013979497,313.0,0.2907735321528425,134.0,0.1239515377446412,109.0,0.10065237651444547,123.0,0.11369990680335508,0.10065237651444547,WACC_0p7_WRT_0p3,0.2674743709226468,427,False,,,False,False,False,False,False,2.0,0.011494252873563218
UDetect,ForestCovertype,107,0.72,398,0.6363636363636361,0.293215541029599,0,27,1065,1385,3565,False,0.37151813963462926,0.6300328233837503,0.5747222798542782,0.37151813963462926,0.08632885110992294,0.28274417262055934,-3.181649610463174,-2.10523109526996,2.3061762316703245,1.5150308215472654,0.4335808906591327,0.6300328233837503,0.4844527479027473,0.14558007548100305,0.5747222798542782,0.4020578698731073,0.17266440998117083,0.37151813963462926,0.3868235360999335,0.01530539646530421,0.08632885110992294,0.3186472813646546,0.23231843025473164,0.28274417262055934,0.3440684842861319,0.06132431166557256,1014.0,0.9440820130475303,880.0,0.8191985088536813,109.0,0.10065237651444547,114.0,0.10531220876048462,244.0,0.22646784715750232,0.10065237651444547,WACC_0p5_WRT_0p5,0.4391425908667288,428,False,,,False,False,False,False,False,27.0,0.2988505747126437
UDetect,ForestCovertype,904,0.71,479,0.5909090909090907,0.2440461134150342,0,42,3920,2560,1804,False,0.39365463667425366,0.6898631685418779,0.620266788849845,0.39365463667425366,0.12717742075858687,0.33677899565825237,-3.181649610463174,-2.10523109526996,2.3061762316703245,1.5150308215472654,0.4335808906591327,0.6898631685418779,0.44489227221996247,0.24497089632191543,0.620266788849845,0.45654387802470525,0.16372291082513973,0.39365463667425366,0.48106160790069147,0.08740697122643781,0.12717742075858687,0.3195216020169171,0.19234418125833022,0.33677899565825237,0.28012802140484905,0.05665097425340332,928.0,0.863932898415657,997.0,0.9282385834109972,472.0,0.43895619757688725,124.0,0.11463187325256291,109.0,0.10065237651444547,0.10065237651444547,WACC_0p9_WRT_0p1,0.48928238583411005,429,False,,,False,False,False,False,False,42.0,0.47126436781609193
UDetect,ForestCovertype,42,0.58,30,0.0,0.9729224656013556,0,4,3380,5000,5000,True,0.9788194234027437,0.11199107322659677,0.48951712015468507,0.9788194234027437,0.9933664340688685,0.9099707607476553,-3.181649610463174,-2.10523109526996,2.3061762316703245,1.5150308215472654,0.4335808906591327,0.11199107322659677,0.10346247959966115,0.008528593626935616,0.48951712015468507,0.35039283615222844,0.13912428400245663,0.9788194234027437,0.7551725632315688,0.22364686017117497,0.9933664340688685,0.7412934500285904,0.2520729840402781,0.9099707607476553,0.6915359086602421,0.2184348520874132,109.0,0.10065237651444547,507.0,0.47157502329916123,960.0,0.8937558247903076,791.0,0.7362534948741846,819.0,0.7623485554520038,0.10065237651444547,WACC_0p1_WRT_0p9,0.5929170549860204,430,False,,,False,False,False,False,False,4.0,0.034482758620689655
UDetect,ForestCovertype,665,0.7,398,0.5454545454545452,0.293215541029599,0,43,3647,2819,3435,False,0.3004072720408893,0.6389362378641511,0.552710558853696,0.3004072720408893,0.19211744829815444,0.381522415830975,-3.181649610463174,-2.10523109526996,2.3061762316703245,1.5150308215472654,0.4335808906591327,0.6389362378641511,0.4520249091226332,0.1869113287415179,0.552710558853696,0.4663114468633175,0.08639911199037853,0.3004072720408893,0.47281723131744313,0.17240995927655384,0.19211744829815444,0.318270592812242,0.12615314451408757,0.381522415830975,0.30638003572925915,0.07514238010171587,948.0,0.8825722273998136,1013.0,0.9431500465983225,442.0,0.4109972041006524,110.0,0.1015843429636533,165.0,0.15284249767008387,0.1015843429636533,WACC_0p7_WRT_0p3,0.49822926374650517,431,False,,,False,False,False,False,False,43.0,0.4827586206896552
UDetect,ForestCovertype,806,0.74,560,0.7272727272727272,0.2025623426870327,0,28,3150,925,2283,False,0.5489950623690468,0.7232304682540577,0.7009953703879659,0.5489950623690468,0.10630882458933577,0.19253116422842886,-3.181649610463174,-2.10523109526996,2.3061762316703245,1.5150308215472654,0.4335808906591327,0.7232304682540577,0.4961105153710279,0.22711995288302977,0.7009953703879659,0.419489902368004,0.2815054680199619,0.5489950623690468,0.461943368585356,0.08705169378369082,0.10630882458933577,0.3456888926691575,0.2393800680798217,0.19253116422842886,0.2808790783293926,0.08834791410096371,1034.0,0.9627213420316869,907.0,0.8443616029822927,404.0,0.37558247903075487,262.0,0.24324324324324326,110.0,0.1015843429636533,0.1015843429636533,WACC_0p9_WRT_0p1,0.5054986020503263,432,False,,,False,False,False,False,False,28.0,0.3103448275862069
UDetect,ForestCovertype,263,0.58,31,0.0,0.9644762707294906,0,5,2214,5000,5000,True,0.9722126447054984,0.10289187640567356,0.48133684761310763,0.9722126447054984,0.9912972504524864,0.9107687871132021,-3.181649610463174,-2.10523109526996,2.3061762316703245,1.5150308215472654,0.4335808906591327,0.10289187640567356,0.10346861422076398,0.0005767378150904195,0.48133684761310763,0.3506101862518274,0.13072666136128025,0.9722126447054984,0.7573748585210524,0.21483778618444604,0.9912972504524864,0.7427987915797388,0.24849845887274757,0.9107687871132021,0.6908110330818783,0.21995775403132378,110.0,0.1015843429636533,519.0,0.4827586206896552,1012.0,0.9422180801491147,830.0,0.7726001863932899,802.0,0.7465051258154707,0.1015843429636533,WACC_0p1_WRT_0p9,0.6091332712022368,433,False,,,False,False,False,False,False,5.0,0.04597701149425287
UDetect,ForestCovertype,37,0.69,192,0.4999999999999997,0.4864275039456561,0,23,3979,5000,1,True,0.03815057808872247,0.4257768022695129,0.3194892196707425,0.03815057808872247,0.29234560956298555,0.4126561877923214,-3.181649610463174,-2.10523109526996,2.3061762316703245,1.5150308215472654,0.4335808906591327,0.4257768022695129,0.23116678745398733,0.1946100148155256,0.3194892196707425,0.27537040564305015,0.044118814027692355,0.03815057808872247,0.4144695326244991,0.37631895453577663,0.29234560956298555,0.4522141167083498,0.15986850714536427,0.4126561877923214,0.4531185342047601,0.04046234641243873,539.0,0.5013979496738118,111.0,0.10251630941286113,208.0,0.1929170549860205,499.0,0.4641192917054986,479.0,0.44547996272134205,0.10251630941286113,WACC_0p3_WRT_0p7,0.34128611369990686,434,False,,,False,False,False,False,False,23.0,0.25287356321839083
UDetect,ForestCovertype,294,0.7,358,0.5454545454545452,0.3213189867555772,0,36,4615,3655,1032,False,0.2674326753097684,0.6072838347224058,0.5203884368154054,0.2674326753097684,0.19900234621281052,0.3788671028773568,-3.181649610463174,-2.10523109526996,2.3061762316703245,1.5150308215472654,0.4335808906591327,0.6072838347224058,0.38313868495888026,0.2241451497635255,0.5203884368154054,0.3808472101446084,0.139541226670797,0.2674326753097684,0.38720714058193045,0.11977446527216207,0.19900234621281052,0.3189854655167083,0.1199831193038978,0.3788671028773568,0.33028174420470496,0.048585358672651846,768.0,0.7148182665424044,818.0,0.7614165890027959,111.0,0.10251630941286113,118.0,0.10904007455731593,212.0,0.1966449207828518,0.10251630941286113,WACC_0p5_WRT_0p5,0.3768872320596458,435,False,,,False,False,False,False,False,36.0,0.40229885057471265
UDetect,ForestCovertype,384,0.78,1007,0.9090909090909092,0.0466664497133414,0,6,2938,454,1,False,0.8741340189168092,0.8810063667872134,0.9243166154804467,0.8741340189168092,0.38950714337143366,0.041628307373882296,-3.181649610463174,-2.10523109526996,2.3061762316703245,1.5150308215472654,0.4335808906591327,0.8810063667872134,0.46057703535574823,0.4204293314314652,0.9243166154804467,0.4245945284383997,0.49972208704204707,0.8741340189168092,0.4800819624771266,0.3940520564396826,0.38950714337143366,0.3223046247217967,0.06720251864963694,0.041628307373882296,0.28100328719149337,0.23937497981761108,970.0,0.9030754892823858,919.0,0.8555452003727866,467.0,0.4342963653308481,139.0,0.12861136999068035,111.0,0.10251630941286113,0.10251630941286113,WACC_0p9_WRT_0p1,0.4848089468779124,436,False,,,False,False,False,False,False,6.0,0.05747126436781609
UDetect,ForestCovertype,966,0.58,33,0.0,0.948348133291504,0,7,347,3460,3548,True,0.9595969004007491,0.08551682182435125,0.4657164929051875,0.9595969004007491,0.9873461128981531,0.9122926305833013,-3.181649610463174,-2.10523109526996,2.3061762316703245,1.5150308215472654,0.4335808906591327,0.08551682182435125,0.10349907981412083,0.017982257989769587,0.4657164929051875,0.35089739410061377,0.11481909880457375,0.9595969004007491,0.754947739078843,0.20464916132190603,0.9873461128981531,0.743956204597936,0.24338990830021712,0.9122926305833013,0.685918748080726,0.2263738825025754,111.0,0.10251630941286113,523.0,0.4864864864864865,955.0,0.8890959925442684,856.0,0.7968313140726934,694.0,0.6458527493010252,0.10251630941286113,WACC_0p1_WRT_0p9,0.584156570363467,437,False,,,False,False,False,False,False,7.0,0.06896551724137931
UDetect,ForestCovertype,969,0.69,132,0.4999999999999997,0.5854824360932954,0,8,2412,2368,883,False,0.08909160272724896,0.3142130219385811,0.20556491171974112,0.08909160272724896,0.3166124949274827,0.4032971274473375,-3.181649610463174,-2.10523109526996,2.3061762316703245,1.5150308215472654,0.4335808906591327,0.3142130219385811,0.3031598287741286,0.011053193164452468,0.20556491171974112,0.27571134915047657,0.07014643743073545,0.08909160272724896,0.39830935935364287,0.3092177566263939,0.3166124949274827,0.3778029670463278,0.061190472118845096,0.4032971274473375,0.37954324578728477,0.02375388166005271,634.0,0.5899347623485555,112.0,0.10344827586206896,149.0,0.13793103448275862,353.0,0.32805219012115566,327.0,0.3038210624417521,0.10344827586206896,WACC_0p3_WRT_0p7,0.29263746505125815,438,False,,,False,False,False,False,False,8.0,0.08045977011494253
UDetect,ForestCovertype,1001,0.58,30,0.0,0.9729224656013556,0,4,2198,1055,4793,True,0.9788194234027437,0.11199107322659677,0.48951712015468507,0.9788194234027437,0.9933664340688685,0.9099707607476553,-3.181649610463174,-2.10523109526996,2.3061762316703245,1.5150308215472654,0.4335808906591327,0.11199107322659677,0.10352270168237789,0.00846837154421888,0.48951712015468507,0.35443019432400275,0.13508692583068233,0.9788194234027437,0.7549044984683122,0.22391492493443155,0.9933664340688685,0.7439408471236431,0.24942558694522543,0.9099707607476553,0.6897846615074683,0.22018609924018695,112.0,0.10344827586206896,653.0,0.6076421248835042,952.0,0.8863000931966449,854.0,0.7949673811742777,773.0,0.7194780987884436,0.10344827586206896,WACC_0p1_WRT_0p9,0.6223671947809879,439,False,,,False,False,False,False,False,4.0,0.034482758620689655
UDetect,ForestCovertype,386,0.72,235,0.6363636363636361,0.4329172381147796,0,7,1057,2380,1,True,0.20760204304798252,0.4726893261186227,0.414049622623157,0.20760204304798252,0.12055354840554926,0.2695446621573339,-3.181649610463174,-2.10523109526996,2.3061762316703245,1.5150308215472654,0.4335808906591327,0.4726893261186227,0.2413220729624523,0.23136725315617038,0.414049622623157,0.27955814794049827,0.1344914746826587,0.20760204304798252,0.3873985668078198,0.1797965237598373,0.12055354840554926,0.38946545611877115,0.2689119077132219,0.2695446621573339,0.4085494652804583,0.1390048031231244,557.0,0.5181733457595527,128.0,0.11835973904939422,113.0,0.1043802423112768,381.0,0.35414725069897485,398.0,0.3699906803355079,0.1043802423112768,WACC_0p5_WRT_0p5,0.2930102516309413,440,False,,,False,False,False,False,False,7.0,0.06896551724137931
UDetect,ForestCovertype,728,0.58,33,0.0,0.948348133291504,0,7,2305,1897,3386,True,0.9595969004007491,0.08551682182435125,0.4657164929051875,0.9595969004007491,0.9873461128981531,0.9122926305833013,-3.181649610463174,-2.10523109526996,2.3061762316703245,1.5150308215472654,0.4335808906591327,0.08551682182435125,0.1035236102563807,0.01800678843202945,0.4657164929051875,0.35845957407234297,0.10725691883284455,0.9595969004007491,0.7556764813431396,0.2039204190576095,0.9873461128981531,0.7468295388721788,0.24051657402597426,0.9122926305833013,0.6958623110147115,0.21643031956858982,113.0,0.1043802423112768,742.0,0.6905871388630009,973.0,0.9058713886300093,917.0,0.8536812674743709,939.0,0.8741845293569431,0.1043802423112768,WACC_0p1_WRT_0p9,0.6857409133271203,441,False,,,False,False,False,False,False,7.0,0.06896551724137931
UDetect,ForestCovertype,101,0.69,245,0.4999999999999997,0.4218769488123545,0,35,915,3486,1751,False,0.11388963674525701,0.4984789262020971,0.3937296149945566,0.11388963674525701,0.2765317486307533,0.41875515255557333,-3.181649610463174,-2.10523109526996,2.3061762316703245,1.5150308215472654,0.4335808906591327,0.4984789262020971,0.34829850543577856,0.15018042076631855,0.3937296149945566,0.34675518014634543,0.04697443484821118,0.11388963674525701,0.3876429745034143,0.27375333775815724,0.2765317486307533,0.35957490390245433,0.08304315527170103,0.41875515255557333,0.38900481654421304,0.02975033601136029,702.0,0.6533084808946877,437.0,0.4063373718546132,114.0,0.10531220876048462,298.0,0.2767940354147251,361.0,0.33550792171481825,0.10531220876048462,WACC_0p5_WRT_0p5,0.3554520037278658,442,False,,,False,False,False,False,False,35.0,0.39080459770114945
UDetect,ForestCovertype,602,0.7,639,0.5454545454545452,0.1675132483194646,0,55,4072,1333,4021,False,0.4478974570776108,0.780512458926074,0.6972823272085699,0.4478974570776108,0.1613223827611379,0.39339921305318193,-3.181649610463174,-2.10523109526996,2.3061762316703245,1.5150308215472654,0.4335808906591327,0.780512458926074,0.5394980022569337,0.24101445666914034,0.6972823272085699,0.47912036971671834,0.21816195749185152,0.4478974570776108,0.48631925743455884,0.03842180035694803,0.1613223827611379,0.33007612687760957,0.16875374411647168,0.39339921305318193,0.28252357765619246,0.11087563539698947,1068.0,0.994408201304753,1029.0,0.9580615097856477,488.0,0.4538676607642125,187.0,0.1733457595526561,114.0,0.10531220876048462,0.10531220876048462,WACC_0p9_WRT_0p1,0.5369990680335508,443,False,,,False,False,False,False,False,55.0,0.6206896551724138
UDetect,ForestCovertype,406,0.58,32,0.0,0.956290000443551,0,6,4193,4290,4574,True,0.9658091840992082,0.09407269975973002,0.47340831612005946,0.9658091840992082,0.9892917442320025,0.9115422548845219,-3.181649610463174,-2.10523109526996,2.3061762316703245,1.5150308215472654,0.4335808906591327,0.09407269975973002,0.10358823143368832,0.0095155316739583,0.47340831612005946,0.35704340297535525,0.11636491314470421,0.9658091840992082,0.7565513470154337,0.20925783708377454,0.9892917442320025,0.7386900565380515,0.25060168769395097,0.9115422548845219,0.6954855708325858,0.21605668405193612,114.0,0.10531220876048462,721.0,0.6710158434296365,993.0,0.9245107176141659,732.0,0.6812674743709226,930.0,0.8657968313140727,0.10531220876048462,WACC_0p1_WRT_0p9,0.6495806150978565,444,False,,,False,False,False,False,False,6.0,0.05747126436781609
UDetect,ForestCovertype,794,0.71,512,0.5909090909090907,0.2263576618705959,0,45,3420,2121,4844,False,0.41440901541353636,0.709785351917429,0.6406104967019833,0.41440901541353636,0.12284403102626575,0.3384502631239348,-3.181649610463174,-2.10523109526996,2.3061762316703245,1.5150308215472654,0.4335808906591327,0.709785351917429,0.46144216671555277,0.2483431852018762,0.6406104967019833,0.4767504910264095,0.16386000567557385,0.41440901541353636,0.48654949806996683,0.07214048265643047,0.12284403102626575,0.3186698115810857,0.19582578055481997,0.3384502631239348,0.30598140241827376,0.03246886070566102,972.0,0.9049394221808015,1026.0,0.9552656104380243,490.0,0.45573159366262816,115.0,0.10624417520969245,164.0,0.15191053122087605,0.10624417520969245,WACC_0p7_WRT_0p3,0.5148182665424045,445,False,,,False,False,False,False,False,45.0,0.5057471264367817
UDetect,ForestCovertype,427,0.58,29,0.0,0.9816456337335658,0,3,2569,3626,2248,True,0.9856428559972665,0.1213886569836784,0.497965645654041,0.9856428559972665,0.995503471735646,0.9091465649688208,-3.181649610463174,-2.10523109526996,2.3061762316703245,1.5150308215472654,0.4335808906591327,0.1213886569836784,0.10360726836796107,0.017781388615717333,0.497965645654041,0.3530867300305329,0.14487891562350808,0.9856428559972665,0.7527740199003151,0.23286883609695141,0.995503471735646,0.7511354449270163,0.24436802680862968,0.9091465649688208,0.7016633802415545,0.20748318472726635,115.0,0.10624417520969245,598.0,0.5563839701770736,905.0,0.842497670083877,998.0,0.9291705498602051,1038.0,0.9664492078285182,0.10624417520969245,WACC_0p1_WRT_0p9,0.6801491146318732,446,False,,,False,False,False,False,False,3.0,0.022988505747126436
UDetect,ForestCovertype,1032,0.69,405,0.4999999999999997,0.2885887671489728,0,71,3962,4165,1076,False,0.27028056767340386,0.648598996928502,0.547026008468589,0.27028056767340386,0.24387826076558983,0.431348691397248,-3.181649610463174,-2.10523109526996,2.3061762316703245,1.5150308215472654,0.4335808906591327,0.648598996928502,0.3674519471731931,0.28114704975530885,0.547026008468589,0.3658825169212918,0.18114349154729714,0.27028056767340386,0.38768215777156595,0.11740159009816209,0.24387826076558983,0.3210233559388751,0.07714509517328527,0.431348691397248,0.34290875701197787,0.08843993438527015,742.0,0.6905871388630009,781.0,0.7269338303821062,116.0,0.10717614165890028,131.0,0.1211556383970177,239.0,0.22180801491146318,0.10717614165890028,WACC_0p5_WRT_0p5,0.3735321528424977,447,False,,,False,False,False,False,False,71.0,0.8045977011494253
UDetect,ForestCovertype,585,0.58,36,0.0,0.9258530952252368,0,10,3375,3091,3867,True,0.9420008419928378,0.061282621457869904,0.4439296948254753,0.9420008419928378,0.9818351857975168,0.914418041344384,-3.181649610463174,-2.10523109526996,2.3061762316703245,1.5150308215472654,0.4335808906591327,0.061282621457869904,0.10360946738250675,0.04232684592463684,0.4439296948254753,0.3538760813690811,0.09005361345639418,0.9420008419928378,0.7592528591523029,0.18274798284053495,0.9818351857975168,0.7400719981057473,0.24176318769176952,0.914418041344384,0.6938105959766167,0.22060744536776733,116.0,0.10717614165890028,631.0,0.587138863000932,1045.0,0.972972972972973,767.0,0.7138863000931966,875.0,0.8145386766076421,0.10717614165890028,WACC_0p1_WRT_0p9,0.6391425908667288,448,False,,,False,False,False,False,False,10.0,0.10344827586206896
UDetect,ForestCovertype,741,0.72,276,0.6363636363636361,0.3903025887111239,0,13,3136,2532,681,False,0.25760306045435377,0.5206854357708208,0.46306126027336497,0.25760306045435377,0.11011363603061168,0.2735710449603092,-3.181649610463174,-2.10523109526996,2.3061762316703245,1.5150308215472654,0.4335808906591327,0.5206854357708208,0.3361171124855848,0.18456832328523604,0.46306126027336497,0.33245000702747257,0.1306112532458924,0.25760306045435377,0.3882379460552029,0.13063488560084913,0.11011363603061168,0.32430127223295224,0.21418763620234055,0.2735710449603092,0.3131089703614235,0.03953792540111428,674.0,0.6272134203168686,327.0,0.3038210624417521,117.0,0.10810810810810811,149.0,0.13793103448275862,180.0,0.1668219944082013,0.10810810810810811,WACC_0p5_WRT_0p5,0.26877912395153775,449,False,,,False,False,False,False,False,13.0,0.13793103448275862
UDetect,ForestCovertype,461,0.69,198,0.4999999999999997,0.4782830068862341,0,24,5000,4756,1,True,0.04770675524688451,0.43494980215092205,0.32885630691199835,0.04770675524688451,0.2903503371196317,0.41342570868144835,-3.181649610463174,-2.10523109526996,2.3061762316703245,1.5150308215472654,0.4335808906591327,0.43494980215092205,0.22055634509464744,0.2143934570562746,0.32885630691199835,0.2767336434899832,0.05212266342201516,0.04770675524688451,0.4170051771516057,0.3692984219047212,0.2903503371196317,0.44165881922683004,0.15130848210719833,0.41342570868144835,0.44014102558354723,0.026715316902098885,520.0,0.483690587138863,117.0,0.10810810810810811,214.0,0.19850885368126747,480.0,0.44641192917054984,459.0,0.42684063373718545,0.10810810810810811,WACC_0p3_WRT_0p7,0.33271202236719477,450,False,,,False,False,False,False,False,24.0,0.26436781609195403
UDetect,ForestCovertype,277,0.58,30,0.0,0.9729224656013556,0,4,1204,2353,2873,True,0.9788194234027437,0.11199107322659677,0.48951712015468507,0.9788194234027437,0.9933664340688685,0.9099707607476553,-3.181649610463174,-2.10523109526996,2.3061762316703245,1.5150308215472654,0.4335808906591327,0.11199107322659677,0.10361117876273603,0.00837989446386074,0.48951712015468507,0.35404387072301113,0.13547324943167394,0.9788194234027437,0.7585102535734387,0.22030916982930504,0.9933664340688685,0.7492779821767348,0.24408845189213368,0.9099707607476553,0.6919408312697716,0.2180299294778837,117.0,0.10810810810810811,635.0,0.5908667287977633,1032.0,0.9608574091332712,965.0,0.8984156570363467,830.0,0.7726001863932899,0.10810810810810811,WACC_0p1_WRT_0p9,0.6661696178937558,451,False,,,False,False,False,False,False,4.0,0.034482758620689655
UDetect,ForestCovertype,223,0.67,148,0.4090909090909093,0.5552618616797715,0,17,534,5000,1481,False,0.1721187801948001,0.3571533233487489,0.21831024876055913,0.1721187801948001,0.414997531293026,0.50493071741802,-3.181649610463174,-2.10523109526996,2.3061762316703245,1.5150308215472654,0.4335808906591327,0.3571533233487489,0.29361854440955776,0.06353477893919113,0.21831024876055913,0.2770803063584779,0.058770057597918784,0.1721187801948001,0.4212095122067541,0.24909073201195403,0.414997531293026,0.4334500739433472,0.018452542650321202,0.50493071741802,0.46023079177618303,0.044699925641836946,617.0,0.5740913327120224,118.0,0.10904007455731593,238.0,0.22087604846225536,464.0,0.4315004659832246,492.0,0.4575955265610438,0.10904007455731593,WACC_0p3_WRT_0p7,0.3586206896551724,452,False,,,False,False,False,False,False,17.0,0.1839080459770115
UDetect,ForestCovertype,69,0.73,422,0.6818181818181817,0.2776763628592404,0,29,5000,2252,1,True,0.4253061467143889,0.6430826117514334,0.603599942200305,0.4253061467143889,0.029627700629254478,0.2348232475307058,-3.181649610463174,-2.10523109526996,2.3061762316703245,1.5150308215472654,0.4335808906591327,0.6430826117514334,0.34292655275711936,0.3001560589943141,0.603599942200305,0.3886886657296134,0.21491127647069158,0.4253061467143889,0.4593215695098576,0.03401542279546871,0.029627700629254478,0.35289804860524243,0.32327034797598797,0.2348232475307058,0.28452525841068405,0.04970201087997825,688.0,0.6402609506057781,839.0,0.7809878844361603,400.0,0.3718546132339236,278.0,0.2581547064305685,118.0,0.10904007455731593,0.10904007455731593,WACC_0p9_WRT_0p1,0.43205964585274936,453,False,,,False,False,False,False,False,29.0,0.3218390804597701
UDetect,ForestCovertype,580,0.58,28,0.0,0.9906645581969952,0,2,1289,1701,4785,True,0.9926976349741923,0.13110486292620857,0.5067006158106627,0.9926976349741923,0.9977129650069035,0.9082944250857279,-3.181649610463174,-2.10523109526996,2.3061762316703245,1.5150308215472654,0.4335808906591327,0.13110486292620857,0.10361309391512646,0.027491769011082107,0.5067006158106627,0.3513016428278187,0.155398972982844,0.9926976349741923,0.7550454539458105,0.23765218102838181,0.9977129650069035,0.7429001956797904,0.25481276932711316,0.9082944250857279,0.684083889018887,0.22421053606684094,118.0,0.10904007455731593,539.0,0.5013979496738118,958.0,0.8918918918918919,832.0,0.7744641192917054,669.0,0.6225535880708295,0.10904007455731593,WACC_0p1_WRT_0p9,0.5798695246971108,454,False,,,False,False,False,False,False,2.0,0.011494252873563218
UDetect,ForestCovertype,137,0.72,353,0.6363636363636361,0.3250502231307164,0,24,1804,2745,1,False,0.3341655738822587,0.5941779961295098,0.5381088165104807,0.3341655738822587,0.09412784268372547,0.27973631925689585,-3.181649610463174,-2.10523109526996,2.3061762316703245,1.5150308215472654,0.4335808906591327,0.5941779961295098,0.27442537432640024,0.3197526218031096,0.5381088165104807,0.30210526668988097,0.23600354982059973,0.3341655738822587,0.3888470681729376,0.05468149429067892,0.09412784268372547,0.3454944937712744,0.2513666510875489,0.27973631925689585,0.33874797658460665,0.0590116573277108,598.0,0.5563839701770736,203.0,0.18825722273998136,119.0,0.10997204100652376,261.0,0.2423112767940354,232.0,0.21528424976700838,0.10997204100652376,WACC_0p5_WRT_0p5,0.26244175209692455,455,False,,,False,False,False,False,False,24.0,0.26436781609195403
UDetect,ForestCovertype,240,0.66,103,0.3636363636363638,0.6509153906216285,0,12,393,4349,1567,False,0.30027399063611565,0.2538721892313662,0.09729207638941662,0.30027399063611565,0.4913254254811698,0.545282155283834,-3.181649610463174,-2.10523109526996,2.3061762316703245,1.5150308215472654,0.4335808906591327,0.2538721892313662,0.29803826396756494,0.04416607473619877,0.09729207638941662,0.27715167213703434,0.17985959574761773,0.30027399063611565,0.4327804112300263,0.13250642059391066,0.4913254254811698,0.4508663312884639,0.040459094192705936,0.545282155283834,0.4781369525820161,0.06714520270181784,625.0,0.581547064305685,119.0,0.10997204100652376,290.0,0.26933830382106244,496.0,0.4613233923578751,512.0,0.4762348555452004,0.10997204100652376,WACC_0p3_WRT_0p7,0.37968313140726934,456,False,,,False,False,False,False,False,12.0,0.12643678160919541
UDetect,ForestCovertype,981,0.71,378,0.5909090909090907,0.3068963337332506,0,31,1193,2034,3402,False,0.319910630702077,0.6190761009894897,0.5479819697188938,0.319910630702077,0.14257472666277235,0.3308406845423861,-3.181649610463174,-2.10523109526996,2.3061762316703245,1.5150308215472654,0.4335808906591327,0.6190761009894897,0.4363490678857851,0.18272703310370464,0.5479819697188938,0.44467198438390626,0.10330998533498753,0.319910630702077,0.44983896905667836,0.12992833835460138,0.14257472666277235,0.31916943650314583,0.17659470984037348,0.3308406845423861,0.32588827708827994,0.004952407454106134,904.0,0.8415657036346692,973.0,0.9058713886300093,360.0,0.33457595526561046,119.0,0.10997204100652376,205.0,0.19012115563839702,0.10997204100652376,WACC_0p7_WRT_0p3,0.47642124883504194,457,False,,,False,False,False,False,False,31.0,0.3448275862068966
UDetect,ForestCovertype,238,0.58,28,0.0,0.9906645581969952,0,2,950,5000,3608,True,0.9926976349741923,0.13110486292620857,0.5067006158106627,0.9926976349741923,0.9977129650069035,0.9082944250857279,-3.181649610463174,-2.10523109526996,2.3061762316703245,1.5150308215472654,0.4335808906591327,0.13110486292620857,0.1036210115356331,0.027483851390575464,0.5067006158106627,0.3482074210195951,0.1584931947910676,0.9926976349741923,0.7517543430261125,0.24094329194807973,0.9977129650069035,0.7429247228197701,0.2547882421871335,0.9082944250857279,0.6847142834817664,0.22358014160396145,119.0,0.10997204100652376,459.0,0.42684063373718545,887.0,0.825722273998136,833.0,0.7753960857409133,678.0,0.6309412861136999,0.10997204100652376,WACC_0p1_WRT_0p9,0.5537744641192917,458,False,,,False,False,False,False,False,2.0,0.011494252873563218
UDetect,ForestCovertype,542,0.74,635,0.7272727272727272,0.1691811709775627,0,34,3404,1064,2492,False,0.588162169714698,0.7608270788118612,0.739387470641255,0.588162169714698,0.12879793125485298,0.19568513540019786,-3.181649610463174,-2.10523109526996,2.3061762316703245,1.5150308215472654,0.4335808906591327,0.7608270788118612,0.5015941474956861,0.2592329313161751,0.739387470641255,0.43999584003041453,0.29939163061084045,0.588162169714698,0.4743864902812308,0.11377567943346723,0.12879793125485298,0.3377277821687274,0.20892985091387442,0.19568513540019786,0.2847254000746991,0.08904026467450124,1041.0,0.9692451071761417,958.0,0.8918918918918919,449.0,0.4175209692451072,231.0,0.21435228331780057,120.0,0.11090400745573159,0.11090400745573159,WACC_0p9_WRT_0p1,0.5207828518173346,459,False,,,False,False,False,False,False,34.0,0.3793103448275862
UDetect,ForestCovertype,999,0.58,29,0.0,0.9816456337335658,0,3,3419,2455,2859,True,0.9856428559972665,0.1213886569836784,0.497965645654041,0.9856428559972665,0.995503471735646,0.9091465649688208,-3.181649610463174,-2.10523109526996,2.3061762316703245,1.5150308215472654,0.4335808906591327,0.1213886569836784,0.1036392184873976,0.0177494384962808,0.497965645654041,0.35626940455856376,0.14169624109547724,0.9856428559972665,0.7630332008381896,0.22260965515907694,0.995503471735646,0.7454103559615052,0.25009311577414084,0.9091465649688208,0.6977394232936348,0.21140714167518604,120.0,0.11090400745573159,706.0,0.6570363466915191,1074.0,1.0,892.0,0.8303821062441752,978.0,0.9105312208760484,0.11090400745573159,WACC_0p1_WRT_0p9,0.7017707362534948,460,False,,,False,False,False,False,False,3.0,0.022988505747126436
UDetect,ForestCovertype,943,0.72,381,0.6363636363636361,0.3047988238462767,0,25,2732,1657,3279,False,0.3579271343384567,0.6169867812367044,0.5614002023960466,0.3579271343384567,0.08916657145521478,0.2816497430901577,-3.181649610463174,-2.10523109526996,2.3061762316703245,1.5150308215472654,0.4335808906591327,0.6169867812367044,0.4501671474908888,0.16681963374581554,0.5614002023960466,0.3849108318358794,0.17648937056016722,0.3579271343384567,0.38897077681954007,0.031043642481083378,0.08916657145521478,0.34040458273527363,0.25123801128005885,0.2816497430901577,0.36070272768078726,0.07905298459062954,943.0,0.8779123951537745,829.0,0.771668219944082,121.0,0.11183597390493942,243.0,0.2255358807082945,288.0,0.2674743709226468,0.11183597390493942,WACC_0p5_WRT_0p5,0.45088536812674745,461,False,,,False,False,False,False,False,25.0,0.27586206896551724
UDetect,ForestCovertype,976,0.58,29,0.0,0.9816456337335658,0,3,4619,3329,2068,True,0.9856428559972665,0.1213886569836784,0.497965645654041,0.9856428559972665,0.995503471735646,0.9091465649688208,-3.181649610463174,-2.10523109526996,2.3061762316703245,1.5150308215472654,0.4335808906591327,0.1213886569836784,0.10364712448806862,0.01774153249560978,0.497965645654041,0.35785768714928007,0.14010795850476093,0.9856428559972665,0.7537197726535219,0.23192308334374467,0.995503471735646,0.7536993637386913,0.24180410799695473,0.9091465649688208,0.7056051524198134,0.20354141254900748,121.0,0.11183597390493942,735.0,0.6840633737185461,927.0,0.8630009319664492,1032.0,0.9608574091332712,1065.0,0.9916123019571296,0.11183597390493942,WACC_0p1_WRT_0p9,0.7222739981360671,462,False,,,False,False,False,False,False,3.0,0.022988505747126436
UDetect,ForestCovertype,436,0.64,161,0.2727272727272729,0.5330082107932372,0,20,186,5000,1655,False,0.3147109916422545,0.3955723299788479,0.21088686758534858,0.3147109916422545,0.5682286360004961,0.6552006858802024,-3.181649610463174,-2.10523109526996,2.3061762316703245,1.5150308215472654,0.4335808906591327,0.3955723299788479,0.28933785838653187,0.10623447159231603,0.21088686758534858,0.2778847021297136,0.06699783454436503,0.3147109916422545,0.4813785993907187,0.16666760774846417,0.5682286360004961,0.4949098517116715,0.0733187842888246,0.6552006858802024,0.5205895553584532,0.13461113052174922,615.0,0.5722273998136067,122.0,0.11276794035414725,473.0,0.43988816402609504,544.0,0.5060577819198508,549.0,0.51071761416589,0.11276794035414725,WACC_0p3_WRT_0p7,0.428331780055918,463,False,,,False,False,False,False,False,20.0,0.21839080459770116
UDetect,ForestCovertype,669,0.58,32,0.0,0.956290000443551,0,6,3802,3396,3803,True,0.9658091840992082,0.09407269975973002,0.47340831612005946,0.9658091840992082,0.9892917442320025,0.9115422548845219,-3.181649610463174,-2.10523109526996,2.3061762316703245,1.5150308215472654,0.4335808906591327,0.09407269975973002,0.10365479529976211,0.009582095540032087,0.47340831612005946,0.35017497435034917,0.12323334176971029,0.9658091840992082,0.7563893793619919,0.20941980473721633,0.9892917442320025,0.7391091268501122,0.2501826173818903,0.9115422548845219,0.6944700237816676,0.21707223110285434,122.0,0.11276794035414725,502.0,0.46691519105312207,989.0,0.9207828518173345,741.0,0.6896551724137931,896.0,0.8341099720410066,0.11276794035414725,WACC_0p1_WRT_0p9,0.6048462255358806,464,False,,,False,False,False,False,False,6.0,0.05747126436781609
UDetect,ForestCovertype,927,0.72,234,0.6363636363636361,0.4340468907358729,0,6,2819,2267,1051,False,0.20627658851155284,0.4714170187823048,0.41275039511077766,0.20627658851155284,0.12083029535861281,0.26943792858213017,-3.181649610463174,-2.10523109526996,2.3061762316703245,1.5150308215472654,0.4335808906591327,0.4714170187823048,0.3480967344073537,0.12332028437495107,0.41275039511077766,0.3419240685123717,0.07082632659840593,0.20627658851155284,0.38924436553947006,0.18296777702791722,0.12083029535861281,0.32744773575435715,0.20661744039574434,0.26943792858213017,0.3295115120685887,0.060073583486458526,701.0,0.65237651444548,391.0,0.3634669151910531,123.0,0.11369990680335508,170.0,0.157502329916123,211.0,0.195712954333644,0.11369990680335508,WACC_0p5_WRT_0p5,0.29655172413793107,465,False,,,False,False,False,False,False,6.0,0.05747126436781609
UDetect,ForestCovertype,323,0.65,61,0.3181818181818183,0.7885225855217226,0,4,326,5000,1,True,0.4612461785127413,0.10333939917356183,0.0990601221590341,0.4612461785127413,0.5779313015966694,0.5816696624004832,-3.181649610463174,-2.10523109526996,2.3061762316703245,1.5150308215472654,0.4335808906591327,0.10333939917356183,0.16955146786240097,0.06621206868883914,0.0990601221590341,0.2779499441409094,0.1788898219818753,0.4612461785127413,0.5311037620764233,0.06985758356368199,0.5779313015966694,0.5690713975729942,0.008859904023675202,0.5816696624004832,0.5783479829403554,0.0033216794601278465,452.0,0.42031686859273065,123.0,0.11369990680335508,565.0,0.5256290773532153,581.0,0.5405405405405406,579.0,0.5386766076421249,0.11369990680335508,WACC_0p3_WRT_0p7,0.42777260018639335,466,False,,,False,False,False,False,False,4.0,0.034482758620689655
UDetect,ForestCovertype,31,0.58,31,0.0,0.9644762707294906,0,5,3327,3162,1447,True,0.9722126447054984,0.10289187640567356,0.48133684761310763,0.9722126447054984,0.9912972504524864,0.9107687871132021,-3.181649610463174,-2.10523109526996,2.3061762316703245,1.5150308215472654,0.4335808906591327,0.10289187640567356,0.1036616519162121,0.0007697755105385423,0.48133684761310763,0.35393095141298614,0.1274058962001215,0.9722126447054984,0.7407873424183264,0.23142530228717195,0.9912972504524864,0.7458522533757688,0.24544499707671763,0.9107687871132021,0.6928001792136264,0.21796860789957573,123.0,0.11369990680335508,634.0,0.5899347623485555,786.0,0.7315936626281454,899.0,0.83690587138863,849.0,0.7903075489282386,0.11369990680335508,WACC_0p1_WRT_0p9,0.6124883504193849,467,False,,,False,False,False,False,False,5.0,0.04597701149425287
UDetect,ForestCovertype,282,0.58,59,0.0,0.797245753653933,0,23,2649,1,4709,False,0.8414016659741794,0.12467660319983367,0.31937146228866203,0.8414016659741794,0.9503284294222573,0.9265693178581041,-3.181649610463174,-2.10523109526996,2.3061762316703245,1.5150308215472654,0.4335808906591327,0.12467660319983367,0.26995745538087734,0.14528085218104367,0.31937146228866203,0.2781706973739516,0.04120076491471042,0.8414016659741794,0.5426083673396647,0.29879329863451476,0.9503284294222573,0.6011159206131862,0.34921250880907106,0.9265693178581041,0.6304831918705407,0.29608612598756345,592.0,0.5507921714818267,124.0,0.11463187325256291,572.0,0.53215284249767,592.0,0.5507921714818267,611.0,0.5684995340167754,0.11463187325256291,WACC_0p3_WRT_0p7,0.46337371854613235,468,False,,,False,False,False,False,False,23.0,0.25287356321839083
UDetect,ForestCovertype,113,0.58,29,0.0,0.9816456337335658,0,3,3866,3694,5000,True,0.9856428559972665,0.1213886569836784,0.497965645654041,0.9856428559972665,0.995503471735646,0.9091465649688208,-3.181649610463174,-2.10523109526996,2.3061762316703245,1.5150308215472654,0.4335808906591327,0.1213886569836784,0.10367768514251376,0.017710971841164644,0.497965645654041,0.3516287266970582,0.1463369189569828,0.9856428559972665,0.761903381069288,0.22373947492797852,0.995503471735646,0.7434022329224441,0.2521012388132019,0.9091465649688208,0.6925419464557687,0.21660461851305213,124.0,0.11463187325256291,556.0,0.5172413793103449,1071.0,0.9972041006523765,842.0,0.7837837837837838,844.0,0.7856477166821995,0.11463187325256291,WACC_0p1_WRT_0p9,0.6397017707362534,469,False,,,False,False,False,False,False,3.0,0.022988505747126436
UDetect,ForestCovertype,791,0.58,78,0.0,0.7240592571154988,0,38,2001,4104,827,False,0.784153758059242,0.20710523190087285,0.24848918960491487,0.784153758059242,0.932398899986204,0.9334842369104968,-3.181649610463174,-2.10523109526996,2.3061762316703245,1.5150308215472654,0.4335808906591327,0.20710523190087285,0.28291401112495546,0.0758087792240826,0.24848918960491487,0.27822001582491557,0.0297308262200007,0.784153758059242,0.4128495631054149,0.37130419495382716,0.932398899986204,0.3953118911688096,0.5370870088173944,0.9334842369104968,0.4303770111904231,0.5031072257200737,607.0,0.5647716682199441,125.0,0.11556383970177074,200.0,0.18546132339235788,395.0,0.36719478098788444,444.0,0.412861136999068,0.11556383970177074,WACC_0p3_WRT_0p7,0.329170549860205,470,False,,,False,False,False,False,False,38.0,0.42528735632183906
UDetect,ForestCovertype,22,0.73,422,0.6818181818181817,0.2776763628592404,0,29,3342,1599,2343,False,0.4253061467143889,0.6430826117514334,0.603599942200305,0.4253061467143889,0.029627700629254478,0.2348232475307058,-3.181649610463174,-2.10523109526996,2.3061762316703245,1.5150308215472654,0.4335808906591327,0.6430826117514334,0.4758539532845278,0.16722865846690566,0.603599942200305,0.4355663425567126,0.16803359964359238,0.4253061467143889,0.4484056314608045,0.0230994847464156,0.029627700629254478,0.3282580134355876,0.2986303128063331,0.2348232475307058,0.2874970472786769,0.05267379974797112,1007.0,0.9375582479030755,953.0,0.8872320596458527,354.0,0.32898415657036345,176.0,0.16309412861137,125.0,0.11556383970177074,0.11556383970177074,WACC_0p9_WRT_0p1,0.4864864864864865,471,False,,,False,False,False,False,False,29.0,0.3218390804597701
UDetect,ForestCovertype,576,0.58,30,0.0,0.9729224656013556,0,4,742,1028,3979,True,0.9788194234027437,0.11199107322659677,0.48951712015468507,0.9788194234027437,0.9933664340688685,0.9099707607476553,-3.181649610463174,-2.10523109526996,2.3061762316703245,1.5150308215472654,0.4335808906591327,0.11199107322659677,0.10369945168597658,0.008291621540620187,0.48951712015468507,0.3520482918969538,0.13746882825773127,0.9788194234027437,0.7506285339884119,0.22819088941433185,0.9933664340688685,0.7474211215189238,0.24594531254994467,0.9099707607476553,0.6847289010308888,0.22524185971676647,125.0,0.11556383970177074,570.0,0.5302889095992545,870.0,0.809878844361603,933.0,0.8685927306616962,680.0,0.6328052190121156,0.11556383970177074,WACC_0p1_WRT_0p9,0.591425908667288,472,False,,,False,False,False,False,False,4.0,0.034482758620689655
UDetect,ForestCovertype,479,0.58,31,0.0,0.9644762707294906,0,5,1,5000,1,False,0.9722126447054984,0.10289187640567356,0.48133684761310763,0.9722126447054984,0.9912972504524864,0.9107687871132021,-3.181649610463174,-2.10523109526996,2.3061762316703245,1.5150308215472654,0.4335808906591327,0.10289187640567356,0.11228078687691424,0.009388910471240686,0.48133684761310763,0.27887162304396634,0.2024652245691413,0.9722126447054984,0.6403022345396828,0.3319104101658156,0.9912972504524864,0.6586755388255154,0.33262171162697096,0.9107687871132021,0.6439328889464938,0.2668358981667083,305.0,0.2833178005591799,126.0,0.11649580615097857,632.0,0.5880708294501398,621.0,0.5778191985088537,618.0,0.5750232991612302,0.11649580615097857,WACC_0p3_WRT_0p7,0.42814538676607644,473,False,,,False,False,False,False,False,5.0,0.04597701149425287
UDetect,ForestCovertype,313,0.69,314,0.4999999999999997,0.3561027077811131,0,50,1148,3616,2429,False,0.19106448193855874,0.5725592654516966,0.46937738667055906,0.19106448193855874,0.26041810408589694,0.4249697354906197,-3.181649610463174,-2.10523109526996,2.3061762316703245,1.5150308215472654,0.4335808906591327,0.5725592654516966,0.3953213257911921,0.17723793966050444,0.46937738667055906,0.3934749829298261,0.07590240374073298,0.19106448193855874,0.38970728841536556,0.19864280647680682,0.26041810408589694,0.3425203776144727,0.08210227352857574,0.4249697354906197,0.37454884879923517,0.05042088669138456,794.0,0.739049394221808,856.0,0.7968313140726934,126.0,0.11649580615097857,252.0,0.23392357875116496,315.0,0.29263746505125815,0.11649580615097857,WACC_0p5_WRT_0p5,0.4357875116495806,474,False,,,False,False,False,False,False,50.0,0.5632183908045977
UDetect,ForestCovertype,219,0.58,28,0.0,0.9906645581969952,0,2,1,5000,3250,True,0.9926976349741923,0.13110486292620857,0.5067006158106627,0.9926976349741923,0.9977129650069035,0.9082944250857279,-3.181649610463174,-2.10523109526996,2.3061762316703245,1.5150308215472654,0.4335808906591327,0.13110486292620857,0.1037022370796403,0.027402625846568274,0.5067006158106627,0.35056800554721507,0.15613261026344766,0.9926976349741923,0.7587477327426391,0.2339499022315532,0.9977129650069035,0.7536674958398345,0.24404546916706904,0.9082944250857279,0.6888222194254805,0.2194722056602474,126.0,0.11649580615097857,518.0,0.48182665424044735,1036.0,0.9645852749301025,1029.0,0.9580615097856477,759.0,0.706430568499534,0.11649580615097857,WACC_0p1_WRT_0p9,0.645479962721342,475,False,,,False,False,False,False,False,2.0,0.011494252873563218
UDetect,ForestCovertype,511,0.65,86,0.3181818181818183,0.6983976631332989,0,10,314,4290,1700,False,0.3907487028612892,0.20484547086212862,0.03167626443541776,0.3907487028612892,0.5558521268128807,0.590184983838118,-3.181649610463174,-2.10523109526996,2.3061762316703245,1.5150308215472654,0.4335808906591327,0.20484547086212862,0.2968894343595814,0.09204396349745275,0.03167626443541776,0.2792997877397866,0.24762352330436882,0.3907487028612892,0.4506050619404487,0.05985635907915948,0.5558521268128807,0.4591695507899985,0.09668257602288216,0.590184983838118,0.4801559560273171,0.11002902781080093,623.0,0.5796831314072693,127.0,0.11742777260018639,361.0,0.33550792171481825,508.0,0.4725069897483691,514.0,0.47809878844361603,0.11742777260018639,WACC_0p3_WRT_0p7,0.39664492078285185,476,False,,,False,False,False,False,False,10.0,0.10344827586206896
UDetect,ForestCovertype,577,0.69,260,0.4999999999999997,0.4061307680696024,0,39,2901,3586,2412,False,0.1323650922146776,0.5162135650670978,0.41183949307024575,0.1323650922146776,0.27267418440120555,0.42024290740613224,-3.181649610463174,-2.10523109526996,2.3061762316703245,1.5150308215472654,0.4335808906591327,0.5162135650670978,0.3879682501881265,0.12824531487897134,0.41183949307024575,0.377371599203639,0.03446789386660676,0.1323650922146776,0.39112455854469125,0.2587594663300137,0.27267418440120555,0.3575126554167829,0.08483847101557734,0.42024290740613224,0.38021945394132795,0.04002345346480429,777.0,0.723205964585275,810.0,0.7539608574091333,127.0,0.11742777260018639,293.0,0.2721342031686859,329.0,0.30568499534016774,0.11742777260018639,WACC_0p5_WRT_0p5,0.4344827586206897,477,False,,,False,False,False,False,False,39.0,0.4367816091954023
UDetect,ForestCovertype,348,0.68,360,0.4545454545454547,0.3198410229957145,0,60,4090,4593,2375,False,0.19805594592242085,0.6178518530813557,0.5000765402947196,0.19805594592242085,0.30442886575022826,0.4777849893313377,-3.181649610463174,-2.10523109526996,2.3061762316703245,1.5150308215472654,0.4335808906591327,0.6178518530813557,0.4244170240300895,0.1934348290512662,0.5000765402947196,0.4476464654376148,0.05243007485710477,0.19805594592242085,0.4367894850942682,0.23873353917184734,0.30442886575022826,0.32004637030487054,0.01561750455464228,0.4777849893313377,0.3340169707145078,0.14376801861682986,859.0,0.7996272134203168,980.0,0.9123951537744641,311.0,0.28890959925442683,127.0,0.11742777260018639,217.0,0.20130475302889095,0.11742777260018639,WACC_0p7_WRT_0p3,0.46393289841565705,478,False,,,False,False,False,False,False,60.0,0.6781609195402298
UDetect,ForestCovertype,641,0.58,28,0.0,0.9906645581969952,0,2,2849,2677,4281,True,0.9926976349741923,0.13110486292620857,0.5067006158106627,0.9926976349741923,0.9977129650069035,0.9082944250857279,-3.181649610463174,-2.10523109526996,2.3061762316703245,1.5150308215472654,0.4335808906591327,0.13110486292620857,0.10374521742942637,0.0273596454967822,0.5067006158106627,0.35489513355939967,0.15180548225126306,0.9926976349741923,0.7523708826659887,0.24032675230820355,0.9977129650069035,0.7380551188596395,0.25965784614726406,0.9082944250857279,0.6944454470727387,0.2138489780129892,127.0,0.11742777260018639,669.0,0.6225535880708295,894.0,0.8322460391425909,718.0,0.668219944082013,894.0,0.8322460391425909,0.11742777260018639,WACC_0p1_WRT_0p9,0.6145386766076422,479,False,,,False,False,False,False,False,2.0,0.011494252873563218
UDetect,ForestCovertype,848,0.58,31,0.0,0.9644762707294906,0,5,403,1482,3153,True,0.9722126447054984,0.10289187640567356,0.48133684761310763,0.9722126447054984,0.9912972504524864,0.9107687871132021,-3.181649610463174,-2.10523109526996,2.3061762316703245,1.5150308215472654,0.4335808906591327,0.10289187640567356,0.10375871415750812,0.0008668377518345621,0.48133684761310763,0.3470461801001804,0.13429066751292723,0.9722126447054984,0.7483692979211947,0.22384334678430373,0.9912972504524864,0.7538338747500394,0.23746337570244702,0.9107687871132021,0.6907604598344793,0.22000832727872277,128.0,0.11835973904939422,442.0,0.4109972041006524,843.0,0.7847157502329916,1033.0,0.961789375582479,797.0,0.7418452935694315,0.11835973904939422,WACC_0p1_WRT_0p9,0.6035414725069896,480,False,,,False,False,False,False,False,5.0,0.04597701149425287
UDetect,ForestCovertype,809,0.7,203,0.5454545454545452,0.4716813581481749,0,18,2864,2804,1084,False,0.09100809703740621,0.4379334126043128,0.34745480563345355,0.09100809703740621,0.23583873942016326,0.364660334198936,-3.181649610463174,-2.10523109526996,2.3061762316703245,1.5150308215472654,0.4335808906591327,0.4379334126043128,0.34263119894795824,0.09530221365635455,0.34745480563345355,0.3343093245156305,0.013145481117823044,0.09100809703740621,0.39143087954723993,0.30042278250983373,0.23583873942016326,0.3439787220859045,0.10813998266574126,0.364660334198936,0.36376363299725084,0.0008967012016851683,686.0,0.6383970177073626,337.0,0.3131407269338304,129.0,0.11929170549860205,257.0,0.2385834109972041,298.0,0.2767940354147251,0.11929170549860205,WACC_0p5_WRT_0p5,0.31724137931034485,481,False,,,False,False,False,False,False,18.0,0.19540229885057472
UDetect,ForestCovertype,832,0.61,250,0.1363636363636364,0.4165239957295622,0,38,167,427,4753,False,0.3835942141923843,0.5401215184624797,0.3118392288286239,0.3835942141923843,0.6983747488843356,0.8143738913378056,-3.181649610463174,-2.10523109526996,2.3061762316703245,1.5150308215472654,0.4335808906591327,0.5401215184624797,0.40388967309857954,0.13623184536390015,0.3118392288286239,0.27961596980875486,0.032223259019869055,0.3835942141923843,0.4337648241458796,0.05017060995349526,0.6983747488843356,0.5107925684408815,0.1875821804434541,0.8143738913378056,0.5792313368428634,0.23514255449494215,816.0,0.7595526561043803,129.0,0.11929170549860205,296.0,0.2749301025163094,550.0,0.5116495806150979,580.0,0.5396085740913327,0.11929170549860205,WACC_0p3_WRT_0p7,0.4410065237651445,482,False,,,False,False,False,False,False,38.0,0.42528735632183906
UDetect,ForestCovertype,391,0.7,648,0.5454545454545452,0.1637982226536375,0,56,4206,1139,3874,False,0.45225640559840286,0.7846966252095696,0.7015550243759227,0.45225640559840286,0.16041226046834367,0.3937502218180742,-3.181649610463174,-2.10523109526996,2.3061762316703245,1.5150308215472654,0.4335808906591327,0.7846966252095696,0.5379382828678542,0.24675834234171545,0.7015550243759227,0.4763349228382914,0.22522010153763128,0.45225640559840286,0.4927460245858343,0.04048961898743142,0.16041226046834367,0.3319498293591994,0.17153756889085575,0.3937502218180742,0.28819177622886305,0.10555844558921113,1067.0,0.9934762348555451,1025.0,0.9543336439888164,498.0,0.46318732525629075,201.0,0.1863932898415657,129.0,0.11929170549860205,0.11929170549860205,WACC_0p9_WRT_0p1,0.543336439888164,483,False,,,False,False,False,False,False,56.0,0.632183908045977
UDetect,ForestCovertype,221,0.58,30,0.0,0.9729224656013556,0,4,3519,3268,3482,True,0.9788194234027437,0.11199107322659677,0.48951712015468507,0.9788194234027437,0.9933664340688685,0.9099707607476553,-3.181649610463174,-2.10523109526996,2.3061762316703245,1.5150308215472654,0.4335808906591327,0.11199107322659677,0.10381076991758577,0.008180303309010997,0.48951712015468507,0.35282346574284956,0.1366936544118355,0.9788194234027437,0.7576961035424185,0.2211233198603253,0.9933664340688685,0.7403038524918469,0.25306258157702155,0.9099707607476553,0.6908520145660169,0.2191187461816384,129.0,0.11929170549860205,593.0,0.5517241379310345,1019.0,0.9487418452935694,772.0,0.7185461323392358,804.0,0.7483690587138863,0.11929170549860205,WACC_0p1_WRT_0p9,0.6173345759552656,484,False,,,False,False,False,False,False,4.0,0.034482758620689655
UDetect,ForestCovertype,135,0.58,187,0.0,0.4934103928273671,0,61,1,1425,3729,False,0.6037357087198039,0.46688088033266373,0.19039364692129096,0.6037357087198039,0.875893590984638,0.9552767574097,-3.181649610463174,-2.10523109526996,2.3061762316703245,1.5150308215472654,0.4335808906591327,0.46688088033266373,0.3617719999772071,0.10510888035545662,0.19039364692129096,0.2804207091337976,0.09002706221250661,0.6037357087198039,0.4242504104282767,0.17948529829152715,0.875893590984638,0.512691468807866,0.36320212217677206,0.9552767574097,0.5782238685802352,0.37705288882946475,729.0,0.6784715750232991,130.0,0.12022367194780988,253.0,0.23485554520037277,552.0,0.5135135135135135,578.0,0.5377446411929171,0.12022367194780988,WACC_0p3_WRT_0p7,0.4169617893755825,485,False,,,False,False,False,False,False,61.0,0.6896551724137931
UDetect,ForestCovertype,829,0.69,390,0.4999999999999997,0.2986037311414341,0,66,4487,4314,3795,False,0.258529716829415,0.6373193239364311,0.5355076739721826,0.258529716829415,0.24633176790415803,0.43040244217647633,-3.181649610463174,-2.10523109526996,2.3061762316703245,1.5150308215472654,0.4335808906591327,0.6373193239364311,0.4537049175042465,0.18361440643218457,0.5355076739721826,0.45773926801186104,0.07776840596032153,0.258529716829415,0.4557165144821466,0.19718679765273162,0.24633176790415803,0.32084472959624044,0.07451296169208241,0.43040244217647633,0.35507212442557134,0.07533031775090498,952.0,0.8863000931966449,999.0,0.9301025163094129,386.0,0.35880708294501396,130.0,0.12022367194780988,269.0,0.24976700838769805,0.12022367194780988,WACC_0p7_WRT_0p3,0.5090400745573159,486,False,,,False,False,False,False,False,66.0,0.7471264367816092
UDetect,ForestCovertype,397,0.7,795,0.5454545454545452,0.1094832467269683,0,67,5000,2418,4077,False,0.5159857591127615,0.8458706012204872,0.7640233529049686,0.5159857591127615,0.14710595389873873,0.3988820928548074,-3.181649610463174,-2.10523109526996,2.3061762316703245,1.5150308215472654,0.4335808906591327,0.8458706012204872,0.4657362598971364,0.3801343413233508,0.7640233529049686,0.49504130719699296,0.2689820457079756,0.5159857591127615,0.5178874784034919,0.0019017192907304636,0.14710595389873873,0.32517571151498753,0.1780697576162488,0.3988820928548074,0.2884041281288795,0.11047796472592791,985.0,0.9170549860205033,1050.0,0.9776328052190121,547.0,0.5088536812674743,159.0,0.14725069897483692,130.0,0.12022367194780988,0.12022367194780988,WACC_0p9_WRT_0p1,0.5342031686859273,487,False,,,False,False,False,False,False,67.0,0.7586206896551724
UDetect,ForestCovertype,396,0.58,31,0.0,0.9644762707294906,0,5,5000,3704,5000,True,0.9722126447054984,0.10289187640567356,0.48133684761310763,0.9722126447054984,0.9912972504524864,0.9107687871132021,-3.181649610463174,-2.10523109526996,2.3061762316703245,1.5150308215472654,0.4335808906591327,0.10289187640567356,0.10383291397513975,0.0009410375694661882,0.48133684761310763,0.35719740497882596,0.12413944263428167,0.9722126447054984,0.759576328691202,0.21263631601429644,0.9912972504524864,0.7441498714016818,0.24714737905080464,0.9107687871132021,0.6910917334820815,0.21967705363112056,130.0,0.12022367194780988,722.0,0.6719478098788444,1055.0,0.9822926374650512,863.0,0.8033550792171482,808.0,0.7520969245107176,0.12022367194780988,WACC_0p1_WRT_0p9,0.6659832246039142,488,False,,,False,False,False,False,False,5.0,0.04597701149425287
UDetect,ForestCovertype,371,0.71,195,0.5909090909090907,0.4823240890316106,0,14,1087,2635,1,True,0.11407610269393485,0.4214949898653714,0.3462203291377332,0.11407610269393485,0.18555174088384355,0.31426564973669596,-3.181649610463174,-2.10523109526996,2.3061762316703245,1.5150308215472654,0.4335808906591327,0.4214949898653714,0.2247364878471285,0.19675850201824294,0.3462203291377332,0.2806587750364428,0.06556155410129039,0.11407610269393485,0.411813540492091,0.29773743779815615,0.18555174088384355,0.42510723400368416,0.23955549311984062,0.31426564973669596,0.4219188711451552,0.10765322140845923,525.0,0.48835041938490215,131.0,0.1211556383970177,198.0,0.18359739049394222,452.0,0.42031686859273065,425.0,0.3951537744641193,0.1211556383970177,WACC_0p3_WRT_0p7,0.3217148182665424,489,False,,,False,False,False,False,False,14.0,0.14942528735632185
UDetect,ForestCovertype,880,0.58,28,0.0,0.9906645581969952,0,2,577,2090,4494,True,0.9926976349741923,0.13110486292620857,0.5067006158106627,0.9926976349741923,0.9977129650069035,0.9082944250857279,-3.181649610463174,-2.10523109526996,2.3061762316703245,1.5150308215472654,0.4335808906591327,0.13110486292620857,0.10387578023592893,0.02722908269027964,0.5067006158106627,0.35339951448376583,0.1533011013268969,0.9926976349741923,0.7547759275924726,0.2379217073817197,0.9977129650069035,0.7434844574779541,0.25422850752894943,0.9082944250857279,0.687203481236467,0.22109094384926087,131.0,0.1211556383970177,608.0,0.5657036346691519,950.0,0.8844361602982292,844.0,0.7856477166821995,718.0,0.668219944082013,0.1211556383970177,WACC_0p1_WRT_0p9,0.6050326188257222,490,False,,,False,False,False,False,False,2.0,0.011494252873563218
UDetect,ForestCovertype,620,0.64,165,0.2727272727272729,0.526519284404718,0,21,2083,1529,2501,False,0.3096352266046198,0.4028806905268451,0.21834986243203844,0.3096352266046198,0.5666389520807277,0.6558137825966164,-3.181649610463174,-2.10523109526996,2.3061762316703245,1.5150308215472654,0.4335808906591327,0.4028806905268451,0.4106732399143988,0.007792549387553693,0.21834986243203844,0.3217197468109877,0.10336988437894926,0.3096352266046198,0.3922641050304787,0.08262887842585892,0.5666389520807277,0.3901157635220017,0.17652318855872595,0.6558137825966164,0.4141773643098273,0.24163641828678906,829.0,0.771668219944082,259.0,0.24044734389561975,132.0,0.12208760484622554,382.0,0.3550792171481827,412.0,0.3830382106244175,0.12208760484622554,WACC_0p5_WRT_0p5,0.3744641192917055,491,False,,,False,False,False,False,False,21.0,0.22988505747126436
UDetect,ForestCovertype,773,0.71,459,0.5909090909090907,0.2553683664879262,0,41,3353,2716,2866,False,0.380369905228629,0.677111119478913,0.6072449249425256,0.380369905228629,0.12995119296185462,0.3357092291413017,-3.181649610463174,-2.10523109526996,2.3061762316703245,1.5150308215472654,0.4335808906591327,0.677111119478913,0.43615986725704736,0.24095125222186564,0.6072449249425256,0.44540009755705257,0.161844827385473,0.380369905228629,0.4521850181927639,0.0718151129641349,0.12995119296185462,0.3210975802997214,0.1911463873378668,0.3357092291413017,0.3118534329366487,0.023855796204653,901.0,0.8387698042870456,975.0,0.907735321528425,366.0,0.3401677539608574,132.0,0.12208760484622554,177.0,0.16402609506057783,0.12208760484622554,WACC_0p7_WRT_0p3,0.47455731593662626,492,False,,,False,False,False,False,False,41.0,0.45977011494252873
UDetect,ForestCovertype,786,0.76,615,0.8181818181818181,0.1776813442999592,0,10,2722,531,535,False,0.649299534764173,0.7423500727015024,0.7516230367122245,0.649299534764173,0.2121564451603536,0.09610376574930808,-3.181649610463174,-2.10523109526996,2.3061762316703245,1.5150308215472654,0.4335808906591327,0.7423500727015024,0.4780493168514661,0.2643007558500363,0.7516230367122245,0.4024586572382042,0.34916437947402035,0.649299534764173,0.4721968906790661,0.1771026440851069,0.2121564451603536,0.34144230036011386,0.12928585519976027,0.09610376574930808,0.2907064550201596,0.19460268927085156,1010.0,0.940354147250699,882.0,0.821062441752097,439.0,0.4082013047530289,247.0,0.22926374650512582,132.0,0.12208760484622554,0.12208760484622554,WACC_0p9_WRT_0p1,0.5041938490214353,493,False,,,False,False,False,False,False,10.0,0.10344827586206896
UDetect,ForestCovertype,390,0.58,59,0.0,0.797245753653933,0,23,1,1,1719,True,0.8414016659741794,0.12467660319983367,0.31937146228866203,0.8414016659741794,0.9503284294222573,0.9265693178581041,-3.181649610463174,-2.10523109526996,2.3061762316703245,1.5150308215472654,0.4335808906591327,0.12467660319983367,0.13555998914695735,0.01088338594712368,0.31937146228866203,0.28202890477456266,0.03734255751409937,0.8414016659741794,0.6930795966877831,0.14832206928639635,0.9503284294222573,0.7363386166961102,0.21398981272614703,0.9265693178581041,0.6962432934509419,0.2303260244071622,389.0,0.3616029822926375,132.0,0.12208760484622554,662.0,0.6160298229263746,703.0,0.6542404473438956,950.0,0.8844361602982292,0.12208760484622554,WACC_0p3_WRT_0p7,0.5276794035414725,494,False,,,False,False,False,False,False,23.0,0.25287356321839083
UDetect,ForestCovertype,385,0.58,28,0.0,0.9906645581969952,0,2,692,2822,2574,True,0.9926976349741923,0.13110486292620857,0.5067006158106627,0.9926976349741923,0.9977129650069035,0.9082944250857279,-3.181649610463174,-2.10523109526996,2.3061762316703245,1.5150308215472654,0.4335808906591327,0.13110486292620857,0.10387801526722126,0.027226847658987308,0.5067006158106627,0.3538818153766238,0.15281880043403895,0.9926976349741923,0.74806441249395,0.24463322248024233,0.9977129650069035,0.7572255532776746,0.24048741172922894,0.9082944250857279,0.6893171398437755,0.21897728524195237,132.0,0.12208760484622554,633.0,0.5890027958993477,838.0,0.7800559179869525,1057.0,0.9841565703634669,766.0,0.7129543336439889,0.12208760484622554,WACC_0p1_WRT_0p9,0.6376514445479963,495,False,,,False,False,False,False,False,2.0,0.011494252873563218
UDetect,ForestCovertype,405,0.58,60,0.0,0.7928484172972575,0,24,1966,1,3656,False,0.8379619835365079,0.1296292436862878,0.3151125728833966,0.8379619835365079,0.9492511518454323,0.9269847937503898,-3.181649610463174,-2.10523109526996,2.3061762316703245,1.5150308215472654,0.4335808906591327,0.1296292436862878,0.24969366963841097,0.12006442595212316,0.3151125728833966,0.2827225295255018,0.032390043357894804,0.8379619835365079,0.566124337871467,0.2718376456650409,0.9492511518454323,0.6155097572126361,0.3337413946327962,0.9269847937503898,0.6338591030081208,0.293125690742269,573.0,0.5330848089468779,133.0,0.12301957129543337,588.0,0.5470643056849953,600.0,0.5582479030754893,615.0,0.5722273998136067,0.12301957129543337,WACC_0p3_WRT_0p7,0.46672879776328047,496,False,,,False,False,False,False,False,24.0,0.26436781609195403
UDetect,ForestCovertype,931,0.58,29,0.0,0.9816456337335658,0,3,4993,2399,4176,True,0.9856428559972665,0.1213886569836784,0.497965645654041,0.9856428559972665,0.995503471735646,0.9091465649688208,-3.181649610463174,-2.10523109526996,2.3061762316703245,1.5150308215472654,0.4335808906591327,0.1213886569836784,0.10388839924678041,0.017500257736897992,0.497965645654041,0.355118459744375,0.142847185909666,0.9856428559972665,0.7525292213313868,0.23311363466587975,0.995503471735646,0.7380303405867845,0.2574731311488615,0.9091465649688208,0.6892886600252386,0.21985790494358226,133.0,0.12301957129543337,676.0,0.6290773532152842,901.0,0.8387698042870456,717.0,0.6672879776328052,765.0,0.712022367194781,0.12301957129543337,WACC_0p1_WRT_0p9,0.5940354147250699,497,False,,,False,False,False,False,False,3.0,0.022988505747126436
UDetect,ForestCovertype,752,0.58,30,0.0,0.9729224656013556,0,4,1769,551,4719,True,0.9788194234027437,0.11199107322659677,0.48951712015468507,0.9788194234027437,0.9933664340688685,0.9099707607476553,-3.181649610463174,-2.10523109526996,2.3061762316703245,1.5150308215472654,0.4335808906591327,0.11199107322659677,0.10391148778639307,0.008079585440203693,0.48951712015468507,0.34404128430888026,0.1454758358458048,0.9788194234027437,0.7504521084057624,0.22836731499698137,0.9933664340688685,0.7419897664340047,0.25137666763486377,0.9099707607476553,0.68378149832606,0.2261892624215952,134.0,0.1239515377446412,406.0,0.37744641192917056,864.0,0.804287045666356,805.0,0.7493010251630942,666.0,0.6197576887232059,0.1239515377446412,WACC_0p1_WRT_0p9,0.5349487418452936,498,False,,,False,False,False,False,False,4.0,0.034482758620689655
UDetect,ForestCovertype,547,0.68,217,0.4545454545454547,0.4540234132023059,0,31,1318,4986,1536,False,0.040615813896537865,0.46672465142949615,0.34575170646703374,0.040615813896537865,0.3373014205082719,0.4651069625036993,-3.181649610463174,-2.10523109526996,2.3061762316703245,1.5150308215472654,0.4335808906591327,0.46672465142949615,0.3460650333575778,0.12065961807191833,0.34575170646703374,0.3498340997633833,0.0040823932963495735,0.040615813896537865,0.3932027402813171,0.35258692638477923,0.3373014205082719,0.38067622206796176,0.04337480155968987,0.4651069625036993,0.41080174793986574,0.05430521456383358,694.0,0.6458527493010252,495.0,0.4603914259086673,135.0,0.12488350419384903,361.0,0.33550792171481825,404.0,0.37558247903075487,0.12488350419384903,WACC_0p5_WRT_0p5,0.3884436160298229,499,False,,,False,False,False,False,False,31.0,0.3448275862068966
UDetect,ForestCovertype,97,0.78,627,0.9090909090909092,0.1725487196463713,1,1,2594,492,1,False,0.7264326613283787,0.7392274406310129,0.7795378530857936,0.7264326613283787,0.3046994613505473,0.0,-3.181649610463174,-2.10523109526996,2.3061762316703245,1.5150308215472654,0.4335808906591327,0.7392274406310129,0.426638127732312,0.31258931289870084,0.7795378530857936,0.38301111677661454,0.39652673630917906,0.7264326613283787,0.44175218189530246,0.28468047943307623,0.3046994613505473,0.3214829259424903,0.016783464591942965,0.0,0.3017323911835926,0.3017323911835926,870.0,0.809878844361603,823.0,0.766076421248835,331.0,0.30754892823858343,135.0,0.12488350419384903,152.0,0.1407269338303821,0.12488350419384903,WACC_0p7_WRT_0p3,0.4298229263746506,500,False,,,False,False,False,False,False,1.0,0.0
UDetect,ForestCovertype,556,0.58,70,0.0,0.7524630397709239,0,32,2124,31,1859,True,0.8063717519625265,0.17511456470204725,0.2759986997284719,0.8063717519625265,0.9393573756791656,0.9308005470614976,-3.181649610463174,-2.10523109526996,2.3061762316703245,1.5150308215472654,0.4335808906591327,0.17511456470204725,0.14109049023729306,0.034024074464754195,0.2759986997284719,0.28334690558322234,0.007348205854750434,0.8063717519625265,0.675914830858593,0.13045692110393348,0.9393573756791656,0.732141960331915,0.20721541534725052,0.9308005470614976,0.6999350322635903,0.2308655147979073,405.0,0.3765144454799627,135.0,0.12488350419384903,652.0,0.6067101584342963,684.0,0.6365330848089469,1007.0,0.9375582479030755,0.12488350419384903,WACC_0p3_WRT_0p7,0.5364398881640261,501,False,,,False,False,False,False,False,32.0,0.3563218390804598
UDetect,ForestCovertype,500,0.58,129,0.0,0.5915518885301342,0,48,1793,1385,2383,True,0.6805039046898856,0.3563458869654148,0.120153719580863,0.6805039046898856,0.8999366989256906,0.9460040017708372,-3.181649610463174,-2.10523109526996,2.3061762316703245,1.5150308215472654,0.4335808906591327,0.3563458869654148,0.10391269005156,0.2524331969138548,0.120153719580863,0.3535160398001712,0.2333623202193082,0.6805039046898856,0.7417953606222111,0.061291455932325434,0.8999366989256906,0.7551011773205022,0.14483552160518842,0.9460040017708372,0.6924430578360901,0.25356094393474715,135.0,0.12488350419384903,615.0,0.5722273998136067,789.0,0.7343895619757689,1044.0,0.9720410065237651,841.0,0.782851817334576,0.12488350419384903,WACC_0p1_WRT_0p9,0.6372786579683132,502,False,,,False,False,False,False,False,48.0,0.5402298850574713
UDetect,ForestCovertype,909,0.66,229,0.3636363636363638,0.4397682465675592,0,34,182,888,4098,False,0.13511056799623783,0.4916834025250319,0.34013502969473053,0.13511056799623783,0.4395977282458216,0.5652320842780574,-3.181649610463174,-2.10523109526996,2.3061762316703245,1.5150308215472654,0.4335808906591327,0.4916834025250319,0.4335725947279064,0.05811080779712552,0.34013502969473053,0.3045745928872504,0.03556043680748011,0.13511056799623783,0.39321723557655297,0.25810666758031514,0.4395977282458216,0.47124163600185054,0.03164390775602893,0.5652320842780574,0.5280045004038479,0.037227583874209436,888.0,0.8266542404473439,210.0,0.19478098788443615,136.0,0.12581547064305684,521.0,0.4846225535880708,555.0,0.516309412861137,0.12581547064305684,WACC_0p5_WRT_0p5,0.4296365330848089,503,False,,,False,False,False,False,False,34.0,0.3793103448275862
UDetect,ForestCovertype,574,0.72,859,0.6363636363636361,0.0889100786702237,0,51,3269,457,1111,False,0.6112357278959915,0.860138374201737,0.8096965300532457,0.6112357278959915,0.09379193974078975,0.3020476753293518,-3.181649610463174,-2.10523109526996,2.3061762316703245,1.5150308215472654,0.4335808906591327,0.860138374201737,0.5277099734001325,0.3324284008016045,0.8096965300532457,0.47846443508528863,0.3312320949679571,0.6112357278959915,0.5235097428450562,0.0877259850509352,0.09379193974078975,0.3891926665400474,0.29540072679925766,0.3020476753293518,0.2923879399806465,0.00965973534870529,1060.0,0.9869524697110904,1028.0,0.9571295433364398,558.0,0.5191053122087604,379.0,0.35228331780055916,136.0,0.12581547064305684,0.12581547064305684,WACC_0p9_WRT_0p1,0.5882572227399814,504,False,,,False,False,False,False,False,51.0,0.5747126436781609
UDetect,ForestCovertype,1054,0.58,33,0.0,0.948348133291504,0,7,774,3171,3147,True,0.9595969004007491,0.08551682182435125,0.4657164929051875,0.9595969004007491,0.9873461128981531,0.9122926305833013,-3.181649610463174,-2.10523109526996,2.3061762316703245,1.5150308215472654,0.4335808906591327,0.08551682182435125,0.10392675919514535,0.018409937370794105,0.4657164929051875,0.35173431713331965,0.11398217577186787,0.9595969004007491,0.7532080790034701,0.206388821397279,0.9873461128981531,0.7464705936263437,0.2408755192718094,0.9122926305833013,0.6798571950565117,0.2324354355267897,136.0,0.12581547064305684,560.0,0.5209692451071761,917.0,0.8536812674743709,913.0,0.8499534016775396,642.0,0.5973904939422181,0.12581547064305684,WACC_0p1_WRT_0p9,0.5895619757688724,505,False,,,False,False,False,False,False,7.0,0.06896551724137931
UDetect,ForestCovertype,1058,0.69,331,0.4999999999999997,0.3421194043250853,0,54,1413,3370,1272,False,0.20747150180819637,0.5883084074807261,0.4854597576798332,0.20747150180819637,0.25699241679676094,0.4262909274598608,-3.181649610463174,-2.10523109526996,2.3061762316703245,1.5150308215472654,0.4335808906591327,0.5883084074807261,0.3698154816229103,0.21849292585781582,0.4854597576798332,0.3614299392888385,0.1240298183909947,0.20747150180819637,0.3934664671694762,0.18599496536127982,0.25699241679676094,0.33489284764132193,0.077900430844561,0.4262909274598608,0.36215068834963443,0.06414023911022637,747.0,0.6952469711090401,766.0,0.7129543336439889,137.0,0.1267474370922647,221.0,0.20503261882572227,294.0,0.27306616961789376,0.1267474370922647,WACC_0p5_WRT_0p5,0.402609506057782,506,False,,,False,False,False,False,False,54.0,0.6091954022988506
UDetect,ForestCovertype,112,0.7,344,0.5454545454545452,0.3319012315834958,0,34,3585,3319,2688,False,0.25501621723153184,0.595365243575118,0.5082176655832187,0.25501621723153184,0.20159482814753527,0.3778672549567882,-3.181649610463174,-2.10523109526996,2.3061762316703245,1.5150308215472654,0.4335808906591327,0.595365243575118,0.43378231227056774,0.16158293130455026,0.5082176655832187,0.4316420191285793,0.07657564645463938,0.25501621723153184,0.42930441829102167,0.17428820105948983,0.20159482814753527,0.3220685805067666,0.12047375235923136,0.3778672549567882,0.32055328685202555,0.057313968104762636,889.0,0.8275862068965517,940.0,0.875116495806151,270.0,0.2506989748369059,137.0,0.1267474370922647,193.0,0.17893755824790308,0.1267474370922647,WACC_0p7_WRT_0p3,0.45181733457595524,507,False,,,False,False,False,False,False,34.0,0.3793103448275862
UDetect,ForestCovertype,776,0.74,1167,0.7272727272727272,0.0074732444376816,0,44,1930,1046,1545,False,0.7778988204396754,0.9429557946982785,0.9253697657357487,0.7778988204396754,0.23774158488889588,0.21096387225797703,-3.181649610463174,-2.10523109526996,2.3061762316703245,1.5150308215472654,0.4335808906591327,0.9429557946982785,0.4869026542892692,0.4560531404090093,0.9253697657357487,0.39234406916221154,0.5330256965735372,0.7778988204396754,0.4674754463193551,0.3104233741203203,0.23774158488889588,0.3572025573943521,0.1194609725054562,0.21096387225797703,0.29444836350313913,0.0834844912451621,1022.0,0.9515377446411929,851.0,0.7921714818266542,423.0,0.3932898415657036,290.0,0.26933830382106244,137.0,0.1267474370922647,0.1267474370922647,WACC_0p9_WRT_0p1,0.5066169617893755,508,False,,,False,False,False,False,False,44.0,0.4942528735632184
UDetect,ForestCovertype,260,0.58,58,0.0,0.8017169982740455,0,22,1,1,2237,True,0.8448991608999398,0.11964072117166165,0.3237019330092015,0.8448991608999398,0.9514238133499465,0.9261468588516771,-3.181649610463174,-2.10523109526996,2.3061762316703245,1.5150308215472654,0.4335808906591327,0.11964072117166165,0.13031904711050146,0.010678325938839814,0.3237019330092015,0.28391839417942594,0.03978353882977559,0.8448991608999398,0.693868591962407,0.15103056893753275,0.9514238133499465,0.73850038355506,0.21292342979488654,0.9261468588516771,0.7000465421582363,0.22610031669344088,372.0,0.34575955265610436,137.0,0.1267474370922647,665.0,0.6188257222739981,727.0,0.6766076421248836,1009.0,0.9394221808014911,0.1267474370922647,WACC_0p3_WRT_0p7,0.5414725069897484,509,False,,,False,False,False,False,False,22.0,0.2413793103448276
UDetect,ForestCovertype,105,0.58,29,0.0,0.9816456337335658,0,3,1215,3823,1543,True,0.9856428559972665,0.1213886569836784,0.497965645654041,0.9856428559972665,0.995503471735646,0.9091465649688208,-3.181649610463174,-2.10523109526996,2.3061762316703245,1.5150308215472654,0.4335808906591327,0.1213886569836784,0.10394684527358496,0.017441811710093444,0.497965645654041,0.3392368302191117,0.15872881543492928,0.9856428559972665,0.7373877833866694,0.2482550726105971,0.995503471735646,0.7546298935559906,0.24087357817965538,0.9091465649688208,0.6848401572948971,0.22430640767392374,137.0,0.1267474370922647,374.0,0.34762348555452005,769.0,0.7157502329916123,1040.0,0.9683131407269339,681.0,0.6337371854613234,0.1267474370922647,WACC_0p1_WRT_0p9,0.5584342963653309,510,False,,,False,False,False,False,False,3.0,0.022988505747126436
UDetect,ForestCovertype,244,0.58,59,0.0,0.797245753653933,0,23,628,1,5000,False,0.8414016659741794,0.12467660319983367,0.31937146228866203,0.8414016659741794,0.9503284294222573,0.9265693178581041,-3.181649610463174,-2.10523109526996,2.3061762316703245,1.5150308215472654,0.4335808906591327,0.12467660319983367,0.24453640312880576,0.11985979992897208,0.31937146228866203,0.28413468077275233,0.0352367815159097,0.8414016659741794,0.6066765994850598,0.23472506648911962,0.9503284294222573,0.6379047841941793,0.312423645228078,0.9265693178581041,0.6629378384505217,0.26363147940758247,564.0,0.5246971109040075,138.0,0.1276794035414725,615.0,0.5722273998136067,612.0,0.5694315004659832,627.0,0.5834109972041006,0.1276794035414725,WACC_0p3_WRT_0p7,0.47548928238583416,511,False,,,False,False,False,False,False,23.0,0.25287356321839083
UDetect,ForestCovertype,944,0.58,29,0.0,0.9816456337335658,0,3,4397,3065,1238,True,0.9856428559972665,0.1213886569836784,0.497965645654041,0.9856428559972665,0.995503471735646,0.9091465649688208,-3.181649610463174,-2.10523109526996,2.3061762316703245,1.5150308215472654,0.4335808906591327,0.1213886569836784,0.1039972629038298,0.017391394079848604,0.497965645654041,0.3610707650217647,0.13689488063227628,0.9856428559972665,0.7540182647175716,0.23162459127969492,0.995503471735646,0.7583793428091294,0.23712412892651658,0.9091465649688208,0.7040510117514459,0.20509555321737494,138.0,0.1276794035414725,762.0,0.7092264678471575,934.0,0.869524697110904,1063.0,0.9897483690587139,1056.0,0.983224603914259,0.1276794035414725,WACC_0p1_WRT_0p9,0.7358807082945014,512,False,,,False,False,False,False,False,3.0,0.022988505747126436
UDetect,ForestCovertype,770,0.7,505,0.5454545454545452,0.2300127331979113,0,51,2979,857,4086,False,0.3745649792788292,0.710120418362331,0.6254008932638311,0.3745649792788292,0.17663376405232709,0.38749404066221044,-3.181649610463174,-2.10523109526996,2.3061762316703245,1.5150308215472654,0.4335808906591327,0.710120418362331,0.5088397158537189,0.20128070250861207,0.6254008932638311,0.4255669476058932,0.19983394565793788,0.3745649792788292,0.3941185685054663,0.01955358922663708,0.17663376405232709,0.3566247476261709,0.17999098357384383,0.38749404066221044,0.37596330140229917,0.011530739259911271,1047.0,0.9748369058713886,922.0,0.8583410997204101,139.0,0.12861136999068035,288.0,0.2674743709226468,321.0,0.2982292637465051,0.12861136999068035,WACC_0p5_WRT_0p5,0.5054986020503262,513,False,,,False,False,False,False,False,51.0,0.5747126436781609
UDetect,ForestCovertype,108,0.58,58,0.0,0.8017169982740455,0,22,1,1,2846,True,0.8448991608999398,0.11964072117166165,0.3237019330092015,0.8448991608999398,0.9514238133499465,0.9261468588516771,-3.181649610463174,-2.10523109526996,2.3061762316703245,1.5150308215472654,0.4335808906591327,0.11964072117166165,0.1291779628258367,0.009537241654175063,0.3237019330092015,0.2848753489295192,0.038826584079682314,0.8448991608999398,0.6956906592843616,0.1492085016155782,0.9514238133499465,0.7380991764895246,0.2133246368604219,0.9261468588516771,0.6970114709946327,0.22913538785704446,367.0,0.34109972041006525,139.0,0.12861136999068035,671.0,0.6244175209692451,721.0,0.6710158434296365,964.0,0.8974836905871388,0.12861136999068035,WACC_0p3_WRT_0p7,0.5325256290773532,514,False,,,False,False,False,False,False,22.0,0.2413793103448276
UDetect,ForestCovertype,1035,0.7,667,0.5454545454545452,0.1561217248927034,0,58,4148,997,4329,False,0.4612634654601112,0.7933425259370092,0.7103838598103698,0.4612634654601112,0.15853164042119894,0.3944755244781743,-3.181649610463174,-2.10523109526996,2.3061762316703245,1.5150308215472654,0.4335808906591327,0.7933425259370092,0.5533727201299592,0.23996980580704996,0.7103838598103698,0.48458442940974683,0.22579943040062295,0.4612634654601112,0.5020566151728841,0.040793149712772925,0.15853164042119894,0.3300260786928215,0.17149443827162258,0.3944755244781743,0.2956591247952707,0.09881639968290362,1072.0,0.9981360671015843,1034.0,0.9627213420316869,522.0,0.48555452003727867,186.0,0.1724137931034483,139.0,0.12861136999068035,0.12861136999068035,WACC_0p9_WRT_0p1,0.5494874184529357,515,False,,,False,False,False,False,False,58.0,0.6551724137931034
UDetect,ForestCovertype,487,0.58,28,0.0,0.9906645581969952,0,2,1,5000,5000,True,0.9926976349741923,0.13110486292620857,0.5067006158106627,0.9926976349741923,0.9977129650069035,0.9082944250857279,-3.181649610463174,-2.10523109526996,2.3061762316703245,1.5150308215472654,0.4335808906591327,0.13110486292620857,0.10407145149128574,0.027033411434922827,0.5067006158106627,0.3501489487488491,0.15655166706181362,0.9926976349741923,0.7566400695298098,0.2360575654443825,0.9977129650069035,0.7501593141598343,0.24755365084706926,0.9082944250857279,0.6853824776999617,0.22291194738576614,139.0,0.12861136999068035,501.0,0.4659832246039143,997.0,0.9282385834109972,980.0,0.9123951537744641,690.0,0.6421248835041938,0.12861136999068035,WACC_0p1_WRT_0p9,0.61547064305685,516,False,,,False,False,False,False,False,2.0,0.011494252873563218
UDetect,ForestCovertype,165,0.72,259,0.6363636363636361,0.4071520084505012,0,12,1095,2275,1,True,0.23783314232841507,0.501708238757493,0.44368253332291463,0.23783314232841507,0.11424147629468182,0.27197905218721075,-3.181649610463174,-2.10523109526996,2.3061762316703245,1.5150308215472654,0.4335808906591327,0.501708238757493,0.2558134635620205,0.24589477519547254,0.44368253332291463,0.2919229813565192,0.15175955196639546,0.23783314232841507,0.3941892244983074,0.15635608216989233,0.11424147629468182,0.37249201701272516,0.2582505407180433,0.27197905218721075,0.37798780940541266,0.10600875721820191,578.0,0.5377446411929171,163.0,0.1509785647716682,140.0,0.12954333643988816,338.0,0.3140726933830382,323.0,0.3000931966449208,0.12954333643988816,WACC_0p5_WRT_0p5,0.2864864864864865,517,False,,,False,False,False,False,False,12.0,0.12643678160919541
UDetect,ForestCovertype,581,0.7,299,0.5454545454545452,0.3690824914031728,0,26,4698,4144,1333,False,0.211390355105467,0.5534886624396416,0.46545503678862604,0.211390355105467,0.21070364635768613,0.3743542380195172,-3.181649610463174,-2.10523109526996,2.3061762316703245,1.5150308215472654,0.4335808906591327,0.5534886624396416,0.39243163141936416,0.1610570310202774,0.46545503678862604,0.40932260727079683,0.05613242951782921,0.211390355105467,0.4029689957684322,0.1915786406629652,0.21070364635768613,0.3224260207968653,0.11172237443917915,0.3743542380195172,0.33904934851551144,0.03530488950400579,787.0,0.7325256290773532,891.0,0.8294501397949674,164.0,0.15191053122087605,140.0,0.12954333643988816,233.0,0.21621621621621623,0.12954333643988816,WACC_0p7_WRT_0p3,0.4119291705498602,518,False,,,False,False,False,False,False,26.0,0.28735632183908044
UDetect,ForestCovertype,350,0.6,39,0.0909090909090909,0.9051127686379964,1,1,47,3372,1,True,0.819111051806533,0.0077768441644819565,0.36331012965282067,0.819111051806533,0.8709655379558495,0.8175994175481266,-3.181649610463174,-2.10523109526996,2.3061762316703245,1.5150308215472654,0.4335808906591327,0.0077768441644819565,0.14050658677599095,0.132729742611509,0.36331012965282067,0.284977575046706,0.07833255460611466,0.819111051806533,0.5986859076544192,0.22042514415211378,0.8709655379558495,0.6214779569040724,0.24948758105177715,0.8175994175481266,0.5906369249002374,0.22696249264788915,403.0,0.3746505125815471,140.0,0.12954333643988816,609.0,0.5666356011183598,605.0,0.5629077353215284,584.0,0.543336439888164,0.12954333643988816,WACC_0p3_WRT_0p7,0.4354147250698975,519,False,,,False,False,False,False,False,1.0,0.0
UDetect,ForestCovertype,993,0.58,178,0.0,0.5064609392620616,0,60,1431,1368,4301,True,0.6139441011947826,0.4521822856834969,0.1753840513492202,0.6139441011947826,0.8790907676159112,0.9540436956229806,-3.181649610463174,-2.10523109526996,2.3061762316703245,1.5150308215472654,0.4335808906591327,0.4521822856834969,0.10407276174042994,0.34810952394306693,0.1753840513492202,0.3493313854858149,0.1739473341365947,0.6139441011947826,0.7476570810764867,0.13371297988170405,0.8790907676159112,0.7420639417319329,0.1370268258839783,0.9540436956229806,0.6877697461016387,0.266273949521342,140.0,0.12954333643988816,482.0,0.4482758620689655,833.0,0.7753960857409133,809.0,0.7530288909599254,735.0,0.6840633737185461,0.12954333643988816,WACC_0p1_WRT_0p9,0.5580615097856476,520,False,,,False,False,False,False,False,60.0,0.6781609195402298
UDetect,ForestCovertype,798,0.71,400,0.5909090909090907,0.2918853742957566,0,33,2600,1737,2974,False,0.33752342946080816,0.6359826733825236,0.5652462606382815,0.33752342946080816,0.13889727997755483,0.33225897308355856,-3.181649610463174,-2.10523109526996,2.3061762316703245,1.5150308215472654,0.4335808906591327,0.6359826733825236,0.4232553416251189,0.21272733175740466,0.5652462606382815,0.3914474843568884,0.17379877628139312,0.33752342946080816,0.3943959182208937,0.05687248876008555,0.13889727997755483,0.36056201505461016,0.22166473507705534,0.33225897308355856,0.37704444927549546,0.0447854761919369,857.0,0.7977632805219013,847.0,0.7884436160298229,141.0,0.13047530288909598,305.0,0.2833178005591799,322.0,0.29916123019571295,0.13047530288909598,WACC_0p5_WRT_0p5,0.4598322460391426,521,False,,,False,False,False,False,False,33.0,0.367816091954023
UDetect,ForestCovertype,409,0.72,523,0.6363636363636361,0.2207135529355518,0,39,1607,1709,3210,False,0.4565868476826176,0.7116905025917303,0.6581077170011644,0.4565868476826176,0.06856701537261681,0.28959441689403087,-3.181649610463174,-2.10523109526996,2.3061762316703245,1.5150308215472654,0.4335808906591327,0.7116905025917303,0.4750856341263116,0.23660486846541867,0.6581077170011644,0.43779817840693397,0.22030953859423047,0.4565868476826176,0.4736932875660615,0.017106439883443902,0.06856701537261681,0.3224435532515624,0.2538765378789456,0.28959441689403087,0.31100940345782546,0.02141498656379459,1004.0,0.934762348555452,954.0,0.8881640260950606,445.0,0.41379310344827586,141.0,0.13047530288909598,176.0,0.16309412861137,0.13047530288909598,WACC_0p7_WRT_0p3,0.506057781919851,522,False,,,False,False,False,False,False,39.0,0.4367816091954023
UDetect,ForestCovertype,740,0.58,72,0.0,0.7450727647562134,0,34,352,50,2854,True,0.8005909344139501,0.18343809792195248,0.2688411021718585,0.8005909344139501,0.9375468756595726,0.9314988063841693,-3.181649610463174,-2.10523109526996,2.3061762316703245,1.5150308215472654,0.4335808906591327,0.18343809792195248,0.13874165845163308,0.0446964394703194,0.2688411021718585,0.2857224193553456,0.016881317183487066,0.8005909344139501,0.704408230775975,0.0961827036379751,0.9375468756595726,0.7351850107117639,0.20236186494780872,0.9314988063841693,0.6948697815180421,0.23662902486612714,396.0,0.3681267474370923,141.0,0.13047530288909598,687.0,0.6393289841565704,697.0,0.6486486486486487,905.0,0.842497670083877,0.13047530288909598,WACC_0p3_WRT_0p7,0.5258154706430569,523,False,,,False,False,False,False,False,34.0,0.3793103448275862
UDetect,ForestCovertype,533,0.58,30,0.0,0.9729224656013556,0,4,4483,3345,1591,True,0.9788194234027437,0.11199107322659677,0.48951712015468507,0.9788194234027437,0.9933664340688685,0.9099707607476553,-3.181649610463174,-2.10523109526996,2.3061762316703245,1.5150308215472654,0.4335808906591327,0.11199107322659677,0.10407307612375022,0.007917997102846547,0.48951712015468507,0.35134938242945796,0.1381677377252271,0.9788194234027437,0.7460186584570847,0.23280076494565904,0.9933664340688685,0.7421893428862426,0.2511770911826259,0.9099707607476553,0.7016109097524127,0.20835985099524257,141.0,0.13047530288909598,544.0,0.5060577819198508,819.0,0.7623485554520038,811.0,0.7548928238583411,1036.0,0.9645852749301025,0.13047530288909598,WACC_0p1_WRT_0p9,0.6236719478098788,524,False,,,False,False,False,False,False,4.0,0.034482758620689655
UDetect,ForestCovertype,1049,0.68,164,0.4545454545454547,0.5281267381927909,0,19,2187,1119,2557,False,0.09756000559187945,0.3832634154083764,0.2605245518633008,0.09756000559187945,0.35545555835566245,0.45810541825635004,-3.181649610463174,-2.10523109526996,2.3061762316703245,1.5150308215472654,0.4335808906591327,0.3832634154083764,0.4215677677098621,0.03830435230148571,0.2605245518633008,0.33515079520147106,0.07462624333817025,0.09756000559187945,0.39504562131594523,0.2974856157240658,0.35545555835566245,0.3865096405587179,0.031054082203055444,0.45810541825635004,0.3955079594591246,0.06259745879722545,852.0,0.7931034482758621,344.0,0.3196644920782852,142.0,0.13140726933830382,377.0,0.3504193849021435,372.0,0.34575955265610436,0.13140726933830382,WACC_0p5_WRT_0p5,0.3880708294501398,525,False,,,False,False,False,False,False,19.0,0.20689655172413793
UDetect,ForestCovertype,1008,0.68,394,0.4545454545454547,0.2958959948647386,0,70,4521,4507,3471,False,0.22615134938408268,0.6448207056210811,0.5276160145999744,0.22615134938408268,0.29856271410986407,0.480047400282325,-3.181649610463174,-2.10523109526996,2.3061762316703245,1.5150308215472654,0.4335808906591327,0.6448207056210811,0.44721746151871655,0.19760324410236452,0.5276160145999744,0.4564210742388628,0.07119494036111162,0.22615134938408268,0.44257111406346106,0.21641976467937837,0.29856271410986407,0.32273288865915617,0.0241701745492921,0.480047400282325,0.35965561850715877,0.12039178177516624,932.0,0.8676607642124884,996.0,0.9273066169617894,334.0,0.3103448275862069,142.0,0.13140726933830382,284.0,0.2637465051258155,0.13140726933830382,WACC_0p7_WRT_0p3,0.5000931966449208,526,False,,,False,False,False,False,False,70.0,0.7931034482758621
UDetect,ForestCovertype,30,0.58,32,0.0,0.956290000443551,0,6,4442,3961,1642,True,0.9658091840992082,0.09407269975973002,0.47340831612005946,0.9658091840992082,0.9892917442320025,0.9115422548845219,-3.181649610463174,-2.10523109526996,2.3061762316703245,1.5150308215472654,0.4335808906591327,0.09407269975973002,0.10408423541920392,0.010011535659473894,0.47340831612005946,0.35274531285856253,0.12066300326149693,0.9658091840992082,0.7460987526481746,0.21971043145103364,0.9892917442320025,0.7412180364724963,0.2480737077595062,0.9115422548845219,0.6917563346580584,0.21978592022646348,142.0,0.13140726933830382,590.0,0.548928238583411,820.0,0.7632805219012115,788.0,0.7334575955265611,826.0,0.7688723205964585,0.13140726933830382,WACC_0p1_WRT_0p9,0.5891891891891892,527,False,,,False,False,False,False,False,6.0,0.05747126436781609
UDetect,ForestCovertype,839,0.68,215,0.4545454545454547,0.4564753456976674,0,30,606,3803,1806,False,0.041512886060973406,0.46396308416204235,0.34293170844552906,0.041512886060973406,0.33790210503246837,0.4648752952490926,-3.181649610463174,-2.10523109526996,2.3061762316703245,1.5150308215472654,0.4335808906591327,0.46396308416204235,0.32921754199428915,0.1347455421677532,0.34293170844552906,0.3052234205049398,0.03770828794058928,0.041512886060973406,0.39568802529753855,0.35417513923656513,0.33790210503246837,0.39092124148736845,0.053019136454900084,0.4648752952490926,0.42341310578001334,0.04146218946907926,666.0,0.6197576887232059,214.0,0.19850885368126747,143.0,0.13233923578751164,386.0,0.35880708294501396,428.0,0.3979496738117428,0.13233923578751164,WACC_0p5_WRT_0p5,0.34147250698974835,528,False,,,False,False,False,False,False,30.0,0.3333333333333333
UDetect,ForestCovertype,353,0.62,41,0.1818181818181819,0.8921329850159365,1,1,103,4282,1,True,0.702291709996005,0.0,0.29020677236891235,0.702291709996005,0.7619970999017129,0.7200475502036053,-3.181649610463174,-2.10523109526996,2.3061762316703245,1.5150308215472654,0.4335808906591327,0.0,0.15376501050809616,0.15376501050809616,0.29020677236891235,0.2864211965988648,0.0037855757700475667,0.702291709996005,0.5896790332217438,0.11261267677426123,0.7619970999017129,0.6321715079189826,0.12982559198273036,0.7200475502036053,0.6188839970385293,0.10116355316507608,429.0,0.39888164026095063,143.0,0.13233923578751164,602.0,0.5601118359739049,611.0,0.5684995340167754,599.0,0.5573159366262814,0.13233923578751164,WACC_0p3_WRT_0p7,0.4434296365330848,529,False,,,False,False,False,False,False,1.0,0.0
UDetect,ForestCovertype,370,0.71,594,0.5909090909090907,0.1869088401519874,0,50,3655,3237,3661,False,0.46069547438986597,0.7542158470488501,0.6859810766048239,0.46069547438986597,0.11317969616020254,0.3421775273297461,-3.181649610463174,-2.10523109526996,2.3061762316703245,1.5150308215472654,0.4335808906591327,0.7542158470488501,0.4507144609756506,0.30350138607319954,0.6859810766048239,0.4630650594050702,0.22291601719975368,0.46069547438986597,0.45466761735758116,0.006027857032284811,0.11317969616020254,0.3229628090070815,0.20978311284687898,0.3421775273297461,0.32614801162657836,0.01602951570316774,944.0,0.8788443616029823,1004.0,0.934762348555452,382.0,0.3550792171481827,143.0,0.13233923578751164,206.0,0.19105312208760486,0.13233923578751164,WACC_0p7_WRT_0p3,0.4984156570363468,530,False,,,False,False,False,False,False,50.0,0.5632183908045977
UDetect,ForestCovertype,91,0.58,29,0.0,0.9816456337335658,0,3,1086,5000,1814,True,0.9856428559972665,0.1213886569836784,0.497965645654041,0.9856428559972665,0.995503471735646,0.9091465649688208,-3.181649610463174,-2.10523109526996,2.3061762316703245,1.5150308215472654,0.4335808906591327,0.1213886569836784,0.10408914014133991,0.01729951684233849,0.497965645654041,0.3428699451038159,0.1550957005502251,0.9856428559972665,0.7379047515692534,0.24773810442801314,0.995503471735646,0.7493389066197699,0.24616456511587614,0.9091465649688208,0.6851422479085832,0.2240043170602376,143.0,0.13233923578751164,396.0,0.3681267474370923,773.0,0.7194780987884436,967.0,0.9002795899347623,687.0,0.6393289841565704,0.13233923578751164,WACC_0p1_WRT_0p9,0.551910531220876,531,False,,,False,False,False,False,False,3.0,0.022988505747126436
UDetect,ForestCovertype,789,0.7,321,0.5454545454545452,0.35025559784993,0,31,3605,3672,1734,False,0.2334805012274443,0.574693052480081,0.48710808093713465,0.2334805012274443,0.20609135641188944,0.3761330695128422,-3.181649610463174,-2.10523109526996,2.3061762316703245,1.5150308215472654,0.4335808906591327,0.574693052480081,0.40014487849574376,0.1745481739843372,0.48710808093713465,0.3945112188646796,0.09259686207245504,0.2334805012274443,0.4035552459171985,0.1700747446897542,0.20609135641188944,0.32329914880217886,0.11720779239028942,0.3761330695128422,0.34578654443860424,0.030346525074237962,801.0,0.7455731593662628,860.0,0.8005591798695247,167.0,0.15470643056849953,144.0,0.13327120223671948,246.0,0.22833178005591798,0.13327120223671948,WACC_0p7_WRT_0p3,0.4124883504193849,532,False,,,False,False,False,False,False,31.0,0.3448275862068966
UDetect,ForestCovertype,89,0.8,900,1.0,0.0765201684440066,1,1,2583,262,1,False,0.910216643153258,0.8384792483042179,0.9119932037176682,0.910216643153258,0.45847963857893603,0.12623944707548698,-3.181649610463174,-2.10523109526996,2.3061762316703245,1.5150308215472654,0.4335808906591327,0.8384792483042179,0.45845718981895656,0.3800220584852614,0.9119932037176682,0.4016832079710832,0.5103099957465851,0.910216643153258,0.4179902980980237,0.4922263450552343,0.45847963857893603,0.32824555149165574,0.1302340870872803,0.12623944707548698,0.29813228962295746,0.17189284254747048,962.0,0.8956197576887233,877.0,0.8164026095060578,220.0,0.20410065237651445,175.0,0.16216216216216217,144.0,0.13327120223671948,0.13327120223671948,WACC_0p9_WRT_0p1,0.4423112767940355,533,False,,,False,False,False,False,False,1.0,0.0
UDetect,ForestCovertype,480,0.58,33,0.0,0.948348133291504,0,7,1,487,1,True,0.9595969004007491,0.08551682182435125,0.4657164929051875,0.9595969004007491,0.9873461128981531,0.9122926305833013,-3.181649610463174,-2.10523109526996,2.3061762316703245,1.5150308215472654,0.4335808906591327,0.08551682182435125,0.15429093670629143,0.06877411488194018,0.4657164929051875,0.2865285749557447,0.17918791794944283,0.9595969004007491,0.6402449835829681,0.31935191681778097,0.9873461128981531,0.6731044797865674,0.3142416331115857,0.9122926305833013,0.6240829970790168,0.2882096335042845,432.0,0.4016775396085741,144.0,0.13327120223671948,631.0,0.587138863000932,627.0,0.5834109972041006,607.0,0.5647716682199441,0.13327120223671948,WACC_0p3_WRT_0p7,0.454054054054054,534,False,,,False,False,False,False,False,7.0,0.06896551724137931
UDetect,ForestCovertype,968,0.58,34,0.0,0.9406364979085056,0,8,4039,4870,4115,True,0.9535647084915816,0.0772089756018068,0.45824765277880875,0.9535647084915816,0.9854568846915948,0.9130212531702152,-3.181649610463174,-2.10523109526996,2.3061762316703245,1.5150308215472654,0.4335808906591327,0.0772089756018068,0.1041168467274353,0.026907871125628507,0.45824765277880875,0.35242301760385236,0.10582463517495638,0.9535647084915816,0.759105350250026,0.19445935824155558,0.9854568846915948,0.7403433679685902,0.24511351672300452,0.9130212531702152,0.6972276383963683,0.21579361477384695,144.0,0.13327120223671948,581.0,0.5405405405405406,1041.0,0.9692451071761417,773.0,0.7194780987884436,970.0,0.9030754892823858,0.13327120223671948,WACC_0p1_WRT_0p9,0.6531220876048461,535,False,,,False,False,False,False,False,8.0,0.08045977011494253
UDetect,ForestCovertype,668,0.71,196,0.5909090909090907,0.4809702296591516,0,15,2262,914,2237,False,0.11566462558442933,0.42301981721473425,0.347777419620017,0.11566462558442933,0.18522006683714237,0.31439356715878436,-3.181649610463174,-2.10523109526996,2.3061762316703245,1.5150308215472654,0.4335808906591327,0.42301981721473425,0.4245568624184216,0.0015370452036873594,0.347777419620017,0.33544436186894083,0.012333057751076182,0.11566462558442933,0.3965987454529635,0.2809341198685341,0.18522006683714237,0.3566593274115684,0.17143926057442604,0.31439356715878436,0.3497522055469689,0.03535863838818454,861.0,0.8014911463187325,347.0,0.32246039142590865,145.0,0.1342031686859273,289.0,0.2684063373718546,253.0,0.23485554520037277,0.1342031686859273,WACC_0p5_WRT_0p5,0.3522833178005592,536,False,,,False,False,False,False,False,15.0,0.16091954022988506
UDetect,ForestCovertype,1064,0.64,176,0.2727272727272729,0.5094501032103493,0,24,141,2655,2211,False,0.2962833794823104,0.4221054008962298,0.23798133976181263,0.2962833794823104,0.5624572737500396,0.6574265392092751,-3.181649610463174,-2.10523109526996,2.3061762316703245,1.5150308215472654,0.4335808906591327,0.4221054008962298,0.3263252946342058,0.09578010626202399,0.23798133976181263,0.287083564706149,0.04910222494433636,0.2962833794823104,0.4591445853809145,0.1628612058986041,0.5624572737500396,0.469455781274928,0.09300149247511164,0.6574265392092751,0.4971701691513284,0.16025637005794668,663.0,0.6169617893755824,145.0,0.1342031686859273,398.0,0.3699906803355079,517.0,0.4808946877912395,532.0,0.49487418452935694,0.1342031686859273,WACC_0p3_WRT_0p7,0.4193849021435228,537,False,,,False,False,False,False,False,24.0,0.26436781609195403
UDetect,ForestCovertype,253,0.58,31,0.0,0.9644762707294906,0,5,3350,5000,2448,True,0.9722126447054984,0.10289187640567356,0.48133684761310763,0.9722126447054984,0.9912972504524864,0.9107687871132021,-3.181649610463174,-2.10523109526996,2.3061762316703245,1.5150308215472654,0.4335808906591327,0.10289187640567356,0.10411926454671046,0.0012273881410369003,0.48133684761310763,0.349087695136884,0.13224915247622365,0.9722126447054984,0.7568013094629223,0.21541133524257605,0.9912972504524864,0.7490699995194495,0.24222725093303688,0.9107687871132021,0.7047247885912781,0.206043998521924,145.0,0.1342031686859273,476.0,0.4426840633737186,999.0,0.9301025163094129,962.0,0.8956197576887233,1062.0,0.9888164026095061,0.1342031686859273,WACC_0p1_WRT_0p9,0.6782851817334576,538,False,,,False,False,False,False,False,5.0,0.04597701149425287
UDetect,ForestCovertype,275,0.58,64,0.0,0.7759517686097671,0,28,1,4579,1409,False,0.824745094712973,0.14865963381053196,0.29874790294624215,0.824745094712973,0.9451117412390792,0.928581248881554,-3.181649610463174,-2.10523109526996,2.3061762316703245,1.5150308215472654,0.4335808906591327,0.14865963381053196,0.2589150652800797,0.11025543146954772,0.29874790294624215,0.2871911644249188,0.011556738521323329,0.824745094712973,0.565055498981632,0.259689595731341,0.9451117412390792,0.5881233345546427,0.35698840668443643,0.928581248881554,0.6198862023718116,0.30869504650974244,583.0,0.5424044734389561,146.0,0.13513513513513514,586.0,0.5452003727865797,587.0,0.5461323392357875,600.0,0.5582479030754893,0.13513513513513514,WACC_0p3_WRT_0p7,0.4654240447343896,539,False,,,False,False,False,False,False,28.0,0.3103448275862069
UDetect,ForestCovertype,222,0.58,31,0.0,0.9644762707294906,0,5,355,4137,3334,True,0.9722126447054984,0.10289187640567356,0.48133684761310763,0.9722126447054984,0.9912972504524864,0.9107687871132021,-3.181649610463174,-2.10523109526996,2.3061762316703245,1.5150308215472654,0.4335808906591327,0.10289187640567356,0.10412770705265938,0.0012358306469858193,0.48133684761310763,0.34871655070386154,0.1326202969092461,0.9722126447054984,0.7501889212040266,0.22202372350147181,0.9912972504524864,0.7474616432047851,0.24383560724770126,0.9107687871132021,0.6891404923191651,0.221628294794037,146.0,0.13513513513513514,467.0,0.4342963653308481,861.0,0.8014911463187325,934.0,0.869524697110904,763.0,0.7101584342963654,0.13513513513513514,WACC_0p1_WRT_0p9,0.590121155638397,540,False,,,False,False,False,False,False,5.0,0.04597701149425287
UDetect,ForestCovertype,675,0.71,235,0.5909090909090907,0.4329172381147796,0,17,1252,2776,975,False,0.17204660925111256,0.477141033358823,0.40304376212286597,0.17204660925111256,0.17344784699966498,0.31893378376254167,-3.181649610463174,-2.10523109526996,2.3061762316703245,1.5150308215472654,0.4335808906591327,0.477141033358823,0.34843975384868403,0.128701279510139,0.40304376212286597,0.3620240801057526,0.04101968201711337,0.17204660925111256,0.39747370935961784,0.22542710010850528,0.17344784699966498,0.33482781788219373,0.16137997088252876,0.31893378376254167,0.33123894240404134,0.01230515864149967,703.0,0.6542404473438956,769.0,0.7157502329916123,147.0,0.13606710158434296,220.0,0.20410065237651445,213.0,0.19757688723205966,0.13606710158434296,WACC_0p5_WRT_0p5,0.38154706430568497,541,False,,,False,False,False,False,False,17.0,0.1839080459770115
UDetect,ForestCovertype,1004,0.58,30,0.0,0.9729224656013556,0,4,3467,3040,2360,True,0.9788194234027437,0.11199107322659677,0.48951712015468507,0.9788194234027437,0.9933664340688685,0.9099707607476553,-3.181649610463174,-2.10523109526996,2.3061762316703245,1.5150308215472654,0.4335808906591327,0.11199107322659677,0.10416755839893418,0.007823514827662581,0.48951712015468507,0.3518372416069117,0.13767987854777336,0.9788194234027437,0.749383123969029,0.2294362994337148,0.9933664340688685,0.7470295645448715,0.24633686952399703,0.9099707607476553,0.7033552082707434,0.20661555247691188,147.0,0.13606710158434296,565.0,0.5256290773532153,851.0,0.7921714818266542,920.0,0.8564771668219944,1050.0,0.9776328052190121,0.13606710158434296,WACC_0p1_WRT_0p9,0.6575955265610438,542,False,,,False,False,False,False,False,4.0,0.034482758620689655
UDetect,ForestCovertype,174,0.69,212,0.4999999999999997,0.4601961447072275,0,26,3781,4723,1,True,0.06892860086323171,0.4553207082256139,0.3496582317841217,0.06892860086323171,0.28591934310868017,0.41513461939305657,-3.181649610463174,-2.10523109526996,2.3061762316703245,1.5150308215472654,0.4335808906591327,0.4553207082256139,0.21679997380777238,0.2385207344178415,0.3496582317841217,0.28734059705339815,0.06231763473072355,0.06892860086323171,0.479583138239711,0.4106545373764793,0.28591934310868017,0.49682213007245757,0.2109027869637774,0.41513461939305657,0.5026578755007699,0.08752325610771333,515.0,0.4790307548928239,148.0,0.1369990680335508,463.0,0.43056849953401677,545.0,0.5069897483690587,536.0,0.49860205032618826,0.1369990680335508,WACC_0p3_WRT_0p7,0.4104380242311277,543,False,,,False,False,False,False,False,26.0,0.28735632183908044
UDetect,ForestCovertype,211,0.58,29,0.0,0.9816456337335658,0,3,1446,2129,3709,True,0.9856428559972665,0.1213886569836784,0.497965645654041,0.9856428559972665,0.995503471735646,0.9091465649688208,-3.181649610463174,-2.10523109526996,2.3061762316703245,1.5150308215472654,0.4335808906591327,0.1213886569836784,0.10419184321455759,0.017196813769120814,0.497965645654041,0.3550254591598817,0.1429401864941593,0.9856428559972665,0.7538730822384657,0.2317697737588008,0.995503471735646,0.7485120106796799,0.24699146105596614,0.9091465649688208,0.6877323573728146,0.22141420759600627,148.0,0.1369990680335508,673.0,0.6262814538676608,929.0,0.8648648648648649,954.0,0.8881640260950606,732.0,0.6812674743709226,0.1369990680335508,WACC_0p1_WRT_0p9,0.639515377446412,544,False,,,False,False,False,False,False,3.0,0.022988505747126436
UDetect,ForestCovertype,784,0.72,402,0.6363636363636361,0.2905618253342277,0,28,1675,2242,2067,False,0.3746318220544696,0.6330216554235106,0.5777743512407215,0.3746318220544696,0.08567873290608063,0.282994905065607,-3.181649610463174,-2.10523109526996,2.3061762316703245,1.5150308215472654,0.4335808906591327,0.6330216554235106,0.414916509984772,0.21810514543873866,0.5777743512407215,0.4294417302953399,0.14833262094538163,0.3746318220544696,0.46778983667200863,0.09315801461753903,0.08567873290608063,0.3245554290672769,0.23887669616119628,0.282994905065607,0.3009504281586208,0.017955523093013792,842.0,0.7837837837837838,933.0,0.8685927306616962,426.0,0.3960857409133271,152.0,0.1407269338303821,149.0,0.13793103448275862,0.13793103448275862,WACC_0p9_WRT_0p1,0.4654240447343895,545,False,,,False,False,False,False,False,28.0,0.3103448275862069
UDetect,ForestCovertype,762,0.58,71,0.0,0.7487422407613639,0,33,3130,47,2181,True,0.8034612702596973,0.17930523339827523,0.27239504738177783,0.8034612702596973,0.9384458390088385,0.9311521013123261,-3.181649610463174,-2.10523109526996,2.3061762316703245,1.5150308215472654,0.4335808906591327,0.17930523339827523,0.14299578126035475,0.03630945213792047,0.27239504738177783,0.28785713254556716,0.01546208516378933,0.8034612702596973,0.6907232931452376,0.11273797711445965,0.9384458390088385,0.7297689280716804,0.20867691093715812,0.9311521013123261,0.7072243319380717,0.2239277693742544,410.0,0.3811742777260019,149.0,0.13793103448275862,660.0,0.614165890027959,673.0,0.6262814538676608,1069.0,0.9953401677539608,0.13793103448275862,WACC_0p3_WRT_0p7,0.5509785647716683,546,False,,,False,False,False,False,False,33.0,0.367816091954023
UDetect,ForestCovertype,735,0.58,30,0.0,0.9729224656013556,0,4,1371,3785,4664,True,0.9788194234027437,0.11199107322659677,0.48951712015468507,0.9788194234027437,0.9933664340688685,0.9099707607476553,-3.181649610463174,-2.10523109526996,2.3061762316703245,1.5150308215472654,0.4335808906591327,0.11199107322659677,0.10422085235771027,0.007770220868886499,0.48951712015468507,0.3531063702762966,0.13641074987838847,0.9788194234027437,0.7580708267290965,0.2207485966736472,0.9933664340688685,0.744465119488083,0.24890131458078546,0.9099707607476553,0.6871908928001921,0.22277986794746318,149.0,0.13793103448275862,599.0,0.5573159366262814,1024.0,0.9534016775396086,871.0,0.8108108108108109,716.0,0.6663560111835974,0.13793103448275862,WACC_0p1_WRT_0p9,0.6251630941286115,547,False,,,False,False,False,False,False,4.0,0.034482758620689655
UDetect,ForestCovertype,726,0.72,1315,0.6363636363636361,0.0,0,53,4122,1043,3490,False,0.7155565296250401,0.9602761893605667,0.9119531159976715,0.7155565296250401,0.15369122249385575,0.3104482140356084,-3.181649610463174,-2.10523109526996,2.3061762316703245,1.5150308215472654,0.4335808906591327,0.9602761893605667,0.5321544536884478,0.42812173567211886,0.9119531159976715,0.46710070605782666,0.4448524099398448,0.7155565296250401,0.49982070999833705,0.21573581962670307,0.15369122249385575,0.3256422008827696,0.17195097838891382,0.3104482140356084,0.30099511279205593,0.009453101243552475,1063.0,0.9897483690587139,1016.0,0.9459459459459459,516.0,0.47996272134203166,161.0,0.14911463187325255,150.0,0.13886300093196646,0.13886300093196646,WACC_0p9_WRT_0p1,0.540726933830382,548,False,,,False,False,False,False,False,53.0,0.5977011494252874
UDetect,ForestCovertype,936,0.58,40,0.0,0.8985437239556836,0,13,3821,4060,2581,True,0.9206389180642457,0.03186187661274668,0.41748013933768663,0.9206389180642457,0.9751448235146274,0.9169983273347309,-3.181649610463174,-2.10523109526996,2.3061762316703245,1.5150308215472654,0.4335808906591327,0.03186187661274668,0.10422553452723128,0.0723636579144846,0.41748013933768663,0.34898928698386505,0.06849085235382157,0.9206389180642457,0.7580169612450424,0.16262195681920333,0.9751448235146274,0.7502631666901064,0.224881656824521,0.9169983273347309,0.7038764719925481,0.21312185534218275,150.0,0.13886300093196646,474.0,0.4408201304753029,1023.0,0.9524697110904008,983.0,0.9151910531220876,1053.0,0.9804287045666356,0.13886300093196646,WACC_0p1_WRT_0p9,0.6855545200372787,549,False,,,False,False,False,False,False,13.0,0.13793103448275862
UDetect,ForestCovertype,815,0.69,257,0.4999999999999997,0.4092063259369204,0,37,790,2618,2396,False,0.12875645000806413,0.5127496198110137,0.4083022557616055,0.12875645000806413,0.2734276472382386,0.4199523178206301,-3.181649610463174,-2.10523109526996,2.3061762316703245,1.5150308215472654,0.4335808906591327,0.5127496198110137,0.3946643416450352,0.11808527816597852,0.4083022557616055,0.37997494322743824,0.02832731253416726,0.12875645000806413,0.39979208047181314,0.271035630463749,0.2734276472382386,0.34796202855059377,0.07453438131235518,0.4199523178206301,0.3669063538155851,0.053045964005044965,791.0,0.7362534948741846,817.0,0.7604846225535881,151.0,0.13979496738117428,269.0,0.24976700838769805,302.0,0.2805219012115564,0.13979496738117428,WACC_0p5_WRT_0p5,0.43336439888164024,550,False,,,False,False,False,False,False,37.0,0.41379310344827586
UDetect,ForestCovertype,870,0.58,30,0.0,0.9729224656013556,0,4,3270,1886,3356,True,0.9788194234027437,0.11199107322659677,0.48951712015468507,0.9788194234027437,0.9933664340688685,0.9099707607476553,-3.181649610463174,-2.10523109526996,2.3061762316703245,1.5150308215472654,0.4335808906591327,0.11199107322659677,0.10423586127820975,0.00775521194838702,0.48951712015468507,0.3576217548599599,0.13189536529472518,0.9788194234027437,0.756450545231276,0.22236887817146778,0.9933664340688685,0.7396854863490894,0.2536809477197791,0.9099707607476553,0.6975604638034666,0.21241029694418867,151.0,0.13979496738117428,730.0,0.679403541472507,991.0,0.9226467847157502,756.0,0.7036346691519105,975.0,0.907735321528425,0.13979496738117428,WACC_0p1_WRT_0p9,0.6706430568499534,551,False,,,False,False,False,False,False,4.0,0.034482758620689655
UDetect,ForestCovertype,270,0.58,28,0.0,0.9906645581969952,0,2,1,2801,2815,True,0.9926976349741923,0.13110486292620857,0.5067006158106627,0.9926976349741923,0.9977129650069035,0.9082944250857279,-3.181649610463174,-2.10523109526996,2.3061762316703245,1.5150308215472654,0.4335808906591327,0.13110486292620857,0.10426492640464863,0.026839936521559943,0.5067006158106627,0.3497655169979841,0.15693509881267864,0.9926976349741923,0.7587539985486802,0.23394363642551208,0.9977129650069035,0.7559030311199576,0.24180993388694594,0.9082944250857279,0.6898195691325816,0.2184748559531463,152.0,0.1407269338303821,492.0,0.4575955265610438,1037.0,0.9655172413793104,1049.0,0.9767008387698043,776.0,0.7222739981360671,0.1407269338303821,WACC_0p1_WRT_0p9,0.6525629077353216,552,False,,,False,False,False,False,False,2.0,0.011494252873563218
UDetect,ForestCovertype,202,0.58,59,0.0,0.797245753653933,0,23,971,1,5000,True,0.8414016659741794,0.12467660319983367,0.31937146228866203,0.8414016659741794,0.9503284294222573,0.9265693178581041,-3.181649610463174,-2.10523109526996,2.3061762316703245,1.5150308215472654,0.4335808906591327,0.12467660319983367,0.12270797058497095,0.001968632614862728,0.31937146228866203,0.2897300001734971,0.02964146211516494,0.8414016659741794,0.6941796209891195,0.14722204498505997,0.9503284294222573,0.7271116348724733,0.22321679454978394,0.9265693178581041,0.6867129304818959,0.2398563873762083,347.0,0.32246039142590865,153.0,0.14165890027958994,666.0,0.6197576887232059,664.0,0.6178937558247903,707.0,0.6579683131407269,0.14165890027958994,WACC_0p3_WRT_0p7,0.4719478098788444,553,False,,,False,False,False,False,False,23.0,0.25287356321839083
UDetect,ForestCovertype,5,0.7,386,0.5454545454545452,0.3013393109528569,0,41,1368,2831,3293,False,0.29087541463921085,0.6297865825817013,0.5433673101492209,0.29087541463921085,0.19410764292229918,0.3807548533149843,-3.181649610463174,-2.10523109526996,2.3061762316703245,1.5150308215472654,0.4335808906591327,0.6297865825817013,0.4359526714163766,0.19383391116532467,0.5433673101492209,0.4437229080018291,0.09964440214739179,0.29087541463921085,0.4615594219270963,0.17068400728788546,0.19410764292229918,0.3245893222627798,0.13048167934048063,0.3807548533149843,0.3290889169397295,0.051665936375254795,897.0,0.8350419384902144,969.0,0.902143522833178,403.0,0.3746505125815471,153.0,0.14165890027958994,210.0,0.19478098788443615,0.14165890027958994,WACC_0p7_WRT_0p3,0.48965517241379314,554,False,,,False,False,False,False,False,41.0,0.45977011494252873
UDetect,ForestCovertype,1024,0.58,29,0.0,0.9816456337335658,0,3,4844,2709,4918,True,0.9856428559972665,0.1213886569836784,0.497965645654041,0.9856428559972665,0.995503471735646,0.9091465649688208,-3.181649610463174,-2.10523109526996,2.3061762316703245,1.5150308215472654,0.4335808906591327,0.1213886569836784,0.10428053433238205,0.017108122651296354,0.497965645654041,0.3557650594840948,0.14220058616994619,0.9856428559972665,0.7615021900108093,0.2241406659864572,0.995503471735646,0.7424920380615738,0.2530114336740722,0.9091465649688208,0.6896573520359991,0.21948921293282175,153.0,0.14165890027958994,693.0,0.6449207828518173,1069.0,0.9953401677539608,819.0,0.7623485554520038,771.0,0.7176141658900279,0.14165890027958994,WACC_0p1_WRT_0p9,0.65237651444548,555,False,,,False,False,False,False,False,3.0,0.022988505747126436
UDetect,ForestCovertype,225,0.72,240,0.6363636363636361,0.4273398264434442,0,8,1174,2512,1,True,0.21414618366543448,0.4789710641101102,0.42046427307052364,0.21414618366543448,0.11918717111645913,0.2700716357392555,-3.181649610463174,-2.10523109526996,2.3061762316703245,1.5150308215472654,0.4335808906591327,0.4789710641101102,0.23723327086048518,0.24173779324962502,0.42046427307052364,0.2898736289234202,0.13059064414710342,0.21414618366543448,0.41246580382138986,0.1983196201559554,0.11918717111645913,0.41499799626022327,0.2958108251437641,0.2700716357392555,0.40927533810476946,0.13920370236551394,549.0,0.51071761416589,154.0,0.14259086672879775,199.0,0.18452935694315004,431.0,0.40074557315936626,401.0,0.3727865796831314,0.14259086672879775,WACC_0p3_WRT_0p7,0.32227399813606705,556,False,,,False,False,False,False,False,8.0,0.08045977011494253
UDetect,ForestCovertype,115,0.69,500,0.4999999999999997,0.2326545899882729,0,78,3906,2951,4924,False,0.3359097774630141,0.7115966500332139,0.6113566004510631,0.3359097774630141,0.23017527560687942,0.4366335502936607,-3.181649610463174,-2.10523109526996,2.3061762316703245,1.5150308215472654,0.4335808906591327,0.7115966500332139,0.47853144783686835,0.23306520219634558,0.6113566004510631,0.5042117071159642,0.10714489333509891,0.3359097774630141,0.49635835364213404,0.16044857617911995,0.23017527560687942,0.32463343670341044,0.09445816109653102,0.4366335502936607,0.31768924282662936,0.11894430746703133,1011.0,0.9412861136999068,1060.0,0.9869524697110904,506.0,0.4706430568499534,154.0,0.14259086672879775,187.0,0.1733457595526561,0.14259086672879775,WACC_0p7_WRT_0p3,0.542963653308481,557,False,,,False,False,False,False,False,78.0,0.8850574712643678
UDetect,ForestCovertype,573,0.58,30,0.0,0.9729224656013556,0,4,3922,4955,4898,True,0.9788194234027437,0.11199107322659677,0.48951712015468507,0.9788194234027437,0.9933664340688685,0.9099707607476553,-3.181649610463174,-2.10523109526996,2.3061762316703245,1.5150308215472654,0.4335808906591327,0.11199107322659677,0.10433726539960525,0.0076538078269915155,0.48951712015468507,0.3504055891887589,0.13911153096592616,0.9788194234027437,0.7512904986449765,0.2275289247577672,0.9933664340688685,0.7432631538960924,0.25010328017277605,0.9099707607476553,0.6940991193222937,0.21587164142536153,154.0,0.14259086672879775,509.0,0.47343895619757687,878.0,0.8173345759552656,838.0,0.7800559179869525,879.0,0.8182665424044734,0.14259086672879775,WACC_0p1_WRT_0p9,0.6063373718546132,558,False,,,False,False,False,False,False,4.0,0.034482758620689655
UDetect,ForestCovertype,338,0.58,61,0.0,0.7885225855217226,0,25,857,1,2689,True,0.8345782333796563,0.13450134985496429,0.31092293678930577,0.8345782333796563,0.94819139175548,0.9273935136369386,-3.181649610463174,-2.10523109526996,2.3061762316703245,1.5150308215472654,0.4335808906591327,0.13450134985496429,0.12942625606170394,0.005075093793260349,0.31092293678930577,0.28993413002274515,0.02098880676656062,0.8345782333796563,0.69459996533412,0.13997826804553626,0.94819139175548,0.7343644703387682,0.21382692141671178,0.9273935136369386,0.6915331172146579,0.23586039642228063,368.0,0.34203168685927304,155.0,0.1435228331780056,669.0,0.6225535880708295,695.0,0.646784715750233,818.0,0.7614165890027959,0.1435228331780056,WACC_0p3_WRT_0p7,0.5032618825722274,559,False,,,False,False,False,False,False,25.0,0.27586206896551724
UDetect,ForestCovertype,284,0.58,28,0.0,0.9906645581969952,0,2,552,1971,2374,True,0.9926976349741923,0.13110486292620857,0.5067006158106627,0.9926976349741923,0.9977129650069035,0.9082944250857279,-3.181649610463174,-2.10523109526996,2.3061762316703245,1.5150308215472654,0.4335808906591327,0.13110486292620857,0.10434590409269073,0.026758958833517837,0.5067006158106627,0.3544529266743477,0.15224768913631503,0.9926976349741923,0.7485554001782538,0.24414223479593844,0.9977129650069035,0.7594487420145489,0.2382642229923546,0.9082944250857279,0.6934866165688132,0.21480780851691472,155.0,0.1435228331780056,655.0,0.6095060577819198,846.0,0.7875116495806151,1066.0,0.9925442684063374,865.0,0.8052190121155638,0.1435228331780056,WACC_0p1_WRT_0p9,0.6676607642124883,560,False,,,False,False,False,False,False,2.0,0.011494252873563218
UDetect,ForestCovertype,493,0.58,30,0.0,0.9729224656013556,0,4,1,4109,1,False,0.9788194234027437,0.11199107322659677,0.48951712015468507,0.9788194234027437,0.9933664340688685,0.9099707607476553,-3.181649610463174,-2.10523109526996,2.3061762316703245,1.5150308215472654,0.4335808906591327,0.11199107322659677,0.11161369573013526,0.000377377496461509,0.48951712015468507,0.29012504876907813,0.19939207138560694,0.9788194234027437,0.6351977594111302,0.34362166399161354,0.9933664340688685,0.6446198569394622,0.34874657712940627,0.9099707607476553,0.6513368382786148,0.2586339224690405,298.0,0.2767940354147251,156.0,0.14445479962721341,628.0,0.5843429636533085,615.0,0.5722273998136067,621.0,0.5778191985088537,0.14445479962721341,WACC_0p3_WRT_0p7,0.43112767940354146,561,False,,,False,False,False,False,False,4.0,0.034482758620689655
UDetect,ForestCovertype,819,0.58,39,0.0,0.9051127686379964,0,12,2270,4060,4910,True,0.9257773531970801,0.038938794845939706,0.423842362404327,0.9257773531970801,0.9767541351440812,0.9163776607585423,-3.181649610463174,-2.10523109526996,2.3061762316703245,1.5150308215472654,0.4335808906591327,0.038938794845939706,0.10434986344854368,0.06541106860260397,0.423842362404327,0.35522930790588536,0.06861305449844163,0.9257773531970801,0.7585422085323947,0.16723514466468536,0.9767541351440812,0.743030241003398,0.23372389414068317,0.9163776607585423,0.6907992352527847,0.22557842550575757,156.0,0.14445479962721341,679.0,0.6318732525629077,1033.0,0.961789375582479,834.0,0.7763280521901211,801.0,0.7455731593662628,0.14445479962721341,WACC_0p1_WRT_0p9,0.6520037278657969,562,False,,,False,False,False,False,False,12.0,0.12643678160919541
UDetect,ForestCovertype,163,0.72,297,0.6363636363636361,0.3708619816001387,0,15,1189,2373,1510,False,0.2804132946848249,0.5425810403026299,0.4854201440083541,0.2804132946848249,0.10535099600905926,0.2754078622812644,-3.181649610463174,-2.10523109526996,2.3061762316703245,1.5150308215472654,0.4335808906591327,0.5425810403026299,0.3845412145004092,0.1580398258022207,0.4854201440083541,0.4116157379500823,0.07380440605827177,0.2804132946848249,0.4302205178722848,0.14980722318745993,0.10535099600905926,0.32493541259171815,0.2195844165826589,0.2754078622812644,0.31233043128387145,0.03692256900260704,771.0,0.7176141658900279,894.0,0.8322460391425909,275.0,0.255358807082945,157.0,0.14538676607642126,179.0,0.16589002795899346,0.14538676607642126,WACC_0p7_WRT_0p3,0.4232991612301957,563,False,,,False,False,False,False,False,15.0,0.16091954022988506
UDetect,ForestCovertype,326,0.68,167,0.4545454545454547,0.5233332248566708,0,20,1060,4905,1988,False,0.09381042577818914,0.3886622628685636,0.26603763109753237,0.09381042577818914,0.3542812237102414,0.45855832635092475,-3.181649610463174,-2.10523109526996,2.3061762316703245,1.5150308215472654,0.4335808906591327,0.3886622628685636,0.3667987618088657,0.021863501059697865,0.26603763109753237,0.36691481975840823,0.10087718866087586,0.09381042577818914,0.40075685816556983,0.3069464323873807,0.3542812237102414,0.3669323043876578,0.012651080677416382,0.45855832635092475,0.41789324516916904,0.04066508118175571,738.0,0.6868592730661697,785.0,0.7306616961789375,157.0,0.14538676607642126,318.0,0.2954333643988816,422.0,0.3923578751164958,0.14538676607642126,WACC_0p5_WRT_0p5,0.45013979496738116,564,False,,,False,False,False,False,False,20.0,0.21839080459770116
UDetect,ForestCovertype,919,0.73,819,0.6818181818181817,0.1015807015456577,0,48,3495,766,2789,False,0.6319243484300545,0.84141597335262,0.8061297497864881,0.6319243484300545,0.12979822814854816,0.251461388459087,-3.181649610463174,-2.10523109526996,2.3061762316703245,1.5150308215472654,0.4335808906591327,0.84141597335262,0.5099041030128396,0.33151187033978036,0.8061297497864881,0.44092646392792434,0.36520328585856376,0.6319243484300545,0.4753659457239945,0.15655840270606003,0.12979822814854816,0.3364634416967486,0.20666521354820042,0.251461388459087,0.30308977246963553,0.051628384010548534,1050.0,0.9776328052190121,966.0,0.8993476234855545,451.0,0.4193849021435228,225.0,0.2087604846225536,157.0,0.14538676607642126,0.14538676607642126,WACC_0p9_WRT_0p1,0.5301025163094129,565,False,,,False,False,False,False,False,48.0,0.5402298850574713
UDetect,ForestCovertype,701,0.58,31,0.0,0.9644762707294906,0,5,3979,2754,2613,True,0.9722126447054984,0.10289187640567356,0.48133684761310763,0.9722126447054984,0.9912972504524864,0.9107687871132021,-3.181649610463174,-2.10523109526996,2.3061762316703245,1.5150308215472654,0.4335808906591327,0.10289187640567356,0.10436013205598287,0.001468255650309308,0.48133684761310763,0.35750298212177417,0.12383386549133346,0.9722126447054984,0.7567648735431846,0.21544777116231384,0.9912972504524864,0.7470472626106888,0.24424998784179763,0.9107687871132021,0.7018928251670122,0.20887596194618985,157.0,0.14538676607642126,727.0,0.6766076421248836,998.0,0.9291705498602051,922.0,0.8583410997204101,1040.0,0.9683131407269339,0.14538676607642126,WACC_0p1_WRT_0p9,0.7155638397017707,566,False,,,False,False,False,False,False,5.0,0.04597701149425287
UDetect,ForestCovertype,901,0.7,319,0.5454545454545452,0.3519131283990976,0,30,859,2467,2085,False,0.23153567204310724,0.5728262057711909,0.48520173446222997,0.23153567204310724,0.2064974250745266,0.3759764601638984,-3.181649610463174,-2.10523109526996,2.3061762316703245,1.5150308215472654,0.4335808906591327,0.5728262057711909,0.390276368596165,0.18254983717502593,0.48520173446222997,0.3901890171110422,0.09501271735118777,0.23153567204310724,0.40114455317228903,0.1696088811291818,0.2064974250745266,0.3329377248104281,0.1264402997359015,0.3759764601638984,0.3602923427109845,0.015684117452913926,784.0,0.7297297297297297,845.0,0.7865796831314072,158.0,0.14631873252562907,209.0,0.19384902143522834,286.0,0.2656104380242311,0.14631873252562907,WACC_0p5_WRT_0p5,0.4244175209692451,567,False,,,False,False,False,False,False,30.0,0.3333333333333333
UDetect,ForestCovertype,157,0.58,32,0.0,0.956290000443551,0,6,1,4457,5000,True,0.9658091840992082,0.09407269975973002,0.47340831612005946,0.9658091840992082,0.9892917442320025,0.9115422548845219,-3.181649610463174,-2.10523109526996,2.3061762316703245,1.5150308215472654,0.4335808906591327,0.09407269975973002,0.10436487643343392,0.010292176673703898,0.47340831612005946,0.35049058969388514,0.12291772642617432,0.9658091840992082,0.756323864586847,0.20948531951236127,0.9892917442320025,0.7492780511818775,0.240013693050125,0.9115422548845219,0.6850164245420773,0.22652583034244456,158.0,0.14631873252562907,513.0,0.4771668219944082,985.0,0.9170549860205033,966.0,0.8993476234855545,685.0,0.6374650512581547,0.14631873252562907,WACC_0p1_WRT_0p9,0.61547064305685,568,False,,,False,False,False,False,False,6.0,0.05747126436781609
UDetect,ForestCovertype,218,0.58,74,0.0,0.7378822515624387,0,36,5000,1,3089,True,0.7949663744657608,0.19153664301227954,0.2618769770798813,0.7949663744657608,0.9357853141138522,0.9321781915034446,-3.181649610463174,-2.10523109526996,2.3061762316703245,1.5150308215472654,0.4335808906591327,0.19153664301227954,0.13932579629411046,0.052210846718169085,0.2618769770798813,0.2908988951589496,0.029021918079068343,0.7949663744657608,0.6944532543158604,0.10051312014990044,0.9357853141138522,0.7279175653308945,0.20786774878295777,0.9321781915034446,0.7032209422945325,0.22895724920891214,399.0,0.37092264678471576,159.0,0.14725069897483692,668.0,0.6216216216216216,666.0,0.6197576887232059,1047.0,0.9748369058713886,0.14725069897483692,WACC_0p3_WRT_0p7,0.5468779123951537,569,False,,,False,False,False,False,False,36.0,0.40229885057471265
UDetect,ForestCovertype,548,0.58,30,0.0,0.9729224656013556,0,4,1425,2308,3508,True,0.9788194234027437,0.11199107322659677,0.48951712015468507,0.9788194234027437,0.9933664340688685,0.9099707607476553,-3.181649610463174,-2.10523109526996,2.3061762316703245,1.5150308215472654,0.4335808906591327,0.11199107322659677,0.10437802368917538,0.007613049537421382,0.48951712015468507,0.3556897993591276,0.13382732079555748,0.9788194234027437,0.7529727783503491,0.2258466450523946,0.9933664340688685,0.7449105830039144,0.24845585106495405,0.9099707607476553,0.6861437203530296,0.22382704039462564,159.0,0.14725069897483692,688.0,0.6402609506057781,911.0,0.848089468779124,880.0,0.8191985088536813,696.0,0.6477166821994408,0.14725069897483692,WACC_0p1_WRT_0p9,0.6205032618825722,570,False,,,False,False,False,False,False,4.0,0.034482758620689655
UDetect,ForestCovertype,561,0.58,35,0.0,0.9331421208409968,0,9,2530,3920,2152,True,0.9477024602827844,0.06913518461994925,0.450989230747157,0.9477024602827844,0.9836208813222271,0.9137293484230427,-3.181649610463174,-2.10523109526996,2.3061762316703245,1.5150308215472654,0.4335808906591327,0.06913518461994925,0.10440565774914322,0.03527047312919397,0.450989230747157,0.3488220060673309,0.10216722467982614,0.9477024602827844,0.7501716829097266,0.1975307773730578,0.9836208813222271,0.7480004040197402,0.23562047730248692,0.9137293484230427,0.7057374880227946,0.20799186040024809,160.0,0.14818266542404473,470.0,0.43709226467847156,860.0,0.8005591798695247,944.0,0.8788443616029823,1066.0,0.9925442684063374,0.14818266542404473,WACC_0p1_WRT_0p9,0.6514445479962722,571,False,,,False,False,False,False,False,9.0,0.09195402298850575
UDetect,ForestCovertype,560,0.71,374,0.5909090909090907,0.3097189893116785,0,30,957,1480,4354,False,0.31659872616492374,0.6158969950118869,0.5447355984743287,0.31659872616492374,0.14326623245516515,0.3305739900596497,-3.181649610463174,-2.10523109526996,2.3061762316703245,1.5150308215472654,0.4335808906591327,0.6158969950118869,0.4845013002837633,0.13139569472812357,0.5447355984743287,0.40653043377973486,0.13820516469459387,0.31659872616492374,0.4013261714283955,0.08472744526347176,0.14326623245516515,0.3410772961798753,0.19781106372471016,0.3305739900596497,0.37316155888649843,0.04258756882684872,1016.0,0.9459459459459459,888.0,0.8266542404473439,161.0,0.14911463187325255,246.0,0.22833178005591798,310.0,0.287977632805219,0.14911463187325255,WACC_0p5_WRT_0p5,0.4876048462255359,572,False,,,False,False,False,False,False,30.0,0.3333333333333333
UDetect,ForestCovertype,788,0.58,29,0.0,0.9816456337335658,0,3,196,1113,4533,True,0.9856428559972665,0.1213886569836784,0.497965645654041,0.9856428559972665,0.995503471735646,0.9091465649688208,-3.181649610463174,-2.10523109526996,2.3061762316703245,1.5150308215472654,0.4335808906591327,0.1213886569836784,0.10448757513245242,0.016901081851225977,0.497965645654041,0.34643819698806233,0.15152744866597867,0.9856428559972665,0.7496014238841681,0.23604143211309847,0.995503471735646,0.7470702546109771,0.24843321712466893,0.9091465649688208,0.6844296196295273,0.22471694533929354,161.0,0.14911463187325255,434.0,0.40354147250698974,853.0,0.7940354147250699,923.0,0.8592730661696178,675.0,0.6281453867660765,0.14911463187325255,WACC_0p1_WRT_0p9,0.5668219944082014,573,False,,,False,False,False,False,False,3.0,0.022988505747126436
UDetect,ForestCovertype,453,0.58,60,0.0,0.7928484172972575,0,24,5000,1,2618,False,0.8379619835365079,0.1296292436862878,0.3151125728833966,0.8379619835365079,0.9492511518454323,0.9269847937503898,-3.181649610463174,-2.10523109526996,2.3061762316703245,1.5150308215472654,0.4335808906591327,0.1296292436862878,0.22852575279545326,0.09889650910916545,0.3151125728833966,0.29131040767444993,0.02380216520894668,0.8379619835365079,0.5983050586313144,0.2396569249051934,0.9492511518454323,0.6507093769686604,0.2985417748767719,0.9269847937503898,0.6313086943945445,0.29567609935584527,534.0,0.4967381174277726,162.0,0.1500465983224604,608.0,0.5657036346691519,617.0,0.5740913327120224,612.0,0.5694315004659832,0.1500465983224604,WACC_0p3_WRT_0p7,0.47120223671947803,574,False,,,False,False,False,False,False,24.0,0.26436781609195403
UDetect,ForestCovertype,52,0.58,29,0.0,0.9816456337335658,0,3,3817,5000,3918,True,0.9856428559972665,0.1213886569836784,0.497965645654041,0.9856428559972665,0.995503471735646,0.9091465649688208,-3.181649610463174,-2.10523109526996,2.3061762316703245,1.5150308215472654,0.4335808906591327,0.1213886569836784,0.10451855367204876,0.016870103311629636,0.497965645654041,0.349436269608011,0.14852937604603,0.9856428559972665,0.7603655441358124,0.22527731186145417,0.995503471735646,0.7430866794426114,0.2524167922930346,0.9091465649688208,0.6952750669765699,0.21387149799225091,162.0,0.1500465983224604,485.0,0.451071761416589,1064.0,0.9906803355079217,836.0,0.7781919850885368,924.0,0.8602050326188257,0.1500465983224604,WACC_0p1_WRT_0p9,0.6460391425908666,575,False,,,False,False,False,False,False,3.0,0.022988505747126436
UDetect,ForestCovertype,743,0.67,140,0.4090909090909093,0.5699432579229367,0,15,2469,4540,1568,False,0.1836028552625285,0.34061793202686524,0.201424992564895,0.1836028552625285,0.418594240229161,0.5035435671731073,-3.181649610463174,-2.10523109526996,2.3061762316703245,1.5150308215472654,0.4335808906591327,0.34061793202686524,0.32131559571707047,0.019302336309794776,0.201424992564895,0.3048985161959377,0.10347352363104273,0.1836028552625285,0.4028699833690697,0.2192671281065412,0.418594240229161,0.42715987122895466,0.008565630999793683,0.5035435671731073,0.4534162418961447,0.05012732527696262,658.0,0.6123019571295434,212.0,0.1966449207828518,163.0,0.1509785647716682,454.0,0.42218080149114634,481.0,0.4473438956197577,0.1509785647716682,WACC_0p5_WRT_0p5,0.3658900279589935,576,False,,,False,False,False,False,False,15.0,0.16091954022988506
UDetect,ForestCovertype,692,0.7,484,0.5454545454545452,0.2412892722415595,0,47,1848,2351,4252,False,0.36133388544383666,0.697419856184532,0.6124316056294175,0.36133388544383666,0.1793963370443778,0.38642859336843244,-3.181649610463174,-2.10523109526996,2.3061762316703245,1.5150308215472654,0.4335808906591327,0.697419856184532,0.4575533703944897,0.23986648579004227,0.6124316056294175,0.4397564826469668,0.17267512298245064,0.36133388544383666,0.4834639697957244,0.12213008435188777,0.1793963370443778,0.3260508983080673,0.14665456126368953,0.38642859336843244,0.3383569212366418,0.048071672131790644,961.0,0.8946877912395154,957.0,0.8909599254426841,481.0,0.4473438956197577,163.0,0.1509785647716682,230.0,0.21342031686859272,0.1509785647716682,WACC_0p7_WRT_0p3,0.5194780987884436,577,False,,,False,False,False,False,False,47.0,0.5287356321839081
UDetect,ForestCovertype,176,0.58,32,0.0,0.956290000443551,0,6,3285,2257,5000,True,0.9658091840992082,0.09407269975973002,0.47340831612005946,0.9658091840992082,0.9892917442320025,0.9115422548845219,-3.181649610463174,-2.10523109526996,2.3061762316703245,1.5150308215472654,0.4335808906591327,0.09407269975973002,0.10459306953647134,0.010520369776741312,0.47340831612005946,0.35586928697310066,0.1175390291469588,0.9658091840992082,0.755816906450178,0.20999227764903028,0.9892917442320025,0.7425952512382242,0.24669649299377827,0.9115422548845219,0.6928944797059877,0.21864777517853418,163.0,0.1509785647716682,696.0,0.6477166821994408,976.0,0.9086672879776329,821.0,0.7642124883504194,854.0,0.7949673811742777,0.1509785647716682,WACC_0p1_WRT_0p9,0.6533084808946878,578,False,,,False,False,False,False,False,6.0,0.05747126436781609
UDetect,ForestCovertype,188,0.71,309,0.5909090909090907,0.3603593232709624,0,25,1277,2793,1,True,0.2571809377941156,0.5588617018545716,0.48649352131940055,0.2571809377941156,0.15567231009679297,0.3257893121931436,-3.181649610463174,-2.10523109526996,2.3061762316703245,1.5150308215472654,0.4335808906591327,0.5588617018545716,0.23763331014961608,0.32122839170495554,0.48649352131940055,0.292298767677616,0.19419475364178457,0.2571809377941156,0.4326711876799699,0.17549024988585432,0.15567231009679297,0.4352850791759907,0.27961276907919774,0.3257893121931436,0.4315810261963215,0.10579171400317788,550.0,0.5116495806150979,164.0,0.15191053122087605,288.0,0.2674743709226468,468.0,0.43522833178005593,446.0,0.4147250698974837,0.15191053122087605,WACC_0p3_WRT_0p7,0.3561975768872321,579,False,,,False,False,False,False,False,25.0,0.27586206896551724
UDetect,ForestCovertype,63,0.58,31,0.0,0.9644762707294906,0,5,1291,5000,4936,True,0.9722126447054984,0.10289187640567356,0.48133684761310763,0.9722126447054984,0.9912972504524864,0.9107687871132021,-3.181649610463174,-2.10523109526996,2.3061762316703245,1.5150308215472654,0.4335808906591327,0.10289187640567356,0.10462709148670017,0.0017352150810266143,0.48133684761310763,0.35195391047045166,0.12938293714265597,0.9722126447054984,0.7593712173153493,0.2128414273901491,0.9912972504524864,0.7454325316978323,0.2458647187546541,0.9107687871132021,0.6843899651914086,0.22637882192179348,164.0,0.15191053122087605,568.0,0.5284249767008388,1049.0,0.9767008387698043,893.0,0.8313140726933831,674.0,0.6272134203168686,0.15191053122087605,WACC_0p1_WRT_0p9,0.6231127679403542,580,False,,,False,False,False,False,False,5.0,0.04597701149425287
UDetect,ForestCovertype,29,0.58,88,0.0,0.6923512030297817,0,41,2690,58,3996,False,0.7593510984660518,0.2428174403093116,0.21777944064467472,0.7593510984660518,0.9246309302652971,0.936480126011384,-3.181649610463174,-2.10523109526996,2.3061762316703245,1.5150308215472654,0.4335808906591327,0.2428174403093116,0.31650409919550865,0.07368665888619705,0.21777944064467472,0.2923372810896734,0.07455784044499866,0.7593510984660518,0.5181705571632145,0.24118054130283728,0.9246309302652971,0.5816581410022146,0.3429727892630825,0.936480126011384,0.6233765635526421,0.3131035624587418,653.0,0.6076421248835042,165.0,0.15284249767008387,550.0,0.5116495806150979,586.0,0.5452003727865797,605.0,0.5629077353215284,0.15284249767008387,WACC_0p3_WRT_0p7,0.4760484622553588,581,False,,,False,False,False,False,False,41.0,0.45977011494252873
UDetect,ForestCovertype,3,0.67,403,0.4090909090909093,0.2899025120041234,0,71,4995,4730,4844,False,0.1976282447282967,0.6560227643155863,0.5235033331903932,0.1976282447282967,0.3499887045808078,0.5300028073470547,-3.181649610463174,-2.10523109526996,2.3061762316703245,1.5150308215472654,0.4335808906591327,0.6560227643155863,0.44856804512878057,0.2074547191868057,0.5235033331903932,0.46453682456032636,0.05896650863006686,0.1976282447282967,0.45278489748277895,0.25515665275448224,0.3499887045808078,0.32626193078919136,0.023726773791616418,0.5300028073470547,0.3610360780025516,0.16896672934450313,937.0,0.8723205964585274,1009.0,0.9394221808014911,370.0,0.34389561975768873,165.0,0.15284249767008387,290.0,0.26933830382106244,0.15284249767008387,WACC_0p7_WRT_0p3,0.5155638397017708,582,False,,,False,False,False,False,False,71.0,0.8045977011494253
UDetect,ForestCovertype,845,0.58,35,0.0,0.9331421208409968,0,9,4877,2557,2821,True,0.9477024602827844,0.06913518461994925,0.450989230747157,0.9477024602827844,0.9836208813222271,0.9137293484230427,-3.181649610463174,-2.10523109526996,2.3061762316703245,1.5150308215472654,0.4335808906591327,0.06913518461994925,0.10467387517873496,0.03553869055878571,0.450989230747157,0.35947800275070174,0.09151122799645528,0.9477024602827844,0.7595922780376784,0.188110182245106,0.9836208813222271,0.7459439449513586,0.2376769363708685,0.9137293484230427,0.7014617358391141,0.21226761258392857,165.0,0.15284249767008387,753.0,0.700838769804287,1056.0,0.983224603914259,902.0,0.8397017707362535,1032.0,0.9608574091332712,0.15284249767008387,WACC_0p1_WRT_0p9,0.7274930102516309,583,False,,,False,False,False,False,False,9.0,0.09195402298850575
UDetect,ForestCovertype,302,0.71,350,0.5909090909090907,0.3273143456694384,0,28,1129,2319,2478,False,0.29595357873728384,0.5960796630630267,0.5244989605528437,0.29595357873728384,0.14757681534511977,0.32891151855648076,-3.181649610463174,-2.10523109526996,2.3061762316703245,1.5150308215472654,0.4335808906591327,0.5960796630630267,0.40565858296966045,0.19042108009336628,0.5244989605528437,0.4295366306697707,0.09496232988307302,0.29595357873728384,0.41862933511789613,0.12267575638061229,0.14757681534511977,0.32644029070868136,0.1788634753635616,0.32891151855648076,0.3350256914604033,0.006114172903922521,820.0,0.7632805219012115,934.0,0.869524697110904,223.0,0.20689655172413793,166.0,0.15377446411929171,221.0,0.20503261882572227,0.15377446411929171,WACC_0p7_WRT_0p3,0.4397017707362535,584,False,,,False,False,False,False,False,28.0,0.3103448275862069
UDetect,ForestCovertype,293,0.58,59,0.0,0.797245753653933,0,23,1,1,3812,True,0.8414016659741794,0.12467660319983367,0.31937146228866203,0.8414016659741794,0.9503284294222573,0.9265693178581041,-3.181649610463174,-2.10523109526996,2.3061762316703245,1.5150308215472654,0.4335808906591327,0.12467660319983367,0.12498092436378343,0.00030432116394975284,0.31937146228866203,0.2923584540421607,0.027013008246501324,0.8414016659741794,0.7017705177387503,0.1396311482354291,0.9503284294222573,0.7328333681033368,0.2174950613189205,0.9265693178581041,0.6902367877986925,0.23633253005941168,355.0,0.3299161230195713,166.0,0.15377446411929171,682.0,0.6346691519105312,686.0,0.6383970177073626,785.0,0.7306616961789375,0.15377446411929171,WACC_0p3_WRT_0p7,0.4974836905871388,585,False,,,False,False,False,False,False,23.0,0.25287356321839083
UDetect,ForestCovertype,887,0.58,33,0.0,0.948348133291504,0,7,196,3703,1430,True,0.9595969004007491,0.08551682182435125,0.4657164929051875,0.9595969004007491,0.9873461128981531,0.9122926305833013,-3.181649610463174,-2.10523109526996,2.3061762316703245,1.5150308215472654,0.4335808906591327,0.08551682182435125,0.10469744357296852,0.019180621748617274,0.4657164929051875,0.3476597360379021,0.1180567568672854,0.9595969004007491,0.7371814954495702,0.22241540495117884,0.9873461128981531,0.751827581522692,0.23551853137546108,0.9122926305833013,0.6902122075104623,0.22208042307283904,166.0,0.15377446411929171,448.0,0.41658900279589933,767.0,0.7138863000931966,1006.0,0.9366262814538676,783.0,0.7287977632805219,0.15377446411929171,WACC_0p1_WRT_0p9,0.5899347623485555,586,False,,,False,False,False,False,False,7.0,0.06896551724137931
UDetect,ForestCovertype,64,0.7,271,0.5454545454545452,0.3951484930526052,0,23,5000,3801,1,True,0.18080635123763353,0.5241309957483083,0.43547620449246943,0.18080635123763353,0.21708940282859837,0.37189142998865743,-3.181649610463174,-2.10523109526996,2.3061762316703245,1.5150308215472654,0.4335808906591327,0.5241309957483083,0.24733170626949363,0.2767992894788147,0.43547620449246943,0.2927125755937981,0.14276362889867134,0.18080635123763353,0.42237790940006414,0.24157155816243062,0.21708940282859837,0.4364399823447701,0.21935057951617173,0.37189142998865743,0.42858915065276887,0.05669772066411144,568.0,0.5284249767008388,167.0,0.15470643056849953,243.0,0.2255358807082945,470.0,0.43709226467847156,437.0,0.4063373718546132,0.15470643056849953,WACC_0p3_WRT_0p7,0.3504193849021435,587,False,,,False,False,False,False,False,23.0,0.25287356321839083
UDetect,ForestCovertype,688,0.72,426,0.6363636363636361,0.2751725063288681,0,33,1007,1151,3156,False,0.3926885611859001,0.6503543673615451,0.5954737981991994,0.3926885611859001,0.08190859413515991,0.28444894235700297,-3.181649610463174,-2.10523109526996,2.3061762316703245,1.5150308215472654,0.4335808906591327,0.6503543673615451,0.4869505148129928,0.16340385254855228,0.5954737981991994,0.40428606211139967,0.19118773608779976,0.3926885611859001,0.41384497895926897,0.021156417773368852,0.08190859413515991,0.32676885343109,0.2448602592959301,0.28444894235700297,0.3366245812261744,0.052175638869171426,1023.0,0.9524697110904008,886.0,0.8247903075489282,205.0,0.19012115563839702,167.0,0.15470643056849953,222.0,0.2059645852749301,0.15470643056849953,WACC_0p7_WRT_0p3,0.46561043802423113,588,False,,,False,False,False,False,False,33.0,0.367816091954023
UDetect,ForestCovertype,660,0.73,475,0.6818181818181817,0.2462723422434816,0,33,1710,1747,3104,False,0.4621534047210193,0.6784523927560038,0.6397180964199942,0.4621534047210193,0.03231855399022844,0.23779041047398994,-3.181649610463174,-2.10523109526996,2.3061762316703245,1.5150308215472654,0.4335808906591327,0.6784523927560038,0.4772437387867826,0.20120865396922116,0.6397180964199942,0.4442068289918449,0.19551126742814934,0.4621534047210193,0.48064994074904926,0.018496536028029975,0.03231855399022844,0.33655059966053785,0.3042320456703094,0.23779041047398994,0.30651269610984644,0.0687222856358565,1008.0,0.9384902143522833,972.0,0.9049394221808015,469.0,0.4361602982292637,226.0,0.2096924510717614,167.0,0.15470643056849953,0.15470643056849953,WACC_0p9_WRT_0p1,0.5287977632805219,589,False,,,False,False,False,False,False,33.0,0.367816091954023
UDetect,ForestCovertype,435,0.58,30,0.0,0.9729224656013556,0,4,5000,3597,2083,True,0.9788194234027437,0.11199107322659677,0.48951712015468507,0.9788194234027437,0.9933664340688685,0.9099707607476553,-3.181649610463174,-2.10523109526996,2.3061762316703245,1.5150308215472654,0.4335808906591327,0.11199107322659677,0.10469847997981642,0.007292593246780346,0.48951712015468507,0.3561835745291357,0.1333335456255494,0.9788194234027437,0.74985088453546,0.22896853886728374,0.9933664340688685,0.7414296221352857,0.25193681193358275,0.9099707607476553,0.6935685701409257,0.2164021906067296,167.0,0.15470643056849953,704.0,0.6551724137931034,856.0,0.7968313140726934,795.0,0.7399813606710158,869.0,0.8089468779123952,0.15470643056849953,WACC_0p1_WRT_0p9,0.6311276794035414,590,False,,,False,False,False,False,False,4.0,0.034482758620689655
UDetect,ForestCovertype,441,0.62,381,0.1818181818181819,0.3047988238462767,0,65,805,247,5000,False,0.24286745054562903,0.6615038536387079,0.45134159739313573,0.24286745054562903,0.6181095573963719,0.7755409591422362,-3.181649610463174,-2.10523109526996,2.3061762316703245,1.5150308215472654,0.4335808906591327,0.6615038536387079,0.3740033462608724,0.2875005073778355,0.45134159739313573,0.2929416089871895,0.1583999884059462,0.24286745054562903,0.4546103508254573,0.21174290027982828,0.6181095573963719,0.5208055116595449,0.09730404573682694,0.7755409591422362,0.5925049419371149,0.1830360172051213,751.0,0.6989748369058714,168.0,0.15563839701770738,381.0,0.35414725069897485,560.0,0.5209692451071761,585.0,0.5442684063373718,0.15563839701770738,WACC_0p3_WRT_0p7,0.4547996272134204,591,False,,,False,False,False,False,False,65.0,0.735632183908046
UDetect,ForestCovertype,685,0.68,290,0.4545454545454547,0.3771856394286232,0,44,4351,4763,2825,False,0.13077182638728319,0.5532656477084913,0.43412378458440803,0.13077182638728319,0.31847738613257875,0.47236686714378584,-3.181649610463174,-2.10523109526996,2.3061762316703245,1.5150308215472654,0.4335808906591327,0.5532656477084913,0.4276641475549687,0.12560150015352262,0.43412378458440803,0.44084976509279716,0.006725980508389129,0.13077182638728319,0.4262475934139149,0.2954757670266317,0.31847738613257875,0.32681960109856534,0.008342214965986583,0.47236686714378584,0.3531703361918369,0.11919653095194893,872.0,0.8117427772600186,964.0,0.8974836905871388,262.0,0.24324324324324326,168.0,0.15563839701770738,261.0,0.2423112767940354,0.15563839701770738,WACC_0p7_WRT_0p3,0.4700838769804287,592,False,,,False,False,False,False,False,44.0,0.4942528735632184
UDetect,ForestCovertype,1061,0.58,28,0.0,0.9906645581969952,0,2,676,1966,4250,True,0.9926976349741923,0.13110486292620857,0.5067006158106627,0.9926976349741923,0.9977129650069035,0.9082944250857279,-3.181649610463174,-2.10523109526996,2.3061762316703245,1.5150308215472654,0.4335808906591327,0.13110486292620857,0.10470394897927292,0.026400913946935653,0.5067006158106627,0.357644201131156,0.1490564146795067,0.9926976349741923,0.7516892272743501,0.24100840769984222,0.9977129650069035,0.7441942328297476,0.2535187321771559,0.9082944250857279,0.6847268885663039,0.22356753651942396,168.0,0.15563839701770738,732.0,0.6812674743709226,884.0,0.8229263746505125,865.0,0.8052190121155638,679.0,0.6318732525629077,0.15563839701770738,WACC_0p1_WRT_0p9,0.6193849021435228,593,False,,,False,False,False,False,False,2.0,0.011494252873563218
UDetect,ForestCovertype,731,0.68,210,0.4545454545454547,0.4627059066470992,0,29,516,2733,2169,False,0.046386552602780934,0.456945715939884,0.3357658628998212,0.046386552602780934,0.33942849352255405,0.46428660981319797,-3.181649610463174,-2.10523109526996,2.3061762316703245,1.5150308215472654,0.4335808906591327,0.456945715939884,0.34620733817146954,0.11073837776841444,0.3357658628998212,0.3297563206462906,0.006009542253530564,0.046386552602780934,0.404219828055878,0.35783327545309707,0.33942849352255405,0.38025894567791185,0.0408304521553578,0.46428660981319797,0.4078057433781003,0.05648086643509764,695.0,0.646784715750233,305.0,0.2833178005591799,169.0,0.1565703634669152,359.0,0.3336439888164026,396.0,0.3681267474370923,0.1565703634669152,WACC_0p5_WRT_0p5,0.3576887232059646,594,False,,,False,False,False,False,False,29.0,0.3218390804597701
UDetect,ForestCovertype,209,0.58,63,0.0,0.7800763906498578,0,27,1039,1,3020,False,0.8279714546824113,0.14401414653138325,0.30274266424772855,0.8279714546824113,0.9461222081390976,0.9281915400024857,-3.181649610463174,-2.10523109526996,2.3061762316703245,1.5150308215472654,0.4335808906591327,0.14401414653138325,0.2408876670566575,0.09687352052527426,0.30274266424772855,0.2931140324796382,0.009628631768090368,0.8279714546824113,0.5799313571352689,0.2480400975471424,0.9461222081390976,0.6100109017520232,0.3361113063870744,0.9281915400024857,0.6037032357355957,0.32448830426689,556.0,0.5172413793103449,169.0,0.1565703634669152,595.0,0.5535880708294502,598.0,0.5563839701770736,591.0,0.5498602050326188,0.1565703634669152,WACC_0p3_WRT_0p7,0.46672879776328047,595,False,,,False,False,False,False,False,27.0,0.2988505747126437
UDetect,ForestCovertype,785,0.58,29,0.0,0.9816456337335658,0,3,4469,4724,4239,True,0.9856428559972665,0.1213886569836784,0.497965645654041,0.9856428559972665,0.995503471735646,0.9091465649688208,-3.181649610463174,-2.10523109526996,2.3061762316703245,1.5150308215472654,0.4335808906591327,0.1213886569836784,0.10473186449922148,0.016656792484456923,0.497965645654041,0.3582821948681886,0.13968345078585243,0.9856428559972665,0.7577014097043205,0.227941446292946,0.995503471735646,0.7415616909806554,0.25394178075499063,0.9091465649688208,0.7003186710194794,0.20882789394934143,169.0,0.1565703634669152,740.0,0.6887232059645852,1020.0,0.9496738117427772,799.0,0.7437092264678472,1015.0,0.9450139794967382,0.1565703634669152,WACC_0p1_WRT_0p9,0.6967381174277726,596,False,,,False,False,False,False,False,3.0,0.022988505747126436
UDetect,ForestCovertype,194,0.58,63,0.0,0.7800763906498578,0,27,551,1,3817,True,0.8279714546824113,0.14401414653138325,0.30274266424772855,0.8279714546824113,0.9461222081390976,0.9281915400024857,-3.181649610463174,-2.10523109526996,2.3061762316703245,1.5150308215472654,0.4335808906591327,0.14401414653138325,0.12340235611608842,0.02061179041529483,0.30274266424772855,0.29317033898203004,0.009572325265698511,0.8279714546824113,0.7089700349397158,0.11900141974269551,0.9461222081390976,0.734360002513111,0.2117622056259867,0.9281915400024857,0.6892440919503374,0.2389474480521483,349.0,0.32432432432432434,170.0,0.157502329916123,700.0,0.6514445479962722,694.0,0.6458527493010252,764.0,0.7110904007455732,0.157502329916123,WACC_0p3_WRT_0p7,0.4980428704566636,597,False,,,False,False,False,False,False,27.0,0.2988505747126437
UDetect,ForestCovertype,780,0.58,43,0.0,0.8797571353479814,0,14,1222,2493,4041,True,0.9059436812990215,0.03174552483216376,0.39928503287034517,0.9059436812990215,0.9705424076404379,0.9187733506742433,-3.181649610463174,-2.10523109526996,2.3061762316703245,1.5150308215472654,0.4335808906591327,0.03174552483216376,0.1047414839616355,0.07299595912947174,0.39928503287034517,0.353663262940466,0.04562176992987915,0.9059436812990215,0.7557183034972426,0.15022537780177891,0.9705424076404379,0.743321160820674,0.22722124681976386,0.9187733506742433,0.6871817207251538,0.23159162994908944,170.0,0.157502329916123,626.0,0.5824790307548928,974.0,0.9068033550792172,840.0,0.7819198508853681,715.0,0.6654240447343895,0.157502329916123,WACC_0p1_WRT_0p9,0.6188257222739981,598,False,,,False,False,False,False,False,14.0,0.14942528735632185
UDetect,ForestCovertype,1055,0.73,538,0.6818181818181817,0.2132050735704682,0,39,2855,668,1848,False,0.5009522004318354,0.7156954599955173,0.6777491728916635,0.5009522004318354,0.054596182193247605,0.2409147229766047,-3.181649610463174,-2.10523109526996,2.3061762316703245,1.5150308215472654,0.4335808906591327,0.7156954599955173,0.47029205282390507,0.24540340717161224,0.6777491728916635,0.38547776218658236,0.2922714107050811,0.5009522004318354,0.4256812588350666,0.07527094159676884,0.054596182193247605,0.3314027019820859,0.2768065197888383,0.2409147229766047,0.3078744892532417,0.06695976627663697,990.0,0.9217148182665424,831.0,0.7735321528424977,256.0,0.23765144454799628,198.0,0.18359739049394222,171.0,0.15843429636533085,0.15843429636533085,WACC_0p9_WRT_0p1,0.4549860205032618,599,False,,,False,False,False,False,False,39.0,0.4367816091954023
UDetect,ForestCovertype,476,0.58,58,0.0,0.8017169982740455,0,22,1,1,5000,True,0.8448991608999398,0.11964072117166165,0.3237019330092015,0.8448991608999398,0.9514238133499465,0.9261468588516771,-3.181649610463174,-2.10523109526996,2.3061762316703245,1.5150308215472654,0.4335808906591327,0.11964072117166165,0.12255206089180506,0.002911339720143416,0.3237019330092015,0.2931872534008664,0.03051467960833515,0.8448991608999398,0.6966174109291129,0.14828174997082688,0.9514238133499465,0.7304052851553511,0.22101852819459544,0.9261468588516771,0.6907985750260358,0.23534828382564132,345.0,0.320596458527493,171.0,0.15843429636533085,673.0,0.6262814538676608,676.0,0.6290773532152842,800.0,0.744641192917055,0.15843429636533085,WACC_0p3_WRT_0p7,0.49580615097856473,600,False,,,False,False,False,False,False,22.0,0.2413793103448276
UDetect,ForestCovertype,507,0.58,28,0.0,0.9906645581969952,0,2,2034,4494,1141,True,0.9926976349741923,0.13110486292620857,0.5067006158106627,0.9926976349741923,0.9977129650069035,0.9082944250857279,-3.181649610463174,-2.10523109526996,2.3061762316703245,1.5150308215472654,0.4335808906591327,0.13110486292620857,0.10478298073158686,0.026321882194621712,0.5067006158106627,0.3513567170783554,0.1553438987323073,0.9926976349741923,0.7396581759126492,0.2530394590615431,0.9977129650069035,0.7606088644510557,0.23710410055584785,0.9082944250857279,0.6989044261139963,0.2093899989717316,171.0,0.15843429636533085,545.0,0.5069897483690587,781.0,0.7269338303821062,1071.0,0.9972041006523765,991.0,0.9226467847157502,0.15843429636533085,WACC_0p1_WRT_0p9,0.6624417520969246,601,False,,,False,False,False,False,False,2.0,0.011494252873563218
UDetect,ForestCovertype,957,0.7,373,0.5454545454545452,0.310429357671096,0,40,368,268,1325,False,0.2802097963472905,0.6195486272039719,0.5329127344994777,0.2802097963472905,0.19633456001654992,0.3798959935496985,-3.181649610463174,-2.10523109526996,2.3061762316703245,1.5150308215472654,0.4335808906591327,0.6195486272039719,0.4114284927410195,0.20812013446295236,0.5329127344994777,0.2932000956713856,0.23971263882809213,0.2802097963472905,0.4248944145046291,0.14468461815733863,0.19633456001654992,0.45187486911649005,0.25554030909994013,0.3798959935496985,0.4708154737292344,0.09091948017953588,832.0,0.7744641192917054,172.0,0.15936626281453867,255.0,0.23671947809878843,498.0,0.46318732525629075,499.0,0.4641192917054986,0.15936626281453867,WACC_0p3_WRT_0p7,0.41957129543336436,602,False,,,False,False,False,False,False,40.0,0.4482758620689655
UDetect,ForestCovertype,934,0.58,36,0.0,0.9258530952252368,0,10,564,2648,4437,True,0.9420008419928378,0.061282621457869904,0.4439296948254753,0.9420008419928378,0.9818351857975168,0.914418041344384,-3.181649610463174,-2.10523109526996,2.3061762316703245,1.5150308215472654,0.4335808906591327,0.061282621457869904,0.1048049383934086,0.043522316935538694,0.4439296948254753,0.3544519702020408,0.08947772462343451,0.9420008419928378,0.7517201287162194,0.19028071327661844,0.9818351857975168,0.7427725642062138,0.23906262159130298,0.914418041344384,0.6872469516074763,0.2271710897369077,172.0,0.15936626281453867,654.0,0.608574091332712,886.0,0.8247903075489282,829.0,0.771668219944082,721.0,0.6710158434296365,0.15936626281453867,WACC_0p1_WRT_0p9,0.6070829450139794,603,False,,,False,False,False,False,False,10.0,0.10344827586206896
UDetect,ForestCovertype,274,0.67,105,0.4090909090909093,0.6458479461208919,0,12,2124,1150,652,False,0.2429769858166065,0.25512785317261033,0.11412606775921408,0.2429769858166065,0.4371896834563821,0.496371823758524,-3.181649610463174,-2.10523109526996,2.3061762316703245,1.5150308215472654,0.4335808906591327,0.25512785317261033,0.3947294973295714,0.13960164415696108,0.11412606775921408,0.30131489811588247,0.1871888303566684,0.2429769858166065,0.4046948649814489,0.1617178791648424,0.4371896834563821,0.3768424262349058,0.06034725722147627,0.496371823758524,0.3576140828809412,0.1387577408775828,792.0,0.7371854613233924,201.0,0.1863932898415657,173.0,0.1602982292637465,350.0,0.32525629077353213,278.0,0.2581547064305685,0.1602982292637465,WACC_0p5_WRT_0p5,0.333457595526561,604,False,,,False,False,False,False,False,12.0,0.12643678160919541
UDetect,ForestCovertype,372,0.65,59,0.3181818181818183,0.797245753653933,0,3,284,4558,1,True,0.46806961110726447,0.09351465251843125,0.10750864765839035,0.46806961110726447,0.5800683392634467,0.5808454666216492,-3.181649610463174,-2.10523109526996,2.3061762316703245,1.5150308215472654,0.4335808906591327,0.09351465251843125,0.1939116027710263,0.10039695025259504,0.10750864765839035,0.29358159369961084,0.1860729460412205,0.46806961110726447,0.5591220052885971,0.09105239418133265,0.5800683392634467,0.6014650842472478,0.021396744983801064,0.5808454666216492,0.6160790463430901,0.03523357972144092,489.0,0.4547996272134203,173.0,0.1602982292637465,583.0,0.5424044734389561,593.0,0.5517241379310345,597.0,0.5554520037278659,0.1602982292637465,WACC_0p3_WRT_0p7,0.4529356943150047,605,False,,,False,False,False,False,False,3.0,0.022988505747126436
UDetect,ForestCovertype,800,0.58,32,0.0,0.956290000443551,0,6,151,2406,2092,True,0.9658091840992082,0.09407269975973002,0.47340831612005946,0.9658091840992082,0.9892917442320025,0.9115422548845219,-3.181649610463174,-2.10523109526996,2.3061762316703245,1.5150308215472654,0.4335808906591327,0.09407269975973002,0.10485123917143524,0.010778539411705215,0.47340831612005946,0.3437744436978992,0.12963387242216023,0.9658091840992082,0.7416226634552668,0.2241865206439414,0.9892917442320025,0.7562467585895485,0.23304498564245402,0.9115422548845219,0.6941486077986371,0.21739364708588482,173.0,0.1602982292637465,403.0,0.3746505125815471,787.0,0.7325256290773532,1053.0,0.9804287045666356,882.0,0.821062441752097,0.1602982292637465,WACC_0p1_WRT_0p9,0.6137931034482759,606,False,,,False,False,False,False,False,6.0,0.05747126436781609
UDetect,ForestCovertype,649,0.7,718,0.5454545454545452,0.1365488452486996,0,61,3313,3140,1986,False,0.48422889893118154,0.8153871066328269,0.7328948718287098,0.48422889893118154,0.15373659572957069,0.39632483937589497,-3.181649610463174,-2.10523109526996,2.3061762316703245,1.5150308215472654,0.4335808906591327,0.8153871066328269,0.39834321442663356,0.4170438922061933,0.7328948718287098,0.4051885903354811,0.3277062814932287,0.48422889893118154,0.4047902007277625,0.07943869820341903,0.15373659572957069,0.3287894215605585,0.17505282583098783,0.39632483937589497,0.3391103473186729,0.057214492057222066,797.0,0.7418452935694315,887.0,0.825722273998136,174.0,0.16123019571295433,181.0,0.16775396085740912,234.0,0.21714818266542404,0.16123019571295433,WACC_0p5_WRT_0p5,0.42273998136067104,607,False,,,False,False,False,False,False,61.0,0.6896551724137931
UDetect,ForestCovertype,924,0.7,355,0.5454545454545452,0.3235514428705158,0,35,3368,3770,1957,False,0.26481326910499925,0.6047694597366734,0.5178208613054219,0.26481326910499925,0.19954926250913113,0.3786561725274567,-3.181649610463174,-2.10523109526996,2.3061762316703245,1.5150308215472654,0.4335808906591327,0.6047694597366734,0.4005288744816062,0.20424058525506722,0.5178208613054219,0.3949262211864929,0.12289464011892903,0.26481326910499925,0.4099187900851597,0.14510552098016044,0.19954926250913113,0.32820876503568464,0.1286595025265535,0.3786561725274567,0.35444095832097666,0.02421521420648004,803.0,0.7474370922646785,861.0,0.8014911463187325,190.0,0.17614165890027958,174.0,0.16123019571295433,265.0,0.24603914259086673,0.16123019571295433,WACC_0p7_WRT_0p3,0.42646784715750224,608,False,,,False,False,False,False,False,35.0,0.39080459770114945
UDetect,ForestCovertype,102,0.58,60,0.0,0.7928484172972575,0,24,1277,1,5000,False,0.8379619835365079,0.1296292436862878,0.3151125728833966,0.8379619835365079,0.9492511518454323,0.9269847937503898,-3.181649610463174,-2.10523109526996,2.3061762316703245,1.5150308215472654,0.4335808906591327,0.1296292436862878,0.22762265793612366,0.09799341424983585,0.3151125728833966,0.2938633193374543,0.021249253545942315,0.8379619835365079,0.606420074405974,0.23154190913053385,0.9492511518454323,0.6249082416086197,0.3243429102368126,0.9269847937503898,0.6468911118293524,0.28009368192103734,530.0,0.4930102516309413,174.0,0.16123019571295433,614.0,0.5712954333643989,608.0,0.5657036346691519,620.0,0.5768872320596459,0.16123019571295433,WACC_0p3_WRT_0p7,0.47362534948741847,609,False,,,False,False,False,False,False,24.0,0.26436781609195403
UDetect,ForestCovertype,959,0.58,34,0.0,0.9406364979085056,0,8,3035,1109,4643,True,0.9535647084915816,0.0772089756018068,0.45824765277880875,0.9535647084915816,0.9854568846915948,0.9130212531702152,-3.181649610463174,-2.10523109526996,2.3061762316703245,1.5150308215472654,0.4335808906591327,0.0772089756018068,0.10485838159567104,0.027649405993864243,0.45824765277880875,0.3527305908495862,0.10551706192922256,0.9535647084915816,0.7547056287038071,0.1988590797877745,0.9854568846915948,0.740945542902549,0.24451134178904577,0.9130212531702152,0.694282375016261,0.2187388781539542,174.0,0.16123019571295433,588.0,0.5470643056849953,947.0,0.8816402609506058,784.0,0.7297297297297297,887.0,0.825722273998136,0.16123019571295433,WACC_0p1_WRT_0p9,0.6290773532152842,610,False,,,False,False,False,False,False,8.0,0.08045977011494253
UDetect,ForestCovertype,1012,0.69,293,0.4999999999999997,0.3744570740475472,0,45,2573,3217,2692,False,0.16952876593447128,0.5518870743566595,0.4482678020244749,0.16952876593447128,0.2649146323502511,0.42323555004667374,-3.181649610463174,-2.10523109526996,2.3061762316703245,1.5150308215472654,0.4335808906591327,0.5518870743566595,0.375543518181097,0.17634355617556252,0.4482678020244749,0.3688276338624501,0.07944016816202482,0.16952876593447128,0.40480745969890314,0.23527869376443186,0.2649146323502511,0.3831579033900735,0.1182432710398224,0.42323555004667374,0.4144701279508864,0.008765422095787345,755.0,0.7027027027027027,791.0,0.7362534948741846,175.0,0.16216216216216217,369.0,0.3429636533084809,414.0,0.3849021435228332,0.16216216216216217,WACC_0p5_WRT_0p5,0.4657968313140727,611,False,,,False,False,False,False,False,45.0,0.5057471264367817
UDetect,ForestCovertype,210,0.58,33,0.0,0.948348133291504,0,7,1239,2765,3483,True,0.9595969004007491,0.08551682182435125,0.4657164929051875,0.9595969004007491,0.9873461128981531,0.9122926305833013,-3.181649610463174,-2.10523109526996,2.3061762316703245,1.5150308215472654,0.4335808906591327,0.08551682182435125,0.10486406466421923,0.01934724283986798,0.4657164929051875,0.3522323054895805,0.11348418741560701,0.9595969004007491,0.7524909519709125,0.20710594842983654,0.9873461128981531,0.7456213942714277,0.2417247186267254,0.9122926305833013,0.6853627453601554,0.22692988522314594,175.0,0.16216216216216217,572.0,0.53215284249767,899.0,0.83690587138863,896.0,0.8341099720410066,689.0,0.641192917054986,0.16216216216216217,WACC_0p1_WRT_0p9,0.601304753028891,612,False,,,False,False,False,False,False,7.0,0.06896551724137931
UDetect,ForestCovertype,1030,0.68,223,0.4545454545454547,0.4468003597611013,0,32,423,3074,1564,False,0.049090834245053096,0.4748598460125591,0.35405902995654814,0.049090834245053096,0.3355318871186766,0.4657894221406462,-3.181649610463174,-2.10523109526996,2.3061762316703245,1.5150308215472654,0.4335808906591327,0.4748598460125591,0.2985031204655205,0.17635672554703857,0.35405902995654814,0.29448423382920896,0.05957479612733918,0.049090834245053096,0.414283006296647,0.3651921720515939,0.3355318871186766,0.4175243596978837,0.08199247257920711,0.4657894221406462,0.43836417399343097,0.027425248147215253,626.0,0.5824790307548928,176.0,0.16309412861137,207.0,0.19198508853681268,437.0,0.4063373718546132,455.0,0.42311276794035413,0.16309412861137,WACC_0p3_WRT_0p7,0.3534016775396086,613,False,,,False,False,False,False,False,32.0,0.3563218390804598
UDetect,ForestCovertype,551,0.69,242,0.4999999999999997,0.4251411958091737,0,33,771,3063,2224,False,0.110059600051522,0.49480246378873366,0.38997536397412796,0.110059600051522,0.277331437308094,0.4184467349537256,-3.181649610463174,-2.10523109526996,2.3061762316703245,1.5150308215472654,0.4335808906591327,0.49480246378873366,0.3745645379837437,0.12023792580498999,0.38997536397412796,0.3650213330313953,0.024954030942732686,0.110059600051522,0.4048622329024017,0.2948026328508797,0.277331437308094,0.36010426177427846,0.08277282446618445,0.4184467349537256,0.38617413314427174,0.03227260180945385,752.0,0.6999068033550793,778.0,0.7241379310344828,176.0,0.16309412861137,302.0,0.2805219012115564,350.0,0.32525629077353213,0.16309412861137,WACC_0p5_WRT_0p5,0.4385834109972041,614,False,,,False,False,False,False,False,33.0,0.367816091954023
UDetect,ForestCovertype,777,0.58,31,0.0,0.9644762707294906,0,5,4136,3567,4997,True,0.9722126447054984,0.10289187640567356,0.48133684761310763,0.9722126447054984,0.9912972504524864,0.9107687871132021,-3.181649610463174,-2.10523109526996,2.3061762316703245,1.5150308215472654,0.4335808906591327,0.10289187640567356,0.10487862020639944,0.0019867438007258875,0.48133684761310763,0.3574373105579726,0.12389953705513501,0.9722126447054984,0.7574056297596363,0.21480701494586207,0.9912972504524864,0.7435064034583303,0.2477908469941561,0.9107687871132021,0.6911150526994035,0.21965373441379854,176.0,0.16309412861137,724.0,0.67381174277726,1014.0,0.9440820130475303,845.0,0.7865796831314072,809.0,0.7530288909599254,0.16309412861137,WACC_0p1_WRT_0p9,0.6641192917054985,615,False,,,False,False,False,False,False,5.0,0.04597701149425287
UDetect,ForestCovertype,664,0.58,145,0.0,0.5606728846765805,0,53,231,379,608,True,0.6563497443908627,0.39112435107683546,0.11303421949207211,0.6563497443908627,0.892371833346184,0.9489215592734527,-3.181649610463174,-2.10523109526996,2.3061762316703245,1.5150308215472654,0.4335808906591327,0.39112435107683546,0.17354776627555196,0.2175765848012835,0.11303421949207211,0.29491339145332546,0.18187917196125336,0.6563497443908627,0.6634713884994554,0.0071216441085927285,0.892371833346184,0.7246986600124997,0.16767317333368426,0.9489215592734527,0.6944420923108577,0.25447946696259494,459.0,0.42684063373718545,177.0,0.16402609506057783,642.0,0.5973904939422181,658.0,0.6123019571295434,893.0,0.8313140726933831,0.16402609506057783,WACC_0p3_WRT_0p7,0.5263746505125815,616,False,,,False,False,False,False,False,53.0,0.5977011494252874
UDetect,ForestCovertype,515,0.58,30,0.0,0.9729224656013556,0,4,1490,2847,4195,True,0.9788194234027437,0.11199107322659677,0.48951712015468507,0.9788194234027437,0.9933664340688685,0.9099707607476553,-3.181649610463174,-2.10523109526996,2.3061762316703245,1.5150308215472654,0.4335808906591327,0.11199107322659677,0.10502800842919563,0.006963064797401136,0.48951712015468507,0.35351379930119536,0.1360033208534897,0.9788194234027437,0.7504772753866525,0.2283421480160912,0.9933664340688685,0.7415321519238226,0.2518342821450459,0.9099707607476553,0.6886805939838195,0.22129016676383573,177.0,0.16402609506057783,614.0,0.5712954333643989,866.0,0.8061509785647717,797.0,0.7418452935694315,755.0,0.7027027027027027,0.16402609506057783,WACC_0p1_WRT_0p9,0.5972041006523765,617,False,,,False,False,False,False,False,4.0,0.034482758620689655
UDetect,ForestCovertype,962,0.69,261,0.4999999999999997,0.4051134330151847,0,40,1393,3990,2437,False,0.1335587612575043,0.5173593711574483,0.4130095427539516,0.1335587612575043,0.2724249534683526,0.42033902882037105,-3.181649610463174,-2.10523109526996,2.3061762316703245,1.5150308215472654,0.4335808906591327,0.5173593711574483,0.4024398719582551,0.11491949919919325,0.4130095427539516,0.39692013826674355,0.016089404487208026,0.1335587612575043,0.4059956493623315,0.27243688810482725,0.2724249534683526,0.35168693484036667,0.07926198137201407,0.42033902882037105,0.3709461349615943,0.049392893858776765,810.0,0.7539608574091333,866.0,0.8061509785647717,178.0,0.16495806150978565,275.0,0.255358807082945,308.0,0.28611369990680335,0.16495806150978565,WACC_0p5_WRT_0p5,0.4533084808946878,618,False,,,False,False,False,False,False,40.0,0.4482758620689655
UDetect,ForestCovertype,283,0.58,105,0.0,0.6458479461208919,0,44,1,5000,1374,False,0.7229753420740685,0.2951932183344134,0.1727403051100583,0.7229753420740685,0.913238370803424,0.9408739182053949,-3.181649610463174,-2.10523109526996,2.3061762316703245,1.5150308215472654,0.4335808906591327,0.2951932183344134,0.255957569197038,0.03923564913737543,0.1727403051100583,0.2951115440135679,0.12237123890350957,0.7229753420740685,0.5587402409733153,0.16423510110075323,0.913238370803424,0.5805483652492142,0.3326900055542098,0.9408739182053949,0.6069208366721559,0.333953081533239,579.0,0.5386766076421249,178.0,0.16495806150978565,582.0,0.5414725069897484,585.0,0.5442684063373718,594.0,0.5526561043802423,0.16495806150978565,WACC_0p3_WRT_0p7,0.4684063373718546,619,False,,,False,False,False,False,False,44.0,0.4942528735632184
UDetect,ForestCovertype,337,0.58,29,0.0,0.9816456337335658,0,3,4294,3218,5000,True,0.9856428559972665,0.1213886569836784,0.497965645654041,0.9856428559972665,0.995503471735646,0.9091465649688208,-3.181649610463174,-2.10523109526996,2.3061762316703245,1.5150308215472654,0.4335808906591327,0.1213886569836784,0.10504174295986418,0.01634691402381422,0.497965645654041,0.35984463120031196,0.13812101445372904,0.9856428559972665,0.7603239108183583,0.22531894517890827,0.995503471735646,0.7425994390465217,0.2529040326891243,0.9091465649688208,0.6935451720501035,0.21560139291871738,178.0,0.16495806150978565,755.0,0.7027027027027027,1063.0,0.9897483690587139,822.0,0.7651444547996272,868.0,0.8080149114631874,0.16495806150978565,WACC_0p1_WRT_0p9,0.6861136999068034,620,False,,,False,False,False,False,False,3.0,0.022988505747126436
UDetect,ForestCovertype,360,0.58,61,0.0,0.7885225855217226,0,25,638,1,1897,False,0.8345782333796563,0.13450134985496429,0.31092293678930577,0.8345782333796563,0.94819139175548,0.9273935136369386,-3.181649610463174,-2.10523109526996,2.3061762316703245,1.5150308215472654,0.4335808906591327,0.13450134985496429,0.2711485971891263,0.13664724733416203,0.31092293678930577,0.2951407773771646,0.015782159412141172,0.8345782333796563,0.5479047061627854,0.2866735272168709,0.94819139175548,0.6075308648021913,0.34066052695328863,0.9273935136369386,0.5992681097448553,0.3281254038920832,593.0,0.5517241379310345,179.0,0.16589002795899346,574.0,0.5340167753960857,597.0,0.5554520037278659,588.0,0.5470643056849953,0.16589002795899346,WACC_0p3_WRT_0p7,0.47082945013979494,621,False,,,False,False,False,False,False,25.0,0.27586206896551724
UDetect,ForestCovertype,895,0.58,30,0.0,0.9729224656013556,0,4,1201,4900,2188,True,0.9788194234027437,0.11199107322659677,0.48951712015468507,0.9788194234027437,0.9933664340688685,0.9099707607476553,-3.181649610463174,-2.10523109526996,2.3061762316703245,1.5150308215472654,0.4335808906591327,0.11199107322659677,0.1051070401203635,0.00688403310623327,0.48951712015468507,0.34530064014691275,0.14421648000777232,0.9788194234027437,0.7428493808218165,0.23597004258092724,0.9933664340688685,0.7531588632237137,0.24020757084515476,0.9099707607476553,0.6898465903391624,0.22012417040849286,179.0,0.16589002795899346,423.0,0.3932898415657036,796.0,0.7409133271202236,1025.0,0.9543336439888164,777.0,0.723205964585275,0.16589002795899346,WACC_0p1_WRT_0p9,0.5955265610438024,622,False,,,False,False,False,False,False,4.0,0.034482758620689655
UDetect,ForestCovertype,861,0.69,299,0.4999999999999997,0.3690824914031728,0,48,4623,4957,2602,False,0.17583492130859707,0.5579403696798417,0.454449176288335,0.17583492130859707,0.2635979449518018,0.42374335962472504,-3.181649610463174,-2.10523109526996,2.3061762316703245,1.5150308215472654,0.4335808906591327,0.5579403696798417,0.4250426933782637,0.132897676301578,0.454449176288335,0.4412897103242345,0.013159465964100503,0.17583492130859707,0.4068205026879597,0.23098558137936265,0.2635979449518018,0.3339751264938422,0.07037718154204042,0.42374335962472504,0.3679915496161646,0.05575181000856044,863.0,0.8033550792171482,967.0,0.9002795899347623,180.0,0.1668219944082013,215.0,0.19944082013047532,306.0,0.2842497670083877,0.1668219944082013,WACC_0p5_WRT_0p5,0.47082945013979494,623,False,,,False,False,False,False,False,48.0,0.5402298850574713
UDetect,ForestCovertype,472,0.58,34,0.0,0.9406364979085056,0,8,4599,3570,2885,True,0.9535647084915816,0.0772089756018068,0.45824765277880875,0.9535647084915816,0.9854568846915948,0.9130212531702152,-3.181649610463174,-2.10523109526996,2.3061762316703245,1.5150308215472654,0.4335808906591327,0.0772089756018068,0.10519814837133878,0.027989172769531986,0.45824765277880875,0.3561684340851755,0.10207921869363323,0.9535647084915816,0.759378928955513,0.19418577953606864,0.9854568846915948,0.7475540801494622,0.23790280454213253,0.9130212531702152,0.7022427574945291,0.21077849567568607,180.0,0.1668219944082013,703.0,0.6542404473438956,1050.0,0.9776328052190121,935.0,0.8704566635601119,1041.0,0.9692451071761417,0.1668219944082013,WACC_0p1_WRT_0p9,0.7276794035414725,624,False,,,False,False,False,False,False,8.0,0.08045977011494253
UDetect,ForestCovertype,724,0.67,259,0.4090909090909093,0.4071520084505012,0,40,272,1808,3754,False,0.0600559733440655,0.5239667749584948,0.38865323082145914,0.0600559733440655,0.37871296926526,0.5189246602132497,-3.181649610463174,-2.10523109526996,2.3061762316703245,1.5150308215472654,0.4335808906591327,0.5239667749584948,0.4113395128162004,0.11262726214229435,0.38865323082145914,0.32844611632886145,0.06020711449259769,0.0600559733440655,0.40704050236667483,0.34698452902260934,0.37871296926526,0.42088737314781705,0.042174403882557054,0.5189246602132497,0.47390803617364724,0.04501662403960244,831.0,0.7735321528424977,293.0,0.2721342031686859,181.0,0.16775396085740912,441.0,0.41006523765144454,503.0,0.4678471575023299,0.16775396085740912,WACC_0p5_WRT_0p5,0.4182665424044735,625,False,,,False,False,False,False,False,40.0,0.4482758620689655
UDetect,ForestCovertype,905,0.58,96,0.0,0.6694525344923197,0,43,2444,67,3201,True,0.7414393124152073,0.2686077969447245,0.19560172010691484,0.7414393124152073,0.9190211201089489,0.9386436732070195,-3.181649610463174,-2.10523109526996,2.3061762316703245,1.5150308215472654,0.4335808906591327,0.2686077969447245,0.13333508718437825,0.13527270976034622,0.19560172010691484,0.2955273074351569,0.09992558732824208,0.7414393124152073,0.7097739809381903,0.031665331477017,0.9190211201089489,0.730531867246659,0.1884892528622899,0.9386436732070195,0.7010187652515654,0.2376249079554541,382.0,0.3550792171481827,181.0,0.16775396085740912,703.0,0.6542404473438956,677.0,0.630009319664492,1026.0,0.9552656104380243,0.16775396085740912,WACC_0p3_WRT_0p7,0.5524697110904008,626,False,,,False,False,False,False,False,43.0,0.4827586206896552
UDetect,ForestCovertype,562,0.7,768,0.5454545454545452,0.1186635638848407,0,65,4651,671,3369,False,0.5052142238677148,0.835530975877626,0.7534649561012388,0.5052142238677148,0.14935498581718748,0.3980147040191,-3.181649610463174,-2.10523109526996,2.3061762316703245,1.5150308215472654,0.4335808906591327,0.835530975877626,0.5276201647228078,0.3079108111548182,0.7534649561012388,0.45273625461952843,0.3007287014817103,0.5052142238677148,0.5170090522124934,0.01179482834477863,0.14935498581718748,0.34922298947522795,0.19986800365804047,0.3980147040191,0.31382319861000113,0.08419150540909887,1059.0,0.9860205032618826,986.0,0.9179869524697111,546.0,0.5079217148182665,271.0,0.2516309412861137,181.0,0.16775396085740912,0.16775396085740912,WACC_0p9_WRT_0p1,0.5662628145386766,627,False,,,False,False,False,False,False,65.0,0.735632183908046
UDetect,ForestCovertype,810,0.58,30,0.0,0.9729224656013556,0,4,4942,1983,4789,True,0.9788194234027437,0.11199107322659677,0.48951712015468507,0.9788194234027437,0.9933664340688685,0.9099707607476553,-3.181649610463174,-2.10523109526996,2.3061762316703245,1.5150308215472654,0.4335808906591327,0.11199107322659677,0.10529889304320501,0.006692180183391752,0.48951712015468507,0.3534176933156363,0.13609942683904874,0.9788194234027437,0.75340606336657,0.22541336003617374,0.9933664340688685,0.7398085137213659,0.2535579203475026,0.9099707607476553,0.6906174720614416,0.21935328868621362,181.0,0.16775396085740912,609.0,0.5666356011183598,925.0,0.8611369990680335,759.0,0.706430568499534,792.0,0.7371854613233924,0.16775396085740912,WACC_0p1_WRT_0p9,0.6078285181733458,628,False,,,False,False,False,False,False,4.0,0.034482758620689655
UDetect,ForestCovertype,738,0.73,572,0.6818181818181817,0.1969318088622134,0,42,2878,651,1901,False,0.520046098969603,0.7340237440073913,0.6964652567836614,0.520046098969603,0.06555958362820435,0.24245227858451177,-3.181649610463174,-2.10523109526996,2.3061762316703245,1.5150308215472654,0.4335808906591327,0.7340237440073913,0.47366435752313973,0.2603593864842516,0.6964652567836614,0.39065900080266663,0.3058062559809948,0.520046098969603,0.42380184072862886,0.0962442582409741,0.06555958362820435,0.33360480944563214,0.2680452258174278,0.24245227858451177,0.31483775235825234,0.07238547377374058,998.0,0.9291705498602051,846.0,0.7875116495806151,248.0,0.23019571295433364,212.0,0.1966449207828518,182.0,0.16868592730661697,0.16868592730661697,WACC_0p9_WRT_0p1,0.46244175209692456,629,False,,,False,False,False,False,False,42.0,0.47126436781609193
UDetect,ForestCovertype,246,0.7,426,0.5454545454545452,0.2751725063288681,0,44,5000,3440,5000,False,0.3215776935921601,0.6592577818419456,0.5734620771986172,0.3215776935921601,0.18769719132339147,0.38322718556741875,-3.181649610463174,-2.10523109526996,2.3061762316703245,1.5150308215472654,0.4335808906591327,0.6592577818419456,0.45628203940119105,0.20297574244075456,0.5734620771986172,0.4905616353314843,0.08290044186713291,0.3215776935921601,0.47814479844856217,0.15656710485640207,0.18769719132339147,0.3288949584852405,0.141197767161849,0.38322718556741875,0.3319556947293817,0.05127149083803706,957.0,0.8909599254426841,1046.0,0.9739049394221808,460.0,0.4277726001863933,182.0,0.16868592730661697,214.0,0.19850885368126747,0.16868592730661697,WACC_0p7_WRT_0p3,0.5319664492078284,630,False,,,False,False,False,False,False,44.0,0.4942528735632184
UDetect,ForestCovertype,347,0.58,30,0.0,0.9729224656013556,0,4,3864,2081,3507,True,0.9788194234027437,0.11199107322659677,0.48951712015468507,0.9788194234027437,0.9933664340688685,0.9099707607476553,-3.181649610463174,-2.10523109526996,2.3061762316703245,1.5150308215472654,0.4335808906591327,0.11199107322659677,0.10530643611755976,0.006684637109037009,0.48951712015468507,0.3528107977551285,0.13670632239955655,0.9788194234027437,0.7506577603509621,0.22816166305178165,0.9933664340688685,0.7397954525882754,0.2535709814805931,0.9099707607476553,0.6959564000765223,0.214014360671133,182.0,0.16868592730661697,591.0,0.5498602050326188,871.0,0.8108108108108109,758.0,0.7054986020503262,941.0,0.8760484622553588,0.16868592730661697,WACC_0p1_WRT_0p9,0.6221808014911463,631,False,,,False,False,False,False,False,4.0,0.034482758620689655
UDetect,ForestCovertype,566,0.69,288,0.4999999999999997,0.3790203556146186,0,42,2559,1893,4146,False,0.1641745338978765,0.5467475327780722,0.4430195152078295,0.1641745338978765,0.26603256386838087,0.4228043950639646,-3.181649610463174,-2.10523109526996,2.3061762316703245,1.5150308215472654,0.4335808906591327,0.5467475327780722,0.44161469634385325,0.10513283643421895,0.4430195152078295,0.39012541506458237,0.052894100143247136,0.1641745338978765,0.40742180682829643,0.24324727293041992,0.26603256386838087,0.36695797484948095,0.10092541098110008,0.4228043950639646,0.4074398800604651,0.015364515003499501,915.0,0.8518173345759553,844.0,0.7856477166821995,183.0,0.16961789375582478,321.0,0.2982292637465051,395.0,0.36719478098788444,0.16961789375582478,WACC_0p5_WRT_0p5,0.49450139794967385,632,False,,,False,False,False,False,False,42.0,0.47126436781609193
UDetect,ForestCovertype,181,0.58,58,0.0,0.8017169982740455,0,22,2687,1,5000,True,0.8448991608999398,0.11964072117166165,0.3237019330092015,0.8448991608999398,0.9514238133499465,0.9261468588516771,-3.181649610463174,-2.10523109526996,2.3061762316703245,1.5150308215472654,0.4335808906591327,0.11964072117166165,0.1256951982164337,0.006054477044772064,0.3237019330092015,0.29558067259403387,0.02812126041516766,0.8448991608999398,0.694317511770549,0.15058164912939076,0.9514238133499465,0.7231236235038463,0.22830018984610023,0.9261468588516771,0.6971913329699421,0.22895552588173507,356.0,0.33084808946877914,183.0,0.16961789375582478,667.0,0.6206896551724138,655.0,0.6095060577819198,968.0,0.9012115563839702,0.16961789375582478,WACC_0p3_WRT_0p7,0.5263746505125816,633,False,,,False,False,False,False,False,22.0,0.2413793103448276
UDetect,ForestCovertype,615,0.58,29,0.0,0.9816456337335658,0,3,652,4122,3418,True,0.9856428559972665,0.1213886569836784,0.497965645654041,0.9856428559972665,0.995503471735646,0.9091465649688208,-3.181649610463174,-2.10523109526996,2.3061762316703245,1.5150308215472654,0.4335808906591327,0.1213886569836784,0.10531568609351848,0.016072970890159924,0.497965645654041,0.3479462664685521,0.1500193791854889,0.9856428559972665,0.75328047161989,0.23236238437737655,0.995503471735646,0.7472014628852074,0.24830200885043863,0.9091465649688208,0.6875124584195628,0.22163410654925808,183.0,0.16961789375582478,452.0,0.42031686859273065,921.0,0.8574091332712023,925.0,0.8611369990680335,726.0,0.6756756756756757,0.16961789375582478,WACC_0p1_WRT_0p9,0.5968313140726934,634,False,,,False,False,False,False,False,3.0,0.022988505747126436
UDetect,ForestCovertype,403,0.73,282,0.6818181818181817,0.3846016678598624,0,10,1047,2049,1,True,0.2998475518101912,0.5226545726798667,0.48062382066312115,0.2998475518101912,0.05582270235967365,0.2247205665211922,-3.181649610463174,-2.10523109526996,2.3061762316703245,1.5150308215472654,0.4335808906591327,0.5226545726798667,0.27736053452300413,0.24529403815686257,0.48062382066312115,0.3076383293634609,0.17298549129966023,0.2998475518101912,0.4076791157415995,0.1078315639314083,0.05582270235967365,0.3892577694894696,0.333435067129796,0.2247205665211922,0.4048802610977379,0.18015969457654568,602.0,0.5601118359739049,224.0,0.20782851817334577,184.0,0.17054986020503263,380.0,0.353215284249767,392.0,0.36439888164026096,0.17054986020503263,WACC_0p5_WRT_0p5,0.33122087604846223,635,False,,,False,False,False,False,False,10.0,0.10344827586206896
UDetect,ForestCovertype,886,0.7,723,0.5454545454545452,0.1347052287745183,0,62,3662,1222,4881,False,0.4863920681865012,0.8174635385568174,0.7350152380375838,0.4863920681865012,0.1532849389703861,0.3964990307812169,-3.181649610463174,-2.10523109526996,2.3061762316703245,1.5150308215472654,0.4335808906591327,0.8174635385568174,0.5211634623346442,0.29630007622217325,0.7350152380375838,0.46509810144779046,0.2699171365897934,0.4863920681865012,0.4662563204973001,0.020135747689201122,0.1532849389703861,0.3294804278657637,0.17619548889537762,0.3964990307812169,0.32801254714959516,0.06848648363162174,1057.0,0.9841565703634669,1010.0,0.940354147250699,419.0,0.3895619757688723,184.0,0.17054986020503263,207.0,0.19198508853681268,0.17054986020503263,WACC_0p7_WRT_0p3,0.5353215284249768,636,False,,,False,False,False,False,False,62.0,0.7011494252873564
UDetect,ForestCovertype,437,0.58,61,0.0,0.7885225855217226,0,25,2964,1,3088,True,0.8345782333796563,0.13450134985496429,0.31092293678930577,0.8345782333796563,0.94819139175548,0.9273935136369386,-3.181649610463174,-2.10523109526996,2.3061762316703245,1.5150308215472654,0.4335808906591327,0.13450134985496429,0.1349072396119762,0.000405889757011918,0.31092293678930577,0.29688753689686526,0.014035399892440514,0.8345782333796563,0.7060176427889487,0.12856059059070757,0.94819139175548,0.7295427046194567,0.21864868713602326,0.9273935136369386,0.7033298999616355,0.22406361367530303,388.0,0.36067101584342964,184.0,0.17054986020503263,689.0,0.641192917054986,671.0,0.6244175209692451,1049.0,0.9767008387698043,0.17054986020503263,WACC_0p3_WRT_0p7,0.5547064305684996,637,False,,,False,False,False,False,False,25.0,0.27586206896551724
UDetect,ForestCovertype,645,0.58,35,0.0,0.9331421208409968,0,9,4802,4582,4461,True,0.9477024602827844,0.06913518461994925,0.450989230747157,0.9477024602827844,0.9836208813222271,0.9137293484230427,-3.181649610463174,-2.10523109526996,2.3061762316703245,1.5150308215472654,0.4335808906591327,0.06913518461994925,0.10532049143564076,0.036185306815691515,0.450989230747157,0.35582302543190036,0.09516620531525666,0.9477024602827844,0.7589036545341246,0.18879880574865981,0.9836208813222271,0.7371945286987857,0.24642635262344148,0.9137293484230427,0.6969411447820785,0.21678820364096418,184.0,0.17054986020503263,694.0,0.6458527493010252,1039.0,0.967381174277726,710.0,0.6607642124883504,961.0,0.8946877912395154,0.17054986020503263,WACC_0p1_WRT_0p9,0.6678471575023299,638,False,,,False,False,False,False,False,9.0,0.09195402298850575
UDetect,ForestCovertype,723,0.68,207,0.4545454545454547,0.4665155105419956,0,27,1216,4929,2572,False,0.04936649922248122,0.4526550279058484,0.3313843901363384,0.04936649922248122,0.3403617859795495,0.46392666496270146,-3.181649610463174,-2.10523109526996,2.3061762316703245,1.5150308215472654,0.4335808906591327,0.4526550279058484,0.40642262403143603,0.04623240387441235,0.3313843901363384,0.4008045347032858,0.0694201445669474,0.04936649922248122,0.40794329530542267,0.35857679608294146,0.3403617859795495,0.3911217826111762,0.05075999663162667,0.46392666496270146,0.41740417630303667,0.046522488659664796,821.0,0.7642124883504194,873.0,0.8126747437092264,185.0,0.17148182665424044,387.0,0.3597390493942218,420.0,0.39049394221808015,0.17148182665424044,WACC_0p5_WRT_0p5,0.4997204100652376,639,False,,,False,False,False,False,False,27.0,0.2988505747126437
UDetect,ForestCovertype,411,0.58,61,0.0,0.7885225855217226,0,25,4160,1,2940,True,0.8345782333796563,0.13450134985496429,0.31092293678930577,0.8345782333796563,0.94819139175548,0.9273935136369386,-3.181649610463174,-2.10523109526996,2.3061762316703245,1.5150308215472654,0.4335808906591327,0.13450134985496429,0.13786095600342094,0.003359606148456651,0.31092293678930577,0.2969144558256411,0.014008480963664693,0.8345782333796563,0.7086141858535002,0.1259640475261561,0.94819139175548,0.732897482910567,0.21529390884491295,0.9273935136369386,0.7024413852423688,0.2249521283945698,393.0,0.36533084808946875,185.0,0.17148182665424044,698.0,0.6495806150978565,687.0,0.6393289841565704,1042.0,0.9701770736253494,0.17148182665424044,WACC_0p3_WRT_0p7,0.5591798695246971,640,False,,,False,False,False,False,False,25.0,0.27586206896551724
UDetect,ForestCovertype,329,0.58,29,0.0,0.9816456337335658,0,3,4186,1366,3573,True,0.9856428559972665,0.1213886569836784,0.497965645654041,0.9856428559972665,0.995503471735646,0.9091465649688208,-3.181649610463174,-2.10523109526996,2.3061762316703245,1.5150308215472654,0.4335808906591327,0.1213886569836784,0.10532744273382971,0.016061214249848688,0.497965645654041,0.35628745554700436,0.14167819010703664,0.9856428559972665,0.7538942637777081,0.23174859221955846,0.995503471735646,0.7407776856549368,0.25472578608070917,0.9091465649688208,0.6933781096273148,0.21576845534150602,185.0,0.17148182665424044,708.0,0.6589002795899348,930.0,0.8657968313140727,783.0,0.7287977632805219,863.0,0.8033550792171482,0.17148182665424044,WACC_0p1_WRT_0p9,0.6456663560111836,641,False,,,False,False,False,False,False,3.0,0.022988505747126436
UDetect,ForestCovertype,440,0.63,47,0.2272727272727273,0.8566092557454272,1,1,161,4864,1,True,0.62117120400623,0.03555802718638615,0.22553536561867737,0.62117120400623,0.7004000517600836,0.6740148361867248,-3.181649610463174,-2.10523109526996,2.3061762316703245,1.5150308215472654,0.4335808906591327,0.03555802718638615,0.15701687671448783,0.12145884952810168,0.22553536561867737,0.29725007360294314,0.07171470798426577,0.62117120400623,0.6004559372706882,0.020715266735541804,0.7004000517600836,0.6422481656738039,0.058151886086279636,0.6740148361867248,0.6231070814122371,0.05090775477448761,436.0,0.40540540540540543,186.0,0.1724137931034483,612.0,0.5694315004659832,614.0,0.5712954333643989,604.0,0.5619757688723206,0.1724137931034483,WACC_0p3_WRT_0p7,0.45610438024231126,642,False,,,False,False,False,False,False,1.0,0.0
UDetect,ForestCovertype,546,0.58,30,0.0,0.9729224656013556,0,4,4727,2429,4968,True,0.9788194234027437,0.11199107322659677,0.48951712015468507,0.9788194234027437,0.9933664340688685,0.9099707607476553,-3.181649610463174,-2.10523109526996,2.3061762316703245,1.5150308215472654,0.4335808906591327,0.11199107322659677,0.10534711525645783,0.006643957970138933,0.48951712015468507,0.35614382829941976,0.1333732918552653,0.9788194234027437,0.7539288290912443,0.2248905943114995,0.9933664340688685,0.7400221709499732,0.25334426311889524,0.9099707607476553,0.6907820369056082,0.21918872384204702,186.0,0.1724137931034483,702.0,0.6533084808946877,931.0,0.8667287977632805,765.0,0.712022367194781,798.0,0.7427772600186393,0.1724137931034483,WACC_0p1_WRT_0p9,0.6294501397949673,643,False,,,False,False,False,False,False,4.0,0.034482758620689655
UDetect,ForestCovertype,373,0.58,61,0.0,0.7885225855217226,0,25,1075,1,4182,False,0.8345782333796563,0.13450134985496429,0.31092293678930577,0.8345782333796563,0.94819139175548,0.9273935136369386,-3.181649610463174,-2.10523109526996,2.3061762316703245,1.5150308215472654,0.4335808906591327,0.13450134985496429,0.24439310667718536,0.10989175682222108,0.31092293678930577,0.29751215513968315,0.013410781649622616,0.8345782333796563,0.5994882768231342,0.2350899565565221,0.94819139175548,0.6293586451218381,0.3188327466336418,0.9273935136369386,0.6330714857833025,0.29432202785363604,563.0,0.5237651444547996,187.0,0.1733457595526561,611.0,0.5684995340167754,610.0,0.5675675675675675,614.0,0.5712954333643989,0.1733457595526561,WACC_0p3_WRT_0p7,0.48089468779123956,644,False,,,False,False,False,False,False,25.0,0.27586206896551724
UDetect,ForestCovertype,812,0.58,44,0.0,0.8737786187495025,0,15,1405,2169,3613,True,0.901267168774366,0.03847902005583827,0.3934947455383762,0.901267168774366,0.9690777660138219,0.9193382220683829,-3.181649610463174,-2.10523109526996,2.3061762316703245,1.5150308215472654,0.4335808906591327,0.03847902005583827,0.10536350322058183,0.06688448316474356,0.3934947455383762,0.3524643845735503,0.04103036096482593,0.901267168774366,0.7562438646466166,0.14502330412774933,0.9690777660138219,0.7440613292488403,0.22501643676498162,0.9193382220683829,0.6863617973188044,0.23297642474957847,187.0,0.1733457595526561,584.0,0.543336439888164,984.0,0.9161230195712954,859.0,0.7996272134203168,700.0,0.6514445479962722,0.1733457595526561,WACC_0p1_WRT_0p9,0.616775396085741,645,False,,,False,False,False,False,False,15.0,0.16091954022988506
UDetect,ForestCovertype,482,0.58,60,0.0,0.7928484172972575,0,24,5000,1,5000,True,0.8379619835365079,0.1296292436862878,0.3151125728833966,0.8379619835365079,0.9492511518454323,0.9269847937503898,-3.181649610463174,-2.10523109526996,2.3061762316703245,1.5150308215472654,0.4335808906591327,0.1296292436862878,0.12608631663959857,0.003542927046689237,0.3151125728833966,0.297758157110109,0.017354415773287613,0.8379619835365079,0.7008520846012962,0.13710989893521164,0.9492511518454323,0.7265414318413447,0.22270972000408762,0.9269847937503898,0.6941904972911859,0.2327942964592039,357.0,0.3317800559179869,188.0,0.17427772600186392,680.0,0.6328052190121156,662.0,0.6160298229263746,885.0,0.8238583410997204,0.17427772600186392,WACC_0p3_WRT_0p7,0.5157502329916123,646,False,,,False,False,False,False,False,24.0,0.26436781609195403
UDetect,ForestCovertype,133,0.69,391,0.4999999999999997,0.2979242089519777,0,67,4757,3844,3776,False,0.2593270201346984,0.638084657500655,0.5362892008834907,0.2593270201346984,0.2461652957586864,0.43046664583639527,-3.181649610463174,-2.10523109526996,2.3061762316703245,1.5150308215472654,0.4335808906591327,0.638084657500655,0.4738947210522924,0.1641899364483626,0.5362892008834907,0.4860992594079544,0.05018994147553635,0.2593270201346984,0.47605148099108513,0.21672446085638675,0.2461652957586864,0.3301590403203476,0.0839937445616612,0.43046664583639527,0.3424302056363165,0.08803644020007878,1000.0,0.9310344827586207,1037.0,0.9655172413793104,453.0,0.4212488350419385,188.0,0.17427772600186392,238.0,0.22087604846225536,0.17427772600186392,WACC_0p7_WRT_0p3,0.5425908667287977,647,False,,,False,False,False,False,False,67.0,0.7586206896551724
UDetect,ForestCovertype,65,0.58,28,0.0,0.9906645581969952,0,2,650,2747,5000,True,0.9926976349741923,0.13110486292620857,0.5067006158106627,0.9926976349741923,0.9977129650069035,0.9082944250857279,-3.181649610463174,-2.10523109526996,2.3061762316703245,1.5150308215472654,0.4335808906591327,0.13110486292620857,0.10543415758445111,0.025670705341757458,0.5067006158106627,0.35597751735523886,0.15072309845542387,0.9926976349741923,0.7563940219780033,0.23630361299618896,0.9977129650069035,0.7457427113520255,0.251970253654878,0.9082944250857279,0.6828043975322875,0.2254900275534404,188.0,0.17427772600186392,700.0,0.6514445479962722,990.0,0.9217148182665424,898.0,0.8359739049394221,658.0,0.6123019571295434,0.17427772600186392,WACC_0p1_WRT_0p9,0.6391425908667288,648,False,,,False,False,False,False,False,2.0,0.011494252873563218
UDetect,ForestCovertype,47,0.73,457,0.6818181818181817,0.2565275526031416,0,30,3870,1963,1,True,0.45012066577150256,0.6669021346213826,0.6279234515922655,0.45012066577150256,0.02540955386096446,0.23682146192669795,-3.181649610463174,-2.10523109526996,2.3061762316703245,1.5150308215472654,0.4335808906591327,0.6669021346213826,0.35633366361039953,0.31056847101098306,0.6279234515922655,0.38830446489110987,0.2396189867011556,0.45012066577150256,0.4491719668135289,0.0009486989579736704,0.02540955386096446,0.38399329533449444,0.35858374147353,0.23682146192669795,0.31805297572893537,0.08123151380223742,721.0,0.6710158434296365,836.0,0.7781919850885368,356.0,0.33084808946877914,371.0,0.3448275862068966,189.0,0.17520969245107176,0.17520969245107176,WACC_0p9_WRT_0p1,0.4600186393289841,649,False,,,False,False,False,False,False,30.0,0.3333333333333333
UDetect,ForestCovertype,208,0.58,30,0.0,0.9729224656013556,0,4,1,3735,3116,True,0.9788194234027437,0.11199107322659677,0.48951712015468507,0.9788194234027437,0.9933664340688685,0.9099707607476553,-3.181649610463174,-2.10523109526996,2.3061762316703245,1.5150308215472654,0.4335808906591327,0.11199107322659677,0.10543665087018858,0.006554422356408185,0.48951712015468507,0.3518718235223448,0.13764529663234026,0.9788194234027437,0.7585902270395599,0.22022919636318383,0.9933664340688685,0.7543443503989521,0.2390220836699164,0.9099707607476553,0.6885695377373353,0.22140122301031995,189.0,0.17520969245107176,567.0,0.527493010251631,1034.0,0.9627213420316869,1036.0,0.9645852749301025,753.0,0.700838769804287,0.17520969245107176,WACC_0p1_WRT_0p9,0.666169617893756,650,False,,,False,False,False,False,False,4.0,0.034482758620689655
UDetect,ForestCovertype,912,0.69,453,0.4999999999999997,0.2588611885541451,0,75,4572,4066,4516,False,0.3051608071114818,0.6820806315752318,0.581216065894775,0.3051608071114818,0.23659547608961295,0.43415745816884654,-3.181649610463174,-2.10523109526996,2.3061762316703245,1.5150308215472654,0.4335808906591327,0.6820806315752318,0.4697539362708834,0.2123266953043484,0.581216065894775,0.4845580657291656,0.09665800016560944,0.3051608071114818,0.4621293107704101,0.15696850365892828,0.23659547608961295,0.33056014807990075,0.0939646719902878,0.43415745816884654,0.35201577465959294,0.0821416835092536,989.0,0.9207828518173345,1033.0,0.961789375582479,407.0,0.3783783783783784,190.0,0.17614165890027958,258.0,0.23951537744641194,0.17614165890027958,WACC_0p7_WRT_0p3,0.5353215284249766,651,False,,,False,False,False,False,False,75.0,0.8505747126436781
UDetect,ForestCovertype,890,0.58,31,0.0,0.9644762707294906,0,5,4516,2279,2347,True,0.9722126447054984,0.10289187640567356,0.48133684761310763,0.9722126447054984,0.9912972504524864,0.9107687871132021,-3.181649610463174,-2.10523109526996,2.3061762316703245,1.5150308215472654,0.4335808906591327,0.10289187640567356,0.105456661937756,0.0025647855320824475,0.48133684761310763,0.3592926464537906,0.12204420115931702,0.9722126447054984,0.7505729791916578,0.22163966551384062,0.9912972504524864,0.7480069263516315,0.24329032410085494,0.9107687871132021,0.7042138374616509,0.2065549496515512,190.0,0.17614165890027958,752.0,0.6999068033550793,869.0,0.8089468779123952,945.0,0.8797763280521901,1058.0,0.9850885368126747,0.17614165890027958,WACC_0p1_WRT_0p9,0.7099720410065238,652,False,,,False,False,False,False,False,5.0,0.04597701149425287
UDetect,ForestCovertype,781,0.67,161,0.4090909090909093,0.5330082107932372,0,19,2813,4936,2463,False,0.15471153955643382,0.38221720825824684,0.2439044490862219,0.15471153955643382,0.4095457402181489,0.5070333210645788,-3.181649610463174,-2.10523109526996,2.3061762316703245,1.5150308215472654,0.4335808906591327,0.38221720825824684,0.3747038822482642,0.007513326009982668,0.2439044490862219,0.3650649457224652,0.12116049663624329,0.15471153955643382,0.41060631434181794,0.25589477478538414,0.4095457402181489,0.40474454427092177,0.00480119594722711,0.5070333210645788,0.4451994224536632,0.061833898610915594,753.0,0.700838769804287,779.0,0.7250698974836906,191.0,0.17707362534948742,415.0,0.385834109972041,467.0,0.4342963653308481,0.17707362534948742,WACC_0p5_WRT_0p5,0.4846225535880708,653,False,,,False,False,False,False,False,19.0,0.20689655172413793
UDetect,ForestCovertype,598,0.58,84,0.0,0.7045847511203768,0,40,2739,275,1487,True,0.7689204188692432,0.2290390161333927,0.22962782433102752,0.7689204188692432,0.927627955276359,0.9353242571179251,-3.181649610463174,-2.10523109526996,2.3061762316703245,1.5150308215472654,0.4335808906591327,0.2290390161333927,0.15645128403295203,0.07258773210044067,0.22962782433102752,0.29894960373510937,0.06932177940408185,0.7689204188692432,0.687234212787091,0.08168620608215227,0.927627955276359,0.7249376641965666,0.20269029107979242,0.9353242571179251,0.69908811290316,0.23623614421476513,435.0,0.4044734389561976,191.0,0.17707362534948742,657.0,0.6113699906803355,660.0,0.614165890027959,993.0,0.9245107176141659,0.17707362534948742,WACC_0p3_WRT_0p7,0.5463187325256291,654,False,,,False,False,False,False,False,40.0,0.4482758620689655
UDetect,ForestCovertype,251,0.58,36,0.0,0.9258530952252368,0,10,5000,1587,3959,True,0.9420008419928378,0.061282621457869904,0.4439296948254753,0.9420008419928378,0.9818351857975168,0.914418041344384,-3.181649610463174,-2.10523109526996,2.3061762316703245,1.5150308215472654,0.4335808906591327,0.061282621457869904,0.10563281764434004,0.04435019618647014,0.4439296948254753,0.3578934376873878,0.08603625713808749,0.9420008419928378,0.7546316999521193,0.18736914204071853,0.9818351857975168,0.7424379535999621,0.2393972321975547,0.914418041344384,0.6942091887356933,0.22020885260869072,191.0,0.17707362534948742,736.0,0.684995340167754,944.0,0.8788443616029823,818.0,0.7614165890027959,886.0,0.8247903075489282,0.17707362534948742,WACC_0p1_WRT_0p9,0.6654240447343895,655,False,,,False,False,False,False,False,10.0,0.10344827586206896
UDetect,ForestCovertype,572,0.69,200,0.4999999999999997,0.4756226567911882,0,25,2378,2475,1455,False,0.05082822200235235,0.43794610639516396,0.3319160086039216,0.05082822200235235,0.28969859359322475,0.41367706796804304,-3.181649610463174,-2.10523109526996,2.3061762316703245,1.5150308215472654,0.4335808906591327,0.43794610639516396,0.3289865294331121,0.10895957696205189,0.3319160086039216,0.31843303945486273,0.013482969149058888,0.05082822200235235,0.4106128528528982,0.3597846308505459,0.28969859359322475,0.3924866844124786,0.10278809081925383,0.41367706796804304,0.40510920472148454,0.008567863246558505,665.0,0.6188257222739981,249.0,0.23112767940354148,192.0,0.17800559179869524,389.0,0.3616029822926375,393.0,0.36533084808946875,0.17800559179869524,WACC_0p5_WRT_0p5,0.3509785647716682,656,False,,,False,False,False,False,False,25.0,0.27586206896551724
UDetect,ForestCovertype,249,0.7,294,0.5454545454545452,0.3735537360232853,0,25,3691,3707,1,True,0.2061441127168294,0.5484527804114694,0.4603126028079867,0.2061441127168294,0.21179903028537558,0.37393177901309,-3.181649610463174,-2.10523109526996,2.3061762316703245,1.5150308215472654,0.4335808906591327,0.5484527804114694,0.24034129812607294,0.3081114822853964,0.4603126028079867,0.29916800130865123,0.16114460149933546,0.2061441127168294,0.46726489613390537,0.261120783417076,0.21179903028537558,0.4732430016256446,0.261443971340269,0.37393177901309,0.46456853335331383,0.09063675434022384,554.0,0.5153774464119292,192.0,0.17800559179869524,422.0,0.3923578751164958,525.0,0.48835041938490215,495.0,0.4603914259086673,0.17800559179869524,WACC_0p3_WRT_0p7,0.4068965517241379,657,False,,,False,False,False,False,False,25.0,0.27586206896551724
UDetect,ForestCovertype,713,0.69,327,0.4999999999999997,0.3453440837167848,0,52,4212,4122,4218,False,0.20368789094548434,0.5846765093460926,0.48175101385357244,0.20368789094548434,0.2577824120391885,0.42598624834529475,-3.181649610463174,-2.10523109526996,2.3061762316703245,1.5150308215472654,0.4335808906591327,0.5846765093460926,0.47508001853062626,0.10959649081546635,0.48175101385357244,0.48742160180857486,0.005670587955002415,0.20368789094548434,0.4681124898997743,0.26442459895428994,0.2577824120391885,0.3307116521983154,0.07292924015912688,0.42598624834529475,0.3602442079861059,0.06574204035918885,1003.0,0.9338303821062441,1041.0,0.9692451071761417,427.0,0.39701770736253494,192.0,0.17800559179869524,285.0,0.2646784715750233,0.17800559179869524,WACC_0p7_WRT_0p3,0.5485554520037279,658,False,,,False,False,False,False,False,52.0,0.5862068965517241
UDetect,ForestCovertype,1025,0.8,1326,1.0,0.0,0,2,1295,211,84,False,1.0,0.9246625314389638,1.0,1.0,0.5100317603911375,0.15154408365364064,-3.181649610463174,-2.10523109526996,2.3061762316703245,1.5150308215472654,0.4335808906591327,0.9246625314389638,0.5412157149028864,0.3834468165360774,1.0,0.4849830982549067,0.5150169017450933,1.0,0.5523305041682367,0.4476694958317633,0.5100317603911375,0.3729222547159466,0.13710950567519092,0.15154408365364064,0.32027979766039905,0.1687357140067584,1069.0,0.9953401677539608,1035.0,0.9636533084808947,579.0,0.5386766076421249,339.0,0.315004659832246,192.0,0.17800559179869524,0.17800559179869524,WACC_0p9_WRT_0p1,0.5981360671015843,659,False,,,False,False,False,False,False,2.0,0.011494252873563218
UDetect,ForestCovertype,23,0.58,30,0.0,0.9729224656013556,0,4,3787,3008,4678,True,0.9788194234027437,0.11199107322659677,0.48951712015468507,0.9788194234027437,0.9933664340688685,0.9099707607476553,-3.181649610463174,-2.10523109526996,2.3061762316703245,1.5150308215472654,0.4335808906591327,0.11199107322659677,0.10563327915170183,0.006357794074894937,0.48951712015468507,0.35412670687171943,0.13539041328296564,0.9788194234027437,0.756365285050659,0.22245413835208472,0.9933664340688685,0.7404375938599443,0.25292884020892414,0.9099707607476553,0.6944050265957965,0.21556573415185876,192.0,0.17800559179869524,639.0,0.5945945945945946,987.0,0.918918918918919,775.0,0.7213420316868593,891.0,0.8294501397949674,0.17800559179869524,WACC_0p1_WRT_0p9,0.6484622553588071,660,False,,,False,False,False,False,False,4.0,0.034482758620689655
UDetect,ForestCovertype,632,0.64,269,0.2727272727272729,0.3971118436061731,0,44,98,2455,2642,False,0.20841019733364904,0.5486299529352895,0.3671829676297762,0.20841019733364904,0.534936184100526,0.6680406553152641,-3.181649610463174,-2.10523109526996,2.3061762316703245,1.5150308215472654,0.4335808906591327,0.5486299529352895,0.34756076244280104,0.20106919049248845,0.3671829676297762,0.29917593102942674,0.06800703660034946,0.20841019733364904,0.44752793752684095,0.2391177401931919,0.534936184100526,0.47611006927885136,0.05882611482167466,0.6680406553152641,0.5139983848210569,0.15404227049420727,698.0,0.6495806150978565,193.0,0.17893755824790308,349.0,0.32432432432432434,530.0,0.4930102516309413,541.0,0.5032618825722274,0.17893755824790308,WACC_0p3_WRT_0p7,0.4298229263746506,661,False,,,False,False,False,False,False,44.0,0.4942528735632184
UDetect,ForestCovertype,217,0.58,29,0.0,0.9816456337335658,0,3,575,3191,3114,True,0.9856428559972665,0.1213886569836784,0.497965645654041,0.9856428559972665,0.995503471735646,0.9091465649688208,-3.181649610463174,-2.10523109526996,2.3061762316703245,1.5150308215472654,0.4335808906591327,0.1213886569836784,0.10566422750065918,0.01572442948301922,0.497965645654041,0.3559840449401733,0.14198160071386767,0.9856428559972665,0.7549075299414227,0.2307353260558438,0.995503471735646,0.7536775248392082,0.24182594689643777,0.9091465649688208,0.6863880617167946,0.22275850325202629,193.0,0.17893755824790308,701.0,0.65237651444548,953.0,0.8872320596458527,1031.0,0.9599254426840633,701.0,0.65237651444548,0.17893755824790308,WACC_0p1_WRT_0p9,0.6661696178937558,662,False,,,False,False,False,False,False,3.0,0.022988505747126436
UDetect,ForestCovertype,495,0.71,304,0.5909090909090907,0.3646851550464973,0,24,5000,2959,1,True,0.25210531255884133,0.553989595685895,0.48151832845766845,0.25210531255884133,0.1567320701867453,0.32538059230659483,-3.181649610463174,-2.10523109526996,2.3061762316703245,1.5150308215472654,0.4335808906591327,0.553989595685895,0.299128042132779,0.254861553553116,0.48151832845766845,0.34064285467695765,0.1408754737807108,0.25210531255884133,0.4333018822189166,0.18119656966007525,0.1567320701867453,0.3497133568796291,0.19298128669288384,0.32538059230659483,0.3206831190811166,0.004697473225478255,628.0,0.5843429636533085,384.0,0.3569431500465983,294.0,0.27306616961789376,272.0,0.25256290773532153,194.0,0.1798695246971109,0.1798695246971109,WACC_0p9_WRT_0p1,0.3293569431500466,663,False,,,False,False,False,False,False,24.0,0.26436781609195403
UDetect,ForestCovertype,592,0.71,318,0.5909090909090907,0.3527457825765872,0,26,1132,2083,3001,False,0.2661141282840251,0.5674366951754684,0.49524994904952785,0.2661141282840251,0.15380711353118462,0.3265086664469171,-3.181649610463174,-2.10523109526996,2.3061762316703245,1.5150308215472654,0.4335808906591327,0.5674366951754684,0.42109551527329797,0.14634117990217038,0.49524994904952785,0.433558309816898,0.061691639232629825,0.2661141282840251,0.44621234000789645,0.18009821172387136,0.15380711353118462,0.3308151135301477,0.17700799999896308,0.3265086664469171,0.32362920847592586,0.0028794579709912616,849.0,0.7903075489282386,946.0,0.880708294501398,346.0,0.32152842497670087,194.0,0.1798695246971109,202.0,0.18732525629077354,0.1798695246971109,WACC_0p7_WRT_0p3,0.47194780987884427,664,False,,,False,False,False,False,False,26.0,0.28735632183908044
UDetect,ForestCovertype,286,0.58,62,0.0,0.7842659700318733,0,26,4426,1,3993,True,0.8312486255541989,0.1392954989716886,0.3068003377562598,0.8312486255541989,0.9471485885563523,0.927795693723999,-3.181649610463174,-2.10523109526996,2.3061762316703245,1.5150308215472654,0.4335808906591327,0.1392954989716886,0.13468355149510822,0.004611947476580391,0.3068003377562598,0.29934130611849186,0.007459031637767954,0.8312486255541989,0.7082349798977149,0.12301364565648398,0.9471485885563523,0.7286247626764517,0.2185238258799006,0.927795693723999,0.7006147276660865,0.2271809660579125,387.0,0.3597390493942218,194.0,0.1798695246971109,696.0,0.6477166821994408,668.0,0.6216216216216216,1022.0,0.9515377446411929,0.1798695246971109,WACC_0p3_WRT_0p7,0.5520969245107176,665,False,,,False,False,False,False,False,26.0,0.28735632183908044
UDetect,ForestCovertype,1053,0.58,30,0.0,0.9729224656013556,0,4,541,457,4707,True,0.9788194234027437,0.11199107322659677,0.48951712015468507,0.9788194234027437,0.9933664340688685,0.9099707607476553,-3.181649610463174,-2.10523109526996,2.3061762316703245,1.5150308215472654,0.4335808906591327,0.11199107322659677,0.1057058404540948,0.006285232772501967,0.48951712015468507,0.34170762379430963,0.14780949636037544,0.9788194234027437,0.7425919315204963,0.23622749188224745,0.9933664340688685,0.7468959405020403,0.24647049356682815,0.9099707607476553,0.6856388004935668,0.22433196025408841,194.0,0.1798695246971109,388.0,0.36067101584342964,793.0,0.7381174277726001,918.0,0.8546132339235788,693.0,0.6449207828518173,0.1798695246971109,WACC_0p1_WRT_0p9,0.5556383970177073,666,False,,,False,False,False,False,False,4.0,0.034482758620689655
UDetect,ForestCovertype,503,0.69,364,0.4999999999999997,0.3169095025054532,0,61,1023,3363,3665,False,0.23705101864890515,0.6167018644019605,0.5144539789270256,0.23705101864890515,0.2508163911891171,0.42867284815078993,-3.181649610463174,-2.10523109526996,2.3061762316703245,1.5150308215472654,0.4335808906591327,0.6167018644019605,0.43094414825604255,0.18575771614591796,0.5144539789270256,0.4191603873092658,0.0952935916177598,0.23705101864890515,0.4109249397074531,0.17387392105854793,0.2508163911891171,0.3628890940874527,0.1120727028983356,0.42867284815078993,0.38539676195355316,0.043276086197236774,882.0,0.821062441752097,906.0,0.8434296365330848,195.0,0.18080149114631874,312.0,0.2898415657036347,348.0,0.3233923578751165,0.18080149114631874,WACC_0p5_WRT_0p5,0.49170549860205026,667,False,,,False,False,False,False,False,61.0,0.6896551724137931
UDetect,ForestCovertype,882,0.58,68,0.0,0.760064493834256,0,31,3817,61,2901,True,0.812317757890119,0.1665531843353103,0.28336082751425995,0.812317757890119,0.9412196112121062,0.9300823347953752,-3.181649610463174,-2.10523109526996,2.3061762316703245,1.5150308215472654,0.4335808906591327,0.1665531843353103,0.14010209962544248,0.026451084709867817,0.28336082751425995,0.29937601319802015,0.016015185683760202,0.812317757890119,0.7153806722967577,0.09693708559336123,0.9412196112121062,0.7353845314162555,0.2058350797958507,0.9300823347953752,0.7000660308236002,0.23001630397177497,402.0,0.37371854613233924,195.0,0.18080149114631874,709.0,0.6598322460391426,698.0,0.6495806150978565,1010.0,0.940354147250699,0.18080149114631874,WACC_0p3_WRT_0p7,0.5608574091332712,668,False,,,False,False,False,False,False,31.0,0.3448275862068966
UDetect,ForestCovertype,623,0.58,28,0.0,0.9906645581969952,0,2,99,3218,1297,True,0.9926976349741923,0.13110486292620857,0.5067006158106627,0.9926976349741923,0.9977129650069035,0.9082944250857279,-3.181649610463174,-2.10523109526996,2.3061762316703245,1.5150308215472654,0.4335808906591327,0.13110486292620857,0.10571407618767023,0.02539078673853834,0.5067006158106627,0.3463158810061055,0.16038473480455723,0.9926976349741923,0.7243519998055667,0.26834563516862553,0.9977129650069035,0.753673143770269,0.2440398212366346,0.9082944250857279,0.6839038617905817,0.22439056329514617,195.0,0.18080149114631874,433.0,0.4026095060577819,725.0,0.6747437092264679,1030.0,0.9589934762348555,667.0,0.6206896551724138,0.18080149114631874,WACC_0p1_WRT_0p9,0.5675675675675675,669,False,,,False,False,False,False,False,2.0,0.011494252873563218
UDetect,ForestCovertype,296,0.73,470,0.6818181818181817,0.2490815847419408,0,32,3898,2257,1,True,0.4588572381438017,0.6752883936880192,0.6364871517253226,0.4588572381438017,0.030425949538023783,0.23752498330649083,-3.181649610463174,-2.10523109526996,2.3061762316703245,1.5150308215472654,0.4335808906591327,0.6752883936880192,0.318394882426871,0.3568935112611482,0.6364871517253226,0.37444823059733096,0.2620389211279916,0.4588572381438017,0.4295082171509144,0.029349020992887276,0.030425949538023783,0.37398731782256617,0.34356136828454237,0.23752498330649083,0.32184109880339046,0.08431611549689963,657.0,0.6113699906803355,800.0,0.744641192917055,271.0,0.2516309412861137,341.0,0.3168685927306617,196.0,0.18173345759552656,0.18173345759552656,WACC_0p9_WRT_0p1,0.42124883504193855,670,False,,,False,False,False,False,False,32.0,0.3563218390804598
UDetect,ForestCovertype,897,0.69,468,0.4999999999999997,0.2502136408864951,0,76,3748,4241,3061,False,0.31530722829535507,0.6918202082674558,0.5911617178895889,0.31530722829535507,0.2344769642357851,0.434974509058721,-3.181649610463174,-2.10523109526996,2.3061762316703245,1.5150308215472654,0.4335808906591327,0.6918202082674558,0.4473895399588603,0.2444306683085955,0.5911617178895889,0.4441658357148516,0.14699588217473736,0.31530722829535507,0.42060387629115376,0.10529664799579869,0.2344769642357851,0.3311421316618532,0.0966651674260681,0.434974509058721,0.3613362518250934,0.0736382572336276,933.0,0.8685927306616962,971.0,0.9040074557315937,236.0,0.2190121155638397,196.0,0.18173345759552656,291.0,0.2702702702702703,0.18173345759552656,WACC_0p7_WRT_0p3,0.4887232059645853,671,False,,,False,False,False,False,False,76.0,0.8620689655172413
UDetect,ForestCovertype,631,0.68,369,0.4545454545454547,0.3132899528948438,0,63,1078,4327,3845,False,0.20574250851833165,0.6252302049697478,0.5076110073969514,0.20574250851833165,0.302823957607788,0.47840395760549564,-3.181649610463174,-2.10523109526996,2.3061762316703245,1.5150308215472654,0.4335808906591327,0.6252302049697478,0.4338835690965517,0.1913466358731961,0.5076110073969514,0.41231160490329943,0.09529940249365199,0.20574250851833165,0.41141182609546384,0.2056693175771322,0.302823957607788,0.37814365546274664,0.07531969785495862,0.47840395760549564,0.42926825370201954,0.0491357039034761,890.0,0.8285181733457595,895.0,0.8331780055917987,196.0,0.18173345759552656,354.0,0.32898415657036345,440.0,0.4091332712022367,0.18173345759552656,WACC_0p5_WRT_0p5,0.516309412861137,672,False,,,False,False,False,False,False,63.0,0.7126436781609196
UDetect,ForestCovertype,917,0.58,149,0.0,0.5534823714828058,0,54,1160,357,643,True,0.6507251844426735,0.3992228961671625,0.1213041180387933,0.6507251844426735,0.8906102718004633,0.949600944392728,-3.181649610463174,-2.10523109526996,2.3061762316703245,1.5150308215472654,0.4335808906591327,0.3992228961671625,0.1927798847644013,0.2064430114027612,0.1213041180387933,0.2995468942589155,0.1782427762201222,0.6507251844426735,0.6622757911669775,0.01155060672430408,0.8906102718004633,0.7102273698813899,0.18038290191907336,0.949600944392728,0.696343356510518,0.25325758788221,486.0,0.45200372786579684,196.0,0.18173345759552656,640.0,0.5955265610438024,645.0,0.6001863932898416,951.0,0.8853681267474371,0.18173345759552656,WACC_0p3_WRT_0p7,0.5429636533084808,673,False,,,False,False,False,False,False,54.0,0.6091954022988506
UDetect,ForestCovertype,1016,0.58,36,0.0,0.9258530952252368,0,10,4166,4250,1264,True,0.9420008419928378,0.061282621457869904,0.4439296948254753,0.9420008419928378,0.9818351857975168,0.914418041344384,-3.181649610463174,-2.10523109526996,2.3061762316703245,1.5150308215472654,0.4335808906591327,0.061282621457869904,0.10573176560789978,0.04444914415002987,0.4439296948254753,0.35045071143819595,0.09347898338727934,0.9420008419928378,0.7393931528225126,0.20260768917032523,0.9818351857975168,0.7528165944666299,0.22901859133088698,0.914418041344384,0.6933190190964165,0.2210990222479675,196.0,0.18173345759552656,511.0,0.47530288909599255,780.0,0.7260018639328985,1021.0,0.9506057781919851,859.0,0.7996272134203168,0.18173345759552656,WACC_0p1_WRT_0p9,0.6266542404473439,674,False,,,False,False,False,False,False,10.0,0.10344827586206896
UDetect,ForestCovertype,851,0.67,176,0.4090909090909093,0.5094501032103493,0,22,2403,3148,1938,False,0.1362839273964898,0.4087502791756287,0.27099892126268577,0.1362839273964898,0.40377437796769233,0.5092591743936514,-3.181649610463174,-2.10523109526996,2.3061762316703245,1.5150308215472654,0.4335808906591327,0.4087502791756287,0.3524051900747574,0.05634508910087127,0.27099892126268577,0.32197724122055804,0.050978319957872276,0.1362839273964898,0.41165093182572216,0.27536700442923234,0.40377437796769233,0.39986857037143525,0.0039058075962570826,0.5092591743936514,0.4214435322363894,0.08781564215726201,711.0,0.6616961789375583,261.0,0.2423112767940354,197.0,0.18266542404473438,403.0,0.3746505125815471,424.0,0.39422180801491147,0.18266542404473438,WACC_0p5_WRT_0p5,0.3711090400745573,675,False,,,False,False,False,False,False,22.0,0.2413793103448276
UDetect,ForestCovertype,230,0.58,73,0.0,0.7414532151456037,0,35,794,1,3575,False,0.7977596519697506,0.1875147312495398,0.2653355114600958,0.7977596519697506,0.9366601434841281,0.9318407942336674,-3.181649610463174,-2.10523109526996,2.3061762316703245,1.5150308215472654,0.4335808906591327,0.1875147312495398,0.23971114775164784,0.052196416502108045,0.2653355114600958,0.2997020551537019,0.03436654369360609,0.7977596519697506,0.575065208203417,0.22269444376633363,0.9366601434841281,0.615259070361973,0.32140107312215505,0.9318407942336674,0.6239829313580988,0.3078578628755686,552.0,0.5135135135135135,197.0,0.18266542404473438,594.0,0.5526561043802423,599.0,0.5573159366262814,606.0,0.5638397017707363,0.18266542404473438,WACC_0p3_WRT_0p7,0.4739981360671016,676,False,,,False,False,False,False,False,35.0,0.39080459770114945
UDetect,ForestCovertype,961,0.58,32,0.0,0.956290000443551,0,6,1332,2199,2710,True,0.9658091840992082,0.09407269975973002,0.47340831612005946,0.9658091840992082,0.9892917442320025,0.9115422548845219,-3.181649610463174,-2.10523109526996,2.3061762316703245,1.5150308215472654,0.4335808906591327,0.09407269975973002,0.10574373648809521,0.011671036728365183,0.47340831612005946,0.3509915877178085,0.12241672840225098,0.9658091840992082,0.7550113826195546,0.21079780147965366,0.9892917442320025,0.7524073982007587,0.23688434603124375,0.9115422548845219,0.6883287779742746,0.2232134769102473,197.0,0.18266542404473438,527.0,0.4902143522833178,957.0,0.8909599254426841,1014.0,0.9440820130475303,747.0,0.6952469711090401,0.18266542404473438,WACC_0p1_WRT_0p9,0.6406337371854613,677,False,,,False,False,False,False,False,6.0,0.05747126436781609
UDetect,ForestCovertype,792,0.6,169,0.0909090909090909,0.5201848710407438,0,22,2225,108,2606,False,0.5180129274556088,0.4278218548078748,0.18161170792863063,0.5180129274556088,0.7766643157747389,0.8539687667967929,-3.181649610463174,-2.10523109526996,2.3061762316703245,1.5150308215472654,0.4335808906591327,0.4278218548078748,0.3335268520103613,0.09429500279751352,0.18161170792863063,0.30001868954081845,0.11840698161218782,0.5180129274556088,0.4807360287478751,0.03727689870773371,0.7766643157747389,0.5294592089833287,0.24720510679141028,0.8539687667967929,0.5777344475340128,0.2762343192627801,671.0,0.6244175209692451,198.0,0.18359739049394222,470.0,0.43709226467847156,564.0,0.5246971109040075,577.0,0.5368126747437092,0.18359739049394222,WACC_0p3_WRT_0p7,0.46132339235787506,678,False,,,False,False,False,False,False,22.0,0.2413793103448276
UDetect,ForestCovertype,1056,0.58,32,0.0,0.956290000443551,0,6,4862,4571,3869,True,0.9658091840992082,0.09407269975973002,0.47340831612005946,0.9658091840992082,0.9892917442320025,0.9115422548845219,-3.181649610463174,-2.10523109526996,2.3061762316703245,1.5150308215472654,0.4335808906591327,0.09407269975973002,0.10575765024130092,0.011684950481570894,0.47340831612005946,0.3548585737656704,0.11854974235438903,0.9658091840992082,0.7608409475107459,0.2049682365884623,0.9892917442320025,0.7396095804942815,0.249682163737721,0.9115422548845219,0.7003997516888587,0.2111425031956632,198.0,0.18359739049394222,667.0,0.6206896551724138,1066.0,0.9925442684063374,753.0,0.700838769804287,1019.0,0.9487418452935694,0.18359739049394222,WACC_0p1_WRT_0p9,0.68928238583411,679,False,,,False,False,False,False,False,6.0,0.05747126436781609
UDetect,ForestCovertype,287,0.74,666,0.7272727272727272,0.1565202759672923,0,36,4106,1814,1,True,0.6030175689881333,0.7750868161020092,0.7539489232697367,0.6030175689881333,0.13732765635992195,0.1968813815421468,-3.181649610463174,-2.10523109526996,2.3061762316703245,1.5150308215472654,0.4335808906591327,0.7750868161020092,0.36757651993724366,0.4075102961647656,0.7539489232697367,0.404281725791752,0.34966719747798475,0.6030175689881333,0.4796219598207486,0.12339560916738468,0.13732765635992195,0.3882983914885722,0.25097073512865026,0.1968813815421468,0.3223962810711637,0.1255148995290169,744.0,0.6924510717614166,885.0,0.8238583410997204,464.0,0.4315004659832246,378.0,0.35135135135135137,199.0,0.18452935694315004,0.18452935694315004,WACC_0p9_WRT_0p1,0.49673811742777263,680,False,,,False,False,False,False,False,36.0,0.40229885057471265
UDetect,ForestCovertype,264,0.58,30,0.0,0.9729224656013556,0,4,1675,729,5000,True,0.9788194234027437,0.11199107322659677,0.48951712015468507,0.9788194234027437,0.9933664340688685,0.9099707607476553,-3.181649610463174,-2.10523109526996,2.3061762316703245,1.5150308215472654,0.4335808906591327,0.11199107322659677,0.10579233995780718,0.006198733268789586,0.48951712015468507,0.34552073864568283,0.14399638150900224,0.9788194234027437,0.7466533664031676,0.23216605699957615,0.9933664340688685,0.7421972160715383,0.25116921799733016,0.9099707607476553,0.6833023477661453,0.22666841298150997,199.0,0.18452935694315004,426.0,0.3960857409133271,825.0,0.7679403541472507,812.0,0.7558247903075489,664.0,0.6178937558247903,0.18452935694315004,WACC_0p1_WRT_0p9,0.5444547996272134,681,False,,,False,False,False,False,False,4.0,0.034482758620689655
UDetect,ForestCovertype,12,0.58,49,0.0,0.8457492665465021,0,18,3558,129,3813,True,0.8793420616886615,0.0700479730013922,0.36634787719554607,0.8793420616886615,0.9622110198356758,0.9219865344038827,-3.181649610463174,-2.10523109526996,2.3061762316703245,1.5150308215472654,0.4335808906591327,0.0700479730013922,0.1387609197396833,0.06871294673829109,0.36634787719554607,0.3003032250617423,0.06604465213380378,0.8793420616886615,0.7204612589780081,0.1588808027106534,0.9622110198356758,0.7314624646183447,0.23074855521733106,0.9219865344038827,0.6960631774039708,0.22592335699991184,397.0,0.36905871388630007,199.0,0.18452935694315004,716.0,0.6663560111835974,682.0,0.6346691519105312,942.0,0.8769804287045666,0.18452935694315004,WACC_0p3_WRT_0p7,0.5463187325256291,682,False,,,False,False,False,False,False,18.0,0.19540229885057472
UDetect,ForestCovertype,354,0.58,61,0.0,0.7885225855217226,0,25,3014,1,4053,True,0.8345782333796563,0.13450134985496429,0.31092293678930577,0.8345782333796563,0.94819139175548,0.9273935136369386,-3.181649610463174,-2.10523109526996,2.3061762316703245,1.5150308215472654,0.4335808906591327,0.13450134985496429,0.13965588770601642,0.005154537851052132,0.31092293678930577,0.3009077594743262,0.010015177314979584,0.8345782333796563,0.7031412149392132,0.1314370184404431,0.94819139175548,0.7262544968266466,0.2219368949288334,0.9273935136369386,0.7003843605108898,0.22700915312604875,400.0,0.3718546132339236,200.0,0.18546132339235788,684.0,0.6365330848089469,661.0,0.6150978564771669,1017.0,0.9468779123951537,0.18546132339235788,WACC_0p3_WRT_0p7,0.5511649580615099,683,False,,,False,False,False,False,False,25.0,0.27586206896551724
UDetect,ForestCovertype,358,0.58,28,0.0,0.9906645581969952,0,2,2064,5000,2565,True,0.9926976349741923,0.13110486292620857,0.5067006158106627,0.9926976349741923,0.9977129650069035,0.9082944250857279,-3.181649610463174,-2.10523109526996,2.3061762316703245,1.5150308215472654,0.4335808906591327,0.13110486292620857,0.10579591288650299,0.025308950039705583,0.5067006158106627,0.35090599075166834,0.15579462505899438,0.9926976349741923,0.7546424280601561,0.23805520691403614,0.9977129650069035,0.7545966089585936,0.24311635604830995,0.9082944250857279,0.7004615837721637,0.20783284131356417,200.0,0.18546132339235788,525.0,0.48835041938490215,945.0,0.8797763280521901,1038.0,0.9664492078285182,1020.0,0.9496738117427772,0.18546132339235788,WACC_0p1_WRT_0p9,0.6939422180801491,684,False,,,False,False,False,False,False,2.0,0.011494252873563218
UDetect,ForestCovertype,180,0.74,500,0.7272727272727272,0.2326545899882729,0,23,1431,1695,1,True,0.5136869464473641,0.6893381138322122,0.6663859029525186,0.5136869464473641,0.08603548711476397,0.18968794226762115,-3.181649610463174,-2.10523109526996,2.3061762316703245,1.5150308215472654,0.4335808906591327,0.6893381138322122,0.3230409158959463,0.3662971979362659,0.6663859029525186,0.361229313049555,0.3051565899029636,0.5136869464473641,0.4788715025576216,0.0348154438897425,0.08603548711476397,0.3844624160192717,0.2984269289045077,0.18968794226762115,0.32310304477410157,0.13341510250648042,659.0,0.6132339235787512,763.0,0.7101584342963654,462.0,0.4296365330848089,374.0,0.34762348555452005,201.0,0.1863932898415657,0.1863932898415657,WACC_0p9_WRT_0p1,0.45740913327120225,685,False,,,False,False,False,False,False,23.0,0.25287356321839083
UDetect,ForestCovertype,331,0.58,30,0.0,0.9729224656013556,0,4,1,2270,2855,True,0.9788194234027437,0.11199107322659677,0.48951712015468507,0.9788194234027437,0.9933664340688685,0.9099707607476553,-3.181649610463174,-2.10523109526996,2.3061762316703245,1.5150308215472654,0.4335808906591327,0.11199107322659677,0.1058007400012973,0.006190333225299466,0.48951712015468507,0.3479754339877711,0.14154168616691398,0.9788194234027437,0.7560092160586092,0.2228102073441346,0.9933664340688685,0.7560161877758748,0.23735024629299373,0.9099707607476553,0.6899102342322688,0.22006052651538643,201.0,0.1863932898415657,453.0,0.4212488350419385,981.0,0.9133271202236719,1051.0,0.97856477166822,779.0,0.7250698974836906,0.1863932898415657,WACC_0p1_WRT_0p9,0.6449207828518173,686,False,,,False,False,False,False,False,4.0,0.034482758620689655
UDetect,ForestCovertype,745,0.58,32,0.0,0.956290000443551,0,6,4231,3673,1558,True,0.9658091840992082,0.09407269975973002,0.47340831612005946,0.9658091840992082,0.9892917442320025,0.9115422548845219,-3.181649610463174,-2.10523109526996,2.3061762316703245,1.5150308215472654,0.4335808906591327,0.09407269975973002,0.10587298834796147,0.011800288588231442,0.47340831612005946,0.3558480080650618,0.11756030805499768,0.9658091840992082,0.742611681787358,0.2231975023118502,0.9892917442320025,0.7464554961560543,0.24283624807594817,0.9115422548845219,0.6939300170535602,0.21761223783096173,202.0,0.18732525629077354,695.0,0.646784715750233,794.0,0.739049394221808,912.0,0.8490214352283317,877.0,0.8164026095060578,0.18732525629077354,WACC_0p1_WRT_0p9,0.6477166821994408,687,False,,,False,False,False,False,False,6.0,0.05747126436781609
UDetect,ForestCovertype,255,0.75,443,0.7727272727272726,0.2647864400022747,0,7,1361,1511,1,True,0.511541138668111,0.648696884486787,0.6404365236009012,0.511541138668111,0.10893062362017766,0.1372628898232625,-3.181649610463174,-2.10523109526996,2.3061762316703245,1.5150308215472654,0.4335808906591327,0.648696884486787,0.32895096302729837,0.3197459214594886,0.6404365236009012,0.3606125396329448,0.2798239839679564,0.511541138668111,0.4928944515849339,0.018646687083177127,0.10893062362017766,0.4094668321645251,0.3005362085443475,0.1372628898232625,0.3236407774285734,0.18637788760531088,664.0,0.6178937558247903,761.0,0.7082945013979497,499.0,0.4641192917054986,424.0,0.39422180801491147,203.0,0.18825722273998136,0.18825722273998136,WACC_0p9_WRT_0p1,0.47455731593662626,688,False,,,False,False,False,False,False,7.0,0.06896551724137931
UDetect,ForestCovertype,744,0.62,228,0.1818181818181819,0.4409274326827745,0,33,2069,1233,4990,False,0.34934990881124356,0.5081846611087035,0.2947783933427237,0.34934990881124356,0.6514589048124104,0.7626790466947009,-3.181649610463174,-2.10523109526996,2.3061762316703245,1.5150308215472654,0.4335808906591327,0.5081846611087035,0.4708552862158664,0.03732937489283711,0.2947783933427237,0.3684273775085909,0.07364898416586718,0.34934990881124356,0.41338095585511836,0.0640310470438748,0.6514589048124104,0.37150256723483305,0.2799563375775774,0.7626790466947009,0.40804713731708603,0.35463190937761485,992.0,0.923578751164958,790.0,0.7353215284249767,203.0,0.18825722273998136,333.0,0.30941286113699906,397.0,0.36905871388630007,0.18825722273998136,WACC_0p5_WRT_0p5,0.5051258154706431,689,False,,,False,False,False,False,False,33.0,0.367816091954023
UDetect,ForestCovertype,1066,0.69,241,0.4999999999999997,0.4262382398072062,0,32,5000,5000,3436,False,0.10877240616846097,0.49356688295538914,0.3887136400442042,0.10877240616846097,0.277600195666339,0.4183430823565648,-3.181649610463174,-2.10523109526996,2.3061762316703245,1.5150308215472654,0.4335808906591327,0.49356688295538914,0.4424524699221079,0.051114413033281236,0.3887136400442042,0.4486160444822772,0.05990240443807299,0.10877240616846097,0.44396375373400854,0.3351913475655476,0.277600195666339,0.3320661575106793,0.05446596184434033,0.4183430823565648,0.36718832614164193,0.05115475621492288,918.0,0.8546132339235788,981.0,0.9133271202236719,338.0,0.3140726933830382,203.0,0.18825722273998136,303.0,0.2814538676607642,0.18825722273998136,WACC_0p7_WRT_0p3,0.5103448275862068,690,False,,,False,False,False,False,False,32.0,0.3563218390804598
UDetect,ForestCovertype,324,0.58,29,0.0,0.9816456337335658,0,3,3882,2801,4240,True,0.9856428559972665,0.1213886569836784,0.497965645654041,0.9856428559972665,0.995503471735646,0.9091465649688208,-3.181649610463174,-2.10523109526996,2.3061762316703245,1.5150308215472654,0.4335808906591327,0.1213886569836784,0.10592698629895245,0.015461670684725953,0.497965645654041,0.35528345590600957,0.14268218974803143,0.9856428559972665,0.7575085957736444,0.22813426022362215,0.995503471735646,0.7400005678895308,0.2555029038461152,0.9091465649688208,0.6953685397084897,0.21377802526033118,203.0,0.18825722273998136,681.0,0.6337371854613234,1016.0,0.9459459459459459,764.0,0.7110904007455732,926.0,0.8620689655172413,0.18825722273998136,WACC_0p1_WRT_0p9,0.6682199440820129,691,False,,,False,False,False,False,False,3.0,0.022988505747126436
UDetect,ForestCovertype,265,0.68,159,0.4545454545454547,0.5363130084787306,0,18,550,3976,2050,False,0.1039634661981698,0.37404336709670855,0.2511094207153082,0.1039634661981698,0.3574610645761461,0.45733195048503034,-3.181649610463174,-2.10523109526996,2.3061762316703245,1.5150308215472654,0.4335808906591327,0.37404336709670855,0.3451532826027441,0.028890084493964463,0.2511094207153082,0.322905620318984,0.07179619960367584,0.1039634661981698,0.4135422267951845,0.30957876059701467,0.3574610645761461,0.4038371978883675,0.0463761333122214,0.45733195048503034,0.4428798256766453,0.014452124808385036,690.0,0.6421248835041938,267.0,0.2479030754892824,204.0,0.1891891891891892,413.0,0.38397017707362535,466.0,0.43336439888164024,0.1891891891891892,WACC_0p5_WRT_0p5,0.3793103448275862,692,False,,,False,False,False,False,False,18.0,0.19540229885057472
UDetect,ForestCovertype,231,0.73,587,0.6818181818181817,0.1900571939679143,0,43,1898,1535,2556,False,0.5281122861564549,0.741766498550741,0.7043718367719789,0.5281122861564549,0.07019105519510521,0.24310181651512558,-3.181649610463174,-2.10523109526996,2.3061762316703245,1.5150308215472654,0.4335808906591327,0.741766498550741,0.45889289182358256,0.2828736067271584,0.7043718367719789,0.3996833698227169,0.304688466949262,0.5281122861564549,0.4332335808324826,0.0948787053239723,0.07019105519510521,0.3609221020191431,0.2907310468240379,0.24310181651512558,0.3254105098940091,0.08230869337888352,966.0,0.8993476234855545,870.0,0.809878844361603,293.0,0.2721342031686859,307.0,0.2851817334575955,204.0,0.1891891891891892,0.1891891891891892,WACC_0p9_WRT_0p1,0.4911463187325256,693,False,,,False,False,False,False,False,43.0,0.4827586206896552
UDetect,ForestCovertype,1041,0.58,75,0.0,0.734358586902419,0,37,1834,127,2266,True,0.7922100951038433,0.19550528285248842,0.2584642524504623,0.7922100951038433,0.9349220722286304,0.9325111198036674,-3.181649610463174,-2.10523109526996,2.3061762316703245,1.5150308215472654,0.4335808906591327,0.19550528285248842,0.1432397295166136,0.05226555333587482,0.2584642524504623,0.30279755824638,0.04433330579591771,0.7922100951038433,0.7025066379928196,0.08970345711102368,0.9349220722286304,0.7362658465398886,0.19865622568874186,0.9325111198036674,0.6949308305715817,0.23758028923208574,411.0,0.3821062441752097,204.0,0.1891891891891892,683.0,0.6356011183597391,702.0,0.6533084808946877,907.0,0.8443616029822927,0.1891891891891892,WACC_0p3_WRT_0p7,0.5409133271202237,694,False,,,False,False,False,False,False,37.0,0.41379310344827586
UDetect,ForestCovertype,491,0.58,30,0.0,0.9729224656013556,0,4,5000,3079,5000,True,0.9788194234027437,0.11199107322659677,0.48951712015468507,0.9788194234027437,0.9933664340688685,0.9099707607476553,-3.181649610463174,-2.10523109526996,2.3061762316703245,1.5150308215472654,0.4335808906591327,0.11199107322659677,0.1059490143759727,0.00604205885062406,0.48951712015468507,0.356349640071055,0.13316748008363005,0.9788194234027437,0.7570805332095347,0.22173889019320903,0.9933664340688685,0.7449273498146611,0.24843908425420735,0.9099707607476553,0.6889237532360104,0.22104700751164486,204.0,0.1891891891891892,709.0,0.6598322460391426,1005.0,0.9356943150046598,881.0,0.8201304753028891,761.0,0.7082945013979497,0.1891891891891892,WACC_0p1_WRT_0p9,0.6626281453867662,695,False,,,False,False,False,False,False,4.0,0.034482758620689655
UDetect,ForestCovertype,131,0.72,301,0.6363636363636361,0.3673148251486311,0,16,1758,2645,1,True,0.28457527733532023,0.5465761385231365,0.4894997727069999,0.28457527733532023,0.10448199900797737,0.2757430101690372,-3.181649610463174,-2.10523109526996,2.3061762316703245,1.5150308215472654,0.4335808906591327,0.5465761385231365,0.2326124755494284,0.31396366297370804,0.4894997727069999,0.30327924727710737,0.18622052542989254,0.28457527733532023,0.45495628513907777,0.17038100780375753,0.10448199900797737,0.43470743796126876,0.3302254389532914,0.2757430101690372,0.44217882307345896,0.16643581290442178,542.0,0.5041938490214353,205.0,0.19012115563839702,383.0,0.3560111835973905,466.0,0.43336439888164024,464.0,0.4315004659832246,0.19012115563839702,WACC_0p3_WRT_0p7,0.38303821062441756,696,False,,,False,False,False,False,False,16.0,0.1724137931034483
UDetect,ForestCovertype,375,0.58,29,0.0,0.9816456337335658,0,3,1,1412,3838,True,0.9856428559972665,0.1213886569836784,0.497965645654041,0.9856428559972665,0.995503471735646,0.9091465649688208,-3.181649610463174,-2.10523109526996,2.3061762316703245,1.5150308215472654,0.4335808906591327,0.1213886569836784,0.106004969891042,0.015383687092636406,0.497965645654041,0.3501879393481159,0.14777770630592513,0.9856428559972665,0.7498958348495143,0.23574702114775226,0.995503471735646,0.749910525455507,0.24559294628013906,0.9091465649688208,0.6855878131062778,0.22355875186254304,205.0,0.19012115563839702,503.0,0.4678471575023299,858.0,0.798695246971109,975.0,0.907735321528425,692.0,0.6439888164026095,0.19012115563839702,WACC_0p1_WRT_0p9,0.6016775396085741,697,False,,,False,False,False,False,False,3.0,0.022988505747126436
UDetect,ForestCovertype,965,0.58,56,0.0,0.8108914519979885,0,21,890,80,4459,True,0.8520755979040301,0.10930769970849297,0.3325875357001765,0.8520755979040301,0.9536714088201951,0.9252800240139462,-3.181649610463174,-2.10523109526996,2.3061762316703245,1.5150308215472654,0.4335808906591327,0.10930769970849297,0.12055788295784839,0.011250183249355422,0.3325875357001765,0.30342873142878785,0.029158804271388672,0.8520755979040301,0.7068505674966978,0.14522503040733226,0.9536714088201951,0.7330475521027108,0.2206238567174843,0.9252800240139462,0.6861001467301849,0.23917987728376122,341.0,0.3168685927306617,206.0,0.19105312208760486,693.0,0.6449207828518173,689.0,0.641192917054986,695.0,0.646784715750233,0.19105312208760486,WACC_0p3_WRT_0p7,0.4881640260950606,698,False,,,False,False,False,False,False,21.0,0.22988505747126436
UDetect,ForestCovertype,700,0.7,491,0.5454545454545452,0.2374770687327215,0,48,2399,312,1036,False,0.3658068555766306,0.7017134721167797,0.6168160682411876,0.3658068555766306,0.17846240772324903,0.3867887838396489,-3.181649610463174,-2.10523109526996,2.3061762316703245,1.5150308215472654,0.4335808906591327,0.7017134721167797,0.4585823845837466,0.24313108753303309,0.6168160682411876,0.3755147256885055,0.2413013425526821,0.3658068555766306,0.41409865346434566,0.04829179788771504,0.17846240772324903,0.3692511241133533,0.19078871639010428,0.3867887838396489,0.38409572710009504,0.002693056739553834,963.0,0.896551724137931,805.0,0.7493010251630942,206.0,0.19105312208760486,325.0,0.3019571295433364,346.0,0.32152842497670087,0.19105312208760486,WACC_0p5_WRT_0p5,0.49207828518173347,699,False,,,False,False,False,False,False,48.0,0.5402298850574713
UDetect,ForestCovertype,364,0.58,35,0.0,0.9331421208409968,0,9,3659,2655,5000,True,0.9477024602827844,0.06913518461994925,0.450989230747157,0.9477024602827844,0.9836208813222271,0.9137293484230427,-3.181649610463174,-2.10523109526996,2.3061762316703245,1.5150308215472654,0.4335808906591327,0.06913518461994925,0.10608961792660676,0.036954433306657514,0.450989230747157,0.35354649723299225,0.09744273351416477,0.9477024602827844,0.7592727442689259,0.1884297160138585,0.9836208813222271,0.7421730202885106,0.24144786103371652,0.9137293484230427,0.6912616062098904,0.22246774221315224,206.0,0.19105312208760486,618.0,0.5750232991612302,1047.0,0.9748369058713886,810.0,0.7539608574091333,812.0,0.7558247903075489,0.19105312208760486,WACC_0p1_WRT_0p9,0.6501397949673812,700,False,,,False,False,False,False,False,9.0,0.09195402298850575
UDetect,ForestCovertype,26,0.7,339,0.5454545454545452,0.3357849909611109,0,33,3547,3592,3074,False,0.25045928850022026,0.5909910355607544,0.5037509056778812,0.25045928850022026,0.2025462875201932,0.3775003036339977,-3.181649610463174,-2.10523109526996,2.3061762316703245,1.5150308215472654,0.4335808906591327,0.5909910355607544,0.4545110088804295,0.13648002668032488,0.5037509056778812,0.4471200696226709,0.05663083605521024,0.25045928850022026,0.4189932020538192,0.16853391355359892,0.2025462875201932,0.33275644570113233,0.13021015818093912,0.3775003036339977,0.3518303315888464,0.025669972045151312,954.0,0.8881640260950606,978.0,0.9105312208760484,225.0,0.2087604846225536,207.0,0.19198508853681268,256.0,0.23765144454799628,0.19198508853681268,WACC_0p7_WRT_0p3,0.48741845293569436,701,False,,,False,False,False,False,False,33.0,0.367816091954023
UDetect,ForestCovertype,795,0.58,28,0.0,0.9906645581969952,0,2,596,4679,1391,True,0.9926976349741923,0.13110486292620857,0.5067006158106627,0.9926976349741923,0.9977129650069035,0.9082944250857279,-3.181649610463174,-2.10523109526996,2.3061762316703245,1.5150308215472654,0.4335808906591327,0.13110486292620857,0.10611929301224779,0.02498556991396078,0.5067006158106627,0.3448409670604611,0.16185964875020165,0.9926976349741923,0.7375264659691503,0.255171169005042,0.9977129650069035,0.7521380403356062,0.24557492467129738,0.9082944250857279,0.6803369032887863,0.22795752179694162,207.0,0.19198508853681268,416.0,0.38676607642124883,771.0,0.7176141658900279,1010.0,0.940354147250699,645.0,0.6001863932898416,0.19198508853681268,WACC_0p1_WRT_0p9,0.5673811742777259,702,False,,,False,False,False,False,False,2.0,0.011494252873563218
UDetect,ForestCovertype,80,0.69,212,0.4999999999999997,0.4601961447072275,0,26,4242,4256,1,True,0.06892860086323171,0.4553207082256139,0.3496582317841217,0.06892860086323171,0.28591934310868017,0.41513461939305657,-3.181649610463174,-2.10523109526996,2.3061762316703245,1.5150308215472654,0.4335808906591327,0.4553207082256139,0.24535023970239342,0.20997046852322046,0.3496582317841217,0.30412521804066645,0.04553301374345525,0.06892860086323171,0.46391498526315605,0.39498638439992434,0.28591934310868017,0.4750496725648703,0.18913032945619013,0.41513461939305657,0.47756858263315793,0.062433963240101364,567.0,0.527493010251631,208.0,0.1929170549860205,414.0,0.3849021435228332,528.0,0.4911463187325256,510.0,0.4743709226467847,0.1929170549860205,WACC_0p3_WRT_0p7,0.414165890027959,703,False,,,False,False,False,False,False,26.0,0.28735632183908044
UDetect,ForestCovertype,672,0.58,31,0.0,0.9644762707294906,0,5,930,1971,4761,True,0.9722126447054984,0.10289187640567356,0.48133684761310763,0.9722126447054984,0.9912972504524864,0.9107687871132021,-3.181649610463174,-2.10523109526996,2.3061762316703245,1.5150308215472654,0.4335808906591327,0.10289187640567356,0.10612613092138032,0.003234254515706761,0.48133684761310763,0.35178823696318445,0.12954861064992318,0.9722126447054984,0.7574421626902237,0.2147704820152747,0.9912972504524864,0.7432786726519748,0.24801857780051162,0.9107687871132021,0.6780386124967769,0.2327301746164252,208.0,0.1929170549860205,562.0,0.5228331780055918,1015.0,0.9450139794967382,839.0,0.7809878844361603,640.0,0.5955265610438024,0.1929170549860205,WACC_0p1_WRT_0p9,0.6074557315936626,704,False,,,False,False,False,False,False,5.0,0.04597701149425287
UDetect,ForestCovertype,910,0.7,307,0.5454545454545452,0.3620812243795921,0,28,1044,2979,2504,False,0.2196051469484494,0.5613740629878216,0.4735072809641384,0.2196051469484494,0.208988447118397,0.3750157424912722,-3.181649610463174,-2.10523109526996,2.3061762316703245,1.5150308215472654,0.4335808906591327,0.5613740629878216,0.38911097545082723,0.17226308753699432,0.4735072809641384,0.4024440621065892,0.07106321885754924,0.2196051469484494,0.4148389562679459,0.19523380931949652,0.208988447118397,0.3428486176943325,0.1338601705759355,0.3750157424912722,0.3565468349581954,0.018468907533076784,780.0,0.7260018639328985,881.0,0.8201304753028891,209.0,0.19384902143522834,253.0,0.23485554520037277,275.0,0.255358807082945,0.19384902143522834,WACC_0p5_WRT_0p5,0.4460391425908668,705,False,,,False,False,False,False,False,28.0,0.3103448275862069
UDetect,ForestCovertype,814,0.58,34,0.0,0.9406364979085056,0,8,2989,136,3954,True,0.9535647084915816,0.0772089756018068,0.45824765277880875,0.9535647084915816,0.9854568846915948,0.9130212531702152,-3.181649610463174,-2.10523109526996,2.3061762316703245,1.5150308215472654,0.4335808906591327,0.0772089756018068,0.1390793404462858,0.06187036484447901,0.45824765277880875,0.3041642836659676,0.15408336911284115,0.9535647084915816,0.7162358729556002,0.2373288355359814,0.9854568846915948,0.7288754448437954,0.25658143984779935,0.9130212531702152,0.6967316378421324,0.21628961532808277,398.0,0.3699906803355079,209.0,0.19384902143522834,712.0,0.6626281453867661,670.0,0.6234855545200373,957.0,0.8909599254426841,0.19384902143522834,WACC_0p3_WRT_0p7,0.5481826654240447,706,False,,,False,False,False,False,False,8.0,0.08045977011494253
UDetect,ForestCovertype,947,0.71,900,0.5909090909090907,0.0765201684440066,0,54,4670,447,3119,False,0.590217738981428,0.8785446134660209,0.8129404592150484,0.590217738981428,0.08613622458542035,0.3526074394756424,-3.181649610463174,-2.10523109526996,2.3061762316703245,1.5150308215472654,0.4335808906591327,0.8785446134660209,0.49514377347035926,0.3834008399956616,0.8129404592150484,0.43431539894287124,0.3786250602721772,0.590217738981428,0.5100978049792788,0.08011993400214923,0.08613622458542035,0.3766959662533887,0.29055974166796833,0.3526074394756424,0.32903034716660545,0.02357709230903693,1031.0,0.9599254426840633,949.0,0.8835041938490215,537.0,0.4995340167753961,349.0,0.32432432432432434,209.0,0.19384902143522834,0.19384902143522834,WACC_0p9_WRT_0p1,0.5722273998136068,707,False,,,False,False,False,False,False,54.0,0.6091954022988506
UDetect,ForestCovertype,387,0.58,30,0.0,0.9729224656013556,0,4,2761,1008,3305,True,0.9788194234027437,0.11199107322659677,0.48951712015468507,0.9788194234027437,0.9933664340688685,0.9099707607476553,-3.181649610463174,-2.10523109526996,2.3061762316703245,1.5150308215472654,0.4335808906591327,0.11199107322659677,0.10613851795316723,0.005852555273429538,0.48951712015468507,0.3491682689235519,0.14034885123113316,0.9788194234027437,0.7445984906401388,0.23422093276260492,0.9933664340688685,0.7433393487171674,0.25002708535170104,0.9099707607476553,0.695115250238391,0.2148555105092642,209.0,0.19384902143522834,477.0,0.44361602982292636,811.0,0.7548928238583411,841.0,0.782851817334576,914.0,0.8508853681267474,0.19384902143522834,WACC_0p1_WRT_0p9,0.6052190121155638,708,False,,,False,False,False,False,False,4.0,0.034482758620689655
UDetect,ForestCovertype,266,0.73,263,0.6818181818181817,0.4030903602046521,0,5,1229,2150,1,True,0.27815422708056053,0.5018310925498118,0.4593597459256843,0.27815422708056053,0.060352138380100624,0.22297368947425408,-3.181649610463174,-2.10523109526996,2.3061762316703245,1.5150308215472654,0.4335808906591327,0.5018310925498118,0.2778223722402034,0.22400872030960844,0.4593597459256843,0.31977021620906915,0.13958952971661515,0.27815422708056053,0.4154519820988596,0.13729775501829905,0.060352138380100624,0.35973410067991285,0.29938196229981223,0.22297368947425408,0.36206321886690457,0.13908952939265048,603.0,0.5610438024231128,254.0,0.23578751164958062,210.0,0.19478098788443615,300.0,0.2786579683131407,293.0,0.2721342031686859,0.19478098788443615,WACC_0p5_WRT_0p5,0.3084808946877913,709,False,,,False,False,False,False,False,5.0,0.04597701149425287
UDetect,ForestCovertype,835,0.58,28,0.0,0.9906645581969952,0,2,2014,4984,959,True,0.9926976349741923,0.13110486292620857,0.5067006158106627,0.9926976349741923,0.9977129650069035,0.9082944250857279,-3.181649610463174,-2.10523109526996,2.3061762316703245,1.5150308215472654,0.4335808906591327,0.13110486292620857,0.1061672199296865,0.02493764299652207,0.5067006158106627,0.350400934344567,0.15629968146609574,0.9926976349741923,0.7400664828388809,0.2526311521353114,0.9977129650069035,0.7529312233594692,0.24478174164743438,0.9082944250857279,0.6969037266519545,0.21139069843377334,210.0,0.19478098788443615,508.0,0.4725069897483691,782.0,0.727865796831314,1022.0,0.9515377446411929,960.0,0.8937558247903076,0.19478098788443615,WACC_0p1_WRT_0p9,0.6480894687791239,710,False,,,False,False,False,False,False,2.0,0.011494252873563218
UDetect,ForestCovertype,321,0.65,187,0.3181818181818183,0.4934103928273671,0,24,252,3364,2239,False,0.2304036538528889,0.4357189296512616,0.2674346704233285,0.2304036538528889,0.5056335008258277,0.6095529061732445,-3.181649610463174,-2.10523109526996,2.3061762316703245,1.5150308215472654,0.4335808906591327,0.4357189296512616,0.34455684666099273,0.09116208299026884,0.2674346704233285,0.30476645255081153,0.037331782127483004,0.2304036538528889,0.453216785487361,0.22281313163447208,0.5056335008258277,0.46265338129496975,0.04298011953085795,0.6095529061732445,0.49576949426922595,0.11378341190401858,689.0,0.641192917054986,211.0,0.195712954333644,372.0,0.34575955265610436,512.0,0.4762348555452004,530.0,0.4930102516309413,0.195712954333644,WACC_0p3_WRT_0p7,0.4303821062441752,711,False,,,False,False,False,False,False,24.0,0.26436781609195403
UDetect,ForestCovertype,825,0.58,29,0.0,0.9816456337335658,0,3,2784,4093,1980,True,0.9856428559972665,0.1213886569836784,0.497965645654041,0.9856428559972665,0.995503471735646,0.9091465649688208,-3.181649610463174,-2.10523109526996,2.3061762316703245,1.5150308215472654,0.4335808906591327,0.1213886569836784,0.1061683650019616,0.015220291981716802,0.497965645654041,0.35269995435383267,0.14526569130020833,0.9856428559972665,0.748356380244756,0.2372864757525105,0.995503471735646,0.7460716067187353,0.24943186501691073,0.9091465649688208,0.7052290096850332,0.20391755528378763,211.0,0.195712954333644,587.0,0.5461323392357875,842.0,0.7837837837837838,907.0,0.8443616029822927,1063.0,0.9897483690587139,0.195712954333644,WACC_0p1_WRT_0p9,0.6719478098788444,712,False,,,False,False,False,False,False,3.0,0.022988505747126436
UDetect,ForestCovertype,126,0.58,28,0.0,0.9906645581969952,0,2,1,2425,3692,True,0.9926976349741923,0.13110486292620857,0.5067006158106627,0.9926976349741923,0.9977129650069035,0.9082944250857279,-3.181649610463174,-2.10523109526996,2.3061762316703245,1.5150308215472654,0.4335808906591327,0.13110486292620857,0.10617455127652285,0.02493031164968572,0.5067006158106627,0.35006840973897074,0.15663220607169198,0.9926976349741923,0.7524463827241316,0.24025125225006072,0.9977129650069035,0.7505619378973336,0.24715102710956993,0.9082944250857279,0.6848673994543756,0.2234270256313523,212.0,0.1966449207828518,500.0,0.46505125815470644,898.0,0.8359739049394221,991.0,0.9226467847157502,682.0,0.6346691519105312,0.1966449207828518,WACC_0p1_WRT_0p9,0.6109972041006524,713,False,,,False,False,False,False,False,2.0,0.011494252873563218
UDetect,ForestCovertype,501,0.69,394,0.4999999999999997,0.2958959948647386,0,69,4584,3864,3930,False,0.2617067831809523,0.6403689983808808,0.5386218751002655,0.2617067831809523,0.2456684155157487,0.4306582786771176,-3.181649610463174,-2.10523109526996,2.3061762316703245,1.5150308215472654,0.4335808906591327,0.6403689983808808,0.47175167397289963,0.16861732440798116,0.5386218751002655,0.48763258585181857,0.05098928924844692,0.2617067831809523,0.47428878545534103,0.21258200227438873,0.2456684155157487,0.3338660549385157,0.08819763942276698,0.4306582786771176,0.33671989545388653,0.09393838322323106,994.0,0.9254426840633737,1042.0,0.9701770736253494,448.0,0.41658900279589933,213.0,0.19757688723205966,223.0,0.20689655172413793,0.19757688723205966,WACC_0p7_WRT_0p3,0.5433364398881639,714,False,,,False,False,False,False,False,69.0,0.7816091954022989
UDetect,ForestCovertype,1043,0.58,121,0.0,0.6084485372176246,0,46,4500,239,870,True,0.6937207935134204,0.3373154968411707,0.13651838951801745,0.6937207935134204,0.9040761095320435,0.9444075466396733,-3.181649610463174,-2.10523109526996,2.3061762316703245,1.5150308215472654,0.4335808906591327,0.3373154968411707,0.1782320924474589,0.15908340439371177,0.13651838951801745,0.30491869239370495,0.1684003028756875,0.6937207935134204,0.6713502624749244,0.022370531038496067,0.9040761095320435,0.7207023073126261,0.18337380221941746,0.9444075466396733,0.6992565050095102,0.2451510416301631,463.0,0.43056849953401677,213.0,0.19757688723205966,647.0,0.6020503261882573,651.0,0.6057781919850885,997.0,0.9282385834109972,0.19757688723205966,WACC_0p3_WRT_0p7,0.5528424976700839,715,False,,,False,False,False,False,False,46.0,0.5172413793103449
UDetect,ForestCovertype,1019,0.58,30,0.0,0.9729224656013556,0,4,3981,1245,3324,True,0.9788194234027437,0.11199107322659677,0.48951712015468507,0.9788194234027437,0.9933664340688685,0.9099707607476553,-3.181649610463174,-2.10523109526996,2.3061762316703245,1.5150308215472654,0.4335808906591327,0.11199107322659677,0.10625469049647826,0.0057363827301185055,0.48951712015468507,0.35473801904663194,0.13477910110805313,0.9788194234027437,0.7532627696149423,0.22555665378780143,0.9933664340688685,0.7395288920311175,0.253837542037751,0.9099707607476553,0.6969524702524018,0.21301829049525345,213.0,0.19757688723205966,662.0,0.6160298229263746,920.0,0.8564771668219944,751.0,0.6989748369058714,963.0,0.896551724137931,0.19757688723205966,WACC_0p1_WRT_0p9,0.6531220876048462,716,False,,,False,False,False,False,False,4.0,0.034482758620689655
UDetect,ForestCovertype,761,0.69,326,0.4999999999999997,0.3461563982182424,0,51,4056,4543,3399,False,0.2027347785276841,0.5837616142001834,0.48081676085464886,0.2027347785276841,0.2579814161923327,0.4259094979980539,-3.181649610463174,-2.10523109526996,2.3061762316703245,1.5150308215472654,0.4335808906591327,0.5837616142001834,0.45688144698819416,0.1268801672119892,0.48081676085464886,0.45633662423530874,0.02448013661934012,0.2027347785276841,0.4479856549936042,0.24525087646592011,0.2579814161923327,0.33393694316989037,0.07595552697755764,0.4259094979980539,0.3588005725349647,0.06710892546308916,958.0,0.8918918918918919,994.0,0.9254426840633737,352.0,0.3271202236719478,214.0,0.19850885368126747,282.0,0.2618825722273998,0.19850885368126747,WACC_0p7_WRT_0p3,0.5209692451071761,717,False,,,False,False,False,False,False,51.0,0.5747126436781609
UDetect,ForestCovertype,462,0.58,32,0.0,0.956290000443551,0,6,787,931,2970,True,0.9658091840992082,0.09407269975973002,0.47340831612005946,0.9658091840992082,0.9892917442320025,0.9115422548845219,-3.181649610463174,-2.10523109526996,2.3061762316703245,1.5150308215472654,0.4335808906591327,0.09407269975973002,0.10632633965761856,0.012253639897888538,0.47340831612005946,0.3432334617447414,0.13017485437531806,0.9658091840992082,0.749324061863998,0.21648512223521021,0.9892917442320025,0.7521311161954788,0.2371606280365237,0.9115422548845219,0.6869857623297387,0.22455649255478316,214.0,0.19850885368126747,399.0,0.37092264678471576,850.0,0.7912395153774464,1008.0,0.9384902143522833,711.0,0.6616961789375583,0.19850885368126747,WACC_0p1_WRT_0p9,0.5921714818266542,718,False,,,False,False,False,False,False,6.0,0.05747126436781609
UDetect,ForestCovertype,489,0.58,30,0.0,0.9729224656013556,0,4,1,5000,1,True,0.9788194234027437,0.11199107322659677,0.48951712015468507,0.9788194234027437,0.9933664340688685,0.9099707607476553,-3.181649610463174,-2.10523109526996,2.3061762316703245,1.5150308215472654,0.4335808906591327,0.11199107322659677,0.1269856483059852,0.014994575079388422,0.48951712015468507,0.3052679987686312,0.18424912138605387,0.9788194234027437,0.6400738412952375,0.33874558210750627,0.9933664340688685,0.6751418819170091,0.3182245521518594,0.9099707607476553,0.6439707295313248,0.2660000312163304,362.0,0.3364398881640261,215.0,0.19944082013047532,630.0,0.5862068965517241,628.0,0.5843429636533085,619.0,0.575955265610438,0.19944082013047532,WACC_0p3_WRT_0p7,0.45647716682199446,719,False,,,False,False,False,False,False,4.0,0.034482758620689655
UDetect,ForestCovertype,831,0.69,260,0.4999999999999997,0.4061307680696024,0,39,1160,3536,3454,False,0.1323650922146776,0.5162135650670978,0.41183949307024575,0.1323650922146776,0.27267418440120555,0.42024290740613224,-3.181649610463174,-2.10523109526996,2.3061762316703245,1.5150308215472654,0.4335808906591327,0.5162135650670978,0.4246263857662602,0.0915871793008376,0.41183949307024575,0.42415928359239047,0.012319790522144713,0.1323650922146776,0.417339590463888,0.2849744982492104,0.27267418440120555,0.3610027199589068,0.08832853555770126,0.42024290740613224,0.3855907203872075,0.03465218701892475,862.0,0.8024231127679403,915.0,0.8518173345759553,215.0,0.19944082013047532,308.0,0.28611369990680335,349.0,0.32432432432432434,0.19944082013047532,WACC_0p5_WRT_0p5,0.4928238583410998,720,False,,,False,False,False,False,False,39.0,0.4367816091954023
UDetect,ForestCovertype,367,0.58,29,0.0,0.9816456337335658,0,3,568,5000,2322,True,0.9856428559972665,0.1213886569836784,0.497965645654041,0.9856428559972665,0.995503471735646,0.9091465649688208,-3.181649610463174,-2.10523109526996,2.3061762316703245,1.5150308215472654,0.4335808906591327,0.1213886569836784,0.10633876884962155,0.015049888134056846,0.497965645654041,0.3437308611089127,0.1542347845451283,0.9856428559972665,0.7391860309558201,0.2464568250414464,0.995503471735646,0.7521461583421986,0.24335731339344746,0.9091465649688208,0.6938028484753118,0.21534371649350903,215.0,0.19944082013047532,402.0,0.37371854613233924,779.0,0.7250698974836906,1011.0,0.9412861136999068,874.0,0.8136067101584343,0.19944082013047532,WACC_0p1_WRT_0p9,0.6106244175209692,721,False,,,False,False,False,False,False,3.0,0.022988505747126436
UDetect,ForestCovertype,428,0.58,62,0.0,0.7842659700318733,0,26,1621,1,2963,True,0.8312486255541989,0.1392954989716886,0.3068003377562598,0.8312486255541989,0.9471485885563523,0.927795693723999,-3.181649610463174,-2.10523109526996,2.3061762316703245,1.5150308215472654,0.4335808906591327,0.1392954989716886,0.13041362174692428,0.008881877224764329,0.3068003377562598,0.3054180787286518,0.0013822590276080238,0.8312486255541989,0.709623945516537,0.12162468003766191,0.9471485885563523,0.739075396412107,0.20807319214424536,0.927795693723999,0.6943917828745532,0.23340391084944578,373.0,0.3466915191053122,216.0,0.20037278657968313,701.0,0.65237651444548,738.0,0.6868592730661697,889.0,0.8275862068965517,0.20037278657968313,WACC_0p3_WRT_0p7,0.5427772600186394,722,False,,,False,False,False,False,False,26.0,0.28735632183908044
UDetect,ForestCovertype,278,0.58,29,0.0,0.9816456337335658,0,3,1,3989,2314,True,0.9856428559972665,0.1213886569836784,0.497965645654041,0.9856428559972665,0.995503471735646,0.9091465649688208,-3.181649610463174,-2.10523109526996,2.3061762316703245,1.5150308215472654,0.4335808906591327,0.1213886569836784,0.10644890652697167,0.01493975045670673,0.497965645654041,0.3471688563014488,0.15079678935259222,0.9856428559972665,0.7526338526114782,0.23300900338578834,0.995503471735646,0.760492005049066,0.23501146668658002,0.9091465649688208,0.6976502608756596,0.21149630409316122,216.0,0.20037278657968313,444.0,0.412861136999068,903.0,0.8406337371854613,1070.0,0.9962721342031687,977.0,0.9095992544268406,0.20037278657968313,WACC_0p1_WRT_0p9,0.6719478098788444,723,False,,,False,False,False,False,False,3.0,0.022988505747126436
UDetect,ForestCovertype,179,0.73,210,0.6818181818181817,0.4627059066470992,0,3,2552,1363,1,True,0.20820555879224598,0.4346871797388822,0.39079516540127657,0.20820555879224598,0.0749570005519757,0.217341001787159,-3.181649610463174,-2.10523109526996,2.3061762316703245,1.5150308215472654,0.4335808906591327,0.4346871797388822,0.3011672436636102,0.13351993607527202,0.39079516540127657,0.3055482053592985,0.08524696004197807,0.20820555879224598,0.46437781403243084,0.25617225524018483,0.0749570005519757,0.431047448213171,0.3560904476611953,0.217341001787159,0.3752535331758983,0.1579125313887393,632.0,0.5880708294501398,217.0,0.20130475302889095,415.0,0.385834109972041,459.0,0.42684063373718545,317.0,0.29450139794967384,0.20130475302889095,WACC_0p3_WRT_0p7,0.3793103448275862,724,False,,,False,False,False,False,False,3.0,0.022988505747126436
UDetect,ForestCovertype,945,0.7,726,0.5454545454545452,0.133605160525293,0,64,1654,559,3766,False,0.4876828105121435,0.8187025255496372,0.7362804401963726,0.4876828105121435,0.15301543971862455,0.39660296912032705,-3.181649610463174,-2.10523109526996,2.3061762316703245,1.5150308215472654,0.4335808906591327,0.8187025255496372,0.49243917342185883,0.32626335212777835,0.7362804401963726,0.39767818036352676,0.33860225983284586,0.4876828105121435,0.417669140498886,0.07001367001325753,0.15301543971862455,0.38396029001625487,0.23094485029763032,0.39660296912032705,0.38708104504881485,0.0095219240715122,1029.0,0.9580615097856477,868.0,0.8080149114631874,217.0,0.20130475302889095,370.0,0.34389561975768873,354.0,0.32898415657036345,0.20130475302889095,WACC_0p5_WRT_0p5,0.5280521901211557,725,False,,,False,False,False,False,False,64.0,0.7241379310344828
UDetect,ForestCovertype,130,0.58,30,0.0,0.9729224656013556,0,4,5000,2391,5000,True,0.9788194234027437,0.11199107322659677,0.48951712015468507,0.9788194234027437,0.9933664340688685,0.9099707607476553,-3.181649610463174,-2.10523109526996,2.3061762316703245,1.5150308215472654,0.4335808906591327,0.11199107322659677,0.10646955622452782,0.005521517002068946,0.48951712015468507,0.3562755603553222,0.13324155979936286,0.9788194234027437,0.7570788976758911,0.22174052572685266,0.9933664340688685,0.7398969117479715,0.25346952232089703,0.9099707607476553,0.6866426584977845,0.22332810224987076,217.0,0.20130475302889095,707.0,0.6579683131407269,1004.0,0.934762348555452,761.0,0.7082945013979497,706.0,0.6570363466915191,0.20130475302889095,WACC_0p1_WRT_0p9,0.6318732525629078,726,False,,,False,False,False,False,False,4.0,0.034482758620689655
UDetect,ForestCovertype,564,0.67,781,0.4090909090909093,0.1142038510618012,0,85,1835,177,3259,False,0.40378063427017896,0.8539089915717147,0.7255765457179402,0.40378063427017896,0.3069453227790004,0.5466034382761752,-3.181649610463174,-2.10523109526996,2.3061762316703245,1.5150308215472654,0.4335808906591327,0.8539089915717147,0.3819026619513454,0.4720063296203693,0.7255765457179402,0.30604821078447203,0.41952833493346814,0.40378063427017896,0.4474478654790319,0.043667231208852963,0.3069453227790004,0.4945690608248818,0.1876237380458814,0.5466034382761752,0.5170240055627936,0.029579432713381593,766.0,0.7129543336439889,218.0,0.2022367194780988,348.0,0.3233923578751165,543.0,0.5051258154706431,545.0,0.5069897483690587,0.2022367194780988,WACC_0p3_WRT_0p7,0.4501397949673812,727,False,,,False,False,False,False,False,85.0,0.9655172413793104
UDetect,ForestCovertype,599,0.69,400,0.4999999999999997,0.2918853742957566,0,70,1197,2755,4939,False,0.26641256186706824,0.6448860878629243,0.5432345396376994,0.26641256186706824,0.24468587716578638,0.43103721629397435,-3.181649610463174,-2.10523109526996,2.3061762316703245,1.5150308215472654,0.4335808906591327,0.6448860878629243,0.4442861252021395,0.20059996266078484,0.5432345396376994,0.44473672094643896,0.09849781869126045,0.26641256186706824,0.44791347993505326,0.18150091806798502,0.24468587716578638,0.33442235189932185,0.08973647473353547,0.43103721629397435,0.35487652914688217,0.07616068714709218,926.0,0.8620689655172413,974.0,0.9068033550792172,351.0,0.32618825722274,218.0,0.2022367194780988,267.0,0.2479030754892824,0.2022367194780988,WACC_0p7_WRT_0p3,0.5090400745573159,728,False,,,False,False,False,False,False,70.0,0.7931034482758621
UDetect,ForestCovertype,98,0.58,28,0.0,0.9906645581969952,0,2,1,2620,1964,True,0.9926976349741923,0.13110486292620857,0.5067006158106627,0.9926976349741923,0.9977129650069035,0.9082944250857279,-3.181649610463174,-2.10523109526996,2.3061762316703245,1.5150308215472654,0.4335808906591327,0.13110486292620857,0.1065682493865539,0.024536613539654667,0.5067006158106627,0.3445916363283725,0.16210897948229025,0.9926976349741923,0.745599269362688,0.24709836561150422,0.9977129650069035,0.7597814586127731,0.2379315063941304,0.9082944250857279,0.6877450251712319,0.22054939991449596,218.0,0.2022367194780988,412.0,0.3830382106244175,817.0,0.7604846225535881,1069.0,0.9953401677539608,733.0,0.6821994408201305,0.2022367194780988,WACC_0p1_WRT_0p9,0.6046598322460391,729,False,,,False,False,False,False,False,2.0,0.011494252873563218
UDetect,ForestCovertype,531,0.69,344,0.4999999999999997,0.3319012315834958,0,56,1570,4057,2597,False,0.2194607834346619,0.5998169508153182,0.4972118050829277,0.2194607834346619,0.2544891267416509,0.427256376561996,-3.181649610463174,-2.10523109526996,2.3061762316703245,1.5150308215472654,0.4335808906591327,0.5998169508153182,0.4104574379736541,0.18935951284166408,0.4972118050829277,0.40134904766875756,0.09586275741417016,0.2194607834346619,0.4178143670912197,0.1983535836565578,0.2544891267416509,0.3596561867032385,0.1051670599615876,0.427256376561996,0.3812802583387038,0.04597611822329217,827.0,0.7698042870456664,875.0,0.8145386766076421,219.0,0.2031686859273066,299.0,0.2777260018639329,334.0,0.3103448275862069,0.2031686859273066,WACC_0p5_WRT_0p5,0.47511649580615095,730,False,,,False,False,False,False,False,56.0,0.632183908045977
UDetect,ForestCovertype,200,0.58,61,0.0,0.7885225855217226,0,25,4122,1,5000,True,0.8345782333796563,0.13450134985496429,0.31092293678930577,0.8345782333796563,0.94819139175548,0.9273935136369386,-3.181649610463174,-2.10523109526996,2.3061762316703245,1.5150308215472654,0.4335808906591327,0.13450134985496429,0.1313237037420539,0.0031776461129103817,0.31092293678930577,0.306512714264956,0.0044102225243497495,0.8345782333796563,0.7070561652445855,0.12752206813507083,0.94819139175548,0.7283062799755489,0.2198851117799311,0.9273935136369386,0.6978783302057537,0.22951518343118482,375.0,0.34855545200372784,219.0,0.2031686859273066,694.0,0.6458527493010252,667.0,0.6206896551724138,980.0,0.9123951537744641,0.2031686859273066,WACC_0p3_WRT_0p7,0.5461323392357874,731,False,,,False,False,False,False,False,25.0,0.27586206896551724
UDetect,ForestCovertype,935,0.79,1479,0.9545454545454544,0.0,0,3,3309,156,560,False,0.96444456620313,0.9291142386791642,0.9889941394997088,0.96444456620313,0.46548919315397713,0.10430231516170016,-3.181649610463174,-2.10523109526996,2.3061762316703245,1.5150308215472654,0.4335808906591327,0.9291142386791642,0.5054232084796028,0.42369103019956145,0.9889941394997088,0.4820682385444963,0.5069259009552125,0.96444456620313,0.570811729337945,0.393632836865185,0.46548919315397713,0.44014867035656946,0.025340522797407672,0.10430231516170016,0.33496904318236415,0.23066672802066399,1045.0,0.972972972972973,1031.0,0.9599254426840633,592.0,0.5507921714818267,479.0,0.44547996272134205,219.0,0.2031686859273066,0.2031686859273066,WACC_0p9_WRT_0p1,0.6264678471575024,732,False,,,False,False,False,False,False,3.0,0.022988505747126436
UDetect,ForestCovertype,903,0.58,30,0.0,0.9729224656013556,0,4,3172,1470,3845,True,0.9788194234027437,0.11199107322659677,0.48951712015468507,0.9788194234027437,0.9933664340688685,0.9099707607476553,-3.181649610463174,-2.10523109526996,2.3061762316703245,1.5150308215472654,0.4335808906591327,0.11199107322659677,0.10659948030292049,0.005391592923676275,0.48951712015468507,0.3513339938648238,0.1381831262898613,0.9788194234027437,0.7581278155105502,0.22069160789219355,0.9933664340688685,0.7423937162266472,0.2509727178422213,0.9099707607476553,0.6952236020530456,0.2147471586946097,219.0,0.2031686859273066,541.0,0.5032618825722274,1026.0,0.9552656104380243,816.0,0.7595526561043803,923.0,0.8592730661696178,0.2031686859273066,WACC_0p1_WRT_0p9,0.6561043802423112,733,False,,,False,False,False,False,False,4.0,0.034482758620689655
UDetect,ForestCovertype,351,0.58,59,0.0,0.797245753653933,0,23,1794,1,3877,True,0.8414016659741794,0.12467660319983367,0.31937146228866203,0.8414016659741794,0.9503284294222573,0.9265693178581041,-3.181649610463174,-2.10523109526996,2.3061762316703245,1.5150308215472654,0.4335808906591327,0.12467660319983367,0.128941326380592,0.004264723180758323,0.31937146228866203,0.30663911553154355,0.012732346757118485,0.8414016659741794,0.7135594074288599,0.1278422585453195,0.9503284294222573,0.7297608420960994,0.2205675873261579,0.9265693178581041,0.6875913806653965,0.23897793719270766,366.0,0.3401677539608574,220.0,0.20410065237651445,707.0,0.6579683131407269,672.0,0.625349487418453,729.0,0.6784715750232991,0.20410065237651445,WACC_0p3_WRT_0p7,0.5012115563839702,734,False,,,False,False,False,False,False,23.0,0.25287356321839083
UDetect,ForestCovertype,394,0.58,29,0.0,0.9816456337335658,0,3,5000,5000,4200,True,0.9856428559972665,0.1213886569836784,0.497965645654041,0.9856428559972665,0.995503471735646,0.9091465649688208,-3.181649610463174,-2.10523109526996,2.3061762316703245,1.5150308215472654,0.4335808906591327,0.1213886569836784,0.1066683377226607,0.014720319261017703,0.497965645654041,0.3604202615592005,0.13754538409484052,0.9856428559972665,0.7569359352358414,0.22870692076142518,0.995503471735646,0.7395934575998172,0.2559100141358288,0.9091465649688208,0.6908347296481254,0.21831183532069542,220.0,0.20410065237651445,760.0,0.7073625349487418,1002.0,0.9328984156570364,752.0,0.6999068033550793,803.0,0.7474370922646785,0.20410065237651445,WACC_0p1_WRT_0p9,0.6583410997204101,735,False,,,False,False,False,False,False,3.0,0.022988505747126436
UDetect,ForestCovertype,46,0.58,60,0.0,0.7928484172972575,0,24,575,1,1,False,0.8379619835365079,0.1296292436862878,0.3151125728833966,0.8379619835365079,0.9492511518454323,0.9269847937503898,-3.181649610463174,-2.10523109526996,2.3061762316703245,1.5150308215472654,0.4335808906591327,0.1296292436862878,0.23252984793033543,0.10290060424404762,0.3151125728833966,0.3070339774860227,0.008078595397373933,0.8379619835365079,0.5801900257366551,0.25777195779985274,0.9492511518454323,0.5939219687822962,0.3553291830631361,0.9269847937503898,0.5393917824163625,0.38759301133402724,541.0,0.5032618825722274,221.0,0.20503261882572227,596.0,0.554520037278658,590.0,0.548928238583411,561.0,0.5219012115563839,0.20503261882572227,WACC_0p3_WRT_0p7,0.46672879776328047,736,False,,,False,False,False,False,False,24.0,0.26436781609195403
UDetect,ForestCovertype,708,0.58,29,0.0,0.9816456337335658,0,3,3055,1558,4865,True,0.9856428559972665,0.1213886569836784,0.497965645654041,0.9856428559972665,0.995503471735646,0.9091465649688208,-3.181649610463174,-2.10523109526996,2.3061762316703245,1.5150308215472654,0.4335808906591327,0.1213886569836784,0.10667511375930684,0.014713543224371559,0.497965645654041,0.3528632905206195,0.1451023551334215,0.9856428559972665,0.7587937652474576,0.22684909074980897,0.995503471735646,0.7439357794411613,0.2515676922944847,0.9091465649688208,0.6914024438663968,0.21774412110242403,221.0,0.20503261882572227,594.0,0.5526561043802423,1038.0,0.9664492078285182,853.0,0.7940354147250699,816.0,0.7595526561043803,0.20503261882572227,WACC_0p1_WRT_0p9,0.6555452003727866,737,False,,,False,False,False,False,False,3.0,0.022988505747126436
UDetect,ForestCovertype,808,0.58,36,0.0,0.9258530952252368,0,10,702,246,2651,True,0.9420008419928378,0.061282621457869904,0.4439296948254753,0.9420008419928378,0.9818351857975168,0.914418041344384,-3.181649610463174,-2.10523109526996,2.3061762316703245,1.5150308215472654,0.4335808906591327,0.061282621457869904,0.12702844250796025,0.06574582105009034,0.4439296948254753,0.3071457970250759,0.1367838978003994,0.9420008419928378,0.7104494737189097,0.2315513682739282,0.9818351857975168,0.7458899415705448,0.23594524422697205,0.914418041344384,0.6877836724633603,0.22663436888102373,363.0,0.33737185461323393,222.0,0.2059645852749301,704.0,0.6551724137931034,901.0,0.8387698042870456,736.0,0.684995340167754,0.2059645852749301,WACC_0p3_WRT_0p7,0.5444547996272133,738,False,,,False,False,False,False,False,10.0,0.10344827586206896
UDetect,ForestCovertype,213,0.58,31,0.0,0.9644762707294906,0,5,5000,5000,3267,True,0.9722126447054984,0.10289187640567356,0.48133684761310763,0.9722126447054984,0.9912972504524864,0.9107687871132021,-3.181649610463174,-2.10523109526996,2.3061762316703245,1.5150308215472654,0.4335808906591327,0.10289187640567356,0.10668717695863483,0.0037953005529612754,0.48133684761310763,0.356594292740688,0.12474255487241964,0.9722126447054984,0.7540750891132852,0.21813755559221315,0.9912972504524864,0.7448545430345597,0.24644270741792673,0.9107687871132021,0.6993754651386788,0.21139332197452332,222.0,0.2059645852749301,713.0,0.6635601118359739,935.0,0.8704566635601119,879.0,0.8182665424044734,1001.0,0.9319664492078286,0.2059645852749301,WACC_0p1_WRT_0p9,0.6980428704566636,739,False,,,False,False,False,False,False,5.0,0.04597701149425287
UDetect,ForestCovertype,751,0.7,504,0.5454545454545452,0.2305390099126292,0,50,1763,3121,3690,False,0.373947483381493,0.7095276824074309,0.624795615876678,0.373947483381493,0.17676269349005597,0.3874443161767718,-3.181649610463174,-2.10523109526996,2.3061762316703245,1.5150308215472654,0.4335808906591327,0.7095276824074309,0.43052764017081074,0.27900004223662017,0.624795615876678,0.427012186129296,0.197783429747382,0.373947483381493,0.4539725587000562,0.08002507531856323,0.17676269349005597,0.33595542241594467,0.1591927289258887,0.3874443161767718,0.3507138306707495,0.03673048550602226,881.0,0.8201304753028891,926.0,0.8620689655172413,377.0,0.3504193849021435,223.0,0.20689655172413793,255.0,0.23671947809878843,0.20689655172413793,WACC_0p7_WRT_0p3,0.49524697110904004,740,False,,,False,False,False,False,False,50.0,0.5632183908045977
UDetect,ForestCovertype,833,0.58,30,0.0,0.9729224656013556,0,4,3632,2946,1319,True,0.9788194234027437,0.11199107322659677,0.48951712015468507,0.9788194234027437,0.9933664340688685,0.9099707607476553,-3.181649610463174,-2.10523109526996,2.3061762316703245,1.5150308215472654,0.4335808906591327,0.11199107322659677,0.1067259117920501,0.005265161434546667,0.48951712015468507,0.3541192200153593,0.1353979001393258,0.9788194234027437,0.7417572373450794,0.23706218605766438,0.9933664340688685,0.7449577269359315,0.24840870713293695,0.9099707607476553,0.6941256033465276,0.21584515740112764,223.0,0.20689655172413793,638.0,0.5936626281453867,788.0,0.7334575955265611,882.0,0.821062441752097,881.0,0.8201304753028891,0.20689655172413793,WACC_0p1_WRT_0p9,0.6350419384902144,741,False,,,False,False,False,False,False,4.0,0.034482758620689655
UDetect,ForestCovertype,703,0.58,30,0.0,0.9729224656013556,0,4,753,1363,3532,True,0.9788194234027437,0.11199107322659677,0.48951712015468507,0.9788194234027437,0.9933664340688685,0.9099707607476553,-3.181649610463174,-2.10523109526996,2.3061762316703245,1.5150308215472654,0.4335808906591327,0.11199107322659677,0.10676753359168288,0.005223539634913885,0.48951712015468507,0.35274301283127496,0.1367741073234101,0.9788194234027437,0.7476043344938484,0.2312150889088953,0.9933664340688685,0.7497186382447678,0.24364779582410068,0.9099707607476553,0.6816007074568825,0.22837005329077276,224.0,0.20782851817334577,589.0,0.5479962721342032,832.0,0.7744641192917054,973.0,0.9058713886300093,652.0,0.6067101584342963,0.20782851817334577,WACC_0p1_WRT_0p9,0.608574091332712,742,False,,,False,False,False,False,False,4.0,0.034482758620689655
UDetect,ForestCovertype,888,0.58,237,0.0,0.4306722223231145,0,65,1131,572,209,True,0.5546606856259886,0.537541748204126,0.26254959616928836,0.5546606856259886,0.8605237355055009,0.9612044816628246,-3.181649610463174,-2.10523109526996,2.3061762316703245,1.5150308215472654,0.4335808906591327,0.537541748204126,0.24060823974656345,0.2969335084575626,0.26254959616928836,0.3076835941101188,0.04513399794083045,0.5546606856259886,0.609170869261686,0.05451018363569737,0.8605237355055009,0.6817422444042558,0.17878149110124508,0.9612044816628246,0.6641566486526992,0.2970478330101254,555.0,0.516309412861137,225.0,0.2087604846225536,618.0,0.5750232991612302,629.0,0.5852749301025163,630.0,0.5862068965517241,0.2087604846225536,WACC_0p3_WRT_0p7,0.49431500465983225,743,False,,,False,False,False,False,False,65.0,0.735632183908046
UDetect,ForestCovertype,24,0.74,265,0.7272727272727272,0.4010825560136625,0,3,2275,499,332,False,0.31606547639409277,0.4996407388924622,0.4726748069675363,0.31606547639409277,0.006965959643515167,0.17377427231058132,-3.181649610463174,-2.10523109526996,2.3061762316703245,1.5150308215472654,0.4335808906591327,0.4996407388924622,0.4408308331302422,0.058809905762220005,0.4726748069675363,0.38334397981579715,0.08933082715173912,0.31606547639409277,0.47772267979916555,0.16165720340507278,0.006965959643515167,0.37600472227339415,0.369038762629879,0.17377427231058132,0.3370339010971689,0.1632596287865876,914.0,0.8508853681267474,824.0,0.7670083876980429,458.0,0.42590866728797766,346.0,0.32152842497670087,225.0,0.2087604846225536,0.2087604846225536,WACC_0p9_WRT_0p1,0.5148182665424044,744,False,,,False,False,False,False,False,3.0,0.022988505747126436
UDetect,ForestCovertype,505,0.58,30,0.0,0.9729224656013556,0,4,3574,2811,1425,True,0.9788194234027437,0.11199107322659677,0.48951712015468507,0.9788194234027437,0.9933664340688685,0.9099707607476553,-3.181649610463174,-2.10523109526996,2.3061762316703245,1.5150308215472654,0.4335808906591327,0.11199107322659677,0.10684464846967179,0.005146424756924978,0.48951712015468507,0.3557166497713271,0.13380047038335796,0.9788194234027437,0.7461752398317562,0.2326441835709876,0.9933664340688685,0.7480349935681352,0.2453314405007333,0.9099707607476553,0.6961107104852883,0.21386005026236699,225.0,0.2087604846225536,691.0,0.6430568499534017,821.0,0.7642124883504194,947.0,0.8816402609506058,945.0,0.8797763280521901,0.2087604846225536,WACC_0p1_WRT_0p9,0.6754892823858341,745,False,,,False,False,False,False,False,4.0,0.034482758620689655
UDetect,ForestCovertype,36,0.58,60,0.0,0.7928484172972575,0,24,2816,1,2128,False,0.8379619835365079,0.1296292436862878,0.3151125728833966,0.8379619835365079,0.9492511518454323,0.9269847937503898,-3.181649610463174,-2.10523109526996,2.3061762316703245,1.5150308215472654,0.4335808906591327,0.1296292436862878,0.28656282862758803,0.15693358494130022,0.3151125728833966,0.3088604394652858,0.006252133418110817,0.8379619835365079,0.5482627926105081,0.2896991909259997,0.9492511518454323,0.5951728420868553,0.354078309758577,0.9269847937503898,0.5810908803816652,0.34589391336872455,612.0,0.5694315004659832,226.0,0.2096924510717614,575.0,0.5349487418452936,591.0,0.5498602050326188,581.0,0.5405405405405406,0.2096924510717614,WACC_0p3_WRT_0p7,0.48089468779123956,746,False,,,False,False,False,False,False,24.0,0.26436781609195403
UDetect,ForestCovertype,916,0.69,393,0.4999999999999997,0.2965703495795185,0,68,2790,2856,4362,False,0.26091554302519304,0.6396094848500181,0.5378462913657749,0.26091554302519304,0.24583362171198517,0.43059456325848366,-3.181649610463174,-2.10523109526996,2.3061762316703245,1.5150308215472654,0.4335808906591327,0.6396094848500181,0.4343478210145579,0.20526166383546024,0.5378462913657749,0.4241770769995164,0.11366921436625849,0.26091554302519304,0.4191549347595158,0.15823939173432278,0.24583362171198517,0.36179310091411826,0.11595947920213309,0.43059456325848366,0.38490916126924496,0.045685401989238705,891.0,0.8294501397949674,916.0,0.8527493010251631,226.0,0.2096924510717614,310.0,0.287977632805219,347.0,0.32246039142590865,0.2096924510717614,WACC_0p5_WRT_0p5,0.5004659832246039,747,False,,,False,False,False,False,False,68.0,0.7701149425287356
UDetect,ForestCovertype,979,0.69,892,0.4999999999999997,0.0788928289206626,0,85,4424,632,3929,False,0.5163229592951832,0.8847757433213309,0.7881999119264138,0.5163229592951832,0.19250608591212068,0.4511615053321623,-3.181649610463174,-2.10523109526996,2.3061762316703245,1.5150308215472654,0.4335808906591327,0.8847757433213309,0.5167733201818906,0.3680024231394403,0.7881999119264138,0.4405617204159656,0.3476381915104482,0.5163229592951832,0.4989712749874889,0.01735168430769435,0.19250608591212068,0.3572686234663618,0.1647625375542411,0.4511615053321623,0.3372645478688514,0.11389695746331091,1054.0,0.9813606710158435,963.0,0.896551724137931,513.0,0.4771668219944082,291.0,0.2702702702702703,226.0,0.2096924510717614,0.2096924510717614,WACC_0p9_WRT_0p1,0.5670083876980427,748,False,,,False,False,False,False,False,85.0,0.9655172413793104
UDetect,ForestCovertype,449,0.58,29,0.0,0.9816456337335658,0,3,1,954,3211,True,0.9856428559972665,0.1213886569836784,0.497965645654041,0.9856428559972665,0.995503471735646,0.9091465649688208,-3.181649610463174,-2.10523109526996,2.3061762316703245,1.5150308215472654,0.4335808906591327,0.1213886569836784,0.10693000766167403,0.014458649322004372,0.497965645654041,0.3443943817262586,0.15357126392778242,0.9856428559972665,0.744273199268936,0.24136965672833055,0.995503471735646,0.7527996370610306,0.24270383467461543,0.9091465649688208,0.6871987694526703,0.22194779551615051,226.0,0.2096924510717614,410.0,0.3811742777260019,809.0,0.7530288909599254,1020.0,0.9496738117427772,717.0,0.6672879776328052,0.2096924510717614,WACC_0p1_WRT_0p9,0.5921714818266542,749,False,,,False,False,False,False,False,3.0,0.022988505747126436
UDetect,ForestCovertype,567,0.58,154,0.0,0.5447592033505955,0,55,986,4453,1964,True,0.6439017518481506,0.40904764282229295,0.1313367420692765,0.6439017518481506,0.8884732341336861,0.9504251401715625,-3.181649610463174,-2.10523109526996,2.3061762316703245,1.5150308215472654,0.4335808906591327,0.40904764282229295,0.10696700618394549,0.30208063663834744,0.1313367420692765,0.3350756373715174,0.2037388953022409,0.6439017518481506,0.72980023665747,0.08589848480931939,0.8884732341336861,0.7501527954357621,0.138320438697924,0.9504251401715625,0.6880195899198337,0.26240555025172885,227.0,0.21062441752096925,343.0,0.31873252562907733,740.0,0.6887232059645852,979.0,0.9114631873252563,743.0,0.6915191053122087,0.21062441752096925,WACC_0p1_WRT_0p9,0.5642124883504194,750,False,,,False,False,False,False,False,55.0,0.6206896551724138
UDetect,ForestCovertype,77,0.75,737,0.7727272727272726,0.129610053748658,0,20,4088,1419,1,True,0.670147555395257,0.8009436059266656,0.7959045646299672,0.670147555395257,0.19999981063299654,0.15003483291317138,-3.181649610463174,-2.10523109526996,2.3061762316703245,1.5150308215472654,0.4335808906591327,0.8009436059266656,0.38015432104665325,0.4207892848800123,0.7959045646299672,0.41351661051423066,0.3823879541157365,0.670147555395257,0.51099619504325,0.15915136035200705,0.19999981063299654,0.40477381830756143,0.20477400767456488,0.15003483291317138,0.33792210031115244,0.18788726739798106,763.0,0.7101584342963654,896.0,0.8341099720410066,538.0,0.5004659832246039,416.0,0.38676607642124883,228.0,0.21155638397017706,0.21155638397017706,WACC_0p9_WRT_0p1,0.5286113699906803,751,False,,,False,False,False,False,False,20.0,0.21839080459770116
UDetect,ForestCovertype,991,0.58,30,0.0,0.9729224656013556,0,4,2935,281,3657,True,0.9788194234027437,0.11199107322659677,0.48951712015468507,0.9788194234027437,0.9933664340688685,0.9099707607476553,-3.181649610463174,-2.10523109526996,2.3061762316703245,1.5150308215472654,0.4335808906591327,0.11199107322659677,0.13423667173554307,0.022245598508946307,0.48951712015468507,0.3089537280821939,0.18056339207249117,0.9788194234027437,0.7222809980559406,0.25653842534680316,0.9933664340688685,0.7307745405271255,0.26259189354174295,0.9099707607476553,0.6931643254203698,0.2168064353272855,386.0,0.35880708294501396,228.0,0.21155638397017706,719.0,0.6691519105312209,679.0,0.6318732525629077,857.0,0.7977632805219013,0.21155638397017706,WACC_0p3_WRT_0p7,0.5338303821062441,752,False,,,False,False,False,False,False,4.0,0.034482758620689655
UDetect,ForestCovertype,742,0.58,29,0.0,0.9816456337335658,0,3,4045,2098,4386,True,0.9856428559972665,0.1213886569836784,0.497965645654041,0.9856428559972665,0.995503471735646,0.9091465649688208,-3.181649610463174,-2.10523109526996,2.3061762316703245,1.5150308215472654,0.4335808906591327,0.1213886569836784,0.10699386679321667,0.014394790190461734,0.497965645654041,0.3569308143170427,0.1410348313369983,0.9856428559972665,0.7505501149644483,0.2350927410328182,0.995503471735646,0.7385912294928142,0.2569122422428318,0.9091465649688208,0.6934228192541095,0.2157237457147113,228.0,0.21155638397017706,719.0,0.6691519105312209,867.0,0.8070829450139795,730.0,0.679403541472507,864.0,0.804287045666356,0.21155638397017706,WACC_0p1_WRT_0p9,0.6342963653308481,753,False,,,False,False,False,False,False,3.0,0.022988505747126436
UDetect,ForestCovertype,1065,0.69,299,0.4999999999999997,0.3690824914031728,0,48,2816,3067,4103,False,0.17583492130859707,0.5579403696798417,0.454449176288335,0.17583492130859707,0.2635979449518018,0.42374335962472504,-3.181649610463174,-2.10523109526996,2.3061762316703245,1.5150308215472654,0.4335808906591327,0.5579403696798417,0.4212121996763338,0.13672817000350795,0.454449176288335,0.4138911656333671,0.04055801065496789,0.17583492130859707,0.4194502229068585,0.24361530159826145,0.2635979449518018,0.3695966798005925,0.10599873484879074,0.42374335962472504,0.4007930692237407,0.02295029040098434,850.0,0.7912395153774464,898.0,0.8359739049394221,229.0,0.2124883504193849,326.0,0.30288909599254427,378.0,0.35135135135135137,0.2124883504193849,WACC_0p5_WRT_0p5,0.4987884436160298,754,False,,,False,False,False,False,False,48.0,0.5402298850574713
UDetect,ForestCovertype,985,0.58,31,0.0,0.9644762707294906,0,5,2110,415,2018,True,0.9722126447054984,0.10289187640567356,0.48133684761310763,0.9722126447054984,0.9912972504524864,0.9107687871132021,-3.181649610463174,-2.10523109526996,2.3061762316703245,1.5150308215472654,0.4335808906591327,0.10289187640567356,0.1322851149602143,0.02939323855454075,0.48133684761310763,0.31045885023264136,0.17087799738046627,0.9722126447054984,0.7109676100948271,0.2612450346106713,0.9912972504524864,0.7398452620488642,0.25145198840362215,0.9107687871132021,0.695218526320558,0.21555026079264406,380.0,0.353215284249767,229.0,0.2124883504193849,705.0,0.6561043802423113,760.0,0.7073625349487418,922.0,0.8583410997204101,0.2124883504193849,WACC_0p3_WRT_0p7,0.557502329916123,755,False,,,False,False,False,False,False,5.0,0.04597701149425287
UDetect,ForestCovertype,790,0.58,30,0.0,0.9729224656013556,0,4,4201,1583,3020,True,0.9788194234027437,0.11199107322659677,0.48951712015468507,0.9788194234027437,0.9933664340688685,0.9099707607476553,-3.181649610463174,-2.10523109526996,2.3061762316703245,1.5150308215472654,0.4335808906591327,0.11199107322659677,0.1070047248963026,0.004986348330294169,0.48951712015468507,0.3587158211712438,0.13080129898344128,0.9788194234027437,0.7600592334082793,0.21876018999446445,0.9933664340688685,0.7486730654205984,0.24469336864827007,0.9099707607476553,0.6977783134693158,0.2121924472783394,229.0,0.2124883504193849,747.0,0.6952469711090401,1059.0,0.9860205032618826,957.0,0.8909599254426841,979.0,0.9114631873252563,0.2124883504193849,WACC_0p1_WRT_0p9,0.7392357875116495,756,False,,,False,False,False,False,False,4.0,0.034482758620689655
UDetect,ForestCovertype,671,0.58,30,0.0,0.9729224656013556,0,4,553,3833,3440,True,0.9788194234027437,0.11199107322659677,0.48951712015468507,0.9788194234027437,0.9933664340688685,0.9099707607476553,-3.181649610463174,-2.10523109526996,2.3061762316703245,1.5150308215472654,0.4335808906591327,0.11199107322659677,0.10707226418041223,0.0049188090461845385,0.48951712015468507,0.3488664482870791,0.140650671867606,0.9788194234027437,0.7572322532041096,0.22158717019863416,0.9933664340688685,0.7496326240167345,0.24373381005213401,0.9099707607476553,0.6917248382456619,0.21824592250199337,230.0,0.21342031686859272,472.0,0.43895619757688725,1008.0,0.9384902143522833,972.0,0.9049394221808015,824.0,0.7670083876980429,0.21342031686859272,WACC_0p1_WRT_0p9,0.6525629077353216,757,False,,,False,False,False,False,False,4.0,0.034482758620689655
UDetect,ForestCovertype,972,0.69,345,0.4999999999999997,0.3311312374351564,0,57,3644,4206,3140,False,0.22036424014151498,0.6006841813121643,0.498097384918015,0.22036424014151498,0.25430049040296526,0.42732912833258774,-3.181649610463174,-2.10523109526996,2.3061762316703245,1.5150308215472654,0.4335808906591327,0.6006841813121643,0.45014505976385455,0.15053912154830973,0.498097384918015,0.4427656623153862,0.05533172260262875,0.22036424014151498,0.4198398938860694,0.19947565374455442,0.25430049040296526,0.33773370058031144,0.08343321017734617,0.42732912833258774,0.37332485075991245,0.054004277572675286,942.0,0.8769804287045666,968.0,0.9012115563839702,231.0,0.21435228331780057,232.0,0.21528424976700838,312.0,0.2898415657036347,0.21435228331780057,WACC_0p5_WRT_0p5,0.49953401677539605,758,False,,,False,False,False,False,False,57.0,0.6436781609195402
UDetect,ForestCovertype,16,0.58,31,0.0,0.9644762707294906,0,5,2650,2673,2119,True,0.9722126447054984,0.10289187640567356,0.48133684761310763,0.9722126447054984,0.9912972504524864,0.9107687871132021,-3.181649610463174,-2.10523109526996,2.3061762316703245,1.5150308215472654,0.4335808906591327,0.10289187640567356,0.10708941232942217,0.004197535923748608,0.48133684761310763,0.35846785794047387,0.12286898967263377,0.9722126447054984,0.7533312643585388,0.2188813803469596,0.9912972504524864,0.7481965995487649,0.24310065090372146,0.9107687871132021,0.703198839080046,0.2075699480331561,231.0,0.21435228331780057,743.0,0.6915191053122087,922.0,0.8583410997204101,950.0,0.8844361602982292,1046.0,0.9739049394221808,0.21435228331780057,WACC_0p1_WRT_0p9,0.7245107176141659,759,False,,,False,False,False,False,False,5.0,0.04597701149425287
UDetect,ForestCovertype,657,0.68,268,0.4545454545454547,0.3980989794049431,0,42,2770,4200,2677,False,0.10623359151231503,0.5297113307601268,0.410071092486299,0.10623359151231503,0.32360082231885245,0.470390900812682,-3.181649610463174,-2.10523109526996,2.3061762316703245,1.5150308215472654,0.4335808906591327,0.5297113307601268,0.37903807044152726,0.1506732603185995,0.410071092486299,0.367825343266464,0.04224574921983504,0.10623359151231503,0.4201092353128968,0.31387564380058175,0.32360082231885245,0.3940990488155811,0.07049822649672866,0.470390900812682,0.4282730511208163,0.04211784969186566,760.0,0.7073625349487418,788.0,0.7334575955265611,232.0,0.21528424976700838,393.0,0.36533084808946875,436.0,0.40540540540540543,0.21528424976700838,WACC_0p5_WRT_0p5,0.48536812674743707,760,False,,,False,False,False,False,False,42.0,0.47126436781609193
UDetect,ForestCovertype,485,0.58,29,0.0,0.9816456337335658,0,3,1,2046,5000,True,0.9856428559972665,0.1213886569836784,0.497965645654041,0.9856428559972665,0.995503471735646,0.9091465649688208,-3.181649610463174,-2.10523109526996,2.3061762316703245,1.5150308215472654,0.4335808906591327,0.1213886569836784,0.10718646984861166,0.01420218713506674,0.497965645654041,0.34994922872884354,0.14801641692519746,0.9856428559972665,0.7529161328026323,0.23272672319463428,0.995503471735646,0.7487021426685541,0.24680132906709196,0.9091465649688208,0.6850782983598893,0.22406826660893153,232.0,0.21528424976700838,497.0,0.46225535880708296,909.0,0.8462255358807083,959.0,0.8928238583410997,686.0,0.6383970177073626,0.21528424976700838,WACC_0p1_WRT_0p9,0.6109972041006524,761,False,,,False,False,False,False,False,3.0,0.022988505747126436
UDetect,ForestCovertype,854,0.71,745,0.5909090909090907,0.1267417478764684,0,53,3485,618,3723,False,0.531291287572853,0.8219809559661136,0.7551799968433036,0.531291287572853,0.09843971401788049,0.34786232701795844,-3.181649610463174,-2.10523109526996,2.3061762316703245,1.5150308215472654,0.4335808906591327,0.8219809559661136,0.5012504316711487,0.32073052429496496,0.7551799968433036,0.42438232853685076,0.33079766830645285,0.531291287572853,0.44221081323536376,0.08908047433748928,0.09843971401788049,0.33801775132599443,0.23957803730811394,0.34786232701795844,0.36277780759586403,0.014915480577905593,1040.0,0.9683131407269339,917.0,0.8536812674743709,332.0,0.3084808946877912,233.0,0.21621621621621623,296.0,0.2749301025163094,0.21621621621621623,WACC_0p7_WRT_0p3,0.5243243243243244,762,False,,,False,False,False,False,False,53.0,0.5977011494252874
UDetect,ForestCovertype,478,0.58,29,0.0,0.9816456337335658,0,3,5000,5000,5000,True,0.9856428559972665,0.1213886569836784,0.497965645654041,0.9856428559972665,0.995503471735646,0.9091465649688208,-3.181649610463174,-2.10523109526996,2.3061762316703245,1.5150308215472654,0.4335808906591327,0.1213886569836784,0.10719287313460939,0.014195783849069013,0.497965645654041,0.35917441104708375,0.13879123460695725,0.9856428559972665,0.7592548154916156,0.22638804050565098,0.995503471735646,0.7451968238513876,0.2503066478842584,0.9091465649688208,0.6919346750403179,0.21721188992850293,233.0,0.21621621621621623,751.0,0.6989748369058714,1046.0,0.9739049394221808,887.0,0.825722273998136,829.0,0.771668219944082,0.21621621621621623,WACC_0p1_WRT_0p9,0.6972972972972973,763,False,,,False,False,False,False,False,3.0,0.022988505747126436
UDetect,ForestCovertype,1018,0.68,229,0.4545454545454547,0.4397682465675592,0,33,2470,3746,1674,False,0.057341818803515854,0.4827799880446312,0.36214675069531277,0.057341818803515854,0.33380913105758997,0.46645384106764154,-3.181649610463174,-2.10523109526996,2.3061762316703245,1.5150308215472654,0.4335808906591327,0.4827799880446312,0.33829467500905525,0.14448531303557594,0.36214675069531277,0.31240092832028105,0.04974582237503172,0.057341818803515854,0.42133531383094625,0.3639934950274304,0.33380913105758997,0.4052017255767952,0.07139259451920521,0.46645384106764154,0.4277191791042077,0.038734661963433836,677.0,0.630009319664492,234.0,0.21714818266542404,239.0,0.22180801491146318,418.0,0.3886300093196645,434.0,0.40354147250698974,0.21714818266542404,WACC_0p3_WRT_0p7,0.37222739981360664,764,False,,,False,False,False,False,False,33.0,0.367816091954023
UDetect,ForestCovertype,625,0.68,347,0.4545454545454547,0.3295979029740329,0,58,2650,2647,3458,False,0.18660791261803505,0.6068628554512936,0.4888550314289705,0.18660791261803505,0.30681914640375607,0.4768631248010611,-3.181649610463174,-2.10523109526996,2.3061762316703245,1.5150308215472654,0.4335808906591327,0.6068628554512936,0.40825861341439446,0.19860424203689914,0.4888550314289705,0.39494518338316703,0.09390984804580349,0.18660791261803505,0.42042247835291835,0.2338145657348833,0.30681914640375607,0.375581660908156,0.06876251450439991,0.4768631248010611,0.392024071230115,0.08483905357094607,823.0,0.766076421248835,862.0,0.8024231127679403,234.0,0.21714818266542404,343.0,0.31873252562907733,365.0,0.33923578751164957,0.21714818266542404,WACC_0p5_WRT_0p5,0.4887232059645853,765,False,,,False,False,False,False,False,58.0,0.6551724137931034
UDetect,ForestCovertype,460,0.58,28,0.0,0.9906645581969952,0,2,1,864,4222,True,0.9926976349741923,0.13110486292620857,0.5067006158106627,0.9926976349741923,0.9977129650069035,0.9082944250857279,-3.181649610463174,-2.10523109526996,2.3061762316703245,1.5150308215472654,0.4335808906591327,0.13110486292620857,0.10724959492775665,0.023855267998451918,0.5067006158106627,0.3490581838678784,0.15764243194278432,0.9926976349741923,0.7482587744991861,0.24443886047500618,0.9977129650069035,0.7454748338843361,0.25223813112256743,0.9082944250857279,0.6842398826770767,0.2240545424086512,234.0,0.21714818266542404,475.0,0.44175209692451073,840.0,0.7819198508853681,894.0,0.8322460391425909,671.0,0.6244175209692451,0.21714818266542404,WACC_0p1_WRT_0p9,0.5794967381174277,766,False,,,False,False,False,False,False,2.0,0.011494252873563218
UDetect,ForestCovertype,445,0.73,299,0.6818181818181817,0.3690824914031728,0,14,1081,1858,1,True,0.3180566564960771,0.5401335407190403,0.4984726182894994,0.3180566564960771,0.052020750575338774,0.22618687320389352,-3.181649610463174,-2.10523109526996,2.3061762316703245,1.5150308215472654,0.4335808906591327,0.5401335407190403,0.30336215009026724,0.23677139062877306,0.4984726182894994,0.3223928549652308,0.1760797633242686,0.3180566564960771,0.420521595123127,0.10246493862704986,0.052020750575338774,0.36923056452981134,0.31720981395447256,0.22618687320389352,0.38054229530606465,0.15435542210217112,636.0,0.5917986952469712,264.0,0.2451071761416589,235.0,0.21808014911463186,324.0,0.30102516309412863,331.0,0.30754892823858343,0.21808014911463186,WACC_0p5_WRT_0p5,0.3327120223671948,767,False,,,False,False,False,False,False,14.0,0.14942528735632185
UDetect,ForestCovertype,195,0.69,499,0.4999999999999997,0.233186124216109,0,77,3787,4411,3885,False,0.3352861127714108,0.710997992636283,0.6107452763327623,0.3352861127714108,0.23030549305183187,0.4365833290597869,-3.181649610463174,-2.10523109526996,2.3061762316703245,1.5150308215472654,0.4335808906591327,0.710997992636283,0.4530093980367886,0.25798859459949447,0.6107452763327623,0.4570735235458997,0.15367175278686263,0.3352861127714108,0.43599213772636336,0.10070602495495257,0.23030549305183187,0.3384557644331153,0.10815027138128344,0.4365833290597869,0.38939041522821416,0.04719291383157276,950.0,0.8844361602982292,998.0,0.9291705498602051,306.0,0.2842497670083877,235.0,0.21808014911463186,362.0,0.3364398881640261,0.21808014911463186,WACC_0p7_WRT_0p3,0.5304753028890961,768,False,,,False,False,False,False,False,77.0,0.8735632183908046
UDetect,ForestCovertype,582,0.58,33,0.0,0.948348133291504,0,7,3108,1229,2626,True,0.9595969004007491,0.08551682182435125,0.4657164929051875,0.9595969004007491,0.9873461128981531,0.9122926305833013,-3.181649610463174,-2.10523109526996,2.3061762316703245,1.5150308215472654,0.4335808906591327,0.08551682182435125,0.10725498781000795,0.0217381659856567,0.4657164929051875,0.3491864840755061,0.1165300088296814,0.9595969004007491,0.7530739110565615,0.20652298934418756,0.9873461128981531,0.7510827528784664,0.23626336001968673,0.9122926305833013,0.6993306514489182,0.2129619791343832,235.0,0.21808014911463186,478.0,0.4445479962721342,913.0,0.8499534016775396,997.0,0.9282385834109972,999.0,0.9301025163094129,0.21808014911463186,WACC_0p1_WRT_0p9,0.6741845293569432,769,False,,,False,False,False,False,False,7.0,0.06896551724137931
UDetect,ForestCovertype,647,0.58,52,0.0,0.8302478262005248,0,19,845,2569,2949,True,0.867216532097156,0.08750696517953044,0.3513344884754375,0.867216532097156,0.9584134131168125,0.9234511653161115,-3.181649610463174,-2.10523109526996,2.3061762316703245,1.5150308215472654,0.4335808906591327,0.08750696517953044,0.10729648062390756,0.019789515444377126,0.3513344884754375,0.34932651306195106,0.0020079754134864625,0.867216532097156,0.7576582114110696,0.1095583206860864,0.9584134131168125,0.7512003534274785,0.207213059689334,0.9234511653161115,0.6879273493801463,0.23552381593596516,236.0,0.2190121155638397,481.0,0.4473438956197577,1018.0,0.9478098788443616,1000.0,0.9310344827586207,740.0,0.6887232059645852,0.2190121155638397,WACC_0p1_WRT_0p9,0.646784715750233,770,False,,,False,False,False,False,False,19.0,0.20689655172413793
UDetect,ForestCovertype,272,0.73,311,0.6818181818181817,0.3586484955579321,0,16,1295,1848,1,True,0.3302991696969747,0.5518851617157342,0.5104728865251178,0.3302991696969747,0.04946458728714731,0.22717271403622452,-3.181649610463174,-2.10523109526996,2.3061762316703245,1.5150308215472654,0.4335808906591327,0.5518851617157342,0.3308160235591759,0.22106913815655832,0.5104728865251178,0.3504963483060545,0.15997653821906332,0.3302991696969747,0.4391707589742752,0.1088715892773005,0.04946458728714731,0.3716250382861528,0.3221604509990055,0.22717271403622452,0.34216748315013,0.11499476911390549,669.0,0.6225535880708295,514.0,0.47809878844361603,320.0,0.2972972972972973,334.0,0.3103448275862069,237.0,0.21994408201304752,0.21994408201304752,WACC_0p9_WRT_0p1,0.3856477166821995,771,False,,,False,False,False,False,False,16.0,0.1724137931034483
UDetect,ForestCovertype,828,0.58,33,0.0,0.948348133291504,0,7,1656,1875,2238,True,0.9595969004007491,0.08551682182435125,0.4657164929051875,0.9595969004007491,0.9873461128981531,0.9122926305833013,-3.181649610463174,-2.10523109526996,2.3061762316703245,1.5150308215472654,0.4335808906591327,0.08551682182435125,0.10733033226963141,0.021813510445280168,0.4657164929051875,0.3550006748143486,0.11071581809083891,0.9595969004007491,0.7481582251809806,0.21143867521976845,0.9873461128981531,0.7491513566958535,0.23819475620229957,0.9122926305833013,0.698236648933813,0.21405598164948836,237.0,0.21994408201304752,672.0,0.625349487418453,839.0,0.7809878844361603,964.0,0.8974836905871388,987.0,0.918918918918919,0.21994408201304752,WACC_0p1_WRT_0p9,0.6885368126747438,772,False,,,False,False,False,False,False,7.0,0.06896551724137931
UDetect,ForestCovertype,55,0.58,62,0.0,0.7842659700318733,0,26,1250,1,1,True,0.8312486255541989,0.1392954989716886,0.3068003377562598,0.8312486255541989,0.9471485885563523,0.927795693723999,-3.181649610463174,-2.10523109526996,2.3061762316703245,1.5150308215472654,0.4335808906591327,0.1392954989716886,0.19699622490656318,0.057700725934874575,0.3068003377562598,0.313038771396025,0.006238433639765173,0.8312486255541989,0.6231759859064326,0.20807263964776623,0.9471485885563523,0.6649882454448269,0.2821603431115254,0.927795693723999,0.6318168807263265,0.2959788129976725,492.0,0.4575955265610438,238.0,0.22087604846225536,624.0,0.5806150978564771,623.0,0.5796831314072693,613.0,0.570363466915191,0.22087604846225536,WACC_0p3_WRT_0p7,0.4818266542404473,773,False,,,False,False,False,False,False,26.0,0.28735632183908044
UDetect,ForestCovertype,434,0.58,31,0.0,0.9644762707294906,0,5,1,4074,5000,True,0.9722126447054984,0.10289187640567356,0.48133684761310763,0.9722126447054984,0.9912972504524864,0.9107687871132021,-3.181649610463174,-2.10523109526996,2.3061762316703245,1.5150308215472654,0.4335808906591327,0.10289187640567356,0.10737067219032734,0.00447879578465378,0.48133684761310763,0.35358985275909066,0.12774699485401697,0.9722126447054984,0.7580072800074492,0.21420536469804918,0.9912972504524864,0.7482714346913569,0.24302581576112947,0.9107687871132021,0.6852410766982664,0.2255277104149357,238.0,0.22087604846225536,620.0,0.5768872320596459,1022.0,0.9515377446411929,953.0,0.8872320596458527,688.0,0.6402609506057781,0.22087604846225536,WACC_0p1_WRT_0p9,0.655358807082945,774,False,,,False,False,False,False,False,5.0,0.04597701149425287
UDetect,ForestCovertype,676,0.58,31,0.0,0.9644762707294906,0,5,1477,146,4004,True,0.9722126447054984,0.10289187640567356,0.48133684761310763,0.9722126447054984,0.9912972504524864,0.9107687871132021,-3.181649610463174,-2.10523109526996,2.3061762316703245,1.5150308215472654,0.4335808906591327,0.10289187640567356,0.12383598841909138,0.020944112013417823,0.48133684761310763,0.31395706126603967,0.16737978634706796,0.9722126447054984,0.718148316710314,0.2540643279951844,0.9912972504524864,0.7374330306460262,0.25386421980646023,0.9107687871132021,0.6869102953095305,0.22385849180367157,351.0,0.32618825722274,239.0,0.22180801491146318,715.0,0.6654240447343895,712.0,0.6626281453867661,710.0,0.6607642124883504,0.22180801491146318,WACC_0p3_WRT_0p7,0.5073625349487418,775,False,,,False,False,False,False,False,5.0,0.04597701149425287
UDetect,ForestCovertype,771,0.58,37,0.0,0.918758466982052,0,11,802,3297,1913,True,0.9364512851269308,0.05363948514200551,0.43705843581584153,0.9364512851269308,0.980097114542019,0.915088366914384,-3.181649610463174,-2.10523109526996,2.3061762316703245,1.5150308215472654,0.4335808906591327,0.05363948514200551,0.10738767597067363,0.053748190828668115,0.43705843581584153,0.34179753943748264,0.09526089637835888,0.9364512851269308,0.7387090584814375,0.19774222664549324,0.980097114542019,0.7526250287625867,0.22747208577943223,0.915088366914384,0.6823775896088475,0.23271077730553646,239.0,0.22180801491146318,389.0,0.3616029822926375,778.0,0.7241379310344828,1018.0,0.9478098788443616,656.0,0.6104380242311277,0.22180801491146318,WACC_0p1_WRT_0p9,0.5731593662628145,776,False,,,False,False,False,False,False,11.0,0.11494252873563218
UDetect,ForestCovertype,393,0.58,62,0.0,0.7842659700318733,0,26,3540,1,4073,False,0.8312486255541989,0.1392954989716886,0.3068003377562598,0.8312486255541989,0.9471485885563523,0.927795693723999,-3.181649610463174,-2.10523109526996,2.3061762316703245,1.5150308215472654,0.4335808906591327,0.1392954989716886,0.252986756918131,0.11369125794644239,0.3068003377562598,0.31412512128399184,0.007324783527732026,0.8312486255541989,0.5879089604575879,0.24333966509661098,0.9471485885563523,0.5893561084348372,0.3577924801215151,0.927795693723999,0.6103326705577683,0.31746302316623065,577.0,0.5368126747437092,240.0,0.22273998136067102,600.0,0.5582479030754893,589.0,0.5479962721342032,595.0,0.5535880708294502,0.22273998136067102,WACC_0p3_WRT_0p7,0.4838769804287046,777,False,,,False,False,False,False,False,26.0,0.28735632183908044
UDetect,ForestCovertype,258,0.58,30,0.0,0.9729224656013556,0,4,2999,1233,4204,True,0.9788194234027437,0.11199107322659677,0.48951712015468507,0.9788194234027437,0.9933664340688685,0.9099707607476553,-3.181649610463174,-2.10523109526996,2.3061762316703245,1.5150308215472654,0.4335808906591327,0.11199107322659677,0.10743611264207156,0.004554960584525203,0.48951712015468507,0.3515491387976175,0.13796798135706756,0.9788194234027437,0.7512270116383408,0.22759241176440292,0.9933664340688685,0.7412175089310544,0.25214892513781406,0.9099707607476553,0.6944035274189381,0.2155672333287172,240.0,0.22273998136067102,552.0,0.5135135135135135,876.0,0.8154706430568499,787.0,0.7325256290773532,890.0,0.8285181733457595,0.22273998136067102,WACC_0p1_WRT_0p9,0.6225535880708294,778,False,,,False,False,False,False,False,4.0,0.034482758620689655
UDetect,ForestCovertype,727,0.58,1113,0.0,0.0200661043081681,0,88,1924,3564,48,True,0.23347655542124404,1.0,0.7347927931620265,0.23347655542124404,0.7599317570972122,1.0,-3.181649610463174,-2.10523109526996,2.3061762316703245,1.5150308215472654,0.4335808906591327,1.0,0.20609110485024423,0.7939088951497557,0.7347927931620265,0.3147667624336041,0.42002603072842243,0.23347655542124404,0.5362547275325138,0.3027781721112698,0.7599317570972122,0.6058042129807503,0.1541275441164619,1.0,0.599279894159692,0.40072010584030804,501.0,0.4659832246039143,241.0,0.22367194780987884,569.0,0.5293569431500466,594.0,0.5526561043802423,589.0,0.5479962721342032,0.22367194780987884,WACC_0p3_WRT_0p7,0.46393289841565705,779,False,,,False,False,False,False,False,88.0,1.0
UDetect,ForestCovertype,975,0.69,308,0.4999999999999997,0.361218880698971,0,49,2631,1921,4714,False,0.1850615262719125,0.5667970123344845,0.4634932126432033,0.1850615262719125,0.2616714852049466,0.4244863413775205,-3.181649610463174,-2.10523109526996,2.3061762316703245,1.5150308215472654,0.4335808906591327,0.5667970123344845,0.44270441554555295,0.12409259678893159,0.4634932126432033,0.4004673603316022,0.06302585231160113,0.1850615262719125,0.42196971307077547,0.23690818679886297,0.2616714852049466,0.36014584151729956,0.09847435631235296,0.4244863413775205,0.38156503661291663,0.042921304764603874,919.0,0.8555452003727866,871.0,0.8108108108108109,241.0,0.22367194780987884,303.0,0.2814538676607642,337.0,0.3131407269338304,0.22367194780987884,WACC_0p5_WRT_0p5,0.4969245107176142,780,False,,,False,False,False,False,False,49.0,0.5517241379310345
UDetect,ForestCovertype,622,0.69,606,0.4999999999999997,0.1815968608241818,0,82,3525,775,4738,False,0.3958173078636866,0.7691020478681125,0.6700787290160399,0.3958173078636866,0.2176669427683912,0.44145766513543694,-3.181649610463174,-2.10523109526996,2.3061762316703245,1.5150308215472654,0.4335808906591327,0.7691020478681125,0.5094701909423296,0.25963185692578294,0.6700787290160399,0.4403298975829281,0.2297488314331118,0.3958173078636866,0.4539130112001751,0.0580957033364885,0.2176669427683912,0.3399144525524434,0.12224750978405222,0.44145766513543694,0.3651506465732073,0.07630701856222966,1049.0,0.9767008387698043,962.0,0.8956197576887233,376.0,0.3494874184529357,241.0,0.22367194780987884,299.0,0.2777260018639329,0.22367194780987884,WACC_0p7_WRT_0p3,0.544641192917055,781,False,,,False,False,False,False,False,82.0,0.9310344827586207
UDetect,ForestCovertype,519,0.58,28,0.0,0.9906645581969952,0,2,787,4730,4562,True,0.9926976349741923,0.13110486292620857,0.5067006158106627,0.9926976349741923,0.9977129650069035,0.9082944250857279,-3.181649610463174,-2.10523109526996,2.3061762316703245,1.5150308215472654,0.4335808906591327,0.13110486292620857,0.10743948920638367,0.023665373719824898,0.5067006158106627,0.3480635082900067,0.15863710752065602,0.9926976349741923,0.7504350679117616,0.24226256706243066,0.9977129650069035,0.739462919450364,0.2582500455565395,0.9082944250857279,0.6818636638838456,0.22643076120188232,241.0,0.22367194780987884,456.0,0.424044734389562,863.0,0.8033550792171482,748.0,0.6961789375582479,655.0,0.6095060577819198,0.22367194780987884,WACC_0p1_WRT_0p9,0.5513513513513513,782,False,,,False,False,False,False,False,2.0,0.011494252873563218
UDetect,ForestCovertype,57,0.69,258,0.4999999999999997,0.4081771842568474,0,38,4067,5000,3182,False,0.12996397211088684,0.5139087234905151,0.40948588439214256,0.12996397211088684,0.2731755238695917,0.42004955476662076,-3.181649610463174,-2.10523109526996,2.3061762316703245,1.5150308215472654,0.4335808906591327,0.5139087234905151,0.4513197027726839,0.06258902071783118,0.40948588439214256,0.4403223057329134,0.03083642134077086,0.12996397211088684,0.4359744972796602,0.30601052516877336,0.2731755238695917,0.340323730572809,0.0671482067032173,0.42004955476662076,0.3753552464818407,0.04469430828478005,946.0,0.880708294501398,961.0,0.8946877912395154,305.0,0.2833178005591799,242.0,0.22460391425908668,318.0,0.2954333643988816,0.22460391425908668,WACC_0p7_WRT_0p3,0.5157502329916123,783,False,,,False,False,False,False,False,38.0,0.42528735632183906
UDetect,ForestCovertype,933,0.58,31,0.0,0.9644762707294906,0,5,643,987,3493,True,0.9722126447054984,0.10289187640567356,0.48133684761310763,0.9722126447054984,0.9912972504524864,0.9107687871132021,-3.181649610463174,-2.10523109526996,2.3061762316703245,1.5150308215472654,0.4335808906591327,0.10289187640567356,0.10744792437703699,0.004556047971363428,0.48133684761310763,0.3505124399115448,0.13082440770156284,0.9722126447054984,0.7469538593419071,0.22525878536359134,0.9912972504524864,0.7495036753846149,0.24179357506787147,0.9107687871132021,0.6807436956526348,0.23002509146056727,242.0,0.22460391425908668,515.0,0.4790307548928239,828.0,0.7707362534948742,969.0,0.902143522833178,647.0,0.6020503261882573,0.22460391425908668,WACC_0p1_WRT_0p9,0.5957129543336439,784,False,,,False,False,False,False,False,5.0,0.04597701149425287
UDetect,ForestCovertype,802,0.58,174,0.0,0.5124732356577455,0,58,4246,367,499,True,0.6186470369369882,0.44541074488457144,0.16846923457812096,0.6186470369369882,0.8805636847564123,0.9534756325941224,-3.181649610463174,-2.10523109526996,2.3061762316703245,1.5150308215472654,0.4335808906591327,0.44541074488457144,0.2085037206640393,0.23690702422053214,0.16846923457812096,0.3166243726425149,0.14815513806439395,0.6186470369369882,0.666226015389988,0.047578978452999854,0.8805636847564123,0.6953740472865899,0.18518963746982242,0.9534756325941224,0.6744744997291888,0.27900113286493355,507.0,0.47157502329916123,243.0,0.2255358807082945,645.0,0.6001863932898416,635.0,0.5908667287977633,636.0,0.5917986952469712,0.2255358807082945,WACC_0p3_WRT_0p7,0.4959925442684064,785,False,,,False,False,False,False,False,58.0,0.6551724137931034
UDetect,ForestCovertype,977,0.73,831,0.6818181818181817,0.0977157503827296,0,49,1754,822,2936,False,0.6364592089317053,0.8457689980146126,0.8105748781304734,0.6364592089317053,0.13240207021007314,0.25182656271522935,-3.181649610463174,-2.10523109526996,2.3061762316703245,1.5150308215472654,0.4335808906591327,0.8457689980146126,0.4936400090695451,0.3521289889450675,0.8105748781304734,0.40163514415114787,0.4089397339793255,0.6364592089317053,0.4335847751937309,0.20287443373797437,0.13240207021007314,0.3712191813662332,0.23881711115616008,0.25182656271522935,0.34365465239579207,0.09182808968056272,1030.0,0.9589934762348555,876.0,0.8154706430568499,295.0,0.2739981360671016,331.0,0.30754892823858343,243.0,0.2255358807082945,0.2255358807082945,WACC_0p9_WRT_0p1,0.5163094128611371,786,False,,,False,False,False,False,False,49.0,0.5517241379310345
UDetect,ForestCovertype,452,0.58,28,0.0,0.9906645581969952,0,2,1,1018,2034,True,0.9926976349741923,0.13110486292620857,0.5067006158106627,0.9926976349741923,0.9977129650069035,0.9082944250857279,-3.181649610463174,-2.10523109526996,2.3061762316703245,1.5150308215472654,0.4335808906591327,0.13110486292620857,0.1074589923704518,0.023645870555756773,0.5067006158106627,0.3302484293884341,0.17645218642222865,0.9926976349741923,0.7322554822762956,0.2604421526978967,0.9977129650069035,0.7549930919540916,0.24271987305281195,0.9082944250857279,0.6950099807147169,0.21328444437101102,243.0,0.2255358807082945,314.0,0.2917054986020503,750.0,0.6980428704566636,1042.0,0.9701770736253494,910.0,0.8471575023299162,0.2255358807082945,WACC_0p1_WRT_0p9,0.6065237651444548,787,False,,,False,False,False,False,False,2.0,0.011494252873563218
UDetect,ForestCovertype,346,0.58,31,0.0,0.9644762707294906,0,5,789,5000,215,True,0.9722126447054984,0.10289187640567356,0.48133684761310763,0.9722126447054984,0.9912972504524864,0.9107687871132021,-3.181649610463174,-2.10523109526996,2.3061762316703245,1.5150308215472654,0.4335808906591327,0.10289187640567356,0.15268097390997545,0.049789097504301896,0.48133684761310763,0.31665076532734626,0.16468608228576137,0.9722126447054984,0.6655150869537966,0.3066975577517018,0.9912972504524864,0.6946845268683244,0.296612723584162,0.9107687871132021,0.6542155168903899,0.25655327022281216,425.0,0.3951537744641193,244.0,0.22646784715750232,644.0,0.5992544268406338,634.0,0.5899347623485555,623.0,0.5796831314072693,0.22646784715750232,WACC_0p3_WRT_0p7,0.47809878844361603,788,False,,,False,False,False,False,False,5.0,0.04597701149425287
UDetect,ForestCovertype,1022,0.58,30,0.0,0.9729224656013556,0,4,792,3807,3063,True,0.9788194234027437,0.11199107322659677,0.48951712015468507,0.9788194234027437,0.9933664340688685,0.9099707607476553,-3.181649610463174,-2.10523109526996,2.3061762316703245,1.5150308215472654,0.4335808906591327,0.11199107322659677,0.10747202579275672,0.0045190474338400455,0.48951712015468507,0.34206456255172824,0.14745255760295684,0.9788194234027437,0.7497544714257083,0.22906495197703547,0.9933664340688685,0.750189078876701,0.24317735519216743,0.9099707607476553,0.6874117201345267,0.2225590406131286,244.0,0.22646784715750232,392.0,0.36439888164026096,854.0,0.7949673811742777,981.0,0.9133271202236719,724.0,0.67381174277726,0.22646784715750232,WACC_0p1_WRT_0p9,0.5945945945945945,789,False,,,False,False,False,False,False,4.0,0.034482758620689655
UDetect,ForestCovertype,730,0.58,32,0.0,0.956290000443551,0,6,3342,175,4371,True,0.9658091840992082,0.09407269975973002,0.47340831612005946,0.9658091840992082,0.9892917442320025,0.9115422548845219,-3.181649610463174,-2.10523109526996,2.3061762316703245,1.5150308215472654,0.4335808906591327,0.09407269975973002,0.1322415318232973,0.03816883206356726,0.47340831612005946,0.3176523645023525,0.15575595161770694,0.9658091840992082,0.7207086274218165,0.24510055667739172,0.9892917442320025,0.7287352290452311,0.26055651518677136,0.9115422548845219,0.6964644805653205,0.2150777743192014,379.0,0.35228331780055916,245.0,0.22739981360671016,717.0,0.6672879776328052,669.0,0.6225535880708295,952.0,0.8863000931966449,0.22739981360671016,WACC_0p3_WRT_0p7,0.5511649580615098,790,False,,,False,False,False,False,False,6.0,0.05747126436781609
UDetect,ForestCovertype,779,0.58,32,0.0,0.956290000443551,0,6,261,4365,2760,True,0.9658091840992082,0.09407269975973002,0.47340831612005946,0.9658091840992082,0.9892917442320025,0.9115422548845219,-3.181649610463174,-2.10523109526996,2.3061762316703245,1.5150308215472654,0.4335808906591327,0.09407269975973002,0.1074813934532022,0.013408693693472182,0.47340831612005946,0.3275309292147995,0.14587738690525998,0.9658091840992082,0.7467843804017553,0.21902480369745292,0.9892917442320025,0.7521353704895426,0.2371563737424599,0.9115422548845219,0.6907578508715098,0.22078440401301214,245.0,0.22739981360671016,287.0,0.26654240447343897,827.0,0.7698042870456664,1009.0,0.9394221808014911,796.0,0.7409133271202236,0.22739981360671016,WACC_0p1_WRT_0p9,0.5888164026095061,791,False,,,False,False,False,False,False,6.0,0.05747126436781609
UDetect,ForestCovertype,197,0.73,275,0.6818181818181817,0.3912647336749902,0,9,1194,1974,1,True,0.2920295813595552,0.5151500820420711,0.4729605458986803,0.2920295813595552,0.0574550476735931,0.22409101649582416,-3.181649610463174,-2.10523109526996,2.3061762316703245,1.5150308215472654,0.4335808906591327,0.5151500820420711,0.3031618308136249,0.21198825122844622,0.4729605458986803,0.32945530973849496,0.14350523616018535,0.2920295813595552,0.4236673685168865,0.13163778715733132,0.0574550476735931,0.3724650875942183,0.3150100399206252,0.22409101649582416,0.37253348057498603,0.14844246407916187,635.0,0.5908667287977633,301.0,0.27958993476234856,246.0,0.22833178005591798,336.0,0.31220876048462254,309.0,0.2870456663560112,0.22833178005591798,WACC_0p5_WRT_0p5,0.3396085740913327,792,False,,,False,False,False,False,False,9.0,0.09195402298850575
UDetect,ForestCovertype,994,0.58,30,0.0,0.9729224656013556,0,4,1490,2519,3217,True,0.9788194234027437,0.11199107322659677,0.48951712015468507,0.9788194234027437,0.9933664340688685,0.9099707607476553,-3.181649610463174,-2.10523109526996,2.3061762316703245,1.5150308215472654,0.4335808906591327,0.11199107322659677,0.10757852148496755,0.004412551741629217,0.48951712015468507,0.358237196164136,0.13127992399054905,0.9788194234027437,0.7563731680686565,0.22244625533408724,0.9933664340688685,0.7497288504376739,0.2436375836311946,0.9099707607476553,0.6902446286562189,0.21972613209143632,246.0,0.22833178005591798,739.0,0.6877912395153775,988.0,0.9198508853681268,974.0,0.9068033550792172,787.0,0.7325256290773532,0.22833178005591798,WACC_0p1_WRT_0p9,0.6950605778191985,793,False,,,False,False,False,False,False,4.0,0.034482758620689655
UDetect,ForestCovertype,884,0.72,623,0.6363636363636361,0.1742486154782991,0,47,1985,1708,2724,False,0.5111055209346084,0.7640231221108175,0.7115476187711665,0.5111055209346084,0.05718384356787443,0.29398458853071596,-3.181649610463174,-2.10523109526996,2.3061762316703245,1.5150308215472654,0.4335808906591327,0.7640231221108175,0.4321617572843452,0.33186136482647227,0.7115476187711665,0.39413956991345206,0.3174080488577144,0.5111055209346084,0.44168026437089103,0.06942525656371734,0.05718384356787443,0.37046974364126833,0.3132859000733939,0.29398458853071596,0.3458960815750835,0.05191149304436754,886.0,0.8247903075489282,857.0,0.7977632805219013,330.0,0.3066169617893756,329.0,0.30568499534016774,247.0,0.22926374650512582,0.22926374650512582,WACC_0p9_WRT_0p1,0.4928238583410997,794,False,,,False,False,False,False,False,47.0,0.5287356321839081
UDetect,ForestCovertype,862,0.58,28,0.0,0.9906645581969952,0,2,2563,454,1396,True,0.9926976349741923,0.13110486292620857,0.5067006158106627,0.9926976349741923,0.9977129650069035,0.9082944250857279,-3.181649610463174,-2.10523109526996,2.3061762316703245,1.5150308215472654,0.4335808906591327,0.13110486292620857,0.14867311978029513,0.017568256854086556,0.5067006158106627,0.31821293831925473,0.188487677491408,0.9926976349741923,0.6975891740082109,0.2951084609659814,0.9977129650069035,0.7313392861854888,0.2663736788214147,0.9082944250857279,0.6969417224941689,0.21135270259155903,421.0,0.391425908667288,247.0,0.22926374650512582,674.0,0.6272134203168686,680.0,0.6328052190121156,962.0,0.8956197576887233,0.22926374650512582,WACC_0p3_WRT_0p7,0.5552656104380242,795,False,,,False,False,False,False,False,2.0,0.011494252873563218
UDetect,ForestCovertype,510,0.58,29,0.0,0.9816456337335658,0,3,3154,1730,4528,True,0.9856428559972665,0.1213886569836784,0.497965645654041,0.9856428559972665,0.995503471735646,0.9091465649688208,-3.181649610463174,-2.10523109526996,2.3061762316703245,1.5150308215472654,0.4335808906591327,0.1213886569836784,0.1075867524514288,0.013801904532249595,0.497965645654041,0.35294837159307807,0.14501727406096293,0.9856428559972665,0.7539410616897358,0.23170179430753068,0.995503471735646,0.7366089827978758,0.25889448893777023,0.9091465649688208,0.6954197246561211,0.21372684031269973,247.0,0.22926374650512582,595.0,0.5535880708294502,932.0,0.8676607642124884,705.0,0.6561043802423113,928.0,0.863932898415657,0.22926374650512582,WACC_0p1_WRT_0p9,0.6341099720410066,796,False,,,False,False,False,False,False,3.0,0.022988505747126436
UDetect,ForestCovertype,633,0.58,30,0.0,0.9729224656013556,0,4,3547,4976,1085,True,0.9788194234027437,0.11199107322659677,0.48951712015468507,0.9788194234027437,0.9933664340688685,0.9099707607476553,-3.181649610463174,-2.10523109526996,2.3061762316703245,1.5150308215472654,0.4335808906591327,0.11199107322659677,0.10759808114352287,0.004392992083073893,0.48951712015468507,0.3522702824223563,0.13724683773232876,0.9788194234027437,0.7457195779970307,0.23309984540571305,0.9933664340688685,0.7513480987929745,0.242018335275894,0.9099707607476553,0.7000231391483422,0.20994762159931302,248.0,0.23019571295433364,573.0,0.5330848089468779,818.0,0.7614165890027959,1002.0,0.9328984156570364,1008.0,0.9384902143522833,0.23019571295433364,WACC_0p1_WRT_0p9,0.6792171481826654,797,False,,,False,False,False,False,False,4.0,0.034482758620689655
UDetect,ForestCovertype,569,0.69,329,0.4999999999999997,0.3437268581131579,0,53,3455,3755,2966,False,0.20558542915566713,0.5864979613230591,0.48361100510993144,0.20558542915566713,0.25738621744815854,0.4261390495404259,-3.181649610463174,-2.10523109526996,2.3061762316703245,1.5150308215472654,0.4335808906591327,0.5864979613230591,0.4434853979808208,0.14301256334223827,0.48361100510993144,0.432006233063886,0.05160477204604541,0.20558542915566713,0.42380773643730596,0.21822230728163883,0.25738621744815854,0.3420576548809404,0.08467143743278188,0.4261390495404259,0.35776187604390164,0.06837717349652428,923.0,0.8592730661696178,941.0,0.8760484622553588,249.0,0.23112767940354148,249.0,0.23112767940354148,280.0,0.26001863932898417,0.23112767940354148,WACC_0p5_WRT_0p5,0.4915191053122087,798,False,,,False,False,False,False,False,53.0,0.5977011494252874
UDetect,ForestCovertype,836,0.58,28,0.0,0.9906645581969952,0,2,2200,787,3090,True,0.9926976349741923,0.13110486292620857,0.5067006158106627,0.9926976349741923,0.9977129650069035,0.9082944250857279,-3.181649610463174,-2.10523109526996,2.3061762316703245,1.5150308215472654,0.4335808906591327,0.13110486292620857,0.10782317686517667,0.023281686061031898,0.5067006158106627,0.34807071337358586,0.15862990243707686,0.9926976349741923,0.7505721250790828,0.2421255098951095,0.9977129650069035,0.7489288471827209,0.24878411782418264,0.9082944250857279,0.6946308666624961,0.21366355842323181,249.0,0.23112767940354148,457.0,0.4249767008387698,868.0,0.8080149114631874,960.0,0.8937558247903076,900.0,0.8378378378378378,0.23112767940354148,WACC_0p1_WRT_0p9,0.6391425908667288,799,False,,,False,False,False,False,False,2.0,0.011494252873563218
UDetect,ForestCovertype,470,0.58,30,0.0,0.9729224656013556,0,4,4253,2064,4508,True,0.9788194234027437,0.11199107322659677,0.48951712015468507,0.9788194234027437,0.9933664340688685,0.9099707607476553,-3.181649610463174,-2.10523109526996,2.3061762316703245,1.5150308215472654,0.4335808906591327,0.11199107322659677,0.10782713833151739,0.00416393489507938,0.48951712015468507,0.3567866964702918,0.13273042368439325,0.9788194234027437,0.7519555607895337,0.22686386261321,0.9933664340688685,0.7390415515624629,0.2543248825064056,0.9099707607476553,0.6951853742382351,0.21478538650942014,250.0,0.2320596458527493,717.0,0.6672879776328052,890.0,0.8285181733457595,736.0,0.684995340167754,919.0,0.8555452003727866,0.2320596458527493,WACC_0p1_WRT_0p9,0.6536812674743709,800,False,,,False,False,False,False,False,4.0,0.034482758620689655
UDetect,ForestCovertype,624,0.61,212,0.1363636363636364,0.4601961447072275,0,30,1072,87,35,True,0.4177554226307176,0.4909343661472165,0.26161134778179296,0.4177554226307176,0.7090737318616056,0.8102475922347191,-3.181649610463174,-2.10523109526996,2.3061762316703245,1.5150308215472654,0.4335808906591327,0.4909343661472165,0.28341155906232807,0.20752280708488846,0.26161134778179296,0.3191705731027462,0.057559225320953256,0.4177554226307176,0.5485808675013711,0.13082544487065356,0.7090737318616056,0.6183890966127628,0.09068463524884285,0.8102475922347191,0.5839742291483917,0.2262733630863274,609.0,0.5666356011183598,251.0,0.23299161230195714,577.0,0.5368126747437092,603.0,0.5610438024231128,583.0,0.5424044734389561,0.23299161230195714,WACC_0p3_WRT_0p7,0.48797763280521894,801,False,,,False,False,False,False,False,30.0,0.3333333333333333
UDetect,ForestCovertype,648,0.58,27,0.0,1.0,1,1,487,697,4169,True,1.0,0.1411620571615409,0.5157421379875897,1.0,1.0,0.907412379524875,-3.181649610463174,-2.10523109526996,2.3061762316703245,1.5150308215472654,0.4335808906591327,0.1411620571615409,0.10785347328132874,0.033308583880212156,0.5157421379875897,0.3457465577426944,0.1699955802448953,1.0,0.7450848849385445,0.2549151150614555,1.0,0.7438169855273842,0.2561830144726158,0.907412379524875,0.6849302448864788,0.22248213463839617,251.0,0.23299161230195714,428.0,0.3979496738117428,814.0,0.7576887232059646,852.0,0.7931034482758621,683.0,0.6356011183597391,0.23299161230195714,WACC_0p1_WRT_0p9,0.5634669151910532,802,False,,,False,False,False,False,False,1.0,0.0
UDetect,ForestCovertype,524,0.71,546,0.5909090909090907,0.2092855508480575,0,49,1944,2176,3896,False,0.43444022375026886,0.7290133620993445,0.6602453436635305,0.43444022375026886,0.1186616349342022,0.34006329655712164,-3.181649610463174,-2.10523109526996,2.3061762316703245,1.5150308215472654,0.4335808906591327,0.7290133620993445,0.4293643289713408,0.29964903312800373,0.6602453436635305,0.4256393660802536,0.2346059775832769,0.43444022375026886,0.4693066020409802,0.03486637829071132,0.1186616349342022,0.3458814887501525,0.2272198538159503,0.34006329655712164,0.3489727728866044,0.008909476329482746,876.0,0.8154706430568499,923.0,0.8592730661696178,431.0,0.40074557315936626,263.0,0.24417520969245107,252.0,0.23392357875116496,0.23392357875116496,WACC_0p9_WRT_0p1,0.51071761416589,803,False,,,False,False,False,False,False,49.0,0.5517241379310345
UDetect,ForestCovertype,336,0.58,30,0.0,0.9729224656013556,0,4,5000,2857,2535,True,0.9788194234027437,0.11199107322659677,0.48951712015468507,0.9788194234027437,0.9933664340688685,0.9099707607476553,-3.181649610463174,-2.10523109526996,2.3061762316703245,1.5150308215472654,0.4335808906591327,0.11199107322659677,0.10787512087117491,0.004115952355421851,0.48951712015468507,0.3566877273493545,0.13282939280533057,0.9788194234027437,0.7535118113265041,0.22530761207623962,0.9933664340688685,0.7381194371229124,0.2552469969459561,0.9099707607476553,0.6870923066796926,0.2228784540679627,252.0,0.23392357875116496,714.0,0.6644920782851818,926.0,0.8620689655172413,723.0,0.6728797763280522,713.0,0.6635601118359739,0.23392357875116496,WACC_0p1_WRT_0p9,0.6193849021435228,804,False,,,False,False,False,False,False,4.0,0.034482758620689655
UDetect,ForestCovertype,206,0.78,687,0.9090909090909092,0.148273580761718,0,2,2753,667,1,True,0.7549153934146249,0.766568090948089,0.8074569918695808,0.7549153934146249,0.3210537760656996,0.008027603439083498,-3.181649610463174,-2.10523109526996,2.3061762316703245,1.5150308215472654,0.4335808906591327,0.766568090948089,0.36052846657441456,0.4060396243736744,0.8074569918695808,0.31968092675693993,0.4877760651126408,0.7549153934146249,0.45459390591738363,0.30032148749724125,0.3210537760656996,0.4586672645602664,0.13761348849456678,0.008027603439083498,0.43254318871641145,0.42451558527732797,726.0,0.6756756756756757,253.0,0.23485554520037277,380.0,0.353215284249767,506.0,0.4706430568499534,448.0,0.41658900279589933,0.23485554520037277,WACC_0p3_WRT_0p7,0.43019571295433356,805,False,,,False,False,False,False,False,2.0,0.011494252873563218
UDetect,ForestCovertype,27,0.58,30,0.0,0.9729224656013556,0,4,3,1087,1933,True,0.9788194234027437,0.11199107322659677,0.48951712015468507,0.9788194234027437,0.9933664340688685,0.9099707607476553,-3.181649610463174,-2.10523109526996,2.3061762316703245,1.5150308215472654,0.4335808906591327,0.11199107322659677,0.10794629310666504,0.004044780119931729,0.48951712015468507,0.33183540186132854,0.15768171829335653,0.9788194234027437,0.7299679580404992,0.24885146536224456,0.9933664340688685,0.757419273755943,0.2359471603129255,0.9099707607476553,0.6916023900694458,0.21836837067820947,253.0,0.23485554520037277,321.0,0.2982292637465051,742.0,0.6905871388630009,1058.0,0.9850885368126747,821.0,0.7642124883504194,0.23485554520037277,WACC_0p1_WRT_0p9,0.5945945945945945,806,False,,,False,False,False,False,False,4.0,0.034482758620689655
UDetect,ForestCovertype,857,0.68,210,0.4545454545454547,0.4627059066470992,0,29,2534,3740,4943,False,0.046386552602780934,0.456945715939884,0.3357658628998212,0.046386552602780934,0.33942849352255405,0.46428660981319797,-3.181649610463174,-2.10523109526996,2.3061762316703245,1.5150308215472654,0.4335808906591327,0.456945715939884,0.4210464526592363,0.035899263280647686,0.3357658628998212,0.39323635411744673,0.05747049121762554,0.046386552602780934,0.42476825640533095,0.37838170380255,0.33942849352255405,0.40171836978439485,0.06228987626184079,0.46428660981319797,0.43510939947478344,0.029177210338414528,848.0,0.7893755824790307,854.0,0.7949673811742777,254.0,0.23578751164958062,407.0,0.3783783783783784,452.0,0.42031686859273065,0.23578751164958062,WACC_0p5_WRT_0p5,0.5237651444547996,807,False,,,False,False,False,False,False,29.0,0.3218390804597701
UDetect,ForestCovertype,949,0.7,395,0.5454545454545452,0.2952233452205888,0,42,946,1847,4858,False,0.29805145652422665,0.6366748842813004,0.5504013583121348,0.29805145652422665,0.1926093284406241,0.38133271138943975,-3.181649610463174,-2.10523109526996,2.3061762316703245,1.5150308215472654,0.4335808906591327,0.6366748842813004,0.46153051780022686,0.1751443664810735,0.5504013583121348,0.42716570344007226,0.1232356548720625,0.29805145652422665,0.44559983410977355,0.1475483775855469,0.1926093284406241,0.343213869565291,0.1506045411246669,0.38133271138943975,0.3795293229733321,0.0018033884161076652,973.0,0.9058713886300093,927.0,0.8630009319664492,344.0,0.3196644920782852,254.0,0.23578751164958062,326.0,0.30288909599254427,0.23578751164958062,WACC_0p7_WRT_0p3,0.5254426840633737,808,False,,,False,False,False,False,False,42.0,0.47126436781609193
UDetect,ForestCovertype,433,0.58,29,0.0,0.9816456337335658,0,3,3529,1984,2772,True,0.9856428559972665,0.1213886569836784,0.497965645654041,0.9856428559972665,0.995503471735646,0.9091465649688208,-3.181649610463174,-2.10523109526996,2.3061762316703245,1.5150308215472654,0.4335808906591327,0.1213886569836784,0.10795512657182854,0.013433530411849859,0.497965645654041,0.3545783314472794,0.1433873142067616,0.9856428559972665,0.7584645791677733,0.2271782768294932,0.995503471735646,0.7459887402144312,0.24951473152121484,0.9091465649688208,0.7009303794886593,0.20821618548016152,254.0,0.23578751164958062,658.0,0.6123019571295434,1031.0,0.9599254426840633,903.0,0.8406337371854613,1025.0,0.9543336439888164,0.23578751164958062,WACC_0p1_WRT_0p9,0.7205964585274931,809,False,,,False,False,False,False,False,3.0,0.022988505747126436
UDetect,ForestCovertype,1007,0.58,30,0.0,0.9729224656013556,0,4,2769,910,804,True,0.9788194234027437,0.11199107322659677,0.48951712015468507,0.9788194234027437,0.9933664340688685,0.9099707607476553,-3.181649610463174,-2.10523109526996,2.3061762316703245,1.5150308215472654,0.4335808906591327,0.11199107322659677,0.1796020760016183,0.06761100277502152,0.48951712015468507,0.31989143338422676,0.1696256867704583,0.9788194234027437,0.6726477473866578,0.30617167601608597,0.9933664340688685,0.7299817825267542,0.2633846515421143,0.9099707607476553,0.699151686957853,0.21081907378980225,464.0,0.4315004659832246,255.0,0.23671947809878843,648.0,0.6029822926374651,674.0,0.6272134203168686,994.0,0.9254426840633737,0.23671947809878843,WACC_0p3_WRT_0p7,0.5647716682199441,810,False,,,False,False,False,False,False,4.0,0.034482758620689655
UDetect,ForestCovertype,85,0.58,30,0.0,0.9729224656013556,0,4,900,1850,5000,True,0.9788194234027437,0.11199107322659677,0.48951712015468507,0.9788194234027437,0.9933664340688685,0.9099707607476553,-3.181649610463174,-2.10523109526996,2.3061762316703245,1.5150308215472654,0.4335808906591327,0.11199107322659677,0.10798972131391255,0.00400135191268422,0.48951712015468507,0.3471959638977258,0.1423211562569593,0.9788194234027437,0.755272885814797,0.22354653758794674,0.9933664340688685,0.7440744768834036,0.24929195718546493,0.9099707607476553,0.6801099805579508,0.22986078018970446,255.0,0.23671947809878843,445.0,0.41379310344827586,962.0,0.8956197576887233,860.0,0.8005591798695247,643.0,0.5983224603914259,0.23671947809878843,WACC_0p1_WRT_0p9,0.5890027958993477,811,False,,,False,False,False,False,False,4.0,0.034482758620689655
UDetect,ForestCovertype,528,0.58,31,0.0,0.9644762707294906,0,5,1246,729,1381,True,0.9722126447054984,0.10289187640567356,0.48133684761310763,0.9722126447054984,0.9912972504524864,0.9107687871132021,-3.181649610463174,-2.10523109526996,2.3061762316703245,1.5150308215472654,0.4335808906591327,0.10289187640567356,0.1314651608072615,0.028573284401587948,0.48133684761310763,0.32057598114684976,0.16076086646625787,0.9722126447054984,0.7096853670647993,0.26252727764069905,0.9912972504524864,0.7446558563406214,0.24664139411186503,0.9107687871132021,0.6878725769577072,0.22289621015549488,376.0,0.3494874184529357,256.0,0.23765144454799628,702.0,0.6533084808946877,875.0,0.8145386766076421,738.0,0.6868592730661697,0.23765144454799628,WACC_0p3_WRT_0p7,0.5483690587138863,812,False,,,False,False,False,False,False,5.0,0.04597701149425287
UDetect,ForestCovertype,402,0.69,362,0.4999999999999997,0.3183712248231429,0,60,4018,3950,5000,False,0.2353359370027372,0.6150555529662766,0.5127728339315281,0.2353359370027372,0.2511744899445152,0.42853473945612675,-3.181649610463174,-2.10523109526996,2.3061762316703245,1.5150308215472654,0.4335808906591327,0.6150555529662766,0.484494816829706,0.13056073613657054,0.5127728339315281,0.4925169082959821,0.020255925635545957,0.2353359370027372,0.47025525775854154,0.23491932075580435,0.2511744899445152,0.3437059635352213,0.09253147359070613,0.42853473945612675,0.35763583053579806,0.07089890892032868,1015.0,0.9450139794967382,1048.0,0.9757688723205965,434.0,0.40354147250698974,256.0,0.23765144454799628,279.0,0.2590866728797763,0.23765144454799628,WACC_0p7_WRT_0p3,0.5642124883504194,813,False,,,False,False,False,False,False,60.0,0.6781609195402298
UDetect,ForestCovertype,638,0.58,29,0.0,0.9816456337335658,0,3,3165,818,2983,True,0.9856428559972665,0.1213886569836784,0.497965645654041,0.9856428559972665,0.995503471735646,0.9091465649688208,-3.181649610463174,-2.10523109526996,2.3061762316703245,1.5150308215472654,0.4335808906591327,0.1213886569836784,0.10809328345360207,0.01329537353007633,0.497965645654041,0.3536242580902197,0.1443413875638213,0.9856428559972665,0.7531045628044862,0.2325382931927803,0.995503471735646,0.7441021611675374,0.25140131056810866,0.9091465649688208,0.698279364332751,0.2108672006360699,256.0,0.23765144454799628,622.0,0.5787511649580616,914.0,0.8508853681267474,862.0,0.8024231127679403,989.0,0.9207828518173345,0.23765144454799628,WACC_0p1_WRT_0p9,0.678098788443616,814,False,,,False,False,False,False,False,3.0,0.022988505747126436
UDetect,ForestCovertype,853,0.58,31,0.0,0.9644762707294906,0,5,4335,4793,2438,True,0.9722126447054984,0.10289187640567356,0.48133684761310763,0.9722126447054984,0.9912972504524864,0.9107687871132021,-3.181649610463174,-2.10523109526996,2.3061762316703245,1.5150308215472654,0.4335808906591327,0.10289187640567356,0.10820141458546954,0.005309538179795986,0.48133684761310763,0.35795883324255373,0.1233780143705539,0.9722126447054984,0.7569363258653237,0.21527631884017473,0.9912972504524864,0.7493785636001212,0.24191868685236517,0.9107687871132021,0.7070667063388957,0.2037020807743064,257.0,0.2385834109972041,737.0,0.6859273066169618,1003.0,0.9338303821062441,968.0,0.9012115563839702,1068.0,0.994408201304753,0.2385834109972041,WACC_0p1_WRT_0p9,0.7507921714818266,815,False,,,False,False,False,False,False,5.0,0.04597701149425287
UDetect,ForestCovertype,868,0.58,28,0.0,0.9906645581969952,0,2,2374,185,4246,True,0.9926976349741923,0.13110486292620857,0.5067006158106627,0.9926976349741923,0.9977129650069035,0.9082944250857279,-3.181649610463174,-2.10523109526996,2.3061762316703245,1.5150308215472654,0.4335808906591327,0.13110486292620857,0.12399388725722296,0.0071109756689856085,0.5067006158106627,0.32099775432529964,0.18570286148536308,0.9926976349741923,0.7228846876527341,0.2698129473214582,0.9977129650069035,0.7303782897283987,0.26733467527850485,0.9082944250857279,0.6933488521195152,0.21494557296621264,352.0,0.3271202236719478,258.0,0.23951537744641194,721.0,0.6710158434296365,675.0,0.6281453867660765,862.0,0.8024231127679403,0.23951537744641194,WACC_0p3_WRT_0p7,0.5336439888164026,816,False,,,False,False,False,False,False,2.0,0.011494252873563218
UDetect,ForestCovertype,187,0.67,700,0.4090909090909093,0.1432936998557809,0,84,3660,5000,5000,False,0.36964866190267404,0.8211456204770335,0.692119949257767,0.36964866190267404,0.3140718737810433,0.5438549264718004,-3.181649610463174,-2.10523109526996,2.3061762316703245,1.5150308215472654,0.4335808906591327,0.8211456204770335,0.46816181573577553,0.352983804741258,0.692119949257767,0.46613026938724755,0.22598967987051943,0.36964866190267404,0.4491620082957242,0.07951334639305019,0.3140718737810433,0.344366081062598,0.030294207281554686,0.5438549264718004,0.38764454166591084,0.1562103848058896,987.0,0.918918918918919,1012.0,0.9422180801491147,355.0,0.3299161230195713,258.0,0.23951537744641194,358.0,0.33271202236719477,0.23951537744641194,WACC_0p7_WRT_0p3,0.5526561043802423,817,False,,,False,False,False,False,False,84.0,0.9540229885057471
UDetect,ForestCovertype,747,0.58,29,0.0,0.9816456337335658,0,3,127,4178,1195,True,0.9856428559972665,0.1213886569836784,0.497965645654041,0.9856428559972665,0.995503471735646,0.9091465649688208,-3.181649610463174,-2.10523109526996,2.3061762316703245,1.5150308215472654,0.4335808906591327,0.1213886569836784,0.1082049499478471,0.013183707035831299,0.497965645654041,0.33964072146084917,0.15832492419319183,0.9856428559972665,0.7380315191656602,0.2476113368316063,0.995503471735646,0.7593005142905775,0.23620295744506847,0.9091465649688208,0.6911795196674723,0.21796704530134858,258.0,0.23951537744641194,377.0,0.3504193849021435,774.0,0.7204100652376515,1065.0,0.9916123019571296,810.0,0.7539608574091333,0.23951537744641194,WACC_0p1_WRT_0p9,0.6111835973904939,818,False,,,False,False,False,False,False,3.0,0.022988505747126436
UDetect,ForestCovertype,697,0.69,617,0.4999999999999997,0.1768190006193383,0,83,3509,3466,4544,False,0.4014233113064158,0.7744832654893672,0.6755738053895429,0.4014233113064158,0.21649644289155806,0.4419090942668038,-3.181649610463174,-2.10523109526996,2.3061762316703245,1.5150308215472654,0.4335808906591327,0.7744832654893672,0.4546053568718771,0.3198779086174901,0.6755738053895429,0.4645207783556611,0.21105302703388185,0.4014233113064158,0.46881657288634565,0.06739326157992986,0.21649644289155806,0.34469289334539865,0.1281964504538406,0.4419090942668038,0.3521753647578427,0.08973372950896108,955.0,0.8890959925442684,1008.0,0.9384902143522833,430.0,0.3998136067101584,259.0,0.24044734389561975,259.0,0.24044734389561975,0.24044734389561975,WACC_0p7_WRT_0p3,0.5416589002795898,819,False,,,False,False,False,False,False,83.0,0.9425287356321839
UDetect,ForestCovertype,666,0.58,29,0.0,0.9816456337335658,0,3,4163,2397,2140,True,0.9856428559972665,0.1213886569836784,0.497965645654041,0.9856428559972665,0.995503471735646,0.9091465649688208,-3.181649610463174,-2.10523109526996,2.3061762316703245,1.5150308215472654,0.4335808906591327,0.1213886569836784,0.10824744932708581,0.013141207656592588,0.497965645654041,0.3544024724481401,0.1435631732059009,0.9856428559972665,0.7484972392391879,0.23714561675807866,0.995503471735646,0.7423638883485173,0.2531395833871287,0.9091465649688208,0.6979198687831135,0.21122669618570733,259.0,0.24044734389561975,651.0,0.6057781919850885,844.0,0.7856477166821995,815.0,0.7586206896551724,981.0,0.9133271202236719,0.24044734389561975,WACC_0p1_WRT_0p9,0.6607642124883503,820,False,,,False,False,False,False,False,3.0,0.022988505747126436
UDetect,ForestCovertype,357,0.74,329,0.7272727272727272,0.3437268581131579,0,9,1134,1697,1,True,0.38336259814001716,0.5642394251220575,0.538640307611387,0.38336259814001716,0.011205397051363803,0.17919344151438635,-3.181649610463174,-2.10523109526996,2.3061762316703245,1.5150308215472654,0.4335808906591327,0.5642394251220575,0.3056230257860387,0.25861639933601877,0.538640307611387,0.33496963603826546,0.20367067157312158,0.38336259814001716,0.45242738443451097,0.06906478629449381,0.011205397051363803,0.3701693621773888,0.358963965126025,0.17919344151438635,0.3522411447757213,0.17304770326133498,639.0,0.5945945945945946,342.0,0.31780055917986955,367.0,0.34109972041006525,327.0,0.3038210624417521,260.0,0.2413793103448276,0.2413793103448276,WACC_0p9_WRT_0p1,0.3597390493942218,821,False,,,False,False,False,False,False,9.0,0.09195402298850575
UDetect,ForestCovertype,469,0.58,29,0.0,0.9816456337335658,0,3,1876,225,3627,True,0.9856428559972665,0.1213886569836784,0.497965645654041,0.9856428559972665,0.995503471735646,0.9091465649688208,-3.181649610463174,-2.10523109526996,2.3061762316703245,1.5150308215472654,0.4335808906591327,0.1213886569836784,0.12352034191124553,0.002131684927567129,0.497965645654041,0.32178424114679843,0.17618140450724257,0.9856428559972665,0.7280235487256067,0.2576193072716598,0.995503471735646,0.7380132228947307,0.2574902488409153,0.9091465649688208,0.6850049460221866,0.2241416189466342,350.0,0.32525629077353213,260.0,0.2413793103448276,735.0,0.6840633737185461,716.0,0.6663560111835974,684.0,0.6365330848089469,0.2413793103448276,WACC_0p3_WRT_0p7,0.51071761416589,822,False,,,False,False,False,False,False,3.0,0.022988505747126436
UDetect,ForestCovertype,381,0.58,29,0.0,0.9816456337335658,0,3,655,3562,2491,True,0.9856428559972665,0.1213886569836784,0.497965645654041,0.9856428559972665,0.995503471735646,0.9091465649688208,-3.181649610463174,-2.10523109526996,2.3061762316703245,1.5150308215472654,0.4335808906591327,0.1213886569836784,0.10827037498105525,0.013118282002623147,0.497965645654041,0.3534769667546296,0.14448867889941142,0.9856428559972665,0.7463554350107499,0.23928742098651667,0.995503471735646,0.7580910639376939,0.23741240779795214,0.9091465649688208,0.6904278796745593,0.21871868529426153,260.0,0.2413793103448276,612.0,0.5694315004659832,822.0,0.7651444547996272,1060.0,0.9869524697110904,790.0,0.7353215284249767,0.2413793103448276,WACC_0p1_WRT_0p9,0.659645852749301,823,False,,,False,False,False,False,False,3.0,0.022988505747126436
UDetect,ForestCovertype,75,0.58,28,0.0,0.9906645581969952,0,2,1,2934,5000,True,0.9926976349741923,0.13110486292620857,0.5067006158106627,0.9926976349741923,0.9977129650069035,0.9082944250857279,-3.181649610463174,-2.10523109526996,2.3061762316703245,1.5150308215472654,0.4335808906591327,0.13110486292620857,0.10827327547771518,0.022831587448493396,0.5067006158106627,0.35376350284578745,0.15293711296487528,0.9926976349741923,0.7553784029682215,0.23731923200597083,0.9977129650069035,0.7503251076662917,0.24738785734061186,0.9082944250857279,0.6846864041057752,0.2236080209799527,261.0,0.2423112767940354,628.0,0.5843429636533085,966.0,0.8993476234855545,987.0,0.918918918918919,677.0,0.630009319664492,0.2423112767940354,WACC_0p1_WRT_0p9,0.6549860205032619,824,False,,,False,False,False,False,False,2.0,0.011494252873563218
UDetect,ForestCovertype,1,0.58,29,0.0,0.9816456337335658,0,3,391,3810,420,True,0.9856428559972665,0.1213886569836784,0.497965645654041,0.9856428559972665,0.995503471735646,0.9091465649688208,-3.181649610463174,-2.10523109526996,2.3061762316703245,1.5150308215472654,0.4335808906591327,0.1213886569836784,0.1426906685395614,0.021302011555882988,0.497965645654041,0.3220510960024209,0.17591454965162012,0.9856428559972665,0.6888388706762829,0.2968039853209836,0.995503471735646,0.730570124085137,0.264933347650509,0.9091465649688208,0.6806911632140692,0.22845540175475165,409.0,0.38024231127679403,262.0,0.24324324324324326,659.0,0.6132339235787512,678.0,0.6309412861136999,646.0,0.6011183597390494,0.24324324324324326,WACC_0p3_WRT_0p7,0.4937558247903075,825,False,,,False,False,False,False,False,3.0,0.022988505747126436
UDetect,ForestCovertype,280,0.58,30,0.0,0.9729224656013556,0,4,4274,5000,2986,True,0.9788194234027437,0.11199107322659677,0.48951712015468507,0.9788194234027437,0.9933664340688685,0.9099707607476553,-3.181649610463174,-2.10523109526996,2.3061762316703245,1.5150308215472654,0.4335808906591327,0.11199107322659677,0.10833263093483343,0.0036584422917633336,0.48951712015468507,0.35553621082167197,0.1339809093330131,0.9788194234027437,0.7596880296817285,0.2191313937210152,0.9933664340688685,0.7462190252870021,0.24714740878186636,0.9099707607476553,0.7013238937171294,0.20864686703052582,262.0,0.24324324324324326,686.0,0.6383970177073626,1057.0,0.9841565703634669,909.0,0.8462255358807083,1030.0,0.9589934762348555,0.24324324324324326,WACC_0p1_WRT_0p9,0.7342031686859273,826,False,,,False,False,False,False,False,4.0,0.034482758620689655
UDetect,ForestCovertype,312,0.77,497,0.8636363636363635,0.2342523893410218,0,2,2818,803,1,True,0.6184785030174329,0.6741834195700109,0.6975658355694861,0.6184785030174329,0.2185867412890878,0.04136961171775962,-3.181649610463174,-2.10523109526996,2.3061762316703245,1.5150308215472654,0.4335808906591327,0.6741834195700109,0.34794041933300546,0.3262430002370055,0.6975658355694861,0.32216970278567575,0.3753961327838104,0.6184785030174329,0.4588613925755819,0.159617110441851,0.2185867412890878,0.44540375724484127,0.22681701595575346,0.04136961171775962,0.4067986456018592,0.3654290338840996,700.0,0.6514445479962722,263.0,0.24417520969245107,396.0,0.3681267474370923,488.0,0.4538676607642125,394.0,0.3662628145386766,0.24417520969245107,WACC_0p3_WRT_0p7,0.4167753960857409,827,False,,,False,False,False,False,False,2.0,0.011494252873563218
UDetect,ForestCovertype,889,0.68,275,0.4545454545454547,0.3912647336749902,0,43,2670,3093,3643,False,0.11425241237520545,0.5374086182430727,0.417931243397225,0.11425241237520545,0.3219265406441715,0.47103662452186323,-3.181649610463174,-2.10523109526996,2.3061762316703245,1.5150308215472654,0.4335808906591327,0.5374086182430727,0.4005583828627614,0.13685023538031132,0.417931243397225,0.3886107192085977,0.029320524188627295,0.11425241237520545,0.4268573483876177,0.31260493601241224,0.3219265406441715,0.3785157462904048,0.05658920564623332,0.47103662452186323,0.40987134950525506,0.06116527501660818,804.0,0.7483690587138863,837.0,0.7791239515377446,263.0,0.24417520969245107,356.0,0.33084808946877914,403.0,0.3746505125815471,0.24417520969245107,WACC_0p5_WRT_0p5,0.49543336439888164,828,False,,,False,False,False,False,False,43.0,0.4827586206896552
UDetect,ForestCovertype,377,0.75,532,0.7727272727272726,0.2161830836885556,0,14,3388,1271,1,True,0.5685688814527754,0.7034379665264762,0.6963358474617609,0.5685688814527754,0.1416750124018116,0.14185510683705893,-3.181649610463174,-2.10523109526996,2.3061762316703245,1.5150308215472654,0.4335808906591327,0.7034379665264762,0.3609521218860485,0.34248584464042764,0.6963358474617609,0.3636192097024677,0.3327166377592932,0.5685688814527754,0.5009449784635316,0.06762390298924381,0.1416750124018116,0.4263675799135559,0.2846925675117443,0.14185510683705893,0.35368558532897226,0.21183047849191333,727.0,0.6766076421248836,775.0,0.7213420316868593,518.0,0.48182665424044735,453.0,0.4212488350419385,263.0,0.24417520969245107,0.24417520969245107,WACC_0p9_WRT_0p1,0.509040074557316,829,False,,,False,False,False,False,False,14.0,0.14942528735632185
UDetect,ForestCovertype,650,0.58,31,0.0,0.9644762707294906,0,5,3868,1451,3281,True,0.9722126447054984,0.10289187640567356,0.48133684761310763,0.9722126447054984,0.9912972504524864,0.9107687871132021,-3.181649610463174,-2.10523109526996,2.3061762316703245,1.5150308215472654,0.4335808906591327,0.10289187640567356,0.10837665068519677,0.005484774279523208,0.48133684761310763,0.3534452335363637,0.12789161407674393,0.9722126447054984,0.7573203198582784,0.21489232484721998,0.9912972504524864,0.7476762390000536,0.24362101145243276,0.9107687871132021,0.698094060628954,0.21267472648424812,263.0,0.24417520969245107,610.0,0.5675675675675675,1010.0,0.940354147250699,938.0,0.8732525629077353,984.0,0.9161230195712954,0.24417520969245107,WACC_0p1_WRT_0p9,0.7082945013979497,830,False,,,False,False,False,False,False,5.0,0.04597701149425287
UDetect,ForestCovertype,239,0.58,28,0.0,0.9906645581969952,0,2,5000,1337,5000,True,0.9926976349741923,0.13110486292620857,0.5067006158106627,0.9926976349741923,0.9977129650069035,0.9082944250857279,-3.181649610463174,-2.10523109526996,2.3061762316703245,1.5150308215472654,0.4335808906591327,0.13110486292620857,0.10840270735817877,0.022702155568029805,0.5067006158106627,0.3564525232002261,0.15024809261043665,0.9926976349741923,0.7541707326156719,0.23852690235852037,0.9977129650069035,0.744262003057631,0.2534509619492725,0.9082944250857279,0.68844339373934,0.21985103134638784,264.0,0.2451071761416589,712.0,0.6626281453867661,936.0,0.8713886300093197,868.0,0.8080149114631874,752.0,0.6999068033550793,0.2451071761416589,WACC_0p1_WRT_0p9,0.6574091332712022,831,False,,,False,False,False,False,False,2.0,0.011494252873563218
UDetect,ForestCovertype,1038,0.69,380,0.4999999999999997,0.3054961579088046,0,64,1076,4031,4599,False,0.25044263044972825,0.62955650820227,0.5275806083273817,0.25044263044972825,0.24802030300908015,0.42975122131709453,-3.181649610463174,-2.10523109526996,2.3061762316703245,1.5150308215472654,0.4335808906591327,0.62955650820227,0.446998834555419,0.18255767364685105,0.5275806083273817,0.4330735026798999,0.09450710564748183,0.25044263044972825,0.42817598441530585,0.1777333539655776,0.24802030300908015,0.3812686814386456,0.13324837842956547,0.42975122131709453,0.4292437916497471,0.0005074296673474588,931.0,0.8667287977632805,944.0,0.8788443616029823,265.0,0.24603914259086673,362.0,0.3364398881640261,439.0,0.4082013047530289,0.24603914259086673,WACC_0p5_WRT_0p5,0.5472506989748369,832,False,,,False,False,False,False,False,64.0,0.7241379310344828
UDetect,ForestCovertype,438,0.58,29,0.0,0.9816456337335658,0,3,3596,1622,3339,True,0.9856428559972665,0.1213886569836784,0.497965645654041,0.9856428559972665,0.995503471735646,0.9091465649688208,-3.181649610463174,-2.10523109526996,2.3061762316703245,1.5150308215472654,0.4335808906591327,0.1213886569836784,0.1085084293758899,0.012880227607788494,0.497965645654041,0.3548716167041562,0.14309402894988482,0.9856428559972665,0.7559896391842768,0.22965321681298978,0.995503471735646,0.7426189121291095,0.25288455960653655,0.9091465649688208,0.6967103779471898,0.21243618702163103,265.0,0.24603914259086673,668.0,0.6216216216216216,979.0,0.9114631873252563,823.0,0.766076421248835,956.0,0.8900279589934762,0.24603914259086673,WACC_0p1_WRT_0p9,0.6870456663560112,833,False,,,False,False,False,False,False,3.0,0.022988505747126436
UDetect,ForestCovertype,674,0.58,32,0.0,0.956290000443551,0,6,4717,255,2523,True,0.9658091840992082,0.09407269975973002,0.47340831612005946,0.9658091840992082,0.9892917442320025,0.9115422548845219,-3.181649610463174,-2.10523109526996,2.3061762316703245,1.5150308215472654,0.4335808906591327,0.09407269975973002,0.13388583818195363,0.0398131384222236,0.47340831612005946,0.32268656472957813,0.15072175139048133,0.9658091840992082,0.7173021842648363,0.24850699983437197,0.9892917442320025,0.7406293281503797,0.24866241608162276,0.9115422548845219,0.6973510418633728,0.21419121302114907,384.0,0.3569431500465983,266.0,0.24697110904007455,713.0,0.6635601118359739,776.0,0.7222739981360671,972.0,0.9049394221808015,0.24697110904007455,WACC_0p3_WRT_0p7,0.578937558247903,834,False,,,False,False,False,False,False,6.0,0.05747126436781609
UDetect,ForestCovertype,70,0.58,30,0.0,0.9729224656013556,0,4,773,1057,5000,True,0.9788194234027437,0.11199107322659677,0.48951712015468507,0.9788194234027437,0.9933664340688685,0.9099707607476553,-3.181649610463174,-2.10523109526996,2.3061762316703245,1.5150308215472654,0.4335808906591327,0.11199107322659677,0.1085957835845669,0.0033952896420298695,0.48951712015468507,0.35161211017005806,0.137905009984627,0.9788194234027437,0.7511002770347786,0.2277191463679652,0.9933664340688685,0.746010594859256,0.24735583920961246,0.9099707607476553,0.6815898794961578,0.22838088125149747,266.0,0.24697110904007455,554.0,0.5153774464119292,874.0,0.8136067101584343,905.0,0.842497670083877,651.0,0.6057781919850885,0.24697110904007455,WACC_0p1_WRT_0p9,0.6048462255358807,835,False,,,False,False,False,False,False,4.0,0.034482758620689655
UDetect,ForestCovertype,514,0.72,865,0.6363636363636361,0.0870604805417571,0,52,4946,365,1994,False,0.613405915601638,0.8622215431548709,0.8118237758370194,0.613405915601638,0.09503802570689827,0.3022224319025276,-3.181649610463174,-2.10523109526996,2.3061762316703245,1.5150308215472654,0.4335808906591327,0.8622215431548709,0.5008821572730923,0.3613393858817786,0.8118237758370194,0.4667662005080331,0.3450575753289863,0.613405915601638,0.5442753800161791,0.0691305355854589,0.09503802570689827,0.38551592206151347,0.2904778963546152,0.3022224319025276,0.35456772123569197,0.052345289333164347,1037.0,0.9655172413793104,1015.0,0.9450139794967382,573.0,0.5330848089468779,375.0,0.34855545200372784,266.0,0.24697110904007455,0.24697110904007455,WACC_0p9_WRT_0p1,0.6078285181733458,836,False,,,False,False,False,False,False,52.0,0.5862068965517241
UDetect,ForestCovertype,1044,0.68,317,0.4545454545454547,0.3535810510571956,0,51,2748,3831,3517,False,0.15846778189897476,0.5798510690981802,0.4612717148931688,0.15846778189897476,0.3126946368270539,0.47459711214216144,-3.181649610463174,-2.10523109526996,2.3061762316703245,1.5150308215472654,0.4335808906591327,0.5798510690981802,0.4110823148953488,0.16876875420283138,0.4612717148931688,0.3881706319253606,0.0731010829678082,0.15846778189897476,0.4287910579415736,0.2703232760425988,0.3126946368270539,0.3993138523956253,0.08661921556857138,0.47459711214216144,0.4472927447397193,0.02730436740244213,830.0,0.7726001863932899,835.0,0.777260018639329,267.0,0.2479030754892824,400.0,0.3718546132339236,469.0,0.4361602982292637,0.2479030754892824,WACC_0p5_WRT_0p5,0.5211556383970177,837,False,,,False,False,False,False,False,51.0,0.5747126436781609
UDetect,ForestCovertype,508,0.58,28,0.0,0.9906645581969952,0,2,2493,965,2918,True,0.9926976349741923,0.13110486292620857,0.5067006158106627,0.9926976349741923,0.9977129650069035,0.9082944250857279,-3.181649610463174,-2.10523109526996,2.3061762316703245,1.5150308215472654,0.4335808906591327,0.13110486292620857,0.10873324165700192,0.02237162126920665,0.5067006158106627,0.3460995160563518,0.16060109975431092,0.9926976349741923,0.7528598859959905,0.23983774897820176,0.9977129650069035,0.7490273539657114,0.24868561104119213,0.9082944250857279,0.695510204115025,0.21278422097070293,267.0,0.2479030754892824,431.0,0.40074557315936626,908.0,0.8452935694315005,961.0,0.8946877912395154,932.0,0.8676607642124884,0.2479030754892824,WACC_0p1_WRT_0p9,0.6512581547064306,838,False,,,False,False,False,False,False,2.0,0.011494252873563218
UDetect,ForestCovertype,998,0.67,179,0.4090909090909093,0.5049788585902366,0,23,522,4958,2146,False,0.13278643247072916,0.4137861612038011,0.27614135524332545,0.13278643247072916,0.4026789940400028,0.5096816334000785,-3.181649610463174,-2.10523109526996,2.3061762316703245,1.5150308215472654,0.4335808906591327,0.4137861612038011,0.34966774235678794,0.06411841884701314,0.27614135524332545,0.3271786442074397,0.05103728896411425,0.13278643247072916,0.4288417854712509,0.29605535300052177,0.4026789940400028,0.43417644988107423,0.03149745584107144,0.5096816334000785,0.4675386662591707,0.04214296714090787,706.0,0.6570363466915191,285.0,0.2646784715750233,268.0,0.2488350419384902,465.0,0.43243243243243246,497.0,0.46225535880708296,0.2488350419384902,WACC_0p5_WRT_0p5,0.41304753028890956,839,False,,,False,False,False,False,False,23.0,0.25287356321839083
UDetect,ForestCovertype,88,0.58,65,0.0,0.7718901203639181,0,29,3348,1,1,True,0.821567994076121,0.15323419484305104,0.2948141327546804,0.821567994076121,0.9441167019186141,0.9289650077738052,-3.181649610463174,-2.10523109526996,2.3061762316703245,1.5150308215472654,0.4335808906591327,0.15323419484305104,0.23935873726658122,0.08612454242353018,0.2948141327546804,0.3230606819800019,0.028246549225321493,0.821567994076121,0.5953910467954917,0.22617694728062931,0.9441167019186141,0.5691223333915036,0.37499436852711043,0.9289650077738052,0.5405454143409518,0.38841959343285337,551.0,0.5125815470643057,268.0,0.2488350419384902,607.0,0.5647716682199441,582.0,0.5414725069897484,564.0,0.5246971109040075,0.2488350419384902,WACC_0p3_WRT_0p7,0.47847157502329923,840,False,,,False,False,False,False,False,29.0,0.3218390804597701
UDetect,ForestCovertype,382,0.58,30,0.0,0.9729224656013556,0,4,5000,816,4395,True,0.9788194234027437,0.11199107322659677,0.48951712015468507,0.9788194234027437,0.9933664340688685,0.9099707607476553,-3.181649610463174,-2.10523109526996,2.3061762316703245,1.5150308215472654,0.4335808906591327,0.11199107322659677,0.10873508282529869,0.0032559904012980784,0.48951712015468507,0.35229756593503464,0.13721955421965043,0.9788194234027437,0.7504658221665872,0.22835360123615656,0.9933664340688685,0.7329902116043105,0.26037622246455794,0.9099707607476553,0.6874274755206063,0.22254328522704891,268.0,0.2488350419384902,577.0,0.5368126747437092,865.0,0.8052190121155638,688.0,0.6402609506057781,725.0,0.6747437092264679,0.2488350419384902,WACC_0p1_WRT_0p9,0.5811742777260018,841,False,,,False,False,False,False,False,4.0,0.034482758620689655
UDetect,ForestCovertype,191,0.74,205,0.7272727272727272,0.4690858956830345,1,1,2482,1137,1,True,0.23627516442198596,0.42304980612259535,0.39446332125733485,0.23627516442198596,0.023625697956191724,0.16734907625191903,-3.181649610463174,-2.10523109526996,2.3061762316703245,1.5150308215472654,0.4335808906591327,0.42304980612259535,0.3171154433717049,0.10593436275089047,0.39446332125733485,0.32326955043261746,0.0711937708247174,0.23627516442198596,0.4628424084189228,0.22656724399693687,0.023625697956191724,0.42399789650633735,0.4003721985501456,0.16734907625191903,0.3922586095867789,0.22490953333485986,654.0,0.608574091332712,269.0,0.24976700838769805,411.0,0.3821062441752097,448.0,0.41658900279589933,366.0,0.3401677539608574,0.24976700838769805,WACC_0p3_WRT_0p7,0.3994408201304753,842,False,,,False,False,False,False,False,1.0,0.0
UDetect,ForestCovertype,655,0.58,30,0.0,0.9729224656013556,0,4,301,4781,2389,True,0.9788194234027437,0.11199107322659677,0.48951712015468507,0.9788194234027437,0.9933664340688685,0.9099707607476553,-3.181649610463174,-2.10523109526996,2.3061762316703245,1.5150308215472654,0.4335808906591327,0.11199107322659677,0.10891833528532989,0.003072737941266876,0.48951712015468507,0.3384000891474448,0.15111703100724028,0.9788194234027437,0.7363620246356447,0.24245739876709904,0.9933664340688685,0.7553096141326265,0.23805681993624195,0.9099707607476553,0.6935371450999221,0.2164336156477331,269.0,0.24976700838769805,369.0,0.3429636533084809,765.0,0.712022367194781,1046.0,0.9739049394221808,867.0,0.8070829450139795,0.24976700838769805,WACC_0p1_WRT_0p9,0.617148182665424,843,False,,,False,False,False,False,False,4.0,0.034482758620689655
UDetect,ForestCovertype,715,0.64,172,0.2727272727272729,0.5155311175147893,0,23,182,3655,3233,False,0.3010400677157359,0.41525646435828306,0.23098748967021993,0.3010400677157359,0.5639470256869322,0.6568519834693434,-3.181649610463174,-2.10523109526996,2.3061762316703245,1.5150308215472654,0.4335808906591327,0.41525646435828306,0.3722927163027353,0.04296374805554776,0.23098748967021993,0.32398580582611075,0.09299831615589083,0.3010400677157359,0.4737555481529638,0.1727154804372279,0.5639470256869322,0.4788058265868755,0.08514119910005674,0.6568519834693434,0.5237504113003828,0.13310157216896057,749.0,0.6971109040074557,270.0,0.2506989748369059,446.0,0.4147250698974837,531.0,0.4939422180801491,553.0,0.5144454799627214,0.2506989748369059,WACC_0p3_WRT_0p7,0.47418452935694316,844,False,,,False,False,False,False,False,23.0,0.25287356321839083
UDetect,ForestCovertype,305,0.58,29,0.0,0.9816456337335658,0,3,709,4335,2731,True,0.9856428559972665,0.1213886569836784,0.497965645654041,0.9856428559972665,0.995503471735646,0.9091465649688208,-3.181649610463174,-2.10523109526996,2.3061762316703245,1.5150308215472654,0.4335808906591327,0.1213886569836784,0.10893030183478328,0.012458355148895123,0.497965645654041,0.33600535472897136,0.16196029092506964,0.9856428559972665,0.7464028830211059,0.23923997297616062,0.995503471735646,0.7525185391730206,0.24298493256262543,0.9091465649688208,0.6870866309781372,0.2220599339906837,270.0,0.2506989748369059,350.0,0.32525629077353213,823.0,0.766076421248835,1016.0,0.9459459459459459,712.0,0.6626281453867661,0.2506989748369059,WACC_0p1_WRT_0p9,0.590121155638397,845,False,,,False,False,False,False,False,3.0,0.022988505747126436
UDetect,ForestCovertype,401,0.77,589,0.8636363636363635,0.1891538559436526,0,7,2824,720,1,True,0.6713939343294225,0.7249770828849494,0.7494342190563635,0.6713939343294225,0.2489699086883345,0.045630680665918036,-3.181649610463174,-2.10523109526996,2.3061762316703245,1.5150308215472654,0.4335808906591327,0.7249770828849494,0.35171025633561176,0.3732668265493377,0.7494342190563635,0.3240045188324925,0.42542970022387105,0.6713939343294225,0.45773830869413246,0.21365562563529006,0.2489699086883345,0.44863610596349557,0.19966619727516108,0.045630680665918036,0.4142879928128101,0.36865731214689207,710.0,0.6607642124883504,271.0,0.2516309412861137,391.0,0.3634669151910531,493.0,0.45852749301025164,413.0,0.38397017707362535,0.2516309412861137,WACC_0p3_WRT_0p7,0.4236719478098789,846,False,,,False,False,False,False,False,7.0,0.06896551724137931
UDetect,ForestCovertype,111,0.58,29,0.0,0.9816456337335658,0,3,855,5000,2697,True,0.9856428559972665,0.1213886569836784,0.497965645654041,0.9856428559972665,0.995503471735646,0.9091465649688208,-3.181649610463174,-2.10523109526996,2.3061762316703245,1.5150308215472654,0.4335808906591327,0.1213886569836784,0.10903694533755223,0.012351711646126168,0.497965645654041,0.3426585301567117,0.15530711549732928,0.9856428559972665,0.7509229825358962,0.23471987346137035,0.995503471735646,0.7461240242144419,0.2493794475212041,0.9091465649688208,0.6871696219916407,0.22197694297718018,271.0,0.2516309412861137,394.0,0.3662628145386766,873.0,0.8126747437092264,908.0,0.8452935694315005,714.0,0.6644920782851818,0.2516309412861137,WACC_0p1_WRT_0p9,0.5880708294501398,847,False,,,False,False,False,False,False,3.0,0.022988505747126436
UDetect,ForestCovertype,544,0.58,28,0.0,0.9906645581969952,0,2,878,425,2750,True,0.9926976349741923,0.13110486292620857,0.5067006158106627,0.9926976349741923,0.9977129650069035,0.9082944250857279,-3.181649610463174,-2.10523109526996,2.3061762316703245,1.5150308215472654,0.4335808906591327,0.13110486292620857,0.12636383635895668,0.004741026567251894,0.5067006158106627,0.3241855395209454,0.1825150762897173,0.9926976349741923,0.7293640876592499,0.2633335473149424,0.9977129650069035,0.7442233212355496,0.25348964377135397,0.9082944250857279,0.687712121230715,0.22058230385501287,359.0,0.3336439888164026,272.0,0.25256290773532153,739.0,0.6877912395153775,867.0,0.8070829450139795,731.0,0.6803355079217148,0.25256290773532153,WACC_0p3_WRT_0p7,0.5522833178005592,848,False,,,False,False,False,False,False,2.0,0.011494252873563218
UDetect,ForestCovertype,838,0.58,30,0.0,0.9729224656013556,0,4,3408,1282,4624,True,0.9788194234027437,0.11199107322659677,0.48951712015468507,0.9788194234027437,0.9933664340688685,0.9099707607476553,-3.181649610463174,-2.10523109526996,2.3061762316703245,1.5150308215472654,0.4335808906591327,0.11199107322659677,0.10905114723098601,0.0029399259956107565,0.48951712015468507,0.35229188544945256,0.1372252347052325,0.9788194234027437,0.7591685654669773,0.21965085793576644,0.9933664340688685,0.7360759922959049,0.25729044177296356,0.9099707607476553,0.6961326978971932,0.21383806285046203,272.0,0.25256290773532153,576.0,0.5358807082945014,1044.0,0.9720410065237651,701.0,0.65237651444548,946.0,0.880708294501398,0.25256290773532153,WACC_0p1_WRT_0p9,0.6587138863000932,849,False,,,False,False,False,False,False,4.0,0.034482758620689655
UDetect,ForestCovertype,502,0.58,289,0.0,0.378101415866602,0,68,2601,923,224,True,0.5135387733965115,0.5967512976548555,0.3230119337241474,0.5135387733965115,0.8476447227583322,0.9661715573989181,-3.181649610463174,-2.10523109526996,2.3061762316703245,1.5150308215472654,0.4335808906591327,0.5967512976548555,0.24356844847695527,0.3531828491779002,0.3230119337241474,0.3242996918667983,0.0012877581426509188,0.5135387733965115,0.5894517381597449,0.07591296476323339,0.8476447227583322,0.6561156443827358,0.1915290783755964,0.9661715573989181,0.6682071855249991,0.297964371873919,561.0,0.5219012115563839,273.0,0.2534948741845294,601.0,0.5591798695246971,620.0,0.5768872320596459,632.0,0.5880708294501398,0.2534948741845294,WACC_0p3_WRT_0p7,0.4999068033550792,850,False,,,False,False,False,False,False,68.0,0.7701149425287356
UDetect,ForestCovertype,494,0.58,30,0.0,0.9729224656013556,0,4,2964,1239,5000,True,0.9788194234027437,0.11199107322659677,0.48951712015468507,0.9788194234027437,0.9933664340688685,0.9099707607476553,-3.181649610463174,-2.10523109526996,2.3061762316703245,1.5150308215472654,0.4335808906591327,0.11199107322659677,0.10912654081699934,0.0028645324095974284,0.48951712015468507,0.35147094490896924,0.13804617524571583,0.9788194234027437,0.756852603235989,0.22196682016675473,0.9933664340688685,0.7449740828787533,0.24839235119011516,0.9099707607476553,0.6910362411386244,0.21893451960903088,273.0,0.2534948741845294,548.0,0.5097856477166822,1000.0,0.9310344827586207,883.0,0.8219944082013048,806.0,0.750232991612302,0.2534948741845294,WACC_0p1_WRT_0p9,0.6533084808946878,851,False,,,False,False,False,False,False,4.0,0.034482758620689655
UDetect,ForestCovertype,532,0.7,703,0.5454545454545452,0.1421576150294498,0,60,1660,785,4408,False,0.4776479649246809,0.809070050569291,0.7264441560301661,0.4776479649246809,0.1551106552574946,0.3957949029688827,-3.181649610463174,-2.10523109526996,2.3061762316703245,1.5150308215472654,0.4335808906591327,0.809070050569291,0.5209469917897595,0.2881230587795316,0.7264441560301661,0.4353034290518971,0.291140726978269,0.4776479649246809,0.4324574591387713,0.04519050578590961,0.1551106552574946,0.35897609814173737,0.20386544288424277,0.3957949029688827,0.3563999510762397,0.039394951892643026,1056.0,0.983224603914259,952.0,0.8863000931966449,285.0,0.2646784715750233,296.0,0.2749301025163094,274.0,0.25442684063373716,0.25442684063373716,WACC_0p9_WRT_0p1,0.5327120223671948,852,False,,,False,False,False,False,False,60.0,0.6781609195402298
UDetect,ForestCovertype,537,0.69,248,0.4999999999999997,0.4186522694206548,0,36,3629,4396,4076,False,0.11767324760796917,0.5021108243367306,0.39743835882081746,0.11767324760796917,0.27574175338832574,0.41905983167013927,-3.181649610463174,-2.10523109526996,2.3061762316703245,1.5150308215472654,0.4335808906591327,0.5021108243367306,0.4521232743280935,0.04998755000863708,0.39743835882081746,0.4535125551799512,0.05607419635913374,0.11767324760796917,0.43445661484086123,0.3167833672328921,0.27574175338832574,0.3513962906676072,0.07565453727928145,0.41905983167013927,0.38786446893025184,0.031195362739887433,949.0,0.8835041938490215,988.0,0.9198508853681268,298.0,0.2767940354147251,274.0,0.25442684063373716,359.0,0.3336439888164026,0.25442684063373716,WACC_0p7_WRT_0p3,0.5336439888164026,853,False,,,False,False,False,False,False,36.0,0.40229885057471265
UDetect,ForestCovertype,159,0.58,28,0.0,0.9906645581969952,0,2,1,3506,5000,True,0.9926976349741923,0.13110486292620857,0.5067006158106627,0.9926976349741923,0.9977129650069035,0.9082944250857279,-3.181649610463174,-2.10523109526996,2.3061762316703245,1.5150308215472654,0.4335808906591327,0.13110486292620857,0.10912747081262365,0.021977392113584918,0.5067006158106627,0.35543926598072006,0.15126134982994266,0.9926976349741923,0.7558560642615388,0.23684157071265344,0.9977129650069035,0.7505479384888584,0.24716502651804517,0.9082944250857279,0.6825683051536955,0.2257261199320324,274.0,0.25442684063373716,685.0,0.6374650512581547,978.0,0.9105312208760484,990.0,0.9217148182665424,657.0,0.6113699906803355,0.25442684063373716,WACC_0p1_WRT_0p9,0.6671015843429637,854,False,,,False,False,False,False,False,2.0,0.011494252873563218
UDetect,ForestCovertype,590,0.58,32,0.0,0.956290000443551,0,6,3658,1433,2086,True,0.9658091840992082,0.09407269975973002,0.47340831612005946,0.9658091840992082,0.9892917442320025,0.9115422548845219,-3.181649610463174,-2.10523109526996,2.3061762316703245,1.5150308215472654,0.4335808906591327,0.09407269975973002,0.10928320983116002,0.015210510071429997,0.47340831612005946,0.3536744500765943,0.11973386604346514,0.9658091840992082,0.7507199732105352,0.21508921088867305,0.9892917442320025,0.751401152422975,0.2378905918090275,0.9115422548845219,0.703798283444295,0.20774397144022694,275.0,0.255358807082945,627.0,0.5834109972041006,872.0,0.8117427772600186,1003.0,0.9338303821062441,1052.0,0.9794967381174278,0.255358807082945,WACC_0p1_WRT_0p9,0.7127679403541473,855,False,,,False,False,False,False,False,6.0,0.05747126436781609
UDetect,ForestCovertype,190,0.75,894,0.7727272727272726,0.0782976770113014,0,26,1902,1438,1,True,0.730353871258711,0.8587358087223029,0.8549195665322598,0.730353871258711,0.2345692836206761,0.15488300775835406,-3.181649610463174,-2.10523109526996,2.3061762316703245,1.5150308215472654,0.4335808906591327,0.8587358087223029,0.3173845490478849,0.5413512596744181,0.8549195665322598,0.3621614379019519,0.4927581286303079,0.730353871258711,0.5226854480687745,0.2076684231899365,0.2345692836206761,0.43963589181267526,0.20506660819199915,0.15488300775835406,0.356720312164004,0.20183730440564995,656.0,0.6104380242311277,771.0,0.7176141658900279,557.0,0.5181733457595527,476.0,0.4426840633737186,276.0,0.25629077353215285,0.25629077353215285,WACC_0p9_WRT_0p1,0.5090400745573159,856,False,,,False,False,False,False,False,26.0,0.28735632183908044
UDetect,ForestCovertype,168,0.58,29,0.0,0.9816456337335658,0,3,958,379,5000,True,0.9856428559972665,0.1213886569836784,0.497965645654041,0.9856428559972665,0.995503471735646,0.9091465649688208,-3.181649610463174,-2.10523109526996,2.3061762316703245,1.5150308215472654,0.4335808906591327,0.1213886569836784,0.11196581371743122,0.009422843266247177,0.497965645654041,0.3256685030387462,0.17229714261529477,0.9856428559972665,0.7336700896220554,0.25197276637521115,0.995503471735646,0.7417927436023513,0.25371072813329476,0.9091465649688208,0.6815765288162419,0.22757003615257898,303.0,0.2814538676607642,276.0,0.25629077353215285,755.0,0.7027027027027027,802.0,0.7465051258154707,650.0,0.6048462255358807,0.25629077353215285,WACC_0p3_WRT_0p7,0.5183597390493941,857,False,,,False,False,False,False,False,3.0,0.022988505747126436
UDetect,ForestCovertype,652,0.7,789,0.5454545454545452,0.1114961147851056,0,66,1895,591,3595,False,0.513624002012326,0.8436035442955634,0.7617083283468964,0.513624002012326,0.14759907460824434,0.3986919099611932,-3.181649610463174,-2.10523109526996,2.3061762316703245,1.5150308215472654,0.4335808906591327,0.8436035442955634,0.489217693131408,0.3543858511641554,0.7617083283468964,0.37879525533471986,0.38291307301217653,0.513624002012326,0.430704492975718,0.08291950903660805,0.14759907460824434,0.40084889415264874,0.2532498195444044,0.3986919099611932,0.4248613160942704,0.026169406133077222,1027.0,0.9561975768872321,815.0,0.7586206896551724,276.0,0.25629077353215285,404.0,0.37558247903075487,429.0,0.39888164026095063,0.25629077353215285,WACC_0p5_WRT_0p5,0.5491146318732525,858,False,,,False,False,False,False,False,66.0,0.7471264367816092
UDetect,ForestCovertype,940,0.69,350,0.4999999999999997,0.3273143456694384,0,58,3593,4410,4810,False,0.22484271114354384,0.6049830775434273,0.5024872395522616,0.22484271114354384,0.2533654125333513,0.4276897617668966,-3.181649610463174,-2.10523109526996,2.3061762316703245,1.5150308215472654,0.4335808906591327,0.6049830775434273,0.4569878689036386,0.14799520863978866,0.5024872395522616,0.4545697598883291,0.047917479663932505,0.22484271114354384,0.4534975373186026,0.22865482617505875,0.2533654125333513,0.35177028363210977,0.09840487109875845,0.4276897617668966,0.3923543309966932,0.0353354307702034,959.0,0.8928238583410997,990.0,0.9217148182665424,374.0,0.34762348555452005,276.0,0.25629077353215285,367.0,0.34109972041006525,0.25629077353215285,WACC_0p7_WRT_0p3,0.5519105312208761,859,False,,,False,False,False,False,False,58.0,0.6551724137931034
UDetect,ForestCovertype,1051,0.58,30,0.0,0.9729224656013556,0,4,3845,1857,2969,True,0.9788194234027437,0.11199107322659677,0.48951712015468507,0.9788194234027437,0.9933664340688685,0.9099707607476553,-3.181649610463174,-2.10523109526996,2.3061762316703245,1.5150308215472654,0.4335808906591327,0.11199107322659677,0.10931340798729809,0.002677665239298674,0.48951712015468507,0.3569558172415709,0.1325613029131142,0.9788194234027437,0.7600875983369777,0.21873182506576605,0.9933664340688685,0.7479698114725954,0.24539662259627304,0.9099707607476553,0.7001361697878166,0.2098345909598387,276.0,0.25629077353215285,720.0,0.6700838769804287,1060.0,0.9869524697110904,943.0,0.8779123951537745,1013.0,0.9431500465983225,0.25629077353215285,WACC_0p1_WRT_0p9,0.7468779123951539,860,False,,,False,False,False,False,False,4.0,0.034482758620689655
UDetect,ForestCovertype,167,0.75,522,0.7727272727272726,0.221221734164637,0,12,3233,1291,1,True,0.562656885139659,0.697763025534744,0.6905408329576979,0.562656885139659,0.13828044168413056,0.14137903731845447,-3.181649610463174,-2.10523109526996,2.3061762316703245,1.5150308215472654,0.4335808906591327,0.697763025534744,0.3455266186619045,0.3522364068728395,0.6905408329576979,0.35034382308553025,0.3401970098721676,0.562656885139659,0.49460118657126356,0.06805569856839538,0.13828044168413056,0.42312515471274553,0.28484471302861497,0.14137903731845447,0.35740669582074436,0.2160276585022899,692.0,0.6439888164026095,506.0,0.4706430568499534,504.0,0.46877912395153776,445.0,0.41379310344827586,277.0,0.2572227399813607,0.2572227399813607,WACC_0p9_WRT_0p1,0.45088536812674745,861,False,,,False,False,False,False,False,12.0,0.12643678160919541
UDetect,ForestCovertype,863,0.69,439,0.4999999999999997,0.2671939930175884,0,74,982,2895,4837,False,0.2953836833558942,0.6726955444670545,0.5716324039689472,0.2953836833558942,0.2386368808565937,0.43337014533014745,-3.181649610463174,-2.10523109526996,2.3061762316703245,1.5150308215472654,0.4335808906591327,0.6726955444670545,0.4301679228185702,0.2425276216484843,0.5716324039689472,0.43343090435108955,0.13820149961785766,0.2953836833558942,0.4362331404608952,0.14084945710500096,0.2386368808565937,0.3519612641102969,0.11332438325370317,0.43337014533014745,0.38211846897162133,0.05125167635852612,879.0,0.8182665424044734,945.0,0.8797763280521901,309.0,0.2870456663560112,277.0,0.2572227399813607,339.0,0.315004659832246,0.2572227399813607,WACC_0p7_WRT_0p3,0.5114631873252563,862,False,,,False,False,False,False,False,74.0,0.8390804597701149
UDetect,ForestCovertype,1006,0.68,385,0.4545454545454547,0.3020276238660232,0,66,1095,3417,4193,False,0.21895692932635621,0.6379147626645961,0.5205639519167911,0.21895692932635621,0.30006486584371234,0.4794680622868122,-3.181649610463174,-2.10523109526996,2.3061762316703245,1.5150308215472654,0.4335808906591327,0.6379147626645961,0.4510403498325262,0.1868744128320699,0.5205639519167911,0.4490313971971573,0.07153255471963377,0.21895692932635621,0.4307694384457559,0.21181250911939967,0.30006486584371234,0.3671618590428151,0.06709699319910278,0.4794680622868122,0.390202238634078,0.08926582365273422,945.0,0.8797763280521901,982.0,0.9142590866728798,277.0,0.2572227399813607,322.0,0.29916123019571295,363.0,0.33737185461323393,0.2572227399813607,WACC_0p5_WRT_0p5,0.5375582479030755,863,False,,,False,False,False,False,False,66.0,0.7471264367816092
UDetect,ForestCovertype,134,0.58,28,0.0,0.9906645581969952,0,2,1,463,3772,True,0.9926976349741923,0.13110486292620857,0.5067006158106627,0.9926976349741923,0.9977129650069035,0.9082944250857279,-3.181649610463174,-2.10523109526996,2.3061762316703245,1.5150308215472654,0.4335808906591327,0.13110486292620857,0.11173239138746822,0.019372471538740346,0.5067006158106627,0.32567673357769783,0.1810238822329649,0.9926976349741923,0.7340674399169126,0.2586301950572797,0.9977129650069035,0.745311515836249,0.25240144917065455,0.9082944250857279,0.685407227097408,0.2228871979883199,300.0,0.2786579683131407,277.0,0.2572227399813607,756.0,0.7036346691519105,890.0,0.8285181733457595,691.0,0.6430568499534017,0.2572227399813607,WACC_0p3_WRT_0p7,0.5422180801491147,864,False,,,False,False,False,False,False,2.0,0.011494252873563218
UDetect,ForestCovertype,4,0.58,33,0.0,0.948348133291504,0,7,2979,2475,1241,True,0.9595969004007491,0.08551682182435125,0.4657164929051875,0.9595969004007491,0.9873461128981531,0.9122926305833013,-3.181649610463174,-2.10523109526996,2.3061762316703245,1.5150308215472654,0.4335808906591327,0.08551682182435125,0.10933943987020593,0.023822618045854685,0.4657164929051875,0.3523674795947288,0.11334901331045871,0.9595969004007491,0.7373599020786816,0.22223699832206745,0.9873461128981531,0.7503265920765649,0.23701952082158817,0.9122926305833013,0.6967365133479236,0.2155561172353777,277.0,0.2572227399813607,579.0,0.5386766076421249,768.0,0.7148182665424044,988.0,0.9198508853681268,958.0,0.8918918918918919,0.2572227399813607,WACC_0p1_WRT_0p9,0.6644920782851818,865,False,,,False,False,False,False,False,7.0,0.06896551724137931
UDetect,ForestCovertype,196,0.74,309,0.7272727272727272,0.3603593232709624,0,4,3049,1590,1,True,0.3638472391847255,0.5455065801339706,0.5195111028202739,0.3638472391847255,0.0,0.17762194737751985,-3.181649610463174,-2.10523109526996,2.3061762316703245,1.5150308215472654,0.4335808906591327,0.5455065801339706,0.2956495763004035,0.24985700383356707,0.5195111028202739,0.32601308095139486,0.19349802186887904,0.3638472391847255,0.4814870327056052,0.11763979352087972,0.0,0.4209869737074247,0.4209869737074247,0.17762194737751985,0.3789895537741434,0.20136760639662354,621.0,0.5778191985088537,278.0,0.2581547064305685,475.0,0.44175209692451073,442.0,0.4109972041006524,325.0,0.3019571295433364,0.2581547064305685,WACC_0p3_WRT_0p7,0.39813606710158433,866,False,,,False,False,False,False,False,4.0,0.034482758620689655
UDetect,ForestCovertype,1015,0.66,656,0.3636363636363638,0.1605389746288208,0,84,3742,345,4224,False,0.31385884166426126,0.8061742863318903,0.6612800840153884,0.31385884166426126,0.37119099083622137,0.591614653520197,-3.181649610463174,-2.10523109526996,2.3061762316703245,1.5150308215472654,0.4335808906591327,0.8061742863318903,0.457186405675234,0.34898788065665626,0.6612800840153884,0.3672697661390597,0.2940103178763287,0.31385884166426126,0.4312778538228225,0.11741901215856126,0.37119099083622137,0.3840014891792621,0.01281049834304071,0.591614653520197,0.42245821053905913,0.1691564429811379,960.0,0.8937558247903076,786.0,0.7315936626281454,278.0,0.2581547064305685,372.0,0.34575955265610436,427.0,0.39701770736253494,0.2581547064305685,WACC_0p5_WRT_0p5,0.5252562907735321,867,False,,,False,False,False,False,False,84.0,0.9540229885057471
UDetect,ForestCovertype,856,0.58,29,0.0,0.9816456337335658,0,3,953,1180,1520,True,0.9856428559972665,0.1213886569836784,0.497965645654041,0.9856428559972665,0.995503471735646,0.9091465649688208,-3.181649610463174,-2.10523109526996,2.3061762316703245,1.5150308215472654,0.4335808906591327,0.1213886569836784,0.10943338789492207,0.011955269088756326,0.497965645654041,0.3381178302725932,0.15984781538144782,0.9856428559972665,0.73008260942669,0.2555602465705765,0.995503471735646,0.754245540382838,0.24125793135280804,0.9091465649688208,0.6842441377908545,0.22490242717796638,278.0,0.2581547064305685,365.0,0.33923578751164957,743.0,0.6915191053122087,1035.0,0.9636533084808947,672.0,0.625349487418453,0.2581547064305685,WACC_0p1_WRT_0p9,0.575582479030755,868,False,,,False,False,False,False,False,3.0,0.022988505747126436
UDetect,ForestCovertype,355,0.58,30,0.0,0.9729224656013556,0,4,3701,5000,362,True,0.9788194234027437,0.11199107322659677,0.48951712015468507,0.9788194234027437,0.9933664340688685,0.9099707607476553,-3.181649610463174,-2.10523109526996,2.3061762316703245,1.5150308215472654,0.4335808906591327,0.11199107322659677,0.16259707451150873,0.05060600128491197,0.48951712015468507,0.32602898439796135,0.16348813575672372,0.9788194234027437,0.6624171976591401,0.31640222574360366,0.9933664340688685,0.6904439761554044,0.30292245791346406,0.9099707607476553,0.6540527550074018,0.2559180057402535,443.0,0.4119291705498602,279.0,0.2590866728797763,641.0,0.5964585274930102,632.0,0.5880708294501398,622.0,0.5787511649580616,0.2590866728797763,WACC_0p3_WRT_0p7,0.4868592730661696,869,False,,,False,False,False,False,False,4.0,0.034482758620689655
UDetect,ForestCovertype,801,0.68,462,0.4545454545454547,0.2536390031335346,0,76,3570,4849,4294,False,0.27573271655852577,0.6924139918990364,0.5762163057181723,0.27573271655852577,0.28821042218500337,0.4840399903233777,-3.181649610463174,-2.10523109526996,2.3061762316703245,1.5150308215472654,0.4335808906591327,0.6924139918990364,0.4534447779227964,0.23896921397624,0.5762163057181723,0.4581020031371323,0.11811430258104,0.27573271655852577,0.4403902857788708,0.16465756922034502,0.28821042218500337,0.35322841818156725,0.06501799599656388,0.4840399903233777,0.39987816835679935,0.08416182196657834,951.0,0.8853681267474371,1000.0,0.9310344827586207,327.0,0.3038210624417521,279.0,0.2590866728797763,377.0,0.3504193849021435,0.2590866728797763,WACC_0p7_WRT_0p3,0.5459459459459459,870,False,,,False,False,False,False,False,76.0,0.8620689655172413
UDetect,ForestCovertype,663,0.58,30,0.0,0.9729224656013556,0,4,1096,3507,1807,True,0.9788194234027437,0.11199107322659677,0.48951712015468507,0.9788194234027437,0.9933664340688685,0.9099707607476553,-3.181649610463174,-2.10523109526996,2.3061762316703245,1.5150308215472654,0.4335808906591327,0.11199107322659677,0.1095039608736316,0.0024871123529651706,0.48951712015468507,0.3467526723948415,0.1427644477598436,0.9788194234027437,0.7325614360943212,0.24625798730842252,0.9933664340688685,0.7508239025231009,0.24254253154576755,0.9099707607476553,0.687207225572333,0.2227635351753222,279.0,0.2590866728797763,436.0,0.40540540540540543,752.0,0.6999068033550793,995.0,0.9263746505125815,719.0,0.6691519105312209,0.2590866728797763,WACC_0p1_WRT_0p9,0.5919850885368126,871,False,,,False,False,False,False,False,4.0,0.034482758620689655
UDetect,ForestCovertype,797,0.7,662,0.5454545454545452,0.1581204780403127,0,57,1797,958,4587,False,0.45891826979798106,0.7910913663807814,0.7080850689862351,0.45891826979798106,0.15902130320177277,0.394286675211231,-3.181649610463174,-2.10523109526996,2.3061762316703245,1.5150308215472654,0.4335808906591327,0.7910913663807814,0.5176113007087537,0.27348006567202765,0.7080850689862351,0.4272345143524727,0.2808505546337624,0.45891826979798106,0.43171797755594715,0.027200292242033908,0.15902130320177277,0.3741559625849327,0.21513465938315995,0.394286675211231,0.38019332822278157,0.01409334698844944,1055.0,0.9822926374650512,928.0,0.863932898415657,280.0,0.26001863932898417,342.0,0.31780055917986955,328.0,0.3047530288909599,0.26001863932898417,WACC_0p5_WRT_0p5,0.5457595526561043,872,False,,,False,False,False,False,False,57.0,0.6436781609195402
UDetect,ForestCovertype,2,0.58,29,0.0,0.9816456337335658,0,3,649,555,1877,True,0.9856428559972665,0.1213886569836784,0.497965645654041,0.9856428559972665,0.995503471735646,0.9091465649688208,-3.181649610463174,-2.10523109526996,2.3061762316703245,1.5150308215472654,0.4335808906591327,0.1213886569836784,0.12978583643778435,0.008397179454105952,0.497965645654041,0.326299577761435,0.17166606789260602,0.9856428559972665,0.7253076007285878,0.26033525526867873,0.995503471735646,0.7500620490812483,0.24544142265439772,0.9091465649688208,0.6861958300518286,0.22295073491699224,369.0,0.3429636533084809,280.0,0.26001863932898417,726.0,0.6756756756756757,976.0,0.9086672879776329,698.0,0.6495806150978565,0.26001863932898417,WACC_0p3_WRT_0p7,0.5673811742777259,873,False,,,False,False,False,False,False,3.0,0.022988505747126436
UDetect,ForestCovertype,320,0.58,29,0.0,0.9816456337335658,0,3,3997,1592,5000,True,0.9856428559972665,0.1213886569836784,0.497965645654041,0.9856428559972665,0.995503471735646,0.9091465649688208,-3.181649610463174,-2.10523109526996,2.3061762316703245,1.5150308215472654,0.4335808906591327,0.1213886569836784,0.1095762060923467,0.011812450891331705,0.497965645654041,0.3583870857511774,0.1395785599028636,0.9856428559972665,0.7581664714050863,0.22747638459218023,0.995503471735646,0.7440993876143775,0.25140408412126847,0.9091465649688208,0.6917429011472981,0.21740366382152276,280.0,0.26001863932898417,741.0,0.6896551724137931,1027.0,0.9561975768872321,861.0,0.8014911463187325,825.0,0.7679403541472507,0.26001863932898417,WACC_0p1_WRT_0p9,0.6950605778191985,874,False,,,False,False,False,False,False,3.0,0.022988505747126436
UDetect,ForestCovertype,640,0.71,505,0.5909090909090907,0.2300127331979113,0,44,638,198,2108,False,0.4101204130756993,0.7056687111221308,0.6364067537641221,0.4101204130756993,0.12373946545821127,0.3381049190570025,-3.181649610463174,-2.10523109526996,2.3061762316703245,1.5150308215472654,0.4335808906591327,0.7056687111221308,0.39821866202992334,0.30745004909220747,0.6364067537641221,0.32644071684200743,0.3099660369221147,0.4101204130756993,0.43309734185505505,0.022976928779355754,0.12373946545821127,0.45406067677002226,0.330321211311811,0.3381049190570025,0.4748699462304068,0.13676502717340427,796.0,0.7409133271202236,281.0,0.26095060577819196,291.0,0.2702702702702703,502.0,0.46691519105312207,505.0,0.46971109040074555,0.26095060577819196,WACC_0p3_WRT_0p7,0.4417520969245107,875,False,,,False,False,False,False,False,44.0,0.4942528735632184
UDetect,ForestCovertype,322,0.74,374,0.7272727272727272,0.3097189893116785,0,13,3443,1823,1,True,0.42326502755553375,0.6025418732912857,0.5777531799752021,0.42326502755553375,0.034116713514422935,0.1824066252440259,-3.181649610463174,-2.10523109526996,2.3061762316703245,1.5150308215472654,0.4335808906591327,0.6025418732912857,0.3427232686258966,0.25981860466538914,0.5777531799752021,0.3575472439721963,0.22020593600300586,0.42326502755553375,0.4534423277590083,0.030177300203474533,0.034116713514422935,0.4012417039567314,0.3671249904423085,0.1824066252440259,0.3584085592215954,0.17600193397756952,687.0,0.6393289841565704,729.0,0.6784715750232991,373.0,0.3466915191053122,405.0,0.3765144454799627,281.0,0.26095060577819196,0.26095060577819196,WACC_0p9_WRT_0p1,0.4603914259086673,876,False,,,False,False,False,False,False,13.0,0.13793103448275862
UDetect,ForestCovertype,659,0.7,1078,0.5454545454545452,0.028558524217223,0,69,1624,3730,4914,False,0.6109371083656411,0.9370146540169942,0.857095881532906,0.6109371083656411,0.12728068198425468,0.4065281468669479,-3.181649610463174,-2.10523109526996,2.3061762316703245,1.5150308215472654,0.4335808906591327,0.9370146540169942,0.45444867995184446,0.4825659740651498,0.857095881532906,0.4408980313504418,0.41619785018246414,0.6109371083656411,0.4401151574493744,0.17082195091626667,0.12728068198425468,0.3536993607258041,0.22641867874154942,0.4065281468669479,0.3840031634095507,0.022524983457397174,953.0,0.8872320596458527,965.0,0.8984156570363467,326.0,0.30288909599254427,281.0,0.26095060577819196,344.0,0.3196644920782852,0.26095060577819196,WACC_0p7_WRT_0p3,0.5338303821062441,877,False,,,False,False,False,False,False,69.0,0.7816091954022989
UDetect,ForestCovertype,81,0.58,29,0.0,0.9816456337335658,0,3,4536,706,5000,True,0.9856428559972665,0.1213886569836784,0.497965645654041,0.9856428559972665,0.995503471735646,0.9091465649688208,-3.181649610463174,-2.10523109526996,2.3061762316703245,1.5150308215472654,0.4335808906591327,0.1213886569836784,0.10986148157746589,0.011527175406212509,0.497965645654041,0.3504214388715826,0.1475442067824584,0.9856428559972665,0.7497907043085767,0.23585215168868978,0.995503471735646,0.7437470844981299,0.25175638723751614,0.9091465649688208,0.6903094207014403,0.21883714426738055,281.0,0.26095060577819196,510.0,0.4743709226467847,855.0,0.7958993476234856,850.0,0.7912395153774464,788.0,0.7334575955265611,0.26095060577819196,WACC_0p1_WRT_0p9,0.6111835973904939,878,False,,,False,False,False,False,False,3.0,0.022988505747126436
UDetect,ForestCovertype,529,0.69,468,0.4999999999999997,0.2502136408864951,0,76,2787,3250,4815,False,0.31530722829535507,0.6918202082674558,0.5911617178895889,0.31530722829535507,0.2344769642357851,0.434974509058721,-3.181649610463174,-2.10523109526996,2.3061762316703245,1.5150308215472654,0.4335808906591327,0.6918202082674558,0.4359642539221766,0.25585595434527925,0.5911617178895889,0.42259869830659674,0.1685630195829922,0.31530722829535507,0.431909513951267,0.11660228565591191,0.2344769642357851,0.3757602083666084,0.1412832441308233,0.434974509058721,0.40104899378563635,0.03392551527308463,898.0,0.8359739049394221,911.0,0.848089468779124,282.0,0.2618825722273998,345.0,0.320596458527493,381.0,0.35414725069897485,0.2618825722273998,WACC_0p5_WRT_0p5,0.5241379310344827,879,False,,,False,False,False,False,False,76.0,0.8620689655172413
UDetect,ForestCovertype,923,0.58,46,0.0,0.8622101529866331,0,16,3880,180,4935,True,0.8922180887659786,0.05150837402289796,0.38229050454419666,0.8922180887659786,0.9662436756114153,0.920431251631133,-3.181649610463174,-2.10523109526996,2.3061762316703245,1.5150308215472654,0.4335808906591327,0.05150837402289796,0.12669161934535172,0.07518324532245377,0.38229050454419666,0.32650903494517614,0.05578146959902053,0.8922180887659786,0.7305952902328519,0.16162279853312678,0.9662436756114153,0.7348381839615546,0.23140549164986068,0.920431251631133,0.6947450516769906,0.2256861999541424,361.0,0.33550792171481825,282.0,0.2618825722273998,744.0,0.6924510717614166,696.0,0.6477166821994408,902.0,0.8397017707362535,0.2618825722273998,WACC_0p3_WRT_0p7,0.5554520037278659,880,False,,,False,False,False,False,False,16.0,0.1724137931034483
UDetect,ForestCovertype,408,0.58,29,0.0,0.9816456337335658,0,3,1005,845,3610,True,0.9856428559972665,0.1213886569836784,0.497965645654041,0.9856428559972665,0.995503471735646,0.9091465649688208,-3.181649610463174,-2.10523109526996,2.3061762316703245,1.5150308215472654,0.4335808906591327,0.1213886569836784,0.11004078972050182,0.011347867263176575,0.497965645654041,0.34828987311791954,0.14967577253612147,0.9856428559972665,0.7511276208520776,0.2345152351451889,0.995503471735646,0.7439662818187,0.25153718991694607,0.9091465649688208,0.6835679485118391,0.22557861645698174,282.0,0.2618825722273998,461.0,0.42870456663560114,875.0,0.8145386766076421,858.0,0.798695246971109,665.0,0.6188257222739981,0.2618825722273998,WACC_0p1_WRT_0p9,0.5845293569431501,881,False,,,False,False,False,False,False,3.0,0.022988505747126436
UDetect,ForestCovertype,216,0.72,338,0.6363636363636361,0.3365685932729632,0,21,4026,2689,1,True,0.32065073252993015,0.5812050639548186,0.5248613959254755,0.32065073252993015,0.09694966045460775,0.2786480229055696,-3.181649610463174,-2.10523109526996,2.3061762316703245,1.5150308215472654,0.4335808906591327,0.5812050639548186,0.30379132743353016,0.2774137365212885,0.5248613959254755,0.3623220942997734,0.16253930162570213,0.32065073252993015,0.4545413993466812,0.13389066681675105,0.09694966045460775,0.40153592098590046,0.30458626053129273,0.2786480229055696,0.3595036588072738,0.08085563590170419,637.0,0.5927306616961789,772.0,0.7185461323392358,379.0,0.35228331780055916,406.0,0.37744641192917056,283.0,0.26281453867660765,0.26281453867660765,WACC_0p9_WRT_0p1,0.4607642124883505,882,False,,,False,False,False,False,False,21.0,0.22988505747126436
UDetect,ForestCovertype,820,0.58,36,0.0,0.9258530952252368,0,10,1948,484,1648,True,0.9420008419928378,0.061282621457869904,0.4439296948254753,0.9420008419928378,0.9818351857975168,0.914418041344384,-3.181649610463174,-2.10523109526996,2.3061762316703245,1.5150308215472654,0.4335808906591327,0.061282621457869904,0.1321830952321875,0.07090047377431759,0.4439296948254753,0.32689789239788164,0.11703180242759365,0.9420008419928378,0.7063527809073695,0.23564806108546832,0.9818351857975168,0.7391893852784814,0.2426458005190354,0.914418041344384,0.6875833347380181,0.22683470660636584,378.0,0.35135135135135137,283.0,0.26281453867660765,691.0,0.6430568499534017,742.0,0.6905871388630009,728.0,0.6775396085740913,0.26281453867660765,WACC_0p3_WRT_0p7,0.5250698974836906,883,False,,,False,False,False,False,False,10.0,0.10344827586206896
UDetect,ForestCovertype,983,0.58,1028,0.0,0.0411810431587906,0,87,3526,1825,7,True,0.24999307325066586,0.9762186258820427,0.7105082396942645,0.24999307325066586,0.7651045818062605,0.9980049858941998,-3.181649610463174,-2.10523109526996,2.3061762316703245,1.5150308215472654,0.4335808906591327,0.9762186258820427,0.4014605186352643,0.5747581072467784,0.7105082396942645,0.36767859481837495,0.3428296448758895,0.24999307325066586,0.4321251224903503,0.18213204923968443,0.7651045818062605,0.5207223977769343,0.2443821840293262,0.9980049858941998,0.5232202685364236,0.4747847173577763,807.0,0.7511649580615097,787.0,0.7325256290773532,283.0,0.26281453867660765,559.0,0.5200372786579683,552.0,0.5135135135135135,0.26281453867660765,WACC_0p5_WRT_0p5,0.5560111835973905,884,False,,,False,False,False,False,False,87.0,0.9885057471264368
UDetect,ForestCovertype,443,0.58,29,0.0,0.9816456337335658,0,3,787,1598,2195,True,0.9856428559972665,0.1213886569836784,0.497965645654041,0.9856428559972665,0.995503471735646,0.9091465649688208,-3.181649610463174,-2.10523109526996,2.3061762316703245,1.5150308215472654,0.4335808906591327,0.1213886569836784,0.11004121019700695,0.011347446786671447,0.497965645654041,0.3456050842812367,0.1523605613728043,0.9856428559972665,0.7436180377506861,0.2420248182465804,0.995503471735646,0.7559137948806445,0.23958967685500154,0.9091465649688208,0.6928785310905397,0.2162680338782812,283.0,0.26281453867660765,427.0,0.39701770736253494,804.0,0.7483690587138863,1050.0,0.9776328052190121,853.0,0.7940354147250699,0.26281453867660765,WACC_0p1_WRT_0p9,0.6359739049394222,885,False,,,False,False,False,False,False,3.0,0.022988505747126436
UDetect,ForestCovertype,455,0.75,266,0.7727272727272726,0.4000843079660853,1,1,2617,1082,1,True,0.3527921838891221,0.4963133403916763,0.48482876494786165,0.3527921838891221,0.017779593610287282,0.12447946871169575,-3.181649610463174,-2.10523109526996,2.3061762316703245,1.5150308215472654,0.4335808906591327,0.4963133403916763,0.3343293137138845,0.16198402667779177,0.48482876494786165,0.3269071776250668,0.15792158732279482,0.3527921838891221,0.4537926898517575,0.10100050596263543,0.017779593610287282,0.4144323614553876,0.3966527678451003,0.12447946871169575,0.3871230001308885,0.2626435314191928,672.0,0.625349487418453,284.0,0.2637465051258155,375.0,0.34855545200372784,430.0,0.3998136067101584,355.0,0.3299161230195713,0.2637465051258155,WACC_0p3_WRT_0p7,0.3934762348555452,886,False,,,False,False,False,False,False,1.0,0.0
UDetect,ForestCovertype,627,0.69,257,0.4999999999999997,0.4092063259369204,0,37,1744,4660,3821,False,0.12875645000806413,0.5127496198110137,0.4083022557616055,0.12875645000806413,0.2734276472382386,0.4199523178206301,-3.181649610463174,-2.10523109526996,2.3061762316703245,1.5150308215472654,0.4335808906591327,0.5127496198110137,0.42236114302048233,0.09038847679053141,0.4083022557616055,0.4148480048203977,0.006545749058792183,0.12875645000806413,0.4321678468544419,0.30341139684637775,0.2734276472382386,0.38055053893706847,0.10712289169882988,0.4199523178206301,0.42972417835146265,0.009771860530832566,855.0,0.7958993476234856,900.0,0.8378378378378378,284.0,0.2637465051258155,360.0,0.33457595526561046,442.0,0.4109972041006524,0.2637465051258155,WACC_0p5_WRT_0p5,0.5286113699906804,887,False,,,False,False,False,False,False,37.0,0.41379310344827586
UDetect,ForestCovertype,82,0.58,29,0.0,0.9816456337335658,0,3,1,826,5000,True,0.9856428559972665,0.1213886569836784,0.497965645654041,0.9856428559972665,0.995503471735646,0.9091465649688208,-3.181649610463174,-2.10523109526996,2.3061762316703245,1.5150308215472654,0.4335808906591327,0.1213886569836784,0.11021546945468357,0.011173187528994835,0.497965645654041,0.3430432297704746,0.15492241588356642,0.9856428559972665,0.7442092901163176,0.24143356588094889,0.995503471735646,0.7490750666627363,0.24642840507290975,0.9091465649688208,0.6832914999108362,0.2258550650579847,284.0,0.2637465051258155,397.0,0.36905871388630007,808.0,0.7520969245107176,963.0,0.896551724137931,663.0,0.6169617893755824,0.2637465051258155,WACC_0p1_WRT_0p9,0.5796831314072695,888,False,,,False,False,False,False,False,3.0,0.022988505747126436
UDetect,ForestCovertype,522,0.58,33,0.0,0.948348133291504,0,7,3857,1155,4229,True,0.9595969004007491,0.08551682182435125,0.4657164929051875,0.9595969004007491,0.9873461128981531,0.9122926305833013,-3.181649610463174,-2.10523109526996,2.3061762316703245,1.5150308215472654,0.4335808906591327,0.08551682182435125,0.11024278360867455,0.024725961784323305,0.4657164929051875,0.35638029969799423,0.10933619320719329,0.9595969004007491,0.7545402511170619,0.20505664928368716,0.9873461128981531,0.7402771682762895,0.24706894462186357,0.9122926305833013,0.6962279143305203,0.216064716252781,285.0,0.2646784715750233,710.0,0.6607642124883504,942.0,0.8769804287045666,770.0,0.7166821994408201,949.0,0.8835041938490215,0.2646784715750233,WACC_0p1_WRT_0p9,0.6805219012115564,889,False,,,False,False,False,False,False,7.0,0.06896551724137931
UDetect,ForestCovertype,527,0.58,635,0.0,0.1691811709775627,0,84,237,2610,101,True,0.35011727480499333,0.8320543946550663,0.5632937026365975,0.35011727480499333,0.7964625804548228,0.9859110810835238,-3.181649610463174,-2.10523109526996,2.3061762316703245,1.5150308215472654,0.4335808906591327,0.8320543946550663,0.20664481431947723,0.625409580335589,0.5632937026365975,0.32750927572289706,0.23578442691370044,0.35011727480499333,0.6016786279348426,0.2515613531298493,0.7964625804548228,0.6727516681008806,0.12371091235394216,0.9859110810835238,0.6602241557295737,0.32568692535395005,503.0,0.4678471575023299,286.0,0.2656104380242311,613.0,0.570363466915191,626.0,0.5824790307548928,626.0,0.5824790307548928,0.2656104380242311,WACC_0p3_WRT_0p7,0.4937558247903075,890,False,,,False,False,False,False,False,84.0,0.9540229885057471
UDetect,ForestCovertype,1017,0.72,590,0.6363636363636361,0.1887033345954551,0,44,1894,1757,3735,False,0.4941453752500794,0.7477430331403045,0.6949230667539721,0.4941453752500794,0.06072502020781411,0.2926188555424219,-3.181649610463174,-2.10523109526996,2.3061762316703245,1.5150308215472654,0.4335808906591327,0.7477430331403045,0.4688547040890933,0.27888832905121125,0.6949230667539721,0.4350984580778722,0.2598246086760999,0.4941453752500794,0.4621069274759556,0.03203844777412379,0.06072502020781411,0.35592622634275356,0.29520120613493944,0.2926188555424219,0.36100080839061993,0.06838195284819804,988.0,0.9198508853681268,951.0,0.8853681267474371,406.0,0.37744641192917056,286.0,0.2656104380242311,289.0,0.2684063373718546,0.2656104380242311,WACC_0p7_WRT_0p3,0.543336439888164,891,False,,,False,False,False,False,False,44.0,0.4942528735632184
UDetect,ForestCovertype,1009,0.58,30,0.0,0.9729224656013556,0,4,1617,2007,1526,True,0.9788194234027437,0.11199107322659677,0.48951712015468507,0.9788194234027437,0.9933664340688685,0.9099707607476553,-3.181649610463174,-2.10523109526996,2.3061762316703245,1.5150308215472654,0.4335808906591327,0.11199107322659677,0.11030904264787457,0.0016820305787221962,0.48951712015468507,0.35861093128013216,0.1309061888745529,0.9788194234027437,0.7360063228047117,0.24281310059803207,0.9933664340688685,0.7480487439261041,0.2453176901427644,0.9099707607476553,0.6887092808397807,0.2212614799078746,286.0,0.2656104380242311,746.0,0.6943150046598322,762.0,0.7092264678471575,948.0,0.8825722273998136,756.0,0.7036346691519105,0.2656104380242311,WACC_0p1_WRT_0p9,0.6510717614165891,892,False,,,False,False,False,False,False,4.0,0.034482758620689655
UDetect,ForestCovertype,468,0.6,96,0.0909090909090909,0.6694525344923197,0,11,2045,4547,1658,False,0.6347730110246602,0.25970438246432365,0.13506948735540864,0.6347730110246602,0.8132325229207175,0.8398654299966039,-3.181649610463174,-2.10523109526996,2.3061762316703245,1.5150308215472654,0.4335808906591327,0.25970438246432365,0.34137889362670204,0.0816745111623784,0.13506948735540864,0.3351838196925504,0.20011433233714176,0.6347730110246602,0.43263446043299664,0.20213855059166358,0.8132325229207175,0.3996946499957918,0.41353787292492566,0.8398654299966039,0.44817110644847286,0.391694323548131,684.0,0.6365330848089469,345.0,0.320596458527493,287.0,0.26654240447343897,402.0,0.37371854613233924,470.0,0.43709226467847156,0.26654240447343897,WACC_0p5_WRT_0p5,0.4068965517241379,893,False,,,False,False,False,False,False,11.0,0.11494252873563218
UDetect,ForestCovertype,21,0.58,28,0.0,0.9906645581969952,0,2,599,4096,2666,True,0.9926976349741923,0.13110486292620857,0.5067006158106627,0.9926976349741923,0.9977129650069035,0.9082944250857279,-3.181649610463174,-2.10523109526996,2.3061762316703245,1.5150308215472654,0.4335808906591327,0.13110486292620857,0.11041667130818157,0.020688191618027,0.5067006158106627,0.3482502850010237,0.15845033080963905,0.9926976349741923,0.7438477983413846,0.24884983663280769,0.9977129650069035,0.7542421478089564,0.24347081719794716,0.9082944250857279,0.6943781659852972,0.21391625910043066,287.0,0.26654240447343897,460.0,0.4277726001863933,806.0,0.750232991612302,1034.0,0.9627213420316869,888.0,0.8266542404473439,0.26654240447343897,WACC_0p1_WRT_0p9,0.6467847157502329,894,False,,,False,False,False,False,False,2.0,0.011494252873563218
UDetect,ForestCovertype,92,0.58,40,0.0,0.8985437239556836,0,13,661,2764,1510,True,0.9206389180642457,0.03186187661274668,0.41748013933768663,0.9206389180642457,0.9751448235146274,0.9169983273347309,-3.181649610463174,-2.10523109526996,2.3061762316703245,1.5150308215472654,0.4335808906591327,0.03186187661274668,0.11052585123535565,0.07866397462260896,0.41748013933768663,0.3523606984453603,0.06511944089232635,0.9206389180642457,0.7449304891141832,0.17570842895006245,0.9751448235146274,0.7550197310678857,0.22012509244674172,0.9169983273347309,0.6883338698673244,0.2286644574674065,288.0,0.2674743709226468,578.0,0.5377446411929171,812.0,0.7558247903075489,1043.0,0.9711090400745573,748.0,0.6961789375582479,0.2674743709226468,WACC_0p1_WRT_0p9,0.6456663560111837,895,False,,,False,False,False,False,False,13.0,0.13793103448275862
UDetect,ForestCovertype,604,0.58,28,0.0,0.9906645581969952,0,2,2315,318,4105,True,0.9926976349741923,0.13110486292620857,0.5067006158106627,0.9926976349741923,0.9977129650069035,0.9082944250857279,-3.181649610463174,-2.10523109526996,2.3061762316703245,1.5150308215472654,0.4335808906591327,0.13110486292620857,0.12262756780735212,0.008477295118856448,0.5067006158106627,0.3279548339539882,0.1787457818566745,0.9926976349741923,0.7260699166129644,0.2666277183612279,0.9977129650069035,0.7335095601245475,0.26420340488235605,0.9082944250857279,0.6921330248612043,0.21616140022452357,346.0,0.32152842497670087,289.0,0.2684063373718546,730.0,0.679403541472507,690.0,0.6421248835041938,832.0,0.7744641192917054,0.2684063373718546,WACC_0p3_WRT_0p7,0.5371854613233923,896,False,,,False,False,False,False,False,2.0,0.011494252873563218
UDetect,ForestCovertype,946,0.58,31,0.0,0.9644762707294906,0,5,1771,2943,1878,True,0.9722126447054984,0.10289187640567356,0.48133684761310763,0.9722126447054984,0.9912972504524864,0.9107687871132021,-3.181649610463174,-2.10523109526996,2.3061762316703245,1.5150308215472654,0.4335808906591327,0.10289187640567356,0.11070743828853895,0.00781556188286539,0.48133684761310763,0.3540969434837607,0.12723990412934694,0.9722126447054984,0.745484301834203,0.2267283428712954,0.9912972504524864,0.7582036467678269,0.23309360368465948,0.9107687871132021,0.6948369194602748,0.21593186765292727,289.0,0.2684063373718546,637.0,0.5927306616961789,816.0,0.7595526561043803,1062.0,0.9888164026095061,904.0,0.8415657036346692,0.2684063373718546,WACC_0p1_WRT_0p9,0.6902143522833178,897,False,,,False,False,False,False,False,5.0,0.04597701149425287
UDetect,ForestCovertype,420,0.78,794,0.9090909090909092,0.1098176688860683,0,4,2753,600,1,True,0.8000368421647649,0.8098802896635057,0.851685613827831,0.8000368421647649,0.3469617673015457,0.02074468044090548,-3.181649610463174,-2.10523109526996,2.3061762316703245,1.5150308215472654,0.4335808906591327,0.8098802896635057,0.36307845661324234,0.44680183305026333,0.851685613827831,0.3281650490094601,0.523520564818371,0.8000368421647649,0.4659636132440868,0.3340732289206781,0.3469617673015457,0.45711777997371655,0.11015601267217084,0.02074468044090548,0.4178063344737746,0.3970616540328691,734.0,0.6831314072693383,290.0,0.26933830382106244,418.0,0.3886300093196645,504.0,0.46877912395153776,421.0,0.391425908667288,0.26933830382106244,WACC_0p3_WRT_0p7,0.44026095060577825,898,False,,,False,False,False,False,False,4.0,0.034482758620689655
UDetect,ForestCovertype,793,0.58,33,0.0,0.948348133291504,0,7,3762,2626,1048,True,0.9595969004007491,0.08551682182435125,0.4657164929051875,0.9595969004007491,0.9873461128981531,0.9122926305833013,-3.181649610463174,-2.10523109526996,2.3061762316703245,1.5150308215472654,0.4335808906591327,0.08551682182435125,0.11078392076614416,0.02526709894179291,0.4657164929051875,0.35471064368613286,0.11100584921905465,0.9595969004007491,0.738082561323469,0.22151433907728002,0.9873461128981531,0.7485796552717902,0.23876645762636295,0.9122926305833013,0.6992418219854792,0.2130508085978221,290.0,0.26933830382106244,661.0,0.6150978564771669,777.0,0.723205964585275,955.0,0.8890959925442684,996.0,0.9273066169617894,0.26933830382106244,WACC_0p1_WRT_0p9,0.6848089468779124,899,False,,,False,False,False,False,False,7.0,0.06896551724137931
UDetect,ForestCovertype,178,0.75,328,0.7727272727272726,0.3445342420182435,0,3,2702,1008,1,True,0.4179707047323518,0.5588783759775543,0.548717585852891,0.4179707047323518,0.05520402464136218,0.12972803542212244,-3.181649610463174,-2.10523109526996,2.3061762316703245,1.5150308215472654,0.4335808906591327,0.5588783759775543,0.3455101068061939,0.21336826917136043,0.548717585852891,0.32832184950332155,0.22039573634956944,0.4179707047323518,0.4409044599407254,0.022933755208373596,0.05520402464136218,0.41983375181964105,0.36462972717827885,0.12972803542212244,0.3881383648357446,0.2584103294136222,691.0,0.6430568499534017,291.0,0.2702702702702703,328.0,0.3047530288909599,440.0,0.4091332712022367,360.0,0.33457595526561046,0.2702702702702703,WACC_0p3_WRT_0p7,0.3923578751164958,900,False,,,False,False,False,False,False,3.0,0.022988505747126436
UDetect,ForestCovertype,705,0.58,29,0.0,0.9816456337335658,0,3,4852,863,3875,True,0.9856428559972665,0.1213886569836784,0.497965645654041,0.9856428559972665,0.995503471735646,0.9091465649688208,-3.181649610463174,-2.10523109526996,2.3061762316703245,1.5150308215472654,0.4335808906591327,0.1213886569836784,0.1108291855479037,0.010559471435774695,0.497965645654041,0.3453279820096299,0.15263766364441111,0.9856428559972665,0.7466710360757494,0.23897181992151717,0.995503471735646,0.7399329495552397,0.2555705221804063,0.9091465649688208,0.6941777052991165,0.21496885966970436,291.0,0.2702702702702703,424.0,0.39422180801491147,826.0,0.7688723205964585,762.0,0.7092264678471575,883.0,0.8219944082013048,0.2702702702702703,WACC_0p1_WRT_0p9,0.5929170549860205,901,False,,,False,False,False,False,False,3.0,0.022988505747126436
UDetect,ForestCovertype,307,0.69,353,0.4999999999999997,0.3250502231307164,0,59,1443,3992,3343,False,0.2274992724916488,0.607533117850111,0.5050912350096075,0.2274992724916488,0.25281073846607277,0.4279036840725195,-3.181649610463174,-2.10523109526996,2.3061762316703245,1.5150308215472654,0.4335808906591327,0.607533117850111,0.43726648174048827,0.17026663610962273,0.5050912350096075,0.4301828766730171,0.07490835833659043,0.2274992724916488,0.435357291954993,0.2078580194633442,0.25281073846607277,0.3574833671398831,0.10467262867381033,0.4279036840725195,0.3903864054774921,0.037517278595027403,905.0,0.842497670083877,935.0,0.8704566635601119,304.0,0.28238583410997203,292.0,0.2712022367194781,364.0,0.3383038210624418,0.2712022367194781,WACC_0p7_WRT_0p3,0.5209692451071761,902,False,,,False,False,False,False,False,59.0,0.6666666666666666
UDetect,ForestCovertype,10,0.58,29,0.0,0.9816456337335658,0,3,305,1961,3054,True,0.9856428559972665,0.1213886569836784,0.497965645654041,0.9856428559972665,0.995503471735646,0.9091465649688208,-3.181649610463174,-2.10523109526996,2.3061762316703245,1.5150308215472654,0.4335808906591327,0.1213886569836784,0.11084924220956045,0.010539414774117947,0.497965645654041,0.3511635399471904,0.1468021057068506,0.9856428559972665,0.7533477243835318,0.23229513161373472,0.995503471735646,0.7532042699652239,0.24229920177042208,0.9091465649688208,0.6889060251931336,0.22024053977568725,292.0,0.2712022367194781,532.0,0.49487418452935694,924.0,0.8602050326188257,1027.0,0.9561975768872321,760.0,0.7073625349487418,0.2712022367194781,WACC_0p1_WRT_0p9,0.657968313140727,903,False,,,False,False,False,False,False,3.0,0.022988505747126436
UDetect,ForestCovertype,630,0.58,30,0.0,0.9729224656013556,0,4,2624,1845,2268,True,0.9788194234027437,0.11199107322659677,0.48951712015468507,0.9788194234027437,0.9933664340688685,0.9099707607476553,-3.181649610463174,-2.10523109526996,2.3061762316703245,1.5150308215472654,0.4335808906591327,0.11199107322659677,0.11099474959252052,0.0009963236340762432,0.48951712015468507,0.3599140995638658,0.1296030205908193,0.9788194234027437,0.75430704029635,0.22451238310639376,0.9933664340688685,0.7546913264948626,0.2386751075740059,0.9099707607476553,0.710678463223906,0.19929229752374922,293.0,0.2721342031686859,756.0,0.7036346691519105,937.0,0.8723205964585274,1041.0,0.9692451071761417,1073.0,0.9990680335507922,0.2721342031686859,WACC_0p1_WRT_0p9,0.7632805219012115,904,False,,,False,False,False,False,False,4.0,0.034482758620689655
UDetect,ForestCovertype,1059,0.58,31,0.0,0.9644762707294906,0,5,4959,879,3723,True,0.9722126447054984,0.10289187640567356,0.48133684761310763,0.9722126447054984,0.9912972504524864,0.9107687871132021,-3.181649610463174,-2.10523109526996,2.3061762316703245,1.5150308215472654,0.4335808906591327,0.10289187640567356,0.11110844455672482,0.008216568151051262,0.48133684761310763,0.34929393015573823,0.1320429174573694,0.9722126447054984,0.7482982982804597,0.2239143464250387,0.9912972504524864,0.7385604182684901,0.25273683218399634,0.9107687871132021,0.6912772943735378,0.21949149273966428,294.0,0.27306616961789376,480.0,0.44641192917054984,841.0,0.782851817334576,729.0,0.6784715750232991,813.0,0.7567567567567568,0.27306616961789376,WACC_0p1_WRT_0p9,0.5875116495806152,905,False,,,False,False,False,False,False,5.0,0.04597701149425287
UDetect,ForestCovertype,963,0.58,32,0.0,0.956290000443551,0,6,4746,1490,2565,True,0.9658091840992082,0.09407269975973002,0.47340831612005946,0.9658091840992082,0.9892917442320025,0.9115422548845219,-3.181649610463174,-2.10523109526996,2.3061762316703245,1.5150308215472654,0.4335808906591327,0.09407269975973002,0.11123064242611179,0.017157942666381765,0.47340831612005946,0.35536573719496733,0.11804257892509212,0.9658091840992082,0.7554168464461753,0.2103923376530329,0.9892917442320025,0.7495934771467488,0.23969826708525366,0.9115422548845219,0.7018700033534793,0.20967225153104263,295.0,0.2739981360671016,682.0,0.6346691519105312,967.0,0.9002795899347623,971.0,0.9040074557315937,1039.0,0.967381174277726,0.2739981360671016,WACC_0p1_WRT_0p9,0.736067101584343,906,False,,,False,False,False,False,False,6.0,0.05747126436781609
UDetect,ForestCovertype,100,0.58,61,0.0,0.7885225855217226,0,25,4246,1,5000,False,0.8345782333796563,0.13450134985496429,0.31092293678930577,0.8345782333796563,0.94819139175548,0.9273935136369386,-3.181649610463174,-2.10523109526996,2.3061762316703245,1.5150308215472654,0.4335808906591327,0.13450134985496429,0.25912730839278825,0.12462595853782396,0.31092293678930577,0.32880959560444256,0.01788665881513679,0.8345782333796563,0.5933934389802316,0.24118479439942475,0.94819139175548,0.6247293073932494,0.32346208436223056,0.9273935136369386,0.5983372718668981,0.32905624177004045,584.0,0.543336439888164,296.0,0.2749301025163094,606.0,0.5638397017707363,607.0,0.5647716682199441,586.0,0.5452003727865797,0.2749301025163094,WACC_0p3_WRT_0p7,0.4984156570363467,907,False,,,False,False,False,False,False,25.0,0.27586206896551724
UDetect,ForestCovertype,712,0.58,31,0.0,0.9644762707294906,0,5,2009,1601,2015,True,0.9722126447054984,0.10289187640567356,0.48133684761310763,0.9722126447054984,0.9912972504524864,0.9107687871132021,-3.181649610463174,-2.10523109526996,2.3061762316703245,1.5150308215472654,0.4335808906591327,0.10289187640567356,0.11138117352465642,0.008489297118982858,0.48133684761310763,0.34894420541314947,0.13239264219995817,0.9722126447054984,0.7474657758710956,0.22474686883440276,0.9912972504524864,0.759733993705687,0.23156325674679945,0.9107687871132021,0.7043464097785603,0.20642237733464175,296.0,0.2749301025163094,473.0,0.43988816402609504,830.0,0.7726001863932899,1068.0,0.994408201304753,1060.0,0.9869524697110904,0.2749301025163094,WACC_0p1_WRT_0p9,0.6937558247903076,908,False,,,False,False,False,False,False,5.0,0.04597701149425287
UDetect,ForestCovertype,254,0.71,287,0.5909090909090907,0.379942480602098,0,22,3882,3263,1,True,0.2342034452114399,0.5368055455854366,0.46397068880541764,0.2342034452114399,0.16046987265855683,0.32393902622319076,-3.181649610463174,-2.10523109526996,2.3061762316703245,1.5150308215472654,0.4335808906591327,0.5368055455854366,0.2654809582530729,0.2713245873323637,0.46397068880541764,0.32920828946401665,0.134762399341401,0.2342034452114399,0.45800278356005986,0.22379933834861995,0.16046987265855683,0.4422175699700772,0.2817476973115204,0.32393902622319076,0.4220683638971304,0.09812933767393966,587.0,0.5461323392357875,297.0,0.27586206896551724,394.0,0.3662628145386766,482.0,0.4482758620689655,426.0,0.3960857409133271,0.27586206896551724,WACC_0p3_WRT_0p7,0.40652376514445476,909,False,,,False,False,False,False,False,22.0,0.2413793103448276
UDetect,ForestCovertype,205,0.75,451,0.7727272727272726,0.2600357281773934,0,8,3193,1453,1,True,0.5171152881207677,0.6540475253782133,0.6459003762853649,0.5171152881207677,0.11213120824604861,0.1377117538796673,-3.181649610463174,-2.10523109526996,2.3061762316703245,1.5150308215472654,0.4335808906591327,0.6540475253782133,0.3318744908550084,0.3221730345232049,0.6459003762853649,0.3442858872153106,0.3016144890700543,0.5171152881207677,0.49737826050409345,0.01973702761667423,0.11213120824604861,0.41782644776080224,0.30569523951475364,0.1377117538796673,0.36304479100706016,0.22533303712739286,670.0,0.6234855545200373,408.0,0.3793103448275862,508.0,0.4725069897483691,438.0,0.40726933830382106,297.0,0.27586206896551724,0.27586206896551724,WACC_0p9_WRT_0p1,0.43168685927306616,910,False,,,False,False,False,False,False,8.0,0.08045977011494253
UDetect,ForestCovertype,879,0.58,30,0.0,0.9729224656013556,0,4,906,3949,3234,True,0.9788194234027437,0.11199107322659677,0.48951712015468507,0.9788194234027437,0.9933664340688685,0.9099707607476553,-3.181649610463174,-2.10523109526996,2.3061762316703245,1.5150308215472654,0.4335808906591327,0.11199107322659677,0.11153684270588964,0.0004542305207071301,0.48951712015468507,0.3391874203598872,0.15032969979479788,0.9788194234027437,0.7477986464621067,0.23102077694063705,0.9933664340688685,0.7439641141197748,0.24940231994909368,0.9099707607476553,0.6873064410119215,0.22266431973573375,297.0,0.27586206896551724,372.0,0.34575955265610436,835.0,0.777260018639329,857.0,0.7977632805219013,722.0,0.6719478098788444,0.27586206896551724,WACC_0p1_WRT_0p9,0.5737185461323392,911,False,,,False,False,False,False,False,4.0,0.034482758620689655
UDetect,ForestCovertype,568,0.58,31,0.0,0.9644762707294906,0,5,33,1312,764,True,0.9722126447054984,0.10289187640567356,0.48133684761310763,0.9722126447054984,0.9912972504524864,0.9107687871132021,-3.181649610463174,-2.10523109526996,2.3061762316703245,1.5150308215472654,0.4335808906591327,0.10289187640567356,0.1608905435184322,0.05799866711275865,0.48133684761310763,0.3292327942058588,0.1521040534072488,0.9722126447054984,0.6986677058403614,0.273544938865137,0.9912972504524864,0.7448124514321331,0.24648479902035325,0.9107687871132021,0.7027526133818369,0.20801617373136516,441.0,0.41006523765144454,298.0,0.2767940354147251,677.0,0.630009319664492,878.0,0.8173345759552656,1043.0,0.9711090400745573,0.2767940354147251,WACC_0p3_WRT_0p7,0.6210624417520969,912,False,,,False,False,False,False,False,5.0,0.04597701149425287
UDetect,ForestCovertype,106,0.67,158,0.4090909090909093,0.5379809311368285,0,18,2281,2599,2143,False,0.15860129859370592,0.37661652318349764,0.23818526164653808,0.15860129859370592,0.41076397773455825,0.5065634808580859,-3.181649610463174,-2.10523109526996,2.3061762316703245,1.5150308215472654,0.4335808906591327,0.37661652318349764,0.3631808811476529,0.013435642035844741,0.23818526164653808,0.35809017751335337,0.11990491586681529,0.15860129859370592,0.43494804159931894,0.276346743005613,0.41076397773455825,0.3816576673519505,0.029106310382607747,0.5065634808580859,0.39916864059882695,0.10739484025925894,735.0,0.6840633737185461,738.0,0.6868592730661697,299.0,0.2777260018639329,364.0,0.3383038210624418,376.0,0.3494874184529357,0.2777260018639329,WACC_0p5_WRT_0p5,0.4672879776328053,913,False,,,False,False,False,False,False,18.0,0.19540229885057472
UDetect,ForestCovertype,1039,0.58,32,0.0,0.956290000443551,0,6,2552,1526,411,True,0.9658091840992082,0.09407269975973002,0.47340831612005946,0.9658091840992082,0.9892917442320025,0.9115422548845219,-3.181649610463174,-2.10523109526996,2.3061762316703245,1.5150308215472654,0.4335808906591327,0.09407269975973002,0.1979301249476795,0.10385742518794948,0.47340831612005946,0.3293738085048362,0.14403450761522324,0.9658091840992082,0.6548206174864233,0.31098856661278496,0.9892917442320025,0.6921593271588571,0.2971324170731454,0.9115422548845219,0.6895201131153289,0.222022141769193,493.0,0.45852749301025164,299.0,0.2777260018639329,637.0,0.5927306616961789,633.0,0.5890027958993477,768.0,0.7148182665424044,0.2777260018639329,WACC_0p3_WRT_0p7,0.5265610438024231,914,False,,,False,False,False,False,False,6.0,0.05747126436781609
UDetect,ForestCovertype,416,0.58,31,0.0,0.9644762707294906,0,5,5000,5000,2401,True,0.9722126447054984,0.10289187640567356,0.48133684761310763,0.9722126447054984,0.9912972504524864,0.9107687871132021,-3.181649610463174,-2.10523109526996,2.3061762316703245,1.5150308215472654,0.4335808906591327,0.10289187640567356,0.1116891583586836,0.008797281953010036,0.48133684761310763,0.3559722040125674,0.12536464360054023,0.9722126447054984,0.7516456056062616,0.2205670390992368,0.9912972504524864,0.7503297302850579,0.2409675201674285,0.9107687871132021,0.7014730981723417,0.20929568894086037,299.0,0.2777260018639329,699.0,0.6505125815470643,883.0,0.8219944082013048,989.0,0.9207828518173345,1033.0,0.961789375582479,0.2777260018639329,WACC_0p1_WRT_0p9,0.726561043802423,915,False,,,False,False,False,False,False,5.0,0.04597701149425287
UDetect,ForestCovertype,332,0.76,683,0.8181818181818181,0.1498247967750264,0,11,3186,1052,1,True,0.6819844385981135,0.7737243988604228,0.7836611980624544,0.6819844385981135,0.23092357754485107,0.09873575088761669,-3.181649610463174,-2.10523109526996,2.3061762316703245,1.5150308215472654,0.4335808906591327,0.7737243988604228,0.3548436781102372,0.41888072075018556,0.7836611980624544,0.36001309567001244,0.42364810239244194,0.6819844385981135,0.5004926092181291,0.18149182937998443,0.23092357754485107,0.44358608516992876,0.21266250762507768,0.09873575088761669,0.366713183501556,0.26797743261393936,718.0,0.668219944082013,757.0,0.7045666356011183,517.0,0.4808946877912395,486.0,0.45200372786579684,300.0,0.2786579683131407,0.2786579683131407,WACC_0p9_WRT_0p1,0.5168685927306617,916,False,,,False,False,False,False,False,11.0,0.11494252873563218
UDetect,ForestCovertype,914,0.69,432,0.4999999999999997,0.2714603606213901,0,73,1595,4267,3601,False,0.2903778291765243,0.6678904117205889,0.5667256015898062,0.2903778291765243,0.23968207316877407,0.4329670438288677,-3.181649610463174,-2.10523109526996,2.3061762316703245,1.5150308215472654,0.4335808906591327,0.6678904117205889,0.43590468295011353,0.2319857287704754,0.5667256015898062,0.426293401759437,0.14043219983036925,0.2903778291765243,0.43500664505960773,0.1446288158830834,0.23968207316877407,0.36049202732290797,0.1208099541541339,0.4329670438288677,0.41402864647557686,0.018938397353290837,896.0,0.8341099720410066,925.0,0.8611369990680335,300.0,0.2786579683131407,304.0,0.28238583410997203,411.0,0.3821062441752097,0.2786579683131407,WACC_0p5_WRT_0p5,0.5276794035414725,917,False,,,False,False,False,False,False,73.0,0.8275862068965517
UDetect,ForestCovertype,273,0.72,411,0.6363636363636361,0.2846860156034015,0,30,4429,2501,1,True,0.38152608186274956,0.6396394737578788,0.5845321930030924,0.38152608186274956,0.08423925283103464,0.2835500723516185,-3.181649610463174,-2.10523109526996,2.3061762316703245,1.5150308215472654,0.4335808906591327,0.6396394737578788,0.31021505636680297,0.3294244173910758,0.5845321930030924,0.36539271725918565,0.2191394757439068,0.38152608186274956,0.48303698597972994,0.10151090411698038,0.08423925283103464,0.4313838952739662,0.34714464244293153,0.2835500723516185,0.3668205846559813,0.08327051230436278,648.0,0.6029822926374651,780.0,0.7260018639328985,479.0,0.44547996272134205,460.0,0.4277726001863933,301.0,0.27958993476234856,0.27958993476234856,WACC_0p9_WRT_0p1,0.4963653308480894,918,False,,,False,False,False,False,False,30.0,0.3333333333333333
UDetect,ForestCovertype,885,0.58,29,0.0,0.9816456337335658,0,3,4159,4151,1167,True,0.9856428559972665,0.1213886569836784,0.497965645654041,0.9856428559972665,0.995503471735646,0.9091465649688208,-3.181649610463174,-2.10523109526996,2.3061762316703245,1.5150308215472654,0.4335808906591327,0.1213886569836784,0.11190576443588239,0.00948289254779601,0.497965645654041,0.3534617816519285,0.14450386400211251,0.9856428559972665,0.7319550592194212,0.25368779677784536,0.995503471735646,0.7478530576888703,0.24765041404677568,0.9091465649688208,0.6987656628279024,0.21038090214091842,301.0,0.27958993476234856,611.0,0.5684995340167754,747.0,0.6952469711090401,941.0,0.8760484622553588,990.0,0.9217148182665424,0.27958993476234856,WACC_0p1_WRT_0p9,0.6682199440820131,919,False,,,False,False,False,False,False,3.0,0.022988505747126436
UDetect,ForestCovertype,720,0.58,32,0.0,0.956290000443551,0,6,1595,442,1289,True,0.9658091840992082,0.09407269975973002,0.47340831612005946,0.9658091840992082,0.9892917442320025,0.9115422548845219,-3.181649610463174,-2.10523109526996,2.3061762316703245,1.5150308215472654,0.4335808906591327,0.09407269975973002,0.14661323462536768,0.05254053486563766,0.47340831612005946,0.3295369943428812,0.14387132177717826,0.9658091840992082,0.7017352826091001,0.2640739014901081,0.9892917442320025,0.7394025327319454,0.24988921150005705,0.9115422548845219,0.6829735741844102,0.22856868070011171,415.0,0.385834109972041,302.0,0.2805219012115564,681.0,0.6337371854613234,747.0,0.6952469711090401,659.0,0.6132339235787512,0.2805219012115564,WACC_0p3_WRT_0p7,0.5217148182665424,920,False,,,False,False,False,False,False,6.0,0.05747126436781609
UDetect,ForestCovertype,951,0.58,31,0.0,0.9644762707294906,0,5,3631,2109,1696,True,0.9722126447054984,0.10289187640567356,0.48133684761310763,0.9722126447054984,0.9912972504524864,0.9107687871132021,-3.181649610463174,-2.10523109526996,2.3061762316703245,1.5150308215472654,0.4335808906591327,0.10289187640567356,0.11195777713085038,0.009065900725176823,0.48133684761310763,0.35352799693812625,0.12780885067498138,0.9722126447054984,0.7432376759798367,0.2289749687256617,0.9912972504524864,0.743212301380282,0.24808494907220435,0.9107687871132021,0.6945256682673479,0.21624311884585423,302.0,0.2805219012115564,616.0,0.5731593662628145,802.0,0.7465051258154707,837.0,0.7791239515377446,897.0,0.8350419384902144,0.2805219012115564,WACC_0p1_WRT_0p9,0.6428704566635601,921,False,,,False,False,False,False,False,5.0,0.04597701149425287
UDetect,ForestCovertype,948,0.58,29,0.0,0.9816456337335658,0,3,2615,4355,140,True,0.9856428559972665,0.1213886569836784,0.497965645654041,0.9856428559972665,0.995503471735646,0.9091465649688208,-3.181649610463174,-2.10523109526996,2.3061762316703245,1.5150308215472654,0.4335808906591327,0.1213886569836784,0.19857885474427353,0.07719019776059513,0.497965645654041,0.32955939984568383,0.16840624580835717,0.9856428559972665,0.6152624171253103,0.37038043887195626,0.995503471735646,0.6649779756346288,0.3305254961010172,0.9091465649688208,0.6639302716660368,0.24521629330278405,494.0,0.4594594594594595,303.0,0.2814538676607642,622.0,0.5787511649580616,622.0,0.5787511649580616,629.0,0.5852749301025163,0.2814538676607642,WACC_0p3_WRT_0p7,0.49673811742777263,922,False,,,False,False,False,False,False,3.0,0.022988505747126436
UDetect,ForestCovertype,103,0.69,216,0.4999999999999997,0.4552465546329661,0,28,3026,4227,5000,False,0.07473609999606089,0.4608953420959398,0.3553508168137185,0.07473609999606089,0.2847067721409435,0.4156022741698919,-3.181649610463174,-2.10523109526996,2.3061762316703245,1.5150308215472654,0.4335808906591327,0.4608953420959398,0.4429629037777034,0.017932438318236377,0.3553508168137185,0.4237173458440079,0.06836652903028939,0.07473609999606089,0.43507106231876186,0.36033496232270096,0.2847067721409435,0.3788294596362266,0.09412268749528313,0.4156022741698919,0.41297222300345626,0.002630051166435665,920.0,0.8564771668219944,914.0,0.8508853681267474,303.0,0.2814538676607642,357.0,0.3317800559179869,409.0,0.38024231127679403,0.2814538676607642,WACC_0p5_WRT_0p5,0.5401677539608574,923,False,,,False,False,False,False,False,28.0,0.3103448275862069
UDetect,ForestCovertype,369,0.74,392,0.7272727272727272,0.2972464180311213,0,14,3280,1578,1,True,0.43789946107613076,0.6165895049673339,0.592098039142731,0.43789946107613076,0.04251956373079634,0.18358507789389353,-3.181649610463174,-2.10523109526996,2.3061762316703245,1.5150308215472654,0.4335808906591327,0.6165895049673339,0.3380469449857841,0.2785425599815498,0.592098039142731,0.3455049653410939,0.24659307380163709,0.43789946107613076,0.48391709876648575,0.046017637690354996,0.04251956373079634,0.40235090044212296,0.3598313367113266,0.18358507789389353,0.3672038294412595,0.18361875154736598,676.0,0.6290773532152842,425.0,0.3951537744641193,483.0,0.44920782851817337,409.0,0.38024231127679403,304.0,0.28238583410997203,0.28238583410997203,WACC_0p9_WRT_0p1,0.4272134203168686,924,False,,,False,False,False,False,False,14.0,0.14942528735632185
UDetect,ForestCovertype,1045,0.58,28,0.0,0.9906645581969952,0,2,1116,1336,1476,True,0.9926976349741923,0.13110486292620857,0.5067006158106627,0.9926976349741923,0.9977129650069035,0.9082944250857279,-3.181649610463174,-2.10523109526996,2.3061762316703245,1.5150308215472654,0.4335808906591327,0.13110486292620857,0.11219122658154293,0.01891363634466564,0.5067006158106627,0.3438226051934797,0.16287801061718304,0.9926976349741923,0.7291220284938927,0.26357560648029954,0.9977129650069035,0.750298032454022,0.2474149325528815,0.9082944250857279,0.6888200607408076,0.2194743643449203,304.0,0.28238583410997203,404.0,0.37558247903075487,737.0,0.6859273066169618,986.0,0.9179869524697111,758.0,0.7054986020503262,0.28238583410997203,WACC_0p1_WRT_0p9,0.5934762348555452,925,False,,,False,False,False,False,False,2.0,0.011494252873563218
UDetect,ForestCovertype,1037,0.65,281,0.3181818181818183,0.3855433778433037,0,44,218,2409,3645,False,0.14602796662998824,0.5572075996621488,0.39149386431065253,0.14602796662998824,0.47920779510400374,0.6197445632728066,-3.181649610463174,-2.10523109526996,2.3061762316703245,1.5150308215472654,0.4335808906591327,0.5572075996621488,0.3830134242458905,0.1741941754162583,0.39149386431065253,0.32980785525844836,0.06168600905220417,0.14602796662998824,0.4393680943212493,0.29334012769126105,0.47920779510400374,0.44882818087062787,0.030379614233375873,0.6197445632728066,0.4924619616021398,0.1272826016706668,767.0,0.7138863000931966,306.0,0.2842497670083877,323.0,0.3000931966449208,494.0,0.4594594594594595,524.0,0.4874184529356943,0.2842497670083877,WACC_0p3_WRT_0p7,0.4490214352283318,926,False,,,False,False,False,False,False,44.0,0.4942528735632184
UDetect,ForestCovertype,706,0.58,31,0.0,0.9644762707294906,0,5,1300,749,2725,True,0.9722126447054984,0.10289187640567356,0.48133684761310763,0.9722126447054984,0.9912972504524864,0.9107687871132021,-3.181649610463174,-2.10523109526996,2.3061762316703245,1.5150308215472654,0.4335808906591327,0.10289187640567356,0.11234677127161204,0.009454894865938479,0.48133684761310763,0.33640302610495204,0.1449338215081556,0.9722126447054984,0.7430411629726418,0.22917148173285662,0.9912972504524864,0.7477274314197603,0.24356981903272612,0.9107687871132021,0.6900623856645386,0.2207064014486635,306.0,0.2842497670083877,355.0,0.3299161230195713,799.0,0.7437092264678472,939.0,0.8741845293569431,782.0,0.727865796831314,0.2842497670083877,WACC_0p1_WRT_0p9,0.5919850885368128,927,False,,,False,False,False,False,False,5.0,0.04597701149425287
UDetect,ForestCovertype,368,0.77,569,0.8636363636363635,0.1983283096675954,0,5,3004,837,1,True,0.6606292788232938,0.714644061421781,0.7388825658608333,0.6606292788232938,0.24278902114516102,0.044763845828187175,-3.181649610463174,-2.10523109526996,2.3061762316703245,1.5150308215472654,0.4335808906591327,0.714644061421781,0.34853323296366867,0.3661108284581124,0.7388825658608333,0.3298116329445151,0.40907093291631824,0.6606292788232938,0.47531333396790565,0.18531594485538816,0.24278902114516102,0.46136871210953007,0.21857969096436905,0.044763845828187175,0.4046796781397308,0.35991583231154367,705.0,0.6561043802423113,307.0,0.2851817334575955,450.0,0.418452935694315,510.0,0.4743709226467847,390.0,0.3625349487418453,0.2851817334575955,WACC_0p3_WRT_0p7,0.43932898415657035,928,False,,,False,False,False,False,False,5.0,0.04597701149425287
UDetect,ForestCovertype,621,0.58,29,0.0,0.9816456337335658,0,3,4296,4011,954,True,0.9856428559972665,0.1213886569836784,0.497965645654041,0.9856428559972665,0.995503471735646,0.9091465649688208,-3.181649610463174,-2.10523109526996,2.3061762316703245,1.5150308215472654,0.4335808906591327,0.1213886569836784,0.11264441757104615,0.008744239412632249,0.497965645654041,0.35779105689916957,0.14017458875487143,0.9856428559972665,0.7361359591286228,0.2495068968686437,0.995503471735646,0.7416151532420415,0.2538883184936045,0.9091465649688208,0.7014740383574766,0.20767252661134428,307.0,0.2851817334575955,734.0,0.6831314072693383,764.0,0.7110904007455732,800.0,0.744641192917055,1034.0,0.9627213420316869,0.2851817334575955,WACC_0p1_WRT_0p9,0.6773532152842497,929,False,,,False,False,False,False,False,3.0,0.022988505747126436
UDetect,ForestCovertype,161,0.58,29,0.0,0.9816456337335658,0,3,4153,4691,637,True,0.9856428559972665,0.1213886569836784,0.497965645654041,0.9856428559972665,0.995503471735646,0.9091465649688208,-3.181649610463174,-2.10523109526996,2.3061762316703245,1.5150308215472654,0.4335808906591327,0.1213886569836784,0.138418110009499,0.017029453025820596,0.497965645654041,0.329831389068361,0.16813425658568,0.9856428559972665,0.6931735662173838,0.29246928977988274,0.995503471735646,0.7247416963139469,0.2707617754216991,0.9091465649688208,0.6998777840283134,0.2092687809405075,394.0,0.3662628145386766,308.0,0.28611369990680335,663.0,0.6169617893755824,659.0,0.6132339235787512,1006.0,0.9366262814538676,0.28611369990680335,WACC_0p3_WRT_0p7,0.5638397017707362,930,False,,,False,False,False,False,False,3.0,0.022988505747126436
UDetect,ForestCovertype,446,0.58,29,0.0,0.9816456337335658,0,3,4101,804,3904,True,0.9856428559972665,0.1213886569836784,0.497965645654041,0.9856428559972665,0.995503471735646,0.9091465649688208,-3.181649610463174,-2.10523109526996,2.3061762316703245,1.5150308215472654,0.4335808906591327,0.1213886569836784,0.11282339895517476,0.008565258028503636,0.497965645654041,0.3478559909729444,0.1501096546810966,0.9856428559972665,0.7552736475039384,0.2303692084933281,0.995503471735646,0.7373403273503111,0.25816314438533494,0.9091465649688208,0.6946692843018294,0.21447728066699145,308.0,0.28611369990680335,451.0,0.4193849021435228,963.0,0.896551724137931,711.0,0.6616961789375583,901.0,0.8387698042870456,0.28611369990680335,WACC_0p1_WRT_0p9,0.6205032618825722,931,False,,,False,False,False,False,False,3.0,0.022988505747126436
UDetect,ForestCovertype,492,0.58,29,0.0,0.9816456337335658,0,3,5000,5000,1077,True,0.9856428559972665,0.1213886569836784,0.497965645654041,0.9856428559972665,0.995503471735646,0.9091465649688208,-3.181649610463174,-2.10523109526996,2.3061762316703245,1.5150308215472654,0.4335808906591327,0.1213886569836784,0.11291766929511657,0.008470987688561832,0.497965645654041,0.35421770562367993,0.14374794003036107,0.9856428559972665,0.7357422397718898,0.24990061622537674,0.995503471735646,0.7427065984910068,0.2527968732446392,0.9091465649688208,0.689339503692534,0.2198070612762868,309.0,0.2870456663560112,645.0,0.6001863932898416,760.0,0.7073625349487418,827.0,0.7698042870456664,767.0,0.7138863000931966,0.2870456663560112,WACC_0p1_WRT_0p9,0.6156570363466914,932,False,,,False,False,False,False,False,3.0,0.022988505747126436
UDetect,ForestCovertype,490,0.58,194,0.0,0.4836848735460707,0,62,1,4219,3626,False,0.596128217466985,0.47783455697630234,0.20157908745982356,0.596128217466985,0.8735109932038667,0.9561956588703995,-3.181649610463174,-2.10523109526996,2.3061762316703245,1.5150308215472654,0.4335808906591327,0.47783455697630234,0.3569783778579176,0.12085617911838475,0.20157908745982356,0.3298598651837803,0.12828077772395674,0.596128217466985,0.5556002124749553,0.04052800499202969,0.8735109932038667,0.5479997031794221,0.32551129002444457,0.9561956588703995,0.6208364708108121,0.3353591880595874,722.0,0.6719478098788444,310.0,0.287977632805219,580.0,0.5396085740913327,571.0,0.5312208760484622,601.0,0.5591798695246971,0.287977632805219,WACC_0p3_WRT_0p7,0.517986952469711,933,False,,,False,False,False,False,False,62.0,0.7011494252873564
UDetect,ForestCovertype,17,0.68,252,0.4545454545454547,0.4144126132775443,0,38,812,4997,2762,False,0.08709232665058593,0.5113375796878487,0.3913085795169093,0.08709232665058593,0.32759740355394684,0.4688495309833423,-3.181649610463174,-2.10523109526996,2.3061762316703245,1.5150308215472654,0.4335808906591327,0.5113375796878487,0.4010207334734307,0.11031684621441795,0.3913085795169093,0.3785350577930852,0.012773521723824066,0.08709232665058593,0.436741910526581,0.3496495838759951,0.32759740355394684,0.4121423345619011,0.08454493100795424,0.4688495309833423,0.4488291011891333,0.020020429794209038,805.0,0.7493010251630942,813.0,0.7567567567567568,310.0,0.287977632805219,426.0,0.3960857409133271,472.0,0.43895619757688725,0.287977632805219,WACC_0p5_WRT_0p5,0.5258154706430569,934,False,,,False,False,False,False,False,38.0,0.42528735632183906
UDetect,ForestCovertype,595,0.58,31,0.0,0.9644762707294906,0,5,1689,2508,1793,True,0.9722126447054984,0.10289187640567356,0.48133684761310763,0.9722126447054984,0.9912972504524864,0.9107687871132021,-3.181649610463174,-2.10523109526996,2.3061762316703245,1.5150308215472654,0.4335808906591327,0.10289187640567356,0.11318003209809781,0.01028815569242425,0.48133684761310763,0.354832117953143,0.12650472965996462,0.9722126447054984,0.7407817142629798,0.2314309304425186,0.9912972504524864,0.752364382404593,0.23893286804789338,0.9107687871132021,0.694190392202718,0.21657839491048403,310.0,0.287977632805219,666.0,0.6197576887232059,785.0,0.7306616961789375,1013.0,0.9431500465983225,884.0,0.8229263746505125,0.287977632805219,WACC_0p1_WRT_0p9,0.6808946877912395,935,False,,,False,False,False,False,False,5.0,0.04597701149425287
UDetect,ForestCovertype,327,0.75,384,0.7727272727272726,0.3027177222880975,0,5,2865,1138,1,True,0.4670352531953867,0.6059755665992662,0.5968112846510059,0.4670352531953867,0.08337607865962098,0.13367900811057293,-3.181649610463174,-2.10523109526996,2.3061762316703245,1.5150308215472654,0.4335808906591327,0.6059755665992662,0.32610444228553803,0.2798711243137282,0.5968112846510059,0.3396106930610808,0.25720059158992503,0.4670352531953867,0.45784822915144585,0.009187024043940839,0.08337607865962098,0.40676167879762104,0.32338560013800005,0.13367900811057293,0.3732902503712134,0.23961124226064046,662.0,0.6160298229263746,376.0,0.3494874184529357,392.0,0.36439888164026096,420.0,0.39049394221808015,311.0,0.28890959925442683,0.28890959925442683,WACC_0p9_WRT_0p1,0.40186393289841565,936,False,,,False,False,False,False,False,5.0,0.04597701149425287
UDetect,ForestCovertype,186,0.58,40,0.0,0.8985437239556836,0,13,951,5000,429,True,0.9206389180642457,0.03186187661274668,0.41748013933768663,0.9206389180642457,0.9751448235146274,0.9169983273347309,-3.181649610463174,-2.10523109526996,2.3061762316703245,1.5150308215472654,0.4335808906591327,0.03186187661274668,0.1306448684657212,0.09878299185297454,0.41748013933768663,0.329966472027187,0.08751366731049964,0.9206389180642457,0.6989544125493432,0.22168450551490249,0.9751448235146274,0.7199892540154316,0.2551555694991958,0.9169983273347309,0.6769030992002691,0.2400952281344617,374.0,0.34762348555452005,311.0,0.28890959925442683,679.0,0.6318732525629077,650.0,0.6048462255358807,638.0,0.5936626281453867,0.28890959925442683,WACC_0p3_WRT_0p7,0.4933830382106244,937,False,,,False,False,False,False,False,13.0,0.13793103448275862
UDetect,ForestCovertype,894,0.69,370,0.4999999999999997,0.3125719152321354,0,63,2735,2379,4360,False,0.24214043695434384,0.6215872105753889,0.5194426919327875,0.24214043695434384,0.24975375118888765,0.4290826787383484,-3.181649610463174,-2.10523109526996,2.3061762316703245,1.5150308215472654,0.4335808906591327,0.6215872105753889,0.4250588996612103,0.1965283109141786,0.5194426919327875,0.4245226039131055,0.09492008801968199,0.24214043695434384,0.4370736607513682,0.19493322379702438,0.24975375118888765,0.3622366449019734,0.11248289371308573,0.4290826787383484,0.37512071135654146,0.05396196738180692,864.0,0.804287045666356,918.0,0.8546132339235788,315.0,0.29263746505125815,311.0,0.28890959925442683,316.0,0.293569431500466,0.28890959925442683,WACC_0p7_WRT_0p3,0.5068033550792173,938,False,,,False,False,False,False,False,63.0,0.7126436781609196
UDetect,ForestCovertype,765,0.58,29,0.0,0.9816456337335658,0,3,2889,3178,864,True,0.9856428559972665,0.1213886569836784,0.497965645654041,0.9856428559972665,0.995503471735646,0.9091465649688208,-3.181649610463174,-2.10523109526996,2.3061762316703245,1.5150308215472654,0.4335808906591327,0.1213886569836784,0.11318929098514298,0.008199365998535421,0.497965645654041,0.34458528958981033,0.15338035606423067,0.9856428559972665,0.7276551281807225,0.257987727816544,0.995503471735646,0.7523614254431824,0.2431420462924636,0.9091465649688208,0.7084949830981601,0.2006515818706608,311.0,0.28890959925442683,411.0,0.3821062441752097,732.0,0.6812674743709226,1012.0,0.9422180801491147,1071.0,0.9972041006523765,0.28890959925442683,WACC_0p1_WRT_0p9,0.65834109972041,939,False,,,False,False,False,False,False,3.0,0.022988505747126436
UDetect,ForestCovertype,170,0.79,1008,0.9545454545454544,0.0464026591190642,0,2,2768,309,1,True,0.9099989659510439,0.8768517621271196,0.9356258648200964,0.9099989659510439,0.43422742800161074,0.08895730940511867,-3.181649610463174,-2.10523109526996,2.3061762316703245,1.5150308215472654,0.4335808906591327,0.8768517621271196,0.3401112138951753,0.5367405482319443,0.9356258648200964,0.33000525773435035,0.6056206070857459,0.9099989659510439,0.46871310551723855,0.44128586043380535,0.43422742800161074,0.4483413094343697,0.014113881432758935,0.08895730940511867,0.44066140771060996,0.3517040983054913,681.0,0.6337371854613234,312.0,0.2898415657036347,429.0,0.39888164026095063,492.0,0.4575955265610438,460.0,0.4277726001863933,0.2898415657036347,WACC_0p3_WRT_0p7,0.4415657036346691,940,False,,,False,False,False,False,False,2.0,0.011494252873563218
UDetect,ForestCovertype,859,0.69,297,0.4999999999999997,0.3708619816001387,0,47,1863,4192,2805,False,0.17374699329421495,0.5559361620232309,0.45240256250748073,0.17374699329421495,0.26403389179140646,0.4235752270968881,-3.181649610463174,-2.10523109526996,2.3061762316703245,1.5150308215472654,0.4335808906591327,0.5559361620232309,0.4127345882560753,0.14320157376715564,0.45240256250748073,0.40729096598156045,0.04511159652592028,0.17374699329421495,0.4368079752930824,0.26306098199886746,0.26403389179140646,0.3683502257611656,0.10431633396975915,0.4235752270968881,0.400803369321204,0.022771857775684134,836.0,0.7781919850885368,889.0,0.8275862068965517,312.0,0.2898415657036347,323.0,0.3000931966449208,379.0,0.35228331780055916,0.2898415657036347,WACC_0p5_WRT_0p5,0.5095992544268406,941,False,,,False,False,False,False,False,47.0,0.5287356321839081
UDetect,ForestCovertype,593,0.58,31,0.0,0.9644762707294906,0,5,2669,4562,807,True,0.9722126447054984,0.10289187640567356,0.48133684761310763,0.9722126447054984,0.9912972504524864,0.9107687871132021,-3.181649610463174,-2.10523109526996,2.3061762316703245,1.5150308215472654,0.4335808906591327,0.10289187640567356,0.11321257411469186,0.010320697709018306,0.48133684761310763,0.3505385985678863,0.13079824904522136,0.9722126447054984,0.7298766929449766,0.2423359517605218,0.9912972504524864,0.7396439512972339,0.2516532991552525,0.9107687871132021,0.7012804108668033,0.20948837624639882,312.0,0.2898415657036347,517.0,0.4808946877912395,741.0,0.6896551724137931,755.0,0.7027027027027027,1028.0,0.9571295433364398,0.2898415657036347,WACC_0p1_WRT_0p9,0.624044734389562,942,False,,,False,False,False,False,False,5.0,0.04597701149425287
UDetect,ForestCovertype,973,0.58,31,0.0,0.9644762707294906,0,5,298,1703,1860,True,0.9722126447054984,0.10289187640567356,0.48133684761310763,0.9722126447054984,0.9912972504524864,0.9107687871132021,-3.181649610463174,-2.10523109526996,2.3061762316703245,1.5150308215472654,0.4335808906591327,0.10289187640567356,0.11363765305244156,0.010745776646767999,0.48133684761310763,0.3345449326243339,0.14679191498877375,0.9722126447054984,0.7335221306457755,0.23869051405972286,0.9912972504524864,0.7530147629259152,0.23828248752657122,0.9107687871132021,0.6873279230489049,0.2234408640642972,313.0,0.2907735321528425,338.0,0.3140726933830382,754.0,0.7017707362534948,1023.0,0.9524697110904008,723.0,0.6728797763280522,0.2907735321528425,WACC_0p1_WRT_0p9,0.5863932898415658,943,False,,,False,False,False,False,False,5.0,0.04597701149425287
UDetect,ForestCovertype,717,0.58,34,0.0,0.9406364979085056,0,8,2733,2986,1683,True,0.9535647084915816,0.0772089756018068,0.45824765277880875,0.9535647084915816,0.9854568846915948,0.9130212531702152,-3.181649610463174,-2.10523109526996,2.3061762316703245,1.5150308215472654,0.4335808906591327,0.0772089756018068,0.11374698605827585,0.03653801045646905,0.45824765277880875,0.34515101466859543,0.11309663811021331,0.9535647084915816,0.732277370542355,0.22128733794922661,0.9854568846915948,0.7445288090008061,0.24092807569078867,0.9130212531702152,0.6980727023919232,0.214948550778292,314.0,0.2917054986020503,421.0,0.391425908667288,751.0,0.6989748369058714,872.0,0.8117427772600186,982.0,0.9142590866728798,0.2917054986020503,WACC_0p1_WRT_0p9,0.6216216216216217,944,False,,,False,False,False,False,False,8.0,0.08045977011494253
UDetect,ForestCovertype,696,0.58,28,0.0,0.9906645581969952,0,2,55,987,1728,True,0.9926976349741923,0.13110486292620857,0.5067006158106627,0.9926976349741923,0.9977129650069035,0.9082944250857279,-3.181649610463174,-2.10523109526996,2.3061762316703245,1.5150308215472654,0.4335808906591327,0.13110486292620857,0.11916811248791011,0.011936750438298463,0.5067006158106627,0.3307275278299443,0.17597308798071842,0.9926976349741923,0.725961958621792,0.26673567635240025,0.9977129650069035,0.7533412313229261,0.24437173368397747,0.9082944250857279,0.6899325280897914,0.21836189699593644,336.0,0.31220876048462254,315.0,0.29263746505125815,729.0,0.6784715750232991,1028.0,0.9571295433364398,781.0,0.7269338303821062,0.29263746505125815,WACC_0p3_WRT_0p7,0.5934762348555452,945,False,,,False,False,False,False,False,2.0,0.011494252873563218
UDetect,ForestCovertype,850,0.58,31,0.0,0.9644762707294906,0,5,3955,668,4140,True,0.9722126447054984,0.10289187640567356,0.48133684761310763,0.9722126447054984,0.9912972504524864,0.9107687871132021,-3.181649610463174,-2.10523109526996,2.3061762316703245,1.5150308215472654,0.4335808906591327,0.10289187640567356,0.11394183983734002,0.011049963431666462,0.48133684761310763,0.3518457214338528,0.12949112617925485,0.9722126447054984,0.7485307414724106,0.2236819032330878,0.9912972504524864,0.7383054411095491,0.2529918093429373,0.9107687871132021,0.6934965388328032,0.21727224828039893,315.0,0.29263746505125815,566.0,0.5265610438024231,845.0,0.7865796831314072,725.0,0.6747437092264679,866.0,0.8061509785647717,0.29263746505125815,WACC_0p1_WRT_0p9,0.6173345759552655,946,False,,,False,False,False,False,False,5.0,0.04597701149425287
UDetect,ForestCovertype,526,0.62,435,0.1818181818181819,0.2696235331226728,0,74,3700,128,3553,False,0.2153526506922365,0.7011211480255812,0.491797136211627,0.2153526506922365,0.6094921697595778,0.7788644450242301,-3.181649610463174,-2.10523109526996,2.3061762316703245,1.5150308215472654,0.4335808906591327,0.7011211480255812,0.34170720294537216,0.3594139450802091,0.491797136211627,0.33115109812909177,0.16064603808253525,0.2153526506922365,0.4628535937239019,0.2475009430316654,0.6094921697595778,0.47943895352452787,0.1300532162350499,0.7788644450242301,0.5047763528703575,0.27408809215387264,685.0,0.6374650512581547,316.0,0.293569431500466,412.0,0.3830382106244175,532.0,0.49487418452935694,538.0,0.5004659832246039,0.293569431500466,WACC_0p3_WRT_0p7,0.4618825722273998,947,False,,,False,False,False,False,False,74.0,0.8390804597701149
UDetect,ForestCovertype,439,0.58,29,0.0,0.9816456337335658,0,3,5000,4357,2330,True,0.9856428559972665,0.1213886569836784,0.497965645654041,0.9856428559972665,0.995503471735646,0.9091465649688208,-3.181649610463174,-2.10523109526996,2.3061762316703245,1.5150308215472654,0.4335808906591327,0.1213886569836784,0.11407009410504167,0.0073185628786367335,0.497965645654041,0.3574447861055556,0.14052085954848542,0.9856428559972665,0.7432406540380289,0.24240220195923767,0.995503471735646,0.7451367506097994,0.25036672112584657,0.9091465649688208,0.7053731772352547,0.20377338773356612,316.0,0.293569431500466,725.0,0.6747437092264679,803.0,0.7474370922646785,885.0,0.8238583410997204,1064.0,0.9906803355079217,0.293569431500466,WACC_0p1_WRT_0p9,0.7060577819198509,948,False,,,False,False,False,False,False,3.0,0.022988505747126436
UDetect,ForestCovertype,763,0.67,272,0.4090909090909093,0.3941722248284415,0,43,338,2529,4364,False,0.07528553397402721,0.5385856707303497,0.4035814412036833,0.07528553397402721,0.37553312839935504,0.5201510360791443,-3.181649610463174,-2.10523109526996,2.3061762316703245,1.5150308215472654,0.4335808906591327,0.5385856707303497,0.40313252177857106,0.13545314895177862,0.4035814412036833,0.3614204760405152,0.042160965163168085,0.07528553397402721,0.4373415624674771,0.36205602849344987,0.37553312839935504,0.4287516948305905,0.05321856643123546,0.5201510360791443,0.45218949603415515,0.06796154004498911,814.0,0.7576887232059646,765.0,0.712022367194781,317.0,0.29450139794967384,456.0,0.424044734389562,476.0,0.4426840633737186,0.29450139794967384,WACC_0p5_WRT_0p5,0.52618825722274,949,False,,,False,False,False,False,False,43.0,0.4827586206896552
UDetect,ForestCovertype,14,0.58,157,0.0,0.5396593770358658,0,56,4827,344,519,True,0.6399125680361547,0.41479148505575586,0.13720211566531237,0.6399125680361547,0.8872238576728154,0.9509069897997804,-3.181649610463174,-2.10523109526996,2.3061762316703245,1.5150308215472654,0.4335808906591327,0.41479148505575586,0.22546771914501942,0.18932376591073644,0.13720211566531237,0.331179681250237,0.19397756558492463,0.6399125680361547,0.6559742580793583,0.01606169004320357,0.8872238576728154,0.702179029241428,0.18504482843138736,0.9509069897997804,0.6927597299484661,0.25814725985131426,526.0,0.48928238583411,317.0,0.29450139794967384,638.0,0.5936626281453867,639.0,0.5945945945945946,847.0,0.7884436160298229,0.29450139794967384,WACC_0p3_WRT_0p7,0.5520969245107177,950,False,,,False,False,False,False,False,56.0,0.632183908045977
UDetect,ForestCovertype,774,0.58,30,0.0,0.9729224656013556,0,4,3833,1913,1581,True,0.9788194234027437,0.11199107322659677,0.48951712015468507,0.9788194234027437,0.9933664340688685,0.9099707607476553,-3.181649610463174,-2.10523109526996,2.3061762316703245,1.5150308215472654,0.4335808906591327,0.11199107322659677,0.11412654751283377,0.0021354742862370046,0.48951712015468507,0.35538454204255754,0.13413257811212753,0.9788194234027437,0.7401925936039555,0.23862682979878824,0.9933664340688685,0.7443834847465908,0.2489829493222777,0.9099707607476553,0.6916311040487136,0.21833965669894162,317.0,0.29450139794967384,683.0,0.6356011183597391,784.0,0.7297297297297297,870.0,0.809878844361603,822.0,0.7651444547996272,0.29450139794967384,WACC_0p1_WRT_0p9,0.6469711090400746,951,False,,,False,False,False,False,False,4.0,0.034482758620689655
UDetect,ForestCovertype,911,0.58,31,0.0,0.9644762707294906,0,5,2517,470,2494,True,0.9722126447054984,0.10289187640567356,0.48133684761310763,0.9722126447054984,0.9912972504524864,0.9107687871132021,-3.181649610463174,-2.10523109526996,2.3061762316703245,1.5150308215472654,0.4335808906591327,0.10289187640567356,0.1245656605052434,0.02167378409956984,0.48133684761310763,0.33137084637121456,0.14996600124189308,0.9722126447054984,0.7320334984582794,0.24017914624721903,0.9912972504524864,0.7457364475739148,0.24556080287857163,0.9107687871132021,0.7001998779359028,0.2105689091772993,354.0,0.32898415657036345,318.0,0.2954333643988816,749.0,0.6971109040074557,897.0,0.8350419384902144,1014.0,0.9440820130475303,0.2954333643988816,WACC_0p3_WRT_0p7,0.6201304753028891,952,False,,,False,False,False,False,False,5.0,0.04597701149425287
UDetect,ForestCovertype,908,0.58,32,0.0,0.956290000443551,0,6,3690,3380,904,True,0.9658091840992082,0.09407269975973002,0.47340831612005946,0.9658091840992082,0.9892917442320025,0.9115422548845219,-3.181649610463174,-2.10523109526996,2.3061762316703245,1.5150308215472654,0.4335808906591327,0.09407269975973002,0.11419869261650817,0.020125992856778144,0.47340831612005946,0.3516631494286766,0.12174516669138286,0.9658091840992082,0.7376360389211899,0.22817314517801834,0.9892917442320025,0.7476047630298885,0.24168698120211396,0.9115422548845219,0.6971360319153684,0.21440622296915346,318.0,0.2954333643988816,558.0,0.5191053122087604,772.0,0.7185461323392358,936.0,0.8713886300093197,966.0,0.8993476234855545,0.2954333643988816,WACC_0p1_WRT_0p9,0.6607642124883505,953,False,,,False,False,False,False,False,6.0,0.05747126436781609
UDetect,ForestCovertype,842,0.72,1214,0.6363636363636361,0.0,0,53,4731,226,2139,False,0.7155565296250401,0.9602761893605667,0.9119531159976715,0.7155565296250401,0.15369122249385575,0.3104482140356084,-3.181649610463174,-2.10523109526996,2.3061762316703245,1.5150308215472654,0.4335808906591327,0.9602761893605667,0.48563947980446415,0.47463670955610254,0.9119531159976715,0.43393360059826835,0.4780195153994031,0.7155565296250401,0.5119141471697172,0.20364238245532296,0.15369122249385575,0.4285871960903718,0.2748959735965161,0.3104482140356084,0.3756928366043874,0.065244622568779,1020.0,0.9496738117427772,948.0,0.8825722273998136,541.0,0.5032618825722274,455.0,0.42311276794035413,319.0,0.29636533084808947,0.29636533084808947,WACC_0p9_WRT_0p1,0.6109972041006524,954,False,,,False,False,False,False,False,53.0,0.5977011494252874
UDetect,ForestCovertype,939,0.58,32,0.0,0.956290000443551,0,6,4320,819,2162,True,0.9658091840992082,0.09407269975973002,0.47340831612005946,0.9658091840992082,0.9892917442320025,0.9115422548845219,-3.181649610463174,-2.10523109526996,2.3061762316703245,1.5150308215472654,0.4335808906591327,0.09407269975973002,0.11446485335218942,0.020392153592459397,0.47340831612005946,0.3386180432251596,0.13479027289489987,0.9658091840992082,0.734946154886766,0.23086302921244228,0.9892917442320025,0.7424288818290496,0.24686286240295285,0.9115422548845219,0.7007030848640924,0.2108391700204295,319.0,0.29636533084808947,370.0,0.34389561975768873,757.0,0.7045666356011183,817.0,0.7604846225535881,1023.0,0.9524697110904008,0.29636533084808947,WACC_0p1_WRT_0p9,0.6115563839701771,955,False,,,False,False,False,False,False,6.0,0.05747126436781609
UDetect,ForestCovertype,523,0.65,200,0.3181818181818183,0.4756226567911882,0,26,2267,3595,2038,False,0.21648973909021668,0.4557529353559654,0.28789256660275736,0.21648973909021668,0.5012757879696872,0.6112335543888742,-3.181649610463174,-2.10523109526996,2.3061762316703245,1.5150308215472654,0.4335808906591327,0.4557529353559654,0.35492731394693044,0.10082562140903495,0.28789256660275736,0.33162873423317385,0.04373616763041649,0.21648973909021668,0.4492988674831892,0.23280912839297252,0.5012757879696872,0.40407743001251833,0.09719835795716886,0.6112335543888742,0.44703328825324007,0.1642002661356341,719.0,0.6691519105312209,320.0,0.2972972972972973,357.0,0.3317800559179869,414.0,0.3849021435228332,468.0,0.43522833178005593,0.2972972972972973,WACC_0p3_WRT_0p7,0.4236719478098789,956,False,,,False,False,False,False,False,26.0,0.28735632183908044
UDetect,ForestCovertype,525,0.58,30,0.0,0.9729224656013556,0,4,4121,4619,2339,True,0.9788194234027437,0.11199107322659677,0.48951712015468507,0.9788194234027437,0.9933664340688685,0.9099707607476553,-3.181649610463174,-2.10523109526996,2.3061762316703245,1.5150308215472654,0.4335808906591327,0.11199107322659677,0.1144755080900605,0.0024844348634637387,0.48951712015468507,0.3568324949333041,0.13268462522138097,0.9788194234027437,0.7474244033618557,0.23139502004088808,0.9933664340688685,0.749585580648905,0.24378085341996347,0.9099707607476553,0.7015424246398115,0.20842833610784373,320.0,0.2972972972972973,718.0,0.668219944082013,829.0,0.771668219944082,970.0,0.9030754892823858,1035.0,0.9636533084808947,0.2972972972972973,WACC_0p1_WRT_0p9,0.7207828518173345,957,False,,,False,False,False,False,False,4.0,0.034482758620689655
UDetect,ForestCovertype,475,0.58,31,0.0,0.9644762707294906,0,5,1537,2252,1366,True,0.9722126447054984,0.10289187640567356,0.48133684761310763,0.9722126447054984,0.9912972504524864,0.9107687871132021,-3.181649610463174,-2.10523109526996,2.3061762316703245,1.5150308215472654,0.4335808906591327,0.10289187640567356,0.11530727628262902,0.01241539987695546,0.48133684761310763,0.35493166293372763,0.12640518467938,0.9722126447054984,0.7426958673370992,0.22951677736839915,0.9912972504524864,0.7471983317945817,0.24409891865790467,0.9107687871132021,0.6883368042346008,0.22243198287860133,321.0,0.2982292637465051,671.0,0.6244175209692451,795.0,0.7399813606710158,924.0,0.8602050326188257,750.0,0.6980428704566636,0.2982292637465051,WACC_0p1_WRT_0p9,0.6441752096924511,958,False,,,False,False,False,False,False,5.0,0.04597701149425287
UDetect,ForestCovertype,686,0.58,31,0.0,0.9644762707294906,0,5,3460,491,1617,True,0.9722126447054984,0.10289187640567356,0.48133684761310763,0.9722126447054984,0.9912972504524864,0.9107687871132021,-3.181649610463174,-2.10523109526996,2.3061762316703245,1.5150308215472654,0.4335808906591327,0.10289187640567356,0.13354471861902467,0.030652842213351114,0.48133684761310763,0.33191355890794233,0.1494232887051653,0.9722126447054984,0.7153563848042339,0.2568562599012645,0.9912972504524864,0.7364956638271973,0.25480158662528907,0.9107687871132021,0.695923919740574,0.2148448673726281,383.0,0.3560111835973905,322.0,0.29916123019571295,708.0,0.6589002795899348,704.0,0.6551724137931034,940.0,0.875116495806151,0.29916123019571295,WACC_0p3_WRT_0p7,0.5688723205964585,959,False,,,False,False,False,False,False,5.0,0.04597701149425287
UDetect,ForestCovertype,722,0.58,43,0.0,0.8797571353479814,0,14,2799,2487,1004,True,0.9059436812990215,0.03174552483216376,0.39928503287034517,0.9059436812990215,0.9705424076404379,0.9187733506742433,-3.181649610463174,-2.10523109526996,2.3061762316703245,1.5150308215472654,0.4335808906591327,0.03174552483216376,0.1154757056774599,0.08373018084529615,0.39928503287034517,0.35429094232871056,0.04499409054163461,0.9059436812990215,0.7278133118936824,0.1781303694053391,0.9705424076404379,0.750293133023448,0.22024927461698984,0.9187733506742433,0.7042368984859557,0.21453645218828754,322.0,0.29916123019571295,648.0,0.6029822926374651,733.0,0.6821994408201305,985.0,0.9170549860205033,1059.0,0.9860205032618826,0.29916123019571295,WACC_0p1_WRT_0p9,0.6974836905871389,960,False,,,False,False,False,False,False,14.0,0.14942528735632185
UDetect,ForestCovertype,750,0.58,237,0.0,0.4306722223231145,0,65,4596,564,238,True,0.5546606856259886,0.537541748204126,0.26254959616928836,0.5546606856259886,0.8605237355055009,0.9612044816628246,-3.181649610463174,-2.10523109526996,2.3061762316703245,1.5150308215472654,0.4335808906591327,0.537541748204126,0.2431121758325015,0.29442957237162454,0.26254959616928836,0.3320695349637195,0.06951993879443114,0.5546606856259886,0.6341958946243555,0.07953520899836697,0.8605237355055009,0.68655197799653,0.17397175750897087,0.9612044816628246,0.6721476349177039,0.28905684674512067,559.0,0.5200372786579683,323.0,0.3000931966449208,626.0,0.5824790307548928,631.0,0.587138863000932,633.0,0.5890027958993477,0.3000931966449208,WACC_0p3_WRT_0p7,0.5157502329916123,961,False,,,False,False,False,False,False,65.0,0.735632183908046
UDetect,ForestCovertype,535,0.58,30,0.0,0.9729224656013556,0,4,1161,3806,703,True,0.9788194234027437,0.11199107322659677,0.48951712015468507,0.9788194234027437,0.9933664340688685,0.9099707607476553,-3.181649610463174,-2.10523109526996,2.3061762316703245,1.5150308215472654,0.4335808906591327,0.11199107322659677,0.11614507396974676,0.004154000743149991,0.48951712015468507,0.337016528643116,0.15250059151156908,0.9788194234027437,0.7237164519819258,0.25510297142081795,0.9933664340688685,0.7407582673991123,0.25260816666975616,0.9099707607476553,0.6801585900686007,0.22981217067905457,323.0,0.3000931966449208,359.0,0.3336439888164026,724.0,0.67381174277726,781.0,0.7269338303821062,644.0,0.5992544268406338,0.3000931966449208,WACC_0p1_WRT_0p9,0.5267474370922647,962,False,,,False,False,False,False,False,4.0,0.034482758620689655
UDetect,ForestCovertype,285,0.58,29,0.0,0.9816456337335658,0,3,3388,5000,850,True,0.9856428559972665,0.1213886569836784,0.497965645654041,0.9856428559972665,0.995503471735646,0.9091465649688208,-3.181649610463174,-2.10523109526996,2.3061762316703245,1.5150308215472654,0.4335808906591327,0.1213886569836784,0.1161500989526224,0.005238558031055995,0.497965645654041,0.3457968364049526,0.15216880924908838,0.9856428559972665,0.7351503477312114,0.2504925082660552,0.995503471735646,0.7450925947531907,0.25041087698245534,0.9091465649688208,0.6927623417271699,0.21638422324165096,324.0,0.30102516309412863,429.0,0.39888164026095063,758.0,0.7054986020503262,884.0,0.8229263746505125,848.0,0.7893755824790307,0.30102516309412863,WACC_0p1_WRT_0p9,0.6035414725069896,963,False,,,False,False,False,False,False,3.0,0.022988505747126436
UDetect,ForestCovertype,953,0.58,30,0.0,0.9729224656013556,0,4,2004,697,973,True,0.9788194234027437,0.11199107322659677,0.48951712015468507,0.9788194234027437,0.9933664340688685,0.9099707607476553,-3.181649610463174,-2.10523109526996,2.3061762316703245,1.5150308215472654,0.4335808906591327,0.11199107322659677,0.15467776193435548,0.04268668870775871,0.48951712015468507,0.33221208195278634,0.15730503820189873,0.9788194234027437,0.7046365988161981,0.27418282458654564,0.9933664340688685,0.7422907356367855,0.251075698432083,0.9099707607476553,0.7032223375971157,0.20674842315053954,433.0,0.4026095060577819,324.0,0.30102516309412863,688.0,0.6402609506057781,813.0,0.7567567567567568,1048.0,0.9757688723205965,0.30102516309412863,WACC_0p3_WRT_0p7,0.6152842497670085,964,False,,,False,False,False,False,False,4.0,0.034482758620689655
UDetect,ForestCovertype,891,0.69,264,0.4999999999999997,0.4020845639497648,0,41,1686,4839,3925,False,0.13711262212415473,0.5207707316595384,0.41649308269154744,0.13711262212415473,0.2716829286463573,0.4206252070827324,-3.181649610463174,-2.10523109526996,2.3061762316703245,1.5150308215472654,0.4335808906591327,0.5207707316595384,0.4316426764369609,0.08912805522257744,0.41649308269154744,0.4311107505451948,0.014617667853647376,0.13711262212415473,0.4399018683591088,0.30278924623495407,0.2716829286463573,0.37246627544326477,0.10078334679690748,0.4206252070827324,0.4303409616644673,0.009715754581734903,885.0,0.8238583410997204,938.0,0.8732525629077353,325.0,0.3019571295433364,337.0,0.3131407269338304,443.0,0.4119291705498602,0.3019571295433364,WACC_0p5_WRT_0p5,0.5448275862068965,965,False,,,False,False,False,False,False,41.0,0.45977011494252873
UDetect,ForestCovertype,1013,0.58,29,0.0,0.9816456337335658,0,3,1056,720,2312,True,0.9856428559972665,0.1213886569836784,0.497965645654041,0.9856428559972665,0.995503471735646,0.9091465649688208,-3.181649610463174,-2.10523109526996,2.3061762316703245,1.5150308215472654,0.4335808906591327,0.1213886569836784,0.11630101381449567,0.005087643169182726,0.497965645654041,0.332256380236958,0.16570926541708297,0.9856428559972665,0.7320119298434878,0.2536309261537787,0.995503471735646,0.7458874800881056,0.24961599164754045,0.9091465649688208,0.6921342329752772,0.21701233199354364,325.0,0.3019571295433364,325.0,0.3019571295433364,748.0,0.6961789375582479,900.0,0.8378378378378378,833.0,0.7753960857409133,0.3019571295433364,WACC_0p1_WRT_0p9,0.5826654240447343,966,False,,,False,False,False,False,False,3.0,0.022988505747126436
UDetect,ForestCovertype,160,0.58,31,0.0,0.9644762707294906,0,5,1,2275,435,True,0.9722126447054984,0.10289187640567356,0.48133684761310763,0.9722126447054984,0.9912972504524864,0.9107687871132021,-3.181649610463174,-2.10523109526996,2.3061762316703245,1.5150308215472654,0.4335808906591327,0.10289187640567356,0.13775526115258027,0.034863384746906714,0.48133684761310763,0.3324178890321678,0.14891895858093984,0.9722126447054984,0.682453477384834,0.2897591673206644,0.9912972504524864,0.7369774882292016,0.2543197622232848,0.9107687871132021,0.6865786123321549,0.2241901747810472,392.0,0.36439888164026096,326.0,0.30288909599254427,655.0,0.6095060577819198,708.0,0.6589002795899348,704.0,0.6551724137931034,0.30288909599254427,WACC_0p3_WRT_0p7,0.5181733457595528,967,False,,,False,False,False,False,False,5.0,0.04597701149425287
UDetect,ForestCovertype,203,0.58,40,0.0,0.8985437239556836,0,13,1123,4599,699,True,0.9206389180642457,0.03186187661274668,0.41748013933768663,0.9206389180642457,0.9751448235146274,0.9169983273347309,-3.181649610463174,-2.10523109526996,2.3061762316703245,1.5150308215472654,0.4335808906591327,0.03186187661274668,0.1166564557367707,0.08479457912402402,0.41748013933768663,0.34256693579875214,0.07491320353893449,0.9206389180642457,0.7234363090653059,0.19720260899893982,0.9751448235146274,0.7396419617206295,0.23550286179399793,0.9169983273347309,0.6876738163589603,0.22932451097577056,326.0,0.30288909599254427,393.0,0.36533084808946875,722.0,0.6719478098788444,754.0,0.7017707362534948,730.0,0.679403541472507,0.30288909599254427,WACC_0p1_WRT_0p9,0.5442684063373718,968,False,,,False,False,False,False,False,13.0,0.13793103448275862
UDetect,ForestCovertype,635,0.58,31,0.0,0.9644762707294906,0,5,2098,2956,1351,True,0.9722126447054984,0.10289187640567356,0.48133684761310763,0.9722126447054984,0.9912972504524864,0.9107687871132021,-3.181649610463174,-2.10523109526996,2.3061762316703245,1.5150308215472654,0.4335808906591327,0.10289187640567356,0.11670363605217579,0.013811759646502234,0.48133684761310763,0.35107112881079294,0.1302657188023147,0.9722126447054984,0.7380719991013568,0.2341406456041416,0.9912972504524864,0.7596003883538062,0.23169686209868023,0.9107687871132021,0.6992401880486568,0.21152859906454524,327.0,0.3038210624417521,531.0,0.4939422180801491,776.0,0.7222739981360671,1067.0,0.9934762348555451,995.0,0.9263746505125815,0.3038210624417521,WACC_0p1_WRT_0p9,0.6879776328052191,969,False,,,False,False,False,False,False,5.0,0.04597701149425287
UDetect,ForestCovertype,661,0.58,118,0.0,0.6150721024027475,0,45,4512,4266,900,True,0.6989018756490759,0.32985549504924305,0.14293341654891104,0.6989018756490759,0.9056987778188894,0.9437817287735412,-3.181649610463174,-2.10523109526996,2.3061762316703245,1.5150308215472654,0.4335808906591327,0.32985549504924305,0.11710874590259958,0.2127467491466435,0.14293341654891104,0.3531167194546938,0.21018330290578277,0.6989018756490759,0.743094038103433,0.04419216245435709,0.9056987778188894,0.7473877285578127,0.15831104926107675,0.9437817287735412,0.7076405950984628,0.23614113367507839,328.0,0.3047530288909599,600.0,0.5582479030754893,800.0,0.744641192917055,932.0,0.8676607642124884,1070.0,0.9962721342031687,0.3047530288909599,WACC_0p1_WRT_0p9,0.6943150046598323,970,False,,,False,False,False,False,False,45.0,0.5057471264367817
UDetect,ForestCovertype,1050,0.64,170,0.2727272727272729,0.5186245569342921,0,22,2216,4365,2040,False,0.3034598164864005,0.41177237943306133,0.2274296865662823,0.3034598164864005,0.5647048692202878,0.6565597043715442,-3.181649610463174,-2.10523109526996,2.3061762316703245,1.5150308215472654,0.4335808906591327,0.41177237943306133,0.3556899236870041,0.05608245574605725,0.2274296865662823,0.33794846583406013,0.11051877926777784,0.3034598164864005,0.44164858798857815,0.13818877150217762,0.5647048692202878,0.419007278976021,0.14569759024426682,0.6565597043715442,0.4621704372445761,0.19438926712696808,720.0,0.6700838769804287,363.0,0.33737185461323393,329.0,0.30568499534016774,439.0,0.4082013047530289,494.0,0.4594594594594595,0.30568499534016774,WACC_0p5_WRT_0p5,0.4361602982292638,971,False,,,False,False,False,False,False,22.0,0.2413793103448276
UDetect,ForestCovertype,261,0.58,30,0.0,0.9729224656013556,0,4,1137,4308,332,True,0.9788194234027437,0.11199107322659677,0.48951712015468507,0.9788194234027437,0.9933664340688685,0.9099707607476553,-3.181649610463174,-2.10523109526996,2.3061762316703245,1.5150308215472654,0.4335808906591327,0.11199107322659677,0.14338646010980194,0.03139538688320517,0.48951712015468507,0.33251846757146086,0.1569986525832242,0.9788194234027437,0.683294126885246,0.2955252965174977,0.9933664340688685,0.7146290828993769,0.2787373511694916,0.9099707607476553,0.6751462688045606,0.23482449194309463,412.0,0.3830382106244175,329.0,0.30568499534016774,656.0,0.6104380242311277,646.0,0.6011183597390494,637.0,0.5927306616961789,0.30568499534016774,WACC_0p3_WRT_0p7,0.4986020503261882,972,False,,,False,False,False,False,False,4.0,0.034482758620689655
UDetect,ForestCovertype,860,0.58,30,0.0,0.9729224656013556,0,4,1834,2478,1055,True,0.9788194234027437,0.11199107322659677,0.48951712015468507,0.9788194234027437,0.9933664340688685,0.9099707607476553,-3.181649610463174,-2.10523109526996,2.3061762316703245,1.5150308215472654,0.4335808906591327,0.11199107322659677,0.1173736787882241,0.0053826055616273405,0.48951712015468507,0.3566984061511579,0.13281871400352718,0.9788194234027437,0.7374633670581899,0.24135605634455382,0.9933664340688685,0.7639555621630981,0.22941087190577036,0.9099707607476553,0.7000903228651655,0.20988043788248978,329.0,0.30568499534016774,715.0,0.6654240447343895,770.0,0.7166821994408201,1073.0,0.9990680335507922,1011.0,0.9412861136999068,0.30568499534016774,WACC_0p1_WRT_0p9,0.7256290773532152,973,False,,,False,False,False,False,False,4.0,0.034482758620689655
UDetect,ForestCovertype,596,0.58,29,0.0,0.9816456337335658,0,3,1619,2031,1222,True,0.9856428559972665,0.1213886569836784,0.497965645654041,0.9856428559972665,0.995503471735646,0.9091465649688208,-3.181649610463174,-2.10523109526996,2.3061762316703245,1.5150308215472654,0.4335808906591327,0.1213886569836784,0.11806914925788531,0.0033195077257930916,0.497965645654041,0.3585466045068695,0.13941904114717152,0.9856428559972665,0.7237022827243352,0.2619405732729313,0.995503471735646,0.7445298635374014,0.25097360819824466,0.9091465649688208,0.6944301009868132,0.2147164639820076,330.0,0.3066169617893756,744.0,0.6924510717614166,723.0,0.6728797763280522,873.0,0.8126747437092264,892.0,0.8303821062441752,0.3066169617893756,WACC_0p1_WRT_0p9,0.6630009319664492,974,False,,,False,False,False,False,False,3.0,0.022988505747126436
UDetect,ForestCovertype,550,0.58,28,0.0,0.9906645581969952,0,2,2930,621,3772,True,0.9926976349741923,0.13110486292620857,0.5067006158106627,0.9926976349741923,0.9977129650069035,0.9082944250857279,-3.181649610463174,-2.10523109526996,2.3061762316703245,1.5150308215472654,0.4335808906591327,0.13110486292620857,0.1180875652947241,0.013017297631484473,0.5067006158106627,0.3415845194781754,0.1651160963324873,0.9926976349741923,0.7439588053449052,0.24873882962928706,0.9977129650069035,0.7357962756560387,0.2619166893508649,0.9082944250857279,0.6914446566976943,0.2168497683880336,331.0,0.30754892823858343,387.0,0.3597390493942218,807.0,0.7511649580615097,700.0,0.6514445479962722,817.0,0.7604846225535881,0.30754892823858343,WACC_0p1_WRT_0p9,0.5660764212488351,975,False,,,False,False,False,False,False,2.0,0.011494252873563218
UDetect,ForestCovertype,971,0.58,29,0.0,0.9816456337335658,0,3,4068,616,1098,True,0.9856428559972665,0.1213886569836784,0.497965645654041,0.9856428559972665,0.995503471735646,0.9091465649688208,-3.181649610463174,-2.10523109526996,2.3061762316703245,1.5150308215472654,0.4335808906591327,0.1213886569836784,0.15327224894954006,0.03188359196586166,0.497965645654041,0.33319671875357165,0.16476892690046935,0.9856428559972665,0.7040772658126602,0.28156559018460636,0.995503471735646,0.7272053415685992,0.26829813016704684,0.9091465649688208,0.6966489365863398,0.2124976283824811,427.0,0.39701770736253494,331.0,0.30754892823858343,686.0,0.6383970177073626,665.0,0.6188257222739981,955.0,0.8890959925442684,0.30754892823858343,WACC_0p3_WRT_0p7,0.5701770736253495,976,False,,,False,False,False,False,False,3.0,0.022988505747126436
UDetect,ForestCovertype,419,0.77,583,0.8636363636363635,0.1918731245173145,0,6,3065,954,1,True,0.6682033367957819,0.7219144198227947,0.7463067544902822,0.6682033367957819,0.24713792023875225,0.04537375455306998,-3.181649610463174,-2.10523109526996,2.3061762316703245,1.5150308215472654,0.4335808906591327,0.7219144198227947,0.35033898354502757,0.3715754362777671,0.7463067544902822,0.34439115170255974,0.4019156027877224,0.6682033367957819,0.4796314603938517,0.18857187640193024,0.24713792023875225,0.4581435822829414,0.21100566204418914,0.04537375455306998,0.3807362436475665,0.3353624890944965,707.0,0.6579683131407269,409.0,0.38024231127679403,465.0,0.43243243243243246,505.0,0.46971109040074555,332.0,0.3084808946877912,0.3084808946877912,WACC_0p9_WRT_0p1,0.449767008387698,977,False,,,False,False,False,False,False,6.0,0.05747126436781609
UDetect,ForestCovertype,920,0.58,32,0.0,0.956290000443551,0,6,4222,4671,434,True,0.9658091840992082,0.09407269975973002,0.47340831612005946,0.9658091840992082,0.9892917442320025,0.9115422548845219,-3.181649610463174,-2.10523109526996,2.3061762316703245,1.5150308215472654,0.4335808906591327,0.09407269975973002,0.1536282537722438,0.059555554012513764,0.47340831612005946,0.33334290364039176,0.1400654124796677,0.9658091840992082,0.6928128133562707,0.2729963707429376,0.9892917442320025,0.7153780070531869,0.2739137371788156,0.9115422548845219,0.6885907377568385,0.22295151712768335,428.0,0.3979496738117428,332.0,0.3084808946877912,661.0,0.6150978564771669,647.0,0.6020503261882573,754.0,0.7017707362534948,0.3084808946877912,WACC_0p3_WRT_0p7,0.5250698974836906,978,False,,,False,False,False,False,False,6.0,0.05747126436781609
UDetect,ForestCovertype,158,0.58,29,0.0,0.9816456337335658,0,3,3461,422,5000,True,0.9856428559972665,0.1213886569836784,0.497965645654041,0.9856428559972665,0.995503471735646,0.9091465649688208,-3.181649610463174,-2.10523109526996,2.3061762316703245,1.5150308215472654,0.4335808906591327,0.1213886569836784,0.1181905734572207,0.0031980835264577012,0.497965645654041,0.34041502544419494,0.15755062020984606,0.9856428559972665,0.7401140689792154,0.24552878701805114,0.995503471735646,0.7388185319797029,0.2566849397559431,0.9091465649688208,0.6922099374365274,0.21693662753229348,332.0,0.3084808946877912,380.0,0.353215284249767,783.0,0.7287977632805219,735.0,0.6840633737185461,836.0,0.7781919850885368,0.3084808946877912,WACC_0p1_WRT_0p9,0.5705498602050326,979,False,,,False,False,False,False,False,3.0,0.022988505747126436
UDetect,ForestCovertype,536,0.58,30,0.0,0.9729224656013556,0,4,171,1915,1883,True,0.9788194234027437,0.11199107322659677,0.48951712015468507,0.9788194234027437,0.9933664340688685,0.9099707607476553,-3.181649610463174,-2.10523109526996,2.3061762316703245,1.5150308215472654,0.4335808906591327,0.11199107322659677,0.1186177549565705,0.00662668172997373,0.48951712015468507,0.3363235139699428,0.15319360618474226,0.9788194234027437,0.7360390125331261,0.24278041086961766,0.9933664340688685,0.7546118276111906,0.23875460645767788,0.9099707607476553,0.6924773601561337,0.21749340059152156,333.0,0.30941286113699906,353.0,0.32805219012115566,763.0,0.7101584342963654,1039.0,0.967381174277726,842.0,0.7837837837837838,0.30941286113699906,WACC_0p1_WRT_0p9,0.619757688723206,980,False,,,False,False,False,False,False,4.0,0.034482758620689655
UDetect,ForestCovertype,95,0.58,61,0.0,0.7885225855217226,0,25,4665,1,3823,False,0.8345782333796563,0.13450134985496429,0.31092293678930577,0.8345782333796563,0.94819139175548,0.9273935136369386,-3.181649610463174,-2.10523109526996,2.3061762316703245,1.5150308215472654,0.4335808906591327,0.13450134985496429,0.2755130282906714,0.14101167843570714,0.31092293678930577,0.33380565137652846,0.022882714587222686,0.8345782333796563,0.5931996367057354,0.24137859667392092,0.94819139175548,0.6068932077107903,0.3412981840446897,0.9273935136369386,0.565160979669839,0.36223253396709953,600.0,0.5582479030754893,334.0,0.3103448275862069,605.0,0.5629077353215284,596.0,0.554520037278658,573.0,0.5330848089468779,0.3103448275862069,WACC_0p3_WRT_0p7,0.5038210624417522,981,False,,,False,False,False,False,False,25.0,0.27586206896551724
UDetect,ForestCovertype,1031,0.58,30,0.0,0.9729224656013556,0,4,3128,569,3429,True,0.9788194234027437,0.11199107322659677,0.48951712015468507,0.9788194234027437,0.9933664340688685,0.9099707607476553,-3.181649610463174,-2.10523109526996,2.3061762316703245,1.5150308215472654,0.4335808906591327,0.11199107322659677,0.11880691852368737,0.006815845297090603,0.48951712015468507,0.34502762360448913,0.14448949655019594,0.9788194234027437,0.7464617982962473,0.2323576251064965,0.9933664340688685,0.7340898387984746,0.25927659527039393,0.9099707607476553,0.6955093630501904,0.21446139769746486,334.0,0.3103448275862069,418.0,0.3886300093196645,824.0,0.7670083876980429,693.0,0.6449207828518173,931.0,0.8667287977632805,0.3103448275862069,WACC_0p1_WRT_0p9,0.5955265610438024,982,False,,,False,False,False,False,False,4.0,0.034482758620689655
UDetect,ForestCovertype,538,0.58,139,0.0,0.5718367377492399,0,51,4187,233,371,True,0.6650823284454069,0.37855070507212546,0.10105928604805066,0.6650823284454069,0.8951068000648175,0.9478667589487821,-3.181649610463174,-2.10523109526996,2.3061762316703245,1.5150308215472654,0.4335808906591327,0.37855070507212546,0.22682822120210852,0.15172248387001694,0.10105928604805066,0.33398990270033857,0.23293061665228793,0.6650823284454069,0.6435509971745897,0.02153133127081719,0.8951068000648175,0.6826002447785844,0.21250655528623308,0.9478667589487821,0.6562621762735784,0.2916045826752037,529.0,0.49207828518173347,335.0,0.31127679403541475,634.0,0.5899347623485555,630.0,0.5862068965517241,624.0,0.5806150978564771,0.31127679403541475,WACC_0p3_WRT_0p7,0.512022367194781,983,False,,,False,False,False,False,False,51.0,0.5747126436781609
UDetect,ForestCovertype,978,0.58,31,0.0,0.9644762707294906,0,5,1715,3129,1068,True,0.9722126447054984,0.10289187640567356,0.48133684761310763,0.9722126447054984,0.9912972504524864,0.9107687871132021,-3.181649610463174,-2.10523109526996,2.3061762316703245,1.5150308215472654,0.4335808906591327,0.10289187640567356,0.11907691444605575,0.016185038040382196,0.48133684761310763,0.35022788389112686,0.13110896372198078,0.9722126447054984,0.735951067150215,0.23626157755528343,0.9912972504524864,0.7608306737823707,0.23046657667011572,0.9107687871132021,0.6976079556379332,0.21316083147526887,335.0,0.31127679403541475,504.0,0.46877912395153776,761.0,0.7082945013979497,1072.0,0.9981360671015843,976.0,0.9086672879776329,0.31127679403541475,WACC_0p1_WRT_0p9,0.6790307548928238,984,False,,,False,False,False,False,False,5.0,0.04597701149425287
UDetect,ForestCovertype,189,0.76,466,0.8181818181818181,0.251350534892515,0,4,2989,1038,1,True,0.5628613138077976,0.6593777944087317,0.6668951854724884,0.5628613138077976,0.1625250451718295,0.08914324005540127,-3.181649610463174,-2.10523109526996,2.3061762316703245,1.5150308215472654,0.4335808906591327,0.6593777944087317,0.3400231463234363,0.3193546480852954,0.6668951854724884,0.3484190091224644,0.318476176350024,0.5628613138077976,0.470093024602681,0.0927682892051166,0.1625250451718295,0.4368584580797592,0.2743334129079297,0.08914324005540127,0.38145205695492124,0.29230881689952,680.0,0.6328052190121156,464.0,0.4315004659832246,433.0,0.4026095060577819,471.0,0.4380242311276794,336.0,0.31220876048462254,0.31220876048462254,WACC_0p9_WRT_0p1,0.4434296365330848,985,False,,,False,False,False,False,False,4.0,0.034482758620689655
UDetect,ForestCovertype,896,0.58,29,0.0,0.9816456337335658,0,3,287,1759,867,True,0.9856428559972665,0.1213886569836784,0.497965645654041,0.9856428559972665,0.995503471735646,0.9091465649688208,-3.181649610463174,-2.10523109526996,2.3061762316703245,1.5150308215472654,0.4335808906591327,0.1213886569836784,0.1575462790402364,0.03615762205655801,0.497965645654041,0.3341623853992013,0.1638032602548397,0.9856428559972665,0.693316958581199,0.2923258974160675,0.995503471735646,0.7434670063383885,0.25203646539725755,0.9091465649688208,0.6968835158059045,0.21226304916291638,437.0,0.4063373718546132,336.0,0.31220876048462254,664.0,0.6178937558247903,843.0,0.7847157502329916,959.0,0.8928238583410997,0.31220876048462254,WACC_0p3_WRT_0p7,0.6027958993476235,986,False,,,False,False,False,False,False,3.0,0.022988505747126436
UDetect,ForestCovertype,799,0.58,34,0.0,0.9406364979085056,0,8,1024,4297,793,True,0.9535647084915816,0.0772089756018068,0.45824765277880875,0.9535647084915816,0.9854568846915948,0.9130212531702152,-3.181649610463174,-2.10523109526996,2.3061762316703245,1.5150308215472654,0.4335808906591327,0.0772089756018068,0.11925618801598191,0.04204721241417511,0.45824765277880875,0.34474965932323554,0.11349799345557321,0.9535647084915816,0.7287155309973052,0.22484917749427635,0.9854568846915948,0.742745153732229,0.2427117309593657,0.9130212531702152,0.6923153749796987,0.22070587819051646,337.0,0.3131407269338304,414.0,0.3849021435228332,736.0,0.684995340167754,828.0,0.7707362534948742,840.0,0.7819198508853681,0.3131407269338304,WACC_0p1_WRT_0p9,0.587138863000932,987,False,,,False,False,False,False,False,8.0,0.08045977011494253
UDetect,ForestCovertype,53,0.58,59,0.0,0.797245753653933,0,23,863,1,1,False,0.8414016659741794,0.12467660319983367,0.31937146228866203,0.8414016659741794,0.9503284294222573,0.9265693178581041,-3.181649610463174,-2.10523109526996,2.3061762316703245,1.5150308215472654,0.4335808906591327,0.12467660319983367,0.24278928747035095,0.11811268427051727,0.31937146228866203,0.3345670559897417,0.015195593701079646,0.8414016659741794,0.6143087310162789,0.2270929349579005,0.9503284294222573,0.6180082001971359,0.3323202292251214,0.9265693178581041,0.5397830232100066,0.38678629464809755,558.0,0.5191053122087604,339.0,0.315004659832246,621.0,0.5778191985088537,602.0,0.5601118359739049,563.0,0.5237651444547996,0.315004659832246,WACC_0p3_WRT_0p7,0.49916123019571296,988,False,,,False,False,False,False,False,23.0,0.25287356321839083
UDetect,ForestCovertype,618,0.58,32,0.0,0.956290000443551,0,6,3993,513,3125,True,0.9658091840992082,0.09407269975973002,0.47340831612005946,0.9658091840992082,0.9892917442320025,0.9115422548845219,-3.181649610463174,-2.10523109526996,2.3061762316703245,1.5150308215472654,0.4335808906591327,0.09407269975973002,0.11999414398778223,0.025921444228052204,0.47340831612005946,0.34060788230132744,0.13280043381873202,0.9658091840992082,0.745002665003598,0.22080651909561022,0.9892917442320025,0.7368249948406661,0.2524667493913364,0.9115422548845219,0.6971109292264017,0.21443132565812018,339.0,0.315004659832246,383.0,0.3560111835973905,813.0,0.7567567567567568,707.0,0.6579683131407269,965.0,0.8984156570363467,0.315004659832246,WACC_0p1_WRT_0p9,0.5968313140726933,989,False,,,False,False,False,False,False,6.0,0.05747126436781609
UDetect,ForestCovertype,782,0.58,31,0.0,0.9644762707294906,0,5,4383,436,3678,True,0.9722126447054984,0.10289187640567356,0.48133684761310763,0.9722126447054984,0.9912972504524864,0.9107687871132021,-3.181649610463174,-2.10523109526996,2.3061762316703245,1.5150308215472654,0.4335808906591327,0.10289187640567356,0.12443564827619549,0.021543771870521936,0.48133684761310763,0.33461088946572154,0.1467259581473861,0.9722126447054984,0.7380322793072605,0.23418036539823794,0.9912972504524864,0.7377875129511124,0.25350973750137396,0.9107687871132021,0.6950420614396755,0.21572672567352658,353.0,0.32805219012115566,340.0,0.31593662628145386,775.0,0.7213420316868593,715.0,0.6654240447343895,911.0,0.848089468779124,0.31593662628145386,WACC_0p3_WRT_0p7,0.5757688723205965,990,False,,,False,False,False,False,False,5.0,0.04597701149425287
UDetect,ForestCovertype,915,0.58,30,0.0,0.9729224656013556,0,4,4456,1760,1404,True,0.9788194234027437,0.11199107322659677,0.48951712015468507,0.9788194234027437,0.9933664340688685,0.9099707607476553,-3.181649610463174,-2.10523109526996,2.3061762316703245,1.5150308215472654,0.4335808906591327,0.11199107322659677,0.12011631775511605,0.008125244528519288,0.48951712015468507,0.3587851639694452,0.13073195618523986,0.9788194234027437,0.7326208122692196,0.24619861113352415,0.9933664340688685,0.7473593797088166,0.24600705436005188,0.9099707607476553,0.6937237910036732,0.21624696974398205,340.0,0.31593662628145386,748.0,0.6961789375582479,753.0,0.700838769804287,930.0,0.8657968313140727,873.0,0.8126747437092264,0.31593662628145386,WACC_0p1_WRT_0p9,0.6782851817334576,991,False,,,False,False,False,False,False,4.0,0.034482758620689655
UDetect,ForestCovertype,570,0.58,30,0.0,0.9729224656013556,0,4,4361,837,1671,True,0.9788194234027437,0.11199107322659677,0.48951712015468507,0.9788194234027437,0.9933664340688685,0.9099707607476553,-3.181649610463174,-2.10523109526996,2.3061762316703245,1.5150308215472654,0.4335808906591327,0.11199107322659677,0.12129974454831549,0.009308671321718726,0.48951712015468507,0.33477405273258604,0.15474306742209903,0.9788194234027437,0.7226148086701014,0.25620461473264233,0.9933664340688685,0.7400528894446696,0.25331354462419886,0.9099707607476553,0.6947855218367203,0.215185238910935,342.0,0.31780055917986955,341.0,0.3168685927306617,720.0,0.6700838769804287,766.0,0.7129543336439889,903.0,0.8406337371854613,0.3168685927306617,WACC_0p3_WRT_0p7,0.571668219944082,992,False,,,False,False,False,False,False,4.0,0.034482758620689655
UDetect,ForestCovertype,749,0.68,223,0.4545454545454547,0.4468003597611013,0,32,2595,4808,4032,False,0.049090834245053096,0.4748598460125591,0.35405902995654814,0.049090834245053096,0.3355318871186766,0.4657894221406462,-3.181649610463174,-2.10523109526996,2.3061762316703245,1.5150308215472654,0.4335808906591327,0.4748598460125591,0.40529148872435244,0.06956835728820665,0.35405902995654814,0.39563629561978986,0.041577265663241714,0.049090834245053096,0.4450702355252694,0.3959794012802163,0.3355318871186766,0.41363093421640584,0.07809904709772925,0.4657894221406462,0.47536011223830504,0.009570690097658818,819.0,0.7623485554520038,863.0,0.8033550792171482,342.0,0.31780055917986955,429.0,0.39888164026095063,507.0,0.47157502329916123,0.31780055917986955,WACC_0p5_WRT_0p5,0.5507921714818267,993,False,,,False,False,False,False,False,32.0,0.3563218390804598
UDetect,ForestCovertype,114,0.58,29,0.0,0.9816456337335658,0,3,700,2682,894,True,0.9856428559972665,0.1213886569836784,0.497965645654041,0.9856428559972665,0.995503471735646,0.9091465649688208,-3.181649610463174,-2.10523109526996,2.3061762316703245,1.5150308215472654,0.4335808906591327,0.1213886569836784,0.1221889617825852,0.0008003047989068035,0.497965645654041,0.35480777570724625,0.14315786994679475,0.9856428559972665,0.7257792282052119,0.25986362779205463,0.995503471735646,0.7507821287945453,0.2447213429411007,0.9091465649688208,0.6925158361377697,0.21663072883105117,343.0,0.31873252562907733,665.0,0.6188257222739981,728.0,0.6775396085740913,993.0,0.9245107176141659,843.0,0.7847157502329916,0.31873252562907733,WACC_0p1_WRT_0p9,0.664864864864865,994,False,,,False,False,False,False,False,3.0,0.022988505747126436
UDetect,ForestCovertype,719,0.58,33,0.0,0.948348133291504,0,7,1662,4712,718,True,0.9595969004007491,0.08551682182435125,0.4657164929051875,0.9595969004007491,0.9873461128981531,0.9122926305833013,-3.181649610463174,-2.10523109526996,2.3061762316703245,1.5150308215472654,0.4335808906591327,0.08551682182435125,0.12222803977611668,0.036711217951765435,0.4657164929051875,0.34702195895177873,0.11869453395340879,0.9595969004007491,0.7319060742386263,0.22769082616212277,0.9873461128981531,0.7460684679725764,0.24127764492557668,0.9122926305833013,0.6994447560173296,0.21284787456597176,344.0,0.3196644920782852,441.0,0.41006523765144454,746.0,0.6943150046598322,906.0,0.8434296365330848,1002.0,0.9328984156570364,0.3196644920782852,WACC_0p1_WRT_0p9,0.6400745573159365,995,False,,,False,False,False,False,False,7.0,0.06896551724137931
UDetect,ForestCovertype,588,0.58,165,0.0,0.526519284404718,0,57,1986,639,476,True,0.6296341307762613,0.42959093396804715,0.15231469943029186,0.6296341307762613,0.8840047436454224,0.9521485122278638,-3.181649610463174,-2.10523109526996,2.3061762316703245,1.5150308215472654,0.4335808906591327,0.42959093396804715,0.19865020226404784,0.2309407317039993,0.15231469943029186,0.3354414023451445,0.18312670291485267,0.6296341307762613,0.6507771123944935,0.02114298161823225,0.8840047436454224,0.6963535754829099,0.18765116816251248,0.9521485122278638,0.6880818119695915,0.2640667002582723,495.0,0.4603914259086673,346.0,0.32152842497670087,635.0,0.5908667287977633,636.0,0.5917986952469712,744.0,0.6924510717614166,0.32152842497670087,WACC_0p3_WRT_0p7,0.5314072693383038,996,False,,,False,False,False,False,False,57.0,0.6436781609195402
UDetect,ForestCovertype,634,0.66,908,0.3636363636363638,0.0741684820359968,0,86,4260,396,4802,False,0.4151998725999793,0.9034518115775612,0.7606158604647498,0.4151998725999793,0.35003159173127585,0.5997752431513865,-3.181649610463174,-2.10523109526996,2.3061762316703245,1.5150308215472654,0.4335808906591327,0.9034518115775612,0.462476150918732,0.44097566065882915,0.7606158604647498,0.3958762080117656,0.36473965245298423,0.4151998725999793,0.4466035014456833,0.03140362884570397,0.35003159173127585,0.37685552208742673,0.026823930356150882,0.5997752431513865,0.38686747017979234,0.2129077729715942,976.0,0.9086672879776329,864.0,0.804287045666356,347.0,0.32246039142590865,351.0,0.32618825722274,352.0,0.3271202236719478,0.32246039142590865,WACC_0p5_WRT_0p5,0.5377446411929171,997,False,,,False,False,False,False,False,86.0,0.9770114942528736
UDetect,ForestCovertype,855,0.58,33,0.0,0.948348133291504,0,7,61,3061,281,True,0.9595969004007491,0.08551682182435125,0.4657164929051875,0.9595969004007491,0.9873461128981531,0.9122926305833013,-3.181649610463174,-2.10523109526996,2.3061762316703245,1.5150308215472654,0.4335808906591327,0.08551682182435125,0.17265901254246316,0.08714219071811191,0.4657164929051875,0.33578239852498976,0.12993409438019776,0.9595969004007491,0.6755120575722929,0.28408484282845614,0.9873461128981531,0.7207348167569667,0.2666112961411864,0.9122926305833013,0.6912560747752513,0.22103655580805004,457.0,0.4249767008387698,348.0,0.3233923578751165,651.0,0.6057781919850885,652.0,0.6067101584342963,811.0,0.7548928238583411,0.3233923578751165,WACC_0p3_WRT_0p7,0.5431500465983224,998,False,,,False,False,False,False,False,7.0,0.06896551724137931
UDetect,ForestCovertype,116,0.58,33,0.0,0.948348133291504,0,7,4626,2352,1173,True,0.9595969004007491,0.08551682182435125,0.4657164929051875,0.9595969004007491,0.9873461128981531,0.9122926305833013,-3.181649610463174,-2.10523109526996,2.3061762316703245,1.5150308215472654,0.4335808906591327,0.08551682182435125,0.12304355728312098,0.037526735458769736,0.4657164929051875,0.3643154124803814,0.10140108042480611,0.9595969004007491,0.7516182088630636,0.20797869153768545,0.9873461128981531,0.7641726536111364,0.2231734592870167,0.9122926305833013,0.7098845188386984,0.20240811174460294,348.0,0.3233923578751165,776.0,0.7222739981360671,881.0,0.8201304753028891,1074.0,1.0,1072.0,0.9981360671015843,0.3233923578751165,WACC_0p1_WRT_0p9,0.7727865796831315,999,False,,,False,False,False,False,False,7.0,0.06896551724137931
UDetect,ForestCovertype,830,0.69,385,0.4999999999999997,0.3020276238660232,0,65,2699,1057,3,True,0.25451236312322584,0.6334630554243958,0.5315698124170821,0.25451236312322584,0.24717056724959702,0.43007894068160474,-3.181649610463174,-2.10523109526996,2.3061762316703245,1.5150308215472654,0.4335808906591327,0.6334630554243958,0.35280445859541315,0.2806585968289827,0.5315698124170821,0.3362348926056452,0.1953349198114369,0.25451236312322584,0.4602936976003583,0.20578133447713248,0.24717056724959702,0.4422720579922198,0.19510149074262279,0.43007894068160474,0.39326617327524666,0.03681276740635808,712.0,0.6626281453867661,352.0,0.3271202236719478,402.0,0.37371854613233924,484.0,0.45013979496738116,368.0,0.34203168685927304,0.3271202236719478,WACC_0p3_WRT_0p7,0.43112767940354146,1000,False,,,False,False,False,False,False,65.0,0.735632183908046
UDetect,ForestCovertype,465,0.75,374,0.7727272727272726,0.3097189893116785,0,4,1070,1291,1,True,0.45882046135240373,0.5980901660510854,0.5887590404754931,0.45882046135240373,0.07865928075158306,0.13301750363881806,-3.181649610463174,-2.10523109526996,2.3061762316703245,1.5150308215472654,0.4335808906591327,0.5980901660510854,0.30677669479167413,0.2913134712594113,0.5887590404754931,0.3395040960846297,0.24925494439086338,0.45882046135240373,0.4996302820196027,0.04080982066719896,0.07865928075158306,0.43639084627554753,0.35773156552396446,0.13301750363881806,0.3868842233075832,0.2538667196687652,642.0,0.5973904939422181,375.0,0.34855545200372784,515.0,0.4790307548928239,469.0,0.4361602982292637,353.0,0.32805219012115566,0.32805219012115566,WACC_0p9_WRT_0p1,0.4378378378378378,1001,False,,,False,False,False,False,False,4.0,0.034482758620689655
UDetect,ForestCovertype,243,0.58,29,0.0,0.9816456337335658,0,3,1104,3369,476,True,0.9856428559972665,0.1213886569836784,0.497965645654041,0.9856428559972665,0.995503471735646,0.9091465649688208,-3.181649610463174,-2.10523109526996,2.3061762316703245,1.5150308215472654,0.4335808906591327,0.1213886569836784,0.13872311611539542,0.017334459131717023,0.497965645654041,0.336331177057591,0.16163446859644998,0.9856428559972665,0.6984450309186773,0.28719782507858926,0.995503471735646,0.7320850097271627,0.2634184620084833,0.9091465649688208,0.6778310765122192,0.23131548845660166,395.0,0.36719478098788444,354.0,0.32898415657036345,676.0,0.6290773532152842,683.0,0.6356011183597391,639.0,0.5945945945945946,0.32898415657036345,WACC_0p3_WRT_0p7,0.5110904007455732,1002,False,,,False,False,False,False,False,3.0,0.022988505747126436
UDetect,ForestCovertype,328,0.58,28,0.0,0.9906645581969952,0,2,575,2894,404,True,0.9926976349741923,0.13110486292620857,0.5067006158106627,0.9926976349741923,0.9977129650069035,0.9082944250857279,-3.181649610463174,-2.10523109526996,2.3061762316703245,1.5150308215472654,0.4335808906591327,0.13110486292620857,0.15529441816306108,0.02418955523685251,0.5067006158106627,0.33662930663515617,0.17007130917550656,0.9926976349741923,0.6875382600493836,0.3051593749248087,0.9977129650069035,0.7314263646171757,0.26628660038972785,0.9082944250857279,0.6926465528340718,0.21564787225165605,434.0,0.40354147250698974,356.0,0.33084808946877914,658.0,0.6123019571295434,681.0,0.6337371854613234,846.0,0.7875116495806151,0.33084808946877914,WACC_0p3_WRT_0p7,0.5535880708294502,1003,False,,,False,False,False,False,False,2.0,0.011494252873563218
UDetect,ForestCovertype,714,0.58,131,0.0,0.5874902402842852,0,49,3599,1095,424,True,0.6773268040530336,0.3609204479979338,0.11621994938930126,0.6773268040530336,0.8989416596052252,0.9463877606630887,-3.181649610463174,-2.10523109526996,2.3061762316703245,1.5150308215472654,0.4335808906591327,0.3609204479979338,0.20885958735232818,0.15206086064560564,0.11621994938930126,0.3366613205578331,0.22044137116853185,0.6773268040530336,0.6638329331645668,0.013493870888466764,0.8989416596052252,0.7072145001259831,0.19172715947924213,0.9463877606630887,0.674182671600939,0.2722050890621497,509.0,0.47343895619757687,357.0,0.3317800559179869,643.0,0.5983224603914259,643.0,0.5983224603914259,634.0,0.5899347623485555,0.3317800559179869,WACC_0p3_WRT_0p7,0.5183597390493941,1004,False,,,False,False,False,False,False,49.0,0.5517241379310345
UDetect,ForestCovertype,71,0.76,720,0.8181818181818181,0.135809864794278,0,13,3435,1037,1,True,0.6984285691430052,0.7895091635253736,0.799779945430908,0.6984285691430052,0.24036552592725605,0.10005993123174295,-3.181649610463174,-2.10523109526996,2.3061762316703245,1.5150308215472654,0.4335808906591327,0.7895091635253736,0.3776173358190811,0.4118918277062925,0.799779945430908,0.37510781142756794,0.4246721340033401,0.6984285691430052,0.4983020166258575,0.20012655251714773,0.24036552592725605,0.44361084384802213,0.20324531792076608,0.10005993123174295,0.38759506466004057,0.2875351334282976,758.0,0.7054986020503262,803.0,0.7474370922646785,510.0,0.4743709226467847,487.0,0.45293569431500463,357.0,0.3317800559179869,0.3317800559179869,WACC_0p9_WRT_0p1,0.5424044734389561,1005,False,,,False,False,False,False,False,13.0,0.13793103448275862
UDetect,ForestCovertype,481,0.58,177,0.0,0.5079513229501488,0,59,1,3497,5000,False,0.6151099084429643,0.45050369346419444,0.17366994255558912,0.6151099084429643,0.8794558879519085,0.9539028789006675,-3.181649610463174,-2.10523109526996,2.3061762316703245,1.5150308215472654,0.4335808906591327,0.45050369346419444,0.3666088065513941,0.08389488691280034,0.17366994255558912,0.3369874845439433,0.16331754198835416,0.6151099084429643,0.5366839063162036,0.07842600212676076,0.8794558879519085,0.5638593647256123,0.3155965232262963,0.9539028789006675,0.6268058061544104,0.3270970727462571,737.0,0.6859273066169618,358.0,0.33271202236719477,570.0,0.5302889095992545,577.0,0.5368126747437092,610.0,0.5675675675675675,0.33271202236719477,WACC_0p3_WRT_0p7,0.5306616961789375,1006,False,,,False,False,False,False,False,59.0,0.6666666666666666
UDetect,ForestCovertype,67,0.7,362,0.5454545454545452,0.3183712248231429,0,39,813,1870,5000,False,0.27089137079960723,0.6106038457260761,0.5237786944318191,0.27089137079960723,0.19828019135039948,0.37914561785091894,-3.181649610463174,-2.10523109526996,2.3061762316703245,1.5150308215472654,0.4335808906591327,0.6106038457260761,0.44317646046757386,0.1674273852585022,0.5237786944318191,0.4018290056074221,0.12194968882439705,0.27089137079960723,0.45154059067284863,0.1806492198732414,0.19828019135039948,0.37994250528833357,0.18166231393793408,0.37914561785091894,0.4383297955093988,0.059184177658479886,922.0,0.8583410997204101,878.0,0.8173345759552656,363.0,0.33737185461323393,358.0,0.33271202236719477,454.0,0.42218080149114634,0.33271202236719477,WACC_0p7_WRT_0p3,0.55358807082945,1007,False,,,False,False,False,False,False,39.0,0.4367816091954023
UDetect,ForestCovertype,1046,0.58,31,0.0,0.9644762707294906,0,5,101,4716,516,True,0.9722126447054984,0.10289187640567356,0.48133684761310763,0.9722126447054984,0.9912972504524864,0.9107687871132021,-3.181649610463174,-2.10523109526996,2.3061762316703245,1.5150308215472654,0.4335808906591327,0.10289187640567356,0.12610721988473458,0.023215343479061026,0.48133684761310763,0.35122604064487034,0.1301108069682373,0.9722126447054984,0.706097073104969,0.26611557160052934,0.9912972504524864,0.7464222343486067,0.24487501610387974,0.9107687871132021,0.6949045960214502,0.21586419109175192,358.0,0.33271202236719477,536.0,0.49860205032618826,690.0,0.6421248835041938,911.0,0.848089468779124,906.0,0.8434296365330848,0.33271202236719477,WACC_0p1_WRT_0p9,0.6329916123019571,1008,False,,,False,False,False,False,False,5.0,0.04597701149425287
UDetect,ForestCovertype,687,0.58,217,0.0,0.4540234132023059,0,63,7,3012,4415,False,0.5729264434964182,0.5112417238314997,0.23569310146412287,0.5729264434964182,0.8662444064494295,0.9589981785557784,-3.181649610463174,-2.10523109526996,2.3061762316703245,1.5150308215472654,0.4335808906591327,0.5112417238314997,0.3528467171182776,0.1583950067132221,0.23569310146412287,0.3370486375420818,0.10135553607795894,0.5729264434964182,0.508610881385788,0.06431556211063016,0.8662444064494295,0.5189192991883659,0.3473251072610636,0.9589981785557784,0.5618696385808787,0.3971285399748997,713.0,0.6635601118359739,360.0,0.33457595526561046,534.0,0.4967381174277726,556.0,0.5172413793103449,569.0,0.5293569431500466,0.33457595526561046,WACC_0p3_WRT_0p7,0.5082945013979496,1009,False,,,False,False,False,False,False,63.0,0.7126436781609196
UDetect,ForestCovertype,1002,0.58,30,0.0,0.9729224656013556,0,4,2168,4137,622,True,0.9788194234027437,0.11199107322659677,0.48951712015468507,0.9788194234027437,0.9933664340688685,0.9099707607476553,-3.181649610463174,-2.10523109526996,2.3061762316703245,1.5150308215472654,0.4335808906591327,0.11199107322659677,0.12665041617187134,0.014659342945274573,0.48951712015468507,0.3380396711092403,0.15147744904544475,0.9788194234027437,0.7278530160463201,0.2509664073564236,0.9933664340688685,0.7464737097099329,0.2468927243589356,0.9099707607476553,0.6966235673578393,0.213347193389816,360.0,0.33457595526561046,364.0,0.3383038210624418,734.0,0.6831314072693383,914.0,0.8508853681267474,954.0,0.8881640260950606,0.33457595526561046,WACC_0p1_WRT_0p9,0.6190121155638397,1010,False,,,False,False,False,False,False,4.0,0.034482758620689655
UDetect,ForestCovertype,199,0.58,29,0.0,0.9816456337335658,0,3,2642,892,1156,True,0.9856428559972665,0.1213886569836784,0.497965645654041,0.9856428559972665,0.995503471735646,0.9091465649688208,-3.181649610463174,-2.10523109526996,2.3061762316703245,1.5150308215472654,0.4335808906591327,0.1213886569836784,0.14494709325710226,0.023558436273423855,0.497965645654041,0.3370675485082208,0.1608980971458202,0.9856428559972665,0.7075444870950149,0.2780983689022516,0.995503471735646,0.7447553159281403,0.25074815580750576,0.9091465649688208,0.6990475729265544,0.21009899204226645,413.0,0.38397017707362535,361.0,0.33550792171481825,695.0,0.646784715750233,877.0,0.8164026095060578,992.0,0.923578751164958,0.33550792171481825,WACC_0p3_WRT_0p7,0.6212488350419385,1011,False,,,False,False,False,False,False,3.0,0.022988505747126436
UDetect,ForestCovertype,1069,0.67,140,0.4090909090909093,0.5699432579229367,0,15,2440,5000,3533,False,0.1836028552625285,0.34061793202686524,0.201424992564895,0.1836028552625285,0.418594240229161,0.5035435671731073,-3.181649610463174,-2.10523109526996,2.3061762316703245,1.5150308215472654,0.4335808906591327,0.34061793202686524,0.40649012793006845,0.0658721959032032,0.201424992564895,0.3826160321731481,0.1811910396082531,0.1836028552625285,0.45109777140208507,0.26749491613955656,0.418594240229161,0.4426428376618939,0.02404859743273291,0.5035435671731073,0.494642090628729,0.00890147654437834,822.0,0.7651444547996272,821.0,0.7642124883504194,362.0,0.3364398881640261,485.0,0.451071761416589,528.0,0.4911463187325256,0.3364398881640261,WACC_0p5_WRT_0p5,0.5616029822926375,1012,False,,,False,False,False,False,False,15.0,0.16091954022988506
UDetect,ForestCovertype,33,0.67,370,0.4090909090909093,0.3125719152321354,0,64,1850,5000,4508,False,0.17102956936060415,0.6304906250557895,0.4974309709322056,0.17102956936060415,0.35554234837711846,0.5278609219487637,-3.181649610463174,-2.10523109526996,2.3061762316703245,1.5150308215472654,0.4335808906591327,0.6304906250557895,0.4363368836130243,0.19415374144276515,0.4974309709322056,0.43365709492177035,0.06377387601043527,0.17102956936060415,0.45183666914774173,0.2808070997871376,0.35554234837711846,0.3924985534154627,0.036956205038344236,0.5278609219487637,0.43657021464706824,0.09129070730169542,903.0,0.8406337371854613,947.0,0.8816402609506058,364.0,0.3383038210624418,390.0,0.3625349487418453,453.0,0.4212488350419385,0.3383038210624418,WACC_0p5_WRT_0p5,0.5688723205964585,1013,False,,,False,False,False,False,False,64.0,0.7241379310344828
UDetect,ForestCovertype,1014,0.58,31,0.0,0.9644762707294906,0,5,200,2849,776,True,0.9722126447054984,0.10289187640567356,0.48133684761310763,0.9722126447054984,0.9912972504524864,0.9107687871132021,-3.181649610463174,-2.10523109526996,2.3061762316703245,1.5150308215472654,0.4335808906591327,0.10289187640567356,0.12711099892957547,0.024219122523901918,0.48133684761310763,0.34496399299511316,0.13637285461799448,0.9722126447054984,0.7040224548208044,0.268190189884694,0.9912972504524864,0.7460066042754677,0.24529064617701868,0.9107687871132021,0.6951263087918382,0.21564247832136385,364.0,0.3383038210624418,417.0,0.38769804287045667,685.0,0.6374650512581547,904.0,0.8415657036346692,915.0,0.8518173345759553,0.3383038210624418,WACC_0p1_WRT_0p9,0.6113699906803356,1014,False,,,False,False,False,False,False,5.0,0.04597701149425287
UDetect,ForestCovertype,658,0.58,27,0.0,1.0,1,1,4421,1211,1472,True,1.0,0.1411620571615409,0.5157421379875897,1.0,1.0,0.907412379524875,-3.181649610463174,-2.10523109526996,2.3061762316703245,1.5150308215472654,0.4335808906591327,0.1411620571615409,0.12746363939852812,0.013698417763012782,0.5157421379875897,0.3450824490408117,0.17065968894677802,1.0,0.7267598134461339,0.27324018655386606,1.0,0.7473678115538971,0.2526321884461029,0.907412379524875,0.6962078308018296,0.2112045487230454,365.0,0.33923578751164957,420.0,0.39049394221808015,731.0,0.6803355079217148,931.0,0.8667287977632805,948.0,0.8825722273998136,0.33923578751164957,WACC_0p1_WRT_0p9,0.6318732525629077,1015,False,,,False,False,False,False,False,1.0,0.0
UDetect,ForestCovertype,970,0.7,452,0.5454545454545452,0.2594478101645677,0,45,1992,3106,3902,False,0.3400279405758567,0.6769682230144248,0.5915472455937418,0.3400279405758567,0.183844890474385,0.38471291047901496,-3.181649610463174,-2.10523109526996,2.3061762316703245,1.5150308215472654,0.4335808906591327,0.6769682230144248,0.41202970947223344,0.2649385135421914,0.5915472455937418,0.38197162677594837,0.20957561881779346,0.3400279405758567,0.4623773584192991,0.12234941784344239,0.183844890474385,0.38235352758164726,0.19850863710726227,0.38471291047901496,0.4152531637169379,0.03054025323792292,834.0,0.7763280521901211,820.0,0.7632805219012115,410.0,0.3811742777260019,367.0,0.34109972041006525,416.0,0.38676607642124883,0.34109972041006525,WACC_0p7_WRT_0p3,0.5297297297297296,1016,False,,,False,False,False,False,False,45.0,0.5057471264367817
UDetect,ForestCovertype,913,0.58,43,0.0,0.8797571353479814,0,14,1869,1569,482,True,0.9059436812990215,0.03174552483216376,0.39928503287034517,0.9059436812990215,0.9705424076404379,0.9187733506742433,-3.181649610463174,-2.10523109526996,2.3061762316703245,1.5150308215472654,0.4335808906591327,0.03174552483216376,0.19647795728250878,0.16473243245034502,0.39928503287034517,0.33837386911206657,0.0609111637582786,0.9059436812990215,0.6614975665886287,0.2444461147103928,0.9705424076404379,0.706304157625163,0.2642382500152749,0.9187733506742433,0.6882918567478654,0.23048149392637785,491.0,0.45666356011183595,367.0,0.34109972041006525,639.0,0.5945945945945946,641.0,0.5964585274930102,746.0,0.6943150046598322,0.34109972041006525,WACC_0p3_WRT_0p7,0.5366262814538676,1017,False,,,False,False,False,False,False,14.0,0.14942528735632185
UDetect,ForestCovertype,1010,0.69,333,0.4999999999999997,0.3405216049723362,0,55,1813,4629,4665,False,0.20934624662873785,0.5901079800223266,0.4872974065637392,0.20934624662873785,0.2566009813287033,0.42644189319409864,-3.181649610463174,-2.10523109526996,2.3061762316703245,1.5150308215472654,0.4335808906591327,0.5901079800223266,0.4356542000710682,0.15445377995125836,0.4872974065637392,0.4303771148017597,0.05692029176197949,0.20934624662873785,0.45260016726994384,0.243253920641206,0.2566009813287033,0.39170034903600653,0.13509936770730324,0.42644189319409864,0.43901258316598973,0.012570689971891091,894.0,0.8322460391425909,937.0,0.8723205964585274,368.0,0.34203168685927304,388.0,0.36067101584342964,457.0,0.4249767008387698,0.34203168685927304,WACC_0p5_WRT_0p5,0.5664492078285182,1018,False,,,False,False,False,False,False,55.0,0.6206896551724138
UDetect,ForestCovertype,667,0.68,334,0.4545454545454547,0.3397262896041243,0,56,1960,4876,4322,False,0.1747239796682966,0.5954554365918056,0.47720624814805807,0.1747239796682966,0.30930044028737,0.47590615900831235,-3.181649610463174,-2.10523109526996,2.3061762316703245,1.5150308215472654,0.4335808906591327,0.5954554365918056,0.4257195306622859,0.16973590592951965,0.47720624814805807,0.42925263420260146,0.04795361394545661,0.1747239796682966,0.45268610351905425,0.2779621238507577,0.30930044028737,0.406898198688732,0.09759775840136198,0.47590615900831235,0.4529714585543319,0.02293470045398044,866.0,0.8061509785647717,931.0,0.8667287977632805,369.0,0.3429636533084809,421.0,0.391425908667288,478.0,0.4445479962721342,0.3429636533084809,WACC_0p5_WRT_0p5,0.570363466915191,1019,False,,,False,False,False,False,False,56.0,0.632183908045977
UDetect,ForestCovertype,28,0.58,29,0.0,0.9816456337335658,0,3,1174,2551,997,True,0.9856428559972665,0.1213886569836784,0.497965645654041,0.9856428559972665,0.995503471735646,0.9091465649688208,-3.181649610463174,-2.10523109526996,2.3061762316703245,1.5150308215472654,0.4335808906591327,0.1213886569836784,0.1298063459218123,0.00841768893813391,0.497965645654041,0.3530482118914775,0.1449174337625635,0.9856428559972665,0.7293306655611361,0.2563121904361304,0.995503471735646,0.7530544764191618,0.24244899531648423,0.9091465649688208,0.6949551700927171,0.21419139487610372,370.0,0.34389561975768873,597.0,0.5554520037278659,738.0,0.6868592730661697,1024.0,0.9534016775396086,908.0,0.8452935694315005,0.34389561975768873,WACC_0p1_WRT_0p9,0.6769804287045667,1020,False,,,False,False,False,False,False,3.0,0.022988505747126436
UDetect,ForestCovertype,760,0.58,31,0.0,0.9644762707294906,0,5,2478,2101,571,True,0.9722126447054984,0.10289187640567356,0.48133684761310763,0.9722126447054984,0.9912972504524864,0.9107687871132021,-3.181649610463174,-2.10523109526996,2.3061762316703245,1.5150308215472654,0.4335808906591327,0.10289187640567356,0.1712407619130806,0.06834888550740705,0.48133684761310763,0.3389354929595889,0.14240135465351872,0.9722126447054984,0.6987801261477085,0.27343251855778994,0.9912972504524864,0.7188280770448957,0.2724691734075907,0.9107687871132021,0.7065988924425927,0.20416989467060942,453.0,0.4212488350419385,371.0,0.3448275862068966,678.0,0.6309412861136999,649.0,0.6039142590866728,1067.0,0.9934762348555451,0.3448275862068966,WACC_0p3_WRT_0p7,0.5988816402609507,1021,False,,,False,False,False,False,False,5.0,0.04597701149425287
UDetect,ForestCovertype,656,0.58,30,0.0,0.9729224656013556,0,4,1187,1643,1129,True,0.9788194234027437,0.11199107322659677,0.48951712015468507,0.9788194234027437,0.9933664340688685,0.9099707607476553,-3.181649610463174,-2.10523109526996,2.3061762316703245,1.5150308215472654,0.4335808906591327,0.11199107322659677,0.13031505627595175,0.01832398304935498,0.48951712015468507,0.3507005026817007,0.13881661747298435,0.9788194234027437,0.7213922386779296,0.2574271847248142,0.9933664340688685,0.7451661240289209,0.24820031003994758,0.9099707607476553,0.6951788060444147,0.21479195470324053,371.0,0.3448275862068966,520.0,0.483690587138863,718.0,0.668219944082013,886.0,0.8247903075489282,918.0,0.8546132339235788,0.3448275862068966,WACC_0p1_WRT_0p9,0.6352283317800559,1022,False,,,False,False,False,False,False,4.0,0.034482758620689655
UDetect,ForestCovertype,559,0.6,179,0.0909090909090909,0.5049788585902366,0,25,62,4598,3075,False,0.5061184873376442,0.44494811188520333,0.19910033174128777,0.5061184873376442,0.7729390841988132,0.855405484636534,-3.181649610463174,-2.10523109526996,2.3061762316703245,1.5150308215472654,0.4335808906591327,0.44494811188520333,0.3668899599976897,0.07805815188751364,0.19910033174128777,0.33921876448059196,0.1401184327393042,0.5061184873376442,0.5186817357385538,0.01256324840090961,0.7729390841988132,0.5285509149470413,0.24438816925177187,0.855405484636534,0.5736552281611501,0.2817502564753839,740.0,0.6887232059645852,373.0,0.3466915191053122,551.0,0.5125815470643057,563.0,0.5237651444547996,576.0,0.5358807082945014,0.3466915191053122,WACC_0p3_WRT_0p7,0.5215284249767008,1023,False,,,False,False,False,False,False,25.0,0.27586206896551724
UDetect,ForestCovertype,921,0.64,280,0.2727272727272729,0.3864884331623068,0,46,2141,2176,4565,False,0.20010035806550405,0.5605949081720295,0.37940108394823513,0.20010035806550405,0.5323336172436122,0.6690443927088298,-3.181649610463174,-2.10523109526996,2.3061762316703245,1.5150308215472654,0.4335808906591327,0.5605949081720295,0.4216909586080746,0.1389039495639549,0.37940108394823513,0.3875554794052606,0.008154395457025454,0.20010035806550405,0.4578588509424923,0.25775849287698827,0.5323336172436122,0.3840037239144162,0.148329893329196,0.6690443927088298,0.41701879722816887,0.2520255954806609,853.0,0.7940354147250699,833.0,0.7753960857409133,393.0,0.36533084808946875,373.0,0.3466915191053122,419.0,0.3895619757688723,0.3466915191053122,WACC_0p7_WRT_0p3,0.5342031686859273,1024,False,,,False,False,False,False,False,46.0,0.5172413793103449
UDetect,ForestCovertype,1034,0.58,33,0.0,0.948348133291504,0,7,1912,3506,666,True,0.9595969004007491,0.08551682182435125,0.4657164929051875,0.9595969004007491,0.9873461128981531,0.9122926305833013,-3.181649610463174,-2.10523109526996,2.3061762316703245,1.5150308215472654,0.4335808906591327,0.08551682182435125,0.1316656515650259,0.04614882974067466,0.4657164929051875,0.3516179746563888,0.11409851824879874,0.9595969004007491,0.7306641127999327,0.22893278760081637,0.9873461128981531,0.7414767375177079,0.24586937538044518,0.9122926305833013,0.6917946005488209,0.22049803003448043,377.0,0.3504193849021435,555.0,0.516309412861137,745.0,0.6933830382106244,796.0,0.7409133271202236,827.0,0.7698042870456664,0.3504193849021435,WACC_0p1_WRT_0p9,0.614165890027959,1025,False,,,False,False,False,False,False,7.0,0.06896551724137931
UDetect,ForestCovertype,852,0.63,249,0.2272727272727273,0.417586004295742,0,37,2120,2311,3985,False,0.27775863665770056,0.5300219829226022,0.3326295205846761,0.27775863665770056,0.5928463269299147,0.7154953058017506,-3.181649610463174,-2.10523109526996,2.3061762316703245,1.5150308215472654,0.4335808906591327,0.5300219829226022,0.401636841390561,0.12838514153204117,0.3326295205846761,0.3743080142776862,0.04167849369301008,0.27775863665770056,0.45436156248544346,0.1766029258277429,0.5928463269299147,0.3995460721081917,0.19330025482172297,0.7154953058017506,0.41448504510688094,0.30101026069486964,808.0,0.7520969245107176,799.0,0.7437092264678472,378.0,0.35135135135135137,401.0,0.3727865796831314,415.0,0.385834109972041,0.35135135135135137,WACC_0p5_WRT_0p5,0.5211556383970176,1026,False,,,False,False,False,False,False,37.0,0.41379310344827586
UDetect,ForestCovertype,689,0.58,29,0.0,0.9816456337335658,0,3,2559,3632,340,True,0.9856428559972665,0.1213886569836784,0.497965645654041,0.9856428559972665,0.995503471735646,0.9091465649688208,-3.181649610463174,-2.10523109526996,2.3061762316703245,1.5150308215472654,0.4335808906591327,0.1213886569836784,0.15790283988488768,0.03651418290120928,0.497965645654041,0.3396959647880439,0.15826968086599708,0.9856428559972665,0.6776947459443988,0.3079481100528677,0.995503471735646,0.7235904734668065,0.2719129982688395,0.9091465649688208,0.6929742039433647,0.21617236102545612,438.0,0.40726933830382106,378.0,0.35135135135135137,653.0,0.6076421248835042,657.0,0.6113699906803355,856.0,0.7968313140726934,0.35135135135135137,WACC_0p3_WRT_0p7,0.554892823858341,1027,False,,,False,False,False,False,False,3.0,0.022988505747126436
UDetect,ForestCovertype,823,0.64,469,0.2727272727272729,0.2496470106562398,0,77,238,4732,2931,False,0.138194903171097,0.7147169298587907,0.5367841038547889,0.138194903171097,0.4988096417981496,0.6819736543130762,-3.181649610463174,-2.10523109526996,2.3061762316703245,1.5150308215472654,0.4335808906591327,0.7147169298587907,0.3809174996830007,0.33379943017578995,0.5367841038547889,0.33977902953477757,0.19700507432001135,0.138194903171097,0.4917628949833591,0.3535679918122621,0.4988096417981496,0.49864578058875236,0.00016386120939720916,0.6819736543130762,0.5316630123921532,0.15031064192092303,764.0,0.7110904007455732,379.0,0.35228331780055916,495.0,0.4603914259086673,546.0,0.5079217148182665,557.0,0.5181733457595527,0.35228331780055916,WACC_0p3_WRT_0p7,0.5099720410065237,1028,False,,,False,False,False,False,False,77.0,0.8735632183908046
UDetect,ForestCovertype,982,0.6,164,0.0909090909090909,0.5281267381927909,0,21,24,4319,4996,False,0.524225211154068,0.41887707332997914,0.17247766786097193,0.524225211154068,0.7786099471085883,0.8532183910980131,-3.181649610463174,-2.10523109526996,2.3061762316703245,1.5150308215472654,0.4335808906591327,0.41887707332997914,0.389161234251481,0.02971583907849812,0.17247766786097193,0.3404377941836735,0.16796012632270155,0.524225211154068,0.5409058940135714,0.016680682859503415,0.7786099471085883,0.5492493462251893,0.22936060088339905,0.8532183910980131,0.5987996638255862,0.25441872727242687,781.0,0.7269338303821062,381.0,0.35414725069897485,571.0,0.5312208760484622,572.0,0.53215284249767,587.0,0.5461323392357875,0.35414725069897485,WACC_0p3_WRT_0p7,0.5381174277726002,1029,False,,,False,False,False,False,False,21.0,0.22988505747126436
UDetect,ForestCovertype,974,0.58,34,0.0,0.9406364979085056,0,8,997,4418,291,True,0.9535647084915816,0.0772089756018068,0.45824765277880875,0.9535647084915816,0.9854568846915948,0.9130212531702152,-3.181649610463174,-2.10523109526996,2.3061762316703245,1.5150308215472654,0.4335808906591327,0.0772089756018068,0.15395038609835907,0.07674141049655227,0.45824765277880875,0.3405874468596876,0.11766020591912113,0.9535647084915816,0.6781711049372989,0.27539360355428266,0.9854568846915948,0.7212792056060934,0.2641776790855014,0.9130212531702152,0.6742627360925888,0.2387585170776264,430.0,0.3998136067101584,382.0,0.3550792171481827,654.0,0.608574091332712,653.0,0.6076421248835042,635.0,0.5908667287977633,0.3550792171481827,WACC_0p3_WRT_0p7,0.5123951537744641,1030,False,,,False,False,False,False,False,8.0,0.08045977011494253
UDetect,ForestCovertype,858,0.58,33,0.0,0.948348133291504,0,7,4653,1671,1237,True,0.9595969004007491,0.08551682182435125,0.4657164929051875,0.9595969004007491,0.9873461128981531,0.9122926305833013,-3.181649610463174,-2.10523109526996,2.3061762316703245,1.5150308215472654,0.4335808906591327,0.08551682182435125,0.13404765134786087,0.04853082952350962,0.4657164929051875,0.35858181510018444,0.10713467780500308,0.9595969004007491,0.7366728608000749,0.2229240396006742,0.9873461128981531,0.752576355855887,0.2347697570422661,0.9122926305833013,0.6981626113160453,0.21413001926725606,385.0,0.35787511649580617,745.0,0.6933830382106244,766.0,0.7129543336439889,1017.0,0.9468779123951537,985.0,0.9170549860205033,0.35787511649580617,WACC_0p1_WRT_0p9,0.7256290773532152,1031,False,,,False,False,False,False,False,7.0,0.06896551724137931
UDetect,ForestCovertype,684,0.58,30,0.0,0.9729224656013556,0,4,2184,2204,632,True,0.9788194234027437,0.11199107322659677,0.48951712015468507,0.9788194234027437,0.9933664340688685,0.9099707607476553,-3.181649610463174,-2.10523109526996,2.3061762316703245,1.5150308215472654,0.4335808906591327,0.11199107322659677,0.16619956704505004,0.054208493818453274,0.48951712015468507,0.34110235719064225,0.14841476296404282,0.9788194234027437,0.7088299580320483,0.26998946537069546,0.9933664340688685,0.7267603608417417,0.2666060732271268,0.9099707607476553,0.702872266483762,0.20709849426389326,446.0,0.4147250698974837,386.0,0.35880708294501396,699.0,0.6505125815470643,663.0,0.6169617893755824,1044.0,0.9720410065237651,0.35880708294501396,WACC_0p3_WRT_0p7,0.6026095060577819,1032,False,,,False,False,False,False,False,4.0,0.034482758620689655
UDetect,ForestCovertype,775,0.65,137,0.3181818181818183,0.5756646137546231,0,15,2292,4432,4378,False,0.29474451300011656,0.34307748680879085,0.17283306915001204,0.29474451300011656,0.5257844787399073,0.6017812364482034,-3.181649610463174,-2.10523109526996,2.3061762316703245,1.5150308215472654,0.4335808906591327,0.34307748680879085,0.413244673115347,0.07016718630655616,0.17283306915001204,0.3878706218440568,0.21503755269404476,0.29474451300011656,0.4564368314504655,0.16169231845034893,0.5257844787399073,0.44003786105922016,0.08574661768068714,0.6017812364482034,0.49382969942513116,0.1079515370230722,838.0,0.7800559179869525,834.0,0.7763280521901211,388.0,0.36067101584342964,477.0,0.44361602982292636,527.0,0.4902143522833178,0.36067101584342964,WACC_0p5_WRT_0p5,0.5701770736253495,1033,False,,,False,False,False,False,False,15.0,0.16091954022988506
UDetect,ForestCovertype,1062,0.58,32,0.0,0.956290000443551,0,6,1736,3761,225,True,0.9658091840992082,0.09407269975973002,0.47340831612005946,0.9658091840992082,0.9892917442320025,0.9115422548845219,-3.181649610463174,-2.10523109526996,2.3061762316703245,1.5150308215472654,0.4335808906591327,0.09407269975973002,0.17344723896847924,0.07937453920874922,0.47340831612005946,0.34186360963373036,0.1315447064863291,0.9658091840992082,0.6533002361205836,0.3125089479786246,0.9892917442320025,0.6973369552366435,0.291954788995359,0.9115422548845219,0.6634071332903989,0.248135121594123,458.0,0.42590866728797766,390.0,0.3625349487418453,636.0,0.5917986952469712,638.0,0.5936626281453867,628.0,0.5843429636533085,0.3625349487418453,WACC_0p3_WRT_0p7,0.5116495806150978,1034,False,,,False,False,False,False,False,6.0,0.05747126436781609
UDetect,ForestCovertype,827,0.58,30,0.0,0.9729224656013556,0,4,1571,3603,464,True,0.9788194234027437,0.11199107322659677,0.48951712015468507,0.9788194234027437,0.9933664340688685,0.9099707607476553,-3.181649610463174,-2.10523109526996,2.3061762316703245,1.5150308215472654,0.4335808906591327,0.11199107322659677,0.13627539630052393,0.024284323073927166,0.48951712015468507,0.34482425714815806,0.144692863006527,0.9788194234027437,0.6976415223609097,0.28117790104183404,0.9933664340688685,0.7370688317071954,0.2562976023616731,0.9099707607476553,0.6897776648422512,0.22019309590540403,390.0,0.3625349487418453,415.0,0.385834109972041,675.0,0.6281453867660765,709.0,0.6598322460391426,772.0,0.7185461323392358,0.3625349487418453,WACC_0p1_WRT_0p9,0.5509785647716682,1035,False,,,False,False,False,False,False,4.0,0.034482758620689655
UDetect,ForestCovertype,104,0.62,190,0.1818181818181819,0.4891987039259098,0,25,2051,3487,5000,False,0.3871086405687166,0.45381760048382463,0.23926100464679578,0.3871086405687166,0.6632845997097606,0.7581182062529527,-3.181649610463174,-2.10523109526996,2.3061762316703245,1.5150308215472654,0.4335808906591327,0.45381760048382463,0.42592325927783325,0.02789434120599138,0.23926100464679578,0.41149271794906833,0.17223171330227255,0.3871086405687166,0.45750844035533134,0.07039979978661476,0.6632845997097606,0.39354497831878726,0.26973962139097335,0.7581182062529527,0.4280690116016717,0.33004919465128096,869.0,0.8089468779123952,893.0,0.8313140726933831,390.0,0.3625349487418453,391.0,0.3634669151910531,435.0,0.4044734389561976,0.3625349487418453,WACC_0p5_WRT_0p5,0.5541472506989747,1036,False,,,False,False,False,False,False,25.0,0.27586206896551724
UDetect,ForestCovertype,1071,0.67,456,0.4090909090909093,0.2571090452773492,0,76,2932,88,971,False,0.23610578058900544,0.6929574533701661,0.5612195066424484,0.23610578058900544,0.34195482599940646,0.5331012500733556,-3.181649610463174,-2.10523109526996,2.3061762316703245,1.5150308215472654,0.4335808906591327,0.6929574533701661,0.4397183952012936,0.25323905816887254,0.5612195066424484,0.4037977767537603,0.15742172988868808,0.23610578058900544,0.5194601307403637,0.28335435015135824,0.34195482599940646,0.45468452166643186,0.1127296956670254,0.5331012500733556,0.40985502353397946,0.12324622653937617,911.0,0.848089468779124,884.0,0.8229263746505125,553.0,0.5144454799627214,503.0,0.4678471575023299,402.0,0.37371854613233924,0.37371854613233924,WACC_0p9_WRT_0p1,0.6054054054054053,1037,False,,,False,False,False,False,False,76.0,0.8620689655172413
UDetect,ForestCovertype,530,0.58,30,0.0,0.9729224656013556,0,4,4398,1497,1019,True,0.9788194234027437,0.11199107322659677,0.48951712015468507,0.9788194234027437,0.9933664340688685,0.9099707607476553,-3.181649610463174,-2.10523109526996,2.3061762316703245,1.5150308215472654,0.4335808906591327,0.11199107322659677,0.14075475480084462,0.028763681574247857,0.48951712015468507,0.35441041912787713,0.13510670102680794,0.9788194234027437,0.7255135512896443,0.2533058721130994,0.9933664340688685,0.7446055492787648,0.24876088479010372,0.9099707607476553,0.695071641999216,0.21489911874843926,404.0,0.37558247903075487,652.0,0.6067101584342963,727.0,0.6766076421248836,874.0,0.8136067101584343,913.0,0.8499534016775396,0.37558247903075487,WACC_0p1_WRT_0p9,0.6644920782851818,1038,False,,,False,False,False,False,False,4.0,0.034482758620689655
UDetect,ForestCovertype,335,0.68,89,0.4545454545454547,0.6893787386698695,0,5,2138,1081,1,True,0.22369447179854304,0.2016482008087177,0.07506662299727686,0.22369447179854304,0.39495973775927573,0.44286975890558733,-3.181649610463174,-2.10523109526996,2.3061762316703245,1.5150308215472654,0.4335808906591327,0.2016482008087177,0.3091430756799707,0.10749487487125298,0.07506662299727686,0.35119785866334796,0.2761312356660711,0.22369447179854304,0.5217276495201811,0.29803317772163807,0.39495973775927573,0.46996314661315663,0.0750034088538809,0.44286975890558733,0.41104883366025047,0.03182092524533686,646.0,0.6011183597390494,534.0,0.4967381174277726,555.0,0.516309412861137,519.0,0.4827586206896552,405.0,0.3765144454799627,0.3765144454799627,WACC_0p9_WRT_0p1,0.4946877912395154,1039,False,,,False,False,False,False,False,5.0,0.04597701149425287
UDetect,ForestCovertype,558,0.58,30,0.0,0.9729224656013556,0,4,3484,2041,894,True,0.9788194234027437,0.11199107322659677,0.48951712015468507,0.9788194234027437,0.9933664340688685,0.9099707607476553,-3.181649610463174,-2.10523109526996,2.3061762316703245,1.5150308215472654,0.4335808906591327,0.11199107322659677,0.14176921842999954,0.029778145203402773,0.48951712015468507,0.3540821242540135,0.1354349959006716,0.9788194234027437,0.7174239081850612,0.26139551521768256,0.9933664340688685,0.733964382167337,0.25940205190153154,0.9099707607476553,0.6941081132801669,0.2158626474674884,406.0,0.37744641192917056,636.0,0.5917986952469712,714.0,0.6644920782851818,691.0,0.6430568499534017,880.0,0.8191985088536813,0.37744641192917056,WACC_0p1_WRT_0p9,0.6191985088536812,1040,False,,,False,False,False,False,False,4.0,0.034482758620689655
UDetect,ForestCovertype,893,0.58,35,0.0,0.9331421208409968,0,9,4446,2875,575,True,0.9477024602827844,0.06913518461994925,0.450989230747157,0.9477024602827844,0.9836208813222271,0.9137293484230427,-3.181649610463174,-2.10523109526996,2.3061762316703245,1.5150308215472654,0.4335808906591327,0.06913518461994925,0.1423262494963975,0.07319106487644825,0.450989230747157,0.3488372462861019,0.10215198446105511,0.9477024602827844,0.7084595149138221,0.2392429453689623,0.9836208813222271,0.7218462709625436,0.2617746103596835,0.9137293484230427,0.692161736934651,0.22156761148839166,407.0,0.3783783783783784,471.0,0.4380242311276794,697.0,0.6486486486486487,654.0,0.608574091332712,834.0,0.7763280521901211,0.3783783783783784,WACC_0p1_WRT_0p9,0.5699906803355079,1041,False,,,False,False,False,False,False,9.0,0.09195402298850575
UDetect,ForestCovertype,803,0.61,495,0.1363636363636364,0.2353229452828238,0,78,2035,2849,3307,False,0.2418552112245736,0.7442049875990118,0.5202408078774177,0.2418552112245736,0.6539833690329665,0.831494407489165,-3.181649610463174,-2.10523109526996,2.3061762316703245,1.5150308215472654,0.4335808906591327,0.7442049875990118,0.4049558977268192,0.33924908987219254,0.5202408078774177,0.38863980149136207,0.1316010063860556,0.2418552112245736,0.4861476868003092,0.24429247557573558,0.6539833690329665,0.4036317699363342,0.2503515990966323,0.831494407489165,0.42527278241086375,0.4062216250783013,818.0,0.7614165890027959,838.0,0.7800559179869525,487.0,0.45293569431500463,412.0,0.3830382106244175,431.0,0.40074557315936626,0.3830382106244175,WACC_0p7_WRT_0p3,0.5556383970177075,1042,False,,,False,False,False,False,False,78.0,0.8850574712643678
UDetect,ForestCovertype,601,0.58,30,0.0,0.9729224656013556,0,4,3749,3414,303,True,0.9788194234027437,0.11199107322659677,0.48951712015468507,0.9788194234027437,0.9933664340688685,0.9099707607476553,-3.181649610463174,-2.10523109526996,2.3061762316703245,1.5150308215472654,0.4335808906591327,0.11199107322659677,0.18992659970399964,0.07793552647740287,0.48951712015468507,0.34464096009787093,0.14487616005681414,0.9788194234027437,0.6735390762411477,0.305280347161596,0.9933664340688685,0.7066669284866045,0.286699505582264,0.9099707607476553,0.681571937167048,0.22839882358060726,480.0,0.44641192917054984,413.0,0.38397017707362535,649.0,0.6039142590866728,642.0,0.5973904939422181,649.0,0.6039142590866728,0.38397017707362535,WACC_0p3_WRT_0p7,0.5271202236719479,1043,False,,,False,False,False,False,False,4.0,0.034482758620689655
UDetect,ForestCovertype,695,0.58,29,0.0,0.9816456337335658,0,3,959,2865,547,True,0.9856428559972665,0.1213886569836784,0.497965645654041,0.9856428559972665,0.995503471735646,0.9091465649688208,-3.181649610463174,-2.10523109526996,2.3061762316703245,1.5150308215472654,0.4335808906591327,0.1213886569836784,0.146858021085788,0.025469364102109593,0.497965645654041,0.35204780193323854,0.14591784372080246,0.9856428559972665,0.7065632340939012,0.2790796219033653,0.995503471735646,0.7419107959545651,0.2535926757810809,0.9091465649688208,0.6907281431145826,0.2184184218542382,416.0,0.38676607642124883,569.0,0.5293569431500466,692.0,0.6439888164026095,804.0,0.7483690587138863,794.0,0.739049394221808,0.38676607642124883,WACC_0p1_WRT_0p9,0.6095060577819198,1044,False,,,False,False,False,False,False,3.0,0.022988505747126436
UDetect,ForestCovertype,539,0.59,194,0.0454545454545454,0.4836848735460707,0,27,2016,2676,3169,False,0.5427950667717115,0.47338284973610195,0.21258494796011468,0.5427950667717115,0.8206166946097508,0.9068065372651914,-3.181649610463174,-2.10523109526996,2.3061762316703245,1.5150308215472654,0.4335808906591327,0.47338284973610195,0.39963778699693014,0.07374506273917181,0.21258494796011468,0.391770382791461,0.1791854348313463,0.5427950667717115,0.4924810165102695,0.050314050261442034,0.8206166946097508,0.4124599899536726,0.40815670465607823,0.9068065372651914,0.4164494955611988,0.49035704170399264,800.0,0.744641192917055,849.0,0.7903075489282386,497.0,0.46225535880708296,427.0,0.39701770736253494,417.0,0.38769804287045667,0.38769804287045667,WACC_0p9_WRT_0p1,0.5563839701770738,1045,False,,,False,False,False,False,False,27.0,0.2988505747126437
UDetect,ForestCovertype,698,0.58,32,0.0,0.956290000443551,0,6,4302,1789,840,True,0.9658091840992082,0.09407269975973002,0.47340831612005946,0.9658091840992082,0.9892917442320025,0.9115422548845219,-3.181649610463174,-2.10523109526996,2.3061762316703245,1.5150308215472654,0.4335808906591327,0.09407269975973002,0.14787953052126124,0.05380683076153121,0.47340831612005946,0.35475089311130176,0.1186574230087577,0.9658091840992082,0.7159912418237382,0.24981794227547005,0.9892917442320025,0.7387065034048825,0.25058524082711997,0.9115422548845219,0.6971709335271397,0.21437132135738224,418.0,0.3886300093196645,663.0,0.6169617893755824,711.0,0.6616961789375583,734.0,0.6831314072693383,967.0,0.9002795899347623,0.3886300093196645,WACC_0p1_WRT_0p9,0.6501397949673812,1046,False,,,False,False,False,False,False,6.0,0.05747126436781609
UDetect,ForestCovertype,769,0.58,29,0.0,0.9816456337335658,0,3,4842,3773,380,True,0.9856428559972665,0.1213886569836784,0.497965645654041,0.9856428559972665,0.995503471735646,0.9091465649688208,-3.181649610463174,-2.10523109526996,2.3061762316703245,1.5150308215472654,0.4335808906591327,0.1213886569836784,0.15840563990942372,0.03701698292574532,0.497965645654041,0.345078631055085,0.15288701459895598,0.9856428559972665,0.6948185282335197,0.2908243277637468,0.995503471735646,0.7232903034661506,0.2722131682694954,0.9091465649688208,0.6993547892814909,0.20979177568732998,439.0,0.4082013047530289,419.0,0.3895619757688723,670.0,0.6234855545200373,656.0,0.6104380242311277,1000.0,0.9310344827586207,0.3895619757688723,WACC_0p3_WRT_0p7,0.5925442684063373,1047,False,,,False,False,False,False,False,3.0,0.022988505747126436
UDetect,ForestCovertype,822,0.58,28,0.0,0.9906645581969952,0,2,3699,2214,758,True,0.9926976349741923,0.13110486292620857,0.5067006158106627,0.9926976349741923,0.9977129650069035,0.9082944250857279,-3.181649610463174,-2.10523109526996,2.3061762316703245,1.5150308215472654,0.4335808906591327,0.13110486292620857,0.14842012901742108,0.017315266091212506,0.5067006158106627,0.35128606667201023,0.1554145491386525,0.9926976349741923,0.7154951827684578,0.2772024522057345,0.9977129650069035,0.7354316889165632,0.26228127609034035,0.9082944250857279,0.693855571442324,0.21443885364340387,420.0,0.39049394221808015,538.0,0.5004659832246039,710.0,0.6607642124883504,699.0,0.6505125815470643,876.0,0.8154706430568499,0.39049394221808015,WACC_0p1_WRT_0p9,0.6035414725069896,1048,False,,,False,False,False,False,False,2.0,0.011494252873563218
UDetect,ForestCovertype,563,0.58,29,0.0,0.9816456337335658,0,3,1864,3150,561,True,0.9856428559972665,0.1213886569836784,0.497965645654041,0.9856428559972665,0.995503471735646,0.9091465649688208,-3.181649610463174,-2.10523109526996,2.3061762316703245,1.5150308215472654,0.4335808906591327,0.1213886569836784,0.15053501042757358,0.029146353443895184,0.497965645654041,0.35239282778155095,0.14557281787249005,0.9856428559972665,0.7129171863895497,0.2727256696077168,0.995503471735646,0.7386961801671346,0.25680729156851145,0.9091465649688208,0.7013124029637913,0.20783416200502958,423.0,0.3932898415657036,580.0,0.5396085740913327,706.0,0.6570363466915191,733.0,0.6821994408201305,1029.0,0.9580615097856477,0.3932898415657036,WACC_0p1_WRT_0p9,0.6460391425908667,1049,False,,,False,False,False,False,False,3.0,0.022988505747126436
UDetect,ForestCovertype,565,0.58,29,0.0,0.9816456337335658,0,3,4622,2698,433,True,0.9856428559972665,0.1213886569836784,0.497965645654041,0.9856428559972665,0.995503471735646,0.9091465649688208,-3.181649610463174,-2.10523109526996,2.3061762316703245,1.5150308215472654,0.4335808906591327,0.1213886569836784,0.15259697001764302,0.031208313033964624,0.497965645654041,0.35752813270333467,0.14043751295070633,0.9856428559972665,0.6956920524156085,0.28995080358165803,0.995503471735646,0.7324514413558822,0.26305203037976377,0.9091465649688208,0.6810178506993977,0.22812871426942316,424.0,0.39422180801491147,728.0,0.6775396085740913,672.0,0.625349487418453,685.0,0.6374650512581547,648.0,0.6029822926374651,0.39422180801491147,WACC_0p1_WRT_0p9,0.5875116495806152,1050,False,,,False,False,False,False,False,3.0,0.022988505747126436
UDetect,ForestCovertype,571,0.64,274,0.2727272727272729,0.3922303710057268,0,45,2153,3318,4479,False,0.20459181406436813,0.5541278673256195,0.3727972099065641,0.20459181406436813,0.5337403008321552,0.668501874112243,-3.181649610463174,-2.10523109526996,2.3061762316703245,1.5150308215472654,0.4335808906591327,0.5541278673256195,0.4257215208210097,0.12840634650460975,0.3727972099065641,0.3914763565387428,0.018679146632178678,0.20459181406436813,0.47860658382147725,0.27401476975710914,0.5337403008321552,0.41052727211257406,0.12321302871958112,0.668501874112243,0.4567223086292084,0.21177956548303467,867.0,0.8070829450139795,848.0,0.7893755824790307,461.0,0.42870456663560114,425.0,0.3951537744641193,488.0,0.4538676607642125,0.3951537744641193,WACC_0p7_WRT_0p3,0.5748369058713887,1051,False,,,False,False,False,False,False,45.0,0.5057471264367817
UDetect,ForestCovertype,938,0.59,217,0.0454545454545454,0.4540234132023059,0,32,2043,3312,2837,False,0.5195932928011447,0.5067900165912992,0.2466989619644139,0.5195932928011447,0.8133501078553138,0.9096090569505705,-3.181649610463174,-2.10523109526996,2.3061762316703245,1.5150308215472654,0.4335808906591327,0.5067900165912992,0.3850259226728907,0.12176409391840848,0.2466989619644139,0.37302799376010704,0.12632903179569313,0.5195932928011447,0.4722648852394427,0.047328407561702035,0.8133501078553138,0.41331754532416437,0.40003256253114944,0.9096090569505705,0.4482298871225015,0.461379169828069,773.0,0.7194780987884436,797.0,0.7418452935694315,440.0,0.4091332712022367,428.0,0.3979496738117428,471.0,0.4380242311276794,0.3979496738117428,WACC_0p7_WRT_0p3,0.5412861136999068,1052,False,,,False,False,False,False,False,32.0,0.3563218390804598
UDetect,ForestCovertype,844,0.7,813,0.5454545454545452,0.1035344395251959,0,68,1424,39,638,False,0.5229656689936449,0.8525706352874475,0.7708651499654696,0.5229656689936449,0.1456485906025251,0.39944415720006454,-3.181649610463174,-2.10523109526996,2.3061762316703245,1.5150308215472654,0.4335808906591327,0.8525706352874475,0.4092633947711454,0.4433072405163021,0.7708651499654696,0.43023574234315115,0.34062940762231847,0.5229656689936449,0.5665339113604932,0.04356824236684831,0.1456485906025251,0.4899721610282659,0.3443235704257408,0.39944415720006454,0.42521002534838015,0.025765868148315607,825.0,0.7679403541472507,936.0,0.8713886300093197,589.0,0.5479962721342032,540.0,0.5023299161230196,430.0,0.3998136067101584,0.3998136067101584,WACC_0p9_WRT_0p1,0.6178937558247903,1053,False,,,False,False,False,False,False,68.0,0.7701149425287356
UDetect,ForestCovertype,950,0.65,205,0.3181818181818183,0.4690858956830345,0,27,241,4601,3306,False,0.2113765568000245,0.46311517128439833,0.29541057675471494,0.2113765568000245,0.499674385303233,0.6118511706987895,-3.181649610463174,-2.10523109526996,2.3061762316703245,1.5150308215472654,0.4335808906591327,0.46311517128439833,0.38642944087923625,0.07668573040516208,0.29541057675471494,0.34618982135477416,0.050779244600059226,0.2113765568000245,0.479979713583952,0.26860315678392743,0.499674385303233,0.48267279141384034,0.017001593889392652,0.6118511706987895,0.5228662064078908,0.08898496429089864,775.0,0.7213420316868593,432.0,0.4016775396085741,466.0,0.43336439888164024,534.0,0.4967381174277726,551.0,0.5125815470643057,0.4016775396085741,WACC_0p3_WRT_0p7,0.5131407269338304,1054,False,,,False,False,False,False,False,27.0,0.2988505747126437
UDetect,ForestCovertype,25,0.61,254,0.1363636363636364,0.4123178560566807,0,40,2089,4995,4891,False,0.38030408953743466,0.5448588175785616,0.3166767623162455,0.38030408953743466,0.6973443114587992,0.8147713022911467,-3.181649610463174,-2.10523109526996,2.3061762316703245,1.5150308215472654,0.4335808906591327,0.5448588175785616,0.43338997252631156,0.11146884505225002,0.3166767623162455,0.42304068871200073,0.10636392639575526,0.38030408953743466,0.4698843550971195,0.08958026555968485,0.6973443114587992,0.4165991989105514,0.28074511254824774,0.8147713022911467,0.47534707304387214,0.33942422924727456,887.0,0.825722273998136,913.0,0.8499534016775396,432.0,0.4016775396085741,435.0,0.4044734389561976,506.0,0.4706430568499534,0.4016775396085741,WACC_0p5_WRT_0p5,0.5904939422180802,1055,False,,,False,False,False,False,False,40.0,0.4482758620689655
UDetect,ForestCovertype,941,0.58,330,0.0,0.3429219171283109,0,69,47,1909,190,True,0.4860206819517912,0.6363733314526397,0.3634723122326036,0.4860206819517912,0.839026304224764,0.9694954408690237,-3.181649610463174,-2.10523109526996,2.3061762316703245,1.5150308215472654,0.4335808906591327,0.6363733314526397,0.23040105690396553,0.40597227454867424,0.3634723122326036,0.3466294223816334,0.01684288985097021,0.4860206819517912,0.6358393168761407,0.1498186349243495,0.839026304224764,0.7163015204140362,0.12272478381072782,0.9694954408690237,0.6909601903951925,0.2785352504738312,538.0,0.5004659832246039,435.0,0.4044734389561976,629.0,0.5852749301025163,648.0,0.6029822926374651,805.0,0.7493010251630942,0.4044734389561976,WACC_0p3_WRT_0p7,0.5684995340167754,1056,False,,,False,False,False,False,False,69.0,0.7816091954022989
UDetect,ForestCovertype,117,0.58,61,0.0,0.7885225855217226,0,25,4914,1,5000,False,0.8345782333796563,0.13450134985496429,0.31092293678930577,0.8345782333796563,0.94819139175548,0.9273935136369386,-3.181649610463174,-2.10523109526996,2.3061762316703245,1.5150308215472654,0.4335808906591327,0.13450134985496429,0.26826935678249664,0.13376800692753235,0.31092293678930577,0.3480413376581474,0.037118400868841606,0.8345782333796563,0.6126728247987707,0.2219054085808856,0.94819139175548,0.6176552410559647,0.33053615069951525,0.9273935136369386,0.6062414326614946,0.321152080975444,590.0,0.548928238583411,454.0,0.42218080149114634,619.0,0.575955265610438,601.0,0.5591798695246971,593.0,0.5517241379310345,0.42218080149114634,WACC_0p3_WRT_0p7,0.5315936626281454,1057,False,,,False,False,False,False,False,25.0,0.27586206896551724
UDetect,ForestCovertype,699,0.62,172,0.1818181818181819,0.5155311175147893,0,24,2135,4229,3012,False,0.4077063691062831,0.4241598788386838,0.2089757686696378,0.4077063691062831,0.6697356228751639,0.7556302266797592,-3.181649610463174,-2.10523109526996,2.3061762316703245,1.5150308215472654,0.4335808906591327,0.4241598788386838,0.38977487622708595,0.034385002611597826,0.2089757686696378,0.36893201384318797,0.15995624517355017,0.4077063691062831,0.4775051663754645,0.06979879726918137,0.6697356228751639,0.4352205644673096,0.23451505840785425,0.7556302266797592,0.48765839928749527,0.26797182739226394,782.0,0.727865796831314,793.0,0.7381174277726001,457.0,0.4249767008387698,467.0,0.4342963653308481,519.0,0.4827586206896552,0.4249767008387698,WACC_0p5_WRT_0p5,0.5616029822926374,1058,False,,,False,False,False,False,False,24.0,0.26436781609195403
UDetect,ForestCovertype,865,0.58,645,0.0,0.1650308092255337,0,85,3456,3593,97,True,0.3468707807298321,0.8367288721067003,0.5680670852445576,0.3468707807298321,0.7954458077341313,0.986303221941617,-3.181649610463174,-2.10523109526996,2.3061762316703245,1.5150308215472654,0.4335808906591327,0.8367288721067003,0.23337925008871566,0.6033496220179847,0.5680670852445576,0.3484912170724864,0.2195758681720712,0.3468707807298321,0.5990072533515557,0.2521364726217236,0.7954458077341313,0.6722697293462386,0.12317607838789268,0.986303221941617,0.657217076668766,0.32908614527285096,544.0,0.5060577819198508,465.0,0.43243243243243246,610.0,0.5675675675675675,625.0,0.581547064305685,625.0,0.581547064305685,0.43243243243243246,WACC_0p3_WRT_0p7,0.5338303821062441,1059,False,,,False,False,False,False,False,85.0,0.9655172413793104
UDetect,ForestCovertype,591,0.64,240,0.2727272727272729,0.4273398264434442,0,36,200,3952,4259,False,0.23205511627048644,0.5145847220317129,0.3324173890681951,0.23205511627048644,0.5423415598693845,0.6651846085809181,-3.181649610463174,-2.10523109526996,2.3061762316703245,1.5150308215472654,0.4335808906591327,0.5145847220317129,0.39363405317498784,0.12095066885672506,0.3324173890681951,0.35134736154420515,0.018929972476010026,0.23205511627048644,0.48447321962535844,0.252418103354872,0.5423415598693845,0.48901465204105743,0.05332690782832705,0.6651846085809181,0.5324132720064011,0.132771336574517,789.0,0.7343895619757689,543.0,0.5051258154706431,486.0,0.45200372786579684,538.0,0.5004659832246039,558.0,0.5191053122087604,0.45200372786579684,WACC_0p5_WRT_0p5,0.5422180801491145,1060,False,,,False,False,False,False,False,36.0,0.40229885057471265
UDetect,ForestCovertype,711,0.65,529,0.3181818181818183,0.2176846838701317,0,80,3753,110,2361,False,0.2112526719711787,0.7462638137752227,0.5845502334367231,0.2112526719711787,0.43808508070943114,0.6356044463928466,-3.181649610463174,-2.10523109526996,2.3061762316703245,1.5150308215472654,0.4335808906591327,0.7462638137752227,0.38622929993252814,0.3600345138426945,0.5845502334367231,0.3550645202737726,0.22948571316295047,0.2112526719711787,0.4889641590504449,0.2777114870792662,0.43808508070943114,0.4663282078701842,0.028243127160753057,0.6356044463928466,0.47709088317549764,0.158513563217349,774.0,0.7204100652376515,674.0,0.6272134203168686,493.0,0.45852749301025164,513.0,0.4771668219944082,509.0,0.47343895619757687,0.45852749301025164,WACC_0p5_WRT_0p5,0.5513513513513514,1061,False,,,False,False,False,False,False,80.0,0.9080459770114943
UDetect,ForestCovertype,1011,0.58,30,0.0,0.9729224656013556,0,4,4561,2120,339,True,0.9788194234027437,0.11199107322659677,0.48951712015468507,0.9788194234027437,0.9933664340688685,0.9099707607476553,-3.181649610463174,-2.10523109526996,2.3061762316703245,1.5150308215472654,0.4335808906591327,0.11199107322659677,0.2050158703110159,0.09302479708441913,0.48951712015468507,0.35324838830324284,0.13626873185144223,0.9788194234027437,0.6739743911315819,0.3048450322711619,0.9933664340688685,0.7037337332420807,0.2896327008267878,0.9099707607476553,0.687997728465818,0.2219730322818373,499.0,0.4641192917054986,603.0,0.5610438024231128,650.0,0.6048462255358807,640.0,0.5955265610438024,742.0,0.6905871388630009,0.4641192917054986,WACC_0p1_WRT_0p9,0.5832246039142591,1062,False,,,False,False,False,False,False,4.0,0.034482758620689655
UDetect,ForestCovertype,93,0.58,61,0.0,0.7885225855217226,0,25,2591,1,1,False,0.8345782333796563,0.13450134985496429,0.31092293678930577,0.8345782333796563,0.94819139175548,0.9273935136369386,-3.181649610463174,-2.10523109526996,2.3061762316703245,1.5150308215472654,0.4335808906591327,0.13450134985496429,0.24347738124850285,0.10897603139353856,0.31092293678930577,0.3503361179663159,0.03941318117701015,0.8345782333796563,0.6068632873557055,0.22771494602395081,0.94819139175548,0.6062806261590739,0.3419107655964061,0.9273935136369386,0.5725366949453836,0.35485681869155494,560.0,0.5209692451071761,505.0,0.46971109040074555,616.0,0.5731593662628145,595.0,0.5535880708294502,575.0,0.5349487418452936,0.46971109040074555,WACC_0p3_WRT_0p7,0.530475302889096,1063,False,,,False,False,False,False,False,25.0,0.27586206896551724
UDetect,ForestCovertype,646,0.58,67,0.0,0.7639482532118711,0,30,3014,9,747,False,0.8153557103776616,0.1621789763209467,0.2871223095398082,0.8153557103776616,0.9421710705847641,0.9297153834725848,-3.181649610463174,-2.10523109526996,2.3061762316703245,1.5150308215472654,0.4335808906591327,0.1621789763209467,0.34725256292365275,0.18507358660270606,0.2871223095398082,0.37337271028476493,0.08625040074495671,0.8153557103776616,0.5669834664934104,0.24837224388425128,0.9421710705847641,0.5407884802463958,0.4013825903383683,0.9297153834725848,0.4896144902671962,0.44010089320538853,697.0,0.6486486486486487,798.0,0.7427772600186393,590.0,0.548928238583411,569.0,0.5293569431500466,521.0,0.4846225535880708,0.4846225535880708,WACC_0p9_WRT_0p1,0.5908667287977633,1064,False,,,False,False,False,False,False,30.0,0.3333333333333333
UDetect,ForestCovertype,653,0.58,135,0.0,0.5795483731322382,0,50,4093,3070,172,True,0.6711145203545745,0.36986522947582967,0.108528126174429,0.6711145203545745,0.8969960282713758,0.9471381363618682,-3.181649610463174,-2.10523109526996,2.3061762316703245,1.5150308215472654,0.4335808906591327,0.36986522947582967,0.2212800304282751,0.14858519904755457,0.108528126174429,0.35524221283672136,0.24671408666229236,0.6711145203545745,0.6138566193355313,0.05725790101904327,0.8969960282713758,0.6704902290943413,0.2265057991770345,0.9471381363618682,0.6250023231719358,0.32213581318993234,523.0,0.4864864864864865,680.0,0.6328052190121156,620.0,0.5768872320596459,624.0,0.5806150978564771,608.0,0.5657036346691519,0.4864864864864865,WACC_0p1_WRT_0p9,0.5684995340167754,1065,False,,,False,False,False,False,False,50.0,0.5632183908045977
UDetect,ForestCovertype,43,0.58,62,0.0,0.7842659700318733,0,26,2148,1,1,True,0.8312486255541989,0.1392954989716886,0.3068003377562598,0.8312486255541989,0.9471485885563523,0.927795693723999,-3.181649610463174,-2.10523109526996,2.3061762316703245,1.5150308215472654,0.4335808906591327,0.1392954989716886,0.23555320030287552,0.09625770133118691,0.3068003377562598,0.35100149570055245,0.044201157944292635,0.8312486255541989,0.6196496525387716,0.2115989730154273,0.9471485885563523,0.6238398832654015,0.3233087052909508,0.927795693723999,0.5634813289819395,0.36431436474205947,546.0,0.5079217148182665,528.0,0.4911463187325256,623.0,0.5796831314072693,606.0,0.5638397017707363,571.0,0.5312208760484622,0.4911463187325256,WACC_0p3_WRT_0p7,0.534762348555452,1066,False,,,False,False,False,False,False,26.0,0.28735632183908044
UDetect,ForestCovertype,48,0.58,71,0.0,0.7487422407613639,0,33,3272,23,1180,False,0.8034612702596973,0.17930523339827523,0.27239504738177783,0.8034612702596973,0.9384458390088385,0.9311521013123261,-3.181649610463174,-2.10523109526996,2.3061762316703245,1.5150308215472654,0.4335808906591327,0.17930523339827523,0.3878666846980327,0.20856145129975748,0.27239504738177783,0.3851801541113305,0.11278510672955266,0.8034612702596973,0.5689557658463682,0.23450550441332907,0.9384458390088385,0.5371445230620889,0.40130131594674956,0.9311521013123261,0.5024646799412101,0.42868742137111593,776.0,0.7222739981360671,830.0,0.7726001863932899,591.0,0.5498602050326188,568.0,0.5284249767008388,535.0,0.4976700838769804,0.4976700838769804,WACC_0p9_WRT_0p1,0.614165890027959,1067,False,,,False,False,False,False,False,33.0,0.367816091954023
UDetect,ForestCovertype,995,0.58,79,0.0,0.7207128885583636,0,39,4883,11,1783,False,0.7815361631739928,0.210874186343829,0.24524817903894777,0.7815361631739928,0.9315790928306923,0.9338004136478257,-3.181649610463174,-2.10523109526996,2.3061762316703245,1.5150308215472654,0.4335808906591327,0.210874186343829,0.35463873226458614,0.14376454592075713,0.24524817903894777,0.374835385697909,0.1295872066589612,0.7815361631739928,0.5728881477592205,0.2086480154147723,0.9315790928306923,0.5651407000634815,0.3664383927672108,0.9338004136478257,0.5166413942343329,0.41715901941349287,715.0,0.6654240447343895,802.0,0.7465051258154707,593.0,0.5517241379310345,578.0,0.5377446411929171,543.0,0.5051258154706431,0.5051258154706431,WACC_0p9_WRT_0p1,0.601304753028891,1068,False,,,False,False,False,False,False,39.0,0.4367816091954023
UDetect,ForestCovertype,594,0.58,94,0.0,0.6749950848109247,0,42,4512,68,4591,False,0.7457748035954249,0.26236532266493423,0.20096976724168156,0.7457748035954249,0.9203789569202252,0.9381199934490079,-3.181649610463174,-2.10523109526996,2.3061762316703245,1.5150308215472654,0.4335808906591327,0.26236532266493423,0.34001634025086985,0.07765101758593562,0.20096976724168156,0.3602680246433149,0.15929825740163336,0.7457748035954249,0.5567401566837474,0.18903464691167748,0.9203789569202252,0.5554352790011401,0.3649436779190851,0.9381199934490079,0.5199763943658925,0.4181435990831154,679.0,0.6318732525629077,759.0,0.706430568499534,581.0,0.5405405405405406,575.0,0.5349487418452936,548.0,0.5097856477166822,0.5097856477166822,WACC_0p9_WRT_0p1,0.5847157502329916,1069,False,,,False,False,False,False,False,42.0,0.47126436781609193
UDetect,ForestCovertype,56,0.58,62,0.0,0.7842659700318733,0,26,1306,1,1,False,0.8312486255541989,0.1392954989716886,0.3068003377562598,0.8312486255541989,0.9471485885563523,0.927795693723999,-3.181649610463174,-2.10523109526996,2.3061762316703245,1.5150308215472654,0.4335808906591327,0.1392954989716886,0.26048231791649745,0.12118681894480884,0.3068003377562598,0.39002749996029545,0.08322716220403564,0.8312486255541989,0.6349764499253434,0.19627217562885546,0.9471485885563523,0.6211799858054683,0.325968602750884,0.927795693723999,0.5686250934912729,0.35917060023272607,586.0,0.5452003727865797,843.0,0.7847157502329916,627.0,0.5834109972041006,604.0,0.5619757688723206,574.0,0.5340167753960857,0.5340167753960857,WACC_0p9_WRT_0p1,0.6018639328984157,1070,False,,,False,False,False,False,False,26.0,0.28735632183908044
UDetect,ForestCovertype,13,0.58,244,0.0,0.4229605869401162,0,66,1,5000,3629,False,0.5486284937168211,0.5462272238004219,0.2714188438193609,0.5486284937168211,0.8586345072989425,0.9619331042497384,-3.181649610463174,-2.10523109526996,2.3061762316703245,1.5150308215472654,0.4335808906591327,0.5462272238004219,0.3725070275805885,0.17372019621983337,0.2714188438193609,0.3530122292532789,0.08159338543391803,0.5486284937168211,0.5808304714470188,0.03220197773019773,0.8586345072989425,0.5681834547395045,0.29045105255943804,0.9619331042497384,0.6221556857039048,0.33977741854583365,750.0,0.6980428704566636,596.0,0.554520037278658,598.0,0.5563839701770736,579.0,0.5386766076421249,603.0,0.5610438024231128,0.5386766076421249,WACC_0p7_WRT_0p3,0.5817334575955266,1071,False,,,False,False,False,False,False,66.0,0.7471264367816092
UDetect,ForestCovertype,488,0.58,253,0.0,0.4133631728928679,0,67,1,5000,5000,False,0.5411212088817032,0.5570366178335864,0.28245694893685586,0.5411212088817032,0.856283293266177,0.962839901874819,-3.181649610463174,-2.10523109526996,2.3061762316703245,1.5150308215472654,0.4335808906591327,0.5570366178335864,0.4018464052047652,0.15519021262882116,0.28245694893685586,0.3771104890706964,0.09465354013384053,0.5411212088817032,0.5636979938630021,0.022576784981298892,0.856283293266177,0.5730851034303996,0.2831981898357774,0.962839901874819,0.6217207343893146,0.3411191674855044,809.0,0.7530288909599254,809.0,0.7530288909599254,585.0,0.5442684063373718,583.0,0.5424044734389561,602.0,0.5601118359739049,0.5424044734389561,WACC_0p7_WRT_0p3,0.6305684995340168,1072,False,,,False,False,False,False,False,67.0,0.7586206896551724
UDetect,ForestCovertype,497,0.58,140,0.0,0.5699432579229367,0,52,1,5000,3856,False,0.6636012115199905,0.3806832971886683,0.10237224806227511,0.6636012115199905,0.8946429275762027,0.9480456616199783,-3.181649610463174,-2.10523109526996,2.3061762316703245,1.5150308215472654,0.4335808906591327,0.3806832971886683,0.37864743748803914,0.002035859700629139,0.10237224806227511,0.3595554399474374,0.25718319188516225,0.6636012115199905,0.5863080680053118,0.07729314351467875,0.8946429275762027,0.5765071134700667,0.318135814106136,0.9480456616199783,0.6268046681495668,0.32124099347041146,759.0,0.706430568499534,754.0,0.7017707362534948,599.0,0.5573159366262814,584.0,0.543336439888164,609.0,0.5666356011183598,0.543336439888164,WACC_0p7_WRT_0p3,0.6150978564771667,1073,False,,,False,False,False,False,False,52.0,0.5862068965517241
UDetect,ForestCovertype,628,0.58,396,0.0,0.2945523920464468,0,71,1734,1085,128,True,0.4481850941214373,0.6908510536008066,0.4191027038889901,0.4481850941214373,0.8271765386972153,0.9740655646809774,-3.181649610463174,-2.10523109526996,2.3061762316703245,1.5150308215472654,0.4335808906591327,0.6908510536008066,0.2891863839121721,0.40166466968863446,0.4191027038889901,0.3722627415302031,0.04683996235878701,0.4481850941214373,0.5804484104934163,0.13226331637197902,0.8271765386972153,0.6281837138091994,0.19899282488801595,0.9740655646809774,0.6061092484395014,0.36795631624147596,614.0,0.5712954333643989,795.0,0.7399813606710158,597.0,0.5554520037278659,609.0,0.5666356011183598,592.0,0.5507921714818267,0.5507921714818267,WACC_0p9_WRT_0p1,0.5968313140726934,1074,False,,,False,False,False,False,False,71.0,0.8045977011494253
