detector,dataset_name,index,ACCURACY,RUNTIME,transformed_accuracy,transformed_runtime,is_pareto,pareto_layer,recent_samples_size,n_samples,n_permutations,update_interval,n_consecutive_deviations,tchebycheff,tchebycheff_WACC_0p1_WRT_0p9,tchebycheff_WACC_0p3_WRT_0p7,tchebycheff_WACC_0p5_WRT_0p5,tchebycheff_WACC_0p7_WRT_0p3,tchebycheff_WACC_0p9_WRT_0p1,PC1,PC2,PC3,PC4,PC5,real_tchebycheff_WACC_0p1_WRT_0p9,pred_tchebycheff_WACC_0p1_WRT_0p9,abs_error_tchebycheff_WACC_0p1_WRT_0p9,real_tchebycheff_WACC_0p3_WRT_0p7,pred_tchebycheff_WACC_0p3_WRT_0p7,abs_error_tchebycheff_WACC_0p3_WRT_0p7,real_tchebycheff_WACC_0p5_WRT_0p5,pred_tchebycheff_WACC_0p5_WRT_0p5,abs_error_tchebycheff_WACC_0p5_WRT_0p5,real_tchebycheff_WACC_0p7_WRT_0p3,pred_tchebycheff_WACC_0p7_WRT_0p3,abs_error_tchebycheff_WACC_0p7_WRT_0p3,real_tchebycheff_WACC_0p9_WRT_0p1,pred_tchebycheff_WACC_0p9_WRT_0p1,abs_error_tchebycheff_WACC_0p9_WRT_0p1,rank_tchebycheff_WACC_0p1_WRT_0p9,rank_pct_tchebycheff_WACC_0p1_WRT_0p9,rank_tchebycheff_WACC_0p3_WRT_0p7,rank_pct_tchebycheff_WACC_0p3_WRT_0p7,rank_tchebycheff_WACC_0p5_WRT_0p5,rank_pct_tchebycheff_WACC_0p5_WRT_0p5,rank_tchebycheff_WACC_0p7_WRT_0p3,rank_pct_tchebycheff_WACC_0p7_WRT_0p3,rank_tchebycheff_WACC_0p9_WRT_0p1,rank_pct_tchebycheff_WACC_0p9_WRT_0p1,best_region_rank_pct,best_region_name,mean_region_rank_pct,recommendation_rank,selected_at_20,selection_source_region_at_20,final_selection_rank_at_20,selected_WACC_0p1_WRT_0p9_at_20,selected_WACC_0p3_WRT_0p7_at_20,selected_WACC_0p5_WRT_0p5_at_20,selected_WACC_0p7_WRT_0p3_at_20,selected_WACC_0p9_WRT_0p1_at_20,real_pareto_layer,normalized_pareto_depth
IBDD,Electricity,2156,0.72,21,0.6785714285714283,0.706479646566833,0,14,2831,239,487,249,71,0.17831030738124148,0.2673544405973583,0.2087427958451469,0.17831030738124148,0.2615657011313083,0.2962962962962967,1.2233606186634038,-2.534149843841321,1.7596622789832348,-1.2199335447094035,0.0606453741297639,0.2673544405973583,0.3296389694292328,0.06228452883187452,0.2087427958451469,0.26047965018818403,0.051736854343037125,0.17831030738124148,0.2651202586063459,0.08680995122510443,0.2615657011313083,0.23930494048516493,0.02226076064614335,0.2962962962962967,0.2897011098203101,0.006595186475986614,139.0,0.045484508899143045,133.0,0.043506921555702044,1.0,0.0,674.0,0.2218193803559657,1862.0,0.6133816743572841,0.0,WACC_0p5_WRT_0p5,0.184838497033619,1,True,WACC_0p5_WRT_0p5,1.0,False,False,True,False,False,14.0,0.034031413612565446
IBDD,Electricity,1008,0.74,53,0.7499999999999998,0.5518737344088203,0,40,2966,1047,732,208,3,0.33172995487678936,0.4276864976501123,0.38190141746212125,0.33172995487678936,0.1838357749346038,0.22222222222222254,1.2233606186634038,-2.534149843841321,1.7596622789832348,-1.2199335447094035,0.0606453741297639,0.4276864976501123,0.4937937488866759,0.06610725123656358,0.38190141746212125,0.449274704485261,0.06737328702313977,0.33172995487678936,0.40301486092072614,0.07128490604393678,0.1838357749346038,0.16372506476258503,0.020110710172018764,0.22222222222222254,0.1810686545793196,0.041153567642902955,1433.0,0.47198417930125247,1231.0,0.40540540540540543,699.0,0.23005932762030323,1.0,0.0,1.0,0.0,0.0,WACC_0p7_WRT_0p3,0.22148978246539225,2,True,WACC_0p7_WRT_0p3,2.0,False,False,False,True,False,40.0,0.10209424083769633
IBDD,Electricity,38,0.71,3,0.6428571428571426,1.0,0,2,1,1,1000,250,10,0.22155713330854457,0.004115226337448561,0.051428571428571455,0.22155713330854457,0.3004306642296604,0.3333333333333337,1.2233606186634038,-2.534149843841321,1.7596622789832348,-1.2199335447094035,0.0606453741297639,0.004115226337448561,0.1806161725249246,0.17650094618747603,0.051428571428571455,0.16567931226568663,0.11425074083711517,0.22155713330854457,0.428611923245235,0.20705478993669044,0.3004306642296604,0.4830685808186149,0.1826379165889545,0.3333333333333337,0.5508542462571644,0.2175209129238307,1.0,0.0,1.0,0.0,974.0,0.3206987475280158,3015.0,0.99340804218853,3030.0,0.9983520105471325,0.0,WACC_0p1_WRT_0p9,0.4624917600527357,3,True,WACC_0p1_WRT_0p9,3.0,True,False,False,False,False,2.0,0.002617801047120419
IBDD,Electricity,710,0.73,33,0.7142857142857141,0.6315273913256072,0,25,846,239,741,206,6,0.23527645549249393,0.34508270529196283,0.29268932171531986,0.23527645549249393,0.22270073803295595,0.2592592592592596,1.2233606186634038,-2.534149843841321,1.7596622789832348,-1.2199335447094035,0.0606453741297639,0.34508270529196283,0.4425482083382199,0.09746550304625706,0.29268932171531986,0.3828266705777929,0.09013734886247304,0.23527645549249393,0.31705063441867865,0.08177417892618472,0.22270073803295595,0.16572402299859404,0.05697671503436191,0.2592592592592596,0.20449806313806326,0.054761196121196315,775.0,0.25510876730388926,673.0,0.22148978246539222,77.0,0.025049439683586024,2.0,0.0003295978905735003,76.0,0.024719841793012523,0.0003295978905735003,WACC_0p7_WRT_0p3,0.10533948582729072,4,True,WACC_0p7_WRT_0p3,4.0,False,False,False,True,False,25.0,0.06282722513089005
IBDD,Electricity,298,0.73,28,0.7142857142857141,0.6589148543760217,0,20,2410,1,1000,250,10,0.20211267177280573,0.31668089175819963,0.2620153630988556,0.20211267177280573,0.22270073803295595,0.2592592592592596,1.2233606186634038,-2.534149843841321,1.7596622789832348,-1.2199335447094035,0.0606453741297639,0.31668089175819963,0.3443761895494417,0.02769529779124208,0.2620153630988556,0.2623191416844001,0.0003037785855445341,0.20211267177280573,0.27296168010242433,0.0708490083296186,0.22270073803295595,0.20566947815116005,0.017031259881795907,0.2592592592592596,0.27112988770935204,0.011870628450092457,183.0,0.05998681608437706,137.0,0.04482531311799604,2.0,0.0003295978905735003,132.0,0.043177323665128546,1533.0,0.5049439683586026,0.0003295978905735003,WACC_0p5_WRT_0p5,0.13065260382333554,5,True,WACC_0p5_WRT_0p5,5.0,False,False,True,False,False,20.0,0.049738219895287955
IBDD,Electricity,422,0.73,70,0.7142857142857141,0.5047492957538864,0,62,3340,1026,444,227,1,0.3887934619488797,0.4765562858848585,0.4346807887556472,0.3887934619488797,0.22270073803295595,0.2592592592592596,1.2233606186634038,-2.534149843841321,1.7596622789832348,-1.2199335447094035,0.0606453741297639,0.4765562858848585,0.5212380978168321,0.04468181193197357,0.4346807887556472,0.47985448303825334,0.04517369428260615,0.3887934619488797,0.44281361325281193,0.05402015130393223,0.22270073803295595,0.17417771299606824,0.04852302503688771,0.2592592592592596,0.18469129756434774,0.07456796169491184,1850.0,0.6094264996704021,1622.0,0.534278180619644,1143.0,0.3764007910349374,10.0,0.002966381015161503,2.0,0.0003295978905735003,0.0003295978905735003,WACC_0p9_WRT_0p1,0.3046802900461437,6,True,WACC_0p9_WRT_0p1,6.0,False,False,False,False,True,62.0,0.15968586387434555
IBDD,Electricity,2845,0.71,9,0.6428571428571426,0.8422347672997882,0,8,100,183,434,229,200,0.22155713330854457,0.12657135242984924,0.05669706062423713,0.22155713330854457,0.3004306642296604,0.3333333333333337,1.2233606186634038,-2.534149843841321,1.7596622789832348,-1.2199335447094035,0.0606453741297639,0.12657135242984924,0.2177595461119933,0.09118819368214406,0.05669706062423713,0.16740366574114426,0.11070660511690714,0.22155713330854457,0.43159723244342285,0.21004009913487828,0.3004306642296604,0.5113948218893791,0.2109641576597187,0.3333333333333337,0.5479276711709239,0.2145943378375902,13.0,0.003955174686882004,2.0,0.0003295978905735003,1002.0,0.3299274884640738,3032.0,0.9990112063282794,3029.0,0.998022412656559,0.0003295978905735003,WACC_0p3_WRT_0p7,0.46624917600527355,7,True,WACC_0p3_WRT_0p7,7.0,False,True,False,False,False,8.0,0.01832460732984293
IBDD,Electricity,55,0.71,4,0.6428571428571426,0.9615795586771548,0,3,1,1,223,250,10,0.22155713330854457,0.004115226337448561,0.051428571428571455,0.22155713330854457,0.3004306642296604,0.3333333333333337,1.2233606186634038,-2.534149843841321,1.7596622789832348,-1.2199335447094035,0.0606453741297639,0.004115226337448561,0.18663944341298516,0.1825242170755366,0.051428571428571455,0.19258515397985485,0.14115658255128338,0.22155713330854457,0.43608045008307555,0.214523316774531,0.3004306642296604,0.4733060707417325,0.17287540651207206,0.3333333333333337,0.5469828297653982,0.21364949643206455,2.0,0.0003295978905735003,22.0,0.006921555702043507,1064.0,0.35036255767963087,3006.0,0.9904416611733685,3028.0,0.9976928147659855,0.0003295978905735003,WACC_0p1_WRT_0p9,0.46914963744232036,8,True,WACC_0p1_WRT_0p9,8.0,True,False,False,False,False,3.0,0.005235602094240838
IBDD,Electricity,1611,0.71,15,0.6428571428571426,0.7613104172452672,0,14,2402,297,567,185,49,0.22155713330854457,0.21049290063453774,0.1473323326853007,0.22155713330854457,0.3004306642296604,0.3333333333333337,1.2233606186634038,-2.534149843841321,1.7596622789832348,-1.2199335447094035,0.0606453741297639,0.21049290063453774,0.34613279546465764,0.1356398948301199,0.1473323326853007,0.2948162614523403,0.1474839287670396,0.22155713330854457,0.27522906128267527,0.0536719279741307,0.3004306642296604,0.22749914759391648,0.07293151663574393,0.3333333333333337,0.2632216317019542,0.07011170163137953,190.0,0.062294001318391565,226.0,0.07415952537903757,3.0,0.0006591957811470006,406.0,0.13348714568226763,1332.0,0.4386947923533289,0.0006591957811470006,WACC_0p5_WRT_0p5,0.14185893210283457,9,True,WACC_0p5_WRT_0p5,9.0,False,False,True,False,False,14.0,0.034031413612565446
IBDD,Electricity,616,0.71,41,0.6428571428571426,0.5951445848926633,0,38,2689,930,799,236,2,0.279332800595958,0.38281302307427506,0.33343806492021705,0.279332800595958,0.3004306642296604,0.3333333333333337,1.2233606186634038,-2.534149843841321,1.7596622789832348,-1.2199335447094035,0.0606453741297639,0.38281302307427506,0.4637782997820623,0.08096527670778725,0.33343806492021705,0.4180231912254789,0.08458512630526183,0.279332800595958,0.3710216806111623,0.09168888001520431,0.3004306642296604,0.16601031102817593,0.1344203532014845,0.3333333333333337,0.1906896946411756,0.1426436386921581,1006.0,0.33124588002636784,933.0,0.3071852340145023,396.0,0.13019116677653264,3.0,0.0006591957811470006,14.0,0.0042847725774555045,0.0006591957811470006,WACC_0p7_WRT_0p3,0.15471324983520107,10,True,WACC_0p7_WRT_0p3,10.0,False,False,False,True,False,38.0,0.0968586387434555
IBDD,Electricity,2935,0.68,7,0.5357142857142857,0.8806552086226336,0,9,1920,95,397,190,176,0.35129761109045354,0.08672793179875032,0.10285714285714277,0.35129761109045354,0.4170255535247168,0.44444444444444453,1.2233606186634038,-2.534149843841321,1.7596622789832348,-1.2199335447094035,0.0606453741297639,0.08672793179875032,0.22056941058783286,0.13384147878908254,0.10285714285714277,0.16826642641249523,0.06540928355535246,0.35129761109045354,0.38570854104798696,0.03441092995753342,0.4170255535247168,0.44747431660029985,0.03044876307558303,0.44444444444444453,0.47421362649719917,0.02976918205275464,14.0,0.0042847725774555045,3.0,0.0006591957811470006,515.0,0.16941331575477916,2949.0,0.971654581410679,2927.0,0.964403427818062,0.0006591957811470006,WACC_0p3_WRT_0p7,0.42208305866842455,11,True,WACC_0p3_WRT_0p7,11.0,False,True,False,False,False,9.0,0.020942408376963352
IBDD,Electricity,2832,0.73,71,0.7142857142857141,0.5023411706436027,0,63,4601,1019,391,192,5,0.3917094874376366,0.4790536008140415,0.4373778888791649,0.3917094874376366,0.22270073803295595,0.2592592592592596,1.2233606186634038,-2.534149843841321,1.7596622789832348,-1.2199335447094035,0.0606453741297639,0.4790536008140415,0.5514342062782224,0.07238060546418085,0.4373778888791649,0.5422405500551964,0.10486266117603155,0.3917094874376366,0.5063652309588059,0.1146557435211693,0.22270073803295595,0.1859870212797439,0.036713716753212056,0.2592592592592596,0.18564976013664988,0.0736094991226097,2220.0,0.7313777191825972,2302.0,0.7584047462096243,2010.0,0.6621621621621622,38.0,0.012195121951219513,3.0,0.0006591957811470006,0.0006591957811470006,WACC_0p9_WRT_0p1,0.4329597890573501,12,True,WACC_0p9_WRT_0p1,12.0,False,False,False,False,True,63.0,0.16230366492146597
IBDD,Electricity,226,0.71,4,0.6428571428571426,0.9615795586771548,0,3,1,1,1000,231,10,0.22155713330854457,0.004115226337448561,0.051428571428571455,0.22155713330854457,0.3004306642296604,0.3333333333333337,1.2233606186634038,-2.534149843841321,1.7596622789832348,-1.2199335447094035,0.0606453741297639,0.004115226337448561,0.19816439789173404,0.19404917155428547,0.051428571428571455,0.18469333513477357,0.1332647637062021,0.22155713330854457,0.4238186484489376,0.202261515140393,0.3004306642296604,0.46848434866077826,0.16805368443111784,0.3333333333333337,0.5403190164211358,0.20698568308780207,3.0,0.0006591957811470006,16.0,0.004943968358602505,916.0,0.3015820698747528,2994.0,0.9864864864864865,3024.0,0.9963744232036915,0.0006591957811470006,WACC_0p1_WRT_0p9,0.4580092287409361,13,True,WACC_0p1_WRT_0p9,13.0,True,False,False,False,False,3.0,0.005235602094240838
IBDD,Electricity,1101,0.73,19,0.7142857142857141,0.7228899759224219,0,11,2533,283,283,172,97,0.13506348145393826,0.25033632126563654,0.19036322696688743,0.13506348145393826,0.22270073803295595,0.2592592592592596,1.2233606186634038,-2.534149843841321,1.7596622789832348,-1.2199335447094035,0.0606453741297639,0.25033632126563654,0.308687862220973,0.058351540955336456,0.19036322696688743,0.239913767510666,0.04955054054377858,0.13506348145393826,0.277035708560006,0.14197222710606772,0.22270073803295595,0.269564451287004,0.04686371325404806,0.2592592592592596,0.31520688511975864,0.05594762586049906,96.0,0.031311799604482535,104.0,0.03394858272907053,4.0,0.000988793671720501,1428.0,0.470336189848385,2157.0,0.7106130520764667,0.000988793671720501,WACC_0p5_WRT_0p5,0.24943968358602503,14,True,WACC_0p5_WRT_0p5,14.0,False,False,True,False,False,11.0,0.02617801047120419
IBDD,Electricity,374,0.73,61,0.7142857142857141,0.5280872662717262,0,53,3695,514,574,199,4,0.3605332537913963,0.4523539460885802,0.40854226177566655,0.3605332537913963,0.22270073803295595,0.2592592592592596,1.2233606186634038,-2.534149843841321,1.7596622789832348,-1.2199335447094035,0.0606453741297639,0.4523539460885802,0.5331941848669507,0.08084023877837049,0.40854226177566655,0.49979620286147236,0.09125394108580581,0.3605332537913963,0.4634288124720672,0.1028955586806709,0.22270073803295595,0.16696600568573364,0.055734732347222316,0.2592592592592596,0.18742886381698406,0.07183039544227551,2011.0,0.6624917600527357,1874.0,0.6173368490441661,1413.0,0.4653922214897825,4.0,0.000988793671720501,6.0,0.0016479894528675016,0.000988793671720501,WACC_0p7_WRT_0p3,0.3495715227422545,15,True,WACC_0p7_WRT_0p3,15.0,False,False,False,True,False,53.0,0.13612565445026178
IBDD,Electricity,2254,0.74,74,0.7499999999999998,0.4953125156100612,0,61,3397,1391,357,206,2,0.4002205640183184,0.48634257640438094,0.4452499825167314,0.4002205640183184,0.1838357749346038,0.22222222222222254,1.2233606186634038,-2.534149843841321,1.7596622789832348,-1.2199335447094035,0.0606453741297639,0.48634257640438094,0.5398366399364449,0.053494063532063985,0.4452499825167314,0.5184021013016913,0.07315211878495986,0.4002205640183184,0.46001099655336825,0.05979043253504984,0.1838357749346038,0.19566070686521864,0.011824931930614846,0.22222222222222254,0.18643541159083907,0.035786810631383476,2095.0,0.6901779828609097,2080.0,0.6852340145023071,1363.0,0.44891232696110744,70.0,0.022742254449571522,4.0,0.000988793671720501,0.000988793671720501,WACC_0p9_WRT_0p1,0.3696110744891233,16,True,WACC_0p9_WRT_0p1,16.0,False,False,False,False,True,61.0,0.15706806282722513
IBDD,Electricity,2126,0.72,8,0.6785714285714283,0.860375544775702,0,4,421,131,549,242,161,0.17831030738124148,0.1077586943066794,0.03637938985121366,0.17831030738124148,0.2615657011313083,0.2962962962962967,1.2233606186634038,-2.534149843841321,1.7596622789832348,-1.2199335447094035,0.0606453741297639,0.1077586943066794,0.23148775933288315,0.12372906502620375,0.03637938985121366,0.1697205884381767,0.13334119858696303,0.17831030738124148,0.3650383798703623,0.18672807248912082,0.2615657011313083,0.41944122729514904,0.15787552616384076,0.2962962962962967,0.45625242768260166,0.15995613138630493,15.0,0.004614370468029005,4.0,0.000988793671720501,351.0,0.11535926170072512,2880.0,0.9489123269611075,2879.0,0.948582729070534,0.000988793671720501,WACC_0p3_WRT_0p7,0.40369149637442325,17,True,WACC_0p3_WRT_0p7,17.0,False,True,False,False,False,4.0,0.007853403141361256
IBDD,Electricity,3008,0.69,4,0.5714285714285711,0.9615795586771548,0,4,2651,1,907,197,164,0.3080507851631509,0.01234567901234569,0.08571428571428578,0.3080507851631509,0.3781605904263649,0.4074074074074079,1.2233606186634038,-2.534149843841321,1.7596622789832348,-1.2199335447094035,0.0606453741297639,0.01234567901234569,0.19822638636130346,0.18588070734895779,0.08571428571428578,0.17463656546414918,0.0889222797498634,0.3080507851631509,0.3877745983672686,0.0797238132041177,0.3781605904263649,0.4370723478944665,0.05891175746810157,0.4074074074074079,0.45549365327191926,0.04808624586451138,4.0,0.000988793671720501,6.0,0.0016479894528675016,532.0,0.17501647989452868,2926.0,0.9640738299274885,2876.0,0.9475939353988134,0.000988793671720501,WACC_0p1_WRT_0p9,0.41786420566908367,18,True,WACC_0p1_WRT_0p9,18.0,True,False,False,False,False,4.0,0.007853403141361256
IBDD,Electricity,445,0.72,39,0.6785714285714283,0.6035451845450552,0,32,2843,311,503,242,10,0.2691604210121032,0.3741012901014241,0.32402939330953806,0.2691604210121032,0.2615657011313083,0.2962962962962967,1.2233606186634038,-2.534149843841321,1.7596622789832348,-1.2199335447094035,0.0606453741297639,0.3741012901014241,0.43295783414861316,0.05885654404718904,0.32402939330953806,0.3717543677368912,0.04772497442735313,0.2691604210121032,0.33900112192683846,0.06984070091473527,0.2615657011313083,0.16915585054016843,0.09240985059113985,0.2962962962962967,0.20849566769779512,0.0878006285985016,689.0,0.2267633487145682,604.0,0.1987475280158207,176.0,0.05767963085036256,5.0,0.0013183915622940012,129.0,0.04218852999340804,0.0013183915622940012,WACC_0p7_WRT_0p3,0.10533948582729069,19,False,,,False,False,False,False,False,32.0,0.08115183246073299
IBDD,Electricity,286,0.74,30,0.7499999999999998,0.6474320576490926,0,18,301,1,1000,204,10,0.21601731808663274,0.3285889772527928,0.27487609543301617,0.21601731808663274,0.1838357749346038,0.22222222222222254,1.2233606186634038,-2.534149843841321,1.7596622789832348,-1.2199335447094035,0.0606453741297639,0.3285889772527928,0.3121001371154147,0.016488840137378113,0.27487609543301617,0.22421642391102078,0.05065967152199538,0.21601731808663274,0.27829128182773644,0.062273963741103694,0.1838357749346038,0.26850663391120744,0.08467085897660365,0.22222222222222254,0.3223655579214846,0.10014333569926204,107.0,0.03493737640079104,69.0,0.02241265655899802,5.0,0.0013183915622940012,1405.0,0.46275543836519445,2215.0,0.7297297297297297,0.0013183915622940012,WACC_0p5_WRT_0p5,0.25023071852340145,20,False,,,False,False,False,False,False,18.0,0.04450261780104712
IBDD,Electricity,319,0.73,70,0.7142857142857141,0.5047492957538864,0,62,2885,1609,792,193,1,0.3887934619488797,0.4765562858848585,0.4346807887556472,0.3887934619488797,0.22270073803295595,0.2592592592592596,1.2233606186634038,-2.534149843841321,1.7596622789832348,-1.2199335447094035,0.0606453741297639,0.4765562858848585,0.5210828035800332,0.04452651769517474,0.4346807887556472,0.4787750331819415,0.04409424442629428,0.3887934619488797,0.44889409456078794,0.060100632611908233,0.22270073803295595,0.20929980087155842,0.013400937161397536,0.2592592592592596,0.1864554927663077,0.07280376649295187,1845.0,0.6077785102175346,1605.0,0.5286750164798946,1216.0,0.4004614370468029,161.0,0.05273566249176005,5.0,0.0013183915622940012,0.0013183915622940012,WACC_0p9_WRT_0p1,0.31819380355965726,21,True,WACC_0p9_WRT_0p1,19.0,False,False,False,False,True,62.0,0.15968586387434555
IBDD,Electricity,1731,0.71,4,0.6428571428571426,0.9615795586771548,0,3,1452,3,744,225,193,0.22155713330854457,0.004115226337448561,0.051428571428571455,0.22155713330854457,0.3004306642296604,0.3333333333333337,1.2233606186634038,-2.534149843841321,1.7596622789832348,-1.2199335447094035,0.0606453741297639,0.004115226337448561,0.2018566997314559,0.19774147339400733,0.051428571428571455,0.17506464394838872,0.12363607251981726,0.22155713330854457,0.4142036317450662,0.19264649843652162,0.3004306642296604,0.4625750582446963,0.1621443940150359,0.3333333333333337,0.49194761183613167,0.15861427850279797,5.0,0.0013183915622940012,8.0,0.0023071852340145024,816.0,0.26862228081740275,2981.0,0.982201713909031,2967.0,0.977587343441002,0.0013183915622940012,WACC_0p1_WRT_0p9,0.44640738299274885,22,False,,,False,False,False,False,False,3.0,0.005235602094240838
IBDD,Electricity,1421,0.71,6,0.6428571428571426,0.9036463952595452,0,5,219,62,843,232,223,0.22155713330854457,0.06288521973084203,0.051428571428571455,0.22155713330854457,0.3004306642296604,0.3333333333333337,1.2233606186634038,-2.534149843841321,1.7596622789832348,-1.2199335447094035,0.0606453741297639,0.06288521973084203,0.20475507089062456,0.1418698511597825,0.051428571428571455,0.17162723057601795,0.12019865914744648,0.22155713330854457,0.45025754540934104,0.22870041210079647,0.3004306642296604,0.5109528757410263,0.2105222115113659,0.3333333333333337,0.5549394172305907,0.221606083897257,6.0,0.0016479894528675016,5.0,0.0013183915622940012,1235.0,0.4067237969676994,3031.0,0.998681608437706,3031.0,0.998681608437706,0.0013183915622940012,WACC_0p3_WRT_0p7,0.4814106789716546,23,True,WACC_0p3_WRT_0p7,20.0,False,True,False,False,False,5.0,0.010471204188481676
IBDD,Electricity,72,0.73,21,0.7142857142857141,0.706479646566833,0,13,2310,93,1000,250,8,0.14451593570476354,0.2673544405973583,0.2087427958451469,0.14451593570476354,0.22270073803295595,0.2592592592592596,1.2233606186634038,-2.534149843841321,1.7596622789832348,-1.2199335447094035,0.0606453741297639,0.2673544405973583,0.365588389327197,0.0982339487298387,0.2087427958451469,0.2916029873924619,0.08286019154731497,0.14451593570476354,0.2794921262099498,0.13497619050518625,0.22270073803295595,0.20902537430119864,0.013675363731757317,0.2592592592592596,0.265211554722556,0.005952295463296398,249.0,0.08174027686222808,216.0,0.07086354647330258,6.0,0.0016479894528675016,156.0,0.05108767303889255,1380.0,0.4545154911008569,0.0016479894528675016,WACC_0p5_WRT_0p5,0.13197099538562954,24,False,,,False,False,False,False,False,13.0,0.031413612565445025
IBDD,Electricity,2883,0.72,57,0.6785714285714283,0.5395700629986553,0,50,4641,449,585,229,3,0.3466286074775693,0.44044586059398705,0.395681529441506,0.3466286074775693,0.2615657011313083,0.2962962962962967,1.2233606186634038,-2.534149843841321,1.7596622789832348,-1.2199335447094035,0.0606453741297639,0.44044586059398705,0.5511069135651206,0.1106610529711336,0.395681529441506,0.5280565118080117,0.13237498236650574,0.3466286074775693,0.48439542747724196,0.13776681999967266,0.2615657011313083,0.17168494799795572,0.08988075313335256,0.2962962962962967,0.19224154477073718,0.10405475152555954,2216.0,0.7300593276203032,2169.0,0.7145682267633487,1717.0,0.5655899802241265,6.0,0.0016479894528675016,16.0,0.004943968358602505,0.0016479894528675016,WACC_0p7_WRT_0p3,0.4033618984838497,25,False,,,False,False,False,False,False,50.0,0.12827225130890052
IBDD,Electricity,252,0.74,37,0.7499999999999998,0.6123767684992667,0,25,2618,1,1000,250,10,0.2584661577420591,0.3649426104452048,0.31413801928082125,0.2584661577420591,0.1838357749346038,0.22222222222222254,1.2233606186634038,-2.534149843841321,1.7596622789832348,-1.2199335447094035,0.0606453741297639,0.3649426104452048,0.35647621880102986,0.008466391644174953,0.31413801928082125,0.2788166919941919,0.035321327286629345,0.2584661577420591,0.2825474848158944,0.024081327073835312,0.1838357749346038,0.19624298777839527,0.012407212843791482,0.22222222222222254,0.2526869118044148,0.030464689582192284,217.0,0.07119314436387607,177.0,0.05800922874093606,7.0,0.001977587343441002,74.0,0.024060646011865524,1084.0,0.35695451549110085,0.001977587343441002,WACC_0p5_WRT_0p5,0.10243902439024391,26,False,,,False,False,False,False,False,25.0,0.06282722513089005
IBDD,Electricity,911,0.73,47,0.7142857142857141,0.5721533982557516,0,39,1476,348,637,189,3,0.30717308429372037,0.40665573514218345,0.35918819395355817,0.30717308429372037,0.22270073803295595,0.2592592592592596,1.2233606186634038,-2.534149843841321,1.7596622789832348,-1.2199335447094035,0.0606453741297639,0.40665573514218345,0.5027830930704641,0.09612735792828064,0.35918819395355817,0.451609777470582,0.09242158351702384,0.30717308429372037,0.4102140087609518,0.10304092446723145,0.22270073803295595,0.1728590678266329,0.04984167020632305,0.2592592592592596,0.1992616497404744,0.05999760951878519,1563.0,0.5148319050758076,1257.0,0.4139749505603164,770.0,0.2534607778510218,7.0,0.001977587343441002,42.0,0.013513513513513514,0.001977587343441002,WACC_0p7_WRT_0p3,0.2395517468688201,27,False,,,False,False,False,False,False,39.0,0.09947643979057591
IBDD,Electricity,592,0.73,75,0.7142857142857141,0.4930319771219003,0,67,3455,1432,468,208,3,0.4029820934468227,0.48870757928099223,0.44780418562347163,0.4029820934468227,0.22270073803295595,0.2592592592592596,1.2233606186634038,-2.534149843841321,1.7596622789832348,-1.2199335447094035,0.0606453741297639,0.48870757928099223,0.5364490364377764,0.047741457156784184,0.44780418562347163,0.5058956326095586,0.05809144698608698,0.4029820934468227,0.4670702911150436,0.06408819766822094,0.22270073803295595,0.19120394869448779,0.03149678933846817,0.2592592592592596,0.18844963673146758,0.070809622527792,2054.0,0.6766644693473962,1946.0,0.6410678971654581,1454.0,0.478905735003296,53.0,0.017139090309822018,7.0,0.001977587343441002,0.001977587343441002,WACC_0p9_WRT_0p1,0.3631509558338827,28,False,,,False,False,False,False,False,67.0,0.17277486910994763
IBDD,Electricity,1191,0.7,7,0.6071428571428569,0.8806552086226336,0,7,94,96,721,162,140,0.26480395923584765,0.08672793179875032,0.0685714285714286,0.26480395923584765,0.33929562732801266,0.37037037037037074,1.2233606186634038,-2.534149843841321,1.7596622789832348,-1.2199335447094035,0.0606453741297639,0.08672793179875032,0.20557061395145407,0.11884268215270374,0.0685714285714286,0.17551055676366176,0.10693912819223315,0.26480395923584765,0.39431606039780237,0.12951210116195472,0.33929562732801266,0.4346615589161783,0.09536593158816564,0.37037037037037074,0.4870683496191427,0.11669797924877195,7.0,0.001977587343441002,9.0,0.0026367831245880024,614.0,0.2020435069215557,2920.0,0.9620962425840475,2954.0,0.9733025708635464,0.001977587343441002,WACC_0p1_WRT_0p9,0.42841133816743576,29,False,,,False,False,False,False,False,7.0,0.015706806282722512
IBDD,Electricity,2230,0.71,9,0.6428571428571426,0.8422347672997882,0,8,2243,219,531,218,215,0.22155713330854457,0.12657135242984924,0.05669706062423713,0.22155713330854457,0.3004306642296604,0.3333333333333337,1.2233606186634038,-2.534149843841321,1.7596622789832348,-1.2199335447094035,0.0606453741297639,0.12657135242984924,0.2169422148661891,0.09037086243633985,0.05669706062423713,0.17486358855621661,0.11816652793197949,0.22155713330854457,0.408028331563877,0.18647119825533245,0.3004306642296604,0.4757884880598017,0.17535782383014126,0.3333333333333337,0.5076075337194174,0.17427420038608366,12.0,0.0036255767963085037,7.0,0.001977587343441002,749.0,0.24653922214897825,3008.0,0.9911008569545154,2992.0,0.9858272907053395,0.001977587343441002,WACC_0p3_WRT_0p7,0.44581410678971656,30,False,,,False,False,False,False,False,8.0,0.01832460732984293
IBDD,Electricity,1999,0.7,12,0.6071428571428569,0.7970613765886635,0,12,726,189,638,171,79,0.26480395923584765,0.17341783168583041,0.10729125822069678,0.26480395923584765,0.33929562732801266,0.37037037037037074,1.2233606186634038,-2.534149843841321,1.7596622789832348,-1.2199335447094035,0.0606453741297639,0.17341783168583041,0.3156972082166589,0.1422793765308285,0.10729125822069678,0.2438121042574504,0.13652084603675363,0.26480395923584765,0.2826106801437898,0.017806720907942164,0.33929562732801266,0.2705328592391938,0.06876276808881887,0.37037037037037074,0.3179243406355566,0.05244602973481416,115.0,0.037574159525379035,108.0,0.035266974291364536,8.0,0.0023071852340145024,1447.0,0.47659854976928145,2184.0,0.7195121951219512,0.0023071852340145024,WACC_0p5_WRT_0p5,0.25425181278839815,31,False,,,False,False,False,False,False,12.0,0.028795811518324606
IBDD,Electricity,871,0.74,64,0.7499999999999998,0.5199513525110855,0,51,3863,777,755,218,5,0.3703851222840437,0.4607911899885039,0.41765448518758413,0.3703851222840437,0.1838357749346038,0.22222222222222254,1.2233606186634038,-2.534149843841321,1.7596622789832348,-1.2199335447094035,0.0606453741297639,0.4607911899885039,0.5244878536715891,0.06369666368308524,0.41765448518758413,0.49195105493123853,0.0742965697436544,0.3703851222840437,0.45104710268609094,0.08066198040204725,0.1838357749346038,0.1734209474697942,0.010414827464809595,0.22222222222222254,0.18950258669406891,0.03271963552815363,1889.0,0.6222808174027686,1771.0,0.5833882663150955,1240.0,0.40837178642056693,8.0,0.0023071852340145024,10.0,0.002966381015161503,0.0023071852340145024,WACC_0p7_WRT_0p3,0.3238628872775214,32,False,,,False,False,False,False,False,51.0,0.13089005235602094
IBDD,Electricity,402,0.73,68,0.7142857142857141,0.5096690058370015,0,60,4063,666,522,185,3,0.38283613027271596,0.47145436431718357,0.4291707134625583,0.38283613027271596,0.22270073803295595,0.2592592592592596,1.2233606186634038,-2.534149843841321,1.7596622789832348,-1.2199335447094035,0.0606453741297639,0.47145436431718357,0.5501223753744899,0.07866801105730636,0.4291707134625583,0.5322855868910898,0.10311487342853154,0.38283613027271596,0.4930918286733945,0.11025569840067856,0.22270073803295595,0.18400301717569562,0.03869772085726034,0.2592592592592596,0.18875939240563497,0.07049986685362461,2204.0,0.7261041529334212,2205.0,0.7264337508239948,1845.0,0.6077785102175346,31.0,0.00988793671720501,8.0,0.0023071852340145024,0.0023071852340145024,WACC_0p9_WRT_0p1,0.414502307185234,33,False,,,False,False,False,False,False,60.0,0.1544502617801047
IBDD,Electricity,296,0.71,4,0.6428571428571426,0.9615795586771548,0,3,1,1,1000,199,10,0.22155713330854457,0.004115226337448561,0.051428571428571455,0.22155713330854457,0.3004306642296604,0.3333333333333337,1.2233606186634038,-2.534149843841321,1.7596622789832348,-1.2199335447094035,0.0606453741297639,0.004115226337448561,0.20658053646023108,0.20246531012278252,0.051428571428571455,0.18353244683739972,0.13210387540882826,0.22155713330854457,0.41179373071787784,0.19023659740933327,0.3004306642296604,0.4456933888720214,0.145262724642361,0.3333333333333337,0.5310601232534832,0.19772678992014947,8.0,0.0023071852340145024,12.0,0.0036255767963085037,790.0,0.26005273566249176,2942.0,0.9693473961766644,3019.0,0.994726433750824,0.0023071852340145024,WACC_0p1_WRT_0p9,0.44601186552406064,34,False,,,False,False,False,False,False,3.0,0.005235602094240838
IBDD,Electricity,730,0.72,45,0.6785714285714283,0.5794812334491506,0,38,2410,1325,554,229,3,0.29829972712879943,0.3990564986453253,0.35098101853695124,0.29829972712879943,0.2615657011313083,0.2962962962962967,1.2233606186634038,-2.534149843841321,1.7596622789832348,-1.2199335447094035,0.0606453741297639,0.3990564986453253,0.45636223585821767,0.057305737212892394,0.35098101853695124,0.42296217662922697,0.07198115809227573,0.29829972712879943,0.3939864860158124,0.09568675888701295,0.2615657011313083,0.17376048005391914,0.08780522107738914,0.2962962962962967,0.2056461259931207,0.09065017030317601,924.0,0.3042188529993408,977.0,0.3216875411997363,607.0,0.1997363216875412,9.0,0.0026367831245880024,92.0,0.02999340804218853,0.0026367831245880024,WACC_0p7_WRT_0p3,0.17165458141067896,35,False,,,False,False,False,False,False,38.0,0.0968586387434555
IBDD,Electricity,284,0.75,18,0.7857142857142856,0.7317215598766331,0,5,225,1,1000,192,10,0.11395022203729556,0.2411776416094175,0.1804718529381708,0.11395022203729556,0.14497081183625146,0.18518518518518542,1.2233606186634038,-2.534149843841321,1.7596622789832348,-1.2199335447094035,0.0606453741297639,0.2411776416094175,0.2924291445121122,0.05125150290269473,0.1804718529381708,0.20504750998922822,0.02457565705105741,0.11395022203729556,0.2859784685865343,0.17202824654923876,0.14497081183625146,0.2770129243682096,0.13204211253195816,0.18518518518518542,0.3448630612129238,0.1596778760277384,60.0,0.01944627554383652,38.0,0.012195121951219513,9.0,0.0026367831245880024,1585.0,0.5220830586684245,2374.0,0.7821357943309163,0.0026367831245880024,WACC_0p5_WRT_0p5,0.26769940672379694,36,False,,,False,False,False,False,False,5.0,0.010471204188481676
IBDD,Electricity,106,0.74,96,0.7499999999999998,0.4510243614951085,0,83,690,902,378,130,2,0.45384958258454444,0.5322710325235911,0.4948527151254784,0.45384958258454444,0.1838357749346038,0.22222222222222254,1.2233606186634038,-2.534149843841321,1.7596622789832348,-1.2199335447094035,0.0606453741297639,0.5322710325235911,0.522313670691797,0.009957361831794076,0.4948527151254784,0.4736851460353761,0.02116756909010231,0.45384958258454444,0.43159423617312,0.02225534641142446,0.1838357749346038,0.2190753647266279,0.0352395897920241,0.22222222222222254,0.18883052445068269,0.03339169777153986,1862.0,0.6133816743572841,1531.0,0.5042847725774555,1001.0,0.3295978905735003,273.0,0.08965062623599208,9.0,0.0026367831245880024,0.0026367831245880024,WACC_0p9_WRT_0p1,0.30791034937376405,37,False,,,False,False,False,False,False,83.0,0.21465968586387435
IBDD,Electricity,44,0.71,5,0.6428571428571426,0.930187772387851,0,4,1,1,138,220,10,0.22155713330854457,0.03536082863482116,0.051428571428571455,0.22155713330854457,0.3004306642296604,0.3333333333333337,1.2233606186634038,-2.534149843841321,1.7596622789832348,-1.2199335447094035,0.0606453741297639,0.03536082863482116,0.20780971755246008,0.17244888891763893,0.051428571428571455,0.21647912679576606,0.1650505553671946,0.22155713330854457,0.40880774899874095,0.18725061569019638,0.3004306642296604,0.45686821221192825,0.15643754798226783,0.3333333333333337,0.5298901266476403,0.19655679331430664,9.0,0.0026367831245880024,52.0,0.016809492419248517,759.0,0.24983520105471324,2972.0,0.9792353328938694,3017.0,0.994067237969677,0.0026367831245880024,WACC_0p1_WRT_0p9,0.4485168094924193,38,False,,,False,False,False,False,False,4.0,0.007853403141361256
IBDD,Electricity,1392,0.73,21,0.7142857142857141,0.706479646566833,0,13,564,413,188,172,63,0.14451593570476354,0.2673544405973583,0.2087427958451469,0.14451593570476354,0.22270073803295595,0.2592592592592596,1.2233606186634038,-2.534149843841321,1.7596622789832348,-1.2199335447094035,0.0606453741297639,0.2673544405973583,0.33011218542606263,0.06275774482870433,0.2087427958451469,0.26897411564703694,0.06023131980189003,0.14451593570476354,0.28703072239596955,0.142514786691206,0.22270073803295595,0.25357305087040627,0.030872312837450316,0.2592592592592596,0.29388845047661005,0.034629191217350475,141.0,0.04614370468029005,158.0,0.05174686882003955,10.0,0.002966381015161503,1065.0,0.35069215557020433,1921.0,0.6328279499011207,0.002966381015161503,WACC_0p5_WRT_0p5,0.2168754119973632,39,False,,,False,False,False,False,False,13.0,0.031413612565445025
IBDD,Electricity,1845,0.71,11,0.6428571428571426,0.8108429810104846,0,10,879,267,710,202,183,0.22155713330854457,0.15912579747060857,0.09185586126825715,0.22155713330854457,0.3004306642296604,0.3333333333333337,1.2233606186634038,-2.534149843841321,1.7596622789832348,-1.2199335447094035,0.0606453741297639,0.15912579747060857,0.23823205036407766,0.07910625289346909,0.09185586126825715,0.17605915660288599,0.08420329533462884,0.22155713330854457,0.3927057628298725,0.17114862952132795,0.3004306642296604,0.45052935181481163,0.1500986875851512,0.3333333333333337,0.4780453952246912,0.1447120618913575,20.0,0.006262359920896506,10.0,0.002966381015161503,596.0,0.1961107448912327,2954.0,0.9733025708635464,2938.0,0.9680290046143705,0.002966381015161503,WACC_0p3_WRT_0p7,0.4293342122610415,40,False,,,False,False,False,False,False,10.0,0.02356020942408377
IBDD,Electricity,287,0.71,3,0.6428571428571426,1.0,0,2,1,1,1000,172,10,0.22155713330854457,0.004115226337448561,0.051428571428571455,0.22155713330854457,0.3004306642296604,0.3333333333333337,1.2233606186634038,-2.534149843841321,1.7596622789832348,-1.2199335447094035,0.0606453741297639,0.004115226337448561,0.2094894481453711,0.20537422180792253,0.051428571428571455,0.18937514106764192,0.13794656963907045,0.22155713330854457,0.4176199639054009,0.19606283059685634,0.3004306642296604,0.4517636585897907,0.15133299436013026,0.3333333333333337,0.5468738363714586,0.21354050303812488,10.0,0.002966381015161503,20.0,0.006262359920896506,847.0,0.27883981542518127,2961.0,0.975609756097561,3027.0,0.997363216875412,0.002966381015161503,WACC_0p1_WRT_0p9,0.4522083058668424,41,False,,,False,False,False,False,False,2.0,0.002617801047120419
IBDD,Electricity,853,0.74,41,0.7499999999999998,0.5951445848926633,0,29,1040,433,793,242,7,0.279332800595958,0.38281302307427506,0.33343806492021705,0.279332800595958,0.1838357749346038,0.22222222222222254,1.2233606186634038,-2.534149843841321,1.7596622789832348,-1.2199335447094035,0.0606453741297639,0.38281302307427506,0.439436785486449,0.05662376241217393,0.33343806492021705,0.38171462451865623,0.048276559598439184,0.279332800595958,0.3488762814031541,0.06954348080719608,0.1838357749346038,0.17432429366179386,0.00951148127280993,0.22222222222222254,0.2193434147644223,0.002878807457800253,746.0,0.24555042847725775,665.0,0.2188529993408042,234.0,0.07679630850362558,11.0,0.0032959789057350032,296.0,0.0972313777191826,0.0032959789057350032,WACC_0p7_WRT_0p3,0.12834541858932103,42,False,,,False,False,False,False,False,29.0,0.07329842931937172
IBDD,Electricity,1659,0.74,31,0.7499999999999998,0.6419656258679005,0,19,1972,325,663,204,68,0.22263668114980414,0.3342578694703253,0.2809984990279513,0.22263668114980414,0.1838357749346038,0.22222222222222254,1.2233606186634038,-2.534149843841321,1.7596622789832348,-1.2199335447094035,0.0606453741297639,0.3342578694703253,0.33801462753156114,0.003756758061235821,0.2809984990279513,0.27943340985411325,0.0015650891738380746,0.22263668114980414,0.2879909995274579,0.06535431837765374,0.1838357749346038,0.2479091406126562,0.06407336567805241,0.22222222222222254,0.29283039997269805,0.07060817775047551,165.0,0.05405405405405406,178.0,0.058338826631509556,11.0,0.0032959789057350032,908.0,0.2989452867501648,1903.0,0.6268951878707977,0.0032959789057350032,WACC_0p5_WRT_0p5,0.20830586684245223,43,False,,,False,False,False,False,False,19.0,0.04712041884816754
IBDD,Electricity,1979,0.71,14,0.6428571428571426,0.7724225396876393,0,13,203,405,387,210,143,0.22155713330854457,0.19896921810170737,0.1348867555498439,0.22155713330854457,0.3004306642296604,0.3333333333333337,1.2233606186634038,-2.534149843841321,1.7596622789832348,-1.2199335447094035,0.0606453741297639,0.19896921810170737,0.2700782607823313,0.07110904268062396,0.1348867555498439,0.18329773291103707,0.04841097736119318,0.22155713330854457,0.34205412260120827,0.1204969892926637,0.3004306642296604,0.3815599949322389,0.0811293307025785,0.3333333333333337,0.43830982268962365,0.10497648935628995,39.0,0.012524719841793012,11.0,0.0032959789057350032,195.0,0.06394199077125906,2752.0,0.9067237969676994,2825.0,0.930784442979565,0.0032959789057350032,WACC_0p3_WRT_0p7,0.3834541858932103,44,False,,,False,False,False,False,False,13.0,0.031413612565445025
IBDD,Electricity,434,0.73,131,0.7142857142857141,0.3979778361999513,0,123,3783,1252,691,204,3,0.5180842102582068,0.5872822439407912,0.5542648234560545,0.5180842102582068,0.22270073803295595,0.2592592592592596,1.2233606186634038,-2.534149843841321,1.7596622789832348,-1.2199335447094035,0.0606453741297639,0.5872822439407912,0.5447791058393051,0.04250313810148609,0.5542648234560545,0.5262868662060215,0.027977957250033048,0.5180842102582068,0.47930084244881177,0.038783367809395064,0.22270073803295595,0.18011714811846918,0.04258358991448677,0.2592592592592596,0.189641171324003,0.06961808793525659,2144.0,0.7063282794990112,2155.0,0.7099538562953197,1637.0,0.5392221489782465,22.0,0.006921555702043507,11.0,0.0032959789057350032,0.0032959789057350032,WACC_0p9_WRT_0p1,0.39314436387607116,45,False,,,False,False,False,False,False,123.0,0.3193717277486911
IBDD,Electricity,2296,0.71,6,0.6428571428571426,0.9036463952595452,0,5,3431,97,238,234,204,0.22155713330854457,0.06288521973084203,0.051428571428571455,0.22155713330854457,0.3004306642296604,0.3333333333333337,1.2233606186634038,-2.534149843841321,1.7596622789832348,-1.2199335447094035,0.0606453741297639,0.06288521973084203,0.2157527231249302,0.15286750339408817,0.051428571428571455,0.1890406026995185,0.13761203127094704,0.22155713330854457,0.398144521054584,0.1765873877460394,0.3004306642296604,0.42964188829037453,0.1292112240607141,0.3333333333333337,0.45396962459021056,0.12063629125687686,11.0,0.0032959789057350032,19.0,0.005932762030323006,652.0,0.21456822676334872,2909.0,0.958470665787739,2868.0,0.9449571522742255,0.0032959789057350032,WACC_0p1_WRT_0p9,0.4254449571522743,46,False,,,False,False,False,False,False,5.0,0.010471204188481676
IBDD,Electricity,1065,0.72,19,0.6785714285714283,0.7228899759224219,0,12,438,259,469,221,7,0.17831030738124148,0.25033632126563654,0.19036322696688743,0.17831030738124148,0.2615657011313083,0.2962962962962967,1.2233606186634038,-2.534149843841321,1.7596622789832348,-1.2199335447094035,0.0606453741297639,0.25033632126563654,0.4100962372063589,0.15975991594072236,0.19036322696688743,0.31912309957370855,0.12875987260682112,0.17831030738124148,0.28805468375342436,0.10974437637218287,0.2615657011313083,0.1797944113225694,0.08177128980873888,0.2962962962962967,0.23179387990138495,0.06450241639491178,505.0,0.16611733684904417,326.0,0.10711931443638761,12.0,0.0036255767963085037,21.0,0.0065919578114700065,535.0,0.17600527356624918,0.0036255767963085037,WACC_0p5_WRT_0p5,0.09189189189189188,47,False,,,False,False,False,False,False,12.0,0.028795811518324606
IBDD,Electricity,84,0.72,26,0.6785714285714283,0.6712185257861867,0,19,2754,205,1000,250,1,0.1872140191720258,0.3039215288143248,0.24823525111947084,0.1872140191720258,0.2615657011313083,0.2962962962962967,1.2233606186634038,-2.534149843841321,1.7596622789832348,-1.2199335447094035,0.0606453741297639,0.3039215288143248,0.4611009499705459,0.15717942115622108,0.24823525111947084,0.38713508629469046,0.13889983517521962,0.1872140191720258,0.33477376192222685,0.14755974275020106,0.2615657011313083,0.1743874380225327,0.08717826310877558,0.2962962962962967,0.2081539927102233,0.08814230358607342,970.0,0.31938035596572184,702.0,0.23104812129202373,151.0,0.049439683586025046,12.0,0.0036255767963085037,119.0,0.03889255108767304,0.0036255767963085037,WACC_0p7_WRT_0p3,0.12847725774555044,48,False,,,False,False,False,False,False,19.0,0.04712041884816754
IBDD,Electricity,1075,0.72,110,0.6785714285714283,0.427811438654111,0,103,4373,1759,781,230,4,0.4819583691188635,0.5563436932475886,0.5208511887073957,0.4819583691188635,0.2615657011313083,0.2962962962962967,1.2233606186634038,-2.534149843841321,1.7596622789832348,-1.2199335447094035,0.0606453741297639,0.5563436932475886,0.555387139974745,0.0009565532728436077,0.5208511887073957,0.5174995138198734,0.0033516748875223046,0.4819583691188635,0.49499038447080657,0.013032015351943038,0.2615657011313083,0.20667152930066945,0.05489417183063883,0.2962962962962967,0.1897331285896219,0.10656316770667482,2255.0,0.7429136453526698,2070.0,0.6819380355965722,1873.0,0.6170072511535926,138.0,0.04515491100856955,12.0,0.0036255767963085037,0.0036255767963085037,WACC_0p9_WRT_0p1,0.4181278839815425,49,False,,,False,False,False,False,False,103.0,0.2670157068062827
IBDD,Electricity,1024,0.72,32,0.6785714285714283,0.636667418954684,0,25,2501,533,348,244,3,0.22905233884867993,0.3397523062692165,0.2869324907707538,0.22905233884867993,0.2615657011313083,0.2962962962962967,1.2233606186634038,-2.534149843841321,1.7596622789832348,-1.2199335447094035,0.0606453741297639,0.3397523062692165,0.43554387946915946,0.09579157319994297,0.2869324907707538,0.373677880323324,0.08674538955257022,0.22905233884867993,0.3422058187739327,0.11315347992525276,0.2615657011313083,0.1777548839367587,0.08381081719454958,0.2962962962962967,0.2089832836160441,0.08731301268025263,712.0,0.23434410019775873,616.0,0.20270270270270271,196.0,0.06427158866183257,13.0,0.003955174686882004,134.0,0.04383651944627554,0.003955174686882004,WACC_0p7_WRT_0p3,0.1098220171390903,50,False,,,False,False,False,False,False,25.0,0.06282722513089005
IBDD,Electricity,1553,0.73,24,0.7142857142857141,0.6844695345995766,0,16,1323,188,493,197,106,0.17116822516963848,0.29017974189673534,0.2333941212484741,0.17116822516963848,0.22270073803295595,0.2592592592592596,1.2233606186634038,-2.534149843841321,1.7596622789832348,-1.2199335447094035,0.0606453741297639,0.29017974189673534,0.29269927833537607,0.0025195364386407237,0.2333941212484741,0.22234061251197734,0.01105350873649677,0.17116822516963848,0.2886223968127108,0.11745417164307231,0.22270073803295595,0.2813166012723533,0.05861586323939735,0.2592592592592596,0.3267575561114557,0.0674982968521961,61.0,0.01977587343441002,65.0,0.02109426499670402,13.0,0.003955174686882004,1671.0,0.5504284772577456,2243.0,0.7389584706657878,0.003955174686882004,WACC_0p5_WRT_0p5,0.2668424522083059,51,False,,,False,False,False,False,False,16.0,0.03926701570680628
IBDD,Electricity,1297,0.73,84,0.7142857142857141,0.4737621586253954,0,76,3401,1888,633,222,5,0.4263161310595567,0.5086910947588492,0.4693863823395571,0.4263161310595567,0.22270073803295595,0.2592592592592596,1.2233606186634038,-2.534149843841321,1.7596622789832348,-1.2199335447094035,0.0606453741297639,0.5086910947588492,0.5280613170879749,0.019370222329125664,0.4693863823395571,0.4905743365838986,0.0211879542443415,0.4263161310595567,0.4748526316873471,0.04853650062779041,0.22270073803295595,0.20911600289557308,0.01358473513738287,0.2592592592592596,0.190615681274472,0.06864357798478757,1944.0,0.6404087013843112,1751.0,0.5767963085036256,1562.0,0.514502307185234,159.0,0.05207646671061305,13.0,0.003955174686882004,0.003955174686882004,WACC_0p9_WRT_0p1,0.3575477916941332,52,False,,,False,False,False,False,False,76.0,0.19633507853403143
IBDD,Electricity,3011,0.69,13,0.5714285714285711,0.7843016038821788,0,14,1773,310,364,244,170,0.3080507851631509,0.18665018856662932,0.12158220365195957,0.3080507851631509,0.3781605904263649,0.4074074074074079,1.2233606186634038,-2.534149843841321,1.7596622789832348,-1.2199335447094035,0.0606453741297639,0.18665018856662932,0.2608763301391569,0.07422614157252758,0.12158220365195957,0.18385469601486354,0.06227249236290397,0.3080507851631509,0.3316629983631762,0.023612213200025323,0.3781605904263649,0.39315119482516775,0.014990604398802843,0.4074074074074079,0.44278276863914035,0.03537536123173246,32.0,0.01021753460777851,13.0,0.003955174686882004,135.0,0.044166117336849046,2804.0,0.9238628872775214,2841.0,0.9360580092287409,0.003955174686882004,WACC_0p3_WRT_0p7,0.38365194462755436,53,False,,,False,False,False,False,False,14.0,0.034031413612565446
IBDD,Electricity,885,0.72,56,0.6785714285714283,0.5425645408871178,0,49,1121,813,708,180,1,0.34300256088597536,0.43734047611706295,0.392327714206428,0.34300256088597536,0.2615657011313083,0.2962962962962967,1.2233606186634038,-2.534149843841321,1.7596622789832348,-1.2199335447094035,0.0606453741297639,0.43734047611706295,0.5035188327748904,0.06617835665782745,0.392327714206428,0.4653273405049606,0.07299962629853263,0.34300256088597536,0.41520494623656795,0.07220238535059259,0.2615657011313083,0.17809921621086702,0.08346648492044126,0.2962962962962967,0.2011750845410695,0.09512121175522723,1574.0,0.518457481872116,1433.0,0.47198417930125247,821.0,0.2702702702702703,14.0,0.0042847725774555045,53.0,0.017139090309822018,0.0042847725774555045,WACC_0p7_WRT_0p3,0.2564271588661833,54,False,,,False,False,False,False,False,49.0,0.1256544502617801
IBDD,Electricity,1811,0.74,13,0.7499999999999998,0.7843016038821788,0,5,2287,175,996,240,92,0.09181665552663519,0.18665018856662932,0.12158220365195957,0.09181665552663519,0.1838357749346038,0.22222222222222254,1.2233606186634038,-2.534149843841321,1.7596622789832348,-1.2199335447094035,0.0606453741297639,0.18665018856662932,0.31667923829223765,0.13002904972560833,0.12158220365195957,0.2342615963134744,0.11267939266151483,0.09181665552663519,0.28869818862500457,0.19688153309836937,0.1838357749346038,0.26894940452122845,0.08511362958662466,0.22222222222222254,0.3334070869087851,0.11118486468656258,117.0,0.03823335530652604,88.0,0.028675016479894528,14.0,0.0042847725774555045,1413.0,0.4653922214897825,2289.0,0.7541199736321688,0.0042847725774555045,WACC_0p5_WRT_0p5,0.2581410678971655,55,False,,,False,False,False,False,False,5.0,0.010471204188481676
IBDD,Electricity,2749,0.71,12,0.6428571428571426,0.7970613765886635,0,11,670,320,726,237,224,0.22155713330854457,0.17341783168583041,0.10729125822069678,0.22155713330854457,0.3004306642296604,0.3333333333333337,1.2233606186634038,-2.534149843841321,1.7596622789832348,-1.2199335447094035,0.0606453741297639,0.17341783168583041,0.2552490546071354,0.08183122292130496,0.10729125822069678,0.18426008541245606,0.07696882719175928,0.22155713330854457,0.43489337096181563,0.21333623765327106,0.3004306642296604,0.4697898605688015,0.1693591963391411,0.3333333333333337,0.5236321536887554,0.19029882035542167,28.0,0.008899143045484509,14.0,0.0042847725774555045,1048.0,0.34508899143045485,2996.0,0.9871456822676334,3011.0,0.992089650626236,0.0042847725774555045,WACC_0p3_WRT_0p7,0.4675016479894529,56,False,,,False,False,False,False,False,11.0,0.02617801047120419
IBDD,Electricity,2119,0.73,57,0.7142857142857141,0.5395700629986553,0,49,1578,664,401,226,2,0.3466286074775693,0.44044586059398705,0.395681529441506,0.3466286074775693,0.22270073803295595,0.2592592592592596,1.2233606186634038,-2.534149843841321,1.7596622789832348,-1.2199335447094035,0.0606453741297639,0.44044586059398705,0.4727619145266762,0.03231605393268916,0.395681529441506,0.42182160025762416,0.02614007081611819,0.3466286074775693,0.3943837767328648,0.04775516925529549,0.22270073803295595,0.17857884909132168,0.04412188894163427,0.2592592592592596,0.19664008071882247,0.06261917854043711,1116.0,0.36750164798945284,966.0,0.3180619644034278,615.0,0.2023731048121292,15.0,0.004614370468029005,27.0,0.008569545154911009,0.004614370468029005,WACC_0p7_WRT_0p3,0.18022412656559,57,False,,,False,False,False,False,False,49.0,0.1256544502617801
IBDD,Electricity,1711,0.73,13,0.7142857142857141,0.7843016038821788,0,6,357,106,959,217,35,0.13506348145393826,0.18665018856662932,0.12158220365195957,0.13506348145393826,0.22270073803295595,0.2592592592592596,1.2233606186634038,-2.534149843841321,1.7596622789832348,-1.2199335447094035,0.0606453741297639,0.18665018856662932,0.32836011101578744,0.14170992244915812,0.12158220365195957,0.2626642201502136,0.14108201649825405,0.13506348145393826,0.2894972622720487,0.15443378081811043,0.22270073803295595,0.24848620492193205,0.025785466888976094,0.2592592592592596,0.2843378170555146,0.025078557796255008,138.0,0.04515491100856955,138.0,0.04515491100856955,15.0,0.004614370468029005,920.0,0.3029004614370468,1779.0,0.5860250494396836,0.004614370468029005,WACC_0p5_WRT_0p5,0.19676994067237968,58,False,,,False,False,False,False,False,6.0,0.013089005235602094
IBDD,Electricity,549,0.72,65,0.6785714285714283,0.5173226275773177,0,58,4827,791,643,195,10,0.3735682745534433,0.46351727510500373,0.42059865711340405,0.3735682745534433,0.2615657011313083,0.2962962962962967,1.2233606186634038,-2.534149843841321,1.7596622789832348,-1.2199335447094035,0.0606453741297639,0.46351727510500373,0.5246147573833355,0.06109748227833178,0.42059865711340405,0.5037519414125865,0.08315328429918245,0.3735682745534433,0.4727872264704638,0.09921895191702046,0.2615657011313083,0.20906429693204193,0.052501404199266355,0.2962962962962967,0.19123533738994425,0.10506095890635248,1897.0,0.6249176005273567,1916.0,0.6311799604482531,1535.0,0.5056031641397495,158.0,0.05174686882003955,15.0,0.004614370468029005,0.004614370468029005,WACC_0p9_WRT_0p1,0.36361239288068553,59,False,,,False,False,False,False,False,58.0,0.14921465968586387
IBDD,Electricity,3005,0.68,11,0.5357142857142857,0.8108429810104846,0,12,542,252,210,238,137,0.35129761109045354,0.15912579747060857,0.10285714285714277,0.35129761109045354,0.4170255535247168,0.44444444444444453,1.2233606186634038,-2.534149843841321,1.7596622789832348,-1.2199335447094035,0.0606453741297639,0.15912579747060857,0.25150549952684054,0.09237970205623197,0.10285714285714277,0.18469237386318066,0.08183523100603789,0.35129761109045354,0.32965703738563307,0.021640573704820476,0.4170255535247168,0.3779560657845257,0.039069487740191144,0.44444444444444453,0.423504880187747,0.020939564256697518,24.0,0.007580751483190508,15.0,0.004614370468029005,127.0,0.04152933421226104,2738.0,0.9021094264996704,2781.0,0.9162821357943309,0.004614370468029005,WACC_0p3_WRT_0p7,0.3744232036914964,60,False,,,False,False,False,False,False,12.0,0.028795811518324606
IBDD,Electricity,2208,0.73,22,0.7142857142857141,0.698826024826517,0,14,2520,397,173,212,80,0.1537837914240359,0.2752915298095379,0.21731485219430086,0.1537837914240359,0.22270073803295595,0.2592592592592596,1.2233606186634038,-2.534149843841321,1.7596622789832348,-1.2199335447094035,0.0606453741297639,0.2752915298095379,0.3216878000091669,0.046396270199629,0.21731485219430086,0.25762723054617676,0.0403123783518759,0.1537837914240359,0.2905373172271401,0.1367535258031042,0.22270073803295595,0.2529216511291778,0.030220913096221852,0.2592592592592596,0.300708965096514,0.041449705837254436,124.0,0.04054054054054054,129.0,0.04218852999340804,16.0,0.004943968358602505,1045.0,0.34410019775873435,2011.0,0.6624917600527357,0.004943968358602505,WACC_0p5_WRT_0p5,0.2188529993408042,61,False,,,False,False,False,False,False,14.0,0.034031413612565446
IBDD,Electricity,2926,0.69,7,0.5714285714285711,0.8806552086226336,0,8,253,18,684,196,99,0.3080507851631509,0.08672793179875032,0.08571428571428578,0.3080507851631509,0.3781605904263649,0.4074074074074079,1.2233606186634038,-2.534149843841321,1.7596622789832348,-1.2199335447094035,0.0606453741297639,0.08672793179875032,0.23399173820240757,0.14726380640365724,0.08571428571428578,0.18677239911251559,0.1010581133982298,0.3080507851631509,0.32101131587749643,0.012960530714345553,0.3781605904263649,0.3646561162993418,0.013504474127023103,0.4074074074074079,0.399623392640626,0.007784014766781866,16.0,0.004943968358602505,17.0,0.005273566249176005,92.0,0.02999340804218853,2639.0,0.8694792353328938,2695.0,0.8879367172050099,0.004943968358602505,WACC_0p1_WRT_0p9,0.35952537903757414,62,False,,,False,False,False,False,False,8.0,0.01832460732984293
IBDD,Electricity,1568,0.73,57,0.7142857142857141,0.5395700629986553,0,49,4540,386,599,240,2,0.3466286074775693,0.44044586059398705,0.395681529441506,0.3466286074775693,0.22270073803295595,0.2592592592592596,1.2233606186634038,-2.534149843841321,1.7596622789832348,-1.2199335447094035,0.0606453741297639,0.44044586059398705,0.5619667541655085,0.1215208935715214,0.395681529441506,0.5215486553028768,0.12586712586137078,0.3466286074775693,0.4790410628769454,0.13241245539937613,0.22270073803295595,0.17869526997412125,0.04400546805883471,0.2592592592592596,0.1930053116977399,0.06625394756151967,2318.0,0.7636783124588002,2119.0,0.6980883322346737,1632.0,0.537574159525379,16.0,0.004943968358602505,18.0,0.005603164139749505,0.004943968358602505,WACC_0p7_WRT_0p3,0.401977587343441,63,False,,,False,False,False,False,False,49.0,0.1256544502617801
IBDD,Electricity,416,0.72,75,0.6785714285714283,0.4930319771219003,0,68,1005,865,944,209,4,0.4029820934468227,0.48870757928099223,0.44780418562347163,0.4029820934468227,0.2615657011313083,0.2962962962962967,1.2233606186634038,-2.534149843841321,1.7596622789832348,-1.2199335447094035,0.0606453741297639,0.48870757928099223,0.4583921493936402,0.03031542988735203,0.44780418562347163,0.41769050924478235,0.03011367637868928,0.4029820934468227,0.38987435150015687,0.013107741946665807,0.2615657011313083,0.1787055464949119,0.08286015463639637,0.2962962962962967,0.20731676477674255,0.08897953151955418,941.0,0.3098220171390903,929.0,0.3058668424522083,561.0,0.1845748187211602,17.0,0.005273566249176005,109.0,0.035596572181938034,0.005273566249176005,WACC_0p7_WRT_0p3,0.16822676334871456,64,False,,,False,False,False,False,False,68.0,0.17539267015706805
IBDD,Electricity,2765,0.73,30,0.7142857142857141,0.6474320576490926,0,22,854,507,476,219,76,0.21601731808663274,0.3285889772527928,0.27487609543301617,0.21601731808663274,0.22270073803295595,0.2592592592592596,1.2233606186634038,-2.534149843841321,1.7596622789832348,-1.2199335447094035,0.0606453741297639,0.3285889772527928,0.340214129308456,0.011625152055663224,0.27487609543301617,0.2658131266374399,0.009062968795576276,0.21601731808663274,0.29067216366833043,0.07465484558169769,0.22270073803295595,0.2560578210551224,0.03335708302216647,0.2592592592592596,0.29496112794034707,0.03570186868108749,171.0,0.05603164139749506,148.0,0.048450889914304546,17.0,0.005273566249176005,1121.0,0.3691496374423204,1937.0,0.6381015161502966,0.005273566249176005,WACC_0p5_WRT_0p5,0.22340145023071853,65,False,,,False,False,False,False,False,22.0,0.0549738219895288
IBDD,Electricity,1046,0.74,39,0.7499999999999998,0.6035451845450552,0,27,2434,412,176,143,2,0.2691604210121032,0.3741012901014241,0.32402939330953806,0.2691604210121032,0.1838357749346038,0.22222222222222254,1.2233606186634038,-2.534149843841321,1.7596622789832348,-1.2199335447094035,0.0606453741297639,0.3741012901014241,0.5206729565327796,0.14657166643135544,0.32402939330953806,0.45752904469471206,0.133499651385174,0.2691604210121032,0.4175506104595397,0.14839018944743648,0.1838357749346038,0.20817782663545828,0.02434205170085449,0.22222222222222254,0.19281479259980056,0.029407429622421988,1837.0,0.6051417270929466,1325.0,0.43638760711931446,846.0,0.27851021753460775,150.0,0.04911008569545155,17.0,0.005273566249176005,0.005273566249176005,WACC_0p9_WRT_0p1,0.2748846407382993,66,False,,,False,False,False,False,False,27.0,0.06806282722513089
IBDD,Electricity,285,0.71,4,0.6428571428571426,0.9615795586771548,0,3,1,1,1000,118,10,0.22155713330854457,0.004115226337448561,0.051428571428571455,0.22155713330854457,0.3004306642296604,0.3333333333333337,1.2233606186634038,-2.534149843841321,1.7596622789832348,-1.2199335447094035,0.0606453741297639,0.004115226337448561,0.2355683136742105,0.23145308733676193,0.051428571428571455,0.23362140086165079,0.18219282943307932,0.22155713330854457,0.4318039476374638,0.21024681432891926,0.3004306642296604,0.4482020597646734,0.147771395535013,0.3333333333333337,0.5248642025428404,0.19153086920950668,17.0,0.005273566249176005,86.0,0.02801582069874753,1004.0,0.3305866842452208,2950.0,0.9719841793012525,3013.0,0.992748846407383,0.005273566249176005,WACC_0p1_WRT_0p9,0.465721819380356,67,False,,,False,False,False,False,False,3.0,0.005235602094240838
IBDD,Electricity,95,0.73,24,0.7142857142857141,0.6844695345995766,0,16,483,396,1000,214,10,0.17116822516963848,0.29017974189673534,0.2333941212484741,0.17116822516963848,0.22270073803295595,0.2592592592592596,1.2233606186634038,-2.534149843841321,1.7596622789832348,-1.2199335447094035,0.0606453741297639,0.29017974189673534,0.38651188060944747,0.09633213871271212,0.2333941212484741,0.3115306747000106,0.0781365534515365,0.17116822516963848,0.2924346590352391,0.1212664338656006,0.22270073803295595,0.1990628033783082,0.023637934654647752,0.2592592592592596,0.252381616978001,0.006877642281258589,358.0,0.11766644693473961,283.0,0.09294660514172709,18.0,0.005603164139749505,89.0,0.02900461437046803,1076.0,0.35431773236651287,0.005603164139749505,WACC_0p5_WRT_0p5,0.11990771259063941,68,False,,,False,False,False,False,False,16.0,0.03926701570680628
IBDD,Electricity,2673,0.73,35,0.7142857142857141,0.6216859620209692,0,27,3265,524,290,246,9,0.24719355173287308,0.35528863197825417,0.3037117225365144,0.24719355173287308,0.22270073803295595,0.2592592592592596,1.2233606186634038,-2.534149843841321,1.7596622789832348,-1.2199335447094035,0.0606453741297639,0.35528863197825417,0.4608605232955375,0.10557189131728334,0.3037117225365144,0.4197768386773564,0.11606511614084197,0.24719355173287308,0.3833698353987568,0.13617628366588372,0.22270073803295595,0.17884225996835518,0.043858478064600775,0.2592592592592596,0.2047812759121627,0.05447798334709689,966.0,0.3180619644034278,951.0,0.3131179960448253,504.0,0.16578773895847065,18.0,0.005603164139749505,80.0,0.026038233355306525,0.005603164139749505,WACC_0p7_WRT_0p3,0.16572181938035596,69,False,,,False,False,False,False,False,27.0,0.06806282722513089
IBDD,Electricity,1849,0.71,16,0.6428571428571426,0.7508721827029736,0,15,2633,460,324,238,210,0.22155713330854457,0.22131773645617547,0.15902315537266942,0.22155713330854457,0.3004306642296604,0.3333333333333337,1.2233606186634038,-2.534149843841321,1.7596622789832348,-1.2199335447094035,0.0606453741297639,0.22131773645617547,0.2698881517318973,0.04857041527572181,0.15902315537266942,0.18732011565742274,0.028296960284753314,0.22155713330854457,0.3987956579638247,0.17723852465528014,0.3004306642296604,0.4542115445744817,0.1537808803448213,0.3333333333333337,0.4863415551609422,0.15300822182760848,38.0,0.012195121951219513,18.0,0.005603164139749505,662.0,0.2178642056690837,2968.0,0.9779169413315755,2951.0,0.972313777191826,0.005603164139749505,WACC_0p3_WRT_0p7,0.43717864205669077,70,False,,,False,False,False,False,False,15.0,0.03664921465968586
IBDD,Electricity,229,0.71,3,0.6428571428571426,1.0,0,2,1,1,2,230,1,0.22155713330854457,0.004115226337448561,0.051428571428571455,0.22155713330854457,0.3004306642296604,0.3333333333333337,1.2233606186634038,-2.534149843841321,1.7596622789832348,-1.2199335447094035,0.0606453741297639,0.004115226337448561,0.2368299129655342,0.23271468662808564,0.051428571428571455,0.2677783159564352,0.21634974452786374,0.22155713330854457,0.5069907438240452,0.28543361051550065,0.3004306642296604,0.5048958248149545,0.20446516058529413,0.3333333333333337,0.5684548357897836,0.23512150245644992,18.0,0.005603164139749505,157.0,0.051417270929466054,2024.0,0.6667765326301912,3029.0,0.998022412656559,3032.0,0.9990112063282794,0.005603164139749505,WACC_0p1_WRT_0p9,0.544166117336849,71,False,,,False,False,False,False,False,2.0,0.002617801047120419
IBDD,Electricity,96,0.73,23,0.7142857142857141,0.691498189633118,0,15,2391,129,483,250,1,0.16265714858895683,0.2828907663063961,0.2255220276109077,0.16265714858895683,0.22270073803295595,0.2592592592592596,1.2233606186634038,-2.534149843841321,1.7596622789832348,-1.2199335447094035,0.0606453741297639,0.2828907663063961,0.4462053306289562,0.16331456432256009,0.2255220276109077,0.37491375539256266,0.14939172778165496,0.16265714858895683,0.35925317564910875,0.19659602706015192,0.22270073803295595,0.17926169972383935,0.04343903830911661,0.2592592592592596,0.22212333569971246,0.03713592355954712,825.0,0.27158866183256425,621.0,0.2043506921555702,317.0,0.1041529334212261,19.0,0.005932762030323006,344.0,0.11305207646671062,0.005932762030323006,WACC_0p7_WRT_0p3,0.13981542518127882,72,False,,,False,False,False,False,False,15.0,0.03664921465968586
IBDD,Electricity,2604,0.73,23,0.7142857142857141,0.691498189633118,0,15,1620,232,292,152,70,0.16265714858895683,0.2828907663063961,0.2255220276109077,0.16265714858895683,0.22270073803295595,0.2592592592592596,1.2233606186634038,-2.534149843841321,1.7596622789832348,-1.2199335447094035,0.0606453741297639,0.2828907663063961,0.35299950696777493,0.07010874066137884,0.2255220276109077,0.288710460377293,0.06318843276638528,0.16265714858895683,0.2936736977220101,0.13101654913305325,0.22270073803295595,0.24011554452439587,0.01741480649143992,0.2592592592592596,0.28796059019093223,0.028701330931672653,208.0,0.06822676334871457,209.0,0.06855636123928807,19.0,0.005932762030323006,692.0,0.22775214238628871,1825.0,0.6011865524060646,0.005932762030323006,WACC_0p5_WRT_0p5,0.19433091628213578,73,False,,,False,False,False,False,False,15.0,0.03664921465968586
IBDD,Electricity,662,0.72,136,0.6785714285714283,0.391576424623955,0,129,3095,27,187,216,4,0.5258357507574586,0.593920744834417,0.5614344044211703,0.5258357507574586,0.2615657011313083,0.2962962962962967,1.2233606186634038,-2.534149843841321,1.7596622789832348,-1.2199335447094035,0.0606453741297639,0.593920744834417,0.4887114090939346,0.10520933574048241,0.5614344044211703,0.45682439545858,0.10461000896259032,0.5258357507574586,0.4196265654692896,0.10620918528816897,0.2615657011313083,0.19206414710060776,0.06950155403070052,0.2962962962962967,0.1937859154273955,0.10251038086890121,1336.0,0.44001318391562294,1318.0,0.43408042188529994,867.0,0.2854317732366513,57.0,0.01845748187211602,19.0,0.005932762030323006,0.005932762030323006,WACC_0p9_WRT_0p1,0.23678312458800263,74,False,,,False,False,False,False,False,129.0,0.33507853403141363
IBDD,Electricity,1262,0.71,5,0.6428571428571426,0.930187772387851,0,4,3458,30,403,240,149,0.22155713330854457,0.03536082863482116,0.051428571428571455,0.22155713330854457,0.3004306642296604,0.3333333333333337,1.2233606186634038,-2.534149843841321,1.7596622789832348,-1.2199335447094035,0.0606453741297639,0.03536082863482116,0.23767086631084205,0.2023100376760209,0.051428571428571455,0.19782213273288127,0.1463935613043098,0.22155713330854457,0.3590514512590454,0.13749431795050085,0.3004306642296604,0.365942721737763,0.06551205750810257,0.3333333333333337,0.41116579564655453,0.07783246231322083,19.0,0.005932762030323006,30.0,0.00955833882663151,316.0,0.10382333553065261,2653.0,0.8740936058009229,2734.0,0.9007910349373764,0.005932762030323006,WACC_0p1_WRT_0p9,0.3788398154251813,75,False,,,False,False,False,False,False,4.0,0.007853403141361256
IBDD,Electricity,460,0.73,51,0.7142857142857141,0.5583717938339305,0,43,2624,648,389,214,6,0.3238613824217449,0.4209477693574053,0.37462359090599767,0.3238613824217449,0.22270073803295595,0.2592592592592596,1.2233606186634038,-2.534149843841321,1.7596622789832348,-1.2199335447094035,0.0606453741297639,0.4209477693574053,0.4444018021790834,0.023454032821678128,0.37462359090599767,0.3744027031223087,0.00022088778368895,0.3238613824217449,0.34340686730335473,0.019545484881609843,0.22270073803295595,0.17964448579975573,0.043056252233200226,0.2592592592592596,0.2011107486530727,0.058148510606186865,801.0,0.26367831245880025,619.0,0.20369149637442321,202.0,0.06624917600527357,20.0,0.006262359920896506,52.0,0.016809492419248517,0.006262359920896506,WACC_0p7_WRT_0p3,0.11133816743572841,76,False,,,False,False,False,False,False,43.0,0.1099476439790576
IBDD,Electricity,1161,0.73,19,0.7142857142857141,0.7228899759224219,0,11,375,370,251,226,82,0.13506348145393826,0.25033632126563654,0.19036322696688743,0.13506348145393826,0.22270073803295595,0.2592592592592596,1.2233606186634038,-2.534149843841321,1.7596622789832348,-1.2199335447094035,0.0606453741297639,0.25033632126563654,0.29568027941324954,0.045343958147612995,0.19036322696688743,0.21184300884638435,0.021479781879496923,0.13506348145393826,0.2938159773335591,0.15875249587962081,0.22270073803295595,0.3095052593666087,0.08680452133365277,0.2592592592592596,0.3472267869150417,0.08796752765578214,69.0,0.02241265655899802,45.0,0.014502307185234015,20.0,0.006262359920896506,2083.0,0.6862228081740277,2389.0,0.7870797626895187,0.006262359920896506,WACC_0p5_WRT_0p5,0.303295978905735,77,False,,,False,False,False,False,False,11.0,0.02617801047120419
IBDD,Electricity,983,0.74,93,0.7499999999999998,0.4564335436868534,0,80,2695,3061,472,217,1,0.44729954368619157,0.5266615102506704,0.4887944310707241,0.44729954368619157,0.1838357749346038,0.22222222222222254,1.2233606186634038,-2.534149843841321,1.7596622789832348,-1.2199335447094035,0.0606453741297639,0.5266615102506704,0.5143317763128421,0.012329733937828324,0.4887944310707241,0.4962568882021374,0.007462457131413303,0.44729954368619157,0.4992858655860588,0.05198632189986724,0.1838357749346038,0.21612796778872764,0.03229219285412385,0.22222222222222254,0.19428182898901084,0.027940393233211708,1744.0,0.5744891232696111,1825.0,0.6011865524060646,1921.0,0.6328279499011207,223.0,0.07317073170731707,20.0,0.006262359920896506,0.006262359920896506,WACC_0p9_WRT_0p1,0.377587343441002,78,False,,,False,False,False,False,False,80.0,0.20680628272251309
IBDD,Electricity,256,0.74,22,0.7499999999999998,0.698826024826517,0,11,2299,1,1000,189,10,0.1537837914240359,0.2752915298095379,0.21731485219430086,0.1537837914240359,0.1838357749346038,0.22222222222222254,1.2233606186634038,-2.534149843841321,1.7596622789832348,-1.2199335447094035,0.0606453741297639,0.2752915298095379,0.3734612865522219,0.09816975674268397,0.21731485219430086,0.2896383672805463,0.07232351508624546,0.1537837914240359,0.29407465424709994,0.14029086282306405,0.1838357749346038,0.2075616461753463,0.02372587124074252,0.22222222222222254,0.27418676580167023,0.051964543579447686,283.0,0.09294660514172709,212.0,0.06954515491100857,21.0,0.0065919578114700065,146.0,0.04779169413315755,1603.0,0.5280158206987475,0.0065919578114700065,WACC_0p5_WRT_0p5,0.14897824653922215,79,False,,,False,False,False,False,False,11.0,0.02617801047120419
IBDD,Electricity,896,0.73,97,0.7142857142857141,0.4492584163869911,0,89,3229,2678,416,220,6,0.45598798516380645,0.5341023830060834,0.49683057364657,0.45598798516380645,0.22270073803295595,0.2592592592592596,1.2233606186634038,-2.534149843841321,1.7596622789832348,-1.2199335447094035,0.0606453741297639,0.5341023830060834,0.5130733019612909,0.021029081044792508,0.49683057364657,0.5064419769426785,0.009611403296108434,0.45598798516380645,0.49778350783384523,0.041795522670038776,0.22270073803295595,0.21111017706085797,0.011590560972097985,0.2592592592592596,0.19453010491851716,0.06472915434074242,1720.0,0.5665787738958471,1959.0,0.6453526697429136,1908.0,0.6285431773236652,174.0,0.05702043506921556,21.0,0.0065919578114700065,0.0065919578114700065,WACC_0p9_WRT_0p1,0.3808174027686223,80,False,,,False,False,False,False,False,89.0,0.23036649214659685
IBDD,Electricity,1136,0.71,16,0.6428571428571426,0.7508721827029736,0,15,2937,478,690,231,187,0.22155713330854457,0.22131773645617547,0.15902315537266942,0.22155713330854457,0.3004306642296604,0.3333333333333337,1.2233606186634038,-2.534149843841321,1.7596622789832348,-1.2199335447094035,0.0606453741297639,0.22131773645617547,0.27628252328531067,0.05496478682913519,0.15902315537266942,0.1906693345869623,0.031646179214292885,0.22155713330854457,0.3877334752747713,0.16617634196622674,0.3004306642296604,0.42001383960597466,0.11958317537631424,0.3333333333333337,0.465101828254914,0.13176849492158027,44.0,0.014172709294660513,21.0,0.0065919578114700065,531.0,0.17468688200395519,2883.0,0.9499011206328279,2904.0,0.9568226763348715,0.0065919578114700065,WACC_0p3_WRT_0p7,0.420435069215557,81,False,,,False,False,False,False,False,15.0,0.03664921465968586
IBDD,Electricity,2774,0.72,8,0.6785714285714283,0.860375544775702,0,4,4227,129,836,213,196,0.17831030738124148,0.1077586943066794,0.03637938985121366,0.17831030738124148,0.2615657011313083,0.2962962962962967,1.2233606186634038,-2.534149843841321,1.7596622789832348,-1.2199335447094035,0.0606453741297639,0.1077586943066794,0.24645100636731834,0.13869231206063892,0.03637938985121366,0.19538203121654013,0.15900264136532646,0.17831030738124148,0.4025722121539133,0.22426190477267183,0.2615657011313083,0.43111901258003776,0.16955331144872948,0.2962962962962967,0.4409081517295876,0.14461185543329086,21.0,0.0065919578114700065,25.0,0.007910349373764008,697.0,0.22940013183915622,2912.0,0.9594594594594594,2834.0,0.9337508239947264,0.0065919578114700065,WACC_0p1_WRT_0p9,0.42742254449571526,82,False,,,False,False,False,False,False,4.0,0.007853403141361256
IBDD,Electricity,2048,0.73,23,0.7142857142857141,0.691498189633118,0,15,557,296,298,212,13,0.16265714858895683,0.2828907663063961,0.2255220276109077,0.16265714858895683,0.22270073803295595,0.2592592592592596,1.2233606186634038,-2.534149843841321,1.7596622789832348,-1.2199335447094035,0.0606453741297639,0.2828907663063961,0.3976838806822943,0.11479311437589823,0.2255220276109077,0.3186551589285443,0.09313313131763659,0.16265714858895683,0.29525113808671005,0.13259398949775322,0.22270073803295595,0.18658387461170592,0.036116863421250034,0.2592592592592596,0.23266682706591804,0.026592432193341536,430.0,0.14139749505603164,321.0,0.1054713249835201,22.0,0.006921555702043507,41.0,0.013183915622940013,559.0,0.18391562294001318,0.006921555702043507,WACC_0p5_WRT_0p5,0.0901779828609097,83,False,,,False,False,False,False,False,15.0,0.03664921465968586
IBDD,Electricity,2241,0.71,8,0.6428571428571426,0.860375544775702,0,7,2950,45,827,152,139,0.22155713330854457,0.1077586943066794,0.051428571428571455,0.22155713330854457,0.3004306642296604,0.3333333333333337,1.2233606186634038,-2.534149843841321,1.7596622789832348,-1.2199335447094035,0.0606453741297639,0.1077586943066794,0.24917663048911365,0.14141793618243426,0.051428571428571455,0.19660970530239977,0.1451811338738283,0.22155713330854457,0.37035368989767714,0.14879655658913257,0.3004306642296604,0.36060608212353645,0.06017541789387604,0.3333333333333337,0.3909838283676235,0.05765049503428982,22.0,0.006921555702043507,27.0,0.008569545154911009,392.0,0.12887277521423862,2610.0,0.8599208965062624,2660.0,0.8764007910349374,0.006921555702043507,WACC_0p1_WRT_0p9,0.3761371127224786,84,False,,,False,False,False,False,False,7.0,0.015706806282722512
IBDD,Electricity,824,0.73,73,0.7142857142857141,0.4976236662662598,0,65,4346,1069,365,176,6,0.3974219659749473,0.48394582757573046,0.4426614937817889,0.3974219659749473,0.22270073803295595,0.2592592592592596,1.2233606186634038,-2.534149843841321,1.7596622789832348,-1.2199335447094035,0.0606453741297639,0.48394582757573046,0.5558179267957074,0.07187209921997695,0.4426614937817889,0.5358184146787652,0.09315692089697636,0.3974219659749473,0.5156854956569977,0.11826352968205045,0.22270073803295595,0.20197669584544128,0.02072404218751467,0.2592592592592596,0.19463676270050428,0.0646224965587553,2261.0,0.7448912326961108,2252.0,0.7419248516809492,2112.0,0.6957811470006592,105.0,0.034278180619644036,22.0,0.006921555702043507,0.006921555702043507,WACC_0p9_WRT_0p1,0.44475939353988136,85,False,,,False,False,False,False,False,65.0,0.16753926701570682
IBDD,Electricity,242,0.74,22,0.7499999999999998,0.698826024826517,0,11,2390,1,1000,235,10,0.1537837914240359,0.2752915298095379,0.21731485219430086,0.1537837914240359,0.1838357749346038,0.22222222222222254,1.2233606186634038,-2.534149843841321,1.7596622789832348,-1.2199335447094035,0.0606453741297639,0.2752915298095379,0.36160506690866434,0.08631353709912643,0.21731485219430086,0.283914907460211,0.06660005526591012,0.1537837914240359,0.29626159511118355,0.14247780368714766,0.1838357749346038,0.19746694755627214,0.013631172621668353,0.22222222222222254,0.2527346544649652,0.030512432242742638,234.0,0.07679630850362558,197.0,0.06460118655240607,23.0,0.007251153592617007,81.0,0.026367831245880026,1086.0,0.35761371127224784,0.007251153592617007,WACC_0p5_WRT_0p5,0.10652603823335531,86,False,,,False,False,False,False,False,11.0,0.02617801047120419
IBDD,Electricity,812,0.72,61,0.6785714285714283,0.5280872662717262,0,54,3662,629,661,228,7,0.3605332537913963,0.4523539460885802,0.40854226177566655,0.3605332537913963,0.2615657011313083,0.2962962962962967,1.2233606186634038,-2.534149843841321,1.7596622789832348,-1.2199335447094035,0.0606453741297639,0.4523539460885802,0.4993730787967083,0.047019132708128075,0.40854226177566655,0.45421304723548495,0.0456707854598184,0.3605332537913963,0.4198280112735985,0.0592947574822022,0.2615657011313083,0.1802041905401569,0.08136151059115138,0.2962962962962967,0.19799713279840392,0.0982991634978928,1507.0,0.4963744232036915,1296.0,0.4268292682926829,869.0,0.2860909690177983,23.0,0.007251153592617007,34.0,0.010876730388925511,0.007251153592617007,WACC_0p7_WRT_0p3,0.245484508899143,87,False,,,False,False,False,False,False,54.0,0.1387434554973822
IBDD,Electricity,29,0.71,62,0.6428571428571426,0.5253323572805145,0,59,3402,1058,532,182,4,0.3638692037398741,0.455210888746133,0.41162775984582367,0.3638692037398741,0.3004306642296604,0.3333333333333337,1.2233606186634038,-2.534149843841321,1.7596622789832348,-1.2199335447094035,0.0606453741297639,0.455210888746133,0.529577109044041,0.07436622029790796,0.41162775984582367,0.49704135592467585,0.08541359607885218,0.3638692037398741,0.44637405175537426,0.08250484801550018,0.3004306642296604,0.19594654355697838,0.10448412067268203,0.3333333333333337,0.19470216808214275,0.13863116525119096,1960.0,0.6456822676334871,1831.0,0.6031641397495056,1187.0,0.3909030982201714,72.0,0.023401450230718525,23.0,0.007251153592617007,0.007251153592617007,WACC_0p9_WRT_0p1,0.33408042188529985,88,False,,,False,False,False,False,False,59.0,0.1518324607329843
IBDD,Electricity,1973,0.73,29,0.7142857142857141,0.6530777483102728,0,21,1362,154,820,171,166,0.2091808884512559,0.3227341869374949,0.2685529218924944,0.2091808884512559,0.22270073803295595,0.2592592592592596,1.2233606186634038,-2.534149843841321,1.7596622789832348,-1.2199335447094035,0.0606453741297639,0.3227341869374949,0.2504752193403142,0.0722589675971807,0.2685529218924944,0.19706618492925665,0.07148673696323776,0.2091808884512559,0.375468932702135,0.1662880442508791,0.22270073803295595,0.4032111287711104,0.18051039073815447,0.2592592592592596,0.43946019745048726,0.18020093819122768,23.0,0.007251153592617007,29.0,0.00922874093605801,438.0,0.14403427818061965,2843.0,0.936717205009888,2831.0,0.932762030323006,0.007251153592617007,WACC_0p1_WRT_0p9,0.4059986816084377,89,False,,,False,False,False,False,False,21.0,0.05235602094240838
IBDD,Electricity,2197,0.71,14,0.6428571428571426,0.7724225396876393,0,13,1938,379,814,246,190,0.22155713330854457,0.19896921810170737,0.1348867555498439,0.22155713330854457,0.3004306642296604,0.3333333333333337,1.2233606186634038,-2.534149843841321,1.7596622789832348,-1.2199335447094035,0.0606453741297639,0.19896921810170737,0.2769015658509464,0.07793234774923902,0.1348867555498439,0.19272793348575332,0.05784117793590943,0.22155713330854457,0.37086391181398093,0.14930677850543636,0.3004306642296604,0.42873503296248333,0.12830436873282292,0.3333333333333337,0.4712710572154979,0.1379377238821642,45.0,0.014502307185234015,23.0,0.007251153592617007,395.0,0.12986156888595912,2907.0,0.957811470006592,2920.0,0.9620962425840475,0.007251153592617007,WACC_0p3_WRT_0p7,0.4143045484508899,90,False,,,False,False,False,False,False,13.0,0.031413612565445025
IBDD,Electricity,1447,0.74,35,0.7499999999999998,0.6216859620209692,0,23,616,792,714,229,9,0.24719355173287308,0.35528863197825417,0.3037117225365144,0.24719355173287308,0.1838357749346038,0.22222222222222254,1.2233606186634038,-2.534149843841321,1.7596622789832348,-1.2199335447094035,0.0606453741297639,0.35528863197825417,0.4253717412278229,0.07008310924956873,0.3037117225365144,0.3658904561656702,0.06217873362915577,0.24719355173287308,0.3255970196380352,0.07840346790516214,0.1838357749346038,0.18023785164787812,0.003597923286725674,0.22222222222222254,0.22492470402133094,0.002702481799108397,637.0,0.20962425840474622,569.0,0.1872116018457482,114.0,0.03724456163480554,24.0,0.007580751483190508,405.0,0.13315754779169414,0.007580751483190508,WACC_0p7_WRT_0p3,0.11496374423203692,91,False,,,False,False,False,False,False,23.0,0.05759162303664921
IBDD,Electricity,788,0.74,68,0.7499999999999998,0.5096690058370015,0,55,3053,1814,398,234,7,0.38283613027271596,0.47145436431718357,0.4291707134625583,0.38283613027271596,0.1838357749346038,0.22222222222222254,1.2233606186634038,-2.534149843841321,1.7596622789832348,-1.2199335447094035,0.0606453741297639,0.47145436431718357,0.4944882874445354,0.023033923127351807,0.4291707134625583,0.4659257057927552,0.03675499233019691,0.38283613027271596,0.44287289685304565,0.06003676658032969,0.1838357749346038,0.20420477917810012,0.02036900424349633,0.22222222222222254,0.1955255613777995,0.026696660844423042,1438.0,0.47363216875411995,1440.0,0.474291364535267,1144.0,0.37673038892551086,122.0,0.03988134475939354,24.0,0.007580751483190508,0.007580751483190508,WACC_0p9_WRT_0p1,0.27442320369149636,92,False,,,False,False,False,False,False,55.0,0.14136125654450263
IBDD,Electricity,1295,0.7,11,0.6071428571428569,0.8108429810104846,0,11,1025,234,593,250,121,0.26480395923584765,0.15912579747060857,0.09185586126825715,0.26480395923584765,0.33929562732801266,0.37037037037037074,1.2233606186634038,-2.534149843841321,1.7596622789832348,-1.2199335447094035,0.0606453741297639,0.15912579747060857,0.28731954683586436,0.1281937493652558,0.09185586126825715,0.2173036123932735,0.12544775112501635,0.26480395923584765,0.2967638964880528,0.03195993725220514,0.33929562732801266,0.3116449578086309,0.027650669519381776,0.37037037037037074,0.366888509278711,0.003481861091659766,52.0,0.016809492419248517,53.0,0.017139090309822018,24.0,0.007580751483190508,2114.0,0.6964403427818062,2526.0,0.8322346736980883,0.007580751483190508,WACC_0p5_WRT_0p5,0.3140408701384311,93,False,,,False,False,False,False,False,11.0,0.02617801047120419
IBDD,Electricity,2420,0.71,15,0.6428571428571426,0.7613104172452672,0,14,2126,403,750,176,171,0.22155713330854457,0.21049290063453774,0.1473323326853007,0.22155713330854457,0.3004306642296604,0.3333333333333337,1.2233606186634038,-2.534149843841321,1.7596622789832348,-1.2199335447094035,0.0606453741297639,0.21049290063453774,0.26096591034280786,0.05047300970827012,0.1473323326853007,0.1945035500101873,0.047171217324886605,0.22155713330854457,0.3824843881591015,0.16092725485055695,0.3004306642296604,0.44006210381257865,0.13963143958291824,0.3333333333333337,0.4764947113800648,0.14316137804673107,33.0,0.01054713249835201,24.0,0.007580751483190508,496.0,0.16315095583388267,2930.0,0.9653922214897824,2934.0,0.9667106130520765,0.007580751483190508,WACC_0p3_WRT_0p7,0.42267633487145684,94,False,,,False,False,False,False,False,14.0,0.034031413612565446
IBDD,Electricity,584,0.72,25,0.6785714285714283,0.6777165852112971,0,18,2613,316,702,174,7,0.17934544671698122,0.29718280052161783,0.24095742456334718,0.17934544671698122,0.2615657011313083,0.2962962962962967,1.2233606186634038,-2.534149843841321,1.7596622789832348,-1.2199335447094035,0.0606453741297639,0.29718280052161783,0.47368854407158795,0.17650574354997012,0.24095742456334718,0.41713663751579166,0.17617921295244449,0.17934544671698122,0.36824090079288885,0.18889545407590763,0.2615657011313083,0.18078134331249945,0.08078435781880883,0.2962962962962967,0.20099927586244207,0.09529702043385466,1129.0,0.37178642056690836,922.0,0.3035596572181938,375.0,0.12326961107448912,25.0,0.007910349373764008,51.0,0.016479894528675015,0.007910349373764008,WACC_0p7_WRT_0p3,0.16460118655240605,95,False,,,False,False,False,False,False,18.0,0.04450261780104712
IBDD,Electricity,1222,0.73,18,0.7142857142857141,0.7317215598766331,0,10,259,261,472,136,38,0.13506348145393826,0.2411776416094175,0.1804718529381708,0.13506348145393826,0.22270073803295595,0.2592592592592596,1.2233606186634038,-2.534149843841321,1.7596622789832348,-1.2199335447094035,0.0606453741297639,0.2411776416094175,0.35082880822920887,0.10965116661979138,0.1804718529381708,0.2860137545508086,0.10554190161263777,0.13506348145393826,0.29717196115464806,0.1621084797007098,0.22270073803295595,0.25184784088542883,0.029147102852472878,0.2592592592592596,0.26149487019778184,0.002235610938522259,198.0,0.06493078444297956,200.0,0.06558998022412657,25.0,0.007910349373764008,1019.0,0.3355306526038233,1288.0,0.42419248516809493,0.007910349373764008,WACC_0p5_WRT_0p5,0.1796308503625577,96,False,,,False,False,False,False,False,10.0,0.02356020942408377
IBDD,Electricity,491,0.73,63,0.7142857142857141,0.5226208344905343,0,55,2700,598,113,152,1,0.3671526168545674,0.4580228383061125,0.4146646653706015,0.3671526168545674,0.22270073803295595,0.2592592592592596,1.2233606186634038,-2.534149843841321,1.7596622789832348,-1.2199335447094035,0.0606453741297639,0.4580228383061125,0.5097255896108087,0.051702751304696204,0.4146646653706015,0.4837195558837362,0.06905489051313474,0.3671526168545674,0.42125331301234936,0.05410069615778196,0.22270073803295595,0.19827773337757942,0.02442300465537653,0.2592592592592596,0.1956652194644574,0.06359403979480219,1673.0,0.5510876730388925,1663.0,0.5477916941331575,885.0,0.2913645352669743,87.0,0.028345418589321027,25.0,0.007910349373764008,0.007910349373764008,WACC_0p9_WRT_0p1,0.28529993408042187,97,False,,,False,False,False,False,False,55.0,0.14136125654450263
IBDD,Electricity,289,0.71,5,0.6428571428571426,0.930187772387851,0,4,1,1,2,192,1,0.22155713330854457,0.03536082863482116,0.051428571428571455,0.22155713330854457,0.3004306642296604,0.3333333333333337,1.2233606186634038,-2.534149843841321,1.7596622789832348,-1.2199335447094035,0.0606453741297639,0.03536082863482116,0.25265315607995187,0.21729232744513072,0.051428571428571455,0.27318897889067545,0.221760407462104,0.22155713330854457,0.5218248163776432,0.3002676830690987,0.3004306642296604,0.5186886423125386,0.21825797808287822,0.3333333333333337,0.5913090804329554,0.2579757470996217,25.0,0.007910349373764008,170.0,0.05570204350692155,2174.0,0.7162162162162162,3033.0,0.999340804218853,3035.0,1.0,0.007910349373764008,WACC_0p1_WRT_0p9,0.5558338826631509,98,False,,,False,False,False,False,False,4.0,0.007853403141361256
IBDD,Electricity,770,0.72,42,0.6785714285714283,0.5910931476464545,0,35,1679,232,835,225,4,0.2842387310335392,0.3870145135518249,0.33797567463597095,0.2842387310335392,0.2615657011313083,0.2962962962962967,1.2233606186634038,-2.534149843841321,1.7596622789832348,-1.2199335447094035,0.0606453741297639,0.3870145135518249,0.4735042816227056,0.08648976807088066,0.33797567463597095,0.43193109657464257,0.09395542193867162,0.2842387310335392,0.39249802426202796,0.10825929322848876,0.2615657011313083,0.18105477325921146,0.08051092787209682,0.2962962962962967,0.20783277629521685,0.08846352000107988,1124.0,0.3701384311140409,1058.0,0.34838497033618987,594.0,0.1954515491100857,26.0,0.008239947264337508,112.0,0.036585365853658534,0.008239947264337508,WACC_0p7_WRT_0p3,0.1917600527356625,99,False,,,False,False,False,False,False,35.0,0.08900523560209424
IBDD,Electricity,269,0.73,37,0.7142857142857141,0.6123767684992667,0,29,435,1,1000,156,10,0.2584661577420591,0.3649426104452048,0.31413801928082125,0.2584661577420591,0.22270073803295595,0.2592592592592596,1.2233606186634038,-2.534149843841321,1.7596622789832348,-1.2199335447094035,0.0606453741297639,0.3649426104452048,0.33377947233223354,0.031163138112971278,0.31413801928082125,0.2658428440636096,0.04829517521721166,0.2584661577420591,0.2976888599687342,0.039222702226675066,0.22270073803295595,0.25373683350635745,0.031036095473401498,0.2592592592592596,0.2983683144957421,0.039109055236482504,150.0,0.04911008569545155,149.0,0.04878048780487805,26.0,0.008239947264337508,1069.0,0.35201054713249835,1987.0,0.6545814106789717,0.008239947264337508,WACC_0p5_WRT_0p5,0.22254449571522744,100,False,,,False,False,False,False,False,29.0,0.07329842931937172
IBDD,Electricity,238,0.74,22,0.7499999999999998,0.698826024826517,0,11,295,1,1000,250,10,0.1537837914240359,0.2752915298095379,0.21731485219430086,0.1537837914240359,0.1838357749346038,0.22222222222222254,1.2233606186634038,-2.534149843841321,1.7596622789832348,-1.2199335447094035,0.0606453741297639,0.2752915298095379,0.27327774854419734,0.002013781265340575,0.21731485219430086,0.19545029229018465,0.021864559904116204,0.1537837914240359,0.3059421671767453,0.15215837575270943,0.1838357749346038,0.30366777887451507,0.11983200393991128,0.22222222222222254,0.3506701178520865,0.12844789562986397,42.0,0.013513513513513514,26.0,0.008239947264337508,44.0,0.014172709294660513,2008.0,0.6615029663810151,2419.0,0.7969676994067239,0.008239947264337508,WACC_0p3_WRT_0p7,0.2988793671720501,101,False,,,False,False,False,False,False,11.0,0.02617801047120419
IBDD,Electricity,2463,0.71,10,0.6428571428571426,0.8258244379441995,0,9,3735,217,870,236,180,0.22155713330854457,0.14358947176157089,0.07507662950249648,0.22155713330854457,0.3004306642296604,0.3333333333333337,1.2233606186634038,-2.534149843841321,1.7596622789832348,-1.2199335447094035,0.0606453741297639,0.14358947176157089,0.25276289967073967,0.10917342790916879,0.07507662950249648,0.19940516465129665,0.12432853514880017,0.22155713330854457,0.3747564653260783,0.15319933201753375,0.3004306642296604,0.39315540450668884,0.09272474027702843,0.3333333333333337,0.43532802633178,0.10199469299844632,26.0,0.008239947264337508,31.0,0.00988793671720501,432.0,0.14205669083717865,2805.0,0.9241924851680949,2813.0,0.926829268292683,0.008239947264337508,WACC_0p1_WRT_0p9,0.40224126565589985,102,False,,,False,False,False,False,False,9.0,0.020942408376963352
IBDD,Electricity,1962,0.72,97,0.6785714285714283,0.4492584163869911,0,90,3912,2396,124,236,11,0.45598798516380645,0.5341023830060834,0.49683057364657,0.45598798516380645,0.2615657011313083,0.2962962962962967,1.2233606186634038,-2.534149843841321,1.7596622789832348,-1.2199335447094035,0.0606453741297639,0.5341023830060834,0.5235962643978928,0.010506118608190618,0.49683057364657,0.5154666328197754,0.018636059173205433,0.45598798516380645,0.509567763087155,0.05357977792334856,0.2615657011313083,0.2186156289800347,0.04295007215127358,0.2962962962962967,0.19606711354125245,0.10022918275504428,1881.0,0.6196440342781806,2044.0,0.6733684904416611,2045.0,0.6736980883322347,268.0,0.08800263678312459,26.0,0.008239947264337508,0.008239947264337508,WACC_0p9_WRT_0p1,0.41259063941990765,103,False,,,False,False,False,False,False,90.0,0.23298429319371727
IBDD,Electricity,606,0.73,33,0.7142857142857141,0.6315273913256072,0,25,2370,596,780,212,8,0.23527645549249393,0.34508270529196283,0.29268932171531986,0.23527645549249393,0.22270073803295595,0.2592592592592596,1.2233606186634038,-2.534149843841321,1.7596622789832348,-1.2199335447094035,0.0606453741297639,0.34508270529196283,0.42334579145115675,0.07826308615919392,0.29268932171531986,0.3587208070558781,0.06603148534055825,0.23527645549249393,0.34170377081812886,0.10642731532563493,0.22270073803295595,0.18116119829687793,0.04153953973607802,0.2592592592592596,0.21400778433313097,0.045251474926128604,618.0,0.2033618984838497,523.0,0.17205009887936717,190.0,0.062294001318391565,27.0,0.008569545154911009,200.0,0.06558998022412657,0.008569545154911009,WACC_0p7_WRT_0p3,0.1023731048121292,104,False,,,False,False,False,False,False,25.0,0.06282722513089005
IBDD,Electricity,1946,0.71,14,0.6428571428571426,0.7724225396876393,0,13,1608,350,164,233,116,0.22155713330854457,0.19896921810170737,0.1348867555498439,0.22155713330854457,0.3004306642296604,0.3333333333333337,1.2233606186634038,-2.534149843841321,1.7596622789832348,-1.2199335447094035,0.0606453741297639,0.19896921810170737,0.31053277333044815,0.11156355522874079,0.1348867555498439,0.23781090891595402,0.10292415336611013,0.22155713330854457,0.29917503453420896,0.07761790122566439,0.3004306642296604,0.297668785495335,0.002761878734325429,0.3333333333333337,0.34373250117372667,0.010399167840392964,100.0,0.03263019116677653,98.0,0.03197099538562953,27.0,0.008569545154911009,1918.0,0.6318391562294001,2368.0,0.7801582069874753,0.008569545154911009,WACC_0p5_WRT_0p5,0.2970336189848385,105,False,,,False,False,False,False,False,13.0,0.031413612565445025
IBDD,Electricity,2388,0.71,6,0.6428571428571426,0.9036463952595452,0,5,2406,52,281,236,113,0.22155713330854457,0.06288521973084203,0.051428571428571455,0.22155713330854457,0.3004306642296604,0.3333333333333337,1.2233606186634038,-2.534149843841321,1.7596622789832348,-1.2199335447094035,0.0606453741297639,0.06288521973084203,0.25506567920806683,0.19218045947722479,0.051428571428571455,0.20137190264608595,0.1499433312175145,0.22155713330854457,0.3248584183129741,0.1033012850044295,0.3004306642296604,0.32780753168253735,0.02737686745287693,0.3333333333333337,0.3719908184614834,0.038657485128149705,27.0,0.008569545154911009,35.0,0.01120632827949901,109.0,0.035596572181938034,2290.0,0.7544495715227423,2558.0,0.8427818061964404,0.008569545154911009,WACC_0p1_WRT_0p9,0.3305207646671061,106,False,,,False,False,False,False,False,5.0,0.010471204188481676
IBDD,Electricity,2001,0.72,27,0.6785714285714283,0.6649568125048124,0,20,2791,382,268,142,60,0.19479639745204147,0.31041515740241665,0.25524836999461,0.19479639745204147,0.2615657011313083,0.2962962962962967,1.2233606186634038,-2.534149843841321,1.7596622789832348,-1.2199335447094035,0.0606453741297639,0.31041515740241665,0.3806192467984785,0.07020408939606188,0.25524836999461,0.3034647361220986,0.04821636612748864,0.19479639745204147,0.2995217712360321,0.1047253737839906,0.2615657011313083,0.23300035479482512,0.028565346336483166,0.2962962962962967,0.2674545739124204,0.028841722383876334,324.0,0.1064601186552406,252.0,0.08272907053394858,28.0,0.008899143045484509,529.0,0.17402768622280818,1446.0,0.476268951878708,0.008899143045484509,WACC_0p5_WRT_0p5,0.16967699406723796,107,False,,,False,False,False,False,False,20.0,0.049738219895287955
IBDD,Electricity,348,0.73,46,0.7142857142857141,0.5757783350642198,0,38,1521,853,600,223,6,0.30278360798142806,0.40289654141488307,0.3551282647280737,0.30278360798142806,0.22270073803295595,0.2592592592592596,1.2233606186634038,-2.534149843841321,1.7596622789832348,-1.2199335447094035,0.0606453741297639,0.40289654141488307,0.48508941640844,0.08219287499355693,0.3551282647280737,0.4239977714689672,0.06886950674089354,0.30278360798142806,0.39599242970432935,0.09320882172290129,0.22270073803295595,0.1832447840759594,0.03945595395699655,0.2592592592592596,0.20578465629144282,0.05347460296781675,1283.0,0.4225444957152274,987.0,0.3249835201054713,634.0,0.20863546473302572,28.0,0.008899143045484509,94.0,0.030652603823335532,0.008899143045484509,WACC_0p7_WRT_0p3,0.19914304548450892,108,False,,,False,False,False,False,False,38.0,0.0968586387434555
IBDD,Electricity,263,0.74,16,0.7499999999999998,0.7508721827029736,0,7,220,1,1000,224,10,0.09181665552663519,0.22131773645617547,0.15902315537266942,0.09181665552663519,0.1838357749346038,0.22222222222222254,1.2233606186634038,-2.534149843841321,1.7596622789832348,-1.2199335447094035,0.0606453741297639,0.22131773645617547,0.26786773131882297,0.04654999486264749,0.15902315537266942,0.1967427483169782,0.037719592944308766,0.09181665552663519,0.3099968644917997,0.2181802089651645,0.1838357749346038,0.31740977980937185,0.13357400487476806,0.22222222222222254,0.35772092968445984,0.1354987074622373,36.0,0.011535926170072512,28.0,0.008899143045484509,53.0,0.017139090309822018,2172.0,0.7155570204350692,2464.0,0.8117996044825313,0.008899143045484509,WACC_0p3_WRT_0p7,0.3129861568885959,109,False,,,False,False,False,False,False,7.0,0.015706806282722512
IBDD,Electricity,318,0.72,119,0.6785714285714283,0.41438816555554,0,112,3532,3081,697,233,2,0.498212759860783,0.5702641246090697,0.5358852545777952,0.498212759860783,0.2615657011313083,0.2962962962962967,1.2233606186634038,-2.534149843841321,1.7596622789832348,-1.2199335447094035,0.0606453741297639,0.5702641246090697,0.5427671395075447,0.027496985101524984,0.5358852545777952,0.5333123065367336,0.0025729480410616734,0.498212759860783,0.5365624280354082,0.03834966817462521,0.2615657011313083,0.21853786103968323,0.04302784009162505,0.2962962962962967,0.19674416264938718,0.09955213364690954,2129.0,0.7013843111404087,2224.0,0.7326961107448913,2293.0,0.7554383651944627,267.0,0.08767303889255108,28.0,0.008899143045484509,0.008899143045484509,WACC_0p9_WRT_0p1,0.45721819380355966,110,False,,,False,False,False,False,False,112.0,0.2905759162303665
IBDD,Electricity,2167,0.73,42,0.7142857142857141,0.5910931476464545,0,34,2768,902,865,210,11,0.2842387310335392,0.3870145135518249,0.33797567463597095,0.2842387310335392,0.22270073803295595,0.2592592592592596,1.2233606186634038,-2.534149843841321,1.7596622789832348,-1.2199335447094035,0.0606453741297639,0.3870145135518249,0.45222513536096615,0.06521062180914122,0.33797567463597095,0.4034697516801693,0.06549407704419835,0.2842387310335392,0.3656172477448087,0.0813785167112695,0.22270073803295595,0.1836350362769223,0.03906570175603366,0.2592592592592596,0.20380143508372736,0.05545782417553222,877.0,0.2887277521423863,812.0,0.2673038892551088,355.0,0.11667765326301911,29.0,0.00922874093605801,70.0,0.022742254449571522,0.00922874093605801,WACC_0p7_WRT_0p3,0.14093605800922876,111,False,,,False,False,False,False,False,34.0,0.08638743455497382
IBDD,Electricity,2206,0.73,26,0.7142857142857141,0.6712185257861867,0,18,836,282,801,225,59,0.1872140191720258,0.3039215288143248,0.24823525111947084,0.1872140191720258,0.22270073803295595,0.2592592592592596,1.2233606186634038,-2.534149843841321,1.7596622789832348,-1.2199335447094035,0.0606453741297639,0.3039215288143248,0.3455439548919222,0.04162242607759736,0.24823525111947084,0.28924791712343917,0.04101266600396833,0.1872140191720258,0.2996653904579319,0.1124513712859061,0.22270073803295595,0.2424237371024646,0.01972299906950864,0.2592592592592596,0.2769224482484456,0.017663188989186007,187.0,0.061305207646671064,211.0,0.06921555702043507,29.0,0.00922874093605801,751.0,0.24719841793012526,1652.0,0.544166117336849,0.00922874093605801,WACC_0p5_WRT_0p5,0.1862228081740277,112,False,,,False,False,False,False,False,18.0,0.04450261780104712
IBDD,Electricity,905,0.71,48,0.6428571428571426,0.5686032077643577,0,45,3576,618,840,166,2,0.3114720494590426,0.4103374141702957,0.3631644073039193,0.3114720494590426,0.3004306642296604,0.3333333333333337,1.2233606186634038,-2.534149843841321,1.7596622789832348,-1.2199335447094035,0.0606453741297639,0.4103374141702957,0.5479356129865368,0.13759819881624114,0.3631644073039193,0.5166231135027788,0.15345870619885948,0.3114720494590426,0.47185527822098633,0.16038322876194372,0.3004306642296604,0.21123164199658556,0.08919902223307485,0.3333333333333337,0.1970514377937263,0.1362818955396074,2174.0,0.7162162162162162,2061.0,0.6789716545814107,1522.0,0.501318391562294,176.0,0.05767963085036256,29.0,0.00922874093605801,0.00922874093605801,WACC_0p9_WRT_0p1,0.3926829268292683,113,False,,,False,False,False,False,False,45.0,0.11518324607329843
IBDD,Electricity,179,0.71,4,0.6428571428571426,0.9615795586771548,0,3,1,1,1000,208,1,0.22155713330854457,0.004115226337448561,0.051428571428571455,0.22155713330854457,0.3004306642296604,0.3333333333333337,1.2233606186634038,-2.534149843841321,1.7596622789832348,-1.2199335447094035,0.0606453741297639,0.004115226337448561,0.256389801019696,0.25227457468224745,0.051428571428571455,0.22043968781280862,0.16901111638423716,0.22155713330854457,0.43816620453403277,0.2166090712254882,0.3004306642296604,0.44570368283960365,0.14527301860994324,0.3333333333333337,0.5078838519818009,0.17455051864846716,29.0,0.00922874093605801,58.0,0.018787079762689517,1094.0,0.3602504943968359,2943.0,0.969676994067238,2993.0,0.986156888595913,0.00922874093605801,WACC_0p1_WRT_0p9,0.4688200395517469,114,False,,,False,False,False,False,False,3.0,0.005235602094240838
IBDD,Electricity,1773,0.73,27,0.7142857142857141,0.6649568125048124,0,19,3289,141,274,194,85,0.19479639745204147,0.31041515740241665,0.25524836999461,0.19479639745204147,0.22270073803295595,0.2592592592592596,1.2233606186634038,-2.534149843841321,1.7596622789832348,-1.2199335447094035,0.0606453741297639,0.31041515740241665,0.3320892669351816,0.02167410953276494,0.25524836999461,0.2628556333008019,0.007607263306191936,0.19479639745204147,0.29979183243666585,0.10499543498462438,0.22270073803295595,0.24150136161169328,0.018800623578737324,0.2592592592592596,0.287692998683417,0.028433739424157445,145.0,0.047462096242584045,140.0,0.04581410678971654,30.0,0.00955833882663151,725.0,0.23862887277521425,1819.0,0.5992089650626236,0.00955833882663151,WACC_0p5_WRT_0p5,0.18813447593935398,115,False,,,False,False,False,False,False,19.0,0.04712041884816754
IBDD,Electricity,790,0.74,38,0.7499999999999998,0.6079043575991482,0,26,957,573,133,187,5,0.26388184986089747,0.3695806661934759,0.31914711948895397,0.26388184986089747,0.1838357749346038,0.22222222222222254,1.2233606186634038,-2.534149843841321,1.7596622789832348,-1.2199335447094035,0.0606453741297639,0.3695806661934759,0.46874259963653486,0.09916193344305896,0.31914711948895397,0.4337310687858576,0.11458394929690363,0.26388184986089747,0.39510317070994166,0.1312213208490442,0.1838357749346038,0.18376289187873168,7.28830558721083e-05,0.22222222222222254,0.20792024227799258,0.014301979944229964,1060.0,0.34904416611733685,1073.0,0.35332893869479237,620.0,0.2040210942649967,30.0,0.00955833882663151,113.0,0.03691496374423204,0.00955833882663151,WACC_0p7_WRT_0p3,0.1905735003295979,116,False,,,False,False,False,False,False,26.0,0.06544502617801047
IBDD,Electricity,2733,0.73,20,0.7142857142857141,0.7144893762700298,0,12,2687,205,371,201,134,0.13506348145393826,0.2590480542384876,0.1997718985775665,0.13506348145393826,0.22270073803295595,0.2592592592592596,1.2233606186634038,-2.534149843841321,1.7596622789832348,-1.2199335447094035,0.0606453741297639,0.2590480542384876,0.2580862323484046,0.0009618218900829811,0.1997718985775665,0.19956581480142907,0.0002060837761374279,0.13506348145393826,0.31022444315121545,0.17516096169727718,0.22270073803295595,0.3191217611274096,0.09642102309445363,0.2592592592592596,0.36815751451428436,0.10889825525502478,30.0,0.00955833882663151,32.0,0.01021753460777851,56.0,0.01812788398154252,2188.0,0.7208305866842453,2535.0,0.8352010547132498,0.00955833882663151,WACC_0p1_WRT_0p9,0.31878707976268955,117,False,,,False,False,False,False,False,12.0,0.028795811518324606
IBDD,Electricity,917,0.73,64,0.7142857142857141,0.5199513525110855,0,56,4104,177,138,239,1,0.3703851222840437,0.4607911899885039,0.41765448518758413,0.3703851222840437,0.22270073803295595,0.2592592592592596,1.2233606186634038,-2.534149843841321,1.7596622789832348,-1.2199335447094035,0.0606453741297639,0.4607911899885039,0.5516200718790571,0.09082888189055327,0.41765448518758413,0.5112958355013979,0.09364135031381376,0.3703851222840437,0.47220478711440433,0.10181966483036065,0.22270073803295595,0.1875249659859874,0.03517577204696856,0.2592592592592596,0.1971819662661116,0.06207729299314799,2223.0,0.7323665128543178,2002.0,0.6595253790375741,1527.0,0.5029663810151616,43.0,0.013843111404087014,30.0,0.00955833882663151,0.00955833882663151,WACC_0p9_WRT_0p1,0.3836519446275545,118,False,,,False,False,False,False,False,56.0,0.14397905759162305
IBDD,Electricity,1623,0.71,8,0.6428571428571426,0.860375544775702,0,7,3103,124,771,243,102,0.22155713330854457,0.1077586943066794,0.051428571428571455,0.22155713330854457,0.3004306642296604,0.3333333333333337,1.2233606186634038,-2.534149843841321,1.7596622789832348,-1.2199335447094035,0.0606453741297639,0.1077586943066794,0.3019545233647632,0.1941958290580838,0.051428571428571455,0.2374175596296576,0.18598898820108614,0.22155713330854457,0.30073556580510535,0.07917843249656079,0.3004306642296604,0.2707597007575832,0.029670963472077205,0.3333333333333337,0.3344875874692814,0.0011542541359477188,86.0,0.02801582069874753,95.0,0.03098220171390903,31.0,0.00988793671720501,1456.0,0.47956493078444296,2300.0,0.7577455504284772,0.00988793671720501,WACC_0p5_WRT_0p5,0.26123928806855634,119,False,,,False,False,False,False,False,7.0,0.015706806282722512
IBDD,Electricity,545,0.73,102,0.7142857142857141,0.4406905722934009,0,94,3296,2055,233,209,10,0.46636288290226385,0.5429875546586953,0.506426559031391,0.46636288290226385,0.22270073803295595,0.2592592592592596,1.2233606186634038,-2.534149843841321,1.7596622789832348,-1.2199335447094035,0.0606453741297639,0.5429875546586953,0.5017941957943761,0.041193358864319185,0.506426559031391,0.4828200543912472,0.0236065046401438,0.46636288290226385,0.46804612619891456,0.001683243296650705,0.22270073803295595,0.20174052864129818,0.02096020939165777,0.2592592592592596,0.19729042419795795,0.06196883506130163,1548.0,0.509887936717205,1658.0,0.54614370468029,1466.0,0.482860909690178,104.0,0.03394858272907053,31.0,0.00988793671720501,0.00988793671720501,WACC_0p9_WRT_0p1,0.3165458141067897,120,False,,,False,False,False,False,False,94.0,0.24345549738219896
IBDD,Electricity,3012,0.68,10,0.5357142857142857,0.8258244379441995,0,10,56,207,94,191,74,0.35129761109045354,0.14358947176157089,0.10285714285714277,0.35129761109045354,0.4170255535247168,0.44444444444444453,1.2233606186634038,-2.534149843841321,1.7596622789832348,-1.2199335447094035,0.0606453741297639,0.14358947176157089,0.2584525862416081,0.11486311448003722,0.10285714285714277,0.21470711605684314,0.11184997319970037,0.35129761109045354,0.3214561598280465,0.02984145126240706,0.4170255535247168,0.3462857095295703,0.07073984399514655,0.44444444444444453,0.4138571195273415,0.03058732491710303,31.0,0.00988793671720501,50.0,0.016150296638101518,95.0,0.03098220171390903,2472.0,0.8144363876071193,2746.0,0.9047462096242584,0.00988793671720501,WACC_0p1_WRT_0p9,0.3552406064601187,121,False,,,False,False,False,False,False,10.0,0.02356020942408377
IBDD,Electricity,513,0.72,24,0.6785714285714283,0.6844695345995766,0,17,2318,328,410,238,5,0.17831030738124148,0.29017974189673534,0.2333941212484741,0.17831030738124148,0.2615657011313083,0.2962962962962967,1.2233606186634038,-2.534149843841321,1.7596622789832348,-1.2199335447094035,0.0606453741297639,0.29017974189673534,0.41412393269311243,0.12394419079637709,0.2333941212484741,0.3557824258175485,0.12238830456907437,0.17831030738124148,0.31690479626092855,0.13859448887968706,0.2615657011313083,0.18419036420438473,0.07737533692692355,0.2962962962962967,0.22368546836680228,0.07261082792949444,539.0,0.17732366512854317,504.0,0.16578773895847065,76.0,0.024719841793012523,32.0,0.01021753460777851,379.0,0.12458800263678313,0.01021753460777851,WACC_0p7_WRT_0p3,0.10052735662491759,122,False,,,False,False,False,False,False,17.0,0.041884816753926704
IBDD,Electricity,1499,0.73,21,0.7142857142857141,0.706479646566833,0,13,2819,430,125,136,120,0.14451593570476354,0.2673544405973583,0.2087427958451469,0.14451593570476354,0.22270073803295595,0.2592592592592596,1.2233606186634038,-2.534149843841321,1.7596622789832348,-1.2199335447094035,0.0606453741297639,0.2673544405973583,0.3265611903020547,0.059206749704696415,0.2087427958451469,0.26561686175479027,0.05687406590964336,0.14451593570476354,0.3007378386350234,0.15622190293025986,0.22270073803295595,0.3024376604713836,0.07973692243842764,0.2592592592592596,0.354379786927352,0.09512052766809242,131.0,0.04284772577455504,147.0,0.04812129202373105,32.0,0.01021753460777851,1990.0,0.6555702043506921,2448.0,0.8065260382333553,0.01021753460777851,WACC_0p5_WRT_0p5,0.3126565589980224,123,False,,,False,False,False,False,False,13.0,0.031413612565445025
IBDD,Electricity,720,0.74,97,0.7499999999999998,0.4492584163869911,0,84,4434,1779,55,213,5,0.45598798516380645,0.5341023830060834,0.49683057364657,0.45598798516380645,0.1838357749346038,0.22222222222222254,1.2233606186634038,-2.534149843841321,1.7596622789832348,-1.2199335447094035,0.0606453741297639,0.5341023830060834,0.5481509384513091,0.014048555445225763,0.49683057364657,0.5188424293728755,0.022011855726305485,0.45598798516380645,0.5204278995831032,0.06443991441929675,0.1838357749346038,0.21772383378461835,0.03388805885001456,0.22222222222222254,0.19730975997560887,0.02491246224661367,2178.0,0.7175346077785102,2090.0,0.6885299934080422,2161.0,0.7119314436387607,250.0,0.08206987475280159,32.0,0.01021753460777851,0.01021753460777851,WACC_0p9_WRT_0p1,0.4420566908371786,124,False,,,False,False,False,False,False,84.0,0.21727748691099477
IBDD,Electricity,1077,0.71,26,0.6428571428571426,0.6712185257861867,0,25,2255,541,517,184,6,0.22155713330854457,0.3039215288143248,0.24823525111947084,0.22155713330854457,0.3004306642296604,0.3333333333333337,1.2233606186634038,-2.534149843841321,1.7596622789832348,-1.2199335447094035,0.0606453741297639,0.3039215288143248,0.43353220024069467,0.12961067142636984,0.24823525111947084,0.3696539457752726,0.12141869465580177,0.22155713330854457,0.3338074512788624,0.11225031797031784,0.3004306642296604,0.18440457776728109,0.11602608646237933,0.3333333333333337,0.23414291773583115,0.09919041559750255,694.0,0.22841133816743572,591.0,0.1944627554383652,146.0,0.04779169413315755,33.0,0.01054713249835201,611.0,0.2010547132498352,0.01054713249835201,WACC_0p7_WRT_0p3,0.1364535266974291,125,False,,,False,False,False,False,False,25.0,0.06282722513089005
IBDD,Electricity,2654,0.74,34,0.7499999999999998,0.6265363711819671,0,22,1310,385,118,188,93,0.24132013731434054,0.3502585780335155,0.2982792642761968,0.24132013731434054,0.1838357749346038,0.22222222222222254,1.2233606186634038,-2.534149843841321,1.7596622789832348,-1.2199335447094035,0.0606453741297639,0.3502585780335155,0.3330595828467418,0.017198995186773702,0.2982792642761968,0.2553859437142196,0.0428933205619772,0.24132013731434054,0.3024460790651684,0.06112594175082786,0.1838357749346038,0.2590176737777178,0.07518189884311399,0.22222222222222254,0.3174269486834854,0.09520472646126288,147.0,0.04812129202373105,127.0,0.04152933421226104,33.0,0.01054713249835201,1203.0,0.3961766644693474,2181.0,0.7185234014502307,0.01054713249835201,WACC_0p5_WRT_0p5,0.24297956493078443,126,False,,,False,False,False,False,False,22.0,0.0549738219895288
IBDD,Electricity,996,0.74,121,0.7499999999999998,0.411542181111966,0,107,3907,2392,544,231,6,0.5016589940878285,0.5732155158838871,0.5390727571545981,0.5016589940878285,0.1862257302383814,0.22222222222222254,1.2233606186634038,-2.534149843841321,1.7596622789832348,-1.2199335447094035,0.0606453741297639,0.5732155158838871,0.53093504503973,0.04228047084415709,0.5390727571545981,0.514206044165812,0.024866712988786177,0.5016589940878285,0.515742783054235,0.014083788966406496,0.1862257302383814,0.21621725833290223,0.029991528094520825,0.22222222222222254,0.19785517991498974,0.0243670423072328,1977.0,0.6512854317732366,2030.0,0.6687541199736322,2115.0,0.6967699406723797,226.0,0.07415952537903757,33.0,0.01054713249835201,0.01054713249835201,WACC_0p9_WRT_0p1,0.4203032300593277,127,False,,,False,False,False,False,False,107.0,0.2774869109947644
IBDD,Electricity,1195,0.71,11,0.6428571428571426,0.8108429810104846,0,10,4393,265,924,221,213,0.22155713330854457,0.15912579747060857,0.09185586126825715,0.22155713330854457,0.3004306642296604,0.3333333333333337,1.2233606186634038,-2.534149843841321,1.7596622789832348,-1.2199335447094035,0.0606453741297639,0.15912579747060857,0.2786454621700277,0.11951966469941916,0.09185586126825715,0.20085285342153356,0.1089969921532764,0.22155713330854457,0.4069222486615869,0.18536511535304231,0.3004306642296604,0.445640776870829,0.14521011264116856,0.3333333333333337,0.4588430911756238,0.12550975784229007,47.0,0.015161502966381015,33.0,0.01054713249835201,734.0,0.24159525379037575,2941.0,0.9690177982860909,2886.0,0.9508899143045485,0.01054713249835201,WACC_0p3_WRT_0p7,0.43744232036914965,128,False,,,False,False,False,False,False,10.0,0.02356020942408377
IBDD,Electricity,1056,0.72,32,0.6785714285714283,0.636667418954684,0,25,2812,430,969,206,9,0.22905233884867993,0.3397523062692165,0.2869324907707538,0.22905233884867993,0.2615657011313083,0.2962962962962967,1.2233606186634038,-2.534149843841321,1.7596622789832348,-1.2199335447094035,0.0606453741297639,0.3397523062692165,0.45609532461074564,0.11634301834152916,0.2869324907707538,0.399334952488505,0.1124024617177512,0.22905233884867993,0.3524775838109327,0.12342524496225277,0.2615657011313083,0.18479179258160075,0.07677390854970753,0.2962962962962967,0.20638331651935315,0.08991297977694357,922.0,0.3035596572181938,783.0,0.25774555042847724,262.0,0.08602504943968359,34.0,0.010876730388925511,104.0,0.03394858272907053,0.010876730388925511,WACC_0p7_WRT_0p3,0.13843111404087013,129,False,,,False,False,False,False,False,25.0,0.06282722513089005
IBDD,Electricity,1346,0.73,25,0.7142857142857141,0.6777165852112971,0,17,734,384,754,214,97,0.17934544671698122,0.29718280052161783,0.24095742456334718,0.17934544671698122,0.22270073803295595,0.2592592592592596,1.2233606186634038,-2.534149843841321,1.7596622789832348,-1.2199335447094035,0.0606453741297639,0.29718280052161783,0.3146253603060767,0.017442559784458855,0.24095742456334718,0.22582911896794097,0.015128305595406205,0.17934544671698122,0.30249733714600063,0.12315189042901942,0.22270073803295595,0.2855429329809972,0.06284219494804125,0.2592592592592596,0.32882863303371207,0.06956937377445249,112.0,0.036585365853658534,72.0,0.023401450230718525,34.0,0.010876730388925511,1741.0,0.5735003295978905,2261.0,0.7448912326961108,0.010876730388925511,WACC_0p5_WRT_0p5,0.27785102175346077,130,False,,,False,False,False,False,False,17.0,0.041884816753926704
IBDD,Electricity,2970,0.67,13,0.5,0.7843016038821788,0,15,49,326,456,178,118,0.3945444370177566,0.18665018856662932,0.12158220365195957,0.3945444370177566,0.455890516623069,0.48148148148148157,1.2233606186634038,-2.534149843841321,1.7596622789832348,-1.2199335447094035,0.0606453741297639,0.18665018856662932,0.2625756866461306,0.0759254980795013,0.12158220365195957,0.20134637455784024,0.07976417090588067,0.3945444370177566,0.3466650933943804,0.0478793436233762,0.455890516623069,0.4012512070552042,0.054639309567864836,0.48148148148148157,0.4768602421688348,0.004621239312646741,34.0,0.010876730388925511,34.0,0.010876730388925511,221.0,0.07251153592617007,2836.0,0.9344100197758735,2936.0,0.9673698088332234,0.010876730388925511,WACC_0p1_WRT_0p9,0.3992089650626236,131,False,,,False,False,False,False,False,15.0,0.03664921465968586
IBDD,Electricity,86,0.72,37,0.6785714285714283,0.6123767684992667,0,30,1424,249,448,250,1,0.2584661577420591,0.3649426104452048,0.31413801928082125,0.2584661577420591,0.2615657011313083,0.2962962962962967,1.2233606186634038,-2.534149843841321,1.7596622789832348,-1.2199335447094035,0.0606453741297639,0.3649426104452048,0.4827798044321668,0.11783719398696196,0.31413801928082125,0.41775055060180577,0.10361253132098452,0.2584661577420591,0.3771690270711702,0.11870286932911112,0.2615657011313083,0.18506775829469704,0.07649794283661124,0.2962962962962967,0.2051078009442793,0.09118849535201742,1249.0,0.41133816743572843,931.0,0.3065260382333553,454.0,0.14930784442979564,35.0,0.01120632827949901,83.0,0.02702702702702703,0.01120632827949901,WACC_0p7_WRT_0p3,0.18108108108108106,132,False,,,False,False,False,False,False,30.0,0.07591623036649214
IBDD,Electricity,1833,0.73,28,0.7142857142857141,0.6589148543760217,0,20,1152,540,306,139,101,0.20211267177280573,0.31668089175819963,0.2620153630988556,0.20211267177280573,0.22270073803295595,0.2592592592592596,1.2233606186634038,-2.534149843841321,1.7596622789832348,-1.2199335447094035,0.0606453741297639,0.31668089175819963,0.3463407990674415,0.02965990730924184,0.2620153630988556,0.2696574291613329,0.007642066062477304,0.20211267177280573,0.30304923350642304,0.10093656173361731,0.22270073803295595,0.28996843256040244,0.06726769452744649,0.2592592592592596,0.3313432959540873,0.07208403669482771,192.0,0.06295319709953856,161.0,0.05273566249176005,35.0,0.01120632827949901,1810.0,0.5962425840474621,2276.0,0.7498352010547132,0.01120632827949901,WACC_0p5_WRT_0p5,0.2945945945945946,133,False,,,False,False,False,False,False,20.0,0.049738219895287955
IBDD,Electricity,984,0.73,76,0.7142857142857141,0.4907812504490119,0,68,3410,1628,5,242,2,0.4057075234165282,0.49104166620102463,0.45032499949710664,0.4057075234165282,0.22270073803295595,0.2592592592592596,1.2233606186634038,-2.534149843841321,1.7596622789832348,-1.2199335447094035,0.0606453741297639,0.49104166620102463,0.5253313907494701,0.03428972454844548,0.45032499949710664,0.500162320495931,0.049837320998824375,0.4057075234165282,0.490165730852588,0.0844582074360598,0.22270073803295595,0.20747077391157537,0.015229964121380585,0.2592592592592596,0.19803418003862946,0.06122507922063011,1909.0,0.6288727752142387,1879.0,0.6189848384970337,1807.0,0.5952537903757416,142.0,0.046473302570863545,35.0,0.01120632827949901,0.01120632827949901,WACC_0p9_WRT_0p1,0.38015820698747527,134,False,,,False,False,False,False,False,68.0,0.17539267015706805
IBDD,Electricity,2300,0.71,20,0.6428571428571426,0.7144893762700298,0,19,86,603,859,207,186,0.22155713330854457,0.2590480542384876,0.1997718985775665,0.22155713330854457,0.3004306642296604,0.3333333333333337,1.2233606186634038,-2.534149843841321,1.7596622789832348,-1.2199335447094035,0.0606453741297639,0.2590480542384876,0.26659881040042954,0.007550756161941952,0.1997718985775665,0.20488801965142717,0.005116121073860669,0.22155713330854457,0.42539761677842525,0.20384048346988068,0.3004306642296604,0.4975250668821912,0.1970944026525308,0.3333333333333337,0.5419148771159558,0.20858154378262206,35.0,0.01120632827949901,37.0,0.011865524060646011,936.0,0.3081740276862228,3027.0,0.997363216875412,3026.0,0.9970336189848384,0.01120632827949901,WACC_0p1_WRT_0p9,0.46512854317732366,135,False,,,False,False,False,False,False,19.0,0.04712041884816754
IBDD,Electricity,139,0.73,44,0.7142857142857141,0.5832655206981239,0,36,1523,259,1000,221,10,0.2937172915951722,0.3951320526093529,0.34674261681810115,0.2937172915951722,0.22270073803295595,0.2592592592592596,1.2233606186634038,-2.534149843841321,1.7596622789832348,-1.2199335447094035,0.0606453741297639,0.3951320526093529,0.44787392858020003,0.05274187597084712,0.34674261681810115,0.39404343593786895,0.0473008191197678,0.2937172915951722,0.34625483338448976,0.05253754178931758,0.22270073803295595,0.18531802510071457,0.03738271293224138,0.2592592592592596,0.22287892892930566,0.036380330329953914,839.0,0.2762030323005933,744.0,0.24489123269611074,216.0,0.07086354647330258,36.0,0.011535926170072512,358.0,0.11766644693473961,0.011535926170072512,WACC_0p7_WRT_0p3,0.14423203691496375,136,False,,,False,False,False,False,False,36.0,0.09162303664921466
IBDD,Electricity,1432,0.73,42,0.7142857142857141,0.5910931476464545,0,34,1509,505,644,182,111,0.2842387310335392,0.3870145135518249,0.33797567463597095,0.2842387310335392,0.22270073803295595,0.2592592592592596,1.2233606186634038,-2.534149843841321,1.7596622789832348,-1.2199335447094035,0.0606453741297639,0.3870145135518249,0.3252544360666368,0.061760077485188136,0.33797567463597095,0.2505500627465766,0.08742561188939435,0.2842387310335392,0.3033868763601284,0.019148145326589205,0.22270073803295595,0.2945269153287494,0.07182617729579346,0.2592592592592596,0.3390857988591554,0.07982653959989583,129.0,0.04218852999340804,122.0,0.03988134475939354,36.0,0.011535926170072512,1872.0,0.6166776532630192,2335.0,0.7692814765985497,0.011535926170072512,WACC_0p5_WRT_0p5,0.2959129861568886,137,False,,,False,False,False,False,False,34.0,0.08638743455497382
IBDD,Electricity,1320,0.71,11,0.6428571428571426,0.8108429810104846,0,10,2119,286,861,193,153,0.22155713330854457,0.15912579747060857,0.09185586126825715,0.22155713330854457,0.3004306642296604,0.3333333333333337,1.2233606186634038,-2.534149843841321,1.7596622789832348,-1.2199335447094035,0.0606453741297639,0.15912579747060857,0.27128821046889495,0.11216241299828639,0.09185586126825715,0.20144062232919793,0.10958476106094078,0.22155713330854457,0.3516333711007036,0.13007623779215902,0.3004306642296604,0.38006871654093916,0.07963805231127874,0.3333333333333337,0.44160827313444506,0.10827493980111136,40.0,0.012854317732366513,36.0,0.011535926170072512,256.0,0.08404746209624259,2744.0,0.9040870138431114,2838.0,0.9350692155570204,0.011535926170072512,WACC_0p3_WRT_0p7,0.3895187870797627,138,False,,,False,False,False,False,False,10.0,0.02356020942408377
IBDD,Electricity,727,0.74,143,0.7499999999999998,0.3829963792662363,0,129,3860,2909,459,237,4,0.5362254231424002,0.602818569649829,0.5710440552218153,0.5362254231424002,0.1995389086625473,0.22222222222222254,1.2233606186634038,-2.534149843841321,1.7596622789832348,-1.2199335447094035,0.0606453741297639,0.602818569649829,0.546212665717642,0.05660590393218701,0.5710440552218153,0.5415913386000277,0.02945271662178761,0.5362254231424002,0.5368236646657596,0.0005982415233594107,0.1995389086625473,0.22298202081545976,0.02344311215291245,0.22222222222222254,0.1982501135908504,0.02397210863137214,2161.0,0.7119314436387607,2296.0,0.7564271588661833,2297.0,0.7567567567567568,325.0,0.10678971654581411,36.0,0.011535926170072512,0.011535926170072512,WACC_0p9_WRT_0p1,0.46868820039551756,139,False,,,False,False,False,False,False,129.0,0.33507853403141363
IBDD,Electricity,1334,0.72,22,0.6785714285714283,0.698826024826517,0,15,2780,190,157,227,16,0.17831030738124148,0.2752915298095379,0.21731485219430086,0.17831030738124148,0.2615657011313083,0.2962962962962967,1.2233606186634038,-2.534149843841321,1.7596622789832348,-1.2199335447094035,0.0606453741297639,0.2752915298095379,0.4332423788942963,0.15795084908475837,0.21731485219430086,0.37378224476207506,0.1564673925677742,0.17831030738124148,0.3403284552152582,0.1620181478340167,0.2615657011313083,0.1853565066290632,0.07620919450224509,0.2962962962962967,0.2097558727239507,0.08654042357234604,691.0,0.22742254449571522,617.0,0.2030323005932762,185.0,0.06064601186552406,37.0,0.011865524060646011,145.0,0.047462096242584045,0.011865524060646011,WACC_0p7_WRT_0p3,0.11008569545154911,140,False,,,False,False,False,False,False,15.0,0.03664921465968586
IBDD,Electricity,2550,0.72,6,0.6785714285714283,0.9036463952595452,0,3,2805,79,943,167,76,0.17831030738124148,0.06288521973084203,0.03428571428571432,0.17831030738124148,0.2615657011313083,0.2962962962962967,1.2233606186634038,-2.534149843841321,1.7596622789832348,-1.2199335447094035,0.0606453741297639,0.06288521973084203,0.33639728799853047,0.2735120682676884,0.03428571428571432,0.2545228022237425,0.2202370879380282,0.17831030738124148,0.3038001940647345,0.12548988668349303,0.2615657011313083,0.24582674062155122,0.015738960509757066,0.2962962962962967,0.29464406941783033,0.0016522268784663896,156.0,0.05108767303889255,125.0,0.04087013843111404,37.0,0.011865524060646011,849.0,0.2794990112063283,1929.0,0.6354647330257086,0.011865524060646011,WACC_0p5_WRT_0p5,0.20375741595253788,141,False,,,False,False,False,False,False,3.0,0.005235602094240838
IBDD,Electricity,957,0.74,102,0.7499999999999998,0.4406905722934009,0,88,4976,561,192,203,6,0.46636288290226385,0.5429875546586953,0.506426559031391,0.46636288290226385,0.1838357749346038,0.22222222222222254,1.2233606186634038,-2.534149843841321,1.7596622789832348,-1.2199335447094035,0.0606453741297639,0.5429875546586953,0.531456600567664,0.011530954091031331,0.506426559031391,0.5048550681528164,0.0015714908785745552,0.46636288290226385,0.4884991561962291,0.022136273293965225,0.1838357749346038,0.19200366956891918,0.008167894634315387,0.22222222222222254,0.19848879815380602,0.023733424068416525,1989.0,0.6552406064601186,1935.0,0.6374423203691496,1782.0,0.587013843111404,56.0,0.01812788398154252,37.0,0.011865524060646011,0.011865524060646011,WACC_0p9_WRT_0p1,0.38193803559657213,142,False,,,False,False,False,False,False,88.0,0.22774869109947643
IBDD,Electricity,2181,0.71,9,0.6428571428571426,0.8422347672997882,0,8,3925,185,216,194,172,0.22155713330854457,0.12657135242984924,0.05669706062423713,0.22155713330854457,0.3004306642296604,0.3333333333333337,1.2233606186634038,-2.534149843841321,1.7596622789832348,-1.2199335447094035,0.0606453741297639,0.12657135242984924,0.26835023467490604,0.1417788822450568,0.05669706062423713,0.2144979365243549,0.15780087590011777,0.22155713330854457,0.35896980359085556,0.137412670282311,0.3004306642296604,0.39098607334236263,0.09055540911270221,0.3333333333333337,0.40808801871023287,0.07475468537689917,37.0,0.011865524060646011,49.0,0.015820698747528016,314.0,0.1031641397495056,2797.0,0.9215557020435069,2724.0,0.8974950560316414,0.011865524060646011,WACC_0p1_WRT_0p9,0.3899802241265656,143,False,,,False,False,False,False,False,8.0,0.01832460732984293
IBDD,Electricity,2270,0.71,12,0.6428571428571426,0.7970613765886635,0,11,383,173,142,142,96,0.22155713330854457,0.17341783168583041,0.10729125822069678,0.22155713330854457,0.3004306642296604,0.3333333333333337,1.2233606186634038,-2.534149843841321,1.7596622789832348,-1.2199335447094035,0.0606453741297639,0.17341783168583041,0.2878783639079646,0.1144605322221342,0.10729125822069678,0.2259852710046806,0.11869401278398382,0.22155713330854457,0.304082545630026,0.08252541232148145,0.3004306642296604,0.31372703008991165,0.013296365860251236,0.3333333333333337,0.3488568018564202,0.015523468523086503,54.0,0.01746868820039552,73.0,0.023731048121292023,38.0,0.012195121951219513,2135.0,0.7033618984838497,2402.0,0.7913645352669743,0.012195121951219513,WACC_0p5_WRT_0p5,0.3096242584047462,144,False,,,False,False,False,False,False,11.0,0.02617801047120419
IBDD,Electricity,760,0.73,98,0.7142857142857141,0.4475103999651687,0,90,4292,1208,713,246,5,0.45810467769735974,0.535915140776862,0.49878835203901095,0.45810467769735974,0.22270073803295595,0.2592592592592596,1.2233606186634038,-2.534149843841321,1.7596622789832348,-1.2199335447094035,0.0606453741297639,0.535915140776862,0.5320956512213183,0.003819489555543676,0.49878835203901095,0.49317654014341455,0.005611811895596397,0.45810467769735974,0.46466854487834636,0.006563867180986616,0.22270073803295595,0.19103547532556553,0.031665262707390424,0.2592592592592596,0.1986250977772636,0.06063416148199599,1997.0,0.6578773895847067,1788.0,0.5889914304548451,1427.0,0.47000659195781147,52.0,0.016809492419248517,38.0,0.012195121951219513,0.012195121951219513,WACC_0p9_WRT_0p1,0.3491760052735663,145,False,,,False,False,False,False,False,90.0,0.23298429319371727
IBDD,Electricity,2479,0.73,25,0.7142857142857141,0.6777165852112971,0,17,2844,542,787,195,57,0.17934544671698122,0.29718280052161783,0.24095742456334718,0.17934544671698122,0.22270073803295595,0.2592592592592596,1.2233606186634038,-2.534149843841321,1.7596622789832348,-1.2199335447094035,0.0606453741297639,0.29718280052161783,0.3696685601641542,0.0724857596425364,0.24095742456334718,0.2991179359471124,0.05816051138376521,0.17934544671698122,0.30447077812985524,0.12512533141287402,0.22270073803295595,0.21578624628521495,0.006914491747741003,0.2592592592592596,0.2627373298061953,0.0034780705469357187,268.0,0.08800263678312459,240.0,0.07877389584706658,39.0,0.012524719841793012,217.0,0.07119314436387607,1320.0,0.4347396176664469,0.012524719841793012,WACC_0p5_WRT_0p5,0.13704680290046142,146,False,,,False,False,False,False,False,17.0,0.041884816753926704
IBDD,Electricity,2188,0.73,27,0.7142857142857141,0.6649568125048124,0,19,2640,513,517,187,145,0.19479639745204147,0.31041515740241665,0.25524836999461,0.19479639745204147,0.22270073803295595,0.2592592592592596,1.2233606186634038,-2.534149843841321,1.7596622789832348,-1.2199335447094035,0.0606453741297639,0.31041515740241665,0.2904371814809683,0.019977975921448343,0.25524836999461,0.20510739308489942,0.05014097690971056,0.19479639745204147,0.33330354450091343,0.13850714704887196,0.22270073803295595,0.3469441221678146,0.12424338413485866,0.2592592592592596,0.3906569236109895,0.13139766435172995,55.0,0.017798286090969017,39.0,0.012524719841793012,141.0,0.04614370468029005,2475.0,0.8154251812788398,2658.0,0.8757415952537904,0.012524719841793012,WACC_0p3_WRT_0p7,0.35352669742913645,147,False,,,False,False,False,False,False,19.0,0.04712041884816754
IBDD,Electricity,2870,0.72,74,0.6785714285714283,0.4953125156100612,0,67,4852,682,298,214,4,0.4002205640183184,0.48634257640438094,0.4452499825167314,0.4002205640183184,0.2615657011313083,0.2962962962962967,1.2233606186634038,-2.534149843841321,1.7596622789832348,-1.2199335447094035,0.0606453741297639,0.48634257640438094,0.5347189363323926,0.0483763599280117,0.4452499825167314,0.5129358467698606,0.06768586425312917,0.4002205640183184,0.4882845153692658,0.08806395135094741,0.2615657011313083,0.18612522706130372,0.07544047407000457,0.2962962962962967,0.2065454614052376,0.08975083489105912,2034.0,0.6700725115359262,2018.0,0.6647989452867502,1780.0,0.5863546473302571,39.0,0.012524719841793012,105.0,0.034278180619644036,0.012524719841793012,WACC_0p7_WRT_0p3,0.39360580092287406,148,False,,,False,False,False,False,False,67.0,0.17277486910994763
IBDD,Electricity,2872,0.73,121,0.7142857142857141,0.411542181111966,0,113,4161,2900,48,232,4,0.5016589940878285,0.5732155158838871,0.5390727571545981,0.5016589940878285,0.22270073803295595,0.2592592592592596,1.2233606186634038,-2.534149843841321,1.7596622789832348,-1.2199335447094035,0.0606453741297639,0.5732155158838871,0.5490858505603626,0.024129665323524452,0.5390727571545981,0.5452047414215264,0.006131984266928292,0.5016589940878285,0.5445567372131948,0.042897743125366206,0.22270073803295595,0.21685344096609527,0.005847297066860685,0.2592592592592596,0.19878479220819745,0.06047446705106213,2188.0,0.7208305866842453,2328.0,0.7669742913645353,2369.0,0.7804878048780488,235.0,0.07712590639419907,39.0,0.012524719841793012,0.012524719841793012,WACC_0p9_WRT_0p1,0.47158866183256426,149,False,,,False,False,False,False,False,113.0,0.2931937172774869
IBDD,Electricity,1490,0.7,21,0.6071428571428569,0.706479646566833,0,21,2274,614,297,203,44,0.26480395923584765,0.2673544405973583,0.2087427958451469,0.26480395923584765,0.33929562732801266,0.37037037037037074,1.2233606186634038,-2.534149843841321,1.7596622789832348,-1.2199335447094035,0.0606453741297639,0.2673544405973583,0.3613940062721005,0.0940395656747422,0.2087427958451469,0.2936944058888895,0.0849516100437426,0.26480395923584765,0.3044905946326329,0.03968663539678524,0.33929562732801266,0.23916636539702915,0.10012926193098351,0.37037037037037074,0.2690733265236142,0.10129704384675653,232.0,0.07613711272247857,222.0,0.07284113381674358,40.0,0.012854317732366513,669.0,0.22017139090309823,1487.0,0.4897824653922215,0.012854317732366513,WACC_0p5_WRT_0p5,0.17435728411338167,150,False,,,False,False,False,False,False,21.0,0.05235602094240838
IBDD,Electricity,859,0.73,33,0.7142857142857141,0.6315273913256072,0,25,3372,292,293,193,9,0.23527645549249393,0.34508270529196283,0.29268932171531986,0.23527645549249393,0.22270073803295595,0.2592592592592596,1.2233606186634038,-2.534149843841321,1.7596622789832348,-1.2199335447094035,0.0606453741297639,0.34508270529196283,0.5100553514530142,0.16497264616105134,0.29268932171531986,0.4646848965604293,0.1719955748451094,0.23527645549249393,0.4121246122947932,0.17684815680229926,0.22270073803295595,0.1863622436432858,0.036338494389670156,0.2592592592592596,0.20080262672836163,0.058456632530897945,1676.0,0.5520764667106131,1424.0,0.46901779828609097,795.0,0.26170072511535925,40.0,0.012854317732366513,48.0,0.015491100856954515,0.012854317732366513,WACC_0p7_WRT_0p3,0.2622280817402769,151,False,,,False,False,False,False,False,25.0,0.06282722513089005
IBDD,Electricity,2790,0.71,18,0.6428571428571426,0.7317215598766331,0,17,2259,560,200,224,167,0.22155713330854457,0.2411776416094175,0.1804718529381708,0.22155713330854457,0.3004306642296604,0.3333333333333337,1.2233606186634038,-2.534149843841321,1.7596622789832348,-1.2199335447094035,0.0606453741297639,0.2411776416094175,0.2762685754902675,0.03509093388085002,0.1804718529381708,0.20714607271250987,0.026674219774339064,0.22155713330854457,0.36610181561919974,0.14454468231065518,0.3004306642296604,0.40848542156566575,0.10805475733600534,0.3333333333333337,0.4503330521666704,0.11699971883333671,43.0,0.013843111404087014,40.0,0.012854317732366513,359.0,0.11799604482531312,2854.0,0.9403427818061965,2858.0,0.9416611733684904,0.012854317732366513,WACC_0p3_WRT_0p7,0.4053394858272907,152,False,,,False,False,False,False,False,17.0,0.041884816753926704
IBDD,Electricity,2472,0.73,43,0.7142857142857141,0.5871348551894666,0,35,4346,176,479,188,3,0.2890318714095271,0.3911194094331457,0.3424089621877973,0.2890318714095271,0.22270073803295595,0.2592592592592596,1.2233606186634038,-2.534149843841321,1.7596622789832348,-1.2199335447094035,0.0606453741297639,0.3911194094331457,0.6035415619753688,0.21242215254222307,0.3424089621877973,0.5607838215135896,0.21837485932579231,0.2890318714095271,0.5339630115288916,0.2449311401193645,0.22270073803295595,0.1909605656420501,0.031740172390905846,0.2592592592592596,0.19904005348567652,0.06021920577358306,2658.0,0.8757415952537904,2462.0,0.8111404087013843,2266.0,0.7465392221489783,51.0,0.016479894528675015,40.0,0.012854317732366513,0.012854317732366513,WACC_0p9_WRT_0p1,0.4925510876730389,153,False,,,False,False,False,False,False,35.0,0.08900523560209424
IBDD,Electricity,2414,0.74,37,0.7499999999999998,0.6123767684992667,0,25,1502,400,446,243,49,0.2584661577420591,0.3649426104452048,0.31413801928082125,0.2584661577420591,0.1838357749346038,0.22222222222222254,1.2233606186634038,-2.534149843841321,1.7596622789832348,-1.2199335447094035,0.0606453741297639,0.3649426104452048,0.3663933626208412,0.001450752175636394,0.31413801928082125,0.30220110917810455,0.011936910102716691,0.2584661577420591,0.3048058842913786,0.046339726549319504,0.1838357749346038,0.22847263613500204,0.04463686120039825,0.22222222222222254,0.26730754477082197,0.04508532254859943,252.0,0.08272907053394858,247.0,0.08108108108108109,41.0,0.013183915622940013,428.0,0.14073829927488465,1442.0,0.47495056031641397,0.013183915622940013,WACC_0p5_WRT_0p5,0.15853658536585366,154,False,,,False,False,False,False,False,25.0,0.06282722513089005
IBDD,Electricity,754,0.72,58,0.6785714285714283,0.5366267752811291,0,51,1292,725,214,197,2,0.35019266732163634,0.4434981589677179,0.3989780116851353,0.35019266732163634,0.2615657011313083,0.2962962962962967,1.2233606186634038,-2.534149843841321,1.7596622789832348,-1.2199335447094035,0.0606453741297639,0.4434981589677179,0.4935438977696025,0.05004573880188462,0.3989780116851353,0.4492669588916857,0.050288947206550416,0.35019266732163634,0.44068886653254224,0.0904961992109059,0.2615657011313083,0.20080526684285757,0.06076043428845071,0.2962962962962967,0.199135643348079,0.09716065294821771,1430.0,0.47099538562953197,1230.0,0.4050758075148319,1122.0,0.3694792353328939,98.0,0.03197099538562953,41.0,0.013183915622940013,0.013183915622940013,WACC_0p9_WRT_0p1,0.2581410678971655,155,False,,,False,False,False,False,False,51.0,0.13089005235602094
IBDD,Electricity,2908,0.69,4,0.5714285714285711,0.9615795586771548,0,4,4400,4,231,169,151,0.3080507851631509,0.01234567901234569,0.08571428571428578,0.3080507851631509,0.3781605904263649,0.4074074074074079,1.2233606186634038,-2.534149843841321,1.7596622789832348,-1.2199335447094035,0.0606453741297639,0.01234567901234569,0.2730662607142599,0.2607205817019142,0.08571428571428578,0.22332335207821913,0.13760906636393333,0.3080507851631509,0.36552163664703324,0.05747085148388237,0.3781605904263649,0.34883918895780647,0.02932140146855844,0.4074074074074079,0.3695330199153913,0.037874387492016603,41.0,0.013183915622940013,67.0,0.021753460777851022,352.0,0.11568885959129861,2496.0,0.8223467369808833,2545.0,0.8384970336189849,0.013183915622940013,WACC_0p1_WRT_0p9,0.3622940013183916,156,False,,,False,False,False,False,False,4.0,0.007853403141361256
IBDD,Electricity,1696,0.71,15,0.6428571428571426,0.7613104172452672,0,14,1190,427,884,231,160,0.22155713330854457,0.21049290063453774,0.1473323326853007,0.22155713330854457,0.3004306642296604,0.3333333333333337,1.2233606186634038,-2.534149843841321,1.7596622789832348,-1.2199335447094035,0.0606453741297639,0.21049290063453774,0.300992806833621,0.09049990619908327,0.1473323326853007,0.20855901244451994,0.06122667975921925,0.22155713330854457,0.3582704724614541,0.13671333915290954,0.3004306642296604,0.3889139704170219,0.0884833061873615,0.3333333333333337,0.4386835398767335,0.10535020654339977,84.0,0.027356624917600526,41.0,0.013183915622940013,306.0,0.1005273566249176,2788.0,0.9185893210283455,2827.0,0.9314436387607119,0.013183915622940013,WACC_0p3_WRT_0p7,0.3982201713909031,157,False,,,False,False,False,False,False,14.0,0.034031413612565446
IBDD,Electricity,1620,0.72,29,0.6785714285714283,0.6530777483102728,0,22,1038,555,134,194,11,0.2091808884512559,0.3227341869374949,0.2685529218924944,0.2091808884512559,0.2615657011313083,0.2962962962962967,1.2233606186634038,-2.534149843841321,1.7596622789832348,-1.2199335447094035,0.0606453741297639,0.3227341869374949,0.4443121780675346,0.1215779911300397,0.2685529218924944,0.40358244745790206,0.13502952556540765,0.2091808884512559,0.3712224779295719,0.162041589478316,0.2615657011313083,0.1870610550467377,0.07450464608457058,0.2962962962962967,0.22104061949130166,0.07525567680499506,799.0,0.26301911667765326,814.0,0.26796308503625577,398.0,0.13085036255767962,42.0,0.013513513513513514,327.0,0.1074489123269611,0.013513513513513514,WACC_0p7_WRT_0p3,0.15655899802241263,158,False,,,False,False,False,False,False,22.0,0.0549738219895288
IBDD,Electricity,2293,0.73,30,0.7142857142857141,0.6474320576490926,0,22,1476,265,410,169,131,0.21601731808663274,0.3285889772527928,0.27487609543301617,0.21601731808663274,0.22270073803295595,0.2592592592592596,1.2233606186634038,-2.534149843841321,1.7596622789832348,-1.2199335447094035,0.0606453741297639,0.3285889772527928,0.29968576626042576,0.028903210992367034,0.27487609543301617,0.22375376077286835,0.05112233466014782,0.21601731808663274,0.3054110226247117,0.08939370453807896,0.22270073803295595,0.3172141209317285,0.09451338289877256,0.2592592592592596,0.3731596853208517,0.11390042606159212,79.0,0.025708635464733027,68.0,0.022083058668424523,42.0,0.013513513513513514,2170.0,0.7148978246539223,2568.0,0.8460777851021754,0.013513513513513514,WACC_0p5_WRT_0p5,0.3244561634805537,159,False,,,False,False,False,False,False,22.0,0.0549738219895288
IBDD,Electricity,1644,0.71,16,0.6428571428571426,0.7508721827029736,0,15,2131,492,412,249,232,0.22155713330854457,0.22131773645617547,0.15902315537266942,0.22155713330854457,0.3004306642296604,0.3333333333333337,1.2233606186634038,-2.534149843841321,1.7596622789832348,-1.2199335447094035,0.0606453741297639,0.22131773645617547,0.2775258773614119,0.0562081409052364,0.15902315537266942,0.20858556964426223,0.0495624142715928,0.22155713330854457,0.4077946074440521,0.18623747413550754,0.3004306642296604,0.46062839997728605,0.16019773574762564,0.3333333333333337,0.5057779206324174,0.17244458729908374,46.0,0.014831905075807514,42.0,0.013513513513513514,747.0,0.24588002636783124,2978.0,0.9812129202373104,2987.0,0.984179301252472,0.013513513513513514,WACC_0p3_WRT_0p7,0.447923533289387,160,False,,,False,False,False,False,False,15.0,0.03664921465968586
IBDD,Electricity,2939,0.69,17,0.5714285714285711,0.7410307533983356,0,17,2300,368,614,128,109,0.3080507851631509,0.23152366314246678,0.17004555619386405,0.3080507851631509,0.3781605904263649,0.4074074074074079,1.2233606186634038,-2.534149843841321,1.7596622789832348,-1.2199335447094035,0.0606453741297639,0.23152366314246678,0.3093768630405722,0.07785319989810544,0.17004555619386405,0.2376037645634138,0.06755820836954976,0.3080507851631509,0.3057332085906365,0.002317576572514357,0.3781605904263649,0.31247431665594105,0.06568627377042385,0.4074074074074079,0.3708812670816869,0.03652614032572099,97.0,0.03164139749505603,96.0,0.031311799604482535,43.0,0.013843111404087014,2122.0,0.6990771259063941,2554.0,0.8414634146341463,0.013843111404087014,WACC_0p5_WRT_0p5,0.32346736980883317,161,False,,,False,False,False,False,False,17.0,0.041884816753926704
IBDD,Electricity,1503,0.74,55,0.7499999999999998,0.5456120211274459,0,42,3808,769,55,213,4,0.33931233315680515,0.4341801262382042,0.3889145363372606,0.33931233315680515,0.1838357749346038,0.22222222222222254,1.2233606186634038,-2.534149843841321,1.7596622789832348,-1.2199335447094035,0.0606453741297639,0.4341801262382042,0.5245553288869043,0.09037520264870008,0.3889145363372606,0.48405629168307956,0.09514175534581898,0.33931233315680515,0.45906075603519575,0.1197484228783906,0.1838357749346038,0.19554062457016852,0.011704849635564729,0.22222222222222254,0.19965496531295823,0.02256725690926431,1893.0,0.6235992089650626,1665.0,0.5484508899143046,1349.0,0.44429795649307846,68.0,0.022083058668424523,43.0,0.013843111404087014,0.013843111404087014,WACC_0p9_WRT_0p1,0.3304548450889914,162,False,,,False,False,False,False,False,42.0,0.10732984293193717
IBDD,Electricity,1307,0.71,19,0.6428571428571426,0.7228899759224219,0,18,696,585,436,184,164,0.22155713330854457,0.25033632126563654,0.19036322696688743,0.22155713330854457,0.3004306642296604,0.3333333333333337,1.2233606186634038,-2.534149843841321,1.7596622789832348,-1.2199335447094035,0.0606453741297639,0.25033632126563654,0.29156490467178736,0.04122858340615082,0.19036322696688743,0.2105160204514863,0.020152793484598863,0.22155713330854457,0.3644841621865085,0.1429270288779639,0.3004306642296604,0.3917130992423394,0.09128243501267896,0.3333333333333337,0.4407248110020003,0.10739147766866658,59.0,0.01911667765326302,43.0,0.013843111404087014,346.0,0.11371127224785761,2798.0,0.9218852999340804,2833.0,0.9334212261041529,0.013843111404087014,WACC_0p3_WRT_0p7,0.40039551746868823,163,False,,,False,False,False,False,False,18.0,0.04450261780104712
IBDD,Electricity,832,0.72,85,0.6785714285714283,0.4717483562690882,0,78,4933,1272,481,247,4,0.4287546667383026,0.5107794823876122,0.4716418409786212,0.4287546667383026,0.2615657011313083,0.2962962962962967,1.2233606186634038,-2.534149843841321,1.7596622789832348,-1.2199335447094035,0.0606453741297639,0.5107794823876122,0.5345665935457525,0.02378711115814036,0.4716418409786212,0.49792043642875816,0.026278595450136943,0.4287546667383026,0.4823270606808856,0.05357239394258301,0.2615657011313083,0.18829349990451366,0.07327220122679462,0.2962962962962967,0.2043500613413984,0.09194623495489831,2031.0,0.6690837178642056,1844.0,0.6074489123269611,1686.0,0.555372445616348,44.0,0.014172709294660513,74.0,0.024060646011865524,0.014172709294660513,WACC_0p7_WRT_0p3,0.37402768622280813,164,False,,,False,False,False,False,False,78.0,0.20157068062827224
IBDD,Electricity,1394,0.71,20,0.6428571428571426,0.7144893762700298,0,19,439,650,465,195,158,0.22155713330854457,0.2590480542384876,0.1997718985775665,0.22155713330854457,0.3004306642296604,0.3333333333333337,1.2233606186634038,-2.534149843841321,1.7596622789832348,-1.2199335447094035,0.0606453741297639,0.2590480542384876,0.2914831099273278,0.0324350556888402,0.1997718985775665,0.21174051524023482,0.011968616662668324,0.22155713330854457,0.3648039438374674,0.14324681052892282,0.3004306642296604,0.3959251928516435,0.0954945286219831,0.3333333333333337,0.43747383684137153,0.10414050350803783,58.0,0.018787079762689517,44.0,0.014172709294660513,348.0,0.11437046802900462,2813.0,0.926829268292683,2823.0,0.9301252471984179,0.014172709294660513,WACC_0p3_WRT_0p7,0.4008569545154911,165,False,,,False,False,False,False,False,19.0,0.04712041884816754
IBDD,Electricity,636,0.74,125,0.7499999999999998,0.405987565903148,0,111,4250,1883,986,197,7,0.5083851394446378,0.5789758575819206,0.5452939261884742,0.5083851394446378,0.18881628921977647,0.22222222222222254,1.2233606186634038,-2.534149843841321,1.7596622789832348,-1.2199335447094035,0.0606453741297639,0.5789758575819206,0.5591101379604915,0.019865719621429134,0.5452939261884742,0.5147158366292323,0.030578089559241906,0.5083851394446378,0.5067500288799432,0.001635110564694564,0.18881628921977647,0.21133471390742878,0.022518424687652305,0.22222222222222254,0.19996397818369901,0.022258244038523528,2294.0,0.7557679630850362,2037.0,0.6710613052076466,2019.0,0.6651285431773236,177.0,0.05800922874093606,44.0,0.014172709294660513,0.014172709294660513,WACC_0p9_WRT_0p1,0.43282794990112067,166,False,,,False,False,False,False,False,111.0,0.2879581151832461
IBDD,Electricity,2711,0.74,22,0.7499999999999998,0.698826024826517,0,11,2391,412,950,198,4,0.1537837914240359,0.2752915298095379,0.21731485219430086,0.1537837914240359,0.1838357749346038,0.22222222222222254,1.2233606186634038,-2.534149843841321,1.7596622789832348,-1.2199335447094035,0.0606453741297639,0.2752915298095379,0.4445987678839847,0.1693072380744468,0.21731485219430086,0.40357982062868186,0.186264968434381,0.1537837914240359,0.3531275289926672,0.1993437375686313,0.1838357749346038,0.18890699927468627,0.005071224340082475,0.22222222222222254,0.2152906933902171,0.006931528832005429,804.0,0.26466710613052075,813.0,0.26763348714568225,270.0,0.08866183256427158,45.0,0.014502307185234015,219.0,0.07185234014502308,0.014502307185234015,WACC_0p7_WRT_0p3,0.14146341463414636,167,False,,,False,False,False,False,False,11.0,0.02617801047120419
IBDD,Electricity,2545,0.74,49,0.7499999999999998,0.56512474322221,0,36,3760,456,260,206,117,0.31568416087440226,0.413944710732523,0.3670602875911248,0.31568416087440226,0.1838357749346038,0.22222222222222254,1.2233606186634038,-2.534149843841321,1.7596622789832348,-1.2199335447094035,0.0606453741297639,0.413944710732523,0.3436234313094729,0.07032127942305005,0.3670602875911248,0.26767023575781485,0.09939005183330996,0.31568416087440226,0.30594227831324433,0.009741882561157933,0.1838357749346038,0.28567449144755147,0.10183871651294768,0.22222222222222254,0.327328977559844,0.10510675533762148,179.0,0.05866842452208306,156.0,0.05108767303889255,45.0,0.014502307185234015,1744.0,0.5744891232696111,2248.0,0.7406064601186553,0.014502307185234015,WACC_0p5_WRT_0p5,0.2878707976268952,168,False,,,False,False,False,False,False,36.0,0.09162303664921466
IBDD,Electricity,354,0.73,88,0.7142857142857141,0.4658445274206108,0,80,4147,1005,100,204,8,0.435903678776714,0.516901971563811,0.47825412928891586,0.435903678776714,0.22270073803295595,0.2592592592592596,1.2233606186634038,-2.534149843841321,1.7596622789832348,-1.2199335447094035,0.0606453741297639,0.516901971563811,0.5209181108580765,0.004016139294265475,0.47825412928891586,0.4946248888604933,0.01637075957157741,0.435903678776714,0.4779148862461333,0.04201120746941933,0.22270073803295595,0.20749890950163008,0.015201828531325873,0.2592592592592596,0.19997743613502234,0.05928182312423724,1844.0,0.6074489123269611,1804.0,0.5942649967040211,1618.0,0.5329597890573501,144.0,0.04713249835201055,45.0,0.014502307185234015,0.014502307185234015,WACC_0p9_WRT_0p1,0.3592617007251154,169,False,,,False,False,False,False,False,80.0,0.20680628272251309
IBDD,Electricity,295,0.73,39,0.7142857142857141,0.6035451845450552,0,31,663,1,1000,237,10,0.2691604210121032,0.3741012901014241,0.32402939330953806,0.2691604210121032,0.22270073803295595,0.2592592592592596,1.2233606186634038,-2.534149843841321,1.7596622789832348,-1.2199335447094035,0.0606453741297639,0.3741012901014241,0.34610556034822076,0.027995729753203358,0.32402939330953806,0.275836598206108,0.04819279510343005,0.2691604210121032,0.3074843953345999,0.038323974322496734,0.22270073803295595,0.22150626725505235,0.0011944707779036057,0.2592592592592596,0.2707705148219714,0.01151125556271182,189.0,0.06196440342781806,173.0,0.05669083717864205,46.0,0.014831905075807514,304.0,0.0998681608437706,1524.0,0.501977587343441,0.014831905075807514,WACC_0p5_WRT_0p5,0.14706657877389584,170,False,,,False,False,False,False,False,31.0,0.07853403141361257
IBDD,Electricity,154,0.71,36,0.6428571428571426,0.6169684576436263,0,33,1764,322,1000,233,10,0.2529060302701837,0.36018085873994304,0.30899532743913843,0.2529060302701837,0.3004306642296604,0.3333333333333337,1.2233606186634038,-2.534149843841321,1.7596622789832348,-1.2199335447094035,0.0606453741297639,0.36018085873994304,0.44840906339662384,0.0882282046566808,0.30899532743913843,0.38378303712049494,0.0747877096813565,0.2529060302701837,0.35153929099783204,0.09863326072764833,0.3004306642296604,0.18899102776950832,0.11143963646015209,0.3333333333333337,0.23875164824404593,0.09458168508928777,846.0,0.27851021753460775,681.0,0.22412656558998023,255.0,0.08371786420566908,46.0,0.014831905075807514,722.0,0.23764007910349375,0.014831905075807514,WACC_0p7_WRT_0p3,0.16776532630191165,171,False,,,False,False,False,False,False,33.0,0.08376963350785341
IBDD,Electricity,2799,0.72,16,0.6785714285714283,0.7508721827029736,0,9,1178,311,508,154,143,0.17831030738124148,0.22131773645617547,0.15902315537266942,0.17831030738124148,0.2615657011313083,0.2962962962962967,1.2233606186634038,-2.534149843841321,1.7596622789832348,-1.2199335447094035,0.0606453741297639,0.22131773645617547,0.29345309732248537,0.0721353608663099,0.15902315537266942,0.21244188221530316,0.05341872684263374,0.17831030738124148,0.3208577740019641,0.1425474666207226,0.2615657011313083,0.3335259941989959,0.07196029306768764,0.2962962962962967,0.3820310489309822,0.0857347526346855,63.0,0.02043506921555702,46.0,0.014831905075807514,88.0,0.028675016479894528,2355.0,0.7758734344100198,2613.0,0.8609096901779829,0.014831905075807514,WACC_0p3_WRT_0p7,0.34014502307185235,172,False,,,False,False,False,False,False,9.0,0.020942408376963352
IBDD,Electricity,480,0.73,145,0.7142857142857141,0.3806214707353315,0,137,4190,2166,327,222,2,0.5391012263056209,0.6052814377559526,0.5737039527764287,0.5391012263056209,0.22270073803295595,0.2592592592592596,1.2233606186634038,-2.534149843841321,1.7596622789832348,-1.2199335447094035,0.0606453741297639,0.6052814377559526,0.5479944145104043,0.05728702324554824,0.5737039527764287,0.5290755535470799,0.0446283992293488,0.5391012263056209,0.5336774386658295,0.005423787639791344,0.22270073803295595,0.21955247330481745,0.0031482647281385057,0.2592592592592596,0.20022155368417768,0.059037705575081895,2175.0,0.7165458141067897,2177.0,0.7172050098879367,2263.0,0.7455504284772577,284.0,0.0932762030323006,46.0,0.014831905075807514,0.014831905075807514,WACC_0p9_WRT_0p1,0.45748187211601854,173,False,,,False,False,False,False,False,137.0,0.35602094240837695
IBDD,Electricity,501,0.73,49,0.7142857142857141,0.56512474322221,0,41,385,124,612,167,4,0.31568416087440226,0.413944710732523,0.3670602875911248,0.31568416087440226,0.22270073803295595,0.2592592592592596,1.2233606186634038,-2.534149843841321,1.7596622789832348,-1.2199335447094035,0.0606453741297639,0.413944710732523,0.4134580780844115,0.00048663264811149576,0.3670602875911248,0.3489563924630652,0.0181038951280596,0.31568416087440226,0.3177811763984995,0.0020970155240972455,0.22270073803295595,0.18937924642482268,0.033321491608133275,0.2592592592592596,0.21058341853493848,0.0486758407243211,529.0,0.17402768622280818,475.0,0.15622940013183917,80.0,0.026038233355306525,47.0,0.015161502966381015,159.0,0.05207646671061305,0.015161502966381015,WACC_0p7_WRT_0p3,0.0847066578773896,174,False,,,False,False,False,False,False,41.0,0.10471204188481675
IBDD,Electricity,2091,0.73,18,0.7142857142857141,0.7317215598766331,0,10,1515,76,780,201,67,0.13506348145393826,0.2411776416094175,0.1804718529381708,0.13506348145393826,0.22270073803295595,0.2592592592592596,1.2233606186634038,-2.534149843841321,1.7596622789832348,-1.2199335447094035,0.0606453741297639,0.2411776416094175,0.3367298026337328,0.09555216102431532,0.1804718529381708,0.2662332139607052,0.0857613610225344,0.13506348145393826,0.3075369695088878,0.17247348805494955,0.22270073803295595,0.25084638077971066,0.028145642746754712,0.2592592592592596,0.30178667748109533,0.042527418221835755,157.0,0.051417270929466054,151.0,0.049439683586025046,47.0,0.015161502966381015,983.0,0.3236651285431773,2018.0,0.6647989452867502,0.015161502966381015,WACC_0p5_WRT_0p5,0.22089650626235993,175,False,,,False,False,False,False,False,10.0,0.02356020942408377
IBDD,Electricity,499,0.73,94,0.7142857142857141,0.454611535799055,0,86,3732,1406,847,243,6,0.44950583330912175,0.5285509999120911,0.49083507990505837,0.44950583330912175,0.22270073803295595,0.2592592592592596,1.2233606186634038,-2.534149843841321,1.7596622789832348,-1.2199335447094035,0.0606453741297639,0.5285509999120911,0.5224484096048279,0.006102590307263234,0.49083507990505837,0.4837465392242556,0.0070885406808027795,0.44950583330912175,0.4686639574010969,0.01915812409197515,0.22270073803295595,0.1996414161355527,0.023059321897403257,0.2592592592592596,0.2004092869124027,0.05884997234685688,1864.0,0.6140408701384311,1664.0,0.548121292023731,1478.0,0.48681608437706,93.0,0.03032300593276203,47.0,0.015161502966381015,0.015161502966381015,WACC_0p9_WRT_0p1,0.338892551087673,176,False,,,False,False,False,False,False,86.0,0.22251308900523561
IBDD,Electricity,1369,0.71,15,0.6428571428571426,0.7613104172452672,0,14,2454,447,547,220,131,0.22155713330854457,0.21049290063453774,0.1473323326853007,0.22155713330854457,0.3004306642296604,0.3333333333333337,1.2233606186634038,-2.534149843841321,1.7596622789832348,-1.2199335447094035,0.0606453741297639,0.21049290063453774,0.2979412756180967,0.08744837498355895,0.1473323326853007,0.21271327184221403,0.06538093915691334,0.22155713330854457,0.3203439142209377,0.09878678091239315,0.3004306642296604,0.3405368843120738,0.04010622008241338,0.3333333333333337,0.37921932322940705,0.04588598989607334,74.0,0.024060646011865524,47.0,0.015161502966381015,86.0,0.02801582069874753,2420.0,0.7972972972972973,2601.0,0.8569545154911009,0.015161502966381015,WACC_0p3_WRT_0p7,0.3442979564930784,177,False,,,False,False,False,False,False,14.0,0.034031413612565446
IBDD,Electricity,1668,0.72,34,0.6785714285714283,0.6265363711819671,0,27,2376,987,34,246,6,0.24132013731434054,0.3502585780335155,0.2982792642761968,0.24132013731434054,0.2615657011313083,0.2962962962962967,1.2233606186634038,-2.534149843841321,1.7596622789832348,-1.2199335447094035,0.0606453741297639,0.3502585780335155,0.43895717666977985,0.08869859863626434,0.2982792642761968,0.39038897133256306,0.09210970705636629,0.24132013731434054,0.3737280217019227,0.13240788438758216,0.2615657011313083,0.19038174397332697,0.07118395715798131,0.2962962962962967,0.22037060740740771,0.07592568888888901,742.0,0.24423203691496376,719.0,0.23665128543177325,423.0,0.13909030982201714,48.0,0.015491100856954515,314.0,0.1031641397495056,0.015491100856954515,WACC_0p7_WRT_0p3,0.14772577455504282,178,False,,,False,False,False,False,False,27.0,0.06806282722513089
IBDD,Electricity,2912,0.75,30,0.7857142857142856,0.6474320576490926,0,13,1817,237,148,206,43,0.21601731808663274,0.3285889772527928,0.27487609543301617,0.21601731808663274,0.14497081183625146,0.18518518518518542,1.2233606186634038,-2.534149843841321,1.7596622789832348,-1.2199335447094035,0.0606453741297639,0.3285889772527928,0.36783063252857,0.03924165527577722,0.27487609543301617,0.31304785001546354,0.03817175458244737,0.21601731808663274,0.30770388453570824,0.0916865664490755,0.14497081183625146,0.23533449285327762,0.09036368101702616,0.18518518518518542,0.2721665306870653,0.08698134550187989,259.0,0.08503625576796309,290.0,0.0952537903757416,48.0,0.015491100856954515,584.0,0.1921555702043507,1568.0,0.516479894528675,0.015491100856954515,WACC_0p5_WRT_0p5,0.18088332234673699,179,False,,,False,False,False,False,False,13.0,0.031413612565445025
IBDD,Electricity,2233,0.71,12,0.6428571428571426,0.7970613765886635,0,11,4241,333,378,223,178,0.22155713330854457,0.17341783168583041,0.10729125822069678,0.22155713330854457,0.3004306642296604,0.3333333333333337,1.2233606186634038,-2.534149843841321,1.7596622789832348,-1.2199335447094035,0.0606453741297639,0.17341783168583041,0.27873991048642766,0.10532207880059724,0.10729125822069678,0.21275874456998198,0.1054674863492852,0.22155713330854457,0.37378099625359873,0.15222386294505416,0.3004306642296604,0.3858238796574526,0.08539321542779216,0.3333333333333337,0.41523441142711176,0.08190107809377806,48.0,0.015491100856954515,48.0,0.015491100856954515,424.0,0.13941990771259063,2773.0,0.9136453526697429,2749.0,0.9057350032959789,0.015491100856954515,WACC_0p1_WRT_0p9,0.39795649307844433,180,False,,,False,False,False,False,False,11.0,0.02617801047120419
IBDD,Electricity,716,0.73,46,0.7142857142857141,0.5757783350642198,0,38,3493,410,242,221,9,0.30278360798142806,0.40289654141488307,0.3551282647280737,0.30278360798142806,0.22270073803295595,0.2592592592592596,1.2233606186634038,-2.534149843841321,1.7596622789832348,-1.2199335447094035,0.0606453741297639,0.40289654141488307,0.49948431824891515,0.09658777683403208,0.3551282647280737,0.45412905561043115,0.09900079088235747,0.30278360798142806,0.4157141331638565,0.11293052518242847,0.22270073803295595,0.19055771787152895,0.032143020161427005,0.2592592592592596,0.2062265788971074,0.05303268036215217,1511.0,0.4976928147659855,1294.0,0.42617007251153594,825.0,0.27158866183256425,49.0,0.015820698747528016,101.0,0.03295978905735003,0.015820698747528016,WACC_0p7_WRT_0p3,0.24884640738299274,181,False,,,False,False,False,False,False,38.0,0.0968586387434555
IBDD,Electricity,2334,0.73,31,0.7142857142857141,0.6419656258679005,0,23,3250,260,987,188,119,0.22263668114980414,0.3342578694703253,0.2809984990279513,0.22263668114980414,0.22270073803295595,0.2592592592592596,1.2233606186634038,-2.534149843841321,1.7596622789832348,-1.2199335447094035,0.0606453741297639,0.3342578694703253,0.31253898628438215,0.021718883185943172,0.2809984990279513,0.24325669496513594,0.03774180406281538,0.22263668114980414,0.3077466867716592,0.08511000562185503,0.22270073803295595,0.28649916410351317,0.06379842607055722,0.2592592592592596,0.3326703017430522,0.0734110424837926,109.0,0.035596572181938034,107.0,0.03493737640079104,49.0,0.015820698747528016,1757.0,0.5787738958470666,2285.0,0.7528015820698748,0.015820698747528016,WACC_0p5_WRT_0p5,0.2835860250494397,182,False,,,False,False,False,False,False,23.0,0.05759162303664921
IBDD,Electricity,2686,0.7,8,0.6071428571428569,0.860375544775702,0,8,1661,111,898,247,128,0.26480395923584765,0.1077586943066794,0.0685714285714286,0.26480395923584765,0.33929562732801266,0.37037037037037074,1.2233606186634038,-2.534149843841321,1.7596622789832348,-1.2199335447094035,0.0606453741297639,0.1077586943066794,0.28328261043764646,0.17552391613096707,0.0685714285714286,0.22186153818018947,0.15329010960876088,0.26480395923584765,0.3201397337796948,0.05533577454384714,0.33929562732801266,0.32349150124618076,0.015804126081831904,0.37037037037037074,0.38195538763652775,0.011585017266157016,49.0,0.015820698747528016,64.0,0.02076466710613052,85.0,0.027686222808174028,2239.0,0.7376400791034937,2612.0,0.8605800922874094,0.015820698747528016,WACC_0p1_WRT_0p9,0.3324983520105471,183,False,,,False,False,False,False,False,8.0,0.01832460732984293
IBDD,Electricity,628,0.74,97,0.7499999999999998,0.4492584163869911,0,84,4623,1114,221,169,1,0.45598798516380645,0.5341023830060834,0.49683057364657,0.45598798516380645,0.1838357749346038,0.22222222222222254,1.2233606186634038,-2.534149843841321,1.7596622789832348,-1.2199335447094035,0.0606453741297639,0.5341023830060834,0.5833956498693443,0.049293266863260965,0.49683057364657,0.5583737463004953,0.06154317265392528,0.45598798516380645,0.5326196927591557,0.07663170759534921,0.1838357749346038,0.22173337939987026,0.037897604465266466,0.22222222222222254,0.20086577103231656,0.02135645118990598,2507.0,0.8259723137771918,2449.0,0.8068556361239289,2255.0,0.7429136453526698,306.0,0.1005273566249176,49.0,0.015820698747528016,0.015820698747528016,WACC_0p9_WRT_0p1,0.4984179301252472,184,False,,,False,False,False,False,False,84.0,0.21727748691099477
IBDD,Electricity,209,0.73,13,0.7142857142857141,0.7843016038821788,0,6,2208,160,1000,225,10,0.13506348145393826,0.18665018856662932,0.12158220365195957,0.13506348145393826,0.22270073803295595,0.2592592592592596,1.2233606186634038,-2.534149843841321,1.7596622789832348,-1.2199335447094035,0.0606453741297639,0.18665018856662932,0.3960834331118043,0.20943324454517495,0.12158220365195957,0.3169035210494108,0.1953213173974512,0.13506348145393826,0.3083494365017868,0.17328595504784855,0.22270073803295595,0.19635587516426256,0.02634486286869339,0.2592592592592596,0.2531166649869287,0.006142594272330881,420.0,0.13810151615029664,311.0,0.1021753460777851,50.0,0.016150296638101518,75.0,0.024390243902439025,1096.0,0.36090969017798286,0.016150296638101518,WACC_0p5_WRT_0p5,0.12834541858932105,185,False,,,False,False,False,False,False,6.0,0.013089005235602094
IBDD,Electricity,1647,0.73,36,0.7142857142857141,0.6169684576436263,0,28,3883,60,558,192,126,0.2529060302701837,0.36018085873994304,0.30899532743913843,0.2529060302701837,0.22270073803295595,0.2592592592592596,1.2233606186634038,-2.534149843841321,1.7596622789832348,-1.2199335447094035,0.0606453741297639,0.36018085873994304,0.28374978904466386,0.07643106969527919,0.30899532743913843,0.22934206970205528,0.07965325773708315,0.2529060302701837,0.3461491584262983,0.09324312815611457,0.22270073803295595,0.3245950089380345,0.10189427090507855,0.2592592592592596,0.35027692165345975,0.09101766239420017,50.0,0.016150296638101518,78.0,0.025379037574159526,214.0,0.07020435069215557,2254.0,0.7425840474620963,2416.0,0.7959789057350033,0.016150296638101518,WACC_0p1_WRT_0p9,0.3300593276203032,186,False,,,False,False,False,False,False,28.0,0.07068062827225131
IBDD,Electricity,776,0.73,61,0.7142857142857141,0.5280872662717262,0,53,3993,374,336,210,1,0.3605332537913963,0.4523539460885802,0.40854226177566655,0.3605332537913963,0.22270073803295595,0.2592592592592596,1.2233606186634038,-2.534149843841321,1.7596622789832348,-1.2199335447094035,0.0606453741297639,0.4523539460885802,0.5725208430098904,0.12016689692131016,0.40854226177566655,0.5418182866591091,0.1332760248834426,0.3605332537913963,0.4985041790110345,0.13797092521963822,0.22270073803295595,0.19089273759472106,0.031808000438234896,0.2592592592592596,0.20625902075984992,0.05300023849940966,2417.0,0.7963085036255768,2298.0,0.7570863546473302,1913.0,0.6301911667765326,50.0,0.016150296638101518,103.0,0.03361898483849703,0.016150296638101518,WACC_0p7_WRT_0p3,0.44667106130520756,187,False,,,False,False,False,False,False,53.0,0.13612565445026178
IBDD,Electricity,1091,0.73,129,0.7142857142857141,0.4006065611337189,0,121,3908,2282,142,196,2,0.5149010579888075,0.5845561588242916,0.5513206515302349,0.5149010579888075,0.22270073803295595,0.2592592592592596,1.2233606186634038,-2.534149843841321,1.7596622789832348,-1.2199335447094035,0.0606453741297639,0.5845561588242916,0.551025239367485,0.03353091945680653,0.5513206515302349,0.5333749677617283,0.017945683768506582,0.5149010579888075,0.5366741011088543,0.021773043120046798,0.22270073803295595,0.2273299013851819,0.0046291633522259346,0.2592592592592596,0.2009350926061701,0.05832416665308948,2214.0,0.7294001318391562,2226.0,0.7333553065260382,2294.0,0.7557679630850362,403.0,0.13249835201054713,50.0,0.016150296638101518,0.016150296638101518,WACC_0p9_WRT_0p1,0.47343441001977576,188,False,,,False,False,False,False,False,121.0,0.31413612565445026
IBDD,Electricity,1323,0.72,33,0.6785714285714283,0.6315273913256072,0,26,2874,853,527,200,76,0.23527645549249393,0.34508270529196283,0.29268932171531986,0.23527645549249393,0.2615657011313083,0.2962962962962967,1.2233606186634038,-2.534149843841321,1.7596622789832348,-1.2199335447094035,0.0606453741297639,0.34508270529196283,0.3681408245519132,0.023058119259950383,0.29268932171531986,0.3039612045941125,0.01127188287879266,0.23527645549249393,0.30900269244855993,0.073726236956066,0.2615657011313083,0.23413056864384738,0.027435132487460906,0.2962962962962967,0.2842166933776167,0.012079602918680044,262.0,0.08602504943968359,253.0,0.08305866842452209,51.0,0.016479894528675015,557.0,0.18325642715886617,1776.0,0.585036255767963,0.016479894528675015,WACC_0p5_WRT_0p5,0.19077125906394196,189,False,,,False,False,False,False,False,26.0,0.06544502617801047
IBDD,Electricity,2123,0.71,18,0.6428571428571426,0.7317215598766331,0,17,3717,558,419,200,197,0.22155713330854457,0.2411776416094175,0.1804718529381708,0.22155713330854457,0.3004306642296604,0.3333333333333337,1.2233606186634038,-2.534149843841321,1.7596622789832348,-1.2199335447094035,0.0606453741297639,0.2411776416094175,0.28677218414854433,0.04559454253912684,0.1804718529381708,0.2215257007339066,0.04105384779573579,0.22155713330854457,0.3785438892625834,0.15698675595403885,0.3004306642296604,0.4164446372760312,0.11601397304637079,0.3333333333333337,0.45103623311817986,0.11770289978484616,51.0,0.016479894528675015,62.0,0.02010547132498352,459.0,0.15095583388266315,2874.0,0.9469347396176665,2860.0,0.9423203691496375,0.016479894528675015,WACC_0p1_WRT_0p9,0.4153592617007251,190,False,,,False,False,False,False,False,17.0,0.041884816753926704
IBDD,Electricity,1917,0.71,21,0.6428571428571426,0.706479646566833,0,20,1909,689,625,235,179,0.22155713330854457,0.2673544405973583,0.2087427958451469,0.22155713330854457,0.3004306642296604,0.3333333333333337,1.2233606186634038,-2.534149843841321,1.7596622789832348,-1.2199335447094035,0.0606453741297639,0.2673544405973583,0.2948426321190756,0.027488191521717276,0.2087427958451469,0.21525954912484546,0.006516753279698556,0.22155713330854457,0.3831750083792722,0.16161787507072764,0.3004306642296604,0.4154704440175751,0.11503977978791469,0.3333333333333337,0.464883677818551,0.1315503444852173,68.0,0.022083058668424523,51.0,0.016479894528675015,501.0,0.16479894528675015,2869.0,0.9452867501647989,2902.0,0.9561634805537245,0.016479894528675015,WACC_0p3_WRT_0p7,0.4209624258404746,191,False,,,False,False,False,False,False,20.0,0.049738219895287955
IBDD,Electricity,1289,0.74,22,0.7499999999999998,0.698826024826517,0,11,2413,482,144,134,63,0.1537837914240359,0.2752915298095379,0.21731485219430086,0.1537837914240359,0.1838357749346038,0.22222222222222254,1.2233606186634038,-2.534149843841321,1.7596622789832348,-1.2199335447094035,0.0606453741297639,0.2752915298095379,0.3652568224939972,0.0899652926844593,0.21731485219430086,0.29991043396782685,0.082595581773526,0.1537837914240359,0.30998117279512705,0.15619738137109115,0.1838357749346038,0.2492089398202126,0.06537316488560882,0.22222222222222254,0.28934726568064484,0.0671250434584223,246.0,0.08075148319050758,241.0,0.07910349373764008,52.0,0.016809492419248517,948.0,0.3121292023731048,1857.0,0.6117336849044166,0.016809492419248517,WACC_0p5_WRT_0p5,0.22010547132498354,192,False,,,False,False,False,False,False,11.0,0.02617801047120419
IBDD,Electricity,2494,0.72,26,0.6785714285714283,0.6712185257861867,0,19,1139,32,181,245,83,0.1872140191720258,0.3039215288143248,0.24823525111947084,0.1872140191720258,0.2615657011313083,0.2962962962962967,1.2233606186634038,-2.534149843841321,1.7596622789832348,-1.2199335447094035,0.0606453741297639,0.3039215288143248,0.2877067725248892,0.01621475628943564,0.24823525111947084,0.2332488533245685,0.01498639779490235,0.1872140191720258,0.3168562340151217,0.1296422148430959,0.2615657011313083,0.2920675447111107,0.0305018435798024,0.2962962962962967,0.33307811321105996,0.03678181691476323,53.0,0.017139090309822018,84.0,0.027356624917600526,75.0,0.024390243902439025,1842.0,0.6067897165458142,2288.0,0.7537903757415952,0.017139090309822018,WACC_0p1_WRT_0p9,0.2858932102834542,193,False,,,False,False,False,False,False,19.0,0.04712041884816754
IBDD,Electricity,1387,0.73,59,0.7142857142857141,0.5337329569329065,0,51,1626,126,614,211,4,0.35369682415601933,0.44649915577328214,0.4022190882351447,0.35369682415601933,0.22270073803295595,0.2592592592592596,1.2233606186634038,-2.534149843841321,1.7596622789832348,-1.2199335447094035,0.0606453741297639,0.44649915577328214,0.4804454161034074,0.033946260330125266,0.4022190882351447,0.4235443346493889,0.021325246414244214,0.35369682415601933,0.3883384261476384,0.034641601991619086,0.22270073803295595,0.19143492322694503,0.03126581480601093,0.2592592592592596,0.2217182306239541,0.03754102863530548,1214.0,0.3998022412656559,984.0,0.3239947264337508,538.0,0.17699406723796968,54.0,0.01746868820039552,339.0,0.1114040870138431,0.01746868820039552,WACC_0p7_WRT_0p3,0.205932762030323,194,False,,,False,False,False,False,False,51.0,0.13089005235602094
IBDD,Electricity,268,0.74,33,0.7499999999999998,0.6315273913256072,0,21,261,1,1000,135,10,0.23527645549249393,0.34508270529196283,0.29268932171531986,0.23527645549249393,0.1838357749346038,0.22222222222222254,1.2233606186634038,-2.534149843841321,1.7596622789832348,-1.2199335447094035,0.0606453741297639,0.34508270529196283,0.3078213943025254,0.03726131098943741,0.29268932171531986,0.2610049194315628,0.031684402283757074,0.23527645549249393,0.3101177574927313,0.07484130200023736,0.1838357749346038,0.30151104157078085,0.11767526663617706,0.22222222222222254,0.3255910543052209,0.10336883208299835,95.0,0.03098220171390903,135.0,0.044166117336849046,54.0,0.01746868820039552,1982.0,0.6529334212261042,2241.0,0.7382992748846408,0.01746868820039552,WACC_0p5_WRT_0p5,0.2967699406723797,195,False,,,False,False,False,False,False,21.0,0.05235602094240838
IBDD,Electricity,2504,0.71,19,0.6428571428571426,0.7228899759224219,0,18,3937,606,511,248,217,0.22155713330854457,0.25033632126563654,0.19036322696688743,0.22155713330854457,0.3004306642296604,0.3333333333333337,1.2233606186634038,-2.534149843841321,1.7596622789832348,-1.2199335447094035,0.0606453741297639,0.25033632126563654,0.300302522779683,0.04996620151404646,0.19036322696688743,0.2181016392262216,0.027738412259334183,0.22155713330854457,0.3915952730075362,0.17003813969899165,0.3004306642296604,0.42085903629370686,0.12042837206404644,0.3333333333333337,0.4569794365770536,0.12364610324371988,82.0,0.026697429136453527,54.0,0.01746868820039552,579.0,0.1905075807514832,2885.0,0.950560316413975,2881.0,0.9492419248516809,0.01746868820039552,WACC_0p3_WRT_0p7,0.4268951878707976,196,False,,,False,False,False,False,False,18.0,0.04450261780104712
IBDD,Electricity,816,0.73,129,0.7142857142857141,0.4006065611337189,0,121,4598,2185,599,205,2,0.5149010579888075,0.5845561588242916,0.5513206515302349,0.5149010579888075,0.22270073803295595,0.2592592592592596,1.2233606186634038,-2.534149843841321,1.7596622789832348,-1.2199335447094035,0.0606453741297639,0.5845561588242916,0.5546578380441266,0.029898320780164966,0.5513206515302349,0.5399515995495242,0.011369051980710698,0.5149010579888075,0.5408355816872986,0.02593452369849114,0.22270073803295595,0.21940991243218771,0.003290825600768238,0.2592592592592596,0.2014201711755366,0.057839088083722984,2251.0,0.7415952537903757,2284.0,0.7524719841793013,2332.0,0.7682926829268293,282.0,0.0926170072511536,54.0,0.01746868820039552,0.01746868820039552,WACC_0p9_WRT_0p1,0.4744891232696111,197,False,,,False,False,False,False,False,121.0,0.31413612565445026
IBDD,Electricity,1594,0.72,27,0.6785714285714283,0.6649568125048124,0,20,2570,710,392,208,37,0.19479639745204147,0.31041515740241665,0.25524836999461,0.19479639745204147,0.2615657011313083,0.2962962962962967,1.2233606186634038,-2.534149843841321,1.7596622789832348,-1.2199335447094035,0.0606453741297639,0.31041515740241665,0.3796143954099908,0.06919923800757416,0.25524836999461,0.3156696095218212,0.060421239527211235,0.19479639745204147,0.31019471468598864,0.11539831723394717,0.2615657011313083,0.21757462203968606,0.043991079091622226,0.2962962962962967,0.2403063459876522,0.05598995030864454,317.0,0.1041529334212261,308.0,0.1011865524060646,55.0,0.017798286090969017,248.0,0.08141067897165458,766.0,0.25214238628872776,0.017798286090969017,WACC_0p5_WRT_0p5,0.11133816743572841,198,False,,,False,False,False,False,False,20.0,0.049738219895287955
IBDD,Electricity,321,0.73,77,0.7142857142857141,0.4885595662217817,0,69,1232,390,558,146,9,0.40839778556566114,0.49334563502926343,0.4528132858316045,0.40839778556566114,0.22270073803295595,0.2592592592592596,1.2233606186634038,-2.534149843841321,1.7596622789832348,-1.2199335447094035,0.0606453741297639,0.49334563502926343,0.5140588964368449,0.02071326140758145,0.4528132858316045,0.47086384738382475,0.018050561552220235,0.40839778556566114,0.430404484684723,0.022006699119061834,0.22270073803295595,0.1914918981825682,0.03120883985038775,0.2592592592592596,0.20930316293191362,0.04995609632734596,1735.0,0.5715227422544495,1498.0,0.49340804218853,983.0,0.3236651285431773,55.0,0.017798286090969017,135.0,0.044166117336849046,0.017798286090969017,WACC_0p7_WRT_0p3,0.29011206328279504,199,False,,,False,False,False,False,False,69.0,0.17801047120418848
IBDD,Electricity,2631,0.71,18,0.6428571428571426,0.7317215598766331,0,17,1350,584,697,213,152,0.22155713330854457,0.2411776416094175,0.1804718529381708,0.22155713330854457,0.3004306642296604,0.3333333333333337,1.2233606186634038,-2.534149843841321,1.7596622789832348,-1.2199335447094035,0.0606453741297639,0.2411776416094175,0.305151652606597,0.0639740109971795,0.1804718529381708,0.21936493902986606,0.038893086091695256,0.22155713330854457,0.33811217231882507,0.1165550390102805,0.3004306642296604,0.35206939207798627,0.05163872784832585,0.3333333333333337,0.3971331609580511,0.06379982762471742,90.0,0.02933421226104153,55.0,0.017798286090969017,170.0,0.05570204350692155,2533.0,0.8345418589321029,2685.0,0.8846407382992749,0.017798286090969017,WACC_0p3_WRT_0p7,0.364403427818062,200,False,,,False,False,False,False,False,17.0,0.041884816753926704
IBDD,Electricity,596,0.73,78,0.7142857142857141,0.4863661844748775,0,70,4391,132,281,231,6,0.41105377592647485,0.49562025313716407,0.4552698733881372,0.41105377592647485,0.22270073803295595,0.2592592592592596,1.2233606186634038,-2.534149843841321,1.7596622789832348,-1.2199335447094035,0.0606453741297639,0.49562025313716407,0.5696777223916362,0.0740574692544721,0.4552698733881372,0.5111519873220546,0.0558821139339174,0.41105377592647485,0.49730184277347933,0.08624806684700448,0.22270073803295595,0.1956460286525378,0.02705470938041815,0.2592592592592596,0.20150827687117412,0.05775098238808546,2393.0,0.7883981542518128,1999.0,0.6585365853658537,1898.0,0.6252471984179301,69.0,0.02241265655899802,55.0,0.017798286090969017,0.017798286090969017,WACC_0p9_WRT_0p1,0.4224785761371127,201,False,,,False,False,False,False,False,70.0,0.1806282722513089
IBDD,Electricity,60,0.74,169,0.7499999999999998,0.3544173672480289,0,155,4709,1,325,199,10,0.5708320667643204,0.6324560635946368,0.6030525486822076,0.5708320667643204,0.21286757563224723,0.22222222222222254,1.2233606186634038,-2.534149843841321,1.7596622789832348,-1.2199335447094035,0.0606453741297639,0.6324560635946368,0.5390765110275261,0.09337955256711072,0.6030525486822076,0.4798063600498591,0.12324618863234849,0.5708320667643204,0.4870142419655542,0.0838178247987662,0.21286757563224723,0.20687579653913088,0.005991779093116351,0.22222222222222254,0.20152074808564688,0.020701474136575665,2085.0,0.6868820039551747,1620.0,0.533618984838497,1758.0,0.57910349373764,140.0,0.04581410678971654,56.0,0.01812788398154252,0.01812788398154252,WACC_0p9_WRT_0p1,0.37270929466051417,202,False,,,False,False,False,False,False,155.0,0.4031413612565445
IBDD,Electricity,2746,0.71,17,0.6428571428571426,0.7410307533983356,0,16,3875,493,929,177,175,0.22155713330854457,0.23152366314246678,0.17004555619386405,0.22155713330854457,0.3004306642296604,0.3333333333333337,1.2233606186634038,-2.534149843841321,1.7596622789832348,-1.2199335447094035,0.0606453741297639,0.23152366314246678,0.29460611281501686,0.06308244967255008,0.17004555619386405,0.21937674635114482,0.04933119015728077,0.22155713330854457,0.3737160355259328,0.15215890221738823,0.3004306642296604,0.40031139871368043,0.09988073448402002,0.3333333333333337,0.4185992700214293,0.08526593668809562,67.0,0.021753460777851022,56.0,0.01812788398154252,422.0,0.13876071193144363,2829.0,0.9321028345418589,2761.0,0.9096901779828609,0.01812788398154252,WACC_0p3_WRT_0p7,0.40408701384311135,203,False,,,False,False,False,False,False,16.0,0.03926701570680628
IBDD,Electricity,1254,0.71,22,0.6428571428571426,0.698826024826517,0,21,3367,692,775,218,209,0.22155713330854457,0.2752915298095379,0.21731485219430086,0.22155713330854457,0.3004306642296604,0.3333333333333337,1.2233606186634038,-2.534149843841321,1.7596622789832348,-1.2199335447094035,0.0606453741297639,0.2752915298095379,0.29083550745421843,0.015543977644680518,0.21731485219430086,0.2218506533420465,0.004535801147745655,0.22155713330854457,0.41540242628358665,0.19384529297504208,0.3004306642296604,0.450698750726982,0.1502680864973216,0.3333333333333337,0.47859945825282096,0.14526612491948726,56.0,0.01812788398154252,63.0,0.02043506921555702,822.0,0.27059986816084375,2956.0,0.9739617666446935,2941.0,0.9690177982860909,0.01812788398154252,WACC_0p1_WRT_0p9,0.45042847725774554,204,False,,,False,False,False,False,False,21.0,0.05235602094240838
IBDD,Electricity,2720,0.73,30,0.7142857142857141,0.6474320576490926,0,22,3095,556,653,141,84,0.21601731808663274,0.3285889772527928,0.27487609543301617,0.21601731808663274,0.22270073803295595,0.2592592592592596,1.2233606186634038,-2.534149843841321,1.7596622789832348,-1.2199335447094035,0.0606453741297639,0.3285889772527928,0.3610768547083405,0.03248787745554771,0.27487609543301617,0.29858833298642845,0.023712237553412285,0.21601731808663274,0.3105377657325864,0.09452044764595366,0.22270073803295595,0.2597434473054516,0.03704270927249567,0.2592592592592596,0.2933430997114716,0.03408384045221202,231.0,0.07580751483190508,237.0,0.07778510217534608,57.0,0.01845748187211602,1219.0,0.4014502307185234,1912.0,0.6298615688859591,0.01845748187211602,WACC_0p5_WRT_0p5,0.24067237969676994,205,False,,,False,False,False,False,False,22.0,0.0549738219895288
IBDD,Electricity,3023,0.67,5,0.5,0.930187772387851,0,7,2079,16,454,160,88,0.3945444370177566,0.03536082863482116,0.11999999999999991,0.3945444370177566,0.455890516623069,0.48148148148148157,1.2233606186634038,-2.534149843841321,1.7596622789832348,-1.2199335447094035,0.0606453741297639,0.03536082863482116,0.29083818639195197,0.2554773577571308,0.11999999999999991,0.22799875545042209,0.10799875545042217,0.3945444370177566,0.32093013961974526,0.07361429739801134,0.455890516623069,0.3006019535110637,0.15528856311200528,0.48148148148148157,0.3468126652685959,0.13466881621288568,57.0,0.01845748187211602,76.0,0.024719841793012523,91.0,0.02966381015161503,1966.0,0.6476598549769281,2386.0,0.7860909690177983,0.01845748187211602,WACC_0p1_WRT_0p9,0.301318391562294,206,False,,,False,False,False,False,False,7.0,0.015706806282722512
IBDD,Electricity,327,0.72,29,0.6785714285714283,0.6530777483102728,0,22,3254,219,59,165,7,0.2091808884512559,0.3227341869374949,0.2685529218924944,0.2091808884512559,0.2615657011313083,0.2962962962962967,1.2233606186634038,-2.534149843841321,1.7596622789832348,-1.2199335447094035,0.0606453741297639,0.3227341869374949,0.5449810117340483,0.22224682479655344,0.2685529218924944,0.49255934903906545,0.22400642714657104,0.2091808884512559,0.45034276495992986,0.24116187650867396,0.2615657011313083,0.20474131652071553,0.05682438461059275,0.2962962962962967,0.20153908814569535,0.09475720815060137,2147.0,0.7073170731707317,1783.0,0.5873434410019776,1236.0,0.4070533948582729,126.0,0.04119973632168754,57.0,0.01845748187211602,0.01845748187211602,WACC_0p9_WRT_0p1,0.3522742254449571,207,False,,,False,False,False,False,False,22.0,0.0549738219895288
IBDD,Electricity,2413,0.71,23,0.6428571428571426,0.691498189633118,0,22,1220,739,680,220,211,0.22155713330854457,0.2828907663063961,0.2255220276109077,0.22155713330854457,0.3004306642296604,0.3333333333333337,1.2233606186634038,-2.534149843841321,1.7596622789832348,-1.2199335447094035,0.0606453741297639,0.2828907663063961,0.29857803162180946,0.015687265315413368,0.2255220276109077,0.2201658856580414,0.005356141952866295,0.22155713330854457,0.42194047283744607,0.2003833395289015,0.3004306642296604,0.46805208455492436,0.16762142032526395,0.3333333333333337,0.501137779581119,0.16780444624778534,75.0,0.024390243902439025,57.0,0.01845748187211602,894.0,0.2943309162821358,2992.0,0.9858272907053395,2983.0,0.982860909690178,0.01845748187211602,WACC_0p3_WRT_0p7,0.46117336849044166,208,False,,,False,False,False,False,False,22.0,0.0549738219895288
IBDD,Electricity,2932,0.69,12,0.5714285714285711,0.7970613765886635,0,13,2105,262,647,234,27,0.3080507851631509,0.17341783168583041,0.10729125822069678,0.3080507851631509,0.3781605904263649,0.4074074074074079,1.2233606186634038,-2.534149843841321,1.7596622789832348,-1.2199335447094035,0.0606453741297639,0.17341783168583041,0.36852597275608434,0.19510814107025393,0.10729125822069678,0.31062983629272695,0.20333857807203015,0.3080507851631509,0.3113349043364786,0.0032841191733277153,0.3781605904263649,0.22293199531859315,0.15522859510777176,0.4074074074074079,0.27039199073729897,0.1370154166701089,265.0,0.08701384311140409,276.0,0.09063941990771258,58.0,0.018787079762689517,323.0,0.1061305207646671,1514.0,0.498681608437706,0.018787079762689517,WACC_0p5_WRT_0p5,0.16025049439683586,209,False,,,False,False,False,False,False,13.0,0.031413612565445025
IBDD,Electricity,503,0.73,170,0.7142857142857141,0.3534075218976023,0,160,4673,157,909,188,2,0.5720548997346554,0.6335033106247087,0.6041835754746855,0.5720548997346554,0.22270073803295595,0.2592592592592596,1.2233606186634038,-2.534149843841321,1.7596622789832348,-1.2199335447094035,0.0606453741297639,0.6335033106247087,0.5947869299739562,0.03871638065075245,0.6041835754746855,0.5687129528662738,0.03547062260841172,0.5720548997346554,0.5137622232554983,0.058292676479157146,0.22270073803295595,0.1927968033179926,0.02990393471496336,0.2592592592592596,0.20229362260041375,0.056965636658845825,2593.0,0.8543177323665129,2524.0,0.8315754779169413,2096.0,0.6905075807514832,58.0,0.018787079762689517,61.0,0.01977587343441002,0.018787079762689517,WACC_0p7_WRT_0p3,0.4829927488464074,210,False,,,False,False,False,False,False,160.0,0.4162303664921466
IBDD,Electricity,823,0.73,122,0.7142857142857141,0.4101366374806809,0,114,3989,3130,882,245,3,0.5033609825089801,0.5746731166867012,0.5406469660216373,0.5033609825089801,0.22270073803295595,0.2592592592592596,1.2233606186634038,-2.534149843841321,1.7596622789832348,-1.2199335447094035,0.0606453741297639,0.5746731166867012,0.5512024491828149,0.023470667503886267,0.5406469660216373,0.5486631000726723,0.008016134051034962,0.5033609825089801,0.547205831920464,0.04384484941148392,0.22270073803295595,0.22124792593573156,0.001452812097224393,0.2592592592592596,0.2018530828196404,0.05740617643961918,2218.0,0.7307185234014503,2363.0,0.7785102175346078,2393.0,0.7883981542518128,301.0,0.09887936717205009,58.0,0.018787079762689517,0.018787079762689517,WACC_0p9_WRT_0p1,0.48305866842452205,211,False,,,False,False,False,False,False,114.0,0.29581151832460734
IBDD,Electricity,1236,0.73,28,0.7142857142857141,0.6589148543760217,0,20,3261,459,623,180,74,0.20211267177280573,0.31668089175819963,0.2620153630988556,0.20211267177280573,0.22270073803295595,0.2592592592592596,1.2233606186634038,-2.534149843841321,1.7596622789832348,-1.2199335447094035,0.0606453741297639,0.31668089175819963,0.3703875562051701,0.053706664446970476,0.2620153630988556,0.29778327448216546,0.03576791138330987,0.20211267177280573,0.3118055543716193,0.10969288259881355,0.22270073803295595,0.23797069680374577,0.015269958770789821,0.2592592592592596,0.28129490872785645,0.022035649468596874,270.0,0.08866183256427158,235.0,0.07712590639419907,59.0,0.01911667765326302,652.0,0.21456822676334872,1735.0,0.5715227422544495,0.01911667765326302,WACC_0p5_WRT_0p5,0.1941990771259064,212,False,,,False,False,False,False,False,20.0,0.049738219895287955
IBDD,Electricity,302,0.73,61,0.7142857142857141,0.5280872662717262,0,53,1759,106,480,202,10,0.3605332537913963,0.4523539460885802,0.40854226177566655,0.3605332537913963,0.22270073803295595,0.2592592592592596,1.2233606186634038,-2.534149843841321,1.7596622789832348,-1.2199335447094035,0.0606453741297639,0.4523539460885802,0.4698926440142957,0.017538697925715496,0.40854226177566655,0.40165223162824487,0.006890030147421677,0.3605332537913963,0.36947695113722245,0.008943697345826174,0.22270073803295595,0.1930913197983253,0.029609418234630647,0.2592592592592596,0.23863415183074768,0.020625107428511896,1077.0,0.35464733025708634,799.0,0.26301911667765326,383.0,0.12590639419907712,59.0,0.01911667765326302,720.0,0.23698088332234674,0.01911667765326302,WACC_0p7_WRT_0p3,0.1999340804218853,213,False,,,False,False,False,False,False,53.0,0.13612565445026178
IBDD,Electricity,2841,0.71,14,0.6428571428571426,0.7724225396876393,0,13,3415,381,540,208,158,0.22155713330854457,0.19896921810170737,0.1348867555498439,0.22155713330854457,0.3004306642296604,0.3333333333333337,1.2233606186634038,-2.534149843841321,1.7596622789832348,-1.2199335447094035,0.0606453741297639,0.19896921810170737,0.2936504900329335,0.09468127193122611,0.1348867555498439,0.22083798222038728,0.08595122667054339,0.22155713330854457,0.3332209810951572,0.11166384778661262,0.3004306642296604,0.36285331672348425,0.06242265249382384,0.3333333333333337,0.38651559097334715,0.05318225764001344,64.0,0.02076466710613052,59.0,0.01911667765326302,140.0,0.04581410678971654,2626.0,0.8651944627554383,2635.0,0.8681608437705999,0.01911667765326302,WACC_0p3_WRT_0p7,0.36381015161502966,214,False,,,False,False,False,False,False,13.0,0.031413612565445025
IBDD,Electricity,657,0.73,118,0.7142857142857141,0.4158289952077859,0,110,4556,2526,404,203,9,0.4964680432042589,0.5687699308956294,0.5342715253672798,0.4964680432042589,0.22270073803295595,0.2592592592592596,1.2233606186634038,-2.534149843841321,1.7596622789832348,-1.2199335447094035,0.0606453741297639,0.5687699308956294,0.5445016340099289,0.024268296885700535,0.5342715253672798,0.5361247209368759,0.0018531955695960667,0.4964680432042589,0.5409565510663727,0.044488507862113835,0.22270073803295595,0.21607394707363586,0.006626790959320089,0.2592592592592596,0.20203542606170916,0.05722383319755042,2138.0,0.7043506921555702,2256.0,0.7432432432432432,2335.0,0.7692814765985497,222.0,0.07284113381674358,59.0,0.01911667765326302,0.01911667765326302,WACC_0p9_WRT_0p1,0.46176664469347395,215,False,,,False,False,False,False,False,110.0,0.28534031413612565
IBDD,Electricity,700,0.73,59,0.7142857142857141,0.5337329569329065,0,51,3224,1138,869,200,8,0.35369682415601933,0.44649915577328214,0.4022190882351447,0.35369682415601933,0.22270073803295595,0.2592592592592596,1.2233606186634038,-2.534149843841321,1.7596622789832348,-1.2199335447094035,0.0606453741297639,0.44649915577328214,0.49173590158882907,0.04523674581554693,0.4022190882351447,0.46090459868579536,0.05868551045065068,0.35369682415601933,0.42009726040111584,0.0664004362450965,0.22270073803295595,0.19464321717233196,0.02805752086062399,0.2592592592592596,0.20207349714212147,0.057185762117138106,1384.0,0.45583388266315095,1364.0,0.44924192485168096,871.0,0.2867501647989453,64.0,0.02076466710613052,60.0,0.01944627554383652,0.01944627554383652,WACC_0p9_WRT_0p1,0.24640738299274884,216,False,,,False,False,False,False,False,51.0,0.13089005235602094
IBDD,Electricity,1572,0.73,21,0.7142857142857141,0.706479646566833,0,13,2581,222,724,116,87,0.14451593570476354,0.2673544405973583,0.2087427958451469,0.14451593570476354,0.22270073803295595,0.2592592592592596,1.2233606186634038,-2.534149843841321,1.7596622789832348,-1.2199335447094035,0.0606453741297639,0.2673544405973583,0.33699429331542213,0.06963985271806383,0.2087427958451469,0.2802231837011529,0.071480387856006,0.14451593570476354,0.3119022548651177,0.16738631916035415,0.22270073803295595,0.2623702498083952,0.03966951177543923,0.2592592592592596,0.308821856977291,0.0495625977180314,159.0,0.05207646671061305,181.0,0.05932762030323006,60.0,0.01944627554383652,1289.0,0.4245220830586684,2091.0,0.6888595912986157,0.01944627554383652,WACC_0p5_WRT_0p5,0.24884640738299274,217,False,,,False,False,False,False,False,13.0,0.031413612565445025
IBDD,Electricity,1997,0.74,106,0.7499999999999998,0.4341306116852848,0,92,3771,16,966,228,7,0.47430641218852043,0.5497904767708157,0.513773714912481,0.47430641218852043,0.1838357749346038,0.22222222222222254,1.2233606186634038,-2.534149843841321,1.7596622789832348,-1.2199335447094035,0.0606453741297639,0.5497904767708157,0.4983946458423288,0.05139583092848693,0.513773714912481,0.44432261171485493,0.0694511031976261,0.47430641218852043,0.42488495602478044,0.049421456163739996,0.1838357749346038,0.19339050864443655,0.009554733709832758,0.22222222222222254,0.21425009416556834,0.007972128056654204,1487.0,0.4897824653922215,1181.0,0.3889255108767304,931.0,0.3065260382333553,60.0,0.01944627554383652,203.0,0.06657877389584707,0.01944627554383652,WACC_0p7_WRT_0p3,0.2542518127883981,218,False,,,False,False,False,False,False,92.0,0.23821989528795812
IBDD,Electricity,1750,0.71,12,0.6428571428571426,0.7970613765886635,0,11,3409,181,915,160,144,0.22155713330854457,0.17341783168583041,0.10729125822069678,0.22155713330854457,0.3004306642296604,0.3333333333333337,1.2233606186634038,-2.534149843841321,1.7596622789832348,-1.2199335447094035,0.0606453741297639,0.17341783168583041,0.29435409191257966,0.12093626022674925,0.10729125822069678,0.22116215198221692,0.11387089376152014,0.22155713330854457,0.33749708103642573,0.11593994772788116,0.3004306642296604,0.3276822961084959,0.027251631878835503,0.3333333333333337,0.36621136319255393,0.032878029859220226,65.0,0.02109426499670402,60.0,0.01944627554383652,167.0,0.05471324983520105,2286.0,0.7531311799604482,2519.0,0.8299274884640738,0.01944627554383652,WACC_0p3_WRT_0p7,0.3356624917600527,219,False,,,False,False,False,False,False,11.0,0.02617801047120419
IBDD,Electricity,1955,0.74,36,0.7499999999999998,0.6169684576436263,0,24,4874,231,808,205,24,0.2529060302701837,0.36018085873994304,0.30899532743913843,0.2529060302701837,0.1838357749346038,0.22222222222222254,1.2233606186634038,-2.534149843841321,1.7596622789832348,-1.2199335447094035,0.0606453741297639,0.36018085873994304,0.4975307055977051,0.13734984685776208,0.30899532743913843,0.4335447574949337,0.12454943005579527,0.2529060302701837,0.40836867945313865,0.15546264918295494,0.1838357749346038,0.1937062106171507,0.009870435682546919,0.22222222222222254,0.21097421488111534,0.011248007341107202,1473.0,0.4851680949241925,1070.0,0.35234014502307187,755.0,0.24851680949241925,61.0,0.01977587343441002,168.0,0.05504284772577456,0.01977587343441002,WACC_0p7_WRT_0p3,0.23216875411997365,220,False,,,False,False,False,False,False,24.0,0.060209424083769635
IBDD,Electricity,2025,0.74,26,0.7499999999999998,0.6712185257861867,0,14,546,628,569,125,110,0.1872140191720258,0.3039215288143248,0.24823525111947084,0.1872140191720258,0.1838357749346038,0.22222222222222254,1.2233606186634038,-2.534149843841321,1.7596622789832348,-1.2199335447094035,0.0606453741297639,0.3039215288143248,0.3242331135501534,0.02031158473582856,0.24823525111947084,0.24808687134190657,0.000148379777564267,0.1872140191720258,0.31197708966316984,0.12476307049114405,0.1838357749346038,0.30047903597273345,0.11664326103812966,0.22222222222222254,0.3584318191287435,0.13620959690652096,127.0,0.04152933421226104,115.0,0.037574159525379035,61.0,0.01977587343441002,1962.0,0.6463414634146342,2470.0,0.8137771918259723,0.01977587343441002,WACC_0p5_WRT_0p5,0.3117996044825313,221,False,,,False,False,False,False,False,14.0,0.034031413612565446
IBDD,Electricity,2919,0.65,20,0.4285714285714285,0.7144893762700298,0,24,2207,646,672,159,155,0.48103808887236293,0.2590480542384876,0.1997718985775665,0.48103808887236293,0.5336204428197735,0.5555555555555557,1.2233606186634038,-2.534149843841321,1.7596622789832348,-1.2199335447094035,0.0606453741297639,0.2590480542384876,0.29741320296234763,0.03836514872386004,0.1997718985775665,0.2212050076510044,0.0214331090734379,0.48103808887236293,0.35781544455563974,0.1232226443167232,0.5336204428197735,0.38379952803008166,0.14982091478969184,0.5555555555555557,0.43312550618731677,0.12243004936823892,72.0,0.023401450230718525,61.0,0.01977587343441002,299.0,0.0982201713909031,2765.0,0.9110085695451549,2807.0,0.924851680949242,0.01977587343441002,WACC_0p3_WRT_0p7,0.39545154911008573,222,False,,,False,False,False,False,False,24.0,0.060209424083769635
IBDD,Electricity,2754,0.73,16,0.7142857142857141,0.7508721827029736,0,8,2510,74,621,222,32,0.13506348145393826,0.22131773645617547,0.15902315537266942,0.13506348145393826,0.22270073803295595,0.2592592592592596,1.2233606186634038,-2.534149843841321,1.7596622789832348,-1.2199335447094035,0.0606453741297639,0.22131773645617547,0.376196147363789,0.1548784109076135,0.15902315537266942,0.28383632288021265,0.12481316750754323,0.13506348145393826,0.3119892275416698,0.17692574608773154,0.22270073803295595,0.21157933530975404,0.011121402723201917,0.2592592592592596,0.2529121886123503,0.006347070646909259,299.0,0.0982201713909031,193.0,0.06328279499011207,62.0,0.02010547132498352,179.0,0.05866842452208306,1091.0,0.3592617007251154,0.02010547132498352,WACC_0p5_WRT_0p5,0.11990771259063941,223,False,,,False,False,False,False,False,8.0,0.01832460732984293
IBDD,Electricity,941,0.73,59,0.7142857142857141,0.5337329569329065,0,51,4559,985,825,223,10,0.35369682415601933,0.44649915577328214,0.4022190882351447,0.35369682415601933,0.22270073803295595,0.2592592592592596,1.2233606186634038,-2.534149843841321,1.7596622789832348,-1.2199335447094035,0.0606453741297639,0.44649915577328214,0.5124622651922556,0.06596310941897343,0.4022190882351447,0.49135902061077613,0.08913993237563145,0.35369682415601933,0.4585972609216495,0.10490043676563016,0.22270073803295595,0.19462851343734056,0.028072224595615397,0.2592592592592596,0.2051878132580019,0.054071446001257684,1713.0,0.5642715886618326,1766.0,0.5817402768622281,1346.0,0.44330916282135796,62.0,0.02010547132498352,85.0,0.027686222808174028,0.02010547132498352,WACC_0p7_WRT_0p3,0.3274225444957152,224,False,,,False,False,False,False,False,51.0,0.13089005235602094
IBDD,Electricity,10,0.73,91,0.7142857142857141,0.460136442071784,0,83,969,2667,513,199,2,0.4428156628335633,0.5228214674811129,0.48464718487960196,0.4428156628335633,0.22270073803295595,0.2592592592592596,1.2233606186634038,-2.534149843841321,1.7596622789832348,-1.2199335447094035,0.0606453741297639,0.5228214674811129,0.5133453822916165,0.009476085189496386,0.48464718487960196,0.4961443858395926,0.011497200959990628,0.4428156628335633,0.4953985333849026,0.05258287055133931,0.22270073803295595,0.22109302893414154,0.0016077090988144138,0.2592592592592596,0.20267993315680055,0.05657932610245903,1725.0,0.5682267633487146,1823.0,0.6005273566249176,1878.0,0.6186552406064602,298.0,0.09789057350032959,62.0,0.02010547132498352,0.02010547132498352,WACC_0p9_WRT_0p1,0.3810810810810811,225,False,,,False,False,False,False,False,83.0,0.21465968586387435
IBDD,Electricity,248,0.72,11,0.6785714285714283,0.8108429810104846,0,5,159,1,1000,250,1,0.17831030738124148,0.15912579747060857,0.09185586126825715,0.17831030738124148,0.2615657011313083,0.2962962962962967,1.2233606186634038,-2.534149843841321,1.7596622789832348,-1.2199335447094035,0.0606453741297639,0.15912579747060857,0.2928296256431599,0.13370382817255133,0.09185586126825715,0.2335449415607919,0.14168908029253474,0.17831030738124148,0.3892765495312717,0.21096624215003024,0.2615657011313083,0.35976254677782527,0.09819684564651698,0.2962962962962967,0.40677019633623035,0.11047390003993363,62.0,0.02010547132498352,85.0,0.027686222808174028,549.0,0.1806196440342782,2601.0,0.8569545154911009,2719.0,0.8958470665787739,0.02010547132498352,WACC_0p1_WRT_0p9,0.3962425840474621,226,False,,,False,False,False,False,False,5.0,0.010471204188481676
IBDD,Electricity,2812,0.71,24,0.6428571428571426,0.6844695345995766,0,23,370,612,589,168,16,0.22155713330854457,0.29017974189673534,0.2333941212484741,0.22155713330854457,0.3004306642296604,0.3333333333333337,1.2233606186634038,-2.534149843841321,1.7596622789832348,-1.2199335447094035,0.0606453741297639,0.29017974189673534,0.38973923730512844,0.0995594954083931,0.2333941212484741,0.3181885551640683,0.08479443391559419,0.22155713330854457,0.3138469430937287,0.09228980978518411,0.3004306642296604,0.1975643876710405,0.1028662765586199,0.3333333333333337,0.2375003897049876,0.0958329436283461,374.0,0.12294001318391562,317.0,0.1041529334212261,63.0,0.02043506921555702,83.0,0.02702702702702703,698.0,0.22972972972972974,0.02043506921555702,WACC_0p5_WRT_0p5,0.1008569545154911,227,False,,,False,False,False,False,False,23.0,0.05759162303664921
IBDD,Electricity,1204,0.73,62,0.7142857142857141,0.5253323572805145,0,54,1247,1282,192,232,4,0.3638692037398741,0.455210888746133,0.41162775984582367,0.3638692037398741,0.22270073803295595,0.2592592592592596,1.2233606186634038,-2.534149843841321,1.7596622789832348,-1.2199335447094035,0.0606453741297639,0.455210888746133,0.4805715232711527,0.025360634525019687,0.41162775984582367,0.4412084388156135,0.02958067896978983,0.3638692037398741,0.42752585211365707,0.06365664837378299,0.22270073803295595,0.1946426199637601,0.028058118069195864,0.2592592592592596,0.20516084694929748,0.054098412309962096,1216.0,0.4004614370468029,1152.0,0.3793671720500989,965.0,0.3177323665128543,63.0,0.02043506921555702,84.0,0.027356624917600526,0.02043506921555702,WACC_0p7_WRT_0p3,0.22907053394858273,228,False,,,False,False,False,False,False,54.0,0.1387434554973822
IBDD,Electricity,937,0.73,121,0.7142857142857141,0.411542181111966,0,113,3619,2454,888,215,4,0.5016589940878285,0.5732155158838871,0.5390727571545981,0.5016589940878285,0.22270073803295595,0.2592592592592596,1.2233606186634038,-2.534149843841321,1.7596622789832348,-1.2199335447094035,0.0606453741297639,0.5732155158838871,0.5305959784571126,0.04261953742677449,0.5390727571545981,0.5125035855571002,0.026569171597497943,0.5016589940878285,0.5176246428615223,0.015965648773693775,0.22270073803295595,0.2256598877794037,0.002959149746447759,0.2592592592592596,0.20288010248527796,0.056379156773981615,1971.0,0.6493078444297956,2013.0,0.6631509558338826,2130.0,0.7017139090309822,379.0,0.12458800263678313,63.0,0.02043506921555702,0.02043506921555702,WACC_0p9_WRT_0p1,0.43183915622940006,229,False,,,False,False,False,False,False,113.0,0.2931937172774869
IBDD,Electricity,2432,0.7,24,0.6071428571428569,0.6844695345995766,0,24,594,728,376,161,74,0.26480395923584765,0.29017974189673534,0.2333941212484741,0.26480395923584765,0.33929562732801266,0.37037037037037074,1.2233606186634038,-2.534149843841321,1.7596622789832348,-1.2199335447094035,0.0606453741297639,0.29017974189673534,0.36103832700703,0.07085858511029464,0.2333941212484741,0.27964399589153827,0.046249874643064154,0.26480395923584765,0.3142878545989349,0.04948389536308723,0.33929562732801266,0.25634461348723514,0.08295101384077752,0.37037037037037074,0.30295927503183867,0.06741109533853207,229.0,0.07514831905075807,179.0,0.05866842452208306,64.0,0.02076466710613052,1132.0,0.37277521423862886,2028.0,0.6680949241924852,0.02076466710613052,WACC_0p5_WRT_0p5,0.23909030982201712,230,False,,,False,False,False,False,False,24.0,0.060209424083769635
IBDD,Electricity,1064,0.72,78,0.6785714285714283,0.4863661844748775,0,71,3649,1496,204,173,5,0.41105377592647485,0.49562025313716407,0.4552698733881372,0.41105377592647485,0.2615657011313083,0.2962962962962967,1.2233606186634038,-2.534149843841321,1.7596622789832348,-1.2199335447094035,0.0606453741297639,0.49562025313716407,0.5507228620819635,0.05510260894479946,0.4552698733881372,0.5322295509455466,0.0769596775574094,0.41105377592647485,0.5060328758370791,0.09497909991060427,0.2615657011313083,0.22532260470579266,0.036243096425515625,0.2962962962962967,0.20336318329574513,0.0929331130005516,2210.0,0.7280817402768622,2204.0,0.7261041529334212,2004.0,0.6601845748187212,374.0,0.12294001318391562,64.0,0.02076466710613052,0.02076466710613052,WACC_0p9_WRT_0p1,0.4516150296638101,231,False,,,False,False,False,False,False,71.0,0.18324607329842932
IBDD,Electricity,695,0.73,46,0.7142857142857141,0.5757783350642198,0,38,1184,684,369,250,10,0.30278360798142806,0.40289654141488307,0.3551282647280737,0.30278360798142806,0.22270073803295595,0.2592592592592596,1.2233606186634038,-2.534149843841321,1.7596622789832348,-1.2199335447094035,0.0606453741297639,0.40289654141488307,0.43886812816422044,0.03597158674933737,0.3551282647280737,0.375014927412157,0.01988666268408329,0.30278360798142806,0.35397276738051364,0.05118915939908558,0.22270073803295595,0.194815813203271,0.027884924829684965,0.2592592592592596,0.22675591476122894,0.032503344498030634,741.0,0.24390243902439024,622.0,0.20468029004614371,275.0,0.0903098220171391,65.0,0.02109426499670402,441.0,0.14502307185234015,0.02109426499670402,WACC_0p7_WRT_0p3,0.14100197758734345,232,False,,,False,False,False,False,False,38.0,0.0968586387434555
IBDD,Electricity,2355,0.73,49,0.7142857142857141,0.56512474322221,0,41,1913,303,235,124,76,0.31568416087440226,0.413944710732523,0.3670602875911248,0.31568416087440226,0.22270073803295595,0.2592592592592596,1.2233606186634038,-2.534149843841321,1.7596622789832348,-1.2199335447094035,0.0606453741297639,0.413944710732523,0.357549155786791,0.05639555494573201,0.3670602875911248,0.28869929198736616,0.07836099560375864,0.31568416087440226,0.31436089588160576,0.0013232649927965023,0.22270073803295595,0.28098629144431675,0.058285553411360796,0.2592592592592596,0.32266088514725877,0.06340162588799919,221.0,0.07251153592617007,208.0,0.06822676334871457,65.0,0.02109426499670402,1668.0,0.549439683586025,2222.0,0.7320369149637442,0.02109426499670402,WACC_0p5_WRT_0p5,0.2886618325642716,233,False,,,False,False,False,False,False,41.0,0.10471204188481675
IBDD,Electricity,1753,0.73,177,0.7142857142857141,0.3464997360432442,0,164,1491,280,71,127,1,0.5804196144814776,0.6406669403995986,0.6119202956315664,0.5804196144814776,0.22270073803295595,0.2592592592592596,1.2233606186634038,-2.534149843841321,1.7596622789832348,-1.2199335447094035,0.0606453741297639,0.6406669403995986,0.570617476132143,0.07004946426745562,0.6119202956315664,0.525165721286332,0.08675457434523437,0.5804196144814776,0.49752878670690515,0.08289082777457246,0.22270073803295595,0.2566379161768051,0.03393717814384914,0.2592592592592596,0.20346540895940357,0.05579385029985601,2401.0,0.7910349373764007,2142.0,0.7056690837178642,1901.0,0.6262359920896506,1138.0,0.37475280158206986,65.0,0.02109426499670402,0.02109426499670402,WACC_0p9_WRT_0p1,0.5037574159525379,234,False,,,False,False,False,False,False,164.0,0.42670157068062825
IBDD,Electricity,307,0.73,53,0.7142857142857141,0.5518737344088203,0,45,3821,579,979,248,8,0.33172995487678936,0.4276864976501123,0.38190141746212125,0.33172995487678936,0.22270073803295595,0.2592592592592596,1.2233606186634038,-2.534149843841321,1.7596622789832348,-1.2199335447094035,0.0606453741297639,0.4276864976501123,0.4795983804528937,0.05191188280278142,0.38190141746212125,0.43493086620863974,0.05302944874651849,0.33172995487678936,0.4154502731830246,0.08372031830623522,0.22270073803295595,0.19504735973463272,0.027653378298323233,0.2592592592592596,0.20867516225874097,0.05058409700051861,1203.0,0.3961766644693474,1087.0,0.35794330916282135,823.0,0.27092946605141727,66.0,0.02142386288727752,132.0,0.043177323665128546,0.02142386288727752,WACC_0p7_WRT_0p3,0.21793012524719843,235,False,,,False,False,False,False,False,45.0,0.11518324607329843
IBDD,Electricity,257,0.73,29,0.7142857142857141,0.6530777483102728,0,21,440,1,1000,250,6,0.2091808884512559,0.3227341869374949,0.2685529218924944,0.2091808884512559,0.22270073803295595,0.2592592592592596,1.2233606186634038,-2.534149843841321,1.7596622789832348,-1.2199335447094035,0.0606453741297639,0.3227341869374949,0.31614400888160066,0.006590178055894236,0.2685529218924944,0.2232322967154777,0.04532062517701671,0.2091808884512559,0.3193865490971657,0.11020566064590978,0.22270073803295595,0.28172022310450984,0.059019485071553884,0.2592592592592596,0.323616419206517,0.06435715994725744,116.0,0.03790375741595254,66.0,0.02142386288727752,83.0,0.02702702702702703,1673.0,0.5510876730388925,2224.0,0.7326961107448913,0.02142386288727752,WACC_0p3_WRT_0p7,0.27402768622280815,236,False,,,False,False,False,False,False,21.0,0.05235602094240838
IBDD,Electricity,1563,0.73,22,0.7142857142857141,0.698826024826517,0,14,240,525,802,174,86,0.1537837914240359,0.2752915298095379,0.21731485219430086,0.1537837914240359,0.22270073803295595,0.2592592592592596,1.2233606186634038,-2.534149843841321,1.7596622789832348,-1.2199335447094035,0.0606453741297639,0.2752915298095379,0.3073057840671212,0.03201425425758331,0.21731485219430086,0.23897530011878715,0.021660447924486292,0.1537837914240359,0.31469933264985556,0.16091554122581966,0.22270073803295595,0.32808334871226985,0.1053826106793139,0.2592592592592596,0.34783211099110894,0.08857285173184937,94.0,0.030652603823335532,101.0,0.03295978905735003,66.0,0.02142386288727752,2295.0,0.7560975609756098,2391.0,0.7877389584706658,0.02142386288727752,WACC_0p5_WRT_0p5,0.32577455504284775,237,False,,,False,False,False,False,False,14.0,0.034031413612565446
IBDD,Electricity,2508,0.74,31,0.7499999999999998,0.6419656258679005,0,19,892,462,838,182,134,0.22263668114980414,0.3342578694703253,0.2809984990279513,0.22263668114980414,0.1838357749346038,0.22222222222222254,1.2233606186634038,-2.534149843841321,1.7596622789832348,-1.2199335447094035,0.0606453741297639,0.3342578694703253,0.29440455676662636,0.03985331270369896,0.2809984990279513,0.2398839599138788,0.04111453911407251,0.22263668114980414,0.3354697274140425,0.11283304626423837,0.1838357749346038,0.332339001564198,0.1485032266295942,0.22222222222222254,0.3865548468985128,0.16433262467629028,66.0,0.02142386288727752,102.0,0.033289386947923535,155.0,0.05075807514831905,2345.0,0.7725774555042848,2636.0,0.8684904416611734,0.02142386288727752,WACC_0p1_WRT_0p9,0.3493078444297956,238,False,,,False,False,False,False,False,19.0,0.04712041884816754
IBDD,Electricity,1003,0.73,126,0.7142857142857141,0.4046264668097131,0,118,4387,3547,952,196,7,0.5100333094804184,0.5803873677528902,0.5468183571731213,0.5100333094804184,0.22270073803295595,0.2592592592592596,1.2233606186634038,-2.534149843841321,1.7596622789832348,-1.2199335447094035,0.0606453741297639,0.5803873677528902,0.5817577767349906,0.0013704089821003906,0.5468183571731213,0.5625499976201987,0.015731640447077422,0.5100333094804184,0.5765284609996597,0.06649515151924135,0.22270073803295595,0.23193753038117193,0.009236792348215977,0.2592592592592596,0.20348648792451351,0.05577277133474606,2497.0,0.8226763348714569,2474.0,0.8150955833882663,2601.0,0.8569545154911009,507.0,0.16677653263019115,66.0,0.02142386288727752,0.02142386288727752,WACC_0p9_WRT_0p1,0.5365853658536586,239,False,,,False,False,False,False,False,118.0,0.306282722513089
IBDD,Electricity,1283,0.73,24,0.7142857142857141,0.6844695345995766,0,16,3119,348,440,191,22,0.17116822516963848,0.29017974189673534,0.2333941212484741,0.17116822516963848,0.22270073803295595,0.2592592592592596,1.2233606186634038,-2.534149843841321,1.7596622789832348,-1.2199335447094035,0.0606453741297639,0.29017974189673534,0.45055700632201423,0.1603772644252789,0.2333941212484741,0.3930637446074027,0.15966962335892856,0.17116822516963848,0.3557290159838788,0.18456079081424032,0.22270073803295595,0.1954132913447279,0.02728744668822805,0.2592592592592596,0.21995191510997592,0.03930734414928366,865.0,0.28477257745550427,741.0,0.24390243902439024,288.0,0.0945945945945946,67.0,0.021753460777851022,309.0,0.1015161502966381,0.021753460777851022,WACC_0p7_WRT_0p3,0.14930784442979567,240,False,,,False,False,False,False,False,16.0,0.03926701570680628
IBDD,Electricity,2953,0.69,18,0.5714285714285711,0.7317215598766331,0,19,267,458,109,248,21,0.3080507851631509,0.2411776416094175,0.1804718529381708,0.3080507851631509,0.3781605904263649,0.4074074074074079,1.2233606186634038,-2.534149843841321,1.7596622789832348,-1.2199335447094035,0.0606453741297639,0.2411776416094175,0.3531474299284065,0.11196978831898899,0.1804718529381708,0.2769106012869452,0.09643874834877442,0.3080507851631509,0.3149953577049989,0.006944572541848049,0.3781605904263649,0.27387763490016215,0.10428295552620276,0.4074074074074079,0.2973780730492067,0.11002933435820117,209.0,0.06855636123928807,176.0,0.05767963085036256,67.0,0.021753460777851022,1525.0,0.5023071852340145,1965.0,0.6473302570863546,0.021753460777851022,WACC_0p5_WRT_0p5,0.2595253790375741,241,False,,,False,False,False,False,False,19.0,0.04712041884816754
IBDD,Electricity,707,0.73,98,0.7142857142857141,0.4475103999651687,0,90,3137,2549,505,166,5,0.45810467769735974,0.535915140776862,0.49878835203901095,0.45810467769735974,0.22270073803295595,0.2592592592592596,1.2233606186634038,-2.534149843841321,1.7596622789832348,-1.2199335447094035,0.0606453741297639,0.535915140776862,0.5469024912833415,0.010987350506479476,0.49878835203901095,0.5284572308517966,0.02966887881278568,0.45810467769735974,0.5151480656095048,0.05704338791214503,0.22270073803295595,0.2415722242390549,0.018871486206098936,0.2592592592592596,0.20354832188887448,0.0557109373703851,2168.0,0.7142386288727752,2172.0,0.7155570204350692,2105.0,0.6934739617666447,729.0,0.23994726433750824,67.0,0.021753460777851022,0.021753460777851022,WACC_0p9_WRT_0p1,0.4769940672379696,242,False,,,False,False,False,False,False,90.0,0.23298429319371727
IBDD,Electricity,672,0.69,20,0.5714285714285711,0.7144893762700298,0,21,155,500,687,234,2,0.3080507851631509,0.2590480542384876,0.1997718985775665,0.3080507851631509,0.3781605904263649,0.4074074074074079,1.2233606186634038,-2.534149843841321,1.7596622789832348,-1.2199335447094035,0.0606453741297639,0.2590480542384876,0.35660880470303385,0.09756075046454626,0.1997718985775665,0.29187166327708614,0.09209976469951964,0.3080507851631509,0.3156495696238731,0.007598784460722208,0.3781605904263649,0.23576296701489716,0.14239762341146775,0.4074074074074079,0.28648399854049544,0.12092340886691244,218.0,0.07152274225444957,217.0,0.07119314436387607,68.0,0.022083058668424523,593.0,0.1951219512195122,1805.0,0.5945945945945946,0.022083058668424523,WACC_0p5_WRT_0p5,0.1909030982201714,243,False,,,False,False,False,False,False,21.0,0.05235602094240838
IBDD,Electricity,651,0.74,82,0.7499999999999998,0.4778618317981492,0,69,4031,1537,125,224,10,0.42135179120185107,0.5044395818389564,0.46479474838607293,0.42135179120185107,0.1838357749346038,0.22222222222222254,1.2233606186634038,-2.534149843841321,1.7596622789832348,-1.2199335447094035,0.0606453741297639,0.5044395818389564,0.5191761104258261,0.01473652858686969,0.46479474838607293,0.4910997253247304,0.026304976938657465,0.42135179120185107,0.48439263897303597,0.0630408477711849,0.1838357749346038,0.21701235843600913,0.03317658350140534,0.22222222222222254,0.20373427824407475,0.01848794397814779,1817.0,0.5985497692814766,1762.0,0.5804218852999341,1716.0,0.565260382333553,238.0,0.07811470006591958,68.0,0.022083058668424523,0.022083058668424523,WACC_0p9_WRT_0p1,0.36888595912986155,244,False,,,False,False,False,False,False,69.0,0.17801047120418848
IBDD,Electricity,2265,0.73,47,0.7142857142857141,0.5721533982557516,0,39,1806,539,567,228,88,0.30717308429372037,0.40665573514218345,0.35918819395355817,0.30717308429372037,0.22270073803295595,0.2592592592592596,1.2233606186634038,-2.534149843841321,1.7596622789832348,-1.2199335447094035,0.0606453741297639,0.40665573514218345,0.3447262650540815,0.06192947008810196,0.35918819395355817,0.2691026536976187,0.09008554025593946,0.30717308429372037,0.3157280354525687,0.008554951158848356,0.22270073803295595,0.25733901697376427,0.034638278940808315,0.2592592592592596,0.308954012035787,0.04969475277652741,185.0,0.06064601186552406,159.0,0.05207646671061305,69.0,0.02241265655899802,1152.0,0.3793671720500989,2094.0,0.6898483849703362,0.02241265655899802,WACC_0p5_WRT_0p5,0.24087013843111404,245,False,,,False,False,False,False,False,39.0,0.09947643979057591
IBDD,Electricity,431,0.73,90,0.7142857142857141,0.462018189093476,0,82,2487,2954,283,211,2,0.4405370344287458,0.5208700261252841,0.48253962821530677,0.4405370344287458,0.22270073803295595,0.2592592592592596,1.2233606186634038,-2.534149843841321,1.7596622789832348,-1.2199335447094035,0.0606453741297639,0.5208700261252841,0.5027824795746261,0.01808754655065803,0.48253962821530677,0.48588516535723764,0.0033455371419308655,0.4405370344287458,0.4807279959557993,0.04019096152705348,0.22270073803295595,0.21843001635078277,0.004270721682173184,0.2592592592592596,0.2037898868030675,0.05546937245619207,1562.0,0.514502307185234,1686.0,0.555372445616348,1661.0,0.5471324983520105,263.0,0.08635464733025709,69.0,0.02241265655899802,0.02241265655899802,WACC_0p9_WRT_0p1,0.3451549110085695,246,False,,,False,False,False,False,False,82.0,0.21204188481675393
IBDD,Electricity,2396,0.74,32,0.7499999999999998,0.636667418954684,0,20,1031,349,956,134,72,0.22905233884867993,0.3397523062692165,0.2869324907707538,0.22905233884867993,0.1838357749346038,0.22222222222222254,1.2233606186634038,-2.534149843841321,1.7596622789832348,-1.2199335447094035,0.0606453741297639,0.3397523062692165,0.37552583586136007,0.03577352959214358,0.2869324907707538,0.2949365643120783,0.008004073541324541,0.22905233884867993,0.31581730131331265,0.08676496246463272,0.1838357749346038,0.23872904512512866,0.05489327019052487,0.22222222222222254,0.2796475895286194,0.05742536730639686,292.0,0.09591298615688859,227.0,0.07448912326961107,70.0,0.022742254449571522,664.0,0.21852340145023072,1702.0,0.5606460118655241,0.022742254449571522,WACC_0p5_WRT_0p5,0.1944627554383652,247,False,,,False,False,False,False,False,20.0,0.049738219895287955
IBDD,Electricity,2359,0.73,9,0.7142857142857141,0.8422347672997882,0,2,4967,158,719,247,155,0.13506348145393826,0.12657135242984924,0.05669706062423713,0.13506348145393826,0.22270073803295595,0.2592592592592596,1.2233606186634038,-2.534149843841321,1.7596622789832348,-1.2199335447094035,0.0606453741297639,0.12657135242984924,0.2991487900540962,0.172577437624247,0.05669706062423713,0.2244240039509438,0.16772694332670668,0.13506348145393826,0.34029477979451994,0.20523129834058168,0.22270073803295595,0.3390542609197917,0.11635352288683573,0.2592592592592596,0.37226025312022987,0.11300099386097029,77.0,0.025049439683586024,70.0,0.022742254449571522,184.0,0.06031641397495056,2399.0,0.7903757415952538,2559.0,0.8431114040870138,0.022742254449571522,WACC_0p3_WRT_0p7,0.3483190507580751,248,False,,,False,False,False,False,False,2.0,0.002617801047120419
IBDD,Electricity,2951,0.69,22,0.5714285714285711,0.698826024826517,0,22,141,693,262,147,136,0.3080507851631509,0.2752915298095379,0.21731485219430086,0.3080507851631509,0.3781605904263649,0.4074074074074079,1.2233606186634038,-2.534149843841321,1.7596622789832348,-1.2199335447094035,0.0606453741297639,0.2752915298095379,0.29710532535939593,0.021813795549858017,0.21731485219430086,0.2281125849320054,0.01079773273770454,0.3080507851631509,0.35810306734731645,0.050052282184165575,0.3781605904263649,0.3832112104969499,0.005050620070584988,0.4074074074074079,0.4518248421789798,0.044417434771571895,70.0,0.022742254449571522,77.0,0.025049439683586024,303.0,0.0995385629531971,2760.0,0.9093605800922874,2862.0,0.9429795649307845,0.022742254449571522,WACC_0p1_WRT_0p9,0.39993408042188533,249,False,,,False,False,False,False,False,22.0,0.0549738219895288
IBDD,Electricity,2780,0.73,37,0.7142857142857141,0.6123767684992667,0,29,3070,662,250,198,97,0.2584661577420591,0.3649426104452048,0.31413801928082125,0.2584661577420591,0.22270073803295595,0.2592592592592596,1.2233606186634038,-2.534149843841321,1.7596622789832348,-1.2199335447094035,0.0606453741297639,0.3649426104452048,0.3514584932155225,0.013484117229682291,0.31413801928082125,0.2813951074790115,0.03274291180180977,0.2584661577420591,0.31617981534733647,0.05771365760527736,0.22270073803295595,0.25033014593052,0.027629407897564046,0.2592592592592596,0.2856009131394343,0.02634165388017473,202.0,0.06624917600527357,187.0,0.061305207646671064,71.0,0.023071852340145024,975.0,0.3210283454185893,1799.0,0.5926170072511536,0.023071852340145024,WACC_0p5_WRT_0p5,0.21285431773236652,250,False,,,False,False,False,False,False,29.0,0.07329842931937172
IBDD,Electricity,335,0.73,75,0.7142857142857141,0.4930319771219003,0,67,2586,2433,162,228,5,0.4029820934468227,0.48870757928099223,0.44780418562347163,0.4029820934468227,0.22270073803295595,0.2592592592592596,1.2233606186634038,-2.534149843841321,1.7596622789832348,-1.2199335447094035,0.0606453741297639,0.48870757928099223,0.48903632208026493,0.00032874279927269656,0.44780418562347163,0.4611224522809066,0.013318266657434963,0.4029820934468227,0.454627922589339,0.05164582914251631,0.22270073803295595,0.20855630216463747,0.014144435868318483,0.2592592592592596,0.20385782781072892,0.05540143144853066,1341.0,0.4416611733684904,1370.0,0.45121951219512196,1294.0,0.42617007251153594,153.0,0.05009887936717205,71.0,0.023071852340145024,0.023071852340145024,WACC_0p9_WRT_0p1,0.27844429795649306,251,False,,,False,False,False,False,False,67.0,0.17277486910994763
IBDD,Electricity,2266,0.73,44,0.7142857142857141,0.5832655206981239,0,36,3601,370,770,170,12,0.2937172915951722,0.3951320526093529,0.34674261681810115,0.2937172915951722,0.22270073803295595,0.2592592592592596,1.2233606186634038,-2.534149843841321,1.7596622789832348,-1.2199335447094035,0.0606453741297639,0.3951320526093529,0.5155177496779517,0.12038569706859881,0.34674261681810115,0.48237424733087275,0.1356316305127716,0.2937172915951722,0.4328120077767779,0.13909471618160574,0.22270073803295595,0.1958343916356775,0.026866346397278446,0.2592592592592596,0.20873382899805584,0.050525430261203735,1765.0,0.5814106789716545,1650.0,0.543506921555702,1018.0,0.33520105471324985,71.0,0.023071852340145024,133.0,0.043506921555702044,0.023071852340145024,WACC_0p7_WRT_0p3,0.3053394858272907,252,False,,,False,False,False,False,False,36.0,0.09162303664921466
IBDD,Electricity,265,0.75,20,0.7857142857142856,0.7144893762700298,0,7,181,1,1000,131,8,0.13481686489119432,0.2590480542384876,0.1997718985775665,0.13481686489119432,0.14497081183625146,0.18518518518518542,1.2233606186634038,-2.534149843841321,1.7596622789832348,-1.2199335447094035,0.0606453741297639,0.2590480542384876,0.2972795924134494,0.03823153817496183,0.1997718985775665,0.24657193949654085,0.046800040918974356,0.13481686489119432,0.3255817004113793,0.19076483552018497,0.14497081183625146,0.32332106977452535,0.1783502579382739,0.18518518518518542,0.33552993277712423,0.1503447475919388,71.0,0.023071852340145024,114.0,0.03724456163480554,113.0,0.03691496374423204,2235.0,0.7363216875411998,2309.0,0.7607119314436388,0.023071852340145024,WACC_0p1_WRT_0p9,0.31885299934080424,253,False,,,False,False,False,False,False,7.0,0.015706806282722512
IBDD,Electricity,1291,0.71,25,0.6428571428571426,0.6777165852112971,0,24,2211,874,490,235,218,0.22155713330854457,0.29718280052161783,0.24095742456334718,0.22155713330854457,0.3004306642296604,0.3333333333333337,1.2233606186634038,-2.534149843841321,1.7596622789832348,-1.2199335447094035,0.0606453741297639,0.29718280052161783,0.30326896342606946,0.006086162904451631,0.24095742456334718,0.2248762472960586,0.016081177267288582,0.22155713330854457,0.41596042344944467,0.1944032901409001,0.3004306642296604,0.47549710355870123,0.1750664393290408,0.3333333333333337,0.5145207166927159,0.18118738335938223,87.0,0.028345418589321027,71.0,0.023071852340145024,827.0,0.2722478576137113,3007.0,0.990771259063942,3002.0,0.9891232696110744,0.023071852340145024,WACC_0p3_WRT_0p7,0.4607119314436388,254,False,,,False,False,False,False,False,24.0,0.060209424083769635
IBDD,Electricity,2059,0.74,41,0.7499999999999998,0.5951445848926633,0,29,3589,415,670,225,95,0.279332800595958,0.38281302307427506,0.33343806492021705,0.279332800595958,0.1838357749346038,0.22222222222222254,1.2233606186634038,-2.534149843841321,1.7596622789832348,-1.2199335447094035,0.0606453741297639,0.38281302307427506,0.3610597548989294,0.021753268175345675,0.33343806492021705,0.2813087669558505,0.05212929796436655,0.279332800595958,0.31653506401930753,0.037202263423349535,0.1838357749346038,0.26143060432756865,0.07759482939296486,0.22222222222222254,0.29860474119897285,0.0763825189767503,230.0,0.07547791694133157,186.0,0.06097560975609756,72.0,0.023401450230718525,1263.0,0.4159525379037574,1990.0,0.6555702043506921,0.023401450230718525,WACC_0p5_WRT_0p5,0.24627554383651945,255,False,,,False,False,False,False,False,29.0,0.07329842931937172
IBDD,Electricity,510,0.74,174,0.7499999999999998,0.3494263471043888,0,160,3913,3905,564,231,1,0.576875748586167,0.6376319363361894,0.6086424912430844,0.576875748586167,0.21519528539671567,0.22222222222222254,1.2233606186634038,-2.534149843841321,1.7596622789832348,-1.2199335447094035,0.0606453741297639,0.6376319363361894,0.5702634980636921,0.06736843827249728,0.6086424912430844,0.5632009506140435,0.04544154062904093,0.576875748586167,0.5836737644459972,0.006798015859830198,0.21519528539671567,0.23089912560251288,0.01570384020579721,0.22222222222222254,0.20430652663152618,0.017915695590696362,2399.0,0.7903757415952538,2480.0,0.8170731707317073,2641.0,0.8701384311140409,488.0,0.16051417270929466,72.0,0.023401450230718525,0.023401450230718525,WACC_0p9_WRT_0p1,0.532300593276203,256,False,,,False,False,False,False,False,160.0,0.4162303664921466
IBDD,Electricity,1889,0.73,20,0.7142857142857141,0.7144893762700298,0,12,723,80,460,220,20,0.13506348145393826,0.2590480542384876,0.1997718985775665,0.13506348145393826,0.22270073803295595,0.2592592592592596,1.2233606186634038,-2.534149843841321,1.7596622789832348,-1.2199335447094035,0.0606453741297639,0.2590480542384876,0.3936670878178935,0.1346190335794059,0.1997718985775665,0.3406764640565383,0.1409045654789718,0.13506348145393826,0.3165500614475995,0.18148657999366125,0.22270073803295595,0.2033031189061015,0.01939761912685445,0.2592592592592596,0.2326048608443805,0.02665439841487907,405.0,0.13315754779169414,430.0,0.14139749505603164,73.0,0.023731048121292023,112.0,0.036585365853658534,558.0,0.1835860250494397,0.023731048121292023,WACC_0p5_WRT_0p5,0.10369149637442321,257,False,,,False,False,False,False,False,12.0,0.028795811518324606
IBDD,Electricity,2904,0.73,51,0.7142857142857141,0.5583717938339305,0,43,2972,1157,80,250,7,0.3238613824217449,0.4209477693574053,0.37462359090599767,0.3238613824217449,0.22270073803295595,0.2592592592592596,1.2233606186634038,-2.534149843841321,1.7596622789832348,-1.2199335447094035,0.0606453741297639,0.4209477693574053,0.46592910930474346,0.04498133994733816,0.37462359090599767,0.4327178484231389,0.0580942575171412,0.3238613824217449,0.41026508942345835,0.08640370700171346,0.22270073803295595,0.1959848952379087,0.02671584279504724,0.2592592592592596,0.2100519306150634,0.04920732864419619,1036.0,0.34113381674357285,1064.0,0.35036255767963087,771.0,0.25379037574159524,73.0,0.023731048121292023,149.0,0.04878048780487805,0.023731048121292023,WACC_0p7_WRT_0p3,0.20355965721819377,258,False,,,False,False,False,False,False,43.0,0.1099476439790576
IBDD,Electricity,255,0.75,12,0.7857142857142856,0.7970613765886635,0,3,109,1,1000,117,6,0.04856982959933198,0.17341783168583041,0.10729125822069678,0.04856982959933198,0.14497081183625146,0.18518518518518542,1.2233606186634038,-2.534149843841321,1.7596622789832348,-1.2199335447094035,0.0606453741297639,0.17341783168583041,0.2976052130233571,0.12418738133752666,0.10729125822069678,0.24171243249890134,0.13442117427820455,0.04856982959933198,0.3792335748672178,0.33066374526788583,0.14497081183625146,0.3539719765098126,0.20900116467356114,0.18518518518518542,0.38547165649991016,0.20028647131472474,73.0,0.023731048121292023,106.0,0.034607778510217534,462.0,0.15194462755438365,2550.0,0.8401450230718523,2628.0,0.8658536585365854,0.023731048121292023,WACC_0p1_WRT_0p9,0.38325642715886615,259,False,,,False,False,False,False,False,3.0,0.005235602094240838
IBDD,Electricity,1483,0.74,160,0.7499999999999998,0.3637828373313293,0,146,3608,4885,500,236,3,0.5594913148405642,0.6227437242489918,0.5925632221889111,0.5594913148405642,0.2084997118420129,0.22222222222222254,1.2233606186634038,-2.534149843841321,1.7596622789832348,-1.2199335447094035,0.0606453741297639,0.6227437242489918,0.5860524982663254,0.03669122598266639,0.5925632221889111,0.5771786084368289,0.015384613752082221,0.5594913148405642,0.5816624755609952,0.022171160720430905,0.2084997118420129,0.23790077859151532,0.029401066749502408,0.22222222222222254,0.20431770857923393,0.017904513642988618,2531.0,0.8338826631509558,2587.0,0.8523401450230719,2627.0,0.8655240606460118,651.0,0.21423862887277523,73.0,0.023731048121292023,0.023731048121292023,WACC_0p9_WRT_0p1,0.5579433091628213,260,False,,,False,False,False,False,False,146.0,0.3795811518324607
IBDD,Electricity,2146,0.72,12,0.6785714285714283,0.7970613765886635,0,6,2281,105,159,181,30,0.17831030738124148,0.17341783168583041,0.10729125822069678,0.17831030738124148,0.2615657011313083,0.2962962962962967,1.2233606186634038,-2.534149843841321,1.7596622789832348,-1.2199335447094035,0.0606453741297639,0.17341783168583041,0.3704980698564438,0.19708023817061338,0.10729125822069678,0.3203967460054033,0.2131054877847065,0.17831030738124148,0.3167822541293361,0.1384719467480946,0.2615657011313083,0.23039924754489496,0.031166453586413317,0.2962962962962967,0.26006075508721893,0.03623554120907779,271.0,0.08899143045484509,332.0,0.10909690177982861,74.0,0.024060646011865524,469.0,0.15425181278839814,1257.0,0.4139749505603164,0.024060646011865524,WACC_0p5_WRT_0p5,0.15807514831905076,261,False,,,False,False,False,False,False,6.0,0.013089005235602094
IBDD,Electricity,1461,0.71,15,0.6428571428571426,0.7613104172452672,0,14,4708,429,735,193,189,0.22155713330854457,0.21049290063453774,0.1473323326853007,0.22155713330854457,0.3004306642296604,0.3333333333333337,1.2233606186634038,-2.534149843841321,1.7596622789832348,-1.2199335447094035,0.0606453741297639,0.21049290063453774,0.2998854269605151,0.08939252632597738,0.1473323326853007,0.22631391982562812,0.07898158714032744,0.22155713330854457,0.3839912180929277,0.16243408478438312,0.3004306642296604,0.41185813724472564,0.11142747301506523,0.3333333333333337,0.43935886188978096,0.10602552855644726,80.0,0.026038233355306525,74.0,0.024060646011865524,506.0,0.16644693473961766,2862.0,0.9429795649307845,2829.0,0.9321028345418589,0.024060646011865524,WACC_0p3_WRT_0p7,0.4183256427158867,262,False,,,False,False,False,False,False,14.0,0.034031413612565446
IBDD,Electricity,2032,0.7,20,0.6071428571428569,0.7144893762700298,0,20,994,619,358,233,138,0.26480395923584765,0.2590480542384876,0.1997718985775665,0.26480395923584765,0.33929562732801266,0.37037037037037074,1.2233606186634038,-2.534149843841321,1.7596622789832348,-1.2199335447094035,0.0606453741297639,0.2590480542384876,0.31059153331310674,0.05154347907461915,0.1997718985775665,0.226891418823304,0.027119520245737494,0.26480395923584765,0.3290125707270091,0.06420861149116147,0.33929562732801266,0.35082602463336954,0.011530397305356876,0.37037037037037074,0.4016084424687209,0.031238072098350167,101.0,0.03295978905735003,75.0,0.024390243902439025,124.0,0.04054054054054054,2517.0,0.8292682926829268,2701.0,0.8899143045484509,0.024390243902439025,WACC_0p3_WRT_0p7,0.36341463414634145,263,False,,,False,False,False,False,False,20.0,0.049738219895287955
IBDD,Electricity,673,0.73,167,0.7142857142857141,0.3564550021379306,0,157,4789,2300,931,239,1,0.5683646720054849,0.6303429607458498,0.6007703976055176,0.5683646720054849,0.22270073803295595,0.2592592592592596,1.2233606186634038,-2.534149843841321,1.7596622789832348,-1.2199335447094035,0.0606453741297639,0.6303429607458498,0.5306689395545716,0.09967402119127822,0.6007703976055176,0.5282578018317685,0.07251259577374913,0.5683646720054849,0.5140681169384739,0.05429655506701103,0.22270073803295595,0.21622469610557862,0.0064760419273773295,0.2592592592592596,0.20446262600147957,0.05479663325778,1973.0,0.6499670402109426,2170.0,0.7148978246539223,2099.0,0.6914963744232037,227.0,0.07448912326961107,75.0,0.024390243902439025,0.024390243902439025,WACC_0p9_WRT_0p1,0.43104812129202374,264,False,,,False,False,False,False,False,157.0,0.4083769633507853
IBDD,Electricity,2487,0.73,35,0.7142857142857141,0.6216859620209692,0,27,763,694,560,205,23,0.24719355173287308,0.35528863197825417,0.3037117225365144,0.24719355173287308,0.22270073803295595,0.2592592592592596,1.2233606186634038,-2.534149843841321,1.7596622789832348,-1.2199335447094035,0.0606453741297639,0.35528863197825417,0.40994009158842654,0.05465145961017237,0.3037117225365144,0.34776867861227,0.044056956075755604,0.24719355173287308,0.3334054865564355,0.0862119348235624,0.22270073803295595,0.1964548788414928,0.02624585919146316,0.2592592592592596,0.23225434309347187,0.027004916165787707,503.0,0.16545814106789716,466.0,0.15326301911667764,143.0,0.04680290046143705,76.0,0.024719841793012523,547.0,0.17996044825313118,0.024719841793012523,WACC_0p7_WRT_0p3,0.11404087013843109,265,False,,,False,False,False,False,False,27.0,0.06806282722513089
IBDD,Electricity,1583,0.71,27,0.6428571428571426,0.6649568125048124,0,26,135,914,580,212,197,0.22155713330854457,0.31041515740241665,0.25524836999461,0.22155713330854457,0.3004306642296604,0.3333333333333337,1.2233606186634038,-2.534149843841321,1.7596622789832348,-1.2199335447094035,0.0606453741297639,0.31041515740241665,0.2990125621983712,0.011402595204045463,0.25524836999461,0.2303561525524797,0.02489221744213027,0.22155713330854457,0.4423104196097442,0.22075328630119964,0.3004306642296604,0.508657701289956,0.2082270370602956,0.3333333333333337,0.5397857042199012,0.20645237088656754,76.0,0.024719841793012523,79.0,0.025708635464733027,1138.0,0.37475280158206986,3030.0,0.9983520105471325,3023.0,0.996044825313118,0.024719841793012523,WACC_0p1_WRT_0p9,0.48391562294001317,266,False,,,False,False,False,False,False,26.0,0.06544502617801047
IBDD,Electricity,529,0.73,92,0.7142857142857141,0.4582750386595772,0,84,1904,1212,545,218,1,0.4450696569353127,0.5247518117604384,0.48673195670127345,0.4450696569353127,0.22270073803295595,0.2592592592592596,1.2233606186634038,-2.534149843841321,1.7596622789832348,-1.2199335447094035,0.0606453741297639,0.5247518117604384,0.49544042923931747,0.02931138252112092,0.48673195670127345,0.45357853415079735,0.0331534225504761,0.4450696569353127,0.41960875050549545,0.025460906429817243,0.22270073803295595,0.1965848753590606,0.026115862673895346,0.2592592592592596,0.2108483067157366,0.048410952543522984,1451.0,0.4779169413315755,1286.0,0.4235332893869479,866.0,0.2851021753460778,77.0,0.025049439683586024,164.0,0.05372445616348055,0.025049439683586024,WACC_0p7_WRT_0p3,0.25306526038233357,267,False,,,False,False,False,False,False,84.0,0.21727748691099477
IBDD,Electricity,645,0.73,98,0.7142857142857141,0.4475103999651687,0,90,1714,1688,624,211,7,0.45810467769735974,0.535915140776862,0.49878835203901095,0.45810467769735974,0.22270073803295595,0.2592592592592596,1.2233606186634038,-2.534149843841321,1.7596622789832348,-1.2199335447094035,0.0606453741297639,0.535915140776862,0.510788026235768,0.025127114541093953,0.49878835203901095,0.4749964502192028,0.02379190181980817,0.45810467769735974,0.44784001736963347,0.010264660327726272,0.22270073803295595,0.21434735424306942,0.008353383789886537,0.2592592592592596,0.20458097200044795,0.05467828725881163,1686.0,0.555372445616348,1546.0,0.509228740936058,1204.0,0.39650626235992087,203.0,0.06657877389584707,77.0,0.025049439683586024,0.025049439683586024,WACC_0p9_WRT_0p1,0.31054713249835203,268,False,,,False,False,False,False,False,90.0,0.23298429319371727
IBDD,Electricity,1034,0.74,59,0.7499999999999998,0.5337329569329065,0,46,500,69,848,198,1,0.35369682415601933,0.44649915577328214,0.4022190882351447,0.35369682415601933,0.1838357749346038,0.22222222222222254,1.2233606186634038,-2.534149843841321,1.7596622789832348,-1.2199335447094035,0.0606453741297639,0.44649915577328214,0.4335270532136,0.01297210255968212,0.4022190882351447,0.36248526922298446,0.03973381901216022,0.35369682415601933,0.3373822845062342,0.01631453964978513,0.1838357749346038,0.19671910179552793,0.012883326860924138,0.22222222222222254,0.22779862162291772,0.005576399400695181,693.0,0.22808174027686223,549.0,0.1806196440342782,166.0,0.054383651944627555,78.0,0.025379037574159526,456.0,0.14996704021094265,0.025379037574159526,WACC_0p7_WRT_0p3,0.12768622280817404,269,False,,,False,False,False,False,False,46.0,0.11780104712041885
IBDD,Electricity,324,0.73,91,0.7142857142857141,0.460136442071784,0,83,885,2608,197,216,5,0.4428156628335633,0.5228214674811129,0.48464718487960196,0.4428156628335633,0.22270073803295595,0.2592592592592596,1.2233606186634038,-2.534149843841321,1.7596622789832348,-1.2199335447094035,0.0606453741297639,0.5228214674811129,0.4977766186639264,0.025044848817186494,0.48464718487960196,0.4809301856744134,0.0037169992051885314,0.4428156628335633,0.46941538647681613,0.02659972364325286,0.22270073803295595,0.2014128798309074,0.021287858202048565,0.2592592592592596,0.20458266466854066,0.05467659459071891,1480.0,0.487475280158207,1627.0,0.5359261700725115,1493.0,0.4917600527356625,102.0,0.033289386947923535,78.0,0.025379037574159526,0.025379037574159526,WACC_0p9_WRT_0p1,0.31476598549769286,270,False,,,False,False,False,False,False,83.0,0.21465968586387435
IBDD,Electricity,1890,0.72,30,0.6785714285714283,0.6474320576490926,0,23,2798,591,574,217,124,0.21601731808663274,0.3285889772527928,0.27487609543301617,0.21601731808663274,0.2615657011313083,0.2962962962962967,1.2233606186634038,-2.534149843841321,1.7596622789832348,-1.2199335447094035,0.0606453741297639,0.3285889772527928,0.3193845972215297,0.009204380031263115,0.27487609543301617,0.23789938335009017,0.036976712082925994,0.21601731808663274,0.3173260943194828,0.10130877623285003,0.2615657011313083,0.3095683559085424,0.048002654777234144,0.2962962962962967,0.3497682587346539,0.05347196243835717,122.0,0.03988134475939354,99.0,0.032300593276203035,78.0,0.025379037574159526,2087.0,0.6875411997363217,2409.0,0.7936717205009888,0.025379037574159526,WACC_0p5_WRT_0p5,0.3157547791694133,271,False,,,False,False,False,False,False,23.0,0.05759162303664921
IBDD,Electricity,2465,0.73,20,0.7142857142857141,0.7144893762700298,0,12,637,245,323,117,106,0.13506348145393826,0.2590480542384876,0.1997718985775665,0.13506348145393826,0.22270073803295595,0.2592592592592596,1.2233606186634038,-2.534149843841321,1.7596622789832348,-1.2199335447094035,0.0606453741297639,0.2590480542384876,0.299162523548866,0.04011446931037843,0.1997718985775665,0.24574846522025845,0.04597656664269195,0.13506348145393826,0.32841937129390564,0.19335588983996738,0.22270073803295595,0.31052980470866387,0.08782906667570792,0.2592592592592596,0.3733764203100396,0.11411716105078001,78.0,0.025379037574159526,112.0,0.036585365853658534,121.0,0.03955174686882004,2103.0,0.6928147659854977,2569.0,0.8464073829927489,0.025379037574159526,WACC_0p1_WRT_0p9,0.32814765985497696,272,False,,,False,False,False,False,False,12.0,0.028795811518324606
IBDD,Electricity,470,0.73,56,0.7142857142857141,0.5425645408871178,0,48,621,1131,888,229,8,0.34300256088597536,0.43734047611706295,0.392327714206428,0.34300256088597536,0.22270073803295595,0.2592592592592596,1.2233606186634038,-2.534149843841321,1.7596622789832348,-1.2199335447094035,0.0606453741297639,0.43734047611706295,0.44024981788700585,0.002909341769942897,0.392327714206428,0.38171483608351264,0.010612878122915337,0.34300256088597536,0.37155420260809974,0.028551641722124377,0.22270073803295595,0.1972987916373497,0.02540194639560625,0.2592592592592596,0.23237693553479977,0.02688232372445981,754.0,0.24818721160184576,666.0,0.21918259723137773,404.0,0.13282794990112062,79.0,0.025708635464733027,555.0,0.1825972313777192,0.025708635464733027,WACC_0p7_WRT_0p3,0.16170072511535927,273,False,,,False,False,False,False,False,48.0,0.12303664921465969
IBDD,Electricity,116,0.74,94,0.7499999999999998,0.454611535799055,0,81,576,851,595,113,4,0.44950583330912175,0.5285509999120911,0.49083507990505837,0.44950583330912175,0.1838357749346038,0.22222222222222254,1.2233606186634038,-2.534149843841321,1.7596622789832348,-1.2199335447094035,0.0606453741297639,0.5285509999120911,0.525303640068154,0.003247359843937092,0.49083507990505837,0.4658203513907706,0.025014728514287765,0.44950583330912175,0.42206327686230233,0.02744255644681942,0.1838357749346038,0.22100143627954547,0.037165661344941675,0.22222222222222254,0.2046742462116375,0.017547976010585054,1908.0,0.6285431773236652,1436.0,0.47297297297297297,896.0,0.2949901120632828,297.0,0.0975609756097561,79.0,0.025708635464733027,0.025708635464733027,WACC_0p9_WRT_0p1,0.30395517468688205,274,False,,,False,False,False,False,False,81.0,0.2094240837696335
IBDD,Electricity,2965,0.66,24,0.4642857142857142,0.6844695345995766,0,25,2063,767,538,145,91,0.4377912629450598,0.29017974189673534,0.2333941212484741,0.4377912629450598,0.4947554797214213,0.5185185185185187,1.2233606186634038,-2.534149843841321,1.7596622789832348,-1.2199335447094035,0.0606453741297639,0.29017974189673534,0.35765799719713565,0.0674782553004003,0.2333941212484741,0.3004424325795775,0.06704831133110337,0.4377912629450598,0.31761237865181813,0.1201788842932417,0.4947554797214213,0.29664638795613313,0.19810909176528818,0.5185185185185187,0.3293369880095345,0.18918153050898423,222.0,0.07284113381674358,242.0,0.07943309162821358,79.0,0.025708635464733027,1899.0,0.6255767963085036,2265.0,0.7462096242584048,0.025708635464733027,WACC_0p5_WRT_0p5,0.3099538562953197,275,False,,,False,False,False,False,False,25.0,0.06282722513089005
IBDD,Electricity,76,0.73,108,0.7142857142857141,0.4309420365106688,0,100,3080,1,1000,213,1,0.478167493343437,0.5530971473222692,0.5173449191080508,0.478167493343437,0.22270073803295595,0.2592592592592596,1.2233606186634038,-2.534149843841321,1.7596622789832348,-1.2199335447094035,0.0606453741297639,0.5530971473222692,0.4936550615746799,0.0594420857475893,0.5173449191080508,0.42958540340398277,0.08775951570406804,0.478167493343437,0.40244772578554183,0.07571976755789517,0.22270073803295595,0.19730884910309143,0.02539188892986452,0.2592592592592596,0.22664899900178745,0.03261026025747213,1432.0,0.47165458141067895,1037.0,0.34146341463414637,696.0,0.22907053394858273,80.0,0.026038233355306525,439.0,0.14436387607119314,0.026038233355306525,WACC_0p7_WRT_0p3,0.24251812788398155,276,False,,,False,False,False,False,False,100.0,0.2591623036649215
IBDD,Electricity,2916,0.69,13,0.5714285714285711,0.7843016038821788,0,14,1960,208,792,164,116,0.3080507851631509,0.18665018856662932,0.12158220365195957,0.3080507851631509,0.3781605904263649,0.4074074074074079,1.2233606186634038,-2.534149843841321,1.7596622789832348,-1.2199335447094035,0.0606453741297639,0.18665018856662932,0.3038238782373235,0.11717368967069416,0.12158220365195957,0.23044345135077374,0.10886124769881417,0.3080507851631509,0.3286007120460556,0.020549926882904745,0.3781605904263649,0.32190493355295674,0.056255656873408166,0.4074074074074079,0.35803467433815406,0.04937273306925383,88.0,0.028675016479894528,80.0,0.026038233355306525,122.0,0.03988134475939354,2218.0,0.7307185234014503,2466.0,0.8124588002636783,0.026038233355306525,WACC_0p3_WRT_0p7,0.32755438365194467,277,False,,,False,False,False,False,False,14.0,0.034031413612565446
IBDD,Electricity,1934,0.73,11,0.7142857142857141,0.8108429810104846,0,3,580,52,605,147,77,0.13506348145393826,0.15912579747060857,0.09185586126825715,0.13506348145393826,0.22270073803295595,0.2592592592592596,1.2233606186634038,-2.534149843841321,1.7596622789832348,-1.2199335447094035,0.0606453741297639,0.15912579747060857,0.3064813769733445,0.14735557950273592,0.09185586126825715,0.24524400296211368,0.15338814169385653,0.13506348145393826,0.31814082344650674,0.18307734199256848,0.22270073803295595,0.2808371130767453,0.05813637504378935,0.2592592592592596,0.32261364477070525,0.06335438551144568,92.0,0.02999340804218853,111.0,0.03625576796308504,81.0,0.026367831245880026,1664.0,0.548121292023731,2221.0,0.7317073170731707,0.026367831245880026,WACC_0p5_WRT_0p5,0.27448912326961106,278,False,,,False,False,False,False,False,3.0,0.005235602094240838
IBDD,Electricity,576,0.73,81,0.7142857142857141,0.4799488650928298,0,73,3266,2023,580,249,3,0.41882457936506384,0.502275251014843,0.4624572710960305,0.41882457936506384,0.22270073803295595,0.2592592592592596,1.2233606186634038,-2.534149843841321,1.7596622789832348,-1.2199335447094035,0.0606453741297639,0.502275251014843,0.5063010736443846,0.004025822629541542,0.4624572710960305,0.4761848259472048,0.013727554851174273,0.41882457936506384,0.46731099468344867,0.04848641531838482,0.22270073803295595,0.20448623916507797,0.018214498867877987,0.2592592592592596,0.20478461124993483,0.05447464800932475,1616.0,0.532300593276203,1567.0,0.5161502966381015,1456.0,0.47956493078444296,125.0,0.04087013843111404,81.0,0.026367831245880026,0.026367831245880026,WACC_0p9_WRT_0p1,0.3190507580751483,279,False,,,False,False,False,False,False,73.0,0.18848167539267016
IBDD,Electricity,2672,0.71,23,0.6428571428571426,0.691498189633118,0,22,1439,776,270,211,188,0.22155713330854457,0.2828907663063961,0.2255220276109077,0.22155713330854457,0.3004306642296604,0.3333333333333337,1.2233606186634038,-2.534149843841321,1.7596622789832348,-1.2199335447094035,0.0606453741297639,0.2828907663063961,0.3002610166048471,0.017370250298451018,0.2255220276109077,0.23391865293587444,0.008396625324966739,0.22155713330854457,0.4000347479491648,0.17847761464062026,0.3004306642296604,0.43938640163078174,0.13895573740112133,0.3333333333333337,0.4909958944549242,0.1576625611215905,81.0,0.026367831245880026,87.0,0.028345418589321027,681.0,0.22412656558998023,2928.0,0.9647330257086355,2964.0,0.9765985497692815,0.026367831245880026,WACC_0p1_WRT_0p9,0.4440342781806196,280,False,,,False,False,False,False,False,22.0,0.0549738219895288
IBDD,Electricity,2739,0.71,23,0.6428571428571426,0.691498189633118,0,22,2908,790,999,227,199,0.22155713330854457,0.2828907663063961,0.2255220276109077,0.22155713330854457,0.3004306642296604,0.3333333333333337,1.2233606186634038,-2.534149843841321,1.7596622789832348,-1.2199335447094035,0.0606453741297639,0.2828907663063961,0.30488365734506073,0.02199289103866464,0.2255220276109077,0.23157089945917894,0.006048871848271242,0.22155713330854457,0.4073866474159371,0.18582951410739254,0.3004306642296604,0.4405891839647633,0.1401585197351029,0.3333333333333337,0.49026752573400484,0.15693419240067114,89.0,0.02900461437046803,81.0,0.026367831245880026,743.0,0.24456163480553725,2932.0,0.9660514172709295,2962.0,0.9759393539881345,0.026367831245880026,WACC_0p3_WRT_0p7,0.4483849703361898,281,False,,,False,False,False,False,False,22.0,0.0549738219895288
IBDD,Electricity,539,0.72,74,0.6785714285714283,0.4953125156100612,0,67,3084,945,998,180,5,0.4002205640183184,0.48634257640438094,0.4452499825167314,0.4002205640183184,0.2615657011313083,0.2962962962962967,1.2233606186634038,-2.534149843841321,1.7596622789832348,-1.2199335447094035,0.0606453741297639,0.48634257640438094,0.4887070780635893,0.0023645016592083734,0.4452499825167314,0.4477487436597798,0.002498761143048367,0.4002205640183184,0.4105668570568577,0.01034629303853929,0.2615657011313083,0.19751124137918846,0.06405445975211982,0.2962962962962967,0.21351632935009135,0.08277996694620537,1335.0,0.4396835860250494,1212.0,0.3991430454845089,774.0,0.25477916941331574,82.0,0.026697429136453527,191.0,0.06262359920896507,0.026697429136453527,WACC_0p7_WRT_0p3,0.23658536585365847,282,False,,,False,False,False,False,False,67.0,0.17277486910994763
IBDD,Electricity,2064,0.72,18,0.6785714285714283,0.7317215598766331,0,11,2189,468,425,88,83,0.17831030738124148,0.2411776416094175,0.1804718529381708,0.17831030738124148,0.2615657011313083,0.2962962962962967,1.2233606186634038,-2.534149843841321,1.7596622789832348,-1.2199335447094035,0.0606453741297639,0.2411776416094175,0.3588274062152313,0.1176497646058138,0.1804718529381708,0.28320439409893394,0.10273254116076314,0.17831030738124148,0.31859364514062927,0.14028333775938778,0.2615657011313083,0.28573880328542167,0.02417310215411339,0.2962962962962967,0.33990443293799366,0.04360813664169694,226.0,0.07415952537903757,191.0,0.06262359920896507,82.0,0.026697429136453527,1745.0,0.5748187211601846,2341.0,0.7712590639419907,0.026697429136453527,WACC_0p5_WRT_0p5,0.3019116677653263,283,False,,,False,False,False,False,False,11.0,0.02617801047120419
IBDD,Electricity,519,0.73,76,0.7142857142857141,0.4907812504490119,0,68,4862,758,46,232,4,0.4057075234165282,0.49104166620102463,0.45032499949710664,0.4057075234165282,0.22270073803295595,0.2592592592592596,1.2233606186634038,-2.534149843841321,1.7596622789832348,-1.2199335447094035,0.0606453741297639,0.49104166620102463,0.531742501558095,0.040700835357070364,0.45032499949710664,0.5061766932242092,0.05585169372710258,0.4057075234165282,0.4922661245272796,0.08655860111075137,0.22270073803295595,0.206783825115989,0.015916912916966952,0.2592592592592596,0.2049569092597944,0.05430234999946518,1993.0,0.6565589980224127,1952.0,0.6430454845088991,1833.0,0.6038233355306526,139.0,0.045484508899143045,82.0,0.026697429136453527,0.026697429136453527,WACC_0p9_WRT_0p1,0.3951219512195122,284,False,,,False,False,False,False,False,68.0,0.17539267015706805
IBDD,Electricity,2193,0.71,24,0.6428571428571426,0.6844695345995766,0,23,4173,848,587,233,232,0.22155713330854457,0.29017974189673534,0.2333941212484741,0.22155713330854457,0.3004306642296604,0.3333333333333337,1.2233606186634038,-2.534149843841321,1.7596622789832348,-1.2199335447094035,0.0606453741297639,0.29017974189673534,0.3129111808234492,0.022731438926713865,0.2333941212484741,0.23196831346838523,0.0014258077800888835,0.22155713330854457,0.43264333130599103,0.21108619799744646,0.3004306642296604,0.45126215083480303,0.15083148660514262,0.3333333333333337,0.49613824950339697,0.16280491617006326,110.0,0.03592617007251154,82.0,0.026697429136453527,1017.0,0.3348714568226763,2958.0,0.9746209624258405,2974.0,0.9798945286750165,0.026697429136453527,WACC_0p3_WRT_0p7,0.4704021094264997,285,False,,,False,False,False,False,False,23.0,0.05759162303664921
IBDD,Electricity,2986,0.68,10,0.5357142857142857,0.8258244379441995,0,10,2184,117,511,119,97,0.35129761109045354,0.14358947176157089,0.10285714285714277,0.35129761109045354,0.4170255535247168,0.44444444444444453,1.2233606186634038,-2.534149843841321,1.7596622789832348,-1.2199335447094035,0.0606453741297639,0.14358947176157089,0.3006277542189621,0.1570382824573912,0.10285714285714277,0.24410768260005716,0.1412505397429144,0.35129761109045354,0.335711681761369,0.015585929329084536,0.4170255535247168,0.3110987746198896,0.10592677890482721,0.44444444444444453,0.3640211059937291,0.08042333845071542,83.0,0.02702702702702703,109.0,0.035596572181938034,157.0,0.051417270929466054,2110.0,0.6951219512195121,2503.0,0.8246539222148979,0.02702702702702703,WACC_0p1_WRT_0p9,0.3267633487145682,286,False,,,False,False,False,False,False,10.0,0.02356020942408377
IBDD,Electricity,2991,0.67,20,0.5,0.7144893762700298,0,22,71,569,637,243,58,0.3945444370177566,0.2590480542384876,0.1997718985775665,0.3945444370177566,0.455890516623069,0.48148148148148157,1.2233606186634038,-2.534149843841321,1.7596622789832348,-1.2199335447094035,0.0606453741297639,0.2590480542384876,0.3059562254673807,0.046908171228893125,0.1997718985775665,0.2323120192047014,0.032540120627134905,0.3945444370177566,0.3493042569769597,0.045240180040796885,0.455890516623069,0.3733454533982351,0.0825450632248339,0.48148148148148157,0.39923892193293625,0.08224255954854531,91.0,0.02966381015161503,83.0,0.02702702702702703,237.0,0.07778510217534608,2703.0,0.8905735003295979,2692.0,0.8869479235332894,0.02702702702702703,WACC_0p3_WRT_0p7,0.38239947264337515,287,False,,,False,False,False,False,False,22.0,0.0549738219895288
IBDD,Electricity,1069,0.72,78,0.6785714285714283,0.4863661844748775,0,71,1373,1304,282,213,2,0.41105377592647485,0.49562025313716407,0.4552698733881372,0.41105377592647485,0.2615657011313083,0.2962962962962967,1.2233606186634038,-2.534149843841321,1.7596622789832348,-1.2199335447094035,0.0606453741297639,0.49562025313716407,0.4992349183081403,0.00361466517097625,0.4552698733881372,0.47073596130988477,0.015466087921747584,0.41105377592647485,0.4422103790061805,0.031156603079705636,0.2615657011313083,0.19757907991902848,0.0639866212122798,0.2962962962962967,0.2079292038066436,0.08836709248965313,1504.0,0.495385629531971,1495.0,0.4924192485168095,1136.0,0.3740936058009229,84.0,0.027356624917600526,114.0,0.03724456163480554,0.027356624917600526,WACC_0p7_WRT_0p3,0.2852999340804219,288,False,,,False,False,False,False,False,71.0,0.18324607329842932
IBDD,Electricity,2191,0.72,34,0.6785714285714283,0.6265363711819671,0,27,2469,963,443,205,126,0.24132013731434054,0.3502585780335155,0.2982792642761968,0.24132013731434054,0.2615657011313083,0.2962962962962967,1.2233606186634038,-2.534149843841321,1.7596622789832348,-1.2199335447094035,0.0606453741297639,0.3502585780335155,0.3355842689490843,0.014674309084431236,0.2982792642761968,0.2700917386435184,0.0281875256326784,0.24132013731434054,0.3200217816152856,0.07870164430094506,0.2615657011313083,0.3162756313444941,0.05470993021318582,0.2962962962962967,0.3659431818958664,0.06964688559956966,154.0,0.05042847725774555,162.0,0.05306526038233355,84.0,0.027356624917600526,2161.0,0.7119314436387607,2518.0,0.8295978905735003,0.027356624917600526,WACC_0p5_WRT_0p5,0.3344759393539881,289,False,,,False,False,False,False,False,27.0,0.06806282722513089
IBDD,Electricity,929,0.74,33,0.7499999999999998,0.6315273913256072,0,21,2743,722,155,182,8,0.23527645549249393,0.34508270529196283,0.29268932171531986,0.23527645549249393,0.1838357749346038,0.22222222222222254,1.2233606186634038,-2.534149843841321,1.7596622789832348,-1.2199335447094035,0.0606453741297639,0.34508270529196283,0.45731249329427326,0.11222978800231043,0.29268932171531986,0.4139575424649169,0.12126822074959703,0.23527645549249393,0.39146203338789576,0.15618557789540183,0.1838357749346038,0.19818632101108394,0.014350546076480147,0.22222222222222254,0.21875147609658133,0.0034707461256412164,931.0,0.3065260382333553,900.0,0.2963085036255768,578.0,0.1901779828609097,85.0,0.027686222808174028,282.0,0.0926170072511536,0.027686222808174028,WACC_0p7_WRT_0p3,0.18266315095583388,290,False,,,False,False,False,False,False,21.0,0.05235602094240838
IBDD,Electricity,1173,0.71,15,0.6428571428571426,0.7613104172452672,0,14,1814,33,950,156,103,0.22155713330854457,0.21049290063453774,0.1473323326853007,0.22155713330854457,0.3004306642296604,0.3333333333333337,1.2233606186634038,-2.534149843841321,1.7596622789832348,-1.2199335447094035,0.0606453741297639,0.21049290063453774,0.3014588643638737,0.09096596372933596,0.1473323326853007,0.23629422794789467,0.08896189526259399,0.22155713330854457,0.3276516529497388,0.10609451964119423,0.3004306642296604,0.3204366225917541,0.02000595836209368,0.3333333333333337,0.3580616920602523,0.024728358726918587,85.0,0.027686222808174028,92.0,0.02999340804218853,119.0,0.03889255108767304,2200.0,0.7247857613711273,2467.0,0.8127883981542519,0.027686222808174028,WACC_0p1_WRT_0p9,0.32682926829268294,291,False,,,False,False,False,False,False,14.0,0.034031413612565446
IBDD,Electricity,135,0.73,145,0.7142857142857141,0.3806214707353315,0,137,3948,1,1000,250,10,0.5391012263056209,0.6052814377559526,0.5737039527764287,0.5391012263056209,0.22270073803295595,0.2592592592592596,1.2233606186634038,-2.534149843841321,1.7596622789832348,-1.2199335447094035,0.0606453741297639,0.6052814377559526,0.4656931241215209,0.13958831363443164,0.5737039527764287,0.39230434633380107,0.18139960644262765,0.5391012263056209,0.39205935509714723,0.14704187120847362,0.22270073803295595,0.19824883826603415,0.024451899766921803,0.2592592592592596,0.23168518956456438,0.027574069694695197,1032.0,0.33981542518127883,731.0,0.24060646011865525,588.0,0.1934739617666447,86.0,0.02801582069874753,532.0,0.17501647989452868,0.02801582069874753,WACC_0p7_WRT_0p3,0.195385629531971,292,False,,,False,False,False,False,False,137.0,0.35602094240837695
IBDD,Electricity,681,0.73,135,0.7142857142857141,0.3928378085708742,0,127,3751,873,167,148,6,0.5243083269020213,0.5926126429635379,0.5600216544006209,0.5243083269020213,0.22270073803295595,0.2592592592592596,1.2233606186634038,-2.534149843841321,1.7596622789832348,-1.2199335447094035,0.0606453741297639,0.5926126429635379,0.5737879492953624,0.01882469366817552,0.5600216544006209,0.5473692805337411,0.012652373866879785,0.5243083269020213,0.5120862990363072,0.012222027865714136,0.22270073803295595,0.2352630509359508,0.012562312902994838,0.2592592592592596,0.20519938764811058,0.054059871611149,2424.0,0.7986156888595913,2347.0,0.7732366512854317,2081.0,0.6855636123928807,582.0,0.1914963744232037,86.0,0.02801582069874753,0.02801582069874753,WACC_0p9_WRT_0p1,0.495385629531971,293,False,,,False,False,False,False,False,127.0,0.3298429319371728
IBDD,Electricity,206,0.7,18,0.6071428571428569,0.7317215598766331,0,18,2155,350,1000,222,8,0.26480395923584765,0.2411776416094175,0.1804718529381708,0.26480395923584765,0.33929562732801266,0.37037037037037074,1.2233606186634038,-2.534149843841321,1.7596622789832348,-1.2199335447094035,0.0606453741297639,0.2411776416094175,0.4147957984136437,0.17361815680422624,0.1804718529381708,0.33458654309961183,0.15411469016144103,0.26480395923584765,0.320726372187019,0.05592241295117134,0.33929562732801266,0.204155370503118,0.13514025682489467,0.37037037037037074,0.2463058291231324,0.12406454124723834,545.0,0.17930125247198417,393.0,0.12920237310481214,87.0,0.028345418589321027,121.0,0.03955174686882004,914.0,0.3009228740936058,0.028345418589321027,WACC_0p5_WRT_0p5,0.13546473302570866,294,False,,,False,False,False,False,False,18.0,0.04450261780104712
IBDD,Electricity,839,0.73,105,0.7142857142857141,0.4357473197013715,0,97,4296,2793,11,211,4,0.47234872246440507,0.5481138906800592,0.5119630019344639,0.47234872246440507,0.22270073803295595,0.2592592592592596,1.2233606186634038,-2.534149843841321,1.7596622789832348,-1.2199335447094035,0.0606453741297639,0.5481138906800592,0.5492635908527278,0.0011497001726685774,0.5119630019344639,0.5442913834271021,0.03232838149263828,0.47234872246440507,0.5477467888857546,0.0753980664213495,0.22270073803295595,0.21914067743551796,0.0035600605974379917,0.2592592592592596,0.20524884345920139,0.05401041580005819,2193.0,0.7224785761371127,2322.0,0.7649967040210943,2398.0,0.7900461437046803,274.0,0.08998022412656559,87.0,0.028345418589321027,0.028345418589321027,WACC_0p9_WRT_0p1,0.4791694133157548,295,False,,,False,False,False,False,False,97.0,0.2513089005235602
IBDD,Electricity,2869,0.73,51,0.7142857142857141,0.5583717938339305,0,43,567,1213,762,247,2,0.3238613824217449,0.4209477693574053,0.37462359090599767,0.3238613824217449,0.22270073803295595,0.2592592592592596,1.2233606186634038,-2.534149843841321,1.7596622789832348,-1.2199335447094035,0.0606453741297639,0.4209477693574053,0.45422259075724003,0.03327482139983473,0.37462359090599767,0.3944168984047085,0.019793307498710833,0.3238613824217449,0.3747391753745869,0.050877792952842005,0.22270073803295595,0.19879238980779632,0.023908348225159637,0.2592592592592596,0.21452673517538903,0.044732524083870545,903.0,0.2972972972972973,745.0,0.24522083058668426,431.0,0.14172709294660515,88.0,0.028675016479894528,207.0,0.06789716545814106,0.028675016479894528,WACC_0p7_WRT_0p3,0.15616348055372448,296,False,,,False,False,False,False,False,43.0,0.1099476439790576
IBDD,Electricity,2274,0.73,118,0.7142857142857141,0.4158289952077859,0,110,4212,3017,162,246,1,0.4964680432042589,0.5687699308956294,0.5342715253672798,0.4964680432042589,0.22270073803295595,0.2592592592592596,1.2233606186634038,-2.534149843841321,1.7596622789832348,-1.2199335447094035,0.0606453741297639,0.5687699308956294,0.5516287395407056,0.017141191354923868,0.5342715253672798,0.5368512615101871,0.0025797361429072962,0.4964680432042589,0.553729794919203,0.05726175171494413,0.22270073803295595,0.2202075747532879,0.002493163279668059,0.2592592592592596,0.20536625698695427,0.05389300227230531,2224.0,0.7326961107448913,2260.0,0.7445616348055373,2447.0,0.8061964403427818,292.0,0.09591298615688859,88.0,0.028675016479894528,0.028675016479894528,WACC_0p9_WRT_0p1,0.4816084377059987,297,False,,,False,False,False,False,False,110.0,0.28534031413612565
IBDD,Electricity,1374,0.74,50,0.7499999999999998,0.5617151637134581,0,37,1532,712,243,247,69,0.31981285863641046,0.4174805709638212,0.3708790166409269,0.31981285863641046,0.1838357749346038,0.22222222222222254,1.2233606186634038,-2.534149843841321,1.7596622789832348,-1.2199335447094035,0.0606453741297639,0.4174805709638212,0.37071621898830026,0.046764351975520924,0.3708790166409269,0.30079572051348774,0.07008329612743913,0.31981285863641046,0.32090991088109294,0.0010970522446824837,0.1838357749346038,0.2550352159779606,0.07119944104335679,0.22222222222222254,0.29655687545796056,0.07433465323573801,273.0,0.08965062623599208,243.0,0.07976268951878708,89.0,0.02900461437046803,1105.0,0.36387607119314436,1951.0,0.6427158866183257,0.02900461437046803,WACC_0p5_WRT_0p5,0.24100197758734346,298,False,,,False,False,False,False,False,37.0,0.09424083769633508
IBDD,Electricity,1524,0.73,43,0.7142857142857141,0.5871348551894666,0,35,3914,377,333,174,154,0.2890318714095271,0.3911194094331457,0.3424089621877973,0.2890318714095271,0.22270073803295595,0.2592592592592596,1.2233606186634038,-2.534149843841321,1.7596622789832348,-1.2199335447094035,0.0606453741297639,0.3911194094331457,0.31096115327184376,0.08015825616130196,0.3424089621877973,0.23562502834512064,0.10678393384267668,0.2890318714095271,0.3501745660800166,0.06114269467048955,0.22270073803295595,0.3451230999506878,0.12242236191773184,0.2592592592592596,0.3800351174144296,0.12077585815517,103.0,0.03361898483849703,89.0,0.02900461437046803,242.0,0.07943309162821358,2468.0,0.8131179960448253,2604.0,0.8579433091628214,0.02900461437046803,WACC_0p3_WRT_0p7,0.3626235992089651,299,False,,,False,False,False,False,False,35.0,0.08900523560209424
IBDD,Electricity,570,0.73,117,0.7142857142857141,0.4172819839037627,0,109,1225,2487,81,202,1,0.49470860302639985,0.5672631278035053,0.5326441780277857,0.49470860302639985,0.22270073803295595,0.2592592592592596,1.2233606186634038,-2.534149843841321,1.7596622789832348,-1.2199335447094035,0.0606453741297639,0.5672631278035053,0.5156084989660273,0.051654628837477956,0.5326441780277857,0.4910553780246692,0.041588800003116544,0.49470860302639985,0.494361065486603,0.0003475375397968272,0.22270073803295595,0.22384600294580712,0.0011452649128511627,0.2592592592592596,0.20538011264335665,0.05387914661590293,1766.0,0.5817402768622281,1761.0,0.5800922874093606,1866.0,0.6147000659195782,337.0,0.11074489123269611,89.0,0.02900461437046803,0.02900461437046803,WACC_0p9_WRT_0p1,0.3832564271588662,300,False,,,False,False,False,False,False,109.0,0.28272251308900526
IBDD,Electricity,865,0.73,77,0.7142857142857141,0.4885595662217817,0,69,1804,1231,256,233,3,0.40839778556566114,0.49334563502926343,0.4528132858316045,0.40839778556566114,0.22270073803295595,0.2592592592592596,1.2233606186634038,-2.534149843841321,1.7596622789832348,-1.2199335447094035,0.0606453741297639,0.49334563502926343,0.46903311193315933,0.0243125230961041,0.4528132858316045,0.43731195546976126,0.015501330361843257,0.40839778556566114,0.42557265158797153,0.017174866022310387,0.22270073803295595,0.19928331482635805,0.023417423206597898,0.2592592592592596,0.22203343120682092,0.03722582805243865,1065.0,0.35069215557020433,1117.0,0.36783124588002636,939.0,0.3091628213579433,90.0,0.02933421226104153,342.0,0.1123928806855636,0.02933421226104153,WACC_0p7_WRT_0p3,0.23388266315095585,301,False,,,False,False,False,False,False,69.0,0.17801047120418848
IBDD,Electricity,1505,0.71,30,0.6428571428571426,0.6474320576490926,0,28,760,903,351,154,84,0.22155713330854457,0.3285889772527928,0.27487609543301617,0.22155713330854457,0.3004306642296604,0.3333333333333337,1.2233606186634038,-2.534149843841321,1.7596622789832348,-1.2199335447094035,0.0606453741297639,0.3285889772527928,0.3646319125064526,0.036042935253659814,0.27487609543301617,0.3052303806501486,0.03035428521713246,0.22155713330854457,0.3209248676473858,0.09936773433884125,0.3004306642296604,0.26808358497372536,0.03234707925593505,0.3333333333333337,0.32321621499782766,0.010117118335506048,243.0,0.07976268951878708,258.0,0.08470665787738958,90.0,0.02933421226104153,1399.0,0.46077785102175345,2223.0,0.7323665128543178,0.02933421226104153,WACC_0p5_WRT_0p5,0.27738958470665787,302,False,,,False,False,False,False,False,28.0,0.07068062827225131
IBDD,Electricity,810,0.74,47,0.7499999999999998,0.5721533982557516,0,34,2187,582,494,118,1,0.30717308429372037,0.40665573514218345,0.35918819395355817,0.30717308429372037,0.1838357749346038,0.22222222222222254,1.2233606186634038,-2.534149843841321,1.7596622789832348,-1.2199335447094035,0.0606453741297639,0.40665573514218345,0.5180046767941326,0.1113489416519492,0.35918819395355817,0.4623321311014118,0.10314393714785364,0.30717308429372037,0.42475507767601145,0.11758199338229108,0.1838357749346038,0.21112334616540174,0.027287571230797947,0.22222222222222254,0.2054408567104615,0.016781365511761043,1808.0,0.5955833882663151,1388.0,0.45715227422544497,930.0,0.3061964403427818,175.0,0.057350032959789056,90.0,0.02933421226104153,0.02933421226104153,WACC_0p9_WRT_0p1,0.28912326961107454,303,False,,,False,False,False,False,False,34.0,0.08638743455497382
IBDD,Electricity,1434,0.71,16,0.6428571428571426,0.7508721827029736,0,15,3143,490,191,206,139,0.22155713330854457,0.22131773645617547,0.15902315537266942,0.22155713330854457,0.3004306642296604,0.3333333333333337,1.2233606186634038,-2.534149843841321,1.7596622789832348,-1.2199335447094035,0.0606453741297639,0.22131773645617547,0.30668170694433683,0.08536397048816136,0.15902315537266942,0.23582246598912562,0.0767993106164562,0.22155713330854457,0.32180062252739416,0.1002434892188496,0.3004306642296604,0.31551159167805093,0.015080927448390513,0.3333333333333337,0.36787752307901156,0.034544189745677856,93.0,0.03032300593276203,90.0,0.02933421226104153,98.0,0.03197099538562953,2154.0,0.7096242584047462,2532.0,0.8342122610415293,0.02933421226104153,WACC_0p3_WRT_0p7,0.3270929466051417,304,False,,,False,False,False,False,False,15.0,0.03664921465968586
IBDD,Electricity,2375,0.73,38,0.7142857142857141,0.6079043575991482,0,30,4081,483,628,202,31,0.26388184986089747,0.3695806661934759,0.31914711948895397,0.26388184986089747,0.22270073803295595,0.2592592592592596,1.2233606186634038,-2.534149843841321,1.7596622789832348,-1.2199335447094035,0.0606453741297639,0.3695806661934759,0.4486815774083501,0.07910091121487417,0.31914711948895397,0.3962712062164087,0.07712408672745474,0.26388184986089747,0.3978711574497095,0.13398930758881206,0.22270073803295595,0.1995251849221392,0.02317555311081676,0.2592592592592596,0.21649089873619654,0.04276836052306304,848.0,0.2791694133157548,762.0,0.25082399472643374,650.0,0.2139090309822017,91.0,0.02966381015161503,246.0,0.08075148319050758,0.02966381015161503,WACC_0p7_WRT_0p3,0.17086354647330257,305,False,,,False,False,False,False,False,30.0,0.07591623036649214
IBDD,Electricity,2865,0.66,20,0.4642857142857142,0.7144893762700298,0,23,640,630,963,245,141,0.4377912629450598,0.2590480542384876,0.1997718985775665,0.4377912629450598,0.4947554797214213,0.5185185185185187,1.2233606186634038,-2.534149843841321,1.7596622789832348,-1.2199335447094035,0.0606453741297639,0.2590480542384876,0.3180481985830786,0.059000144344591,0.1997718985775665,0.236231654344517,0.03645975576695051,0.4377912629450598,0.3461825917195369,0.09160867122552291,0.4947554797214213,0.35977587076656464,0.13497960895485667,0.5185185185185187,0.4185853855281137,0.09993313299040502,119.0,0.03889255108767304,91.0,0.02966381015161503,215.0,0.07053394858272907,2602.0,0.8572841133816743,2760.0,0.9093605800922874,0.02966381015161503,WACC_0p3_WRT_0p7,0.3811470006591958,306,False,,,False,False,False,False,False,23.0,0.05759162303664921
IBDD,Electricity,964,0.74,139,0.7499999999999998,0.3878467884272343,0,125,3977,1363,957,169,1,0.5303520087238677,0.5977885157050904,0.5656115969614975,0.5303520087238677,0.19727677698589813,0.22222222222222254,1.2233606186634038,-2.534149843841321,1.7596622789832348,-1.2199335447094035,0.0606453741297639,0.5977885157050904,0.5689165118584427,0.028872003846647676,0.5656115969614975,0.5492770951021938,0.01633450185930374,0.5303520087238677,0.5280368602337238,0.0023151484901439146,0.19727677698589813,0.23334762886574567,0.03607085187984754,0.22222222222222254,0.2055999242037072,0.016622298018515336,2386.0,0.7860909690177983,2370.0,0.7808174027686223,2219.0,0.7310481212920237,538.0,0.17699406723796968,91.0,0.02966381015161503,0.02966381015161503,WACC_0p9_WRT_0p1,0.5009228740936057,307,False,,,False,False,False,False,False,125.0,0.32460732984293195
IBDD,Electricity,2777,0.73,44,0.7142857142857141,0.5832655206981239,0,36,1073,1171,846,240,15,0.2937172915951722,0.3951320526093529,0.34674261681810115,0.2937172915951722,0.22270073803295595,0.2592592592592596,1.2233606186634038,-2.534149843841321,1.7596622789832348,-1.2199335447094035,0.0606453741297639,0.3951320526093529,0.45191589812980654,0.056783845520453624,0.34674261681810115,0.39863976323930883,0.051897146421207685,0.2937172915951722,0.38990724265653115,0.09618995106135897,0.22270073803295595,0.19957781347231537,0.02312292456064058,0.2592592592592596,0.23184971135294674,0.027409547906312837,876.0,0.2883981542518128,780.0,0.25675675675675674,562.0,0.18490441661173368,92.0,0.02999340804218853,537.0,0.17666446934739619,0.02999340804218853,WACC_0p7_WRT_0p3,0.1873434410019776,308,False,,,False,False,False,False,False,36.0,0.09162303664921466
IBDD,Electricity,2369,0.7,26,0.6071428571428569,0.6712185257861867,0,26,2546,819,699,155,100,0.26480395923584765,0.3039215288143248,0.24823525111947084,0.26480395923584765,0.33929562732801266,0.37037037037037074,1.2233606186634038,-2.534149843841321,1.7596622789832348,-1.2199335447094035,0.0606453741297639,0.3039215288143248,0.3515801648895684,0.047658636075243566,0.24823525111947084,0.2879774327072109,0.03974218158774004,0.26480395923584765,0.3210409546537289,0.05623699541788124,0.33929562732801266,0.27787225429598245,0.061423373032030215,0.37037037037037074,0.3225060102136263,0.047864360156744445,203.0,0.06657877389584707,205.0,0.06723796967699407,93.0,0.03032300593276203,1607.0,0.5293342122610415,2217.0,0.7303889255108768,0.03032300593276203,WACC_0p5_WRT_0p5,0.28477257745550427,309,False,,,False,False,False,False,False,26.0,0.06544502617801047
IBDD,Electricity,498,0.73,157,0.7142857142857141,0.3670213930975111,0,148,2978,2659,626,207,8,0.5555697116312384,0.6193852219729515,0.5889360397307876,0.5555697116312384,0.22270073803295595,0.2592592592592596,1.2233606186634038,-2.534149843841321,1.7596622789832348,-1.2199335447094035,0.0606453741297639,0.6193852219729515,0.5090714381230325,0.11031378384991908,0.5889360397307876,0.48938364047663746,0.0995523992541501,0.5555697116312384,0.48858691641828245,0.06698279521295591,0.22270073803295595,0.20770938338424824,0.014991354648707711,0.2592592592592596,0.20573616776126633,0.05352309149799325,1660.0,0.5468029004614371,1741.0,0.5735003295978905,1786.0,0.5883322346736981,148.0,0.048450889914304546,93.0,0.03032300593276203,0.03032300593276203,WACC_0p9_WRT_0p1,0.35748187211601845,310,False,,,False,False,False,False,False,148.0,0.38481675392670156
IBDD,Electricity,2566,0.71,26,0.6428571428571426,0.6712185257861867,0,25,918,825,310,250,188,0.22155713330854457,0.3039215288143248,0.24823525111947084,0.22155713330854457,0.3004306642296604,0.3333333333333337,1.2233606186634038,-2.534149843841321,1.7596622789832348,-1.2199335447094035,0.0606453741297639,0.3039215288143248,0.3095004315633227,0.00557890274899786,0.24823525111947084,0.23642938995384852,0.011805861165622322,0.22155713330854457,0.3942183814948725,0.17266124818632791,0.3004306642296604,0.4375976135124212,0.1371669492827608,0.3333333333333337,0.49629583518189996,0.16296250184856625,98.0,0.03197099538562953,93.0,0.03032300593276203,611.0,0.2010547132498352,2927.0,0.964403427818062,2975.0,0.98022412656559,0.03032300593276203,WACC_0p3_WRT_0p7,0.4415952537903758,311,False,,,False,False,False,False,False,25.0,0.06282722513089005
IBDD,Electricity,1819,0.73,78,0.7142857142857141,0.4863661844748775,0,70,2837,31,668,173,11,0.41105377592647485,0.49562025313716407,0.4552698733881372,0.41105377592647485,0.22270073803295595,0.2592592592592596,1.2233606186634038,-2.534149843841321,1.7596622789832348,-1.2199335447094035,0.0606453741297639,0.49562025313716407,0.44374728331537444,0.05187296982178963,0.4552698733881372,0.3861225077799631,0.06914736560817408,0.41105377592647485,0.3806996824099699,0.030354093516504976,0.22270073803295595,0.20008962054077692,0.022611117492179034,0.2592592592592596,0.2221701831061405,0.03708907615311907,791.0,0.2603823335530653,697.0,0.22940013183915622,472.0,0.15524060646011867,94.0,0.030652603823335532,345.0,0.1133816743572841,0.030652603823335532,WACC_0p7_WRT_0p3,0.15781147000659196,312,False,,,False,False,False,False,False,70.0,0.1806282722513089
IBDD,Electricity,2435,0.74,39,0.7499999999999998,0.6035451845450552,0,27,3297,568,151,175,98,0.2691604210121032,0.3741012901014241,0.32402939330953806,0.2691604210121032,0.1838357749346038,0.22222222222222254,1.2233606186634038,-2.534149843841321,1.7596622789832348,-1.2199335447094035,0.0606453741297639,0.3741012901014241,0.3553479819709681,0.018753308130456003,0.32402939330953806,0.2860190860349588,0.03801030727457927,0.2691604210121032,0.32132058143216946,0.05216016042006627,0.1838357749346038,0.25801854865629975,0.07418277372169596,0.22222222222222254,0.2943482183063072,0.07212599608408465,213.0,0.06987475280158208,201.0,0.06591957811470006,94.0,0.030652603823335532,1172.0,0.3859591298615689,1925.0,0.6341463414634146,0.030652603823335532,WACC_0p5_WRT_0p5,0.23731048121292025,313,False,,,False,False,False,False,False,27.0,0.06806282722513089
IBDD,Electricity,2609,0.71,16,0.6428571428571426,0.7508721827029736,0,15,568,481,975,222,122,0.22155713330854457,0.22131773645617547,0.15902315537266942,0.22155713330854457,0.3004306642296604,0.3333333333333337,1.2233606186634038,-2.534149843841321,1.7596622789832348,-1.2199335447094035,0.0606453741297639,0.22131773645617547,0.31104454838685974,0.08972681193068427,0.15902315537266942,0.23669348313454033,0.07767032776187091,0.22155713330854457,0.329635549622507,0.10807841631396245,0.3004306642296604,0.3342067867692884,0.03377612253962797,0.3333333333333337,0.37186974492979236,0.03853641159645865,104.0,0.03394858272907053,94.0,0.030652603823335532,126.0,0.04119973632168754,2360.0,0.7775214238628873,2557.0,0.8424522083058669,0.030652603823335532,WACC_0p3_WRT_0p7,0.34515491100856954,314,False,,,False,False,False,False,False,15.0,0.03664921465968586
IBDD,Electricity,638,0.75,39,0.7857142857142856,0.6035451845450552,0,17,2290,660,721,150,3,0.2691604210121032,0.3741012901014241,0.32402939330953806,0.2691604210121032,0.14497081183625146,0.18518518518518542,1.2233606186634038,-2.534149843841321,1.7596622789832348,-1.2199335447094035,0.0606453741297639,0.3741012901014241,0.48664392435250153,0.11254263425107741,0.32402939330953806,0.4361636612796886,0.11213426797015053,0.2691604210121032,0.39418575273699535,0.12502533172489216,0.14497081183625146,0.20031157019732976,0.055340758361078296,0.18518518518518542,0.2079662075613784,0.022781022376192978,1308.0,0.4307844429795649,1101.0,0.36255767963085034,610.0,0.2007251153592617,95.0,0.03098220171390903,115.0,0.037574159525379035,0.03098220171390903,WACC_0p7_WRT_0p3,0.21252471984179305,315,False,,,False,False,False,False,False,17.0,0.041884816753926704
IBDD,Electricity,947,0.73,202,0.7142857142857141,0.3238716668808341,0,187,1210,304,18,124,3,0.607820195189334,0.6641330861976534,0.6372637330934657,0.607820195189334,0.22711346584325942,0.2592592592592596,1.2233606186634038,-2.534149843841321,1.7596622789832348,-1.2199335447094035,0.0606453741297639,0.6641330861976534,0.5574317004563367,0.10670138574131671,0.6372637330934657,0.49615795226528536,0.14110578082818037,0.607820195189334,0.4627865701799226,0.14503362500941136,0.22711346584325942,0.24210466871374442,0.014991202870484999,0.2592592592592596,0.20586547975496816,0.053393779504291417,2272.0,0.7485168094924193,1824.0,0.6008569545154911,1401.0,0.4614370468029005,743.0,0.24456163480553725,95.0,0.03098220171390903,0.03098220171390903,WACC_0p9_WRT_0p1,0.4172709294660514,316,False,,,False,False,False,False,False,187.0,0.4869109947643979
IBDD,Electricity,1388,0.72,28,0.6785714285714283,0.6589148543760217,0,21,3576,294,785,144,81,0.20211267177280573,0.31668089175819963,0.2620153630988556,0.20211267177280573,0.2615657011313083,0.2962962962962967,1.2233606186634038,-2.534149843841321,1.7596622789832348,-1.2199335447094035,0.0606453741297639,0.31668089175819963,0.38271140478065196,0.06603051302245233,0.2620153630988556,0.32569710971791643,0.06368174661906084,0.20211267177280573,0.3214852444734443,0.11937257270063856,0.2615657011313083,0.24635546513749418,0.015210235993814103,0.2962962962962967,0.28456846979849376,0.011727826497802962,335.0,0.11008569545154911,354.0,0.11634805537244562,96.0,0.031311799604482535,866.0,0.2851021753460778,1785.0,0.5880026367831246,0.031311799604482535,WACC_0p5_WRT_0p5,0.22617007251153592,317,False,,,False,False,False,False,False,21.0,0.05235602094240838
IBDD,Electricity,1142,0.74,90,0.7499999999999998,0.462018189093476,0,77,4427,1529,547,217,9,0.4405370344287458,0.5208700261252841,0.48253962821530677,0.4405370344287458,0.1838357749346038,0.22222222222222254,1.2233606186634038,-2.534149843841321,1.7596622789832348,-1.2199335447094035,0.0606453741297639,0.5208700261252841,0.5389034016582684,0.01803337553298434,0.48253962821530677,0.5048373524932898,0.02229772427798299,0.4405370344287458,0.48696850859578217,0.04643147416703636,0.1838357749346038,0.20047492526805563,0.01663915033345184,0.22222222222222254,0.20595892462677323,0.01626329759544931,2083.0,0.6862228081740277,1934.0,0.6371127224785761,1756.0,0.5784442979564931,96.0,0.031311799604482535,98.0,0.03197099538562953,0.031311799604482535,WACC_0p7_WRT_0p3,0.39301252471984177,318,False,,,False,False,False,False,False,77.0,0.19895287958115182
IBDD,Electricity,787,0.73,108,0.7142857142857141,0.4309420365106688,0,100,3655,2872,115,194,6,0.478167493343437,0.5530971473222692,0.5173449191080508,0.478167493343437,0.22270073803295595,0.2592592592592596,1.2233606186634038,-2.534149843841321,1.7596622789832348,-1.2199335447094035,0.0606453741297639,0.5530971473222692,0.5505106902001293,0.0025864571221398958,0.5173449191080508,0.5392241765244552,0.021879257416404396,0.478167493343437,0.5355680080260357,0.05740051468259866,0.22270073803295595,0.22177425732019918,0.0009264807127567776,0.2592592592592596,0.2059045416057867,0.05335471765347288,2208.0,0.7274225444957152,2277.0,0.7501647989452868,2283.0,0.7521423862887278,307.0,0.1008569545154911,96.0,0.031311799604482535,0.031311799604482535,WACC_0p9_WRT_0p1,0.4723796967699407,319,False,,,False,False,False,False,False,100.0,0.2591623036649215
IBDD,Electricity,2427,0.72,33,0.6785714285714283,0.6315273913256072,0,26,4515,279,584,199,94,0.23527645549249393,0.34508270529196283,0.29268932171531986,0.23527645549249393,0.2615657011313083,0.2962962962962967,1.2233606186634038,-2.534149843841321,1.7596622789832348,-1.2199335447094035,0.0606453741297639,0.34508270529196283,0.36799356650358156,0.022910861211618727,0.29268932171531986,0.30710956841287335,0.014420246697553485,0.23527645549249393,0.32178767205522224,0.08651121656272831,0.2615657011313083,0.24442946476132632,0.01713623636998196,0.2962962962962967,0.2782327138818682,0.018063582414428514,261.0,0.08569545154911008,267.0,0.08767303889255108,97.0,0.03164139749505603,808.0,0.26598549769281477,1676.0,0.5520764667106131,0.03164139749505603,WACC_0p5_WRT_0p5,0.204614370468029,320,False,,,False,False,False,False,False,26.0,0.06544502617801047
IBDD,Electricity,1789,0.73,59,0.7142857142857141,0.5337329569329065,0,51,2589,1647,209,204,7,0.35369682415601933,0.44649915577328214,0.4022190882351447,0.35369682415601933,0.22270073803295595,0.2592592592592596,1.2233606186634038,-2.534149843841321,1.7596622789832348,-1.2199335447094035,0.0606453741297639,0.44649915577328214,0.4698795143554811,0.023380358582198946,0.4022190882351447,0.42469282624566423,0.02247373801051955,0.35369682415601933,0.421269078154185,0.06757225399816569,0.22270073803295595,0.20063695669766124,0.022063781335294713,0.2592592592592596,0.2102390469452545,0.04902021231400508,1076.0,0.35431773236651287,997.0,0.32827949901120634,886.0,0.2916941331575478,97.0,0.03164139749505603,153.0,0.05009887936717205,0.03164139749505603,WACC_0p7_WRT_0p3,0.211206328279499,321,False,,,False,False,False,False,False,51.0,0.13089005235602094
IBDD,Electricity,591,0.73,90,0.7142857142857141,0.462018189093476,0,82,2960,2630,61,243,1,0.4405370344287458,0.5208700261252841,0.48253962821530677,0.4405370344287458,0.22270073803295595,0.2592592592592596,1.2233606186634038,-2.534149843841321,1.7596622789832348,-1.2199335447094035,0.0606453741297639,0.5208700261252841,0.5131188729764649,0.007751153148819245,0.48253962821530677,0.49688700415448694,0.014347375939180174,0.4405370344287458,0.4875555818868748,0.047018547458129,0.22270073803295595,0.22036522744778803,0.002335510585167927,0.2592592592592596,0.20590815112594127,0.05335110813331831,1723.0,0.5675675675675675,1830.0,0.6028345418589321,1767.0,0.5820698747528016,293.0,0.0962425840474621,97.0,0.03164139749505603,0.03164139749505603,WACC_0p9_WRT_0p1,0.3760711931443638,322,False,,,False,False,False,False,False,82.0,0.21204188481675393
IBDD,Electricity,2079,0.71,24,0.6428571428571426,0.6844695345995766,0,23,1743,788,651,196,165,0.22155713330854457,0.29017974189673534,0.2333941212484741,0.22155713330854457,0.3004306642296604,0.3333333333333337,1.2233606186634038,-2.534149843841321,1.7596622789832348,-1.2199335447094035,0.0606453741297639,0.29017974189673534,0.31216000030993774,0.02198025841320239,0.2333941212484741,0.23771578653082406,0.004321665282349951,0.22155713330854457,0.3664450161692571,0.14488788286071255,0.3004306642296604,0.3763692483937534,0.07593858416409299,0.3333333333333337,0.42589788901637343,0.09256455568303973,108.0,0.035266974291364536,97.0,0.03164139749505603,361.0,0.11865524060646011,2727.0,0.8984838497033619,2785.0,0.9176005273566249,0.03164139749505603,WACC_0p3_WRT_0p7,0.4003295978905735,323,False,,,False,False,False,False,False,23.0,0.05759162303664921
IBDD,Electricity,1947,0.71,23,0.6428571428571426,0.691498189633118,0,22,3563,479,492,165,35,0.22155713330854457,0.2828907663063961,0.2255220276109077,0.22155713330854457,0.3004306642296604,0.3333333333333337,1.2233606186634038,-2.534149843841321,1.7596622789832348,-1.2199335447094035,0.0606453741297639,0.2828907663063961,0.4452395791073149,0.16234881280091878,0.2255220276109077,0.39104871046070494,0.16552668284979724,0.22155713330854457,0.37149980964419926,0.1499426763356547,0.3004306642296604,0.2008787916465473,0.09955187258311313,0.3333333333333337,0.22808611015841881,0.10524722317491489,813.0,0.26763348714568225,721.0,0.23731048121292023,403.0,0.13249835201054713,99.0,0.032300593276203035,463.0,0.15227422544495714,0.032300593276203035,WACC_0p7_WRT_0p3,0.16440342781806197,324,False,,,False,False,False,False,False,22.0,0.0549738219895288
IBDD,Electricity,2921,0.69,13,0.5714285714285711,0.7843016038821788,0,14,1049,124,259,175,56,0.3080507851631509,0.18665018856662932,0.12158220365195957,0.3080507851631509,0.3781605904263649,0.4074074074074079,1.2233606186634038,-2.534149843841321,1.7596622789832348,-1.2199335447094035,0.0606453741297639,0.18665018856662932,0.344115952084796,0.15746576351816668,0.12158220365195957,0.28847808925698637,0.1668958856050268,0.3080507851631509,0.32218681319333664,0.014136028030185765,0.3781605904263649,0.22843293606992734,0.14972765435643756,0.4074074074074079,0.27492818963079846,0.13247921777660943,182.0,0.05965721819380356,207.0,0.06789716545814106,99.0,0.032300593276203035,426.0,0.14007910349373764,1615.0,0.5319709953856295,0.032300593276203035,WACC_0p5_WRT_0p5,0.16638101516150297,325,False,,,False,False,False,False,False,14.0,0.034031413612565446
IBDD,Electricity,2807,0.73,14,0.7142857142857141,0.7724225396876393,0,7,3617,108,445,149,123,0.13506348145393826,0.19896921810170737,0.1348867555498439,0.13506348145393826,0.22270073803295595,0.2592592592592596,1.2233606186634038,-2.534149843841321,1.7596622789832348,-1.2199335447094035,0.0606453741297639,0.19896921810170737,0.30976009461964965,0.11079087651794228,0.1348867555498439,0.250039061290886,0.1151523057410421,0.13506348145393826,0.34665875464651347,0.2115952731925752,0.22270073803295595,0.3097206893013924,0.08701995126843645,0.2592592592592596,0.34613728324662923,0.08687802398736966,99.0,0.032300593276203035,120.0,0.03922214897824654,220.0,0.07218193803559657,2091.0,0.6888595912986157,2382.0,0.7847725774555043,0.032300593276203035,WACC_0p1_WRT_0p9,0.3234673698088332,326,False,,,False,False,False,False,False,7.0,0.015706806282722512
IBDD,Electricity,401,0.73,131,0.7142857142857141,0.3979778361999513,0,123,4331,3528,227,239,6,0.5180842102582068,0.5872822439407912,0.5542648234560545,0.5180842102582068,0.22270073803295595,0.2592592592592596,1.2233606186634038,-2.534149843841321,1.7596622789832348,-1.2199335447094035,0.0606453741297639,0.5872822439407912,0.5647089664107464,0.02257327753004479,0.5542648234560545,0.5512149243791932,0.003049899076861373,0.5180842102582068,0.5681388628465138,0.05005465258830699,0.22270073803295595,0.22380088356755573,0.001100145534599778,0.2592592592592596,0.20595922969287214,0.053300029566387436,2348.0,0.7735662491760052,2386.0,0.7860909690177983,2540.0,0.8368490441661174,336.0,0.1104152933421226,99.0,0.032300593276203035,0.032300593276203035,WACC_0p9_WRT_0p1,0.5078444297956494,327,False,,,False,False,False,False,False,123.0,0.3193717277486911
IBDD,Electricity,1157,0.72,28,0.6785714285714283,0.6589148543760217,0,21,3613,172,654,214,62,0.20211267177280573,0.31668089175819963,0.2620153630988556,0.20211267177280573,0.2615657011313083,0.2962962962962967,1.2233606186634038,-2.534149843841321,1.7596622789832348,-1.2199335447094035,0.0606453741297639,0.31668089175819963,0.37340347921890793,0.056722587460708296,0.2620153630988556,0.3139123410842649,0.05189697798540932,0.20211267177280573,0.3222249332313563,0.12011226145855058,0.2615657011313083,0.22374473118220303,0.03782096994910525,0.2962962962962967,0.2543195345113278,0.0419767617849689,282.0,0.0926170072511536,297.0,0.0975609756097561,100.0,0.03263019116677653,333.0,0.1094264996704021,1124.0,0.3701384311140409,0.03263019116677653,WACC_0p5_WRT_0p5,0.14047462096242586,328,False,,,False,False,False,False,False,21.0,0.05235602094240838
IBDD,Electricity,540,0.73,83,0.7142857142857141,0.475799793515297,0,75,965,2226,733,226,7,0.4238487363007214,0.5065779919100624,0.4671042312628673,0.4238487363007214,0.22270073803295595,0.2592592592592596,1.2233606186634038,-2.534149843841321,1.7596622789832348,-1.2199335447094035,0.0606453741297639,0.5065779919100624,0.4904840883287007,0.016093903581361646,0.4671042312628673,0.467492002508123,0.00038777124525568585,0.4238487363007214,0.4505269980049969,0.026678261704275508,0.22270073803295595,0.2012173401199662,0.021483397912989755,0.2592592592592596,0.2158116142257768,0.04344764503348278,1368.0,0.4505603164139749,1458.0,0.48022412656559,1237.0,0.40738299274884643,100.0,0.03263019116677653,227.0,0.07448912326961107,0.03263019116677653,WACC_0p7_WRT_0p3,0.28905735003295974,329,False,,,False,False,False,False,False,75.0,0.193717277486911
IBDD,Electricity,1121,0.74,28,0.7499999999999998,0.6589148543760217,0,16,2361,724,739,190,118,0.20211267177280573,0.31668089175819963,0.2620153630988556,0.20211267177280573,0.1838357749346038,0.22222222222222254,1.2233606186634038,-2.534149843841321,1.7596622789832348,-1.2199335447094035,0.0606453741297639,0.31668089175819963,0.33272981498353343,0.0160489232253338,0.2620153630988556,0.23869968824504484,0.023315674853810753,0.20211267177280573,0.3368960849694775,0.13478341319667175,0.1838357749346038,0.32073601663624657,0.13690024170164278,0.22222222222222254,0.3663620236507641,0.14413980142854155,146.0,0.04779169413315755,100.0,0.03263019116677653,164.0,0.05372445616348055,2203.0,0.7257745550428477,2520.0,0.8302570863546473,0.03263019116677653,WACC_0p3_WRT_0p7,0.33803559657218196,330,False,,,False,False,False,False,False,16.0,0.03926701570680628
IBDD,Electricity,1061,0.73,115,0.7142857142857141,0.4202252716212888,0,107,958,3807,62,199,6,0.4911445431823328,0.5642108294297744,0.5293476957841564,0.4911445431823328,0.22270073803295595,0.2592592592592596,1.2233606186634038,-2.534149843841321,1.7596622789832348,-1.2199335447094035,0.0606453741297639,0.5642108294297744,0.5386891222682794,0.025521707161495044,0.5293476957841564,0.5254216057575676,0.0039260900265888354,0.4911445431823328,0.5255938541051166,0.034449310922783805,0.22270073803295595,0.2229299805409479,0.00022924250799194468,0.2592592592592596,0.2062084314711824,0.05305082778807718,2080.0,0.6852340145023071,2145.0,0.7066578773895847,2202.0,0.7254449571522742,322.0,0.10580092287409361,100.0,0.03263019116677653,0.03263019116677653,WACC_0p9_WRT_0p1,0.45115359261700716,331,False,,,False,False,False,False,False,107.0,0.2774869109947644
IBDD,Electricity,225,0.74,31,0.7499999999999998,0.6419656258679005,0,19,2499,1,1000,234,7,0.22263668114980414,0.3342578694703253,0.2809984990279513,0.22263668114980414,0.1838357749346038,0.22222222222222254,1.2233606186634038,-2.534149843841321,1.7596622789832348,-1.2199335447094035,0.0606453741297639,0.3342578694703253,0.3795924478908786,0.04533457842055327,0.2809984990279513,0.3016732474442082,0.020674748416256883,0.22263668114980414,0.3222343724065468,0.09959769125674264,0.1838357749346038,0.2029249305146467,0.0190891555800429,0.22222222222222254,0.24210463375074237,0.019882411528519828,316.0,0.10382333553065261,245.0,0.08042188529993408,101.0,0.03295978905735003,107.0,0.03493737640079104,810.0,0.26664469347396175,0.03295978905735003,WACC_0p5_WRT_0p5,0.10375741595253789,332,False,,,False,False,False,False,False,19.0,0.04712041884816754
IBDD,Electricity,366,0.73,50,0.7142857142857141,0.5617151637134581,0,42,2657,1312,339,165,10,0.31981285863641046,0.4174805709638212,0.3708790166409269,0.31981285863641046,0.22270073803295595,0.2592592592592596,1.2233606186634038,-2.534149843841321,1.7596622789832348,-1.2199335447094035,0.0606453741297639,0.4174805709638212,0.471398987746139,0.05391841678231779,0.3708790166409269,0.451173800223996,0.08029478358306913,0.31981285863641046,0.4103569780597368,0.09054411942332635,0.22270073803295595,0.20138691632720074,0.021313821705755215,0.2592592592592596,0.2179713334079122,0.041287925851347385,1099.0,0.36189848384970336,1249.0,0.41133816743572843,773.0,0.2544495715227423,101.0,0.03295978905735003,275.0,0.0903098220171391,0.03295978905735003,WACC_0p7_WRT_0p3,0.23019116677653267,333,False,,,False,False,False,False,False,42.0,0.10732984293193717
IBDD,Electricity,1436,0.72,25,0.6785714285714283,0.6777165852112971,0,18,3303,328,941,250,39,0.17934544671698122,0.29718280052161783,0.24095742456334718,0.17934544671698122,0.2615657011313083,0.2962962962962967,1.2233606186634038,-2.534149843841321,1.7596622789832348,-1.2199335447094035,0.0606453741297639,0.29718280052161783,0.41399216885959994,0.11680936833798211,0.24095742456334718,0.3446291772487032,0.103671752685356,0.17934544671698122,0.3224731205432858,0.1431276738263046,0.2615657011313083,0.21443428684797497,0.04713141428333331,0.2962962962962967,0.25154365514140903,0.044752641154887696,535.0,0.17600527356624918,450.0,0.14798945286750165,102.0,0.033289386947923535,204.0,0.06690837178642056,1056.0,0.34772577455504283,0.033289386947923535,WACC_0p5_WRT_0p5,0.15438365194462755,334,False,,,False,False,False,False,False,18.0,0.04450261780104712
IBDD,Electricity,2972,0.69,27,0.5714285714285711,0.6649568125048124,0,28,23,880,927,239,78,0.3080507851631509,0.31041515740241665,0.25524836999461,0.3080507851631509,0.3781605904263649,0.4074074074074079,1.2233606186634038,-2.534149843841321,1.7596622789832348,-1.2199335447094035,0.0606453741297639,0.31041515740241665,0.31093707200529425,0.0005219146028775934,0.25524836999461,0.2609017320150844,0.005653362020474395,0.3080507851631509,0.38237456728669095,0.07432378212354007,0.3781605904263649,0.4164026428302493,0.0382420524038844,0.4074074074074079,0.4605258152878189,0.053118407880411,102.0,0.033289386947923535,134.0,0.04383651944627554,492.0,0.16183256427158865,2873.0,0.946605141727093,2888.0,0.9515491100856954,0.033289386947923535,WACC_0p1_WRT_0p9,0.42742254449571526,335,False,,,False,False,False,False,False,28.0,0.07068062827225131
IBDD,Electricity,1007,0.73,162,0.7142857142857141,0.3616571542990457,0,153,3452,4892,765,250,2,0.5620653280746305,0.6249481362824711,0.5949439871850688,0.5620653280746305,0.22270073803295595,0.2592592592592596,1.2233606186634038,-2.534149843841321,1.7596622789832348,-1.2199335447094035,0.0606453741297639,0.6249481362824711,0.589919632061591,0.03502850422088011,0.5949439871850688,0.5677461047020338,0.027197882483035007,0.5620653280746305,0.5738625453628207,0.011797217288190165,0.22270073803295595,0.22666074829278102,0.003960010259825064,0.2592592592592596,0.20625328828743972,0.05300597097181986,2564.0,0.8447593935398814,2516.0,0.8289386947923534,2582.0,0.8506921555702044,392.0,0.12887277521423862,102.0,0.033289386947923535,0.033289386947923535,WACC_0p9_WRT_0p1,0.5373104812129201,336,False,,,False,False,False,False,False,153.0,0.39790575916230364
IBDD,Electricity,2154,0.73,25,0.7142857142857141,0.6777165852112971,0,17,1155,432,608,189,37,0.17934544671698122,0.29718280052161783,0.24095742456334718,0.17934544671698122,0.22270073803295595,0.2592592592592596,1.2233606186634038,-2.534149843841321,1.7596622789832348,-1.2199335447094035,0.0606453741297639,0.29718280052161783,0.3965038759865995,0.09932107546498165,0.24095742456334718,0.327765498985967,0.08680807442261984,0.17934544671698122,0.32251155429975903,0.1431661075827778,0.22270073803295595,0.20323850589562142,0.01946223213733453,0.2592592592592596,0.23915430769408383,0.02010495156517575,425.0,0.13974950560316415,361.0,0.11865524060646011,103.0,0.03361898483849703,109.0,0.035596572181938034,732.0,0.24093605800922874,0.03361898483849703,WACC_0p5_WRT_0p5,0.11371127224785763,337,False,,,False,False,False,False,False,17.0,0.041884816753926704
IBDD,Electricity,978,0.73,84,0.7142857142857141,0.4737621586253954,0,76,1076,1476,504,194,5,0.4263161310595567,0.5086910947588492,0.4693863823395571,0.4263161310595567,0.22270073803295595,0.2592592592592596,1.2233606186634038,-2.534149843841321,1.7596622789832348,-1.2199335447094035,0.0606453741297639,0.5086910947588492,0.49045147393018357,0.018239620828665648,0.4693863823395571,0.4509665366401069,0.01841984569945021,0.4263161310595567,0.45130678924648376,0.024990658186927084,0.22270073803295595,0.2014136528347807,0.021287085198175265,0.2592592592592596,0.20687763665922557,0.05238162260003401,1367.0,0.45023071852340146,1247.0,0.4106789716545814,1243.0,0.40936058009228743,103.0,0.03361898483849703,107.0,0.03493737640079104,0.03361898483849703,WACC_0p7_WRT_0p3,0.2677653263019117,338,False,,,False,False,False,False,False,76.0,0.19633507853403143
IBDD,Electricity,1912,0.71,17,0.6428571428571426,0.7410307533983356,0,16,4203,537,852,226,151,0.22155713330854457,0.23152366314246678,0.17004555619386405,0.22155713330854457,0.3004306642296604,0.3333333333333337,1.2233606186634038,-2.534149843841321,1.7596622789832348,-1.2199335447094035,0.0606453741297639,0.23152366314246678,0.3297662568264361,0.09824259368396934,0.17004555619386405,0.23990659164622458,0.06986103545236053,0.22155713330854457,0.3473745650738482,0.1258174317653036,0.3004306642296604,0.34206383729670736,0.04163317306704695,0.3333333333333337,0.3804464630252816,0.04711312969194792,140.0,0.04581410678971654,103.0,0.03361898483849703,227.0,0.07448912326961107,2436.0,0.8025708635464733,2605.0,0.8582729070533949,0.03361898483849703,WACC_0p3_WRT_0p7,0.36295319709953855,339,False,,,False,False,False,False,False,16.0,0.03926701570680628
IBDD,Electricity,2958,0.69,27,0.5714285714285711,0.6649568125048124,0,28,290,836,512,184,35,0.3080507851631509,0.31041515740241665,0.25524836999461,0.3080507851631509,0.3781605904263649,0.4074074074074079,1.2233606186634038,-2.534149843841321,1.7596622789832348,-1.2199335447094035,0.0606453741297639,0.31041515740241665,0.36657314015354386,0.05615798275112721,0.25524836999461,0.2902396886561726,0.03499131866156263,0.3080507851631509,0.3227753014918791,0.014724516328728232,0.3781605904263649,0.24344724980222282,0.13471334062414209,0.4074074074074079,0.2893460488178528,0.11806135858955508,253.0,0.08305866842452209,213.0,0.06987475280158208,104.0,0.03394858272907053,781.0,0.25708635464733026,1856.0,0.6114040870138431,0.03394858272907053,WACC_0p5_WRT_0p5,0.2110744891232696,340,False,,,False,False,False,False,False,28.0,0.07068062827225131
IBDD,Electricity,1689,0.73,32,0.7142857142857141,0.636667418954684,0,24,427,829,158,121,94,0.22905233884867993,0.3397523062692165,0.2869324907707538,0.22905233884867993,0.22270073803295595,0.2592592592592596,1.2233606186634038,-2.534149843841321,1.7596622789832348,-1.2199335447094035,0.0606453741297639,0.3397523062692165,0.34463589687329377,0.004883590604077281,0.2869324907707538,0.29543890837442405,0.008506417603670269,0.22905233884867993,0.32378095832416337,0.09472861947548344,0.22270073803295595,0.28320763306016244,0.06050689502720649,0.2592592592592596,0.35194684698678175,0.09268758772752217,184.0,0.06031641397495056,230.0,0.07547791694133157,105.0,0.034278180619644036,1702.0,0.5606460118655241,2428.0,0.7999340804218853,0.034278180619644036,WACC_0p5_WRT_0p5,0.3061305207646671,341,False,,,False,False,False,False,False,24.0,0.060209424083769635
IBDD,Electricity,1742,0.71,16,0.6428571428571426,0.7508721827029736,0,15,4406,509,349,215,165,0.22155713330854457,0.22131773645617547,0.15902315537266942,0.22155713330854457,0.3004306642296604,0.3333333333333337,1.2233606186634038,-2.534149843841321,1.7596622789832348,-1.2199335447094035,0.0606453741297639,0.22131773645617547,0.3166841632952239,0.09536642683904845,0.15902315537266942,0.24102828134089704,0.08200512596822762,0.22155713330854457,0.3589518148138753,0.1373946815053307,0.3004306642296604,0.36833027118641953,0.06789960695675912,0.3333333333333337,0.399383203275656,0.06604986994232231,118.0,0.038562953197099535,105.0,0.034278180619644036,312.0,0.1025049439683586,2666.0,0.8783783783783784,2694.0,0.8876071193144364,0.034278180619644036,WACC_0p3_WRT_0p7,0.3882663150955834,342,False,,,False,False,False,False,False,15.0,0.03664921465968586
IBDD,Electricity,2978,0.67,20,0.5,0.7144893762700298,0,22,19,639,234,186,13,0.3945444370177566,0.2590480542384876,0.1997718985775665,0.3945444370177566,0.455890516623069,0.48148148148148157,1.2233606186634038,-2.534149843841321,1.7596622789832348,-1.2199335447094035,0.0606453741297639,0.2590480542384876,0.3118548359718669,0.05280678173337933,0.1997718985775665,0.2538577391245397,0.054085840546973185,0.3945444370177566,0.41708980753447006,0.02254537051671346,0.455890516623069,0.393930806182012,0.061959710441057025,0.48148148148148157,0.48185391504927605,0.00037243356779448344,105.0,0.034278180619644036,124.0,0.04054054054054054,837.0,0.27554383651944625,2808.0,0.9251812788398154,2948.0,0.9713249835201054,0.034278180619644036,WACC_0p1_WRT_0p9,0.4493737640079104,343,False,,,False,False,False,False,False,22.0,0.0549738219895288
IBDD,Electricity,806,0.72,49,0.6785714285714283,0.56512474322221,0,42,682,1112,162,214,10,0.31568416087440226,0.413944710732523,0.3670602875911248,0.31568416087440226,0.2615657011313083,0.2962962962962967,1.2233606186634038,-2.534149843841321,1.7596622789832348,-1.2199335447094035,0.0606453741297639,0.413944710732523,0.44137049773470843,0.027425787002185453,0.3670602875911248,0.3949494939065301,0.027889206315405313,0.31568416087440226,0.3780681729666647,0.06238401209226241,0.2615657011313083,0.20262087687733293,0.05894482425397535,0.2962962962962967,0.23323497199327897,0.06306132430301775,765.0,0.25181278839815424,751.0,0.24719841793012526,457.0,0.15029663810151614,106.0,0.034607778510217534,573.0,0.1885299934080422,0.034607778510217534,WACC_0p7_WRT_0p3,0.17448912326961108,344,False,,,False,False,False,False,False,42.0,0.10732984293193717
IBDD,Electricity,1766,0.73,30,0.7142857142857141,0.6474320576490926,0,22,4523,400,965,186,107,0.21601731808663274,0.3285889772527928,0.27487609543301617,0.21601731808663274,0.22270073803295595,0.2592592592592596,1.2233606186634038,-2.534149843841321,1.7596622789832348,-1.2199335447094035,0.0606453741297639,0.3285889772527928,0.3685196511859052,0.03993067393311239,0.27487609543301617,0.29904486887983284,0.02416877344681667,0.21601731808663274,0.32429312195739357,0.10827580387076083,0.22270073803295595,0.27674445843039747,0.054043720397441514,0.2592592592592596,0.30626496617911847,0.04700570691985889,264.0,0.08668424522083058,239.0,0.07844429795649308,106.0,0.034607778510217534,1582.0,0.521094264996704,2053.0,0.6763348714568227,0.034607778510217534,WACC_0p5_WRT_0p5,0.2794330916282136,345,False,,,False,False,False,False,False,22.0,0.0549738219895288
IBDD,Electricity,378,0.73,83,0.7142857142857141,0.475799793515297,0,75,4630,1674,636,238,9,0.4238487363007214,0.5065779919100624,0.4671042312628673,0.4238487363007214,0.22270073803295595,0.2592592592592596,1.2233606186634038,-2.534149843841321,1.7596622789832348,-1.2199335447094035,0.0606453741297639,0.5065779919100624,0.5285073311637727,0.021929339253710323,0.4671042312628673,0.504193774233275,0.03708954297040773,0.4238487363007214,0.4814201844188933,0.057571448118171886,0.22270073803295595,0.20391471453524745,0.0187860234977085,0.2592592592592596,0.2067782716813244,0.05248098757793518,1948.0,0.6417270929466051,1924.0,0.6338167435728411,1670.0,0.5500988793671721,119.0,0.03889255108767304,106.0,0.034607778510217534,0.034607778510217534,WACC_0p9_WRT_0p1,0.37982860909690175,346,False,,,False,False,False,False,False,75.0,0.193717277486911
IBDD,Electricity,293,0.74,13,0.7499999999999998,0.7843016038821788,0,5,132,1,2,176,1,0.09181665552663519,0.18665018856662932,0.12158220365195957,0.09181665552663519,0.1838357749346038,0.22222222222222254,1.2233606186634038,-2.534149843841321,1.7596622789832348,-1.2199335447094035,0.0606453741297639,0.18665018856662932,0.31195379909531507,0.12530361052868574,0.12158220365195957,0.3043130800647104,0.18273087641275085,0.09181665552663519,0.4413916930010443,0.3495750374744091,0.1838357749346038,0.38236441163859025,0.19852863670398646,0.22222222222222254,0.42179708561856305,0.1995748633963405,106.0,0.034607778510217534,255.0,0.08371786420566908,1127.0,0.3711272247857614,2756.0,0.9080421885299934,2772.0,0.9133157547791694,0.034607778510217534,WACC_0p1_WRT_0p9,0.4621621621621621,347,False,,,False,False,False,False,False,5.0,0.010471204188481676
IBDD,Electricity,1443,0.72,51,0.6785714285714283,0.5583717938339305,0,44,3521,989,320,209,100,0.3238613824217449,0.4209477693574053,0.37462359090599767,0.3238613824217449,0.2615657011313083,0.2962962962962967,1.2233606186634038,-2.534149843841321,1.7596622789832348,-1.2199335447094035,0.0606453741297639,0.4209477693574053,0.3826947767479096,0.03825299260949572,0.37462359090599767,0.3254961705464463,0.049127420359551366,0.3238613824217449,0.32453992075746435,0.0006785383357194585,0.2615657011313083,0.25190362274527967,0.009662078386028616,0.2962962962962967,0.30295934838602845,0.006663052089731725,334.0,0.10975609756097561,353.0,0.11601845748187212,107.0,0.03493737640079104,1022.0,0.3365194462755438,2029.0,0.6684245220830587,0.03493737640079104,WACC_0p5_WRT_0p5,0.25313117996044826,348,False,,,False,False,False,False,False,44.0,0.112565445026178
IBDD,Electricity,199,0.71,32,0.6428571428571426,0.636667418954684,0,30,2162,836,1000,204,5,0.22905233884867993,0.3397523062692165,0.2869324907707538,0.22905233884867993,0.3004306642296604,0.3333333333333337,1.2233606186634038,-2.534149843841321,1.7596622789832348,-1.2199335447094035,0.0606453741297639,0.3397523062692165,0.4349913182624354,0.09523901199321894,0.2869324907707538,0.3714835864595894,0.08455109568883562,0.22905233884867993,0.3608087258758717,0.13175638702719178,0.3004306642296604,0.20315153622168086,0.09727912800797955,0.3333333333333337,0.2461729005555379,0.08716043277779581,708.0,0.23302570863546473,600.0,0.1974291364535267,325.0,0.10678971654581411,108.0,0.035266974291364536,908.0,0.2989452867501648,0.035266974291364536,WACC_0p7_WRT_0p3,0.17429136453526697,349,False,,,False,False,False,False,False,30.0,0.07591623036649214
IBDD,Electricity,2563,0.72,19,0.6785714285714283,0.7228899759224219,0,12,153,421,521,110,66,0.17831030738124148,0.25033632126563654,0.19036322696688743,0.17831030738124148,0.2615657011313083,0.2962962962962967,1.2233606186634038,-2.534149843841321,1.7596622789832348,-1.2199335447094035,0.0606453741297639,0.25033632126563654,0.33920058636814865,0.08886426510251211,0.19036322696688743,0.258531194463492,0.06816796749660456,0.17831030738124148,0.3248040292884929,0.1464937219072514,0.2615657011313083,0.3169558922817076,0.05539019115039934,0.2962962962962967,0.3320928848108285,0.03579658851453177,166.0,0.054383651944627555,131.0,0.04284772577455504,108.0,0.035266974291364536,2169.0,0.7145682267633487,2281.0,0.7514831905075807,0.035266974291364536,WACC_0p5_WRT_0p5,0.3197099538562953,350,False,,,False,False,False,False,False,12.0,0.028795811518324606
IBDD,Electricity,1812,0.74,115,0.7499999999999998,0.4202252716212888,0,101,4976,2677,279,226,8,0.4911445431823328,0.5642108294297744,0.5293476957841564,0.4911445431823328,0.1838357749346038,0.22222222222222254,1.2233606186634038,-2.534149843841321,1.7596622789832348,-1.2199335447094035,0.0606453741297639,0.5642108294297744,0.537247166061892,0.026963663367882362,0.5293476957841564,0.5354741256944948,0.0061264299103384046,0.4911445431823328,0.538824341049711,0.04767979786737819,0.1838357749346038,0.21728457655419778,0.03344880161959399,0.22222222222222254,0.20727097047804058,0.014951251744181965,2066.0,0.6806196440342782,2246.0,0.7399472643375082,2311.0,0.7613711272247857,243.0,0.07976268951878708,108.0,0.035266974291364536,0.035266974291364536,WACC_0p9_WRT_0p1,0.45939353988134474,351,False,,,False,False,False,False,False,101.0,0.2617801047120419
IBDD,Electricity,128,0.74,46,0.7499999999999998,0.5757783350642198,0,33,715,602,1000,162,3,0.30278360798142806,0.40289654141488307,0.3551282647280737,0.30278360798142806,0.1838357749346038,0.22222222222222254,1.2233606186634038,-2.534149843841321,1.7596622789832348,-1.2199335447094035,0.0606453741297639,0.40289654141488307,0.4539273681285973,0.05103082671371423,0.3551282647280737,0.4062165223741369,0.05108825764606323,0.30278360798142806,0.39411487694338176,0.0913312689619537,0.1838357749346038,0.203271902614108,0.0194361276795042,0.22222222222222254,0.21352218972672365,0.008700032495498888,898.0,0.2956493078444298,840.0,0.27653263019116675,608.0,0.2000659195781147,110.0,0.03592617007251154,192.0,0.06295319709953856,0.03592617007251154,WACC_0p7_WRT_0p3,0.17422544495715225,352,False,,,False,False,False,False,False,33.0,0.08376963350785341
IBDD,Electricity,2819,0.73,27,0.7142857142857141,0.6649568125048124,0,19,1257,899,519,244,103,0.19479639745204147,0.31041515740241665,0.25524836999461,0.19479639745204147,0.22270073803295595,0.2592592592592596,1.2233606186634038,-2.534149843841321,1.7596622789832348,-1.2199335447094035,0.0606453741297639,0.31041515740241665,0.36237268759905616,0.05195753019663951,0.25524836999461,0.2950080734437578,0.03975970344914781,0.19479639745204147,0.32541186076586703,0.13061546331382556,0.22270073803295595,0.2819601598894588,0.05925942185650282,0.2592592592592596,0.32744350954259666,0.06818425028333708,237.0,0.07778510217534608,228.0,0.07481872116018458,110.0,0.03592617007251154,1676.0,0.5520764667106131,2251.0,0.7415952537903757,0.03592617007251154,WACC_0p5_WRT_0p5,0.2964403427818062,353,False,,,False,False,False,False,False,19.0,0.04712041884816754
IBDD,Electricity,2476,0.71,29,0.6428571428571426,0.6530777483102728,0,27,189,1001,596,227,148,0.22155713330854457,0.3227341869374949,0.2685529218924944,0.22155713330854457,0.3004306642296604,0.3333333333333337,1.2233606186634038,-2.534149843841321,1.7596622789832348,-1.2199335447094035,0.0606453741297639,0.3227341869374949,0.328059504885503,0.0053253179480081125,0.2685529218924944,0.24424800363853588,0.02430491825395853,0.22155713330854457,0.38486107212110143,0.16330393881255686,0.3004306642296604,0.4016875614980826,0.10125689726842219,0.3333333333333337,0.453106922793836,0.11977358946050232,137.0,0.04482531311799604,110.0,0.03592617007251154,510.0,0.16776532630191165,2838.0,0.9350692155570204,2866.0,0.9442979564930785,0.03592617007251154,WACC_0p3_WRT_0p7,0.42557679630850365,354,False,,,False,False,False,False,False,27.0,0.06806282722513089
IBDD,Electricity,795,0.74,247,0.7499999999999998,0.2893976835169932,0,214,2775,3954,849,164,2,0.6495651252009237,0.6998838837601553,0.6758745944609676,0.6495651252009237,0.24319142693872606,0.22222222222222254,1.2233606186634038,-2.534149843841321,1.7596622789832348,-1.2199335447094035,0.0606453741297639,0.6998838837601553,0.5590429619859805,0.14084092177417484,0.6758745944609676,0.5472372342817334,0.12863736017923422,0.6495651252009237,0.5468668497441688,0.10269827545675492,0.24319142693872606,0.25220516050689284,0.009013733568166787,0.22222222222222254,0.2076228817399546,0.014599340482267936,2291.0,0.7547791694133158,2346.0,0.7729070533948583,2390.0,0.7874093605800923,1031.0,0.33948582729070537,110.0,0.03592617007251154,0.03592617007251154,WACC_0p9_WRT_0p1,0.5381015161502967,355,False,,,False,False,False,False,False,214.0,0.5575916230366492
IBDD,Electricity,1496,0.7,20,0.6071428571428569,0.7144893762700298,0,20,1163,238,972,180,23,0.26480395923584765,0.2590480542384876,0.1997718985775665,0.26480395923584765,0.33929562732801266,0.37037037037037074,1.2233606186634038,-2.534149843841321,1.7596622789832348,-1.2199335447094035,0.0606453741297639,0.2590480542384876,0.4253130712777221,0.16626501703923452,0.1997718985775665,0.3712341779561781,0.17146227937861158,0.26480395923584765,0.34313225117854124,0.07832829194269358,0.33929562732801266,0.2032902544781715,0.13600537284984116,0.37037037037037074,0.2359814010877538,0.13438896928261693,636.0,0.2092946605141727,599.0,0.1970995385629532,199.0,0.06526038233355307,111.0,0.03625576796308504,655.0,0.21555702043506922,0.03625576796308504,WACC_0p7_WRT_0p3,0.14469347396176663,356,False,,,False,False,False,False,False,20.0,0.049738219895287955
IBDD,Electricity,1878,0.74,40,0.7499999999999998,0.5992936564701963,0,28,1127,743,831,199,80,0.2743086436603003,0.37851028217905563,0.3287911047533801,0.2743086436603003,0.1838357749346038,0.22222222222222254,1.2233606186634038,-2.534149843841321,1.7596622789832348,-1.2199335447094035,0.0606453741297639,0.37851028217905563,0.362232764468753,0.016277517710302614,0.3287911047533801,0.29785122462811386,0.030939880125266217,0.2743086436603003,0.3254955631255889,0.05118691946528864,0.1838357749346038,0.2446472475024874,0.06081147256788361,0.22222222222222254,0.29817839132999197,0.07595616910776942,235.0,0.07712590639419907,236.0,0.07745550428477257,111.0,0.03625576796308504,813.0,0.26763348714568225,1985.0,0.6539222148978246,0.03625576796308504,WACC_0p5_WRT_0p5,0.22247857613711272,357,False,,,False,False,False,False,False,28.0,0.07068062827225131
IBDD,Electricity,258,0.71,6,0.6428571428571426,0.9036463952595452,0,5,15,1,1000,92,5,0.22155713330854457,0.06288521973084203,0.051428571428571455,0.22155713330854457,0.3004306642296604,0.3333333333333337,1.2233606186634038,-2.534149843841321,1.7596622789832348,-1.2199335447094035,0.0606453741297639,0.06288521973084203,0.3144935306195993,0.25160831088875724,0.051428571428571455,0.2838512418723667,0.23242267044379525,0.22155713330854457,0.4164603295220253,0.1949031962134807,0.3004306642296604,0.3886078127995487,0.08817714856988829,0.3333333333333337,0.43101628538686676,0.09768295205353306,111.0,0.03625576796308504,194.0,0.06361239288068557,832.0,0.27389584706657877,2785.0,0.9176005273566249,2803.0,0.9235332893869479,0.03625576796308504,WACC_0p1_WRT_0p9,0.44297956493078444,358,False,,,False,False,False,False,False,5.0,0.010471204188481676
IBDD,Electricity,1036,0.73,79,0.7142857142857141,0.484200393167689,0,71,4474,270,676,161,5,0.4136763567168665,0.4978662589372113,0.4576955596521882,0.4136763567168665,0.22270073803295595,0.2592592592592596,1.2233606186634038,-2.534149843841321,1.7596622789832348,-1.2199335447094035,0.0606453741297639,0.4978662589372113,0.6094792513003985,0.11161299236318717,0.4576955596521882,0.5695835670472966,0.1118880073951084,0.4136763567168665,0.5466614163576121,0.13298505964074564,0.22270073803295595,0.21946610802868932,0.003234630004266631,0.2592592592592596,0.20774748171857577,0.05151177754068381,2695.0,0.8879367172050099,2533.0,0.8345418589321029,2387.0,0.7864205669083718,283.0,0.09294660514172709,111.0,0.03625576796308504,0.03625576796308504,WACC_0p9_WRT_0p1,0.5276203032300593,359,False,,,False,False,False,False,False,71.0,0.18324607329842932
IBDD,Electricity,246,0.74,25,0.7499999999999998,0.6777165852112971,0,13,310,1,1000,167,4,0.17934544671698122,0.29718280052161783,0.24095742456334718,0.17934544671698122,0.1838357749346038,0.22222222222222254,1.2233606186634038,-2.534149843841321,1.7596622789832348,-1.2199335447094035,0.0606453741297639,0.29718280052161783,0.34023306160115735,0.04305026107953952,0.24095742456334718,0.2618817000647664,0.02092427550141923,0.17934544671698122,0.3255775255019506,0.1462320787849694,0.1838357749346038,0.2727444086253089,0.08890863369070512,0.22222222222222254,0.3059607193082759,0.08373849708605335,172.0,0.056361239288068556,136.0,0.044495715227422544,112.0,0.036585365853658534,1495.0,0.4924192485168095,2049.0,0.6750164798945286,0.036585365853658534,WACC_0p5_WRT_0p5,0.2609756097560975,360,False,,,False,False,False,False,False,13.0,0.031413612565445025
IBDD,Electricity,1732,0.73,57,0.7142857142857141,0.5395700629986553,0,49,3220,1199,701,199,14,0.3466286074775693,0.44044586059398705,0.395681529441506,0.3466286074775693,0.22270073803295595,0.2592592592592596,1.2233606186634038,-2.534149843841321,1.7596622789832348,-1.2199335447094035,0.0606453741297639,0.44044586059398705,0.4802259963049399,0.039780135710952846,0.395681529441506,0.448604770554802,0.05292324111329605,0.3466286074775693,0.4112903816198247,0.06466177414225538,0.22270073803295595,0.203306191913139,0.019394546119816947,0.2592592592592596,0.20827589453274586,0.050983364726513714,1210.0,0.3984838497033619,1223.0,0.4027686222808174,782.0,0.2574159525379038,113.0,0.03691496374423204,123.0,0.04021094264996704,0.03691496374423204,WACC_0p7_WRT_0p3,0.22715886618325648,361,False,,,False,False,False,False,False,49.0,0.1256544502617801
IBDD,Electricity,1735,0.73,28,0.7142857142857141,0.6589148543760217,0,20,295,771,331,241,94,0.20211267177280573,0.31668089175819963,0.2620153630988556,0.20211267177280573,0.22270073803295595,0.2592592592592596,1.2233606186634038,-2.534149843841321,1.7596622789832348,-1.2199335447094035,0.0606453741297639,0.31668089175819963,0.31473333998435576,0.0019475517738438697,0.2620153630988556,0.24849641416404722,0.013518948934808372,0.20211267177280573,0.3356689457880929,0.1335562740152872,0.22270073803295595,0.32801993386872,0.10531919583576407,0.2592592592592596,0.37619699699944364,0.11693773774018407,113.0,0.03691496374423204,118.0,0.038562953197099535,156.0,0.05108767303889255,2293.0,0.7554383651944627,2592.0,0.8539881344759394,0.03691496374423204,WACC_0p1_WRT_0p9,0.34719841793012524,362,False,,,False,False,False,False,False,20.0,0.049738219895287955
IBDD,Electricity,1640,0.73,41,0.7142857142857141,0.5951445848926633,0,33,1244,791,483,170,146,0.279332800595958,0.38281302307427506,0.33343806492021705,0.279332800595958,0.22270073803295595,0.2592592592592596,1.2233606186634038,-2.534149843841321,1.7596622789832348,-1.2199335447094035,0.0606453741297639,0.38281302307427506,0.32571010767769376,0.0571029153965813,0.33343806492021705,0.24620676211263084,0.0872313028075862,0.279332800595958,0.35116129202893087,0.07182849143297287,0.22270073803295595,0.3391883716410806,0.11648763360812467,0.2592592592592596,0.4034507952010893,0.1441915359418297,130.0,0.042518127883981544,113.0,0.03691496374423204,252.0,0.08272907053394858,2402.0,0.7913645352669743,2709.0,0.8925510876730389,0.03691496374423204,WACC_0p3_WRT_0p7,0.36921555702043507,363,False,,,False,False,False,False,False,33.0,0.08376963350785341
IBDD,Electricity,195,0.7,27,0.6071428571428569,0.6649568125048124,0,27,2190,735,1000,205,10,0.26480395923584765,0.31041515740241665,0.25524836999461,0.26480395923584765,0.33929562732801266,0.37037037037037074,1.2233606186634038,-2.534149843841321,1.7596622789832348,-1.2199335447094035,0.0606453741297639,0.31041515740241665,0.4099610483887902,0.09954589098637356,0.25524836999461,0.35532410128006053,0.10007573128545055,0.26480395923584765,0.3525131592947136,0.08770920005886595,0.33929562732801266,0.20357377042299768,0.13572185690501498,0.37037037037037074,0.24874757580705723,0.12162279456331351,504.0,0.16578773895847065,501.0,0.16479894528675015,263.0,0.08635464733025709,114.0,0.03724456163480554,986.0,0.3246539222148978,0.03724456163480554,WACC_0p7_WRT_0p3,0.15576796308503624,364,False,,,False,False,False,False,False,27.0,0.06806282722513089
IBDD,Electricity,986,0.7,15,0.6071428571428569,0.7613104172452672,0,15,43,371,271,164,10,0.26480395923584765,0.21049290063453774,0.1473323326853007,0.26480395923584765,0.33929562732801266,0.37037037037037074,1.2233606186634038,-2.534149843841321,1.7596622789832348,-1.2199335447094035,0.0606453741297639,0.21049290063453774,0.315051274584091,0.10455837394955325,0.1473323326853007,0.2538349581120839,0.10650262542678321,0.26480395923584765,0.3570740027047839,0.09227004346893625,0.33929562732801266,0.3627361101425284,0.023440482814515717,0.37037037037037074,0.4221089514018749,0.05173858103150414,114.0,0.03724456163480554,123.0,0.04021094264996704,295.0,0.09690177982860909,2624.0,0.8645352669742914,2775.0,0.9143045484508899,0.03724456163480554,WACC_0p1_WRT_0p9,0.3906394199077126,365,False,,,False,False,False,False,False,15.0,0.03664921465968586
IBDD,Electricity,951,0.71,32,0.6428571428571426,0.636667418954684,0,30,2207,833,326,204,7,0.22905233884867993,0.3397523062692165,0.2869324907707538,0.22905233884867993,0.3004306642296604,0.3333333333333337,1.2233606186634038,-2.534149843841321,1.7596622789832348,-1.2199335447094035,0.0606453741297639,0.3397523062692165,0.4341579885149638,0.0944056822457473,0.2869324907707538,0.3698948761195533,0.08296238534879952,0.22905233884867993,0.3588455462501261,0.12979320740144618,0.3004306642296604,0.20363915118284193,0.09679151304681849,0.3333333333333337,0.24182797539500125,0.09150535793833245,700.0,0.23038892551087672,594.0,0.1954515491100857,310.0,0.10184574818721161,115.0,0.037574159525379035,800.0,0.2633487145682268,0.037574159525379035,WACC_0p7_WRT_0p3,0.16572181938035596,366,False,,,False,False,False,False,False,30.0,0.07591623036649214
IBDD,Electricity,2595,0.74,42,0.7499999999999998,0.5910931476464545,0,30,3353,638,748,239,82,0.2842387310335392,0.3870145135518249,0.33797567463597095,0.2842387310335392,0.1838357749346038,0.22222222222222254,1.2233606186634038,-2.534149843841321,1.7596622789832348,-1.2199335447094035,0.0606453741297639,0.3870145135518249,0.36664182170466014,0.02037269184716478,0.33797567463597095,0.3055272542175435,0.03244842041842744,0.2842387310335392,0.32600253871176565,0.04176380767822646,0.1838357749346038,0.2524133545947225,0.06857757966011874,0.22222222222222254,0.29626402784494116,0.07404180562271861,254.0,0.08338826631509558,261.0,0.08569545154911008,115.0,0.037574159525379035,1035.0,0.34080421885299933,1947.0,0.6413974950560316,0.037574159525379035,WACC_0p5_WRT_0p5,0.23777191825972316,367,False,,,False,False,False,False,False,30.0,0.07591623036649214
IBDD,Electricity,182,0.73,115,0.7142857142857141,0.4202252716212888,0,107,3684,1,1000,211,10,0.4911445431823328,0.5642108294297744,0.5293476957841564,0.4911445431823328,0.22270073803295595,0.2592592592592596,1.2233606186634038,-2.534149843841321,1.7596622789832348,-1.2199335447094035,0.0606453741297639,0.5642108294297744,0.46489973325834066,0.09931109617143374,0.5293476957841564,0.39249155084609916,0.13685614493805726,0.4911445431823328,0.38454217438804333,0.10660236879428947,0.22270073803295595,0.20371424229924337,0.018986495733712583,0.2592592592592596,0.22562961523384426,0.03362964402541532,1018.0,0.33520105471324985,734.0,0.24159525379037575,508.0,0.16710613052076467,116.0,0.03790375741595254,417.0,0.13711272247857614,0.03790375741595254,WACC_0p7_WRT_0p3,0.18378378378378377,368,False,,,False,False,False,False,False,107.0,0.2774869109947644
IBDD,Electricity,1112,0.73,27,0.7142857142857141,0.6649568125048124,0,19,1983,139,111,230,53,0.19479639745204147,0.31041515740241665,0.25524836999461,0.19479639745204147,0.22270073803295595,0.2592592592592596,1.2233606186634038,-2.534149843841321,1.7596622789832348,-1.2199335447094035,0.0606453741297639,0.31041515740241665,0.34125119351657945,0.0308360361141628,0.25524836999461,0.2975112510528234,0.04226288105821341,0.19479639745204147,0.3261858086057151,0.13138941115367364,0.22270073803295595,0.2625855160108717,0.03988477797791576,0.2592592592592596,0.2979175889305606,0.038658329671301006,173.0,0.05669083717864205,234.0,0.07679630850362558,116.0,0.03790375741595254,1291.0,0.42518127883981544,1977.0,0.6512854317732366,0.03790375741595254,WACC_0p5_WRT_0p5,0.24957152274225444,369,False,,,False,False,False,False,False,19.0,0.04712041884816754
IBDD,Electricity,664,0.73,104,0.7142857142857141,0.4373793521924517,0,96,993,1270,421,139,6,0.47037247616302047,0.5464214125411612,0.5101351255444541,0.47037247616302047,0.22270073803295595,0.2592592592592596,1.2233606186634038,-2.534149843841321,1.7596622789832348,-1.2199335447094035,0.0606453741297639,0.5464214125411612,0.5356070384508042,0.010814374090357015,0.5101351255444541,0.5022003549351621,0.00793477060929193,0.47037247616302047,0.4700253912199211,0.0003470849430993739,0.22270073803295595,0.226276974636627,0.0035762366036710402,0.2592592592592596,0.2080047965713789,0.05125446268788067,2043.0,0.6730388925510876,1898.0,0.6252471984179301,1500.0,0.494067237969677,385.0,0.12656558998022413,116.0,0.03790375741595254,0.03790375741595254,WACC_0p9_WRT_0p1,0.3913645352669743,370,False,,,False,False,False,False,False,96.0,0.2486910994764398
IBDD,Electricity,2852,0.71,25,0.6428571428571426,0.6777165852112971,0,24,475,846,812,191,140,0.22155713330854457,0.29718280052161783,0.24095742456334718,0.22155713330854457,0.3004306642296604,0.3333333333333337,1.2233606186634038,-2.534149843841321,1.7596622789832348,-1.2199335447094035,0.0606453741297639,0.29718280052161783,0.3186723346164188,0.021489534094800977,0.24095742456334718,0.24816323061077378,0.0072058060474265995,0.22155713330854457,0.36669643432281246,0.1451393010142679,0.3004306642296604,0.3625456313950336,0.06211496716537318,0.3333333333333337,0.4105270381381546,0.0771937048048209,120.0,0.03922214897824654,116.0,0.03790375741595254,363.0,0.11931443638760712,2622.0,0.8638760711931444,2733.0,0.9004614370468029,0.03790375741595254,WACC_0p3_WRT_0p7,0.3921555702043507,371,False,,,False,False,False,False,False,24.0,0.060209424083769635
IBDD,Electricity,52,0.73,92,0.7142857142857141,0.4582750386595772,0,84,2884,1,11,189,10,0.4450696569353127,0.5247518117604384,0.48673195670127345,0.4450696569353127,0.22270073803295595,0.2592592592592596,1.2233606186634038,-2.534149843841321,1.7596622789832348,-1.2199335447094035,0.0606453741297639,0.5247518117604384,0.4541719115087835,0.07057990025165489,0.48673195670127345,0.4097740849205896,0.07695787178068386,0.4450696569353127,0.3762994273765628,0.0687702295587499,0.22270073803295595,0.20382431427641445,0.0188764237565415,0.2592592592592596,0.23702158753239067,0.022237671726868913,900.0,0.2963085036255768,870.0,0.2864205669083718,447.0,0.14700065919578115,117.0,0.03823335530652604,685.0,0.22544495715227422,0.03823335530652604,WACC_0p7_WRT_0p3,0.19868160843770602,372,False,,,False,False,False,False,False,84.0,0.21727748691099477
IBDD,Electricity,2218,0.73,14,0.7142857142857141,0.7724225396876393,0,7,4042,137,598,158,104,0.13506348145393826,0.19896921810170737,0.1348867555498439,0.13506348145393826,0.22270073803295595,0.2592592592592596,1.2233606186634038,-2.534149843841321,1.7596622789832348,-1.2199335447094035,0.0606453741297639,0.19896921810170737,0.3463329519047738,0.14736373380306644,0.1348867555498439,0.2708814505768271,0.13599469502698322,0.13506348145393826,0.32654605669719783,0.19148257524325957,0.22270073803295595,0.27928853251180963,0.056587794478853676,0.2592592592592596,0.31366949047275533,0.05441023121349575,191.0,0.06262359920896507,164.0,0.05372445616348055,117.0,0.03823335530652604,1634.0,0.538233355306526,2132.0,0.7023731048121292,0.03823335530652604,WACC_0p5_WRT_0p5,0.27903757415952535,373,False,,,False,False,False,False,False,7.0,0.015706806282722512
IBDD,Electricity,2522,0.74,41,0.7499999999999998,0.5951445848926633,0,29,3032,932,565,172,164,0.279332800595958,0.38281302307427506,0.33343806492021705,0.279332800595958,0.1838357749346038,0.22222222222222254,1.2233606186634038,-2.534149843841321,1.7596622789832348,-1.2199335447094035,0.0606453741297639,0.38281302307427506,0.3230947552563188,0.05971826781795625,0.33343806492021705,0.24821148812806654,0.08522657679215051,0.279332800595958,0.37776906469687954,0.09843626410092154,0.1838357749346038,0.38320794548492676,0.19937217055032297,0.22222222222222254,0.42839236439717554,0.206170142174953,126.0,0.04119973632168754,117.0,0.03823335530652604,456.0,0.14996704021094265,2759.0,0.9090309822017139,2797.0,0.9215557020435069,0.03823335530652604,WACC_0p3_WRT_0p7,0.41199736321687536,374,False,,,False,False,False,False,False,29.0,0.07329842931937172
IBDD,Electricity,426,0.73,62,0.7142857142857141,0.5253323572805145,0,54,4777,498,457,170,9,0.3638692037398741,0.455210888746133,0.41162775984582367,0.3638692037398741,0.22270073803295595,0.2592592592592596,1.2233606186634038,-2.534149843841321,1.7596622789832348,-1.2199335447094035,0.0606453741297639,0.455210888746133,0.5679596673004568,0.11274877855432375,0.41162775984582367,0.5379583927176822,0.12633063287185853,0.3638692037398741,0.5045090914361702,0.1406398876962961,0.22270073803295595,0.20495299727040459,0.017747740762551367,0.2592592592592596,0.2080190981471651,0.05124016111209448,2375.0,0.7824653922214898,2270.0,0.7478576137112722,1984.0,0.6535926170072511,129.0,0.04218852999340804,117.0,0.03823335530652604,0.03823335530652604,WACC_0p9_WRT_0p1,0.45286750164798945,375,False,,,False,False,False,False,False,54.0,0.1387434554973822
IBDD,Electricity,131,0.73,122,0.7142857142857141,0.4101366374806809,0,114,1703,1,1000,232,10,0.5033609825089801,0.5746731166867012,0.5406469660216373,0.5033609825089801,0.22270073803295595,0.2592592592592596,1.2233606186634038,-2.534149843841321,1.7596622789832348,-1.2199335447094035,0.0606453741297639,0.5746731166867012,0.39889020153095534,0.17578291515574584,0.5406469660216373,0.33616928858060763,0.20447767744102968,0.5033609825089801,0.35289602921293917,0.15046495329604093,0.22270073803295595,0.20385594800577453,0.018844790027181424,0.2592592592592596,0.2661460642286706,0.00688680496941102,440.0,0.14469347396176666,407.0,0.13381674357284112,269.0,0.08833223467369809,118.0,0.038562953197099535,1413.0,0.4653922214897825,0.038562953197099535,WACC_0p7_WRT_0p3,0.1741595253790376,376,False,,,False,False,False,False,False,114.0,0.29581151832460734
IBDD,Electricity,1269,0.73,38,0.7142857142857141,0.6079043575991482,0,30,2559,1013,819,228,83,0.26388184986089747,0.3695806661934759,0.31914711948895397,0.26388184986089747,0.22270073803295595,0.2592592592592596,1.2233606186634038,-2.534149843841321,1.7596622789832348,-1.2199335447094035,0.0606453741297639,0.3695806661934759,0.3672251441157397,0.002355522077736205,0.31914711948895397,0.3150747081442505,0.004072411344703486,0.26388184986089747,0.3266775786658633,0.06279572880496581,0.22270073803295595,0.25414486311388146,0.031444125080925506,0.2592592592592596,0.3097402769987539,0.050481017739494316,256.0,0.08404746209624259,305.0,0.1001977587343441,118.0,0.038562953197099535,1079.0,0.3553065260382334,2104.0,0.6931443638760711,0.038562953197099535,WACC_0p5_WRT_0p5,0.25425181278839815,377,False,,,False,False,False,False,False,30.0,0.07591623036649214
IBDD,Electricity,2353,0.72,80,0.6785714285714283,0.4820615067966712,0,73,1176,1994,791,216,6,0.41626635802070583,0.5000843633219706,0.46009111238772826,0.41626635802070583,0.2615657011313083,0.2962962962962967,1.2233606186634038,-2.534149843841321,1.7596622789832348,-1.2199335447094035,0.0606453741297639,0.5000843633219706,0.5012341746962105,0.001149811374239862,0.46009111238772826,0.46065862883136705,0.0005675164436387825,0.41626635802070583,0.4451705975729733,0.028904239552267452,0.2615657011313083,0.21084781631978228,0.050717884811526004,0.2962962962962967,0.2080792283346551,0.08821706796164164,1534.0,0.505273566249176,1361.0,0.44825313117996046,1174.0,0.38661832564271587,171.0,0.05603164139749506,118.0,0.038562953197099535,0.038562953197099535,WACC_0p9_WRT_0p1,0.28694792353328935,378,False,,,False,False,False,False,False,73.0,0.18848167539267016
IBDD,Electricity,2260,0.71,24,0.6428571428571426,0.6844695345995766,0,23,2179,805,153,241,150,0.22155713330854457,0.29017974189673534,0.2333941212484741,0.22155713330854457,0.3004306642296604,0.3333333333333337,1.2233606186634038,-2.534149843841321,1.7596622789832348,-1.2199335447094035,0.0606453741297639,0.29017974189673534,0.31929171759156605,0.029111975694830705,0.2333941212484741,0.24998981838369175,0.016595697135217635,0.22155713330854457,0.3677013764958161,0.1461442431872715,0.3004306642296604,0.3576316224715072,0.05720095824184679,0.3333333333333337,0.43455384468938046,0.10122051135604676,121.0,0.03955174686882004,119.0,0.03889255108767304,368.0,0.12096242584047462,2584.0,0.8513513513513513,2809.0,0.9255108767303889,0.03889255108767304,WACC_0p3_WRT_0p7,0.3952537903757416,379,False,,,False,False,False,False,False,23.0,0.05759162303664921
IBDD,Electricity,482,0.7,51,0.6071428571428569,0.5583717938339305,0,49,2398,928,93,176,10,0.3238613824217449,0.4209477693574053,0.37462359090599767,0.3238613824217449,0.33929562732801266,0.37037037037037074,1.2233606186634038,-2.534149843841321,1.7596622789832348,-1.2199335447094035,0.0606453741297639,0.4209477693574053,0.44507225632378883,0.02412448696638353,0.37462359090599767,0.39792800721153276,0.02330441630553509,0.3238613824217449,0.37291995860091054,0.04905857617916565,0.33929562732801266,0.20396778385482947,0.1353278434731832,0.37037037037037074,0.2229902024539774,0.14738016791639333,809.0,0.2663150955833883,772.0,0.25411997363216876,418.0,0.13744232036914963,120.0,0.03922214897824654,360.0,0.11832564271588662,0.03922214897824654,WACC_0p7_WRT_0p3,0.16308503625576795,380,False,,,False,False,False,False,False,49.0,0.1256544502617801
IBDD,Electricity,2984,0.68,25,0.5357142857142857,0.6777165852112971,0,26,2037,839,376,218,32,0.35129761109045354,0.29718280052161783,0.24095742456334718,0.35129761109045354,0.4170255535247168,0.44444444444444453,1.2233606186634038,-2.534149843841321,1.7596622789832348,-1.2199335447094035,0.0606453741297639,0.29718280052161783,0.3903152771919281,0.09313247667031027,0.24095742456334718,0.32914569063711185,0.08818826607376468,0.35129761109045354,0.32838913502947825,0.02290847606097529,0.4170255535247168,0.2343075011415425,0.18271805238317432,0.44444444444444453,0.2586305623821652,0.18581388206227933,381.0,0.12524719841793014,369.0,0.12129202373104812,120.0,0.03922214897824654,560.0,0.1842452208305867,1229.0,0.4047462096242584,0.03922214897824654,WACC_0p5_WRT_0p5,0.17495056031641398,381,False,,,False,False,False,False,False,26.0,0.06544502617801047
IBDD,Electricity,1884,0.73,115,0.7142857142857141,0.4202252716212888,0,107,3487,3280,428,212,12,0.4911445431823328,0.5642108294297744,0.5293476957841564,0.4911445431823328,0.22270073803295595,0.2592592592592596,1.2233606186634038,-2.534149843841321,1.7596622789832348,-1.2199335447094035,0.0606453741297639,0.5642108294297744,0.5319850184809678,0.03222581094880661,0.5293476957841564,0.5274133407050873,0.0019343550790691388,0.4911445431823328,0.5214006274944364,0.03025608431210358,0.22270073803295595,0.21615094037418323,0.006549797658772727,0.2592592592592596,0.20821549367110387,0.05104376558815571,1996.0,0.6575477916941331,2164.0,0.7129202373104813,2171.0,0.7152274225444957,225.0,0.07382992748846408,120.0,0.03922214897824654,0.03922214897824654,WACC_0p9_WRT_0p1,0.4397495056031643,382,False,,,False,False,False,False,False,107.0,0.2774869109947644
IBDD,Electricity,1206,0.71,30,0.6428571428571426,0.6474320576490926,0,28,1689,1049,666,242,241,0.22155713330854457,0.3285889772527928,0.27487609543301617,0.22155713330854457,0.3004306642296604,0.3333333333333337,1.2233606186634038,-2.534149843841321,1.7596622789832348,-1.2199335447094035,0.0606453741297639,0.3285889772527928,0.33329724705831465,0.004708269805521859,0.27487609543301617,0.2504764553986108,0.024399640034405368,0.22155713330854457,0.4260630756086149,0.20450594230007033,0.3004306642296604,0.47012927705052693,0.1696986128208665,0.3333333333333337,0.5130809797659875,0.17974764643265384,149.0,0.04878048780487805,121.0,0.03955174686882004,949.0,0.31245880026367834,2998.0,0.9878048780487805,3000.0,0.9884640738299275,0.03955174686882004,WACC_0p3_WRT_0p7,0.4754119973632169,383,False,,,False,False,False,False,False,28.0,0.07068062827225131
IBDD,Electricity,680,0.74,172,0.7499999999999998,0.3514054279591483,0,158,4108,3636,590,218,2,0.5744792575599554,0.6355795561905129,0.6064259206857538,0.5744792575599554,0.2142722825440491,0.22222222222222254,1.2233606186634038,-2.534149843841321,1.7596622789832348,-1.2199335447094035,0.0606453741297639,0.6355795561905129,0.569812588193333,0.06576696799717985,0.6064259206857538,0.5545468284276789,0.051879092258074966,0.5744792575599554,0.5682315084933672,0.006247749066588204,0.2142722825440491,0.22755029416531433,0.01327801162126524,0.22222222222222254,0.2082316996498908,0.013990522572331743,2396.0,0.7893869479235333,2411.0,0.7943309162821358,2541.0,0.8371786420566908,407.0,0.13381674357284112,121.0,0.03955174686882004,0.03955174686882004,WACC_0p9_WRT_0p1,0.5188529993408042,384,False,,,False,False,False,False,False,158.0,0.4109947643979058
IBDD,Electricity,487,0.73,222,0.7142857142857141,0.3076928116430253,0,204,4710,3150,173,198,1,0.6274113510021655,0.6809111582961219,0.6553840509598116,0.6274113510021655,0.23465895318475166,0.2592592592592596,1.2233606186634038,-2.534149843841321,1.7596622789832348,-1.2199335447094035,0.0606453741297639,0.6809111582961219,0.5711386421658883,0.10977251613023364,0.6553840509598116,0.5570175359360542,0.09836651502375737,0.6274113510021655,0.5731653314626374,0.05424601953952812,0.23465895318475166,0.23678176038436813,0.0021228071996164666,0.2592592592592596,0.20824440104185235,0.05101485821740723,2408.0,0.7933421226104153,2435.0,0.8022412656558998,2573.0,0.8477257745550428,615.0,0.2023731048121292,122.0,0.03988134475939354,0.03988134475939354,WACC_0p9_WRT_0p1,0.5371127224785762,385,False,,,False,False,False,False,False,204.0,0.5314136125654451
IBDD,Electricity,2043,0.73,42,0.7142857142857141,0.5910931476464545,0,34,4474,712,724,179,26,0.2842387310335392,0.3870145135518249,0.33797567463597095,0.2842387310335392,0.22270073803295595,0.2592592592592596,1.2233606186634038,-2.534149843841321,1.7596622789832348,-1.2199335447094035,0.0606453741297639,0.3870145135518249,0.477062764499217,0.09004825094739205,0.33797567463597095,0.42905958739645117,0.09108391276048022,0.2842387310335392,0.431423085682246,0.14718435464870683,0.22270073803295595,0.20430253586368535,0.0183982021692706,0.2592592592592596,0.21497554625925488,0.04428371300000469,1172.0,0.3859591298615689,1032.0,0.33981542518127883,999.0,0.3289386947923533,123.0,0.04021094264996704,213.0,0.06987475280158208,0.04021094264996704,WACC_0p7_WRT_0p3,0.23295978905735004,386,False,,,False,False,False,False,False,34.0,0.08638743455497382
IBDD,Electricity,2488,0.72,31,0.6785714285714283,0.6419656258679005,0,24,2750,1127,408,232,121,0.22263668114980414,0.3342578694703253,0.2809984990279513,0.22263668114980414,0.2615657011313083,0.2962962962962967,1.2233606186634038,-2.534149843841321,1.7596622789832348,-1.2199335447094035,0.0606453741297639,0.3342578694703253,0.3580059761397728,0.02374810666944749,0.2809984990279513,0.29505980952395056,0.014061310495999235,0.22263668114980414,0.3289136637508826,0.10627698260107846,0.2615657011313083,0.30853783123123807,0.04697213009992979,0.2962962962962967,0.36138260410696066,0.06508630781066393,223.0,0.07317073170731707,229.0,0.07514831905075807,123.0,0.04021094264996704,2068.0,0.6812788398154251,2487.0,0.8193803559657218,0.04021094264996704,WACC_0p5_WRT_0p5,0.33783783783783783,387,False,,,False,False,False,False,False,24.0,0.060209424083769635
IBDD,Electricity,2618,0.71,23,0.6428571428571426,0.691498189633118,0,22,4757,741,954,204,176,0.22155713330854457,0.2828907663063961,0.2255220276109077,0.22155713330854457,0.3004306642296604,0.3333333333333337,1.2233606186634038,-2.534149843841321,1.7596622789832348,-1.2199335447094035,0.0606453741297639,0.2828907663063961,0.3203376782442877,0.037446911937891625,0.2255220276109077,0.26669323560810226,0.041171207997194564,0.22155713330854457,0.37396050696256106,0.1524033736540165,0.3004306642296604,0.38516880909334184,0.08473814486368142,0.3333333333333337,0.415372943052656,0.08203960971932228,123.0,0.04021094264996704,153.0,0.05009887936717205,426.0,0.14007910349373764,2768.0,0.9119973632168754,2752.0,0.9067237969676994,0.04021094264996704,WACC_0p1_WRT_0p9,0.4098220171390903,388,False,,,False,False,False,False,False,22.0,0.0549738219895288
IBDD,Electricity,919,0.73,60,0.7142857142857141,0.5308869724893325,0,52,2474,1420,402,160,9,0.3571430583830649,0.44945054704809956,0.4054065908119476,0.3571430583830649,0.22270073803295595,0.2592592592592596,1.2233606186634038,-2.534149843841321,1.7596622789832348,-1.2199335447094035,0.0606453741297639,0.44945054704809956,0.4818397054168914,0.03238915836879186,0.4054065908119476,0.4410623561823125,0.03565576537036491,0.3571430583830649,0.4119346194659426,0.05479156108287769,0.22270073803295595,0.2043766372555519,0.01832410077740404,0.2592592592592596,0.22378503261200766,0.035474226647251916,1233.0,0.4060646011865524,1151.0,0.3790375741595254,792.0,0.26071193144363874,124.0,0.04054054054054054,383.0,0.12590639419907712,0.04054054054054054,WACC_0p7_WRT_0p3,0.2424522083058669,389,False,,,False,False,False,False,False,52.0,0.13350785340314136
IBDD,Electricity,373,0.73,173,0.7142857142857141,0.3504130440091398,0,162,3014,4174,915,221,3,0.5756809463262493,0.6366086951016329,0.6075373907097634,0.5756809463262493,0.22270073803295595,0.2592592592592596,1.2233606186634038,-2.534149843841321,1.7596622789832348,-1.2199335447094035,0.0606453741297639,0.6366086951016329,0.5591087620750804,0.07749993302655245,0.6075373907097634,0.5494892813294305,0.05804810938033289,0.5756809463262493,0.552467277943864,0.023213668382385366,0.22270073803295595,0.23019333203088513,0.007492593997929176,0.2592592592592596,0.20831335012862212,0.05094590913063746,2293.0,0.7554383651944627,2373.0,0.7818061964403428,2434.0,0.8019116677653263,459.0,0.15095583388266315,124.0,0.04054054054054054,0.04054054054054054,WACC_0p9_WRT_0p1,0.506130520764667,390,False,,,False,False,False,False,False,162.0,0.4214659685863874
IBDD,Electricity,1099,0.73,38,0.7142857142857141,0.6079043575991482,0,30,689,401,983,104,58,0.26388184986089747,0.3695806661934759,0.31914711948895397,0.26388184986089747,0.22270073803295595,0.2592592592592596,1.2233606186634038,-2.534149843841321,1.7596622789832348,-1.2199335447094035,0.0606453741297639,0.3695806661934759,0.3970849980611446,0.027504331867668708,0.31914711948895397,0.3068002083354923,0.012346911153461648,0.26388184986089747,0.3293040571226721,0.06542220726177461,0.22270073803295595,0.23522997137447055,0.012529233341514595,0.2592592592592596,0.26588523769160566,0.00662597843234608,427.0,0.14040870138431114,264.0,0.08668424522083058,125.0,0.04087013843111404,581.0,0.1911667765326302,1399.0,0.46077785102175345,0.04087013843111404,WACC_0p5_WRT_0p5,0.18398154251812787,391,False,,,False,False,False,False,False,30.0,0.07591623036649214
IBDD,Electricity,1226,0.74,38,0.7499999999999998,0.6079043575991482,0,26,4553,83,174,203,110,0.26388184986089747,0.3695806661934759,0.31914711948895397,0.26388184986089747,0.1838357749346038,0.22222222222222254,1.2233606186634038,-2.534149843841321,1.7596622789832348,-1.2199335447094035,0.0606453741297639,0.3695806661934759,0.32293017295342147,0.046650493240054436,0.31914711948895397,0.2804352837373565,0.03871183575159748,0.26388184986089747,0.33760417742583243,0.07372232756493496,0.1838357749346038,0.2749821278871743,0.09114635295257051,0.22222222222222254,0.3087480663916862,0.08652584416946368,125.0,0.04087013843111404,183.0,0.05998681608437706,168.0,0.05504284772577456,1545.0,0.5088991430454846,2089.0,0.6882003955174687,0.04087013843111404,WACC_0p1_WRT_0p9,0.2705998681608438,392,False,,,False,False,False,False,False,26.0,0.06544502617801047
IBDD,Electricity,394,0.73,108,0.7142857142857141,0.4309420365106688,0,100,4900,2412,257,219,7,0.478167493343437,0.5530971473222692,0.5173449191080508,0.478167493343437,0.22270073803295595,0.2592592592592596,1.2233606186634038,-2.534149843841321,1.7596622789832348,-1.2199335447094035,0.0606453741297639,0.5530971473222692,0.5369622716365134,0.01613487568575578,0.5173449191080508,0.5326166446837823,0.015271725575731532,0.478167493343437,0.5368651085010808,0.05869761515764382,0.22270073803295595,0.2180745420847148,0.004626195948241152,0.2592592592592596,0.20832190421076913,0.05093735504849045,2062.0,0.6793012524719841,2209.0,0.7277521423862887,2298.0,0.7570863546473302,255.0,0.08371786420566908,125.0,0.04087013843111404,0.04087013843111404,WACC_0p9_WRT_0p1,0.45774555042847725,393,False,,,False,False,False,False,False,100.0,0.2591623036649215
IBDD,Electricity,1107,0.71,27,0.6428571428571426,0.6649568125048124,0,26,3158,959,838,193,168,0.22155713330854457,0.31041515740241665,0.25524836999461,0.22155713330854457,0.3004306642296604,0.3333333333333337,1.2233606186634038,-2.534149843841321,1.7596622789832348,-1.2199335447094035,0.0606453741297639,0.31041515740241665,0.33448769781631155,0.024072540413894894,0.25524836999461,0.254750042281909,0.0004983277127009744,0.22155713330854457,0.3821424641256515,0.16058533081710694,0.3004306642296604,0.38827327103923975,0.08784260680957934,0.3333333333333337,0.4295759264305199,0.09624259309718619,151.0,0.049439683586025046,126.0,0.04119973632168754,489.0,0.16084377059986815,2782.0,0.9166117336849045,2799.0,0.9222148978246539,0.04119973632168754,WACC_0p3_WRT_0p7,0.41806196440342785,394,False,,,False,False,False,False,False,26.0,0.06544502617801047
IBDD,Electricity,845,0.72,140,0.6785714285714283,0.3866213160747044,0,133,1298,2935,510,223,1,0.5318359468301079,0.5990593759225288,0.5669841259963311,0.5318359468301079,0.2615657011313083,0.2962962962962967,1.2233606186634038,-2.534149843841321,1.7596622789832348,-1.2199335447094035,0.0606453741297639,0.5990593759225288,0.5305613198055295,0.06849805611699933,0.5669841259963311,0.5094035343853075,0.05758059161102358,0.5318359468301079,0.5102056917016775,0.02163025512843042,0.2615657011313083,0.21539945538928648,0.0461662457420218,0.2962962962962967,0.2083511860200674,0.08794511027622931,1970.0,0.6489782465392222,1989.0,0.6552406064601186,2057.0,0.6776532630191167,214.0,0.07020435069215557,126.0,0.04119973632168754,0.04119973632168754,WACC_0p9_WRT_0p1,0.41865524060646014,395,False,,,False,False,False,False,False,133.0,0.34554973821989526
IBDD,Electricity,380,0.72,63,0.6785714285714283,0.5226208344905343,0,56,1284,393,901,160,1,0.3671526168545674,0.4580228383061125,0.4146646653706015,0.3671526168545674,0.2615657011313083,0.2962962962962967,1.2233606186634038,-2.534149843841321,1.7596622789832348,-1.2199335447094035,0.0606453741297639,0.4580228383061125,0.5219117286996285,0.06388889039351603,0.4146646653706015,0.48908486816990043,0.07442020279929895,0.3671526168545674,0.4404409407638573,0.07328832390928991,0.2615657011313083,0.204839291220225,0.05672640991108327,0.2962962962962967,0.20974146791091744,0.08655482838537928,1858.0,0.6120632827949901,1732.0,0.5705339485827291,1120.0,0.36882003955174686,127.0,0.04152933421226104,144.0,0.04713249835201055,0.04152933421226104,WACC_0p7_WRT_0p3,0.3280158206987475,396,False,,,False,False,False,False,False,56.0,0.14397905759162305
IBDD,Electricity,440,0.73,187,0.7142857142857141,0.3370887523094868,0,173,4508,2812,783,224,4,0.5918154793909554,0.6504264790864582,0.6224605974133748,0.5918154793909554,0.22270073803295595,0.2592592592592596,1.2233606186634038,-2.534149843841321,1.7596622789832348,-1.2199335447094035,0.0606453741297639,0.6504264790864582,0.5502941515674256,0.10013232751903267,0.6224605974133748,0.534872683482859,0.08758791393051579,0.5918154793909554,0.5528503733328494,0.03896510605810599,0.22270073803295595,0.22434697466163173,0.0016462366286757735,0.2592592592592596,0.20841244685315174,0.05084681240610783,2206.0,0.7267633487145683,2245.0,0.7396176664469347,2439.0,0.8035596572181938,349.0,0.11470006591957811,127.0,0.04152933421226104,0.04152933421226104,WACC_0p9_WRT_0p1,0.48523401450230724,397,False,,,False,False,False,False,False,173.0,0.450261780104712
IBDD,Electricity,120,0.73,60,0.7142857142857141,0.5308869724893325,0,52,981,1,1000,250,8,0.3571430583830649,0.44945054704809956,0.4054065908119476,0.3571430583830649,0.22270073803295595,0.2592592592592596,1.2233606186634038,-2.534149843841321,1.7596622789832348,-1.2199335447094035,0.0606453741297639,0.44945054704809956,0.3626967354187833,0.08675381162931628,0.4054065908119476,0.3120451529719136,0.09336143784003398,0.3571430583830649,0.32993578207832797,0.02720727630473696,0.22270073803295595,0.24575344766476012,0.02305270963180417,0.2592592592592596,0.2806407504470037,0.02138149118774413,238.0,0.07811470006591958,285.0,0.0936058009228741,128.0,0.04185893210283454,846.0,0.27851021753460775,1724.0,0.5678971654581411,0.04185893210283454,WACC_0p5_WRT_0p5,0.2119973632168754,398,False,,,False,False,False,False,False,52.0,0.13350785340314136
IBDD,Electricity,43,0.73,102,0.7142857142857141,0.4406905722934009,0,94,3306,1,114,250,9,0.46636288290226385,0.5429875546586953,0.506426559031391,0.46636288290226385,0.22270073803295595,0.2592592592592596,1.2233606186634038,-2.534149843841321,1.7596622789832348,-1.2199335447094035,0.0606453741297639,0.5429875546586953,0.4576861313658433,0.08530142329285201,0.506426559031391,0.41218104031938707,0.09424551871200393,0.46636288290226385,0.39985483370680946,0.06650804919545439,0.22270073803295595,0.20493020643232276,0.017770531600633188,0.2592592592592596,0.2354628831249668,0.02379637613429278,933.0,0.3071852340145023,886.0,0.2916941331575478,677.0,0.2228081740276862,128.0,0.04185893210283454,640.0,0.21061305207646672,0.04185893210283454,WACC_0p7_WRT_0p3,0.2148319050758075,399,False,,,False,False,False,False,False,94.0,0.24345549738219896
IBDD,Electricity,1361,0.71,27,0.6428571428571426,0.6649568125048124,0,26,3967,916,803,242,167,0.22155713330854457,0.31041515740241665,0.25524836999461,0.22155713330854457,0.3004306642296604,0.3333333333333337,1.2233606186634038,-2.534149843841321,1.7596622789832348,-1.2199335447094035,0.0606453741297639,0.31041515740241665,0.3249502355645201,0.01453507816210342,0.25524836999461,0.262885096530153,0.007636726535543037,0.22155713330854457,0.3612643239394559,0.13970719063091133,0.3004306642296604,0.3611413508269884,0.06071068659732798,0.3333333333333337,0.40914076803637117,0.07580743470303747,128.0,0.04185893210283454,141.0,0.04614370468029005,327.0,0.1074489123269611,2613.0,0.8609096901779829,2731.0,0.8998022412656559,0.04185893210283454,WACC_0p1_WRT_0p9,0.3912326961107449,400,False,,,False,False,False,False,False,26.0,0.06544502617801047
IBDD,Electricity,2350,0.71,27,0.6428571428571426,0.6649568125048124,0,26,1423,942,945,232,174,0.22155713330854457,0.31041515740241665,0.25524836999461,0.22155713330854457,0.3004306642296604,0.3333333333333337,1.2233606186634038,-2.534149843841321,1.7596622789832348,-1.2199335447094035,0.0606453741297639,0.31041515740241665,0.3271455611221566,0.01673040371973994,0.25524836999461,0.2566609625330151,0.001412592538405144,0.22155713330854457,0.3869874461373116,0.16543031282876705,0.3004306642296604,0.41936458547753297,0.11893392124787255,0.3333333333333337,0.4554802865249697,0.12214695319163599,134.0,0.04383651944627554,128.0,0.04185893210283454,524.0,0.17237969676994067,2879.0,0.948582729070534,2875.0,0.9472643375082399,0.04185893210283454,WACC_0p3_WRT_0p7,0.4307844429795649,401,False,,,False,False,False,False,False,26.0,0.06544502617801047
IBDD,Electricity,615,0.74,152,0.7499999999999998,0.3725581447239429,0,138,3414,4385,707,214,1,0.5488651974850901,0.6136434054714666,0.5827348779091839,0.5488651974850901,0.20440708786612544,0.22222222222222254,1.2233606186634038,-2.534149843841321,1.7596622789832348,-1.2199335447094035,0.0606453741297639,0.6136434054714666,0.5738692591096268,0.039774146361839735,0.5827348779091839,0.5594620638717647,0.02327281403741921,0.5488651974850901,0.5765358318140505,0.02767063432896044,0.20440708786612544,0.2389335972933499,0.03452650942722446,0.22222222222222254,0.20849297173580214,0.013729250486420402,2426.0,0.7992748846407383,2458.0,0.8098220171390903,2602.0,0.8572841133816743,666.0,0.21918259723137773,128.0,0.04185893210283454,0.04185893210283454,WACC_0p9_WRT_0p1,0.545484508899143,402,False,,,False,False,False,False,False,138.0,0.3586387434554974
IBDD,Electricity,1300,0.71,22,0.6428571428571426,0.698826024826517,0,21,2911,740,162,167,134,0.22155713330854457,0.2752915298095379,0.21731485219430086,0.22155713330854457,0.3004306642296604,0.3333333333333337,1.2233606186634038,-2.534149843841321,1.7596622789832348,-1.2199335447094035,0.0606453741297639,0.2752915298095379,0.3307091602604033,0.055417630450865396,0.21731485219430086,0.2627257251002619,0.04541087290596102,0.22155713330854457,0.33052560226097066,0.1089684689524261,0.3004306642296604,0.3050565950241749,0.00462593079451451,0.3333333333333337,0.3563954673091376,0.023062133975803922,142.0,0.046473302570863545,139.0,0.045484508899143045,129.0,0.04218852999340804,2022.0,0.6661173368490442,2458.0,0.8098220171390903,0.04218852999340804,WACC_0p5_WRT_0p5,0.3220171390903098,403,False,,,False,False,False,False,False,21.0,0.05235602094240838
IBDD,Electricity,2605,0.71,34,0.6428571428571426,0.6265363711819671,0,32,3571,54,120,219,18,0.24132013731434054,0.3502585780335155,0.2982792642761968,0.24132013731434054,0.3004306642296604,0.3333333333333337,1.2233606186634038,-2.534149843841321,1.7596622789832348,-1.2199335447094035,0.0606453741297639,0.3502585780335155,0.46933387320447584,0.11907529517096033,0.2982792642761968,0.4267843577310854,0.12850509345488864,0.24132013731434054,0.39751339183722456,0.15619325452288402,0.3004306642296604,0.20511106304433052,0.0953196011853299,0.3333333333333337,0.2102452145532957,0.123088118780038,1069.0,0.35201054713249835,1015.0,0.33421226104152935,646.0,0.21259063941990772,130.0,0.042518127883981544,154.0,0.05042847725774555,0.042518127883981544,WACC_0p7_WRT_0p3,0.19835201054713253,404,False,,,False,False,False,False,False,32.0,0.08115183246073299
IBDD,Electricity,2649,0.73,26,0.7142857142857141,0.6712185257861867,0,18,347,684,64,232,39,0.1872140191720258,0.3039215288143248,0.24823525111947084,0.1872140191720258,0.22270073803295595,0.2592592592592596,1.2233606186634038,-2.534149843841321,1.7596622789832348,-1.2199335447094035,0.0606453741297639,0.3039215288143248,0.36029821807559825,0.05637668926127343,0.24823525111947084,0.2873156977172148,0.039080446597743984,0.1872140191720258,0.3305472836625273,0.1433332644905015,0.22270073803295595,0.2563035479161343,0.03360280988317835,0.2592592592592596,0.2923551802112131,0.03309592095195352,227.0,0.07448912326961107,204.0,0.06690837178642056,130.0,0.042518127883981544,1131.0,0.3724456163480554,1894.0,0.6239288068556361,0.042518127883981544,WACC_0p5_WRT_0p5,0.23605800922874093,405,False,,,False,False,False,False,False,18.0,0.04450261780104712
IBDD,Electricity,899,0.73,90,0.7142857142857141,0.462018189093476,0,82,909,144,340,152,4,0.4405370344287458,0.5208700261252841,0.48253962821530677,0.4405370344287458,0.22270073803295595,0.2592592592592596,1.2233606186634038,-2.534149843841321,1.7596622789832348,-1.2199335447094035,0.0606453741297639,0.5208700261252841,0.5195162204086367,0.0013538057166474493,0.48253962821530677,0.45986282895961383,0.022676799255692937,0.4405370344287458,0.42568301416610577,0.014854020262640044,0.22270073803295595,0.21735231618130688,0.005348421851649077,0.2592592592592596,0.20849818893625416,0.05076107032300542,1820.0,0.5995385629531971,1352.0,0.44528675016479896,941.0,0.3098220171390903,245.0,0.08042188529993408,130.0,0.042518127883981544,0.042518127883981544,WACC_0p9_WRT_0p1,0.2955174686882004,406,False,,,False,False,False,False,False,82.0,0.21204188481675393
IBDD,Electricity,1951,0.71,32,0.6428571428571426,0.636667418954684,0,30,450,1069,766,248,204,0.22905233884867993,0.3397523062692165,0.2869324907707538,0.22905233884867993,0.3004306642296604,0.3333333333333337,1.2233606186634038,-2.534149843841321,1.7596622789832348,-1.2199335447094035,0.0606453741297639,0.3397523062692165,0.3272030376970991,0.012549268572117411,0.2869324907707538,0.25767022839625553,0.02926226237449825,0.22905233884867993,0.43187477802715885,0.20282243917847892,0.3004306642296604,0.4509280161421688,0.1504973519125084,0.3333333333333337,0.4994733063885685,0.1661399730552348,135.0,0.044166117336849046,130.0,0.042518127883981544,1005.0,0.3309162821357943,2957.0,0.974291364535267,2979.0,0.981542518127884,0.042518127883981544,WACC_0p3_WRT_0p7,0.4746868820039552,407,False,,,False,False,False,False,False,30.0,0.07591623036649214
IBDD,Electricity,2768,0.73,30,0.7142857142857141,0.6474320576490926,0,22,2365,796,421,138,52,0.21601731808663274,0.3285889772527928,0.27487609543301617,0.21601731808663274,0.22270073803295595,0.2592592592592596,1.2233606186634038,-2.534149843841321,1.7596622789832348,-1.2199335447094035,0.0606453741297639,0.3285889772527928,0.3971341343933143,0.0685451571405215,0.27487609543301617,0.31984796410205174,0.044971868669035575,0.21601731808663274,0.33057669780418397,0.11455937971755123,0.22270073803295595,0.2248371127428446,0.0021363747098886443,0.2592592592592596,0.2583776823395469,0.0008815769197126899,428.0,0.14073829927488465,329.0,0.10810810810810811,131.0,0.04284772577455504,358.0,0.11766644693473961,1223.0,0.4027686222808174,0.04284772577455504,WACC_0p5_WRT_0p5,0.16242584047462097,408,False,,,False,False,False,False,False,22.0,0.0549738219895288
IBDD,Electricity,185,0.68,36,0.5357142857142857,0.6169684576436263,0,36,2100,1053,1000,209,6,0.35129761109045354,0.36018085873994304,0.30899532743913843,0.35129761109045354,0.4170255535247168,0.44444444444444453,1.2233606186634038,-2.534149843841321,1.7596622789832348,-1.2199335447094035,0.0606453741297639,0.36018085873994304,0.42934318420160905,0.06916232546166601,0.30899532743913843,0.39280575903704434,0.08381043159790591,0.35129761109045354,0.37246231527577667,0.021164704185323124,0.4170255535247168,0.2051594882031399,0.21186606532157692,0.44444444444444453,0.2525822951881692,0.19186214925627532,658.0,0.21654581410678972,740.0,0.24357284113381675,413.0,0.13579433091628212,131.0,0.04284772577455504,1082.0,0.3562953197099539,0.04284772577455504,WACC_0p7_WRT_0p3,0.1990112063282795,409,False,,,False,False,False,False,False,36.0,0.09162303664921466
IBDD,Electricity,936,0.73,115,0.7142857142857141,0.4202252716212888,0,107,3089,3487,609,236,5,0.4911445431823328,0.5642108294297744,0.5293476957841564,0.4911445431823328,0.22270073803295595,0.2592592592592596,1.2233606186634038,-2.534149843841321,1.7596622789832348,-1.2199335447094035,0.0606453741297639,0.5642108294297744,0.53803203363501,0.026178795794764453,0.5293476957841564,0.5243805594418376,0.004967136342318823,0.4911445431823328,0.5208286708164669,0.029684127634134083,0.22270073803295595,0.22536113683666084,0.0026603988037048887,0.2592592592592596,0.2086579206337929,0.050601338625466674,2074.0,0.6832564271588661,2137.0,0.7040210942649967,2168.0,0.7142386288727752,375.0,0.12326961107448912,131.0,0.04284772577455504,0.04284772577455504,WACC_0p9_WRT_0p1,0.4535266974291365,410,False,,,False,False,False,False,False,107.0,0.2774869109947644
IBDD,Electricity,204,0.74,24,0.7499999999999998,0.6844695345995766,0,12,2283,1,1000,166,10,0.17116822516963848,0.29017974189673534,0.2333941212484741,0.17116822516963848,0.1838357749346038,0.22222222222222254,1.2233606186634038,-2.534149843841321,1.7596622789832348,-1.2199335447094035,0.0606453741297639,0.29017974189673534,0.38174743141551953,0.09156768951878419,0.2333941212484741,0.31598782357153077,0.08259370232305666,0.17116822516963848,0.33076351237419166,0.15959528720455318,0.1838357749346038,0.2281885198824415,0.0443527449478377,0.22222222222222254,0.27644199818824877,0.05421977596602623,330.0,0.1084377059986816,309.0,0.1015161502966381,132.0,0.043177323665128546,420.0,0.13810151615029664,1642.0,0.5408701384311141,0.043177323665128546,WACC_0p5_WRT_0p5,0.18642056690837178,411,False,,,False,False,False,False,False,12.0,0.028795811518324606
IBDD,Electricity,1482,0.73,31,0.7142857142857141,0.6419656258679005,0,23,3856,163,816,126,124,0.22263668114980414,0.3342578694703253,0.2809984990279513,0.22263668114980414,0.22270073803295595,0.2592592592592596,1.2233606186634038,-2.534149843841321,1.7596622789832348,-1.2199335447094035,0.0606453741297639,0.3342578694703253,0.3269363508942281,0.007321518576097197,0.2809984990279513,0.2635209410088581,0.01747755801909323,0.22263668114980414,0.35176577714581825,0.1291290959960141,0.22270073803295595,0.3089244455290849,0.08622370749612893,0.2592592592592596,0.3630706358978279,0.10381137663856832,132.0,0.043177323665128546,142.0,0.046473302570863545,258.0,0.08470665787738958,2077.0,0.6842452208305867,2499.0,0.8233355306526038,0.043177323665128546,WACC_0p1_WRT_0p9,0.3363876071193144,412,False,,,False,False,False,False,False,23.0,0.05759162303664921
IBDD,Electricity,2923,0.69,25,0.5714285714285711,0.6777165852112971,0,25,799,709,879,151,120,0.3080507851631509,0.29718280052161783,0.24095742456334718,0.3080507851631509,0.3781605904263649,0.4074074074074079,1.2233606186634038,-2.534149843841321,1.7596622789832348,-1.2199335447094035,0.0606453741297639,0.29718280052161783,0.33089000291793597,0.03370720239631814,0.24095742456334718,0.2604672033428956,0.019509778779548403,0.3080507851631509,0.3315593252729717,0.02350854010982084,0.3781605904263649,0.3286028059462022,0.04955778448016268,0.4074074074074079,0.35681133091475964,0.050596076492648245,143.0,0.04680290046143705,132.0,0.043177323665128546,134.0,0.04383651944627554,2299.0,0.7574159525379037,2460.0,0.8104812129202373,0.043177323665128546,WACC_0p3_WRT_0p7,0.3403427818061965,413,False,,,False,False,False,False,False,25.0,0.06282722513089005
IBDD,Electricity,2837,0.73,71,0.7142857142857141,0.5023411706436027,0,63,4261,1354,697,225,22,0.3917094874376366,0.4790536008140415,0.4373778888791649,0.3917094874376366,0.22270073803295595,0.2592592592592596,1.2233606186634038,-2.534149843841321,1.7596622789832348,-1.2199335447094035,0.0606453741297639,0.4790536008140415,0.4968762059752845,0.017822605161242955,0.4373778888791649,0.45416916842854826,0.016791279549383364,0.3917094874376366,0.44097794128411844,0.04926845384648182,0.22270073803295595,0.20567517487330994,0.017025563159646012,0.2592592592592596,0.21739010692399044,0.04186915233526914,1465.0,0.48253131179960446,1295.0,0.42649967040210945,1126.0,0.37079762689518786,133.0,0.043506921555702044,267.0,0.08767303889255108,0.043506921555702044,WACC_0p7_WRT_0p3,0.282201713909031,414,False,,,False,False,False,False,False,63.0,0.16230366492146597
IBDD,Electricity,2235,0.73,44,0.7142857142857141,0.5832655206981239,0,36,1086,869,431,202,124,0.2937172915951722,0.3951320526093529,0.34674261681810115,0.2937172915951722,0.22270073803295595,0.2592592592592596,1.2233606186634038,-2.534149843841321,1.7596622789832348,-1.2199335447094035,0.0606453741297639,0.3951320526093529,0.34163707150056954,0.05349498110878337,0.34674261681810115,0.2663580303109486,0.08038458650715252,0.2937172915951722,0.33154153916162743,0.03782424756645525,0.22270073803295595,0.2983954094094749,0.07569467137651895,0.2592592592592596,0.3577223880985632,0.09846312883930364,174.0,0.05702043506921556,152.0,0.04976928147659855,133.0,0.043506921555702044,1930.0,0.6357943309162821,2465.0,0.8121292023731048,0.043506921555702044,WACC_0p5_WRT_0p5,0.31964403427818067,415,False,,,False,False,False,False,False,36.0,0.09162303664921466
IBDD,Electricity,2848,0.71,32,0.6428571428571426,0.636667418954684,0,30,1713,1095,489,183,178,0.22905233884867993,0.3397523062692165,0.2869324907707538,0.22905233884867993,0.3004306642296604,0.3333333333333337,1.2233606186634038,-2.534149843841321,1.7596622789832348,-1.2199335447094035,0.0606453741297639,0.3397523062692165,0.3269780578260277,0.012774248443188807,0.2869324907707538,0.26517279181459913,0.02175969895615465,0.22905233884867993,0.39924921321722207,0.17019687436854214,0.3004306642296604,0.42645208868947376,0.12602142445981335,0.3333333333333337,0.46946009160831087,0.13612675827497717,133.0,0.043506921555702044,145.0,0.047462096242584045,670.0,0.22050098879367172,2903.0,0.956493078444298,2915.0,0.96044825313118,0.043506921555702044,WACC_0p1_WRT_0p9,0.4456822676334872,416,False,,,False,False,False,False,False,30.0,0.07591623036649214
IBDD,Electricity,138,0.73,139,0.7142857142857141,0.3878467884272343,0,131,4347,1,726,250,10,0.5303520087238677,0.5977885157050904,0.5656115969614975,0.5303520087238677,0.22270073803295595,0.2592592592592596,1.2233606186634038,-2.534149843841321,1.7596622789832348,-1.2199335447094035,0.0606453741297639,0.5977885157050904,0.4898443087345895,0.10794420697050089,0.5656115969614975,0.42279676051171566,0.14281483644978188,0.5303520087238677,0.4228887119655618,0.10746329675830585,0.22270073803295595,0.20577255631375024,0.01692818171920571,0.2592592592592596,0.2319703383218339,0.027288920937425687,1352.0,0.44528675016479896,975.0,0.3210283454185893,903.0,0.2972972972972973,134.0,0.04383651944627554,542.0,0.17831245880026367,0.04383651944627554,WACC_0p7_WRT_0p3,0.25715227422544495,417,False,,,False,False,False,False,False,131.0,0.3403141361256545
IBDD,Electricity,1117,0.73,41,0.7142857142857141,0.5951445848926633,0,33,829,398,685,144,15,0.279332800595958,0.38281302307427506,0.33343806492021705,0.279332800595958,0.22270073803295595,0.2592592592592596,1.2233606186634038,-2.534149843841321,1.7596622789832348,-1.2199335447094035,0.0606453741297639,0.38281302307427506,0.46764588942339674,0.08483286634912168,0.33343806492021705,0.3914995609631146,0.058061496042897565,0.279332800595958,0.35987374311930875,0.08054094252335076,0.22270073803295595,0.20580025652346381,0.016900481509492138,0.2592592592592596,0.22574424355641165,0.03351501570284793,1052.0,0.34640738299274887,723.0,0.23796967699406724,318.0,0.1044825313117996,135.0,0.044166117336849046,421.0,0.13843111404087013,0.044166117336849046,WACC_0p7_WRT_0p3,0.174291364535267,418,False,,,False,False,False,False,False,33.0,0.08376963350785341
IBDD,Electricity,1785,0.74,38,0.7499999999999998,0.6079043575991482,0,26,3539,726,894,233,20,0.26388184986089747,0.3695806661934759,0.31914711948895397,0.26388184986089747,0.1838357749346038,0.22222222222222254,1.2233606186634038,-2.534149843841321,1.7596622789832348,-1.2199335447094035,0.0606453741297639,0.3695806661934759,0.4549749113018541,0.08539424510837818,0.31914711948895397,0.4043641974422479,0.08521707795329392,0.26388184986089747,0.3891528200238372,0.12527097016293975,0.1838357749346038,0.20625982234704426,0.022424047412440473,0.22222222222222254,0.23230421099755194,0.010081988775329398,911.0,0.2999340804218853,820.0,0.26994067237969677,548.0,0.18029004614370467,136.0,0.044495715227422544,550.0,0.18094924192485168,0.044495715227422544,WACC_0p7_WRT_0p3,0.1951219512195122,419,False,,,False,False,False,False,False,26.0,0.06544502617801047
IBDD,Electricity,1115,0.73,56,0.7142857142857141,0.5425645408871178,0,48,4029,572,982,212,87,0.34300256088597536,0.43734047611706295,0.392327714206428,0.34300256088597536,0.22270073803295595,0.2592592592592596,1.2233606186634038,-2.534149843841321,1.7596622789832348,-1.2199335447094035,0.0606453741297639,0.43734047611706295,0.38123371701368314,0.05610675910337981,0.392327714206428,0.3185391310530583,0.07378858315336967,0.34300256088597536,0.3323677277286658,0.010634833157309564,0.22270073803295595,0.2577584992661028,0.03505776123314683,0.2592592592592596,0.27988064015452335,0.020621380895263774,327.0,0.1074489123269611,318.0,0.1044825313117996,136.0,0.044495715227422544,1167.0,0.3843111404087014,1705.0,0.5616348055372445,0.044495715227422544,WACC_0p5_WRT_0p5,0.24047462096242586,420,False,,,False,False,False,False,False,48.0,0.12303664921465969
IBDD,Electricity,3018,0.69,31,0.5714285714285711,0.6419656258679005,0,30,30,1079,560,131,123,0.3080507851631509,0.3342578694703253,0.2809984990279513,0.3080507851631509,0.3781605904263649,0.4074074074074079,1.2233606186634038,-2.534149843841321,1.7596622789832348,-1.2199335447094035,0.0606453741297639,0.3342578694703253,0.32784092153883954,0.006416947931485784,0.2809984990279513,0.2738783877385654,0.007120111289385944,0.3080507851631509,0.3727919205688219,0.064741135405671,0.3781605904263649,0.40228172807128837,0.024121137644923463,0.4074074074074079,0.4745284949707265,0.06712108756331864,136.0,0.044495715227422544,172.0,0.056361239288068556,417.0,0.13711272247857614,2840.0,0.9357284113381674,2930.0,0.9653922214897824,0.044495715227422544,WACC_0p1_WRT_0p9,0.4278180619644035,421,False,,,False,False,False,False,False,30.0,0.07591623036649214
IBDD,Electricity,290,0.73,189,0.7142857142857141,0.3352667444216886,0,174,5000,1,270,174,1,0.5940217690138853,0.6523159687478784,0.6245012462477088,0.5940217690138853,0.22270073803295595,0.2592592592592596,1.2233606186634038,-2.534149843841321,1.7596622789832348,-1.2199335447094035,0.0606453741297639,0.6523159687478784,0.6206817167589245,0.031634251988953976,0.6245012462477088,0.5660770747681483,0.05842417147956047,0.5940217690138853,0.5351293333807037,0.058892435633181583,0.22270073803295595,0.22840568746508252,0.0057049494321265715,0.2592592592592596,0.2093353267011902,0.04992393255806937,2744.0,0.9040870138431114,2500.0,0.8236651285431773,2279.0,0.7508239947264338,425.0,0.13974950560316415,136.0,0.044495715227422544,0.044495715227422544,WACC_0p9_WRT_0p1,0.5325642715886618,422,False,,,False,False,False,False,False,174.0,0.45287958115183247
IBDD,Electricity,164,0.73,106,0.7142857142857141,0.4341306116852848,0,98,1093,1,624,171,10,0.47430641218852043,0.5497904767708157,0.513773714912481,0.47430641218852043,0.22270073803295595,0.2592592592592596,1.2233606186634038,-2.534149843841321,1.7596622789832348,-1.2199335447094035,0.0606453741297639,0.5497904767708157,0.43675881706136066,0.11303165970945506,0.513773714912481,0.3690415360993958,0.14473217881308525,0.47430641218852043,0.35720228694970096,0.11710412523881947,0.22270073803295595,0.20649094996072836,0.016209788072227588,0.2592592592592596,0.22772918803887904,0.03153007122038054,723.0,0.23796967699406724,588.0,0.1934739617666447,296.0,0.0972313777191826,137.0,0.04482531311799604,455.0,0.14963744232036916,0.04482531311799604,WACC_0p7_WRT_0p3,0.14462755438365194,423,False,,,False,False,False,False,False,98.0,0.25392670157068065
IBDD,Electricity,2165,0.74,41,0.7499999999999998,0.5951445848926633,0,29,752,1017,229,230,101,0.279332800595958,0.38281302307427506,0.33343806492021705,0.279332800595958,0.1838357749346038,0.22222222222222254,1.2233606186634038,-2.534149843841321,1.7596622789832348,-1.2199335447094035,0.0606453741297639,0.38281302307427506,0.35089229414453094,0.031920728929744124,0.33343806492021705,0.29596316130055395,0.0374749036196631,0.279332800595958,0.33249867395161964,0.05316587335566164,0.1838357749346038,0.28937051778418693,0.10553474284958314,0.22222222222222254,0.3217990990406399,0.09957687681841737,199.0,0.06526038233355307,232.0,0.07613711272247857,137.0,0.04482531311799604,1799.0,0.5926170072511536,2209.0,0.7277521423862887,0.04482531311799604,WACC_0p5_WRT_0p5,0.301318391562294,424,False,,,False,False,False,False,False,29.0,0.07329842931937172
IBDD,Electricity,2886,0.73,137,0.7142857142857141,0.390324214459635,0,129,3769,3134,834,216,1,0.5273520659774795,0.595219333152971,0.5628368798052087,0.5273520659774795,0.22270073803295595,0.2592592592592596,1.2233606186634038,-2.534149843841321,1.7596622789832348,-1.2199335447094035,0.0606453741297639,0.595219333152971,0.552444459414473,0.04277487373849809,0.5628368798052087,0.5340965302235082,0.028740349581700464,0.5273520659774795,0.5555631362353356,0.028211070257856075,0.22270073803295595,0.22684614915520054,0.004145411122244591,0.2592592592592596,0.2093652868082012,0.049893972451058366,2231.0,0.7350032959789057,2235.0,0.7363216875411998,2459.0,0.8101516150296638,397.0,0.13052076466710613,137.0,0.04482531311799604,0.04482531311799604,WACC_0p9_WRT_0p1,0.4913645352669743,425,False,,,False,False,False,False,False,129.0,0.33507853403141363
IBDD,Electricity,2446,0.74,54,0.7499999999999998,0.5487144138666213,0,41,1596,1064,825,216,110,0.33555561127182615,0.43096283006424446,0.38543985646938406,0.33555561127182615,0.1838357749346038,0.22222222222222254,1.2233606186634038,-2.534149843841321,1.7596622789832348,-1.2199335447094035,0.0606453741297639,0.43096283006424446,0.374854000445732,0.056108829618512435,0.38543985646938406,0.30886170345153874,0.07657815301784532,0.33555561127182615,0.33263353460276995,0.002922076669056195,0.1838357749346038,0.2828418422303548,0.09900606729575101,0.22222222222222254,0.32923738025968147,0.10701515803745892,289.0,0.09492419248516809,271.0,0.08899143045484509,138.0,0.04515491100856955,1697.0,0.5589980224126566,2264.0,0.7458800263678312,0.04515491100856955,WACC_0p5_WRT_0p5,0.3067897165458141,426,False,,,False,False,False,False,False,41.0,0.10471204188481675
IBDD,Electricity,1706,0.73,87,0.7142857142857141,0.4677900638121001,0,79,3466,2044,176,177,1,0.43354780711429075,0.5148843782689332,0.47607512853044787,0.43354780711429075,0.22270073803295595,0.2592592592592596,1.2233606186634038,-2.534149843841321,1.7596622789832348,-1.2199335447094035,0.0606453741297639,0.5148843782689332,0.547104761105365,0.032220382836431805,0.47607512853044787,0.5397353603473856,0.0636602318169377,0.43354780711429075,0.5196740213181054,0.08612621420381461,0.22270073803295595,0.2445941094347378,0.021893371401781853,0.2592592592592596,0.2094119971511618,0.049847262108097784,2169.0,0.7145682267633487,2283.0,0.7521423862887278,2151.0,0.7086354647330257,811.0,0.26697429136453527,138.0,0.04515491100856955,0.04515491100856955,WACC_0p9_WRT_0p1,0.49749505603164146,427,False,,,False,False,False,False,False,79.0,0.20418848167539266
IBDD,Electricity,2981,0.69,18,0.5714285714285711,0.7317215598766331,0,19,2092,457,777,150,40,0.3080507851631509,0.2411776416094175,0.1804718529381708,0.3080507851631509,0.3781605904263649,0.4074074074074079,1.2233606186634038,-2.534149843841321,1.7596622789832348,-1.2199335447094035,0.0606453741297639,0.2411776416094175,0.40167539252693635,0.16049775091751886,0.1804718529381708,0.33352636684097176,0.15305451390280095,0.3080507851631509,0.33268704162863455,0.024636256465483675,0.3781605904263649,0.23095035635887706,0.14721023406748784,0.4074074074074079,0.26394059915811224,0.14346680824929564,451.0,0.14831905075807514,390.0,0.12821357943309164,139.0,0.045484508899143045,489.0,0.16084377059986815,1355.0,0.44627554383651946,0.045484508899143045,WACC_0p5_WRT_0p5,0.1858272907053395,428,False,,,False,False,False,False,False,19.0,0.04712041884816754
IBDD,Electricity,1026,0.73,69,0.7142857142857141,0.5071915798046006,0,61,874,1776,114,166,6,0.3858360730191042,0.47402354686930304,0.4319454306188472,0.3858360730191042,0.22270073803295595,0.2592592592592596,1.2233606186634038,-2.534149843841321,1.7596622789832348,-1.2199335447094035,0.0606453741297639,0.47402354686930304,0.5074755449918671,0.03345199812256405,0.4319454306188472,0.4694446736577752,0.03749924303892799,0.3858360730191042,0.46248739735980565,0.07665132434070143,0.22270073803295595,0.23225960479930904,0.009558866766353091,0.2592592592592596,0.2094550342867855,0.04980422497247408,1633.0,0.5379037574159525,1482.0,0.488134475939354,1396.0,0.45978905735003295,516.0,0.16974291364535268,139.0,0.045484508899143045,0.045484508899143045,WACC_0p9_WRT_0p1,0.34021094264996704,429,False,,,False,False,False,False,False,61.0,0.15706806282722513
IBDD,Electricity,1051,0.73,121,0.7142857142857141,0.411542181111966,0,113,4831,3035,65,229,9,0.5016589940878285,0.5732155158838871,0.5390727571545981,0.5016589940878285,0.22270073803295595,0.2592592592592596,1.2233606186634038,-2.534149843841321,1.7596622789832348,-1.2199335447094035,0.0606453741297639,0.5732155158838871,0.5447004353816413,0.028515080502245826,0.5390727571545981,0.5428373390540486,0.003764581899450503,0.5016589940878285,0.5535824430925503,0.05192344900472179,0.22270073803295595,0.22015406363774062,0.0025466743952153315,0.2592592592592596,0.2096265748652537,0.049632684394005866,2143.0,0.7059986816084377,2307.0,0.7600527356624918,2443.0,0.8048780487804879,290.0,0.0952537903757416,140.0,0.04581410678971654,0.04581410678971654,WACC_0p9_WRT_0p1,0.48239947264337524,430,False,,,False,False,False,False,False,113.0,0.2931937172774869
IBDD,Electricity,2238,0.71,40,0.6428571428571426,0.5992936564701963,0,37,3054,1061,543,238,19,0.2743086436603003,0.37851028217905563,0.3287911047533801,0.2743086436603003,0.3004306642296604,0.3333333333333337,1.2233606186634038,-2.534149843841321,1.7596622789832348,-1.2199335447094035,0.0606453741297639,0.37851028217905563,0.4426669704849809,0.06415668830592525,0.3287911047533801,0.4171058744437199,0.0883147696903398,0.2743086436603003,0.38006374653949854,0.10575510287919826,0.3004306642296604,0.2072184936920657,0.09321217053759473,0.3333333333333337,0.2170756802801202,0.1162576530532135,779.0,0.2564271588661833,921.0,0.3032300593276203,464.0,0.15260382333553066,141.0,0.04614370468029005,260.0,0.08536585365853659,0.04614370468029005,WACC_0p7_WRT_0p3,0.16875411997363216,431,False,,,False,False,False,False,False,37.0,0.09424083769633508
IBDD,Electricity,103,0.73,91,0.7142857142857141,0.460136442071784,0,83,793,513,211,131,4,0.4428156628335633,0.5228214674811129,0.48464718487960196,0.4428156628335633,0.22270073803295595,0.2592592592592596,1.2233606186634038,-2.534149843841321,1.7596622789832348,-1.2199335447094035,0.0606453741297639,0.5228214674811129,0.5195370287671999,0.0032844387139130404,0.48464718487960196,0.4710201174009467,0.013627067478655275,0.4428156628335633,0.4207050809796793,0.02211058185388398,0.22270073803295595,0.21960841042023574,0.0030923276127202137,0.2592592592592596,0.20966021711343208,0.0495990421458275,1821.0,0.5998681608437706,1501.0,0.4943968358602505,878.0,0.2890573500329598,285.0,0.0936058009228741,141.0,0.04614370468029005,0.04614370468029005,WACC_0p9_WRT_0p1,0.30461437046802897,432,False,,,False,False,False,False,False,83.0,0.21465968586387435
IBDD,Electricity,1671,0.73,58,0.7142857142857141,0.5366267752811291,0,50,4110,795,935,195,106,0.35019266732163634,0.4434981589677179,0.3989780116851353,0.35019266732163634,0.22270073803295595,0.2592592592592596,1.2233606186634038,-2.534149843841321,1.7596622789832348,-1.2199335447094035,0.0606453741297639,0.4434981589677179,0.37586429590771514,0.06763386306000274,0.3989780116851353,0.32150433205823276,0.07747367962690255,0.35019266732163634,0.3333702800153575,0.01682238730627883,0.22270073803295595,0.27704775223575223,0.05434701420279628,0.2592592592592596,0.30848174776023773,0.04922248850097816,297.0,0.0975609756097561,337.0,0.11074489123269611,142.0,0.046473302570863545,1586.0,0.522412656558998,2083.0,0.6862228081740277,0.046473302570863545,WACC_0p5_WRT_0p5,0.2926829268292683,433,False,,,False,False,False,False,False,50.0,0.12827225130890052
IBDD,Electricity,1032,0.73,103,0.7142857142857141,0.4390270024565642,0,95,3538,1293,614,153,9,0.46837731812650846,0.5447127381931928,0.5082897572486481,0.46837731812650846,0.22270073803295595,0.2592592592592596,1.2233606186634038,-2.534149843841321,1.7596622789832348,-1.2199335447094035,0.0606453741297639,0.5447127381931928,0.5594506787346745,0.014737940541481698,0.5082897572486481,0.5343102905007373,0.026020533252089195,0.46837731812650846,0.4960848608310673,0.02770754270455883,0.22270073803295595,0.22630475033354003,0.003604012300584075,0.2592592592592596,0.20968131087795835,0.04957794838130122,2300.0,0.7577455504284772,2238.0,0.7373104812129202,1886.0,0.6212920237310481,387.0,0.12722478576137114,142.0,0.046473302570863545,0.046473302570863545,WACC_0p9_WRT_0p1,0.4580092287409361,434,False,,,False,False,False,False,False,95.0,0.24607329842931938
IBDD,Electricity,559,0.66,31,0.4642857142857142,0.6419656258679005,0,31,2159,952,143,240,8,0.4377912629450598,0.3342578694703253,0.2809984990279513,0.4377912629450598,0.4947554797214213,0.5185185185185187,1.2233606186634038,-2.534149843841321,1.7596622789832348,-1.2199335447094035,0.0606453741297639,0.3342578694703253,0.4292928499629492,0.09503498049262388,0.2809984990279513,0.3764364063808341,0.09543790735288277,0.4377912629450598,0.364088056819347,0.07370320612571285,0.4947554797214213,0.20747639051963557,0.28727908920178574,0.5185185185185187,0.23425653087866333,0.2842619876398554,656.0,0.2158866183256427,632.0,0.2079762689518787,343.0,0.11272247857613711,143.0,0.04680290046143705,614.0,0.2020435069215557,0.04680290046143705,WACC_0p7_WRT_0p3,0.15708635464733028,435,False,,,False,False,False,False,False,31.0,0.07853403141361257
IBDD,Electricity,1438,0.73,83,0.7142857142857141,0.475799793515297,0,75,2677,2724,682,205,16,0.4238487363007214,0.5065779919100624,0.4671042312628673,0.4238487363007214,0.22270073803295595,0.2592592592592596,1.2233606186634038,-2.534149843841321,1.7596622789832348,-1.2199335447094035,0.0606453741297639,0.5065779919100624,0.4919771587750236,0.014600833135038738,0.4671042312628673,0.4755403627145445,0.008436131451677154,0.4238487363007214,0.4626846617980078,0.03883592549728643,0.22270073803295595,0.21797226741477946,0.004728470618176495,0.2592592592592596,0.209733855106104,0.04952540415315557,1389.0,0.4574818721160185,1557.0,0.5128543177323666,1399.0,0.46077785102175345,253.0,0.08305866842452209,143.0,0.04680290046143705,0.04680290046143705,WACC_0p9_WRT_0p1,0.3121951219512195,436,False,,,False,False,False,False,False,75.0,0.193717277486911
IBDD,Electricity,2439,0.72,11,0.6785714285714283,0.8108429810104846,0,5,60,140,755,141,10,0.17831030738124148,0.15912579747060857,0.09185586126825715,0.17831030738124148,0.2615657011313083,0.2962962962962967,1.2233606186634038,-2.534149843841321,1.7596622789832348,-1.2199335447094035,0.0606453741297639,0.15912579747060857,0.33509760767076235,0.1759718102001538,0.09185586126825715,0.26355549827802494,0.17169963700976779,0.17831030738124148,0.3388288347340186,0.1605185273527771,0.2615657011313083,0.3102445296792849,0.048678828547976616,0.2962962962962967,0.3746413491939702,0.07834505289767346,153.0,0.05009887936717205,143.0,0.04680290046143705,175.0,0.057350032959789056,2098.0,0.6911667765326301,2576.0,0.8487145682267634,0.04680290046143705,WACC_0p3_WRT_0p7,0.33882663150955833,437,False,,,False,False,False,False,False,5.0,0.010471204188481676
IBDD,Electricity,1992,0.73,41,0.7142857142857141,0.5951445848926633,0,33,2885,969,896,184,125,0.279332800595958,0.38281302307427506,0.33343806492021705,0.279332800595958,0.22270073803295595,0.2592592592592596,1.2233606186634038,-2.534149843841321,1.7596622789832348,-1.2199335447094035,0.0606453741297639,0.38281302307427506,0.35525687047396365,0.027556152600311412,0.33343806492021705,0.2860410157891131,0.04739704913110393,0.279332800595958,0.33359166452409494,0.05425886392813695,0.22270073803295595,0.2981618614552461,0.07546112342229014,0.2592592592592596,0.3513143167428786,0.09205505748361903,212.0,0.06954515491100857,202.0,0.06624917600527357,144.0,0.04713249835201055,1926.0,0.6344759393539882,2425.0,0.7989452867501649,0.04713249835201055,WACC_0p5_WRT_0p5,0.32326961107448915,438,False,,,False,False,False,False,False,33.0,0.08376963350785341
IBDD,Electricity,3030,0.66,27,0.4642857142857142,0.6649568125048124,0,29,321,924,850,159,99,0.4377912629450598,0.31041515740241665,0.25524836999461,0.4377912629450598,0.4947554797214213,0.5185185185185187,1.2233606186634038,-2.534149843841321,1.7596622789832348,-1.2199335447094035,0.0606453741297639,0.31041515740241665,0.33745240707666435,0.0270372496742477,0.25524836999461,0.26400044587449123,0.00875207587988125,0.4377912629450598,0.34169264866075383,0.096098614284306,0.4947554797214213,0.3228229688405735,0.17193251088084782,0.5185185185185187,0.3611369192647059,0.1573815992538128,163.0,0.053394858272907054,144.0,0.04713249835201055,189.0,0.06196440342781806,2233.0,0.7356624917600527,2483.0,0.8180619644034278,0.04713249835201055,WACC_0p3_WRT_0p7,0.34324324324324323,439,False,,,False,False,False,False,False,29.0,0.07329842931937172
IBDD,Electricity,291,0.73,24,0.7142857142857141,0.6844695345995766,0,16,309,1,2,250,1,0.17116822516963848,0.29017974189673534,0.2333941212484741,0.17116822516963848,0.22270073803295595,0.2592592592592596,1.2233606186634038,-2.534149843841321,1.7596622789832348,-1.2199335447094035,0.0606453741297639,0.29017974189673534,0.33105196244527146,0.04087222054853612,0.2333941212484741,0.30187434980144945,0.06848022855297534,0.17116822516963848,0.42316959255392445,0.25200136738428597,0.22270073803295595,0.36203322388383585,0.1393324858508799,0.2592592592592596,0.3855632327879069,0.1263039735286473,144.0,0.04713249835201055,246.0,0.08075148319050758,908.0,0.2989452867501648,2619.0,0.8628872775214239,2630.0,0.8665128543177324,0.04713249835201055,WACC_0p1_WRT_0p9,0.4312458800263679,440,False,,,False,False,False,False,False,16.0,0.03926701570680628
IBDD,Electricity,2120,0.72,27,0.6785714285714283,0.6649568125048124,0,20,3534,794,198,161,86,0.19479639745204147,0.31041515740241665,0.25524836999461,0.19479639745204147,0.2615657011313083,0.2962962962962967,1.2233606186634038,-2.534149843841321,1.7596622789832348,-1.2199335447094035,0.0606453741297639,0.31041515740241665,0.38284051283318205,0.07242535543076539,0.25524836999461,0.33106069648303293,0.07581232648842295,0.19479639745204147,0.3337131673269005,0.13891676987485901,0.2615657011313083,0.24826255905153213,0.013303142079776148,0.2962962962962967,0.28044656803860135,0.015849728257695372,340.0,0.11173368490441661,380.0,0.12491760052735662,145.0,0.047462096242584045,915.0,0.3012524719841793,1719.0,0.5662491760052736,0.047462096242584045,WACC_0p5_WRT_0p5,0.23032300593276203,441,False,,,False,False,False,False,False,20.0,0.049738219895287955
IBDD,Electricity,1038,0.72,84,0.6785714285714283,0.4737621586253954,0,77,1440,1494,910,237,8,0.4263161310595567,0.5086910947588492,0.4693863823395571,0.4263161310595567,0.2615657011313083,0.2962962962962967,1.2233606186634038,-2.534149843841321,1.7596622789832348,-1.2199335447094035,0.0606453741297639,0.5086910947588492,0.4762362745656077,0.03245482019324153,0.4693863823395571,0.44515293650659693,0.024233445832960165,0.4263161310595567,0.41934974184009005,0.006966389219466629,0.2615657011313083,0.20750471385241503,0.05406098727889325,0.2962962962962967,0.2280447171420805,0.06825157915421623,1163.0,0.3829927488464074,1186.0,0.39057350032959787,863.0,0.2841133816743573,145.0,0.047462096242584045,460.0,0.15128543177323664,0.047462096242584045,WACC_0p7_WRT_0p3,0.2512854317732366,442,False,,,False,False,False,False,False,77.0,0.19895287958115182
IBDD,Electricity,2305,0.73,45,0.7142857142857141,0.5794812334491506,0,37,3496,760,616,193,144,0.29829972712879943,0.3990564986453253,0.35098101853695124,0.29829972712879943,0.22270073803295595,0.2592592592592596,1.2233606186634038,-2.534149843841321,1.7596622789832348,-1.2199335447094035,0.0606453741297639,0.3990564986453253,0.33688523982658214,0.062171258818743136,0.35098101853695124,0.2655942366822794,0.08538678185467186,0.29829972712879943,0.35555981903456124,0.05726009190576181,0.22270073803295595,0.3391523122872824,0.11645157425432642,0.2592592592592596,0.37037553970553394,0.11111628044627436,158.0,0.05174686882003955,146.0,0.04779169413315755,287.0,0.0942649967040211,2401.0,0.7910349373764007,2552.0,0.8408042188529994,0.04779169413315755,WACC_0p3_WRT_0p7,0.36512854317732363,443,False,,,False,False,False,False,False,37.0,0.09424083769633508
IBDD,Electricity,882,0.72,149,0.6785714285714283,0.3759677242326947,0,142,3487,3279,538,202,10,0.544736499723082,0.6101075452401685,0.578916148859382,0.544736499723082,0.2615657011313083,0.2962962962962967,1.2233606186634038,-2.534149843841321,1.7596622789832348,-1.2199335447094035,0.0606453741297639,0.6101075452401685,0.5361911239020141,0.07391642133815446,0.578916148859382,0.533737557051684,0.04517859180769801,0.544736499723082,0.5346806733794383,0.01005582634364377,0.2615657011313083,0.2169746468095855,0.04459105432172278,0.2962962962962967,0.2098391873138825,0.08645710898241421,2051.0,0.6756756756756757,2230.0,0.7346736980883323,2275.0,0.7495056031641397,237.0,0.07778510217534608,146.0,0.04779169413315755,0.04779169413315755,WACC_0p9_WRT_0p1,0.4570863546473302,444,False,,,False,False,False,False,False,142.0,0.36910994764397903
IBDD,Electricity,578,0.69,27,0.5714285714285711,0.6649568125048124,0,28,226,745,815,172,7,0.3080507851631509,0.31041515740241665,0.25524836999461,0.3080507851631509,0.3781605904263649,0.4074074074074079,1.2233606186634038,-2.534149843841321,1.7596622789832348,-1.2199335447094035,0.0606453741297639,0.31041515740241665,0.3898561346627488,0.07944097726033217,0.25524836999461,0.3054124549515616,0.05016408495695163,0.3080507851631509,0.33400528009147484,0.025954494928323968,0.3781605904263649,0.23187470571888247,0.14628588470748244,0.4074074074074079,0.2738394115926762,0.13356799581473167,377.0,0.12392880685563612,259.0,0.08503625576796309,147.0,0.04812129202373105,501.0,0.16479894528675015,1596.0,0.525708635464733,0.04812129202373105,WACC_0p5_WRT_0p5,0.1895187870797627,445,False,,,False,False,False,False,False,28.0,0.07068062827225131
IBDD,Electricity,897,0.72,54,0.6785714285714283,0.5487144138666213,0,47,2543,1387,75,199,8,0.33555561127182615,0.43096283006424446,0.38543985646938406,0.33555561127182615,0.2615657011313083,0.2962962962962967,1.2233606186634038,-2.534149843841321,1.7596622789832348,-1.2199335447094035,0.0606453741297639,0.43096283006424446,0.46452779869249866,0.0335649686282542,0.38543985646938406,0.41644406517395366,0.031004208704569602,0.33555561127182615,0.39308107449930174,0.05752546322747559,0.2615657011313083,0.20760521009333466,0.053960491037973624,0.2962962962962967,0.22652317819887047,0.06977311809742626,1012.0,0.33322346736980885,915.0,0.3012524719841793,599.0,0.1970995385629532,147.0,0.04812129202373105,433.0,0.14238628872775214,0.04812129202373105,WACC_0p7_WRT_0p3,0.2044166117336849,446,False,,,False,False,False,False,False,47.0,0.12041884816753927
IBDD,Electricity,637,0.72,180,0.6785714285714283,0.3436220399983879,0,168,829,2860,329,122,2,0.5839042486393382,0.6436512177794496,0.6151433152018055,0.5839042486393382,0.2615657011313083,0.2962962962962967,1.2233606186634038,-2.534149843841321,1.7596622789832348,-1.2199335447094035,0.0606453741297639,0.6436512177794496,0.5673558886974698,0.07629532908197978,0.6151433152018055,0.5562094917907628,0.058933823411042696,0.5839042486393382,0.5367866350874811,0.04711761355185706,0.2615657011313083,0.2601357331514418,0.0014299679798664977,0.2962962962962967,0.20988305082596206,0.08641324547033466,2369.0,0.7804878048780488,2424.0,0.7986156888595913,2296.0,0.7564271588661833,1233.0,0.4060646011865524,147.0,0.04812129202373105,0.04812129202373105,WACC_0p9_WRT_0p1,0.5579433091628213,447,False,,,False,False,False,False,False,168.0,0.43717277486910994
IBDD,Electricity,1870,0.71,32,0.6428571428571426,0.636667418954684,0,30,2310,1041,405,177,105,0.22905233884867993,0.3397523062692165,0.2869324907707538,0.22905233884867993,0.3004306642296604,0.3333333333333337,1.2233606186634038,-2.534149843841321,1.7596622789832348,-1.2199335447094035,0.0606453741297639,0.3397523062692165,0.35696291684109893,0.017210610571882445,0.2869324907707538,0.29572093618183487,0.008788445411081092,0.22905233884867993,0.3340676247514404,0.10501528590276049,0.3004306642296604,0.29508768620440357,0.00534297802525685,0.3333333333333337,0.3512613587136226,0.01792802538028887,220.0,0.07218193803559657,231.0,0.07580751483190508,148.0,0.048450889914304546,1877.0,0.6183256427158866,2424.0,0.7986156888595913,0.048450889914304546,WACC_0p5_WRT_0p5,0.32267633487145686,448,False,,,False,False,False,False,False,30.0,0.07591623036649214
IBDD,Electricity,2073,0.71,29,0.6428571428571426,0.6530777483102728,0,27,4747,984,257,240,194,0.22155713330854457,0.3227341869374949,0.2685529218924944,0.22155713330854457,0.3004306642296604,0.3333333333333337,1.2233606186634038,-2.534149843841321,1.7596622789832348,-1.2199335447094035,0.0606453741297639,0.3227341869374949,0.3330770175820895,0.010342830644594625,0.2685529218924944,0.26912001500552946,0.0005670931130350443,0.22155713330854457,0.3874515866138215,0.16589445330527694,0.3004306642296604,0.38718458254948745,0.08675391831982704,0.3333333333333337,0.4270005491646583,0.09366721583132459,148.0,0.048450889914304546,160.0,0.052406064601186554,527.0,0.17336849044166117,2779.0,0.9156229400131839,2789.0,0.918918918918919,0.048450889914304546,WACC_0p1_WRT_0p9,0.421753460777851,449,False,,,False,False,False,False,False,27.0,0.06806282722513089
IBDD,Electricity,962,0.73,187,0.7142857142857141,0.3370887523094868,0,173,826,650,907,80,3,0.5918154793909554,0.6504264790864582,0.6224605974133748,0.5918154793909554,0.22270073803295595,0.2592592592592596,1.2233606186634038,-2.534149843841321,1.7596622789832348,-1.2199335447094035,0.0606453741297639,0.6504264790864582,0.5755510699752378,0.07487540911122048,0.6224605974133748,0.5304427632416242,0.09201783417175058,0.5918154793909554,0.49996586376993934,0.09184961562101601,0.22270073803295595,0.25924979574965146,0.036549057716695504,0.2592592592592596,0.2099143469599487,0.04934491229931087,2437.0,0.8029004614370469,2187.0,0.7205009887936717,1929.0,0.6354647330257086,1210.0,0.3984838497033619,148.0,0.048450889914304546,0.048450889914304546,WACC_0p9_WRT_0p1,0.5211601845748188,450,False,,,False,False,False,False,False,173.0,0.450261780104712
IBDD,Electricity,1902,0.71,16,0.6428571428571426,0.7508721827029736,0,15,3766,263,133,162,69,0.22155713330854457,0.22131773645617547,0.15902315537266942,0.22155713330854457,0.3004306642296604,0.3333333333333337,1.2233606186634038,-2.534149843841321,1.7596622789832348,-1.2199335447094035,0.0606453741297639,0.22131773645617547,0.388533160924583,0.16721542446840754,0.15902315537266942,0.3356343058966362,0.17661115052396675,0.22155713330854457,0.3342162420412804,0.11265910873273585,0.3004306642296604,0.2295406332101939,0.0708900310194665,0.3333333333333337,0.26215869032289074,0.07117464301044296,367.0,0.12063282794990111,403.0,0.13249835201054713,149.0,0.04878048780487805,445.0,0.14634146341463414,1304.0,0.42946605141727096,0.04878048780487805,WACC_0p5_WRT_0p5,0.1755438365194463,451,False,,,False,False,False,False,False,15.0,0.03664921465968586
IBDD,Electricity,172,0.74,58,0.7499999999999998,0.5366267752811291,0,45,1297,1120,2,226,1,0.35019266732163634,0.4434981589677179,0.3989780116851353,0.35019266732163634,0.1838357749346038,0.22222222222222254,1.2233606186634038,-2.534149843841321,1.7596622789832348,-1.2199335447094035,0.0606453741297639,0.4434981589677179,0.49130369245479255,0.04780553348707467,0.3989780116851353,0.43658917540012854,0.037611163714993234,0.35019266732163634,0.4245406636663067,0.07434799634467038,0.1838357749346038,0.2080811867030695,0.024245411768465702,0.22222222222222254,0.2256410649837796,0.003418842761557045,1379.0,0.45418589321028346,1106.0,0.3642056690837179,928.0,0.3055372445616348,149.0,0.04878048780487805,419.0,0.13777191825972313,0.04878048780487805,WACC_0p7_WRT_0p3,0.26209624258404746,452,False,,,False,False,False,False,False,45.0,0.11518324607329843
IBDD,Electricity,1018,0.72,32,0.6785714285714283,0.636667418954684,0,25,280,885,232,226,5,0.22905233884867993,0.3397523062692165,0.2869324907707538,0.22905233884867993,0.2615657011313083,0.2962962962962967,1.2233606186634038,-2.534149843841321,1.7596622789832348,-1.2199335447094035,0.0606453741297639,0.3397523062692165,0.3847519266201943,0.04499962035097782,0.2869324907707538,0.32322795622038314,0.03629546544962936,0.22905233884867993,0.33424200774007484,0.10518966889139492,0.2615657011313083,0.2294802868342362,0.03208541429707207,0.2962962962962967,0.2590649295779531,0.03723136671834365,346.0,0.11371127224785761,343.0,0.11272247857613711,150.0,0.04911008569545155,441.0,0.14502307185234015,1239.0,0.4080421885299934,0.04911008569545155,WACC_0p5_WRT_0p5,0.16572181938035596,453,False,,,False,False,False,False,False,25.0,0.06282722513089005
IBDD,Electricity,939,0.73,73,0.7142857142857141,0.4976236662662598,0,65,430,1176,654,136,6,0.3974219659749473,0.48394582757573046,0.4426614937817889,0.3974219659749473,0.22270073803295595,0.2592592592592596,1.2233606186634038,-2.534149843841321,1.7596622789832348,-1.2199335447094035,0.0606453741297639,0.48394582757573046,0.47785776274424885,0.00608806483148161,0.4426614937817889,0.42864880207570366,0.014012691706085212,0.3974219659749473,0.4070907409072167,0.00966877493226942,0.22270073803295595,0.20999951527862276,0.012701222754333191,0.2592592592592596,0.21010910856088388,0.049150150698375694,1182.0,0.3892551087673039,1030.0,0.33915622940013185,737.0,0.24258404746209625,164.0,0.05372445616348055,150.0,0.04911008569545155,0.04911008569545155,WACC_0p9_WRT_0p1,0.21476598549769282,454,False,,,False,False,False,False,False,65.0,0.16753926701570682
IBDD,Electricity,1690,0.71,26,0.6428571428571426,0.6712185257861867,0,25,2705,897,642,248,138,0.22155713330854457,0.3039215288143248,0.24823525111947084,0.22155713330854457,0.3004306642296604,0.3333333333333337,1.2233606186634038,-2.534149843841321,1.7596622789832348,-1.2199335447094035,0.0606453741297639,0.3039215288143248,0.3394538553379259,0.035532326523601054,0.24823525111947084,0.2660866005056207,0.01785134938614988,0.22155713330854457,0.3387696116833602,0.1172124783748156,0.3004306642296604,0.3332130722274229,0.0327824079977625,0.3333333333333337,0.39110144677533726,0.057768113442003555,168.0,0.05504284772577456,150.0,0.04911008569545155,174.0,0.05702043506921556,2354.0,0.7755438365194463,2661.0,0.8767303889255109,0.04911008569545155,WACC_0p3_WRT_0p7,0.3626895187870798,455,False,,,False,False,False,False,False,25.0,0.06282722513089005
IBDD,Electricity,1378,0.74,44,0.7499999999999998,0.5832655206981239,0,31,3326,881,414,182,17,0.2937172915951722,0.3951320526093529,0.34674261681810115,0.2937172915951722,0.1838357749346038,0.22222222222222254,1.2233606186634038,-2.534149843841321,1.7596622789832348,-1.2199335447094035,0.0606453741297639,0.3951320526093529,0.4750913698263821,0.0799593172170292,0.34674261681810115,0.4282762808887239,0.08153366407062274,0.2937172915951722,0.40619408975756677,0.11247679816239459,0.1838357749346038,0.20822426228394303,0.02438848734933924,0.22222222222222254,0.22108964739096454,0.0011325748312580042,1147.0,0.37771918259723136,1027.0,0.33816743572841135,725.0,0.23862887277521425,151.0,0.049439683586025046,328.0,0.10777851021753461,0.049439683586025046,WACC_0p7_WRT_0p3,0.2223467369808833,456,False,,,False,False,False,False,False,31.0,0.07853403141361257
IBDD,Electricity,698,0.74,53,0.7499999999999998,0.5518737344088203,0,40,2217,154,38,82,2,0.33172995487678936,0.4276864976501123,0.38190141746212125,0.33172995487678936,0.1838357749346038,0.22222222222222254,1.2233606186634038,-2.534149843841321,1.7596622789832348,-1.2199335447094035,0.0606453741297639,0.4276864976501123,0.5824203520512563,0.154733854401144,0.38190141746212125,0.5187992771914055,0.13689785972928425,0.33172995487678936,0.4899586603280119,0.15822870545122253,0.1838357749346038,0.25908969494565004,0.07525392001104625,0.22222222222222254,0.21011846707898163,0.012103755143240913,2500.0,0.8236651285431773,2087.0,0.6875411997363217,1805.0,0.5945945945945946,1204.0,0.39650626235992087,151.0,0.049439683586025046,0.049439683586025046,WACC_0p9_WRT_0p1,0.5103493737640079,457,False,,,False,False,False,False,False,40.0,0.10209424083769633
IBDD,Electricity,1852,0.74,68,0.7499999999999998,0.5096690058370015,0,55,496,313,870,116,5,0.38283613027271596,0.47145436431718357,0.4291707134625583,0.38283613027271596,0.1838357749346038,0.22222222222222254,1.2233606186634038,-2.534149843841321,1.7596622789832348,-1.2199335447094035,0.0606453741297639,0.47145436431718357,0.4932494091012977,0.021795044784114148,0.4291707134625583,0.40937467501054686,0.019796038452011444,0.38283613027271596,0.3957638252136658,0.012927694940949863,0.1838357749346038,0.2082994277043523,0.024463652769748517,0.22222222222222254,0.2140343548363812,0.008187867385841346,1421.0,0.46802900461437047,862.0,0.28378378378378377,633.0,0.2083058668424522,152.0,0.04976928147659855,201.0,0.06591957811470006,0.04976928147659855,WACC_0p7_WRT_0p3,0.21516150296638106,458,False,,,False,False,False,False,False,55.0,0.14136125654450263
IBDD,Electricity,2083,0.71,13,0.6428571428571426,0.7843016038821788,0,12,4682,323,877,218,133,0.22155713330854457,0.18665018856662932,0.12158220365195957,0.22155713330854457,0.3004306642296604,0.3333333333333337,1.2233606186634038,-2.534149843841321,1.7596622789832348,-1.2199335447094035,0.0606453741297639,0.18665018856662932,0.3416758764915879,0.1550256879249586,0.12158220365195957,0.27018024688281767,0.1485980432308581,0.22155713330854457,0.3348185833215704,0.11326145001302582,0.3004306642296604,0.3000375831289752,0.00039308110068519975,0.3333333333333337,0.33859220594922274,0.005258872615889032,175.0,0.057350032959789056,163.0,0.053394858272907054,152.0,0.04976928147659855,1954.0,0.6437046802900461,2334.0,0.7689518787079763,0.04976928147659855,WACC_0p5_WRT_0p5,0.3146341463414634,459,False,,,False,False,False,False,False,12.0,0.028795811518324606
IBDD,Electricity,1407,0.71,34,0.6428571428571426,0.6265363711819671,0,32,3706,1154,569,245,201,0.24132013731434054,0.3502585780335155,0.2982792642761968,0.24132013731434054,0.3004306642296604,0.3333333333333337,1.2233606186634038,-2.534149843841321,1.7596622789832348,-1.2199335447094035,0.0606453741297639,0.3502585780335155,0.334706847403104,0.015551730630411487,0.2982792642761968,0.2726565090377489,0.02562275523844787,0.24132013731434054,0.392167886425556,0.15084774911121546,0.3004306642296604,0.40156916783055024,0.10113850360088983,0.3333333333333337,0.4446143670261255,0.1112810336927918,152.0,0.04976928147659855,168.0,0.05504284772577456,589.0,0.19380355965721818,2837.0,0.934739617666447,2843.0,0.936717205009888,0.04976928147659855,WACC_0p1_WRT_0p9,0.43401450230718525,460,False,,,False,False,False,False,False,32.0,0.08115183246073299
IBDD,Electricity,17,0.74,144,0.7499999999999998,0.3818048302984436,0,130,3720,3771,240,196,8,0.5376682830446319,0.6040542500608733,0.5723785900657432,0.5376682830446319,0.20009462274250503,0.22222222222222254,1.2233606186634038,-2.534149843841321,1.7596622789832348,-1.2199335447094035,0.0606453741297639,0.6040542500608733,0.5686336702067761,0.03542057985409719,0.5723785900657432,0.5666115570026377,0.005767033063105553,0.5376682830446319,0.5709162974610523,0.033248014416420446,0.20009462274250503,0.2302711612946788,0.03017653855217378,0.22222222222222254,0.21023155306220181,0.011990669160020728,2383.0,0.7851021753460777,2507.0,0.8259723137771918,2563.0,0.8444297956493079,462.0,0.15194462755438365,152.0,0.04976928147659855,0.04976928147659855,WACC_0p9_WRT_0p1,0.531443638760712,461,False,,,False,False,False,False,False,130.0,0.337696335078534
IBDD,Electricity,1676,0.73,41,0.7142857142857141,0.5951445848926633,0,33,1061,661,733,130,61,0.279332800595958,0.38281302307427506,0.33343806492021705,0.279332800595958,0.22270073803295595,0.2592592592592596,1.2233606186634038,-2.534149843841321,1.7596622789832348,-1.2199335447094035,0.0606453741297639,0.38281302307427506,0.40333408451815983,0.02052106144388477,0.33343806492021705,0.3258966151615618,0.007541449758655228,0.279332800595958,0.33485432139940574,0.055521520803447744,0.22270073803295595,0.241736352576365,0.019035614543409046,0.2592592592592596,0.270698015138869,0.011438755879609408,467.0,0.15359261700725116,355.0,0.11667765326301911,153.0,0.05009887936717205,732.0,0.24093605800922874,1520.0,0.500659195781147,0.05009887936717205,WACC_0p5_WRT_0p5,0.21239288068556364,462,False,,,False,False,False,False,False,33.0,0.08376963350785341
IBDD,Electricity,1842,0.73,82,0.7142857142857141,0.4778618317981492,0,74,1757,1789,556,250,13,0.42135179120185107,0.5044395818389564,0.46479474838607293,0.42135179120185107,0.22270073803295595,0.2592592592592596,1.2233606186634038,-2.534149843841321,1.7596622789832348,-1.2199335447094035,0.0606453741297639,0.5044395818389564,0.4615898343220716,0.042849747516884806,0.46479474838607293,0.44075824318749324,0.024036505198579694,0.42135179120185107,0.4307330233570597,0.00938123215520864,0.22270073803295595,0.20871836373542663,0.013982374297529326,0.2592592592592596,0.23816493180162343,0.021094327457636147,978.0,0.3220171390903098,1148.0,0.3780487804878049,987.0,0.3249835201054713,154.0,0.05042847725774555,710.0,0.23368490441661174,0.05042847725774555,WACC_0p7_WRT_0p3,0.2618325642715887,463,False,,,False,False,False,False,False,74.0,0.19109947643979058
IBDD,Electricity,1603,0.71,25,0.6428571428571426,0.6777165852112971,0,24,2025,884,189,148,113,0.22155713330854457,0.29718280052161783,0.24095742456334718,0.22155713330854457,0.3004306642296604,0.3333333333333337,1.2233606186634038,-2.534149843841321,1.7596622789832348,-1.2199335447094035,0.0606453741297639,0.29718280052161783,0.3560421602919392,0.05885935977032136,0.24095742456334718,0.2932969087141833,0.05233948415083611,0.22155713330854457,0.33531966196160706,0.1137625286530625,0.3004306642296604,0.3225252602191829,0.02209459598952246,0.3333333333333337,0.3617973522708696,0.028464018937535918,215.0,0.07053394858272907,219.0,0.07185234014502308,154.0,0.05042847725774555,2229.0,0.7343441001977588,2492.0,0.8210283454185893,0.05042847725774555,WACC_0p5_WRT_0p5,0.34963744232036914,464,False,,,False,False,False,False,False,24.0,0.060209424083769635
IBDD,Electricity,1406,0.74,53,0.7499999999999998,0.5518737344088203,0,40,1750,986,773,187,151,0.33172995487678936,0.4276864976501123,0.38190141746212125,0.33172995487678936,0.1838357749346038,0.22222222222222254,1.2233606186634038,-2.534149843841321,1.7596622789832348,-1.2199335447094035,0.0606453741297639,0.4276864976501123,0.33963993614640337,0.08804656150370893,0.38190141746212125,0.2669956484832991,0.11490576897882215,0.33172995487678936,0.3677567307859133,0.036026775909123954,0.1838357749346038,0.3608344450550716,0.17699867012046783,0.22222222222222254,0.4232455472601249,0.20102332503790238,169.0,0.055372445616348055,154.0,0.05042847725774555,370.0,0.12162162162162163,2612.0,0.8605800922874094,2779.0,0.9156229400131839,0.05042847725774555,WACC_0p3_WRT_0p7,0.4007251153592617,465,False,,,False,False,False,False,False,40.0,0.10209424083769633
IBDD,Electricity,2866,0.73,82,0.7142857142857141,0.4778618317981492,0,74,2872,2337,490,236,10,0.42135179120185107,0.5044395818389564,0.46479474838607293,0.42135179120185107,0.22270073803295595,0.2592592592592596,1.2233606186634038,-2.534149843841321,1.7596622789832348,-1.2199335447094035,0.0606453741297639,0.5044395818389564,0.484657057941978,0.019782523896978432,0.46479474838607293,0.46866782083463865,0.0038730724485657175,0.42135179120185107,0.45660969667520723,0.035257905473356166,0.22270073803295595,0.20901889353950612,0.013681844493449835,0.2592592592592596,0.2156141835246343,0.04364507573462528,1275.0,0.4199077125906394,1474.0,0.485497692814766,1325.0,0.43638760711931446,155.0,0.05075807514831905,226.0,0.07415952537903757,0.05075807514831905,WACC_0p7_WRT_0p3,0.29334212261041526,466,False,,,False,False,False,False,False,74.0,0.19109947643979058
IBDD,Electricity,1633,0.71,33,0.6428571428571426,0.6315273913256072,0,31,2195,1157,783,209,171,0.23527645549249393,0.34508270529196283,0.29268932171531986,0.23527645549249393,0.3004306642296604,0.3333333333333337,1.2233606186634038,-2.534149843841321,1.7596622789832348,-1.2199335447094035,0.0606453741297639,0.34508270529196283,0.3374033699173969,0.007679335374565943,0.29268932171531986,0.26759633728289905,0.025092984432420806,0.23527645549249393,0.37864121393137934,0.1433647584388854,0.3004306642296604,0.41851131028947536,0.11808064605981494,0.3333333333333337,0.46204384918649005,0.12871051585315635,162.0,0.05306526038233355,155.0,0.05075807514831905,460.0,0.15128543177323664,2878.0,0.9482531311799605,2891.0,0.952537903757416,0.05075807514831905,WACC_0p3_WRT_0p7,0.43117996044825313,467,False,,,False,False,False,False,False,31.0,0.07853403141361257
IBDD,Electricity,2928,0.69,34,0.5714285714285711,0.6265363711819671,0,33,7,1144,347,197,61,0.3080507851631509,0.3502585780335155,0.2982792642761968,0.3080507851631509,0.3781605904263649,0.4074074074074079,1.2233606186634038,-2.534149843841321,1.7596622789832348,-1.2199335447094035,0.0606453741297639,0.3502585780335155,0.3356906795735814,0.014567898459934114,0.2982792642761968,0.2825256863824155,0.01575357789378129,0.3080507851631509,0.4182323158852471,0.11018153072209624,0.3781605904263649,0.3919252979076418,0.013764707481276894,0.4074074074074079,0.456244822437532,0.04883741503012412,155.0,0.05075807514831905,188.0,0.06163480553724456,854.0,0.2811470006591958,2800.0,0.9225444957152275,2878.0,0.9482531311799605,0.05075807514831905,WACC_0p1_WRT_0p9,0.45286750164798945,468,False,,,False,False,False,False,False,33.0,0.08376963350785341
IBDD,Electricity,924,0.74,148,0.7499999999999998,0.377119421762125,0,134,4795,3886,354,212,2,0.5433418963709491,0.6089131922466853,0.57762624762642,0.5433418963709491,0.2022798015008817,0.22222222222222254,1.2233606186634038,-2.534149843841321,1.7596622789832348,-1.2199335447094035,0.0606453741297639,0.6089131922466853,0.5806474138080674,0.028265778438617883,0.57762624762642,0.5661337482283654,0.011492499398054634,0.5433418963709491,0.5924867210081237,0.04914482463717462,0.2022798015008817,0.234834793826228,0.03255499232534628,0.22222222222222254,0.21035393499243732,0.011868287229785224,2488.0,0.8197099538562953,2502.0,0.8243243243243243,2689.0,0.8859591298615689,575.0,0.1891891891891892,155.0,0.05075807514831905,0.05075807514831905,WACC_0p9_WRT_0p1,0.5539881344759394,469,False,,,False,False,False,False,False,134.0,0.3481675392670157
IBDD,Electricity,1058,0.72,106,0.6785714285714283,0.4341306116852848,0,99,690,1647,704,129,3,0.47430641218852043,0.5497904767708157,0.513773714912481,0.47430641218852043,0.2615657011313083,0.2962962962962967,1.2233606186634038,-2.534149843841321,1.7596622789832348,-1.2199335447094035,0.0606453741297639,0.5497904767708157,0.5367687074230088,0.013021769347806966,0.513773714912481,0.49233493152106445,0.021438783391416583,0.47430641218852043,0.4696216812690845,0.004684730919435942,0.2615657011313083,0.25362147997799944,0.00794422115330884,0.2962962962962967,0.21047260417502486,0.08582369212127186,2058.0,0.6779828609096902,1777.0,0.5853658536585366,1495.0,0.4924192485168095,1066.0,0.35102175346077785,156.0,0.05108767303889255,0.05108767303889255,WACC_0p9_WRT_0p1,0.43157547791694134,470,False,,,False,False,False,False,False,99.0,0.25654450261780104
IBDD,Electricity,586,0.73,64,0.7142857142857141,0.5199513525110855,0,56,811,1593,968,220,5,0.3703851222840437,0.4607911899885039,0.41765448518758413,0.3703851222840437,0.22270073803295595,0.2592592592592596,1.2233606186634038,-2.534149843841321,1.7596622789832348,-1.2199335447094035,0.0606453741297639,0.4607911899885039,0.4804617217868347,0.019670531798330837,0.41765448518758413,0.44056645655171567,0.022911971364131534,0.3703851222840437,0.40989039848574343,0.039505276201699746,0.22270073803295595,0.20903221743374867,0.013668520599207284,0.2592592592592596,0.2193363903075674,0.03992286895169217,1215.0,0.4001318391562294,1145.0,0.3770599868160844,766.0,0.25214238628872776,157.0,0.051417270929466054,295.0,0.09690177982860909,0.051417270929466054,WACC_0p7_WRT_0p3,0.23553065260382336,471,False,,,False,False,False,False,False,56.0,0.14397905759162305
IBDD,Electricity,623,0.71,114,0.6428571428571426,0.4217160007489388,0,110,3045,3615,442,181,6,0.4893394026958622,0.5626648881122115,0.5276780791611885,0.4893394026958622,0.3004306642296604,0.3333333333333337,1.2233606186634038,-2.534149843841321,1.7596622789832348,-1.2199335447094035,0.0606453741297639,0.5626648881122115,0.5485273606466408,0.014137527465570732,0.5276780791611885,0.5377099021795124,0.010031823018323949,0.4893394026958622,0.5324085960101818,0.043069193314319576,0.3004306642296604,0.23044407688811266,0.06998658734154775,0.3333333333333337,0.21051773611919022,0.12281559721414348,2182.0,0.7188529993408043,2266.0,0.7465392221489783,2253.0,0.7422544495715228,471.0,0.15491100856954515,157.0,0.051417270929466054,0.051417270929466054,WACC_0p9_WRT_0p1,0.48279499011206334,472,False,,,False,False,False,False,False,110.0,0.28534031413612565
IBDD,Electricity,2392,0.74,34,0.7499999999999998,0.6265363711819671,0,22,457,517,407,110,43,0.24132013731434054,0.3502585780335155,0.2982792642761968,0.24132013731434054,0.1838357749346038,0.22222222222222254,1.2233606186634038,-2.534149843841321,1.7596622789832348,-1.2199335447094035,0.0606453741297639,0.3502585780335155,0.39594462116227136,0.04568604312875585,0.2982792642761968,0.3224731846405411,0.024193920364344312,0.24132013731434054,0.33577097269742157,0.09445083538308102,0.1838357749346038,0.23372438223456118,0.049888607299957394,0.22222222222222254,0.2547043284151501,0.03248210619292757,418.0,0.13744232036914963,341.0,0.11206328279499012,158.0,0.05174686882003955,547.0,0.17996044825313118,1133.0,0.3731048121292024,0.05174686882003955,WACC_0p5_WRT_0p5,0.17086354647330257,473,False,,,False,False,False,False,False,22.0,0.0549738219895288
IBDD,Electricity,462,0.73,187,0.7142857142857141,0.3370887523094868,0,173,839,1886,156,137,4,0.5918154793909554,0.6504264790864582,0.6224605974133748,0.5918154793909554,0.22270073803295595,0.2592592592592596,1.2233606186634038,-2.534149843841321,1.7596622789832348,-1.2199335447094035,0.0606453741297639,0.6504264790864582,0.528229990903612,0.12219648818284623,0.6224605974133748,0.5034074158023183,0.11905318161105649,0.5918154793909554,0.47863859745246884,0.11317688193848652,0.22270073803295595,0.23899394562184592,0.01629320758888997,0.2592592592592596,0.21057650081793966,0.04868275844131992,1945.0,0.6407382992748847,1909.0,0.6288727752142387,1625.0,0.5352669742913645,667.0,0.21951219512195122,158.0,0.05174686882003955,0.05174686882003955,WACC_0p9_WRT_0p1,0.41522742254449574,474,False,,,False,False,False,False,False,173.0,0.450261780104712
IBDD,Electricity,2030,0.72,39,0.6785714285714283,0.6035451845450552,0,32,3165,1269,208,152,107,0.2691604210121032,0.3741012901014241,0.32402939330953806,0.2691604210121032,0.2615657011313083,0.2962962962962967,1.2233606186634038,-2.534149843841321,1.7596622789832348,-1.2199335447094035,0.0606453741297639,0.3741012901014241,0.38268275859865264,0.008581468497228517,0.32402939330953806,0.3303821886318969,0.0063527953223588285,0.2691604210121032,0.33585285463345343,0.06669243362135024,0.2615657011313083,0.2735954957302843,0.012029794598976018,0.2962962962962967,0.3070644131170081,0.010768116820711382,333.0,0.1094264996704021,376.0,0.12359920896506263,159.0,0.05207646671061305,1514.0,0.498681608437706,2065.0,0.6802900461437047,0.05207646671061305,WACC_0p5_WRT_0p5,0.2928147659854977,475,False,,,False,False,False,False,False,32.0,0.08115183246073299
IBDD,Electricity,966,0.7,7,0.6071428571428569,0.8806552086226336,0,7,2015,87,692,249,9,0.26480395923584765,0.08672793179875032,0.0685714285714286,0.26480395923584765,0.33929562732801266,0.37037037037037074,1.2233606186634038,-2.534149843841321,1.7596622789832348,-1.2199335447094035,0.0606453741297639,0.08672793179875032,0.4173343095081736,0.33060637770942325,0.0685714285714286,0.34291741728477315,0.27434598871334454,0.26480395923584765,0.3360206780953547,0.07121671885950703,0.33929562732801266,0.21706822654861657,0.12222740077939609,0.37037037037037074,0.2696277147775966,0.10074265559277412,568.0,0.18688200395517468,443.0,0.14568226763348716,160.0,0.052406064601186554,240.0,0.07877389584706658,1498.0,0.49340804218853,0.052406064601186554,WACC_0p5_WRT_0p5,0.191430454845089,476,False,,,False,False,False,False,False,7.0,0.015706806282722512
IBDD,Electricity,1159,0.73,94,0.7142857142857141,0.454611535799055,0,86,2987,2872,976,239,10,0.44950583330912175,0.5285509999120911,0.49083507990505837,0.44950583330912175,0.22270073803295595,0.2592592592592596,1.2233606186634038,-2.534149843841321,1.7596622789832348,-1.2199335447094035,0.0606453741297639,0.5285509999120911,0.5107481118430425,0.017802888069048617,0.49083507990505837,0.4949079047457953,0.004072824840736955,0.44950583330912175,0.4881643714036026,0.03865853809448083,0.22270073803295595,0.20915820588958925,0.013542532143366703,0.2592592592592596,0.21881021060557038,0.0404490486536892,1685.0,0.5550428477257745,1808.0,0.5955833882663151,1779.0,0.5860250494396836,160.0,0.052406064601186554,284.0,0.0932762030323006,0.052406064601186554,WACC_0p7_WRT_0p3,0.37646671061305204,477,False,,,False,False,False,False,False,86.0,0.22251308900523561
IBDD,Electricity,642,0.73,131,0.7142857142857141,0.3979778361999513,0,123,4980,3429,520,222,8,0.5180842102582068,0.5872822439407912,0.5542648234560545,0.5180842102582068,0.22270073803295595,0.2592592592592596,1.2233606186634038,-2.534149843841321,1.7596622789832348,-1.2199335447094035,0.0606453741297639,0.5872822439407912,0.5667270014032049,0.020555242537586338,0.5542648234560545,0.5632262994169303,0.008961475960875709,0.5180842102582068,0.5668804261228086,0.04879621586460181,0.22270073803295595,0.22496062757148644,0.002259889538530485,0.2592592592592596,0.21059956140828293,0.04865969785097665,2362.0,0.7781806196440343,2481.0,0.8174027686222808,2537.0,0.8358602504943968,364.0,0.11964403427818061,160.0,0.052406064601186554,0.052406064601186554,WACC_0p9_WRT_0p1,0.5206987475280158,478,False,,,False,False,False,False,False,123.0,0.3193717277486911
IBDD,Electricity,167,0.72,4,0.6785714285714283,0.9615795586771548,0,2,1,1,2,103,1,0.17831030738124148,0.0028063835940616228,0.03428571428571432,0.17831030738124148,0.2615657011313083,0.2962962962962967,1.2233606186634038,-2.534149843841321,1.7596622789832348,-1.2199335447094035,0.0606453741297639,0.0028063835940616228,0.33700285779447936,0.33419647420041776,0.03428571428571432,0.3232724501172779,0.2889867358315636,0.17831030738124148,0.4871082006650705,0.308797893283829,0.2615657011313083,0.4401398489339939,0.1785741478026856,0.2962962962962967,0.48171132928141625,0.18541503298511952,160.0,0.052406064601186554,344.0,0.11305207646671062,1760.0,0.5797626895187871,2931.0,0.965721819380356,2947.0,0.970995385629532,0.052406064601186554,WACC_0p1_WRT_0p9,0.5363876071193144,479,False,,,False,False,False,False,False,2.0,0.002617801047120419
IBDD,Electricity,2378,0.71,19,0.6428571428571426,0.7228899759224219,0,18,2002,635,901,215,48,0.22155713330854457,0.25033632126563654,0.19036322696688743,0.22155713330854457,0.3004306642296604,0.3333333333333337,1.2233606186634038,-2.534149843841321,1.7596622789832348,-1.2199335447094035,0.0606453741297639,0.25033632126563654,0.3717176543609376,0.12138133309530108,0.19036322696688743,0.3097560998370794,0.11939287287019199,0.22155713330854457,0.3361638494988618,0.11460671619031723,0.3004306642296604,0.24117302332758717,0.05925764090207325,0.3333333333333337,0.26613130674543983,0.06720202658789387,278.0,0.0912986156888596,273.0,0.08965062623599208,161.0,0.05273566249176005,720.0,0.23698088332234674,1412.0,0.46506262359920897,0.05273566249176005,WACC_0p5_WRT_0p5,0.18714568226763348,480,False,,,False,False,False,False,False,18.0,0.04450261780104712
IBDD,Electricity,1293,0.71,30,0.6428571428571426,0.6474320576490926,0,28,4276,1066,603,207,176,0.22155713330854457,0.3285889772527928,0.27487609543301617,0.22155713330854457,0.3004306642296604,0.3333333333333337,1.2233606186634038,-2.534149843841321,1.7596622789832348,-1.2199335447094035,0.0606453741297639,0.3285889772527928,0.3372851917152907,0.008696214462497909,0.27487609543301617,0.27671391404477436,0.0018378186117581907,0.22155713330854457,0.3668496646967198,0.14529253138817524,0.3004306642296604,0.3738008947613269,0.07337023053166647,0.3333333333333337,0.419176543068188,0.08584320973485432,161.0,0.05273566249176005,175.0,0.057350032959789056,364.0,0.11964403427818061,2708.0,0.8922214897824654,2764.0,0.9106789716545814,0.05273566249176005,WACC_0p1_WRT_0p9,0.40652603823335537,481,False,,,False,False,False,False,False,28.0,0.07068062827225131
IBDD,Electricity,1097,0.74,137,0.7499999999999998,0.390324214459635,0,123,4677,3656,363,232,1,0.5273520659774795,0.595219333152971,0.5628368798052087,0.5273520659774795,0.1961213561299603,0.22222222222222254,1.2233606186634038,-2.534149843841321,1.7596622789832348,-1.2199335447094035,0.0606453741297639,0.595219333152971,0.5784838413169497,0.0167354918360213,0.5628368798052087,0.558931153091523,0.00390572671368572,0.5273520659774795,0.5753425171284282,0.04799045115094869,0.1961213561299603,0.23187512170038768,0.03575376557042739,0.22222222222222254,0.21070214958530087,0.011520072636921674,2465.0,0.8121292023731048,2454.0,0.8085036255767963,2594.0,0.8546473302570864,502.0,0.16512854317732367,161.0,0.05273566249176005,0.05273566249176005,WACC_0p9_WRT_0p1,0.5386288727752142,482,False,,,False,False,False,False,False,123.0,0.3193717277486911
IBDD,Electricity,250,0.74,37,0.7499999999999998,0.6123767684992667,0,25,2703,1,893,250,6,0.2584661577420591,0.3649426104452048,0.31413801928082125,0.2584661577420591,0.1838357749346038,0.22222222222222254,1.2233606186634038,-2.534149843841321,1.7596622789832348,-1.2199335447094035,0.0606453741297639,0.3649426104452048,0.38611510044180886,0.021172489996604038,0.31413801928082125,0.32051288958425733,0.0063748703034360865,0.2584661577420591,0.33993888578078424,0.08147272803872513,0.1838357749346038,0.20945871089626852,0.025622935961664733,0.22222222222222254,0.2556798776179474,0.03345765539572487,355.0,0.11667765326301911,333.0,0.1094264996704021,181.0,0.05932762030323006,162.0,0.05306526038233355,1152.0,0.3793671720500989,0.05306526038233355,WACC_0p7_WRT_0p3,0.14357284113381677,483,False,,,False,False,False,False,False,25.0,0.06282722513089005
IBDD,Electricity,2058,0.72,30,0.6785714285714283,0.6474320576490926,0,23,1633,554,997,157,54,0.21601731808663274,0.3285889772527928,0.27487609543301617,0.21601731808663274,0.2615657011313083,0.2962962962962967,1.2233606186634038,-2.534149843841321,1.7596622789832348,-1.2199335447094035,0.0606453741297639,0.3285889772527928,0.4016391806821629,0.07305020342937013,0.27487609543301617,0.3360877495387339,0.06121165410571772,0.21601731808663274,0.33630238316257416,0.12028506507594142,0.2615657011313083,0.2384910479211095,0.023074653210198776,0.2962962962962967,0.2558651886267141,0.04043110766958263,450.0,0.14798945286750165,406.0,0.13348714568226763,162.0,0.05306526038233355,660.0,0.21720500988793673,1159.0,0.38167435728411336,0.05306526038233355,WACC_0p5_WRT_0p5,0.18668424522083057,484,False,,,False,False,False,False,False,23.0,0.05759162303664921
IBDD,Electricity,804,0.73,162,0.7142857142857141,0.3616571542990457,0,153,2780,2369,428,138,3,0.5620653280746305,0.6249481362824711,0.5949439871850688,0.5620653280746305,0.22270073803295595,0.2592592592592596,1.2233606186634038,-2.534149843841321,1.7596622789832348,-1.2199335447094035,0.0606453741297639,0.6249481362824711,0.5509483191269927,0.07399981715547843,0.5949439871850688,0.5358239544290786,0.059120032755990204,0.5620653280746305,0.5094821473656193,0.052583180709011246,0.22270073803295595,0.25645910613039063,0.03375836809743468,0.2592592592592596,0.21073846987842054,0.048520789380839036,2213.0,0.7290705339485827,2253.0,0.7422544495715228,2042.0,0.6727092946605142,1136.0,0.3740936058009229,162.0,0.05306526038233355,0.05306526038233355,WACC_0p9_WRT_0p1,0.5142386288727752,485,False,,,False,False,False,False,False,153.0,0.39790575916230364
IBDD,Electricity,2398,0.72,16,0.6785714285714283,0.7508721827029736,0,9,3106,234,78,178,37,0.17831030738124148,0.22131773645617547,0.15902315537266942,0.17831030738124148,0.2615657011313083,0.2962962962962967,1.2233606186634038,-2.534149843841321,1.7596622789832348,-1.2199335447094035,0.0606453741297639,0.22131773645617547,0.40782608311620466,0.1865083466600292,0.15902315537266942,0.3573711292963252,0.19834797392365577,0.17831030738124148,0.3367931531755143,0.1584828457942728,0.2615657011313083,0.21160664228359846,0.04995905884770982,0.2962962962962967,0.26342528735361065,0.032871008942686075,490.0,0.16117336849044167,511.0,0.16809492419248517,163.0,0.053394858272907054,180.0,0.05899802241265656,1338.0,0.4406723796967699,0.053394858272907054,WACC_0p5_WRT_0p5,0.17646671061305208,486,False,,,False,False,False,False,False,9.0,0.020942408376963352
IBDD,Electricity,653,0.72,41,0.6785714285714283,0.5951445848926633,0,34,1932,294,359,178,3,0.279332800595958,0.38281302307427506,0.33343806492021705,0.279332800595958,0.2615657011313083,0.2962962962962967,1.2233606186634038,-2.534149843841321,1.7596622789832348,-1.2199335447094035,0.0606453741297639,0.38281302307427506,0.49304851190006616,0.1102354888257911,0.33343806492021705,0.43832562778608264,0.10488756286586559,0.279332800595958,0.40983480085646123,0.13050200026050324,0.2615657011313083,0.2097956542181149,0.05177004691319337,0.2962962962962967,0.22462371400969658,0.07167258228660014,1416.0,0.466381015161503,1126.0,0.37079762689518786,765.0,0.25181278839815424,163.0,0.053394858272907054,397.0,0.13052076466710613,0.053394858272907054,WACC_0p7_WRT_0p3,0.25458141067897166,487,False,,,False,False,False,False,False,34.0,0.08638743455497382
IBDD,Electricity,85,0.74,180,0.7499999999999998,0.3436220399983879,0,166,2972,5000,1000,200,1,0.5839042486393382,0.6436512177794496,0.6151433152018055,0.5839042486393382,0.21790229557455046,0.22222222222222254,1.2233606186634038,-2.534149843841321,1.7596622789832348,-1.2199335447094035,0.0606453741297639,0.6436512177794496,0.5833374013062379,0.06031381647321166,0.6151433152018055,0.5695510329127076,0.04559228228909795,0.5839042486393382,0.577626621094109,0.006277627545229203,0.21790229557455046,0.24423058321371713,0.02632828763916667,0.22222222222222254,0.21084398663096948,0.01137823559125306,2505.0,0.8253131179960448,2532.0,0.8342122610415293,2607.0,0.8589321028345419,804.0,0.26466710613052075,163.0,0.053394858272907054,0.053394858272907054,WACC_0p9_WRT_0p1,0.5673038892551088,488,False,,,False,False,False,False,False,166.0,0.4319371727748691
IBDD,Electricity,2014,0.74,12,0.7499999999999998,0.7970613765886635,0,4,132,40,191,84,50,0.09181665552663519,0.17341783168583041,0.10729125822069678,0.09181665552663519,0.1838357749346038,0.22222222222222254,1.2233606186634038,-2.534149843841321,1.7596622789832348,-1.2199335447094035,0.0606453741297639,0.17341783168583041,0.33754578455779805,0.16412795287196763,0.10729125822069678,0.27169057317134315,0.16439931495064636,0.09181665552663519,0.3647976784133724,0.2729810228867372,0.1838357749346038,0.3101827044791968,0.12634692954459303,0.22222222222222254,0.32761484913265465,0.10539262691043211,164.0,0.05372445616348055,166.0,0.054383651944627555,347.0,0.11404087013843112,2097.0,0.6908371786420567,2254.0,0.7425840474620963,0.05372445616348055,WACC_0p1_WRT_0p9,0.33111404087013846,489,False,,,False,False,False,False,False,4.0,0.007853403141361256
IBDD,Electricity,1813,0.73,48,0.7142857142857141,0.5686032077643577,0,40,4353,367,102,197,48,0.3114720494590426,0.4103374141702957,0.3631644073039193,0.3114720494590426,0.22270073803295595,0.2592592592592596,1.2233606186634038,-2.534149843841321,1.7596622789832348,-1.2199335447094035,0.0606453741297639,0.4103374141702957,0.42861902067641866,0.018281606506122983,0.3631644073039193,0.3784258501495131,0.015261442845593776,0.3114720494590426,0.37227245544735765,0.06080040598831504,0.22270073803295595,0.21033927194306312,0.01236146608989283,0.2592592592592596,0.23676162911136606,0.02249763014789352,653.0,0.2148978246539222,642.0,0.2112722478576137,410.0,0.13480553724456162,165.0,0.05405405405405406,678.0,0.22313777191825973,0.05405405405405406,WACC_0p7_WRT_0p3,0.1676334871456823,490,False,,,False,False,False,False,False,40.0,0.10209424083769633
IBDD,Electricity,1418,0.7,39,0.6071428571428569,0.6035451845450552,0,37,942,1375,372,162,110,0.2691604210121032,0.3741012901014241,0.32402939330953806,0.2691604210121032,0.33929562732801266,0.37037037037037074,1.2233606186634038,-2.534149843841321,1.7596622789832348,-1.2199335447094035,0.0606453741297639,0.3741012901014241,0.3825070291434482,0.008405739042024074,0.32402939330953806,0.32181951285441773,0.0022098804551203277,0.2691604210121032,0.3371394440220572,0.06797902300995401,0.33929562732801266,0.28619424043103653,0.05310138689697613,0.37037037037037074,0.33457326772400864,0.0357971026463621,332.0,0.10909690177982861,339.0,0.1114040870138431,165.0,0.05405405405405406,1753.0,0.5774555042847725,2303.0,0.7587343441001978,0.05405405405405406,WACC_0p5_WRT_0p5,0.3221489782465392,491,False,,,False,False,False,False,False,37.0,0.09424083769633508
IBDD,Electricity,2914,0.69,22,0.5714285714285711,0.698826024826517,0,22,3852,715,458,237,131,0.3080507851631509,0.2752915298095379,0.21731485219430086,0.3080507851631509,0.3781605904263649,0.4074074074074079,1.2233606186634038,-2.534149843841321,1.7596622789832348,-1.2199335447094035,0.0606453741297639,0.2752915298095379,0.34366147980464085,0.06836994999510293,0.21731485219430086,0.2713087032758045,0.05399385108150362,0.3080507851631509,0.3443720532156874,0.03632126805253655,0.3781605904263649,0.3122271232966326,0.0659334671297323,0.4074074074074079,0.36402193984047815,0.043385467566929736,180.0,0.05899802241265656,165.0,0.05405405405405406,207.0,0.06789716545814106,2120.0,0.6984179301252472,2504.0,0.8249835201054714,0.05405405405405406,WACC_0p3_WRT_0p7,0.340870138431114,492,False,,,False,False,False,False,False,22.0,0.0549738219895288
IBDD,Electricity,768,0.73,94,0.7142857142857141,0.454611535799055,0,86,4870,1454,570,177,6,0.44950583330912175,0.5285509999120911,0.49083507990505837,0.44950583330912175,0.22270073803295595,0.2592592592592596,1.2233606186634038,-2.534149843841321,1.7596622789832348,-1.2199335447094035,0.0606453741297639,0.5285509999120911,0.5536201998119662,0.025069199899875105,0.49083507990505837,0.5435776332569533,0.05274255335189493,0.44950583330912175,0.5091910242477997,0.05968519093867797,0.22270073803295595,0.21304642220580988,0.00965431582714607,0.2592592592592596,0.21091225845325026,0.048347000806009316,2241.0,0.7382992748846408,2312.0,0.7617007251153592,2040.0,0.6720500988793672,190.0,0.062294001318391565,165.0,0.05405405405405406,0.05405405405405406,WACC_0p9_WRT_0p1,0.4576796308503626,493,False,,,False,False,False,False,False,86.0,0.22251308900523561
IBDD,Electricity,113,0.73,146,0.7142857142857141,0.3794461887748424,0,138,5000,1,1000,250,1,0.5405243883077224,0.6065002486779413,0.5750202685721765,0.5405243883077224,0.22270073803295595,0.2592592592592596,1.2233606186634038,-2.534149843841321,1.7596622789832348,-1.2199335447094035,0.0606453741297639,0.6065002486779413,0.5783369785852934,0.028163270092647852,0.5750202685721765,0.5075780516917416,0.06744221688043484,0.5405243883077224,0.5048615910769285,0.03566279723079391,0.22270073803295595,0.21034076038230204,0.012359977650653914,0.2592592592592596,0.23142217807739363,0.027837081181865952,2462.0,0.8111404087013843,1975.0,0.6506262359920897,1988.0,0.6549110085695452,166.0,0.054383651944627555,528.0,0.17369808833223468,0.054383651944627555,WACC_0p7_WRT_0p3,0.4689518787079764,494,False,,,False,False,False,False,False,138.0,0.3586387434554974
IBDD,Electricity,1651,0.74,124,0.7499999999999998,0.4073595105219982,0,110,2855,4043,919,216,1,0.5067238364414649,0.5775531001994092,0.5437573482153619,0.5067238364414649,0.18817644229596128,0.22222222222222254,1.2233606186634038,-2.534149843841321,1.7596622789832348,-1.2199335447094035,0.0606453741297639,0.5775531001994092,0.5593256744804352,0.018227425718973955,0.5437573482153619,0.5441721784569619,0.0004148302415999394,0.5067238364414649,0.5543771558867873,0.04765331944532236,0.18817644229596128,0.23135501891420707,0.043178576618245784,0.22222222222222254,0.21091286428222594,0.0113093579399966,2297.0,0.7567567567567568,2320.0,0.7643375082399473,2453.0,0.8081740276862228,493.0,0.16216216216216217,166.0,0.054383651944627555,0.054383651944627555,WACC_0p9_WRT_0p1,0.5091628213579433,495,False,,,False,False,False,False,False,110.0,0.28534031413612565
IBDD,Electricity,223,0.73,28,0.7142857142857141,0.6589148543760217,0,20,2425,1,2,238,1,0.20211267177280573,0.31668089175819963,0.2620153630988556,0.20211267177280573,0.22270073803295595,0.2592592592592596,1.2233606186634038,-2.534149843841321,1.7596622789832348,-1.2199335447094035,0.0606453741297639,0.31668089175819963,0.423630123577853,0.10694923181965338,0.2620153630988556,0.3617832624537343,0.09976789935487873,0.20211267177280573,0.3655742873861823,0.16346161561337658,0.22270073803295595,0.21071519173015596,0.011985546302799993,0.2592592592592596,0.26361830431516353,0.004359045055903954,619.0,0.20369149637442321,545.0,0.17930125247198417,354.0,0.11634805537244562,167.0,0.05471324983520105,1344.0,0.4426499670402109,0.05471324983520105,WACC_0p7_WRT_0p3,0.199340804218853,496,False,,,False,False,False,False,False,20.0,0.049738219895287955
IBDD,Electricity,162,0.73,16,0.7142857142857141,0.7508721827029736,0,8,199,1,577,229,1,0.13506348145393826,0.22131773645617547,0.15902315537266942,0.13506348145393826,0.22270073803295595,0.2592592592592596,1.2233606186634038,-2.534149843841321,1.7596622789832348,-1.2199335447094035,0.0606453741297639,0.22131773645617547,0.3393785784369733,0.1180608419807978,0.15902315537266942,0.29100679351120223,0.1319836381385328,0.13506348145393826,0.3559395835476091,0.2208761020936708,0.22270073803295595,0.27748175151899396,0.054781013486038005,0.2592592592592596,0.3092831639811672,0.0500239047219076,167.0,0.05471324983520105,214.0,0.07020435069215557,289.0,0.09492419248516809,1592.0,0.524390243902439,2096.0,0.6905075807514832,0.05471324983520105,WACC_0p1_WRT_0p9,0.28694792353328935,497,False,,,False,False,False,False,False,8.0,0.01832460732984293
IBDD,Electricity,2404,0.73,72,0.7142857142857141,0.499966262112698,0,64,4402,2068,444,231,14,0.3945852906008571,0.4815164689201649,0.44003778643377817,0.3945852906008571,0.22270073803295595,0.2592592592592596,1.2233606186634038,-2.534149843841321,1.7596622789832348,-1.2199335447094035,0.0606453741297639,0.4815164689201649,0.5227502009010735,0.04123373198090857,0.44003778643377817,0.5016807866516568,0.06164300021787866,0.3945852906008571,0.5067931956664217,0.11220790506556455,0.22270073803295595,0.21922758250233484,0.003473155530621108,0.2592592592592596,0.21092986586265278,0.0483293933966068,1868.0,0.6153592617007251,1891.0,0.6229400131839157,2021.0,0.6657877389584707,278.0,0.0912986156888596,167.0,0.05471324983520105,0.05471324983520105,WACC_0p9_WRT_0p1,0.4100197758734344,498,False,,,False,False,False,False,False,64.0,0.1649214659685864
IBDD,Electricity,1756,0.71,33,0.6428571428571426,0.6315273913256072,0,31,4937,1096,970,236,229,0.23527645549249393,0.34508270529196283,0.29268932171531986,0.23527645549249393,0.3004306642296604,0.3333333333333337,1.2233606186634038,-2.534149843841321,1.7596622789832348,-1.2199335447094035,0.0606453741297639,0.34508270529196283,0.34386386610249836,0.0012188391894644712,0.29268932171531986,0.2718454577307405,0.02084386398457938,0.23527645549249393,0.4245843134464023,0.18930785795390837,0.3004306642296604,0.4410586951196015,0.14062803088994108,0.3333333333333337,0.4781558831806382,0.14482254984730447,181.0,0.05932762030323006,167.0,0.05471324983520105,929.0,0.3058668424522083,2933.0,0.966381015161503,2939.0,0.968358602504944,0.05471324983520105,WACC_0p3_WRT_0p7,0.4709294660514173,499,False,,,False,False,False,False,False,31.0,0.07853403141361257
IBDD,Electricity,48,0.74,176,0.7499999999999998,0.3474697562916138,0,162,4254,1,1000,205,10,0.5792450061703162,0.6396609934753635,0.6108338729533925,0.5792450061703162,0.21610779935356056,0.22222222222222254,1.2233606186634038,-2.534149843841321,1.7596622789832348,-1.2199335447094035,0.0606453741297639,0.6396609934753635,0.49182727188560915,0.14783372158975439,0.6108338729533925,0.4277185746781629,0.18311529827522965,0.5792450061703162,0.4236112453237553,0.15563376084656083,0.21610779935356056,0.21072472328229858,0.005383076071261983,0.22222222222222254,0.22519601043009074,0.0029737882078682,1385.0,0.45616348055372447,1024.0,0.33717864205669085,914.0,0.3009228740936058,168.0,0.05504284772577456,412.0,0.13546473302570863,0.05504284772577456,WACC_0p7_WRT_0p3,0.2569545154911009,500,False,,,False,False,False,False,False,162.0,0.4214659685863874
IBDD,Electricity,1826,0.7,36,0.6071428571428569,0.6169684576436263,0,34,775,1128,926,164,36,0.26480395923584765,0.36018085873994304,0.30899532743913843,0.26480395923584765,0.33929562732801266,0.37037037037037074,1.2233606186634038,-2.534149843841321,1.7596622789832348,-1.2199335447094035,0.0606453741297639,0.36018085873994304,0.4215386754899983,0.06135781675005525,0.30899532743913843,0.36114720311478044,0.052151875675642,0.26480395923584765,0.37123682504256716,0.10643286580671951,0.33929562732801266,0.21078835505969412,0.12850727226831854,0.37037037037037074,0.24733522075030076,0.12303514962006998,601.0,0.19775873434410018,542.0,0.17831245880026367,399.0,0.13117996044825314,169.0,0.055372445616348055,952.0,0.31344759393539884,0.055372445616348055,WACC_0p7_WRT_0p3,0.17521423862887278,501,False,,,False,False,False,False,False,34.0,0.08638743455497382
IBDD,Electricity,1544,0.71,25,0.6428571428571426,0.6777165852112971,0,24,3650,683,545,163,119,0.22155713330854457,0.29718280052161783,0.24095742456334718,0.22155713330854457,0.3004306642296604,0.3333333333333337,1.2233606186634038,-2.534149843841321,1.7596622789832348,-1.2199335447094035,0.0606453741297639,0.29718280052161783,0.355631070596045,0.058448270074427155,0.24095742456334718,0.28268349961086275,0.041726075047515576,0.22155713330854457,0.33767669418276414,0.11611956087421957,0.3004306642296604,0.28822099555502284,0.012209668674637575,0.3333333333333337,0.3376445136465784,0.004311180313244678,214.0,0.07020435069215557,189.0,0.06196440342781806,169.0,0.055372445616348055,1777.0,0.5853658536585366,2326.0,0.7663150955833883,0.055372445616348055,WACC_0p5_WRT_0p5,0.3078444297956493,502,False,,,False,False,False,False,False,24.0,0.060209424083769635
IBDD,Electricity,1235,0.72,31,0.6785714285714283,0.6419656258679005,0,24,1415,821,572,152,129,0.22263668114980414,0.3342578694703253,0.2809984990279513,0.22263668114980414,0.2615657011313083,0.2962962962962967,1.2233606186634038,-2.534149843841321,1.7596622789832348,-1.2199335447094035,0.0606453741297639,0.3342578694703253,0.3511685355978083,0.016910666127482987,0.2809984990279513,0.27281545664538237,0.00818304238256895,0.22263668114980414,0.3447197851790358,0.12208310402923164,0.2615657011313083,0.3297335852290446,0.06816788409773633,0.2962962962962967,0.3739039959332771,0.07760769963698039,200.0,0.06558998022412657,169.0,0.055372445616348055,210.0,0.06888595912986156,2317.0,0.7633487145682267,2574.0,0.8480553724456164,0.055372445616348055,WACC_0p3_WRT_0p7,0.3602504943968358,503,False,,,False,False,False,False,False,24.0,0.060209424083769635
IBDD,Electricity,350,0.73,133,0.7142857142857141,0.3953886424656859,0,125,2995,435,308,123,2,0.5212194937583065,0.5899673337392888,0.5571647204384318,0.5212194937583065,0.22270073803295595,0.2592592592592596,1.2233606186634038,-2.534149843841321,1.7596622789832348,-1.2199335447094035,0.0606453741297639,0.5899673337392888,0.5650281445132646,0.024939189226024228,0.5571647204384318,0.5343582312498867,0.02280648918854511,0.5212194937583065,0.4959701444679466,0.025249349290359824,0.22270073803295595,0.24947937606368858,0.026778638030732632,0.2592592592592596,0.2109783122712937,0.04828094698796587,2352.0,0.7748846407382993,2240.0,0.7379696769940672,1883.0,0.6203032300593276,955.0,0.31443638760711934,169.0,0.055372445616348055,0.055372445616348055,WACC_0p9_WRT_0p1,0.5005932762030324,504,False,,,False,False,False,False,False,125.0,0.32460732984293195
IBDD,Electricity,2183,0.72,59,0.6785714285714283,0.5337329569329065,0,52,3673,1861,51,243,24,0.35369682415601933,0.44649915577328214,0.4022190882351447,0.35369682415601933,0.2615657011313083,0.2962962962962967,1.2233606186634038,-2.534149843841321,1.7596622789832348,-1.2199335447094035,0.0606453741297639,0.44649915577328214,0.4996388867285648,0.05313973095528268,0.4022190882351447,0.4606601008172477,0.05844101258210299,0.35369682415601933,0.4525560029143981,0.0988591787583788,0.2615657011313083,0.21082679161346043,0.05073890951784785,0.2962962962962967,0.21921869903227692,0.0770775972640198,1514.0,0.498681608437706,1362.0,0.4485827290705339,1267.0,0.41727092946605143,170.0,0.05570204350692155,287.0,0.0942649967040211,0.05570204350692155,WACC_0p7_WRT_0p3,0.3029004614370468,505,False,,,False,False,False,False,False,52.0,0.13350785340314136
IBDD,Electricity,1577,0.71,29,0.6428571428571426,0.6530777483102728,0,27,3383,1034,452,225,161,0.22155713330854457,0.3227341869374949,0.2685529218924944,0.22155713330854457,0.3004306642296604,0.3333333333333337,1.2233606186634038,-2.534149843841321,1.7596622789832348,-1.2199335447094035,0.0606453741297639,0.3227341869374949,0.34008010388243487,0.017345916944939976,0.2685529218924944,0.27347978460848077,0.004926862715986358,0.22155713330854457,0.34369336475177714,0.12213623144323257,0.3004306642296604,0.3498738372885253,0.049443173058864864,0.3333333333333337,0.39748153929939606,0.06414820596606235,170.0,0.05570204350692155,171.0,0.05603164139749506,203.0,0.06657877389584707,2509.0,0.8266315095583389,2687.0,0.8852999340804218,0.05570204350692155,WACC_0p1_WRT_0p9,0.3780487804878049,506,False,,,False,False,False,False,False,27.0,0.06806282722513089
IBDD,Electricity,99,0.74,146,0.7499999999999998,0.3794461887748424,0,132,4636,5000,2,218,1,0.5405243883077224,0.6065002486779413,0.5750202685721765,0.5405243883077224,0.20119464493182904,0.22222222222222254,1.2233606186634038,-2.534149843841321,1.7596622789832348,-1.2199335447094035,0.0606453741297639,0.6065002486779413,0.5922388560611412,0.01426139261680004,0.5750202685721765,0.5928214284375669,0.017801159865390437,0.5405243883077224,0.5954774089584896,0.054953020650767126,0.20119464493182904,0.2432531408847313,0.04205849595290226,0.22222222222222254,0.21111867029475803,0.011103551927464511,2582.0,0.8506921555702044,2682.0,0.8836519446275544,2708.0,0.8922214897824654,775.0,0.25510876730388926,170.0,0.05570204350692155,0.05570204350692155,WACC_0p9_WRT_0p1,0.587475280158207,507,False,,,False,False,False,False,False,132.0,0.34293193717277487
IBDD,Electricity,1475,0.72,22,0.6785714285714283,0.698826024826517,0,15,4369,104,675,238,64,0.17831030738124148,0.2752915298095379,0.21731485219430086,0.17831030738124148,0.2615657011313083,0.2962962962962967,1.2233606186634038,-2.534149843841321,1.7596622789832348,-1.2199335447094035,0.0606453741297639,0.2752915298095379,0.386588277306451,0.1112967474969131,0.21731485219430086,0.32820852196271955,0.11089366976841869,0.17831030738124148,0.3381412774295681,0.15983097004832664,0.2615657011313083,0.23354495671312606,0.028020744418182225,0.2962962962962967,0.26861809418338606,0.027678202112910666,359.0,0.11799604482531312,366.0,0.12030323005932762,171.0,0.05603164139749506,544.0,0.17897165458141068,1473.0,0.4851680949241925,0.05603164139749506,WACC_0p5_WRT_0p5,0.1916941331575478,508,False,,,False,False,False,False,False,15.0,0.03664921465968586
IBDD,Electricity,526,0.74,187,0.7499999999999998,0.3370887523094868,0,171,4367,4555,454,194,5,0.5918154793909554,0.6504264790864582,0.6224605974133748,0.5918154793909554,0.22094928739383116,0.22222222222222254,1.2233606186634038,-2.534149843841321,1.7596622789832348,-1.2199335447094035,0.0606453741297639,0.6504264790864582,0.5895779174318772,0.06084856165458108,0.6224605974133748,0.5885821017271353,0.03387849568623946,0.5918154793909554,0.5859161445943617,0.005899334796593658,0.22094928739383116,0.24586583995202896,0.024916552558197802,0.22222222222222254,0.21118932423425868,0.011032897987963863,2562.0,0.8441001977587343,2659.0,0.8760711931443639,2661.0,0.8767303889255109,852.0,0.2804878048780488,171.0,0.05603164139749506,0.05603164139749506,WACC_0p9_WRT_0p1,0.5866842452208306,509,False,,,False,False,False,False,False,171.0,0.44502617801047123
IBDD,Electricity,931,0.71,90,0.6428571428571426,0.462018189093476,0,87,642,1980,388,228,1,0.4405370344287458,0.5208700261252841,0.48253962821530677,0.4405370344287458,0.3004306642296604,0.3333333333333337,1.2233606186634038,-2.534149843841321,1.7596622789832348,-1.2199335447094035,0.0606453741297639,0.5208700261252841,0.47651513065385936,0.04435489547142474,0.48253962821530677,0.44265923588765616,0.039880392327650616,0.4405370344287458,0.43284089464026154,0.007696139788484269,0.3004306642296604,0.21390075089712313,0.08652991333253729,0.3333333333333337,0.21129224640106878,0.12204108693226492,1165.0,0.38365194462755436,1164.0,0.3833223467369809,1020.0,0.33586025049439683,200.0,0.06558998022412657,172.0,0.056361239288068556,0.056361239288068556,WACC_0p9_WRT_0p1,0.24495715227422546,510,False,,,False,False,False,False,False,87.0,0.225130890052356
IBDD,Electricity,1210,0.73,62,0.7142857142857141,0.5253323572805145,0,54,1866,1173,417,214,94,0.3638692037398741,0.455210888746133,0.41162775984582367,0.3638692037398741,0.22270073803295595,0.2592592592592596,1.2233606186634038,-2.534149843841321,1.7596622789832348,-1.2199335447094035,0.0606453741297639,0.455210888746133,0.38065497739351595,0.07455591135261708,0.41162775984582367,0.319031902380333,0.09259585746549065,0.3638692037398741,0.33828732875780787,0.02558187498206621,0.22270073803295595,0.2641974636063015,0.04149672557334552,0.2592592592592596,0.30693028284750634,0.047671023588246764,325.0,0.10678971654581411,325.0,0.10678971654581411,172.0,0.056361239288068556,1330.0,0.43803559657218194,2063.0,0.6796308503625577,0.056361239288068556,WACC_0p5_WRT_0p5,0.27752142386288725,511,False,,,False,False,False,False,False,54.0,0.1387434554973822
IBDD,Electricity,902,0.73,98,0.7142857142857141,0.4475103999651687,0,90,1188,2849,916,207,9,0.45810467769735974,0.535915140776862,0.49878835203901095,0.45810467769735974,0.22270073803295595,0.2592592592592596,1.2233606186634038,-2.534149843841321,1.7596622789832348,-1.2199335447094035,0.0606453741297639,0.535915140776862,0.5141362126281942,0.021778928148667775,0.49878835203901095,0.5002569193109085,0.0014685672718975917,0.45810467769735974,0.49396576138258924,0.0358610836852295,0.22270073803295595,0.21086765057214968,0.011833087460806274,0.2592592592592596,0.21221208519741278,0.0470471740618468,1736.0,0.5718523401450231,1880.0,0.6193144363876071,1861.0,0.6130520764667106,172.0,0.056361239288068556,178.0,0.058338826631509556,0.056361239288068556,WACC_0p7_WRT_0p3,0.38378378378378375,512,False,,,False,False,False,False,False,90.0,0.23298429319371727
IBDD,Electricity,1538,0.71,31,0.6428571428571426,0.6419656258679005,0,29,960,1098,633,219,135,0.22263668114980414,0.3342578694703253,0.2809984990279513,0.22263668114980414,0.3004306642296604,0.3333333333333337,1.2233606186634038,-2.534149843841321,1.7596622789832348,-1.2199335447094035,0.0606453741297639,0.3342578694703253,0.34989055193789986,0.015632682467574543,0.2809984990279513,0.28115268903307805,0.00015419000512673087,0.22263668114980414,0.33841173849473966,0.11577505734493551,0.3004306642296604,0.3180380147262332,0.017607350496572804,0.3333333333333337,0.3760644644353517,0.04273113110201798,196.0,0.06427158866183257,185.0,0.06064601186552406,173.0,0.05669083717864205,2178.0,0.7175346077785102,2590.0,0.8533289386947923,0.05669083717864205,WACC_0p5_WRT_0p5,0.3504943968358602,513,False,,,False,False,False,False,False,29.0,0.07329842931937172
IBDD,Electricity,1574,0.73,90,0.7142857142857141,0.462018189093476,0,82,4256,1932,285,208,19,0.4405370344287458,0.5208700261252841,0.48253962821530677,0.4405370344287458,0.22270073803295595,0.2592592592592596,1.2233606186634038,-2.534149843841321,1.7596622789832348,-1.2199335447094035,0.0606453741297639,0.5208700261252841,0.5181887572560434,0.002681268869240694,0.48253962821530677,0.48548429202602933,0.0029446638107225587,0.4405370344287458,0.48368187606969676,0.04314484164095095,0.22270073803295595,0.21108032803650795,0.011620409996448006,0.2592592592592596,0.21590613089030575,0.04335312836895383,1809.0,0.5959129861568886,1681.0,0.5537244561634805,1707.0,0.5622940013183916,173.0,0.05669083717864205,232.0,0.07613711272247857,0.05669083717864205,WACC_0p7_WRT_0p3,0.3689518787079763,514,False,,,False,False,False,False,False,82.0,0.21204188481675393
IBDD,Electricity,1341,0.74,106,0.7499999999999998,0.4341306116852848,0,92,4409,2524,790,174,3,0.47430641218852043,0.5497904767708157,0.513773714912481,0.47430641218852043,0.1838357749346038,0.22222222222222254,1.2233606186634038,-2.534149843841321,1.7596622789832348,-1.2199335447094035,0.0606453741297639,0.5497904767708157,0.5742643263771939,0.024473849606378217,0.513773714912481,0.5697868505661491,0.056013135653668056,0.47430641218852043,0.5568728704158781,0.08256645822735764,0.1838357749346038,0.2501075650767518,0.06627179014214801,0.22222222222222254,0.21156428469282884,0.010657937529393702,2429.0,0.8002636783124588,2534.0,0.8348714568226764,2468.0,0.8131179960448253,970.0,0.31938035596572184,173.0,0.05669083717864205,0.05669083717864205,WACC_0p9_WRT_0p1,0.5648648648648649,515,False,,,False,False,False,False,False,92.0,0.23821989528795812
IBDD,Electricity,1016,0.73,77,0.7142857142857141,0.4885595662217817,0,69,3183,2127,497,179,7,0.40839778556566114,0.49334563502926343,0.4528132858316045,0.40839778556566114,0.22270073803295595,0.2592592592592596,1.2233606186634038,-2.534149843841321,1.7596622789832348,-1.2199335447094035,0.0606453741297639,0.49334563502926343,0.5168349522403723,0.023489317211108918,0.4528132858316045,0.5036139918837751,0.050800706052170574,0.40839778556566114,0.48083275164365413,0.07243496607799299,0.22270073803295595,0.2252402628395003,0.0025395248065443465,0.2592592592592596,0.21162949971791958,0.047629759541339994,1782.0,0.587013843111404,1912.0,0.6298615688859591,1663.0,0.5477916941331575,370.0,0.12162162162162163,174.0,0.05702043506921556,0.05702043506921556,WACC_0p9_WRT_0p1,0.3886618325642716,516,False,,,False,False,False,False,False,69.0,0.17801047120418848
IBDD,Electricity,2399,0.71,34,0.6428571428571426,0.6265363711819671,0,32,2924,1248,294,217,183,0.24132013731434054,0.3502585780335155,0.2982792642761968,0.24132013731434054,0.3004306642296604,0.3333333333333337,1.2233606186634038,-2.534149843841321,1.7596622789832348,-1.2199335447094035,0.0606453741297639,0.3502585780335155,0.3434743368516766,0.0067842411818389015,0.2982792642761968,0.2762052724139703,0.022073991862226472,0.24132013731434054,0.3996922523176942,0.15837211500335363,0.3004306642296604,0.41488551844388216,0.11445485421422175,0.3333333333333337,0.4553948155112845,0.12206148217795082,178.0,0.058338826631509556,174.0,0.05702043506921556,676.0,0.22247857613711272,2867.0,0.944627554383652,2873.0,0.946605141727093,0.05702043506921556,WACC_0p3_WRT_0p7,0.44581410678971656,517,False,,,False,False,False,False,False,32.0,0.08115183246073299
IBDD,Electricity,345,0.73,64,0.7142857142857141,0.5199513525110855,0,56,586,1960,662,215,3,0.3703851222840437,0.4607911899885039,0.41765448518758413,0.3703851222840437,0.22270073803295595,0.2592592592592596,1.2233606186634038,-2.534149843841321,1.7596622789832348,-1.2199335447094035,0.0606453741297639,0.4607911899885039,0.4802567982684492,0.019465608279945312,0.41765448518758413,0.4346944229705979,0.01703993778301377,0.3703851222840437,0.42547285237373106,0.05508773008968737,0.22270073803295595,0.21186357436381975,0.010837163669136202,0.2592592592592596,0.2116483073031289,0.04761095195613069,1211.0,0.3988134475939354,1084.0,0.35695451549110085,937.0,0.3085036255767963,182.0,0.05965721819380356,175.0,0.057350032959789056,0.057350032959789056,WACC_0p9_WRT_0p1,0.23625576796308506,518,False,,,False,False,False,False,False,56.0,0.14397905759162305
IBDD,Electricity,2721,0.71,36,0.6428571428571426,0.6169684576436263,0,33,287,1312,787,246,177,0.2529060302701837,0.36018085873994304,0.30899532743913843,0.2529060302701837,0.3004306642296604,0.3333333333333337,1.2233606186634038,-2.534149843841321,1.7596622789832348,-1.2199335447094035,0.0606453741297639,0.36018085873994304,0.34190071300821606,0.018280145731726982,0.30899532743913843,0.2835370287159689,0.025458298723169515,0.2529060302701837,0.4222044486535561,0.1692984183833724,0.3004306642296604,0.45379947161870915,0.15336880738904873,0.3333333333333337,0.5021802315643259,0.1688468982309922,176.0,0.05767963085036256,192.0,0.06295319709953856,899.0,0.2959789057350033,2966.0,0.9772577455504284,2984.0,0.9831905075807514,0.05767963085036256,WACC_0p1_WRT_0p9,0.4754119973632168,519,False,,,False,False,False,False,False,33.0,0.08376963350785341
IBDD,Electricity,334,0.74,140,0.7499999999999998,0.3866213160747044,0,126,3184,3505,321,191,4,0.5318359468301079,0.5990593759225288,0.5669841259963311,0.5318359468301079,0.19784831223900767,0.22222222222222254,1.2233606186634038,-2.534149843841321,1.7596622789832348,-1.2199335447094035,0.0606453741297639,0.5990593759225288,0.5521295123904884,0.04692986353204043,0.5669841259963311,0.5407323090655871,0.026251816930743965,0.5318359468301079,0.5401281520802952,0.008292205250187257,0.19784831223900767,0.22529784621188995,0.027449533972882273,0.22222222222222254,0.21181139446715258,0.010410827755069962,2226.0,0.7333553065260382,2290.0,0.7544495715227423,2326.0,0.7663150955833883,371.0,0.12195121951219512,176.0,0.05767963085036256,0.05767963085036256,WACC_0p9_WRT_0p1,0.4867501647989453,520,False,,,False,False,False,False,False,126.0,0.32722513089005234
IBDD,Electricity,1266,0.73,37,0.7142857142857141,0.6123767684992667,0,29,806,820,214,208,56,0.2584661577420591,0.3649426104452048,0.31413801928082125,0.2584661577420591,0.22270073803295595,0.2592592592592596,1.2233606186634038,-2.534149843841321,1.7596622789832348,-1.2199335447094035,0.0606453741297639,0.3649426104452048,0.3773883737285599,0.01244576328335506,0.31413801928082125,0.3139514155034707,0.0001866037773505247,0.2584661577420591,0.3392118061562845,0.08074564841422538,0.22270073803295595,0.2278361511698987,0.00513541313694274,0.2592592592592596,0.2620693386572724,0.0028100793980128103,304.0,0.0998681608437706,298.0,0.09789057350032959,177.0,0.05800922874093606,412.0,0.13546473302570863,1302.0,0.4288068556361239,0.05800922874093606,WACC_0p5_WRT_0p5,0.16400791034937376,521,False,,,False,False,False,False,False,29.0,0.07329842931937172
IBDD,Electricity,693,0.73,69,0.7142857142857141,0.5071915798046006,0,61,2815,1940,105,172,2,0.3858360730191042,0.47402354686930304,0.4319454306188472,0.3858360730191042,0.22270073803295595,0.2592592592592596,1.2233606186634038,-2.534149843841321,1.7596622789832348,-1.2199335447094035,0.0606453741297639,0.47402354686930304,0.5130941774892611,0.03907063061995808,0.4319454306188472,0.49874410017647447,0.06679866955762725,0.3858360730191042,0.45968974963881976,0.07385367661971554,0.22270073803295595,0.22722947525880272,0.004528737225846763,0.2592592592592596,0.21190576699081465,0.04735349226844493,1722.0,0.567237969676994,1858.0,0.6120632827949901,1355.0,0.44627554383651946,401.0,0.13183915622940012,177.0,0.05800922874093606,0.05800922874093606,WACC_0p9_WRT_0p1,0.36308503625576793,522,False,,,False,False,False,False,False,61.0,0.15706806282722513
IBDD,Electricity,2548,0.71,37,0.6428571428571426,0.6123767684992667,0,34,3527,1279,477,223,189,0.2584661577420591,0.3649426104452048,0.31413801928082125,0.2584661577420591,0.3004306642296604,0.3333333333333337,1.2233606186634038,-2.534149843841321,1.7596622789832348,-1.2199335447094035,0.0606453741297639,0.3649426104452048,0.34329044044864915,0.02165216999655567,0.31413801928082125,0.2838709869939762,0.03026703228684502,0.2584661577420591,0.389642135995165,0.1311759782531059,0.3004306642296604,0.39739471562907835,0.09696405139941794,0.3333333333333337,0.43609772636317445,0.10276439302984075,177.0,0.05800922874093606,195.0,0.06394199077125906,554.0,0.18226763348714567,2821.0,0.9294660514172709,2817.0,0.9281476598549769,0.05800922874093606,WACC_0p1_WRT_0p9,0.4323665128543177,523,False,,,False,False,False,False,False,34.0,0.08638743455497382
IBDD,Electricity,337,0.72,49,0.6785714285714283,0.56512474322221,0,42,798,1196,428,182,7,0.31568416087440226,0.413944710732523,0.3670602875911248,0.31568416087440226,0.2615657011313083,0.2962962962962967,1.2233606186634038,-2.534149843841321,1.7596622789832348,-1.2199335447094035,0.0606453741297639,0.413944710732523,0.4653710297083966,0.05142631897587363,0.3670602875911248,0.4226523592758567,0.0555920716847319,0.31568416087440226,0.40297356129772105,0.08728940042331879,0.2615657011313083,0.21141320142558515,0.050152499705723136,0.2962962962962967,0.21354194425880005,0.08275435203749668,1026.0,0.33783783783783783,972.0,0.3200395517468688,698.0,0.22972972972972974,178.0,0.058338826631509556,193.0,0.06328279499011207,0.058338826631509556,WACC_0p7_WRT_0p3,0.20184574818721163,524,False,,,False,False,False,False,False,42.0,0.10732984293193717
IBDD,Electricity,1728,0.72,41,0.6785714285714283,0.5951445848926633,0,34,1270,1021,905,140,90,0.279332800595958,0.38281302307427506,0.33343806492021705,0.279332800595958,0.2615657011313083,0.2962962962962967,1.2233606186634038,-2.534149843841321,1.7596622789832348,-1.2199335447094035,0.0606453741297639,0.38281302307427506,0.39253894950286383,0.009725926428588771,0.33343806492021705,0.3374658961377378,0.004027831217520761,0.279332800595958,0.33924028167054177,0.05990748107458377,0.2615657011313083,0.2608532568524939,0.0007124442788143948,0.2962962962962967,0.3062644719986264,0.009968175702329662,396.0,0.13019116677653264,415.0,0.13645352669742913,178.0,0.058338826631509556,1251.0,0.4119973632168754,2052.0,0.6760052735662492,0.058338826631509556,WACC_0p5_WRT_0p5,0.2825972313777192,525,False,,,False,False,False,False,False,34.0,0.08638743455497382
IBDD,Electricity,1838,0.71,30,0.6428571428571426,0.6474320576490926,0,28,3819,954,723,223,112,0.22155713330854457,0.3285889772527928,0.27487609543301617,0.22155713330854457,0.3004306642296604,0.3333333333333337,1.2233606186634038,-2.534149843841321,1.7596622789832348,-1.2199335447094035,0.0606453741297639,0.3285889772527928,0.3776065808747225,0.049017603621929695,0.27487609543301617,0.3120097891654115,0.037133693732395334,0.22155713330854457,0.33942968768624415,0.11787255437769958,0.3004306642296604,0.2774667942307855,0.022963869998874897,0.3333333333333337,0.32154388405825973,0.011789449275073971,305.0,0.1001977587343441,284.0,0.0932762030323006,179.0,0.05866842452208306,1590.0,0.523731048121292,2206.0,0.7267633487145683,0.05866842452208306,WACC_0p5_WRT_0p5,0.30052735662491764,526,False,,,False,False,False,False,False,28.0,0.07068062827225131
IBDD,Electricity,300,0.73,140,0.7142857142857141,0.3866213160747044,0,132,4820,1344,246,157,2,0.5318359468301079,0.5990593759225288,0.5669841259963311,0.5318359468301079,0.22270073803295595,0.2592592592592596,1.2233606186634038,-2.534149843841321,1.7596622789832348,-1.2199335447094035,0.0606453741297639,0.5990593759225288,0.5998708191454872,0.0008114432229584523,0.5669841259963311,0.5863592562944323,0.01937513029810123,0.5318359468301079,0.5494918801731898,0.01765593334308191,0.22270073803295595,0.2462724339532294,0.023571695920273444,0.2592592592592596,0.21223212525298413,0.04702713400627545,2632.0,0.8671720500988793,2643.0,0.8707976268951879,2415.0,0.7956493078444298,865.0,0.28477257745550427,179.0,0.05866842452208306,0.05866842452208306,WACC_0p9_WRT_0p1,0.5754119973632168,527,False,,,False,False,False,False,False,132.0,0.34293193717277487
IBDD,Electricity,2294,0.74,46,0.7499999999999998,0.5757783350642198,0,33,3224,956,399,132,77,0.30278360798142806,0.40289654141488307,0.3551282647280737,0.30278360798142806,0.1838357749346038,0.22222222222222254,1.2233606186634038,-2.534149843841321,1.7596622789832348,-1.2199335447094035,0.0606453741297639,0.40289654141488307,0.4027828547239366,0.00011368669094646844,0.3551282647280737,0.3410924803035528,0.014035784424520859,0.30278360798142806,0.3397573803741585,0.03697377239273042,0.1838357749346038,0.24366041190105345,0.05982463696644966,0.22222222222222254,0.2933909044829149,0.07116868226069234,461.0,0.15161502966381016,431.0,0.14172709294660515,180.0,0.05899802241265656,789.0,0.25972313777191824,1913.0,0.6301911667765326,0.05899802241265656,WACC_0p5_WRT_0p5,0.24845088991430453,528,False,,,False,False,False,False,False,33.0,0.08376963350785341
IBDD,Electricity,1794,0.71,32,0.6428571428571426,0.636667418954684,0,30,1385,1139,285,228,155,0.22905233884867993,0.3397523062692165,0.2869324907707538,0.22905233884867993,0.3004306642296604,0.3333333333333337,1.2233606186634038,-2.534149843841321,1.7596622789832348,-1.2199335447094035,0.0606453741297639,0.3397523062692165,0.3448140224093074,0.005061716140090933,0.2869324907707538,0.2799029472323159,0.007029543538437877,0.22905233884867993,0.3731412232212288,0.14408888437254885,0.3004306642296604,0.37181637413571733,0.07138570990605692,0.3333333333333337,0.43670957436240543,0.10337624102907172,186.0,0.06097560975609756,180.0,0.05899802241265656,419.0,0.13777191825972313,2690.0,0.8862887277521424,2821.0,0.9294660514172709,0.05899802241265656,WACC_0p3_WRT_0p7,0.4147000659195781,529,False,,,False,False,False,False,False,30.0,0.07591623036649214
IBDD,Electricity,863,0.72,122,0.6785714285714283,0.4101366374806809,0,115,4706,2474,21,185,9,0.5033609825089801,0.5746731166867012,0.5406469660216373,0.5033609825089801,0.2615657011313083,0.2962962962962967,1.2233606186634038,-2.534149843841321,1.7596622789832348,-1.2199335447094035,0.0606453741297639,0.5746731166867012,0.5454207288948036,0.02925238779189754,0.5406469660216373,0.5435848516020735,0.0029378855804361725,0.5033609825089801,0.541662105416022,0.03830112290704191,0.2615657011313083,0.2437394694825924,0.017826231648715885,0.2962962962962967,0.21240634567536026,0.08388995062093646,2152.0,0.7089650626235993,2313.0,0.7620303230059328,2342.0,0.7715886618325642,791.0,0.2603823335530653,180.0,0.05899802241265656,0.05899802241265656,WACC_0p9_WRT_0p1,0.5123928806855635,530,False,,,False,False,False,False,False,115.0,0.29842931937172773
IBDD,Electricity,1976,0.73,60,0.7142857142857141,0.5308869724893325,0,52,963,1599,916,157,30,0.3571430583830649,0.44945054704809956,0.4054065908119476,0.3571430583830649,0.22270073803295595,0.2592592592592596,1.2233606186634038,-2.534149843841321,1.7596622789832348,-1.2199335447094035,0.0606453741297639,0.44945054704809956,0.4611729689982543,0.011722421950154716,0.4054065908119476,0.41815242097034766,0.012745830158400084,0.3571430583830649,0.4110186266640475,0.053875568280982555,0.22270073803295595,0.2117726808421207,0.010928057190835255,0.2592592592592596,0.24435891452908579,0.014900344730173792,973.0,0.32036914963744234,935.0,0.3078444297956493,779.0,0.2564271588661833,181.0,0.05932762030323006,864.0,0.2844429795649308,0.05932762030323006,WACC_0p7_WRT_0p3,0.24568226763348716,531,False,,,False,False,False,False,False,52.0,0.13350785340314136
IBDD,Electricity,1216,0.74,141,0.7499999999999998,0.3854045043765198,0,127,4148,3709,827,199,6,0.5333093976536435,0.6003212547206462,0.5683469550982978,0.5333093976536435,0.1984158083399787,0.22222222222222254,1.2233606186634038,-2.534149843841321,1.7596622789832348,-1.2199335447094035,0.0606453741297639,0.6003212547206462,0.5852558039276422,0.015065450793004032,0.5683469550982978,0.5582849683673937,0.010061986730904082,0.5333093976536435,0.5762108643994657,0.04290146674582218,0.1984158083399787,0.2295815286526617,0.031165720312683,0.22222222222222254,0.21257047961482742,0.009651742607395125,2522.0,0.8309162821357944,2448.0,0.8065260382333553,2597.0,0.8556361239288068,446.0,0.14667106130520766,181.0,0.05932762030323006,0.05932762030323006,WACC_0p9_WRT_0p1,0.5398154251812788,532,False,,,False,False,False,False,False,127.0,0.3298429319371728
IBDD,Electricity,1500,0.73,34,0.7142857142857141,0.6265363711819671,0,26,2055,1201,917,223,108,0.24132013731434054,0.3502585780335155,0.2982792642761968,0.24132013731434054,0.22270073803295595,0.2592592592592596,1.2233606186634038,-2.534149843841321,1.7596622789832348,-1.2199335447094035,0.0606453741297639,0.3502585780335155,0.3771660995995272,0.026907521566011672,0.2982792642761968,0.3133090726654697,0.015029808389272925,0.24132013731434054,0.34011086515361133,0.09879072783927079,0.22270073803295595,0.30143281928859056,0.0787320812556346,0.2592592592592596,0.34941626784638175,0.09015700858712217,303.0,0.0995385629531971,293.0,0.0962425840474621,182.0,0.05965721819380356,1980.0,0.6522742254449572,2406.0,0.7926829268292683,0.05965721819380356,WACC_0p5_WRT_0p5,0.34007910349373766,533,False,,,False,False,False,False,False,26.0,0.06544502617801047
IBDD,Electricity,1343,0.71,40,0.6428571428571426,0.5992936564701963,0,37,1592,1361,982,230,209,0.2743086436603003,0.37851028217905563,0.3287911047533801,0.2743086436603003,0.3004306642296604,0.3333333333333337,1.2233606186634038,-2.534149843841321,1.7596622789832348,-1.2199335447094035,0.0606453741297639,0.37851028217905563,0.35340693342187907,0.02510334875717657,0.3287911047533801,0.280253002011504,0.04853810274187609,0.2743086436603003,0.43506727123158984,0.16075862757128956,0.3004306642296604,0.47101652912456604,0.17058586489490563,0.3333333333333337,0.5121043277916688,0.1787709944583351,210.0,0.06888595912986156,182.0,0.05965721819380356,1053.0,0.34673698088332233,3000.0,0.9884640738299275,2998.0,0.9878048780487805,0.05965721819380356,WACC_0p3_WRT_0p7,0.490309822017139,534,False,,,False,False,False,False,False,37.0,0.09424083769633508
IBDD,Electricity,603,0.73,226,0.7142857142857141,0.3046317863341556,0,208,3900,3933,248,189,7,0.6311179806055346,0.6840855549127274,0.6588123993057456,0.6311179806055346,0.2360865528128198,0.2592592592592596,1.2233606186634038,-2.534149843841321,1.7596622789832348,-1.2199335447094035,0.0606453741297639,0.6840855549127274,0.5780890731496805,0.10599648176304688,0.6588123993057456,0.5623771762444728,0.09643522306127283,0.6311179806055346,0.5819244057544833,0.04919357485105125,0.2360865528128198,0.2381476685707934,0.002061115757973603,0.2592592592592596,0.21279000985203994,0.04646924940721964,2458.0,0.8098220171390903,2473.0,0.8147659854976929,2630.0,0.8665128543177324,655.0,0.21555702043506922,182.0,0.05965721819380356,0.05965721819380356,WACC_0p9_WRT_0p1,0.5532630191166776,535,False,,,False,False,False,False,False,208.0,0.5418848167539267
IBDD,Electricity,2409,0.72,57,0.6785714285714283,0.5395700629986553,0,50,472,1303,518,129,25,0.3466286074775693,0.44044586059398705,0.395681529441506,0.3466286074775693,0.2615657011313083,0.2962962962962967,1.2233606186634038,-2.534149843841321,1.7596622789832348,-1.2199335447094035,0.0606453741297639,0.44044586059398705,0.44839638314476665,0.007950522550779604,0.395681529441506,0.39471202376105446,0.0009695056804515101,0.3466286074775693,0.378379076165051,0.031750468687481714,0.2615657011313083,0.2119877314767153,0.04957796965459299,0.2962962962962967,0.23827493078863252,0.05802136550766421,845.0,0.2781806196440343,749.0,0.24653922214897825,458.0,0.15062623599208966,183.0,0.05998681608437706,712.0,0.23434410019775873,0.05998681608437706,WACC_0p7_WRT_0p3,0.19393539881344762,536,False,,,False,False,False,False,False,50.0,0.12827225130890052
IBDD,Electricity,2029,0.73,45,0.7142857142857141,0.5794812334491506,0,37,1539,1217,369,137,114,0.29829972712879943,0.3990564986453253,0.35098101853695124,0.29829972712879943,0.22270073803295595,0.2592592592592596,1.2233606186634038,-2.534149843841321,1.7596622789832348,-1.2199335447094035,0.0606453741297639,0.3990564986453253,0.37903535440481256,0.02002114424051271,0.35098101853695124,0.3308926171808506,0.020088401356100627,0.29829972712879943,0.34011270910505653,0.0418129819762571,0.22270073803295595,0.30809947500167617,0.08539873696872022,0.2592592592592596,0.35259453560565485,0.09333527634639527,313.0,0.10283454185893211,379.0,0.12458800263678313,183.0,0.05998681608437706,2061.0,0.6789716545814107,2434.0,0.8019116677653263,0.05998681608437706,WACC_0p5_WRT_0p5,0.3536585365853659,537,False,,,False,False,False,False,False,37.0,0.09424083769633508
IBDD,Electricity,1023,0.74,183,0.7499999999999998,0.3407916506944176,0,169,3270,4153,128,206,4,0.5873315985383268,0.6465864363169004,0.6183133512222523,0.5873315985383268,0.21922233128478377,0.22222222222222254,1.2233606186634038,-2.534149843841321,1.7596622789832348,-1.2199335447094035,0.0606453741297639,0.6465864363169004,0.5582401553851877,0.0883462809317127,0.6183133512222523,0.5471427213718087,0.07117062985044353,0.5873315985383268,0.5537662292690757,0.03356536926925113,0.21922233128478377,0.24490360426179217,0.025681272977008396,0.22222222222222254,0.21286268286228713,0.009359539359935415,2283.0,0.7521423862887278,2345.0,0.7725774555042848,2448.0,0.8065260382333553,820.0,0.26994067237969677,183.0,0.05998681608437706,0.05998681608437706,WACC_0p9_WRT_0p1,0.5322346736980883,538,False,,,False,False,False,False,False,169.0,0.4397905759162304
IBDD,Electricity,630,0.72,99,0.6785714285714283,0.4457799518448435,0,92,1252,2357,487,245,9,0.46020009657916583,0.5377096795683104,0.5007264539337751,0.46020009657916583,0.2615657011313083,0.2962962962962967,1.2233606186634038,-2.534149843841321,1.7596622789832348,-1.2199335447094035,0.0606453741297639,0.5377096795683104,0.4827465373977656,0.05496314217054482,0.5007264539337751,0.465198709162309,0.03552774477146614,0.46020009657916583,0.46265209065873325,0.002451994079567421,0.2615657011313083,0.21205031172455985,0.049515389406748433,0.2962962962962967,0.22373819177821222,0.0725581045180845,1247.0,0.4106789716545814,1430.0,0.47099538562953197,1398.0,0.46044825313118,184.0,0.06031641397495056,380.0,0.12491760052735662,0.06031641397495056,WACC_0p7_WRT_0p3,0.3054713249835201,539,False,,,False,False,False,False,False,92.0,0.23821989528795812
IBDD,Electricity,1100,0.72,53,0.6785714285714283,0.5518737344088203,0,46,4656,671,397,185,142,0.33172995487678936,0.4276864976501123,0.38190141746212125,0.33172995487678936,0.2615657011313083,0.2962962962962967,1.2233606186634038,-2.534149843841321,1.7596622789832348,-1.2199335447094035,0.0606453741297639,0.4276864976501123,0.352010308831588,0.07567618881852428,0.38190141746212125,0.28095521268560086,0.10094620477652039,0.33172995487678936,0.3560950446893352,0.02436508981254587,0.2615657011313083,0.3258668470242507,0.06430114589294245,0.2962962962962967,0.36162443064945776,0.06532813435316104,205.0,0.06723796967699407,184.0,0.06031641397495056,290.0,0.0952537903757416,2265.0,0.7462096242584048,2491.0,0.8206987475280159,0.06031641397495056,WACC_0p3_WRT_0p7,0.35794330916282135,540,False,,,False,False,False,False,False,46.0,0.11780104712041885
IBDD,Electricity,1125,0.73,113,0.7142857142857141,0.4232197495097513,0,105,1359,3064,263,193,3,0.48751849659073904,0.5611054449528504,0.5259938805490785,0.48751849659073904,0.22270073803295595,0.2592592592592596,1.2233606186634038,-2.534149843841321,1.7596622789832348,-1.2199335447094035,0.0606453741297639,0.5611054449528504,0.5319051953408935,0.029200249611956886,0.5259938805490785,0.526178009451237,0.0001841289021585757,0.48751849659073904,0.5189684420296385,0.03144994543889951,0.22270073803295595,0.22658358518764207,0.00388284715468612,0.2592592592592596,0.21290183822082237,0.04635742103843721,1994.0,0.6568885959129862,2153.0,0.7092946605141727,2144.0,0.7063282794990112,390.0,0.12821357943309164,184.0,0.06031641397495056,0.06031641397495056,WACC_0p9_WRT_0p1,0.4522083058668425,541,False,,,False,False,False,False,False,105.0,0.27225130890052357
IBDD,Electricity,1215,0.72,30,0.6785714285714283,0.6474320576490926,0,23,1306,589,795,237,30,0.21601731808663274,0.3285889772527928,0.27487609543301617,0.21601731808663274,0.2615657011313083,0.2962962962962967,1.2233606186634038,-2.534149843841321,1.7596622789832348,-1.2199335447094035,0.0606453741297639,0.3285889772527928,0.4091483406577961,0.0805593634050033,0.27487609543301617,0.33516438759757006,0.06028829216455389,0.21601731808663274,0.3480520072405813,0.13203468915394853,0.2615657011313083,0.21206868129459783,0.049497019836710454,0.2962962962962967,0.24852486709021931,0.04777142920607741,499.0,0.16413974950560317,399.0,0.13117996044825314,230.0,0.07547791694133157,185.0,0.06064601186552406,983.0,0.3236651285431773,0.06064601186552406,WACC_0p7_WRT_0p3,0.15102175346077784,542,False,,,False,False,False,False,False,23.0,0.05759162303664921
IBDD,Electricity,1060,0.73,226,0.7142857142857141,0.3046317863341556,0,208,3808,954,629,126,1,0.6311179806055346,0.6840855549127274,0.6588123993057456,0.6311179806055346,0.2360865528128198,0.2592592592592596,1.2233606186634038,-2.534149843841321,1.7596622789832348,-1.2199335447094035,0.0606453741297639,0.6840855549127274,0.6268473329534182,0.057238221959309166,0.6588123993057456,0.6036507784386689,0.055161620867076766,0.6311179806055346,0.5793052001117738,0.05181278049376081,0.2360865528128198,0.27036649308934385,0.03427994027652406,0.2592592592592596,0.21291296182561462,0.04634629743364496,2776.0,0.9146341463414634,2725.0,0.8978246539222149,2614.0,0.8612392880685563,1442.0,0.47495056031641397,185.0,0.06064601186552406,0.06064601186552406,WACC_0p9_WRT_0p1,0.6418589321028345,543,False,,,False,False,False,False,False,208.0,0.5418848167539267
IBDD,Electricity,68,0.72,42,0.6785714285714283,0.5910931476464545,0,35,1900,176,1000,182,10,0.2842387310335392,0.3870145135518249,0.33797567463597095,0.2842387310335392,0.2615657011313083,0.2962962962962967,1.2233606186634038,-2.534149843841321,1.7596622789832348,-1.2199335447094035,0.0606453741297639,0.3870145135518249,0.429609493670351,0.04259498011852608,0.33797567463597095,0.38706787885192656,0.049092204215955615,0.2842387310335392,0.35274935568468413,0.06851062465114494,0.2615657011313083,0.2121152418354406,0.049450459295867694,0.2962962962962967,0.25448822337220917,0.04180807292408756,665.0,0.2188529993408042,701.0,0.23071852340145024,268.0,0.08800263678312459,186.0,0.06097560975609756,1128.0,0.3714568226763349,0.06097560975609756,WACC_0p7_WRT_0p3,0.19400131839156226,544,False,,,False,False,False,False,False,35.0,0.08900523560209424
IBDD,Electricity,2959,0.69,22,0.5714285714285711,0.698826024826517,0,22,4588,697,840,250,115,0.3080507851631509,0.2752915298095379,0.21731485219430086,0.3080507851631509,0.3781605904263649,0.4074074074074079,1.2233606186634038,-2.534149843841321,1.7596622789832348,-1.2199335447094035,0.0606453741297639,0.2752915298095379,0.3693614012116067,0.0940698714020688,0.21731485219430086,0.3013613692475052,0.08404651705320432,0.3080507851631509,0.34052803050100405,0.03247724533785318,0.3781605904263649,0.2854562238592278,0.0927043665671371,0.4074074074074079,0.33467467599081135,0.07273273141659653,267.0,0.08767303889255108,244.0,0.08009228740936059,186.0,0.06097560975609756,1737.0,0.5721819380355966,2305.0,0.7593935398813447,0.06097560975609756,WACC_0p5_WRT_0p5,0.3120632827949901,545,False,,,False,False,False,False,False,22.0,0.0549738219895288
IBDD,Electricity,916,0.74,103,0.7499999999999998,0.4390270024565642,0,89,3758,3116,620,183,8,0.46837731812650846,0.5447127381931928,0.5082897572486481,0.46837731812650846,0.1838357749346038,0.22222222222222254,1.2233606186634038,-2.534149843841321,1.7596622789832348,-1.2199335447094035,0.0606453741297639,0.5447127381931928,0.5531359043656024,0.00842316617240968,0.5082897572486481,0.553725160842092,0.04543540359344389,0.46837731812650846,0.5554959035795363,0.08711858545302781,0.1838357749346038,0.2307459873369331,0.046910212402329315,0.22222222222222254,0.2130226986597797,0.00919952356244283,2236.0,0.7366512854317733,2403.0,0.7916941331575478,2457.0,0.8094924192485168,485.0,0.15952537903757416,186.0,0.06097560975609756,0.06097560975609756,WACC_0p9_WRT_0p1,0.5116677653263019,546,False,,,False,False,False,False,False,89.0,0.23036649214659685
IBDD,Electricity,2110,0.71,34,0.6428571428571426,0.6265363711819671,0,32,609,991,834,156,58,0.24132013731434054,0.3502585780335155,0.2982792642761968,0.24132013731434054,0.3004306642296604,0.3333333333333337,1.2233606186634038,-2.534149843841321,1.7596622789832348,-1.2199335447094035,0.0606453741297639,0.3502585780335155,0.3817054739012189,0.031446895867703384,0.2982792642761968,0.3247724367542845,0.026493172478087745,0.24132013731434054,0.34134230179811625,0.10002216448377571,0.3004306642296604,0.2288626711526293,0.07156799307703113,0.3333333333333337,0.2711191984288094,0.06221413490452432,329.0,0.10810810810810811,349.0,0.11470006591957811,187.0,0.061305207646671064,433.0,0.14238628872775214,1531.0,0.5042847725774555,0.061305207646671064,WACC_0p5_WRT_0p5,0.186156888595913,547,False,,,False,False,False,False,False,32.0,0.08115183246073299
IBDD,Electricity,2441,0.73,47,0.7142857142857141,0.5721533982557516,0,39,4892,867,205,221,29,0.30717308429372037,0.40665573514218345,0.35918819395355817,0.30717308429372037,0.22270073803295595,0.2592592592592596,1.2233606186634038,-2.534149843841321,1.7596622789832348,-1.2199335447094035,0.0606453741297639,0.40665573514218345,0.4662959985016124,0.05964026335942896,0.35918819395355817,0.4426364681405877,0.08344827418702955,0.30717308429372037,0.4325760031859075,0.12540291889218713,0.22270073803295595,0.21247906836261804,0.010221669670337913,0.2592592592592596,0.22780913660890206,0.031450122650357515,1040.0,0.34245220830586687,1162.0,0.38266315095583386,1015.0,0.33421226104152935,187.0,0.061305207646671064,457.0,0.15029663810151614,0.061305207646671064,WACC_0p7_WRT_0p3,0.2541858932102835,548,False,,,False,False,False,False,False,39.0,0.09947643979057591
IBDD,Electricity,883,0.73,75,0.7142857142857141,0.4930319771219003,0,67,2928,2036,943,226,8,0.4029820934468227,0.48870757928099223,0.44780418562347163,0.4029820934468227,0.22270073803295595,0.2592592592592596,1.2233606186634038,-2.534149843841321,1.7596622789832348,-1.2199335447094035,0.0606453741297639,0.48870757928099223,0.48711872289397995,0.001588856387012283,0.44780418562347163,0.4635733297501749,0.01576914412670327,0.4029820934468227,0.4459963473966941,0.043014253949871406,0.22270073803295595,0.21529154836707415,0.007409189665881805,0.2592592592592596,0.21302802227693327,0.04623123698232631,1316.0,0.43342122610415296,1409.0,0.46407382992748847,1181.0,0.3889255108767304,213.0,0.06987475280158208,187.0,0.061305207646671064,0.061305207646671064,WACC_0p9_WRT_0p1,0.28352010547132506,549,False,,,False,False,False,False,False,67.0,0.17277486910994763
IBDD,Electricity,2922,0.68,32,0.5357142857142857,0.636667418954684,0,32,2013,1076,329,221,65,0.35129761109045354,0.3397523062692165,0.2869324907707538,0.35129761109045354,0.4170255535247168,0.44444444444444453,1.2233606186634038,-2.534149843841321,1.7596622789832348,-1.2199335447094035,0.0606453741297639,0.3397523062692165,0.38545534693689765,0.04570304066768116,0.2869324907707538,0.32277049424684584,0.03583800347609206,0.35129761109045354,0.34158087850621477,0.009716732584238774,0.4170255535247168,0.27368312857972216,0.14334242494499466,0.44444444444444453,0.3107822084867891,0.13366223595765542,352.0,0.11568885959129861,342.0,0.1123928806855636,188.0,0.06163480553724456,1520.0,0.500659195781147,2110.0,0.6951219512195121,0.06163480553724456,WACC_0p5_WRT_0p5,0.29709953856295324,550,False,,,False,False,False,False,False,32.0,0.08115183246073299
IBDD,Electricity,728,0.73,234,0.7142857142857141,0.2986683109866416,0,215,4216,47,788,184,10,0.6383392192532543,0.6902698997175569,0.6654914916949614,0.6383392192532543,0.23886779580464862,0.2592592592592596,1.2233606186634038,-2.534149843841321,1.7596622789832348,-1.2199335447094035,0.0606453741297639,0.6902698997175569,0.5379866276579295,0.15228327205962744,0.6654914916949614,0.47075861305450833,0.19473287864045302,0.6383392192532543,0.44886224433664673,0.1894769749166076,0.23886779580464862,0.2126803741642158,0.026187421640432806,0.2592592592592596,0.2226522347398925,0.036607024519367065,2073.0,0.6829268292682927,1496.0,0.492748846407383,1215.0,0.4001318391562294,188.0,0.06163480553724456,356.0,0.11700725115359262,0.06163480553724456,WACC_0p7_WRT_0p3,0.35088991430454847,551,False,,,False,False,False,False,False,215.0,0.5602094240837696
IBDD,Electricity,2903,0.69,4,0.5714285714285711,0.9615795586771548,0,4,1,1,1000,54,9,0.3080507851631509,0.01234567901234569,0.08571428571428578,0.3080507851631509,0.3781605904263649,0.4074074074074079,1.2233606186634038,-2.534149843841321,1.7596622789832348,-1.2199335447094035,0.0606453741297639,0.01234567901234569,0.3458880893336964,0.33354241032135074,0.08571428571428578,0.3251739058891396,0.23945962017485378,0.3080507851631509,0.4331769638502388,0.12512617868708792,0.3781605904263649,0.36841602712103705,0.009744563305327858,0.4074074074074079,0.39656373361250796,0.010843673794899922,188.0,0.06163480553724456,352.0,0.11568885959129861,1022.0,0.3365194462755438,2668.0,0.8790375741595253,2683.0,0.8839815425181279,0.06163480553724456,WACC_0p1_WRT_0p9,0.4553724456163481,552,False,,,False,False,False,False,False,4.0,0.007853403141361256
IBDD,Electricity,621,0.74,198,0.7499999999999998,0.3272982105886909,0,180,1081,4858,207,229,4,0.6036709552898866,0.6605796334635798,0.6334260041406661,0.6036709552898866,0.22551539590613048,0.22222222222222254,1.2233606186634038,-2.534149843841321,1.7596622789832348,-1.2199335447094035,0.0606453741297639,0.6605796334635798,0.5555861053499829,0.10499352811359697,0.6334260041406661,0.5568151331852601,0.07661087095540597,0.6036709552898866,0.5438862969518138,0.05978465833807278,0.22551539590613048,0.24534242587981386,0.01982702997368338,0.22222222222222254,0.21315033363174554,0.009071888590477,2260.0,0.7445616348055373,2432.0,0.8012524719841793,2365.0,0.7791694133157547,832.0,0.27389584706657877,188.0,0.06163480553724456,0.06163480553724456,WACC_0p9_WRT_0p1,0.5321028345418589,553,False,,,False,False,False,False,False,180.0,0.468586387434555
IBDD,Electricity,27,0.73,63,0.7142857142857141,0.5226208344905343,0,55,2336,2098,954,211,6,0.3671526168545674,0.4580228383061125,0.4146646653706015,0.3671526168545674,0.22270073803295595,0.2592592592592596,1.2233606186634038,-2.534149843841321,1.7596622789832348,-1.2199335447094035,0.0606453741297639,0.4580228383061125,0.47743240623503974,0.01940956792892723,0.4146646653706015,0.4454818633287472,0.030817197958145692,0.3671526168545674,0.4263859640607427,0.05923334720617529,0.22270073803295595,0.2127068996830361,0.009993838349919848,0.2592592592592596,0.2180999361571753,0.04115932310208428,1178.0,0.3879367172050099,1191.0,0.3922214897824654,954.0,0.3141067897165458,189.0,0.06196440342781806,276.0,0.09063941990771258,0.06196440342781806,WACC_0p7_WRT_0p3,0.24937376400791028,554,False,,,False,False,False,False,False,55.0,0.14136125654450263
IBDD,Electricity,347,0.73,111,0.7142857142857141,0.4262672297500796,0,103,4404,2071,866,175,4,0.48382826886156854,0.5579450950739915,0.5225807026799109,0.48382826886156854,0.22270073803295595,0.2592592592592596,1.2233606186634038,-2.534149843841321,1.7596622789832348,-1.2199335447094035,0.0606453741297639,0.5579450950739915,0.5681424606659969,0.010197365592005458,0.5225807026799109,0.5558312667349337,0.0332505640550228,0.48382826886156854,0.542311735043925,0.0584834661823565,0.22270073803295595,0.2488518268835097,0.026151088850553755,0.2592592592592596,0.21327391755326158,0.045985341705997995,2379.0,0.7837837837837838,2421.0,0.7976268951878708,2348.0,0.7735662491760052,933.0,0.3071852340145023,189.0,0.06196440342781806,0.06196440342781806,WACC_0p9_WRT_0p1,0.5448253131179961,555,False,,,False,False,False,False,False,103.0,0.2670157068062827
IBDD,Electricity,407,0.73,194,0.7142857142857141,0.3307943335215699,0,179,1331,3367,727,196,8,0.5994374611327238,0.6569540244961497,0.6295103464558416,0.5994374611327238,0.2238848756408467,0.2592592592592596,1.2233606186634038,-2.534149843841321,1.7596622789832348,-1.2199335447094035,0.0606453741297639,0.6569540244961497,0.5356919433807229,0.1212620811154268,0.6295103464558416,0.5212984458573982,0.10821190059844343,0.5994374611327238,0.5171756222729244,0.08226183885979943,0.2238848756408467,0.2282987531970537,0.004413877556207008,0.2592592592592596,0.21327888562770284,0.04598037363155674,2044.0,0.6733684904416611,2112.0,0.6957811470006592,2124.0,0.6997363216875412,423.0,0.13909030982201714,190.0,0.062294001318391565,0.062294001318391565,WACC_0p9_WRT_0p1,0.45405405405405413,556,False,,,False,False,False,False,False,179.0,0.46596858638743455
IBDD,Electricity,1485,0.71,39,0.6428571428571426,0.6035451845450552,0,36,11,1433,440,249,152,0.2691604210121032,0.3741012901014241,0.32402939330953806,0.2691604210121032,0.3004306642296604,0.3333333333333337,1.2233606186634038,-2.534149843841321,1.7596622789832348,-1.2199335447094035,0.0606453741297639,0.3741012901014241,0.35081846907441455,0.02328282102700957,0.32402939330953806,0.2828724569650293,0.04115693634450879,0.2691604210121032,0.4298604885516005,0.16070006753949728,0.3004306642296604,0.45952476993513663,0.15909410570547622,0.3333333333333337,0.5285774891566309,0.19524415582329724,197.0,0.06460118655240607,190.0,0.062294001318391565,979.0,0.32234673698088334,2976.0,0.9805537244561635,3016.0,0.9937376400791035,0.062294001318391565,WACC_0p3_WRT_0p7,0.48470665787738965,557,False,,,False,False,False,False,False,36.0,0.09162303664921466
IBDD,Electricity,2311,0.73,36,0.7142857142857141,0.6169684576436263,0,28,329,1044,729,210,85,0.2529060302701837,0.36018085873994304,0.30899532743913843,0.2529060302701837,0.22270073803295595,0.2592592592592596,1.2233606186634038,-2.534149843841321,1.7596622789832348,-1.2199335447094035,0.0606453741297639,0.36018085873994304,0.3469002910900167,0.013280567649926356,0.30899532743913843,0.284198176219199,0.024797151219939417,0.2529060302701837,0.3417041801877291,0.08879814991754537,0.22270073803295595,0.3141687692506594,0.09146803121770344,0.2592592592592596,0.3554442092390802,0.09618494997982063,193.0,0.06328279499011207,198.0,0.06493078444297956,191.0,0.06262359920896507,2143.0,0.7059986816084377,2451.0,0.8075148319050758,0.06262359920896507,WACC_0p5_WRT_0p5,0.340870138431114,558,False,,,False,False,False,False,False,28.0,0.07068062827225131
IBDD,Electricity,142,0.73,106,0.7142857142857141,0.4341306116852848,0,98,4526,1948,1000,250,10,0.47430641218852043,0.5497904767708157,0.513773714912481,0.47430641218852043,0.22270073803295595,0.2592592592592596,1.2233606186634038,-2.534149843841321,1.7596622789832348,-1.2199335447094035,0.0606453741297639,0.5497904767708157,0.5258092520118406,0.023981224758975128,0.513773714912481,0.4853428500486233,0.028430864863857708,0.47430641218852043,0.49178176130736373,0.017475349118843297,0.22270073803295595,0.21309235132389198,0.00960838670906397,0.2592592592592596,0.2138635016762827,0.04539575758297687,1913.0,0.6301911667765326,1679.0,0.5530652603823335,1822.0,0.6001977587343441,191.0,0.06262359920896507,198.0,0.06493078444297956,0.06262359920896507,WACC_0p7_WRT_0p3,0.38220171390903096,559,False,,,False,False,False,False,False,98.0,0.25392670157068065
IBDD,Electricity,2051,0.73,43,0.7142857142857141,0.5871348551894666,0,35,3339,1078,41,203,34,0.2890318714095271,0.3911194094331457,0.3424089621877973,0.2890318714095271,0.22270073803295595,0.2592592592592596,1.2233606186634038,-2.534149843841321,1.7596622789832348,-1.2199335447094035,0.0606453741297639,0.3911194094331457,0.44806312761715295,0.05694371818400723,0.3424089621877973,0.3950126513011894,0.05260368911339208,0.2890318714095271,0.38606891079955874,0.09703703939003167,0.22270073803295595,0.2131045806654684,0.009596157367487562,0.2592592592592596,0.22736007078419046,0.03189918847506912,842.0,0.2771918259723138,752.0,0.24752801582069875,519.0,0.17073170731707318,192.0,0.06295319709953856,451.0,0.14831905075807514,0.06295319709953856,WACC_0p7_WRT_0p3,0.18134475939353992,560,False,,,False,False,False,False,False,35.0,0.08900523560209424
IBDD,Electricity,1716,0.72,22,0.6785714285714283,0.698826024826517,0,15,4814,236,631,150,114,0.17831030738124148,0.2752915298095379,0.21731485219430086,0.17831030738124148,0.2615657011313083,0.2962962962962967,1.2233606186634038,-2.534149843841321,1.7596622789832348,-1.2199335447094035,0.0606453741297639,0.2752915298095379,0.3654027449369276,0.09011121512738968,0.21731485219430086,0.29341736175771604,0.07610250956341519,0.17831030738124148,0.3419588265672381,0.1636485191859966,0.2615657011313083,0.2827186266403214,0.0211529255090131,0.2962962962962967,0.3165113476078991,0.020215051311602394,247.0,0.08108108108108109,220.0,0.07218193803559657,192.0,0.06295319709953856,1694.0,0.5580092287409361,2171.0,0.7152274225444957,0.06295319709953856,WACC_0p5_WRT_0p5,0.29789057350032955,561,False,,,False,False,False,False,False,15.0,0.03664921465968586
IBDD,Electricity,1338,0.72,36,0.6785714285714283,0.6169684576436263,0,29,1111,967,384,236,33,0.2529060302701837,0.36018085873994304,0.30899532743913843,0.2529060302701837,0.2615657011313083,0.2962962962962967,1.2233606186634038,-2.534149843841321,1.7596622789832348,-1.2199335447094035,0.0606453741297639,0.36018085873994304,0.4148564882046769,0.054675629464733866,0.30899532743913843,0.3512848038404078,0.042289476401269344,0.2529060302701837,0.3582328164661214,0.10532678619593766,0.2615657011313083,0.21313769710661953,0.04842800402468875,0.2962962962962967,0.2481938233586085,0.04810247293768821,546.0,0.1796308503625577,488.0,0.16051417270929466,305.0,0.1001977587343441,193.0,0.06328279499011207,977.0,0.3216875411997363,0.06328279499011207,WACC_0p7_WRT_0p3,0.16506262359920895,562,False,,,False,False,False,False,False,29.0,0.07329842931937172
IBDD,Electricity,2170,0.73,44,0.7142857142857141,0.5832655206981239,0,36,464,1356,921,199,115,0.2937172915951722,0.3951320526093529,0.34674261681810115,0.2937172915951722,0.22270073803295595,0.2592592592592596,1.2233606186634038,-2.534149843841321,1.7596622789832348,-1.2199335447094035,0.0606453741297639,0.3951320526093529,0.3750023398557876,0.020129712753565288,0.34674261681810115,0.3133517740949468,0.033390842723154346,0.2937172915951722,0.34196264236320695,0.04824535076803477,0.22270073803295595,0.3089637664273504,0.08626302839439445,0.2592592592592596,0.3468757054315477,0.08761644617228814,290.0,0.0952537903757416,294.0,0.0965721819380356,193.0,0.06328279499011207,2078.0,0.6845748187211602,2387.0,0.7864205669083718,0.06328279499011207,WACC_0p5_WRT_0p5,0.3452208305866843,563,False,,,False,False,False,False,False,36.0,0.09162303664921466
IBDD,Electricity,2839,0.74,41,0.7499999999999998,0.5951445848926633,0,29,3213,770,816,185,62,0.279332800595958,0.38281302307427506,0.33343806492021705,0.279332800595958,0.1838357749346038,0.22222222222222254,1.2233606186634038,-2.534149843841321,1.7596622789832348,-1.2199335447094035,0.0606453741297639,0.38281302307427506,0.395222599693849,0.012409576619573925,0.33343806492021705,0.32780061196751376,0.005637452952703292,0.279332800595958,0.34198212705375386,0.06264932645779586,0.1838357749346038,0.22423970346394365,0.040403928529339855,0.22222222222222254,0.2595526398026004,0.03733041758037786,415.0,0.13645352669742913,363.0,0.11931443638760712,194.0,0.06361239288068557,344.0,0.11305207646671062,1250.0,0.4116677653263019,0.06361239288068557,WACC_0p5_WRT_0p5,0.16882003955174688,564,False,,,False,False,False,False,False,29.0,0.07329842931937172
IBDD,Electricity,1674,0.72,62,0.6785714285714283,0.5253323572805145,0,55,1408,1326,851,214,21,0.3638692037398741,0.455210888746133,0.41162775984582367,0.3638692037398741,0.2615657011313083,0.2962962962962967,1.2233606186634038,-2.534149843841321,1.7596622789832348,-1.2199335447094035,0.0606453741297639,0.455210888746133,0.4602354090509806,0.005024520304847568,0.41162775984582367,0.4054497076693145,0.006178052176509186,0.3638692037398741,0.39683087302348097,0.03296166928360689,0.2615657011313083,0.2132095956730099,0.04835610545829838,0.2962962962962967,0.23444207293891745,0.06185422335737928,961.0,0.31641397495056034,830.0,0.2732366512854318,640.0,0.21061305207646672,194.0,0.06361239288068557,618.0,0.2033618984838497,0.06361239288068557,WACC_0p7_WRT_0p3,0.21344759393539886,565,False,,,False,False,False,False,False,55.0,0.14136125654450263
IBDD,Electricity,1562,0.71,39,0.6428571428571426,0.6035451845450552,0,36,3059,1359,636,192,178,0.2691604210121032,0.3741012901014241,0.32402939330953806,0.2691604210121032,0.3004306642296604,0.3333333333333337,1.2233606186634038,-2.534149843841321,1.7596622789832348,-1.2199335447094035,0.0606453741297639,0.3741012901014241,0.347148770642327,0.026952519459097102,0.32402939330953806,0.2860663445446839,0.03796304876485418,0.2691604210121032,0.3967074237403935,0.12754700272829034,0.3004306642296604,0.4027082906983696,0.10227762646870919,0.3333333333333337,0.45233384693077133,0.11900051359743763,194.0,0.06361239288068557,203.0,0.06657877389584707,638.0,0.2099538562953197,2842.0,0.9363876071193145,2863.0,0.9433091628213579,0.06361239288068557,WACC_0p1_WRT_0p9,0.44396835860250494,566,False,,,False,False,False,False,False,36.0,0.09162303664921466
IBDD,Electricity,661,0.74,140,0.7499999999999998,0.3866213160747044,0,126,3616,4038,341,242,5,0.5318359468301079,0.5990593759225288,0.5669841259963311,0.5318359468301079,0.19784831223900767,0.22222222222222254,1.2233606186634038,-2.534149843841321,1.7596622789832348,-1.2199335447094035,0.0606453741297639,0.5990593759225288,0.5666432797289288,0.032416096193599975,0.5669841259963311,0.5558667018485175,0.011117424147813582,0.5318359468301079,0.5750587904159314,0.04322284358582351,0.19784831223900767,0.22798222580680758,0.030133913567799903,0.22222222222222254,0.2135440790812396,0.008678143140982947,2361.0,0.7778510217534608,2422.0,0.7979564930784443,2591.0,0.8536585365853658,415.0,0.13645352669742913,194.0,0.06361239288068557,0.06361239288068557,WACC_0p9_WRT_0p1,0.5259063941990771,567,False,,,False,False,False,False,False,126.0,0.32722513089005234
IBDD,Electricity,670,0.73,72,0.7142857142857141,0.499966262112698,0,64,3347,1724,921,187,8,0.3945852906008571,0.4815164689201649,0.44003778643377817,0.3945852906008571,0.22270073803295595,0.2592592592592596,1.2233606186634038,-2.534149843841321,1.7596622789832348,-1.2199335447094035,0.0606453741297639,0.4815164689201649,0.5231023685212097,0.04158589960104481,0.44003778643377817,0.48828146629212615,0.04824367985834799,0.3945852906008571,0.48014174372880614,0.08555645312794902,0.22270073803295595,0.2132299562008656,0.009470781832090353,0.2592592592592596,0.2162390841621767,0.04302017509708289,1873.0,0.6170072511535926,1721.0,0.5669083717864206,1648.0,0.5428477257745551,195.0,0.06394199077125906,239.0,0.07844429795649308,0.06394199077125906,WACC_0p7_WRT_0p3,0.3738299274884641,568,False,,,False,False,False,False,False,64.0,0.1649214659685864
IBDD,Electricity,2669,0.71,33,0.6428571428571426,0.6315273913256072,0,31,4423,1204,640,230,170,0.23527645549249393,0.34508270529196283,0.29268932171531986,0.23527645549249393,0.3004306642296604,0.3333333333333337,1.2233606186634038,-2.534149843841321,1.7596622789832348,-1.2199335447094035,0.0606453741297639,0.34508270529196283,0.34744698824161035,0.0023642829496475226,0.29268932171531986,0.28387343822329264,0.008815883492027221,0.23527645549249393,0.35997356897642074,0.12469711348392681,0.3004306642296604,0.36876408975774133,0.06833342552808092,0.3333333333333337,0.4088026250514687,0.07546929171813499,195.0,0.06394199077125906,196.0,0.06427158866183257,319.0,0.10481212920237311,2670.0,0.8796967699406724,2729.0,0.8991430454845089,0.06394199077125906,WACC_0p1_WRT_0p9,0.4023731048121292,569,False,,,False,False,False,False,False,31.0,0.07853403141361257
IBDD,Electricity,421,0.73,209,0.7142857142857141,0.3180345608150853,0,193,2766,4910,40,201,2,0.614888411867784,0.6701863813769485,0.6438012918871044,0.614888411867784,0.22983577278541736,0.2592592592592596,1.2233606186634038,-2.534149843841321,1.7596622789832348,-1.2199335447094035,0.0606453741297639,0.6701863813769485,0.5773374911349184,0.09284889024203014,0.6438012918871044,0.564897576426871,0.07890371546023345,0.614888411867784,0.5617969117658593,0.05309150010192465,0.22983577278541736,0.24798956892134758,0.01815379613593021,0.2592592592592596,0.21354547992245945,0.045713779336800126,2451.0,0.8075148319050758,2495.0,0.8220171390903098,2511.0,0.8272907053394858,910.0,0.2996044825313118,195.0,0.06394199077125906,0.06394199077125906,WACC_0p9_WRT_0p1,0.5640738299274884,570,False,,,False,False,False,False,False,193.0,0.5026178010471204
IBDD,Electricity,197,0.72,36,0.6785714285714283,0.6169684576436263,0,29,2096,1184,1000,205,7,0.2529060302701837,0.36018085873994304,0.30899532743913843,0.2529060302701837,0.2615657011313083,0.2962962962962967,1.2233606186634038,-2.534149843841321,1.7596622789832348,-1.2199335447094035,0.0606453741297639,0.36018085873994304,0.43641596224021706,0.07623510350027402,0.30899532743913843,0.4011687367070766,0.09217340926793816,0.2529060302701837,0.3831515971105109,0.13024556684032718,0.2615657011313083,0.2132807619556687,0.048284939175639585,0.2962962962962967,0.24689654779490458,0.04939974850139214,720.0,0.23698088332234674,795.0,0.26170072511535925,500.0,0.16446934739617666,196.0,0.06427158866183257,928.0,0.3055372445616348,0.06427158866183257,WACC_0p7_WRT_0p3,0.20659195781147002,571,False,,,False,False,False,False,False,29.0,0.07329842931937172
IBDD,Electricity,2585,0.73,153,0.7142857142857141,0.3714364590716454,0,145,3995,4375,424,241,17,0.5502234591212918,0.6148066350368121,0.5839911658397571,0.5502234591212918,0.22270073803295595,0.2592592592592596,1.2233606186634038,-2.534149843841321,1.7596622789832348,-1.2199335447094035,0.0606453741297639,0.6148066350368121,0.5577625902324891,0.05704404480432301,0.5839911658397571,0.5471381462565177,0.03685301958323939,0.5502234591212918,0.5542154259885904,0.003991966867298635,0.22270073803295595,0.2360383277296058,0.01333758969664986,0.2592592592592596,0.21382995206960118,0.0454293071896584,2274.0,0.7491760052735662,2344.0,0.7722478576137113,2451.0,0.8075148319050758,596.0,0.1961107448912327,196.0,0.06427158866183257,0.06427158866183257,WACC_0p9_WRT_0p1,0.5178642056690836,572,False,,,False,False,False,False,False,145.0,0.3769633507853403
IBDD,Electricity,594,0.73,53,0.7142857142857141,0.5518737344088203,0,45,554,175,203,128,9,0.33172995487678936,0.4276864976501123,0.38190141746212125,0.33172995487678936,0.22270073803295595,0.2592592592592596,1.2233606186634038,-2.534149843841321,1.7596622789832348,-1.2199335447094035,0.0606453741297639,0.4276864976501123,0.4616514161737656,0.0339649185236533,0.38190141746212125,0.4023273289444514,0.02042591148233014,0.33172995487678936,0.3816171764724821,0.049887221595692754,0.22270073803295595,0.2132878060275833,0.00941293200537266,0.2592592592592596,0.2307555423077637,0.028503716951495867,979.0,0.32234673698088334,804.0,0.26466710613052075,483.0,0.15886618325642715,197.0,0.06460118655240607,514.0,0.16908371786420567,0.06460118655240607,WACC_0p7_WRT_0p3,0.1959129861568886,573,False,,,False,False,False,False,False,45.0,0.11518324607329843
IBDD,Electricity,1187,0.7,32,0.6071428571428569,0.636667418954684,0,31,282,957,880,201,18,0.26480395923584765,0.3397523062692165,0.2869324907707538,0.26480395923584765,0.33929562732801266,0.37037037037037074,1.2233606186634038,-2.534149843841321,1.7596622789832348,-1.2199335447094035,0.0606453741297639,0.3397523062692165,0.38863440726800697,0.04888210099879048,0.2869324907707538,0.32110589806156353,0.034173407290809754,0.26480395923584765,0.3424518944099835,0.07764793517413587,0.33929562732801266,0.22820546564432273,0.11109016168368993,0.37037037037037074,0.2832844790518702,0.08708589131850053,369.0,0.12129202373104812,334.0,0.10975609756097561,197.0,0.06460118655240607,421.0,0.13843111404087013,1765.0,0.5814106789716545,0.06460118655240607,WACC_0p5_WRT_0p5,0.2030982201713909,574,False,,,False,False,False,False,False,31.0,0.07853403141361257
IBDD,Electricity,767,0.73,245,0.7142857142857141,0.2907918461033145,0,224,4939,4731,809,205,3,0.6478769182137436,0.6984380855224886,0.6743131323642876,0.6478769182137436,0.24254121800908027,0.2592592592592596,1.2233606186634038,-2.534149843841321,1.7596622789832348,-1.2199335447094035,0.0606453741297639,0.6984380855224886,0.6003756150377237,0.09806247048476491,0.6743131323642876,0.5985568423754525,0.0757562899888351,0.6478769182137436,0.598289602910563,0.04958731530318061,0.24254121800908027,0.24147326663257787,0.0010679513765023962,0.2592592592592596,0.21383503178271152,0.04542422747654806,2639.0,0.8694792353328938,2707.0,0.8918918918918919,2728.0,0.8988134475939354,723.0,0.23796967699406724,197.0,0.06460118655240607,0.06460118655240607,WACC_0p9_WRT_0p1,0.5925510876730389,575,False,,,False,False,False,False,False,224.0,0.5837696335078534
IBDD,Electricity,2498,0.73,28,0.7142857142857141,0.6589148543760217,0,20,2050,954,236,167,45,0.20211267177280573,0.31668089175819963,0.2620153630988556,0.20211267177280573,0.22270073803295595,0.2592592592592596,1.2233606186634038,-2.534149843841321,1.7596622789832348,-1.2199335447094035,0.0606453741297639,0.31668089175819963,0.38520617027216375,0.06852527851396412,0.2620153630988556,0.33157175023989666,0.06955638714104107,0.20211267177280573,0.342469172426288,0.14035650065348226,0.22270073803295595,0.25872095146856483,0.03602021343560888,0.2592592592592596,0.2948357484885296,0.035576489229270036,351.0,0.11535926170072512,384.0,0.12623599208965064,198.0,0.06493078444297956,1191.0,0.3922214897824654,1935.0,0.6374423203691496,0.06493078444297956,WACC_0p5_WRT_0p5,0.2672379696769941,576,False,,,False,False,False,False,False,20.0,0.049738219895287955
IBDD,Electricity,1085,0.73,92,0.7142857142857141,0.4582750386595772,0,84,1594,2111,642,240,4,0.4450696569353127,0.5247518117604384,0.48673195670127345,0.4450696569353127,0.22270073803295595,0.2592592592592596,1.2233606186634038,-2.534149843841321,1.7596622789832348,-1.2199335447094035,0.0606453741297639,0.5247518117604384,0.4916152766335484,0.033136535126889965,0.48673195670127345,0.4661253334423677,0.020606623258905776,0.4450696569353127,0.45355359194992567,0.008483935014612976,0.22270073803295595,0.21329546402731403,0.009405274005641923,0.2592592592592596,0.2232572669932785,0.03600199226598108,1383.0,0.45550428477257743,1443.0,0.4752801582069875,1282.0,0.42221489782465393,198.0,0.06493078444297956,367.0,0.12063282794990111,0.06493078444297956,WACC_0p7_WRT_0p3,0.3077125906394199,577,False,,,False,False,False,False,False,84.0,0.21727748691099477
IBDD,Electricity,149,0.73,142,0.7142857142857141,0.3841962317781302,0,134,1782,1,1000,233,1,0.5347725083862314,0.601574278156013,0.5697002204084941,0.5347725083862314,0.22270073803295595,0.2592592592592596,1.2233606186634038,-2.534149843841321,1.7596622789832348,-1.2199335447094035,0.0606453741297639,0.601574278156013,0.46648616019469763,0.13508811796131542,0.5697002204084941,0.4091642170197866,0.1605360033887075,0.5347725083862314,0.40659523015766075,0.1281772782285706,0.22270073803295595,0.213882740442396,0.008817997590559956,0.2592592592592596,0.24619033109829638,0.013068928160963195,1043.0,0.34344100197758737,861.0,0.2834541858932103,730.0,0.24027686222808173,199.0,0.06526038233355307,910.0,0.2996044825313118,0.06526038233355307,WACC_0p7_WRT_0p3,0.24640738299274884,578,False,,,False,False,False,False,False,134.0,0.3481675392670157
IBDD,Electricity,1900,0.71,38,0.6428571428571426,0.6079043575991482,0,35,4918,1408,661,232,197,0.26388184986089747,0.3695806661934759,0.31914711948895397,0.26388184986089747,0.3004306642296604,0.3333333333333337,1.2233606186634038,-2.534149843841321,1.7596622789832348,-1.2199335447094035,0.0606453741297639,0.3695806661934759,0.36054813964397925,0.009032526549496656,0.31914711948895397,0.28558034605651494,0.03356677343243902,0.26388184986089747,0.40120089283253324,0.13731904297163577,0.3004306642296604,0.4033597623872053,0.10292909815754486,0.3333333333333337,0.43001266235415186,0.09667932902081816,228.0,0.07481872116018458,199.0,0.06526038233355307,687.0,0.22610415293342123,2844.0,0.9370468029004614,2801.0,0.922874093605801,0.06526038233355307,WACC_0p3_WRT_0p7,0.44522083058668427,579,False,,,False,False,False,False,False,35.0,0.08900523560209424
IBDD,Electricity,94,0.72,120,0.6785714285714283,0.4129592931336661,0,113,2454,905,1000,84,1,0.4999429973740139,0.5717459182317536,0.537485591690294,0.4999429973740139,0.2615657011313083,0.2962962962962967,1.2233606186634038,-2.534149843841321,1.7596622789832348,-1.2199335447094035,0.0606453741297639,0.5717459182317536,0.5844556720643308,0.01270975383257722,0.537485591690294,0.5183070809711573,0.019178510719136677,0.4999429973740139,0.4832592537227077,0.01668374365130615,0.2615657011313083,0.26044143650151286,0.001124264629795424,0.2962962962962967,0.21389212078488345,0.08240417551141327,2517.0,0.8292682926829268,2077.0,0.6842452208305867,1699.0,0.5596572181938035,1241.0,0.4087013843111404,199.0,0.06526038233355307,0.06526038233355307,WACC_0p9_WRT_0p1,0.5094264996704021,580,False,,,False,False,False,False,False,113.0,0.2931937172774869
IBDD,Electricity,193,0.74,42,0.7499999999999998,0.5910931476464545,0,30,2419,1,1000,159,10,0.2842387310335392,0.3870145135518249,0.33797567463597095,0.2842387310335392,0.1838357749346038,0.22222222222222254,1.2233606186634038,-2.534149843841321,1.7596622789832348,-1.2199335447094035,0.0606453741297639,0.3870145135518249,0.38950510340197664,0.0024905898501517143,0.33797567463597095,0.3146656184546345,0.02331005618133647,0.2842387310335392,0.343264735138775,0.059026004105235785,0.1838357749346038,0.2245089649482351,0.040673190013631316,0.22222222222222254,0.2706009689147269,0.04837874669250436,373.0,0.12261041529334213,302.0,0.0992089650626236,200.0,0.06558998022412657,352.0,0.11568885959129861,1516.0,0.499340804218853,0.06558998022412657,WACC_0p5_WRT_0p5,0.18048780487804877,581,False,,,False,False,False,False,False,30.0,0.07591623036649214
IBDD,Electricity,1370,0.73,53,0.7142857142857141,0.5518737344088203,0,45,4487,1218,855,190,43,0.33172995487678936,0.4276864976501123,0.38190141746212125,0.33172995487678936,0.22270073803295595,0.2592592592592596,1.2233606186634038,-2.534149843841321,1.7596622789832348,-1.2199335447094035,0.0606453741297639,0.4276864976501123,0.4657180202851569,0.03803152263504461,0.38190141746212125,0.4251396226537211,0.04323820519159988,0.33172995487678936,0.43206824554125217,0.10033829066446281,0.22270073803295595,0.2140770399473204,0.00862369808563554,0.2592592592592596,0.22516226164322872,0.034096997616030855,1033.0,0.34014502307185235,1002.0,0.3299274884640738,1007.0,0.3315754779169413,201.0,0.06591957811470006,410.0,0.13480553724456162,0.06591957811470006,WACC_0p7_WRT_0p3,0.24047462096242583,582,False,,,False,False,False,False,False,45.0,0.11518324607329843
IBDD,Electricity,1898,0.74,67,0.7499999999999998,0.5121825999482407,0,54,1418,566,337,96,73,0.3797923911972576,0.46884767412775036,0.4263554880579704,0.3797923911972576,0.1838357749346038,0.22222222222222254,1.2233606186634038,-2.534149843841321,1.7596622789832348,-1.2199335447094035,0.0606453741297639,0.46884767412775036,0.39421478655903636,0.074632887568714,0.4263554880579704,0.31990020681480946,0.10645528124316095,0.3797923911972576,0.34336504973455534,0.03642734146270227,0.1838357749346038,0.26247149579085133,0.07863572085624754,0.22222222222222254,0.30984521260034636,0.08762299037812382,408.0,0.13414634146341464,330.0,0.1084377059986816,201.0,0.06591957811470006,1290.0,0.4248516809492419,2105.0,0.6934739617666447,0.06591957811470006,WACC_0p5_WRT_0p5,0.28536585365853656,583,False,,,False,False,False,False,False,54.0,0.1387434554973822
IBDD,Electricity,70,0.71,16,0.6428571428571426,0.7508721827029736,0,15,1,474,2,131,1,0.22155713330854457,0.22131773645617547,0.15902315537266942,0.22155713330854457,0.3004306642296604,0.3333333333333337,1.2233606186634038,-2.534149843841321,1.7596622789832348,-1.2199335447094035,0.0606453741297639,0.22131773645617547,0.3514198923848496,0.13010215592867413,0.15902315537266942,0.3109742060897384,0.151951050717069,0.22155713330854457,0.45556568915566514,0.23400855584712058,0.3004306642296604,0.40887971481070445,0.10844905058104404,0.3333333333333337,0.4555996895397945,0.12226635620646081,201.0,0.06591957811470006,279.0,0.09162821357943308,1310.0,0.43144363876071196,2855.0,0.94067237969677,2877.0,0.9479235332893869,0.06591957811470006,WACC_0p1_WRT_0p9,0.4955174686882004,584,False,,,False,False,False,False,False,15.0,0.03664921465968586
IBDD,Electricity,2703,0.71,48,0.6428571428571426,0.5686032077643577,0,45,4001,882,707,216,44,0.3114720494590426,0.4103374141702957,0.3631644073039193,0.3114720494590426,0.3004306642296604,0.3333333333333337,1.2233606186634038,-2.534149843841321,1.7596622789832348,-1.2199335447094035,0.0606453741297639,0.4103374141702957,0.4426585392271676,0.0323211250568719,0.3631644073039193,0.38794754838325723,0.024783141079337934,0.3114720494590426,0.37877198344556723,0.06729993398652462,0.3004306642296604,0.21413799547060586,0.08629266875905456,0.3333333333333337,0.23593856453273507,0.09739476880059864,778.0,0.25609756097560976,705.0,0.23203691496374423,461.0,0.15161502966381016,202.0,0.06624917600527357,654.0,0.21522742254449573,0.06624917600527357,WACC_0p7_WRT_0p3,0.1842452208305867,585,False,,,False,False,False,False,False,45.0,0.11518324607329843
IBDD,Electricity,73,0.73,141,0.7142857142857141,0.3854045043765198,0,133,2590,3782,2,206,1,0.5333093976536435,0.6003212547206462,0.5683469550982978,0.5333093976536435,0.22270073803295595,0.2592592592592596,1.2233606186634038,-2.534149843841321,1.7596622789832348,-1.2199335447094035,0.0606453741297639,0.6003212547206462,0.543605013898005,0.05671624082264126,0.5683469550982978,0.5213860126375777,0.046960942460720134,0.5333093976536435,0.5284557908689175,0.004853606784726017,0.22270073803295595,0.2363877857024789,0.013687047669522945,0.2592592592592596,0.21409839570238268,0.0451608635568769,2135.0,0.7033618984838497,2113.0,0.6961107448912327,2221.0,0.7317073170731707,604.0,0.1987475280158207,202.0,0.06624917600527357,0.06624917600527357,WACC_0p9_WRT_0p1,0.47923533289386944,586,False,,,False,False,False,False,False,133.0,0.34554973821989526
IBDD,Electricity,112,0.73,69,0.7142857142857141,0.5071915798046006,0,61,1100,1,298,250,10,0.3858360730191042,0.47402354686930304,0.4319454306188472,0.3858360730191042,0.22270073803295595,0.2592592592592596,1.2233606186634038,-2.534149843841321,1.7596622789832348,-1.2199335447094035,0.0606453741297639,0.47402354686930304,0.37564756884726136,0.09837597802204168,0.4319454306188472,0.33588119952116424,0.09606423109768297,0.3858360730191042,0.3438048458304211,0.04203122718868313,0.22270073803295595,0.22378419585032513,0.0010834578173691822,0.2592592592592596,0.27858054843059565,0.019321289171336076,293.0,0.0962425840474621,404.0,0.13282794990112062,204.0,0.06690837178642056,335.0,0.11008569545154911,1683.0,0.5543836519446276,0.06690837178642056,WACC_0p5_WRT_0p5,0.192089650626236,587,False,,,False,False,False,False,False,61.0,0.15706806282722513
IBDD,Electricity,851,0.72,95,0.6785714285714283,0.4528086068783853,0,88,2999,1710,559,164,3,0.4516890199984838,0.5304207039779707,0.49285436029620844,0.4516890199984838,0.2615657011313083,0.2962962962962967,1.2233606186634038,-2.534149843841321,1.7596622789832348,-1.2199335447094035,0.0606453741297639,0.5304207039779707,0.5394310502925734,0.009010346314602735,0.49285436029620844,0.5098277180020742,0.01697335770586572,0.4516890199984838,0.4781110943308134,0.02642207433232957,0.2615657011313083,0.23305454991495816,0.028511151216350117,0.2962962962962967,0.21431465916213785,0.08198163713415887,2092.0,0.6891891891891891,1990.0,0.6555702043506921,1620.0,0.533618984838497,532.0,0.17501647989452868,204.0,0.06690837178642056,0.06690837178642056,WACC_0p9_WRT_0p1,0.42406064601186555,588,False,,,False,False,False,False,False,88.0,0.22774869109947643
IBDD,Electricity,2894,0.71,4,0.6428571428571426,0.9615795586771548,0,3,1,1,657,55,10,0.22155713330854457,0.004115226337448561,0.051428571428571455,0.22155713330854457,0.3004306642296604,0.3333333333333337,1.2233606186634038,-2.534149843841321,1.7596622789832348,-1.2199335447094035,0.0606453741297639,0.004115226337448561,0.35200766609510337,0.3478924397576548,0.051428571428571455,0.3125943796638695,0.26116580823529806,0.22155713330854457,0.424327774651256,0.20277064134271142,0.3004306642296604,0.3765102860649628,0.07607962183530237,0.3333333333333337,0.4029528122620145,0.06961947892868081,204.0,0.06690837178642056,288.0,0.0945945945945946,924.0,0.3042188529993408,2731.0,0.8998022412656559,2707.0,0.8918918918918919,0.06690837178642056,WACC_0p1_WRT_0p9,0.45148319050758073,589,False,,,False,False,False,False,False,3.0,0.005235602094240838
IBDD,Electricity,92,0.73,29,0.7142857142857141,0.6530777483102728,0,21,541,472,2,225,1,0.2091808884512559,0.3227341869374949,0.2685529218924944,0.2091808884512559,0.22270073803295595,0.2592592592592596,1.2233606186634038,-2.534149843841321,1.7596622789832348,-1.2199335447094035,0.0606453741297639,0.3227341869374949,0.42373345051638217,0.10099926357888728,0.2685529218924944,0.35836576733339487,0.08981284544090046,0.2091808884512559,0.35045643111672,0.14127554266546408,0.22270073803295595,0.2144539155229666,0.008246822509989343,0.2592592592592596,0.2294771974056105,0.029782061853649067,620.0,0.2040210942649967,520.0,0.17106130520764667,246.0,0.08075148319050758,205.0,0.06723796967699407,489.0,0.16084377059986815,0.06723796967699407,WACC_0p7_WRT_0p3,0.13678312458800262,590,False,,,False,False,False,False,False,21.0,0.05235602094240838
IBDD,Electricity,210,0.74,52,0.7499999999999998,0.5550921110787378,0,39,2525,1,1000,165,10,0.32783278675964167,0.42434892184427186,0.3782968355918136,0.32783278675964167,0.1838357749346038,0.22222222222222254,1.2233606186634038,-2.534149843841321,1.7596622789832348,-1.2199335447094035,0.0606453741297639,0.42434892184427186,0.39238677244290304,0.03196214940136882,0.3782968355918136,0.31866325569746856,0.059633579894345035,0.32783278675964167,0.3440348896133414,0.016202102853699718,0.1838357749346038,0.2179754952677773,0.0341397203331735,0.22222222222222254,0.260327129024309,0.03810490680208645,391.0,0.12854317732366513,322.0,0.10580092287409361,205.0,0.06723796967699407,254.0,0.08338826631509558,1262.0,0.4156229400131839,0.06723796967699407,WACC_0p5_WRT_0p5,0.16011865524060648,591,False,,,False,False,False,False,False,39.0,0.09947643979057591
IBDD,Electricity,1082,0.73,134,0.7142857142857141,0.3941085017086084,0,126,4859,2928,749,190,5,0.5227696304438523,0.5912948871169988,0.5585984780863587,0.5227696304438523,0.22270073803295595,0.2592592592592596,1.2233606186634038,-2.534149843841321,1.7596622789832348,-1.2199335447094035,0.0606453741297639,0.5912948871169988,0.5655000590832466,0.025794828033752215,0.5585984780863587,0.5551292020711951,0.003469276015163558,0.5227696304438523,0.5585162610645091,0.03574663062065686,0.22270073803295595,0.24178241984325244,0.019081681810296486,0.2592592592592596,0.21444277292786007,0.04481648633139951,2357.0,0.7765326301911668,2416.0,0.7959789057350033,2478.0,0.8164139749505603,733.0,0.24126565589980223,205.0,0.06723796967699407,0.06723796967699407,WACC_0p9_WRT_0p1,0.5394858272907055,592,False,,,False,False,False,False,False,126.0,0.32722513089005234
IBDD,Electricity,2447,0.73,61,0.7142857142857141,0.5280872662717262,0,53,3547,1233,529,150,38,0.3605332537913963,0.4523539460885802,0.40854226177566655,0.3605332537913963,0.22270073803295595,0.2592592592592596,1.2233606186634038,-2.534149843841321,1.7596622789832348,-1.2199335447094035,0.0606453741297639,0.4523539460885802,0.4743190075952004,0.021965061506620198,0.40854226177566655,0.4360412813550091,0.027499019579342532,0.3605332537913963,0.4072031390613582,0.04666988526996191,0.22270073803295595,0.21450349647829914,0.008197241554656814,0.2592592592592596,0.2406397442782084,0.01861951498105119,1138.0,0.37475280158206986,1099.0,0.36189848384970336,740.0,0.24357284113381675,206.0,0.06756756756756757,774.0,0.25477916941331574,0.06756756756756757,WACC_0p7_WRT_0p3,0.26051417270929467,593,False,,,False,False,False,False,False,53.0,0.13612565445026178
IBDD,Electricity,2927,0.64,26,0.3928571428571428,0.6712185257861867,0,28,4797,852,360,166,112,0.524284914799666,0.3039215288143248,0.24823525111947084,0.524284914799666,0.5724854059181257,0.5925925925925927,1.2233606186634038,-2.534149843841321,1.7596622789832348,-1.2199335447094035,0.0606453741297639,0.3039215288143248,0.39208858927564394,0.08816706046131911,0.24823525111947084,0.33487203797646165,0.0866367868569908,0.524284914799666,0.3443692306824445,0.17991568411722147,0.5724854059181257,0.2678168280799694,0.30466857783815626,0.5925925925925927,0.30234594015461785,0.2902466524379748,388.0,0.12755438365194463,394.0,0.12953197099538563,206.0,0.06756756756756757,1392.0,0.458470665787739,2022.0,0.6661173368490442,0.06756756756756757,WACC_0p5_WRT_0p5,0.2898483849703362,594,False,,,False,False,False,False,False,28.0,0.07068062827225131
IBDD,Electricity,1002,0.73,82,0.7142857142857141,0.4778618317981492,0,74,381,1399,361,113,2,0.42135179120185107,0.5044395818389564,0.46479474838607293,0.42135179120185107,0.22270073803295595,0.2592592592592596,1.2233606186634038,-2.534149843841321,1.7596622789832348,-1.2199335447094035,0.0606453741297639,0.5044395818389564,0.5048255666865771,0.0003859848476206462,0.46479474838607293,0.4598512524908326,0.004943495895240346,0.42135179120185107,0.4259377601503444,0.004585968948493335,0.22270073803295595,0.23661475470261403,0.01391401666965808,0.2592592592592596,0.21445620807788113,0.04480305118137845,1586.0,0.522412656558998,1351.0,0.44495715227422544,946.0,0.31147000659195784,610.0,0.2007251153592617,206.0,0.06756756756756757,0.06756756756756757,WACC_0p9_WRT_0p1,0.3094264996704021,595,False,,,False,False,False,False,False,74.0,0.19109947643979058
IBDD,Electricity,1862,0.71,30,0.6428571428571426,0.6474320576490926,0,28,3039,1047,952,212,147,0.22155713330854457,0.3285889772527928,0.27487609543301617,0.22155713330854457,0.3004306642296604,0.3333333333333337,1.2233606186634038,-2.534149843841321,1.7596622789832348,-1.2199335447094035,0.0606453741297639,0.3285889772527928,0.3526769209217805,0.0240879436689877,0.27487609543301617,0.2881634608960212,0.013287365463005019,0.22155713330854457,0.35427228945012323,0.13271515614157867,0.3004306642296604,0.3413072345648394,0.040876570335179,0.3333333333333337,0.38393180080725037,0.050598467473916664,207.0,0.06789716545814106,206.0,0.06756756756756757,277.0,0.09096901779828609,2425.0,0.7989452867501649,2616.0,0.8618984838497034,0.06756756756756757,WACC_0p3_WRT_0p7,0.3774555042847726,596,False,,,False,False,False,False,False,28.0,0.07068062827225131
IBDD,Electricity,1892,0.71,36,0.6428571428571426,0.6169684576436263,0,33,623,1278,990,167,157,0.2529060302701837,0.36018085873994304,0.30899532743913843,0.2529060302701837,0.3004306642296604,0.3333333333333337,1.2233606186634038,-2.534149843841321,1.7596622789832348,-1.2199335447094035,0.0606453741297639,0.36018085873994304,0.3524537724613751,0.007727086278567941,0.30899532743913843,0.2960217825571148,0.012973544882023624,0.2529060302701837,0.3806977585681605,0.1277917282979768,0.3004306642296604,0.3855113647079412,0.08508070047828076,0.3333333333333337,0.41035718708229074,0.07702385374895704,206.0,0.06756756756756757,233.0,0.07646671061305207,471.0,0.15491100856954515,2771.0,0.912986156888596,2732.0,0.9001318391562294,0.06756756756756757,WACC_0p1_WRT_0p9,0.422412656558998,597,False,,,False,False,False,False,False,33.0,0.08376963350785341
IBDD,Electricity,2611,0.74,72,0.7499999999999998,0.499966262112698,0,59,2647,2263,812,249,4,0.3945852906008571,0.4815164689201649,0.44003778643377817,0.3945852906008571,0.1838357749346038,0.22222222222222254,1.2233606186634038,-2.534149843841321,1.7596622789832348,-1.2199335447094035,0.0606453741297639,0.4815164689201649,0.4814625320126902,5.393690747473867e-05,0.44003778643377817,0.4437968384160688,0.003759051982290651,0.3945852906008571,0.4343006017206385,0.03971531111978138,0.1838357749346038,0.21452871852928698,0.030692943594683192,0.22222222222222254,0.21749070121485764,0.004731521007364903,1226.0,0.4037574159525379,1174.0,0.38661832564271587,1043.0,0.34344100197758737,207.0,0.06789716545814106,269.0,0.08833223467369809,0.06789716545814106,WACC_0p7_WRT_0p3,0.258009228740936,598,False,,,False,False,False,False,False,59.0,0.1518324607329843
IBDD,Electricity,1123,0.73,55,0.7142857142857141,0.5456120211274459,0,47,4123,1233,353,247,26,0.33931233315680515,0.4341801262382042,0.3889145363372606,0.33931233315680515,0.22270073803295595,0.2592592592592596,1.2233606186634038,-2.534149843841321,1.7596622789832348,-1.2199335447094035,0.0606453741297639,0.4341801262382042,0.4685277549451296,0.034347628706925426,0.3889145363372606,0.43622923316782164,0.047314696830561054,0.33931233315680515,0.43595178842396565,0.0966394552671605,0.22270073803295595,0.2147302837557062,0.007970454277249739,0.2592592592592596,0.23393977762840715,0.02531948163085243,1058.0,0.34838497033618987,1102.0,0.36288727752142386,1062.0,0.34970336189848383,208.0,0.06822676334871457,602.0,0.1980883322346737,0.06822676334871457,WACC_0p7_WRT_0p3,0.2654581410678972,599,False,,,False,False,False,False,False,47.0,0.12041884816753927
IBDD,Electricity,1449,0.74,33,0.7499999999999998,0.6315273913256072,0,21,2265,946,591,104,80,0.23527645549249393,0.34508270529196283,0.29268932171531986,0.23527645549249393,0.1838357749346038,0.22222222222222254,1.2233606186634038,-2.534149843841321,1.7596622789832348,-1.2199335447094035,0.0606453741297639,0.34508270529196283,0.39222990173832534,0.047147196446362505,0.29268932171531986,0.32777026277307203,0.03508094105775217,0.23527645549249393,0.34444686711542727,0.10917041162293334,0.1838357749346038,0.2722773676221553,0.08844159268755153,0.22222222222222254,0.34145329588759554,0.119231073665373,389.0,0.12788398154251812,362.0,0.11898483849703362,208.0,0.06822676334871457,1489.0,0.4904416611733685,2353.0,0.7752142386288727,0.06822676334871457,WACC_0p5_WRT_0p5,0.3161502966381015,600,False,,,False,False,False,False,False,21.0,0.05235602094240838
IBDD,Electricity,614,0.73,207,0.7142857142857141,0.3196822110791978,0,191,1820,361,108,110,6,0.6128932538312718,0.66847770702898,0.6419559235912984,0.6128932538312718,0.22906734238485266,0.2592592592592596,1.2233606186634038,-2.534149843841321,1.7596622789832348,-1.2199335447094035,0.0606453741297639,0.66847770702898,0.5730275310461463,0.09545017598283367,0.6419559235912984,0.5257671572880012,0.11618876630329722,0.6128932538312718,0.48667633150091255,0.12621692233035925,0.22906734238485266,0.25369809986120795,0.02463075747635529,0.2592592592592596,0.21456323074488556,0.044696028514374014,2420.0,0.7972972972972973,2147.0,0.7073170731707317,1750.0,0.5764667106130521,1067.0,0.35135135135135137,208.0,0.06822676334871457,0.06822676334871457,WACC_0p9_WRT_0p1,0.5001318391562293,601,False,,,False,False,False,False,False,191.0,0.4973821989528796
IBDD,Electricity,2577,0.71,67,0.6428571428571426,0.5121825999482407,0,64,3193,1709,508,157,28,0.3797923911972576,0.46884767412775036,0.4263554880579704,0.3797923911972576,0.3004306642296604,0.3333333333333337,1.2233606186634038,-2.534149843841321,1.7596622789832348,-1.2199335447094035,0.0606453741297639,0.46884767412775036,0.48960276693702526,0.0207550928092749,0.4263554880579704,0.4505584450173916,0.024202956959421207,0.3797923911972576,0.43116339985836105,0.051371008661103446,0.3004306642296604,0.2148176033009122,0.08561306092874821,0.3333333333333337,0.22900601124422296,0.10432732208911075,1350.0,0.4446275543836519,1244.0,0.4096901779828609,993.0,0.3269611074489123,209.0,0.06855636123928807,475.0,0.15622940013183917,0.06855636123928807,WACC_0p7_WRT_0p3,0.2812129202373105,602,False,,,False,False,False,False,False,64.0,0.1649214659685864
IBDD,Electricity,1399,0.74,53,0.7499999999999998,0.5518737344088203,0,40,4863,553,485,229,104,0.33172995487678936,0.4276864976501123,0.38190141746212125,0.33172995487678936,0.1838357749346038,0.22222222222222254,1.2233606186634038,-2.534149843841321,1.7596622789832348,-1.2199335447094035,0.0606453741297639,0.4276864976501123,0.38325073475854166,0.04443576289157064,0.38190141746212125,0.3068298648479501,0.07507155261417114,0.33172995487678936,0.34459699673544164,0.012867041858652284,0.1838357749346038,0.2696754704405672,0.08583969550596343,0.22222222222222254,0.30385516439387267,0.08163294217165012,341.0,0.11206328279499012,265.0,0.08701384311140409,209.0,0.06855636123928807,1432.0,0.47165458141067895,2036.0,0.6707317073170732,0.06855636123928807,WACC_0p5_WRT_0p5,0.2820039551746869,603,False,,,False,False,False,False,False,40.0,0.10209424083769633
IBDD,Electricity,82,0.73,60,0.7142857142857141,0.5308869724893325,0,52,2386,411,1000,101,1,0.3571430583830649,0.44945054704809956,0.4054065908119476,0.3571430583830649,0.22270073803295595,0.2592592592592596,1.2233606186634038,-2.534149843841321,1.7596622789832348,-1.2199335447094035,0.0606453741297639,0.44945054704809956,0.5693224262794602,0.11987187923136061,0.4054065908119476,0.4977356377481681,0.09232904693622052,0.3571430583830649,0.4577367164935735,0.10059365811050858,0.22270073803295595,0.23026347265029146,0.007562734617335504,0.2592592592592596,0.21458821844785145,0.04467104081140813,2389.0,0.7870797626895187,1840.0,0.6061305207646671,1335.0,0.4396835860250494,461.0,0.15161502966381016,209.0,0.06855636123928807,0.06855636123928807,WACC_0p9_WRT_0p1,0.41061305207646664,604,False,,,False,False,False,False,False,52.0,0.13350785340314136
IBDD,Electricity,2215,0.73,89,0.7142857142857141,0.4639207293207574,0,81,1976,570,501,155,8,0.4382332272999357,0.5188970214451404,0.48040878316075164,0.4382332272999357,0.22270073803295595,0.2592592592592596,1.2233606186634038,-2.534149843841321,1.7596622789832348,-1.2199335447094035,0.0606453741297639,0.5188970214451404,0.4760878051389709,0.04280921630616946,0.48040878316075164,0.43370496269837994,0.046703820462371703,0.4382332272999357,0.38958680950041397,0.048646417799521724,0.22270073803295595,0.21489022779699843,0.007810510235957524,0.2592592592592596,0.24110827875930677,0.018150980499952812,1160.0,0.3820039551746869,1072.0,0.35299934080421885,553.0,0.18193803559657218,210.0,0.06888595912986156,785.0,0.2584047462096243,0.06888595912986156,WACC_0p7_WRT_0p3,0.24884640738299274,605,False,,,False,False,False,False,False,81.0,0.2094240837696335
IBDD,Electricity,2967,0.66,35,0.4642857142857142,0.6216859620209692,0,35,1560,1253,629,236,143,0.4377912629450598,0.35528863197825417,0.3037117225365144,0.4377912629450598,0.4947554797214213,0.5185185185185187,1.2233606186634038,-2.534149843841321,1.7596622789832348,-1.2199335447094035,0.0606453741297639,0.35528863197825417,0.36313681311588797,0.007848181137633803,0.3037117225365144,0.28911619846830033,0.014595524068214072,0.4377912629450598,0.35369914206216313,0.08409212088289669,0.4947554797214213,0.3430700638218241,0.15168541589959722,0.5185185185185187,0.3938915836839929,0.1246269348345258,239.0,0.07844429795649308,210.0,0.06888595912986156,272.0,0.0893210283454186,2447.0,0.8061964403427818,2674.0,0.8810151615029663,0.06888595912986156,WACC_0p3_WRT_0p7,0.3847725774555043,606,False,,,False,False,False,False,False,35.0,0.08900523560209424
IBDD,Electricity,306,0.72,168,0.6785714285714283,0.3554331704225942,0,159,4100,2719,275,178,1,0.5696020193984492,0.6314026380802727,0.6019148491266945,0.5696020193984492,0.2615657011313083,0.2962962962962967,1.2233606186634038,-2.534149843841321,1.7596622789832348,-1.2199335447094035,0.0606453741297639,0.6314026380802727,0.5638661626809623,0.0675364753993104,0.6019148491266945,0.570942661538859,0.030972187587835487,0.5696020193984492,0.5724743047020373,0.0028722853035880735,0.2615657011313083,0.2518767888037247,0.009688912327583565,0.2962962962962967,0.21459216219659158,0.08170413409970514,2340.0,0.7709294660514173,2544.0,0.8381674357284113,2569.0,0.8464073829927489,1021.0,0.33618984838497035,210.0,0.06888595912986156,0.06888595912986156,WACC_0p9_WRT_0p1,0.5721160184574818,607,False,,,False,False,False,False,False,159.0,0.41361256544502617
IBDD,Electricity,1263,0.74,35,0.7499999999999998,0.6216859620209692,0,23,4006,637,385,143,109,0.24719355173287308,0.35528863197825417,0.3037117225365144,0.24719355173287308,0.1838357749346038,0.22222222222222254,1.2233606186634038,-2.534149843841321,1.7596622789832348,-1.2199335447094035,0.0606453741297639,0.35528863197825417,0.37887714029512454,0.02358850831687037,0.3037117225365144,0.3064304274643522,0.0027187049278377673,0.24719355173287308,0.3456051002271084,0.0984115484942353,0.1838357749346038,0.26729370104222755,0.08345792610762376,0.22222222222222254,0.31659780066466453,0.09437557844244199,312.0,0.1025049439683586,262.0,0.08602504943968359,211.0,0.06921555702043507,1385.0,0.45616348055372447,2173.0,0.7158866183256427,0.06921555702043507,WACC_0p5_WRT_0p5,0.28595912986156885,608,False,,,False,False,False,False,False,23.0,0.05759162303664921
IBDD,Electricity,1519,0.73,89,0.7142857142857141,0.4639207293207574,0,81,4752,1684,861,243,17,0.4382332272999357,0.5188970214451404,0.48040878316075164,0.4382332272999357,0.22270073803295595,0.2592592592592596,1.2233606186634038,-2.534149843841321,1.7596622789832348,-1.2199335447094035,0.0606453741297639,0.5188970214451404,0.5143276283882298,0.00456939305691062,0.48040878316075164,0.46339517588406465,0.017013607276686993,0.4382332272999357,0.4599450332190918,0.021711805919156113,0.22270073803295595,0.2149122472631923,0.007788490769763651,0.2592592592592596,0.21614174183069101,0.043117517428568564,1743.0,0.5741595253790376,1407.0,0.4634146341463415,1362.0,0.4485827290705339,211.0,0.06921555702043507,236.0,0.07745550428477257,0.06921555702043507,WACC_0p7_WRT_0p3,0.32656558998022417,609,False,,,False,False,False,False,False,81.0,0.2094240837696335
IBDD,Electricity,2849,0.73,112,0.7142857142857141,0.4247367473289887,0,104,691,2153,280,137,3,0.4856815470533606,0.5595322620291968,0.5242948429915326,0.4856815470533606,0.22270073803295595,0.2592592592592596,1.2233606186634038,-2.534149843841321,1.7596622789832348,-1.2199335447094035,0.0606453741297639,0.5595322620291968,0.5270232293760209,0.03250903265317595,0.5242948429915326,0.49889779825921343,0.025397044732319185,0.4856815470533606,0.47321442976337513,0.012467117289985452,0.22270073803295595,0.2451365474126647,0.022435809379708738,0.2592592592592596,0.21465285049324648,0.0446064087660131,1934.0,0.6371127224785761,1861.0,0.6130520764667106,1541.0,0.5075807514831905,826.0,0.27191825972313777,211.0,0.06921555702043507,0.06921555702043507,WACC_0p9_WRT_0p1,0.41977587343441,610,False,,,False,False,False,False,False,104.0,0.2696335078534031
IBDD,Electricity,2900,0.69,5,0.5714285714285711,0.930187772387851,0,6,1,1,698,61,9,0.3080507851631509,0.03536082863482116,0.08571428571428578,0.3080507851631509,0.3781605904263649,0.4074074074074079,1.2233606186634038,-2.534149843841321,1.7596622789832348,-1.2199335447094035,0.0606453741297639,0.03536082863482116,0.35454532937057437,0.3191845007357532,0.08571428571428578,0.30547445463259437,0.21976016891830857,0.3080507851631509,0.41737197928065844,0.10932119411750757,0.3781605904263649,0.3760780333858568,0.0020825570405080818,0.4074074074074079,0.39231257063799685,0.015094836769411035,211.0,0.06921555702043507,260.0,0.08536585365853659,840.0,0.27653263019116675,2726.0,0.8981542518127884,2667.0,0.8787079762689519,0.06921555702043507,WACC_0p1_WRT_0p9,0.4415952537903757,611,False,,,False,False,False,False,False,6.0,0.013089005235602094
IBDD,Electricity,2718,0.73,50,0.7142857142857141,0.5617151637134581,0,42,2833,1342,272,124,101,0.31981285863641046,0.4174805709638212,0.3708790166409269,0.31981285863641046,0.22270073803295595,0.2592592592592596,1.2233606186634038,-2.534149843841321,1.7596622789832348,-1.2199335447094035,0.0606453741297639,0.4174805709638212,0.39829271127900284,0.019187859684818342,0.3708790166409269,0.339200160790026,0.031678855850900856,0.31981285863641046,0.3457300346874881,0.02591717605107763,0.22270073803295595,0.27633498545171054,0.05363424741875458,0.2592592592592596,0.33825640930551404,0.07899715004625446,434.0,0.14271588661832565,422.0,0.13876071193144363,212.0,0.06954515491100857,1576.0,0.519116677653263,2329.0,0.7673038892551087,0.06954515491100857,WACC_0p5_WRT_0p5,0.3274884640738299,612,False,,,False,False,False,False,False,42.0,0.10732984293193717
IBDD,Electricity,2103,0.72,95,0.6785714285714283,0.4528086068783853,0,88,3873,2540,496,217,25,0.4516890199984838,0.5304207039779707,0.49285436029620844,0.4516890199984838,0.2615657011313083,0.2962962962962967,1.2233606186634038,-2.534149843841321,1.7596622789832348,-1.2199335447094035,0.0606453741297639,0.5304207039779707,0.5100592753888044,0.02036142858916634,0.49285436029620844,0.48805254943022447,0.004801810865983969,0.4516890199984838,0.49271124754651746,0.04102222754803364,0.2615657011313083,0.21998019596253512,0.04158550516877316,0.2962962962962967,0.21485926194361274,0.08143703435268398,1677.0,0.5524060646011866,1718.0,0.5659195781147001,1839.0,0.6058009228740936,289.0,0.09492419248516809,212.0,0.06954515491100857,0.06954515491100857,WACC_0p9_WRT_0p1,0.37771918259723136,613,False,,,False,False,False,False,False,88.0,0.22774869109947643
IBDD,Electricity,2481,0.74,78,0.7499999999999998,0.4863661844748775,0,65,3468,2510,594,228,15,0.41105377592647485,0.49562025313716407,0.4552698733881372,0.41105377592647485,0.1838357749346038,0.22222222222222254,1.2233606186634038,-2.534149843841321,1.7596622789832348,-1.2199335447094035,0.0606453741297639,0.49562025313716407,0.5092775894014815,0.013657336264317421,0.4552698733881372,0.49274795496644574,0.037478081578308564,0.41105377592647485,0.4912043419011414,0.08015056597466652,0.1838357749346038,0.21514389274811865,0.03130811781351486,0.22222222222222254,0.21727987117754832,0.00494235104467422,1665.0,0.5484508899143046,1785.0,0.5880026367831246,1819.0,0.5992089650626236,212.0,0.06954515491100857,265.0,0.08701384311140409,0.06954515491100857,WACC_0p7_WRT_0p3,0.3784442979564931,614,False,,,False,False,False,False,False,65.0,0.16753926701570682
IBDD,Electricity,97,0.7,5,0.6071428571428569,0.930187772387851,0,5,2002,27,526,250,10,0.26480395923584765,0.03536082863482116,0.0685714285714286,0.26480395923584765,0.33929562732801266,0.37037037037037074,1.2233606186634038,-2.534149843841321,1.7596622789832348,-1.2199335447094035,0.0606453741297639,0.03536082863482116,0.3924702835760784,0.35710945494125723,0.0685714285714286,0.3194527022065509,0.2508812736351223,0.26480395923584765,0.34573861002456335,0.0809346507887157,0.33929562732801266,0.2160102907345443,0.12328533659346835,0.37037037037037074,0.2772035511828591,0.09316681918751163,394.0,0.12953197099538563,327.0,0.1074489123269611,213.0,0.06987475280158208,221.0,0.07251153592617007,1661.0,0.5471324983520105,0.06987475280158208,WACC_0p5_WRT_0p5,0.18529993408042186,615,False,,,False,False,False,False,False,5.0,0.010471204188481676
IBDD,Electricity,340,0.73,153,0.7142857142857141,0.3714364590716454,0,145,1145,3354,821,235,1,0.5502234591212918,0.6148066350368121,0.5839911658397571,0.5502234591212918,0.22270073803295595,0.2592592592592596,1.2233606186634038,-2.534149843841321,1.7596622789832348,-1.2199335447094035,0.0606453741297639,0.6148066350368121,0.5365077538471132,0.07829888118969885,0.5839911658397571,0.5233233923283648,0.0606677735113923,0.5502234591212918,0.5186815480892318,0.031541911032059944,0.22270073803295595,0.2208502460345087,0.0018504919984472512,0.2592592592592596,0.21503603682436073,0.044223222434898846,2055.0,0.6769940672379697,2127.0,0.7007251153592617,2141.0,0.7053394858272907,295.0,0.09690177982860909,214.0,0.07020435069215557,0.07020435069215557,WACC_0p9_WRT_0p1,0.45003295978905744,616,False,,,False,False,False,False,False,145.0,0.3769633507853403
IBDD,Electricity,2874,0.73,14,0.7142857142857141,0.7724225396876393,0,7,177,196,112,200,3,0.13506348145393826,0.19896921810170737,0.1348867555498439,0.13506348145393826,0.22270073803295595,0.2592592592592596,1.2233606186634038,-2.534149843841321,1.7596622789832348,-1.2199335447094035,0.0606453741297639,0.19896921810170737,0.3635632976310665,0.16459407952935912,0.1348867555498439,0.29137647475334705,0.15648971920350316,0.13506348145393826,0.34920124525398144,0.21413776380004318,0.22270073803295595,0.27921908099150683,0.05651834295855088,0.2592592592592596,0.30303577794200376,0.04377651868274418,240.0,0.07877389584706658,215.0,0.07053394858272907,235.0,0.07712590639419907,1631.0,0.5372445616348055,2030.0,0.6687541199736322,0.07053394858272907,WACC_0p3_WRT_0p7,0.2864864864864865,617,False,,,False,False,False,False,False,7.0,0.015706806282722512
IBDD,Electricity,566,0.74,144,0.7499999999999998,0.3818048302984436,0,130,505,3451,427,226,2,0.5376682830446319,0.6040542500608733,0.5723785900657432,0.5376682830446319,0.20009462274250503,0.22222222222222254,1.2233606186634038,-2.534149843841321,1.7596622789832348,-1.2199335447094035,0.0606453741297639,0.6040542500608733,0.5173669274068308,0.08668732265404255,0.5723785900657432,0.4956361057396226,0.07674248432612063,0.5376682830446319,0.49353384220950774,0.044134440835124134,0.20009462274250503,0.2155378985459374,0.015443275803432382,0.22222222222222254,0.21955250520907546,0.0026697170131470827,1797.0,0.5919578114700066,1818.0,0.5988793671720501,1852.0,0.6100856954515491,215.0,0.07053394858272907,300.0,0.0985497692814766,0.07053394858272907,WACC_0p7_WRT_0p3,0.39400131839156227,618,False,,,False,False,False,False,False,130.0,0.337696335078534
IBDD,Electricity,1412,0.73,132,0.7142857142857141,0.3966783723814455,0,124,4767,4159,336,202,15,0.5196577454538238,0.5886298360488713,0.5557202229327809,0.5196577454538238,0.22270073803295595,0.2592592592592596,1.2233606186634038,-2.534149843841321,1.7596622789832348,-1.2199335447094035,0.0606453741297639,0.5886298360488713,0.564393214301703,0.02423662174716834,0.5557202229327809,0.557482152563504,0.0017619296307230803,0.5196577454538238,0.5738448547082171,0.054187109254393295,0.22270073803295595,0.2370989249306723,0.014398186897716353,0.2592592592592596,0.21504257677948374,0.04421668247977584,2344.0,0.7722478576137113,2439.0,0.8035596572181938,2581.0,0.8503625576796309,627.0,0.2063282794990112,215.0,0.07053394858272907,0.07053394858272907,WACC_0p9_WRT_0p1,0.5406064601186552,619,False,,,False,False,False,False,False,124.0,0.3219895287958115
IBDD,Electricity,1606,0.73,66,0.7142857142857141,0.5147334338430524,0,58,3993,1077,841,168,30,0.3767035580535428,0.46620236490350114,0.42349855409578124,0.3767035580535428,0.22270073803295595,0.2592592592592596,1.2233606186634038,-2.534149843841321,1.7596622789832348,-1.2199335447094035,0.0606453741297639,0.46620236490350114,0.4847221899190609,0.018519825015559765,0.42349855409578124,0.4387167773100417,0.015218223214260473,0.3767035580535428,0.43586170059851764,0.05915814254497487,0.22270073803295595,0.2156239715761584,0.007076766456797556,0.2592592592592596,0.229994206215167,0.029265053044092576,1277.0,0.4205669083717864,1129.0,0.37178642056690836,1060.0,0.34904416611733685,216.0,0.07086354647330258,496.0,0.16315095583388267,0.07086354647330258,WACC_0p7_WRT_0p3,0.27508239947264335,620,False,,,False,False,False,False,False,58.0,0.14921465968586387
IBDD,Electricity,447,0.73,95,0.7142857142857141,0.4528086068783853,0,87,1197,1529,769,163,2,0.4516890199984838,0.5304207039779707,0.49285436029620844,0.4516890199984838,0.22270073803295595,0.2592592592592596,1.2233606186634038,-2.534149843841321,1.7596622789832348,-1.2199335447094035,0.0606453741297639,0.5304207039779707,0.5353748876515328,0.004954183673562151,0.49285436029620844,0.4978112881841232,0.004956927887914742,0.4516890199984838,0.4718609119271565,0.02017189192867269,0.22270073803295595,0.23299181593821824,0.010291077905262291,0.2592592592592596,0.21515486708555182,0.04410439217370776,2039.0,0.6717205009887937,1842.0,0.6067897165458142,1523.0,0.5016479894528675,528.0,0.17369808833223468,216.0,0.07086354647330258,0.07086354647330258,WACC_0p9_WRT_0p1,0.4049439683586026,621,False,,,False,False,False,False,False,87.0,0.225130890052356
IBDD,Electricity,2617,0.71,40,0.6428571428571426,0.5992936564701963,0,37,2071,1536,762,207,199,0.2743086436603003,0.37851028217905563,0.3287911047533801,0.2743086436603003,0.3004306642296604,0.3333333333333337,1.2233606186634038,-2.534149843841321,1.7596622789832348,-1.2199335447094035,0.0606453741297639,0.37851028217905563,0.3563175084438756,0.022192773735180027,0.3287911047533801,0.2945135461757733,0.03427755857760678,0.2743086436603003,0.43389596510713746,0.15958732144683718,0.3004306642296604,0.4661382106696594,0.16570754643999897,0.3333333333333337,0.5009211527009286,0.16758781936759493,216.0,0.07086354647330258,225.0,0.07382992748846408,1033.0,0.34014502307185235,2988.0,0.9845088991430455,2981.0,0.982201713909031,0.07086354647330258,WACC_0p1_WRT_0p9,0.49030982201713913,622,False,,,False,False,False,False,False,37.0,0.09424083769633508
IBDD,Electricity,2945,0.69,27,0.5714285714285711,0.6649568125048124,0,28,4264,873,977,163,127,0.3080507851631509,0.31041515740241665,0.25524836999461,0.3080507851631509,0.3781605904263649,0.4074074074074079,1.2233606186634038,-2.534149843841321,1.7596622789832348,-1.2199335447094035,0.0606453741297639,0.31041515740241665,0.3757286065162123,0.06531344911379566,0.25524836999461,0.31451320278085754,0.05926483278624756,0.3080507851631509,0.346357962004508,0.03830717684135715,0.3781605904263649,0.2900232916261818,0.08813729880018312,0.4074074074074079,0.33929167402680527,0.06811573338060262,294.0,0.0965721819380356,300.0,0.0985497692814766,217.0,0.07119314436387607,1812.0,0.5969017798286091,2337.0,0.7699406723796968,0.07119314436387607,WACC_0p5_WRT_0p5,0.32663150955833886,623,False,,,False,False,False,False,False,28.0,0.07068062827225131
IBDD,Electricity,391,0.73,108,0.7142857142857141,0.4309420365106688,0,100,1640,2551,353,230,7,0.478167493343437,0.5530971473222692,0.5173449191080508,0.478167493343437,0.22270073803295595,0.2592592592592596,1.2233606186634038,-2.534149843841321,1.7596622789832348,-1.2199335447094035,0.0606453741297639,0.5530971473222692,0.5041235550251512,0.04897359229711806,0.5173449191080508,0.4924513165399171,0.02489360256813372,0.478167493343437,0.4756689882518929,0.00249850509154409,0.22270073803295595,0.21664737109455956,0.006053366938396393,0.2592592592592596,0.21525469976208395,0.04400455949717563,1577.0,0.5194462755438365,1780.0,0.5863546473302571,1570.0,0.517139090309822,234.0,0.07679630850362558,217.0,0.07119314436387607,0.07119314436387607,WACC_0p9_WRT_0p1,0.35418589321028343,624,False,,,False,False,False,False,False,100.0,0.2591623036649215
IBDD,Electricity,1466,0.73,55,0.7142857142857141,0.5456120211274459,0,47,903,1756,405,196,26,0.33931233315680515,0.4341801262382042,0.3889145363372606,0.33931233315680515,0.22270073803295595,0.2592592592592596,1.2233606186634038,-2.534149843841321,1.7596622789832348,-1.2199335447094035,0.0606453741297639,0.4341801262382042,0.4611110257747466,0.02693089953654243,0.3889145363372606,0.4081451504692967,0.01923061413203614,0.33931233315680515,0.40244347063091906,0.06313113747411392,0.22270073803295595,0.21584012473413514,0.006860613298820817,0.2592592592592596,0.23708966020526637,0.02216959905399321,971.0,0.3197099538562953,855.0,0.2814765985497693,695.0,0.22874093605800924,218.0,0.07152274225444957,688.0,0.22643375082399472,0.07152274225444957,WACC_0p7_WRT_0p3,0.22557679630850364,625,False,,,False,False,False,False,False,47.0,0.12041884816753927
IBDD,Electricity,2786,0.73,51,0.7142857142857141,0.5583717938339305,0,43,1770,686,973,114,85,0.3238613824217449,0.4209477693574053,0.37462359090599767,0.3238613824217449,0.22270073803295595,0.2592592592592596,1.2233606186634038,-2.534149843841321,1.7596622789832348,-1.2199335447094035,0.0606453741297639,0.4209477693574053,0.38245735568481665,0.03849041367258865,0.37462359090599767,0.32351550242629346,0.05110808847970422,0.3238613824217449,0.3464445697494989,0.022583187327753995,0.22270073803295595,0.2725196264651162,0.04981888843216023,0.2592592592592596,0.30885572385902144,0.04959646459976186,331.0,0.10876730388925511,345.0,0.1133816743572841,218.0,0.07152274225444957,1492.0,0.491430454845089,2092.0,0.6891891891891891,0.07152274225444957,WACC_0p5_WRT_0p5,0.29485827290705335,626,False,,,False,False,False,False,False,43.0,0.1099476439790576
IBDD,Electricity,2459,0.73,31,0.7142857142857141,0.6419656258679005,0,23,4705,474,429,135,129,0.22263668114980414,0.3342578694703253,0.2809984990279513,0.22263668114980414,0.22270073803295595,0.2592592592592596,1.2233606186634038,-2.534149843841321,1.7596622789832348,-1.2199335447094035,0.0606453741297639,0.3342578694703253,0.3677110797360958,0.03345321026577047,0.2809984990279513,0.2919132990545513,0.010914800026600002,0.22263668114980414,0.3579582121871882,0.13532153103738406,0.22270073803295595,0.317729285608506,0.09502854757555004,0.2592592592592596,0.35230404527222037,0.09304478601296079,258.0,0.08470665787738958,218.0,0.07152274225444957,300.0,0.0985497692814766,2176.0,0.7168754119973633,2430.0,0.8005932762030323,0.07152274225444957,WACC_0p3_WRT_0p7,0.35444957152274226,627,False,,,False,False,False,False,False,23.0,0.05759162303664921
IBDD,Electricity,963,0.73,187,0.7142857142857141,0.3370887523094868,0,173,4255,4127,284,225,8,0.5918154793909554,0.6504264790864582,0.6224605974133748,0.5918154793909554,0.22270073803295595,0.2592592592592596,1.2233606186634038,-2.534149843841321,1.7596622789832348,-1.2199335447094035,0.0606453741297639,0.6504264790864582,0.5688203260749666,0.08160615301149166,0.6224605974133748,0.5603701487679325,0.06209044864544233,0.5918154793909554,0.5824331828734118,0.00938229651754352,0.22270073803295595,0.2321249861320147,0.009424248099058757,0.2592592592592596,0.21527701136354666,0.04398224789571292,2385.0,0.7857613711272248,2461.0,0.8108108108108109,2634.0,0.8678312458800264,511.0,0.16809492419248517,218.0,0.07152274225444957,0.07152274225444957,WACC_0p9_WRT_0p1,0.5408042188529993,628,False,,,False,False,False,False,False,173.0,0.450261780104712
IBDD,Electricity,2162,0.74,49,0.7499999999999998,0.56512474322221,0,36,3796,1200,432,171,49,0.31568416087440226,0.413944710732523,0.3670602875911248,0.31568416087440226,0.1838357749346038,0.22222222222222254,1.2233606186634038,-2.534149843841321,1.7596622789832348,-1.2199335447094035,0.0606453741297639,0.413944710732523,0.443695279532706,0.029750568800183008,0.3670602875911248,0.39839644299678045,0.03133615540565565,0.31568416087440226,0.39919575902041027,0.083511598146008,0.1838357749346038,0.21595296571039949,0.032117190775795695,0.22222222222222254,0.23603921001462652,0.013816987792403979,789.0,0.25972313777191824,776.0,0.2554383651944628,668.0,0.2198417930125247,219.0,0.07185234014502308,658.0,0.21654581410678972,0.07185234014502308,WACC_0p7_WRT_0p3,0.2046802900461437,629,False,,,False,False,False,False,False,36.0,0.09162303664921466
IBDD,Electricity,2151,0.71,33,0.6428571428571426,0.6315273913256072,0,31,3186,1223,790,220,136,0.23527645549249393,0.34508270529196283,0.29268932171531986,0.23527645549249393,0.3004306642296604,0.3333333333333337,1.2233606186634038,-2.534149843841321,1.7596622789832348,-1.2199335447094035,0.0606453741297639,0.34508270529196283,0.3673100559487187,0.02222735065675585,0.29268932171531986,0.31229514987058066,0.019605828155260796,0.23527645549249393,0.34654706787889383,0.1112706123863999,0.3004306642296604,0.30960805319729867,0.009177388967638256,0.3333333333333337,0.3493981522311222,0.01606481889778849,257.0,0.08437705998681608,287.0,0.0942649967040211,219.0,0.07185234014502308,2088.0,0.6878707976268952,2405.0,0.7923533289386948,0.07185234014502308,WACC_0p5_WRT_0p5,0.34614370468029004,630,False,,,False,False,False,False,False,31.0,0.07853403141361257
IBDD,Electricity,140,0.72,19,0.6785714285714283,0.7228899759224219,0,12,1,471,746,106,10,0.17831030738124148,0.25033632126563654,0.19036322696688743,0.17831030738124148,0.2615657011313083,0.2962962962962967,1.2233606186634038,-2.534149843841321,1.7596622789832348,-1.2199335447094035,0.0606453741297639,0.25033632126563654,0.35681316817268266,0.10647684690704612,0.19036322696688743,0.3025374403018467,0.11217421333495928,0.17831030738124148,0.4062408274850726,0.22793052010383114,0.2615657011313083,0.3628668703194844,0.10130116918817611,0.2962962962962967,0.4086369904543891,0.11234069415809239,219.0,0.07185234014502308,249.0,0.08174027686222808,726.0,0.23895847066578774,2627.0,0.8655240606460118,2728.0,0.8988134475939354,0.07185234014502308,WACC_0p1_WRT_0p9,0.4313777191825972,631,False,,,False,False,False,False,False,12.0,0.028795811518324606
IBDD,Electricity,123,0.73,74,0.7142857142857141,0.4953125156100612,0,66,518,650,246,131,4,0.4002205640183184,0.48634257640438094,0.4452499825167314,0.4002205640183184,0.22270073803295595,0.2592592592592596,1.2233606186634038,-2.534149843841321,1.7596622789832348,-1.2199335447094035,0.0606453741297639,0.48634257640438094,0.48013643975175313,0.006206136652627814,0.4452499825167314,0.43327768371895614,0.011972298797775283,0.4002205640183184,0.3995122283811603,0.0007083356371581084,0.22270073803295595,0.21596609823907623,0.0067346397938797264,0.2592592592592596,0.2243310447490551,0.034928214510204475,1209.0,0.3981542518127884,1068.0,0.35168094924192483,671.0,0.2208305866842452,220.0,0.07218193803559657,390.0,0.12821357943309164,0.07218193803559657,WACC_0p7_WRT_0p3,0.2342122610415293,632,False,,,False,False,False,False,False,66.0,0.17015706806282724
IBDD,Electricity,275,0.73,182,0.7142857142857141,0.341729953499817,0,169,3931,5000,1000,250,4,0.5861953972317449,0.6456133815557453,0.6172624520802049,0.5861953972317449,0.22270073803295595,0.2592592592592596,1.2233606186634038,-2.534149843841321,1.7596622789832348,-1.2199335447094035,0.0606453741297639,0.6456133815557453,0.6043535215373592,0.04125986001838611,0.6172624520802049,0.5876185697055516,0.02964388237465332,0.5861953972317449,0.5950609864264016,0.008865589194656742,0.22270073803295595,0.23447787112597349,0.011777133093017533,0.2592592592592596,0.21529545393783114,0.043963805321428434,2663.0,0.8773895847066578,2653.0,0.8740936058009229,2706.0,0.8915622940013184,566.0,0.1862228081740277,220.0,0.07218193803559657,0.07218193803559657,WACC_0p9_WRT_0p1,0.5802900461437046,633,False,,,False,False,False,False,False,169.0,0.4397905759162304
IBDD,Electricity,1522,0.72,26,0.6785714285714283,0.6712185257861867,0,19,103,735,794,100,55,0.1872140191720258,0.3039215288143248,0.24823525111947084,0.1872140191720258,0.2615657011313083,0.2962962962962967,1.2233606186634038,-2.534149843841321,1.7596622789832348,-1.2199335447094035,0.0606453741297639,0.3039215288143248,0.3587568229370305,0.05483529412270566,0.24823525111947084,0.29366017448576237,0.04542492336629153,0.1872140191720258,0.3508360661823082,0.16362204701028243,0.2615657011313083,0.29633847452384515,0.03477277339253687,0.2962962962962967,0.32742497824577177,0.031128681949475046,225.0,0.07382992748846408,221.0,0.07251153592617007,250.0,0.08206987475280159,1895.0,0.6242584047462096,2250.0,0.7412656558998022,0.07251153592617007,WACC_0p3_WRT_0p7,0.31878707976268955,634,False,,,False,False,False,False,False,19.0,0.04712041884816754
IBDD,Electricity,2012,0.73,94,0.7142857142857141,0.454611535799055,0,86,4702,2220,153,197,20,0.44950583330912175,0.5285509999120911,0.49083507990505837,0.44950583330912175,0.22270073803295595,0.2592592592592596,1.2233606186634038,-2.534149843841321,1.7596622789832348,-1.2199335447094035,0.0606453741297639,0.5285509999120911,0.5216568899252679,0.00689410998682316,0.49083507990505837,0.5045655504210974,0.01373047051603904,0.44950583330912175,0.5008514541901092,0.051345620880987486,0.22270073803295595,0.22246779389424196,0.00023294413871399744,0.2592592592592596,0.21547119369733417,0.04378806556192541,1852.0,0.6100856954515491,1932.0,0.6364535266974292,1939.0,0.6387607119314437,317.0,0.1041529334212261,221.0,0.07251153592617007,0.07251153592617007,WACC_0p9_WRT_0p1,0.41239288068556357,635,False,,,False,False,False,False,False,86.0,0.22251308900523561
IBDD,Electricity,1784,0.74,48,0.7499999999999998,0.5686032077643577,0,35,1585,866,692,168,65,0.3114720494590426,0.4103374141702957,0.3631644073039193,0.3114720494590426,0.1838357749346038,0.22222222222222254,1.2233606186634038,-2.534149843841321,1.7596622789832348,-1.2199335447094035,0.0606453741297639,0.4103374141702957,0.39408324542384565,0.016254168746450026,0.3631644073039193,0.3365879656803281,0.026576441623591185,0.3114720494590426,0.3466899622557905,0.03521791279674791,0.1838357749346038,0.2501412587190699,0.0663054837844661,0.22222222222222254,0.2844578447146366,0.062235622492414044,407.0,0.13381674357284112,411.0,0.13513513513513514,222.0,0.07284113381674358,971.0,0.3197099538562953,1782.0,0.587013843111404,0.07284113381674358,WACC_0p5_WRT_0p5,0.24970336189848386,636,False,,,False,False,False,False,False,35.0,0.08900523560209424
IBDD,Electricity,274,0.74,186,0.7499999999999998,0.3380070378924402,0,170,4008,5000,1000,250,1,0.5907035171617443,0.6494741829263583,0.6214321175604669,0.5907035171617443,0.22052101777028832,0.22222222222222254,1.2233606186634038,-2.534149843841321,1.7596622789832348,-1.2199335447094035,0.0606453741297639,0.6494741829263583,0.6138508826734957,0.03562330025286253,0.6214321175604669,0.5968067217654831,0.024625395794983795,0.5907035171617443,0.6008299774475357,0.01012646028579145,0.22052101777028832,0.2376668620226864,0.017145844252398068,0.22222222222222254,0.21552595008706002,0.006696272135162523,2713.0,0.8938694792353329,2701.0,0.8899143045484509,2736.0,0.9014502307185234,645.0,0.2122610415293342,222.0,0.07284113381674358,0.07284113381674358,WACC_0p9_WRT_0p1,0.594067237969677,637,False,,,False,False,False,False,False,170.0,0.4424083769633508
IBDD,Electricity,170,0.73,43,0.7142857142857141,0.5871348551894666,0,35,490,1,1000,196,1,0.2890318714095271,0.3911194094331457,0.3424089621877973,0.2890318714095271,0.22270073803295595,0.2592592592592596,1.2233606186634038,-2.534149843841321,1.7596622789832348,-1.2199335447094035,0.0606453741297639,0.3911194094331457,0.4059004166395247,0.014781007206378982,0.3424089621877973,0.33145857795020994,0.010950384237587374,0.2890318714095271,0.3466972216745395,0.057665350265012405,0.22270073803295595,0.23046591279278658,0.007765174759830629,0.2592592592592596,0.26040747229577627,0.0011482130365166876,478.0,0.15721819380355967,383.0,0.12590639419907712,223.0,0.07317073170731707,472.0,0.15524060646011867,1263.0,0.4159525379037574,0.07317073170731707,WACC_0p5_WRT_0p5,0.18549769281476597,638,False,,,False,False,False,False,False,35.0,0.08900523560209424
IBDD,Electricity,2665,0.71,45,0.6428571428571426,0.5794812334491506,0,42,2346,1696,584,241,206,0.29829972712879943,0.3990564986453253,0.35098101853695124,0.29829972712879943,0.3004306642296604,0.3333333333333337,1.2233606186634038,-2.534149843841321,1.7596622789832348,-1.2199335447094035,0.0606453741297639,0.3990564986453253,0.3584596894559551,0.0405968091893702,0.35098101853695124,0.2939774834943597,0.057003535042591535,0.29829972712879943,0.44357643048281403,0.1452767033540146,0.3004306642296604,0.46713486297308493,0.16670419874342451,0.3333333333333337,0.497287816198616,0.1639544828652823,224.0,0.07350032959789057,223.0,0.07317073170731707,1154.0,0.3800263678312459,2989.0,0.984838497033619,2976.0,0.9805537244561635,0.07317073170731707,WACC_0p3_WRT_0p7,0.4984179301252472,639,False,,,False,False,False,False,False,42.0,0.10732984293193717
IBDD,Electricity,803,0.73,148,0.7142857142857141,0.377119421762125,0,140,3305,3568,85,158,1,0.5433418963709491,0.6089131922466853,0.57762624762642,0.5433418963709491,0.22270073803295595,0.2592592592592596,1.2233606186634038,-2.534149843841321,1.7596622789832348,-1.2199335447094035,0.0606453741297639,0.6089131922466853,0.5765367368529873,0.032376455393697934,0.57762624762642,0.5677611070072175,0.009865140619202517,0.5433418963709491,0.5679260519910687,0.02458415562011962,0.22270073803295595,0.253125590737394,0.030424852704438038,0.2592592592592596,0.2155495667400082,0.043709692519251386,2443.0,0.8048780487804879,2517.0,0.8292682926829268,2538.0,0.8361898483849703,1054.0,0.34706657877389585,223.0,0.07317073170731707,0.07317073170731707,WACC_0p9_WRT_0p1,0.5781147000659196,640,False,,,False,False,False,False,False,140.0,0.36387434554973824
IBDD,Electricity,2149,0.72,41,0.6785714285714283,0.5951445848926633,0,34,4357,615,810,131,114,0.279332800595958,0.38281302307427506,0.33343806492021705,0.279332800595958,0.2615657011313083,0.2962962962962967,1.2233606186634038,-2.534149843841321,1.7596622789832348,-1.2199335447094035,0.0606453741297639,0.38281302307427506,0.3758265397758537,0.0069864832984213865,0.33343806492021705,0.31208731544664314,0.021350749473573905,0.279332800595958,0.3469707901902208,0.06763798959426282,0.2615657011313083,0.2774806641785948,0.015914963047286512,0.2962962962962967,0.3304830487426973,0.03418675244640057,295.0,0.09690177982860909,286.0,0.09393539881344759,224.0,0.07350032959789057,1591.0,0.5240606460118655,2272.0,0.7485168094924193,0.07350032959789057,WACC_0p5_WRT_0p5,0.3073829927488464,641,False,,,False,False,False,False,False,34.0,0.08638743455497382
IBDD,Electricity,1712,0.72,86,0.6785714285714283,0.4697578353865064,0,79,983,3099,671,239,22,0.4311650106214855,0.5128437262658452,0.4738712243671128,0.4311650106214855,0.2615657011313083,0.2962962962962967,1.2233606186634038,-2.534149843841321,1.7596622789832348,-1.2199335447094035,0.0606453741297639,0.5128437262658452,0.49577093048490456,0.01707279578094062,0.4738712243671128,0.4813338905028518,0.007462666135738982,0.4311650106214855,0.4793807971597969,0.048215786538311434,0.2615657011313083,0.2161436421220525,0.04542205900925578,0.2962962962962967,0.23320270584622813,0.0630935904500686,1455.0,0.4792353328938695,1633.0,0.5379037574159525,1638.0,0.53955174686882,224.0,0.07350032959789057,572.0,0.1882003955174687,0.07350032959789057,WACC_0p7_WRT_0p3,0.3636783124588003,642,False,,,False,False,False,False,False,79.0,0.20418848167539266
IBDD,Electricity,1389,0.71,43,0.6428571428571426,0.5871348551894666,0,40,778,1570,654,226,176,0.2890318714095271,0.3911194094331457,0.3424089621877973,0.2890318714095271,0.3004306642296604,0.3333333333333337,1.2233606186634038,-2.534149843841321,1.7596622789832348,-1.2199335447094035,0.0606453741297639,0.3911194094331457,0.3650303890614259,0.02608902037171984,0.3424089621877973,0.29420666939768586,0.048202292790111456,0.2890318714095271,0.4066544757922213,0.11762260438269423,0.3004306642296604,0.4251779661005923,0.12474730187093186,0.3333333333333337,0.4535465230565915,0.12021318972325779,245.0,0.08042188529993408,224.0,0.07350032959789057,731.0,0.24060646011865525,2900.0,0.9555042847725774,2867.0,0.944627554383652,0.07350032959789057,WACC_0p3_WRT_0p7,0.45893210283454183,643,False,,,False,False,False,False,False,40.0,0.10209424083769633
IBDD,Electricity,177,0.72,142,0.6785714285714283,0.3841962317781302,0,135,2927,4969,2,250,1,0.5347725083862314,0.601574278156013,0.5697002204084941,0.5347725083862314,0.2615657011313083,0.2962962962962967,1.2233606186634038,-2.534149843841321,1.7596622789832348,-1.2199335447094035,0.0606453741297639,0.601574278156013,0.5789292454373579,0.022645032718655145,0.5697002204084941,0.5639754203033663,0.00572480010512777,0.5347725083862314,0.5605536466681987,0.025781138281967375,0.2615657011313083,0.24385604992702886,0.01770965120427942,0.2962962962962967,0.2155815403280724,0.08071475596822433,2469.0,0.8134475939353988,2486.0,0.8190507580751483,2496.0,0.8223467369808833,793.0,0.26104152933421226,224.0,0.07350032959789057,0.07350032959789057,WACC_0p9_WRT_0p1,0.5578773895847066,644,False,,,False,False,False,False,False,135.0,0.3507853403141361
IBDD,Electricity,2827,0.73,39,0.7142857142857141,0.6035451845450552,0,31,308,1198,218,127,81,0.2691604210121032,0.3741012901014241,0.32402939330953806,0.2691604210121032,0.22270073803295595,0.2592592592592596,1.2233606186634038,-2.534149843841321,1.7596622789832348,-1.2199335447094035,0.0606453741297639,0.3741012901014241,0.3759267967508321,0.0018255066494080041,0.32402939330953806,0.3218015043502624,0.00222788895927567,0.2691604210121032,0.34703568149367264,0.07787526048156945,0.22270073803295595,0.2835924917812638,0.060891753748307825,0.2592592592592596,0.3446176188733156,0.08535835961405602,298.0,0.09789057350032959,338.0,0.11107448912326962,225.0,0.07382992748846408,1708.0,0.5626235992089651,2373.0,0.7818061964403428,0.07382992748846408,WACC_0p5_WRT_0p5,0.32544495715227423,645,False,,,False,False,False,False,False,31.0,0.07853403141361257
IBDD,Electricity,459,0.73,199,0.7142857142857141,0.3264351604674772,0,184,3149,4664,111,237,7,0.6047160322839292,0.6614746484040978,0.6343926202764254,0.6047160322839292,0.22591790483948646,0.2592592592592596,1.2233606186634038,-2.534149843841321,1.7596622789832348,-1.2199335447094035,0.0606453741297639,0.6614746484040978,0.5647597324779788,0.09671491592611892,0.6343926202764254,0.5506751266408555,0.0837174936355699,0.6047160322839292,0.5548532110132565,0.049862821270672764,0.22591790483948646,0.24031066389015968,0.01439275905067322,0.2592592592592596,0.21559703741840072,0.043662221840858856,2350.0,0.7742254449571523,2382.0,0.7847725774555043,2455.0,0.8088332234673699,695.0,0.22874093605800924,225.0,0.07382992748846408,0.07382992748846408,WACC_0p9_WRT_0p1,0.5340804218852999,646,False,,,False,False,False,False,False,184.0,0.4790575916230366
IBDD,Electricity,2549,0.72,35,0.6785714285714283,0.6216859620209692,0,28,710,590,89,148,33,0.24719355173287308,0.35528863197825417,0.3037117225365144,0.24719355173287308,0.2615657011313083,0.2962962962962967,1.2233606186634038,-2.534149843841321,1.7596622789832348,-1.2199335447094035,0.0606453741297639,0.35528863197825417,0.408064823351913,0.052776191373658854,0.3037117225365144,0.34225579095554237,0.038544068419027966,0.24719355173287308,0.3471982220589292,0.10000467032605612,0.2615657011313083,0.21657706045662672,0.04498864067468156,0.2962962962962967,0.24651789582094238,0.04977840047535434,496.0,0.16315095583388267,437.0,0.14370468029004616,226.0,0.07415952537903757,232.0,0.07613711272247857,920.0,0.3029004614370468,0.07415952537903757,WACC_0p5_WRT_0p5,0.15201054713249834,647,False,,,False,False,False,False,False,28.0,0.07068062827225131
IBDD,Electricity,1591,0.71,51,0.6428571428571426,0.5583717938339305,0,48,2723,1632,356,134,104,0.3238613824217449,0.4209477693574053,0.37462359090599767,0.3238613824217449,0.3004306642296604,0.3333333333333337,1.2233606186634038,-2.534149843841321,1.7596622789832348,-1.2199335447094035,0.0606453741297639,0.4209477693574053,0.4055766032124424,0.015371166144962922,0.37462359090599767,0.3484057463200275,0.02621784458597015,0.3238613824217449,0.34740318938860276,0.02354180696685787,0.3004306642296604,0.2938634433530814,0.006567220876579016,0.3333333333333337,0.3340540100639924,0.0007206767306586759,475.0,0.15622940013183917,470.0,0.15458141067897166,228.0,0.07481872116018458,1866.0,0.6147000659195782,2294.0,0.7557679630850362,0.07481872116018458,WACC_0p5_WRT_0p5,0.35121951219512193,648,False,,,False,False,False,False,False,48.0,0.12303664921465969
IBDD,Electricity,474,0.72,161,0.6785714285714283,0.3627167154193049,0,153,1561,2307,826,206,5,0.5607822937254692,0.6238493321577578,0.5937572787303784,0.5607822937254692,0.2615657011313083,0.2962962962962967,1.2233606186634038,-2.534149843841321,1.7596622789832348,-1.2199335447094035,0.0606453741297639,0.6238493321577578,0.5147249567563215,0.10912437540143638,0.5937572787303784,0.48884276911627095,0.10491450961410748,0.5607822937254692,0.48057060731399226,0.08021168641147691,0.2615657011313083,0.21636563337659667,0.04520006775471161,0.2962962962962967,0.21623367920080877,0.08006261709548795,1752.0,0.577125906394199,1729.0,0.5695451549110085,1659.0,0.5464733025708636,228.0,0.07481872116018458,238.0,0.07811470006591958,0.07481872116018458,WACC_0p7_WRT_0p3,0.36921555702043507,649,False,,,False,False,False,False,False,153.0,0.39790575916230364
IBDD,Electricity,589,0.73,160,0.7142857142857141,0.3637828373313293,0,151,1157,3888,294,166,8,0.5594913148405642,0.6227437242489918,0.5925632221889111,0.5594913148405642,0.22270073803295595,0.2592592592592596,1.2233606186634038,-2.534149843841321,1.7596622789832348,-1.2199335447094035,0.0606453741297639,0.6227437242489918,0.5623029641911705,0.060440760057821286,0.5925632221889111,0.5404919090760157,0.05207131311289537,0.5594913148405642,0.5431873858459346,0.016303928994629624,0.22270073803295595,0.24662692489275234,0.02392618685979639,0.2592592592592596,0.21581181297957894,0.04344744627968064,2321.0,0.7646671061305208,2289.0,0.7541199736321688,2356.0,0.7762030323005933,872.0,0.2870797626895188,228.0,0.07481872116018458,0.07481872116018458,WACC_0p9_WRT_0p1,0.5313777191825972,650,False,,,False,False,False,False,False,151.0,0.39267015706806285
IBDD,Electricity,121,0.73,62,0.7142857142857141,0.5253323572805145,0,54,999,1,1000,220,5,0.3638692037398741,0.455210888746133,0.41162775984582367,0.3638692037398741,0.22270073803295595,0.2592592592592596,1.2233606186634038,-2.534149843841321,1.7596622789832348,-1.2199335447094035,0.0606453741297639,0.455210888746133,0.40802758394541777,0.04718330480071525,0.41162775984582367,0.34503415836095486,0.06659360148486881,0.3638692037398741,0.3475612619392286,0.016307941800645487,0.22270073803295595,0.22323783437394273,0.0005370963409867813,0.2592592592592596,0.23783073218524795,0.021428527074011633,494.0,0.16249176005273566,454.0,0.14930784442979564,229.0,0.07514831905075807,326.0,0.10711931443638761,705.0,0.23203691496374423,0.07514831905075807,WACC_0p5_WRT_0p5,0.14522083058668425,651,False,,,False,False,False,False,False,54.0,0.1387434554973822
IBDD,Electricity,493,0.73,77,0.7142857142857141,0.4885595662217817,0,69,754,1860,347,199,9,0.40839778556566114,0.49334563502926343,0.4528132858316045,0.40839778556566114,0.22270073803295595,0.2592592592592596,1.2233606186634038,-2.534149843841321,1.7596622789832348,-1.2199335447094035,0.0606453741297639,0.49334563502926343,0.4733473617187818,0.01999827331048165,0.4528132858316045,0.43201346596015355,0.020799819871450964,0.40839778556566114,0.4338360326737783,0.02543824710811715,0.22270073803295595,0.2163737555213805,0.0063269825115754574,0.2592592592592596,0.22714962328059315,0.03210963597866642,1121.0,0.3691496374423204,1059.0,0.34871456822676333,1030.0,0.33915622940013185,229.0,0.07514831905075807,447.0,0.14700065919578115,0.07514831905075807,WACC_0p7_WRT_0p3,0.25583388266315094,652,False,,,False,False,False,False,False,69.0,0.17801047120418848
IBDD,Electricity,2867,0.72,142,0.6785714285714283,0.3841962317781302,0,135,1248,391,398,118,9,0.5347725083862314,0.601574278156013,0.5697002204084941,0.5347725083862314,0.2615657011313083,0.2962962962962967,1.2233606186634038,-2.534149843841321,1.7596622789832348,-1.2199335447094035,0.0606453741297639,0.601574278156013,0.5452310376292163,0.056343240526796734,0.5697002204084941,0.5166966173782105,0.05300360303028362,0.5347725083862314,0.4610293378658969,0.07374317052033447,0.2615657011313083,0.22425815420344847,0.037307546927859814,0.2962962962962967,0.2158533319155238,0.08044296438077292,2149.0,0.7079762689518787,2062.0,0.6793012524719841,1380.0,0.4545154911008569,345.0,0.1133816743572841,229.0,0.07514831905075807,0.07514831905075807,WACC_0p9_WRT_0p1,0.4060646011865524,653,False,,,False,False,False,False,False,135.0,0.3507853403141361
IBDD,Electricity,568,0.74,73,0.7499999999999998,0.4976236662662598,0,60,2854,1229,316,154,9,0.3974219659749473,0.48394582757573046,0.4426614937817889,0.3974219659749473,0.1838357749346038,0.22222222222222254,1.2233606186634038,-2.534149843841321,1.7596622789832348,-1.2199335447094035,0.0606453741297639,0.48394582757573046,0.5030446510599256,0.019098823484195115,0.4426614937817889,0.47181008754194836,0.02914859376015949,0.3974219659749473,0.44809440343077833,0.050672437455831054,0.1838357749346038,0.21640136170339275,0.03256558676878896,0.22222222222222254,0.22263146675566722,0.00040924453344468037,1567.0,0.5161502966381015,1513.0,0.4983520105471325,1207.0,0.3974950560316414,230.0,0.07547791694133157,355.0,0.11667765326301911,0.07547791694133157,WACC_0p7_WRT_0p3,0.32083058668424524,654,False,,,False,False,False,False,False,60.0,0.1544502617801047
IBDD,Electricity,9,0.73,74,0.7142857142857141,0.4953125156100612,0,66,661,2494,220,177,8,0.4002205640183184,0.48634257640438094,0.4452499825167314,0.4002205640183184,0.22270073803295595,0.2592592592592596,1.2233606186634038,-2.534149843841321,1.7596622789832348,-1.2199335447094035,0.0606453741297639,0.48634257640438094,0.49694860795388657,0.010606031549505623,0.4452499825167314,0.4733757291384085,0.02812574662167705,0.4002205640183184,0.46013941586604196,0.05991885184772355,0.22270073803295595,0.2258278771934422,0.0031271391604862364,0.2592592592592596,0.2158747609123976,0.04338449834686198,1467.0,0.4831905075807515,1530.0,0.503955174686882,1370.0,0.45121951219512196,380.0,0.12491760052735662,230.0,0.07547791694133157,0.07547791694133157,WACC_0p9_WRT_0p1,0.3277521423862887,655,False,,,False,False,False,False,False,66.0,0.17015706806282724
IBDD,Electricity,1987,0.73,54,0.7142857142857141,0.5487144138666213,0,46,4305,681,338,191,67,0.33555561127182615,0.43096283006424446,0.38543985646938406,0.33555561127182615,0.22270073803295595,0.2592592592592596,1.2233606186634038,-2.534149843841321,1.7596622789832348,-1.2199335447094035,0.0606453741297639,0.43096283006424446,0.4010402554426391,0.029922574621605358,0.38543985646938406,0.35745671934284057,0.02798313712654349,0.33555561127182615,0.3481224647026998,0.012566853430873659,0.22270073803295595,0.23134621766934924,0.008645479636393283,0.2592592592592596,0.2632269548499569,0.003967695590697318,449.0,0.14765985497692816,512.0,0.16842452208305866,231.0,0.07580751483190508,492.0,0.16183256427158865,1333.0,0.43902439024390244,0.07580751483190508,WACC_0p5_WRT_0p5,0.1985497692814766,656,False,,,False,False,False,False,False,46.0,0.11780104712041885
IBDD,Electricity,686,0.74,137,0.7499999999999998,0.390324214459635,0,123,1481,3182,91,231,4,0.5273520659774795,0.595219333152971,0.5628368798052087,0.5273520659774795,0.1961213561299603,0.22222222222222254,1.2233606186634038,-2.534149843841321,1.7596622789832348,-1.2199335447094035,0.0606453741297639,0.595219333152971,0.5299995408483973,0.06521979230457375,0.5628368798052087,0.5248588043854031,0.03797807541980558,0.5273520659774795,0.5119274645551661,0.015424601422313389,0.1961213561299603,0.2164743512225595,0.02035299509259922,0.22222222222222254,0.21654723404932763,0.0056749881728949125,1964.0,0.6470006591957811,2139.0,0.7046802900461437,2080.0,0.6852340145023071,231.0,0.07580751483190508,248.0,0.08141067897165458,0.07580751483190508,WACC_0p7_WRT_0p3,0.4388266315095583,657,False,,,False,False,False,False,False,123.0,0.3193717277486911
IBDD,Electricity,1055,0.73,142,0.7142857142857141,0.3841962317781302,0,134,3293,4261,561,244,8,0.5347725083862314,0.601574278156013,0.5697002204084941,0.5347725083862314,0.22270073803295595,0.2592592592592596,1.2233606186634038,-2.534149843841321,1.7596622789832348,-1.2199335447094035,0.0606453741297639,0.601574278156013,0.5612857172608527,0.04028856089516031,0.5697002204084941,0.552205374550647,0.017494845857847108,0.5347725083862314,0.5546743499036402,0.019901841517408814,0.22270073803295595,0.2343170125659494,0.011616274532993437,0.2592592592592596,0.21587508882724965,0.04338417043200993,2311.0,0.7613711272247857,2394.0,0.7887277521423863,2454.0,0.8085036255767963,561.0,0.1845748187211602,231.0,0.07580751483190508,0.07580751483190508,WACC_0p9_WRT_0p1,0.5237969676994069,658,False,,,False,False,False,False,False,134.0,0.3481675392670157
IBDD,Electricity,1960,0.73,36,0.7142857142857141,0.6169684576436263,0,28,2930,374,934,79,65,0.2529060302701837,0.36018085873994304,0.30899532743913843,0.2529060302701837,0.22270073803295595,0.2592592592592596,1.2233606186634038,-2.534149843841321,1.7596622789832348,-1.2199335447094035,0.0606453741297639,0.36018085873994304,0.4321173410523711,0.07193648231242805,0.30899532743913843,0.3430734084736105,0.034078081034472074,0.2529060302701837,0.3483094108464268,0.09540338057624309,0.22270073803295595,0.2533650455779544,0.030664307544998465,0.2592592592592596,0.2759708781975077,0.01671161893824813,684.0,0.22511535926170073,446.0,0.14667106130520766,232.0,0.07613711272247857,1059.0,0.34871456822676333,1634.0,0.538233355306526,0.07613711272247857,WACC_0p5_WRT_0p5,0.26697429136453527,659,False,,,False,False,False,False,False,28.0,0.07068062827225131
IBDD,Electricity,188,0.74,29,0.7499999999999998,0.6530777483102728,0,17,2308,1,1000,161,8,0.2091808884512559,0.3227341869374949,0.2685529218924944,0.2091808884512559,0.1838357749346038,0.22222222222222254,1.2233606186634038,-2.534149843841321,1.7596622789832348,-1.2199335447094035,0.0606453741297639,0.3227341869374949,0.3931027021272133,0.07036851518971843,0.2685529218924944,0.3402856045520548,0.0717326826595604,0.2091808884512559,0.34858456781690544,0.13940367936564954,0.1838357749346038,0.22821415588424615,0.04437838094964236,0.22222222222222254,0.284461067448757,0.062238845226534445,401.0,0.13183915622940012,425.0,0.13974950560316415,233.0,0.07646671061305207,422.0,0.13876071193144363,1783.0,0.5873434410019776,0.07646671061305207,WACC_0p5_WRT_0p5,0.2148319050758075,660,False,,,False,False,False,False,False,17.0,0.041884816753926704
IBDD,Electricity,1763,0.73,84,0.7142857142857141,0.4737621586253954,0,76,698,2634,985,210,12,0.4263161310595567,0.5086910947588492,0.4693863823395571,0.4263161310595567,0.22270073803295595,0.2592592592592596,1.2233606186634038,-2.534149843841321,1.7596622789832348,-1.2199335447094035,0.0606453741297639,0.5086910947588492,0.486154941317723,0.022536153441126194,0.4693863823395571,0.46955120585627425,0.00016482351671714968,0.4263161310595567,0.4522601686745237,0.025944037614966997,0.22270073803295595,0.2166078692872359,0.0060928687457200426,0.2592592592592596,0.2301906500356129,0.02906860922364668,1301.0,0.42847725774555045,1484.0,0.488793671720501,1261.0,0.41529334212261043,233.0,0.07646671061305207,501.0,0.16479894528675015,0.07646671061305207,WACC_0p7_WRT_0p3,0.31476598549769286,661,False,,,False,False,False,False,False,76.0,0.19633507853403143
IBDD,Electricity,243,0.75,19,0.7857142857142856,0.7228899759224219,0,6,142,1,1000,84,6,0.12464448530733939,0.25033632126563654,0.19036322696688743,0.12464448530733939,0.14497081183625146,0.18518518518518542,1.2233606186634038,-2.534149843841321,1.7596622789832348,-1.2199335447094035,0.0606453741297639,0.25033632126563654,0.3615116169273115,0.11117529566167494,0.19036322696688743,0.30251198210412744,0.11214875513724001,0.12464448530733939,0.3578045283241048,0.2331600430167654,0.14497081183625146,0.3191792310391575,0.17420841920290606,0.18518518518518542,0.3086472547066765,0.12346206952149105,233.0,0.07646671061305207,248.0,0.08141067897165458,298.0,0.09789057350032959,2189.0,0.7211601845748187,2087.0,0.6875411997363217,0.07646671061305207,WACC_0p1_WRT_0p9,0.3328938694792353,662,False,,,False,False,False,False,False,6.0,0.013089005235602094
IBDD,Electricity,468,0.72,104,0.6785714285714283,0.4373793521924517,0,97,3505,2350,655,181,1,0.47037247616302047,0.5464214125411612,0.5101351255444541,0.47037247616302047,0.2615657011313083,0.2962962962962967,1.2233606186634038,-2.534149843841321,1.7596622789832348,-1.2199335447094035,0.0606453741297639,0.5464214125411612,0.5402838022632337,0.006137610277927474,0.5101351255444541,0.5310063626604203,0.02087123711596628,0.47037247616302047,0.5204281960461336,0.05005571988311308,0.2615657011313083,0.24881537009532706,0.012750331035981222,0.2962962962962967,0.2159236468647478,0.08037264943154893,2099.0,0.6914963744232037,2196.0,0.7234673698088332,2162.0,0.7122610415293342,931.0,0.3065260382333553,233.0,0.07646671061305207,0.07646671061305207,WACC_0p9_WRT_0p1,0.5020435069215556,663,False,,,False,False,False,False,False,97.0,0.2513089005235602
IBDD,Electricity,2564,0.73,107,0.7142857142857141,0.4325289430314537,0,99,1759,2423,456,203,9,0.47624589058155303,0.5514514664858998,0.5155675838047717,0.47624589058155303,0.22270073803295595,0.2592592592592596,1.2233606186634038,-2.534149843841321,1.7596622789832348,-1.2199335447094035,0.0606453741297639,0.5514514664858998,0.5072459135734756,0.04420555291242423,0.5155675838047717,0.4917961533465343,0.02377143045823743,0.47624589058155303,0.48644274855982267,0.010196857978269636,0.22270073803295595,0.21991441459438477,0.0027863234385711866,0.2592592592592596,0.21605872380580143,0.043200535453458144,1628.0,0.536255767963085,1769.0,0.5827290705339486,1746.0,0.575148319050758,287.0,0.0942649967040211,234.0,0.07679630850362558,0.07679630850362558,WACC_0p9_WRT_0p1,0.3730388925510877,664,False,,,False,False,False,False,False,99.0,0.25654450261780104
IBDD,Electricity,1029,0.74,127,0.7499999999999998,0.4032760431131678,0,113,1231,3992,627,220,2,0.5116685525593311,0.5817878071419,0.548330831713252,0.5116685525593311,0.19008088801785153,0.22222222222222254,1.2233606186634038,-2.534149843841321,1.7596622789832348,-1.2199335447094035,0.0606453741297639,0.5817878071419,0.5621597565005558,0.019628050641344208,0.548330831713252,0.5425664260253841,0.005764405687867957,0.5116685525593311,0.5491876279232122,0.037519075363881105,0.19008088801785153,0.22864555440947143,0.0385646663916199,0.22222222222222254,0.2160841914639818,0.006138030758240737,2320.0,0.7643375082399473,2306.0,0.7597231377719182,2412.0,0.7946605141727093,432.0,0.14205669083717865,235.0,0.07712590639419907,0.07712590639419907,WACC_0p9_WRT_0p1,0.5075807514831905,665,False,,,False,False,False,False,False,113.0,0.2931937172774869
IBDD,Electricity,2731,0.72,67,0.6785714285714283,0.5121825999482407,0,60,1483,1963,138,231,18,0.3797923911972576,0.46884767412775036,0.4263554880579704,0.3797923911972576,0.2615657011313083,0.2962962962962967,1.2233606186634038,-2.534149843841321,1.7596622789832348,-1.2199335447094035,0.0606453741297639,0.46884767412775036,0.4661535207255945,0.002694153402155841,0.4263554880579704,0.4399150778652279,0.013559589807257466,0.3797923911972576,0.4320523680993076,0.052259976902049976,0.2615657011313083,0.21685745729626726,0.04470824383504102,0.2962962962962967,0.23552651201616442,0.0607697842801323,1038.0,0.34179301252471983,1137.0,0.3744232036914964,1006.0,0.33124588002636784,236.0,0.07745550428477257,642.0,0.2112722478576137,0.07745550428477257,WACC_0p7_WRT_0p3,0.2672379696769941,666,False,,,False,False,False,False,False,60.0,0.1544502617801047
IBDD,Electricity,1450,0.72,35,0.6785714285714283,0.6216859620209692,0,28,2617,1324,502,240,117,0.24719355173287308,0.35528863197825417,0.3037117225365144,0.24719355173287308,0.2615657011313083,0.2962962962962967,1.2233606186634038,-2.534149843841321,1.7596622789832348,-1.2199335447094035,0.0606453741297639,0.35528863197825417,0.3804328328483675,0.02514420087011332,0.3037117225365144,0.31501193617479156,0.011300213638277157,0.24719355173287308,0.3492128912213019,0.10201933948842881,0.2615657011313083,0.29767265348550054,0.03610695235419226,0.2962962962962967,0.3519813928178287,0.055685096521531974,322.0,0.10580092287409361,304.0,0.0998681608437706,236.0,0.07745550428477257,1919.0,0.6321687541199736,2429.0,0.8002636783124588,0.07745550428477257,WACC_0p5_WRT_0p5,0.34311140408701385,667,False,,,False,False,False,False,False,28.0,0.07068062827225131
IBDD,Electricity,2429,0.71,43,0.6428571428571426,0.5871348551894666,0,40,2344,1584,980,187,186,0.2890318714095271,0.3911194094331457,0.3424089621877973,0.2890318714095271,0.3004306642296604,0.3333333333333337,1.2233606186634038,-2.534149843841321,1.7596622789832348,-1.2199335447094035,0.0606453741297639,0.3911194094331457,0.3623524413553975,0.0287669680777482,0.3424089621877973,0.3047771232019303,0.03763183898586703,0.2890318714095271,0.4174257949048642,0.12839392349533713,0.3004306642296604,0.44458418192701743,0.14415351769735701,0.3333333333333337,0.48609307861911,0.1527597452857763,236.0,0.07745550428477257,256.0,0.08404746209624259,841.0,0.27686222808174027,2938.0,0.9680290046143705,2950.0,0.9719841793012525,0.07745550428477257,WACC_0p1_WRT_0p9,0.4756756756756757,668,False,,,False,False,False,False,False,40.0,0.10209424083769633
IBDD,Electricity,1873,0.74,161,0.7499999999999998,0.3627167154193049,0,147,4327,927,504,140,8,0.5607822937254692,0.6238493321577578,0.5937572787303784,0.5607822937254692,0.208996929307243,0.22222222222222254,1.2233606186634038,-2.534149843841321,1.7596622789832348,-1.2199335447094035,0.0606453741297639,0.6238493321577578,0.6001443827458138,0.02370494941194401,0.5937572787303784,0.5710705318132678,0.02268674691711059,0.5607822937254692,0.5429674802884568,0.01781481343701241,0.208996929307243,0.2500309756221952,0.041034046314952166,0.22222222222222254,0.21619131171981318,0.0060309105024093645,2637.0,0.8688200395517469,2547.0,0.8391562294001318,2354.0,0.7755438365194463,968.0,0.3187211601845748,237.0,0.07778510217534608,0.07778510217534608,WACC_0p9_WRT_0p1,0.5760052735662492,669,False,,,False,False,False,False,False,147.0,0.38219895287958117
IBDD,Electricity,2084,0.71,42,0.6428571428571426,0.5910931476464545,0,39,2490,1547,563,167,101,0.2842387310335392,0.3870145135518249,0.33797567463597095,0.2842387310335392,0.3004306642296604,0.3333333333333337,1.2233606186634038,-2.534149843841321,1.7596622789832348,-1.2199335447094035,0.0606453741297639,0.3870145135518249,0.3952178125857431,0.008203299033918199,0.33797567463597095,0.3348771368043286,0.003098537831642323,0.2842387310335392,0.34950528891798616,0.06526655788444696,0.3004306642296604,0.2911781665491817,0.0092524976804787,0.3333333333333337,0.3286321848167199,0.004701148516613796,414.0,0.13612392880685564,395.0,0.12986156888595912,238.0,0.07811470006591958,1830.0,0.6028345418589321,2258.0,0.7439024390243902,0.07811470006591958,WACC_0p5_WRT_0p5,0.33816743572841135,670,False,,,False,False,False,False,False,39.0,0.09947643979057591
IBDD,Electricity,1769,0.71,42,0.6428571428571426,0.5910931476464545,0,39,4309,1583,495,239,220,0.2842387310335392,0.3870145135518249,0.33797567463597095,0.2842387310335392,0.3004306642296604,0.3333333333333337,1.2233606186634038,-2.534149843841321,1.7596622789832348,-1.2199335447094035,0.0606453741297639,0.3870145135518249,0.36844426734179864,0.018570246210026287,0.33797567463597095,0.29883776866405337,0.039137905971917575,0.2842387310335392,0.43648856602377456,0.15224983499023537,0.3004306642296604,0.4534980770501118,0.1530674128204514,0.3333333333333337,0.47858742678979677,0.14525409345646306,263.0,0.08635464733025709,238.0,0.07811470006591958,1070.0,0.35234014502307187,2964.0,0.9765985497692815,2940.0,0.9686882003955175,0.07811470006591958,WACC_0p3_WRT_0p7,0.49241924851680957,671,False,,,False,False,False,False,False,39.0,0.09947643979057591
IBDD,Electricity,1248,0.73,30,0.7142857142857141,0.6474320576490926,0,22,912,136,919,113,67,0.21601731808663274,0.3285889772527928,0.27487609543301617,0.21601731808663274,0.22270073803295595,0.2592592592592596,1.2233606186634038,-2.534149843841321,1.7596622789832348,-1.2199335447094035,0.0606453741297639,0.3285889772527928,0.37136075940933844,0.042771782156545646,0.27487609543301617,0.31338647340612386,0.03851037797310769,0.21601731808663274,0.3498451911180981,0.13382787303146534,0.22270073803295595,0.25974903701248175,0.0370482989795258,0.2592592592592596,0.2908951723190571,0.031635913059797516,276.0,0.09063941990771258,295.0,0.09690177982860909,239.0,0.07844429795649308,1220.0,0.4017798286090969,1874.0,0.6173368490441661,0.07844429795649308,WACC_0p5_WRT_0p5,0.25702043506921557,672,False,,,False,False,False,False,False,22.0,0.0549738219895288
IBDD,Electricity,2229,0.74,77,0.7499999999999998,0.4885595662217817,0,64,4136,725,227,137,40,0.40839778556566114,0.49334563502926343,0.4528132858316045,0.40839778556566114,0.1838357749346038,0.22222222222222254,1.2233606186634038,-2.534149843841321,1.7596622789832348,-1.2199335447094035,0.0606453741297639,0.49334563502926343,0.475051461610013,0.018294173419250437,0.4528132858316045,0.42149969474221644,0.03131359108938808,0.40839778556566114,0.4084263668272965,2.8581261635352018e-05,0.1838357749346038,0.217047794686112,0.0332120197515082,0.22222222222222254,0.24902303588093194,0.0268008136587094,1143.0,0.3764007910349374,962.0,0.3167435728411338,757.0,0.24917600527356626,239.0,0.07844429795649308,991.0,0.32630191166776534,0.07844429795649308,WACC_0p7_WRT_0p3,0.26941331575477917,673,False,,,False,False,False,False,False,64.0,0.1649214659685864
IBDD,Electricity,1932,0.72,54,0.6785714285714283,0.5487144138666213,0,47,1545,1016,534,195,55,0.33555561127182615,0.43096283006424446,0.38543985646938406,0.33555561127182615,0.2615657011313083,0.2962962962962967,1.2233606186634038,-2.534149843841321,1.7596622789832348,-1.2199335447094035,0.0606453741297639,0.43096283006424446,0.4027384217746416,0.028224408289602876,0.38543985646938406,0.34674612263723553,0.038693733832148525,0.33555561127182615,0.3499437666487608,0.014388155376934664,0.2615657011313083,0.22371627929268062,0.03784942183862766,0.2962962962962967,0.26682229484856984,0.029474001447726883,460.0,0.15128543177323664,463.0,0.15227422544495714,240.0,0.07877389584706658,332.0,0.10909690177982861,1430.0,0.47099538562953197,0.07877389584706658,WACC_0p5_WRT_0p5,0.19248516809492416,674,False,,,False,False,False,False,False,47.0,0.12041884816753927
IBDD,Electricity,1989,0.73,87,0.7142857142857141,0.4677900638121001,0,79,3418,2662,106,187,10,0.43354780711429075,0.5148843782689332,0.47607512853044787,0.43354780711429075,0.22270073803295595,0.2592592592592596,1.2233606186634038,-2.534149843841321,1.7596622789832348,-1.2199335447094035,0.0606453741297639,0.5148843782689332,0.526507634039122,0.011623255770188856,0.47607512853044787,0.5250463276008862,0.04897119907043834,0.43354780711429075,0.5197885572076314,0.08624075009334065,0.22270073803295595,0.2306379826760015,0.007937244643045543,0.2592592592592596,0.21630579389241664,0.04295346536684294,1926.0,0.6344759393539882,2140.0,0.7050098879367172,2155.0,0.7099538562953197,482.0,0.15853658536585366,240.0,0.07877389584706658,0.07877389584706658,WACC_0p9_WRT_0p1,0.45735003295978915,675,False,,,False,False,False,False,False,79.0,0.20418848167539266
IBDD,Electricity,2010,0.72,39,0.6785714285714283,0.6035451845450552,0,32,3389,472,842,103,93,0.2691604210121032,0.3741012901014241,0.32402939330953806,0.2691604210121032,0.2615657011313083,0.2962962962962967,1.2233606186634038,-2.534149843841321,1.7596622789832348,-1.2199335447094035,0.0606453741297639,0.3741012901014241,0.3918472509886737,0.017745960887249557,0.32402939330953806,0.31321019469993805,0.010819198609600011,0.2691604210121032,0.3500760348244784,0.08091561381237522,0.2615657011313083,0.2611640697806153,0.00040163135069298805,0.2962962962962967,0.3063631248914998,0.010066828595203081,387.0,0.12722478576137114,291.0,0.0955833882663151,241.0,0.07910349373764008,1259.0,0.4146341463414634,2055.0,0.6769940672379697,0.07910349373764008,WACC_0p5_WRT_0p5,0.2787079762689519,676,False,,,False,False,False,False,False,32.0,0.08115183246073299
IBDD,Electricity,990,0.74,87,0.7499999999999998,0.4677900638121001,0,74,1844,1928,45,219,9,0.43354780711429075,0.5148843782689332,0.47607512853044787,0.43354780711429075,0.1838357749346038,0.22222222222222254,1.2233606186634038,-2.534149843841321,1.7596622789832348,-1.2199335447094035,0.0606453741297639,0.5148843782689332,0.48125007598226205,0.033634302286671136,0.47607512853044787,0.4491830924282343,0.02689203610221358,0.43354780711429075,0.4415234627556607,0.007975655641369928,0.1838357749346038,0.2172110713519688,0.033375296417365,0.22222222222222254,0.23059203529435734,0.008369813072134802,1222.0,0.4024390243902439,1229.0,0.4047462096242584,1129.0,0.37178642056690836,241.0,0.07910349373764008,510.0,0.16776532630191165,0.07910349373764008,WACC_0p7_WRT_0p3,0.2851680949241925,677,False,,,False,False,False,False,False,74.0,0.19109947643979058
IBDD,Electricity,40,0.69,5,0.5714285714285711,0.930187772387851,0,6,1,1,608,61,8,0.3080507851631509,0.03536082863482116,0.08571428571428578,0.3080507851631509,0.3781605904263649,0.4074074074074079,1.2233606186634038,-2.534149843841321,1.7596622789832348,-1.2199335447094035,0.0606453741297639,0.03536082863482116,0.363607076511038,0.32824624787621687,0.08571428571428578,0.31282697023548994,0.22711268452120414,0.3080507851631509,0.425871351292011,0.1178205661288601,0.3781605904263649,0.3831195579060774,0.004958967479712473,0.4074074074074079,0.38908573822813125,0.018321669179276634,241.0,0.07910349373764008,289.0,0.09492419248516809,944.0,0.3108108108108108,2758.0,0.9087013843111404,2652.0,0.8737640079103494,0.07910349373764008,WACC_0p1_WRT_0p9,0.45346077785102173,678,False,,,False,False,False,False,False,6.0,0.013089005235602094
IBDD,Electricity,878,0.74,152,0.7499999999999998,0.3725581447239429,0,138,4428,4535,726,241,4,0.5488651974850901,0.6136434054714666,0.5827348779091839,0.5488651974850901,0.20440708786612544,0.22222222222222254,1.2233606186634038,-2.534149843841321,1.7596622789832348,-1.2199335447094035,0.0606453741297639,0.6136434054714666,0.5858553167066738,0.027788088764792773,0.5827348779091839,0.5718253100559764,0.010909567853207514,0.5488651974850901,0.5771983292199575,0.0283331317348674,0.20440708786612544,0.23477600602795504,0.0303689181618296,0.22222222222222254,0.2163310768674096,0.005891145354812943,2527.0,0.8325642715886619,2556.0,0.8421226104152933,2604.0,0.8579433091628214,574.0,0.18885959129861568,241.0,0.07910349373764008,0.07910349373764008,WACC_0p9_WRT_0p1,0.5601186552406064,679,False,,,False,False,False,False,False,138.0,0.3586387434554974
IBDD,Electricity,1661,0.73,37,0.7142857142857141,0.6123767684992667,0,29,4048,210,307,232,41,0.2584661577420591,0.3649426104452048,0.31413801928082125,0.2584661577420591,0.22270073803295595,0.2592592592592596,1.2233606186634038,-2.534149843841321,1.7596622789832348,-1.2199335447094035,0.0606453741297639,0.3649426104452048,0.4283668458566397,0.06342423541143488,0.31413801928082125,0.38021364487810694,0.06607562559728569,0.2584661577420591,0.36953727095136707,0.11107111320930796,0.22270073803295595,0.21721972491015126,0.00548101312280469,0.2592592592592596,0.23713350610366432,0.022125753155595257,651.0,0.21423862887277523,652.0,0.21456822676334872,384.0,0.12623599208965064,242.0,0.07943309162821358,690.0,0.22709294660514173,0.07943309162821358,WACC_0p7_WRT_0p3,0.172313777191826,680,False,,,False,False,False,False,False,29.0,0.07329842931937172
IBDD,Electricity,1208,0.74,54,0.7499999999999998,0.5487144138666213,0,41,3484,1189,994,175,157,0.33555561127182615,0.43096283006424446,0.38543985646938406,0.33555561127182615,0.1838357749346038,0.22222222222222254,1.2233606186634038,-2.534149843841321,1.7596622789832348,-1.2199335447094035,0.0606453741297639,0.43096283006424446,0.36376945302615943,0.06719337703808503,0.38543985646938406,0.303987882791334,0.08145197367805007,0.33555561127182615,0.38138055907939,0.045824947807563854,0.1838357749346038,0.3629380087307217,0.1791022337961179,0.22222222222222254,0.3999630546966983,0.17774083247447575,242.0,0.07943309162821358,254.0,0.08338826631509558,479.0,0.15754779169413316,2629.0,0.8661832564271589,2696.0,0.8882663150955834,0.07943309162821358,WACC_0p1_WRT_0p9,0.4149637442320369,681,False,,,False,False,False,False,False,41.0,0.10471204188481675
IBDD,Electricity,314,0.74,162,0.7499999999999998,0.3616571542990457,0,148,4473,4107,510,210,6,0.5620653280746305,0.6249481362824711,0.5949439871850688,0.5620653280746305,0.20949108695331492,0.22222222222222254,1.2233606186634038,-2.534149843841321,1.7596622789832348,-1.2199335447094035,0.0606453741297639,0.6249481362824711,0.5783825059357577,0.04656563034671346,0.5949439871850688,0.562167641377544,0.032776345807524754,0.5620653280746305,0.5911919183134522,0.029126590238821692,0.20949108695331492,0.23313452023138245,0.023643433278067533,0.22222222222222254,0.2163719616927642,0.005850260529458334,2464.0,0.8117996044825313,2472.0,0.8144363876071193,2687.0,0.8852999340804218,534.0,0.17567567567567569,242.0,0.07943309162821358,0.07943309162821358,WACC_0p9_WRT_0p1,0.5533289386947924,682,False,,,False,False,False,False,False,148.0,0.38481675392670156
IBDD,Electricity,1678,0.74,40,0.7499999999999998,0.5992936564701963,0,28,3077,1170,362,187,79,0.2743086436603003,0.37851028217905563,0.3287911047533801,0.2743086436603003,0.1838357749346038,0.22222222222222254,1.2233606186634038,-2.534149843841321,1.7596622789832348,-1.2199335447094035,0.0606453741297639,0.37851028217905563,0.3902145553062554,0.011704273127199738,0.3287911047533801,0.3425555921709482,0.013764487417568139,0.2743086436603003,0.35021481679000116,0.07590617312970088,0.1838357749346038,0.25157994500014685,0.06774417006554306,0.22222222222222254,0.2921896755892175,0.06996745336699495,380.0,0.12491760052735662,441.0,0.14502307185234015,243.0,0.07976268951878708,1013.0,0.3335530652603823,1890.0,0.6226104152933422,0.07976268951878708,WACC_0p5_WRT_0p5,0.2611733684904417,683,False,,,False,False,False,False,False,28.0,0.07068062827225131
IBDD,Electricity,413,0.73,133,0.7142857142857141,0.3953886424656859,0,125,3608,3166,805,171,7,0.5212194937583065,0.5899673337392888,0.5571647204384318,0.5212194937583065,0.22270073803295595,0.2592592592592596,1.2233606186634038,-2.534149843841321,1.7596622789832348,-1.2199335447094035,0.0606453741297639,0.5899673337392888,0.5579661480267307,0.032001185712558056,0.5571647204384318,0.5552597811167508,0.0019049393216810095,0.5212194937583065,0.5517722802124652,0.03055278645415871,0.22270073803295595,0.24508733817980413,0.02238660014684818,0.2592592592592596,0.21642946645731834,0.04282979280194124,2278.0,0.7504943968358603,2419.0,0.7969676994067239,2430.0,0.8005932762030323,825.0,0.27158866183256425,243.0,0.07976268951878708,0.07976268951878708,WACC_0p9_WRT_0p1,0.5398813447593935,684,False,,,False,False,False,False,False,125.0,0.32460732984293195
IBDD,Electricity,1985,0.73,37,0.7142857142857141,0.6123767684992667,0,29,2336,1113,693,249,41,0.2584661577420591,0.3649426104452048,0.31413801928082125,0.2584661577420591,0.22270073803295595,0.2592592592592596,1.2233606186634038,-2.534149843841321,1.7596622789832348,-1.2199335447094035,0.0606453741297639,0.3649426104452048,0.3963247544339738,0.031382143988768985,0.31413801928082125,0.33776266090799223,0.023624641627170984,0.2584661577420591,0.35039209372856966,0.09192593598651055,0.22270073803295595,0.244205682923285,0.02150494489032906,0.2592592592592596,0.2772568904345964,0.017997631175336815,424.0,0.13941990771259063,417.0,0.13711272247857614,244.0,0.08009228740936059,803.0,0.2643375082399473,1665.0,0.5484508899143046,0.08009228740936059,WACC_0p5_WRT_0p5,0.23388266315095585,685,False,,,False,False,False,False,False,29.0,0.07329842931937172
IBDD,Electricity,1261,0.72,65,0.6785714285714283,0.5173226275773177,0,58,3867,1705,363,193,32,0.3735682745534433,0.46351727510500373,0.42059865711340405,0.3735682745534433,0.2615657011313083,0.2962962962962967,1.2233606186634038,-2.534149843841321,1.7596622789832348,-1.2199335447094035,0.0606453741297639,0.46351727510500373,0.4830602555813969,0.01954298047639319,0.42059865711340405,0.4519656886251645,0.03136703151176046,0.3735682745534433,0.44877860027036176,0.07521032571691844,0.2615657011313083,0.21728971118908735,0.04427598994222093,0.2962962962962967,0.22908756905030803,0.0672087272459887,1252.0,0.41232696110744893,1262.0,0.4156229400131839,1213.0,0.3994726433750824,244.0,0.08009228740936059,481.0,0.15820698747528017,0.08009228740936059,WACC_0p7_WRT_0p3,0.2931443638760712,686,False,,,False,False,False,False,False,58.0,0.14921465968586387
IBDD,Electricity,2623,0.74,60,0.7499999999999998,0.5308869724893325,0,47,3680,1068,279,180,141,0.3571430583830649,0.44945054704809956,0.4054065908119476,0.3571430583830649,0.1838357749346038,0.22222222222222254,1.2233606186634038,-2.534149843841321,1.7596622789832348,-1.2199335447094035,0.0606453741297639,0.44945054704809956,0.3648702923889302,0.08458025465916935,0.4054065908119476,0.3176509746156155,0.0877556161963321,0.3571430583830649,0.36399892795366334,0.006855869570598416,0.1838357749346038,0.307278964996591,0.12344319006198723,0.22222222222222254,0.372799362057611,0.15057713983538845,244.0,0.08009228740936059,315.0,0.1034937376400791,342.0,0.1123928806855636,2053.0,0.6763348714568227,2564.0,0.8447593935398814,0.08009228740936059,WACC_0p1_WRT_0p9,0.36341463414634145,687,False,,,False,False,False,False,False,47.0,0.12041884816753927
IBDD,Electricity,656,0.73,145,0.7142857142857141,0.3806214707353315,0,137,525,2252,784,120,3,0.5391012263056209,0.6052814377559526,0.5737039527764287,0.5391012263056209,0.22270073803295595,0.2592592592592596,1.2233606186634038,-2.534149843841321,1.7596622789832348,-1.2199335447094035,0.0606453741297639,0.6052814377559526,0.5338958062773859,0.07138563147856669,0.5737039527764287,0.4983476400018895,0.07535631277453919,0.5391012263056209,0.47321290748337164,0.06588831882224921,0.22270073803295595,0.24638601361105766,0.02368527557810171,0.2592592592592596,0.21645136379084245,0.04280789546841712,2023.0,0.6664469347396177,1847.0,0.6084377059986816,1540.0,0.507251153592617,868.0,0.2857613711272248,244.0,0.08009228740936059,0.08009228740936059,WACC_0p9_WRT_0p1,0.42959789057350034,688,False,,,False,False,False,False,False,137.0,0.35602094240837695
IBDD,Electricity,1860,0.71,31,0.6428571428571426,0.6419656258679005,0,29,83,979,499,93,69,0.22263668114980414,0.3342578694703253,0.2809984990279513,0.22263668114980414,0.3004306642296604,0.3333333333333337,1.2233606186634038,-2.534149843841321,1.7596622789832348,-1.2199335447094035,0.0606453741297639,0.3342578694703253,0.37436898300638255,0.04011111353605723,0.2809984990279513,0.3098305773238692,0.028832078295917885,0.22263668114980414,0.3504293347864585,0.12779265363665435,0.3004306642296604,0.32456704235333333,0.02413637812367292,0.3333333333333337,0.36053824653278377,0.027204913199450065,287.0,0.0942649967040211,274.0,0.08998022412656559,245.0,0.08042188529993408,2253.0,0.7422544495715228,2478.0,0.8164139749505603,0.08042188529993408,WACC_0p5_WRT_0p5,0.3646671061305208,689,False,,,False,False,False,False,False,29.0,0.07329842931937172
IBDD,Electricity,1420,0.73,108,0.7142857142857141,0.4309420365106688,0,100,3046,1806,720,150,3,0.478167493343437,0.5530971473222692,0.5173449191080508,0.478167493343437,0.22270073803295595,0.2592592592592596,1.2233606186634038,-2.534149843841321,1.7596622789832348,-1.2199335447094035,0.0606453741297639,0.5530971473222692,0.5535304805996406,0.00043333327737138383,0.5173449191080508,0.5296051825022753,0.01226026339422448,0.478167493343437,0.500011805128881,0.021844311785443993,0.22270073803295595,0.2456609061139029,0.022960168080946947,0.2592592592592596,0.2164557291608415,0.042803530098418086,2240.0,0.7379696769940672,2182.0,0.7188529993408043,1931.0,0.6361239288068556,842.0,0.2771918259723138,245.0,0.08042188529993408,0.08042188529993408,WACC_0p9_WRT_0p1,0.49011206328279505,690,False,,,False,False,False,False,False,100.0,0.2591623036649215
IBDD,Electricity,176,0.67,25,0.5,0.6777165852112971,0,27,2013,689,1000,180,1,0.3945444370177566,0.29718280052161783,0.24095742456334718,0.3945444370177566,0.455890516623069,0.48148148148148157,1.2233606186634038,-2.534149843841321,1.7596622789832348,-1.2199335447094035,0.0606453741297639,0.29718280052161783,0.4704593359444969,0.17327653542287907,0.24095742456334718,0.41510194789595206,0.17414452333260488,0.3945444370177566,0.39345720910815507,0.0010872279096015292,0.455890516623069,0.21736971490566945,0.23852080171739956,0.48148148148148157,0.23455822550910924,0.24692325597237233,1083.0,0.35662491760052734,907.0,0.2986156888595913,605.0,0.1990771259063942,246.0,0.08075148319050758,620.0,0.2040210942649967,0.08075148319050758,WACC_0p7_WRT_0p3,0.2278180619644034,691,False,,,False,False,False,False,False,27.0,0.06806282722513089
IBDD,Electricity,2289,0.73,42,0.7142857142857141,0.5910931476464545,0,34,2199,1425,876,222,11,0.2842387310335392,0.3870145135518249,0.33797567463597095,0.2842387310335392,0.22270073803295595,0.2592592592592596,1.2233606186634038,-2.534149843841321,1.7596622789832348,-1.2199335447094035,0.0606453741297639,0.3870145135518249,0.4483624491236309,0.061347935571805956,0.33797567463597095,0.4081357777051412,0.07016010306917025,0.2842387310335392,0.39386727885663425,0.10962854782309506,0.22270073803295595,0.21738359719227687,0.00531714084067908,0.2592592592592596,0.23608146146502462,0.023177797794234956,844.0,0.27785102175346077,854.0,0.2811470006591958,606.0,0.1994067237969677,247.0,0.08108108108108109,660.0,0.21720500988793673,0.08108108108108109,WACC_0p7_WRT_0p3,0.21133816743572842,692,False,,,False,False,False,False,False,34.0,0.08638743455497382
IBDD,Electricity,2584,0.73,50,0.7142857142857141,0.5617151637134581,0,42,3465,894,763,119,106,0.31981285863641046,0.4174805709638212,0.3708790166409269,0.31981285863641046,0.22270073803295595,0.2592592592592596,1.2233606186634038,-2.534149843841321,1.7596622789832348,-1.2199335447094035,0.0606453741297639,0.4174805709638212,0.3709800834954921,0.04650048746832908,0.3708790166409269,0.3175836884121316,0.05329532822879529,0.31981285863641046,0.3506416802296685,0.03082882159325806,0.22270073803295595,0.2829795292762892,0.06027879124333327,0.2592592592592596,0.33960030314243717,0.08034104388317759,275.0,0.0903098220171391,314.0,0.1031641397495056,247.0,0.08108108108108109,1700.0,0.5599868160843771,2339.0,0.7705998681608438,0.08108108108108109,WACC_0p5_WRT_0p5,0.3210283454185893,693,False,,,False,False,False,False,False,42.0,0.10732984293193717
IBDD,Electricity,667,0.73,208,0.7142857142857141,0.3188564150660998,0,192,636,4189,841,192,3,0.6138932194113095,0.6693340880796003,0.6428808151259683,0.6138932194113095,0.22945247676376254,0.2592592592592596,1.2233606186634038,-2.534149843841321,1.7596622789832348,-1.2199335447094035,0.0606453741297639,0.6693340880796003,0.5462947383266127,0.12303934975298758,0.6428808151259683,0.5165978010050841,0.12628301412088416,0.6138932194113095,0.5232015076323348,0.09069171177897473,0.22945247676376254,0.2322467257408966,0.0027942489771340673,0.2592592592592596,0.21653981248223403,0.04271944677702555,2164.0,0.7129202373104813,2060.0,0.6786420566908372,2185.0,0.7198417930125247,514.0,0.16908371786420567,247.0,0.08108108108108109,0.08108108108108109,WACC_0p9_WRT_0p1,0.47231377719182593,694,False,,,False,False,False,False,False,192.0,0.5
IBDD,Electricity,79,0.69,13,0.5714285714285711,0.7843016038821788,0,14,2060,137,1000,162,10,0.3080507851631509,0.18665018856662932,0.12158220365195957,0.3080507851631509,0.3781605904263649,0.4074074074074079,1.2233606186634038,-2.534149843841321,1.7596622789832348,-1.2199335447094035,0.0606453741297639,0.18665018856662932,0.41439216636298204,0.22774197779635272,0.12158220365195957,0.36888133565655634,0.24729913200459677,0.3080507851631509,0.35075625392558923,0.04270546876243836,0.3781605904263649,0.23052969211334792,0.14763089831301698,0.4074074074074079,0.2609991559038915,0.14640825150351638,541.0,0.17798286090969018,586.0,0.19281476598549768,248.0,0.08141067897165458,477.0,0.15688859591298615,1274.0,0.4195781147000659,0.08141067897165458,WACC_0p5_WRT_0p5,0.2057350032959789,695,False,,,False,False,False,False,False,14.0,0.034031413612565446
IBDD,Electricity,3020,0.69,36,0.5714285714285711,0.6169684576436263,0,35,185,1268,688,205,50,0.3080507851631509,0.36018085873994304,0.30899532743913843,0.3080507851631509,0.3781605904263649,0.4074074074074079,1.2233606186634038,-2.534149843841321,1.7596622789832348,-1.2199335447094035,0.0606453741297639,0.36018085873994304,0.365579316818141,0.005398458078197943,0.30899532743913843,0.31149380978712815,0.0024984823479897167,0.3080507851631509,0.3641743616630013,0.05612357649985045,0.3781605904263649,0.29088676133753066,0.08727382908883424,0.4074074074074079,0.3544513066274572,0.052956100779950666,248.0,0.08141067897165458,282.0,0.0926170072511536,344.0,0.11305207646671062,1823.0,0.6005273566249176,2449.0,0.8068556361239289,0.08141067897165458,WACC_0p1_WRT_0p9,0.3388925510876731,696,False,,,False,False,False,False,False,35.0,0.08900523560209424
IBDD,Electricity,1615,0.73,48,0.7142857142857141,0.5686032077643577,0,40,4086,411,463,126,90,0.3114720494590426,0.4103374141702957,0.3631644073039193,0.3114720494590426,0.22270073803295595,0.2592592592592596,1.2233606186634038,-2.534149843841321,1.7596622789832348,-1.2199335447094035,0.0606453741297639,0.4103374141702957,0.3924982408117685,0.017839173358527194,0.3631644073039193,0.3267759313580959,0.036388475945823395,0.3114720494590426,0.35082551069613654,0.039353461237093934,0.22270073803295595,0.2560839855014168,0.03338324746846086,0.2592592592592596,0.3085207336176102,0.0492614743583506,395.0,0.12986156888595912,358.0,0.11766644693473961,249.0,0.08174027686222808,1124.0,0.3701384311140409,2085.0,0.6868820039551747,0.08174027686222808,WACC_0p5_WRT_0p5,0.2772577455504285,697,False,,,False,False,False,False,False,40.0,0.10209424083769633
IBDD,Electricity,207,0.73,108,0.7142857142857141,0.4309420365106688,0,100,1966,1608,1000,209,8,0.478167493343437,0.5530971473222692,0.5173449191080508,0.478167493343437,0.22270073803295595,0.2592592592592596,1.2233606186634038,-2.534149843841321,1.7596622789832348,-1.2199335447094035,0.0606453741297639,0.5530971473222692,0.4782865269357245,0.07481062038654474,0.5173449191080508,0.4366292589661204,0.08071566014193038,0.478167493343437,0.42108832417924097,0.05707916916419603,0.22270073803295595,0.2176479523604729,0.0050527856724830456,0.2592592592592596,0.24159460096342425,0.017664658295835328,1186.0,0.39057350032959787,1107.0,0.36453526697429134,882.0,0.2903757415952538,249.0,0.08174027686222808,793.0,0.26104152933421226,0.08174027686222808,WACC_0p7_WRT_0p3,0.2776532630191167,698,False,,,False,False,False,False,False,100.0,0.2591623036649215
IBDD,Electricity,1044,0.72,86,0.6785714285714283,0.4697578353865064,0,79,4066,1656,411,189,10,0.4311650106214855,0.5128437262658452,0.4738712243671128,0.4311650106214855,0.2615657011313083,0.2962962962962967,1.2233606186634038,-2.534149843841321,1.7596622789832348,-1.2199335447094035,0.0606453741297639,0.5128437262658452,0.5383295163719283,0.025485790106083095,0.4738712243671128,0.5121981663603232,0.038326941993210406,0.4311650106214855,0.5108935483248234,0.07972853770333788,0.2615657011313083,0.21794039054408482,0.043625310587223465,0.2962962962962967,0.2165481614908429,0.07974813480545381,2077.0,0.6842452208305867,2011.0,0.6624917600527357,2067.0,0.6809492419248517,252.0,0.08272907053394858,249.0,0.08174027686222808,0.08174027686222808,WACC_0p9_WRT_0p1,0.4384311140408702,699,False,,,False,False,False,False,False,79.0,0.20418848167539266
IBDD,Electricity,4,0.71,26,0.6428571428571426,0.6712185257861867,0,25,4956,930,304,198,153,0.22155713330854457,0.3039215288143248,0.24823525111947084,0.22155713330854457,0.3004306642296604,0.3333333333333337,1.2233606186634038,-2.534149843841321,1.7596622789832348,-1.2199335447094035,0.0606453741297639,0.3039215288143248,0.36597226990159354,0.06205074108726871,0.24823525111947084,0.30293682026773133,0.05470156914826049,0.22155713330854457,0.365548775130847,0.14399164182230242,0.3004306642296604,0.3275109133718774,0.02708024914221696,0.3333333333333337,0.36796323812270304,0.03462990478936934,250.0,0.08206987475280159,251.0,0.08239947264337508,353.0,0.11601845748187212,2284.0,0.7524719841793013,2533.0,0.8345418589321029,0.08206987475280159,WACC_0p1_WRT_0p9,0.3735003295978906,700,False,,,False,False,False,False,False,25.0,0.06282722513089005
IBDD,Electricity,697,0.72,123,0.6785714285714283,0.4087424748943598,0,116,916,3525,887,179,3,0.5050491894961598,0.5761189149243676,0.542208428118317,0.5050491894961598,0.2615657011313083,0.2962962962962967,1.2233606186634038,-2.534149843841321,1.7596622789832348,-1.2199335447094035,0.0606453741297639,0.5761189149243676,0.5412457405892546,0.034873174335113055,0.542208428118317,0.5168141290374417,0.025394299080875316,0.5050491894961598,0.5182148992519079,0.013165709755748045,0.2615657011313083,0.23947746939392245,0.022088231737385833,0.2962962962962967,0.2166920327031861,0.07960426359311062,2115.0,0.6967699406723797,2063.0,0.6796308503625577,2133.0,0.7027027027027027,677.0,0.2228081740276862,250.0,0.08206987475280159,0.08206987475280159,WACC_0p9_WRT_0p1,0.47679630850362553,701,False,,,False,False,False,False,False,116.0,0.3010471204188482
IBDD,Electricity,2438,0.71,49,0.6428571428571426,0.56512474322221,0,46,2888,1728,683,246,227,0.31568416087440226,0.413944710732523,0.3670602875911248,0.31568416087440226,0.3004306642296604,0.3333333333333337,1.2233606186634038,-2.534149843841321,1.7596622789832348,-1.2199335447094035,0.0606453741297639,0.413944710732523,0.3707232156556628,0.043221495076860184,0.3670602875911248,0.30289501983071004,0.06416526776041476,0.31568416087440226,0.4443237111183253,0.12863955024392304,0.3004306642296604,0.4651705722842481,0.16473990805458766,0.3333333333333337,0.5071867856643854,0.17385345233105165,274.0,0.08998022412656559,250.0,0.08206987475280159,1167.0,0.3843111404087014,2986.0,0.9838497033618985,2990.0,0.9851680949241924,0.08206987475280159,WACC_0p3_WRT_0p7,0.5050758075148318,702,False,,,False,False,False,False,False,46.0,0.11780104712041885
IBDD,Electricity,2689,0.73,50,0.7142857142857141,0.5617151637134581,0,42,2731,1440,225,236,87,0.31981285863641046,0.4174805709638212,0.3708790166409269,0.31981285863641046,0.22270073803295595,0.2592592592592596,1.2233606186634038,-2.534149843841321,1.7596622789832348,-1.2199335447094035,0.0606453741297639,0.4174805709638212,0.39623146714010626,0.02124910382371492,0.3708790166409269,0.34932186372843965,0.02155715291248722,0.31981285863641046,0.3510644595287142,0.03125160089230372,0.22270073803295595,0.25890210364005967,0.036201365607103714,0.2592592592592596,0.305275116803252,0.0460158575439924,423.0,0.13909030982201714,479.0,0.15754779169413316,251.0,0.08239947264337508,1198.0,0.39452867501647987,2041.0,0.6723796967699407,0.08239947264337508,WACC_0p5_WRT_0p5,0.28918918918918923,703,False,,,False,False,False,False,False,42.0,0.10732984293193717
IBDD,Electricity,2099,0.72,76,0.6785714285714283,0.4907812504490119,0,69,2689,2838,804,163,34,0.4057075234165282,0.49104166620102463,0.45032499949710664,0.4057075234165282,0.2615657011313083,0.2962962962962967,1.2233606186634038,-2.534149843841321,1.7596622789832348,-1.2199335447094035,0.0606453741297639,0.49104166620102463,0.4792975092078555,0.011744156993169108,0.45032499949710664,0.4673942137960325,0.017069214298925883,0.4057075234165282,0.4632147284579604,0.0575072050414322,0.2615657011313083,0.21788216412582978,0.0436835370054785,0.2962962962962967,0.2399594059592784,0.05633689033701833,1201.0,0.39551746868820037,1456.0,0.47956493078444296,1409.0,0.46407382992748847,251.0,0.08239947264337508,757.0,0.24917600527356626,0.08239947264337508,WACC_0p7_WRT_0p3,0.3341463414634146,704,False,,,False,False,False,False,False,69.0,0.17801047120418848
IBDD,Electricity,32,0.69,5,0.5714285714285711,0.930187772387851,0,6,1,1,913,59,7,0.3080507851631509,0.03536082863482116,0.08571428571428578,0.3080507851631509,0.3781605904263649,0.4074074074074079,1.2233606186634038,-2.534149843841321,1.7596622789832348,-1.2199335447094035,0.0606453741297639,0.03536082863482116,0.36624213539715145,0.3308813067623303,0.08571428571428578,0.32806737224565535,0.24235308653136955,0.3080507851631509,0.4313017689043455,0.12325098374119464,0.3781605904263649,0.36340075856596543,0.014759831860399475,0.4074074074074079,0.3730818411971634,0.03432556621024446,251.0,0.08239947264337508,365.0,0.11997363216875412,995.0,0.3276203032300593,2633.0,0.8675016479894528,2566.0,0.8454185893210283,0.08239947264337508,WACC_0p1_WRT_0p9,0.4485827290705339,705,False,,,False,False,False,False,False,6.0,0.013089005235602094
IBDD,Electricity,150,0.74,178,0.7499999999999998,0.3455351501104867,0,164,1247,5000,1000,244,1,0.5815876423194026,0.6416672517372731,0.6130006318762549,0.5815876423194026,0.21701006012763283,0.22222222222222254,1.2233606186634038,-2.534149843841321,1.7596622789832348,-1.2199335447094035,0.0606453741297639,0.6416672517372731,0.5835981002833835,0.05806915145388958,0.6130006318762549,0.5714364510753785,0.041564180800876316,0.5815876423194026,0.574735269270451,0.006852373048951588,0.21701006012763283,0.24234317719759702,0.02533311706996419,0.22222222222222254,0.21674113707622222,0.00548108514600032,2511.0,0.8272907053394858,2552.0,0.8408042188529994,2589.0,0.8529993408042189,748.0,0.24620962425840476,251.0,0.08239947264337508,0.08239947264337508,WACC_0p9_WRT_0p1,0.5699406723796969,706,False,,,False,False,False,False,False,164.0,0.42670157068062825
IBDD,Electricity,943,0.73,116,0.7142857142857141,0.4187473386096327,0,108,1364,2262,592,175,2,0.4929341887095774,0.5657435007011216,0.5310029807572112,0.4929341887095774,0.22270073803295595,0.2592592592592596,1.2233606186634038,-2.534149843841321,1.7596622789832348,-1.2199335447094035,0.0606453741297639,0.5657435007011216,0.5275666559778059,0.03817684472331562,0.5310029807572112,0.4977308579111646,0.03327212284604658,0.4929341887095774,0.4918318104148907,0.001102378294686679,0.22270073803295595,0.24024073009511956,0.017539992062163612,0.2592592592592596,0.21675301458570947,0.0425062446735501,1939.0,0.6387607119314437,1839.0,0.6058009228740936,1824.0,0.6008569545154911,693.0,0.22808174027686223,252.0,0.08272907053394858,0.08272907053394858,WACC_0p9_WRT_0p1,0.43124588002636777,707,False,,,False,False,False,False,False,108.0,0.2801047120418848
IBDD,Electricity,1636,0.73,49,0.7142857142857141,0.56512474322221,0,41,508,1545,325,203,89,0.31568416087440226,0.413944710732523,0.3670602875911248,0.31568416087440226,0.22270073803295595,0.2592592592592596,1.2233606186634038,-2.534149843841321,1.7596622789832348,-1.2199335447094035,0.0606453741297639,0.413944710732523,0.3871236226633232,0.026821088069199805,0.3670602875911248,0.33629588609179784,0.030764401499326965,0.31568416087440226,0.3513126186571817,0.035628457782779455,0.22270073803295595,0.2799523336333121,0.05725159560035617,0.2592592592592596,0.32224311116511173,0.06298385190585215,362.0,0.11898483849703362,410.0,0.13480553724456162,253.0,0.08305866842452209,1646.0,0.542188529993408,2213.0,0.7290705339485827,0.08305866842452209,WACC_0p5_WRT_0p5,0.32162162162162156,708,False,,,False,False,False,False,False,41.0,0.10471204188481675
IBDD,Electricity,961,0.69,119,0.5714285714285711,0.41438816555554,0,117,2293,2869,49,177,4,0.498212759860783,0.5702641246090697,0.5358852545777952,0.498212759860783,0.3781605904263649,0.4074074074074079,1.2233606186634038,-2.534149843841321,1.7596622789832348,-1.2199335447094035,0.0606453741297639,0.5702641246090697,0.5108615763258445,0.05940254828322522,0.5358852545777952,0.4866447474702514,0.04924050710754385,0.498212759860783,0.48596686959509594,0.012245890265687065,0.3781605904263649,0.23063306827509877,0.14752752215126613,0.4074074074074079,0.216825972792281,0.1905814346151269,1688.0,0.5560316413974951,1698.0,0.55932762030323,1737.0,0.5721819380355966,481.0,0.15820698747528017,253.0,0.08305866842452209,0.08305866842452209,WACC_0p9_WRT_0p1,0.38576137112722475,709,False,,,False,False,False,False,False,117.0,0.3036649214659686
IBDD,Electricity,2823,0.73,48,0.7142857142857141,0.5686032077643577,0,40,4820,434,761,234,69,0.3114720494590426,0.4103374141702957,0.3631644073039193,0.3114720494590426,0.22270073803295595,0.2592592592592596,1.2233606186634038,-2.534149843841321,1.7596622789832348,-1.2199335447094035,0.0606453741297639,0.4103374141702957,0.4139515570527473,0.0036141428824515986,0.3631644073039193,0.34038088637185027,0.022783520932069035,0.3114720494590426,0.35149044163174603,0.04001839217270342,0.22270073803295595,0.2307932921548163,0.008092554121860357,0.2592592592592596,0.256738501078104,0.0025207581811556024,534.0,0.17567567567567569,426.0,0.14007910349373764,254.0,0.08338826631509558,486.0,0.15985497692814765,1180.0,0.38859591298615687,0.08338826631509558,WACC_0p5_WRT_0p5,0.1895187870797627,710,False,,,False,False,False,False,False,40.0,0.10209424083769633
IBDD,Electricity,490,0.74,201,0.7499999999999998,0.3247219310219678,0,182,3386,4092,392,174,2,0.6067906008808266,0.6632513307920334,0.6363114372553961,0.6067906008808266,0.2267169200296313,0.22222222222222254,1.2233606186634038,-2.534149843841321,1.7596622789832348,-1.2199335447094035,0.0606453741297639,0.6632513307920334,0.5785776067691446,0.08467372402288875,0.6363114372553961,0.563576630216297,0.07273480703909907,0.6067906008808266,0.5822385006993533,0.024552100181473246,0.2267169200296313,0.254619856443383,0.02790293641375166,0.22222222222222254,0.21683046318266946,0.005391759039553079,2466.0,0.8124588002636783,2482.0,0.8177323665128543,2633.0,0.8675016479894528,1093.0,0.35992089650626236,254.0,0.08338826631509558,0.08338826631509558,WACC_0p9_WRT_0p1,0.5882003955174686,711,False,,,False,False,False,False,False,182.0,0.4738219895287958
IBDD,Electricity,2318,0.71,29,0.6428571428571426,0.6530777483102728,0,27,4944,1048,183,186,166,0.22155713330854457,0.3227341869374949,0.2685529218924944,0.22155713330854457,0.3004306642296604,0.3333333333333337,1.2233606186634038,-2.534149843841321,1.7596622789832348,-1.2199335447094035,0.0606453741297639,0.3227341869374949,0.3671849373297578,0.04445075039226293,0.2685529218924944,0.3079249985376919,0.039372076645197485,0.22155713330854457,0.3699846354443622,0.14842750213581765,0.3004306642296604,0.3574562057617978,0.0570255415321374,0.3333333333333337,0.3920728890551075,0.058739555721773806,255.0,0.08371786420566908,268.0,0.08800263678312459,388.0,0.12755438365194463,2582.0,0.8506921555702044,2665.0,0.8780487804878049,0.08371786420566908,WACC_0p1_WRT_0p9,0.4056031641397495,712,False,,,False,False,False,False,False,27.0,0.06806282722513089
IBDD,Electricity,1169,0.73,77,0.7142857142857141,0.4885595662217817,0,69,4827,538,80,160,6,0.40839778556566114,0.49334563502926343,0.4528132858316045,0.40839778556566114,0.22270073803295595,0.2592592592592596,1.2233606186634038,-2.534149843841321,1.7596622789832348,-1.2199335447094035,0.0606453741297639,0.49334563502926343,0.5783207887362756,0.08497515370701214,0.4528132858316045,0.5444966203678776,0.09168333453627309,0.40839778556566114,0.5174519039199614,0.10905411835430029,0.22270073803295595,0.2296128239108963,0.006912085877940344,0.2592592592592596,0.21684932775118232,0.04240993150807726,2461.0,0.8108108108108109,2323.0,0.7653263019116677,2126.0,0.7003955174686882,448.0,0.14733025708635464,255.0,0.08371786420566908,0.08371786420566908,WACC_0p9_WRT_0p1,0.5015161502966381,713,False,,,False,False,False,False,False,69.0,0.17801047120418848
IBDD,Electricity,1549,0.73,41,0.7142857142857141,0.5951445848926633,0,33,334,1109,423,153,21,0.279332800595958,0.38281302307427506,0.33343806492021705,0.279332800595958,0.22270073803295595,0.2592592592592596,1.2233606186634038,-2.534149843841321,1.7596622789832348,-1.2199335447094035,0.0606453741297639,0.38281302307427506,0.42735407831668215,0.04454105524240709,0.33343806492021705,0.3585383731667272,0.02510030824651016,0.279332800595958,0.35803555461764935,0.07870275402169136,0.22270073803295595,0.21815485954050984,0.004545878492446115,0.2592592592592596,0.24604470179555876,0.013214557463700816,647.0,0.2129202373104812,521.0,0.17139090309822017,301.0,0.09887936717205009,256.0,0.08404746209624259,906.0,0.2982860909690178,0.08404746209624259,WACC_0p7_WRT_0p3,0.17310481212920237,714,False,,,False,False,False,False,False,33.0,0.08376963350785341
IBDD,Electricity,2876,0.73,169,0.7142857142857141,0.3544173672480289,0,159,4077,1705,377,160,6,0.5708320667643204,0.6324560635946368,0.6030525486822076,0.5708320667643204,0.22270073803295595,0.2592592592592596,1.2233606186634038,-2.534149843841321,1.7596622789832348,-1.2199335447094035,0.0606453741297639,0.6324560635946368,0.5807590175519451,0.05169704604269165,0.6030525486822076,0.5629965616692935,0.04005598701291413,0.5708320667643204,0.5407281322363903,0.030103934527930143,0.22270073803295595,0.2466903635705619,0.023989625537605946,0.2592592592592596,0.21685578230952843,0.04240347694973115,2490.0,0.8203691496374423,2478.0,0.8164139749505603,2329.0,0.7673038892551087,875.0,0.2880685563612393,256.0,0.08404746209624259,0.08404746209624259,WACC_0p9_WRT_0p1,0.5552406064601186,715,False,,,False,False,False,False,False,159.0,0.41361256544502617
IBDD,Electricity,2363,0.73,46,0.7142857142857141,0.5757783350642198,0,38,655,1330,421,242,68,0.30278360798142806,0.40289654141488307,0.3551282647280737,0.30278360798142806,0.22270073803295595,0.2592592592592596,1.2233606186634038,-2.534149843841321,1.7596622789832348,-1.2199335447094035,0.0606453741297639,0.40289654141488307,0.38649837039167895,0.016398171023204122,0.3551282647280737,0.32940237663355776,0.025725888094515925,0.30278360798142806,0.351662647587306,0.048879039605877916,0.22270073803295595,0.2550040208558241,0.032303282822868123,0.2592592592592596,0.3029342021990788,0.04367494293981922,357.0,0.11733684904416612,370.0,0.12162162162162163,257.0,0.08437705998681608,1104.0,0.36354647330257084,2027.0,0.6677653263019117,0.08437705998681608,WACC_0p5_WRT_0p5,0.27092946605141727,716,False,,,False,False,False,False,False,38.0,0.0968586387434555
IBDD,Electricity,793,0.73,110,0.7142857142857141,0.427811438654111,0,102,679,2730,614,241,8,0.4819583691188635,0.5563436932475886,0.5208511887073957,0.4819583691188635,0.22270073803295595,0.2592592592592596,1.2233606186634038,-2.534149843841321,1.7596622789832348,-1.2199335447094035,0.0606453741297639,0.5563436932475886,0.4914847732506354,0.0648589199969532,0.5208511887073957,0.46870784368470225,0.05214334502269341,0.4819583691188635,0.4614343625180397,0.02052400660082382,0.22270073803295595,0.2182267686615955,0.0044739693713604645,0.2592592592592596,0.22638110296027686,0.03287815629898272,1382.0,0.45517468688200396,1475.0,0.4858272907053395,1385.0,0.45616348055372447,257.0,0.08437705998681608,430.0,0.14139749505603164,0.08437705998681608,WACC_0p7_WRT_0p3,0.32458800263678317,717,False,,,False,False,False,False,False,102.0,0.2643979057591623
IBDD,Electricity,1238,0.71,39,0.6428571428571426,0.6035451845450552,0,36,1059,1410,941,192,167,0.2691604210121032,0.3741012901014241,0.32402939330953806,0.2691604210121032,0.3004306642296604,0.3333333333333337,1.2233606186634038,-2.534149843841321,1.7596622789832348,-1.2199335447094035,0.0606453741297639,0.3741012901014241,0.3771093869042205,0.0030080968027964006,0.32402939330953806,0.3048756632513948,0.019153730058143248,0.2691604210121032,0.3922431566018974,0.12308273558979421,0.3004306642296604,0.4113780666385072,0.11094740240884676,0.3333333333333337,0.42345368013696494,0.09012034680363123,302.0,0.0992089650626236,257.0,0.08437705998681608,591.0,0.1944627554383652,2859.0,0.9419907712590639,2780.0,0.9159525379037574,0.08437705998681608,WACC_0p3_WRT_0p7,0.4471984179301252,718,False,,,False,False,False,False,False,36.0,0.09162303664921466
IBDD,Electricity,2202,0.74,134,0.7499999999999998,0.3941085017086084,0,120,831,4937,81,203,1,0.5227696304438523,0.5912948871169988,0.5585984780863587,0.5227696304438523,0.19435644191854132,0.22222222222222254,1.2233606186634038,-2.534149843841321,1.7596622789832348,-1.2199335447094035,0.0606453741297639,0.5912948871169988,0.5579382910209899,0.03335659609600894,0.5585984780863587,0.5478856788839394,0.010712799202419299,0.5227696304438523,0.546359355278072,0.023589724834219727,0.19435644191854132,0.24347571124226608,0.04911926932372476,0.22222222222222254,0.21690420746226,0.005318014759962547,2276.0,0.7498352010547132,2353.0,0.7752142386288727,2384.0,0.7854317732366513,782.0,0.2574159525379038,257.0,0.08437705998681608,0.08437705998681608,WACC_0p9_WRT_0p1,0.5304548450889913,719,False,,,False,False,False,False,False,120.0,0.31151832460732987
IBDD,Electricity,1342,0.74,32,0.7499999999999998,0.636667418954684,0,20,3782,527,582,157,51,0.22905233884867993,0.3397523062692165,0.2869324907707538,0.22905233884867993,0.1838357749346038,0.22222222222222254,1.2233606186634038,-2.534149843841321,1.7596622789832348,-1.2199335447094035,0.0606453741297639,0.3397523062692165,0.42946180158097896,0.08970949531176248,0.2869324907707538,0.36759955148253565,0.08066706071178187,0.22905233884867993,0.3577911666393629,0.12873882779068296,0.1838357749346038,0.21832180979253593,0.03448603485793214,0.22222222222222254,0.24727846060013717,0.025056238377914625,661.0,0.21753460777851022,577.0,0.18984838497033618,297.0,0.0975609756097561,258.0,0.08470665787738958,949.0,0.31245880026367834,0.08470665787738958,WACC_0p7_WRT_0p3,0.18042188529993408,720,False,,,False,False,False,False,False,20.0,0.049738219895287955
IBDD,Electricity,452,0.73,129,0.7142857142857141,0.4006065611337189,0,121,2574,2996,236,186,3,0.5149010579888075,0.5845561588242916,0.5513206515302349,0.5149010579888075,0.22270073803295595,0.2592592592592596,1.2233606186634038,-2.534149843841321,1.7596622789832348,-1.2199335447094035,0.0606453741297639,0.5845561588242916,0.5141399685736512,0.07041619025064039,0.5513206515302349,0.5006154866512746,0.05070516487896026,0.5149010579888075,0.49004216173317106,0.02485889625563642,0.22270073803295595,0.23917560228473628,0.016474864251780325,0.2592592592592596,0.2169148567954494,0.04234440246381019,1737.0,0.5721819380355966,1885.0,0.6209624258404747,1806.0,0.5949241924851681,670.0,0.22050098879367172,258.0,0.08470665787738958,0.08470665787738958,WACC_0p9_WRT_0p1,0.41865524060646014,721,False,,,False,False,False,False,False,121.0,0.31413612565445026
IBDD,Electricity,2367,0.72,52,0.6785714285714283,0.5550921110787378,0,45,813,1012,335,160,12,0.32783278675964167,0.42434892184427186,0.3782968355918136,0.32783278675964167,0.2615657011313083,0.2962962962962967,1.2233606186634038,-2.534149843841321,1.7596622789832348,-1.2199335447094035,0.0606453741297639,0.42434892184427186,0.4670454374467546,0.04269651560248272,0.3782968355918136,0.42419895099818894,0.04590211540637534,0.32783278675964167,0.39883025594949695,0.07099746918985528,0.2615657011313083,0.21835091476026838,0.0432147863710399,0.2962962962962967,0.23922966821474792,0.057066628081548804,1047.0,0.34475939353988133,989.0,0.3256427158866183,663.0,0.21819380355965723,259.0,0.08503625576796309,734.0,0.24159525379037575,0.08503625576796309,WACC_0p7_WRT_0p3,0.24304548450889912,722,False,,,False,False,False,False,False,45.0,0.11518324607329843
IBDD,Electricity,2537,0.71,41,0.6428571428571426,0.5951445848926633,0,38,1114,1176,717,185,98,0.279332800595958,0.38281302307427506,0.33343806492021705,0.279332800595958,0.3004306642296604,0.3333333333333337,1.2233606186634038,-2.534149843841321,1.7596622789832348,-1.2199335447094035,0.0606453741297639,0.38281302307427506,0.38281245285630455,5.702179705080468e-07,0.33343806492021705,0.32611014869121635,0.007327916229000697,0.279332800595958,0.35178794793756396,0.07245514734160596,0.3004306642296604,0.27127214871035826,0.029158515519302153,0.3333333333333337,0.3165738718611514,0.016759461472182324,339.0,0.1114040870138431,356.0,0.11700725115359262,259.0,0.08503625576796309,1467.0,0.4831905075807515,2172.0,0.7155570204350692,0.08503625576796309,WACC_0p5_WRT_0p5,0.3024390243902439,723,False,,,False,False,False,False,False,38.0,0.0968586387434555
IBDD,Electricity,655,0.74,202,0.7499999999999998,0.3238716668808341,0,183,1358,3768,139,156,1,0.607820195189334,0.6641330861976534,0.6372637330934657,0.607820195189334,0.22711346584325942,0.22222222222222254,1.2233606186634038,-2.534149843841321,1.7596622789832348,-1.2199335447094035,0.0606453741297639,0.6641330861976534,0.5755335178484859,0.08859956834916749,0.6372637330934657,0.5611014850173099,0.07616224807615579,0.607820195189334,0.5594500758437096,0.048370119345624296,0.22711346584325942,0.25890357384769863,0.03179010800443921,0.22222222222222254,0.21698187555555895,0.005240346666663592,2436.0,0.8025708635464733,2464.0,0.8117996044825313,2484.0,0.8183915622940013,1199.0,0.3948582729070534,259.0,0.08503625576796309,0.08503625576796309,WACC_0p9_WRT_0p1,0.5825313117996045,724,False,,,False,False,False,False,False,183.0,0.47643979057591623
IBDD,Electricity,1703,0.74,21,0.7499999999999998,0.706479646566833,0,10,167,165,536,80,29,0.14451593570476354,0.2673544405973583,0.2087427958451469,0.14451593570476354,0.1838357749346038,0.22222222222222254,1.2233606186634038,-2.534149843841321,1.7596622789832348,-1.2199335447094035,0.0606453741297639,0.2673544405973583,0.38686567246088926,0.11951123186353096,0.2087427958451469,0.31092158165966455,0.10217878581451764,0.14451593570476354,0.3520819434080513,0.20756600770328779,0.1838357749346038,0.2841863164117058,0.10035054147710198,0.22222222222222254,0.2708482304579172,0.048626008235694684,360.0,0.11832564271588662,277.0,0.09096901779828609,260.0,0.08536585365853659,1718.0,0.5659195781147001,1526.0,0.502636783124588,0.08536585365853659,WACC_0p5_WRT_0p5,0.2726433750823995,725,False,,,False,False,False,False,False,10.0,0.02356020942408377
IBDD,Electricity,183,0.72,85,0.6785714285714283,0.4717483562690882,0,78,2985,2329,2,250,1,0.4287546667383026,0.5107794823876122,0.4716418409786212,0.4287546667383026,0.2615657011313083,0.2962962962962967,1.2233606186634038,-2.534149843841321,1.7596622789832348,-1.2199335447094035,0.0606453741297639,0.5107794823876122,0.5050924923974149,0.005686989990197233,0.4716418409786212,0.490708492717786,0.019066651739164775,0.4287546667383026,0.48046863078504826,0.051713964046745664,0.2615657011313083,0.21835277850729595,0.04321292262401233,0.2962962962962967,0.21931720089957973,0.07697909539671699,1593.0,0.5247198417930126,1757.0,0.5787738958470666,1656.0,0.545484508899143,260.0,0.08536585365853659,293.0,0.0962425840474621,0.08536585365853659,WACC_0p7_WRT_0p3,0.36611733684904413,726,False,,,False,False,False,False,False,78.0,0.20157068062827224
IBDD,Electricity,59,0.69,4,0.5714285714285711,0.9615795586771548,0,4,1,1,168,61,8,0.3080507851631509,0.01234567901234569,0.08571428571428578,0.3080507851631509,0.3781605904263649,0.4074074074074079,1.2233606186634038,-2.534149843841321,1.7596622789832348,-1.2199335447094035,0.0606453741297639,0.01234567901234569,0.3678717832624101,0.3555261042500644,0.08571428571428578,0.3335809860606722,0.24786670034638641,0.3080507851631509,0.43532620555200247,0.1272754203888516,0.3781605904263649,0.3806994923514704,0.0025389019251054745,0.4074074074074079,0.3928016770562309,0.01460573035117696,260.0,0.08536585365853659,391.0,0.12854317732366513,1055.0,0.34739617666446937,2746.0,0.9047462096242584,2671.0,0.8800263678312459,0.08536585365853659,WACC_0p1_WRT_0p9,0.4692155570204351,727,False,,,False,False,False,False,False,4.0,0.007853403141361256
IBDD,Electricity,1543,0.72,48,0.6785714285714283,0.5686032077643577,0,41,1856,851,872,223,46,0.3114720494590426,0.4103374141702957,0.3631644073039193,0.3114720494590426,0.2615657011313083,0.2962962962962967,1.2233606186634038,-2.534149843841321,1.7596622789832348,-1.2199335447094035,0.0606453741297639,0.4103374141702957,0.388582696995417,0.0217547171748787,0.3631644073039193,0.34245590391484043,0.02070850338907887,0.3114720494590426,0.3522097416853502,0.040737692226307576,0.2615657011313083,0.2374880234952379,0.024077677636070383,0.2962962962962967,0.26704174778056267,0.029254548515734058,368.0,0.12096242584047462,440.0,0.14469347396176666,261.0,0.08569545154911008,640.0,0.21061305207646672,1436.0,0.47297297297297297,0.08569545154911008,WACC_0p5_WRT_0p5,0.2069874752801582,728,False,,,False,False,False,False,False,41.0,0.10471204188481675
IBDD,Electricity,2376,0.74,115,0.7499999999999998,0.4202252716212888,0,101,1376,3658,721,240,7,0.4911445431823328,0.5642108294297744,0.5293476957841564,0.4911445431823328,0.1838357749346038,0.22222222222222254,1.2233606186634038,-2.534149843841321,1.7596622789832348,-1.2199335447094035,0.0606453741297639,0.5642108294297744,0.5421385515222441,0.022072277907530302,0.5293476957841564,0.5227570373791839,0.006590658404972527,0.4911445431823328,0.5195144572522458,0.02836991406991296,0.1838357749346038,0.2183968352996454,0.03456106036504161,0.22222222222222254,0.23330447772372254,0.011082255501499993,2126.0,0.7003955174686882,2123.0,0.6994067237969677,2149.0,0.7079762689518787,261.0,0.08569545154911008,578.0,0.1901779828609097,0.08569545154911008,WACC_0p7_WRT_0p3,0.4767303889255109,729,False,,,False,False,False,False,False,101.0,0.2617801047120419
IBDD,Electricity,759,0.73,121,0.7142857142857141,0.411542181111966,0,113,3946,3348,44,175,9,0.5016589940878285,0.5732155158838871,0.5390727571545981,0.5016589940878285,0.22270073803295595,0.2592592592592596,1.2233606186634038,-2.534149843841321,1.7596622789832348,-1.2199335447094035,0.0606453741297639,0.5732155158838871,0.5632763274224318,0.00993918846145525,0.5390727571545981,0.5656570135700638,0.02658425641546569,0.5016589940878285,0.5690764926608262,0.06741749857299761,0.22270073803295595,0.23361588714510367,0.01091514911214772,0.2592592592592596,0.21708029224706904,0.04217896701219054,2333.0,0.7686222808174028,2498.0,0.8230059327620303,2545.0,0.8384970336189849,545.0,0.17930125247198417,261.0,0.08569545154911008,0.08569545154911008,WACC_0p9_WRT_0p1,0.5390243902439025,730,False,,,False,False,False,False,False,113.0,0.2931937172774869
IBDD,Electricity,205,0.72,41,0.6785714285714283,0.5951445848926633,0,34,2254,1031,1000,168,1,0.279332800595958,0.38281302307427506,0.33343806492021705,0.279332800595958,0.2615657011313083,0.2962962962962967,1.2233606186634038,-2.534149843841321,1.7596622789832348,-1.2199335447094035,0.0606453741297639,0.38281302307427506,0.4747358690949985,0.09192284602072343,0.33343806492021705,0.4245697335522699,0.09113166863205285,0.279332800595958,0.39854287354766393,0.11921007295170594,0.2615657011313083,0.22611334491024232,0.03545235622106596,0.2962962962962967,0.2171721495157353,0.07912414678056143,1141.0,0.37574159525379036,994.0,0.32729070533948584,659.0,0.2168754119973632,382.0,0.12557679630850363,262.0,0.08602504943968359,0.08602504943968359,WACC_0p9_WRT_0p1,0.2263019116677653,731,False,,,False,False,False,False,False,34.0,0.08638743455497382
IBDD,Electricity,2592,0.73,58,0.7142857142857141,0.5366267752811291,0,50,1557,816,920,174,6,0.35019266732163634,0.4434981589677179,0.3989780116851353,0.35019266732163634,0.22270073803295595,0.2592592592592596,1.2233606186634038,-2.534149843841321,1.7596622789832348,-1.2199335447094035,0.0606453741297639,0.4434981589677179,0.4870303073848417,0.04353214841712383,0.3989780116851353,0.44406767024250227,0.04508965855736696,0.35019266732163634,0.4264516904517939,0.07625902313015753,0.22270073803295595,0.21839954492293462,0.004301193110021334,0.2592592592592596,0.219327301161194,0.03993195809806557,1313.0,0.43243243243243246,1176.0,0.3872775214238629,957.0,0.3150955833882663,262.0,0.08602504943968359,294.0,0.0965721819380356,0.08602504943968359,WACC_0p7_WRT_0p3,0.2634805537244561,732,False,,,False,False,False,False,False,50.0,0.12827225130890052
IBDD,Electricity,1908,0.73,90,0.7142857142857141,0.462018189093476,0,82,4614,1837,319,172,22,0.4405370344287458,0.5208700261252841,0.48253962821530677,0.4405370344287458,0.22270073803295595,0.2592592592592596,1.2233606186634038,-2.534149843841321,1.7596622789832348,-1.2199335447094035,0.0606453741297639,0.5208700261252841,0.5227135145522941,0.0018434884270099872,0.48253962821530677,0.4996674647751479,0.017127836559841125,0.4405370344287458,0.4939166094758526,0.053379575047106775,0.22270073803295595,0.22802151366161136,0.005320775628655405,0.2592592592592596,0.2172101294954388,0.042049129763820775,1867.0,0.6150296638101516,1872.0,0.6166776532630192,1859.0,0.6123928806855636,416.0,0.13678312458800262,263.0,0.08635464733025709,0.08635464733025709,WACC_0p9_WRT_0p1,0.41344759393539887,733,False,,,False,False,False,False,False,82.0,0.21204188481675393
IBDD,Electricity,2395,0.71,42,0.6428571428571426,0.5910931476464545,0,39,3205,1534,606,247,165,0.2842387310335392,0.3870145135518249,0.33797567463597095,0.2842387310335392,0.3004306642296604,0.3333333333333337,1.2233606186634038,-2.534149843841321,1.7596622789832348,-1.2199335447094035,0.0606453741297639,0.3870145135518249,0.37547489189466127,0.011539621657163657,0.33797567463597095,0.30656295007655504,0.031412724559415905,0.2842387310335392,0.39110554280357107,0.10686681177003188,0.3004306642296604,0.37356726991454026,0.07313660568487984,0.3333333333333337,0.4187759098075696,0.08544257647423592,291.0,0.0955833882663151,263.0,0.08635464733025709,574.0,0.18885959129861568,2706.0,0.8915622940013184,2763.0,0.9103493737640079,0.08635464733025709,WACC_0p3_WRT_0p7,0.4345418589321028,734,False,,,False,False,False,False,False,39.0,0.09947643979057591
IBDD,Electricity,1721,0.72,30,0.6785714285714283,0.6474320576490926,0,23,1830,433,276,163,25,0.21601731808663274,0.3285889772527928,0.27487609543301617,0.21601731808663274,0.2615657011313083,0.2962962962962967,1.2233606186634038,-2.534149843841321,1.7596622789832348,-1.2199335447094035,0.0606453741297639,0.3285889772527928,0.431866260268853,0.1032772830160602,0.27487609543301617,0.38870607214495007,0.1138299767119339,0.21601731808663274,0.35252269609267917,0.13650537800604642,0.2615657011313083,0.22672173228780476,0.03484396884350352,0.2962962962962967,0.2467884124624802,0.04950788383381652,681.0,0.22412656558998023,708.0,0.23302570863546473,264.0,0.08668424522083058,393.0,0.12920237310481214,925.0,0.3045484508899143,0.08668424522083058,WACC_0p5_WRT_0p5,0.1955174686882004,735,False,,,False,False,False,False,False,23.0,0.05759162303664921
IBDD,Electricity,2568,0.72,53,0.6785714285714283,0.5518737344088203,0,46,4622,1332,199,212,39,0.33172995487678936,0.4276864976501123,0.38190141746212125,0.33172995487678936,0.2615657011313083,0.2962962962962967,1.2233606186634038,-2.534149843841321,1.7596622789832348,-1.2199335447094035,0.0606453741297639,0.4276864976501123,0.4702667750502056,0.04258027740009329,0.38190141746212125,0.4239317078631846,0.042030290401063375,0.33172995487678936,0.4314844379733116,0.09975448309652224,0.2615657011313083,0.2184415936988125,0.043124107432495784,0.2962962962962967,0.23013103628177517,0.06616526001452155,1080.0,0.35563612392880684,986.0,0.3246539222148978,1000.0,0.32926829268292684,264.0,0.08668424522083058,499.0,0.16413974950560317,0.08668424522083058,WACC_0p7_WRT_0p3,0.25207646671061307,736,False,,,False,False,False,False,False,46.0,0.11780104712041885
IBDD,Electricity,538,0.73,247,0.7142857142857141,0.2893976835169932,0,226,3643,4995,532,154,4,0.6495651252009237,0.6998838837601553,0.6758745944609676,0.6495651252009237,0.24319142693872606,0.2592592592592596,1.2233606186634038,-2.534149843841321,1.7596622789832348,-1.2199335447094035,0.0606453741297639,0.6998838837601553,0.6006796714027973,0.09920421235735799,0.6758745944609676,0.5954217288633289,0.08045286559763876,0.6495651252009237,0.5978349822892159,0.051730142911707744,0.24319142693872606,0.2779398220552262,0.03474839511650016,0.2592592592592596,0.21724376414332103,0.04201549511593855,2642.0,0.8704680290046144,2693.0,0.8872775214238628,2721.0,0.8965062623599209,1609.0,0.5299934080421885,264.0,0.08668424522083058,0.08668424522083058,WACC_0p9_WRT_0p1,0.6541858932102835,737,False,,,False,False,False,False,False,226.0,0.5890052356020943
IBDD,Electricity,165,0.74,34,0.7499999999999998,0.6265363711819671,0,22,2356,1,2,214,1,0.24132013731434054,0.3502585780335155,0.2982792642761968,0.24132013731434054,0.1838357749346038,0.22222222222222254,1.2233606186634038,-2.534149843841321,1.7596622789832348,-1.2199335447094035,0.0606453741297639,0.3502585780335155,0.43559961357920796,0.08534103554569245,0.2982792642761968,0.36864011103176086,0.07036084675556409,0.24132013731434054,0.36971076086063315,0.1283906235462926,0.1838357749346038,0.21847659507791173,0.03464082014330794,0.22222222222222254,0.26240422172934996,0.04018199950712742,714.0,0.23500329597890574,582.0,0.1914963744232037,385.0,0.12656558998022413,265.0,0.08701384311140409,1309.0,0.43111404087013844,0.08701384311140409,WACC_0p7_WRT_0p3,0.2142386288727752,738,False,,,False,False,False,False,False,22.0,0.0549738219895288
IBDD,Electricity,1929,0.72,58,0.6785714285714283,0.5366267752811291,0,51,4470,817,438,246,89,0.35019266732163634,0.4434981589677179,0.3989780116851353,0.35019266732163634,0.2615657011313083,0.2962962962962967,1.2233606186634038,-2.534149843841321,1.7596622789832348,-1.2199335447094035,0.0606453741297639,0.4434981589677179,0.39399429295847244,0.049503866009245445,0.3989780116851353,0.3460461327659899,0.052931878919145414,0.35019266732163634,0.3525445326647375,0.002351865343101167,0.2615657011313083,0.26576617833044286,0.004200477199134578,0.2962962962962967,0.29528424772594325,0.0010120485703534743,406.0,0.13348714568226763,458.0,0.15062623599208966,265.0,0.08701384311140409,1353.0,0.4456163480553724,1939.0,0.6387607119314437,0.08701384311140409,WACC_0p5_WRT_0p5,0.2911008569545155,739,False,,,False,False,False,False,False,51.0,0.13089005235602094
IBDD,Electricity,404,0.73,127,0.7142857142857141,0.4032760431131678,0,119,1939,1949,756,232,9,0.5116685525593311,0.5817878071419,0.548330831713252,0.5116685525593311,0.22270073803295595,0.2592592592592596,1.2233606186634038,-2.534149843841321,1.7596622789832348,-1.2199335447094035,0.0606453741297639,0.5817878071419,0.4849328062330013,0.09685500090889876,0.548330831713252,0.4428824727567086,0.10544835895654342,0.5116685525593311,0.437636715823099,0.07403183673623209,0.22270073803295595,0.2185171575777497,0.004183580455206254,0.2592592592592596,0.2338948649575231,0.02536439430173648,1280.0,0.4215557020435069,1168.0,0.38464073829927486,1086.0,0.35761371127224784,266.0,0.08734344100197759,599.0,0.1970995385629532,0.08734344100197759,WACC_0p7_WRT_0p3,0.2896506262359921,740,False,,,False,False,False,False,False,119.0,0.3089005235602094
IBDD,Electricity,1832,0.72,37,0.6785714285714283,0.6123767684992667,0,30,3324,1347,136,244,133,0.2584661577420591,0.3649426104452048,0.31413801928082125,0.2584661577420591,0.2615657011313083,0.2962962962962967,1.2233606186634038,-2.534149843841321,1.7596622789832348,-1.2199335447094035,0.0606453741297639,0.3649426104452048,0.38274683594856684,0.017804225503362026,0.31413801928082125,0.3242488911403768,0.010110871859555559,0.2584661577420591,0.3526552113016897,0.09418905355963059,0.2615657011313083,0.3059105657594941,0.04434486462818582,0.2962962962962967,0.3580688951428728,0.0617725988465761,337.0,0.11074489123269611,348.0,0.11437046802900462,266.0,0.08734344100197759,2032.0,0.6694133157547791,2468.0,0.8131179960448253,0.08734344100197759,WACC_0p5_WRT_0p5,0.35899802241265655,741,False,,,False,False,False,False,False,30.0,0.07591623036649214
IBDD,Electricity,2863,0.67,42,0.5,0.5910931476464545,0,42,128,1390,875,150,93,0.3945444370177566,0.3870145135518249,0.33797567463597095,0.3945444370177566,0.455890516623069,0.48148148148148157,1.2233606186634038,-2.534149843841321,1.7596622789832348,-1.2199335447094035,0.0606453741297639,0.3870145135518249,0.3688259184507277,0.018188595101097216,0.33797567463597095,0.3148859548525645,0.02308971978340646,0.3945444370177566,0.36930525436107675,0.02523918265667985,0.455890516623069,0.3619105035229962,0.09398001310007281,0.48148148148148157,0.3993713965872732,0.08211008489420835,266.0,0.08734344100197759,303.0,0.0995385629531971,382.0,0.12557679630850363,2616.0,0.8618984838497034,2693.0,0.8872775214238628,0.08734344100197759,WACC_0p1_WRT_0p9,0.41232696110744893,742,False,,,False,False,False,False,False,42.0,0.10732984293193717
IBDD,Electricity,1440,0.71,44,0.6428571428571426,0.5832655206981239,0,41,2853,1676,470,179,168,0.2937172915951722,0.3951320526093529,0.34674261681810115,0.2937172915951722,0.3004306642296604,0.3333333333333337,1.2233606186634038,-2.534149843841321,1.7596622789832348,-1.2199335447094035,0.0606453741297639,0.3951320526093529,0.3782245155765393,0.016907537032813613,0.34674261681810115,0.3068585939032673,0.03988402291483384,0.2937172915951722,0.41281871418279326,0.11910142258762108,0.3004306642296604,0.410367182869893,0.10993651864023257,0.3333333333333337,0.44987347965927665,0.11654014632594295,307.0,0.1008569545154911,266.0,0.08734344100197759,799.0,0.26301911667765326,2858.0,0.9416611733684904,2855.0,0.94067237969677,0.08734344100197759,WACC_0p3_WRT_0p7,0.46671061305207645,743,False,,,False,False,False,False,False,41.0,0.10471204188481675
IBDD,Electricity,146,0.74,259,0.7499999999999998,0.2812617697563525,0,217,3246,5000,703,160,1,0.6594169936935711,0.7083211276600789,0.6849868178728852,0.6594169936935711,0.2469858507956702,0.22222222222222254,1.2233606186634038,-2.534149843841321,1.7596622789832348,-1.2199335447094035,0.0606453741297639,0.7083211276600789,0.5912357113959953,0.11708541626408364,0.6849868178728852,0.5862832728219078,0.09870354505097734,0.6594169936935711,0.5814913058228955,0.07792568787067555,0.2469858507956702,0.26694705532693613,0.01996120453126593,0.22222222222222254,0.21731124154389608,0.00491098067832646,2575.0,0.8483849703361899,2642.0,0.8704680290046144,2624.0,0.8645352669742914,1379.0,0.45418589321028346,266.0,0.08734344100197759,0.08734344100197759,WACC_0p9_WRT_0p1,0.6249835201054713,744,False,,,False,False,False,False,False,217.0,0.5654450261780105
IBDD,Electricity,1743,0.71,40,0.6428571428571426,0.5992936564701963,0,37,2213,1355,214,172,72,0.2743086436603003,0.37851028217905563,0.3287911047533801,0.2743086436603003,0.3004306642296604,0.3333333333333337,1.2233606186634038,-2.534149843841321,1.7596622789832348,-1.2199335447094035,0.0606453741297639,0.37851028217905563,0.39301140180583016,0.014501119626774528,0.3287911047533801,0.33661849969331437,0.007827394939934285,0.2743086436603003,0.3526691220840472,0.07836047842374694,0.3004306642296604,0.2669523494651899,0.033478314764470496,0.3333333333333337,0.31392632386973174,0.019407009463601965,400.0,0.13150955833882663,412.0,0.13546473302570863,267.0,0.08767303889255108,1380.0,0.4545154911008569,2136.0,0.7036914963744232,0.08767303889255108,WACC_0p5_WRT_0p5,0.30257086354647333,745,False,,,False,False,False,False,False,37.0,0.09424083769633508
IBDD,Electricity,461,0.73,213,0.7142857142857141,0.3147858203079183,0,196,2299,4125,801,110,1,0.6188223478932839,0.6735554456066032,0.6474398812551314,0.6188223478932839,0.23135091894454338,0.2592592592592596,1.2233606186634038,-2.534149843841321,1.7596622789832348,-1.2199335447094035,0.0606453741297639,0.6735554456066032,0.5834910629328692,0.09006438267373396,0.6474398812551314,0.5713363941666012,0.07610348708853021,0.6188223478932839,0.5745848914051952,0.044237456488088744,0.23135091894454338,0.27499169230910575,0.043640773364562374,0.2592592592592596,0.21748493440898434,0.04177432485027524,2509.0,0.8266315095583389,2551.0,0.8404746209624259,2587.0,0.8523401450230719,1546.0,0.509228740936058,268.0,0.08800263678312459,0.08800263678312459,WACC_0p9_WRT_0p1,0.6233355306526039,746,False,,,False,False,False,False,False,196.0,0.5104712041884817
IBDD,Electricity,1867,0.73,69,0.7142857142857141,0.5071915798046006,0,61,4676,1947,783,229,34,0.3858360730191042,0.47402354686930304,0.4319454306188472,0.3858360730191042,0.22270073803295595,0.2592592592592596,1.2233606186634038,-2.534149843841321,1.7596622789832348,-1.2199335447094035,0.0606453741297639,0.47402354686930304,0.49045133923439294,0.0164277923650899,0.4319454306188472,0.4581664591886001,0.02622102856975289,0.3858360730191042,0.4542549427524781,0.06841886973337385,0.22270073803295595,0.21868130498225635,0.0040194330506996,0.2592592592592596,0.2358095825968173,0.02344967666244227,1366.0,0.44990112063282794,1331.0,0.43836519446275546,1290.0,0.4248516809492419,269.0,0.08833223467369809,648.0,0.21324983520105473,0.08833223467369809,WACC_0p7_WRT_0p3,0.32294001318391563,747,False,,,False,False,False,False,False,61.0,0.15706806282722513
IBDD,Electricity,234,0.74,29,0.7499999999999998,0.6530777483102728,0,17,317,1,2,186,1,0.2091808884512559,0.3227341869374949,0.2685529218924944,0.2091808884512559,0.1838357749346038,0.22222222222222254,1.2233606186634038,-2.534149843841321,1.7596622789832348,-1.2199335447094035,0.0606453741297639,0.3227341869374949,0.3698730847884745,0.04713889785097963,0.2685529218924944,0.3329210951942384,0.06436817330174399,0.2091808884512559,0.4204567369498194,0.21127584849856348,0.1838357749346038,0.3296316087163185,0.14579583378171473,0.22222222222222254,0.3725600919759982,0.15033786975377567,269.0,0.08833223467369809,388.0,0.12755438365194463,876.0,0.2883981542518128,2313.0,0.7620303230059328,2560.0,0.8434410019775873,0.08833223467369809,WACC_0p1_WRT_0p9,0.42195121951219516,748,False,,,False,False,False,False,False,17.0,0.041884816753926704
IBDD,Electricity,2055,0.71,45,0.6428571428571426,0.5794812334491506,0,42,2042,1742,468,229,183,0.29829972712879943,0.3990564986453253,0.35098101853695124,0.29829972712879943,0.3004306642296604,0.3333333333333337,1.2233606186634038,-2.534149843841321,1.7596622789832348,-1.2199335447094035,0.0606453741297639,0.3990564986453253,0.37949650110655764,0.019559997538767637,0.35098101853695124,0.3086233003020236,0.04235771823492762,0.29829972712879943,0.4244016263935802,0.12610189926478077,0.3004306642296604,0.4344745028182032,0.1340438385885428,0.3333333333333337,0.48041255603790517,0.14707922270457147,315.0,0.1034937376400791,269.0,0.08833223467369809,925.0,0.3045484508899143,2918.0,0.9614370468029004,2945.0,0.970336189848385,0.08833223467369809,WACC_0p3_WRT_0p7,0.4856295319709954,749,False,,,False,False,False,False,False,42.0,0.10732984293193717
IBDD,Electricity,2273,0.73,44,0.7142857142857141,0.5832655206981239,0,36,1273,1124,197,192,24,0.2937172915951722,0.3951320526093529,0.34674261681810115,0.2937172915951722,0.22270073803295595,0.2592592592592596,1.2233606186634038,-2.534149843841321,1.7596622789832348,-1.2199335447094035,0.0606453741297639,0.3951320526093529,0.4488326399358312,0.05370058732647831,0.34674261681810115,0.4004564881847216,0.05371387136662048,0.2937172915951722,0.4057421407957533,0.11202484920058114,0.22270073803295595,0.21873759777766386,0.003963140255292097,0.2592592592592596,0.23707234065332058,0.022186918605938993,851.0,0.2801582069874753,788.0,0.2593935398813448,719.0,0.23665128543177325,270.0,0.08866183256427158,687.0,0.22610415293342123,0.08866183256427158,WACC_0p7_WRT_0p3,0.21819380355965726,750,False,,,False,False,False,False,False,36.0,0.09162303664921466
IBDD,Electricity,2437,0.73,56,0.7142857142857141,0.5425645408871178,0,48,1096,1296,289,194,131,0.34300256088597536,0.43734047611706295,0.392327714206428,0.34300256088597536,0.22270073803295595,0.2592592592592596,1.2233606186634038,-2.534149843841321,1.7596622789832348,-1.2199335447094035,0.0606453741297639,0.43734047611706295,0.37197702826802664,0.0653634478490363,0.392327714206428,0.3087585836368787,0.08356913056954929,0.34300256088597536,0.3543100147524897,0.011307453866514328,0.22270073803295595,0.31684358391377015,0.0941428458808142,0.2592592592592596,0.37599051055616844,0.11673125129690887,280.0,0.09195781147000659,270.0,0.08866183256427158,278.0,0.0912986156888596,2167.0,0.7139090309822017,2588.0,0.8526697429136454,0.08866183256427158,WACC_0p3_WRT_0p7,0.367699406723797,751,False,,,False,False,False,False,False,48.0,0.12303664921465969
IBDD,Electricity,444,0.74,227,0.7499999999999998,0.3038749581323848,0,200,3573,3751,970,216,9,0.6320344322955027,0.6848704137886381,0.6596600468917291,0.6320344322955027,0.23643952201442317,0.22222222222222254,1.2233606186634038,-2.534149843841321,1.7596622789832348,-1.2199335447094035,0.0606453741297639,0.6848704137886381,0.5540825411021177,0.13078787268652037,0.6596600468917291,0.540789377512209,0.11887066937952007,0.6320344322955027,0.5568144245677911,0.07522000772771165,0.23643952201442317,0.22775170646244774,0.008687815551975425,0.22222222222222254,0.2176126173697331,0.0046096048524894295,2246.0,0.7399472643375082,2291.0,0.7547791694133158,2467.0,0.8127883981542519,411.0,0.13513513513513514,270.0,0.08866183256427158,0.08866183256427158,WACC_0p9_WRT_0p1,0.5062623599208964,752,False,,,False,False,False,False,False,200.0,0.5209424083769634
IBDD,Electricity,2511,0.73,50,0.7142857142857141,0.5617151637134581,0,42,444,1619,372,235,5,0.31981285863641046,0.4174805709638212,0.3708790166409269,0.31981285863641046,0.22270073803295595,0.2592592592592596,1.2233606186634038,-2.534149843841321,1.7596622789832348,-1.2199335447094035,0.0606453741297639,0.4174805709638212,0.44545670305839963,0.027976132094578443,0.3708790166409269,0.3882741948337491,0.017395178192822214,0.31981285863641046,0.38964370317583275,0.06983084453942229,0.22270073803295595,0.21893590526801862,0.0037648327649373314,0.2592592592592596,0.23527988082363346,0.023979378435626114,815.0,0.2682926829268293,706.0,0.23236651285431772,555.0,0.1825972313777192,271.0,0.08899143045484509,637.0,0.20962425840474622,0.08899143045484509,WACC_0p7_WRT_0p3,0.1963744232036915,753,False,,,False,False,False,False,False,42.0,0.10732984293193717
IBDD,Electricity,1608,0.73,47,0.7142857142857141,0.5721533982557516,0,39,787,1221,513,234,72,0.30717308429372037,0.40665573514218345,0.35918819395355817,0.30717308429372037,0.22270073803295595,0.2592592592592596,1.2233606186634038,-2.534149843841321,1.7596622789832348,-1.2199335447094035,0.0606453741297639,0.40665573514218345,0.3833446622643202,0.02331107287786327,0.35918819395355817,0.3249624440258082,0.03422574992774996,0.30717308429372037,0.35339646119853024,0.046223376904809876,0.22270073803295595,0.2533172467241093,0.03061650869115337,0.2592592592592596,0.2972515375169602,0.03799227825770063,342.0,0.1123928806855636,351.0,0.11535926170072512,271.0,0.08899143045484509,1058.0,0.34838497033618987,1962.0,0.6463414634146342,0.08899143045484509,WACC_0p5_WRT_0p5,0.2622940013183916,754,False,,,False,False,False,False,False,39.0,0.09947643979057591
IBDD,Electricity,91,0.73,139,0.7142857142857141,0.3878467884272343,0,131,2963,3658,1000,204,1,0.5303520087238677,0.5977885157050904,0.5656115969614975,0.5303520087238677,0.22270073803295595,0.2592592592592596,1.2233606186634038,-2.534149843841321,1.7596622789832348,-1.2199335447094035,0.0606453741297639,0.5977885157050904,0.5492564521652217,0.04853206353986872,0.5656115969614975,0.5330511932849479,0.032560403676549665,0.5303520087238677,0.5379889875843054,0.007636978860437682,0.22270073803295595,0.23050032571348733,0.007799587680531378,0.2592592592592596,0.21763021426773008,0.0416290449915295,2192.0,0.7221489782465392,2214.0,0.7294001318391562,2305.0,0.7593935398813447,474.0,0.15589980224126565,271.0,0.08899143045484509,0.08899143045484509,WACC_0p9_WRT_0p1,0.49116677653263024,755,False,,,False,False,False,False,False,131.0,0.3403141361256545
IBDD,Electricity,2616,0.72,30,0.6785714285714283,0.6474320576490926,0,23,4866,351,678,165,42,0.21601731808663274,0.3285889772527928,0.27487609543301617,0.21601731808663274,0.2615657011313083,0.2962962962962967,1.2233606186634038,-2.534149843841321,1.7596622789832348,-1.2199335447094035,0.0606453741297639,0.3285889772527928,0.4632411469365547,0.13465216968376192,0.27487609543301617,0.4057263422392895,0.13085024680627333,0.21601731808663274,0.3982734286196186,0.18225611053298588,0.2615657011313083,0.2189429991846115,0.04262270194669679,0.2962962962962967,0.2392833350204151,0.057012961275881624,999.0,0.3289386947923533,834.0,0.27455504284772575,655.0,0.21555702043506922,272.0,0.0893210283454186,737.0,0.24258404746209625,0.0893210283454186,WACC_0p7_WRT_0p3,0.23019116677653262,756,False,,,False,False,False,False,False,23.0,0.05759162303664921
IBDD,Electricity,2890,0.69,4,0.5714285714285711,0.9615795586771548,0,4,1,1,654,54,8,0.3080507851631509,0.01234567901234569,0.08571428571428578,0.3080507851631509,0.3781605904263649,0.4074074074074079,1.2233606186634038,-2.534149843841321,1.7596622789832348,-1.2199335447094035,0.0606453741297639,0.01234567901234569,0.3705932979435246,0.3582476189311789,0.08571428571428578,0.3214973734202716,0.23578308770598583,0.3080507851631509,0.4340284264466044,0.1259776412834535,0.3781605904263649,0.3659189278093508,0.012241662617014093,0.4074074074074079,0.3830020993468175,0.02440530806059038,272.0,0.0893210283454186,336.0,0.1104152933421226,1036.0,0.34113381674357285,2652.0,0.8737640079103494,2615.0,0.8615688859591298,0.0893210283454186,WACC_0p1_WRT_0p9,0.4552406064601186,757,False,,,False,False,False,False,False,4.0,0.007853403141361256
IBDD,Electricity,2551,0.71,49,0.6428571428571426,0.56512474322221,0,46,612,1784,621,218,169,0.31568416087440226,0.413944710732523,0.3670602875911248,0.31568416087440226,0.3004306642296604,0.3333333333333337,1.2233606186634038,-2.534149843841321,1.7596622789832348,-1.2199335447094035,0.0606453741297639,0.413944710732523,0.382734000375353,0.03121071035716999,0.3670602875911248,0.3094336604064855,0.05762662718463929,0.31568416087440226,0.4179440161744415,0.10225985530003923,0.3004306642296604,0.4148962870053938,0.11446562277573341,0.3333333333333337,0.4650915725429249,0.13175823920959118,336.0,0.1104152933421226,272.0,0.0893210283454186,850.0,0.27982860909690177,2868.0,0.9449571522742255,2903.0,0.956493078444298,0.0893210283454186,WACC_0p3_WRT_0p7,0.47620303230059324,758,False,,,False,False,False,False,False,46.0,0.11780104712041885
IBDD,Electricity,948,0.74,260,0.7499999999999998,0.2806008163969908,0,218,4025,4952,672,197,8,0.6602173494701655,0.709006560773491,0.6857270856353702,0.6602173494701655,0.247294105930726,0.22222222222222254,1.2233606186634038,-2.534149843841321,1.7596622789832348,-1.2199335447094035,0.0606453741297639,0.709006560773491,0.5894618340487316,0.11954472672475935,0.6857270856353702,0.5804951148752993,0.10523197076007096,0.6602173494701655,0.5892176480056942,0.07099970146447132,0.247294105930726,0.24166113178718196,0.005632974143544051,0.22222222222222254,0.2176660425536851,0.004556179668537441,2560.0,0.8434410019775873,2615.0,0.8615688859591298,2675.0,0.8813447593935398,730.0,0.24027686222808173,272.0,0.0893210283454186,0.0893210283454186,WACC_0p9_WRT_0p1,0.5831905075807514,759,False,,,False,False,False,False,False,218.0,0.5680628272251309
IBDD,Electricity,1938,0.73,49,0.7142857142857141,0.56512474322221,0,41,3345,1145,863,129,95,0.31568416087440226,0.413944710732523,0.3670602875911248,0.31568416087440226,0.22270073803295595,0.2592592592592596,1.2233606186634038,-2.534149843841321,1.7596622789832348,-1.2199335447094035,0.0606453741297639,0.413944710732523,0.40295710882160035,0.010987601910922629,0.3670602875911248,0.35872230225815116,0.00833798533297364,0.31568416087440226,0.3537187041310614,0.038034543256659115,0.22270073803295595,0.25507790587119683,0.03237716783824088,0.2592592592592596,0.30913019680741555,0.04987093754815597,462.0,0.15194462755438365,524.0,0.17237969676994067,273.0,0.08965062623599208,1106.0,0.3642056690837179,2095.0,0.6901779828609097,0.08965062623599208,WACC_0p5_WRT_0p5,0.2936717205009888,760,False,,,False,False,False,False,False,41.0,0.10471204188481675
IBDD,Electricity,783,0.74,180,0.7499999999999998,0.3436220399983879,0,166,4591,4317,177,248,3,0.5839042486393382,0.6436512177794496,0.6151433152018055,0.5839042486393382,0.21790229557455046,0.22222222222222254,1.2233606186634038,-2.534149843841321,1.7596622789832348,-1.2199335447094035,0.0606453741297639,0.6436512177794496,0.5754130634062373,0.06823815437321223,0.6151433152018055,0.5642421660004621,0.050901149201343476,0.5839042486393382,0.5757776533609029,0.008126595278435289,0.21790229557455046,0.2370140088143492,0.01911171323979874,0.22222222222222254,0.21781429374240233,0.004407928479820217,2435.0,0.8022412656558998,2487.0,0.8193803559657218,2596.0,0.8553065260382333,623.0,0.2050098879367172,273.0,0.08965062623599208,0.08965062623599208,WACC_0p9_WRT_0p1,0.5543177323665128,761,False,,,False,False,False,False,False,166.0,0.4319371727748691
IBDD,Electricity,547,0.74,36,0.7499999999999998,0.6169684576436263,0,24,88,794,498,131,3,0.2529060302701837,0.36018085873994304,0.30899532743913843,0.2529060302701837,0.1838357749346038,0.22222222222222254,1.2233606186634038,-2.534149843841321,1.7596622789832348,-1.2199335447094035,0.0606453741297639,0.36018085873994304,0.39239571322233974,0.03221485448239669,0.30899532743913843,0.32942712781045247,0.020431800371314035,0.2529060302701837,0.3539441696701965,0.10103813940001277,0.1838357749346038,0.258281260205544,0.07444548527094019,0.22222222222222254,0.2827068888280946,0.06048466660587204,392.0,0.12887277521423862,371.0,0.12195121951219512,274.0,0.08998022412656559,1182.0,0.3892551087673039,1757.0,0.5787738958470666,0.08998022412656559,WACC_0p5_WRT_0p5,0.261766644693474,762,False,,,False,False,False,False,False,24.0,0.060209424083769635
IBDD,Electricity,856,0.72,80,0.6785714285714283,0.4820615067966712,0,73,772,2514,463,187,2,0.41626635802070583,0.5000843633219706,0.46009111238772826,0.41626635802070583,0.2615657011313083,0.2962962962962967,1.2233606186634038,-2.534149843841321,1.7596622789832348,-1.2199335447094035,0.0606453741297639,0.5000843633219706,0.5134546763311305,0.013370313009159918,0.46009111238772826,0.4820514988205676,0.02196038643283932,0.41626635802070583,0.4744465836173832,0.05818022559667735,0.2615657011313083,0.2321721536227777,0.02939354750853057,0.2962962962962967,0.21792602517302478,0.07837027112327194,1727.0,0.5688859591298616,1642.0,0.5408701384311141,1557.0,0.5128543177323666,512.0,0.16842452208305866,274.0,0.08998022412656559,0.08998022412656559,WACC_0p9_WRT_0p1,0.3762030323005933,763,False,,,False,False,False,False,False,73.0,0.18848167539267016
IBDD,Electricity,133,0.73,151,0.7142857142857141,0.3736871857445338,0,143,1258,1,1000,175,10,0.5474980291515862,0.6124725481167796,0.5814703519661221,0.5474980291515862,0.22270073803295595,0.2592592592592596,1.2233606186634038,-2.534149843841321,1.7596622789832348,-1.2199335447094035,0.0606453741297639,0.6124725481167796,0.4140758683623846,0.19839667975439507,0.5814703519661221,0.3537878446273462,0.22768250733877587,0.5474980291515862,0.35895944001140356,0.18853858914018262,0.22270073803295595,0.21916477367845275,0.003535964354503207,0.2592592592592596,0.2562192743043903,0.0030399849548692903,538.0,0.17699406723796968,493.0,0.16216216216216217,313.0,0.10283454185893211,275.0,0.0903098220171391,1166.0,0.3839815425181279,0.0903098220171391,WACC_0p7_WRT_0p3,0.1832564271588662,764,False,,,False,False,False,False,False,143.0,0.3717277486910995
IBDD,Electricity,1998,0.71,47,0.6428571428571426,0.5721533982557516,0,44,3555,1699,800,213,174,0.30717308429372037,0.40665573514218345,0.35918819395355817,0.30717308429372037,0.3004306642296604,0.3333333333333337,1.2233606186634038,-2.534149843841321,1.7596622789832348,-1.2199335447094035,0.0606453741297639,0.40665573514218345,0.3798004657059928,0.026855269436190654,0.35918819395355817,0.31034114370462923,0.048847050248928936,0.30717308429372037,0.39324105599008957,0.0860679716963692,0.3004306642296604,0.3907052611839265,0.0902745969542661,0.3333333333333337,0.4340642264826953,0.10073089314936162,318.0,0.1044825313117996,275.0,0.0903098220171391,601.0,0.19775873434410018,2794.0,0.9205669083717865,2808.0,0.9251812788398154,0.0903098220171391,WACC_0p3_WRT_0p7,0.4476598549769282,765,False,,,False,False,False,False,False,44.0,0.112565445026178
IBDD,Electricity,2747,0.73,53,0.7142857142857141,0.5518737344088203,0,45,1695,1376,509,188,82,0.33172995487678936,0.4276864976501123,0.38190141746212125,0.33172995487678936,0.22270073803295595,0.2592592592592596,1.2233606186634038,-2.534149843841321,1.7596622789832348,-1.2199335447094035,0.0606453741297639,0.4276864976501123,0.4058558079602221,0.021830689689890215,0.38190141746212125,0.3475920964692604,0.034309320992860826,0.33172995487678936,0.35401458780155387,0.022284632924764514,0.22270073803295595,0.26335032930284363,0.04064959126988768,0.2592592592592596,0.31071534764543246,0.05145608838617288,477.0,0.15688859591298615,465.0,0.15293342122610415,276.0,0.09063941990771258,1302.0,0.4288068556361239,2109.0,0.6947923533289387,0.09063941990771258,WACC_0p5_WRT_0p5,0.3048121292023731,766,False,,,False,False,False,False,False,45.0,0.11518324607329843
IBDD,Electricity,675,0.73,116,0.7142857142857141,0.4187473386096327,0,108,1750,1025,666,163,9,0.4929341887095774,0.5657435007011216,0.5310029807572112,0.4929341887095774,0.22270073803295595,0.2592592592592596,1.2233606186634038,-2.534149843841321,1.7596622789832348,-1.2199335447094035,0.0606453741297639,0.5657435007011216,0.520127466982961,0.04561603371816059,0.5310029807572112,0.47657973685728855,0.054423243899922646,0.4929341887095774,0.4514091109431632,0.041525077766414176,0.22270073803295595,0.21918087071020906,0.0035198673227468946,0.2592592592592596,0.21817651643273586,0.041082742826523716,1831.0,0.6031641397495056,1574.0,0.518457481872116,1246.0,0.41034937376400793,276.0,0.09063941990771258,277.0,0.09096901779828609,0.09063941990771258,WACC_0p7_WRT_0p3,0.3427158866183256,767,False,,,False,False,False,False,False,108.0,0.2801047120418848
IBDD,Electricity,1801,0.73,69,0.7142857142857141,0.5071915798046006,0,61,3974,1388,525,180,60,0.3858360730191042,0.47402354686930304,0.4319454306188472,0.3858360730191042,0.22270073803295595,0.2592592592592596,1.2233606186634038,-2.534149843841321,1.7596622789832348,-1.2199335447094035,0.0606453741297639,0.47402354686930304,0.445899687252718,0.028123859616585034,0.4319454306188472,0.39797316564110974,0.033972264977737476,0.3858360730191042,0.39482527318658595,0.008989200167481726,0.22270073803295595,0.21921461003043632,0.0034861280025196284,0.2592592592592596,0.24613101538725426,0.013128243872005313,820.0,0.26994067237969677,774.0,0.25477916941331574,617.0,0.2030323005932762,277.0,0.09096901779828609,907.0,0.2986156888595913,0.09096901779828609,WACC_0p7_WRT_0p3,0.2234673698088332,768,False,,,False,False,False,False,False,61.0,0.15706806282722513
IBDD,Electricity,1268,0.7,39,0.6071428571428569,0.6035451845450552,0,37,2285,1260,782,116,112,0.2691604210121032,0.3741012901014241,0.32402939330953806,0.2691604210121032,0.33929562732801266,0.37037037037037074,1.2233606186634038,-2.534149843841321,1.7596622789832348,-1.2199335447094035,0.0606453741297639,0.3741012901014241,0.371489254383625,0.0026120357177991105,0.32402939330953806,0.3203864382642828,0.0036429550452552473,0.2691604210121032,0.3621528078806041,0.09299238686850092,0.33929562732801266,0.3140976524529242,0.025197974875088458,0.37037037037037074,0.3618199059153105,0.008550464455060247,277.0,0.09096901779828609,331.0,0.10876730388925511,335.0,0.11008569545154911,2142.0,0.7056690837178642,2493.0,0.8213579433091628,0.09096901779828609,WACC_0p1_WRT_0p9,0.36736980883322345,769,False,,,False,False,False,False,False,37.0,0.09424083769633508
IBDD,Electricity,1768,0.72,43,0.6785714285714283,0.5871348551894666,0,36,2331,1468,600,197,138,0.2890318714095271,0.3911194094331457,0.3424089621877973,0.2890318714095271,0.2615657011313083,0.2962962962962967,1.2233606186634038,-2.534149843841321,1.7596622789832348,-1.2199335447094035,0.0606453741297639,0.3911194094331457,0.37625818517812903,0.01486122425501668,0.3424089621877973,0.3109472584511092,0.03146170373668811,0.2890318714095271,0.3657679848127478,0.07673611340322073,0.2615657011313083,0.33792122550435283,0.07635552437304455,0.2962962962962967,0.39525883769694414,0.09896254140064742,300.0,0.0985497692814766,278.0,0.0912986156888596,356.0,0.11700725115359262,2387.0,0.7864205669083718,2678.0,0.8823335530652604,0.0912986156888596,WACC_0p3_WRT_0p7,0.3951219512195122,770,False,,,False,False,False,False,False,36.0,0.09162303664921466
IBDD,Electricity,811,0.74,133,0.7499999999999998,0.3953886424656859,0,119,3049,4684,820,191,6,0.5212194937583065,0.5899673337392888,0.5571647204384318,0.5212194937583065,0.1937594104391272,0.22222222222222254,1.2233606186634038,-2.534149843841321,1.7596622789832348,-1.2199335447094035,0.0606453741297639,0.5899673337392888,0.5687762064656302,0.021191127273658572,0.5571647204384318,0.5546816750570893,0.0024830453813424747,0.5212194937583065,0.5524528513693039,0.031233357610997436,0.1937594104391272,0.24086664379362593,0.047107233354498734,0.22222222222222254,0.218258356794552,0.003963865427670549,2384.0,0.7854317732366513,2412.0,0.7946605141727093,2433.0,0.8015820698747528,718.0,0.23632168754119973,278.0,0.0912986156888596,0.0912986156888596,WACC_0p9_WRT_0p1,0.5418589321028345,771,False,,,False,False,False,False,False,119.0,0.3089005235602094
IBDD,Electricity,2644,0.74,58,0.7499999999999998,0.5366267752811291,0,45,3643,1110,910,205,73,0.35019266732163634,0.4434981589677179,0.3989780116851353,0.35019266732163634,0.1838357749346038,0.22222222222222254,1.2233606186634038,-2.534149843841321,1.7596622789832348,-1.2199335447094035,0.0606453741297639,0.4434981589677179,0.4080815805372909,0.035416578430427004,0.3989780116851353,0.3648262564506144,0.03415175523452091,0.35019266732163634,0.3543859275728558,0.004193260251219466,0.1838357749346038,0.23010106742839265,0.04626529249378886,0.22222222222222254,0.2623438104990177,0.040121588276795184,497.0,0.16348055372445616,563.0,0.1852340145023072,279.0,0.09162821357943308,457.0,0.15029663810151614,1308.0,0.4307844429795649,0.09162821357943308,WACC_0p5_WRT_0p5,0.20428477257745553,772,False,,,False,False,False,False,False,45.0,0.11518324607329843
IBDD,Electricity,200,0.74,50,0.7499999999999998,0.5617151637134581,0,37,2426,1,1000,159,3,0.31981285863641046,0.4174805709638212,0.3708790166409269,0.31981285863641046,0.1838357749346038,0.22222222222222254,1.2233606186634038,-2.534149843841321,1.7596622789832348,-1.2199335447094035,0.0606453741297639,0.4174805709638212,0.43942576113377424,0.021945190169953055,0.3708790166409269,0.38922306486770236,0.01834404822677549,0.31981285863641046,0.3854476004016539,0.06563474176524342,0.1838357749346038,0.21924899119924088,0.03541321626463709,0.22222222222222254,0.2533465129766637,0.031124290754441175,745.0,0.24522083058668426,712.0,0.23434410019775873,513.0,0.16875411997363216,279.0,0.09162821357943308,1099.0,0.36189848384970336,0.09162821357943308,WACC_0p7_WRT_0p3,0.22036914963744234,773,False,,,False,False,False,False,False,37.0,0.09424083769633508
IBDD,Electricity,3001,0.67,48,0.5,0.5686032077643577,0,47,274,1741,667,139,132,0.3945444370177566,0.4103374141702957,0.3631644073039193,0.3945444370177566,0.455890516623069,0.48148148148148157,1.2233606186634038,-2.534149843841321,1.7596622789832348,-1.2199335447094035,0.0606453741297639,0.4103374141702957,0.37191269922490205,0.03842471494539362,0.3631644073039193,0.3262411934930407,0.0369232138108786,0.3945444370177566,0.3901471887961426,0.004397248221614025,0.455890516623069,0.3733662265769234,0.08252429004614559,0.48148148148148157,0.4222202804827018,0.05926120099877974,279.0,0.09162821357943308,357.0,0.11733684904416612,565.0,0.18589321028345418,2704.0,0.8909030982201714,2776.0,0.9146341463414634,0.09162821357943308,WACC_0p1_WRT_0p9,0.44007910349373763,774,False,,,False,False,False,False,False,47.0,0.12041884816753927
IBDD,Electricity,858,0.73,114,0.7142857142857141,0.4217160007489388,0,106,2730,3771,198,234,10,0.4893394026958622,0.5626648881122115,0.5276780791611885,0.4893394026958622,0.22270073803295595,0.2592592592592596,1.2233606186634038,-2.534149843841321,1.7596622789832348,-1.2199335447094035,0.0606453741297639,0.5626648881122115,0.5316162152319133,0.031048672880298223,0.5276780791611885,0.5177631284477965,0.00991495071339199,0.4893394026958622,0.5166918667141451,0.02735246401828295,0.22270073803295595,0.22486564737939493,0.0021649093464389813,0.2592592592592596,0.21860337529499532,0.040655883964264256,1991.0,0.6558998022412657,2072.0,0.6825972313777192,2122.0,0.6990771259063941,361.0,0.11865524060646011,279.0,0.09162821357943308,0.09162821357943308,WACC_0p9_WRT_0p1,0.4495715227422544,775,False,,,False,False,False,False,False,106.0,0.27486910994764396
IBDD,Electricity,1737,0.74,52,0.7499999999999998,0.5550921110787378,0,39,2918,1489,386,230,31,0.32783278675964167,0.42434892184427186,0.3782968355918136,0.32783278675964167,0.1838357749346038,0.22222222222222254,1.2233606186634038,-2.534149843841321,1.7596622789832348,-1.2199335447094035,0.0606453741297639,0.42434892184427186,0.43973637629091294,0.01538745444664108,0.3782968355918136,0.392588941027792,0.01429210543597842,0.32783278675964167,0.39167509601873457,0.0638423092590929,0.1838357749346038,0.21927955361957216,0.03544377868496837,0.22222222222222254,0.23232008887153094,0.010097866649308396,748.0,0.24620962425840476,736.0,0.24225444957152273,581.0,0.1911667765326302,280.0,0.09195781147000659,553.0,0.18193803559657218,0.09195781147000659,WACC_0p7_WRT_0p3,0.1907053394858273,776,False,,,False,False,False,False,False,39.0,0.09947643979057591
IBDD,Electricity,2227,0.73,40,0.7142857142857141,0.5992936564701963,0,32,2354,1235,872,179,68,0.2743086436603003,0.37851028217905563,0.3287911047533801,0.2743086436603003,0.22270073803295595,0.2592592592592596,1.2233606186634038,-2.534149843841321,1.7596622789832348,-1.2199335447094035,0.0606453741297639,0.37851028217905563,0.3916706523999792,0.01316037022092359,0.3287911047533801,0.34511701147683904,0.01632590672345896,0.2743086436603003,0.3544196807921993,0.08011103713189904,0.22270073803295595,0.24971503566886336,0.027014297635907403,0.2592592592592596,0.3011653438799235,0.04190608462066392,386.0,0.12689518787079762,456.0,0.14996704021094265,280.0,0.09195781147000659,963.0,0.3170731707317073,2014.0,0.6634805537244561,0.09195781147000659,WACC_0p5_WRT_0p5,0.269874752801582,777,False,,,False,False,False,False,False,32.0,0.08115183246073299
IBDD,Electricity,2653,0.71,40,0.6428571428571426,0.5992936564701963,0,37,4138,1504,448,199,187,0.2743086436603003,0.37851028217905563,0.3287911047533801,0.2743086436603003,0.3004306642296604,0.3333333333333337,1.2233606186634038,-2.534149843841321,1.7596622789832348,-1.2199335447094035,0.0606453741297639,0.37851028217905563,0.37289180907159686,0.005618473107458777,0.3287911047533801,0.3110176649217404,0.017773439831639704,0.2743086436603003,0.39747525948601425,0.12316661582571398,0.3004306642296604,0.40080406569201554,0.10037340146235513,0.3333333333333337,0.44134102427891375,0.10800769094558005,281.0,0.0922874093605801,280.0,0.09195781147000659,644.0,0.2119314436387607,2832.0,0.9330916282135794,2836.0,0.9344100197758735,0.09195781147000659,WACC_0p3_WRT_0p7,0.45273566249176006,778,False,,,False,False,False,False,False,37.0,0.09424083769633508
IBDD,Electricity,904,0.73,194,0.7142857142857141,0.3307943335215699,0,179,2822,4072,682,128,1,0.5994374611327238,0.6569540244961497,0.6295103464558416,0.5994374611327238,0.2238848756408467,0.2592592592592596,1.2233606186634038,-2.534149843841321,1.7596622789832348,-1.2199335447094035,0.0606453741297639,0.6569540244961497,0.5866536046813647,0.07030041981478496,0.6295103464558416,0.5782557909854005,0.05125455547044111,0.5994374611327238,0.583492583790646,0.015944877342077834,0.2238848756408467,0.2789906673144614,0.055105791673614735,0.2592592592592596,0.2186144438890165,0.04064481537024309,2538.0,0.8361898483849703,2597.0,0.8556361239288068,2640.0,0.8698088332234674,1625.0,0.5352669742913645,280.0,0.09195781147000659,0.09195781147000659,WACC_0p9_WRT_0p1,0.6377719182597231,779,False,,,False,False,False,False,False,179.0,0.46596858638743455
IBDD,Electricity,2938,0.67,40,0.5,0.5992936564701963,0,40,2398,1447,496,111,92,0.3945444370177566,0.37851028217905563,0.3287911047533801,0.3945444370177566,0.455890516623069,0.48148148148148157,1.2233606186634038,-2.534149843841321,1.7596622789832348,-1.2199335447094035,0.0606453741297639,0.37851028217905563,0.40790611536863575,0.02939583318958011,0.3287911047533801,0.338410707025625,0.009619602272244898,0.3945444370177566,0.3544479126061134,0.040096524411643186,0.455890516623069,0.28453239835748734,0.17135811826558167,0.48148148148148157,0.34276113737593666,0.1387203441055449,492.0,0.16183256427158865,419.0,0.13777191825972313,281.0,0.0922874093605801,1725.0,0.5682267633487146,2361.0,0.7778510217534608,0.0922874093605801,WACC_0p5_WRT_0p5,0.34759393539881345,780,False,,,False,False,False,False,False,40.0,0.10209424083769633
IBDD,Electricity,2929,0.67,41,0.5,0.5951445848926633,0,41,170,1511,402,154,111,0.3945444370177566,0.38281302307427506,0.33343806492021705,0.3945444370177566,0.455890516623069,0.48148148148148157,1.2233606186634038,-2.534149843841321,1.7596622789832348,-1.2199335447094035,0.0606453741297639,0.38281302307427506,0.37450635543560473,0.008306667638670329,0.33343806492021705,0.31136466260008017,0.02207340232013688,0.3945444370177566,0.35813721745876764,0.03640721955898896,0.455890516623069,0.36550678602274306,0.09038373060032595,0.48148148148148157,0.4126459280780601,0.06883555340342146,288.0,0.0945945945945946,281.0,0.0922874093605801,304.0,0.0998681608437706,2646.0,0.8717864205669084,2743.0,0.9037574159525379,0.0922874093605801,WACC_0p3_WRT_0p7,0.41245880026367826,781,False,,,False,False,False,False,False,41.0,0.10471204188481675
IBDD,Electricity,1660,0.72,89,0.6785714285714283,0.4639207293207574,0,82,4671,2842,67,191,30,0.4382332272999357,0.5188970214451404,0.48040878316075164,0.4382332272999357,0.2615657011313083,0.2962962962962967,1.2233606186634038,-2.534149843841321,1.7596622789832348,-1.2199335447094035,0.0606453741297639,0.5188970214451404,0.5167331174648019,0.0021639039803384996,0.48040878316075164,0.4992351424422289,0.018826359281477245,0.4382332272999357,0.5100709641351796,0.07183773683524391,0.2615657011313083,0.2193015868891913,0.042264114242116985,0.2962962962962967,0.22241765755914736,0.07387863873714937,1781.0,0.5866842452208306,1867.0,0.6150296638101516,2056.0,0.6773236651285431,281.0,0.0922874093605801,350.0,0.11502966381015162,0.0922874093605801,WACC_0p7_WRT_0p3,0.4172709294660515,782,False,,,False,False,False,False,False,82.0,0.21204188481675393
IBDD,Electricity,2056,0.74,87,0.7499999999999998,0.4677900638121001,0,74,2257,2649,634,140,2,0.43354780711429075,0.5148843782689332,0.47607512853044787,0.43354780711429075,0.1838357749346038,0.22222222222222254,1.2233606186634038,-2.534149843841321,1.7596622789832348,-1.2199335447094035,0.0606453741297639,0.5148843782689332,0.5321345615829663,0.017250183314033163,0.47607512853044787,0.518472268458147,0.04239713992769911,0.43354780711429075,0.49892993448488654,0.06538212737059579,0.1838357749346038,0.25307560523932704,0.06923983030472325,0.22222222222222254,0.21862780064844575,0.0035944215737767904,1998.0,0.6582069874752802,2082.0,0.6858932102834542,1915.0,0.6308503625576797,1051.0,0.34607778510217535,281.0,0.0922874093605801,0.0922874093605801,WACC_0p9_WRT_0p1,0.48266315095583384,783,False,,,False,False,False,False,False,74.0,0.19109947643979058
IBDD,Electricity,1167,0.73,35,0.7142857142857141,0.6216859620209692,0,27,1281,698,322,177,42,0.24719355173287308,0.35528863197825417,0.3037117225365144,0.24719355173287308,0.22270073803295595,0.2592592592592596,1.2233606186634038,-2.534149843841321,1.7596622789832348,-1.2199335447094035,0.0606453741297639,0.35528863197825417,0.40675652638771537,0.0514678944094612,0.3037117225365144,0.3322777211983516,0.028565998661837178,0.24719355173287308,0.35475145788375717,0.10755790615088409,0.22270073803295595,0.2260364774096475,0.0033357393766915433,0.2592592592592596,0.2558620277812777,0.003397231477981877,482.0,0.15853658536585366,386.0,0.12689518787079762,282.0,0.0926170072511536,381.0,0.12524719841793014,1158.0,0.3813447593935399,0.0926170072511536,WACC_0p5_WRT_0p5,0.17692814765985498,784,False,,,False,False,False,False,False,27.0,0.06806282722513089
IBDD,Electricity,2680,0.74,85,0.7499999999999998,0.4717483562690882,0,72,1887,470,558,71,60,0.4287546667383026,0.5107794823876122,0.4716418409786212,0.4287546667383026,0.1838357749346038,0.22222222222222254,1.2233606186634038,-2.534149843841321,1.7596622789832348,-1.2199335447094035,0.0606453741297639,0.5107794823876122,0.4158264273584674,0.09495305502914475,0.4716418409786212,0.3593183949584364,0.11232344602018479,0.4287546667383026,0.3548900631505774,0.07386460358772517,0.1838357749346038,0.2694513272458794,0.0856155523112756,0.22222222222222254,0.3024436264830612,0.08022140426083868,554.0,0.18226763348714567,527.0,0.17336849044166117,283.0,0.09294660514172709,1427.0,0.47000659195781147,2023.0,0.6664469347396177,0.09294660514172709,WACC_0p5_WRT_0p5,0.3170072511535926,785,False,,,False,False,False,False,False,72.0,0.18586387434554974
IBDD,Electricity,602,0.74,154,0.7499999999999998,0.3703220335715145,0,140,1022,1159,566,116,2,0.5515729293584589,0.6159623355554664,0.5852393223999037,0.5515729293584589,0.20544996439520077,0.22222222222222254,1.2233606186634038,-2.534149843841321,1.7596622789832348,-1.2199335447094035,0.0606453741297639,0.6159623355554664,0.5685291650170032,0.04743317053846319,0.5852393223999037,0.5306008438620033,0.05463847853790038,0.5515729293584589,0.5067404838052794,0.044832445553179556,0.20544996439520077,0.25100790461563655,0.04555794022043577,0.22222222222222254,0.21876923244624188,0.0034529897759806583,2382.0,0.7847725774555043,2189.0,0.7211601845748187,2018.0,0.6647989452867502,990.0,0.3259723137771918,283.0,0.09294660514172709,0.09294660514172709,WACC_0p9_WRT_0p1,0.5179301252471984,786,False,,,False,False,False,False,False,140.0,0.36387434554973824
IBDD,Electricity,1457,0.73,41,0.7142857142857141,0.5951445848926633,0,33,4916,663,886,169,92,0.279332800595958,0.38281302307427506,0.33343806492021705,0.279332800595958,0.22270073803295595,0.2592592592592596,1.2233606186634038,-2.534149843841321,1.7596622789832348,-1.2199335447094035,0.0606453741297639,0.38281302307427506,0.40770028585930546,0.024887262785030395,0.33343806492021705,0.3398429270989231,0.006404862178706061,0.279332800595958,0.35519305559818176,0.07586025500222376,0.22270073803295595,0.25210447476906983,0.029403736736113878,0.2592592592592596,0.28779439059254064,0.02853513133328106,489.0,0.16084377059986815,423.0,0.13909030982201714,284.0,0.0932762030323006,1026.0,0.33783783783783783,1820.0,0.5995385629531971,0.0932762030323006,WACC_0p5_WRT_0p5,0.26611733684904415,787,False,,,False,False,False,False,False,33.0,0.08376963350785341
IBDD,Electricity,2682,0.73,48,0.7142857142857141,0.5686032077643577,0,40,3972,42,414,120,80,0.3114720494590426,0.4103374141702957,0.3631644073039193,0.3114720494590426,0.22270073803295595,0.2592592592592596,1.2233606186634038,-2.534149843841321,1.7596622789832348,-1.2199335447094035,0.0606453741297639,0.4103374141702957,0.37361474323749905,0.03672267093279663,0.3631644073039193,0.3348899807622629,0.028274426541656406,0.3114720494590426,0.3690846344698559,0.05761258501081329,0.22270073803295595,0.27174134412443546,0.049040606091479505,0.2592592592592596,0.3155529759300654,0.05629371667080585,284.0,0.0932762030323006,396.0,0.13019116677653264,381.0,0.12524719841793014,1478.0,0.48681608437706,2159.0,0.7112722478576137,0.0932762030323006,WACC_0p1_WRT_0p9,0.3093605800922874,788,False,,,False,False,False,False,False,40.0,0.10209424083769633
IBDD,Electricity,2771,0.73,46,0.7142857142857141,0.5757783350642198,0,38,4117,989,551,174,88,0.30278360798142806,0.40289654141488307,0.3551282647280737,0.30278360798142806,0.22270073803295595,0.2592592592592596,1.2233606186634038,-2.534149843841321,1.7596622789832348,-1.2199335447094035,0.0606453741297639,0.40289654141488307,0.3991432205133402,0.003753320901542845,0.3551282647280737,0.3581911182393542,0.0030628535112804944,0.30278360798142806,0.35537188170761896,0.052588273726190904,0.22270073803295595,0.24037981939534125,0.0176790813623853,0.2592592592592596,0.28282022232284376,0.023560963063584184,443.0,0.14568226763348716,517.0,0.17007251153592617,285.0,0.0936058009228741,699.0,0.23005932762030323,1759.0,0.5794330916282135,0.0936058009228741,WACC_0p5_WRT_0p5,0.24377059986816083,789,False,,,False,False,False,False,False,38.0,0.0968586387434555
IBDD,Electricity,1103,0.71,42,0.6428571428571426,0.5910931476464545,0,39,341,1585,156,215,128,0.2842387310335392,0.3870145135518249,0.33797567463597095,0.2842387310335392,0.3004306642296604,0.3333333333333337,1.2233606186634038,-2.534149843841321,1.7596622789832348,-1.2199335447094035,0.0606453741297639,0.3870145135518249,0.3738382763813292,0.013176237170495708,0.33797567463597095,0.3153676942218961,0.022607980414074857,0.2842387310335392,0.35904712693349594,0.07480839589995675,0.3004306642296604,0.329733292349841,0.029302628120180585,0.3333333333333337,0.3918499419718353,0.05851660863850161,285.0,0.0936058009228741,307.0,0.1008569545154911,315.0,0.1034937376400791,2316.0,0.7630191166776532,2664.0,0.8777191825972314,0.0936058009228741,WACC_0p1_WRT_0p9,0.3877389584706658,790,False,,,False,False,False,False,False,39.0,0.09947643979057591
IBDD,Electricity,2015,0.73,165,0.7142857142857141,0.3585170404207828,0,155,756,3004,433,121,6,0.5658677269066145,0.6282045506747438,0.5984609147287232,0.5658677269066145,0.22270073803295595,0.2592592592592596,1.2233606186634038,-2.534149843841321,1.7596622789832348,-1.2199335447094035,0.0606453741297639,0.6282045506747438,0.5587882195699418,0.06941633110480194,0.5984609147287232,0.5337917397047314,0.06466917502399183,0.5658677269066145,0.5284697693037944,0.03739795760282005,0.22270073803295595,0.25317184432751444,0.030471106294558487,0.2592592592592596,0.21883923276137834,0.040420026497881234,2288.0,0.7537903757415952,2231.0,0.7350032959789057,2222.0,0.7320369149637442,1055.0,0.34739617666446937,285.0,0.0936058009228741,0.0936058009228741,WACC_0p9_WRT_0p1,0.5323665128543177,791,False,,,False,False,False,False,False,155.0,0.4031413612565445
IBDD,Electricity,2744,0.74,41,0.7499999999999998,0.5951445848926633,0,29,225,936,452,96,24,0.279332800595958,0.38281302307427506,0.33343806492021705,0.279332800595958,0.1838357749346038,0.22222222222222254,1.2233606186634038,-2.534149843841321,1.7596622789832348,-1.2199335447094035,0.0606453741297639,0.38281302307427506,0.4222983957804091,0.03948537270613406,0.33343806492021705,0.34743105884605435,0.013992993925837305,0.279332800595958,0.3555579475527089,0.07622514695675092,0.1838357749346038,0.23605412581762594,0.05221835088302215,0.22222222222222254,0.2516331526813045,0.02941093045908194,607.0,0.1997363216875412,464.0,0.15260382333553066,286.0,0.09393539881344759,597.0,0.1964403427818062,1060.0,0.34904416611733685,0.09393539881344759,WACC_0p5_WRT_0p5,0.1983520105471325,792,False,,,False,False,False,False,False,29.0,0.07329842931937172
IBDD,Electricity,1933,0.73,52,0.7142857142857141,0.5550921110787378,0,44,3201,1509,884,211,46,0.32783278675964167,0.42434892184427186,0.3782968355918136,0.32783278675964167,0.22270073803295595,0.2592592592592596,1.2233606186634038,-2.534149843841321,1.7596622789832348,-1.2199335447094035,0.0606453741297639,0.42434892184427186,0.4372032522853901,0.012854330441118222,0.3782968355918136,0.3920593837052724,0.013762548113458783,0.32783278675964167,0.38713722653276905,0.05930443977312738,0.22270073803295595,0.21962338309137053,0.003077354941585425,0.2592592592592596,0.23971215817462796,0.01954710108463162,729.0,0.23994726433750824,727.0,0.23928806855636123,525.0,0.17270929466051418,286.0,0.09393539881344759,752.0,0.24752801582069875,0.09393539881344759,WACC_0p7_WRT_0p3,0.198681608437706,793,False,,,False,False,False,False,False,44.0,0.112565445026178
IBDD,Electricity,2113,0.71,46,0.6428571428571426,0.5757783350642198,0,43,1121,1677,988,247,239,0.30278360798142806,0.40289654141488307,0.3551282647280737,0.30278360798142806,0.3004306642296604,0.3333333333333337,1.2233606186634038,-2.534149843841321,1.7596622789832348,-1.2199335447094035,0.0606453741297639,0.40289654141488307,0.37421520037292755,0.02868134104195552,0.3551282647280737,0.3136896918763055,0.04143857285176816,0.30278360798142806,0.45289835920065435,0.1501147512192263,0.3004306642296604,0.4721077584249818,0.1716770941953214,0.3333333333333337,0.514826775486627,0.18149344215329333,286.0,0.09393539881344759,296.0,0.0972313777191826,1272.0,0.4189189189189189,3003.0,0.989452867501648,3005.0,0.990112063282795,0.09393539881344759,WACC_0p1_WRT_0p9,0.5179301252471984,794,False,,,False,False,False,False,False,43.0,0.1099476439790576
IBDD,Electricity,2757,0.74,138,0.7499999999999998,0.3890810456027807,0,124,4325,3898,235,207,10,0.528857432977697,0.59650854530082,0.5642292289248857,0.528857432977697,0.1967011446709203,0.22222222222222254,1.2233606186634038,-2.534149843841321,1.7596622789832348,-1.2199335447094035,0.0606453741297639,0.59650854530082,0.5608861718942816,0.0356223734065384,0.5642292289248857,0.5590597273721972,0.005169501552688471,0.528857432977697,0.5763399133245347,0.04748248034683766,0.1967011446709203,0.23284315798591887,0.036142013314998556,0.22222222222222254,0.21921238851635902,0.003009833705863524,2310.0,0.7610415293342122,2457.0,0.8094924192485168,2599.0,0.8562953197099539,523.0,0.17205009887936717,286.0,0.09393539881344759,0.09393539881344759,WACC_0p9_WRT_0p1,0.5385629531970996,795,False,,,False,False,False,False,False,124.0,0.3219895287958115
IBDD,Electricity,2096,0.73,54,0.7142857142857141,0.5487144138666213,0,46,3035,1373,859,234,48,0.33555561127182615,0.43096283006424446,0.38543985646938406,0.33555561127182615,0.22270073803295595,0.2592592592592596,1.2233606186634038,-2.534149843841321,1.7596622789832348,-1.2199335447094035,0.0606453741297639,0.43096283006424446,0.42525126219684223,0.005711567867402234,0.38543985646938406,0.3787942225459253,0.006645633923458738,0.33555561127182615,0.3862541976326428,0.050698586360816644,0.22270073803295595,0.21994425518172492,0.0027564828512310346,0.2592592592592596,0.24786424116395242,0.011395018095307158,635.0,0.2089650626235992,646.0,0.21259063941990772,521.0,0.17139090309822017,288.0,0.0945945945945946,964.0,0.31740276862228084,0.0945945945945946,WACC_0p7_WRT_0p3,0.2009887936717205,796,False,,,False,False,False,False,False,46.0,0.11780104712041885
IBDD,Electricity,453,0.73,157,0.7142857142857141,0.3670213930975111,0,148,3216,1690,270,147,5,0.5555697116312384,0.6193852219729515,0.5889360397307876,0.5555697116312384,0.22270073803295595,0.2592592592592596,1.2233606186634038,-2.534149843841321,1.7596622789832348,-1.2199335447094035,0.0606453741297639,0.6193852219729515,0.5592109881495708,0.06017423382338072,0.5889360397307876,0.5330530351441504,0.0558830045866372,0.5555697116312384,0.5093413861196974,0.04622832551154099,0.22270073803295595,0.24893561554660038,0.026234877513644422,0.2592592592592596,0.21923237072292315,0.04002688853633643,2296.0,0.7564271588661833,2215.0,0.7297297297297297,2041.0,0.6723796967699407,936.0,0.3081740276862228,288.0,0.0945945945945946,0.0945945945945946,WACC_0p9_WRT_0p1,0.5122610415293343,797,False,,,False,False,False,False,False,148.0,0.38481675392670156
IBDD,Electricity,713,0.73,144,0.7142857142857141,0.3818048302984436,0,136,1115,3023,5,153,3,0.5376682830446319,0.6040542500608733,0.5723785900657432,0.5376682830446319,0.22270073803295595,0.2592592592592596,1.2233606186634038,-2.534149843841321,1.7596622789832348,-1.2199335447094035,0.0606453741297639,0.6040542500608733,0.5376869156053354,0.06636733445553789,0.5723785900657432,0.5475755409855145,0.02480304908022868,0.5376682830446319,0.5203499818041805,0.017318301240451417,0.22270073803295595,0.2585404093761452,0.035839671343189244,0.2592592592592596,0.21924720191835334,0.04001205734090624,2068.0,0.6812788398154251,2349.0,0.7738958470665788,2160.0,0.7116018457481872,1187.0,0.3909030982201714,289.0,0.09492419248516809,0.09492419248516809,WACC_0p9_WRT_0p1,0.5305207646671061,798,False,,,False,False,False,False,False,136.0,0.35340314136125656
IBDD,Electricity,809,0.73,178,0.7142857142857141,0.3455351501104867,0,165,951,3407,585,145,4,0.5815876423194026,0.6416672517372731,0.6130006318762549,0.5815876423194026,0.22270073803295595,0.2592592592592596,1.2233606186634038,-2.534149843841321,1.7596622789832348,-1.2199335447094035,0.0606453741297639,0.6416672517372731,0.5600362907282217,0.08163096100905143,0.6130006318762549,0.5495607493601263,0.06343988251612853,0.5815876423194026,0.5408748033444042,0.040712838974998444,0.22270073803295595,0.2598612792904771,0.037160541257521135,0.2592592592592596,0.21925336943001705,0.040005889829242525,2303.0,0.7587343441001978,2374.0,0.7821357943309163,2333.0,0.7686222808174028,1223.0,0.4027686222808174,290.0,0.0952537903757416,0.0952537903757416,WACC_0p9_WRT_0p1,0.5615029663810153,799,False,,,False,False,False,False,False,165.0,0.4293193717277487
IBDD,Electricity,2117,0.73,66,0.7142857142857141,0.5147334338430524,0,58,4903,1169,506,215,107,0.3767035580535428,0.46620236490350114,0.42349855409578124,0.3767035580535428,0.22270073803295595,0.2592592592592596,1.2233606186634038,-2.534149843841321,1.7596622789832348,-1.2199335447094035,0.0606453741297639,0.46620236490350114,0.41564984330029664,0.0505525216032045,0.42349855409578124,0.3632927859487124,0.06020576814706885,0.3767035580535428,0.3564023953693567,0.02030116268418608,0.22270073803295595,0.26816283933117063,0.04546210129821468,0.2592592592592596,0.2978545712316701,0.038595311972410506,551.0,0.18127883981542517,554.0,0.18226763348714567,291.0,0.0955833882663151,1400.0,0.46110744891232697,1975.0,0.6506262359920897,0.0955833882663151,WACC_0p5_WRT_0p5,0.31417270929466057,800,False,,,False,False,False,False,False,58.0,0.14921465968586387
IBDD,Electricity,2756,0.74,86,0.7499999999999998,0.4697578353865064,0,73,3133,2970,752,200,23,0.4311650106214855,0.5128437262658452,0.4738712243671128,0.4311650106214855,0.1838357749346038,0.22222222222222254,1.2233606186634038,-2.534149843841321,1.7596622789832348,-1.2199335447094035,0.0606453741297639,0.5128437262658452,0.49490889585776776,0.017934830408077418,0.4738712243671128,0.48153075671090373,0.007659532343790909,0.4311650106214855,0.4799190451193286,0.0487540344978431,0.1838357749346038,0.2201689416850842,0.0363331667504804,0.22222222222222254,0.22061058533603314,0.0016116368861893993,1444.0,0.47560975609756095,1637.0,0.5392221489782465,1644.0,0.541529334212261,291.0,0.0955833882663151,317.0,0.1041529334212261,0.0955833882663151,WACC_0p7_WRT_0p3,0.35121951219512193,801,False,,,False,False,False,False,False,73.0,0.18848167539267016
IBDD,Electricity,237,0.74,217,0.7499999999999998,0.3115972451333024,0,192,4236,5000,1000,195,10,0.6226834290482005,0.6768621161580568,0.6510110854507012,0.6226834290482005,0.23283800522251655,0.22222222222222254,1.2233606186634038,-2.534149843841321,1.7596622789832348,-1.2199335447094035,0.0606453741297639,0.6768621161580568,0.5865535300231509,0.09030858613490589,0.6510110854507012,0.5815172588058356,0.06949382664486559,0.6226834290482005,0.5864473898536946,0.03623603919450591,0.23283800522251655,0.2402830631809942,0.007445057958477663,0.22222222222222254,0.21925558489755934,0.002966637324663207,2535.0,0.8352010547132498,2623.0,0.8642056690837179,2665.0,0.8780487804878049,694.0,0.22841133816743572,291.0,0.0955833882663151,0.0955833882663151,WACC_0p9_WRT_0p1,0.5802900461437047,802,False,,,False,False,False,False,False,192.0,0.5
IBDD,Electricity,118,0.73,109,0.7142857142857141,0.4293696224892548,0,101,548,792,1000,120,1,0.4800715469765898,0.554727798900032,0.5191060228120346,0.4800715469765898,0.22270073803295595,0.2592592592592596,1.2233606186634038,-2.534149843841321,1.7596622789832348,-1.2199335447094035,0.0606453741297639,0.554727798900032,0.508650903688923,0.046076895211109026,0.5191060228120346,0.45018021047205165,0.0689258123399829,0.4800715469765898,0.43501739880407986,0.04505414817250997,0.22270073803295595,0.23192410685682238,0.009223368823866429,0.2592592592592596,0.21930119351588923,0.03995806574337035,1651.0,0.5438365194462755,1239.0,0.4080421885299934,1052.0,0.34640738299274887,505.0,0.16611733684904417,292.0,0.09591298615688859,0.09591298615688859,WACC_0p9_WRT_0p1,0.31206328279499007,803,False,,,False,False,False,False,False,101.0,0.2617801047120419
IBDD,Electricity,2134,0.73,51,0.7142857142857141,0.5583717938339305,0,43,1186,1115,275,101,87,0.3238613824217449,0.4209477693574053,0.37462359090599767,0.3238613824217449,0.22270073803295595,0.2592592592592596,1.2233606186634038,-2.534149843841321,1.7596622789832348,-1.2199335447094035,0.0606453741297639,0.4209477693574053,0.41256433564827333,0.008383433709131971,0.37462359090599767,0.3483682006236208,0.02625539028237689,0.3238613824217449,0.3565358385814159,0.03267445615967102,0.22270073803295595,0.2715970790819751,0.04889634104901916,0.2592592592592596,0.3251176597982162,0.06585840053895664,520.0,0.17106130520764667,469.0,0.15425181278839814,292.0,0.09591298615688859,1475.0,0.4858272907053395,2236.0,0.7366512854317733,0.09591298615688859,WACC_0p5_WRT_0p5,0.32874093605800925,804,False,,,False,False,False,False,False,43.0,0.1099476439790576
IBDD,Electricity,1276,0.71,49,0.6428571428571426,0.56512474322221,0,46,1263,1833,676,202,200,0.31568416087440226,0.413944710732523,0.3670602875911248,0.31568416087440226,0.3004306642296604,0.3333333333333337,1.2233606186634038,-2.534149843841321,1.7596622789832348,-1.2199335447094035,0.0606453741297639,0.413944710732523,0.37642486168127004,0.03751984905125294,0.3670602875911248,0.3132630438414913,0.053797243749633517,0.31568416087440226,0.4393174786858166,0.12363331781141434,0.3004306642296604,0.4649729805169227,0.1645423162872623,0.3333333333333337,0.4891752354564123,0.15584190212307858,301.0,0.09887936717205009,292.0,0.09591298615688859,1109.0,0.3651944627554384,2985.0,0.983520105471325,2958.0,0.9746209624258405,0.09591298615688859,WACC_0p3_WRT_0p7,0.5036255767963085,805,False,,,False,False,False,False,False,46.0,0.11780104712041885
IBDD,Electricity,1913,0.72,45,0.6785714285714283,0.5794812334491506,0,38,1406,1332,714,144,118,0.29829972712879943,0.3990564986453253,0.35098101853695124,0.29829972712879943,0.2615657011313083,0.2962962962962967,1.2233606186634038,-2.534149843841321,1.7596622789832348,-1.2199335447094035,0.0606453741297639,0.3990564986453253,0.3812360686563696,0.017820429988955666,0.35098101853695124,0.32900290235309215,0.021978116183859087,0.29829972712879943,0.35673881155808124,0.05843908442928181,0.2615657011313083,0.3044145090354574,0.04284880790414913,0.2962962962962967,0.3526172944733476,0.056320998177050885,328.0,0.10777851021753461,368.0,0.12096242584047462,293.0,0.0962425840474621,2015.0,0.6638101516150297,2435.0,0.8022412656558998,0.0962425840474621,WACC_0p5_WRT_0p5,0.3582069874752801,806,False,,,False,False,False,False,False,38.0,0.0968586387434555
IBDD,Electricity,1968,0.71,43,0.6428571428571426,0.5871348551894666,0,40,2475,1301,351,227,37,0.2890318714095271,0.3911194094331457,0.3424089621877973,0.2890318714095271,0.3004306642296604,0.3333333333333337,1.2233606186634038,-2.534149843841321,1.7596622789832348,-1.2199335447094035,0.0606453741297639,0.3911194094331457,0.40632918352458464,0.015209774091438921,0.3424089621877973,0.3606370625349624,0.0182281003471651,0.2890318714095271,0.35692039067669784,0.06788851926717077,0.3004306642296604,0.23193067628427164,0.06849998794538878,0.3333333333333337,0.26202335633127505,0.07130997700205866,480.0,0.15787738958470665,537.0,0.17666446934739619,294.0,0.0965721819380356,506.0,0.16644693473961766,1301.0,0.42847725774555045,0.0965721819380356,WACC_0p5_WRT_0p5,0.20520764667106134,807,False,,,False,False,False,False,False,40.0,0.10209424083769633
IBDD,Electricity,1285,0.73,80,0.7142857142857141,0.4820615067966712,0,72,3745,2697,184,232,33,0.41626635802070583,0.5000843633219706,0.46009111238772826,0.41626635802070583,0.22270073803295595,0.2592592592592596,1.2233606186634038,-2.534149843841321,1.7596622789832348,-1.2199335447094035,0.0606453741297639,0.5000843633219706,0.5012502811660925,0.0011659178441218998,0.46009111238772826,0.47242379123986517,0.012332678852136902,0.41626635802070583,0.4630625780896453,0.046796220068939465,0.22270073803295595,0.2206921103768059,0.0020086276561500638,0.2592592592592596,0.23780181936591438,0.021457439893345198,1535.0,0.5056031641397495,1520.0,0.500659195781147,1405.0,0.46275543836519445,294.0,0.0965721819380356,704.0,0.23170731707317074,0.0965721819380356,WACC_0p7_WRT_0p3,0.35945945945945945,808,False,,,False,False,False,False,False,72.0,0.18586387434554974
IBDD,Electricity,907,0.73,63,0.7142857142857141,0.5226208344905343,0,55,541,1841,575,244,10,0.3671526168545674,0.4580228383061125,0.4146646653706015,0.3671526168545674,0.22270073803295595,0.2592592592592596,1.2233606186634038,-2.534149843841321,1.7596622789832348,-1.2199335447094035,0.0606453741297639,0.4580228383061125,0.45379104166842327,0.004231796637689245,0.4146646653706015,0.4097106332902657,0.004954032080335791,0.3671526168545674,0.40516659961853646,0.038013982763969056,0.22270073803295595,0.22097377432042484,0.0017269637125311155,0.2592592592592596,0.23798589382273633,0.02127336543652325,897.0,0.2953197099538563,869.0,0.2860909690177983,715.0,0.23533289386947923,296.0,0.0972313777191826,708.0,0.23302570863546473,0.0972313777191826,WACC_0p7_WRT_0p3,0.22940013183915622,809,False,,,False,False,False,False,False,55.0,0.14136125654450263
IBDD,Electricity,1288,0.71,39,0.6428571428571426,0.6035451845450552,0,36,4597,1406,298,238,158,0.2691604210121032,0.3741012901014241,0.32402939330953806,0.2691604210121032,0.3004306642296604,0.3333333333333337,1.2233606186634038,-2.534149843841321,1.7596622789832348,-1.2199335447094035,0.0606453741297639,0.3741012901014241,0.375856930915718,0.0017556408142938573,0.32402939330953806,0.31440409856583224,0.009625294743705826,0.2691604210121032,0.3813585915380764,0.1121981705259732,0.3004306642296604,0.35557087475649696,0.05514021052683654,0.3333333333333337,0.39675881523106926,0.06342548189773556,296.0,0.0972313777191826,299.0,0.0982201713909031,478.0,0.15721819380355967,2562.0,0.8441001977587343,2684.0,0.8843111404087014,0.0972313777191826,WACC_0p1_WRT_0p9,0.41621621621621624,810,False,,,False,False,False,False,False,36.0,0.09162303664921466
IBDD,Electricity,2793,0.73,124,0.7142857142857141,0.4073595105219982,0,116,2849,4560,71,233,6,0.5067238364414649,0.5775531001994092,0.5437573482153619,0.5067238364414649,0.22270073803295595,0.2592592592592596,1.2233606186634038,-2.534149843841321,1.7596622789832348,-1.2199335447094035,0.0606453741297639,0.5775531001994092,0.5554021890388751,0.022150911160534137,0.5437573482153619,0.5454027637062607,0.001645415490898805,0.5067238364414649,0.5509163742842444,0.044192537842779545,0.22270073803295595,0.23695141809742656,0.014250680064470611,0.2592592592592596,0.21935810241361595,0.03990115684564363,2256.0,0.7432432432432432,2330.0,0.7676334871456822,2423.0,0.7982860909690178,621.0,0.2043506921555702,297.0,0.0975609756097561,0.0975609756097561,WACC_0p9_WRT_0p1,0.5222148978246539,811,False,,,False,False,False,False,False,116.0,0.3010471204188482
IBDD,Electricity,679,0.73,133,0.7142857142857141,0.3953886424656859,0,125,658,1410,226,105,7,0.5212194937583065,0.5899673337392888,0.5571647204384318,0.5212194937583065,0.22270073803295595,0.2592592592592596,1.2233606186634038,-2.534149843841321,1.7596622789832348,-1.2199335447094035,0.0606453741297639,0.5899673337392888,0.5299426577310352,0.060024676008253564,0.5571647204384318,0.48629047910212164,0.07087424133631015,0.5212194937583065,0.4487381329220225,0.07248136083628393,0.22270073803295595,0.25130534764867984,0.02860460961572389,0.2592592592592596,0.2194118127862645,0.03984744647299507,1963.0,0.6466710613052077,1693.0,0.5576796308503625,1212.0,0.3991430454845089,1002.0,0.3299274884640738,298.0,0.09789057350032959,0.09789057350032959,WACC_0p9_WRT_0p1,0.40626235992089643,812,False,,,False,False,False,False,False,125.0,0.32460732984293195
IBDD,Electricity,77,0.73,42,0.7142857142857141,0.5910931476464545,0,34,1078,371,2,250,1,0.2842387310335392,0.3870145135518249,0.33797567463597095,0.2842387310335392,0.22270073803295595,0.2592592592592596,1.2233606186634038,-2.534149843841321,1.7596622789832348,-1.2199335447094035,0.0606453741297639,0.3870145135518249,0.44519895406432347,0.05818444051249855,0.33797567463597095,0.3770381695578966,0.03906249492192565,0.2842387310335392,0.3723398004389944,0.0881010694054552,0.22270073803295595,0.22110969559920776,0.001591042433748191,0.2592592592592596,0.23050111041705426,0.028758148842205317,812.0,0.2673038892551088,636.0,0.2092946605141727,411.0,0.13513513513513514,299.0,0.0982201713909031,507.0,0.16677653263019115,0.0982201713909031,WACC_0p7_WRT_0p3,0.1753460777851022,813,False,,,False,False,False,False,False,34.0,0.08638743455497382
IBDD,Electricity,2139,0.73,79,0.7142857142857141,0.484200393167689,0,71,2970,2420,262,167,8,0.4136763567168665,0.4978662589372113,0.4576955596521882,0.4136763567168665,0.22270073803295595,0.2592592592592596,1.2233606186634038,-2.534149843841321,1.7596622789832348,-1.2199335447094035,0.0606453741297639,0.4978662589372113,0.5215091186133808,0.02364285967616947,0.4576955596521882,0.5092912919380187,0.051595732285830476,0.4136763567168665,0.4908188711200632,0.07714251440319675,0.22270073803295595,0.23721307403371053,0.014512336000754578,0.2592592592592596,0.21949978410461238,0.0397594751546472,1851.0,0.6097560975609756,1988.0,0.6549110085695452,1811.0,0.5965721819380356,632.0,0.2079762689518787,299.0,0.0982201713909031,0.0982201713909031,WACC_0p9_WRT_0p1,0.43348714568226765,814,False,,,False,False,False,False,False,71.0,0.18324607329842932
IBDD,Electricity,1779,0.73,63,0.7142857142857141,0.5226208344905343,0,55,4900,1063,344,148,47,0.3671526168545674,0.4580228383061125,0.4146646653706015,0.3671526168545674,0.22270073803295595,0.2592592592592596,1.2233606186634038,-2.534149843841321,1.7596622789832348,-1.2199335447094035,0.0606453741297639,0.4580228383061125,0.47543782969047765,0.01741499138436514,0.4146646653706015,0.43577890138382136,0.021114236013219878,0.3671526168545674,0.4235330108912858,0.056380394036718406,0.22270073803295595,0.2212136877830109,0.0014870502499450544,0.2592592592592596,0.23624963577720892,0.023009623482050656,1153.0,0.37969676994067236,1093.0,0.35992089650626236,912.0,0.3002636783124588,300.0,0.0985497692814766,665.0,0.2188529993408042,0.0985497692814766,WACC_0p7_WRT_0p3,0.27145682267633486,815,False,,,False,False,False,False,False,55.0,0.14136125654450263
IBDD,Electricity,20,0.74,88,0.7499999999999998,0.4658445274206108,0,75,1460,838,6,157,2,0.435903678776714,0.516901971563811,0.47825412928891586,0.435903678776714,0.1838357749346038,0.22222222222222254,1.2233606186634038,-2.534149843841321,1.7596622789832348,-1.2199335447094035,0.0606453741297639,0.516901971563811,0.532199965233957,0.015297993670145948,0.47825412928891586,0.485259127346852,0.00700499805793614,0.435903678776714,0.4646596715511944,0.028755992774480432,0.1838357749346038,0.2364185523215287,0.052582777386924906,0.22222222222222254,0.21960075035451013,0.002621471867712416,2000.0,0.6588661832564272,1677.0,0.5524060646011866,1426.0,0.46967699406723795,605.0,0.1990771259063942,301.0,0.09887936717205009,0.09887936717205009,WACC_0p9_WRT_0p1,0.3957811470006592,816,False,,,False,False,False,False,False,75.0,0.193717277486911
IBDD,Electricity,1718,0.72,43,0.6785714285714283,0.5871348551894666,0,36,2006,1629,809,231,146,0.2890318714095271,0.3911194094331457,0.3424089621877973,0.2890318714095271,0.2615657011313083,0.2962962962962967,1.2233606186634038,-2.534149843841321,1.7596622789832348,-1.2199335447094035,0.0606453741297639,0.3911194094331457,0.38377752308556917,0.007341886347576543,0.3424089621877973,0.31457200560874826,0.027836956579049055,0.2890318714095271,0.3982876923193084,0.10925582090978131,0.2615657011313083,0.3667564059142069,0.1051907047828986,0.2962962962962967,0.4314413061899838,0.13514500989368705,343.0,0.11272247857613711,301.0,0.09887936717205009,656.0,0.2158866183256427,2659.0,0.8760711931443639,2805.0,0.9241924851680949,0.09887936717205009,WACC_0p3_WRT_0p7,0.44555042847725773,817,False,,,False,False,False,False,False,36.0,0.09162303664921466
IBDD,Electricity,2328,0.72,36,0.6785714285714283,0.6169684576436263,0,29,4565,587,312,181,66,0.2529060302701837,0.36018085873994304,0.30899532743913843,0.2529060302701837,0.2615657011313083,0.2962962962962967,1.2233606186634038,-2.534149843841321,1.7596622789832348,-1.2199335447094035,0.0606453741297639,0.36018085873994304,0.40927825585580163,0.04909739711585859,0.30899532743913843,0.3577252036136951,0.04872987617455665,0.2529060302701837,0.3580679432585811,0.10516191298839739,0.2615657011313083,0.22917564239701485,0.03239005873429343,0.2962962962962967,0.2634479731813214,0.03284832311497532,501.0,0.16479894528675015,515.0,0.16941331575477916,302.0,0.0992089650626236,435.0,0.14304548450889915,1339.0,0.44100197758734344,0.0992089650626236,WACC_0p5_WRT_0p5,0.2034937376400791,818,False,,,False,False,False,False,False,29.0,0.07329842931937172
IBDD,Electricity,2361,0.73,72,0.7142857142857141,0.499966262112698,0,64,3854,1513,249,175,19,0.3945852906008571,0.4815164689201649,0.44003778643377817,0.3945852906008571,0.22270073803295595,0.2592592592592596,1.2233606186634038,-2.534149843841321,1.7596622789832348,-1.2199335447094035,0.0606453741297639,0.4815164689201649,0.5117711914276107,0.03025472250744582,0.44003778643377817,0.4770131733261078,0.036975386892329654,0.3945852906008571,0.456408498490577,0.0618232078897199,0.22270073803295595,0.22129052172518263,0.0014102163077733265,0.2592592592592596,0.23392733321489292,0.025331926044366654,1705.0,0.5616348055372445,1581.0,0.5207646671061306,1324.0,0.43605800922874094,302.0,0.0992089650626236,601.0,0.19775873434410018,0.0992089650626236,WACC_0p7_WRT_0p3,0.36308503625576793,819,False,,,False,False,False,False,False,64.0,0.1649214659685864
IBDD,Electricity,748,0.73,89,0.7142857142857141,0.4639207293207574,0,81,3725,846,260,158,3,0.4382332272999357,0.5188970214451404,0.48040878316075164,0.4382332272999357,0.22270073803295595,0.2592592592592596,1.2233606186634038,-2.534149843841321,1.7596622789832348,-1.2199335447094035,0.0606453741297639,0.5188970214451404,0.5697334819613002,0.050836460516159865,0.48040878316075164,0.553945585332277,0.07353680217152536,0.4382332272999357,0.5121082296179922,0.07387500231805649,0.22270073803295595,0.2241665943831831,0.0014658563502271404,0.2592592592592596,0.21961241184040248,0.0396468474188571,2394.0,0.7887277521423863,2406.0,0.7926829268292683,2083.0,0.6862228081740277,341.0,0.11206328279499012,302.0,0.0992089650626236,0.0992089650626236,WACC_0p9_WRT_0p1,0.49578114700065923,820,False,,,False,False,False,False,False,81.0,0.2094240837696335
IBDD,Electricity,428,0.73,101,0.7142857142857141,0.4423703723360919,0,93,1723,1735,191,247,1,0.46432879434117375,0.5412455397996083,0.5045451829835771,0.46432879434117375,0.22270073803295595,0.2592592592592596,1.2233606186634038,-2.534149843841321,1.7596622789832348,-1.2199335447094035,0.0606453741297639,0.5412455397996083,0.49106475540709266,0.050180784392515665,0.5045451829835771,0.46198893764028715,0.042556245343289945,0.46432879434117375,0.45304815418559446,0.01128064015557928,0.22270073803295595,0.2214541107489822,0.0012466272839737613,0.2592592592592596,0.22329196311442098,0.035967296144838595,1375.0,0.45286750164798945,1381.0,0.45484508899143045,1274.0,0.4195781147000659,303.0,0.0995385629531971,369.0,0.12129202373104812,0.0995385629531971,WACC_0p7_WRT_0p3,0.3096242584047462,821,False,,,False,False,False,False,False,93.0,0.24083769633507854
IBDD,Electricity,555,0.73,129,0.7142857142857141,0.4006065611337189,0,121,696,423,452,88,4,0.5149010579888075,0.5845561588242916,0.5513206515302349,0.5149010579888075,0.22270073803295595,0.2592592592592596,1.2233606186634038,-2.534149843841321,1.7596622789832348,-1.2199335447094035,0.0606453741297639,0.5845561588242916,0.5577555675091525,0.026800591315139122,0.5513206515302349,0.510090818922721,0.041229832607513894,0.5149010579888075,0.45689675377433225,0.05800430421447522,0.22270073803295595,0.2400102864850158,0.017309548452059842,0.2592592592592596,0.21965164536191434,0.03960761389734524,2273.0,0.7488464073829928,1992.0,0.6562294001318392,1327.0,0.43704680290046144,688.0,0.22643375082399472,303.0,0.0995385629531971,0.0995385629531971,WACC_0p9_WRT_0p1,0.43361898483849715,822,False,,,False,False,False,False,False,121.0,0.31413612565445026
IBDD,Electricity,830,0.73,84,0.7142857142857141,0.4737621586253954,0,76,215,222,540,46,2,0.4263161310595567,0.5086910947588492,0.4693863823395571,0.4263161310595567,0.22270073803295595,0.2592592592592596,1.2233606186634038,-2.534149843841321,1.7596622789832348,-1.2199335447094035,0.0606453741297639,0.5086910947588492,0.5530008866701203,0.044309791911271046,0.4693863823395571,0.4719662488160758,0.0025798664765186996,0.4263161310595567,0.4437848344673198,0.01746870340776313,0.22270073803295595,0.2618881216830074,0.03918738365005145,0.2592592592592596,0.21974282202027126,0.03951643723898832,2235.0,0.7363216875411998,1516.0,0.499340804218853,1157.0,0.3810151615029664,1277.0,0.4205669083717864,304.0,0.0998681608437706,0.0998681608437706,WACC_0p9_WRT_0p1,0.42742254449571526,823,False,,,False,False,False,False,False,76.0,0.19633507853403143
IBDD,Electricity,2466,0.7,58,0.6071428571428569,0.5366267752811291,0,56,2448,1974,641,210,33,0.35019266732163634,0.4434981589677179,0.3989780116851353,0.35019266732163634,0.33929562732801266,0.37037037037037074,1.2233606186634038,-2.534149843841321,1.7596622789832348,-1.2199335447094035,0.0606453741297639,0.4434981589677179,0.4449382859887145,0.0014401270209966066,0.3989780116851353,0.39503260151402547,0.003945410171109831,0.35019266732163634,0.39995666149420994,0.0497639941725736,0.33929562732801266,0.2215299758036135,0.11776565152439916,0.37037037037037074,0.24565430746579373,0.12471606290457701,808.0,0.26598549769281477,753.0,0.24785761371127224,678.0,0.22313777191825973,305.0,0.1001977587343441,901.0,0.2966381015161503,0.1001977587343441,WACC_0p7_WRT_0p3,0.22676334871456824,824,False,,,False,False,False,False,False,56.0,0.14397905759162305
IBDD,Electricity,2804,0.73,90,0.7142857142857141,0.462018189093476,0,82,4965,1913,986,184,9,0.4405370344287458,0.5208700261252841,0.48253962821530677,0.4405370344287458,0.22270073803295595,0.2592592592592596,1.2233606186634038,-2.534149843841321,1.7596622789832348,-1.2199335447094035,0.0606453741297639,0.5208700261252841,0.5525909766639031,0.03172095053861901,0.48253962821530677,0.5262170692638457,0.043677441048538934,0.4405370344287458,0.5188618162783146,0.07832478184956881,0.22270073803295595,0.22959870932507537,0.006897971292119415,0.2592592592592596,0.21974693538131101,0.03951232387794856,2234.0,0.7359920896506262,2154.0,0.7096242584047462,2143.0,0.7059986816084377,447.0,0.14700065919578115,305.0,0.1001977587343441,0.1001977587343441,WACC_0p9_WRT_0p1,0.4797626895187871,825,False,,,False,False,False,False,False,82.0,0.21204188481675393
IBDD,Electricity,2060,0.72,44,0.6785714285714283,0.5832655206981239,0,37,770,1453,769,143,127,0.2937172915951722,0.3951320526093529,0.34674261681810115,0.2937172915951722,0.2615657011313083,0.2962962962962967,1.2233606186634038,-2.534149843841321,1.7596622789832348,-1.2199335447094035,0.0606453741297639,0.3951320526093529,0.3776330498622226,0.017499002747130288,0.34674261681810115,0.3214752264259374,0.025267390392163747,0.2937172915951722,0.3770590174759898,0.08334172588081762,0.2615657011313083,0.3392839164233327,0.07771821529202444,0.2962962962962967,0.3787785638670935,0.0824822675707968,306.0,0.1005273566249176,335.0,0.11008569545154911,453.0,0.14897824653922215,2404.0,0.7920237310481213,2600.0,0.8566249176005274,0.1005273566249176,WACC_0p1_WRT_0p9,0.40164798945286756,826,False,,,False,False,False,False,False,37.0,0.09424083769633508
IBDD,Electricity,1887,0.71,42,0.6428571428571426,0.5910931476464545,0,39,1564,1605,307,206,161,0.2842387310335392,0.3870145135518249,0.33797567463597095,0.2842387310335392,0.3004306642296604,0.3333333333333337,1.2233606186634038,-2.534149843841321,1.7596622789832348,-1.2199335447094035,0.0606453741297639,0.3870145135518249,0.3861072159884173,0.0009072975634076275,0.33797567463597095,0.31507521242103775,0.022900462214933193,0.2842387310335392,0.38900028647915197,0.10476155544561278,0.3004306642296604,0.40068285918847113,0.10025219495881071,0.3333333333333337,0.4350385754377601,0.10170524210442639,354.0,0.11634805537244562,306.0,0.1005273566249176,545.0,0.17930125247198417,2830.0,0.9324324324324325,2810.0,0.9258404746209624,0.1005273566249176,WACC_0p3_WRT_0p7,0.45088991430454844,827,False,,,False,False,False,False,False,39.0,0.09947643979057591
IBDD,Electricity,1098,0.74,118,0.7499999999999998,0.4158289952077859,0,104,391,3545,160,131,5,0.4964680432042589,0.5687699308956294,0.5342715253672798,0.4964680432042589,0.18422644777865899,0.22222222222222254,1.2233606186634038,-2.534149843841321,1.7596622789832348,-1.2199335447094035,0.0606453741297639,0.5687699308956294,0.5392320586840401,0.029537872211589322,0.5342715253672798,0.5037602109395014,0.030511314427778435,0.4964680432042589,0.503074279531717,0.006606236327458104,0.18422644777865899,0.24764893570950075,0.06342248793084176,0.22222222222222254,0.21982478582649884,0.0023974363957237066,2088.0,0.6878707976268952,1917.0,0.6315095583388266,1969.0,0.6486486486486487,900.0,0.2963085036255768,306.0,0.1005273566249176,0.1005273566249176,WACC_0p9_WRT_0p1,0.47297297297297297,828,False,,,False,False,False,False,False,104.0,0.2696335078534031
IBDD,Electricity,2956,0.67,37,0.5,0.6123767684992667,0,37,2906,1281,705,164,90,0.3945444370177566,0.3649426104452048,0.31413801928082125,0.3945444370177566,0.455890516623069,0.48148148148148157,1.2233606186634038,-2.534149843841321,1.7596622789832348,-1.2199335447094035,0.0606453741297639,0.3649426104452048,0.39069758921097875,0.025754978765773928,0.31413801928082125,0.3413885023219397,0.027250483041118434,0.3945444370177566,0.35831937063132846,0.03622506638642814,0.455890516623069,0.2510191821230105,0.2048713345000585,0.48148148148148157,0.3032143932429497,0.17826708823853188,382.0,0.12557679630850363,432.0,0.14205669083717865,307.0,0.1008569545154911,991.0,0.32630191166776534,2031.0,0.6690837178642056,0.1008569545154911,WACC_0p5_WRT_0p5,0.2727752142386288,829,False,,,False,False,False,False,False,37.0,0.09424083769633508
IBDD,Electricity,857,0.74,72,0.7499999999999998,0.499966262112698,0,59,2347,998,618,89,5,0.3945852906008571,0.4815164689201649,0.44003778643377817,0.3945852906008571,0.1838357749346038,0.22222222222222254,1.2233606186634038,-2.534149843841321,1.7596622789832348,-1.2199335447094035,0.0606453741297639,0.4815164689201649,0.5531761023260915,0.07165963340592657,0.44003778643377817,0.5051207034972184,0.06508291706344022,0.3945852906008571,0.4811704214118469,0.08658513081098979,0.1838357749346038,0.24397632751618115,0.060140552581577356,0.22222222222222254,0.2198495391436305,0.002372683078592036,2237.0,0.7369808833223468,1937.0,0.6381015161502966,1667.0,0.5491100856954515,797.0,0.2623599208965063,307.0,0.1008569545154911,0.1008569545154911,WACC_0p9_WRT_0p1,0.4574818721160184,830,False,,,False,False,False,False,False,59.0,0.1518324607329843
IBDD,Electricity,264,0.74,19,0.7499999999999998,0.7228899759224219,0,9,2268,1,2,242,1,0.12464448530733939,0.25033632126563654,0.19036322696688743,0.12464448530733939,0.1838357749346038,0.22222222222222254,1.2233606186634038,-2.534149843841321,1.7596622789832348,-1.2199335447094035,0.0606453741297639,0.25033632126563654,0.40760880400270955,0.157272482737073,0.19036322696688743,0.3458160039957871,0.15545277702889967,0.12464448530733939,0.36028147522896553,0.23563698992162613,0.1838357749346038,0.22185083056616847,0.03801505563156468,0.22222222222222254,0.2712582764851541,0.04903605426293156,487.0,0.16018457481872117,457.0,0.15029663810151614,322.0,0.10580092287409361,308.0,0.1011865524060646,1539.0,0.5069215557020436,0.1011865524060646,WACC_0p7_WRT_0p3,0.20487804878048782,831,False,,,False,False,False,False,False,9.0,0.020942408376963352
IBDD,Electricity,1313,0.73,69,0.7142857142857141,0.5071915798046006,0,61,4316,1112,211,177,116,0.3858360730191042,0.47402354686930304,0.4319454306188472,0.3858360730191042,0.22270073803295595,0.2592592592592596,1.2233606186634038,-2.534149843841321,1.7596622789832348,-1.2199335447094035,0.0606453741297639,0.47402354686930304,0.39133191871087886,0.08269162815842418,0.4319454306188472,0.3424167886486016,0.08952864197024563,0.3858360730191042,0.3583203427447852,0.027515730274319028,0.22270073803295595,0.27457483154195206,0.051874093508996105,0.2592592592592596,0.3155237703212938,0.05626451106203423,384.0,0.12623599208965064,439.0,0.14436387607119314,308.0,0.1011865524060646,1539.0,0.5069215557020436,2158.0,0.7109426499670403,0.1011865524060646,WACC_0p5_WRT_0p5,0.31793012524719844,832,False,,,False,False,False,False,False,61.0,0.15706806282722513
IBDD,Electricity,2547,0.7,41,0.6071428571428569,0.5951445848926633,0,39,1576,1409,180,164,148,0.279332800595958,0.38281302307427506,0.33343806492021705,0.279332800595958,0.33929562732801266,0.37037037037037074,1.2233606186634038,-2.534149843841321,1.7596622789832348,-1.2199335447094035,0.0606453741297639,0.38281302307427506,0.3784204579980561,0.004392565076218935,0.33343806492021705,0.31667540779700654,0.01676265712321051,0.279332800595958,0.37265404482861414,0.09332124423265614,0.33929562732801266,0.3400066401065327,0.0007110127785200371,0.37037037037037074,0.3843245229973075,0.013954152626936778,308.0,0.1011865524060646,310.0,0.10184574818721161,415.0,0.13645352669742913,2414.0,0.7953197099538563,2619.0,0.8628872775214239,0.1011865524060646,WACC_0p1_WRT_0p9,0.3995385629531971,833,False,,,False,False,False,False,False,39.0,0.09947643979057591
IBDD,Electricity,881,0.73,195,0.7142857142857141,0.3299136250096248,0,180,1278,1677,150,119,5,0.6005039208685697,0.6578673518418705,0.6304967399892201,0.6005039208685697,0.22429562008665255,0.2592592592592596,1.2233606186634038,-2.534149843841321,1.7596622789832348,-1.2199335447094035,0.0606453741297639,0.6578673518418705,0.5661014748042141,0.09176587703765637,0.6304967399892201,0.5425615960938024,0.08793514389541768,0.6005039208685697,0.518255521251625,0.08224839961694475,0.22429562008665255,0.27120597497080534,0.046910354884152794,0.2592592592592596,0.2199032001369017,0.03935605912235787,2359.0,0.7771918259723137,2305.0,0.7593935398813447,2134.0,0.7030323005932761,1466.0,0.482860909690178,308.0,0.1011865524060646,0.1011865524060646,WACC_0p9_WRT_0p1,0.5647330257086355,834,False,,,False,False,False,False,False,180.0,0.468586387434555
IBDD,Electricity,740,0.74,76,0.7499999999999998,0.4907812504490119,0,63,2726,2231,526,192,9,0.4057075234165282,0.49104166620102463,0.45032499949710664,0.4057075234165282,0.1838357749346038,0.22222222222222254,1.2233606186634038,-2.534149843841321,1.7596622789832348,-1.2199335447094035,0.0606453741297639,0.49104166620102463,0.48418751247266734,0.006854153728357293,0.45032499949710664,0.4583020473719456,0.007977047874838938,0.4057075234165282,0.44548961324410424,0.03978208982757603,0.1838357749346038,0.22185702815075317,0.03802125321614938,0.22222222222222254,0.2235093473631717,0.001287125140949169,1264.0,0.41628213579433093,1335.0,0.4396835860250494,1177.0,0.38760711931443637,309.0,0.1015161502966381,376.0,0.12359920896506263,0.1015161502966381,WACC_0p7_WRT_0p3,0.2937376400791035,835,False,,,False,False,False,False,False,63.0,0.16230366492146597
IBDD,Electricity,2734,0.71,49,0.6428571428571426,0.56512474322221,0,46,495,1664,193,181,103,0.31568416087440226,0.413944710732523,0.3670602875911248,0.31568416087440226,0.3004306642296604,0.3333333333333337,1.2233606186634038,-2.534149843841321,1.7596622789832348,-1.2199335447094035,0.0606453741297639,0.413944710732523,0.3848249536514041,0.029119757081118858,0.3670602875911248,0.34305792156704595,0.024002366024078847,0.31568416087440226,0.35832902961590707,0.042644868741504804,0.3004306642296604,0.30201938428576725,0.0015887200561068293,0.3333333333333337,0.33522279568220015,0.0018894623488664442,348.0,0.11437046802900462,444.0,0.14601186552406065,309.0,0.1015161502966381,1986.0,0.6542518127883982,2308.0,0.7603823335530653,0.1015161502966381,WACC_0p5_WRT_0p5,0.3553065260382334,836,False,,,False,False,False,False,False,46.0,0.11780104712041885
IBDD,Electricity,2330,0.71,47,0.6428571428571426,0.5721533982557516,0,44,4115,1786,778,237,202,0.30717308429372037,0.40665573514218345,0.35918819395355817,0.30717308429372037,0.3004306642296604,0.3333333333333337,1.2233606186634038,-2.534149843841321,1.7596622789832348,-1.2199335447094035,0.0606453741297639,0.40665573514218345,0.37862675443389604,0.02802898070828741,0.35918819395355817,0.3174223554770103,0.041765838476547856,0.30717308429372037,0.4210989940673375,0.1139259097736171,0.3004306642296604,0.42542614861005795,0.12499548438039754,0.3333333333333337,0.4630539931341527,0.12972065980081898,309.0,0.1015161502966381,313.0,0.10283454185893211,883.0,0.2907053394858273,2901.0,0.955833882663151,2894.0,0.9535266974291364,0.1015161502966381,WACC_0p1_WRT_0p9,0.480883322346737,837,False,,,False,False,False,False,False,44.0,0.112565445026178
IBDD,Electricity,1331,0.73,31,0.7142857142857141,0.6419656258679005,0,23,2329,680,825,135,27,0.22263668114980414,0.3342578694703253,0.2809984990279513,0.22263668114980414,0.22270073803295595,0.2592592592592596,1.2233606186634038,-2.534149843841321,1.7596622789832348,-1.2199335447094035,0.0606453741297639,0.3342578694703253,0.4241890849514106,0.08993121548108529,0.2809984990279513,0.37326398075521267,0.09226548172726134,0.22263668114980414,0.3627841379641805,0.14014745681437638,0.22270073803295595,0.22201181268543352,0.0006889253475224344,0.2592592592592596,0.2492787966418501,0.00998046261740948,624.0,0.2053394858272907,615.0,0.2023731048121292,339.0,0.1114040870138431,310.0,0.10184574818721161,1001.0,0.3295978905735003,0.10184574818721161,WACC_0p7_WRT_0p3,0.19011206328279498,838,False,,,False,False,False,False,False,23.0,0.05759162303664921
IBDD,Electricity,829,0.74,136,0.7499999999999998,0.391576424623955,0,122,1673,3613,383,197,5,0.5258357507574586,0.593920744834417,0.5614344044211703,0.5258357507574586,0.19553735090802815,0.22222222222222254,1.2233606186634038,-2.534149843841321,1.7596622789832348,-1.2199335447094035,0.0606453741297639,0.593920744834417,0.556703033252933,0.037217711581484014,0.5614344044211703,0.5441572239937472,0.0172771804274231,0.5258357507574586,0.5350072088860159,0.009171458128557353,0.19553735090802815,0.23473955668859678,0.03920220578056863,0.22222222222222254,0.2200782182736553,0.00214400394856723,2267.0,0.7468688200395518,2318.0,0.7636783124588002,2278.0,0.7504943968358603,573.0,0.1885299934080422,310.0,0.10184574818721161,0.10184574818721161,WACC_0p9_WRT_0p1,0.5102834541858933,839,False,,,False,False,False,False,False,122.0,0.31675392670157065
IBDD,Electricity,1994,0.71,55,0.6428571428571426,0.5456120211274459,0,52,67,2164,543,204,155,0.33931233315680515,0.4341801262382042,0.3889145363372606,0.33931233315680515,0.3004306642296604,0.3333333333333337,1.2233606186634038,-2.534149843841321,1.7596622789832348,-1.2199335447094035,0.0606453741297639,0.4341801262382042,0.3788051568239614,0.0553749694142428,0.3889145363372606,0.34038217747177646,0.048532358865484126,0.33931233315680515,0.435573597761928,0.09626126460512285,0.3004306642296604,0.47005686907745464,0.16962620484779423,0.3333333333333337,0.5033518553857517,0.17001852205241796,310.0,0.10184574818721161,427.0,0.14040870138431114,1058.0,0.34838497033618987,2997.0,0.987475280158207,2985.0,0.983520105471325,0.10184574818721161,WACC_0p1_WRT_0p9,0.5123269611074489,840,False,,,False,False,False,False,False,52.0,0.13350785340314136
IBDD,Electricity,1493,0.7,33,0.6071428571428569,0.6315273913256072,0,32,2757,1019,746,159,56,0.26480395923584765,0.34508270529196283,0.29268932171531986,0.26480395923584765,0.33929562732801266,0.37037037037037074,1.2233606186634038,-2.534149843841321,1.7596622789832348,-1.2199335447094035,0.0606453741297639,0.34508270529196283,0.4056106708916012,0.060527965599638356,0.29268932171531986,0.3562553409708958,0.06356601925557592,0.26480395923584765,0.35889824900036627,0.09409428976451861,0.33929562732801266,0.2244178211439012,0.11487780618411145,0.37037037037037074,0.2649975220515975,0.10537284831877325,476.0,0.15655899802241266,507.0,0.16677653263019115,311.0,0.1021753460777851,350.0,0.11502966381015162,1374.0,0.4525379037574159,0.1021753460777851,WACC_0p5_WRT_0p5,0.1986156888595913,841,False,,,False,False,False,False,False,32.0,0.08115183246073299
IBDD,Electricity,299,0.73,127,0.7142857142857141,0.4032760431131678,0,119,525,2863,1000,209,1,0.5116685525593311,0.5817878071419,0.548330831713252,0.5116685525593311,0.22270073803295595,0.2592592592592596,1.2233606186634038,-2.534149843841321,1.7596622789832348,-1.2199335447094035,0.0606453741297639,0.5817878071419,0.48986118809967194,0.0919266190422281,0.548330831713252,0.478770790645077,0.06956004106817504,0.5116685525593311,0.46587827635823176,0.04579027620109932,0.22270073803295595,0.2220772815866873,0.0006234564462686554,0.2592592592592596,0.2392625230017866,0.019996736257472975,1354.0,0.44594594594594594,1604.0,0.528345418589321,1439.0,0.47396176664469347,311.0,0.1021753460777851,736.0,0.24225444957152273,0.1021753460777851,WACC_0p7_WRT_0p3,0.35853658536585364,842,False,,,False,False,False,False,False,119.0,0.3089005235602094
IBDD,Electricity,2336,0.74,59,0.7499999999999998,0.5337329569329065,0,46,1065,1604,576,177,149,0.35369682415601933,0.44649915577328214,0.4022190882351447,0.35369682415601933,0.1838357749346038,0.22222222222222254,1.2233606186634038,-2.534149843841321,1.7596622789832348,-1.2199335447094035,0.0606453741297639,0.44649915577328214,0.37885008602987497,0.06764906974340718,0.4022190882351447,0.31959235535764496,0.08262673287749972,0.35369682415601933,0.39505803082674257,0.04136120667072324,0.1838357749346038,0.37191646035946135,0.18808068542485756,0.22222222222222254,0.4192379821413311,0.19701575991910858,311.0,0.1021753460777851,328.0,0.10777851021753461,619.0,0.20369149637442321,2693.0,0.8872775214238628,2765.0,0.9110085695451549,0.1021753460777851,WACC_0p1_WRT_0p9,0.44238628872775215,843,False,,,False,False,False,False,False,46.0,0.11780104712041885
IBDD,Electricity,2531,0.73,130,0.7142857142857141,0.3992871819674755,0,122,4947,3411,742,212,3,0.5164987089005774,0.5859244038855811,0.5527983561964274,0.5164987089005774,0.22270073803295595,0.2592592592592596,1.2233606186634038,-2.534149843841321,1.7596622789832348,-1.2199335447094035,0.0606453741297639,0.5859244038855811,0.5692801927268775,0.016644211158703626,0.5527983561964274,0.5626868623573874,0.009888506160960042,0.5164987089005774,0.5642752036292407,0.0477764947286633,0.22270073803295595,0.22494560721098059,0.0022448691780246333,0.2592592592592596,0.22020543930716135,0.03905381995209822,2388.0,0.7867501647989453,2475.0,0.8154251812788398,2527.0,0.8325642715886619,363.0,0.11931443638760712,311.0,0.1021753460777851,0.1021753460777851,WACC_0p9_WRT_0p1,0.5312458800263677,844,False,,,False,False,False,False,False,122.0,0.31675392670157065
IBDD,Electricity,2681,0.73,69,0.7142857142857141,0.5071915798046006,0,61,2942,2104,595,215,26,0.3858360730191042,0.47402354686930304,0.4319454306188472,0.3858360730191042,0.22270073803295595,0.2592592592592596,1.2233606186634038,-2.534149843841321,1.7596622789832348,-1.2199335447094035,0.0606453741297639,0.47402354686930304,0.46580851990080113,0.008215026968501904,0.4319454306188472,0.4221040946707239,0.009841335948123309,0.3858360730191042,0.4237326021100544,0.037896529090950204,0.22270073803295595,0.2220909545873359,0.0006097834456200435,0.2592592592592596,0.23340898549222344,0.025850273767036136,1034.0,0.34047462096242587,967.0,0.31839156229400134,915.0,0.3012524719841793,312.0,0.1025049439683586,581.0,0.1911667765326302,0.1025049439683586,WACC_0p7_WRT_0p3,0.25075807514831905,845,False,,,False,False,False,False,False,61.0,0.15706806282722513
IBDD,Electricity,762,0.73,72,0.7142857142857141,0.499966262112698,0,64,2325,2432,947,167,7,0.3945852906008571,0.4815164689201649,0.44003778643377817,0.3945852906008571,0.22270073803295595,0.2592592592592596,1.2233606186634038,-2.534149843841321,1.7596622789832348,-1.2199335447094035,0.0606453741297639,0.4815164689201649,0.5115403764606162,0.03002390754045131,0.44003778643377817,0.48612936469386986,0.04609157826009169,0.3945852906008571,0.46499045342902395,0.07040516282816683,0.22270073803295595,0.23850532239625763,0.015804584363301677,0.2592592592592596,0.2202594309841166,0.03899982827514298,1700.0,0.5599868160843771,1690.0,0.5566908371786421,1430.0,0.47099538562953197,661.0,0.21753460777851022,312.0,0.1025049439683586,0.1025049439683586,WACC_0p9_WRT_0p1,0.381542518127884,846,False,,,False,False,False,False,False,64.0,0.1649214659685864
IBDD,Electricity,2930,0.67,35,0.5,0.6216859620209692,0,34,1896,1124,985,133,130,0.3945444370177566,0.35528863197825417,0.3037117225365144,0.3945444370177566,0.455890516623069,0.48148148148148157,1.2233606186634038,-2.534149843841321,1.7596622789832348,-1.2199335447094035,0.0606453741297639,0.35528863197825417,0.38277605280125654,0.027487420823002373,0.3037117225365144,0.31706095119299155,0.013349228656477141,0.3945444370177566,0.36000395174452604,0.03454048527323056,0.455890516623069,0.3319327087765472,0.12395780784652183,0.48148148148148157,0.36862520612957117,0.1128562753519104,338.0,0.11107448912326962,312.0,0.1025049439683586,320.0,0.1051417270929466,2344.0,0.7722478576137113,2538.0,0.8361898483849703,0.1025049439683586,WACC_0p3_WRT_0p7,0.3854317732366513,847,False,,,False,False,False,False,False,34.0,0.08638743455497382
IBDD,Electricity,1349,0.72,78,0.6785714285714283,0.4863661844748775,0,71,3750,2361,962,194,29,0.41105377592647485,0.49562025313716407,0.4552698733881372,0.41105377592647485,0.2615657011313083,0.2962962962962967,1.2233606186634038,-2.534149843841321,1.7596622789832348,-1.2199335447094035,0.0606453741297639,0.49562025313716407,0.4933242529679046,0.00229600016925946,0.4552698733881372,0.47651441144595397,0.021244538057816786,0.41105377592647485,0.4768807527389757,0.06582697681250083,0.2615657011313083,0.22212646058492377,0.03943924054638451,0.2962962962962967,0.228230995390945,0.06806530090535173,1424.0,0.46901779828609097,1570.0,0.517139090309822,1599.0,0.5266974291364536,313.0,0.10283454185893211,464.0,0.15260382333553066,0.10283454185893211,WACC_0p7_WRT_0p3,0.35365853658536583,848,False,,,False,False,False,False,False,71.0,0.18324607329842932
IBDD,Electricity,976,0.73,92,0.7142857142857141,0.4582750386595772,0,84,3042,200,770,145,7,0.4450696569353127,0.5247518117604384,0.48673195670127345,0.4450696569353127,0.22270073803295595,0.2592592592592596,1.2233606186634038,-2.534149843841321,1.7596622789832348,-1.2199335447094035,0.0606453741297639,0.5247518117604384,0.5244115976333547,0.00034021412708373777,0.48673195670127345,0.48686858411502254,0.00013662741374909082,0.4450696569353127,0.45310115371812504,0.008031496782812342,0.22270073803295595,0.232944904312258,0.010244166279302053,0.2592592592592596,0.22034609666379276,0.038913162595466816,1888.0,0.6219512195121951,1702.0,0.5606460118655241,1276.0,0.42023731048121293,527.0,0.17336849044166117,313.0,0.10283454185893211,0.10283454185893211,WACC_0p9_WRT_0p1,0.37580751483190505,849,False,,,False,False,False,False,False,84.0,0.21727748691099477
IBDD,Electricity,2775,0.74,69,0.7499999999999998,0.5071915798046006,0,56,1421,1756,729,170,38,0.3858360730191042,0.47402354686930304,0.4319454306188472,0.3858360730191042,0.1838357749346038,0.22222222222222254,1.2233606186634038,-2.534149843841321,1.7596622789832348,-1.2199335447094035,0.0606453741297639,0.47402354686930304,0.46220096496592894,0.011822581903374096,0.4319454306188472,0.4210528561020398,0.010892574516807418,0.3858360730191042,0.42324084478091445,0.03740477176181023,0.1838357749346038,0.22217399473532362,0.03833821980071983,0.22222222222222254,0.2557305508352387,0.03350832861301617,985.0,0.32432432432432434,960.0,0.3160843770599868,909.0,0.2992748846407383,314.0,0.1031641397495056,1155.0,0.3803559657218194,0.1031641397495056,WACC_0p7_WRT_0p3,0.2846407382992749,850,False,,,False,False,False,False,False,56.0,0.14397905759162305
IBDD,Electricity,1576,0.71,50,0.6428571428571426,0.5617151637134581,0,47,1082,1868,273,244,215,0.31981285863641046,0.4174805709638212,0.3708790166409269,0.31981285863641046,0.3004306642296604,0.3333333333333337,1.2233606186634038,-2.534149843841321,1.7596622789832348,-1.2199335447094035,0.0606453741297639,0.4174805709638212,0.3793434739050093,0.03813709705881191,0.3708790166409269,0.31882594709862283,0.05205306954230404,0.31981285863641046,0.46010559535867873,0.14029273672226827,0.3004306642296604,0.48011162793113576,0.17968096370147535,0.3333333333333337,0.5097385344157335,0.17640520108239977,314.0,0.1031641397495056,324.0,0.1064601186552406,1368.0,0.4505603164139749,3014.0,0.9930784442979564,2995.0,0.98681608437706,0.1031641397495056,WACC_0p1_WRT_0p9,0.5280158206987475,851,False,,,False,False,False,False,False,47.0,0.12041884816753927
IBDD,Electricity,192,0.73,93,0.7142857142857141,0.4564335436868534,0,85,1970,1500,1000,210,6,0.44729954368619157,0.5266615102506704,0.4887944310707241,0.44729954368619157,0.22270073803295595,0.2592592592592596,1.2233606186634038,-2.534149843841321,1.7596622789832348,-1.2199335447094035,0.0606453741297639,0.5266615102506704,0.4691034597691515,0.05755805048151891,0.4887944310707241,0.4217743091500376,0.06702012192068652,0.44729954368619157,0.4180951330455854,0.029204410640606193,0.22270073803295595,0.22224805751011445,0.0004526805228415032,0.2592592592592596,0.24675874176848153,0.012500517490778046,1066.0,0.35102175346077785,965.0,0.3177323665128543,852.0,0.2804878048780488,315.0,0.1034937376400791,924.0,0.3042188529993408,0.1034937376400791,WACC_0p7_WRT_0p3,0.27139090309822017,852,False,,,False,False,False,False,False,85.0,0.2198952879581152
IBDD,Electricity,975,0.74,139,0.7499999999999998,0.3878467884272343,0,125,3689,3865,736,188,7,0.5303520087238677,0.5977885157050904,0.5656115969614975,0.5303520087238677,0.19727677698589813,0.22222222222222254,1.2233606186634038,-2.534149843841321,1.7596622789832348,-1.2199335447094035,0.0606453741297639,0.5977885157050904,0.5667979120430506,0.030990603662039762,0.5656115969614975,0.5585466597382189,0.007064937223278611,0.5303520087238677,0.5764023501955545,0.04605034147168685,0.19727677698589813,0.23721681036601894,0.03994003338012081,0.22222222222222254,0.22038287079657862,0.0018393514256439258,2364.0,0.7788398154251813,2450.0,0.8071852340145023,2600.0,0.8566249176005274,633.0,0.2083058668424522,315.0,0.1034937376400791,0.1034937376400791,WACC_0p9_WRT_0p1,0.5508899143045485,853,False,,,False,False,False,False,False,125.0,0.32460732984293195
IBDD,Electricity,2104,0.72,30,0.6785714285714283,0.6474320576490926,0,23,4499,505,128,235,46,0.21601731808663274,0.3285889772527928,0.27487609543301617,0.21601731808663274,0.2615657011313083,0.2962962962962967,1.2233606186634038,-2.534149843841321,1.7596622789832348,-1.2199335447094035,0.0606453741297639,0.3285889772527928,0.42416193691650117,0.09557295966370838,0.27487609543301617,0.3788127267205278,0.10393663128751163,0.21601731808663274,0.38979162609194346,0.1737743080053107,0.2615657011313083,0.22227310152457302,0.03929259960673526,0.2962962962962967,0.23470583663430708,0.061590459661989644,623.0,0.2050098879367172,647.0,0.2129202373104812,559.0,0.18391562294001318,316.0,0.10382333553065261,625.0,0.20566908371786422,0.10382333553065261,WACC_0p7_WRT_0p3,0.18226763348714567,854,False,,,False,False,False,False,False,23.0,0.05759162303664921
IBDD,Electricity,2449,0.74,96,0.7499999999999998,0.4510243614951085,0,83,2921,3221,852,180,18,0.45384958258454444,0.5322710325235911,0.4948527151254784,0.45384958258454444,0.1838357749346038,0.22222222222222254,1.2233606186634038,-2.534149843841321,1.7596622789832348,-1.2199335447094035,0.0606453741297639,0.5322710325235911,0.5166007200695951,0.01567031245399597,0.4948527151254784,0.5085423673301865,0.013689652204708136,0.45384958258454444,0.5026100419911236,0.04876045940657914,0.1838357749346038,0.22623998573180448,0.04240421079720069,0.22222222222222254,0.22042327874126444,0.001798943480958104,1779.0,0.5860250494396836,1983.0,0.6532630191166776,1960.0,0.6456822676334871,384.0,0.12623599208965064,316.0,0.10382333553065261,0.10382333553065261,WACC_0p9_WRT_0p1,0.4230059327620304,855,False,,,False,False,False,False,False,83.0,0.21465968586387435
IBDD,Electricity,1680,0.71,51,0.6428571428571426,0.5583717938339305,0,48,261,1968,204,198,174,0.3238613824217449,0.4209477693574053,0.37462359090599767,0.3238613824217449,0.3004306642296604,0.3333333333333337,1.2233606186634038,-2.534149843841321,1.7596622789832348,-1.2199335447094035,0.0606453741297639,0.4209477693574053,0.3851431739969165,0.0358045953604888,0.37462359090599767,0.31767243615880864,0.05695115474718904,0.3238613824217449,0.42152692385943735,0.09766554143769246,0.3004306642296604,0.4473650580970662,0.1469343938674058,0.3333333333333337,0.48964616124666027,0.15631282791332657,350.0,0.11502966381015162,316.0,0.10382333553065261,890.0,0.2930125247198418,2946.0,0.9706657877389585,2961.0,0.975609756097561,0.10382333553065261,WACC_0p3_WRT_0p7,0.4916282135794331,856,False,,,False,False,False,False,False,48.0,0.12303664921465969
IBDD,Electricity,2763,0.73,50,0.7142857142857141,0.5617151637134581,0,42,4056,323,180,151,28,0.31981285863641046,0.4174805709638212,0.3708790166409269,0.31981285863641046,0.22270073803295595,0.2592592592592596,1.2233606186634038,-2.534149843841321,1.7596622789832348,-1.2199335447094035,0.0606453741297639,0.4174805709638212,0.5142335716373846,0.0967530006735634,0.3708790166409269,0.44416873671266255,0.07328972007173568,0.31981285863641046,0.44272929285775625,0.1229164342213458,0.22270073803295595,0.22259393068233863,0.00010680735061732727,0.2592592592592596,0.2312965371721583,0.027962722087101266,1739.0,0.5728411338167436,1179.0,0.3882663150955834,1142.0,0.3760711931443639,318.0,0.1044825313117996,527.0,0.17336849044166117,0.1044825313117996,WACC_0p7_WRT_0p3,0.3230059327620304,857,False,,,False,False,False,False,False,42.0,0.10732984293193717
IBDD,Electricity,733,0.73,123,0.7142857142857141,0.4087424748943598,0,115,1798,2738,958,189,2,0.5050491894961598,0.5761189149243676,0.542208428118317,0.5050491894961598,0.22270073803295595,0.2592592592592596,1.2233606186634038,-2.534149843841321,1.7596622789832348,-1.2199335447094035,0.0606453741297639,0.5761189149243676,0.5432380232003263,0.032880891724041295,0.542208428118317,0.5116513355035537,0.03055709261476336,0.5050491894961598,0.5033920062481737,0.0016571832479861381,0.22270073803295595,0.24598677551689685,0.023286037483940897,0.2592592592592596,0.22063013171773055,0.03862912754152903,2133.0,0.7027027027027027,2007.0,0.6611733684904416,1973.0,0.6499670402109426,853.0,0.28081740276862227,318.0,0.1044825313117996,0.1044825313117996,WACC_0p9_WRT_0p1,0.4798286090969017,858,False,,,False,False,False,False,False,115.0,0.29842931937172773
IBDD,Electricity,648,0.69,91,0.5714285714285711,0.460136442071784,0,90,2200,2999,903,247,6,0.4428156628335633,0.5228214674811129,0.48464718487960196,0.4428156628335633,0.3781605904263649,0.4074074074074079,1.2233606186634038,-2.534149843841321,1.7596622789832348,-1.2199335447094035,0.0606453741297639,0.5228214674811129,0.5068818433218655,0.015939624159247434,0.48464718487960196,0.48339236299457317,0.0012548218850287896,0.4428156628335633,0.48329889982448254,0.04048323699091927,0.3781605904263649,0.22268497110370553,0.15547561932265938,0.4074074074074079,0.24646935330545935,0.16093805410194853,1624.0,0.5349373764007911,1661.0,0.5471324983520105,1700.0,0.5599868160843771,319.0,0.10481212920237311,918.0,0.3022412656558998,0.10481212920237311,WACC_0p7_WRT_0p3,0.4098220171390903,859,False,,,False,False,False,False,False,90.0,0.23298429319371727
IBDD,Electricity,544,0.74,117,0.7499999999999998,0.4172819839037627,0,103,2806,3259,266,249,8,0.49470860302639985,0.5672631278035053,0.5326441780277857,0.49470860302639985,0.1838357749346038,0.22222222222222254,1.2233606186634038,-2.534149843841321,1.7596622789832348,-1.2199335447094035,0.0606453741297639,0.5672631278035053,0.5218238901049519,0.0454392376985534,0.5326441780277857,0.5061049268051939,0.02653925122259182,0.49470860302639985,0.5064912305829208,0.01178262755652093,0.1838357749346038,0.22513879129532058,0.04130301636071679,0.22222222222222254,0.22063169594890553,0.0015905262733170167,1856.0,0.6114040870138431,1951.0,0.6427158866183257,2016.0,0.6641397495056032,367.0,0.12063282794990111,319.0,0.10481212920237311,0.10481212920237311,WACC_0p9_WRT_0p1,0.4287409360580092,860,False,,,False,False,False,False,False,103.0,0.2670157068062827
IBDD,Electricity,2320,0.71,55,0.6428571428571426,0.5456120211274459,0,52,1958,1939,506,226,221,0.33931233315680515,0.4341801262382042,0.3889145363372606,0.33931233315680515,0.3004306642296604,0.3333333333333337,1.2233606186634038,-2.534149843841321,1.7596622789832348,-1.2199335447094035,0.0606453741297639,0.4341801262382042,0.3800810188107193,0.05409910742748486,0.3889145363372606,0.3185883666015325,0.07032616973572808,0.33931233315680515,0.46995864393250436,0.13064631077569921,0.3004306642296604,0.49249292282825924,0.19206225859859882,0.3333333333333337,0.5330470040506913,0.19971367071735757,319.0,0.10481212920237311,319.0,0.10481212920237311,1499.0,0.4937376400791035,3023.0,0.996044825313118,3020.0,0.9950560316413974,0.10481212920237311,WACC_0p1_WRT_0p9,0.538892551087673,861,False,,,False,False,False,False,False,52.0,0.13350785340314136
IBDD,Electricity,2298,0.73,101,0.7142857142857141,0.4423703723360919,0,93,614,3759,56,177,7,0.46432879434117375,0.5412455397996083,0.5045451829835771,0.46432879434117375,0.22270073803295595,0.2592592592592596,1.2233606186634038,-2.534149843841321,1.7596622789832348,-1.2199335447094035,0.0606453741297639,0.5412455397996083,0.5278022579963256,0.013443281803282692,0.5045451829835771,0.5062480625475471,0.0017028795639699723,0.46432879434117375,0.5050185935382833,0.04068979919710952,0.22270073803295595,0.24112545234032856,0.01842471430737261,0.2592592592592596,0.22073204546421143,0.03852721379504814,1941.0,0.6394199077125906,1955.0,0.6440342781806196,1991.0,0.6558998022412657,719.0,0.23665128543177325,320.0,0.1051417270929466,0.1051417270929466,WACC_0p9_WRT_0p1,0.4562294001318391,862,False,,,False,False,False,False,False,93.0,0.24083769633507854
IBDD,Electricity,385,0.73,148,0.7142857142857141,0.377119421762125,0,140,3954,3015,853,214,10,0.5433418963709491,0.6089131922466853,0.57762624762642,0.5433418963709491,0.22270073803295595,0.2592592592592596,1.2233606186634038,-2.534149843841321,1.7596622789832348,-1.2199335447094035,0.0606453741297639,0.6089131922466853,0.5416407002304104,0.06727249201627483,0.57762624762642,0.5250640576438963,0.05256218998252371,0.5433418963709491,0.534885704323928,0.008456192047021083,0.22270073803295595,0.22279760508390392,9.686705094796855e-05,0.2592592592592596,0.2209679299386744,0.03829132932058518,2121.0,0.6987475280158207,2141.0,0.7053394858272907,2276.0,0.7498352010547132,320.0,0.1051417270929466,324.0,0.1064601186552406,0.1051417270929466,WACC_0p7_WRT_0p3,0.4731048121292023,863,False,,,False,False,False,False,False,140.0,0.36387434554973824
IBDD,Electricity,2448,0.71,49,0.6428571428571426,0.56512474322221,0,46,729,1881,910,233,195,0.31568416087440226,0.413944710732523,0.3670602875911248,0.31568416087440226,0.3004306642296604,0.3333333333333337,1.2233606186634038,-2.534149843841321,1.7596622789832348,-1.2199335447094035,0.0606453741297639,0.413944710732523,0.3802126161434721,0.033732094589050854,0.3670602875911248,0.31862988758126576,0.04843040000985904,0.31568416087440226,0.44337948627882023,0.12769532540441797,0.3004306642296604,0.4630699360618159,0.16263927183215549,0.3333333333333337,0.49487719173289785,0.16154385839956414,320.0,0.1051417270929466,320.0,0.1051417270929466,1150.0,0.37870797626895186,2982.0,0.9825313117996045,2973.0,0.979564930784443,0.1051417270929466,WACC_0p1_WRT_0p9,0.5102175346077785,864,False,,,False,False,False,False,False,46.0,0.11780104712041885
IBDD,Electricity,83,0.72,30,0.6785714285714283,0.6474320576490926,0,23,1681,248,2,202,1,0.21601731808663274,0.3285889772527928,0.27487609543301617,0.21601731808663274,0.2615657011313083,0.2962962962962967,1.2233606186634038,-2.534149843841321,1.7596622789832348,-1.2199335447094035,0.0606453741297639,0.3285889772527928,0.4817148610399825,0.15312588378718972,0.27487609543301617,0.42279612201684397,0.1479200265838278,0.21601731808663274,0.3975954878878258,0.18157816980119304,0.2615657011313083,0.222832210692969,0.03873349043833929,0.2962962962962967,0.23081475557750225,0.06548154071879447,1230.0,0.4050758075148319,974.0,0.3206987475280158,647.0,0.2129202373104812,321.0,0.1054713249835201,516.0,0.16974291364535268,0.1054713249835201,WACC_0p7_WRT_0p3,0.24278180619644035,865,False,,,False,False,False,False,False,23.0,0.05759162303664921
IBDD,Electricity,1958,0.73,63,0.7142857142857141,0.5226208344905343,0,55,4749,1247,594,181,132,0.3671526168545674,0.4580228383061125,0.4146646653706015,0.3671526168545674,0.22270073803295595,0.2592592592592596,1.2233606186634038,-2.534149843841321,1.7596622789832348,-1.2199335447094035,0.0606453741297639,0.4580228383061125,0.3931228832528424,0.06489995505327012,0.4146646653706015,0.33990529647535456,0.07475936889524692,0.3671526168545674,0.3600793335960166,0.007073283258550778,0.22270073803295595,0.2938150100873531,0.07111427205439716,0.2592592592592596,0.3403454892625753,0.08108623000331572,402.0,0.13216875411997364,424.0,0.13941990771259063,321.0,0.1054713249835201,1864.0,0.6140408701384311,2343.0,0.7719182597231378,0.1054713249835201,WACC_0p5_WRT_0p5,0.35260382333553064,866,False,,,False,False,False,False,False,55.0,0.14136125654450263
IBDD,Electricity,245,0.74,27,0.7499999999999998,0.6649568125048124,0,15,233,1,2,148,1,0.19479639745204147,0.31041515740241665,0.25524836999461,0.19479639745204147,0.1838357749346038,0.22222222222222254,1.2233606186634038,-2.534149843841321,1.7596622789832348,-1.2199335447094035,0.0606453741297639,0.31041515740241665,0.38038626723645746,0.06997110983404081,0.25524836999461,0.3404503504901749,0.08520198049556493,0.19479639745204147,0.42331035835674713,0.22851396090470566,0.1838357749346038,0.3417745973035916,0.15793882236898782,0.22222222222222254,0.3567958308648518,0.13457360864262924,321.0,0.1054713249835201,428.0,0.14073829927488465,910.0,0.2996044825313118,2434.0,0.8019116677653263,2459.0,0.8101516150296638,0.1054713249835201,WACC_0p1_WRT_0p9,0.43157547791694134,867,False,,,False,False,False,False,False,15.0,0.03664921465968586
IBDD,Electricity,532,0.73,169,0.7142857142857141,0.3544173672480289,0,159,1369,4726,953,240,3,0.5708320667643204,0.6324560635946368,0.6030525486822076,0.5708320667643204,0.22270073803295595,0.2592592592592596,1.2233606186634038,-2.534149843841321,1.7596622789832348,-1.2199335447094035,0.0606453741297639,0.6324560635946368,0.5638258611324092,0.06863020246222762,0.6030525486822076,0.5644177626350105,0.038634786047197056,0.5708320667643204,0.5536209624385988,0.017211104325721593,0.22270073803295595,0.2400804017649393,0.017379663731983352,0.2592592592592596,0.2207711121941171,0.038488147065142475,2339.0,0.7705998681608438,2490.0,0.8203691496374423,2445.0,0.8055372445616348,691.0,0.22742254449571522,321.0,0.1054713249835201,0.1054713249835201,WACC_0p9_WRT_0p1,0.5458800263678313,868,False,,,False,False,False,False,False,159.0,0.41361256544502617
IBDD,Electricity,1851,0.74,139,0.7499999999999998,0.3878467884272343,0,125,1056,4123,392,166,2,0.5303520087238677,0.5977885157050904,0.5656115969614975,0.5303520087238677,0.19727677698589813,0.22222222222222254,1.2233606186634038,-2.534149843841321,1.7596622789832348,-1.2199335447094035,0.0606453741297639,0.5977885157050904,0.5632254592178805,0.03456305648720992,0.5656115969614975,0.5570271030731733,0.008584493888324274,0.5303520087238677,0.5539212622581197,0.023569253534251988,0.19727677698589813,0.2482466900838944,0.05096991309799628,0.22222222222222254,0.22087607101882753,0.001346151203395013,2331.0,0.7679630850362558,2436.0,0.8025708635464733,2449.0,0.8068556361239289,914.0,0.3009228740936058,322.0,0.10580092287409361,0.10580092287409361,WACC_0p9_WRT_0p1,0.5568226763348714,869,False,,,False,False,False,False,False,125.0,0.32460732984293195
IBDD,Electricity,1525,0.74,70,0.7499999999999998,0.5047492957538864,0,57,1729,1487,234,194,123,0.3887934619488797,0.4765562858848585,0.4346807887556472,0.3887934619488797,0.1838357749346038,0.22222222222222254,1.2233606186634038,-2.534149843841321,1.7596622789832348,-1.2199335447094035,0.0606453741297639,0.4765562858848585,0.3926801529410969,0.08387613294376156,0.4346807887556472,0.3275715510744733,0.10710923768117392,0.3887934619488797,0.36041944332234516,0.028374018626534547,0.1838357749346038,0.30143355788770343,0.11759778295309964,0.22222222222222254,0.3515994462900677,0.12937722406784513,398.0,0.13085036255767962,359.0,0.11799604482531312,323.0,0.1061305207646671,1981.0,0.6526038233355307,2426.0,0.7992748846407383,0.1061305207646671,WACC_0p5_WRT_0p5,0.36137112722478576,870,False,,,False,False,False,False,False,57.0,0.14659685863874344
IBDD,Electricity,1949,0.71,50,0.6428571428571426,0.5617151637134581,0,47,2764,1836,958,220,172,0.31981285863641046,0.4174805709638212,0.3708790166409269,0.31981285863641046,0.3004306642296604,0.3333333333333337,1.2233606186634038,-2.534149843841321,1.7596622789832348,-1.2199335447094035,0.0606453741297639,0.4174805709638212,0.3888773260451524,0.02860324491866878,0.3708790166409269,0.3187059302984499,0.05217308634247697,0.31981285863641046,0.3992131937916561,0.07940033515524564,0.3004306642296604,0.411799557074854,0.11136889284519358,0.3333333333333337,0.45420925251295635,0.12087591917962265,370.0,0.12162162162162163,323.0,0.1061305207646671,669.0,0.22017139090309823,2861.0,0.942649967040211,2870.0,0.9456163480553724,0.1061305207646671,WACC_0p3_WRT_0p7,0.46723796967699405,871,False,,,False,False,False,False,False,47.0,0.12041884816753927
IBDD,Electricity,2889,0.74,164,0.7499999999999998,0.359557394877106,0,150,3352,4787,890,243,6,0.5646079501205059,0.62712566457189,0.5972957177376411,0.5646079501205059,0.21047037182270412,0.22222222222222254,1.2233606186634038,-2.534149843841321,1.7596622789832348,-1.2199335447094035,0.0606453741297639,0.62712566457189,0.57511687482589,0.052008789745999984,0.5972957177376411,0.5643202608457313,0.03297545689190984,0.5646079501205059,0.5639103663581425,0.0006975837623633963,0.21047037182270412,0.23332945169607158,0.022859079873367466,0.22222222222222254,0.22090698134056064,0.0013152408816619054,2432.0,0.8012524719841793,2488.0,0.8197099538562953,2526.0,0.8322346736980883,537.0,0.17666446934739619,323.0,0.1061305207646671,0.1061305207646671,WACC_0p9_WRT_0p1,0.5471984179301252,872,False,,,False,False,False,False,False,150.0,0.3900523560209424
IBDD,Electricity,93,0.71,118,0.6428571428571426,0.4158289952077859,0,114,1,1571,1000,158,6,0.4964680432042589,0.5687699308956294,0.5342715253672798,0.4964680432042589,0.3004306642296604,0.3333333333333337,1.2233606186634038,-2.534149843841321,1.7596622789832348,-1.2199335447094035,0.0606453741297639,0.5687699308956294,0.38045613295588593,0.1883137979397435,0.5342715253672798,0.33623608875689315,0.1980354366103867,0.4964680432042589,0.49049522539051355,0.005972817813745368,0.3004306642296604,0.44962804203109813,0.14919737780143771,0.3333333333333337,0.5228255557603296,0.18949222242699593,323.0,0.1061305207646671,408.0,0.13414634146341464,1808.0,0.5955833882663151,2952.0,0.9726433750823995,3010.0,0.9917600527356625,0.1061305207646671,WACC_0p1_WRT_0p9,0.5600527356624918,873,False,,,False,False,False,False,False,114.0,0.29581151832460734
IBDD,Electricity,2017,0.73,71,0.7142857142857141,0.5023411706436027,0,63,3738,1932,586,174,47,0.3917094874376366,0.4790536008140415,0.4373778888791649,0.3917094874376366,0.22270073803295595,0.2592592592592596,1.2233606186634038,-2.534149843841321,1.7596622789832348,-1.2199335447094035,0.0606453741297639,0.4790536008140415,0.46972524768918644,0.009328353124855082,0.4373778888791649,0.4358966712373163,0.001481217641848609,0.3917094874376366,0.43091594787226845,0.03920646043463183,0.22270073803295595,0.2229644180941503,0.0002636800611943435,0.2592592592592596,0.24731730078323763,0.011941958476021947,1073.0,0.35332893869479237,1095.0,0.36058009228740934,990.0,0.3259723137771918,324.0,0.1064601186552406,951.0,0.3131179960448253,0.1064601186552406,WACC_0p7_WRT_0p3,0.2918918918918919,874,False,,,False,False,False,False,False,63.0,0.16230366492146597
IBDD,Electricity,2460,0.73,60,0.7142857142857141,0.5308869724893325,0,52,2930,1030,81,96,68,0.3571430583830649,0.44945054704809956,0.4054065908119476,0.3571430583830649,0.22270073803295595,0.2592592592592596,1.2233606186634038,-2.534149843841321,1.7596622789832348,-1.2199335447094035,0.0606453741297639,0.44945054704809956,0.4242792183147925,0.025171328733307075,0.4054065908119476,0.3690211024377115,0.03638548837423605,0.3571430583830649,0.3606128746864768,0.0034698163034118656,0.22270073803295595,0.2573364592352931,0.03463572120233713,0.2592592592592596,0.2932574698019921,0.0339982105427325,625.0,0.20566908371786422,587.0,0.1931443638760712,324.0,0.1064601186552406,1151.0,0.3790375741595254,1909.0,0.6288727752142387,0.1064601186552406,WACC_0p5_WRT_0p5,0.302636783124588,875,False,,,False,False,False,False,False,52.0,0.13350785340314136
IBDD,Electricity,981,0.73,224,0.7142857142857141,0.3061554966205457,0,206,729,4319,237,138,9,0.6292729028669983,0.6825054109120267,0.6571058437849887,0.6292729028669983,0.23537592548418218,0.2592592592592596,1.2233606186634038,-2.534149843841321,1.7596622789832348,-1.2199335447094035,0.0606453741297639,0.6825054109120267,0.5760226741422297,0.10648273676979692,0.6571058437849887,0.5480124323926654,0.10909341139232331,0.6292729028669983,0.5498744273137827,0.07939847555321566,0.23537592548418218,0.25606749584854865,0.020691570364366474,0.2592592592592596,0.22101490886154604,0.03824435039771354,2440.0,0.8038892551087673,2357.0,0.7765326301911668,2417.0,0.7963085036255768,1122.0,0.3694792353328939,325.0,0.10678971654581411,0.10678971654581411,WACC_0p9_WRT_0p1,0.5705998681608437,876,False,,,False,False,False,False,False,206.0,0.5366492146596858
IBDD,Electricity,2288,0.73,35,0.7142857142857141,0.6216859620209692,0,27,886,653,70,67,64,0.24719355173287308,0.35528863197825417,0.3037117225365144,0.24719355173287308,0.22270073803295595,0.2592592592592596,1.2233606186634038,-2.534149843841321,1.7596622789832348,-1.2199335447094035,0.0606453741297639,0.35528863197825417,0.39971988651231233,0.04443125453405816,0.3037117225365144,0.3585642850115477,0.054852562475033284,0.24719355173287308,0.36126169353851456,0.11406814180564148,0.22270073803295595,0.27716256352033675,0.054461825487380794,0.2592592592592596,0.30162844949612483,0.04236919023686525,445.0,0.14634146341463414,522.0,0.17172050098879368,326.0,0.10711931443638761,1587.0,0.5227422544495716,2016.0,0.6641397495056032,0.10711931443638761,WACC_0p5_WRT_0p5,0.32241265655899803,877,False,,,False,False,False,False,False,27.0,0.06806282722513089
IBDD,Electricity,2242,0.7,49,0.6071428571428569,0.56512474322221,0,47,120,1819,735,235,106,0.31568416087440226,0.413944710732523,0.3670602875911248,0.31568416087440226,0.33929562732801266,0.37037037037037074,1.2233606186634038,-2.534149843841321,1.7596622789832348,-1.2199335447094035,0.0606453741297639,0.413944710732523,0.38081203629628196,0.033132674436241016,0.3670602875911248,0.33589086272468793,0.031169424866436868,0.31568416087440226,0.3917134096730666,0.07602924879866435,0.33929562732801266,0.39973652733651793,0.06044090000850527,0.37037037037037074,0.44915147525012533,0.0787811048797546,326.0,0.10711931443638761,405.0,0.13315754779169414,582.0,0.1914963744232037,2826.0,0.9311140408701384,2851.0,0.9393539881344759,0.10711931443638761,WACC_0p1_WRT_0p9,0.4604482531311799,878,False,,,False,False,False,False,False,47.0,0.12041884816753927
IBDD,Electricity,227,0.74,191,0.7499999999999998,0.3334638155010188,0,174,5000,5000,1000,200,10,0.5962049557032475,0.6541856728137583,0.6265205266388589,0.5962049557032475,0.2226398838173708,0.22222222222222254,1.2233606186634038,-2.534149843841321,1.7596622789832348,-1.2199335447094035,0.0606453741297639,0.6541856728137583,0.5872635514314001,0.0669221213823582,0.6265205266388589,0.5872800708174674,0.03924045582139157,0.5962049557032475,0.5934976159085777,0.0027073397946697497,0.2226398838173708,0.2370762050063968,0.014436321189026019,0.22222222222222254,0.2210349525150499,0.0011872697071726446,2546.0,0.8388266315095584,2651.0,0.8734344100197758,2695.0,0.8879367172050099,625.0,0.20566908371786422,326.0,0.10711931443638761,0.10711931443638761,WACC_0p9_WRT_0p1,0.5825972313777192,879,False,,,False,False,False,False,False,174.0,0.45287958115183247
IBDD,Electricity,742,0.72,143,0.6785714285714283,0.3829963792662363,0,136,765,1007,760,144,1,0.5362254231424002,0.602818569649829,0.5710440552218153,0.5362254231424002,0.2615657011313083,0.2962962962962967,1.2233606186634038,-2.534149843841321,1.7596622789832348,-1.2199335447094035,0.0606453741297639,0.602818569649829,0.5319072698290945,0.07091129982073452,0.5710440552218153,0.4788721035124982,0.09217195170931713,0.5362254231424002,0.44547024874785296,0.09075517439454722,0.2615657011313083,0.22335395538905015,0.038211745742258135,0.2962962962962967,0.22223612804924467,0.07406016824705206,1995.0,0.6572181938035596,1606.0,0.529004614370468,1176.0,0.3872775214238629,327.0,0.1074489123269611,348.0,0.11437046802900462,0.1074489123269611,WACC_0p7_WRT_0p3,0.3590639419907712,880,False,,,False,False,False,False,False,136.0,0.35340314136125656
IBDD,Electricity,2638,0.74,56,0.7499999999999998,0.5425645408871178,0,43,3011,1597,433,209,64,0.34300256088597536,0.43734047611706295,0.392327714206428,0.34300256088597536,0.1838357749346038,0.22222222222222254,1.2233606186634038,-2.534149843841321,1.7596622789832348,-1.2199335447094035,0.0606453741297639,0.43734047611706295,0.41785034754747225,0.019490128569590703,0.392327714206428,0.3716425107907237,0.02068520341570429,0.34300256088597536,0.36127378483805844,0.018271223952083082,0.1838357749346038,0.23117616175821715,0.047340386823613356,0.22222222222222254,0.26275380243929175,0.04053158021706921,569.0,0.1872116018457482,601.0,0.19775873434410018,328.0,0.10777851021753461,491.0,0.16150296638101516,1321.0,0.43506921555702044,0.10777851021753461,WACC_0p5_WRT_0p5,0.21786420566908374,881,False,,,False,False,False,False,False,43.0,0.1099476439790576
IBDD,Electricity,2155,0.72,77,0.6785714285714283,0.4885595662217817,0,70,532,2771,772,234,19,0.40839778556566114,0.49334563502926343,0.4528132858316045,0.40839778556566114,0.2615657011313083,0.2962962962962967,1.2233606186634038,-2.534149843841321,1.7596622789832348,-1.2199335447094035,0.0606453741297639,0.49334563502926343,0.48459902116688425,0.008746613862379182,0.4528132858316045,0.4543521812946964,0.0015388954630918827,0.40839778556566114,0.43956531266085763,0.03116752709519649,0.2615657011313083,0.22336145586622658,0.038204245265081704,0.2962962962962967,0.24665535691250473,0.04964093938379199,1273.0,0.41924851680949243,1298.0,0.42748846407382995,1111.0,0.36585365853658536,328.0,0.10777851021753461,922.0,0.3035596572181938,0.10777851021753461,WACC_0p7_WRT_0p3,0.32478576137112725,882,False,,,False,False,False,False,False,70.0,0.1806282722513089
IBDD,Electricity,2135,0.73,63,0.7142857142857141,0.5226208344905343,0,55,1904,1575,718,195,20,0.3671526168545674,0.4580228383061125,0.4146646653706015,0.3671526168545674,0.22270073803295595,0.2592592592592596,1.2233606186634038,-2.534149843841321,1.7596622789832348,-1.2199335447094035,0.0606453741297639,0.4580228383061125,0.47107923533369017,0.01305639702757766,0.4146646653706015,0.4232307538761293,0.008566088505527814,0.3671526168545674,0.4070193850917147,0.0398667682371473,0.22270073803295595,0.22344610396031886,0.0007453659273629065,0.2592592592592596,0.24252875514074584,0.016730504118513734,1093.0,0.35992089650626236,982.0,0.32333553065260384,735.0,0.24192485168094924,329.0,0.10810810810810811,819.0,0.26961107448912325,0.10810810810810811,WACC_0p7_WRT_0p3,0.2605800922874093,883,False,,,False,False,False,False,False,55.0,0.14136125654450263
IBDD,Electricity,3006,0.75,63,0.7857142857142856,0.5226208344905343,0,20,936,342,370,72,53,0.3671526168545674,0.4580228383061125,0.4146646653706015,0.3671526168545674,0.14497081183625146,0.18518518518518542,1.2233606186634038,-2.534149843841321,1.7596622789832348,-1.2199335447094035,0.0606453741297639,0.4580228383061125,0.4222099322019238,0.03581290610418869,0.4146646653706015,0.3477820114095162,0.06688265396108528,0.3671526168545674,0.3614189474161067,0.005733669438460709,0.14497081183625146,0.26469523476704215,0.11972442293079069,0.18518518518518542,0.28626619393284675,0.10108100874766132,606.0,0.1994067237969677,467.0,0.15359261700725116,329.0,0.10810810810810811,1337.0,0.44034278180619646,1804.0,0.5942649967040211,0.10810810810810811,WACC_0p5_WRT_0p5,0.2991430454845089,884,False,,,False,False,False,False,False,20.0,0.049738219895287955
IBDD,Electricity,356,0.73,116,0.7142857142857141,0.4187473386096327,0,108,2363,2242,366,128,2,0.4929341887095774,0.5657435007011216,0.5310029807572112,0.4929341887095774,0.22270073803295595,0.2592592592592596,1.2233606186634038,-2.534149843841321,1.7596622789832348,-1.2199335447094035,0.0606453741297639,0.5657435007011216,0.539988002993874,0.02575549770724761,0.5310029807572112,0.5065021319076013,0.024500848849609902,0.4929341887095774,0.4921001553160694,0.0008340333935080158,0.22270073803295595,0.25898857412127696,0.03628783608832101,0.2592592592592596,0.22114337312528587,0.03811588613397371,2097.0,0.6908371786420567,1960.0,0.6456822676334871,1830.0,0.6028345418589321,1201.0,0.39551746868820037,329.0,0.10810810810810811,0.10810810810810811,WACC_0p9_WRT_0p1,0.48859591298615684,885,False,,,False,False,False,False,False,108.0,0.2801047120418848
IBDD,Electricity,2366,0.71,57,0.6428571428571426,0.5395700629986553,0,54,2710,1841,549,198,41,0.3466286074775693,0.44044586059398705,0.395681529441506,0.3466286074775693,0.3004306642296604,0.3333333333333337,1.2233606186634038,-2.534149843841321,1.7596622789832348,-1.2199335447094035,0.0606453741297639,0.44044586059398705,0.4440283813126795,0.0035825207186924724,0.395681529441506,0.39249606032519546,0.003185469116310513,0.3466286074775693,0.3897224982943427,0.043093890816773395,0.3004306642296604,0.22359731314163325,0.07683335108802716,0.3333333333333337,0.2581517179376051,0.0751816153957286,795.0,0.26170072511535925,735.0,0.24192485168094924,558.0,0.1835860250494397,330.0,0.1084377059986816,1214.0,0.3998022412656559,0.1084377059986816,WACC_0p7_WRT_0p3,0.23909030982201712,886,False,,,False,False,False,False,False,54.0,0.1387434554973822
IBDD,Electricity,2065,0.73,62,0.7142857142857141,0.5253323572805145,0,54,2619,1960,481,193,112,0.3638692037398741,0.455210888746133,0.41162775984582367,0.3638692037398741,0.22270073803295595,0.2592592592592596,1.2233606186634038,-2.534149843841321,1.7596622789832348,-1.2199335447094035,0.0606453741297639,0.455210888746133,0.4103397181652066,0.044871170580926434,0.41162775984582367,0.35132174072446604,0.060306019121357635,0.3638692037398741,0.36148059285042444,0.0023886108894496383,0.22270073803295595,0.2995290927094695,0.07682835467651353,0.2592592592592596,0.3437885839002892,0.08452932464102964,507.0,0.16677653263019115,489.0,0.16084377059986815,330.0,0.1084377059986816,1949.0,0.6420566908371786,2369.0,0.7804878048780488,0.1084377059986816,WACC_0p5_WRT_0p5,0.3717205009887937,887,False,,,False,False,False,False,False,54.0,0.1387434554973822
IBDD,Electricity,1063,0.72,152,0.6785714285714283,0.3725581447239429,0,145,3080,2568,295,152,4,0.5488651974850901,0.6136434054714666,0.5827348779091839,0.5488651974850901,0.2615657011313083,0.2962962962962967,1.2233606186634038,-2.534149843841321,1.7596622789832348,-1.2199335447094035,0.0606453741297639,0.6136434054714666,0.5545737914778334,0.0590696139936332,0.5827348779091839,0.5408989590794132,0.04183591882977067,0.5488651974850901,0.5232849877023373,0.025580209782752772,0.2615657011313083,0.25136883866630705,0.010196862465001233,0.2962962962962967,0.22125219109668307,0.07504410519961366,2250.0,0.7412656558998022,2292.0,0.7551087673038892,2187.0,0.7205009887936717,1003.0,0.33025708635464734,330.0,0.1084377059986816,0.1084377059986816,WACC_0p9_WRT_0p1,0.5311140408701385,888,False,,,False,False,False,False,False,145.0,0.3769633507853403
IBDD,Electricity,2629,0.73,70,0.7142857142857141,0.5047492957538864,0,62,4175,1301,867,171,120,0.3887934619488797,0.4765562858848585,0.4346807887556472,0.3887934619488797,0.22270073803295595,0.2592592592592596,1.2233606186634038,-2.534149843841321,1.7596622789832348,-1.2199335447094035,0.0606453741297639,0.4765562858848585,0.39273032663131713,0.08382595925354136,0.4346807887556472,0.3487789573625643,0.08590183139308288,0.3887934619488797,0.36156992507108493,0.027223536877794774,0.22270073803295595,0.28197988869684265,0.0592791506638867,0.2592592592592596,0.33292507485877004,0.07366581559951046,399.0,0.13117996044825314,474.0,0.15589980224126565,331.0,0.10876730388925511,1678.0,0.5527356624917601,2287.0,0.7534607778510217,0.10876730388925511,WACC_0p5_WRT_0p5,0.3404087013843111,889,False,,,False,False,False,False,False,62.0,0.15968586387434555
IBDD,Electricity,1560,0.74,93,0.7499999999999998,0.4564335436868534,0,80,2648,3032,457,161,14,0.44729954368619157,0.5266615102506704,0.4887944310707241,0.44729954368619157,0.1838357749346038,0.22222222222222254,1.2233606186634038,-2.534149843841321,1.7596622789832348,-1.2199335447094035,0.0606453741297639,0.5266615102506704,0.517495883890661,0.009165626360009393,0.4887944310707241,0.5054644150743115,0.01666998400358738,0.44729954368619157,0.48177021741468007,0.0344706737284885,0.1838357749346038,0.2236956612047516,0.039859886270147804,0.22222222222222254,0.2237543738695922,0.0015321516473696672,1799.0,0.5926170072511536,1943.0,0.6400791034937376,1675.0,0.5517468688200395,331.0,0.10876730388925511,381.0,0.12524719841793014,0.10876730388925511,WACC_0p7_WRT_0p3,0.40369149637442325,890,False,,,False,False,False,False,False,80.0,0.20680628272251309
IBDD,Electricity,890,0.73,145,0.7142857142857141,0.3806214707353315,0,137,3141,964,209,130,4,0.5391012263056209,0.6052814377559526,0.5737039527764287,0.5391012263056209,0.22270073803295595,0.2592592592592596,1.2233606186634038,-2.534149843841321,1.7596622789832348,-1.2199335447094035,0.0606453741297639,0.6052814377559526,0.5677089942388333,0.0375724435171193,0.5737039527764287,0.540433358288913,0.03327059448751568,0.5391012263056209,0.5099001836863004,0.02920104261932044,0.22270073803295595,0.254335221270876,0.031634483237920036,0.2592592592592596,0.22127254872591573,0.03798671053334385,2372.0,0.7814765985497693,2287.0,0.7534607778510217,2050.0,0.6753460777851021,1086.0,0.35761371127224784,331.0,0.10876730388925511,0.10876730388925511,WACC_0p9_WRT_0p1,0.5353328938694791,891,False,,,False,False,False,False,False,137.0,0.35602094240837695
IBDD,Electricity,1850,0.74,47,0.7499999999999998,0.5721533982557516,0,34,432,1424,240,133,54,0.30717308429372037,0.40665573514218345,0.35918819395355817,0.30717308429372037,0.1838357749346038,0.22222222222222254,1.2233606186634038,-2.534149843841321,1.7596622789832348,-1.2199335447094035,0.0606453741297639,0.40665573514218345,0.415171030441693,0.008515295299509562,0.35918819395355817,0.3568543066925415,0.002333887261016687,0.30717308429372037,0.36194884279334194,0.054775758499621574,0.1838357749346038,0.242553078452731,0.058717303518127206,0.22222222222222254,0.28065284440478694,0.058430622182564396,548.0,0.18029004614370467,509.0,0.16743572841133816,332.0,0.10909690177982861,755.0,0.24851680949241925,1725.0,0.5682267633487146,0.10909690177982861,WACC_0p5_WRT_0p5,0.25471324983520105,892,False,,,False,False,False,False,False,34.0,0.08638743455497382
IBDD,Electricity,956,0.74,175,0.7499999999999998,0.3484452724347338,0,161,4906,3222,437,167,4,0.5780637428190541,0.6386493471047205,0.6097412948730981,0.5780637428190541,0.2156528385667101,0.22222222222222254,1.2233606186634038,-2.534149843841321,1.7596622789832348,-1.2199335447094035,0.0606453741297639,0.6386493471047205,0.5854819184759289,0.053167428628791646,0.6097412948730981,0.5818921635396712,0.027849131333426924,0.5780637428190541,0.5858462699925542,0.007782527173500031,0.2156528385667101,0.2575028986421004,0.0418500600753903,0.22222222222222254,0.22134920739830116,0.0008730148239213809,2523.0,0.8312458800263678,2624.0,0.8645352669742914,2658.0,0.8757415952537904,1158.0,0.3813447593935399,332.0,0.10909690177982861,0.10909690177982861,WACC_0p9_WRT_0p1,0.6123928806855636,893,False,,,False,False,False,False,False,161.0,0.418848167539267
IBDD,Electricity,2054,0.74,17,0.7499999999999998,0.7410307533983356,0,8,4851,127,96,154,90,0.10267761602810954,0.23152366314246678,0.17004555619386405,0.10267761602810954,0.1838357749346038,0.22222222222222254,1.2233606186634038,-2.534149843841321,1.7596622789832348,-1.2199335447094035,0.0606453741297639,0.23152366314246678,0.39528803380509314,0.16376437066262636,0.17004555619386405,0.32759717326474325,0.1575516170708792,0.10267761602810954,0.3620568966767084,0.25937928064859883,0.1838357749346038,0.2524818714096347,0.0686460964750309,0.22222222222222254,0.2866536797757589,0.06443145755353635,416.0,0.13678312458800262,360.0,0.11832564271588662,333.0,0.1094264996704021,1037.0,0.34146341463414637,1809.0,0.5959129861568886,0.1094264996704021,WACC_0p5_WRT_0p5,0.2603823335530653,894,False,,,False,False,False,False,False,8.0,0.01832460732984293
IBDD,Electricity,386,0.73,161,0.7142857142857141,0.3627167154193049,0,152,4222,252,402,142,3,0.5607822937254692,0.6238493321577578,0.5937572787303784,0.5607822937254692,0.22270073803295595,0.2592592592592596,1.2233606186634038,-2.534149843841321,1.7596622789832348,-1.2199335447094035,0.0606453741297639,0.6238493321577578,0.6570030498908811,0.033153717733123256,0.5937572787303784,0.6282010250938349,0.034443746363456484,0.5607822937254692,0.5798699913879126,0.019087697662443448,0.22270073803295595,0.24911921716699018,0.026418479134034223,0.2592592592592596,0.22136236808874196,0.037896891170517616,2893.0,0.9531970995385629,2825.0,0.930784442979565,2618.0,0.8625576796308504,945.0,0.3111404087013843,333.0,0.1094264996704021,0.1094264996704021,WACC_0p9_WRT_0p1,0.6334212261041529,895,False,,,False,False,False,False,False,152.0,0.39528795811518325
IBDD,Electricity,1882,0.73,46,0.7142857142857141,0.5757783350642198,0,38,2861,1175,203,241,60,0.30278360798142806,0.40289654141488307,0.3551282647280737,0.30278360798142806,0.22270073803295595,0.2592592592592596,1.2233606186634038,-2.534149843841321,1.7596622789832348,-1.2199335447094035,0.0606453741297639,0.40289654141488307,0.3943927312924389,0.008503810122444166,0.3551282647280737,0.3450027469362914,0.01012551779178228,0.30278360798142806,0.3621390332356134,0.05935542525418536,0.22270073803295595,0.23920468305960882,0.016503945026652866,0.2592592592592596,0.2790155627718125,0.01975630351255292,411.0,0.13513513513513514,453.0,0.14897824653922215,334.0,0.10975609756097561,671.0,0.2208305866842452,1694.0,0.5580092287409361,0.10975609756097561,WACC_0p5_WRT_0p5,0.2345418589321028,896,False,,,False,False,False,False,False,38.0,0.0968586387434555
IBDD,Electricity,1111,0.73,92,0.7142857142857141,0.4582750386595772,0,84,3021,2275,372,139,39,0.4450696569353127,0.5247518117604384,0.48673195670127345,0.4450696569353127,0.22270073803295595,0.2592592592592596,1.2233606186634038,-2.534149843841321,1.7596622789832348,-1.2199335447094035,0.0606453741297639,0.5247518117604384,0.4792011850294771,0.045550626730961274,0.48673195670127345,0.4633056153487118,0.023426341352561664,0.4450696569353127,0.439479172517272,0.00559048441804072,0.22270073803295595,0.2237570823186627,0.0010563442857067507,0.2592592592592596,0.2509798009034581,0.008279458355801461,1199.0,0.3948582729070534,1404.0,0.462425840474621,1110.0,0.36552406064601184,334.0,0.10975609756097561,1045.0,0.34410019775873435,0.10975609756097561,WACC_0p7_WRT_0p3,0.33533289386947923,897,False,,,False,False,False,False,False,84.0,0.21727748691099477
IBDD,Electricity,2468,0.73,129,0.7142857142857141,0.4006065611337189,0,121,2722,443,709,74,7,0.5149010579888075,0.5845561588242916,0.5513206515302349,0.5149010579888075,0.22270073803295595,0.2592592592592596,1.2233606186634038,-2.534149843841321,1.7596622789832348,-1.2199335447094035,0.0606453741297639,0.5845561588242916,0.5786465655401293,0.005909593284162296,0.5513206515302349,0.5551848973469042,0.0038642458166693316,0.5149010579888075,0.5046715856530677,0.010229472335739787,0.22270073803295595,0.2783978475641873,0.05569710953123133,0.2592592592592596,0.22139734709846912,0.03786191216079046,2467.0,0.8127883981542519,2418.0,0.7966381015161503,1986.0,0.6542518127883982,1615.0,0.5319709953856295,334.0,0.10975609756097561,0.10975609756097561,WACC_0p9_WRT_0p1,0.5810810810810811,898,False,,,False,False,False,False,False,121.0,0.31413612565445026
IBDD,Electricity,556,0.73,184,0.7142857142857141,0.3398584335660483,0,171,4072,4524,864,233,9,0.5884616415420098,0.6475542170426166,0.6193585544060259,0.5884616415420098,0.22270073803295595,0.2592592592592596,1.2233606186634038,-2.534149843841321,1.7596622789832348,-1.2199335447094035,0.0606453741297639,0.6475542170426166,0.5756291007042934,0.07192511633832321,0.6193585544060259,0.568022150877225,0.05133640352880098,0.5884616415420098,0.5664878130747805,0.021973828467229284,0.22270073803295595,0.23400745890226365,0.011306720869307701,0.2592592592592596,0.22149097969274814,0.03776827956651144,2438.0,0.8032300593276203,2519.0,0.8299274884640738,2536.0,0.8355306526038233,555.0,0.1825972313777192,335.0,0.11008569545154911,0.11008569545154911,WACC_0p9_WRT_0p1,0.5522742254449571,899,False,,,False,False,False,False,False,171.0,0.44502617801047123
IBDD,Electricity,1787,0.73,41,0.7142857142857141,0.5951445848926633,0,33,924,1531,821,237,105,0.279332800595958,0.38281302307427506,0.33343806492021705,0.279332800595958,0.22270073803295595,0.2592592592592596,1.2233606186634038,-2.534149843841321,1.7596622789832348,-1.2199335447094035,0.0606453741297639,0.38281302307427506,0.39312650372889263,0.010313480654617568,0.33343806492021705,0.33796705652274966,0.004528991602532617,0.279332800595958,0.36221416992761146,0.08288136933165346,0.22270073803295595,0.2881309481373902,0.06543021010443426,0.2592592592592596,0.3371570375199958,0.07789777826073624,403.0,0.13249835201054713,418.0,0.13744232036914963,336.0,0.1104152933421226,1775.0,0.5847066578773896,2318.0,0.7636783124588002,0.1104152933421226,WACC_0p5_WRT_0p5,0.34574818721160183,900,False,,,False,False,False,False,False,33.0,0.08376963350785341
IBDD,Electricity,781,0.74,125,0.7499999999999998,0.405987565903148,0,111,1401,3073,412,169,9,0.5083851394446378,0.5789758575819206,0.5452939261884742,0.5083851394446378,0.18881628921977647,0.22222222222222254,1.2233606186634038,-2.534149843841321,1.7596622789832348,-1.2199335447094035,0.0606453741297639,0.5789758575819206,0.5421026151616192,0.03687324242030143,0.5452939261884742,0.5369301504964411,0.00836377569203306,0.5083851394446378,0.5223744976150834,0.013989358170445554,0.18881628921977647,0.23675470990558842,0.047938420685811944,0.22222222222222254,0.2216326298207188,0.0005895924015037468,2125.0,0.7000659195781147,2262.0,0.7452208305866842,2181.0,0.7185234014502307,613.0,0.2017139090309822,336.0,0.1104152933421226,0.1104152933421226,WACC_0p9_WRT_0p1,0.49518787079762694,901,False,,,False,False,False,False,False,111.0,0.2879581151832461
IBDD,Electricity,1188,0.73,76,0.7142857142857141,0.4907812504490119,0,68,1916,784,756,76,71,0.4057075234165282,0.49104166620102463,0.45032499949710664,0.4057075234165282,0.22270073803295595,0.2592592592592596,1.2233606186634038,-2.534149843841321,1.7596622789832348,-1.2199335447094035,0.0606453741297639,0.49104166620102463,0.39842120094933303,0.0926204652516916,0.45032499949710664,0.34959680341144844,0.1007281960856582,0.4057075234165282,0.3623119599492552,0.043395563467273024,0.22270073803295595,0.2704026821072026,0.04770194407424663,0.2592592592592596,0.3173505977278907,0.058091338468631126,435.0,0.14304548450889915,481.0,0.15820698747528017,337.0,0.11074489123269611,1443.0,0.4752801582069875,2179.0,0.7178642056690837,0.11074489123269611,WACC_0p5_WRT_0p5,0.32102834541858927,902,False,,,False,False,False,False,False,68.0,0.17539267015706805
IBDD,Electricity,785,0.74,135,0.7499999999999998,0.3928378085708742,0,121,462,4115,350,146,4,0.5243083269020213,0.5926126429635379,0.5600216544006209,0.5243083269020213,0.1949490672214298,0.22222222222222254,1.2233606186634038,-2.534149843841321,1.7596622789832348,-1.2199335447094035,0.0606453741297639,0.5926126429635379,0.5579526736140866,0.03465996934945126,0.5600216544006209,0.5308313765310834,0.02919027786953754,0.5243083269020213,0.5343862668613132,0.010077939959291848,0.1949490672214298,0.24536549247813474,0.05041642525670495,0.22222222222222254,0.2216560734558951,0.0005661487663274345,2277.0,0.7501647989452868,2192.0,0.7221489782465392,2271.0,0.7481872116018458,834.0,0.27455504284772575,337.0,0.11074489123269611,0.11074489123269611,WACC_0p9_WRT_0p1,0.5211601845748187,903,False,,,False,False,False,False,False,121.0,0.31413612565445026
IBDD,Electricity,1128,0.74,67,0.7499999999999998,0.5121825999482407,0,54,1434,1649,426,220,99,0.3797923911972576,0.46884767412775036,0.4263554880579704,0.3797923911972576,0.1838357749346038,0.22222222222222254,1.2233606186634038,-2.534149843841321,1.7596622789832348,-1.2199335447094035,0.0606453741297639,0.46884767412775036,0.4073036149868493,0.06154405914090105,0.4263554880579704,0.3547914920734747,0.0715639959844957,0.3797923911972576,0.36277283593656184,0.017019555260695762,0.1838357749346038,0.27617857584175887,0.09234280090715508,0.22222222222222254,0.3140424304087576,0.09182020818653508,485.0,0.15952537903757416,498.0,0.16381015161502965,338.0,0.11107448912326962,1571.0,0.5174686882003955,2139.0,0.7046802900461437,0.11107448912326962,WACC_0p5_WRT_0p5,0.33131179960448254,904,False,,,False,False,False,False,False,54.0,0.1387434554973822
IBDD,Electricity,1875,0.73,93,0.7142857142857141,0.4564335436868534,0,85,3136,2206,482,143,26,0.44729954368619157,0.5266615102506704,0.4887944310707241,0.44729954368619157,0.22270073803295595,0.2592592592592596,1.2233606186634038,-2.534149843841321,1.7596622789832348,-1.2199335447094035,0.0606453741297639,0.5266615102506704,0.5010667585076161,0.025594751743054367,0.4887944310707241,0.4814864773378527,0.007307953732871408,0.44729954368619157,0.46702495386820525,0.01972541018201368,0.22270073803295595,0.2238903015691102,0.0011895635361542367,0.2592592592592596,0.23308174539473106,0.026177513864528518,1530.0,0.503955174686882,1636.0,0.5388925510876731,1453.0,0.47857613711272246,338.0,0.11107448912326962,568.0,0.18688200395517468,0.11107448912326962,WACC_0p7_WRT_0p3,0.36387607119314436,905,False,,,False,False,False,False,False,85.0,0.2198952879581152
IBDD,Electricity,2767,0.74,167,0.7499999999999998,0.3564550021379306,0,153,1741,3505,210,160,4,0.5683646720054849,0.6303429607458498,0.6007703976055176,0.5683646720054849,0.21191726437459993,0.22222222222222254,1.2233606186634038,-2.534149843841321,1.7596622789832348,-1.2199335447094035,0.0606453741297639,0.6303429607458498,0.5680071910564295,0.06233576968942034,0.6007703976055176,0.5481011716077646,0.05266922599775303,0.5683646720054849,0.5411832056780673,0.02718146632741758,0.21191726437459993,0.24771608419178245,0.035798819817182526,0.22222222222222254,0.2216948431584558,0.0005273790637667364,2377.0,0.7831245880026367,2359.0,0.7771918259723137,2337.0,0.7699406723796968,901.0,0.2966381015161503,338.0,0.11107448912326962,0.11107448912326962,WACC_0p9_WRT_0p1,0.5475939353988135,906,False,,,False,False,False,False,False,153.0,0.39790575916230364
IBDD,Electricity,1589,0.73,50,0.7142857142857141,0.5617151637134581,0,42,638,1439,743,183,8,0.31981285863641046,0.4174805709638212,0.3708790166409269,0.31981285863641046,0.22270073803295595,0.2592592592592596,1.2233606186634038,-2.534149843841321,1.7596622789832348,-1.2199335447094035,0.0606453741297639,0.4174805709638212,0.4606409468212097,0.04316037585738852,0.3708790166409269,0.41015996397161464,0.039280947330687765,0.31981285863641046,0.40037971501584907,0.08056685637943861,0.22270073803295595,0.2239512863890227,0.0012505483560667496,0.2592592592592596,0.22510187428269846,0.03415738497656112,963.0,0.3170731707317073,873.0,0.2874093605800923,684.0,0.22511535926170073,339.0,0.1114040870138431,408.0,0.13414634146341464,0.1114040870138431,WACC_0p7_WRT_0p3,0.21502966381015165,907,False,,,False,False,False,False,False,42.0,0.10732984293193717
IBDD,Electricity,2325,0.72,37,0.6785714285714283,0.6123767684992667,0,30,3654,925,367,231,59,0.2584661577420591,0.3649426104452048,0.31413801928082125,0.2584661577420591,0.2615657011313083,0.2962962962962967,1.2233606186634038,-2.534149843841321,1.7596622789832348,-1.2199335447094035,0.0606453741297639,0.3649426104452048,0.4074883989637797,0.04254578851857488,0.31413801928082125,0.3557751667378381,0.041637147457016854,0.2584661577420591,0.3630186286033514,0.10455247086129227,0.2615657011313083,0.22421318560242628,0.037352515528882,0.2962962962962967,0.25792122085398056,0.038375075442316164,486.0,0.15985497692814765,503.0,0.16545814106789716,340.0,0.11173368490441661,342.0,0.1123928806855636,1208.0,0.3978246539222149,0.11173368490441661,WACC_0p5_WRT_0p5,0.18945286750164797,908,False,,,False,False,False,False,False,30.0,0.07591623036649214
IBDD,Electricity,745,0.74,112,0.7499999999999998,0.4247367473289887,0,98,1044,3224,497,215,8,0.4856815470533606,0.5595322620291968,0.5242948429915326,0.4856815470533606,0.1838357749346038,0.22222222222222254,1.2233606186634038,-2.534149843841321,1.7596622789832348,-1.2199335447094035,0.0606453741297639,0.5595322620291968,0.5246514122474036,0.03488084978179318,0.5242948429915326,0.51095067211657,0.013344170874962646,0.4856815470533606,0.5055920122084984,0.01991046515513778,0.1838357749346038,0.22409331969042812,0.040257544755824326,0.22222222222222254,0.22205575692169394,0.00016646530052860653,1898.0,0.6252471984179301,1998.0,0.6582069874752802,2001.0,0.6591957811470006,340.0,0.11173368490441661,343.0,0.11272247857613711,0.11173368490441661,WACC_0p7_WRT_0p3,0.43342122610415296,909,False,,,False,False,False,False,False,98.0,0.25392670157068065
IBDD,Electricity,34,0.69,4,0.5714285714285711,0.9615795586771548,0,4,1,1,734,47,9,0.3080507851631509,0.01234567901234569,0.08571428571428578,0.3080507851631509,0.3781605904263649,0.4074074074074079,1.2233606186634038,-2.534149843841321,1.7596622789832348,-1.2199335447094035,0.0606453741297639,0.01234567901234569,0.387544819293209,0.3751991402808633,0.08571428571428578,0.32238891842501793,0.23667463271073214,0.3080507851631509,0.4274410022269249,0.119390217063774,0.3781605904263649,0.35280329829186635,0.025357292134498555,0.4074074074074079,0.3703870059361245,0.03702040147128338,363.0,0.11931443638760712,340.0,0.11173368490441661,964.0,0.31740276862228084,2542.0,0.8375082399472643,2553.0,0.8411338167435728,0.11173368490441661,WACC_0p3_WRT_0p7,0.44541858932102835,910,False,,,False,False,False,False,False,4.0,0.007853403141361256
IBDD,Electricity,573,0.74,227,0.7499999999999998,0.3038749581323848,0,200,878,4566,660,130,7,0.6320344322955027,0.6848704137886381,0.6596600468917291,0.6320344322955027,0.23643952201442317,0.22222222222222254,1.2233606186634038,-2.534149843841321,1.7596622789832348,-1.2199335447094035,0.0606453741297639,0.6848704137886381,0.5879937549534877,0.0968766588351504,0.6596600468917291,0.5723530556156508,0.08730699127607833,0.6320344322955027,0.5574874411539358,0.07454699114156693,0.23643952201442317,0.27089526655046053,0.034455744536037364,0.22222222222222254,0.22180783609165,0.0004143861305725416,2552.0,0.8408042188529994,2562.0,0.8441001977587343,2470.0,0.8137771918259723,1459.0,0.48055372445616346,340.0,0.11173368490441661,0.11173368490441661,WACC_0p9_WRT_0p1,0.6181938035596573,911,False,,,False,False,False,False,False,200.0,0.5209424083769634
IBDD,Electricity,1411,0.73,54,0.7142857142857141,0.5487144138666213,0,46,2498,1662,923,217,83,0.33555561127182615,0.43096283006424446,0.38543985646938406,0.33555561127182615,0.22270073803295595,0.2592592592592596,1.2233606186634038,-2.534149843841321,1.7596622789832348,-1.2199335447094035,0.0606453741297639,0.43096283006424446,0.41100257428795306,0.019960255776291402,0.38543985646938406,0.3589924186967797,0.026447437772604332,0.33555561127182615,0.36364923574791785,0.028093624476091705,0.22270073803295595,0.2638509282362318,0.041150190203275844,0.2592592592592596,0.3140848007331828,0.05482554147392321,515.0,0.16941331575477916,526.0,0.17303889255108768,341.0,0.11206328279499012,1320.0,0.4347396176664469,2141.0,0.7053394858272907,0.11206328279499012,WACC_0p5_WRT_0p5,0.31891891891891894,912,False,,,False,False,False,False,False,46.0,0.11780104712041885
IBDD,Electricity,1713,0.73,138,0.7142857142857141,0.3890810456027807,0,130,4347,4378,756,222,13,0.528857432977697,0.59650854530082,0.5642292289248857,0.528857432977697,0.22270073803295595,0.2592592592592596,1.2233606186634038,-2.534149843841321,1.7596622789832348,-1.2199335447094035,0.0606453741297639,0.59650854530082,0.5724257431012938,0.024082802199526188,0.5642292289248857,0.5629997212426546,0.001229507682231068,0.528857432977697,0.5646230994485516,0.03576566647085455,0.22270073803295595,0.23238730195394264,0.009686563920986685,0.2592592592592596,0.22195388089931645,0.03730537835994313,2416.0,0.7959789057350033,2479.0,0.8167435728411339,2531.0,0.8338826631509558,518.0,0.17040210942649966,341.0,0.11206328279499012,0.11206328279499012,WACC_0p9_WRT_0p1,0.5458141067897165,913,False,,,False,False,False,False,False,130.0,0.337696335078534
IBDD,Electricity,1695,0.72,46,0.6785714285714283,0.5757783350642198,0,39,3364,1456,554,157,66,0.30278360798142806,0.40289654141488307,0.3551282647280737,0.30278360798142806,0.2615657011313083,0.2962962962962967,1.2233606186634038,-2.534149843841321,1.7596622789832348,-1.2199335447094035,0.0606453741297639,0.40289654141488307,0.4336619830319866,0.03076544161710354,0.3551282647280737,0.38918892962149276,0.03406066489341908,0.30278360798142806,0.36858296363178017,0.06579935565035211,0.2615657011313083,0.22421565986897676,0.03735004126233152,0.2962962962962967,0.2641029708753609,0.03219332542093584,695.0,0.22874093605800924,711.0,0.23401450230718523,378.0,0.12425840474620962,343.0,0.11272247857613711,1361.0,0.44825313117996046,0.11272247857613711,WACC_0p7_WRT_0p3,0.22959789057350033,914,False,,,False,False,False,False,False,39.0,0.09947643979057591
IBDD,Electricity,249,0.74,19,0.7499999999999998,0.7228899759224219,0,9,200,1,2,120,1,0.12464448530733939,0.25033632126563654,0.19036322696688743,0.12464448530733939,0.1838357749346038,0.22222222222222254,1.2233606186634038,-2.534149843841321,1.7596622789832348,-1.2199335447094035,0.0606453741297639,0.25033632126563654,0.38379685047833506,0.13346052921269852,0.19036322696688743,0.3496903832620401,0.15932715629515268,0.12464448530733939,0.42918142326593756,0.30453693795859815,0.1838357749346038,0.321718776330881,0.13788300139627718,0.22222222222222254,0.34016951874683793,0.11794729652461539,344.0,0.11305207646671062,483.0,0.15886618325642715,977.0,0.3216875411997363,2216.0,0.7300593276203032,2342.0,0.7715886618325642,0.11305207646671062,WACC_0p1_WRT_0p9,0.41905075807514824,915,False,,,False,False,False,False,False,9.0,0.020942408376963352
IBDD,Electricity,2506,0.73,65,0.7142857142857141,0.5173226275773177,0,57,3701,1422,727,201,104,0.3735682745534433,0.46351727510500373,0.42059865711340405,0.3735682745534433,0.22270073803295595,0.2592592592592596,1.2233606186634038,-2.534149843841321,1.7596622789832348,-1.2199335447094035,0.0606453741297639,0.46351727510500373,0.4103960089188588,0.05312126618614493,0.42059865711340405,0.35379938886905155,0.0667992682443525,0.3735682745534433,0.3643690903894797,0.009199184163963647,0.22270073803295595,0.2686508138566432,0.045950075823687236,0.2592592592592596,0.29928418758007785,0.040024928320818276,508.0,0.16710613052076467,494.0,0.16249176005273566,345.0,0.1133816743572841,1409.0,0.46407382992748847,1994.0,0.6568885959129862,0.1133816743572841,WACC_0p5_WRT_0p5,0.3127883981542518,916,False,,,False,False,False,False,False,57.0,0.14659685863874344
IBDD,Electricity,56,0.69,4,0.5714285714285711,0.9615795586771548,0,4,1,1,761,49,8,0.3080507851631509,0.01234567901234569,0.08571428571428578,0.3080507851631509,0.3781605904263649,0.4074074074074079,1.2233606186634038,-2.534149843841321,1.7596622789832348,-1.2199335447094035,0.0606453741297639,0.01234567901234569,0.38430463416407795,0.3719589551517323,0.08571428571428578,0.32979672185837067,0.24408243614408487,0.3080507851631509,0.4264294428807144,0.1183786577175635,0.3781605904263649,0.35014052855860583,0.028020061867759072,0.4074074074074079,0.36463621838486365,0.04277118902254423,345.0,0.1133816743572841,374.0,0.12294001318391562,956.0,0.3147659854976928,2512.0,0.8276203032300593,2510.0,0.8269611074489124,0.1133816743572841,WACC_0p1_WRT_0p9,0.4411338167435728,917,False,,,False,False,False,False,False,4.0,0.007853403141361256
IBDD,Electricity,1088,0.74,130,0.7499999999999998,0.3992871819674755,0,116,2324,3202,863,219,3,0.5164987089005774,0.5859244038855811,0.5527983561964274,0.5164987089005774,0.1919412113126329,0.22222222222222254,1.2233606186634038,-2.534149843841321,1.7596622789832348,-1.2199335447094035,0.0606453741297639,0.5859244038855811,0.5133309059862993,0.07259349789928182,0.5527983561964274,0.49551199413977365,0.05728636205665372,0.5164987089005774,0.4950906724523813,0.021408036448196055,0.1919412113126329,0.2242630098801034,0.0323217985674705,0.22222222222222254,0.23147467165691593,0.009252449434693388,1724.0,0.5678971654581411,1817.0,0.5985497692814766,1876.0,0.6179960448253131,346.0,0.11371127224785761,529.0,0.17402768622280818,0.11371127224785761,WACC_0p7_WRT_0p3,0.41443638760711937,918,False,,,False,False,False,False,False,116.0,0.3010471204188482
IBDD,Electricity,1442,0.71,52,0.6428571428571426,0.5550921110787378,0,49,3764,1965,415,224,206,0.32783278675964167,0.42434892184427186,0.3782968355918136,0.32783278675964167,0.3004306642296604,0.3333333333333337,1.2233606186634038,-2.534149843841321,1.7596622789832348,-1.2199335447094035,0.0606453741297639,0.42434892184427186,0.389389170465546,0.03495975137872587,0.3782968355918136,0.32358032549527255,0.05471651009654105,0.32783278675964167,0.43364974400328266,0.10581695724364099,0.3004306642296604,0.435845989141143,0.13541532491148256,0.3333333333333337,0.47007078505916816,0.13673745172583446,372.0,0.12228081740276862,346.0,0.11371127224785761,1029.0,0.33882663150955833,2923.0,0.9630850362557679,2917.0,0.9611074489123269,0.11371127224785761,WACC_0p3_WRT_0p7,0.49980224126565587,919,False,,,False,False,False,False,False,49.0,0.1256544502617801
IBDD,Electricity,850,0.74,226,0.7499999999999998,0.3046317863341556,0,199,3729,2977,963,139,5,0.6311179806055346,0.6840855549127274,0.6588123993057456,0.6311179806055346,0.2360865528128198,0.22222222222222254,1.2233606186634038,-2.534149843841321,1.7596622789832348,-1.2199335447094035,0.0606453741297639,0.6840855549127274,0.5967085501011543,0.08737700481157307,0.6588123993057456,0.5878099664377242,0.07100243286802144,0.6311179806055346,0.5731858628618145,0.05793211774372009,0.2360865528128198,0.26963184956837855,0.03354529675555876,0.22222222222222254,0.22218781462479725,3.440759742528998e-05,2608.0,0.8592617007251153,2654.0,0.8744232036914964,2574.0,0.8480553724456164,1430.0,0.47099538562953197,346.0,0.11371127224785761,0.11371127224785761,WACC_0p9_WRT_0p1,0.6332893869479236,920,False,,,False,False,False,False,False,199.0,0.518324607329843
IBDD,Electricity,2331,0.73,59,0.7142857142857141,0.5337329569329065,0,51,1298,81,660,131,47,0.35369682415601933,0.44649915577328214,0.4022190882351447,0.35369682415601933,0.22270073803295595,0.2592592592592596,1.2233606186634038,-2.534149843841321,1.7596622789832348,-1.2199335447094035,0.0606453741297639,0.44649915577328214,0.4092290722400817,0.03727008353320044,0.4022190882351447,0.3239431774282091,0.07827591080693558,0.35369682415601933,0.3714920168966688,0.017795192740649446,0.22270073803295595,0.25759062240434694,0.03488988437139098,0.2592592592592596,0.2745599592981806,0.015300700038921033,500.0,0.16446934739617666,347.0,0.11404087013843112,402.0,0.13216875411997364,1163.0,0.3829927488464074,1611.0,0.5306526038233356,0.11404087013843112,WACC_0p3_WRT_0p7,0.26486486486486494,921,False,,,False,False,False,False,False,51.0,0.13089005235602094
IBDD,Electricity,2247,0.72,75,0.6785714285714283,0.4930319771219003,0,68,4416,1651,908,168,58,0.4029820934468227,0.48870757928099223,0.44780418562347163,0.4029820934468227,0.2615657011313083,0.2962962962962967,1.2233606186634038,-2.534149843841321,1.7596622789832348,-1.2199335447094035,0.0606453741297639,0.48870757928099223,0.46732990042671446,0.02137767885427777,0.44780418562347163,0.43515352615140357,0.01265065947206806,0.4029820934468227,0.43424168094373516,0.03125958749691249,0.2615657011313083,0.22432724428044712,0.03723845685086116,0.2962962962962967,0.25551062485461135,0.04078567144168538,1050.0,0.34574818721160183,1091.0,0.3592617007251154,1042.0,0.34311140408701385,347.0,0.11404087013843112,1148.0,0.3780487804878049,0.11404087013843112,WACC_0p7_WRT_0p3,0.30804218852999343,922,False,,,False,False,False,False,False,68.0,0.17539267015706805
IBDD,Electricity,2400,0.7,52,0.6071428571428569,0.5550921110787378,0,50,107,1889,147,166,90,0.32783278675964167,0.42434892184427186,0.3782968355918136,0.32783278675964167,0.33929562732801266,0.37037037037037074,1.2233606186634038,-2.534149843841321,1.7596622789832348,-1.2199335447094035,0.0606453741297639,0.42434892184427186,0.3848027498846671,0.03954617195960475,0.3782968355918136,0.3492003529398937,0.029096482651919886,0.32783278675964167,0.3764505384856147,0.048617751725973046,0.33929562732801266,0.36630134949196097,0.02700572216394831,0.37037037037037074,0.3939488478490043,0.023578477478633564,347.0,0.11404087013843112,478.0,0.15721819380355967,449.0,0.14765985497692816,2656.0,0.8750823994726433,2675.0,0.8813447593935398,0.11404087013843112,WACC_0p1_WRT_0p9,0.43506921555702044,923,False,,,False,False,False,False,False,50.0,0.12827225130890052
IBDD,Electricity,840,0.73,76,0.7142857142857141,0.4907812504490119,0,68,3939,478,747,156,10,0.4057075234165282,0.49104166620102463,0.45032499949710664,0.4057075234165282,0.22270073803295595,0.2592592592592596,1.2233606186634038,-2.534149843841321,1.7596622789832348,-1.2199335447094035,0.0606453741297639,0.49104166620102463,0.5595639726133089,0.0685223064122843,0.45032499949710664,0.5184540769489749,0.0681290774518683,0.4057075234165282,0.47981702370829954,0.07410950029177132,0.22270073803295595,0.2253045031579641,0.0026037651250081506,0.2592592592592596,0.22219202567682927,0.0370672335824303,2302.0,0.7584047462096243,2081.0,0.6855636123928807,1642.0,0.5408701384311141,373.0,0.12261041529334213,347.0,0.11404087013843112,0.11404087013843112,WACC_0p9_WRT_0p1,0.4442979564930785,924,False,,,False,False,False,False,False,68.0,0.17539267015706805
IBDD,Electricity,2222,0.72,100,0.6785714285714283,0.4440667223993342,0,93,3677,3391,830,216,36,0.462274665176063,0.539486361956246,0.5026452709127456,0.462274665176063,0.2615657011313083,0.2962962962962967,1.2233606186634038,-2.534149843841321,1.7596622789832348,-1.2199335447094035,0.0606453741297639,0.539486361956246,0.5158750116075198,0.02361135034872619,0.5026452709127456,0.49501845997623045,0.007626810936515127,0.462274665176063,0.5026364443484577,0.04036177917239464,0.2615657011313083,0.22433287473509259,0.037232826396215696,0.2962962962962967,0.23641298419892398,0.05988331209737274,1769.0,0.5827290705339486,1810.0,0.5962425840474621,1961.0,0.6460118655240606,348.0,0.11437046802900462,671.0,0.2208305866842452,0.11437046802900462,WACC_0p7_WRT_0p3,0.43203691496374413,925,False,,,False,False,False,False,False,93.0,0.24083769633507854
IBDD,Electricity,1345,0.74,63,0.7499999999999998,0.5226208344905343,0,50,3542,1500,686,171,129,0.3671526168545674,0.4580228383061125,0.4146646653706015,0.3671526168545674,0.1838357749346038,0.22222222222222254,1.2233606186634038,-2.534149843841321,1.7596622789832348,-1.2199335447094035,0.0606453741297639,0.4580228383061125,0.3944194531204055,0.06360338518570702,0.4146646653706015,0.33536686770783664,0.07929779766276485,0.3671526168545674,0.3648053148171711,0.002347302037396304,0.1838357749346038,0.30601169360294384,0.12217591866834004,0.22222222222222254,0.35608006865094394,0.1338578464287214,412.0,0.13546473302570863,402.0,0.13216875411997364,349.0,0.11470006591957811,2033.0,0.6697429136453527,2457.0,0.8094924192485168,0.11470006591957811,WACC_0p5_WRT_0p5,0.37231377719182596,926,False,,,False,False,False,False,False,50.0,0.12827225130890052
IBDD,Electricity,50,0.71,4,0.6428571428571426,0.9615795586771548,0,3,1,1,686,30,10,0.22155713330854457,0.004115226337448561,0.051428571428571455,0.22155713330854457,0.3004306642296604,0.3333333333333337,1.2233606186634038,-2.534149843841321,1.7596622789832348,-1.2199335447094035,0.0606453741297639,0.004115226337448561,0.38493831202867035,0.3808230856912218,0.051428571428571455,0.35524619954208314,0.3038176281135117,0.22155713330854457,0.4320880869743912,0.21053095366584665,0.3004306642296604,0.3512789320770777,0.050848267847417306,0.3333333333333337,0.3675370529008503,0.03420371956751661,349.0,0.11470006591957811,500.0,0.16446934739617666,1008.0,0.3319050758075148,2521.0,0.8305866842452209,2530.0,0.8335530652603823,0.11470006591957811,WACC_0p1_WRT_0p9,0.4550428477257745,927,False,,,False,False,False,False,False,3.0,0.005235602094240838
IBDD,Electricity,554,0.73,112,0.7142857142857141,0.4247367473289887,0,104,2437,3247,598,185,1,0.4856815470533606,0.5595322620291968,0.5242948429915326,0.4856815470533606,0.22270073803295595,0.2592592592592596,1.2233606186634038,-2.534149843841321,1.7596622789832348,-1.2199335447094035,0.0606453741297639,0.5595322620291968,0.5262040639000235,0.033328198129173314,0.5242948429915326,0.5071919903001851,0.01710285269134748,0.4856815470533606,0.5058676382605386,0.020186091207178014,0.22270073803295595,0.24154552109776223,0.018844783064806275,0.2592592592592596,0.2222914017338055,0.03696785752545409,1918.0,0.6318391562294001,1970.0,0.6489782465392222,2002.0,0.6595253790375741,727.0,0.23928806855636123,349.0,0.11470006591957811,0.11470006591957811,WACC_0p9_WRT_0p1,0.4588661832564272,928,False,,,False,False,False,False,False,104.0,0.2696335078534031
IBDD,Electricity,2121,0.58,41,0.1785714285714283,0.5951445848926633,0,42,3960,1460,316,245,124,0.7837658703634849,0.38281302307427506,0.33343806492021705,0.7837658703634849,0.8056751845082393,0.8148148148148151,1.2233606186634038,-2.534149843841321,1.7596622789832348,-1.2199335447094035,0.0606453741297639,0.38281302307427506,0.39481733269400643,0.012004309619731368,0.33343806492021705,0.3352579425364497,0.0018198776162326458,0.7837658703634849,0.3649119033744174,0.41885396698906746,0.8056751845082393,0.30221524506040537,0.5034599394478338,0.8148148148148151,0.34811125892934625,0.46670355588546886,413.0,0.13579433091628212,401.0,0.13183915622940012,350.0,0.11502966381015162,1988.0,0.6549110085695452,2393.0,0.7883981542518128,0.11502966381015162,WACC_0p5_WRT_0p5,0.3651944627554384,929,False,,,False,False,False,False,False,42.0,0.10732984293193717
IBDD,Electricity,1780,0.71,55,0.6428571428571426,0.5456120211274459,0,52,2071,2055,221,222,202,0.33931233315680515,0.4341801262382042,0.3889145363372606,0.33931233315680515,0.3004306642296604,0.3333333333333337,1.2233606186634038,-2.534149843841321,1.7596622789832348,-1.2199335447094035,0.0606453741297639,0.4341801262382042,0.3864436724863453,0.047736453751858865,0.3889145363372606,0.3248847413517964,0.06402979498546418,0.33931233315680515,0.45145628994239295,0.1121439567855878,0.3004306642296604,0.46014169725563536,0.15971103302597495,0.3333333333333337,0.4990337062474861,0.1657003729141524,356.0,0.11700725115359262,350.0,0.11502966381015162,1247.0,0.4106789716545814,2977.0,0.980883322346737,2977.0,0.980883322346737,0.11502966381015162,WACC_0p3_WRT_0p7,0.52089650626236,930,False,,,False,False,False,False,False,52.0,0.13350785340314136
IBDD,Electricity,993,0.73,93,0.7142857142857141,0.4564335436868534,0,85,2364,3386,452,239,10,0.44729954368619157,0.5266615102506704,0.4887944310707241,0.44729954368619157,0.22270073803295595,0.2592592592592596,1.2233606186634038,-2.534149843841321,1.7596622789832348,-1.2199335447094035,0.0606453741297639,0.5266615102506704,0.5127260853532359,0.01393542489743449,0.4887944310707241,0.49543590883423577,0.0066414777635116495,0.44729954368619157,0.49327722696044335,0.04597768327425178,0.22270073803295595,0.22450031404336207,0.0017995760104061176,0.2592592592592596,0.230102716498631,0.029156542760628568,1715.0,0.5649307844429796,1816.0,0.5982201713909031,1850.0,0.6094264996704021,351.0,0.11535926170072512,497.0,0.16348055372445616,0.11535926170072512,WACC_0p7_WRT_0p3,0.4102834541858932,931,False,,,False,False,False,False,False,85.0,0.2198952879581152
IBDD,Electricity,496,0.73,261,0.7142857142857141,0.2799423905901089,0,233,1032,3940,892,128,4,0.6610146446053412,0.7096893727213687,0.6864645225390781,0.6610146446053412,0.2476011822669757,0.2592592592592596,1.2233606186634038,-2.534149843841321,1.7596622789832348,-1.2199335447094035,0.0606453741297639,0.7096893727213687,0.5795083137459084,0.13018105897546028,0.6864645225390781,0.5690870652779771,0.11737745726110094,0.6610146446053412,0.5556937628925015,0.10532088171283971,0.2476011822669757,0.26381829294781883,0.01621711068084314,0.2592592592592596,0.22249300155186066,0.036766257707398914,2474.0,0.8150955833882663,2527.0,0.8325642715886619,2460.0,0.8104812129202373,1319.0,0.43441001977587346,351.0,0.11535926170072512,0.11535926170072512,WACC_0p9_WRT_0p1,0.6015820698747529,932,False,,,False,False,False,False,False,233.0,0.6073298429319371
IBDD,Electricity,2080,0.73,137,0.7142857142857141,0.390324214459635,0,129,3658,4327,521,190,8,0.5273520659774795,0.595219333152971,0.5628368798052087,0.5273520659774795,0.22270073803295595,0.2592592592592596,1.2233606186634038,-2.534149843841321,1.7596622789832348,-1.2199335447094035,0.0606453741297639,0.595219333152971,0.5693705173429547,0.0258488158100163,0.5628368798052087,0.5637428959580122,0.0009060161528035016,0.5273520659774795,0.5820956651058905,0.05474359912841098,0.22270073803295595,0.2452861605564924,0.022585422523536458,0.2592592592592596,0.22260799064419592,0.036651268615063654,2390.0,0.7874093605800923,2484.0,0.8183915622940013,2632.0,0.8671720500988793,829.0,0.27290705339485827,352.0,0.11568885959129861,0.11568885959129861,WACC_0p9_WRT_0p1,0.572313777191826,933,False,,,False,False,False,False,False,129.0,0.33507853403141363
IBDD,Electricity,1275,0.74,44,0.7499999999999998,0.5832655206981239,0,31,4068,50,764,183,45,0.2937172915951722,0.3951320526093529,0.34674261681810115,0.2937172915951722,0.1838357749346038,0.22222222222222254,1.2233606186634038,-2.534149843841321,1.7596622789832348,-1.2199335447094035,0.0606453741297639,0.3951320526093529,0.4311176461456057,0.0359855935362528,0.34674261681810115,0.3607808491213267,0.01403823230322554,0.2937172915951722,0.36722453682776235,0.07350724523259017,0.1838357749346038,0.22452834864459972,0.04069257370999593,0.22222222222222254,0.24186902901430354,0.019646806792081,678.0,0.22313777191825973,540.0,0.1776532630191167,365.0,0.11997363216875412,353.0,0.11601845748187212,802.0,0.26400791034937376,0.11601845748187212,WACC_0p7_WRT_0p3,0.18015820698747528,934,False,,,False,False,False,False,False,31.0,0.07853403141361257
IBDD,Electricity,1228,0.74,51,0.7499999999999998,0.5583717938339305,0,38,2379,1786,266,184,143,0.3238613824217449,0.4209477693574053,0.37462359090599767,0.3238613824217449,0.1838357749346038,0.22222222222222254,1.2233606186634038,-2.534149843841321,1.7596622789832348,-1.2199335447094035,0.0606453741297639,0.4209477693574053,0.3857933392082924,0.0351544301491129,0.37462359090599767,0.33516415320573173,0.03945943770026594,0.3238613824217449,0.38374239679504796,0.059881014373303065,0.1838357749346038,0.36620124058248515,0.18236546564788136,0.22222222222222254,0.4203524229585816,0.19813020073635906,353.0,0.11601845748187212,398.0,0.13085036255767962,505.0,0.16611733684904417,2655.0,0.8747528015820699,2766.0,0.9113381674357284,0.11601845748187212,WACC_0p1_WRT_0p9,0.4398154251812788,935,False,,,False,False,False,False,False,38.0,0.0968586387434555
IBDD,Electricity,1087,0.73,102,0.7142857142857141,0.4406905722934009,0,94,2600,1600,451,105,9,0.46636288290226385,0.5429875546586953,0.506426559031391,0.46636288290226385,0.22270073803295595,0.2592592592592596,1.2233606186634038,-2.534149843841321,1.7596622789832348,-1.2199335447094035,0.0606453741297639,0.5429875546586953,0.5414326032890823,0.0015549513696130335,0.506426559031391,0.5030053291030441,0.003421229928346925,0.46636288290226385,0.48443081067990496,0.018067927777641102,0.22270073803295595,0.2558773561550569,0.03317661812210096,0.2592592592592596,0.22262482256902844,0.03663443669023114,2120.0,0.6984179301252472,1903.0,0.6268951878707977,1718.0,0.5659195781147001,1120.0,0.36882003955174686,353.0,0.11601845748187212,0.11601845748187212,WACC_0p9_WRT_0p1,0.4752142386288728,936,False,,,False,False,False,False,False,94.0,0.24345549738219896
IBDD,Electricity,1251,0.73,46,0.7142857142857141,0.5757783350642198,0,38,2697,1329,937,185,28,0.30278360798142806,0.40289654141488307,0.3551282647280737,0.30278360798142806,0.22270073803295595,0.2592592592592596,1.2233606186634038,-2.534149843841321,1.7596622789832348,-1.2199335447094035,0.0606453741297639,0.40289654141488307,0.43975790474178544,0.036861363326902374,0.3551282647280737,0.38964680310294547,0.03451853837487179,0.30278360798142806,0.3884830445432615,0.08569943656183343,0.22270073803295595,0.22453919049073975,0.0018384524577838013,0.2592592592592596,0.2489814551858025,0.010277804073457075,749.0,0.24653922214897825,714.0,0.23500329597890574,541.0,0.17798286090969018,354.0,0.11634805537244562,990.0,0.3259723137771918,0.11634805537244562,WACC_0p7_WRT_0p3,0.22036914963744234,937,False,,,False,False,False,False,False,38.0,0.0968586387434555
IBDD,Electricity,58,0.73,177,0.7142857142857141,0.3464997360432442,0,164,5000,5000,847,250,10,0.5804196144814776,0.6406669403995986,0.6119202956315664,0.5804196144814776,0.22270073803295595,0.2592592592592596,1.2233606186634038,-2.534149843841321,1.7596622789832348,-1.2199335447094035,0.0606453741297639,0.6406669403995986,0.5911206986563697,0.04954624174322886,0.6119202956315664,0.5850749273915842,0.02684536823998218,0.5804196144814776,0.5771992011721272,0.0032204133093504117,0.22270073803295595,0.23914944599098079,0.016448707958024833,0.2592592592592596,0.22262540828573327,0.03663385097352631,2574.0,0.8480553724456164,2636.0,0.8684904416611734,2605.0,0.8582729070533949,668.0,0.2198417930125247,354.0,0.11634805537244562,0.11634805537244562,WACC_0p9_WRT_0p1,0.582201713909031,938,False,,,False,False,False,False,False,164.0,0.42670157068062825
IBDD,Electricity,2036,0.72,94,0.6785714285714283,0.454611535799055,0,87,2715,3377,333,220,21,0.44950583330912175,0.5285509999120911,0.49083507990505837,0.44950583330912175,0.2615657011313083,0.2962962962962967,1.2233606186634038,-2.534149843841321,1.7596622789832348,-1.2199335447094035,0.0606453741297639,0.5285509999120911,0.511655688979027,0.016895310933064067,0.49083507990505837,0.48781210816274506,0.0030229717423133073,0.44950583330912175,0.49084251805902757,0.04133668474990582,0.2615657011313083,0.22456912266187687,0.03699657846943141,0.2962962962962967,0.2279445420714196,0.06835175422487713,1703.0,0.5609756097560976,1715.0,0.5649307844429796,1812.0,0.5969017798286091,355.0,0.11667765326301911,458.0,0.15062623599208966,0.11667765326301911,WACC_0p7_WRT_0p3,0.398022412656559,939,False,,,False,False,False,False,False,87.0,0.225130890052356
IBDD,Electricity,1149,0.72,55,0.6785714285714283,0.5456120211274459,0,48,3386,1818,223,163,51,0.33931233315680515,0.4341801262382042,0.3889145363372606,0.33931233315680515,0.2615657011313083,0.2962962962962967,1.2233606186634038,-2.534149843841321,1.7596622789832348,-1.2199335447094035,0.0606453741297639,0.4341801262382042,0.4636598092839769,0.029479683045772698,0.3889145363372606,0.4254818961157332,0.03656735977847264,0.33931233315680515,0.41141712154648585,0.07210478838968071,0.2615657011313083,0.22474055882622687,0.03682514230508141,0.2962962962962967,0.25117628587438645,0.04512001042191027,1001.0,0.3295978905735003,1007.0,0.3315754779169413,785.0,0.2584047462096243,356.0,0.11700725115359262,1053.0,0.34673698088332233,0.11700725115359262,WACC_0p7_WRT_0p3,0.2766644693473962,940,False,,,False,False,False,False,False,48.0,0.12303664921465969
IBDD,Electricity,1425,0.73,57,0.7142857142857141,0.5395700629986553,0,49,667,1184,117,122,31,0.3466286074775693,0.44044586059398705,0.395681529441506,0.3466286074775693,0.22270073803295595,0.2592592592592596,1.2233606186634038,-2.534149843841321,1.7596622789832348,-1.2199335447094035,0.0606453741297639,0.44044586059398705,0.45850824590676825,0.018062385312781204,0.395681529441506,0.4060852315105285,0.010403702069022525,0.3466286074775693,0.38937680705497174,0.042748199577402446,0.22270073803295595,0.22475317714347634,0.0020524391105203876,0.2592592592592596,0.2546886971814277,0.004570562077831852,942.0,0.3101516150296638,837.0,0.27554383651944625,550.0,0.18094924192485168,357.0,0.11733684904416612,1132.0,0.37277521423862886,0.11733684904416612,WACC_0p7_WRT_0p3,0.25135135135135134,941,False,,,False,False,False,False,False,49.0,0.1256544502617801
IBDD,Electricity,1189,0.74,61,0.7499999999999998,0.5280872662717262,0,48,2893,1791,844,204,109,0.3605332537913963,0.4523539460885802,0.40854226177566655,0.3605332537913963,0.1838357749346038,0.22222222222222254,1.2233606186634038,-2.534149843841321,1.7596622789832348,-1.2199335447094035,0.0606453741297639,0.4523539460885802,0.4152855548562722,0.037068391232307984,0.40854226177566655,0.3600684472877651,0.048473814487901445,0.3605332537913963,0.36577787938040346,0.005244625589007179,0.1838357749346038,0.28526909163094316,0.10143331669633937,0.22222222222222254,0.3270323378702535,0.10481011564803094,550.0,0.18094924192485168,531.0,0.17468688200395519,357.0,0.11733684904416612,1734.0,0.571193144363876,2245.0,0.7396176664469347,0.11733684904416612,WACC_0p5_WRT_0p5,0.3567567567567568,942,False,,,False,False,False,False,False,48.0,0.12303664921465969
IBDD,Electricity,389,0.73,179,0.7142857142857141,0.344575937943391,0,166,2646,3740,553,115,2,0.5827491630046993,0.6426619902809279,0.614074949503402,0.5827491630046993,0.22270073803295595,0.2592592592592596,1.2233606186634038,-2.534149843841321,1.7596622789832348,-1.2199335447094035,0.0606453741297639,0.6426619902809279,0.5858494192438017,0.056812571037126114,0.614074949503402,0.5750414203609747,0.0390335291424273,0.5827491630046993,0.5743585879198898,0.008390575084809448,0.22270073803295595,0.2797467966366896,0.05704605860373366,0.2592592592592596,0.22268338637204352,0.03657587288721606,2526.0,0.8322346736980883,2577.0,0.8490441661173368,2585.0,0.8516809492419248,1641.0,0.5405405405405406,357.0,0.11733684904416612,0.11733684904416612,WACC_0p9_WRT_0p1,0.6381674357284113,943,False,,,False,False,False,False,False,166.0,0.4319371727748691
IBDD,Electricity,2450,0.73,55,0.7142857142857141,0.5456120211274459,0,47,936,1648,696,132,88,0.33931233315680515,0.4341801262382042,0.3889145363372606,0.33931233315680515,0.22270073803295595,0.2592592592592596,1.2233606186634038,-2.534149843841321,1.7596622789832348,-1.2199335447094035,0.0606453741297639,0.4341801262382042,0.41991910952625233,0.014261016711951846,0.3889145363372606,0.37266343697717336,0.01625109936008723,0.33931233315680515,0.3658486922322199,0.02653635907541474,0.22270073803295595,0.26620690617025533,0.04350616813729938,0.2592592592592596,0.3123894683426735,0.053130209083413926,589.0,0.19380355965721818,609.0,0.2003955174686882,358.0,0.11766644693473961,1363.0,0.44891232696110744,2122.0,0.6990771259063941,0.11766644693473961,WACC_0p5_WRT_0p5,0.3319709953856295,944,False,,,False,False,False,False,False,47.0,0.12041884816753927
IBDD,Electricity,1996,0.73,90,0.7142857142857141,0.462018189093476,0,82,4397,3029,664,195,49,0.4405370344287458,0.5208700261252841,0.48253962821530677,0.4405370344287458,0.22270073803295595,0.2592592592592596,1.2233606186634038,-2.534149843841321,1.7596622789832348,-1.2199335447094035,0.0606453741297639,0.5208700261252841,0.4965555914259308,0.024314434699353293,0.48253962821530677,0.49033229118585986,0.007792662970553088,0.4405370344287458,0.4863050787298496,0.045768044301103816,0.22270073803295595,0.22486281332727454,0.002162075294318583,0.2592592592592596,0.24779793166371708,0.011461327595542498,1461.0,0.4812129202373105,1749.0,0.5761371127224786,1743.0,0.5741595253790376,359.0,0.11799604482531312,961.0,0.31641397495056034,0.11799604482531312,WACC_0p7_WRT_0p3,0.41318391562294005,945,False,,,False,False,False,False,False,82.0,0.21204188481675393
IBDD,Electricity,739,0.73,119,0.7142857142857141,0.41438816555554,0,111,3378,3708,996,228,10,0.498212759860783,0.5702641246090697,0.5358852545777952,0.498212759860783,0.22270073803295595,0.2592592592592596,1.2233606186634038,-2.534149843841321,1.7596622789832348,-1.2199335447094035,0.0606453741297639,0.5702641246090697,0.5361828455505265,0.03408127905854319,0.5358852545777952,0.5302194282144685,0.005665826363326687,0.498212759860783,0.5328377490640761,0.0346249892032931,0.22270073803295595,0.2262953418881112,0.003594603855155254,0.2592592592592596,0.22289357789641878,0.036365681362840796,2050.0,0.6753460777851021,2185.0,0.7198417930125247,2257.0,0.7435728411338167,386.0,0.12689518787079762,359.0,0.11799604482531312,0.11799604482531312,WACC_0p9_WRT_0p1,0.4767303889255109,946,False,,,False,False,False,False,False,111.0,0.2879581151832461
IBDD,Electricity,110,0.73,69,0.7142857142857141,0.5071915798046006,0,61,440,261,1000,116,2,0.3858360730191042,0.47402354686930304,0.4319454306188472,0.3858360730191042,0.22270073803295595,0.2592592592592596,1.2233606186634038,-2.534149843841321,1.7596622789832348,-1.2199335447094035,0.0606453741297639,0.47402354686930304,0.4911521789778934,0.01712863210859039,0.4319454306188472,0.4143762355019817,0.0175691951168655,0.3858360730191042,0.40202781617826117,0.016191743159156946,0.22270073803295595,0.22486455861026072,0.0021638205773047703,0.2592592592592596,0.232775514068128,0.026483745191131586,1376.0,0.45319709953856296,904.0,0.2976268951878708,689.0,0.2267633487145682,360.0,0.11832564271588662,561.0,0.1845748187211602,0.11832564271588662,WACC_0p7_WRT_0p3,0.2560975609756097,947,False,,,False,False,False,False,False,61.0,0.15706806282722513
IBDD,Electricity,1834,0.73,59,0.7142857142857141,0.5337329569329065,0,51,1045,1319,682,126,83,0.35369682415601933,0.44649915577328214,0.4022190882351447,0.35369682415601933,0.22270073803295595,0.2592592592592596,1.2233606186634038,-2.534149843841321,1.7596622789832348,-1.2199335447094035,0.0606453741297639,0.44649915577328214,0.4103971096113971,0.03610204616188506,0.4022190882351447,0.3589355180956724,0.04328357013947226,0.35369682415601933,0.3663828411545049,0.012686016998485594,0.22270073803295595,0.2679257994096973,0.04522506137674134,0.2592592592592596,0.3040630749703696,0.04480381571111003,509.0,0.16743572841133816,525.0,0.17270929466051418,360.0,0.11832564271588662,1396.0,0.45978905735003295,2037.0,0.6710613052076466,0.11832564271588662,WACC_0p5_WRT_0p5,0.3178642056690837,948,False,,,False,False,False,False,False,51.0,0.13089005235602094
IBDD,Electricity,2898,0.69,4,0.5714285714285711,0.9615795586771548,0,4,1,1,610,51,7,0.3080507851631509,0.01234567901234569,0.08571428571428578,0.3080507851631509,0.3781605904263649,0.4074074074074079,1.2233606186634038,-2.534149843841321,1.7596622789832348,-1.2199335447094035,0.0606453741297639,0.01234567901234569,0.3870004030558048,0.3746547240434591,0.08571428571428578,0.3278455388795039,0.2421312531652181,0.3080507851631509,0.4386236668517255,0.13057288168857462,0.3781605904263649,0.3718373752808015,0.006323215145563388,0.4074074074074079,0.3766486104808671,0.030758796926540766,361.0,0.11865524060646011,364.0,0.11964403427818061,1101.0,0.36255767963085034,2691.0,0.8866183256427159,2593.0,0.8543177323665129,0.11865524060646011,WACC_0p1_WRT_0p9,0.468358602504944,949,False,,,False,False,False,False,False,4.0,0.007853403141361256
IBDD,Electricity,953,0.73,314,0.7142857142857141,0.2482223332029363,0,261,3212,455,517,78,1,0.6994248150117004,0.7425842470488069,0.7219909868127112,0.6994248150117004,0.2623947685849366,0.2592592592592596,1.2233606186634038,-2.534149843841321,1.7596622789832348,-1.2199335447094035,0.0606453741297639,0.7425842470488069,0.646891473155987,0.09569277389281983,0.7219909868127112,0.6315646612976937,0.0904263255150175,0.6994248150117004,0.5937019404765764,0.10572287453512397,0.2623947685849366,0.2963037830768609,0.033909014491924294,0.2592592592592596,0.22300489750120828,0.0362543617580513,2863.0,0.9433091628213579,2840.0,0.9357284113381674,2697.0,0.8885959129861569,1894.0,0.6239288068556361,361.0,0.11865524060646011,0.11865524060646011,WACC_0p9_WRT_0p1,0.7020435069215556,950,False,,,False,False,False,False,False,261.0,0.680628272251309
IBDD,Electricity,2797,0.74,64,0.7499999999999998,0.5199513525110855,0,51,3371,1577,931,227,110,0.3703851222840437,0.4607911899885039,0.41765448518758413,0.3703851222840437,0.1838357749346038,0.22222222222222254,1.2233606186634038,-2.534149843841321,1.7596622789832348,-1.2199335447094035,0.0606453741297639,0.4607911899885039,0.4143599444263236,0.04643124556218026,0.41765448518758413,0.3484493887394516,0.06920509644813255,0.3703851222840437,0.36659082665042547,0.0037942956336182165,0.1838357749346038,0.27927157808539993,0.09543580315079614,0.22222222222222254,0.3209170726986182,0.09869485047639565,540.0,0.1776532630191167,473.0,0.15557020435069216,362.0,0.11898483849703362,1632.0,0.537574159525379,2201.0,0.7251153592617007,0.11898483849703362,WACC_0p5_WRT_0p5,0.3429795649307844,951,False,,,False,False,False,False,False,51.0,0.13089005235602094
IBDD,Electricity,2008,0.74,102,0.7499999999999998,0.4406905722934009,0,88,1075,2254,882,115,32,0.46636288290226385,0.5429875546586953,0.506426559031391,0.46636288290226385,0.1838357749346038,0.22222222222222254,1.2233606186634038,-2.534149843841321,1.7596622789832348,-1.2199335447094035,0.0606453741297639,0.5429875546586953,0.49884611294834635,0.04414144171034895,0.506426559031391,0.4738234697267894,0.032603089304601596,0.46636288290226385,0.44611852219495557,0.020244360707308284,0.1838357749346038,0.22494288295169304,0.04110710801708925,0.22222222222222254,0.24934990295993406,0.027127680737711518,1499.0,0.4937376400791035,1533.0,0.5049439683586026,1183.0,0.38958470665787737,362.0,0.11898483849703362,1004.0,0.3305866842452208,0.11898483849703362,WACC_0p7_WRT_0p3,0.36756756756756753,952,False,,,False,False,False,False,False,88.0,0.22774869109947643
IBDD,Electricity,1729,0.73,118,0.7142857142857141,0.4158289952077859,0,110,4895,3843,561,185,20,0.4964680432042589,0.5687699308956294,0.5342715253672798,0.4964680432042589,0.22270073803295595,0.2592592592592596,1.2233606186634038,-2.534149843841321,1.7596622789832348,-1.2199335447094035,0.0606453741297639,0.5687699308956294,0.555135589799044,0.013634341096585456,0.5342715253672798,0.5479837387563774,0.01371221338909756,0.4964680432042589,0.5559976331458133,0.059529589941554384,0.22270073803295595,0.23959250086753442,0.016891762834578467,0.2592592592592596,0.22305039980916783,0.03620885945009175,2254.0,0.7425840474620963,2356.0,0.7762030323005933,2461.0,0.8108108108108109,678.0,0.22313777191825973,362.0,0.11898483849703362,0.11898483849703362,WACC_0p9_WRT_0p1,0.5343441001977588,953,False,,,False,False,False,False,False,110.0,0.28534031413612565
IBDD,Electricity,313,0.73,104,0.7142857142857141,0.4373793521924517,0,96,452,631,180,98,1,0.47037247616302047,0.5464214125411612,0.5101351255444541,0.47037247616302047,0.22270073803295595,0.2592592592592596,1.2233606186634038,-2.534149843841321,1.7596622789832348,-1.2199335447094035,0.0606453741297639,0.5464214125411612,0.5139432583719717,0.03247815416918942,0.5101351255444541,0.4692719223622343,0.040863203182219754,0.47037247616302047,0.4375685106220312,0.032803965540989244,0.22270073803295595,0.24641250059064693,0.023711762557690974,0.2592592592592596,0.22316062704388248,0.0360986322153771,1734.0,0.571193144363876,1480.0,0.487475280158207,1082.0,0.3562953197099539,870.0,0.2864205669083718,363.0,0.11931443638760712,0.11931443638760712,WACC_0p9_WRT_0p1,0.3641397495056031,954,False,,,False,False,False,False,False,96.0,0.2486910994764398
IBDD,Electricity,798,0.69,40,0.5714285714285711,0.5992936564701963,0,39,115,1331,898,217,10,0.3080507851631509,0.37851028217905563,0.3287911047533801,0.3080507851631509,0.3781605904263649,0.4074074074074079,1.2233606186634038,-2.534149843841321,1.7596622789832348,-1.2199335447094035,0.0606453741297639,0.37851028217905563,0.3876906058703178,0.009180323691262149,0.3287911047533801,0.3320979319646417,0.0033068272112616315,0.3080507851631509,0.38944622179912286,0.08139543663597198,0.3781605904263649,0.3112365639710626,0.06692402645530232,0.4074074074074079,0.36432544868449296,0.043081958722914926,364.0,0.11964403427818061,385.0,0.12656558998022413,551.0,0.18127883981542517,2111.0,0.6954515491100857,2507.0,0.8259723137771918,0.11964403427818061,WACC_0p1_WRT_0p9,0.3897824653922215,955,False,,,False,False,False,False,False,39.0,0.09947643979057591
IBDD,Electricity,122,0.73,125,0.7142857142857141,0.405987565903148,0,117,568,1687,25,116,1,0.5083851394446378,0.5789758575819206,0.5452939261884742,0.5083851394446378,0.22270073803295595,0.2592592592592596,1.2233606186634038,-2.534149843841321,1.7596622789832348,-1.2199335447094035,0.0606453741297639,0.5789758575819206,0.5418384891531179,0.037137368428802664,0.5452939261884742,0.4906022647551915,0.05469166143328269,0.5083851394446378,0.4771041273254058,0.03128101211923201,0.22270073803295595,0.2596337571085293,0.036933019075573364,0.2592592592592596,0.22318723114959055,0.03607202810966903,2124.0,0.6997363216875412,1752.0,0.577125906394199,1606.0,0.529004614370468,1215.0,0.4001318391562294,364.0,0.11964403427818061,0.11964403427818061,WACC_0p9_WRT_0p1,0.46512854317732366,956,False,,,False,False,False,False,False,117.0,0.3036649214659686
IBDD,Electricity,718,0.72,74,0.6785714285714283,0.4953125156100612,0,67,595,1668,476,173,1,0.4002205640183184,0.48634257640438094,0.4452499825167314,0.4002205640183184,0.2615657011313083,0.2962962962962967,1.2233606186634038,-2.534149843841321,1.7596622789832348,-1.2199335447094035,0.0606453741297639,0.48634257640438094,0.48886690968160273,0.002524333277221791,0.4452499825167314,0.4460029280640487,0.0007529455473172519,0.4002205640183184,0.435359100544047,0.03513853652572857,0.2615657011313083,0.22496614874794607,0.03659955238336221,0.2962962962962967,0.22342166198271007,0.07287463431358665,1338.0,0.4406723796967699,1196.0,0.3938694792353329,1056.0,0.34772577455504283,365.0,0.11997363216875412,374.0,0.12294001318391562,0.11997363216875412,WACC_0p7_WRT_0p3,0.28503625576796304,957,False,,,False,False,False,False,False,67.0,0.17277486910994763
IBDD,Electricity,1179,0.72,53,0.6785714285714283,0.5518737344088203,0,46,2395,2008,855,248,163,0.33172995487678936,0.4276864976501123,0.38190141746212125,0.33172995487678936,0.2615657011313083,0.2962962962962967,1.2233606186634038,-2.534149843841321,1.7596622789832348,-1.2199335447094035,0.0606453741297639,0.4276864976501123,0.3877424341710085,0.039944063479103786,0.38190141746212125,0.3299096022572881,0.05199181520483315,0.33172995487678936,0.41596879597079045,0.0842388410940011,0.2615657011313083,0.4079646124155949,0.14639891128428661,0.2962962962962967,0.4581665666045407,0.16187027030824397,365.0,0.11997363216875412,375.0,0.12326961107448912,828.0,0.27257745550428475,2852.0,0.9396835860250494,2884.0,0.9502307185234015,0.11997363216875412,WACC_0p1_WRT_0p9,0.4811470006591958,958,False,,,False,False,False,False,False,46.0,0.11780104712041885
IBDD,Electricity,741,0.73,177,0.7142857142857141,0.3464997360432442,0,164,2353,2504,165,117,4,0.5804196144814776,0.6406669403995986,0.6119202956315664,0.5804196144814776,0.22270073803295595,0.2592592592592596,1.2233606186634038,-2.534149843841321,1.7596622789832348,-1.2199335447094035,0.0606453741297639,0.6406669403995986,0.5406035154709173,0.10006342492868125,0.6119202956315664,0.5212046193730735,0.09071567625849286,0.5804196144814776,0.49638366836235787,0.08403594611911974,0.22270073803295595,0.26635684770540685,0.0436561096724509,0.2592592592592596,0.2231878573637796,0.03607140189547997,2103.0,0.6928147659854977,2109.0,0.6947923533289387,1890.0,0.6226104152933422,1365.0,0.4495715227422544,365.0,0.11997363216875412,0.11997363216875412,WACC_0p9_WRT_0p1,0.5159525379037575,959,False,,,False,False,False,False,False,164.0,0.42670157068062825
IBDD,Electricity,2626,0.74,63,0.7499999999999998,0.5226208344905343,0,50,2462,1732,230,142,23,0.3671526168545674,0.4580228383061125,0.4146646653706015,0.3671526168545674,0.1838357749346038,0.22222222222222254,1.2233606186634038,-2.534149843841321,1.7596622789832348,-1.2199335447094035,0.0606453741297639,0.4580228383061125,0.4804262508314273,0.022403412525314803,0.4146646653706015,0.41909374766806734,0.004429082297465858,0.3671526168545674,0.40937760012864205,0.042224983274074646,0.1838357749346038,0.22506262483713263,0.04122684990252884,0.22222222222222254,0.2430636098407107,0.020841387618488166,1213.0,0.3994726433750824,944.0,0.3108108108108108,763.0,0.25115359261700726,366.0,0.12030323005932762,834.0,0.27455504284772575,0.12030323005932762,WACC_0p7_WRT_0p3,0.2712590639419908,960,False,,,False,False,False,False,False,50.0,0.12827225130890052
IBDD,Electricity,1260,0.7,43,0.6071428571428569,0.5871348551894666,0,41,2154,1512,733,243,76,0.2890318714095271,0.3911194094331457,0.3424089621877973,0.2890318714095271,0.33929562732801266,0.37037037037037074,1.2233606186634038,-2.534149843841321,1.7596622789832348,-1.2199335447094035,0.0606453741297639,0.3911194094331457,0.391283245834097,0.00016383640095130048,0.3424089621877973,0.34621415201885225,0.0038051898310549337,0.2890318714095271,0.3673602876001805,0.07832841619065345,0.33929562732801266,0.2825161917208123,0.056779435607200335,0.37037037037037074,0.34346518440635504,0.0269051859640157,383.0,0.12590639419907712,459.0,0.15095583388266315,366.0,0.12030323005932762,1686.0,0.555372445616348,2365.0,0.7791694133157547,0.12030323005932762,WACC_0p5_WRT_0p5,0.3463414634146341,961,False,,,False,False,False,False,False,41.0,0.10471204188481675
IBDD,Electricity,2826,0.71,50,0.6428571428571426,0.5617151637134581,0,47,3113,1917,345,241,176,0.31981285863641046,0.4174805709638212,0.3708790166409269,0.31981285863641046,0.3004306642296604,0.3333333333333337,1.2233606186634038,-2.534149843841321,1.7596622789832348,-1.2199335447094035,0.0606453741297639,0.4174805709638212,0.38776338047631675,0.02971719048750443,0.3708790166409269,0.32967621542602366,0.04120280121490322,0.31981285863641046,0.41580560382153786,0.0959927451851274,0.3004306642296604,0.39518008685356665,0.09474942262390623,0.3333333333333337,0.4431590858981436,0.10982575256480992,366.0,0.12030323005932762,373.0,0.12261041529334213,826.0,0.27191825972313777,2812.0,0.9264996704021095,2842.0,0.9363876071193145,0.12030323005932762,WACC_0p1_WRT_0p9,0.4755438365194463,962,False,,,False,False,False,False,False,47.0,0.12041884816753927
IBDD,Electricity,530,0.73,236,0.7142857142857141,0.2972091654853621,0,216,2863,3985,146,106,6,0.6401061147751547,0.6917830876448097,0.6671257346563944,0.6401061147751547,0.23954831143739677,0.2592592592592596,1.2233606186634038,-2.534149843841321,1.7596622789832348,-1.2199335447094035,0.0606453741297639,0.6917830876448097,0.6032557785741974,0.08852730907061224,0.6671257346563944,0.5925000939893483,0.07462564066704602,0.6401061147751547,0.5840154934456171,0.05609062132953757,0.23954831143739677,0.2889456441397179,0.049397332702321134,0.2592592592592596,0.22322676453714313,0.03603249472211645,2657.0,0.8754119973632168,2678.0,0.8823335530652604,2643.0,0.8707976268951879,1793.0,0.5906394199077126,366.0,0.12030323005932762,0.12030323005932762,WACC_0p9_WRT_0p1,0.667897165458141,963,False,,,False,False,False,False,False,216.0,0.56282722513089
IBDD,Electricity,1575,0.73,26,0.7142857142857141,0.6712185257861867,0,18,3272,19,166,139,57,0.1872140191720258,0.3039215288143248,0.24823525111947084,0.1872140191720258,0.22270073803295595,0.2592592592592596,1.2233606186634038,-2.534149843841321,1.7596622789832348,-1.2199335447094035,0.0606453741297639,0.3039215288143248,0.39359579125451805,0.08967426244019322,0.24823525111947084,0.3288617547655813,0.08062650364611049,0.1872140191720258,0.37027876495006595,0.18306474577804016,0.22270073803295595,0.2346391262560241,0.011938388223068142,0.2592592592592596,0.28071827742631184,0.021459018167052257,404.0,0.13282794990112062,367.0,0.12063282794990111,390.0,0.12821357943309164,571.0,0.18787079762689518,1728.0,0.569215557020435,0.12063282794990111,WACC_0p3_WRT_0p7,0.22775214238628871,964,False,,,False,False,False,False,False,18.0,0.04450261780104712
IBDD,Electricity,2009,0.7,42,0.6071428571428569,0.5910931476464545,0,40,4885,1363,499,158,136,0.2842387310335392,0.3870145135518249,0.33797567463597095,0.2842387310335392,0.33929562732801266,0.37037037037037074,1.2233606186634038,-2.534149843841321,1.7596622789832348,-1.2199335447094035,0.0606453741297639,0.3870145135518249,0.415186790723269,0.02817227717144405,0.33797567463597095,0.34385911229821425,0.005883437662243307,0.2842387310335392,0.36768146924579836,0.08344273821225917,0.33929562732801266,0.31755340121093084,0.02174222611708182,0.37037037037037074,0.34488066861880967,0.025489701751561067,549.0,0.1806196440342782,448.0,0.14733025708635464,367.0,0.12063282794990111,2174.0,0.7162162162162162,2375.0,0.7824653922214898,0.12063282794990111,WACC_0p5_WRT_0p5,0.38945286750164804,965,False,,,False,False,False,False,False,40.0,0.10209424083769633
IBDD,Electricity,2709,0.72,37,0.6785714285714283,0.6123767684992667,0,30,2562,1220,32,162,24,0.2584661577420591,0.3649426104452048,0.31413801928082125,0.2584661577420591,0.2615657011313083,0.2962962962962967,1.2233606186634038,-2.534149843841321,1.7596622789832348,-1.2199335447094035,0.0606453741297639,0.3649426104452048,0.44681061063194866,0.08186800018674384,0.31413801928082125,0.4123034219453981,0.09816540266457685,0.2584661577420591,0.3821140738138515,0.12364791607179237,0.2615657011313083,0.22515188286810134,0.03641381826320694,0.2962962962962967,0.25024384110808656,0.04605245518821016,831.0,0.27356624917600525,887.0,0.2920237310481213,487.0,0.16018457481872117,368.0,0.12096242584047462,1030.0,0.33915622940013185,0.12096242584047462,WACC_0p7_WRT_0p3,0.2371786420566908,966,False,,,False,False,False,False,False,30.0,0.07591623036649214
IBDD,Electricity,1031,0.73,111,0.7142857142857141,0.4262672297500796,0,103,2857,2770,893,173,10,0.48382826886156854,0.5579450950739915,0.5225807026799109,0.48382826886156854,0.22270073803295595,0.2592592592592596,1.2233606186634038,-2.534149843841321,1.7596622789832348,-1.2199335447094035,0.0606453741297639,0.5579450950739915,0.5172767509201868,0.040668344153804714,0.5225807026799109,0.510271418480296,0.012309284199614856,0.48382826886156854,0.5008319975058363,0.017003728644267746,0.22270073803295595,0.23408404487373563,0.011383306840779678,0.2592592592592596,0.22326515815791845,0.03599410110134113,1791.0,0.5899802241265656,1993.0,0.6565589980224127,1938.0,0.6384311140408702,556.0,0.18292682926829268,368.0,0.12096242584047462,0.12096242584047462,WACC_0p9_WRT_0p1,0.43777191825972317,967,False,,,False,False,False,False,False,103.0,0.2670157068062827
IBDD,Electricity,1375,0.74,69,0.7499999999999998,0.5071915798046006,0,56,3178,1774,342,233,94,0.3858360730191042,0.47402354686930304,0.4319454306188472,0.3858360730191042,0.1838357749346038,0.22222222222222254,1.2233606186634038,-2.534149843841321,1.7596622789832348,-1.2199335447094035,0.0606453741297639,0.47402354686930304,0.42014732158392865,0.05387622528537439,0.4319454306188472,0.3675426956693475,0.06440273494949972,0.3858360730191042,0.36774923971170415,0.018086833307400074,0.1838357749346038,0.26165831953513,0.07782254460052623,0.22222222222222254,0.30536644270515734,0.0831442204829348,591.0,0.1944627554383652,576.0,0.1895187870797627,369.0,0.12129202373104812,1271.0,0.4185893210283454,2042.0,0.6727092946605142,0.12129202373104812,WACC_0p5_WRT_0p5,0.31931443638760715,968,False,,,False,False,False,False,False,56.0,0.14397905759162305
IBDD,Electricity,598,0.74,72,0.7499999999999998,0.499966262112698,0,59,1493,1389,16,182,4,0.3945852906008571,0.4815164689201649,0.44003778643377817,0.3945852906008571,0.1838357749346038,0.22222222222222254,1.2233606186634038,-2.534149843841321,1.7596622789832348,-1.2199335447094035,0.0606453741297639,0.4815164689201649,0.5092034806086079,0.027687011688442953,0.44003778643377817,0.4636338843366181,0.023596097902839952,0.3945852906008571,0.4561372330728609,0.061551942472003796,0.1838357749346038,0.2251659198717878,0.04133014493718401,0.22222222222222254,0.23011814152387264,0.007895919301650095,1663.0,0.5477916941331575,1411.0,0.46473302570863545,1320.0,0.4347396176664469,369.0,0.12129202373104812,498.0,0.16381015161502965,0.12129202373104812,WACC_0p7_WRT_0p3,0.34647330257086356,969,False,,,False,False,False,False,False,59.0,0.1518324607329843
IBDD,Electricity,393,0.74,127,0.7499999999999998,0.4032760431131678,0,113,4986,3814,119,183,5,0.5116685525593311,0.5817878071419,0.548330831713252,0.5116685525593311,0.19008088801785153,0.22222222222222254,1.2233606186634038,-2.534149843841321,1.7596622789832348,-1.2199335447094035,0.0606453741297639,0.5817878071419,0.5728804163536134,0.008907390788286618,0.548330831713252,0.5647485850121925,0.016417753298940463,0.5116685525593311,0.5900637545030659,0.07839520194373484,0.19008088801785153,0.24371139922931215,0.05363051121146062,0.22222222222222254,0.22331814781018663,0.0010959255879640917,2419.0,0.7969676994067239,2494.0,0.8216875411997363,2681.0,0.8833223467369808,790.0,0.26005273566249176,370.0,0.12162162162162163,0.12162162162162163,WACC_0p9_WRT_0p1,0.5767303889255108,970,False,,,False,False,False,False,False,113.0,0.2931937172774869
IBDD,Electricity,2093,0.71,52,0.6428571428571426,0.5550921110787378,0,49,950,1805,239,206,92,0.32783278675964167,0.42434892184427186,0.3782968355918136,0.32783278675964167,0.3004306642296604,0.3333333333333337,1.2233606186634038,-2.534149843841321,1.7596622789832348,-1.2199335447094035,0.0606453741297639,0.42434892184427186,0.4163558114112712,0.00799311043300066,0.3782968355918136,0.3617211551201277,0.016575680471685894,0.32783278675964167,0.3677784791492244,0.03994569238958273,0.3004306642296604,0.2604599036315253,0.03997076059813509,0.3333333333333337,0.3145537818778907,0.018779551455443022,557.0,0.18325642715886617,544.0,0.17897165458141068,371.0,0.12195121951219512,1242.0,0.4090309822017139,2151.0,0.7086354647330257,0.12195121951219512,WACC_0p5_WRT_0p5,0.32036914963744234,971,False,,,False,False,False,False,False,49.0,0.1256544502617801
IBDD,Electricity,2960,0.53,48,0.0,0.5686032077643577,0,48,2565,1710,300,224,126,1.0,0.4103374141702957,0.3631644073039193,1.0,1.0,1.0,1.2233606186634038,-2.534149843841321,1.7596622789832348,-1.2199335447094035,0.0606453741297639,0.4103374141702957,0.3890498480918353,0.021287566078460385,0.3631644073039193,0.3306268460580785,0.032537561245840785,1.0,0.36811872432682624,0.6318812756731738,1.0,0.32604976261084784,0.6739502373891522,1.0,0.373647210420121,0.626352789579879,371.0,0.12195121951219512,377.0,0.12392880685563612,374.0,0.12294001318391562,2267.0,0.7468688200395518,2573.0,0.8477257745550428,0.12195121951219512,WACC_0p1_WRT_0p9,0.3926829268292683,972,False,,,False,False,False,False,False,48.0,0.12303664921465969
IBDD,Electricity,371,0.74,91,0.7499999999999998,0.460136442071784,0,78,1075,2891,681,173,6,0.4428156628335633,0.5228214674811129,0.48464718487960196,0.4428156628335633,0.1838357749346038,0.22222222222222254,1.2233606186634038,-2.534149843841321,1.7596622789832348,-1.2199335447094035,0.0606453741297639,0.5228214674811129,0.5332135590897904,0.01039209160867749,0.48464718487960196,0.5259037439514295,0.041256559071827514,0.4428156628335633,0.5105016646482724,0.06768600181470913,0.1838357749346038,0.23694389220866902,0.053108117274065225,0.22222222222222254,0.22333586515901516,0.0011136429367926137,2012.0,0.6628213579433092,2148.0,0.7076466710613052,2062.0,0.6793012524719841,620.0,0.2040210942649967,371.0,0.12195121951219512,0.12195121951219512,WACC_0p9_WRT_0p1,0.47514831905075816,973,False,,,False,False,False,False,False,78.0,0.20157068062827224
IBDD,Electricity,2309,0.73,70,0.7142857142857141,0.5047492957538864,0,62,2694,1945,84,138,30,0.3887934619488797,0.4765562858848585,0.4346807887556472,0.3887934619488797,0.22270073803295595,0.2592592592592596,1.2233606186634038,-2.534149843841321,1.7596622789832348,-1.2199335447094035,0.0606453741297639,0.4765562858848585,0.48234692491847636,0.005790639033617873,0.4346807887556472,0.4384966807625017,0.0038158920068545044,0.3887934619488797,0.4262681445945464,0.037474682645666724,0.22270073803295595,0.22529786285854533,0.002597124825589381,0.2592592592592596,0.2474045690936022,0.011854690165657378,1240.0,0.40837178642056693,1127.0,0.3711272247857614,952.0,0.31344759393539884,372.0,0.12228081740276862,954.0,0.3141067897165458,0.12228081740276862,WACC_0p7_WRT_0p3,0.3058668424522083,974,False,,,False,False,False,False,False,62.0,0.15968586387434555
IBDD,Electricity,1751,0.73,65,0.7142857142857141,0.5173226275773177,0,57,1224,1681,523,211,112,0.3735682745534433,0.46351727510500373,0.42059865711340405,0.3735682745534433,0.22270073803295595,0.2592592592592596,1.2233606186634038,-2.534149843841321,1.7596622789832348,-1.2199335447094035,0.0606453741297639,0.46351727510500373,0.40312913240260395,0.06038814270239978,0.42059865711340405,0.34191240173798687,0.07868625537541718,0.3735682745534433,0.36795236164746614,0.005615912905977183,0.22270073803295595,0.2887739254122115,0.06607318737925552,0.2592592592592596,0.33081777620592495,0.07155851694666537,464.0,0.15260382333553066,434.0,0.14271588661832565,372.0,0.12228081740276862,1789.0,0.5893210283454186,2274.0,0.7491760052735662,0.12228081740276862,WACC_0p5_WRT_0p5,0.35121951219512193,975,False,,,False,False,False,False,False,57.0,0.14659685863874344
IBDD,Electricity,1431,0.71,38,0.6428571428571426,0.6079043575991482,0,35,4335,1378,794,203,142,0.26388184986089747,0.3695806661934759,0.31914711948895397,0.26388184986089747,0.3004306642296604,0.3333333333333337,1.2233606186634038,-2.534149843841321,1.7596622789832348,-1.2199335447094035,0.0606453741297639,0.3695806661934759,0.3915845520039809,0.022003885810504997,0.31914711948895397,0.3295299828706407,0.010382863381686758,0.26388184986089747,0.3750534694451288,0.11117161958423133,0.3004306642296604,0.3192727617866888,0.01884209755702837,0.3333333333333337,0.3482045236046341,0.014871190271300405,385.0,0.12656558998022413,372.0,0.12228081740276862,433.0,0.14238628872775214,2190.0,0.7214897824653922,2394.0,0.7887277521423863,0.12228081740276862,WACC_0p3_WRT_0p7,0.3802900461437047,976,False,,,False,False,False,False,False,35.0,0.08900523560209424
IBDD,Electricity,2840,0.74,125,0.7499999999999998,0.405987565903148,0,111,2587,3686,557,144,8,0.5083851394446378,0.5789758575819206,0.5452939261884742,0.5083851394446378,0.18881628921977647,0.22222222222222254,1.2233606186634038,-2.534149843841321,1.7596622789832348,-1.2199335447094035,0.0606453741297639,0.5789758575819206,0.5490312059076825,0.0299446516742381,0.5452939261884742,0.5445181277041107,0.000775798484363488,0.5083851394446378,0.5317303872875753,0.023345247842937455,0.18881628921977647,0.24435337339553898,0.0555370841757625,0.22222222222222254,0.22336474252288896,0.0011425203006664164,2187.0,0.7205009887936717,2324.0,0.7656558998022412,2248.0,0.7406064601186553,806.0,0.2653263019116678,372.0,0.12228081740276862,0.12228081740276862,WACC_0p9_WRT_0p1,0.522874093605801,977,False,,,False,False,False,False,False,111.0,0.2879581151832461
IBDD,Electricity,1140,0.73,62,0.7142857142857141,0.5253323572805145,0,54,3738,778,479,123,67,0.3638692037398741,0.455210888746133,0.41162775984582367,0.3638692037398741,0.22270073803295595,0.2592592592592596,1.2233606186634038,-2.534149843841321,1.7596622789832348,-1.2199335447094035,0.0606453741297639,0.455210888746133,0.42460741866875706,0.03060347007737596,0.41162775984582367,0.3763908443221578,0.03523691552366587,0.3638692037398741,0.36809239701128194,0.004223193271407855,0.22270073803295595,0.231723963756709,0.009023225723753053,0.2592592592592596,0.2772170190682406,0.01795775980898101,629.0,0.2069874752801582,631.0,0.20764667106130522,373.0,0.12261041529334213,499.0,0.16413974950560317,1663.0,0.5477916941331575,0.12261041529334213,WACC_0p5_WRT_0p5,0.24983520105471327,978,False,,,False,False,False,False,False,54.0,0.1387434554973822
IBDD,Electricity,2663,0.73,120,0.7142857142857141,0.4129592931336661,0,112,3923,2858,642,169,5,0.4999429973740139,0.5717459182317536,0.537485591690294,0.4999429973740139,0.22270073803295595,0.2592592592592596,1.2233606186634038,-2.534149843841321,1.7596622789832348,-1.2199335447094035,0.0606453741297639,0.5717459182317536,0.56518063526494,0.006565282966813579,0.537485591690294,0.5662123858995595,0.028726794209265494,0.4999429973740139,0.5622236285429054,0.06228063116889154,0.22270073803295595,0.24981158876687806,0.02711085073392211,0.2592592592592596,0.22341276960183887,0.03584648965742071,2355.0,0.7758734344100198,2505.0,0.8253131179960448,2516.0,0.8289386947923534,964.0,0.31740276862228084,373.0,0.12261041529334213,0.12261041529334213,WACC_0p9_WRT_0p1,0.5740276862228082,979,False,,,False,False,False,False,False,112.0,0.2905759162303665
IBDD,Electricity,1223,0.74,88,0.7499999999999998,0.4658445274206108,0,75,882,2942,152,161,17,0.435903678776714,0.516901971563811,0.47825412928891586,0.435903678776714,0.1838357749346038,0.22222222222222254,1.2233606186634038,-2.534149843841321,1.7596622789832348,-1.2199335447094035,0.0606453741297639,0.516901971563811,0.5121257088351419,0.004776262728669156,0.47825412928891586,0.4985794080656826,0.020325278776766764,0.435903678776714,0.48194109394020906,0.04603741516349508,0.1838357749346038,0.2285083498970729,0.0446725749624691,0.22222222222222254,0.22346461282313868,0.0012423906009161323,1710.0,0.563282794990112,1851.0,0.6097560975609756,1678.0,0.5527356624917601,429.0,0.14106789716545814,375.0,0.12326961107448912,0.12326961107448912,WACC_0p9_WRT_0p1,0.398022412656559,980,False,,,False,False,False,False,False,75.0,0.193717277486911
IBDD,Electricity,2109,0.71,56,0.6428571428571426,0.5425645408871178,0,53,2812,2147,731,229,215,0.34300256088597536,0.43734047611706295,0.392327714206428,0.34300256088597536,0.3004306642296604,0.3333333333333337,1.2233606186634038,-2.534149843841321,1.7596622789832348,-1.2199335447094035,0.0606453741297639,0.43734047611706295,0.38979295872864245,0.0475475173884205,0.392327714206428,0.3334945991252531,0.05883311508117489,0.34300256088597536,0.44666366652230344,0.10366110563632808,0.3004306642296604,0.46843630705404526,0.16800564282438485,0.3333333333333337,0.5045478610736077,0.17121452774027401,375.0,0.12326961107448912,389.0,0.12788398154251812,1190.0,0.3918918918918919,2993.0,0.986156888595913,2986.0,0.9838497033618985,0.12326961107448912,WACC_0p1_WRT_0p9,0.5226104152933422,981,False,,,False,False,False,False,False,53.0,0.13612565445026178
IBDD,Electricity,1556,0.73,56,0.7142857142857141,0.5425645408871178,0,48,4790,970,221,218,66,0.34300256088597536,0.43734047611706295,0.392327714206428,0.34300256088597536,0.22270073803295595,0.2592592592592596,1.2233606186634038,-2.534149843841321,1.7596622789832348,-1.2199335447094035,0.0606453741297639,0.43734047611706295,0.4173316453339926,0.020008830783070364,0.392327714206428,0.3699186691268077,0.02240904507962027,0.34300256088597536,0.36837363552463975,0.025371074638664393,0.22270073803295595,0.23286161824097168,0.010160880208015727,0.2592592592592596,0.25830027960327934,0.000958979655980241,567.0,0.1865524060646012,595.0,0.19578114700065918,376.0,0.12359920896506263,525.0,0.17270929466051418,1220.0,0.4017798286090969,0.12359920896506263,WACC_0p5_WRT_0p5,0.21608437705998682,982,False,,,False,False,False,False,False,48.0,0.12303664921465969
IBDD,Electricity,2911,0.68,52,0.5357142857142857,0.5550921110787378,0,52,16,1984,829,114,95,0.35129761109045354,0.42434892184427186,0.3782968355918136,0.35129761109045354,0.4170255535247168,0.44444444444444453,1.2233606186634038,-2.534149843841321,1.7596622789832348,-1.2199335447094035,0.0606453741297639,0.42434892184427186,0.38985206138907325,0.03449686045519862,0.3782968355918136,0.3484276519705935,0.029869183621220097,0.35129761109045354,0.39553846168877066,0.044240850598317116,0.4170255535247168,0.37238353011590036,0.044642023408816456,0.44444444444444453,0.4459128769868074,0.0014684325423628963,376.0,0.12359920896506263,471.0,0.15491100856954515,630.0,0.2073170731707317,2697.0,0.8885959129861569,2845.0,0.9373764007910349,0.12359920896506263,WACC_0p1_WRT_0p9,0.46235992089650624,983,False,,,False,False,False,False,False,52.0,0.13350785340314136
IBDD,Electricity,969,0.74,181,0.7499999999999998,0.3426733977161095,0,167,1256,3976,784,210,10,0.5850529701335094,0.6446349949610716,0.6162057945579573,0.5850529701335094,0.21834472294208188,0.22222222222222254,1.2233606186634038,-2.534149843841321,1.7596622789832348,-1.2199335447094035,0.0606453741297639,0.6446349949610716,0.5500581349867795,0.0945768599742921,0.6162057945579573,0.531851328687026,0.08435446587093132,0.5850529701335094,0.529856073107532,0.05519689702597741,0.21834472294208188,0.2253768894978479,0.007032166555766023,0.22222222222222254,0.22506384920231257,0.002841626980090023,2203.0,0.7257745550428477,2201.0,0.7251153592617007,2233.0,0.7356624917600527,376.0,0.12359920896506263,407.0,0.13381674357284112,0.12359920896506263,WACC_0p7_WRT_0p3,0.488793671720501,984,False,,,False,False,False,False,False,167.0,0.43455497382198954
IBDD,Electricity,2834,0.74,53,0.7499999999999998,0.5518737344088203,0,40,863,1073,645,120,48,0.33172995487678936,0.4276864976501123,0.38190141746212125,0.33172995487678936,0.1838357749346038,0.22222222222222254,1.2233606186634038,-2.534149843841321,1.7596622789832348,-1.2199335447094035,0.0606453741297639,0.4276864976501123,0.4258844673623755,0.0018020302877367889,0.38190141746212125,0.3768672768433953,0.005034140618725924,0.33172995487678936,0.3685159876327645,0.03678603275597514,0.1838357749346038,0.22835782090778356,0.04452204597317977,0.22222222222222254,0.24810800567511554,0.025885783452892996,640.0,0.21061305207646672,635.0,0.2089650626235992,377.0,0.12392880685563612,424.0,0.13941990771259063,970.0,0.31938035596572184,0.12392880685563612,WACC_0p5_WRT_0p5,0.2004614370468029,985,False,,,False,False,False,False,False,40.0,0.10209424083769633
IBDD,Electricity,2412,0.73,93,0.7142857142857141,0.4564335436868534,0,85,3413,2395,760,146,53,0.44729954368619157,0.5266615102506704,0.4887944310707241,0.44729954368619157,0.22270073803295595,0.2592592592592596,1.2233606186634038,-2.534149843841321,1.7596622789832348,-1.2199335447094035,0.0606453741297639,0.5266615102506704,0.4750820192471703,0.05157949100350012,0.4887944310707241,0.46487892606074166,0.023915505009982463,0.44729954368619157,0.43481312058177013,0.01248642310442144,0.22270073803295595,0.225441275854325,0.0027405378213690434,0.2592592592592596,0.2491705415267038,0.01008871773255579,1145.0,0.3770599868160844,1427.0,0.47000659195781147,1047.0,0.34475939353988133,377.0,0.12392880685563612,997.0,0.32827949901120634,0.12392880685563612,WACC_0p7_WRT_0p3,0.32880685563612394,986,False,,,False,False,False,False,False,85.0,0.2198952879581152
IBDD,Electricity,80,0.73,202,0.7142857142857141,0.3238716668808341,0,187,2667,5000,2,205,1,0.607820195189334,0.6641330861976534,0.6372637330934657,0.607820195189334,0.22711346584325942,0.2592592592592596,1.2233606186634038,-2.534149843841321,1.7596622789832348,-1.2199335447094035,0.0606453741297639,0.6641330861976534,0.5800094964377106,0.08412358975994283,0.6372637330934657,0.5589714720401476,0.0782922610533181,0.607820195189334,0.5600123253109491,0.04780786987838481,0.22711346584325942,0.25264375783896864,0.02553029199570922,0.2592592592592596,0.22353167864297926,0.03572758061628031,2482.0,0.8177323665128543,2455.0,0.8088332234673699,2488.0,0.8197099538562953,1040.0,0.34245220830586687,377.0,0.12392880685563612,0.12392880685563612,WACC_0p9_WRT_0p1,0.5825313117996045,987,False,,,False,False,False,False,False,187.0,0.4869109947643979
IBDD,Electricity,45,0.68,7,0.5357142857142857,0.8806552086226336,0,9,1,1,657,53,6,0.35129761109045354,0.08672793179875032,0.10285714285714277,0.35129761109045354,0.4170255535247168,0.44444444444444453,1.2233606186634038,-2.534149843841321,1.7596622789832348,-1.2199335447094035,0.0606453741297639,0.08672793179875032,0.38989882452324715,0.3031708927244968,0.10285714285714277,0.33241850947093887,0.22956136661379611,0.35129761109045354,0.43594611071258027,0.08464849962212673,0.4170255535247168,0.37032322388116606,0.046702329643550755,0.44444444444444453,0.38681601287080475,0.05762843157363978,378.0,0.12425840474620962,387.0,0.12722478576137114,1061.0,0.34937376400791037,2680.0,0.8829927488464074,2639.0,0.8694792353328938,0.12425840474620962,WACC_0p1_WRT_0p9,0.4706657877389585,988,False,,,False,False,False,False,False,9.0,0.020942408376963352
IBDD,Electricity,450,0.71,149,0.6428571428571426,0.3759677242326947,0,143,928,4235,471,234,7,0.544736499723082,0.6101075452401685,0.578916148859382,0.544736499723082,0.3004306642296604,0.3333333333333337,1.2233606186634038,-2.534149843841321,1.7596622789832348,-1.2199335447094035,0.0606453741297639,0.6101075452401685,0.5417208150013867,0.06838673023878183,0.578916148859382,0.5327074502555522,0.04620869860382981,0.544736499723082,0.5328148293720482,0.011921670351033864,0.3004306642296604,0.2255209877762826,0.07490967645337782,0.3333333333333337,0.22394424843944383,0.10938908489388988,2123.0,0.6994067237969677,2210.0,0.7280817402768622,2256.0,0.7432432432432432,378.0,0.12425840474620962,384.0,0.12623599208965064,0.12425840474620962,WACC_0p7_WRT_0p3,0.48424522083058674,989,False,,,False,False,False,False,False,143.0,0.3717277486910995
IBDD,Electricity,1841,0.71,52,0.6428571428571426,0.5550921110787378,0,49,3583,2011,514,206,194,0.32783278675964167,0.42434892184427186,0.3782968355918136,0.32783278675964167,0.3004306642296604,0.3333333333333337,1.2233606186634038,-2.534149843841321,1.7596622789832348,-1.2199335447094035,0.0606453741297639,0.42434892184427186,0.38999348107446186,0.03435544076981001,0.3782968355918136,0.33075301294215403,0.04754382264965956,0.32783278675964167,0.433438757834284,0.10560597107464231,0.3004306642296604,0.43267148483054524,0.13224082060088482,0.3333333333333337,0.46394692101958707,0.13061358768625336,379.0,0.12458800263678313,378.0,0.12425840474620962,1027.0,0.33816743572841135,2914.0,0.9601186552406065,2898.0,0.9548450889914305,0.12425840474620962,WACC_0p3_WRT_0p7,0.5003955174686883,990,False,,,False,False,False,False,False,49.0,0.1256544502617801
IBDD,Electricity,361,0.74,186,0.7499999999999998,0.3380070378924402,0,170,4750,4933,384,246,10,0.5907035171617443,0.6494741829263583,0.6214321175604669,0.5907035171617443,0.22052101777028832,0.22222222222222254,1.2233606186634038,-2.534149843841321,1.7596622789832348,-1.2199335447094035,0.0606453741297639,0.6494741829263583,0.5787309381071006,0.07074324481925764,0.6214321175604669,0.5711707927144535,0.05026132484601342,0.5907035171617443,0.5815504177064502,0.009153099455294078,0.22052101777028832,0.24304815781636005,0.02252714004607173,0.22222222222222254,0.22357177565801895,0.0013495534357964023,2468.0,0.8131179960448253,2549.0,0.8398154251812788,2625.0,0.8648648648648649,767.0,0.2524719841793013,378.0,0.12425840474620962,0.12425840474620962,WACC_0p9_WRT_0p1,0.578905735003296,991,False,,,False,False,False,False,False,170.0,0.4424083769633508
IBDD,Electricity,1435,0.74,66,0.7499999999999998,0.5147334338430524,0,53,1294,1271,279,72,66,0.3767035580535428,0.46620236490350114,0.42349855409578124,0.3767035580535428,0.1838357749346038,0.22222222222222254,1.2233606186634038,-2.534149843841321,1.7596622789832348,-1.2199335447094035,0.0606453741297639,0.46620236490350114,0.4323941988113436,0.03380816609215753,0.42349855409578124,0.37300600563441794,0.05049254846136331,0.3767035580535428,0.3689274463889547,0.007776111664588081,0.1838357749346038,0.26904296752077866,0.08520719258617487,0.22222222222222254,0.31699545659770256,0.09477323437548002,686.0,0.2257745550428477,613.0,0.2017139090309822,379.0,0.12458800263678313,1417.0,0.46671061305207645,2178.0,0.7175346077785102,0.12458800263678313,WACC_0p5_WRT_0p5,0.34726433750823993,992,False,,,False,False,False,False,False,53.0,0.13612565445026178
IBDD,Electricity,2272,0.74,56,0.7499999999999998,0.5425645408871178,0,43,565,1563,753,97,82,0.34300256088597536,0.43734047611706295,0.392327714206428,0.34300256088597536,0.1838357749346038,0.22222222222222254,1.2233606186634038,-2.534149843841321,1.7596622789832348,-1.2199335447094035,0.0606453741297639,0.43734047611706295,0.4169746475405601,0.020365828576502876,0.392327714206428,0.37075235501800163,0.021575359188426346,0.34300256088597536,0.3690669161718372,0.026064355285861818,0.1838357749346038,0.2634016131967936,0.07956583826218983,0.22222222222222254,0.31157876086659436,0.08935653864437182,563.0,0.1852340145023072,598.0,0.19676994067237968,380.0,0.12491760052735662,1305.0,0.4297956493078444,2117.0,0.6974291364535267,0.12491760052735662,WACC_0p5_WRT_0p5,0.3268292682926829,993,False,,,False,False,False,False,False,43.0,0.1099476439790576
IBDD,Electricity,2784,0.7,40,0.6071428571428569,0.5992936564701963,0,38,143,1457,38,209,30,0.2743086436603003,0.37851028217905563,0.3287911047533801,0.2743086436603003,0.33929562732801266,0.37037037037037074,1.2233606186634038,-2.534149843841321,1.7596622789832348,-1.2199335447094035,0.0606453741297639,0.37851028217905563,0.3988851005391098,0.02037481836005417,0.3287911047533801,0.33111340741758855,0.0023223026642084643,0.2743086436603003,0.3876883140660629,0.11337967040576263,0.33929562732801266,0.28055699328182027,0.058738634046192395,0.37037037037037074,0.3207084591982932,0.04966191117207752,439.0,0.14436387607119314,381.0,0.12524719841793014,530.0,0.17435728411338167,1657.0,0.5458141067897165,2200.0,0.7247857613711273,0.12524719841793014,WACC_0p3_WRT_0p7,0.34291364535266977,994,False,,,False,False,False,False,False,38.0,0.0968586387434555
IBDD,Electricity,37,0.69,4,0.5714285714285711,0.9615795586771548,0,4,1,1,682,39,7,0.3080507851631509,0.01234567901234569,0.08571428571428578,0.3080507851631509,0.3781605904263649,0.4074074074074079,1.2233606186634038,-2.534149843841321,1.7596622789832348,-1.2199335447094035,0.0606453741297639,0.01234567901234569,0.3961744647486796,0.38382878573633394,0.08571428571428578,0.3312967378771852,0.24558245216289942,0.3080507851631509,0.4392791957216457,0.13122841055849482,0.3781605904263649,0.35203916458032525,0.02612142584603966,0.4074074074074079,0.36131321803898026,0.04609418936842763,422.0,0.13876071193144363,382.0,0.12557679630850363,1108.0,0.36486486486486486,2532.0,0.8342122610415293,2486.0,0.8190507580751483,0.12557679630850363,WACC_0p3_WRT_0p7,0.45649307844429793,995,False,,,False,False,False,False,False,4.0,0.007853403141361256
IBDD,Electricity,557,0.73,169,0.7142857142857141,0.3544173672480289,0,159,3794,2209,378,161,4,0.5708320667643204,0.6324560635946368,0.6030525486822076,0.5708320667643204,0.22270073803295595,0.2592592592592596,1.2233606186634038,-2.534149843841321,1.7596622789832348,-1.2199335447094035,0.0606453741297639,0.6324560635946368,0.5714858141089478,0.060970249485688965,0.6030525486822076,0.5620556333150428,0.040996915367164766,0.5708320667643204,0.5485567602879697,0.022275306476350676,0.22270073803295595,0.2516429820327793,0.02894224399982334,0.2592592592592596,0.2237691650220035,0.035490094237256076,2412.0,0.7946605141727093,2470.0,0.8137771918259723,2403.0,0.7916941331575478,1015.0,0.33421226104152935,382.0,0.12557679630850363,0.12557679630850363,WACC_0p9_WRT_0p1,0.5719841793012524,996,False,,,False,False,False,False,False,159.0,0.41361256544502617
IBDD,Electricity,1211,0.73,139,0.7142857142857141,0.3878467884272343,0,131,3666,1043,245,154,9,0.5303520087238677,0.5977885157050904,0.5656115969614975,0.5303520087238677,0.22270073803295595,0.2592592592592596,1.2233606186634038,-2.534149843841321,1.7596622789832348,-1.2199335447094035,0.0606453741297639,0.5977885157050904,0.5571626937995057,0.040625821905584725,0.5656115969614975,0.5304832784101542,0.03512831855134335,0.5303520087238677,0.4922833141506743,0.038068694573193396,0.22270073803295595,0.22623622840394694,0.00353549037099099,0.2592592592592596,0.22807012611522567,0.031189133144033904,2269.0,0.7475280158206987,2188.0,0.7208305866842453,1834.0,0.6041529334212261,383.0,0.12590639419907712,462.0,0.15194462755438365,0.12590639419907712,WACC_0p7_WRT_0p3,0.4700725115359262,997,False,,,False,False,False,False,False,131.0,0.3403141361256545
IBDD,Electricity,898,0.75,109,0.7857142857142856,0.4293696224892548,0,30,2224,3536,741,125,3,0.4800715469765898,0.554727798900032,0.5191060228120346,0.4800715469765898,0.17791137602318496,0.18518518518518542,1.2233606186634038,-2.534149843841321,1.7596622789832348,-1.2199335447094035,0.0606453741297639,0.554727798900032,0.5579806025856688,0.0032528036856368514,0.5191060228120346,0.5293942754236367,0.010288252611602156,0.4800715469765898,0.5270821154106603,0.04701056843407048,0.17791137602318496,0.2555995002522648,0.07768812422907984,0.18518518518518542,0.22395817234922988,0.03877298716404445,2279.0,0.7508239947264338,2180.0,0.7181938035596572,2212.0,0.7287409360580093,1117.0,0.36783124588002636,385.0,0.12656558998022413,0.12656558998022413,WACC_0p9_WRT_0p1,0.5384311140408702,998,False,,,False,False,False,False,False,30.0,0.07591623036649214
IBDD,Electricity,2444,0.73,52,0.7142857142857141,0.5550921110787378,0,44,243,1875,137,123,59,0.32783278675964167,0.42434892184427186,0.3782968355918136,0.32783278675964167,0.22270073803295595,0.2592592592592596,1.2233606186634038,-2.534149843841321,1.7596622789832348,-1.2199335447094035,0.0606453741297639,0.42434892184427186,0.4252212079331097,0.0008722860888378259,0.3782968355918136,0.38223222534241164,0.0039353897505980395,0.32783278675964167,0.3698103045171492,0.04197751775750752,0.22270073803295595,0.2690058215213003,0.04630508348834436,0.2592592592592596,0.3079417109312267,0.04868245167196711,634.0,0.20863546473302572,669.0,0.22017139090309823,386.0,0.12689518787079762,1415.0,0.46605141727092947,2075.0,0.6835860250494397,0.12689518787079762,WACC_0p5_WRT_0p5,0.3410678971654581,999,False,,,False,False,False,False,False,44.0,0.112565445026178
IBDD,Electricity,1013,0.73,128,0.7142857142857141,0.4019361286569392,0,120,804,4428,265,200,4,0.513291069882219,0.5831773480594705,0.5498315359042281,0.513291069882219,0.22270073803295595,0.2592592592592596,1.2233606186634038,-2.534149843841321,1.7596622789832348,-1.2199335447094035,0.0606453741297639,0.5831773480594705,0.544628133018784,0.038549215040686535,0.5498315359042281,0.5329590826239723,0.016872453280255773,0.513291069882219,0.5342202061591872,0.02092913627696824,0.22270073803295595,0.24278679855295499,0.020086060519999033,0.2592592592592596,0.2240491878763281,0.035210071382931474,2141.0,0.7053394858272907,2213.0,0.7290705339485827,2268.0,0.7471984179301252,763.0,0.25115359261700726,386.0,0.12689518787079762,0.12689518787079762,WACC_0p9_WRT_0p1,0.5119314436387608,1000,False,,,False,False,False,False,False,120.0,0.31151832460732987
IBDD,Electricity,1653,0.73,31,0.7142857142857141,0.6419656258679005,0,23,2518,508,990,147,19,0.22263668114980414,0.3342578694703253,0.2809984990279513,0.22263668114980414,0.22270073803295595,0.2592592592592596,1.2233606186634038,-2.534149843841321,1.7596622789832348,-1.2199335447094035,0.0606453741297639,0.3342578694703253,0.44259270260434797,0.10833483313402265,0.2809984990279513,0.38362532682762107,0.10262682779966975,0.22263668114980414,0.3699511598716414,0.14731447872183726,0.22270073803295595,0.23247784920484718,0.009777111171891228,0.2592592592592596,0.2334486882564721,0.02581057100278747,777.0,0.25576796308503624,680.0,0.2237969676994067,387.0,0.12722478576137114,520.0,0.17106130520764667,584.0,0.1921555702043507,0.12722478576137114,WACC_0p5_WRT_0p5,0.19400131839156226,1001,False,,,False,False,False,False,False,23.0,0.05759162303664921
IBDD,Electricity,952,0.74,236,0.7499999999999998,0.2972091654853621,0,205,2561,4232,987,100,2,0.6401061147751547,0.6917830876448097,0.6671257346563944,0.6401061147751547,0.23954831143739677,0.22222222222222254,1.2233606186634038,-2.534149843841321,1.7596622789832348,-1.2199335447094035,0.0606453741297639,0.6917830876448097,0.5987311569886173,0.09305193065619233,0.6671257346563944,0.5909537098041776,0.07617202485221675,0.6401061147751547,0.5819270803928753,0.05817903438227934,0.23954831143739677,0.2841457377980355,0.04459742636063871,0.22222222222222254,0.22413246883493188,0.001910246612709332,2624.0,0.8645352669742914,2672.0,0.8803559657218194,2631.0,0.8668424522083059,1716.0,0.565260382333553,387.0,0.12722478576137114,0.12722478576137114,WACC_0p9_WRT_0p1,0.6608437705998682,1002,False,,,False,False,False,False,False,205.0,0.5340314136125655
IBDD,Electricity,187,0.73,32,0.7142857142857141,0.636667418954684,0,24,2301,1,1000,162,1,0.22905233884867993,0.3397523062692165,0.2869324907707538,0.22905233884867993,0.22270073803295595,0.2592592592592596,1.2233606186634038,-2.534149843841321,1.7596622789832348,-1.2199335447094035,0.0606453741297639,0.3397523062692165,0.4674846623279713,0.12773235605875483,0.2869324907707538,0.4103573076572959,0.12342481688654211,0.22905233884867993,0.38744762960768797,0.15839529075900805,0.22270073803295595,0.22642137246802396,0.00372063443506801,0.2592592592592596,0.25242405895008607,0.006835200309173506,1051.0,0.34607778510217535,876.0,0.2883981542518128,526.0,0.17303889255108768,388.0,0.12755438365194463,1078.0,0.35497692814765985,0.12755438365194463,WACC_0p7_WRT_0p3,0.258009228740936,1003,False,,,False,False,False,False,False,24.0,0.060209424083769635
IBDD,Electricity,731,0.73,197,0.7142857142857141,0.3281656085878023,0,182,2667,3473,135,94,7,0.6026206134021233,0.6596801096126496,0.6324545183816613,0.6026206134021233,0.2251108592114059,0.2592592592592596,1.2233606186634038,-2.534149843841321,1.7596622789832348,-1.2199335447094035,0.0606453741297639,0.6596801096126496,0.5889839038379392,0.07069620577471036,0.6324545183816613,0.5669340889743938,0.06552042940726754,0.6026206134021233,0.5726305800667858,0.02999003333533745,0.2251108592114059,0.2807450821836655,0.05563422297225962,0.2592592592592596,0.2242142118514118,0.03504504740784778,2557.0,0.8424522083058669,2512.0,0.8276203032300593,2570.0,0.8467369808833224,1663.0,0.5477916941331575,388.0,0.12755438365194463,0.12755438365194463,WACC_0p9_WRT_0p1,0.6384311140408702,1004,False,,,False,False,False,False,False,182.0,0.4738219895287958
IBDD,Electricity,2172,0.73,74,0.7142857142857141,0.4953125156100612,0,66,1446,877,103,106,62,0.4002205640183184,0.48634257640438094,0.4452499825167314,0.4002205640183184,0.22270073803295595,0.2592592592592596,1.2233606186634038,-2.534149843841321,1.7596622789832348,-1.2199335447094035,0.0606453741297639,0.48634257640438094,0.4169842458278502,0.06935833057653074,0.4452499825167314,0.3783205621350461,0.06692942038168531,0.4002205640183184,0.3702222875124224,0.029998276505895982,0.22270073803295595,0.2620814183872984,0.03938068035434247,0.2592592592592596,0.2928318283851743,0.03357256912591472,564.0,0.1855636123928807,641.0,0.2109426499670402,389.0,0.12788398154251812,1282.0,0.42221489782465393,1904.0,0.6272247857613711,0.12788398154251812,WACC_0p5_WRT_0p5,0.31476598549769286,1005,False,,,False,False,False,False,False,66.0,0.17015706806282724
IBDD,Electricity,111,0.72,150,0.6785714285714283,0.3748236792350408,0,143,829,1087,1000,135,4,0.5461218365393451,0.6112939622747726,0.5801974792567542,0.5461218365393451,0.2615657011313083,0.2962962962962967,1.2233606186634038,-2.534149843841321,1.7596622789832348,-1.2199335447094035,0.0606453741297639,0.6112939622747726,0.5113924624510521,0.09990149982372054,0.5801974792567542,0.47157356758374713,0.10862391167300711,0.5461218365393451,0.44798022361978734,0.09814161291955775,0.2615657011313083,0.2392428331651737,0.022322867966134585,0.2962962962962967,0.2242591838374943,0.07203711245880243,1696.0,0.5586684245220831,1508.0,0.496704021094265,1205.0,0.3968358602504944,672.0,0.22116018457481873,389.0,0.12788398154251812,0.12788398154251812,WACC_0p9_WRT_0p1,0.3602504943968359,1006,False,,,False,False,False,False,False,143.0,0.3717277486910995
IBDD,Electricity,2671,0.73,102,0.7142857142857141,0.4406905722934009,0,94,4248,2362,170,160,33,0.46636288290226385,0.5429875546586953,0.506426559031391,0.46636288290226385,0.22270073803295595,0.2592592592592596,1.2233606186634038,-2.534149843841321,1.7596622789832348,-1.2199335447094035,0.0606453741297639,0.5429875546586953,0.5112097015586227,0.03177785310007264,0.506426559031391,0.4890931599044739,0.017333399126917115,0.46636288290226385,0.4885178554925927,0.022154972590328836,0.22270073803295595,0.22647519806165345,0.003774460028697496,0.2592592592592596,0.23944240354777938,0.019816855711480202,1690.0,0.5566908371786421,1733.0,0.5708635464733026,1783.0,0.5873434410019776,389.0,0.12788398154251812,745.0,0.24522083058668426,0.12788398154251812,WACC_0p7_WRT_0p3,0.41760052735662495,1007,False,,,False,False,False,False,False,94.0,0.24345549738219896
IBDD,Electricity,1863,0.71,57,0.6428571428571426,0.5395700629986553,0,54,221,2086,611,169,114,0.3466286074775693,0.44044586059398705,0.395681529441506,0.3466286074775693,0.3004306642296604,0.3333333333333337,1.2233606186634038,-2.534149843841321,1.7596622789832348,-1.2199335447094035,0.0606453741297639,0.44044586059398705,0.3923653389653094,0.04808052162867765,0.395681529441506,0.34433181312149774,0.05134971632000823,0.3466286074775693,0.3878077914539425,0.04117918397637321,0.3004306642296604,0.3793751405047976,0.07894447627513718,0.3333333333333337,0.4157787830760022,0.08244544974266849,390.0,0.12821357943309164,449.0,0.14765985497692816,533.0,0.17534607778510217,2741.0,0.9030982201713909,2753.0,0.9070533948582729,0.12821357943309164,WACC_0p1_WRT_0p9,0.45227422544495716,1008,False,,,False,False,False,False,False,54.0,0.1387434554973822
IBDD,Electricity,1093,0.73,238,0.7142857142857141,0.2957622818559112,0,218,1967,1043,377,147,10,0.6418581622600328,0.693283559556833,0.6687462443213795,0.6418581622600328,0.24022310838379146,0.2592592592592596,1.2233606186634038,-2.534149843841321,1.7596622789832348,-1.2199335447094035,0.0606453741297639,0.693283559556833,0.505139628047982,0.188143931508851,0.6687462443213795,0.45678887392058914,0.21195737040079038,0.6418581622600328,0.4398534569757413,0.20200470528429149,0.24022310838379146,0.22663750135233746,0.013585607031454006,0.2592592592592596,0.2433440426578451,0.015915216601414484,1597.0,0.5260382333553065,1317.0,0.4337508239947264,1113.0,0.36651285431773234,391.0,0.12854317732366513,839.0,0.2762030323005933,0.12854317732366513,WACC_0p7_WRT_0p3,0.34620962425840474,1009,False,,,False,False,False,False,False,218.0,0.5680628272251309
IBDD,Electricity,1959,0.73,83,0.7142857142857141,0.475799793515297,0,75,1953,1886,971,200,101,0.4238487363007214,0.5065779919100624,0.4671042312628673,0.4238487363007214,0.22270073803295595,0.2592592592592596,1.2233606186634038,-2.534149843841321,1.7596622789832348,-1.2199335447094035,0.0606453741297639,0.5065779919100624,0.4204244624362154,0.08615352947384697,0.4671042312628673,0.36313991844283444,0.10396431282003288,0.4238487363007214,0.3702911944708687,0.05355754182985267,0.22270073803295595,0.28834564080149555,0.0656449027685396,0.2592592592592596,0.3373577771587385,0.07809851789947891,593.0,0.1951219512195122,551.0,0.18127883981542517,391.0,0.12854317732366513,1781.0,0.5866842452208306,2321.0,0.7646671061305208,0.12854317732366513,WACC_0p5_WRT_0p5,0.3712590639419908,1010,False,,,False,False,False,False,False,75.0,0.193717277486911
IBDD,Electricity,516,0.74,141,0.7499999999999998,0.3854045043765198,0,127,1598,4359,64,212,3,0.5333093976536435,0.6003212547206462,0.5683469550982978,0.5333093976536435,0.1984158083399787,0.22222222222222254,1.2233606186634038,-2.534149843841321,1.7596622789832348,-1.2199335447094035,0.0606453741297639,0.6003212547206462,0.5606825501083841,0.039638704612262154,0.5683469550982978,0.5578021346254528,0.010544820472844996,0.5333093976536435,0.5517667325698078,0.018457334916164303,0.1984158083399787,0.2334266461006421,0.03501083776066338,0.22222222222222254,0.22437776347442,0.002155541252197468,2309.0,0.7607119314436388,2441.0,0.8042188529993408,2429.0,0.8002636783124588,540.0,0.1776532630191167,391.0,0.12854317732366513,0.12854317732366513,WACC_0p9_WRT_0p1,0.5342781806196439,1011,False,,,False,False,False,False,False,127.0,0.3298429319371728
IBDD,Electricity,2484,0.73,43,0.7142857142857141,0.5871348551894666,0,35,4481,1514,948,242,140,0.2890318714095271,0.3911194094331457,0.3424089621877973,0.2890318714095271,0.22270073803295595,0.2592592592592596,1.2233606186634038,-2.534149843841321,1.7596622789832348,-1.2199335447094035,0.0606453741297639,0.3911194094331457,0.39892150389595005,0.007802094462804332,0.3424089621877973,0.33436733957603626,0.008041622611761057,0.2890318714095271,0.38572857878500066,0.09669670737547359,0.22270073803295595,0.33927927013672626,0.11657853210377031,0.2592592592592596,0.38553937900123636,0.12628011974197678,441.0,0.14502307185234015,392.0,0.12887277521423862,516.0,0.16974291364535268,2403.0,0.7916941331575478,2629.0,0.8661832564271589,0.12887277521423862,WACC_0p3_WRT_0p7,0.42030323005932757,1012,False,,,False,False,False,False,False,35.0,0.08900523560209424
IBDD,Electricity,722,0.73,117,0.7142857142857141,0.4172819839037627,0,109,1529,521,289,134,7,0.49470860302639985,0.5672631278035053,0.5326441780277857,0.49470860302639985,0.22270073803295595,0.2592592592592596,1.2233606186634038,-2.534149843841321,1.7596622789832348,-1.2199335447094035,0.0606453741297639,0.5672631278035053,0.5518132683532853,0.015449859450220038,0.5326441780277857,0.5066903100189418,0.025953868008843917,0.49470860302639985,0.4560434019903467,0.03866520103605314,0.22270073803295595,0.24313078155438325,0.0204300435214273,0.2592592592592596,0.2244670555120454,0.03479220374721417,2225.0,0.7330257086354647,1965.0,0.6473302570863546,1319.0,0.43441001977587346,769.0,0.25313117996044826,392.0,0.12887277521423862,0.12887277521423862,WACC_0p9_WRT_0p1,0.43935398813447585,1013,False,,,False,False,False,False,False,109.0,0.28272251308900526
IBDD,Electricity,2136,0.73,61,0.7142857142857141,0.5280872662717262,0,53,2958,689,630,90,52,0.3605332537913963,0.4523539460885802,0.40854226177566655,0.3605332537913963,0.22270073803295595,0.2592592592592596,1.2233606186634038,-2.534149843841321,1.7596622789832348,-1.2199335447094035,0.0606453741297639,0.4523539460885802,0.4299885849184694,0.022365361170110787,0.40854226177566655,0.36045403143086535,0.0480882303448012,0.3605332537913963,0.3705989239670476,0.010065670175651298,0.22270073803295595,0.25116513672055674,0.028464398687600784,0.2592592592592596,0.26503062117107445,0.005771361911814876,666.0,0.21918259723137773,535.0,0.17600527356624918,393.0,0.12920237310481214,996.0,0.3279499011206328,1376.0,0.45319709953856296,0.12920237310481214,WACC_0p5_WRT_0p5,0.26110744891232696,1014,False,,,False,False,False,False,False,53.0,0.13612565445026178
IBDD,Electricity,2990,0.67,52,0.5,0.5550921110787378,0,53,2777,1882,424,165,149,0.3945444370177566,0.42434892184427186,0.3782968355918136,0.3945444370177566,0.455890516623069,0.48148148148148157,1.2233606186634038,-2.534149843841321,1.7596622789832348,-1.2199335447094035,0.0606453741297639,0.42434892184427186,0.3924108216480062,0.03193810019626564,0.3782968355918136,0.342632119298078,0.03566471629373558,0.3945444370177566,0.38797871565936154,0.00656572135839506,0.455890516623069,0.35515429706241997,0.10073621956064904,0.48148148148148157,0.39640999639311386,0.0850714850883677,393.0,0.12920237310481214,442.0,0.14535266974291364,534.0,0.17567567567567569,2558.0,0.8427818061964404,2682.0,0.8836519446275544,0.12920237310481214,WACC_0p1_WRT_0p9,0.43533289386947926,1015,False,,,False,False,False,False,False,53.0,0.13612565445026178
IBDD,Electricity,467,0.74,206,0.7499999999999998,0.3205119868474863,0,187,2893,3588,875,145,3,0.6118884691213956,0.6676171988248291,0.6410265747308154,0.6118884691213956,0.22868035192947941,0.22222222222222254,1.2233606186634038,-2.534149843841321,1.7596622789832348,-1.2199335447094035,0.0606453741297639,0.6676171988248291,0.5742299498883755,0.09338724893645356,0.6410265747308154,0.5589960441507061,0.08203053058010923,0.6118884691213956,0.5504823799604244,0.06140608916097123,0.22868035192947941,0.2573707928174027,0.028690440887923302,0.22222222222222254,0.2245228346743524,0.0023006124521298688,2428.0,0.7999340804218853,2456.0,0.8091628213579433,2421.0,0.7976268951878708,1153.0,0.37969676994067236,393.0,0.12920237310481214,0.12920237310481214,WACC_0p9_WRT_0p1,0.5831245880026368,1016,False,,,False,False,False,False,False,187.0,0.4869109947643979
IBDD,Electricity,1311,0.72,52,0.6785714285714283,0.5550921110787378,0,45,480,1730,905,240,43,0.32783278675964167,0.42434892184427186,0.3782968355918136,0.32783278675964167,0.2615657011313083,0.2962962962962967,1.2233606186634038,-2.534149843841321,1.7596622789832348,-1.2199335447094035,0.0606453741297639,0.42434892184427186,0.4187540536070594,0.005594868237212447,0.3782968355918136,0.36876733053753713,0.009529505054276466,0.32783278675964167,0.37071293022329294,0.042880143463651266,0.2615657011313083,0.25428188447689115,0.00728381665441713,0.2962962962962967,0.28960879544273416,0.006687500853562567,578.0,0.1901779828609097,584.0,0.1921555702043507,394.0,0.12953197099538563,1085.0,0.3572841133816744,1860.0,0.6127224785761372,0.12953197099538563,WACC_0p5_WRT_0p5,0.2963744232036915,1017,False,,,False,False,False,False,False,45.0,0.11518324607329843
IBDD,Electricity,2880,0.73,117,0.7142857142857141,0.4172819839037627,0,109,712,3684,362,245,5,0.49470860302639985,0.5672631278035053,0.5326441780277857,0.49470860302639985,0.22270073803295595,0.2592592592592596,1.2233606186634038,-2.534149843841321,1.7596622789832348,-1.2199335447094035,0.0606453741297639,0.5672631278035053,0.5250508576334588,0.04221227017004647,0.5326441780277857,0.5041461854008932,0.028497992626892565,0.49470860302639985,0.4960356882856158,0.0013270852592159321,0.22270073803295595,0.22673337984149675,0.004032641808540793,0.2592592592592596,0.2317358183306696,0.027523440928589965,1906.0,0.6278839815425181,1923.0,0.6334871456822676,1884.0,0.6206328279499012,394.0,0.12953197099538563,534.0,0.17567567567567569,0.12953197099538563,WACC_0p7_WRT_0p3,0.43744232036914965,1018,False,,,False,False,False,False,False,109.0,0.28272251308900526
IBDD,Electricity,562,0.73,147,0.7142857142857141,0.3782788748888935,0,139,1444,4988,364,218,6,0.5419379016797108,0.6077107964115179,0.5763276601244394,0.5419379016797108,0.22270073803295595,0.2592592592592596,1.2233606186634038,-2.534149843841321,1.7596622789832348,-1.2199335447094035,0.0606453741297639,0.6077107964115179,0.5633686807654262,0.044342115646091695,0.5763276601244394,0.5670739272512039,0.009253732873235498,0.5419379016797108,0.5656360932586999,0.023698191578989114,0.22270073803295595,0.24391481392414419,0.021214075891188233,0.2592592592592596,0.22458843046286234,0.03467082879639724,2334.0,0.7689518787079763,2513.0,0.8279499011206328,2534.0,0.8348714568226764,794.0,0.2613711272247858,394.0,0.12953197099538563,0.12953197099538563,WACC_0p9_WRT_0p1,0.5645352669742913,1019,False,,,False,False,False,False,False,139.0,0.3612565445026178
IBDD,Electricity,2643,0.73,91,0.7142857142857141,0.460136442071784,0,83,1843,971,739,146,28,0.4428156628335633,0.5228214674811129,0.48464718487960196,0.4428156628335633,0.22270073803295595,0.2592592592592596,1.2233606186634038,-2.534149843841321,1.7596622789832348,-1.2199335447094035,0.0606453741297639,0.5228214674811129,0.45931995625316385,0.06350151122794906,0.48464718487960196,0.4163328789942361,0.06831430588536586,0.4428156628335633,0.39635024498496146,0.04646541784860181,0.22270073803295595,0.22673388397178926,0.004033145938833305,0.2592592592592596,0.2456980183851797,0.013561240874079866,948.0,0.3121292023731048,913.0,0.3005932762030323,636.0,0.2092946605141727,395.0,0.12986156888595912,902.0,0.2969676994067238,0.12986156888595912,WACC_0p7_WRT_0p3,0.24976928147659855,1020,False,,,False,False,False,False,False,83.0,0.21465968586387435
IBDD,Electricity,692,0.73,318,0.7142857142857141,0.2460497095654884,0,264,3580,3374,387,132,1,0.7020556691468195,0.7448373382283823,0.724424325286653,0.7020556691468195,0.2634080358348888,0.2592592592592596,1.2233606186634038,-2.534149843841321,1.7596622789832348,-1.2199335447094035,0.0606453741297639,0.7448373382283823,0.6066212278730836,0.13821611035529868,0.724424325286653,0.6054971860564058,0.11892713923024723,0.7020556691468195,0.6069125433155862,0.0951431258312333,0.2634080358348888,0.29268510411524257,0.029277068280353757,0.2592592592592596,0.22459100362924778,0.0346682556300118,2679.0,0.8826631509558339,2728.0,0.8988134475939354,2755.0,0.9077125906394199,1853.0,0.6104152933421226,395.0,0.12986156888595912,0.12986156888595912,WACC_0p9_WRT_0p1,0.6858932102834543,1021,False,,,False,False,False,False,False,264.0,0.6884816753926701
IBDD,Electricity,2111,0.73,103,0.7142857142857141,0.4390270024565642,0,95,1236,3311,546,174,14,0.46837731812650846,0.5447127381931928,0.5082897572486481,0.46837731812650846,0.22270073803295595,0.2592592592592596,1.2233606186634038,-2.534149843841321,1.7596622789832348,-1.2199335447094035,0.0606453741297639,0.5447127381931928,0.5250004252474587,0.019712312945734056,0.5082897572486481,0.5215394649428956,0.013249707694247492,0.46837731812650846,0.5102467331515532,0.041869415025044765,0.22270073803295595,0.22675333555781654,0.0040525975248605905,0.2592592592592596,0.23168773848861965,0.02757152077063993,1905.0,0.6275543836519446,2118.0,0.6977587343441002,2060.0,0.6786420566908372,396.0,0.13019116677653264,533.0,0.17534607778510217,0.13019116677653264,WACC_0p7_WRT_0p3,0.4618984838497034,1022,False,,,False,False,False,False,False,95.0,0.24607329842931938
IBDD,Electricity,2416,0.73,164,0.7142857142857141,0.359557394877106,0,154,3161,670,133,101,5,0.5646079501205059,0.62712566457189,0.5972957177376411,0.5646079501205059,0.22270073803295595,0.2592592592592596,1.2233606186634038,-2.534149843841321,1.7596622789832348,-1.2199335447094035,0.0606453741297639,0.62712566457189,0.5910531646836378,0.03607249988825223,0.5972957177376411,0.5564867338756256,0.04080898386201548,0.5646079501205059,0.5270574143604407,0.03755053576006517,0.22270073803295595,0.26219897538958026,0.039498237356624305,0.2592592592592596,0.22462308247939333,0.034636176779866246,2573.0,0.8477257745550428,2428.0,0.7999340804218853,2211.0,0.7284113381674358,1285.0,0.42320369149637443,396.0,0.13019116677653264,0.13019116677653264,WACC_0p9_WRT_0p1,0.5858932102834542,1023,False,,,False,False,False,False,False,154.0,0.4005235602094241
IBDD,Electricity,1470,0.71,55,0.6428571428571426,0.5456120211274459,0,52,2433,2046,460,153,98,0.33931233315680515,0.4341801262382042,0.3889145363372606,0.33931233315680515,0.3004306642296604,0.3333333333333337,1.2233606186634038,-2.534149843841321,1.7596622789832348,-1.2199335447094035,0.0606453741297639,0.4341801262382042,0.40319002246032076,0.030990103777883415,0.3889145363372606,0.36527869612566166,0.023635840211598924,0.33931233315680515,0.3711357817775514,0.031823448620746264,0.3004306642296604,0.28177416359714874,0.018656500632511674,0.3333333333333337,0.3199977800875434,0.013335553245790277,465.0,0.15293342122610415,565.0,0.18589321028345418,397.0,0.13052076466710613,1675.0,0.5517468688200395,2197.0,0.7237969676994067,0.13052076466710613,WACC_0p5_WRT_0p5,0.3489782465392221,1024,False,,,False,False,False,False,False,52.0,0.13350785340314136
IBDD,Electricity,2589,0.71,56,0.6428571428571426,0.5425645408871178,0,53,2279,2124,391,244,135,0.34300256088597536,0.43734047611706295,0.392327714206428,0.34300256088597536,0.3004306642296604,0.3333333333333337,1.2233606186634038,-2.534149843841321,1.7596622789832348,-1.2199335447094035,0.0606453741297639,0.43734047611706295,0.3926222889060473,0.04471818721101567,0.392327714206428,0.35056780164283546,0.041759912563592516,0.34300256088597536,0.4037955631016826,0.060793002215707215,0.3004306642296604,0.36839775225466764,0.06796708802500723,0.3333333333333337,0.42249171990821294,0.08915838657487923,397.0,0.13052076466710613,487.0,0.16018457481872117,706.0,0.23236651285431772,2667.0,0.8787079762689519,2777.0,0.914963744232037,0.13052076466710613,WACC_0p1_WRT_0p9,0.4633487145682268,1025,False,,,False,False,False,False,False,53.0,0.13612565445026178
IBDD,Electricity,1133,0.71,59,0.6428571428571426,0.5337329569329065,0,56,238,2251,527,235,188,0.35369682415601933,0.44649915577328214,0.4022190882351447,0.35369682415601933,0.3004306642296604,0.3333333333333337,1.2233606186634038,-2.534149843841321,1.7596622789832348,-1.2199335447094035,0.0606453741297639,0.44649915577328214,0.3943857669241016,0.05211338884918054,0.4022190882351447,0.33511185335239146,0.06710723488275322,0.35369682415601933,0.4703196255844921,0.11662280142847276,0.3004306642296604,0.4867095834460718,0.18627891921641138,0.3333333333333337,0.5171611368224447,0.18382780348911099,410.0,0.13480553724456162,397.0,0.13052076466710613,1506.0,0.496044825313118,3021.0,0.995385629531971,3007.0,0.990771259063942,0.13052076466710613,WACC_0p3_WRT_0p7,0.5495056031641397,1026,False,,,False,False,False,False,False,56.0,0.14397905759162305
IBDD,Electricity,1597,0.73,131,0.7142857142857141,0.3979778361999513,0,123,3196,3743,231,248,19,0.5180842102582068,0.5872822439407912,0.5542648234560545,0.5180842102582068,0.22270073803295595,0.2592592592592596,1.2233606186634038,-2.534149843841321,1.7596622789832348,-1.2199335447094035,0.0606453741297639,0.5872822439407912,0.5307426215176801,0.05653962242311106,0.5542648234560545,0.5163699699662946,0.03789485348975996,0.5180842102582068,0.5190063844502373,0.0009221741920304449,0.22270073803295595,0.22702637863568845,0.0043256406027324945,0.2592592592592596,0.22519720668393906,0.03406205257532052,1974.0,0.6502966381015162,2056.0,0.6773236651285431,2145.0,0.7066578773895847,398.0,0.13085036255767962,413.0,0.13579433091628212,0.13085036255767962,WACC_0p7_WRT_0p3,0.46018457481872116,1027,False,,,False,False,False,False,False,123.0,0.3193717277486911
IBDD,Electricity,2944,0.75,123,0.7857142857142856,0.4087424748943598,0,35,2787,4401,613,183,2,0.5050491894961598,0.5761189149243676,0.542208428118317,0.5050491894961598,0.18753145598438328,0.18518518518518542,1.2233606186634038,-2.534149843841321,1.7596622789832348,-1.2199335447094035,0.0606453741297639,0.5761189149243676,0.5697770019959868,0.006341912928380822,0.542208428118317,0.550275478466398,0.008067050348080973,0.5050491894961598,0.554226250588612,0.04917706109245212,0.18753145598438328,0.2694326954488979,0.08190123946451464,0.18518518518518542,0.22463130304206871,0.03944611785688329,2395.0,0.7890573500329597,2379.0,0.7837837837837838,2452.0,0.8078444297956493,1425.0,0.4693473961766645,398.0,0.13085036255767962,0.13085036255767962,WACC_0p9_WRT_0p1,0.5961766644693474,1028,False,,,False,False,False,False,False,35.0,0.08900523560209424
IBDD,Electricity,2532,0.73,68,0.7142857142857141,0.5096690058370015,0,60,4320,1042,889,245,53,0.38283613027271596,0.47145436431718357,0.4291707134625583,0.38283613027271596,0.22270073803295595,0.2592592592592596,1.2233606186634038,-2.534149843841321,1.7596622789832348,-1.2199335447094035,0.0606453741297639,0.47145436431718357,0.4303710805502182,0.04108328376696535,0.4291707134625583,0.3888661658222826,0.04030454764027569,0.38283613027271596,0.3983784394924885,0.015542309219772565,0.22270073803295595,0.22716587118825562,0.004465133155299672,0.2592592592592596,0.2538604714723057,0.005398787786953851,673.0,0.22148978246539222,709.0,0.23335530652603823,658.0,0.21654581410678972,399.0,0.13117996044825314,1111.0,0.36585365853658536,0.13117996044825314,WACC_0p7_WRT_0p3,0.2336849044166117,1029,False,,,False,False,False,False,False,60.0,0.1544502617801047
IBDD,Electricity,1089,0.72,206,0.6785714285714283,0.3205119868474863,0,191,814,319,216,59,1,0.6118884691213956,0.6676171988248291,0.6410265747308154,0.6118884691213956,0.2615657011313083,0.2962962962962967,1.2233606186634038,-2.534149843841321,1.7596622789832348,-1.2199335447094035,0.0606453741297639,0.6676171988248291,0.6373703725851058,0.0302468262397233,0.6410265747308154,0.6040396845820251,0.03698689014879031,0.6118884691213956,0.5562390244094964,0.055649444711899254,0.2615657011313083,0.27328167824453353,0.011715977113225251,0.2962962962962967,0.22464505144947874,0.07165124484681798,2823.0,0.9301252471984179,2726.0,0.8981542518127884,2462.0,0.8111404087013843,1507.0,0.4963744232036915,399.0,0.13117996044825314,0.13117996044825314,WACC_0p9_WRT_0p1,0.6533948582729071,1030,False,,,False,False,False,False,False,191.0,0.4973821989528796
IBDD,Electricity,2275,0.73,25,0.7142857142857141,0.6777165852112971,0,17,4839,34,469,209,55,0.17934544671698122,0.29718280052161783,0.24095742456334718,0.17934544671698122,0.22270073803295595,0.2592592592592596,1.2233606186634038,-2.534149843841321,1.7596622789832348,-1.2199335447094035,0.0606453741297639,0.29718280052161783,0.4139956297492823,0.11681282922766445,0.24095742456334718,0.35746931328932297,0.11651188872597579,0.17934544671698122,0.3713323771687108,0.1919869304517296,0.22270073803295595,0.23484274934659935,0.012142011313643397,0.2592592592592596,0.2687799267526753,0.009520667493415735,536.0,0.17633487145682267,513.0,0.16875411997363216,400.0,0.13150955833882663,576.0,0.1895187870797627,1479.0,0.4871456822676335,0.13150955833882663,WACC_0p5_WRT_0p5,0.2306526038233355,1031,False,,,False,False,False,False,False,17.0,0.041884816753926704
IBDD,Electricity,1154,0.73,73,0.7142857142857141,0.4976236662662598,0,65,1645,2314,805,199,39,0.3974219659749473,0.48394582757573046,0.4426614937817889,0.3974219659749473,0.22270073803295595,0.2592592592592596,1.2233606186634038,-2.534149843841321,1.7596622789832348,-1.2199335447094035,0.0606453741297639,0.48394582757573046,0.4628031065227453,0.021142721052985147,0.4426614937817889,0.44179482721497476,0.0008666665668141116,0.3974219659749473,0.4255674546517991,0.02814548867685185,0.22270073803295595,0.22721884766540024,0.004518109632444284,0.2592592592592596,0.25183766289682097,0.007421596362438609,995.0,0.3276203032300593,1156.0,0.38068556361239286,938.0,0.3088332234673698,400.0,0.13150955833882663,1063.0,0.35003295978905735,0.13150955833882663,WACC_0p7_WRT_0p3,0.29973632168754116,1032,False,,,False,False,False,False,False,65.0,0.16753926701570682
IBDD,Electricity,2220,0.71,46,0.6428571428571426,0.5757783350642198,0,43,1840,1726,966,208,137,0.30278360798142806,0.40289654141488307,0.3551282647280737,0.30278360798142806,0.3004306642296604,0.3333333333333337,1.2233606186634038,-2.534149843841321,1.7596622789832348,-1.2199335447094035,0.0606453741297639,0.40289654141488307,0.4025991234870354,0.0002974179278476541,0.3551282647280737,0.3352032531100907,0.01992501161798299,0.30278360798142806,0.38035556939734066,0.0775719614159126,0.3004306642296604,0.3420543394014533,0.041623675171792884,0.3333333333333337,0.38269163553361296,0.04935830220027926,458.0,0.15062623599208966,400.0,0.13150955833882663,468.0,0.15392221489782465,2435.0,0.8022412656558998,2614.0,0.8612392880685563,0.13150955833882663,WACC_0p3_WRT_0p7,0.41990771259063947,1033,False,,,False,False,False,False,False,43.0,0.1099476439790576
IBDD,Electricity,715,0.73,150,0.7142857142857141,0.3748236792350408,0,142,2925,4279,271,198,10,0.5461218365393451,0.6112939622747726,0.5801974792567542,0.5461218365393451,0.22270073803295595,0.2592592592592596,1.2233606186634038,-2.534149843841321,1.7596622789832348,-1.2199335447094035,0.0606453741297639,0.6112939622747726,0.5454760472592962,0.0658179150154764,0.5801974792567542,0.5365702796292723,0.04362719962748196,0.5461218365393451,0.5367704649943713,0.009351371544973786,0.22270073803295595,0.23626166637997012,0.013560928347014167,0.2592592592592596,0.22477375574061018,0.0344855035186494,2154.0,0.7096242584047462,2258.0,0.7439024390243902,2295.0,0.7560975609756098,601.0,0.19775873434410018,400.0,0.13150955833882663,0.13150955833882663,WACC_0p9_WRT_0p1,0.5077785102175346,1034,False,,,False,False,False,False,False,142.0,0.36910994764397903
IBDD,Electricity,89,0.71,48,0.6428571428571426,0.5686032077643577,0,45,229,1608,303,238,8,0.3114720494590426,0.4103374141702957,0.3631644073039193,0.3114720494590426,0.3004306642296604,0.3333333333333337,1.2233606186634038,-2.534149843841321,1.7596622789832348,-1.2199335447094035,0.0606453741297639,0.4103374141702957,0.4172700381696991,0.00693262399940342,0.3631644073039193,0.3501264368425396,0.013037970461379722,0.3114720494590426,0.3714099232760244,0.05993787381698179,0.3004306642296604,0.2542494126561954,0.04618125157346503,0.3333333333333337,0.2887664945105375,0.04456683882279622,566.0,0.1862228081740277,486.0,0.15985497692814765,401.0,0.13183915622940012,1081.0,0.35596572181938035,1841.0,0.6064601186552406,0.13183915622940012,WACC_0p5_WRT_0p5,0.2880685563612393,1035,False,,,False,False,False,False,False,45.0,0.11518324607329843
IBDD,Electricity,312,0.73,243,0.7142857142857141,0.2921973897345995,0,222,1412,2890,774,133,4,0.6461749297925922,0.6969804847196746,0.6727389234972485,0.6461749297925922,0.24188570119272404,0.2592592592592596,1.2233606186634038,-2.534149843841321,1.7596622789832348,-1.2199335447094035,0.0606453741297639,0.6969804847196746,0.5679650398762647,0.12901544484340988,0.6727389234972485,0.557932500888642,0.11480642260860652,0.6461749297925922,0.542799541738014,0.10337538805457813,0.24188570119272404,0.2656586814885999,0.02377298029587585,0.2592592592592596,0.22478648656799521,0.034472772691264364,2376.0,0.7827949901120633,2443.0,0.8048780487804879,2352.0,0.7748846407382993,1350.0,0.4446275543836519,401.0,0.13183915622940012,0.13183915622940012,WACC_0p9_WRT_0p1,0.5878048780487806,1036,False,,,False,False,False,False,False,222.0,0.5785340314136126
IBDD,Electricity,1969,0.73,101,0.7142857142857141,0.4423703723360919,0,93,2670,962,313,122,4,0.46432879434117375,0.5412455397996083,0.5045451829835771,0.46432879434117375,0.22270073803295595,0.2592592592592596,1.2233606186634038,-2.534149843841321,1.7596622789832348,-1.2199335447094035,0.0606453741297639,0.5412455397996083,0.534496865537572,0.006748674262036292,0.5045451829835771,0.5003026003835805,0.004242582599996547,0.46432879434117375,0.465174978794543,0.0008461844533692586,0.22270073803295595,0.240771435684402,0.01807069765144606,0.2592592592592596,0.22484567896578714,0.03441358029347244,2028.0,0.6680949241924852,1881.0,0.6196440342781806,1431.0,0.4713249835201055,714.0,0.23500329597890574,402.0,0.13216875411997364,0.13216875411997364,WACC_0p9_WRT_0p1,0.42524719841793013,1037,False,,,False,False,False,False,False,93.0,0.24083769633507854
IBDD,Electricity,2327,0.73,99,0.7142857142857141,0.4457799518448435,0,91,3030,3527,14,194,13,0.46020009657916583,0.5377096795683104,0.5007264539337751,0.46020009657916583,0.22270073803295595,0.2592592592592596,1.2233606186634038,-2.534149843841321,1.7596622789832348,-1.2199335447094035,0.0606453741297639,0.5377096795683104,0.5338972218188651,0.003812457749445275,0.5007264539337751,0.5308551675287536,0.030128713594978485,0.46020009657916583,0.5176090744109204,0.05740897783175458,0.22270073803295595,0.2272897129538201,0.004588974920864158,0.2592592592592596,0.2253693062791574,0.03388995298010217,2024.0,0.6667765326301912,2193.0,0.7224785761371127,2129.0,0.7013843111404087,402.0,0.13216875411997364,414.0,0.13612392880685564,0.13216875411997364,WACC_0p7_WRT_0p3,0.4717864205669084,1038,False,,,False,False,False,False,False,91.0,0.2356020942408377
IBDD,Electricity,2130,0.72,146,0.6785714285714283,0.3794461887748424,0,139,4843,4754,686,250,12,0.5405243883077224,0.6065002486779413,0.5750202685721765,0.5405243883077224,0.2615657011313083,0.2962962962962967,1.2233606186634038,-2.534149843841321,1.7596622789832348,-1.2199335447094035,0.0606453741297639,0.6065002486779413,0.5849974927434216,0.02150275593451967,0.5750202685721765,0.570477326225859,0.004542942346317469,0.5405243883077224,0.570238506168828,0.02971411786110556,0.2615657011313083,0.24318920431412228,0.018376496817186005,0.2962962962962967,0.22485288120042835,0.07144341509586838,2521.0,0.8305866842452209,2542.0,0.8375082399472643,2556.0,0.8421226104152933,773.0,0.2544495715227423,403.0,0.13249835201054713,0.13249835201054713,WACC_0p9_WRT_0p1,0.5794330916282135,1039,False,,,False,False,False,False,False,139.0,0.3612565445026178
IBDD,Electricity,368,0.73,49,0.7142857142857141,0.56512474322221,0,41,718,50,74,244,2,0.31568416087440226,0.413944710732523,0.3670602875911248,0.31568416087440226,0.22270073803295595,0.2592592592592596,1.2233606186634038,-2.534149843841321,1.7596622789832348,-1.2199335447094035,0.0606453741297639,0.413944710732523,0.4302903295478555,0.01634561881533253,0.3670602875911248,0.3814668064422936,0.014406518851168781,0.31568416087440226,0.38748739275276783,0.07180323187836557,0.22270073803295595,0.22733881451141394,0.004638076478457986,0.2592592592592596,0.24689403761676942,0.012365221642490154,669.0,0.22017139090309823,660.0,0.21720500988793673,528.0,0.17369808833223468,404.0,0.13282794990112062,926.0,0.3048780487804878,0.13282794990112062,WACC_0p7_WRT_0p3,0.20975609756097563,1040,False,,,False,False,False,False,False,41.0,0.10471204188481675
IBDD,Electricity,2525,0.74,135,0.7499999999999998,0.3928378085708742,0,121,1683,498,58,121,14,0.5243083269020213,0.5926126429635379,0.5600216544006209,0.5243083269020213,0.1949490672214298,0.22222222222222254,1.2233606186634038,-2.534149843841321,1.7596622789832348,-1.2199335447094035,0.0606453741297639,0.5926126429635379,0.524583625727229,0.06802901723630883,0.5600216544006209,0.4823557096976528,0.07766594470296811,0.5243083269020213,0.4441941486384952,0.08011417826352613,0.1949490672214298,0.24253521560133598,0.047586148379906185,0.22222222222222254,0.2249041607757104,0.0026819385534878615,1894.0,0.6239288068556361,1647.0,0.5425181278839816,1163.0,0.3829927488464074,754.0,0.24818721160184576,404.0,0.13282794990112062,0.13282794990112062,WACC_0p9_WRT_0p1,0.3860909690177983,1041,False,,,False,False,False,False,False,121.0,0.31413612565445026
IBDD,Electricity,2405,0.73,59,0.7142857142857141,0.5337329569329065,0,51,3514,1729,389,188,115,0.35369682415601933,0.44649915577328214,0.4022190882351447,0.35369682415601933,0.22270073803295595,0.2592592592592596,1.2233606186634038,-2.534149843841321,1.7596622789832348,-1.2199335447094035,0.0606453741297639,0.44649915577328214,0.4178592933742882,0.028639862398993965,0.4022190882351447,0.3604504096087998,0.04176867862634487,0.35369682415601933,0.3715900768447328,0.017893252688713446,0.22270073803295595,0.2855789973831786,0.06287825935022265,0.2592592592592596,0.33254880354038346,0.07328954428112389,570.0,0.1875411997363217,534.0,0.17567567567567569,405.0,0.13315754779169414,1742.0,0.5738299274884641,2283.0,0.7521423862887278,0.13315754779169414,WACC_0p5_WRT_0p5,0.3644693473961767,1042,False,,,False,False,False,False,False,51.0,0.13089005235602094
IBDD,Electricity,2462,0.74,71,0.7499999999999998,0.5023411706436027,0,58,3980,1821,898,189,16,0.3917094874376366,0.4790536008140415,0.4373778888791649,0.3917094874376366,0.1838357749346038,0.22222222222222254,1.2233606186634038,-2.534149843841321,1.7596622789832348,-1.2199335447094035,0.0606453741297639,0.4790536008140415,0.5223244047590505,0.043270803945008984,0.4373778888791649,0.49907598206185083,0.06169809318268593,0.3917094874376366,0.4956156545508313,0.10390616711319467,0.1838357749346038,0.2273883843486971,0.04355260941409331,0.22222222222222254,0.22702356154581882,0.0048013393235962765,1863.0,0.6137112722478576,1864.0,0.6140408701384311,1879.0,0.6189848384970337,405.0,0.13315754779169414,444.0,0.14601186552406065,0.13315754779169414,WACC_0p7_WRT_0p3,0.4251812788398155,1043,False,,,False,False,False,False,False,58.0,0.14921465968586387
IBDD,Electricity,2997,0.66,44,0.4642857142857142,0.5832655206981239,0,43,156,1576,417,159,46,0.4377912629450598,0.3951320526093529,0.34674261681810115,0.4377912629450598,0.4947554797214213,0.5185185185185187,1.2233606186634038,-2.534149843841321,1.7596622789832348,-1.2199335447094035,0.0606453741297639,0.3951320526093529,0.3985867815292988,0.0034547289199458597,0.34674261681810115,0.3448751239449589,0.0018674928731422513,0.4377912629450598,0.37175523718950315,0.06603602575555667,0.4947554797214213,0.291981322128641,0.20277415759278034,0.5185185185185187,0.3126400781677227,0.205878440350796,437.0,0.14370468029004616,452.0,0.14864864864864866,406.0,0.13348714568226763,1839.0,0.6058009228740936,2124.0,0.6997363216875412,0.13348714568226763,WACC_0p5_WRT_0p5,0.34627554383651943,1044,False,,,False,False,False,False,False,43.0,0.1099476439790576
IBDD,Electricity,336,0.74,110,0.7499999999999998,0.427811438654111,0,96,2335,2786,528,92,10,0.4819583691188635,0.5563436932475886,0.5208511887073957,0.4819583691188635,0.1838357749346038,0.22222222222222254,1.2233606186634038,-2.534149843841321,1.7596622789832348,-1.2199335447094035,0.0606453741297639,0.5563436932475886,0.5525541458847834,0.0037895473628052345,0.5208511887073957,0.5428594842304005,0.022008295523004873,0.4819583691188635,0.5200131544122829,0.03805478529341938,0.1838357749346038,0.2763782011022448,0.09254242616764102,0.22222222222222254,0.22500277022265575,0.002780548000433203,2232.0,0.7353328938694792,2308.0,0.7603823335530653,2158.0,0.7109426499670403,1578.0,0.51977587343441,406.0,0.13348714568226763,0.13348714568226763,WACC_0p9_WRT_0p1,0.5719841793012526,1045,False,,,False,False,False,False,False,96.0,0.2486910994764398
IBDD,Electricity,1648,0.73,61,0.7142857142857141,0.5280872662717262,0,53,1682,1804,883,180,96,0.3605332537913963,0.4523539460885802,0.40854226177566655,0.3605332537913963,0.22270073803295595,0.2592592592592596,1.2233606186634038,-2.534149843841321,1.7596622789832348,-1.2199335447094035,0.0606453741297639,0.4523539460885802,0.4192095603259801,0.03314438576260009,0.40854226177566655,0.3681309431348701,0.040411318640796445,0.3605332537913963,0.37184653751474783,0.011313283723351553,0.22270073803295595,0.279449050934666,0.056748312901710035,0.2592592592592596,0.3385408692989522,0.07928161003969264,585.0,0.1924851680949242,580.0,0.19083717864205668,407.0,0.13381674357284112,1636.0,0.5388925510876731,2333.0,0.7686222808174028,0.13381674357284112,WACC_0p5_WRT_0p5,0.36493078444297955,1046,False,,,False,False,False,False,False,53.0,0.13612565445026178
IBDD,Electricity,2290,0.73,54,0.7142857142857141,0.5487144138666213,0,46,2629,1159,964,124,44,0.33555561127182615,0.43096283006424446,0.38543985646938406,0.33555561127182615,0.22270073803295595,0.2592592592592596,1.2233606186634038,-2.534149843841321,1.7596622789832348,-1.2199335447094035,0.0606453741297639,0.43096283006424446,0.44589868197083365,0.014935851906589193,0.38543985646938406,0.38948195617688397,0.004042099707499913,0.33555561127182615,0.38089750204899614,0.04534189077716999,0.22270073803295595,0.22755342919583654,0.00485269116288059,0.2592592592592596,0.2600781351543351,0.0008188758950755104,819.0,0.26961107448912325,713.0,0.23467369808833224,475.0,0.15622940013183917,408.0,0.13414634146341464,1258.0,0.41430454845088993,0.13414634146341464,WACC_0p7_WRT_0p3,0.24179301252471985,1047,False,,,False,False,False,False,False,46.0,0.11780104712041885
IBDD,Electricity,1857,0.73,68,0.7142857142857141,0.5096690058370015,0,60,4731,1284,412,190,95,0.38283613027271596,0.47145436431718357,0.4291707134625583,0.38283613027271596,0.22270073803295595,0.2592592592592596,1.2233606186634038,-2.534149843841321,1.7596622789832348,-1.2199335447094035,0.0606453741297639,0.47145436431718357,0.4159735940404831,0.05548077027670045,0.4291707134625583,0.3759050059598499,0.053265707502708426,0.38283613027271596,0.3719690653300894,0.01086706494262657,0.22270073803295595,0.249311125925135,0.026610387892179038,0.2592592592592596,0.28662935097177195,0.027370091712512368,555.0,0.1825972313777192,627.0,0.2063282794990112,408.0,0.13414634146341464,951.0,0.3131179960448253,1807.0,0.5952537903757416,0.13414634146341464,WACC_0p5_WRT_0p5,0.28628872775214237,1048,False,,,False,False,False,False,False,60.0,0.1544502617801047
IBDD,Electricity,2624,0.73,68,0.7142857142857141,0.5096690058370015,0,60,874,2070,160,191,108,0.38283613027271596,0.47145436431718357,0.4291707134625583,0.38283613027271596,0.22270073803295595,0.2592592592592596,1.2233606186634038,-2.534149843841321,1.7596622789832348,-1.2199335447094035,0.0606453741297639,0.47145436431718357,0.41146970866542343,0.059984655651760144,0.4291707134625583,0.36556802169956853,0.06360269176298977,0.38283613027271596,0.3722378038939256,0.01059832637879038,0.22270073803295595,0.275596133654277,0.052895395621321034,0.2592592592592596,0.3309187728078426,0.07165951354858302,517.0,0.17007251153592617,568.0,0.18688200395517468,409.0,0.13447593935398813,1560.0,0.513843111404087,2275.0,0.7495056031641397,0.13447593935398813,WACC_0p5_WRT_0p5,0.3509558338826631,1049,False,,,False,False,False,False,False,60.0,0.1544502617801047
IBDD,Electricity,2090,0.7,52,0.6071428571428569,0.5550921110787378,0,50,4323,1811,661,182,159,0.32783278675964167,0.42434892184427186,0.3782968355918136,0.32783278675964167,0.33929562732801266,0.37037037037037074,1.2233606186634038,-2.534149843841321,1.7596622789832348,-1.2199335447094035,0.0606453741297639,0.42434892184427186,0.39438061244694994,0.029968309397321924,0.3782968355918136,0.33918624909126754,0.03911058650054605,0.32783278675964167,0.3954461361308757,0.06761334937123403,0.33929562732801266,0.3546798531280978,0.015384225800085138,0.37037037037037074,0.3906528419063242,0.020282471535953472,409.0,0.13447593935398813,421.0,0.13843111404087013,627.0,0.2063282794990112,2554.0,0.8414634146341463,2657.0,0.8754119973632168,0.13447593935398813,WACC_0p1_WRT_0p9,0.43922214897824646,1050,False,,,False,False,False,False,False,50.0,0.12827225130890052
IBDD,Electricity,1598,0.73,116,0.7142857142857141,0.4187473386096327,0,108,1551,3773,314,232,12,0.4929341887095774,0.5657435007011216,0.5310029807572112,0.4929341887095774,0.22270073803295595,0.2592592592592596,1.2233606186634038,-2.534149843841321,1.7596622789832348,-1.2199335447094035,0.0606453741297639,0.5657435007011216,0.5426160001970372,0.02312750050408441,0.5310029807572112,0.5308820598166822,0.00012092094052895686,0.4929341887095774,0.5288957943359633,0.03596160562638595,0.22270073803295595,0.22758676298162206,0.004886024948666107,0.2592592592592596,0.23438736348512446,0.024871895774135122,2128.0,0.7010547132498351,2194.0,0.7228081740276863,2225.0,0.7330257086354647,409.0,0.13447593935398813,615.0,0.2023731048121292,0.13447593935398813,WACC_0p7_WRT_0p3,0.4987475280158207,1051,False,,,False,False,False,False,False,108.0,0.2801047120418848
IBDD,Electricity,2541,0.71,64,0.6428571428571426,0.5199513525110855,0,61,41,2370,250,240,234,0.3703851222840437,0.4607911899885039,0.41765448518758413,0.3703851222840437,0.3004306642296604,0.3333333333333337,1.2233606186634038,-2.534149843841321,1.7596622789832348,-1.2199335447094035,0.0606453741297639,0.4607911899885039,0.3985269714223457,0.06226421856615816,0.41765448518758413,0.33625808673849306,0.08139639844909108,0.3703851222840437,0.49431445241383065,0.12392933012978696,0.3004306642296604,0.5343617717609492,0.23393110753128882,0.3333333333333337,0.5736861248218239,0.2403527914884902,436.0,0.14337508239947264,409.0,0.13447593935398813,1865.0,0.6143704680290046,3035.0,1.0,3034.0,0.9996704021094265,0.13447593935398813,WACC_0p3_WRT_0p7,0.5783783783783785,1052,False,,,False,False,False,False,False,61.0,0.15706806282722513
IBDD,Electricity,479,0.74,284,0.7499999999999998,0.2654545168095396,0,226,3833,4851,937,168,6,0.6785581721578017,0.7247138344197367,0.7026909411733158,0.6785581721578017,0.2543580304252406,0.22222222222222254,1.2233606186634038,-2.534149843841321,1.7596622789832348,-1.2199335447094035,0.0606453741297639,0.7247138344197367,0.5859124203930881,0.13880141402664858,0.7026909411733158,0.5842947644448664,0.11839617672844938,0.6785581721578017,0.5852277777659247,0.09333039439187696,0.2543580304252406,0.2647821636870061,0.0104241332617655,0.22222222222222254,0.22514543779107293,0.0029232155688503902,2529.0,0.8332234673698088,2633.0,0.8675016479894528,2652.0,0.8737640079103494,1340.0,0.44133157547791696,409.0,0.13447593935398813,0.13447593935398813,WACC_0p9_WRT_0p1,0.6300593276203031,1053,False,,,False,False,False,False,False,226.0,0.5890052356020943
IBDD,Electricity,1655,0.73,75,0.7142857142857141,0.4930319771219003,0,67,3141,2543,640,184,37,0.4029820934468227,0.48870757928099223,0.44780418562347163,0.4029820934468227,0.22270073803295595,0.2592592592592596,1.2233606186634038,-2.534149843841321,1.7596622789832348,-1.2199335447094035,0.0606453741297639,0.48870757928099223,0.4718260992424456,0.016881480038546615,0.44780418562347163,0.4474303064934548,0.000373879130016852,0.4029820934468227,0.44379372593434446,0.04081163248752179,0.22270073803295595,0.22763825597509077,0.004937517942134817,0.2592592592592596,0.23975872424732828,0.019500535011931303,1106.0,0.3642056690837179,1206.0,0.3971654581410679,1158.0,0.3813447593935399,410.0,0.13480553724456162,754.0,0.24818721160184576,0.13480553724456162,WACC_0p7_WRT_0p3,0.3051417270929466,1054,False,,,False,False,False,False,False,67.0,0.17277486910994763
IBDD,Electricity,796,0.73,210,0.7142857142857141,0.3172166108745206,0,194,3309,109,632,138,2,0.6158788765512958,0.6710346257597564,0.6447173958205369,0.6158788765512958,0.23021724791649353,0.2592592592592596,1.2233606186634038,-2.534149843841321,1.7596622789832348,-1.2199335447094035,0.0606453741297639,0.6710346257597564,0.6061530075508071,0.06488161820894922,0.6447173958205369,0.5686253554839189,0.07609204033661798,0.6158788765512958,0.5265405964600451,0.08933828009125067,0.23021724791649353,0.24301349600550337,0.012796248089009837,0.2592592592592596,0.22518837549315762,0.034070883766101956,2676.0,0.8816743572841134,2523.0,0.8312458800263678,2206.0,0.7267633487145683,766.0,0.25214238628872776,411.0,0.13513513513513514,0.13513513513513514,WACC_0p9_WRT_0p1,0.5653922214897824,1055,False,,,False,False,False,False,False,194.0,0.5052356020942408
IBDD,Electricity,329,0.71,45,0.6428571428571426,0.5794812334491506,0,42,199,1458,292,241,3,0.29829972712879943,0.3990564986453253,0.35098101853695124,0.29829972712879943,0.3004306642296604,0.3333333333333337,1.2233606186634038,-2.534149843841321,1.7596622789832348,-1.2199335447094035,0.0606453741297639,0.3990564986453253,0.40650168873778525,0.0074451900924599745,0.35098101853695124,0.35414155206769143,0.003160533530740195,0.29829972712879943,0.37235616601410826,0.07405643888530883,0.3004306642296604,0.2646824548403844,0.03574820938927603,0.3333333333333337,0.28867360988001683,0.04465972345331687,481.0,0.15820698747528017,496.0,0.16315095583388267,412.0,0.13546473302570863,1336.0,0.44001318391562294,1837.0,0.6051417270929466,0.13546473302570863,WACC_0p5_WRT_0p5,0.3003955174686882,1056,False,,,False,False,False,False,False,42.0,0.10732984293193717
IBDD,Electricity,2697,0.7,38,0.6071428571428569,0.6079043575991482,0,36,2186,1267,427,178,15,0.26480395923584765,0.3695806661934759,0.31914711948895397,0.26480395923584765,0.33929562732801266,0.37037037037037074,1.2233606186634038,-2.534149843841321,1.7596622789832348,-1.2199335447094035,0.0606453741297639,0.3695806661934759,0.4391580417099996,0.06957737551652371,0.31914711948895397,0.3844691222747707,0.06532200278581674,0.26480395923584765,0.3899954326857517,0.12519147344990406,0.33929562732801266,0.22790249046663064,0.11139313686138202,0.37037037037037074,0.2471649485802346,0.12320542179013613,743.0,0.24456163480553725,690.0,0.22709294660514173,563.0,0.1852340145023072,413.0,0.13579433091628212,941.0,0.3098220171390903,0.13579433091628212,WACC_0p7_WRT_0p3,0.22050098879367175,1057,False,,,False,False,False,False,False,36.0,0.09162303664921466
IBDD,Electricity,1664,0.71,47,0.6428571428571426,0.5721533982557516,0,44,3668,1807,462,216,155,0.30717308429372037,0.40665573514218345,0.35918819395355817,0.30717308429372037,0.3004306642296604,0.3333333333333337,1.2233606186634038,-2.534149843841321,1.7596622789832348,-1.2199335447094035,0.0606453741297639,0.40665573514218345,0.4050545364830548,0.0016011986591286664,0.35918819395355817,0.3367494744469081,0.02243871950665005,0.30717308429372037,0.38968003672162266,0.08250695242790229,0.3004306642296604,0.35356310386811673,0.05313243963845632,0.3333333333333337,0.3781343396971109,0.04480100636377721,473.0,0.15557020435069216,413.0,0.13579433091628212,556.0,0.18292682926829268,2547.0,0.8391562294001318,2599.0,0.8562953197099539,0.13579433091628212,WACC_0p3_WRT_0p7,0.4339485827290705,1058,False,,,False,False,False,False,False,44.0,0.112565445026178
IBDD,Electricity,1353,0.73,75,0.7142857142857141,0.4930319771219003,0,67,1446,224,878,89,59,0.4029820934468227,0.48870757928099223,0.44780418562347163,0.4029820934468227,0.22270073803295595,0.2592592592592596,1.2233606186634038,-2.534149843841321,1.7596622789832348,-1.2199335447094035,0.0606453741297639,0.48870757928099223,0.4264785034277299,0.06222907585326232,0.44780418562347163,0.33743667826192836,0.11036750736154327,0.4029820934468227,0.37421788316695814,0.028764210279864533,0.22270073803295595,0.26233971433786596,0.039638976304910006,0.2592592592592596,0.26182223777134045,0.0025629785120808712,643.0,0.21160184574818722,414.0,0.13612392880685564,428.0,0.14073829927488465,1287.0,0.4238628872775214,1296.0,0.4268292682926829,0.13612392880685564,WACC_0p3_WRT_0p7,0.2678312458800264,1059,False,,,False,False,False,False,False,67.0,0.17277486910994763
IBDD,Electricity,659,0.74,90,0.7499999999999998,0.462018189093476,0,77,424,2796,76,164,7,0.4405370344287458,0.5208700261252841,0.48253962821530677,0.4405370344287458,0.1838357749346038,0.22222222222222254,1.2233606186634038,-2.534149843841321,1.7596622789832348,-1.2199335447094035,0.0606453741297639,0.5208700261252841,0.505511633035868,0.015358393089416111,0.48253962821530677,0.4748879432858361,0.007651684929470659,0.4405370344287458,0.4632317476186761,0.02269471318993027,0.1838357749346038,0.2279065600294606,0.04407078509485682,0.22222222222222254,0.2264354831031701,0.004213260880947561,1605.0,0.5286750164798946,1544.0,0.508569545154911,1410.0,0.464403427818062,414.0,0.13612392880685564,432.0,0.14205669083717865,0.13612392880685564,WACC_0p7_WRT_0p3,0.3559657218193804,1060,False,,,False,False,False,False,False,77.0,0.19895287958115182
IBDD,Electricity,1945,0.72,50,0.6785714285714283,0.5617151637134581,0,43,3801,1538,275,151,145,0.31981285863641046,0.4174805709638212,0.3708790166409269,0.31981285863641046,0.2615657011313083,0.2962962962962967,1.2233606186634038,-2.534149843841321,1.7596622789832348,-1.2199335447094035,0.0606453741297639,0.4174805709638212,0.4006392327566044,0.016841338207216783,0.3708790166409269,0.33749243794037154,0.033386578700555336,0.31981285863641046,0.37249345030649156,0.0526805916700811,0.2615657011313083,0.3308595822848481,0.0692938811535398,0.2962962962962967,0.37015515840778523,0.07385886211148851,446.0,0.14667106130520766,416.0,0.13678312458800262,414.0,0.13612392880685564,2332.0,0.7682926829268293,2550.0,0.8401450230718523,0.13612392880685564,WACC_0p5_WRT_0p5,0.4056031641397495,1061,False,,,False,False,False,False,False,43.0,0.1099476439790576
IBDD,Electricity,889,0.74,213,0.7499999999999998,0.3147858203079183,0,190,2650,4975,305,172,5,0.6188223478932839,0.6735554456066032,0.6474398812551314,0.6188223478932839,0.23135091894454338,0.22222222222222254,1.2233606186634038,-2.534149843841321,1.7596622789832348,-1.2199335447094035,0.0606453741297639,0.6735554456066032,0.5739229421566857,0.09963250344991748,0.6474398812551314,0.5644456418394408,0.08299423941569062,0.6188223478932839,0.5572699925430683,0.06155235535021564,0.23135091894454338,0.25942115321312625,0.028070234268582878,0.22222222222222254,0.22540792500459964,0.0031857027823770923,2427.0,0.7996044825313118,2491.0,0.8206987475280159,2469.0,0.8134475939353988,1211.0,0.3988134475939354,415.0,0.13645352669742913,0.13645352669742913,WACC_0p9_WRT_0p1,0.5938035596572182,1062,False,,,False,False,False,False,False,190.0,0.49476439790575916
IBDD,Electricity,2727,0.73,60,0.7142857142857141,0.5308869724893325,0,52,3710,466,211,118,54,0.3571430583830649,0.44945054704809956,0.4054065908119476,0.3571430583830649,0.22270073803295595,0.2592592592592596,1.2233606186634038,-2.534149843841321,1.7596622789832348,-1.2199335447094035,0.0606453741297639,0.44945054704809956,0.436720131058462,0.012730415989637534,0.4054065908119476,0.38170892615330976,0.023697664658637818,0.3571430583830649,0.37271808205566653,0.015575023672601607,0.22270073803295595,0.23313026069692944,0.010429522663973484,0.2592592592592596,0.26021936337781154,0.0009601041185519632,721.0,0.23731048121292023,664.0,0.21852340145023072,416.0,0.13678312458800262,533.0,0.17534607778510217,1260.0,0.4149637442320369,0.13678312458800262,WACC_0p5_WRT_0p5,0.23658536585365852,1063,False,,,False,False,False,False,False,52.0,0.13350785340314136
IBDD,Electricity,395,0.74,117,0.7499999999999998,0.4172819839037627,0,103,181,2685,934,105,2,0.49470860302639985,0.5672631278035053,0.5326441780277857,0.49470860302639985,0.1838357749346038,0.22222222222222254,1.2233606186634038,-2.534149843841321,1.7596622789832348,-1.2199335447094035,0.0606453741297639,0.5672631278035053,0.505288554109206,0.06197457369429926,0.5326441780277857,0.4773148662624257,0.055329311765360045,0.49470860302639985,0.4527098655495128,0.04199873747688704,0.1838357749346038,0.2470562019744201,0.06322042703981631,0.22222222222222254,0.2255521714492951,0.003329949227072554,1599.0,0.5266974291364536,1588.0,0.523071852340145,1268.0,0.4176005273566249,887.0,0.2920237310481213,416.0,0.13678312458800262,0.13678312458800262,WACC_0p9_WRT_0p1,0.37923533289386946,1064,False,,,False,False,False,False,False,103.0,0.2670157068062827
IBDD,Electricity,1488,0.73,92,0.7142857142857141,0.4582750386595772,0,84,1650,2592,85,221,27,0.4450696569353127,0.5247518117604384,0.48673195670127345,0.4450696569353127,0.22270073803295595,0.2592592592592596,1.2233606186634038,-2.534149843841321,1.7596622789832348,-1.2199335447094035,0.0606453741297639,0.5247518117604384,0.4882840093146942,0.03646780244574421,0.48673195670127345,0.462230745924693,0.024501210776580462,0.4450696569353127,0.4484847319635505,0.0034150750282377906,0.22270073803295595,0.22810468524198366,0.005403947209027704,0.2592592592592596,0.24560796091053078,0.013651298348728802,1330.0,0.43803559657218194,1387.0,0.45682267633487145,1210.0,0.3984838497033619,417.0,0.13711272247857614,899.0,0.2959789057350033,0.13711272247857614,WACC_0p7_WRT_0p3,0.34528675016479893,1065,False,,,False,False,False,False,False,84.0,0.21727748691099477
IBDD,Electricity,2968,0.69,53,0.5714285714285711,0.5518737344088203,0,52,2107,1964,933,172,138,0.33172995487678936,0.4276864976501123,0.38190141746212125,0.33172995487678936,0.3781605904263649,0.4074074074074079,1.2233606186634038,-2.534149843841321,1.7596622789832348,-1.2199335447094035,0.0606453741297639,0.4276864976501123,0.3957851494900297,0.03190134816008261,0.38190141746212125,0.34057782933263336,0.04132358812948789,0.33172995487678936,0.399595872808952,0.06786591793216262,0.3781605904263649,0.3690759297590822,0.009084660667282696,0.4074074074074079,0.43296546470324265,0.02555805729583477,417.0,0.13711272247857614,429.0,0.14106789716545814,673.0,0.22148978246539222,2673.0,0.8806855636123929,2806.0,0.9245220830586685,0.13711272247857614,WACC_0p1_WRT_0p9,0.4609756097560975,1066,False,,,False,False,False,False,False,52.0,0.13350785340314136
IBDD,Electricity,1950,0.72,69,0.6785714285714283,0.5071915798046006,0,62,2654,2068,674,135,49,0.3858360730191042,0.47402354686930304,0.4319454306188472,0.3858360730191042,0.2615657011313083,0.2962962962962967,1.2233606186634038,-2.534149843841321,1.7596622789832348,-1.2199335447094035,0.0606453741297639,0.47402354686930304,0.45347226087064835,0.02055128599865469,0.4319454306188472,0.4156149915486246,0.016330439070222635,0.3858360730191042,0.4173127364234864,0.031476663404382155,0.2615657011313083,0.22815071665919476,0.033414984472113524,0.2962962962962967,0.2638764177296706,0.03241987856662615,894.0,0.2943309162821358,909.0,0.2992748846407383,839.0,0.2762030323005933,418.0,0.13744232036914963,1353.0,0.4456163480553724,0.13744232036914963,WACC_0p7_WRT_0p3,0.29057350032959794,1067,False,,,False,False,False,False,False,62.0,0.15968586387434555
IBDD,Electricity,1150,0.73,151,0.7142857142857141,0.3736871857445338,0,143,2761,3883,400,137,5,0.5474980291515862,0.6124725481167796,0.5814703519661221,0.5474980291515862,0.22270073803295595,0.2592592592592596,1.2233606186634038,-2.534149843841321,1.7596622789832348,-1.2199335447094035,0.0606453741297639,0.6124725481167796,0.5738066685076205,0.038665879609159126,0.5814703519661221,0.5610412918482243,0.0204290601178978,0.5474980291515862,0.554908226557497,0.007410197405910868,0.22270073803295595,0.2637225638348401,0.041021825801884154,0.2592592592592596,0.22563361055873907,0.03362564870052051,2425.0,0.7989452867501649,2463.0,0.8114700065919578,2456.0,0.8091628213579433,1317.0,0.4337508239947264,418.0,0.13744232036914963,0.13744232036914963,WACC_0p9_WRT_0p1,0.5981542518127884,1068,False,,,False,False,False,False,False,143.0,0.3717277486910995
IBDD,Electricity,1146,0.73,59,0.7142857142857141,0.5337329569329065,0,51,545,1978,497,176,28,0.35369682415601933,0.44649915577328214,0.4022190882351447,0.35369682415601933,0.22270073803295595,0.2592592592592596,1.2233606186634038,-2.534149843841321,1.7596622789832348,-1.2199335447094035,0.0606453741297639,0.44649915577328214,0.4409663459220736,0.00553280985120852,0.4022190882351447,0.40486078133704223,0.0026416931018975465,0.35369682415601933,0.3995350160065884,0.04583819185056909,0.22270073803295595,0.2281520039991903,0.005451265966234353,0.2592592592592596,0.25655856494091656,0.002700694318343022,762.0,0.25082399472643374,826.0,0.27191825972313777,672.0,0.22116018457481873,419.0,0.13777191825972313,1176.0,0.3872775214238629,0.13777191825972313,WACC_0p7_WRT_0p3,0.25379037574159524,1069,False,,,False,False,False,False,False,51.0,0.13089005235602094
IBDD,Electricity,1727,0.71,54,0.6428571428571426,0.5487144138666213,0,51,4066,2099,536,245,182,0.33555561127182615,0.43096283006424446,0.38543985646938406,0.33555561127182615,0.3004306642296604,0.3333333333333337,1.2233606186634038,-2.534149843841321,1.7596622789832348,-1.2199335447094035,0.0606453741297639,0.43096283006424446,0.3960071936207982,0.034955636443446236,0.38543985646938406,0.34907097906752366,0.0363688774018604,0.33555561127182615,0.41751760030111823,0.08196198902929208,0.3004306642296604,0.40370408766967764,0.10327342344001722,0.3333333333333337,0.43933884916057364,0.10600551582723994,419.0,0.13777191825972313,477.0,0.15688859591298615,843.0,0.27752142386288725,2845.0,0.9373764007910349,2828.0,0.9317732366512854,0.13777191825972313,WACC_0p1_WRT_0p9,0.4882663150955834,1070,False,,,False,False,False,False,False,51.0,0.13089005235602094
IBDD,Electricity,2516,0.7,54,0.6071428571428569,0.5487144138666213,0,52,1330,1948,302,161,123,0.33555561127182615,0.43096283006424446,0.38543985646938406,0.33555561127182615,0.33929562732801266,0.37037037037037074,1.2233606186634038,-2.534149843841321,1.7596622789832348,-1.2199335447094035,0.0606453741297639,0.43096283006424446,0.4127410806329322,0.018221749431312273,0.38543985646938406,0.355365564871902,0.03007429159748204,0.33555561127182615,0.37323037731154085,0.0376747660397147,0.33929562732801266,0.3100355291684569,0.02926009815955577,0.37037037037037074,0.3523973224440216,0.01797304792634913,522.0,0.17172050098879368,502.0,0.16512854317732367,420.0,0.13810151615029664,2096.0,0.6905075807514832,2433.0,0.8015820698747528,0.13810151615029664,WACC_0p5_WRT_0p5,0.39340804218853,1071,False,,,False,False,False,False,False,52.0,0.13350785340314136
IBDD,Electricity,57,0.69,4,0.5714285714285711,0.9615795586771548,0,4,1,1,597,35,9,0.3080507851631509,0.01234567901234569,0.08571428571428578,0.3080507851631509,0.3781605904263649,0.4074074074074079,1.2233606186634038,-2.534149843841321,1.7596622789832348,-1.2199335447094035,0.0606453741297639,0.01234567901234569,0.40242996662880837,0.3900842876164627,0.08571428571428578,0.3387667452972618,0.253052459582976,0.3080507851631509,0.4357603502906553,0.12770956512750442,0.3781605904263649,0.3491418833424217,0.029018707083943218,0.4074074074074079,0.35695377065019207,0.050453636757215814,456.0,0.14996704021094265,420.0,0.13810151615029664,1059.0,0.34871456822676333,2503.0,0.8246539222148979,2461.0,0.8108108108108109,0.13810151615029664,WACC_0p3_WRT_0p7,0.45444957152274223,1072,False,,,False,False,False,False,False,4.0,0.007853403141361256
IBDD,Electricity,880,0.74,226,0.7499999999999998,0.3046317863341556,0,199,591,4502,804,153,2,0.6311179806055346,0.6840855549127274,0.6588123993057456,0.6311179806055346,0.2360865528128198,0.22222222222222254,1.2233606186634038,-2.534149843841321,1.7596622789832348,-1.2199335447094035,0.0606453741297639,0.6840855549127274,0.5566576066538297,0.1274279482588977,0.6588123993057456,0.539529063567,0.11928333573874561,0.6311179806055346,0.5407539795589078,0.09036400104662679,0.2360865528128198,0.24984813842712802,0.013761585614308236,0.22222222222222254,0.22573310112773626,0.0035108789055137146,2265.0,0.7462096242584048,2282.0,0.7518127883981542,2330.0,0.7676334871456822,965.0,0.3177323665128543,420.0,0.13810151615029664,0.13810151615029664,WACC_0p9_WRT_0p1,0.5442979564930784,1073,False,,,False,False,False,False,False,199.0,0.518324607329843
IBDD,Electricity,2536,0.73,70,0.7142857142857141,0.5047492957538864,0,62,3318,1942,848,196,128,0.3887934619488797,0.4765562858848585,0.4346807887556472,0.3887934619488797,0.22270073803295595,0.2592592592592596,1.2233606186634038,-2.534149843841321,1.7596622789832348,-1.2199335447094035,0.0606453741297639,0.4765562858848585,0.4138739362213698,0.06268234966348868,0.4346807887556472,0.36317208034909837,0.07150870840654883,0.3887934619488797,0.3733793786492753,0.01541408329960442,0.22270073803295595,0.29572183970282667,0.07302110166987072,0.2592592592592596,0.3502618351134497,0.09100257585419014,533.0,0.17534607778510217,553.0,0.18193803559657218,421.0,0.13843111404087013,1887.0,0.6216216216216216,2415.0,0.7956493078444298,0.13843111404087013,WACC_0p5_WRT_0p5,0.38259723137771917,1074,False,,,False,False,False,False,False,62.0,0.15968586387434555
IBDD,Electricity,1504,0.71,58,0.6428571428571426,0.5366267752811291,0,55,3555,2215,213,228,176,0.35019266732163634,0.4434981589677179,0.3989780116851353,0.35019266732163634,0.3004306642296604,0.3333333333333337,1.2233606186634038,-2.534149843841321,1.7596622789832348,-1.2199335447094035,0.0606453741297639,0.4434981589677179,0.3960938542259509,0.04740430474176699,0.3989780116851353,0.3513557929848027,0.04762221870033262,0.35019266732163634,0.41317101275736623,0.06297834543572989,0.3004306642296604,0.3884927388944628,0.08806207466480237,0.3333333333333337,0.42565419594648735,0.09232086261315364,421.0,0.13843111404087013,490.0,0.16117336849044167,804.0,0.26466710613052075,2784.0,0.9172709294660514,2784.0,0.9172709294660514,0.13843111404087013,WACC_0p1_WRT_0p9,0.4797626895187871,1075,False,,,False,False,False,False,False,55.0,0.14136125654450263
IBDD,Electricity,2882,0.73,187,0.7142857142857141,0.3370887523094868,0,173,2671,4238,270,114,4,0.5918154793909554,0.6504264790864582,0.6224605974133748,0.5918154793909554,0.22270073803295595,0.2592592592592596,1.2233606186634038,-2.534149843841321,1.7596622789832348,-1.2199335447094035,0.0606453741297639,0.6504264790864582,0.598172881251643,0.0522535978348152,0.6224605974133748,0.5859173797447996,0.036543217668575156,0.5918154793909554,0.5806857977115514,0.01112968167940398,0.22270073803295595,0.2827422428804244,0.060041504847468424,0.2592592592592596,0.22579142151975973,0.03346783773949985,2621.0,0.8635464733025708,2640.0,0.8698088332234674,2620.0,0.8632168754119973,1695.0,0.5583388266315096,422.0,0.13876071193144363,0.13876071193144363,WACC_0p9_WRT_0p1,0.6587343441001977,1076,False,,,False,False,False,False,False,173.0,0.450261780104712
IBDD,Electricity,2556,0.73,191,0.7142857142857141,0.3334638155010188,0,176,1054,4776,601,150,5,0.5962049557032475,0.6541856728137583,0.6265205266388589,0.5962049557032475,0.22270073803295595,0.2592592592592596,1.2233606186634038,-2.534149843841321,1.7596622789832348,-1.2199335447094035,0.0606453741297639,0.6541856728137583,0.5844641821720427,0.06972149064171562,0.6265205266388589,0.5715456874963044,0.05497483914255452,0.5962049557032475,0.5594537070317366,0.03675124867151092,0.22270073803295595,0.27469347779073755,0.0519927397577816,0.2592592592592596,0.22588804615410596,0.03337121310515362,2518.0,0.8295978905735003,2553.0,0.8411338167435728,2485.0,0.8187211601845749,1541.0,0.5075807514831905,423.0,0.13909030982201714,0.13909030982201714,WACC_0p9_WRT_0p1,0.6272247857613712,1077,False,,,False,False,False,False,False,176.0,0.4581151832460733
IBDD,Electricity,1363,0.73,121,0.7142857142857141,0.411542181111966,0,113,811,4281,934,249,5,0.5016589940878285,0.5732155158838871,0.5390727571545981,0.5016589940878285,0.22270073803295595,0.2592592592592596,1.2233606186634038,-2.534149843841321,1.7596622789832348,-1.2199335447094035,0.0606453741297639,0.5732155158838871,0.5481650541798037,0.025050461704083427,0.5390727571545981,0.5259654218719549,0.013107335282643184,0.5016589940878285,0.5253133042182058,0.02365431013037722,0.22270073803295595,0.23699249804671416,0.014291760013758203,0.2592592592592596,0.22600817986397218,0.0332510793952874,2180.0,0.7181938035596572,2149.0,0.7079762689518787,2200.0,0.7247857613711273,622.0,0.20468029004614371,424.0,0.13941990771259063,0.13941990771259063,WACC_0p9_WRT_0p1,0.4990112063282795,1078,False,,,False,False,False,False,False,113.0,0.2931937172774869
IBDD,Electricity,2125,0.73,58,0.7142857142857141,0.5366267752811291,0,50,2605,1758,890,128,69,0.35019266732163634,0.4434981589677179,0.3989780116851353,0.35019266732163634,0.22270073803295595,0.2592592592592596,1.2233606186634038,-2.534149843841321,1.7596622789832348,-1.2199335447094035,0.0606453741297639,0.4434981589677179,0.4308993713732274,0.012598787594490457,0.3989780116851353,0.39216077229567947,0.006817239389455831,0.35019266732163634,0.37393758064893956,0.02374491332730322,0.22270073803295595,0.24401891712901155,0.0213181790960556,0.2592592592592596,0.290844987551042,0.03158572829178241,675.0,0.22214897824653923,730.0,0.24027686222808173,425.0,0.13974950560316415,798.0,0.26268951878707975,1872.0,0.6166776532630192,0.13974950560316415,WACC_0p5_WRT_0p5,0.2963085036255768,1079,False,,,False,False,False,False,False,50.0,0.12827225130890052
IBDD,Electricity,1393,0.72,176,0.6785714285714283,0.3474697562916138,0,164,1188,2792,443,127,9,0.5792450061703162,0.6396609934753635,0.6108338729533925,0.5792450061703162,0.2615657011313083,0.2962962962962967,1.2233606186634038,-2.534149843841321,1.7596622789832348,-1.2199335447094035,0.0606453741297639,0.6396609934753635,0.5594428050604906,0.08021818841487294,0.6108338729533925,0.5469820727027945,0.063851800250598,0.5792450061703162,0.5323348245480282,0.046910181622287994,0.2615657011313083,0.26121354148165754,0.00035215964965074065,0.2962962962962967,0.22603785468926177,0.07025844160703495,2299.0,0.7574159525379037,2342.0,0.7715886618325642,2251.0,0.7415952537903757,1260.0,0.4149637442320369,425.0,0.13974950560316415,0.13974950560316415,WACC_0p9_WRT_0p1,0.565062623599209,1080,False,,,False,False,False,False,False,164.0,0.42670157068062825
IBDD,Electricity,1558,0.71,58,0.6428571428571426,0.5366267752811291,0,55,1990,2167,344,167,159,0.35019266732163634,0.4434981589677179,0.3989780116851353,0.35019266732163634,0.3004306642296604,0.3333333333333337,1.2233606186634038,-2.534149843841321,1.7596622789832348,-1.2199335447094035,0.0606453741297639,0.4434981589677179,0.39650806202276667,0.04699009694495121,0.3989780116851353,0.3467186858787807,0.05225932580635462,0.35019266732163634,0.4135623694749631,0.06336970215332677,0.3004306642296604,0.3965838634370702,0.09615319920740978,0.3333333333333337,0.4271977960633566,0.09386446273002291,426.0,0.14007910349373764,462.0,0.15194462755438365,807.0,0.26565589980224125,2818.0,0.9284772577455505,2792.0,0.9199077125906394,0.14007910349373764,WACC_0p1_WRT_0p9,0.48121292023731055,1081,False,,,False,False,False,False,False,55.0,0.14136125654450263
IBDD,Electricity,543,0.73,117,0.7142857142857141,0.4172819839037627,0,109,2428,1658,924,75,3,0.49470860302639985,0.5672631278035053,0.5326441780277857,0.49470860302639985,0.22270073803295595,0.2592592592592596,1.2233606186634038,-2.534149843841321,1.7596622789832348,-1.2199335447094035,0.0606453741297639,0.5672631278035053,0.5752282442234947,0.007965116419989426,0.5326441780277857,0.5566241207397892,0.023979942712003433,0.49470860302639985,0.5252928703964476,0.030584267370047713,0.22270073803295595,0.2822952031046295,0.05959446507167357,0.2592592592592596,0.2260477542366643,0.03321150502259529,2434.0,0.8019116677653263,2430.0,0.8005932762030323,2199.0,0.7244561634805537,1682.0,0.5540540540540541,426.0,0.14007910349373764,0.14007910349373764,WACC_0p9_WRT_0p1,0.6042188529993409,1082,False,,,False,False,False,False,False,109.0,0.28272251308900526
IBDD,Electricity,842,0.73,99,0.7142857142857141,0.4457799518448435,0,91,1975,1755,980,203,2,0.46020009657916583,0.5377096795683104,0.5007264539337751,0.46020009657916583,0.22270073803295595,0.2592592592592596,1.2233606186634038,-2.534149843841321,1.7596622789832348,-1.2199335447094035,0.0606453741297639,0.5377096795683104,0.5049470531099755,0.03276262645833494,0.5007264539337751,0.4601107516608935,0.04061570227288164,0.46020009657916583,0.44570290796435585,0.014497188614809975,0.22270073803295595,0.2284677492750609,0.005767011242104936,0.2592592592592596,0.2296609467604315,0.029598312498828078,1587.0,0.5227422544495716,1356.0,0.4466051417270929,1178.0,0.3879367172050099,427.0,0.14040870138431114,492.0,0.16183256427158865,0.14040870138431114,WACC_0p7_WRT_0p3,0.3319050758075148,1083,False,,,False,False,False,False,False,91.0,0.2356020942408377
IBDD,Electricity,2909,0.69,52,0.5714285714285711,0.5550921110787378,0,51,2225,1863,335,212,121,0.32783278675964167,0.42434892184427186,0.3782968355918136,0.32783278675964167,0.3781605904263649,0.4074074074074079,1.2233606186634038,-2.534149843841321,1.7596622789832348,-1.2199335447094035,0.0606453741297639,0.42434892184427186,0.4020988109035092,0.02225011094076268,0.3782968355918136,0.34189832906142886,0.03639850653038473,0.32783278675964167,0.3741090351147351,0.04627624835509342,0.3781605904263649,0.32198421695503254,0.056176373471332364,0.4074074074074079,0.3751817105561139,0.032225696851294006,453.0,0.14897824653922215,433.0,0.14238628872775214,427.0,0.14040870138431114,2220.0,0.7313777191825972,2582.0,0.8506921555702044,0.14040870138431114,WACC_0p5_WRT_0p5,0.4027686222808174,1084,False,,,False,False,False,False,False,51.0,0.13089005235602094
IBDD,Electricity,2620,0.74,155,0.7499999999999998,0.3692147748444152,0,141,4542,4910,135,165,16,0.5529137212704247,0.6171106038650509,0.5864794521742549,0.5529137212704247,0.20596636723002926,0.22222222222222254,1.2233606186634038,-2.534149843841321,1.7596622789832348,-1.2199335447094035,0.0606453741297639,0.6171106038650509,0.577810561143619,0.03930004272143195,0.5864794521742549,0.5784244028925352,0.00805504928171974,0.5529137212704247,0.5807761169710893,0.02786239570066462,0.20596636723002926,0.2583391539333608,0.052372786703331564,0.22222222222222254,0.22616525080055647,0.003943028578333924,2455.0,0.8088332234673699,2599.0,0.8562953197099539,2623.0,0.8642056690837179,1183.0,0.38958470665787737,427.0,0.14040870138431114,0.14040870138431114,WACC_0p9_WRT_0p1,0.611865524060646,1085,False,,,False,False,False,False,False,141.0,0.36649214659685864
IBDD,Electricity,326,0.74,157,0.7499999999999998,0.3670213930975111,0,143,2539,3845,462,138,8,0.5555697116312384,0.6193852219729515,0.5889360397307876,0.5555697116312384,0.20698931563787765,0.22222222222222254,1.2233606186634038,-2.534149843841321,1.7596622789832348,-1.2199335447094035,0.0606453741297639,0.6193852219729515,0.5560911130633744,0.0632941089095771,0.5889360397307876,0.5402945273792381,0.048641512351549454,0.5555697116312384,0.538252063077771,0.017317648553467402,0.20698931563787765,0.2474710308440639,0.040481715206186264,0.22222222222222254,0.22621726867323824,0.003995046451015699,2262.0,0.7452208305866842,2285.0,0.7528015820698748,2307.0,0.7600527356624918,898.0,0.2956493078444298,428.0,0.14073829927488465,0.14073829927488465,WACC_0p9_WRT_0p1,0.538892551087673,1086,False,,,False,False,False,False,False,143.0,0.3717277486910995
IBDD,Electricity,2454,0.7,48,0.6071428571428569,0.5686032077643577,0,46,2582,1533,340,181,51,0.3114720494590426,0.4103374141702957,0.3631644073039193,0.3114720494590426,0.33929562732801266,0.37037037037037074,1.2233606186634038,-2.534149843841321,1.7596622789832348,-1.2199335447094035,0.0606453741297639,0.4103374141702957,0.41022980206213766,0.00010761210815801725,0.3631644073039193,0.37533146177934235,0.012167054475423045,0.3114720494590426,0.3745844980677257,0.06311244860868309,0.33929562732801266,0.24426968646395178,0.09502594086406088,0.37037037037037074,0.27709660532636987,0.09327376504400087,506.0,0.16644693473961766,624.0,0.2053394858272907,429.0,0.14106789716545814,805.0,0.26499670402109426,1658.0,0.54614370468029,0.14106789716545814,WACC_0p5_WRT_0p5,0.2647989452867502,1087,False,,,False,False,False,False,False,46.0,0.11780104712041885
IBDD,Electricity,2226,0.71,48,0.6428571428571426,0.5686032077643577,0,45,4544,1883,694,191,162,0.3114720494590426,0.4103374141702957,0.3631644073039193,0.3114720494590426,0.3004306642296604,0.3333333333333337,1.2233606186634038,-2.534149843841321,1.7596622789832348,-1.2199335447094035,0.0606453741297639,0.4103374141702957,0.3973343620826014,0.013003052087694256,0.3631644073039193,0.34479716404953664,0.01836724325438266,0.3114720494590426,0.39497186579364646,0.08349981633460385,0.3004306642296604,0.3537385310417853,0.053307866812124904,0.3333333333333337,0.38514435499360905,0.05181102166027535,429.0,0.14106789716545814,451.0,0.14831905075807514,618.0,0.2033618984838497,2549.0,0.8398154251812788,2626.0,0.8651944627554383,0.14106789716545814,WACC_0p1_WRT_0p9,0.43955174686882004,1088,False,,,False,False,False,False,False,45.0,0.11518324607329843
IBDD,Electricity,2319,0.74,145,0.7499999999999998,0.3806214707353315,0,131,4494,4592,973,214,18,0.5391012263056209,0.6052814377559526,0.5737039527764287,0.5391012263056209,0.2006465174515342,0.22222222222222254,1.2233606186634038,-2.534149843841321,1.7596622789832348,-1.2199335447094035,0.0606453741297639,0.6052814377559526,0.5734379304376492,0.03184350731830332,0.5737039527764287,0.5568515372061206,0.016852415570308144,0.5391012263056209,0.5645029547752252,0.025401728469604312,0.2006465174515342,0.23225238374883753,0.03160586629730333,0.22222222222222254,0.22634053941591495,0.004118317193692406,2421.0,0.7976268951878708,2433.0,0.8015820698747528,2529.0,0.8332234673698088,515.0,0.16941331575477916,429.0,0.14106789716545814,0.14106789716545814,WACC_0p9_WRT_0p1,0.548582729070534,1089,False,,,False,False,False,False,False,131.0,0.3403141361256545
IBDD,Electricity,2621,0.73,88,0.7142857142857141,0.4658445274206108,0,80,3918,1887,488,132,56,0.435903678776714,0.516901971563811,0.47825412928891586,0.435903678776714,0.22270073803295595,0.2592592592592596,1.2233606186634038,-2.534149843841321,1.7596622789832348,-1.2199335447094035,0.0606453741297639,0.516901971563811,0.4827524548823222,0.0341495166814888,0.47825412928891586,0.4496845546825291,0.02856957460638676,0.435903678776714,0.43066990988511916,0.0052337688915948255,0.22270073803295595,0.22856314802326594,0.005862409990309986,0.2592592592592596,0.2589621726759315,0.0002970865833280545,1248.0,0.4110085695451549,1235.0,0.4067237969676994,986.0,0.3246539222148978,430.0,0.14139749505603164,1237.0,0.40738299274884643,0.14139749505603164,WACC_0p7_WRT_0p3,0.33823335530652604,1090,False,,,False,False,False,False,False,80.0,0.20680628272251309
IBDD,Electricity,2660,0.73,64,0.7142857142857141,0.5199513525110855,0,56,3051,1870,756,176,130,0.3703851222840437,0.4607911899885039,0.41765448518758413,0.3703851222840437,0.22270073803295595,0.2592592592592596,1.2233606186634038,-2.534149843841321,1.7596622789832348,-1.2199335447094035,0.0606453741297639,0.4607911899885039,0.398719950921,0.06207123906750389,0.41765448518758413,0.35258019635881815,0.06507428882876598,0.3703851222840437,0.37460575151906456,0.004220629235020867,0.22270073803295595,0.3173817020153566,0.09468096398240064,0.2592592592592596,0.3761746592004881,0.11691539994122851,438.0,0.14403427818061965,492.0,0.16183256427158865,430.0,0.14139749505603164,2171.0,0.7152274225444957,2591.0,0.8536585365853658,0.14139749505603164,WACC_0p5_WRT_0p5,0.40323005932762024,1091,False,,,False,False,False,False,False,56.0,0.14397905759162305
IBDD,Electricity,1174,0.71,89,0.6428571428571426,0.4639207293207574,0,86,908,3344,750,222,38,0.4382332272999357,0.5188970214451404,0.48040878316075164,0.4382332272999357,0.3004306642296604,0.3333333333333337,1.2233606186634038,-2.534149843841321,1.7596622789832348,-1.2199335447094035,0.0606453741297639,0.5188970214451404,0.48999933196215345,0.028897689482986932,0.48040878316075164,0.4778282900329879,0.002580493127763761,0.4382332272999357,0.4668335987612365,0.02860037146130079,0.3004306642296604,0.22862238635625645,0.07180827787340396,0.3333333333333337,0.25099480502322163,0.08233852831011207,1356.0,0.4466051417270929,1596.0,0.525708635464733,1452.0,0.478246539222149,431.0,0.14172709294660515,1046.0,0.34442979564930787,0.14172709294660515,WACC_0p7_WRT_0p3,0.3873434410019776,1092,False,,,False,False,False,False,False,86.0,0.22251308900523561
IBDD,Electricity,2773,0.71,55,0.6428571428571426,0.5456120211274459,0,52,1291,2145,888,193,181,0.33931233315680515,0.4341801262382042,0.3889145363372606,0.33931233315680515,0.3004306642296604,0.3333333333333337,1.2233606186634038,-2.534149843841321,1.7596622789832348,-1.2199335447094035,0.0606453741297639,0.4341801262382042,0.3978870895683997,0.03629303666980449,0.3889145363372606,0.34236813759743884,0.04654639873982175,0.33931233315680515,0.42964918358328474,0.0903368504264796,0.3004306642296604,0.4222188107847839,0.12178814655512349,0.3333333333333337,0.461529354364386,0.12819602103105232,431.0,0.14172709294660515,438.0,0.14403427818061965,978.0,0.3220171390903098,2888.0,0.9515491100856954,2890.0,0.9522083058668425,0.14172709294660515,WACC_0p1_WRT_0p9,0.5023071852340145,1093,False,,,False,False,False,False,False,52.0,0.13350785340314136
IBDD,Electricity,458,0.74,650,0.7499999999999998,0.1232318511643897,0,337,1618,563,705,68,2,0.8507771803518408,0.8722040061998921,0.8619803266958834,0.8507771803518408,0.32068777424981704,0.22222222222222254,1.2233606186634038,-2.534149843841321,1.7596622789832348,-1.2199335447094035,0.0606453741297639,0.8722040061998921,0.643464261874978,0.22873974432491417,0.8619803266958834,0.6059413279248475,0.256038998771036,0.8507771803518408,0.5840814929127076,0.2666956874391332,0.32068777424981704,0.28789939853413066,0.03278837571568638,0.22222222222222254,0.22640798354464234,0.004185761322419795,2846.0,0.9377059986816084,2731.0,0.8998022412656559,2645.0,0.8714568226763348,1771.0,0.5833882663150955,431.0,0.14172709294660515,0.14172709294660515,WACC_0p9_WRT_0p1,0.68681608437706,1094,False,,,False,False,False,False,False,337.0,0.8795811518324608
IBDD,Electricity,1325,0.71,58,0.6428571428571426,0.5366267752811291,0,55,74,2285,912,181,169,0.35019266732163634,0.4434981589677179,0.3989780116851353,0.35019266732163634,0.3004306642296604,0.3333333333333337,1.2233606186634038,-2.534149843841321,1.7596622789832348,-1.2199335447094035,0.0606453741297639,0.4434981589677179,0.39789277519158417,0.04560538377613371,0.3989780116851353,0.34967824337437675,0.04929976831075855,0.35019266732163634,0.4501614291126149,0.09996876179097858,0.3004306642296604,0.47617008320325177,0.17573941897359135,0.3333333333333337,0.5004684658787885,0.16713513254545476,432.0,0.14205669083717865,482.0,0.15853658536585366,1234.0,0.40639419907712593,3009.0,0.991430454845089,2980.0,0.9818721160184575,0.14205669083717865,WACC_0p1_WRT_0p9,0.5360580092287409,1095,False,,,False,False,False,False,False,55.0,0.14136125654450263
IBDD,Electricity,1130,0.71,54,0.6428571428571426,0.5487144138666213,0,51,3280,2053,382,202,170,0.33555561127182615,0.43096283006424446,0.38543985646938406,0.33555561127182615,0.3004306642296604,0.3333333333333337,1.2233606186634038,-2.534149843841321,1.7596622789832348,-1.2199335447094035,0.0606453741297639,0.43096283006424446,0.3982113742482587,0.032751455815985764,0.38543985646938406,0.3419846196166222,0.04345523685276187,0.33555561127182615,0.40720329793059235,0.0716476866587662,0.3004306642296604,0.3909715510881864,0.09054088685852596,0.3333333333333337,0.4263794432513712,0.09304610991803752,433.0,0.14238628872775214,435.0,0.14304548450889915,741.0,0.24390243902439024,2796.0,0.9212261041529334,2787.0,0.9182597231377719,0.14238628872775214,WACC_0p1_WRT_0p9,0.47376400791034934,1096,False,,,False,False,False,False,False,51.0,0.13089005235602094
IBDD,Electricity,1509,0.7,51,0.6071428571428569,0.5583717938339305,0,49,458,1863,534,186,70,0.3238613824217449,0.4209477693574053,0.37462359090599767,0.3238613824217449,0.33929562732801266,0.37037037037037074,1.2233606186634038,-2.534149843841321,1.7596622789832348,-1.2199335447094035,0.0606453741297639,0.4209477693574053,0.4109781824958938,0.009969586861511504,0.37462359090599767,0.3551037207259517,0.019519870180045973,0.3238613824217449,0.3751679348152203,0.051306552393475424,0.33929562732801266,0.28086364933836905,0.05843197798964361,0.37037037037037074,0.3146900354280922,0.05568033494227853,514.0,0.16908371786420567,499.0,0.16413974950560317,434.0,0.14271588661832565,1665.0,0.5484508899143046,2152.0,0.7089650626235993,0.14271588661832565,WACC_0p5_WRT_0p5,0.34667106130520764,1097,False,,,False,False,False,False,False,49.0,0.1256544502617801
IBDD,Electricity,1730,0.73,97,0.7142857142857141,0.4492584163869911,0,89,4269,1865,820,144,36,0.45598798516380645,0.5341023830060834,0.49683057364657,0.45598798516380645,0.22270073803295595,0.2592592592592596,1.2233606186634038,-2.534149843841321,1.7596622789832348,-1.2199335447094035,0.0606453741297639,0.5341023830060834,0.5128899847642793,0.021212398241804098,0.49683057364657,0.4892217215516527,0.0076088520949172955,0.45598798516380645,0.47660688464162,0.020618899477813535,0.22270073803295595,0.22903262053084225,0.006331882497886299,0.2592592592592596,0.24332228489422789,0.015936974365031692,1717.0,0.5655899802241265,1735.0,0.5715227422544495,1591.0,0.5240606460118655,434.0,0.14271588661832565,838.0,0.27587343441001977,0.14271588661832565,WACC_0p7_WRT_0p3,0.4159525379037574,1098,False,,,False,False,False,False,False,89.0,0.23036649214659685
IBDD,Electricity,443,0.73,237,0.7142857142857141,0.2964842038304195,0,217,1348,977,344,104,4,0.6409839789090223,0.6925348997314168,0.6679376917099301,0.6409839789090223,0.23988641873300157,0.2592592592592596,1.2233606186634038,-2.534149843841321,1.7596622789832348,-1.2199335447094035,0.0606453741297639,0.6925348997314168,0.5870124509711819,0.10552244876023487,0.6679376917099301,0.5547663240905213,0.11317136761940882,0.6409839789090223,0.5149403607701163,0.12604361813890597,0.23988641873300157,0.26452459074054424,0.024638172007542675,0.2592592592592596,0.2265420673358952,0.03271719192336439,2542.0,0.8375082399472643,2413.0,0.7949901120632828,2103.0,0.6928147659854977,1335.0,0.4396835860250494,434.0,0.14271588661832565,0.14271588661832565,WACC_0p9_WRT_0p1,0.581542518127884,1099,False,,,False,False,False,False,False,217.0,0.5654450261780105
IBDD,Electricity,1843,0.73,55,0.7142857142857141,0.5456120211274459,0,47,3709,1621,853,183,90,0.33931233315680515,0.4341801262382042,0.3889145363372606,0.33931233315680515,0.22270073803295595,0.2592592592592596,1.2233606186634038,-2.534149843841321,1.7596622789832348,-1.2199335447094035,0.0606453741297639,0.4341801262382042,0.4327871189444238,0.0013930072937803906,0.3889145363372606,0.38689636514887316,0.00201817118838743,0.33931233315680515,0.37527386695158316,0.03596153379477801,0.22270073803295595,0.25124905357261973,0.028548315539663777,0.2592592592592596,0.2966910507032253,0.037431791443965745,688.0,0.22643375082399472,700.0,0.23038892551087672,435.0,0.14304548450889915,1000.0,0.32926829268292684,1956.0,0.6443638760711932,0.14304548450889915,WACC_0p5_WRT_0p5,0.3147000659195781,1100,False,,,False,False,False,False,False,47.0,0.12041884816753927
IBDD,Electricity,551,0.73,232,0.7142857142857141,0.3001399279681921,0,213,1790,2068,878,149,2,0.6365572218771366,0.6887437784033563,0.6638432806756248,0.6365572218771366,0.23818146372845414,0.2592592592592596,1.2233606186634038,-2.534149843841321,1.7596622789832348,-1.2199335447094035,0.0606453741297639,0.6887437784033563,0.5491787663054932,0.1395650120978631,0.6638432806756248,0.5203661196103101,0.14347716106531472,0.6365572218771366,0.4973099445980222,0.1392472772791144,0.23818146372845414,0.2511513083109451,0.01296984458249098,0.2592592592592596,0.22655460528273413,0.032704653976525444,2189.0,0.7211601845748187,2104.0,0.6931443638760711,1899.0,0.6255767963085036,995.0,0.3276203032300593,435.0,0.14304548450889915,0.14304548450889915,WACC_0p9_WRT_0p1,0.5021094264996704,1101,False,,,False,False,False,False,False,213.0,0.5549738219895288
IBDD,Electricity,376,0.74,65,0.7499999999999998,0.5173226275773177,0,52,345,1795,839,153,8,0.3735682745534433,0.46351727510500373,0.42059865711340405,0.3735682745534433,0.1838357749346038,0.22222222222222254,1.2233606186634038,-2.534149843841321,1.7596622789832348,-1.2199335447094035,0.0606453741297639,0.46351727510500373,0.47257688824660277,0.009059613141599032,0.42059865711340405,0.41317968703472785,0.007418970078676201,0.3735682745534433,0.4103507289266895,0.036782454373246176,0.1838357749346038,0.22929218252283876,0.045456407588234965,0.22222222222222254,0.24450186511317515,0.022279642890952606,1114.0,0.36684245220830586,891.0,0.2933421226104153,772.0,0.25411997363216876,436.0,0.14337508239947264,868.0,0.2857613711272248,0.14337508239947264,WACC_0p7_WRT_0p3,0.26868820039551744,1102,False,,,False,False,False,False,False,52.0,0.13350785340314136
IBDD,Electricity,2152,0.72,55,0.6785714285714283,0.5456120211274459,0,48,1012,1911,648,146,105,0.33931233315680515,0.4341801262382042,0.3889145363372606,0.33931233315680515,0.2615657011313083,0.2962962962962967,1.2233606186634038,-2.534149843841321,1.7596622789832348,-1.2199335447094035,0.0606453741297639,0.4341801262382042,0.4071523998558147,0.027027726382389483,0.3889145363372606,0.3636777393586449,0.025236796978615694,0.33931233315680515,0.3753234083254764,0.03601107516867125,0.2615657011313083,0.2955640891485035,0.033998388017195236,0.2962962962962967,0.34127694394882824,0.044980647652531514,484.0,0.15919578114700067,556.0,0.18292682926829268,436.0,0.14337508239947264,1885.0,0.6209624258404747,2349.0,0.7738958470665788,0.14337508239947264,WACC_0p5_WRT_0p5,0.3760711931443638,1103,False,,,False,False,False,False,False,48.0,0.12303664921465969
IBDD,Electricity,1874,0.71,59,0.6428571428571426,0.5337329569329065,0,56,1511,2193,935,245,226,0.35369682415601933,0.44649915577328214,0.4022190882351447,0.35369682415601933,0.3004306642296604,0.3333333333333337,1.2233606186634038,-2.534149843841321,1.7596622789832348,-1.2199335447094035,0.0606453741297639,0.44649915577328214,0.3991398618830875,0.047359293890194665,0.4022190882351447,0.3420184805205383,0.06020060771460639,0.35369682415601933,0.468690464358116,0.11499364020209668,0.3004306642296604,0.47782494401028247,0.17739427978062206,0.3333333333333337,0.5221051443477888,0.18877181101445506,442.0,0.14535266974291364,436.0,0.14337508239947264,1480.0,0.487475280158207,3010.0,0.9917600527356625,3009.0,0.991430454845089,0.14337508239947264,WACC_0p3_WRT_0p7,0.5518787079762689,1104,False,,,False,False,False,False,False,56.0,0.14397905759162305
IBDD,Electricity,14,0.74,162,0.7499999999999998,0.3616571542990457,0,148,2380,4690,77,101,5,0.5620653280746305,0.6249481362824711,0.5949439871850688,0.5620653280746305,0.20949108695331492,0.22222222222222254,1.2233606186634038,-2.534149843841321,1.7596622789832348,-1.2199335447094035,0.0606453741297639,0.6249481362824711,0.5947978874534336,0.030150248829037496,0.5949439871850688,0.5812945152999169,0.013649471885151865,0.5620653280746305,0.5735438887680233,0.011478560693392814,0.20949108695331492,0.28318720394743474,0.07369611699411982,0.22222222222222254,0.2265751244385569,0.004352902216334359,2594.0,0.8546473302570864,2622.0,0.8638760711931444,2578.0,0.8493737640079103,1701.0,0.5603164139749506,436.0,0.14337508239947264,0.14337508239947264,WACC_0p9_WRT_0p1,0.6543177323665128,1105,False,,,False,False,False,False,False,148.0,0.38481675392670156
IBDD,Electricity,1209,0.72,61,0.6785714285714283,0.5280872662717262,0,54,675,1944,571,195,65,0.3605332537913963,0.4523539460885802,0.40854226177566655,0.3605332537913963,0.2615657011313083,0.2962962962962967,1.2233606186634038,-2.534149843841321,1.7596622789832348,-1.2199335447094035,0.0606453741297639,0.4523539460885802,0.4239732084428205,0.028380737645759713,0.40854226177566655,0.36981761886301734,0.03872464291264921,0.3605332537913963,0.3753296447190194,0.014796390927623138,0.2615657011313083,0.24602310849009848,0.015542592641209801,0.2962962962962967,0.2981399987469043,0.0018437024506075539,621.0,0.2043506921555702,593.0,0.1951219512195122,437.0,0.14370468029004616,855.0,0.2814765985497693,1982.0,0.6529334212261042,0.14370468029004616,WACC_0p5_WRT_0p5,0.2955174686882004,1106,False,,,False,False,False,False,False,54.0,0.1387434554973822
IBDD,Electricity,1772,0.73,96,0.7142857142857141,0.4510243614951085,0,88,1313,1691,948,113,50,0.45384958258454444,0.5322710325235911,0.4948527151254784,0.45384958258454444,0.22270073803295595,0.2592592592592596,1.2233606186634038,-2.534149843841321,1.7596622789832348,-1.2199335447094035,0.0606453741297639,0.5322710325235911,0.46500722888817686,0.06726380363541423,0.4948527151254784,0.42138880096004194,0.07346391416543646,0.45384958258454444,0.413951512577965,0.03989807000657947,0.22270073803295595,0.22929417820347217,0.006593440170516218,0.2592592592592596,0.2735554293143851,0.014296170055125512,1021.0,0.33618984838497035,961.0,0.31641397495056034,815.0,0.2682926829268293,437.0,0.14370468029004616,1590.0,0.523731048121292,0.14370468029004616,WACC_0p7_WRT_0p3,0.3176664469347396,1107,False,,,False,False,False,False,False,88.0,0.22774869109947643
IBDD,Electricity,2601,0.73,89,0.7142857142857141,0.4639207293207574,0,81,631,3150,27,226,10,0.4382332272999357,0.5188970214451404,0.48040878316075164,0.4382332272999357,0.22270073803295595,0.2592592592592596,1.2233606186634038,-2.534149843841321,1.7596622789832348,-1.2199335447094035,0.0606453741297639,0.5188970214451404,0.4992695440165656,0.01962747742857479,0.48040878316075164,0.4879862287942449,0.007577445633493274,0.4382332272999357,0.47628037711496374,0.03804714981502805,0.22270073803295595,0.229516642451782,0.006815904418826041,0.2592592592592596,0.22662125995932172,0.03263799929993785,1505.0,0.4957152274225445,1717.0,0.5655899802241265,1582.0,0.521094264996704,443.0,0.14568226763348716,437.0,0.14370468029004616,0.14370468029004616,WACC_0p9_WRT_0p1,0.37435728411338165,1108,False,,,False,False,False,False,False,81.0,0.2094240837696335
IBDD,Electricity,1778,0.73,108,0.7142857142857141,0.4309420365106688,0,100,4274,3393,37,181,25,0.478167493343437,0.5530971473222692,0.5173449191080508,0.478167493343437,0.22270073803295595,0.2592592592592596,1.2233606186634038,-2.534149843841321,1.7596622789832348,-1.2199335447094035,0.0606453741297639,0.5530971473222692,0.5338527761704748,0.019244371151794448,0.5173449191080508,0.5329364711975954,0.015591552089544547,0.478167493343437,0.5395421365960391,0.06137464325260211,0.22270073803295595,0.22931966669252313,0.006618928659567175,0.2592592592592596,0.2311346311520647,0.028124628107194877,2021.0,0.6657877389584707,2212.0,0.7287409360580093,2319.0,0.7640079103493738,438.0,0.14403427818061965,523.0,0.17205009887936717,0.14403427818061965,WACC_0p7_WRT_0p3,0.49492419248516806,1109,False,,,False,False,False,False,False,100.0,0.2591623036649215
IBDD,Electricity,101,0.73,169,0.7142857142857141,0.3544173672480289,0,159,1791,3852,140,188,1,0.5708320667643204,0.6324560635946368,0.6030525486822076,0.5708320667643204,0.22270073803295595,0.2592592592592596,1.2233606186634038,-2.534149843841321,1.7596622789832348,-1.2199335447094035,0.0606453741297639,0.6324560635946368,0.5684353735150042,0.06402069007963263,0.6030525486822076,0.5366242123245817,0.0664283363576259,0.5708320667643204,0.5460131000085181,0.024818966755802307,0.22270073803295595,0.24517937261804307,0.022478634585087115,0.2592592592592596,0.22662153575151484,0.03263772350774474,2381.0,0.7844429795649308,2259.0,0.7442320369149638,2382.0,0.7847725774555043,828.0,0.27257745550428475,438.0,0.14403427818061965,0.14403427818061965,WACC_0p9_WRT_0p1,0.5460118655240607,1110,False,,,False,False,False,False,False,159.0,0.41361256544502617
IBDD,Electricity,626,0.73,45,0.7142857142857141,0.5794812334491506,0,37,317,1082,300,190,4,0.29829972712879943,0.3990564986453253,0.35098101853695124,0.29829972712879943,0.22270073803295595,0.2592592592592596,1.2233606186634038,-2.534149843841321,1.7596622789832348,-1.2199335447094035,0.0606453741297639,0.3990564986453253,0.4167659288819767,0.017709430236651447,0.35098101853695124,0.3621239249303027,0.01114290639335147,0.29829972712879943,0.3755571204982966,0.07725739336949716,0.22270073803295595,0.23284590573105285,0.010145167698096896,0.2592592592592596,0.25827987989408335,0.000979379365176225,562.0,0.18490441661173368,547.0,0.17996044825313118,439.0,0.14436387607119314,524.0,0.17237969676994067,1219.0,0.4014502307185234,0.14436387607119314,WACC_0p5_WRT_0p5,0.2166117336849044,1111,False,,,False,False,False,False,False,37.0,0.09424083769633508
IBDD,Electricity,2062,0.72,74,0.6785714285714283,0.4953125156100612,0,67,895,2471,618,244,32,0.4002205640183184,0.48634257640438094,0.4452499825167314,0.4002205640183184,0.2615657011313083,0.2962962962962967,1.2233606186634038,-2.534149843841321,1.7596622789832348,-1.2199335447094035,0.0606453741297639,0.48634257640438094,0.4601762515296355,0.02616632487474546,0.4452499825167314,0.43349341416595244,0.011756568350778984,0.4002205640183184,0.4203465537769969,0.02012598975867852,0.2615657011313083,0.22938614314299077,0.03217955798831751,0.2962962962962967,0.2510076639982272,0.04528863229806951,959.0,0.3157547791694133,1069.0,0.35201054713249835,874.0,0.2877389584706658,439.0,0.14436387607119314,1047.0,0.34475939353988133,0.14436387607119314,WACC_0p7_WRT_0p3,0.2889255108767304,1112,False,,,False,False,False,False,False,67.0,0.17277486910994763
IBDD,Electricity,132,0.7,6,0.6071428571428569,0.9036463952595452,0,6,2037,1,1000,225,1,0.26480395923584765,0.06288521973084203,0.0685714285714286,0.26480395923584765,0.33929562732801266,0.37037037037037074,1.2233606186634038,-2.534149843841321,1.7596622789832348,-1.2199335447094035,0.0606453741297639,0.06288521973084203,0.4507583364808475,0.38787311675000546,0.0685714285714286,0.3645617347749158,0.2959903062034872,0.26480395923584765,0.3756318690359214,0.11082790980007373,0.33929562732801266,0.23424457059124837,0.10505105673676429,0.37037037037037074,0.26178761474989987,0.10858275562047087,867.0,0.2854317732366513,560.0,0.1842452208305867,440.0,0.14469347396176666,559.0,0.18391562294001318,1294.0,0.42617007251153594,0.14469347396176666,WACC_0p5_WRT_0p5,0.24489123269611074,1113,False,,,False,False,False,False,False,6.0,0.013089005235602094
IBDD,Electricity,2762,0.74,101,0.7499999999999998,0.4423703723360919,0,87,4679,2720,452,177,44,0.46432879434117375,0.5412455397996083,0.5045451829835771,0.46432879434117375,0.1838357749346038,0.22222222222222254,1.2233606186634038,-2.534149843841321,1.7596622789832348,-1.2199335447094035,0.0606453741297639,0.5412455397996083,0.4982130399152693,0.04303249988433905,0.5045451829835771,0.47857791980793585,0.025967263175641242,0.46432879434117375,0.4778855689018421,0.013556774560668339,0.1838357749346038,0.22941072902931536,0.04557495409471157,0.22222222222222254,0.23685428494815813,0.01463206272593559,1486.0,0.489452867501648,1603.0,0.5280158206987475,1617.0,0.5326301911667766,440.0,0.14469347396176666,681.0,0.22412656558998023,0.14469347396176666,WACC_0p7_WRT_0p3,0.3837837837837838,1114,False,,,False,False,False,False,False,87.0,0.225130890052356
IBDD,Electricity,442,0.74,146,0.7499999999999998,0.3794461887748424,0,132,515,2533,735,139,1,0.5405243883077224,0.6065002486779413,0.5750202685721765,0.5405243883077224,0.20119464493182904,0.22222222222222254,1.2233606186634038,-2.534149843841321,1.7596622789832348,-1.2199335447094035,0.0606453741297639,0.6065002486779413,0.5234022702664664,0.08309797841147493,0.5750202685721765,0.49863352231760266,0.07638674625457381,0.5405243883077224,0.48360105389453567,0.056923334413186755,0.20119464493182904,0.24700279579936074,0.045808150867531705,0.22222222222222254,0.22666778000972854,0.004445557787505994,1877.0,0.6183256427158866,1855.0,0.6110744891232696,1705.0,0.5616348055372445,885.0,0.2913645352669743,440.0,0.14469347396176666,0.14469347396176666,WACC_0p9_WRT_0p1,0.44541858932102835,1115,False,,,False,False,False,False,False,132.0,0.34293193717277487
IBDD,Electricity,2636,0.72,55,0.6785714285714283,0.5456120211274459,0,48,976,1483,538,228,44,0.33931233315680515,0.4341801262382042,0.3889145363372606,0.33931233315680515,0.2615657011313083,0.2962962962962967,1.2233606186634038,-2.534149843841321,1.7596622789832348,-1.2199335447094035,0.0606453741297639,0.4341801262382042,0.4198963358074499,0.014283790430754284,0.3889145363372606,0.3696565785997917,0.01925795773746891,0.33931233315680515,0.3756547018860661,0.03634236872926094,0.2615657011313083,0.23190275041042435,0.02966295072088393,0.2962962962962967,0.2663271811939301,0.029969115102366606,588.0,0.1934739617666447,592.0,0.19479235332893868,441.0,0.14502307185234015,503.0,0.16545814106789716,1416.0,0.466381015161503,0.14502307185234015,WACC_0p5_WRT_0p5,0.23302570863546473,1116,False,,,False,False,False,False,False,48.0,0.12303664921465969
IBDD,Electricity,2925,0.69,51,0.5714285714285711,0.5583717938339305,0,50,2241,1930,798,155,75,0.3238613824217449,0.4209477693574053,0.37462359090599767,0.3238613824217449,0.3781605904263649,0.4074074074074079,1.2233606186634038,-2.534149843841321,1.7596622789832348,-1.2199335447094035,0.0606453741297639,0.4209477693574053,0.41572986953035823,0.005217899827047068,0.37462359090599767,0.3687724819315268,0.005851108974470887,0.3238613824217449,0.3757264766823406,0.05186509426059571,0.3781605904263649,0.2744923889839335,0.10366820144243138,0.4074074074074079,0.3242324607942484,0.0831749466131595,552.0,0.1816084377059987,585.0,0.1924851680949242,442.0,0.14535266974291364,1536.0,0.505932762030323,2227.0,0.7336849044166117,0.14535266974291364,WACC_0p5_WRT_0p5,0.3518127883981542,1117,False,,,False,False,False,False,False,50.0,0.12827225130890052
IBDD,Electricity,2365,0.73,69,0.7142857142857141,0.5071915798046006,0,61,2437,891,606,85,16,0.3858360730191042,0.47402354686930304,0.4319454306188472,0.3858360730191042,0.22270073803295595,0.2592592592592596,1.2233606186634038,-2.534149843841321,1.7596622789832348,-1.2199335447094035,0.0606453741297639,0.47402354686930304,0.5118184775299469,0.03779493066064388,0.4319454306188472,0.4518794919086041,0.019934061289756888,0.3858360730191042,0.4285366034200942,0.04270053040098998,0.22270073803295595,0.25444791053408633,0.03174717250113038,0.2592592592592596,0.22683613796371044,0.03242312129554914,1708.0,0.5626235992089651,1261.0,0.41529334212261043,973.0,0.32036914963744234,1090.0,0.35893210283454186,442.0,0.14535266974291364,0.14535266974291364,WACC_0p9_WRT_0p1,0.3605141727092947,1118,False,,,False,False,False,False,False,61.0,0.15706806282722513
IBDD,Electricity,2486,0.74,110,0.7499999999999998,0.427811438654111,0,96,4970,2875,145,143,52,0.4819583691188635,0.5563436932475886,0.5208511887073957,0.4819583691188635,0.1838357749346038,0.22222222222222254,1.2233606186634038,-2.534149843841321,1.7596622789832348,-1.2199335447094035,0.0606453741297639,0.5563436932475886,0.5094755067665537,0.04686818648103486,0.5208511887073957,0.5006970465831645,0.020154142124231167,0.4819583691188635,0.49245312993560103,0.010494760816737503,0.1838357749346038,0.22949280840836409,0.045657033473760295,0.22222222222222254,0.2555132158022372,0.03329099358001464,1668.0,0.549439683586025,1886.0,0.6212920237310481,1836.0,0.6048121292023731,442.0,0.14535266974291364,1149.0,0.3783783783783784,0.14535266974291364,WACC_0p7_WRT_0p3,0.4598549769281477,1119,False,,,False,False,False,False,False,96.0,0.2486910994764398
IBDD,Electricity,1196,0.71,46,0.6428571428571426,0.5757783350642198,0,43,2192,1619,516,147,56,0.30278360798142806,0.40289654141488307,0.3551282647280737,0.30278360798142806,0.3004306642296604,0.3333333333333337,1.2233606186634038,-2.534149843841321,1.7596622789832348,-1.2199335447094035,0.0606453741297639,0.40289654141488307,0.4250760873692922,0.02217954595440913,0.3551282647280737,0.38397216966619013,0.02884390493811645,0.30278360798142806,0.3757522870407537,0.07296867905932564,0.3004306642296604,0.24941158219790083,0.05101908203175959,0.3333333333333337,0.28559978379790896,0.047733549535424746,632.0,0.2079762689518787,685.0,0.22544495715227422,443.0,0.14568226763348716,952.0,0.31344759393539884,1798.0,0.5922874093605801,0.14568226763348716,WACC_0p5_WRT_0p5,0.2969676994067238,1120,False,,,False,False,False,False,False,43.0,0.1099476439790576
IBDD,Electricity,2868,0.73,129,0.7142857142857141,0.4006065611337189,0,121,2565,2514,783,141,5,0.5149010579888075,0.5845561588242916,0.5513206515302349,0.5149010579888075,0.22270073803295595,0.2592592592592596,1.2233606186634038,-2.534149843841321,1.7596622789832348,-1.2199335447094035,0.0606453741297639,0.5845561588242916,0.5387928443896868,0.045763314434604796,0.5513206515302349,0.5158458882570417,0.03547476327319321,0.5149010579888075,0.49099558837860807,0.023905469610199404,0.22270073803295595,0.2534591666003717,0.030758428567415758,0.2592592592592596,0.22687093778609216,0.03238832147316742,2082.0,0.6858932102834542,2052.0,0.6760052735662492,1813.0,0.5972313777191826,1063.0,0.35003295978905735,443.0,0.14568226763348716,0.14568226763348716,WACC_0p9_WRT_0p1,0.49096901779828606,1121,False,,,False,False,False,False,False,121.0,0.31413612565445026
IBDD,Electricity,1144,0.74,51,0.7499999999999998,0.5583717938339305,0,38,404,1209,616,65,46,0.3238613824217449,0.4209477693574053,0.37462359090599767,0.3238613824217449,0.1838357749346038,0.22222222222222254,1.2233606186634038,-2.534149843841321,1.7596622789832348,-1.2199335447094035,0.0606453741297639,0.4209477693574053,0.42925131303762004,0.008303543680214742,0.37462359090599767,0.3659452238024719,0.008678367103525764,0.3238613824217449,0.3757529373225212,0.05189155490077629,0.1838357749346038,0.24967494531731405,0.06583917038271025,0.22222222222222254,0.2630456619357739,0.040823439713551346,655.0,0.21555702043506922,570.0,0.1875411997363217,444.0,0.14601186552406065,960.0,0.3160843770599868,1328.0,0.43737640079103496,0.14601186552406065,WACC_0p5_WRT_0p5,0.26051417270929467,1122,False,,,False,False,False,False,False,38.0,0.0968586387434555
IBDD,Electricity,2540,0.73,82,0.7142857142857141,0.4778618317981492,0,74,2867,745,315,128,15,0.42135179120185107,0.5044395818389564,0.46479474838607293,0.42135179120185107,0.22270073803295595,0.2592592592592596,1.2233606186634038,-2.534149843841321,1.7596622789832348,-1.2199335447094035,0.0606453741297639,0.5044395818389564,0.4933225200567746,0.011117061782181803,0.46479474838607293,0.4403888803887806,0.02440586799729233,0.42135179120185107,0.42085142731091074,0.0005003638909403252,0.22270073803295595,0.2295252657255517,0.006824527692595755,0.2592592592592596,0.23124705756966507,0.028012201689594507,1423.0,0.46868820039551745,1142.0,0.3760711931443639,881.0,0.2900461437046803,444.0,0.14601186552406065,525.0,0.17270929466051418,0.14601186552406065,WACC_0p7_WRT_0p3,0.29070533948582733,1123,False,,,False,False,False,False,False,74.0,0.19109947643979058
IBDD,Electricity,2949,0.67,48,0.5,0.5686032077643577,0,47,2160,1707,846,141,125,0.3945444370177566,0.4103374141702957,0.3631644073039193,0.3945444370177566,0.455890516623069,0.48148148148148157,1.2233606186634038,-2.534149843841321,1.7596622789832348,-1.2199335447094035,0.0606453741297639,0.4103374141702957,0.399362229239814,0.010975184930481663,0.3631644073039193,0.3450701487385332,0.0180942585653861,0.3945444370177566,0.38303132695938835,0.011513110058368248,0.455890516623069,0.34873891889842745,0.10715159772464156,0.48148148148148157,0.39856118714280775,0.08292029433867382,444.0,0.14601186552406065,455.0,0.14963744232036916,499.0,0.16413974950560317,2491.0,0.8206987475280159,2690.0,0.8862887277521424,0.14601186552406065,WACC_0p1_WRT_0p9,0.4333553065260382,1124,False,,,False,False,False,False,False,47.0,0.12041884816753927
IBDD,Electricity,2505,0.73,70,0.7142857142857141,0.5047492957538864,0,62,1745,1283,930,134,63,0.3887934619488797,0.4765562858848585,0.4346807887556472,0.3887934619488797,0.22270073803295595,0.2592592592592596,1.2233606186634038,-2.534149843841321,1.7596622789832348,-1.2199335447094035,0.0606453741297639,0.4765562858848585,0.4215554261223058,0.0550008597625527,0.4346807887556472,0.3920899249936755,0.04259086376197169,0.3887934619488797,0.3760367371229997,0.012756724825880028,0.22270073803295595,0.2424260298955824,0.01972529186262645,0.2592592592592596,0.28280667024213324,0.023547410982873662,602.0,0.1980883322346737,728.0,0.23961766644693475,445.0,0.14634146341463414,752.0,0.24752801582069875,1758.0,0.57910349373764,0.14634146341463414,WACC_0p5_WRT_0p5,0.2821357943309163,1125,False,,,False,False,False,False,False,62.0,0.15968586387434555
IBDD,Electricity,66,0.7,51,0.6071428571428569,0.5583717938339305,0,49,1,1610,553,236,1,0.3238613824217449,0.4209477693574053,0.37462359090599767,0.3238613824217449,0.33929562732801266,0.37037037037037074,1.2233606186634038,-2.534149843841321,1.7596622789832348,-1.2199335447094035,0.0606453741297639,0.4209477693574053,0.40218868509844874,0.01875908425895656,0.37462359090599767,0.34306019952921124,0.03156339137678643,0.3238613824217449,0.45912520696116693,0.13526382453942204,0.33929562732801266,0.41978004952590875,0.08048442219789609,0.37037037037037074,0.4866041858066702,0.11623381543629946,455.0,0.14963744232036916,445.0,0.14634146341463414,1351.0,0.44495715227422544,2882.0,0.9495715227422544,2952.0,0.9726433750823995,0.14634146341463414,WACC_0p3_WRT_0p7,0.5326301911667766,1126,False,,,False,False,False,False,False,49.0,0.1256544502617801
IBDD,Electricity,843,0.73,194,0.7142857142857141,0.3307943335215699,0,179,2949,3356,335,121,7,0.5994374611327238,0.6569540244961497,0.6295103464558416,0.5994374611327238,0.2238848756408467,0.2592592592592596,1.2233606186634038,-2.534149843841321,1.7596622789832348,-1.2199335447094035,0.0606453741297639,0.6569540244961497,0.5809524980315993,0.07600152646455038,0.6295103464558416,0.5718334046525732,0.05767694180326843,0.5994374611327238,0.5629239215469827,0.036513539585741106,0.2238848756408467,0.26604716714060717,0.042162291499760474,0.2592592592592596,0.22712577322843486,0.03213348603082472,2491.0,0.8206987475280159,2557.0,0.8424522083058669,2518.0,0.8295978905735003,1358.0,0.44726433750823996,445.0,0.14634146341463414,0.14634146341463414,WACC_0p9_WRT_0p1,0.6172709294660514,1127,False,,,False,False,False,False,False,179.0,0.46596858638743455
IBDD,Electricity,1445,0.71,56,0.6428571428571426,0.5425645408871178,0,53,716,2148,244,157,129,0.34300256088597536,0.43734047611706295,0.392327714206428,0.34300256088597536,0.3004306642296604,0.3333333333333337,1.2233606186634038,-2.534149843841321,1.7596622789832348,-1.2199335447094035,0.0606453741297639,0.43734047611706295,0.40786851256128226,0.02947196355578069,0.392327714206428,0.3631531645029857,0.0291745497034423,0.34300256088597536,0.37620850889481877,0.03320594800884341,0.3004306642296604,0.31076991858894565,0.010339254359285233,0.3333333333333337,0.37955512299935573,0.04622178966602203,491.0,0.16150296638101516,552.0,0.1816084377059987,446.0,0.14667106130520766,2105.0,0.6934739617666447,2602.0,0.8572841133816743,0.14667106130520766,WACC_0p5_WRT_0p5,0.40810810810810805,1128,False,,,False,False,False,False,False,53.0,0.13612565445026178
IBDD,Electricity,1866,0.73,151,0.7142857142857141,0.3736871857445338,0,143,4052,4853,590,196,21,0.5474980291515862,0.6124725481167796,0.5814703519661221,0.5474980291515862,0.22270073803295595,0.2592592592592596,1.2233606186634038,-2.534149843841321,1.7596622789832348,-1.2199335447094035,0.0606453741297639,0.6124725481167796,0.5675906116246054,0.0448819364921742,0.5814703519661221,0.5562139943498313,0.025256357616290748,0.5474980291515862,0.5599243244963462,0.01242629534476003,0.22270073803295595,0.23708050324916868,0.014379765216212731,0.2592592592592596,0.22714660749221252,0.03211265176704706,2371.0,0.7811470006591957,2425.0,0.7989452867501649,2487.0,0.8193803559657218,626.0,0.2059986816084377,446.0,0.14667106130520766,0.14667106130520766,WACC_0p9_WRT_0p1,0.5504284772577456,1129,False,,,False,False,False,False,False,143.0,0.3717277486910995
IBDD,Electricity,2941,0.68,53,0.5357142857142857,0.5518737344088203,0,53,3778,2054,737,166,142,0.35129761109045354,0.4276864976501123,0.38190141746212125,0.35129761109045354,0.4170255535247168,0.44444444444444453,1.2233606186634038,-2.534149843841321,1.7596622789832348,-1.2199335447094035,0.0606453741297639,0.4276864976501123,0.40081979143191426,0.026866706218198033,0.38190141746212125,0.36468966272918085,0.0172117547329404,0.35129761109045354,0.39552786000356455,0.044230248913111,0.4170255535247168,0.3266421291921745,0.09038342433254232,0.44444444444444453,0.36409294960864735,0.08035149483579718,447.0,0.14700065919578115,561.0,0.1845748187211602,629.0,0.2069874752801582,2271.0,0.7481872116018458,2505.0,0.8253131179960448,0.14700065919578115,WACC_0p1_WRT_0p9,0.422412656558998,1130,False,,,False,False,False,False,False,53.0,0.13612565445026178
IBDD,Electricity,1382,0.71,53,0.6428571428571426,0.5518737344088203,0,50,2840,2040,881,235,153,0.33172995487678936,0.4276864976501123,0.38190141746212125,0.33172995487678936,0.3004306642296604,0.3333333333333337,1.2233606186634038,-2.534149843841321,1.7596622789832348,-1.2199335447094035,0.0606453741297639,0.4276864976501123,0.4054748484958071,0.02221164915430518,0.38190141746212125,0.3434581282209263,0.038443289241194945,0.33172995487678936,0.40077584999852256,0.0690458951217332,0.3004306642296604,0.36797840559946254,0.06754774136980213,0.3333333333333337,0.41690098091474226,0.08356764758140856,474.0,0.15589980224126565,447.0,0.14700065919578115,685.0,0.22544495715227422,2664.0,0.8777191825972314,2756.0,0.9080421885299934,0.14700065919578115,WACC_0p3_WRT_0p7,0.46282135794330914,1131,False,,,False,False,False,False,False,50.0,0.12827225130890052
IBDD,Electricity,1119,0.74,62,0.7499999999999998,0.5253323572805145,0,49,724,1495,300,95,60,0.3638692037398741,0.455210888746133,0.41162775984582367,0.3638692037398741,0.1838357749346038,0.22222222222222254,1.2233606186634038,-2.534149843841321,1.7596622789832348,-1.2199335447094035,0.0606453741297639,0.455210888746133,0.4377172971727102,0.01749359157342284,0.41162775984582367,0.3832164681956653,0.028411291650158377,0.3638692037398741,0.37644503444935523,0.01257583070948115,0.1838357749346038,0.25146942039807074,0.06763364546346695,0.22222222222222254,0.291433718618262,0.06921149639603946,733.0,0.24126565589980223,676.0,0.22247857613711272,448.0,0.14733025708635464,1007.0,0.3315754779169413,1879.0,0.6189848384970337,0.14733025708635464,WACC_0p5_WRT_0p5,0.31232696110744895,1132,False,,,False,False,False,False,False,49.0,0.1256544502617801
IBDD,Electricity,1877,0.71,59,0.6428571428571426,0.5337329569329065,0,56,3310,2371,732,187,173,0.35369682415601933,0.44649915577328214,0.4022190882351447,0.35369682415601933,0.3004306642296604,0.3333333333333337,1.2233606186634038,-2.534149843841321,1.7596622789832348,-1.2199335447094035,0.0606453741297639,0.44649915577328214,0.40098436990494507,0.04551478586833707,0.4022190882351447,0.36058378267865143,0.04163530555649325,0.35369682415601933,0.4138650007051389,0.060168176549119545,0.3004306642296604,0.39227325140317343,0.09184258717351301,0.3333333333333337,0.43025664768233174,0.09692331434899804,448.0,0.14733025708635464,536.0,0.17633487145682267,813.0,0.26763348714568225,2801.0,0.922874093605801,2802.0,0.9232036914963744,0.14733025708635464,WACC_0p1_WRT_0p9,0.487475280158207,1133,False,,,False,False,False,False,False,56.0,0.14397905759162305
IBDD,Electricity,438,0.72,143,0.6785714285714283,0.3829963792662363,0,136,1455,4031,548,178,8,0.5362254231424002,0.602818569649829,0.5710440552218153,0.5362254231424002,0.2615657011313083,0.2962962962962967,1.2233606186634038,-2.534149843841321,1.7596622789832348,-1.2199335447094035,0.0606453741297639,0.602818569649829,0.5533460723845369,0.049472497265292126,0.5710440552218153,0.5357287365054655,0.03531531871634985,0.5362254231424002,0.5471355056116415,0.0109100824692413,0.2615657011313083,0.2427406085586644,0.018825092572643892,0.2962962962962967,0.22718303549376448,0.06911326080253224,2239.0,0.7376400791034937,2249.0,0.7409360580092288,2392.0,0.7880685563612393,760.0,0.25016479894528676,448.0,0.14733025708635464,0.14733025708635464,WACC_0p9_WRT_0p1,0.5328279499011206,1134,False,,,False,False,False,False,False,136.0,0.35340314136125656
IBDD,Electricity,1559,0.74,92,0.7499999999999998,0.4582750386595772,0,79,2479,3443,508,201,26,0.4450696569353127,0.5247518117604384,0.48673195670127345,0.4450696569353127,0.1838357749346038,0.22222222222222254,1.2233606186634038,-2.534149843841321,1.7596622789832348,-1.2199335447094035,0.0606453741297639,0.5247518117604384,0.4986866779793803,0.02606513378105807,0.48673195670127345,0.4773653311571589,0.009366625544114549,0.4450696569353127,0.4803439062380576,0.03527424930274492,0.1838357749346038,0.2296303782298369,0.045794603295233105,0.22222222222222254,0.24476631769728172,0.022544095475059173,1495.0,0.4924192485168095,1589.0,0.5234014502307185,1653.0,0.5444957152274226,449.0,0.14765985497692816,880.0,0.2897165458141068,0.14765985497692816,WACC_0p7_WRT_0p3,0.3995385629531971,1135,False,,,False,False,False,False,False,79.0,0.20418848167539266
IBDD,Electricity,988,0.73,365,0.7142857142857141,0.2223851621224507,0,283,4744,686,310,140,1,0.7307113329365083,0.7693783503915326,0.7509286184228552,0.7307113329365083,0.27444469699224316,0.2592592592592596,1.2233606186634038,-2.534149843841321,1.7596622789832348,-1.2199335447094035,0.0606453741297639,0.7693783503915326,0.6264912257944896,0.142887124597043,0.7509286184228552,0.6096066877070179,0.14132193071583732,0.7307113329365083,0.5857354127367592,0.14497592019974903,0.27444469699224316,0.2634417754801303,0.011002921512112851,0.2592592592592596,0.22726550687821004,0.03199375238104954,2774.0,0.9139749505603164,2748.0,0.9054054054054054,2657.0,0.8754119973632168,1306.0,0.43012524719841794,449.0,0.14765985497692816,0.14765985497692816,WACC_0p9_WRT_0p1,0.654515491100857,1136,False,,,False,False,False,False,False,283.0,0.7382198952879581
IBDD,Electricity,2502,0.74,46,0.7499999999999998,0.5757783350642198,0,33,3812,838,857,146,64,0.30278360798142806,0.40289654141488307,0.3551282647280737,0.30278360798142806,0.1838357749346038,0.22222222222222254,1.2233606186634038,-2.534149843841321,1.7596622789832348,-1.2199335447094035,0.0606453741297639,0.40289654141488307,0.42475154452844055,0.02185500311355748,0.3551282647280737,0.37863597339837896,0.023507708670305272,0.30278360798142806,0.3766829334248485,0.07389932544342043,0.1838357749346038,0.23688853111393224,0.05305275617932845,0.22222222222222254,0.2663030483697471,0.044080826147524566,630.0,0.2073170731707317,644.0,0.2119314436387607,450.0,0.14798945286750165,619.0,0.20369149637442321,1415.0,0.46605141727092947,0.14798945286750165,WACC_0p5_WRT_0p5,0.24739617666446936,1137,False,,,False,False,False,False,False,33.0,0.08376963350785341
IBDD,Electricity,2473,0.71,70,0.6428571428571426,0.5047492957538864,0,67,992,2310,68,171,27,0.3887934619488797,0.4765562858848585,0.4346807887556472,0.3887934619488797,0.3004306642296604,0.3333333333333337,1.2233606186634038,-2.534149843841321,1.7596622789832348,-1.2199335447094035,0.0606453741297639,0.4765562858848585,0.47689332652605526,0.000337040641196773,0.4346807887556472,0.4494002787579303,0.01471949000228312,0.3887934619488797,0.4461797816992754,0.05738631975039571,0.3004306642296604,0.22970492414559687,0.07072574008406354,0.3333333333333337,0.23946422985128138,0.09386910348205232,1170.0,0.3852999340804219,1234.0,0.40639419907712593,1184.0,0.3899143045484509,450.0,0.14798945286750165,746.0,0.24555042847725775,0.14798945286750165,WACC_0p7_WRT_0p3,0.31502966381015163,1138,False,,,False,False,False,False,False,67.0,0.17277486910994763
IBDD,Electricity,1242,0.73,152,0.7142857142857141,0.3725581447239429,0,144,559,4531,967,132,4,0.5488651974850901,0.6136434054714666,0.5827348779091839,0.5488651974850901,0.22270073803295595,0.2592592592592596,1.2233606186634038,-2.534149843841321,1.7596622789832348,-1.2199335447094035,0.0606453741297639,0.6136434054714666,0.5670108329382333,0.046632572533233274,0.5827348779091839,0.5458421728055224,0.036892705103661494,0.5488651974850901,0.5429267783588604,0.0059384191262297215,0.22270073803295595,0.2626772546407544,0.03997651660779847,0.2592592592592596,0.22729091582286956,0.03196834343639002,2367.0,0.7798286090969018,2331.0,0.7679630850362558,2353.0,0.7752142386288727,1296.0,0.4268292682926829,450.0,0.14798945286750165,0.14798945286750165,WACC_0p9_WRT_0p1,0.579564930784443,1139,False,,,False,False,False,False,False,144.0,0.3743455497382199
IBDD,Electricity,2687,0.71,50,0.6428571428571426,0.5617151637134581,0,47,627,1633,868,202,53,0.31981285863641046,0.4174805709638212,0.3708790166409269,0.31981285863641046,0.3004306642296604,0.3333333333333337,1.2233606186634038,-2.534149843841321,1.7596622789832348,-1.2199335447094035,0.0606453741297639,0.4174805709638212,0.4224128519384426,0.004932280974621395,0.3708790166409269,0.36861842551785545,0.0022605911230714204,0.31981285863641046,0.37673448593076375,0.056921627294353294,0.3004306642296604,0.24063661729169036,0.05979404693797005,0.3333333333333337,0.28158804327435916,0.05174529005897455,610.0,0.2007251153592617,581.0,0.1911667765326302,451.0,0.14831905075807514,705.0,0.23203691496374423,1738.0,0.5725115359261701,0.14831905075807514,WACC_0p5_WRT_0p5,0.26895187870797627,1140,False,,,False,False,False,False,False,47.0,0.12041884816753927
IBDD,Electricity,2702,0.73,104,0.7142857142857141,0.4373793521924517,0,96,4627,3573,916,238,27,0.47037247616302047,0.5464214125411612,0.5101351255444541,0.47037247616302047,0.22270073803295595,0.2592592592592596,1.2233606186634038,-2.534149843841321,1.7596622789832348,-1.2199335447094035,0.0606453741297639,0.5464214125411612,0.5385317889776741,0.007889623563487103,0.5101351255444541,0.5214456960709337,0.011310570526479657,0.47037247616302047,0.5279659305605143,0.05759345439749386,0.22270073803295595,0.22974507163349137,0.007044333600535413,0.2592592592592596,0.23054645246035022,0.028712806798909363,2078.0,0.6845748187211602,2115.0,0.6967699406723797,2218.0,0.7307185234014503,451.0,0.14831905075807514,508.0,0.16710613052076467,0.14831905075807514,WACC_0p7_WRT_0p3,0.48549769281476596,1141,False,,,False,False,False,False,False,96.0,0.2486910994764398
IBDD,Electricity,1336,0.73,85,0.7142857142857141,0.4717483562690882,0,77,3406,2862,474,198,56,0.4287546667383026,0.5107794823876122,0.4716418409786212,0.4287546667383026,0.22270073803295595,0.2592592592592596,1.2233606186634038,-2.534149843841321,1.7596622789832348,-1.2199335447094035,0.0606453741297639,0.5107794823876122,0.4771269723314171,0.03365251005619507,0.4716418409786212,0.455894642689229,0.015747198289392195,0.4287546667383026,0.4441298476670957,0.015375180928793086,0.22270073803295595,0.22982441439089057,0.007123676357934622,0.2592592592592596,0.25797151639353094,0.001287742865728636,1174.0,0.38661832564271587,1313.0,0.43243243243243246,1162.0,0.38266315095583386,452.0,0.14864864864864866,1209.0,0.3981542518127884,0.14864864864864866,WACC_0p7_WRT_0p3,0.34970336189848383,1142,False,,,False,False,False,False,False,77.0,0.19895287958115182
IBDD,Electricity,5,0.7,59,0.6071428571428569,0.5337329569329065,0,57,2138,2203,138,187,120,0.35369682415601933,0.44649915577328214,0.4022190882351447,0.35369682415601933,0.33929562732801266,0.37037037037037074,1.2233606186634038,-2.534149843841321,1.7596622789832348,-1.2199335447094035,0.0606453741297639,0.44649915577328214,0.4107809560451431,0.035718199728139055,0.4022190882351447,0.36677561646156703,0.03544347177357765,0.35369682415601933,0.3768693760695579,0.023172551913538564,0.33929562732801266,0.3162827786398623,0.023012848688150345,0.37037037037037074,0.36705904358450536,0.003311326785865376,512.0,0.16842452208305866,574.0,0.18885959129861568,452.0,0.14864864864864866,2162.0,0.7122610415293342,2527.0,0.8325642715886619,0.14864864864864866,WACC_0p5_WRT_0p5,0.41015161502966385,1143,False,,,False,False,False,False,False,57.0,0.14659685863874344
IBDD,Electricity,2282,0.71,59,0.6428571428571426,0.5337329569329065,0,56,3088,2297,928,203,190,0.35369682415601933,0.44649915577328214,0.4022190882351447,0.35369682415601933,0.3004306642296604,0.3333333333333337,1.2233606186634038,-2.534149843841321,1.7596622789832348,-1.2199335447094035,0.0606453741297639,0.44649915577328214,0.40202072811983974,0.0444784276534424,0.4022190882351447,0.3501017306880365,0.05211735754710817,0.35369682415601933,0.4302884524598424,0.07659162830382304,0.3004306642296604,0.4159641476111443,0.11553348338148389,0.3333333333333337,0.4668761111561824,0.13354277782284868,452.0,0.14864864864864866,485.0,0.15952537903757416,980.0,0.3226763348714568,2871.0,0.9459459459459459,2908.0,0.9581410678971655,0.14864864864864866,WACC_0p1_WRT_0p9,0.5069874752801582,1144,False,,,False,False,False,False,False,56.0,0.14397905759162305
IBDD,Electricity,650,0.73,198,0.7142857142857141,0.3272982105886909,0,183,4299,4222,638,171,4,0.6036709552898866,0.6605796334635798,0.6334260041406661,0.6036709552898866,0.22551539590613048,0.2592592592592596,1.2233606186634038,-2.534149843841321,1.7596622789832348,-1.2199335447094035,0.0606453741297639,0.6605796334635798,0.5904250444137832,0.07015458904979666,0.6334260041406661,0.582476456209456,0.05094954793121009,0.6036709552898866,0.5941519000777434,0.009519055212143135,0.22551539590613048,0.2655187270210237,0.04000333111489321,0.2592592592592596,0.227395623048517,0.03186363621074259,2568.0,0.8460777851021754,2626.0,0.8651944627554383,2699.0,0.8892551087673038,1347.0,0.4436387607119314,452.0,0.14864864864864866,0.14864864864864866,WACC_0p9_WRT_0p1,0.6385629531970995,1145,False,,,False,False,False,False,False,183.0,0.47643979057591623
IBDD,Electricity,109,0.73,111,0.7142857142857141,0.4262672297500796,0,103,707,1403,1000,129,3,0.48382826886156854,0.5579450950739915,0.5225807026799109,0.48382826886156854,0.22270073803295595,0.2592592592592596,1.2233606186634038,-2.534149843841321,1.7596622789832348,-1.2199335447094035,0.0606453741297639,0.5579450950739915,0.5240276803391499,0.033917414734841556,0.5225807026799109,0.4771978597836193,0.045382842896291575,0.48382826886156854,0.46838181768738507,0.015446451174183473,0.22270073803295595,0.24693668979616917,0.02423595176321322,0.2592592592592596,0.22766634630656915,0.03159291295269043,1885.0,0.6209624258404747,1586.0,0.522412656558998,1473.0,0.4851680949241925,882.0,0.2903757415952538,453.0,0.14897824653922215,0.14897824653922215,WACC_0p9_WRT_0p1,0.41357943309162826,1146,False,,,False,False,False,False,False,103.0,0.2670157068062827
IBDD,Electricity,887,0.74,108,0.7499999999999998,0.4309420365106688,0,94,843,3733,39,249,7,0.478167493343437,0.5530971473222692,0.5173449191080508,0.478167493343437,0.1838357749346038,0.22222222222222254,1.2233606186634038,-2.534149843841321,1.7596622789832348,-1.2199335447094035,0.0606453741297639,0.5530971473222692,0.5248122051739614,0.02828494214830779,0.5173449191080508,0.5081105527105301,0.009234366397520732,0.478167493343437,0.5028810010238107,0.024713507680373725,0.1838357749346038,0.22983806113266741,0.046002286198063624,0.22222222222222254,0.233499868684089,0.011277646461866464,1900.0,0.6259063941990771,1979.0,0.6519446275543836,1963.0,0.6466710613052077,453.0,0.14897824653922215,585.0,0.1924851680949242,0.14897824653922215,WACC_0p7_WRT_0p3,0.4531970995385629,1147,False,,,False,False,False,False,False,94.0,0.24345549738219896
IBDD,Electricity,1217,0.73,56,0.7142857142857141,0.5425645408871178,0,48,4772,746,553,224,50,0.34300256088597536,0.43734047611706295,0.392327714206428,0.34300256088597536,0.22270073803295595,0.2592592592592596,1.2233606186634038,-2.534149843841321,1.7596622789832348,-1.2199335447094035,0.0606453741297639,0.43734047611706295,0.42728505698828506,0.010055419128777887,0.392327714206428,0.38121895963226343,0.011108754574164548,0.34300256088597536,0.3815139508437903,0.038511389957814945,0.22270073803295595,0.22986585081137936,0.00716511277842341,0.2592592592592596,0.24365273747990804,0.01560652177935154,646.0,0.21259063941990772,657.0,0.21621621621621623,480.0,0.15787738958470665,454.0,0.14930784442979564,850.0,0.27982860909690177,0.14930784442979564,WACC_0p7_WRT_0p3,0.2031641397495056,1148,False,,,False,False,False,False,False,48.0,0.12303664921465969
IBDD,Electricity,1315,0.73,72,0.7142857142857141,0.499966262112698,0,64,1488,2026,354,189,148,0.3945852906008571,0.4815164689201649,0.44003778643377817,0.3945852906008571,0.22270073803295595,0.2592592592592596,1.2233606186634038,-2.534149843841321,1.7596622789832348,-1.2199335447094035,0.0606453741297639,0.4815164689201649,0.4021582656841069,0.07935820323605802,0.44003778643377817,0.35387909760888375,0.08615868882489441,0.3945852906008571,0.39799829846650736,0.0034130078656502416,0.22270073803295595,0.35509079836112384,0.13239006032816789,0.2592592592592596,0.40143867783694615,0.14217941857768657,454.0,0.14930784442979564,495.0,0.16282135794330915,651.0,0.21423862887277523,2556.0,0.8421226104152933,2700.0,0.8895847066578774,0.14930784442979564,WACC_0p1_WRT_0p9,0.4516150296638101,1149,False,,,False,False,False,False,False,64.0,0.1649214659685864
IBDD,Electricity,934,0.73,212,0.7142857142857141,0.3155922767643708,0,195,989,4763,874,158,7,0.6178458007975598,0.6727191203925043,0.6465366500239046,0.6178458007975598,0.23097480413949792,0.2592592592592596,1.2233606186634038,-2.534149843841321,1.7596622789832348,-1.2199335447094035,0.0606453741297639,0.6727191203925043,0.5707787385199996,0.10194038187250465,0.6465366500239046,0.5588954343058813,0.0876412157180233,0.6178458007975598,0.548256496318034,0.06958930447952583,0.23097480413949792,0.25426969561751345,0.023294891478015528,0.2592592592592596,0.22771249735196109,0.03154676190729849,2405.0,0.7923533289386948,2453.0,0.8081740276862228,2401.0,0.7910349373764007,1083.0,0.35662491760052734,454.0,0.14930784442979564,0.14930784442979564,WACC_0p9_WRT_0p1,0.5794990112063283,1150,False,,,False,False,False,False,False,195.0,0.5078534031413613
IBDD,Electricity,1587,0.73,65,0.7142857142857141,0.5173226275773177,0,57,3839,1265,914,250,81,0.3735682745534433,0.46351727510500373,0.42059865711340405,0.3735682745534433,0.22270073803295595,0.2592592592592596,1.2233606186634038,-2.534149843841321,1.7596622789832348,-1.2199335447094035,0.0606453741297639,0.46351727510500373,0.42094081817716583,0.0425764569278379,0.42059865711340405,0.36534703825918,0.05525161885422403,0.3735682745534433,0.37717609421305126,0.003607819659607936,0.22270073803295595,0.25299612160040563,0.03029538356744968,0.2592592592592596,0.2889402417288695,0.02968098246960993,597.0,0.1964403427818062,566.0,0.1862228081740277,455.0,0.14963744232036916,1047.0,0.34475939353988133,1847.0,0.6084377059986816,0.14963744232036916,WACC_0p5_WRT_0p5,0.29709953856295324,1151,False,,,False,False,False,False,False,57.0,0.14659685863874344
IBDD,Electricity,1386,0.73,94,0.7142857142857141,0.454611535799055,0,86,3863,3234,517,235,28,0.44950583330912175,0.5285509999120911,0.49083507990505837,0.44950583330912175,0.22270073803295595,0.2592592592592596,1.2233606186634038,-2.534149843841321,1.7596622789832348,-1.2199335447094035,0.0606453741297639,0.5285509999120911,0.5230190864229165,0.005531913489174589,0.49083507990505837,0.5085617464860794,0.017726666581021067,0.44950583330912175,0.5018013298362215,0.05229549652709975,0.22270073803295595,0.23004002721345362,0.007339289180497671,0.2592592592592596,0.22805224146103958,0.031207017798219994,1871.0,0.6163480553724456,1984.0,0.6535926170072511,1950.0,0.6423862887277522,455.0,0.14963744232036916,461.0,0.15161502966381016,0.14963744232036916,WACC_0p7_WRT_0p3,0.4427158866183256,1152,False,,,False,False,False,False,False,86.0,0.22251308900523561
IBDD,Electricity,1582,0.73,71,0.7142857142857141,0.5023411706436027,0,63,2934,2219,984,169,40,0.3917094874376366,0.4790536008140415,0.4373778888791649,0.3917094874376366,0.22270073803295595,0.2592592592592596,1.2233606186634038,-2.534149843841321,1.7596622789832348,-1.2199335447094035,0.0606453741297639,0.4790536008140415,0.4567733397953726,0.022280261018668923,0.4373778888791649,0.43875314177858904,0.0013752528994241398,0.3917094874376366,0.43099216362984266,0.039282676192206045,0.22270073803295595,0.23006571864347053,0.0073649806105145765,0.2592592592592596,0.25038807438258764,0.008871184876671934,925.0,0.3045484508899143,1130.0,0.3721160184574819,991.0,0.32630191166776534,456.0,0.14996704021094265,1033.0,0.34014502307185235,0.14996704021094265,WACC_0p7_WRT_0p3,0.29861568885959133,1153,False,,,False,False,False,False,False,63.0,0.16230366492146597
IBDD,Electricity,136,0.72,44,0.6785714285714283,0.5832655206981239,0,37,1,1447,176,108,10,0.2937172915951722,0.3951320526093529,0.34674261681810115,0.2937172915951722,0.2615657011313083,0.2962962962962967,1.2233606186634038,-2.534149843841321,1.7596622789832348,-1.2199335447094035,0.0606453741297639,0.3951320526093529,0.4024787254141853,0.007346672804832366,0.34674261681810115,0.3630145239837308,0.01627190716562965,0.2937172915951722,0.4162025635288082,0.12248527193363601,0.2615657011313083,0.3745353605342291,0.11296965940292081,0.2962962962962967,0.41124660601726637,0.11495030972096965,457.0,0.15029663810151614,550.0,0.18094924192485168,830.0,0.2732366512854318,2717.0,0.8951878707976269,2735.0,0.9011206328279499,0.15029663810151614,WACC_0p1_WRT_0p9,0.4801582069874753,1154,False,,,False,False,False,False,False,37.0,0.09424083769633508
IBDD,Electricity,1312,0.73,105,0.7142857142857141,0.4357473197013715,0,97,1106,3816,725,215,29,0.47234872246440507,0.5481138906800592,0.5119630019344639,0.47234872246440507,0.22270073803295595,0.2592592592592596,1.2233606186634038,-2.534149843841321,1.7596622789832348,-1.2199335447094035,0.0606453741297639,0.5481138906800592,0.5164584197339939,0.031655470946065356,0.5119630019344639,0.4972899976631831,0.014673004271280765,0.47234872246440507,0.5016751900325813,0.02932646756817625,0.22270073803295595,0.23013457402604146,0.0074338359930855025,0.2592592592592596,0.2343904442203688,0.024868815038890768,1777.0,0.5853658536585366,1835.0,0.6044825313117996,1949.0,0.6420566908371786,458.0,0.15062623599208966,616.0,0.20270270270270271,0.15062623599208966,WACC_0p7_WRT_0p3,0.43704680290046144,1155,False,,,False,False,False,False,False,97.0,0.2513089005235602
IBDD,Electricity,524,0.74,120,0.7499999999999998,0.4129592931336661,0,106,2250,3292,220,149,7,0.4999429973740139,0.5717459182317536,0.537485591690294,0.4999429973740139,0.18556481816122614,0.22222222222222254,1.2233606186634038,-2.534149843841321,1.7596622789832348,-1.2199335447094035,0.0606453741297639,0.5717459182317536,0.5335004378237842,0.03824548040796938,0.537485591690294,0.5253536405239049,0.012131951166389099,0.4999429973740139,0.5109266296628963,0.010983632288882383,0.18556481816122614,0.24674740437102932,0.061182586209803186,0.22222222222222254,0.22800878361272361,0.0057865613905010715,2017.0,0.6644693473961767,2143.0,0.7059986816084377,2068.0,0.6812788398154251,878.0,0.2890573500329598,459.0,0.15095583388266315,0.15095583388266315,WACC_0p9_WRT_0p1,0.49835201054713246,1156,False,,,False,False,False,False,False,106.0,0.27486910994764396
IBDD,Electricity,1330,0.71,63,0.6428571428571426,0.5226208344905343,0,60,4530,2454,741,248,246,0.3671526168545674,0.4580228383061125,0.4146646653706015,0.3671526168545674,0.3004306642296604,0.3333333333333337,1.2233606186634038,-2.534149843841321,1.7596622789832348,-1.2199335447094035,0.0606453741297639,0.4580228383061125,0.4027055771437583,0.05531726116235419,0.4146646653706015,0.3607233710447518,0.05394129432584971,0.3671526168545674,0.4602943548032411,0.0931417379486737,0.3004306642296604,0.45654085875304956,0.15611019452338915,0.3333333333333337,0.4913031754570129,0.1579698421236792,459.0,0.15095583388266315,538.0,0.17699406723796968,1371.0,0.4515491100856954,2971.0,0.978905735003296,2966.0,0.9772577455504284,0.15095583388266315,WACC_0p1_WRT_0p9,0.5471324983520105,1157,False,,,False,False,False,False,False,60.0,0.1544502617801047
IBDD,Electricity,1649,0.72,67,0.6785714285714283,0.5121825999482407,0,60,3482,1665,711,237,55,0.3797923911972576,0.46884767412775036,0.4263554880579704,0.3797923911972576,0.2615657011313083,0.2962962962962967,1.2233606186634038,-2.534149843841321,1.7596622789832348,-1.2199335447094035,0.0606453741297639,0.46884767412775036,0.4444640633870807,0.024383610740669637,0.4263554880579704,0.40292014285106503,0.023435345206905378,0.3797923911972576,0.40587669830312845,0.02608430710587084,0.2615657011313083,0.23021507741735586,0.03135062371395242,0.2962962962962967,0.270429935913066,0.025866360383230702,803.0,0.2643375082399473,808.0,0.26598549769281477,720.0,0.23698088332234674,460.0,0.15128543177323664,1515.0,0.4990112063282795,0.15128543177323664,WACC_0p7_WRT_0p3,0.28352010547132495,1158,False,,,False,False,False,False,False,60.0,0.1544502617801047
IBDD,Electricity,2402,0.74,50,0.7499999999999998,0.5617151637134581,0,37,3684,7,504,77,70,0.31981285863641046,0.4174805709638212,0.3708790166409269,0.31981285863641046,0.1838357749346038,0.22222222222222254,1.2233606186634038,-2.534149843841321,1.7596622789832348,-1.2199335447094035,0.0606453741297639,0.4174805709638212,0.4138632267132856,0.003617344250535559,0.3708790166409269,0.34646031609297356,0.02441870054795331,0.31981285863641046,0.40424073884279865,0.0844278802063882,0.1838357749346038,0.2732606861118296,0.08942491117722579,0.22222222222222254,0.29662508644981544,0.0744028642275929,532.0,0.17501647989452868,460.0,0.15128543177323664,709.0,0.23335530652603823,1506.0,0.496044825313118,1954.0,0.6437046802900461,0.15128543177323664,WACC_0p3_WRT_0p7,0.3398813447593935,1159,False,,,False,False,False,False,False,37.0,0.09424083769633508
IBDD,Electricity,1417,0.74,40,0.7499999999999998,0.5992936564701963,0,28,2902,92,359,105,48,0.2743086436603003,0.37851028217905563,0.3287911047533801,0.2743086436603003,0.1838357749346038,0.22222222222222254,1.2233606186634038,-2.534149843841321,1.7596622789832348,-1.2199335447094035,0.0606453741297639,0.37851028217905563,0.4231812314650667,0.044670949286011064,0.3287911047533801,0.34662672237728887,0.017835617623908784,0.2743086436603003,0.38457942082664237,0.1102707771663421,0.1838357749346038,0.2556536178735737,0.07181784293896992,0.22222222222222254,0.26704030870676393,0.044818086484541386,616.0,0.20270270270270271,461.0,0.15161502966381016,509.0,0.16743572841133816,1118.0,0.3681608437705999,1435.0,0.47264337508239945,0.15161502966381016,WACC_0p3_WRT_0p7,0.27251153592617006,1160,False,,,False,False,False,False,False,28.0,0.07068062827225131
IBDD,Electricity,1551,0.73,78,0.7142857142857141,0.4863661844748775,0,70,594,1878,562,105,39,0.41105377592647485,0.49562025313716407,0.4552698733881372,0.41105377592647485,0.22270073803295595,0.2592592592592596,1.2233606186634038,-2.534149843841321,1.7596622789832348,-1.2199335447094035,0.0606453741297639,0.49562025313716407,0.47155814168742344,0.02406211144974063,0.4552698733881372,0.42244858432903076,0.03282128905910642,0.41105377592647485,0.3942473469728471,0.016806428953627772,0.22270073803295595,0.23027674196192127,0.007576003928965319,0.2592592592592596,0.25296076680815216,0.006298492451107418,1101.0,0.36255767963085034,969.0,0.3190507580751483,613.0,0.2017139090309822,463.0,0.15227422544495714,1092.0,0.35959129861568884,0.15227422544495714,WACC_0p7_WRT_0p3,0.27903757415952535,1161,False,,,False,False,False,False,False,70.0,0.1806282722513089
IBDD,Electricity,923,0.74,47,0.7499999999999998,0.5721533982557516,0,34,130,1034,961,108,7,0.30717308429372037,0.40665573514218345,0.35918819395355817,0.30717308429372037,0.1838357749346038,0.22222222222222254,1.2233606186634038,-2.534149843841321,1.7596622789832348,-1.2199335447094035,0.0606453741297639,0.40665573514218345,0.4291269563715418,0.02247122122935835,0.35918819395355817,0.39738656186770405,0.03819836791414588,0.30717308429372037,0.3792911441510485,0.07211805985732811,0.1838357749346038,0.2580540723963638,0.07421829746176001,0.22222222222222254,0.2698666792720301,0.047644457049807576,654.0,0.21522742254449573,770.0,0.2534607778510218,463.0,0.15227422544495714,1174.0,0.38661832564271587,1505.0,0.4957152274225445,0.15227422544495714,WACC_0p5_WRT_0p5,0.30065919578114697,1162,False,,,False,False,False,False,False,34.0,0.08638743455497382
IBDD,Electricity,1939,0.73,53,0.7142857142857141,0.5518737344088203,0,45,1171,1989,701,242,126,0.33172995487678936,0.4276864976501123,0.38190141746212125,0.33172995487678936,0.22270073803295595,0.2592592592592596,1.2233606186634038,-2.534149843841321,1.7596622789832348,-1.2199335447094035,0.0606453741297639,0.4276864976501123,0.4030237431929139,0.0246627544571984,0.38190141746212125,0.349416322631363,0.03248509483075823,0.33172995487678936,0.39204076439133656,0.0603108095145472,0.22270073803295595,0.33694180685034814,0.11424106881739218,0.2592592592592596,0.38814481804485607,0.1288855587855965,463.0,0.15227422544495714,480.0,0.15787738958470665,587.0,0.1931443638760712,2379.0,0.7837837837837838,2650.0,0.8731048121292023,0.15227422544495714,WACC_0p1_WRT_0p9,0.43203691496374425,1163,False,,,False,False,False,False,False,45.0,0.11518324607329843
IBDD,Electricity,2816,0.73,65,0.7142857142857141,0.5173226275773177,0,57,578,1398,458,87,34,0.3735682745534433,0.46351727510500373,0.42059865711340405,0.3735682745534433,0.22270073803295595,0.2592592592592596,1.2233606186634038,-2.534149843841321,1.7596622789832348,-1.2199335447094035,0.0606453741297639,0.46351727510500373,0.46135686664856906,0.0021604084564346704,0.42059865711340405,0.4188959045688523,0.0017027525445517666,0.3735682745534433,0.3988304062082561,0.02526213165481278,0.22270073803295595,0.23028910515558135,0.007588367122625395,0.2592592592592596,0.2508046709327029,0.008454588326556656,974.0,0.3206987475280158,943.0,0.31048121292023734,664.0,0.21852340145023072,464.0,0.15260382333553066,1041.0,0.34278180619644033,0.15260382333553066,WACC_0p7_WRT_0p3,0.26901779828609096,1164,False,,,False,False,False,False,False,57.0,0.14659685863874344
IBDD,Electricity,2115,0.73,86,0.7142857142857141,0.4697578353865064,0,78,3258,1609,442,121,39,0.4311650106214855,0.5128437262658452,0.4738712243671128,0.4311650106214855,0.22270073803295595,0.2592592592592596,1.2233606186634038,-2.534149843841321,1.7596622789832348,-1.2199335447094035,0.0606453741297639,0.5128437262658452,0.4843734344537262,0.028470291812118964,0.4738712243671128,0.45131372900309097,0.02255749536402185,0.4311650106214855,0.4273378199443105,0.003827190677174963,0.22270073803295595,0.23030133521601617,0.00760059718306022,0.2592592592592596,0.2528663818871359,0.006392877372123684,1269.0,0.4179301252471984,1253.0,0.4126565589980224,962.0,0.3167435728411338,465.0,0.15293342122610415,1089.0,0.35860250494396834,0.15293342122610415,WACC_0p7_WRT_0p3,0.33177323665128544,1165,False,,,False,False,False,False,False,78.0,0.20157068062827224
IBDD,Electricity,2779,0.71,47,0.6428571428571426,0.5721533982557516,0,44,2093,1612,162,85,67,0.30717308429372037,0.40665573514218345,0.35918819395355817,0.30717308429372037,0.3004306642296604,0.3333333333333337,1.2233606186634038,-2.534149843841321,1.7596622789832348,-1.2199335447094035,0.0606453741297639,0.40665573514218345,0.4303054103479139,0.02364967520573047,0.35918819395355817,0.38348912596245216,0.024300932008893994,0.30717308429372037,0.3801404873310806,0.07296740303736021,0.3004306642296604,0.28833959593971015,0.012091068289950269,0.3333333333333337,0.33358555446252924,0.00025222112919554007,670.0,0.22050098879367172,679.0,0.22346736980883322,465.0,0.15293342122610415,1780.0,0.5863546473302571,2290.0,0.7544495715227423,0.15293342122610415,WACC_0p5_WRT_0p5,0.3875411997363217,1166,False,,,False,False,False,False,False,44.0,0.112565445026178
IBDD,Electricity,1723,0.74,218,0.7499999999999998,0.3108092431231825,0,193,3969,3552,371,154,2,0.6236376294495372,0.6776793034278108,0.6518936477020356,0.6236376294495372,0.23320551325105343,0.22222222222222254,1.2233606186634038,-2.534149843841321,1.7596622789832348,-1.2199335447094035,0.0606453741297639,0.6776793034278108,0.5999623952530903,0.07771690817472054,0.6518936477020356,0.5891714546930964,0.06272219300893922,0.6236376294495372,0.6067201603743819,0.016917469075155234,0.23320551325105343,0.2732433227262922,0.04003780947523877,0.22222222222222254,0.22826110139978814,0.006038879177565598,2633.0,0.8675016479894528,2662.0,0.8770599868160843,2754.0,0.9073829927488464,1505.0,0.4957152274225445,465.0,0.15293342122610415,0.15293342122610415,WACC_0p9_WRT_0p1,0.6601186552406064,1167,False,,,False,False,False,False,False,193.0,0.5026178010471204
IBDD,Electricity,2095,0.74,37,0.7499999999999998,0.6123767684992667,0,25,2136,1054,803,113,22,0.2584661577420591,0.3649426104452048,0.31413801928082125,0.2584661577420591,0.1838357749346038,0.22222222222222254,1.2233606186634038,-2.534149843841321,1.7596622789832348,-1.2199335447094035,0.0606453741297639,0.3649426104452048,0.48404126752632637,0.11909865708112155,0.31413801928082125,0.4358497897797072,0.12171177049888593,0.2584661577420591,0.40716803137779173,0.14870187363573262,0.1838357749346038,0.23035133499158594,0.04651556005698215,0.22222222222222254,0.25450169288310726,0.03227947066088471,1263.0,0.4159525379037574,1094.0,0.3602504943968359,738.0,0.24291364535266974,466.0,0.15326301911667764,1129.0,0.37178642056690836,0.15326301911667764,WACC_0p7_WRT_0p3,0.3088332234673698,1168,False,,,False,False,False,False,False,25.0,0.06282722513089005
IBDD,Electricity,1705,0.73,80,0.7142857142857141,0.4820615067966712,0,72,1666,1914,472,236,85,0.41626635802070583,0.5000843633219706,0.46009111238772826,0.41626635802070583,0.22270073803295595,0.2592592592592596,1.2233606186634038,-2.534149843841321,1.7596622789832348,-1.2199335447094035,0.0606453741297639,0.5000843633219706,0.4293332323881915,0.0707511309337791,0.46009111238772826,0.3814433663512348,0.07864774603649344,0.41626635802070583,0.3801892083308159,0.036077149689889954,0.22270073803295595,0.2638900883717972,0.041189350338841274,0.2592592592592596,0.3140196603675531,0.0547604011082935,657.0,0.21621621621621623,659.0,0.2168754119973632,466.0,0.15326301911667764,1323.0,0.4357284113381674,2137.0,0.7040210942649967,0.15326301911667764,WACC_0p5_WRT_0p5,0.3452208305866843,1169,False,,,False,False,False,False,False,72.0,0.18586387434554974
IBDD,Electricity,2497,0.71,55,0.6428571428571426,0.5456120211274459,0,52,4848,2181,328,217,201,0.33931233315680515,0.4341801262382042,0.3889145363372606,0.33931233315680515,0.3004306642296604,0.3333333333333337,1.2233606186634038,-2.534149843841321,1.7596622789832348,-1.2199335447094035,0.0606453741297639,0.4341801262382042,0.4032196887538688,0.030960437484335357,0.3889145363372606,0.3500544698528078,0.03886006648445278,0.33931233315680515,0.4429972287411357,0.10368489558433053,0.3004306642296604,0.42419434998183025,0.12376368575216984,0.3333333333333337,0.4447695733934961,0.1114362400601624,466.0,0.15326301911667764,484.0,0.15919578114700067,1146.0,0.3773895847066579,2894.0,0.9535266974291364,2844.0,0.9370468029004614,0.15326301911667764,WACC_0p1_WRT_0p9,0.5160843770599868,1170,False,,,False,False,False,False,False,52.0,0.13350785340314136
IBDD,Electricity,2195,0.73,142,0.7142857142857141,0.3841962317781302,0,134,4141,4215,881,159,21,0.5347725083862314,0.601574278156013,0.5697002204084941,0.5347725083862314,0.22270073803295595,0.2592592592592596,1.2233606186634038,-2.534149843841321,1.7596622789832348,-1.2199335447094035,0.0606453741297639,0.601574278156013,0.5696675636179339,0.03190671453807914,0.5697002204084941,0.5561624983529421,0.013537722055552037,0.5347725083862314,0.5650796771022183,0.030307168715986932,0.22270073803295595,0.243296763181259,0.020596025148303054,0.2592592592592596,0.22829429095963158,0.030964968299628,2392.0,0.7880685563612393,2423.0,0.7982860909690178,2532.0,0.8342122610415293,777.0,0.25576796308503624,466.0,0.15326301911667764,0.15326301911667764,WACC_0p9_WRT_0p1,0.5659195781147,1171,False,,,False,False,False,False,False,134.0,0.3481675392670157
IBDD,Electricity,196,0.73,37,0.7142857142857141,0.6123767684992667,0,29,2436,1,1000,148,7,0.2584661577420591,0.3649426104452048,0.31413801928082125,0.2584661577420591,0.22270073803295595,0.2592592592592596,1.2233606186634038,-2.534149843841321,1.7596622789832348,-1.2199335447094035,0.0606453741297639,0.3649426104452048,0.42247120682245554,0.05752859637725072,0.31413801928082125,0.37504905489895113,0.06091103561812988,0.2584661577420591,0.3802411384854828,0.12177498074342369,0.22270073803295595,0.24608273915769416,0.023382001124738205,0.2592592592592596,0.2718388037378306,0.012579544478571014,611.0,0.2010547132498352,623.0,0.2050098879367172,467.0,0.15359261700725116,858.0,0.2824653922214898,1557.0,0.5128543177323666,0.15359261700725116,WACC_0p5_WRT_0p5,0.27099538562953196,1172,False,,,False,False,False,False,False,29.0,0.07329842931937172
IBDD,Electricity,1821,0.73,85,0.7142857142857141,0.4717483562690882,0,77,3461,3013,954,155,59,0.4287546667383026,0.5107794823876122,0.4716418409786212,0.4287546667383026,0.22270073803295595,0.2592592592592596,1.2233606186634038,-2.534149843841321,1.7596622789832348,-1.2199335447094035,0.0606453741297639,0.5107794823876122,0.48906145792686573,0.021718024460746443,0.4716418409786212,0.4682582111883551,0.0033836297902661294,0.4287546667383026,0.4603061484456855,0.03155148170738292,0.22270073803295595,0.23037534498694617,0.007674606953990221,0.2592592592592596,0.25710948711996107,0.0021497721392985114,1343.0,0.44232036914963746,1469.0,0.4838497033618985,1372.0,0.45187870797626895,467.0,0.15359261700725116,1189.0,0.39156229400131837,0.15359261700725116,WACC_0p7_WRT_0p3,0.38464073829927486,1173,False,,,False,False,False,False,False,77.0,0.19895287958115182
IBDD,Electricity,235,0.74,206,0.7499999999999998,0.3205119868474863,0,187,1121,5000,1000,172,6,0.6118884691213956,0.6676171988248291,0.6410265747308154,0.6118884691213956,0.22868035192947941,0.22222222222222254,1.2233606186634038,-2.534149843841321,1.7596622789832348,-1.2199335447094035,0.0606453741297639,0.6676171988248291,0.5646405879746577,0.1029766108501714,0.6410265747308154,0.5639036320759826,0.07712294265483277,0.6118884691213956,0.5541850628363272,0.057703406285068426,0.22868035192947941,0.24706819513297704,0.018387843203497622,0.22222222222222254,0.22839686668472922,0.006174644462506679,2346.0,0.7729070533948583,2485.0,0.8187211601845749,2450.0,0.8071852340145023,888.0,0.2923533289386948,467.0,0.15359261700725116,0.15359261700725116,WACC_0p9_WRT_0p1,0.5689518787079764,1174,False,,,False,False,False,False,False,187.0,0.4869109947643979
IBDD,Electricity,360,0.74,14,0.7499999999999998,0.7724225396876393,0,6,16,284,807,78,5,0.09181665552663519,0.19896921810170737,0.1348867555498439,0.09181665552663519,0.1838357749346038,0.22222222222222254,1.2233606186634038,-2.534149843841321,1.7596622789832348,-1.2199335447094035,0.0606453741297639,0.19896921810170737,0.40466923159763385,0.20570001349592648,0.1348867555498439,0.34826863658834284,0.21338188103849895,0.09181665552663519,0.39416965200846577,0.30235299648183056,0.1838357749346038,0.2910938779612388,0.10725810302663502,0.22222222222222254,0.3135928122152569,0.09137058999303438,470.0,0.15458141067897166,468.0,0.15392221489782465,609.0,0.2003955174686882,1829.0,0.6025049439683586,2131.0,0.7020435069215557,0.15392221489782465,WACC_0p3_WRT_0p7,0.3626895187870797,1175,False,,,False,False,False,False,False,6.0,0.013089005235602094
IBDD,Electricity,1168,0.73,101,0.7142857142857141,0.4423703723360919,0,93,4201,2506,293,138,50,0.46432879434117375,0.5412455397996083,0.5045451829835771,0.46432879434117375,0.22270073803295595,0.2592592592592596,1.2233606186634038,-2.534149843841321,1.7596622789832348,-1.2199335447094035,0.0606453741297639,0.5412455397996083,0.5022045909489025,0.03904094885070586,0.5045451829835771,0.4864026350416479,0.01814254794192921,0.46432879434117375,0.46937409152969345,0.005045297188519704,0.22270073803295595,0.23039074855502287,0.007690010522066915,0.2592592592592596,0.25478532416085414,0.004473935098405435,1554.0,0.511865524060646,1695.0,0.5583388266315096,1492.0,0.491430454845089,468.0,0.15392221489782465,1136.0,0.3740936058009229,0.15392221489782465,WACC_0p7_WRT_0p3,0.4179301252471984,1176,False,,,False,False,False,False,False,93.0,0.24083769633507854
IBDD,Electricity,2213,0.71,61,0.6428571428571426,0.5280872662717262,0,58,1317,2389,339,250,197,0.3605332537913963,0.4523539460885802,0.40854226177566655,0.3605332537913963,0.3004306642296604,0.3333333333333337,1.2233606186634038,-2.534149843841321,1.7596622789832348,-1.2199335447094035,0.0606453741297639,0.4523539460885802,0.4034127840211747,0.04894116206740551,0.40854226177566655,0.3582471173240445,0.05029514445162203,0.3605332537913963,0.450100268788264,0.0895670149968677,0.3004306642296604,0.44112285092176345,0.14069218669210304,0.3333333333333337,0.4715432293101412,0.1382098959768075,468.0,0.15392221489782465,518.0,0.17040210942649966,1232.0,0.4057350032959789,2934.0,0.9667106130520765,2921.0,0.962425840474621,0.15392221489782465,WACC_0p1_WRT_0p9,0.5318391562294001,1177,False,,,False,False,False,False,False,58.0,0.14921465968586387
IBDD,Electricity,2071,0.74,164,0.7499999999999998,0.359557394877106,0,150,4155,1661,411,149,11,0.5646079501205059,0.62712566457189,0.5972957177376411,0.5646079501205059,0.21047037182270412,0.22222222222222254,1.2233606186634038,-2.534149843841321,1.7596622789832348,-1.2199335447094035,0.0606453741297639,0.62712566457189,0.5781053573644369,0.049020307207453095,0.5972957177376411,0.5563584194571459,0.040937298280495193,0.5646079501205059,0.5363490376850076,0.028258912435498273,0.21047037182270412,0.2494226462419428,0.03895227441923868,0.22222222222222254,0.22845270810924367,0.006230485887021131,2459.0,0.8101516150296638,2426.0,0.7992748846407383,2290.0,0.7544495715227423,953.0,0.3137771918259723,468.0,0.15392221489782465,0.15392221489782465,WACC_0p9_WRT_0p1,0.5663150955833882,1178,False,,,False,False,False,False,False,150.0,0.3900523560209424
IBDD,Electricity,1667,0.74,73,0.7499999999999998,0.4976236662662598,0,60,711,1779,977,90,76,0.3974219659749473,0.48394582757573046,0.4426614937817889,0.3974219659749473,0.1838357749346038,0.22222222222222254,1.2233606186634038,-2.534149843841321,1.7596622789832348,-1.2199335447094035,0.0606453741297639,0.48394582757573046,0.44000714194454665,0.043938685631183805,0.4426614937817889,0.392635912739379,0.050025581042409895,0.3974219659749473,0.3804857421289774,0.016936223845969878,0.1838357749346038,0.24966290052878815,0.06582712559418435,0.22222222222222254,0.30848455191048435,0.08626232968826181,753.0,0.24785761371127224,738.0,0.24291364535266974,469.0,0.15425181278839814,959.0,0.3157547791694133,2084.0,0.6865524060646012,0.15425181278839814,WACC_0p5_WRT_0p5,0.3294660514172709,1179,False,,,False,False,False,False,False,60.0,0.1544502617801047
IBDD,Electricity,1783,0.71,59,0.6428571428571426,0.5337329569329065,0,56,3785,2249,873,219,160,0.35369682415601933,0.44649915577328214,0.4022190882351447,0.35369682415601933,0.3004306642296604,0.3333333333333337,1.2233606186634038,-2.534149843841321,1.7596622789832348,-1.2199335447094035,0.0606453741297639,0.44649915577328214,0.40436070974920413,0.04213844602407801,0.4022190882351447,0.35762262843402115,0.044596459801123534,0.35369682415601933,0.4023160216524364,0.04861919749641708,0.3004306642296604,0.36813788432855254,0.06770722009889213,0.3333333333333337,0.40550744789475396,0.07217411456142026,469.0,0.15425181278839814,514.0,0.16908371786420567,693.0,0.22808174027686223,2665.0,0.8780487804878049,2717.0,0.8951878707976269,0.15425181278839814,WACC_0p1_WRT_0p9,0.4649307844429796,1180,False,,,False,False,False,False,False,56.0,0.14397905759162305
IBDD,Electricity,982,0.73,142,0.7142857142857141,0.3841962317781302,0,134,2385,2163,844,103,6,0.5347725083862314,0.601574278156013,0.5697002204084941,0.5347725083862314,0.22270073803295595,0.2592592592592596,1.2233606186634038,-2.534149843841321,1.7596622789832348,-1.2199335447094035,0.0606453741297639,0.601574278156013,0.5495042454489071,0.05207003270710597,0.5697002204084941,0.5285356184113549,0.04116460199713923,0.5347725083862314,0.5043697974706928,0.03040271091553859,0.22270073803295595,0.26981012413325517,0.047109386100299216,0.2592592592592596,0.22849322180595918,0.030766037453300393,2198.0,0.7241265655899802,2173.0,0.7158866183256427,1981.0,0.6526038233355307,1433.0,0.47198417930125247,469.0,0.15425181278839814,0.15425181278839814,WACC_0p9_WRT_0p1,0.5437705998681609,1181,False,,,False,False,False,False,False,134.0,0.3481675392670157
IBDD,Electricity,2573,0.73,68,0.7142857142857141,0.5096690058370015,0,60,1395,1838,835,224,74,0.38283613027271596,0.47145436431718357,0.4291707134625583,0.38283613027271596,0.22270073803295595,0.2592592592592596,1.2233606186634038,-2.534149843841321,1.7596622789832348,-1.2199335447094035,0.0606453741297639,0.47145436431718357,0.4371983543829312,0.034256009934252374,0.4291707134625583,0.3814955777201357,0.0476751357424226,0.38283613027271596,0.3806723396565525,0.0021637906161634524,0.22270073803295595,0.26023787480808735,0.0375371367751314,0.2592592592592596,0.29800124939670475,0.03874199013744517,728.0,0.23961766644693475,662.0,0.2178642056690837,470.0,0.15458141067897166,1235.0,0.4067237969676994,1980.0,0.6522742254449572,0.15458141067897166,WACC_0p5_WRT_0p5,0.33421226104152935,1182,False,,,False,False,False,False,False,60.0,0.1544502617801047
IBDD,Electricity,1704,0.73,99,0.7142857142857141,0.4457799518448435,0,91,793,2886,844,125,42,0.46020009657916583,0.5377096795683104,0.5007264539337751,0.46020009657916583,0.22270073803295595,0.2592592592592596,1.2233606186634038,-2.534149843841321,1.7596622789832348,-1.2199335447094035,0.0606453741297639,0.5377096795683104,0.49222081113220706,0.045488868436103336,0.5007264539337751,0.46824418870762474,0.032482265226150386,0.46020009657916583,0.44626499870134617,0.013935097877819658,0.22270073803295595,0.2304188460788121,0.0077181080458561535,0.2592592592592596,0.25791423240898825,0.0013450268502713247,1399.0,0.46077785102175345,1468.0,0.48352010547132496,1186.0,0.39057350032959787,470.0,0.15458141067897166,1207.0,0.3974950560316414,0.15458141067897166,WACC_0p7_WRT_0p3,0.37738958470665784,1183,False,,,False,False,False,False,False,91.0,0.2356020942408377
IBDD,Electricity,355,0.73,206,0.7142857142857141,0.3205119868474863,0,190,776,3778,715,100,3,0.6118884691213956,0.6676171988248291,0.6410265747308154,0.6118884691213956,0.22868035192947941,0.2592592592592596,1.2233606186634038,-2.534149843841321,1.7596622789832348,-1.2199335447094035,0.0606453741297639,0.6676171988248291,0.6009076993919823,0.06670949943284676,0.6410265747308154,0.5711317662323369,0.06989480849847851,0.6118884691213956,0.5858503925817404,0.026038076539655175,0.22868035192947941,0.292383606477182,0.06370325454770256,0.2592592592592596,0.22849677492501044,0.030762484334249135,2644.0,0.8711272247857613,2548.0,0.8394858272907053,2659.0,0.8760711931443639,1849.0,0.6090969017798286,470.0,0.15458141067897166,0.15458141067897166,WACC_0p9_WRT_0p1,0.6700725115359261,1184,False,,,False,False,False,False,False,190.0,0.49476439790575916
IBDD,Electricity,2370,0.72,68,0.6785714285714283,0.5096690058370015,0,61,363,2319,865,230,133,0.38283613027271596,0.47145436431718357,0.4291707134625583,0.38283613027271596,0.2615657011313083,0.2962962962962967,1.2233606186634038,-2.534149843841321,1.7596622789832348,-1.2199335447094035,0.0606453741297639,0.47145436431718357,0.40483450388420333,0.06661986043298024,0.4291707134625583,0.35953921477138717,0.06963149869117113,0.38283613027271596,0.4114512282932846,0.028615098020568663,0.2615657011313083,0.3816897353740129,0.12012403424270462,0.2962962962962967,0.43526566997741867,0.13896937368112194,471.0,0.15491100856954515,529.0,0.17402768622280818,786.0,0.25873434410019774,2753.0,0.9070533948582729,2812.0,0.9264996704021095,0.15491100856954515,WACC_0p1_WRT_0p9,0.48424522083058663,1185,False,,,False,False,False,False,False,61.0,0.15706806282722513
IBDD,Electricity,1054,0.73,385,0.7142857142857141,0.2132245902229895,0,290,1786,783,130,76,4,0.7418039713697635,0.7788782027317146,0.7611884589502518,0.7418039713697635,0.2787170004582316,0.2592592592592596,1.2233606186634038,-2.534149843841321,1.7596622789832348,-1.2199335447094035,0.0606453741297639,0.7788782027317146,0.5975624584938527,0.1813157442378619,0.7611884589502518,0.5646454686833384,0.19654299026691335,0.7418039713697635,0.5418845922487378,0.19991937912102575,0.2787170004582316,0.2871932288314504,0.008476228373218764,0.2592592592592596,0.22866721507065113,0.030592044188608447,2614.0,0.8612392880685563,2493.0,0.8213579433091628,2344.0,0.7722478576137113,1765.0,0.5814106789716545,471.0,0.15491100856954515,0.15491100856954515,WACC_0p9_WRT_0p1,0.638233355306526,1186,False,,,False,False,False,False,False,290.0,0.756544502617801
IBDD,Electricity,2201,0.71,62,0.6428571428571426,0.5253323572805145,0,59,207,2021,292,221,55,0.3638692037398741,0.455210888746133,0.41162775984582367,0.3638692037398741,0.3004306642296604,0.3333333333333337,1.2233606186634038,-2.534149843841321,1.7596622789832348,-1.2199335447094035,0.0606453741297639,0.455210888746133,0.4049055627872595,0.05030532595887355,0.41162775984582367,0.3607511707672787,0.050876589078544976,0.3638692037398741,0.3890574538002132,0.025188250060339146,0.3004306642296604,0.30269897326970074,0.0022683090400403283,0.3333333333333337,0.3352106449573353,0.0018773116240016208,472.0,0.15524060646011867,539.0,0.17732366512854317,547.0,0.17996044825313118,1992.0,0.6562294001318392,2307.0,0.7600527356624918,0.15524060646011867,WACC_0p1_WRT_0p9,0.3857613711272248,1187,False,,,False,False,False,False,False,59.0,0.1518324607329843
IBDD,Electricity,2761,0.71,45,0.6428571428571426,0.5794812334491506,0,42,4776,1679,646,207,149,0.29829972712879943,0.3990564986453253,0.35098101853695124,0.29829972712879943,0.3004306642296604,0.3333333333333337,1.2233606186634038,-2.534149843841321,1.7596622789832348,-1.2199335447094035,0.0606453741297639,0.3990564986453253,0.40798955343044274,0.008933054785117467,0.35098101853695124,0.34844909115093486,0.002531927386016375,0.29829972712879943,0.3887987163659158,0.09049898923711636,0.3004306642296604,0.3288164237186827,0.028385759489022278,0.3333333333333337,0.36891200686645903,0.03557867353312533,493.0,0.16216216216216217,472.0,0.15524060646011867,543.0,0.1786420566908372,2301.0,0.7580751483190508,2539.0,0.8365194462755439,0.15524060646011867,WACC_0p3_WRT_0p7,0.4181278839815425,1188,False,,,False,False,False,False,False,42.0,0.10732984293193717
IBDD,Electricity,1610,0.74,92,0.7499999999999998,0.4582750386595772,0,79,2296,1719,449,79,4,0.4450696569353127,0.5247518117604384,0.48673195670127345,0.4450696569353127,0.1838357749346038,0.22222222222222254,1.2233606186634038,-2.534149843841321,1.7596622789832348,-1.2199335447094035,0.0606453741297639,0.5247518117604384,0.5632485763069862,0.038496764546547824,0.48673195670127345,0.5279618591091655,0.04122990240789204,0.4450696569353127,0.5250855570871241,0.08001590015181143,0.1838357749346038,0.293835308914443,0.10999953397983919,0.22222222222222254,0.22872125057590434,0.006499028353681796,2332.0,0.7682926829268293,2167.0,0.7139090309822017,2196.0,0.7234673698088332,1865.0,0.6143704680290046,472.0,0.15524060646011867,0.15524060646011867,WACC_0p9_WRT_0p1,0.5950560316413974,1189,False,,,False,False,False,False,False,79.0,0.20418848167539266
IBDD,Electricity,1318,0.72,75,0.6785714285714283,0.4930319771219003,0,68,4935,1601,703,174,123,0.4029820934468227,0.48870757928099223,0.44780418562347163,0.4029820934468227,0.2615657011313083,0.2962962962962967,1.2233606186634038,-2.534149843841321,1.7596622789832348,-1.2199335447094035,0.0606453741297639,0.48870757928099223,0.4223642166703192,0.06634336261067303,0.44780418562347163,0.3650726316479099,0.08273155397556176,0.4029820934468227,0.38070164644695215,0.02228044699987053,0.2615657011313083,0.2975917227753334,0.03602602164402513,0.2962962962962967,0.3374744584056372,0.0411781621093405,609.0,0.2003955174686882,564.0,0.1855636123928807,473.0,0.15557020435069216,1916.0,0.6311799604482531,2324.0,0.7656558998022412,0.15557020435069216,WACC_0p5_WRT_0p5,0.38767303889255106,1190,False,,,False,False,False,False,False,68.0,0.17539267015706805
IBDD,Electricity,147,0.74,124,0.7499999999999998,0.4073595105219982,0,110,4180,1,2,250,1,0.5067238364414649,0.5775531001994092,0.5437573482153619,0.5067238364414649,0.18817644229596128,0.22222222222222254,1.2233606186634038,-2.534149843841321,1.7596622789832348,-1.2199335447094035,0.0606453741297639,0.5775531001994092,0.553721506898265,0.02383159330114415,0.5437573482153619,0.5039124287441307,0.039844919471231255,0.5067238364414649,0.49757108493645347,0.009152751505011436,0.18817644229596128,0.23049798067726915,0.042321538381307866,0.22222222222222254,0.23941406849036104,0.017191846268138494,2242.0,0.7386288727752143,1920.0,0.6324983520105472,1902.0,0.6265655899802242,473.0,0.15557020435069216,742.0,0.24423203691496376,0.15557020435069216,WACC_0p7_WRT_0p3,0.4794990112063283,1191,False,,,False,False,False,False,False,110.0,0.28534031413612565
IBDD,Electricity,817,0.74,133,0.7499999999999998,0.3953886424656859,0,119,483,3084,215,99,7,0.5212194937583065,0.5899673337392888,0.5571647204384318,0.5212194937583065,0.1937594104391272,0.22222222222222254,1.2233606186634038,-2.534149843841321,1.7596622789832348,-1.2199335447094035,0.0606453741297639,0.5899673337392888,0.5413687988150797,0.04859853492420907,0.5571647204384318,0.515523534376667,0.04164118606176481,0.5212194937583065,0.5125691643661165,0.008650329392189904,0.1937594104391272,0.2642989401812072,0.07053952974208,0.22222222222222254,0.22887150743487192,0.006649285212649375,2117.0,0.6974291364535267,2046.0,0.6740276862228082,2086.0,0.6872116018457481,1331.0,0.43836519446275546,473.0,0.15557020435069216,0.15557020435069216,WACC_0p9_WRT_0p1,0.5305207646671062,1192,False,,,False,False,False,False,False,119.0,0.3089005235602094
IBDD,Electricity,436,0.74,24,0.7499999999999998,0.6844695345995766,0,12,2131,34,957,156,6,0.17116822516963848,0.29017974189673534,0.2333941212484741,0.17116822516963848,0.1838357749346038,0.22222222222222254,1.2233606186634038,-2.534149843841321,1.7596622789832348,-1.2199335447094035,0.0606453741297639,0.29017974189673534,0.4499964476616721,0.15981670576493678,0.2333941212484741,0.3845397244117688,0.1511456031632947,0.17116822516963848,0.3808518159329476,0.2096835907633091,0.1838357749346038,0.24306693123628895,0.059231156301685156,0.22222222222222254,0.28414830258356844,0.06192608036134589,859.0,0.28279499011206327,691.0,0.22742254449571522,474.0,0.15589980224126565,768.0,0.25280158206987474,1775.0,0.5847066578773896,0.15589980224126565,WACC_0p5_WRT_0p5,0.3007251153592617,1193,False,,,False,False,False,False,False,12.0,0.028795811518324606
IBDD,Electricity,946,0.73,285,0.7142857142857141,0.2648514404007638,0,243,1928,3676,936,150,1,0.679288444090995,0.7253392469918005,0.7033663867511446,0.679288444090995,0.2546392929337113,0.2592592592592596,1.2233606186634038,-2.534149843841321,1.7596622789832348,-1.2199335447094035,0.0606453741297639,0.7253392469918005,0.5674984475255205,0.15784079946628005,0.7033663867511446,0.5532105841320566,0.150155802619088,0.679288444090995,0.5501920472508672,0.12909639684012775,0.2546392929337113,0.26449702353052207,0.009857730596810776,0.2592592592592596,0.22895820537610803,0.030301053883151546,2370.0,0.7808174027686223,2401.0,0.7910349373764007,2420.0,0.7972972972972973,1334.0,0.43935398813447596,474.0,0.15589980224126565,0.15589980224126565,WACC_0p9_WRT_0p1,0.5928806855636124,1194,False,,,False,False,False,False,False,243.0,0.6335078534031413
IBDD,Electricity,575,0.73,132,0.7142857142857141,0.3966783723814455,0,124,2507,3290,926,209,5,0.5196577454538238,0.5886298360488713,0.5557202229327809,0.5196577454538238,0.22270073803295595,0.2592592592592596,1.2233606186634038,-2.534149843841321,1.7596622789832348,-1.2199335447094035,0.0606453741297639,0.5886298360488713,0.5240525210998923,0.064577314948979,0.5557202229327809,0.4976487683271254,0.05807145460565549,0.5196577454538238,0.49500496827354745,0.024652777180276364,0.22270073803295595,0.23050034692900104,0.007799608896045085,0.2592592592592596,0.23072463430735857,0.02853462495190101,1886.0,0.6212920237310481,1837.0,0.6051417270929466,1875.0,0.6176664469347396,475.0,0.15622940013183917,513.0,0.16875411997363216,0.15622940013183917,WACC_0p7_WRT_0p3,0.4338167435728411,1195,False,,,False,False,False,False,False,124.0,0.3219895287958115
IBDD,Electricity,766,0.74,38,0.7499999999999998,0.6079043575991482,0,26,298,5,381,101,8,0.26388184986089747,0.3695806661934759,0.31914711948895397,0.26388184986089747,0.1838357749346038,0.22222222222222254,1.2233606186634038,-2.534149843841321,1.7596622789832348,-1.2199335447094035,0.0606453741297639,0.3695806661934759,0.4244426921651272,0.054862025971651296,0.31914711948895397,0.35619256128638893,0.037045441797434964,0.26388184986089747,0.380976131768106,0.11709428190720855,0.1838357749346038,0.28666323639360375,0.10282746145899996,0.22222222222222254,0.2965623334293128,0.07434011120709028,628.0,0.20665787738958472,506.0,0.16644693473961766,476.0,0.15655899802241266,1760.0,0.5797626895187871,1952.0,0.6430454845088991,0.15655899802241266,WACC_0p5_WRT_0p5,0.3504943968358602,1196,False,,,False,False,False,False,False,26.0,0.06544502617801047
IBDD,Electricity,536,0.73,128,0.7142857142857141,0.4019361286569392,0,120,435,3713,766,201,6,0.513291069882219,0.5831773480594705,0.5498315359042281,0.513291069882219,0.22270073803295595,0.2592592592592596,1.2233606186634038,-2.534149843841321,1.7596622789832348,-1.2199335447094035,0.0606453741297639,0.5831773480594705,0.5195996006378846,0.06357774742158595,0.5498315359042281,0.49483059791149475,0.05500093799273331,0.513291069882219,0.49317215458863367,0.020118915293585282,0.22270073803295595,0.2305152713391445,0.007814533306188559,0.2592592592592596,0.23056756313939558,0.028691696119863996,1822.0,0.6001977587343441,1806.0,0.5949241924851681,1847.0,0.6084377059986816,476.0,0.15655899802241266,509.0,0.16743572841133816,0.15655899802241266,WACC_0p7_WRT_0p3,0.42551087673038895,1197,False,,,False,False,False,False,False,120.0,0.31151832460732987
IBDD,Electricity,41,0.73,17,0.7142857142857141,0.7410307533983356,0,9,1,459,668,58,7,0.13506348145393826,0.23152366314246678,0.17004555619386405,0.13506348145393826,0.22270073803295595,0.2592592592592596,1.2233606186634038,-2.534149843841321,1.7596622789832348,-1.2199335447094035,0.0606453741297639,0.23152366314246678,0.4208780712026361,0.18935440806016932,0.17004555619386405,0.3490428070898435,0.17899725089597943,0.13506348145393826,0.42084934793593776,0.2857858664819995,0.22270073803295595,0.329494304931256,0.10679356689830002,0.2592592592592596,0.35051901898098126,0.09125975972172168,595.0,0.19578114700065918,476.0,0.15655899802241266,880.0,0.2897165458141068,2312.0,0.7617007251153592,2418.0,0.7966381015161503,0.15655899802241266,WACC_0p3_WRT_0p7,0.44007910349373763,1198,False,,,False,False,False,False,False,9.0,0.020942408376963352
IBDD,Electricity,699,0.74,126,0.7499999999999998,0.4046264668097131,0,112,2547,4803,653,226,7,0.5100333094804184,0.5803873677528902,0.5468183571731213,0.5100333094804184,0.18945107801225108,0.22222222222222254,1.2233606186634038,-2.534149843841321,1.7596622789832348,-1.2199335447094035,0.0606453741297639,0.5803873677528902,0.559518986855365,0.020868380897525185,0.5468183571731213,0.5381029224622246,0.008715434710896752,0.5100333094804184,0.545136469396981,0.035103159916562654,0.18945107801225108,0.2352642525196481,0.045813174507397025,0.22222222222222254,0.2290067213059414,0.0067844990837188646,2301.0,0.7580751483190508,2271.0,0.7481872116018458,2375.0,0.7824653922214898,583.0,0.19182597231377718,476.0,0.15655899802241266,0.15655899802241266,WACC_0p9_WRT_0p1,0.5274225444957152,1199,False,,,False,False,False,False,False,112.0,0.2905759162303665
IBDD,Electricity,2027,0.74,60,0.7499999999999998,0.5308869724893325,0,47,1371,1437,380,219,58,0.3571430583830649,0.44945054704809956,0.4054065908119476,0.3571430583830649,0.1838357749346038,0.22222222222222254,1.2233606186634038,-2.534149843841321,1.7596622789832348,-1.2199335447094035,0.0606453741297639,0.44945054704809956,0.4240433234947139,0.02540722355338565,0.4054065908119476,0.3703238845194068,0.03508270629254079,0.3571430583830649,0.3811842203528937,0.02404116196982875,0.1838357749346038,0.24147952206532386,0.05764374713072007,0.22222222222222254,0.27960419957930077,0.05738197735707823,622.0,0.20468029004614371,597.0,0.1964403427818062,477.0,0.15688859591298615,724.0,0.23829927488464073,1701.0,0.5603164139749506,0.15688859591298615,WACC_0p5_WRT_0p5,0.2713249835201055,1200,False,,,False,False,False,False,False,47.0,0.12041884816753927
IBDD,Electricity,959,0.73,116,0.7142857142857141,0.4187473386096327,0,108,1602,1817,458,156,3,0.4929341887095774,0.5657435007011216,0.5310029807572112,0.4929341887095774,0.22270073803295595,0.2592592592592596,1.2233606186634038,-2.534149843841321,1.7596622789832348,-1.2199335447094035,0.0606453741297639,0.5657435007011216,0.541714670919677,0.024028829781444605,0.5310029807572112,0.523511529625835,0.00749145113137617,0.4929341887095774,0.5043711511881309,0.011436962478553525,0.22270073803295595,0.2483477309556154,0.025646992922659456,0.2592592592592596,0.22904800767304054,0.03021125158621904,2122.0,0.6990771259063941,2130.0,0.7017139090309822,1982.0,0.6529334212261042,917.0,0.3019116677653263,477.0,0.15688859591298615,0.15688859591298615,WACC_0p9_WRT_0p1,0.5025049439683585,1201,False,,,False,False,False,False,False,108.0,0.2801047120418848
IBDD,Electricity,160,0.73,117,0.7142857142857141,0.4172819839037627,0,109,3095,1,2,157,1,0.49470860302639985,0.5672631278035053,0.5326441780277857,0.49470860302639985,0.22270073803295595,0.2592592592592596,1.2233606186634038,-2.534149843841321,1.7596622789832348,-1.2199335447094035,0.0606453741297639,0.5672631278035053,0.5525574391064346,0.014705688697070673,0.5326441780277857,0.4798387413727466,0.05280543665503912,0.49470860302639985,0.4675072469538199,0.027201356072579952,0.22270073803295595,0.23715796789415686,0.014457229861200904,0.2592592592592596,0.22906387180299756,0.03019538745626202,2233.0,0.7356624917600527,1621.0,0.5339485827290705,1459.0,0.48055372445616346,630.0,0.2073170731707317,478.0,0.15721819380355967,0.15721819380355967,WACC_0p9_WRT_0p1,0.42294001318391555,1202,False,,,False,False,False,False,False,109.0,0.28272251308900526
IBDD,Electricity,1005,0.73,105,0.7142857142857141,0.4357473197013715,0,97,549,3668,531,171,8,0.47234872246440507,0.5481138906800592,0.5119630019344639,0.47234872246440507,0.22270073803295595,0.2592592592592596,1.2233606186634038,-2.534149843841321,1.7596622789832348,-1.2199335447094035,0.0606453741297639,0.5481138906800592,0.528878050731121,0.019235839948938183,0.5119630019344639,0.5063464196136053,0.0056165823208585985,0.47234872246440507,0.49939705119279837,0.0270483287283933,0.22270073803295595,0.2305595105757504,0.007858772542794434,0.2592592592592596,0.23418635587256498,0.0250729033866946,1951.0,0.6427158866183257,1958.0,0.6450230718523401,1922.0,0.6331575477916941,478.0,0.15721819380355967,613.0,0.2017139090309822,0.15721819380355967,WACC_0p7_WRT_0p3,0.4559657218193804,1203,False,,,False,False,False,False,False,97.0,0.2513089005235602
IBDD,Electricity,2028,0.72,50,0.6785714285714283,0.5617151637134581,0,43,4339,1897,195,250,147,0.31981285863641046,0.4174805709638212,0.3708790166409269,0.31981285863641046,0.2615657011313083,0.2962962962962967,1.2233606186634038,-2.534149843841321,1.7596622789832348,-1.2199335447094035,0.0606453741297639,0.4174805709638212,0.40625898362852525,0.011221587335295935,0.3708790166409269,0.35676200102406935,0.01411701561685752,0.31981285863641046,0.395383938966296,0.07557108032988552,0.2615657011313083,0.3487562085929227,0.08719050746161444,0.2962962962962967,0.38448107642017604,0.08818478012387931,479.0,0.15754779169413316,508.0,0.16710613052076467,626.0,0.2059986816084377,2492.0,0.8210283454185893,2622.0,0.8638760711931444,0.15754779169413316,WACC_0p1_WRT_0p9,0.4431114040870138,1204,False,,,False,False,False,False,False,43.0,0.1099476439790576
IBDD,Electricity,2979,0.69,107,0.5714285714285711,0.4325289430314537,0,105,2575,4191,738,244,25,0.47624589058155303,0.5514514664858998,0.5155675838047717,0.47624589058155303,0.3781605904263649,0.4074074074074079,1.2233606186634038,-2.534149843841321,1.7596622789832348,-1.2199335447094035,0.0606453741297639,0.5514514664858998,0.5242867200802058,0.027164746405693996,0.5155675838047717,0.49961877594343446,0.01594880786133729,0.47624589058155303,0.5011927735511632,0.024946882969610173,0.3781605904263649,0.23058895251709194,0.14757163790927297,0.4074074074074079,0.24350376817617955,0.16390363923122833,1887.0,0.6216216216216216,1871.0,0.6163480553724456,1944.0,0.6404087013843112,479.0,0.15754779169413316,842.0,0.2771918259723138,0.15754779169413316,WACC_0p7_WRT_0p3,0.46262359920896506,1205,False,,,False,False,False,False,False,105.0,0.27225130890052357
IBDD,Electricity,1473,0.73,90,0.7142857142857141,0.462018189093476,0,82,4205,2238,573,164,15,0.4405370344287458,0.5208700261252841,0.48253962821530677,0.4405370344287458,0.22270073803295595,0.2592592592592596,1.2233606186634038,-2.534149843841321,1.7596622789832348,-1.2199335447094035,0.0606453741297639,0.5208700261252841,0.5538293890827669,0.03295936295748281,0.48253962821530677,0.5392318895335414,0.05669226131823463,0.4405370344287458,0.5250606947331175,0.08452366030437164,0.22270073803295595,0.23138095169323847,0.008680213660282515,0.2592592592592596,0.22907308753024613,0.030186171729013445,2243.0,0.7389584706657878,2278.0,0.7504943968358603,2194.0,0.7228081740276863,494.0,0.16249176005273566,479.0,0.15754779169413316,0.15754779169413316,WACC_0p9_WRT_0p1,0.5064601186552407,1206,False,,,False,False,False,False,False,82.0,0.21204188481675393
IBDD,Electricity,1567,0.72,88,0.6785714285714283,0.4658445274206108,0,81,3916,2666,781,215,54,0.435903678776714,0.516901971563811,0.47825412928891586,0.435903678776714,0.2615657011313083,0.2962962962962967,1.2233606186634038,-2.534149843841321,1.7596622789832348,-1.2199335447094035,0.0606453741297639,0.516901971563811,0.4855944286111226,0.031307542952688394,0.47825412928891586,0.4627780115356549,0.015476117753260965,0.435903678776714,0.45734369841252054,0.02144001963580655,0.2615657011313083,0.2306017675691821,0.030963933562126178,0.2962962962962967,0.24472350982875882,0.05157278646753791,1292.0,0.4255108767303889,1397.0,0.46011865524060647,1333.0,0.43902439024390244,480.0,0.15787738958470665,879.0,0.2893869479235333,0.15787738958470665,WACC_0p7_WRT_0p3,0.3543836519446276,1207,False,,,False,False,False,False,False,81.0,0.2094240837696335
IBDD,Electricity,1076,0.73,159,0.7142857142857141,0.3648556017903225,0,150,864,3283,408,95,9,0.5581922924216302,0.621631227772999,0.5913617259948388,0.5581922924216302,0.22270073803295595,0.2592592592592596,1.2233606186634038,-2.534149843841321,1.7596622789832348,-1.2199335447094035,0.0606453741297639,0.621631227772999,0.5775388748007908,0.04409235297220815,0.5913617259948388,0.5612332487941804,0.030128477200658477,0.5581922924216302,0.5612071777521401,0.0030148853305099754,0.22270073803295595,0.28450180701897776,0.06180106898602181,0.2592592592592596,0.2290831985830362,0.030176060676223387,2453.0,0.8081740276862228,2465.0,0.8121292023731048,2506.0,0.8256427158866183,1724.0,0.5678971654581411,480.0,0.15787738958470665,0.15787738958470665,WACC_0p9_WRT_0p1,0.6343441001977588,1208,False,,,False,False,False,False,False,150.0,0.3900523560209424
IBDD,Electricity,1303,0.74,78,0.7499999999999998,0.4863661844748775,0,65,1722,372,716,125,34,0.41105377592647485,0.49562025313716407,0.4552698733881372,0.41105377592647485,0.1838357749346038,0.22222222222222254,1.2233606186634038,-2.534149843841321,1.7596622789832348,-1.2199335447094035,0.0606453741297639,0.49562025313716407,0.4541265980921028,0.04149365504506125,0.4552698733881372,0.4022501043210332,0.05301976906710398,0.41105377592647485,0.3815168516589129,0.029536924267561937,0.1838357749346038,0.23777881942121298,0.05394304448660919,0.22222222222222254,0.26700447303711733,0.044782250814894786,899.0,0.2959789057350033,802.0,0.26400791034937376,481.0,0.15820698747528017,648.0,0.21324983520105473,1434.0,0.472313777191826,0.15820698747528017,WACC_0p5_WRT_0p5,0.2807514831905076,1209,False,,,False,False,False,False,False,65.0,0.16753926701570682
IBDD,Electricity,253,0.75,24,0.7857142857142856,0.6844695345995766,0,10,187,1,1000,54,6,0.17116822516963848,0.29017974189673534,0.2333941212484741,0.17116822516963848,0.14497081183625146,0.18518518518518542,1.2233606186634038,-2.534149843841321,1.7596622789832348,-1.2199335447094035,0.0606453741297639,0.29017974189673534,0.40944949855699375,0.11926975666025841,0.2333941212484741,0.3603427300237787,0.1269486087753046,0.17116822516963848,0.38158770701940126,0.21041948184976278,0.14497081183625146,0.2901966149510225,0.14522580311477104,0.18518518518518542,0.2913171479342794,0.10613196274909395,502.0,0.16512854317732367,532.0,0.17501647989452868,482.0,0.15853658536585366,1815.0,0.5978905735003296,1877.0,0.6183256427158866,0.15853658536585366,WACC_0p5_WRT_0p5,0.3429795649307844,1210,False,,,False,False,False,False,False,10.0,0.02356020942408377
IBDD,Electricity,2383,0.73,123,0.7142857142857141,0.4087424748943598,0,115,3732,2817,303,153,20,0.5050491894961598,0.5761189149243676,0.542208428118317,0.5050491894961598,0.22270073803295595,0.2592592592592596,1.2233606186634038,-2.534149843841321,1.7596622789832348,-1.2199335447094035,0.0606453741297639,0.5761189149243676,0.5511712421266942,0.024947672797673404,0.542208428118317,0.5333105653357229,0.00889786278259419,0.5050491894961598,0.5272178931828616,0.022168703686701763,0.22270073803295595,0.23748466042695918,0.014783922394003224,0.2592592592592596,0.22910229720655853,0.030156962052701047,2217.0,0.7303889255108768,2223.0,0.7323665128543178,2213.0,0.7290705339485827,639.0,0.2102834541858932,482.0,0.15853658536585366,0.15853658536585366,WACC_0p9_WRT_0p1,0.5121292023731049,1211,False,,,False,False,False,False,False,115.0,0.29842931937172773
IBDD,Electricity,2794,0.72,60,0.6785714285714283,0.5308869724893325,0,53,509,2043,659,249,94,0.3571430583830649,0.44945054704809956,0.4054065908119476,0.3571430583830649,0.2615657011313083,0.2962962962962967,1.2233606186634038,-2.534149843841321,1.7596622789832348,-1.2199335447094035,0.0606453741297639,0.44945054704809956,0.40699519767550746,0.0424553493725921,0.4054065908119476,0.3621994877506701,0.04320710306127745,0.3571430583830649,0.3884435983330858,0.031300539950020856,0.2615657011313083,0.29446854005521966,0.03290283892391138,0.2962962962962967,0.3501921462625076,0.053895849966210885,483.0,0.15886618325642715,548.0,0.18029004614370467,540.0,0.1776532630191167,1870.0,0.6160184574818721,2413.0,0.7949901120632828,0.15886618325642715,WACC_0p1_WRT_0p9,0.38556361239288073,1212,False,,,False,False,False,False,False,53.0,0.13612565445026178
IBDD,Electricity,2352,0.74,118,0.7499999999999998,0.4158289952077859,0,104,3334,3867,824,223,30,0.4964680432042589,0.5687699308956294,0.5342715253672798,0.4964680432042589,0.18422644777865899,0.22222222222222254,1.2233606186634038,-2.534149843841321,1.7596622789832348,-1.2199335447094035,0.0606453741297639,0.5687699308956294,0.5272519037216221,0.04151802717400732,0.5342715253672798,0.5114879166121825,0.02278360875509733,0.4964680432042589,0.5228826719408162,0.026414628736557255,0.18422644777865899,0.2306467687233955,0.046420320944736526,0.22222222222222254,0.23813413673518496,0.015911914512962422,1936.0,0.6377719182597231,2005.0,0.6605141727092947,2183.0,0.7191825972313777,483.0,0.15886618325642715,709.0,0.23335530652603823,0.15886618325642715,WACC_0p7_WRT_0p3,0.48193803559657217,1213,False,,,False,False,False,False,False,104.0,0.2696335078534031
IBDD,Electricity,611,0.74,193,0.7499999999999998,0.3316795701177421,0,176,4738,2817,981,159,2,0.5983655182893081,0.6560360013593786,0.6285188814681288,0.5983655182893081,0.22347201938912425,0.22222222222222254,1.2233606186634038,-2.534149843841321,1.7596622789832348,-1.2199335447094035,0.0606453741297639,0.6560360013593786,0.5898172217072356,0.06621877965214296,0.6285188814681288,0.5966304420013218,0.031888439466807084,0.5983655182893081,0.576840528421313,0.021524989867995115,0.22347201938912425,0.273068424854497,0.04959640546537275,0.22222222222222254,0.22918620364434006,0.006963981422117516,2563.0,0.8444297956493079,2698.0,0.8889255108767304,2603.0,0.8576137112722478,1499.0,0.4937376400791035,483.0,0.15886618325642715,0.15886618325642715,WACC_0p9_WRT_0p1,0.6487145682267633,1214,False,,,False,False,False,False,False,176.0,0.4581151832460733
IBDD,Electricity,998,0.69,58,0.5714285714285711,0.5366267752811291,0,57,2096,1170,809,186,4,0.35019266732163634,0.4434981589677179,0.3989780116851353,0.35019266732163634,0.3781605904263649,0.4074074074074079,1.2233606186634038,-2.534149843841321,1.7596622789832348,-1.2199335447094035,0.0606453741297639,0.4434981589677179,0.46081765208875536,0.017319493121037477,0.3989780116851353,0.41856874392986265,0.01959073224472735,0.35019266732163634,0.3955515501401571,0.04535888281852074,0.3781605904263649,0.23069879035809743,0.14746180006826748,0.4074074074074079,0.2562702371946865,0.15113717021272138,965.0,0.3177323665128543,941.0,0.3098220171390903,631.0,0.20764667106130522,484.0,0.15919578114700067,1168.0,0.38464073829927486,0.15919578114700067,WACC_0p7_WRT_0p3,0.2758075148319051,1215,False,,,False,False,False,False,False,57.0,0.14659685863874344
IBDD,Electricity,2610,0.74,22,0.7499999999999998,0.698826024826517,0,11,2217,10,849,97,37,0.1537837914240359,0.2752915298095379,0.21731485219430086,0.1537837914240359,0.1838357749346038,0.22222222222222254,1.2233606186634038,-2.534149843841321,1.7596622789832348,-1.2199335447094035,0.0606453741297639,0.2752915298095379,0.42193656454390455,0.14664503473436663,0.21731485219430086,0.35442191309489857,0.1371070609005977,0.1537837914240359,0.38164563562504966,0.22786184420101377,0.1838357749346038,0.2657781964500084,0.0819424215154046,0.22222222222222254,0.28065288361749535,0.05843066139527281,605.0,0.1990771259063942,497.0,0.16348055372445616,484.0,0.15919578114700067,1354.0,0.44594594594594594,1726.0,0.5685563612392881,0.15919578114700067,WACC_0p5_WRT_0p5,0.30725115359261707,1216,False,,,False,False,False,False,False,11.0,0.02617801047120419
IBDD,Electricity,1986,0.73,89,0.7142857142857141,0.4639207293207574,0,81,2532,1472,656,97,15,0.4382332272999357,0.5188970214451404,0.48040878316075164,0.4382332272999357,0.22270073803295595,0.2592592592592596,1.2233606186634038,-2.534149843841321,1.7596622789832348,-1.2199335447094035,0.0606453741297639,0.5188970214451404,0.5335931027897247,0.014696081344584333,0.48040878316075164,0.4871180981694357,0.006709315008684047,0.4382332272999357,0.46237501666363745,0.02414178936370176,0.22270073803295595,0.24846112256713668,0.025760384534180725,0.2592592592592596,0.229194582696458,0.030064676562801568,2019.0,0.6651285431773236,1706.0,0.5619644034278181,1395.0,0.4594594594594595,919.0,0.3025708635464733,484.0,0.15919578114700067,0.15919578114700067,WACC_0p9_WRT_0p1,0.429663810151615,1217,False,,,False,False,False,False,False,81.0,0.2094240837696335
IBDD,Electricity,1536,0.73,66,0.7142857142857141,0.5147334338430524,0,58,3164,2020,807,168,102,0.3767035580535428,0.46620236490350114,0.42349855409578124,0.3767035580535428,0.22270073803295595,0.2592592592592596,1.2233606186634038,-2.534149843841321,1.7596622789832348,-1.2199335447094035,0.0606453741297639,0.46620236490350114,0.4131160218538314,0.05308634304966975,0.42349855409578124,0.37270756976269825,0.05079098433308299,0.3767035580535428,0.38176143512323624,0.005057877069693462,0.22270073803295595,0.2745829405387149,0.05188220250575895,0.2592592592592596,0.3220061809090562,0.06274692164979662,525.0,0.17270929466051418,610.0,0.2007251153592617,485.0,0.15952537903757416,1540.0,0.507251153592617,2211.0,0.7284113381674358,0.15952537903757416,WACC_0p5_WRT_0p5,0.3537244561634806,1218,False,,,False,False,False,False,False,58.0,0.14921465968586387
IBDD,Electricity,789,0.73,110,0.7142857142857141,0.427811438654111,0,102,2181,3417,790,91,2,0.4819583691188635,0.5563436932475886,0.5208511887073957,0.4819583691188635,0.22270073803295595,0.2592592592592596,1.2233606186634038,-2.534149843841321,1.7596622789832348,-1.2199335447094035,0.0606453741297639,0.5563436932475886,0.5861677253457159,0.02982403209812734,0.5208511887073957,0.5685696599081698,0.047718471200774104,0.4819583691188635,0.568715587094798,0.08675721797593444,0.22270073803295595,0.29203613750630464,0.06933539947334869,0.2592592592592596,0.22931699544856707,0.02994226381069251,2532.0,0.8342122610415293,2521.0,0.8305866842452209,2543.0,0.8378378378378378,1841.0,0.6064601186552406,485.0,0.15952537903757416,0.15952537903757416,WACC_0p9_WRT_0p1,0.6537244561634805,1219,False,,,False,False,False,False,False,102.0,0.2643979057591623
IBDD,Electricity,194,0.72,31,0.6785714285714283,0.6419656258679005,0,24,2219,872,1000,174,7,0.22263668114980414,0.3342578694703253,0.2809984990279513,0.22263668114980414,0.2615657011313083,0.2962962962962967,1.2233606186634038,-2.534149843841321,1.7596622789832348,-1.2199335447094035,0.0606453741297639,0.3342578694703253,0.4459918706775178,0.11173400120719246,0.2809984990279513,0.3912932172162762,0.11029471818832487,0.22263668114980414,0.3820297537039275,0.15939307255412336,0.2615657011313083,0.2324602424140376,0.029105458717270688,0.2962962962962967,0.2524533025192819,0.04384299377701484,821.0,0.2702702702702703,722.0,0.23764007910349375,486.0,0.15985497692814765,519.0,0.17073170731707318,1080.0,0.35563612392880684,0.15985497692814765,WACC_0p5_WRT_0p5,0.23882663150955832,1220,False,,,False,False,False,False,False,24.0,0.060209424083769635
IBDD,Electricity,617,0.73,191,0.7142857142857141,0.3334638155010188,0,176,2388,4328,391,68,7,0.5962049557032475,0.6541856728137583,0.6265205266388589,0.5962049557032475,0.22270073803295595,0.2592592592592596,1.2233606186634038,-2.534149843841321,1.7596622789832348,-1.2199335447094035,0.0606453741297639,0.6541856728137583,0.6039647624441229,0.050220910369635385,0.6265205266388589,0.5857750079280786,0.04074551871078036,0.5962049557032475,0.596856961171687,0.0006520054684394649,0.22270073803295595,0.30022326036434505,0.0775225223313891,0.2592592592592596,0.22934147216082962,0.02991778709842996,2661.0,0.8767303889255109,2639.0,0.8694792353328938,2716.0,0.8948582729070534,1958.0,0.6450230718523401,486.0,0.15985497692814765,0.15985497692814765,WACC_0p9_WRT_0p1,0.6891891891891893,1221,False,,,False,False,False,False,False,176.0,0.4581151832460733
IBDD,Electricity,750,0.72,61,0.6785714285714283,0.5280872662717262,0,54,353,2089,27,236,6,0.3605332537913963,0.4523539460885802,0.40854226177566655,0.3605332537913963,0.2615657011313083,0.2962962962962967,1.2233606186634038,-2.534149843841321,1.7596622789832348,-1.2199335447094035,0.0606453741297639,0.4523539460885802,0.452790602983791,0.0004366568952107741,0.40854226177566655,0.4036421921546285,0.004900069621038061,0.3605332537913963,0.4081177196999246,0.04758446590852833,0.2615657011313083,0.2308617342371055,0.030703966894202794,0.2962962962962967,0.23767324655627267,0.05862304974002405,882.0,0.2903757415952538,815.0,0.2682926829268293,750.0,0.24686882003955174,487.0,0.16018457481872117,701.0,0.23071852340145024,0.16018457481872117,WACC_0p7_WRT_0p3,0.23928806855636126,1222,False,,,False,False,False,False,False,54.0,0.1387434554973822
IBDD,Electricity,775,0.74,217,0.7499999999999998,0.3115972451333024,0,192,4340,2609,912,157,7,0.6226834290482005,0.6768621161580568,0.6510110854507012,0.6226834290482005,0.23283800522251655,0.22222222222222254,1.2233606186634038,-2.534149843841321,1.7596622789832348,-1.2199335447094035,0.0606453741297639,0.6768621161580568,0.5884934670832942,0.0883686490747626,0.6510110854507012,0.576390559504625,0.07462052594607615,0.6226834290482005,0.5732635531093438,0.04941987593885666,0.23283800522251655,0.2661570605230273,0.03331905530051074,0.22222222222222254,0.22941381860072185,0.00719159637849931,2554.0,0.8414634146341463,2586.0,0.8520105471324984,2575.0,0.8483849703361899,1360.0,0.44792353328938694,487.0,0.16018457481872117,0.16018457481872117,WACC_0p9_WRT_0p1,0.6299934080421885,1223,False,,,False,False,False,False,False,192.0,0.5
IBDD,Electricity,2842,0.72,47,0.6785714285714283,0.5721533982557516,0,40,1212,1488,901,158,63,0.30717308429372037,0.40665573514218345,0.35918819395355817,0.30717308429372037,0.2615657011313083,0.2962962962962967,1.2233606186634038,-2.534149843841321,1.7596622789832348,-1.2199335447094035,0.0606453741297639,0.40665573514218345,0.4205419294261571,0.01388619428397364,0.35918819395355817,0.37799787299936816,0.01880967904580999,0.30717308429372037,0.3821415966986615,0.07496851240494112,0.2615657011313083,0.2359709123856078,0.02559478874570048,0.2962962962962967,0.28244894012612176,0.013847356170174963,594.0,0.1954515491100857,639.0,0.2102834541858932,488.0,0.16051417270929466,595.0,0.19578114700065918,1752.0,0.577125906394199,0.16051417270929466,WACC_0p5_WRT_0p5,0.2678312458800264,1224,False,,,False,False,False,False,False,40.0,0.10209424083769633
IBDD,Electricity,1213,0.71,56,0.6428571428571426,0.5425645408871178,0,53,2515,2190,716,209,131,0.34300256088597536,0.43734047611706295,0.392327714206428,0.34300256088597536,0.3004306642296604,0.3333333333333337,1.2233606186634038,-2.534149843841321,1.7596622789832348,-1.2199335447094035,0.0606453741297639,0.43734047611706295,0.4076240162924043,0.029716459824658648,0.392327714206428,0.3610879022794352,0.031239811926992767,0.34300256088597536,0.38327255693433665,0.04026999604836129,0.3004306642296604,0.33987588232764554,0.039445218097985124,0.3333333333333337,0.3808219765651913,0.047488643231857586,488.0,0.16051417270929466,541.0,0.17798286090969018,503.0,0.16545814106789716,2412.0,0.7946605141727093,2608.0,0.8592617007251153,0.16051417270929466,WACC_0p1_WRT_0p9,0.43157547791694134,1225,False,,,False,False,False,False,False,53.0,0.13612565445026178
IBDD,Electricity,747,0.74,296,0.7499999999999998,0.2583533809756533,0,232,3005,4466,232,136,4,0.6871570165460397,0.7320779752845077,0.7106442133072682,0.6871570165460397,0.2576698550109251,0.22222222222222254,1.2233606186634038,-2.534149843841321,1.7596622789832348,-1.2199335447094035,0.0606453741297639,0.7320779752845077,0.5905323471913319,0.14154562809317583,0.7106442133072682,0.5807489520927724,0.1298952612144958,0.6871570165460397,0.5852479471074297,0.10190906943861,0.2576698550109251,0.2759472820045057,0.018277426993580592,0.22222222222222254,0.22946125903085607,0.0072390368086335255,2570.0,0.8467369808833224,2619.0,0.8628872775214239,2654.0,0.8744232036914964,1564.0,0.515161502966381,488.0,0.16051417270929466,0.16051417270929466,WACC_0p9_WRT_0p1,0.6519446275543836,1226,False,,,False,False,False,False,False,232.0,0.6047120418848168
IBDD,Electricity,2182,0.72,61,0.6785714285714283,0.5280872662717262,0,54,1723,1683,347,175,77,0.3605332537913963,0.4523539460885802,0.40854226177566655,0.3605332537913963,0.2615657011313083,0.2962962962962967,1.2233606186634038,-2.534149843841321,1.7596622789832348,-1.2199335447094035,0.0606453741297639,0.4523539460885802,0.41635696242907827,0.035996983659501935,0.40854226177566655,0.3677685384013163,0.04077372337435026,0.3605332537913963,0.382172828277411,0.021639574486014723,0.2615657011313083,0.27452907846454777,0.01296337733323949,0.2962962962962967,0.3268951589721657,0.030598862675868976,558.0,0.1835860250494397,579.0,0.1905075807514832,490.0,0.16117336849044167,1537.0,0.5062623599208965,2244.0,0.7392880685563612,0.16117336849044167,WACC_0p5_WRT_0p5,0.3561634805537245,1227,False,,,False,False,False,False,False,54.0,0.1387434554973822
IBDD,Electricity,2456,0.74,104,0.7499999999999998,0.4373793521924517,0,90,4266,3586,418,203,42,0.47037247616302047,0.5464214125411612,0.5101351255444541,0.47037247616302047,0.1838357749346038,0.22222222222222254,1.2233606186634038,-2.534149843841321,1.7596622789832348,-1.2199335447094035,0.0606453741297639,0.5464214125411612,0.5160194837707557,0.030401928770405484,0.5101351255444541,0.507232592729506,0.002902532814948011,0.47037247616302047,0.5118306165785023,0.04145814041548179,0.1838357749346038,0.2311694452525129,0.04733367031790911,0.22222222222222254,0.24354928498167047,0.02132706275944793,1771.0,0.5833882663150955,1971.0,0.6493078444297956,2079.0,0.6849044166117337,490.0,0.16117336849044167,846.0,0.27851021753460775,0.16117336849044167,WACC_0p7_WRT_0p3,0.47145682267633493,1228,False,,,False,False,False,False,False,90.0,0.23298429319371727
IBDD,Electricity,163,0.74,138,0.7499999999999998,0.3890810456027807,0,124,4547,3845,1000,250,10,0.528857432977697,0.59650854530082,0.5642292289248857,0.528857432977697,0.1967011446709203,0.22222222222222254,1.2233606186634038,-2.534149843841321,1.7596622789832348,-1.2199335447094035,0.0606453741297639,0.59650854530082,0.5654266674041208,0.03108187789669914,0.5642292289248857,0.5511688577314386,0.013060371193447051,0.528857432977697,0.5697608903817855,0.040903457404088406,0.1967011446709203,0.23564706968859506,0.03894592501767474,0.22222222222222254,0.22963990159778433,0.0074176793755617865,2356.0,0.7762030323005933,2384.0,0.7854317732366513,2549.0,0.8398154251812788,588.0,0.1934739617666447,490.0,0.16117336849044167,0.16117336849044167,WACC_0p9_WRT_0p1,0.5512195121951219,1229,False,,,False,False,False,False,False,124.0,0.3219895287958115
IBDD,Electricity,1600,0.7,48,0.6071428571428569,0.5686032077643577,0,46,2174,1776,60,191,59,0.3114720494590426,0.4103374141702957,0.3631644073039193,0.3114720494590426,0.33929562732801266,0.37037037037037074,1.2233606186634038,-2.534149843841321,1.7596622789832348,-1.2199335447094035,0.0606453741297639,0.4103374141702957,0.41814346721021545,0.007806053039919769,0.3631644073039193,0.37164986780679776,0.008485460502878461,0.3114720494590426,0.38223455434323844,0.07076250488419583,0.33929562732801266,0.2690804726693163,0.07021515465869638,0.37037037037037074,0.296684131895444,0.07368623847492672,573.0,0.1885299934080422,602.0,0.1980883322346737,491.0,0.16150296638101516,1419.0,0.4673698088332235,1955.0,0.6440342781806196,0.16150296638101516,WACC_0p5_WRT_0p5,0.3319050758075148,1230,False,,,False,False,False,False,False,46.0,0.11780104712041885
IBDD,Electricity,505,0.73,164,0.7142857142857141,0.359557394877106,0,154,1319,1439,675,143,10,0.5646079501205059,0.62712566457189,0.5972957177376411,0.5646079501205059,0.22270073803295595,0.2592592592592596,1.2233606186634038,-2.534149843841321,1.7596622789832348,-1.2199335447094035,0.0606453741297639,0.62712566457189,0.5372251017307428,0.08990056284114722,0.5972957177376411,0.4950385552870753,0.10225716245056582,0.5646079501205059,0.4880121421866139,0.07659580793389204,0.22270073803295595,0.2541061632912671,0.031405425258311165,0.2592592592592596,0.22965183842796813,0.029607420831291448,2064.0,0.6799604482531312,1811.0,0.5965721819380356,1776.0,0.585036255767963,1078.0,0.35497692814765985,491.0,0.16150296638101516,0.16150296638101516,WACC_0p9_WRT_0p1,0.47560975609756095,1231,False,,,False,False,False,False,False,154.0,0.4005235602094241
IBDD,Electricity,2107,0.71,60,0.6428571428571426,0.5308869724893325,0,57,708,2340,367,211,179,0.3571430583830649,0.44945054704809956,0.4054065908119476,0.3571430583830649,0.3004306642296604,0.3333333333333337,1.2233606186634038,-2.534149843841321,1.7596622789832348,-1.2199335447094035,0.0606453741297639,0.44945054704809956,0.4080359620177622,0.04141458503033735,0.4054065908119476,0.35238624299552634,0.05302034781642123,0.3571430583830649,0.4364848612997406,0.0793418029166757,0.3004306642296604,0.4321082401468096,0.13167757591714918,0.3333333333333337,0.4761859588610502,0.1428526255277165,495.0,0.16282135794330915,491.0,0.16150296638101516,1069.0,0.35201054713249835,2913.0,0.959789057350033,2932.0,0.9660514172709295,0.16150296638101516,WACC_0p3_WRT_0p7,0.520435069215557,1232,False,,,False,False,False,False,False,57.0,0.14659685863874344
IBDD,Electricity,1220,0.71,50,0.6428571428571426,0.5617151637134581,0,47,46,1672,610,119,20,0.31981285863641046,0.4174805709638212,0.3708790166409269,0.31981285863641046,0.3004306642296604,0.3333333333333337,1.2233606186634038,-2.534149843841321,1.7596622789832348,-1.2199335447094035,0.0606453741297639,0.4174805709638212,0.4133827183068773,0.004097852656943901,0.3708790166409269,0.37188837663312274,0.0010093599921958685,0.31981285863641046,0.3823878355356126,0.06257497689920216,0.3004306642296604,0.2914988964341202,0.008931767795540224,0.3333333333333337,0.3345807519824577,0.001247418649123977,528.0,0.17369808833223468,606.0,0.1994067237969677,493.0,0.16216216216216217,1834.0,0.6041529334212261,2304.0,0.7590639419907712,0.16216216216216217,WACC_0p5_WRT_0p5,0.37969676994067236,1233,False,,,False,False,False,False,False,47.0,0.12041884816753927
IBDD,Electricity,2520,0.73,114,0.7142857142857141,0.4217160007489388,0,106,2370,4266,700,163,9,0.4893394026958622,0.5626648881122115,0.5276780791611885,0.4893394026958622,0.22270073803295595,0.2592592592592596,1.2233606186634038,-2.534149843841321,1.7596622789832348,-1.2199335447094035,0.0606453741297639,0.5626648881122115,0.539272794246284,0.023392093865927444,0.5276780791611885,0.5288395176368531,0.0011614384756646334,0.4893394026958622,0.5296751108353598,0.040335708139497606,0.22270073803295595,0.2456503949271324,0.02294965689417644,0.2592592592592596,0.2297806116751567,0.029478647584102874,2090.0,0.6885299934080422,2176.0,0.7168754119973633,2231.0,0.7350032959789057,841.0,0.27686222808174027,493.0,0.16216216216216217,0.16216216216216217,WACC_0p9_WRT_0p1,0.5158866183256428,1234,False,,,False,False,False,False,False,106.0,0.27486910994764396
IBDD,Electricity,1244,0.73,58,0.7142857142857141,0.5366267752811291,0,50,2955,1995,309,148,88,0.35019266732163634,0.4434981589677179,0.3989780116851353,0.35019266732163634,0.22270073803295595,0.2592592592592596,1.2233606186634038,-2.534149843841321,1.7596622789832348,-1.2199335447094035,0.0606453741297639,0.4434981589677179,0.42033732653826794,0.02316083242944994,0.3989780116851353,0.3829045534829781,0.01607345820215722,0.35019266732163634,0.3824162830593723,0.03222361573773597,0.22270073803295595,0.25684294997255647,0.034142211939600514,0.2592592592592596,0.29693262276010973,0.037673363500850154,592.0,0.19479235332893868,674.0,0.2218193803559657,494.0,0.16249176005273566,1142.0,0.3760711931443639,1958.0,0.6450230718523401,0.16249176005273566,WACC_0p5_WRT_0p5,0.32003955174686877,1235,False,,,False,False,False,False,False,50.0,0.12827225130890052
IBDD,Electricity,1570,0.73,104,0.7142857142857141,0.4373793521924517,0,96,309,2709,4,101,3,0.47037247616302047,0.5464214125411612,0.5101351255444541,0.47037247616302047,0.22270073803295595,0.2592592592592596,1.2233606186634038,-2.534149843841321,1.7596622789832348,-1.2199335447094035,0.0606453741297639,0.5464214125411612,0.527286196753815,0.019135215787346116,0.5101351255444541,0.49939238697612115,0.01074273856833291,0.47037247616302047,0.4888016725143557,0.01842919635133522,0.22270073803295595,0.2614989426946939,0.03879820466173797,0.2592592592592596,0.22981726240184466,0.029441996857414915,1937.0,0.6381015161502966,1869.0,0.6156888595912986,1789.0,0.5893210283454186,1266.0,0.4169413315754779,494.0,0.16249176005273566,0.16249176005273566,WACC_0p9_WRT_0p1,0.4845088991430454,1236,False,,,False,False,False,False,False,96.0,0.2486910994764398
IBDD,Electricity,1815,0.74,63,0.7499999999999998,0.5226208344905343,0,50,979,2119,451,213,41,0.3671526168545674,0.4580228383061125,0.4146646653706015,0.3671526168545674,0.1838357749346038,0.22222222222222254,1.2233606186634038,-2.534149843841321,1.7596622789832348,-1.2199335447094035,0.0606453741297639,0.4580228383061125,0.4460411420222045,0.011981696283907994,0.4146646653706015,0.41183552498634907,0.0028291403842524154,0.3671526168545674,0.40626897799912376,0.039116361144556355,0.1838357749346038,0.23138517820068424,0.04754940326608045,0.22222222222222254,0.2634969381746977,0.04127471595247517,822.0,0.27059986816084375,885.0,0.2913645352669743,727.0,0.23928806855636123,495.0,0.16282135794330915,1342.0,0.44199077125906394,0.16282135794330915,WACC_0p7_WRT_0p3,0.2812129202373105,1237,False,,,False,False,False,False,False,50.0,0.12827225130890052
IBDD,Electricity,1745,0.71,61,0.6428571428571426,0.5280872662717262,0,58,2660,2152,765,189,92,0.3605332537913963,0.4523539460885802,0.40854226177566655,0.3605332537913963,0.3004306642296604,0.3333333333333337,1.2233606186634038,-2.534149843841321,1.7596622789832348,-1.2199335447094035,0.0606453741297639,0.4523539460885802,0.41672334203408545,0.03563060405449475,0.40854226177566655,0.3795555944491249,0.02898666732654165,0.3605332537913963,0.3824547085110451,0.021921454719648847,0.3004306642296604,0.271869360556258,0.028561303673402427,0.3333333333333337,0.32253712862290407,0.010796204710429635,561.0,0.1845748187211602,649.0,0.21357943309162822,495.0,0.16282135794330915,1481.0,0.4878048780487805,2218.0,0.7307185234014503,0.16282135794330915,WACC_0p5_WRT_0p5,0.35589980224126566,1238,False,,,False,False,False,False,False,58.0,0.14921465968586387
IBDD,Electricity,1200,0.73,59,0.7142857142857141,0.5337329569329065,0,51,2486,197,378,103,11,0.35369682415601933,0.44649915577328214,0.4022190882351447,0.35369682415601933,0.22270073803295595,0.2592592592592596,1.2233606186634038,-2.534149843841321,1.7596622789832348,-1.2199335447094035,0.0606453741297639,0.44649915577328214,0.5172375921155538,0.07073843634227162,0.4022190882351447,0.47712978308014525,0.07491069484500057,0.35369682415601933,0.44090460267187853,0.0872077785158592,0.22270073803295595,0.24053737266232383,0.01783663462936788,0.2592592592592596,0.22986148362586098,0.0293977756333986,1788.0,0.5889914304548451,1583.0,0.5214238628872775,1124.0,0.3701384311140409,703.0,0.23137771918259722,495.0,0.16282135794330915,0.16282135794330915,WACC_0p9_WRT_0p1,0.37495056031641394,1239,False,,,False,False,False,False,False,51.0,0.13089005235602094
IBDD,Electricity,1339,0.72,89,0.6785714285714283,0.4639207293207574,0,82,485,3326,248,219,24,0.4382332272999357,0.5188970214451404,0.48040878316075164,0.4382332272999357,0.2615657011313083,0.2962962962962967,1.2233606186634038,-2.534149843841321,1.7596622789832348,-1.2199335447094035,0.0606453741297639,0.5188970214451404,0.4928250854590257,0.02607193598611468,0.48040878316075164,0.4636294000780005,0.01677938308275112,0.4382332272999357,0.45381787958612096,0.015584652286185274,0.2615657011313083,0.23153681178079633,0.030028889350511956,0.2962962962962967,0.25387456648852247,0.042421729807774256,1413.0,0.4653922214897825,1410.0,0.464403427818062,1285.0,0.42320369149637443,496.0,0.16315095583388267,1113.0,0.36651285431773234,0.16315095583388267,WACC_0p7_WRT_0p3,0.3765326301911668,1240,False,,,False,False,False,False,False,82.0,0.21204188481675393
IBDD,Electricity,1501,0.74,65,0.7499999999999998,0.5173226275773177,0,52,3110,1541,986,119,71,0.3735682745534433,0.46351727510500373,0.42059865711340405,0.3735682745534433,0.1838357749346038,0.22222222222222254,1.2233606186634038,-2.534149843841321,1.7596622789832348,-1.2199335447094035,0.0606453741297639,0.46351727510500373,0.43868308721830035,0.024834187886703385,0.42059865711340405,0.3923957506577764,0.028202906455627674,0.3735682745534433,0.38266192891095047,0.009093654357507142,0.1838357749346038,0.2372302851190175,0.05339451018441371,0.22222222222222254,0.27876760523890504,0.05654538301668249,738.0,0.24291364535266974,733.0,0.24126565589980223,497.0,0.16348055372445616,634.0,0.20863546473302572,1687.0,0.5557020435069215,0.16348055372445616,WACC_0p5_WRT_0p5,0.28239947264337506,1241,False,,,False,False,False,False,False,52.0,0.13350785340314136
IBDD,Electricity,1983,0.73,97,0.7142857142857141,0.4492584163869911,0,89,1710,3189,938,204,31,0.45598798516380645,0.5341023830060834,0.49683057364657,0.45598798516380645,0.22270073803295595,0.2592592592592596,1.2233606186634038,-2.534149843841321,1.7596622789832348,-1.2199335447094035,0.0606453741297639,0.5341023830060834,0.49791522111687614,0.03618716188920723,0.49683057364657,0.48415217876499234,0.012678394881577681,0.45598798516380645,0.4861280956153391,0.030140110451532642,0.22270073803295595,0.23156298904661823,0.008862251013662281,0.2592592592592596,0.24803008939074295,0.01122916986851663,1483.0,0.4884640738299275,1666.0,0.5487804878048781,1742.0,0.5738299274884641,497.0,0.16348055372445616,968.0,0.3187211601845748,0.16348055372445616,WACC_0p7_WRT_0p3,0.41865524060646014,1242,False,,,False,False,False,False,False,89.0,0.23036649214659685
IBDD,Electricity,2512,0.73,57,0.7142857142857141,0.5395700629986553,0,49,1474,1161,686,81,78,0.3466286074775693,0.44044586059398705,0.395681529441506,0.3466286074775693,0.22270073803295595,0.2592592592592596,1.2233606186634038,-2.534149843841321,1.7596622789832348,-1.2199335447094035,0.0606453741297639,0.44044586059398705,0.4181032058146872,0.022342654779299864,0.395681529441506,0.36196915262183216,0.03371237681967382,0.3466286074775693,0.3827341713994454,0.03610556392187608,0.22270073803295595,0.2683266139872955,0.04562587595433956,0.2592592592592596,0.31676677438681977,0.057507515127560194,572.0,0.1882003955174687,546.0,0.1796308503625577,498.0,0.16381015161502965,1402.0,0.46176664469347395,2174.0,0.7162162162162162,0.16381015161502965,WACC_0p5_WRT_0p5,0.34192485168094927,1243,False,,,False,False,False,False,False,49.0,0.1256544502617801
IBDD,Electricity,151,0.73,124,0.7142857142857141,0.4073595105219982,0,116,3757,1,2,250,1,0.5067238364414649,0.5775531001994092,0.5437573482153619,0.5067238364414649,0.22270073803295595,0.2592592592592596,1.2233606186634038,-2.534149843841321,1.7596622789832348,-1.2199335447094035,0.0606453741297639,0.5775531001994092,0.5205081271803393,0.057044973019069856,0.5437573482153619,0.4766047712810298,0.06715257693433213,0.5067238364414649,0.46520388178568756,0.04151995465577735,0.22270073803295595,0.23168490335470385,0.008984165321747895,0.2592592592592596,0.23645160301743742,0.022807656241822155,1834.0,0.6041529334212261,1575.0,0.5187870797626896,1432.0,0.47165458141067895,498.0,0.16381015161502965,673.0,0.22148978246539222,0.16381015161502965,WACC_0p7_WRT_0p3,0.3959789057350033,1244,False,,,False,False,False,False,False,116.0,0.3010471204188482
IBDD,Electricity,1675,0.71,69,0.6428571428571426,0.5071915798046006,0,66,3254,2473,833,242,216,0.3858360730191042,0.47402354686930304,0.4319454306188472,0.3858360730191042,0.3004306642296604,0.3333333333333337,1.2233606186634038,-2.534149843841321,1.7596622789832348,-1.2199335447094035,0.0606453741297639,0.47402354686930304,0.4088529366008956,0.06517061026840743,0.4319454306188472,0.35586000518171007,0.07608542543713714,0.3858360730191042,0.4548126351341813,0.06897656211507708,0.3004306642296604,0.4506784552617319,0.15024779103207148,0.3333333333333337,0.48730752041352543,0.15397418708019173,498.0,0.16381015161502965,505.0,0.16611733684904417,1296.0,0.4268292682926829,2955.0,0.97363216875412,2955.0,0.97363216875412,0.16381015161502965,WACC_0p1_WRT_0p9,0.5408042188529993,1245,False,,,False,False,False,False,False,66.0,0.17015706806282724
IBDD,Electricity,1408,0.73,70,0.7142857142857141,0.5047492957538864,0,62,887,1959,993,141,45,0.3887934619488797,0.4765562858848585,0.4346807887556472,0.3887934619488797,0.22270073803295595,0.2592592592592596,1.2233606186634038,-2.534149843841321,1.7596622789832348,-1.2199335447094035,0.0606453741297639,0.4765562858848585,0.4534159972653962,0.023140288619462268,0.4346807887556472,0.41177228208241334,0.022908506673233853,0.3887934619488797,0.40994991124610614,0.021156449297226432,0.22270073803295595,0.2318262844742093,0.009125546441253352,0.2592592592592596,0.26154110907341666,0.0022818498141570775,891.0,0.2933421226104153,882.0,0.2903757415952538,767.0,0.2524719841793013,500.0,0.16446934739617666,1289.0,0.4245220830586684,0.16446934739617666,WACC_0p7_WRT_0p3,0.2850362557679631,1246,False,,,False,False,False,False,False,62.0,0.15968586387434555
IBDD,Electricity,846,0.72,141,0.6785714285714283,0.3854045043765198,0,134,4664,4211,775,178,9,0.5333093976536435,0.6003212547206462,0.5683469550982978,0.5333093976536435,0.2615657011313083,0.2962962962962967,1.2233606186634038,-2.534149843841321,1.7596622789832348,-1.2199335447094035,0.0606453741297639,0.6003212547206462,0.5836435957022259,0.016677659018420332,0.5683469550982978,0.5729752667405329,0.0046283116422350945,0.5333093976536435,0.5861318143963022,0.05282241674265875,0.2615657011313083,0.25002164588515097,0.011544055246157314,0.2962962962962967,0.2301884856401334,0.06610781065616333,2512.0,0.8276203032300593,2564.0,0.8447593935398814,2663.0,0.8773895847066578,967.0,0.31839156229400134,500.0,0.16446934739617666,0.16446934739617666,WACC_0p9_WRT_0p1,0.6065260382333553,1247,False,,,False,False,False,False,False,134.0,0.3481675392670157
IBDD,Electricity,2144,0.73,77,0.7142857142857141,0.4885595662217817,0,69,662,529,903,77,26,0.40839778556566114,0.49334563502926343,0.4528132858316045,0.40839778556566114,0.22270073803295595,0.2592592592592596,1.2233606186634038,-2.534149843841321,1.7596622789832348,-1.2199335447094035,0.0606453741297639,0.49334563502926343,0.46816765326541704,0.02517798176384639,0.4528132858316045,0.4059578576464469,0.046855428185157644,0.40839778556566114,0.3831765569452335,0.025221228620427638,0.22270073803295595,0.25439734111840473,0.03169660308544878,0.2592592592592596,0.25263563787137283,0.006623621387886747,1055.0,0.34739617666446937,836.0,0.2752142386288728,502.0,0.16512854317732367,1088.0,0.3582729070533949,1083.0,0.35662491760052734,0.16512854317732367,WACC_0p5_WRT_0p5,0.3005273566249176,1248,False,,,False,False,False,False,False,69.0,0.17801047120418848
IBDD,Electricity,171,0.73,136,0.7142857142857141,0.391576424623955,0,128,3748,1,2,186,1,0.5258357507574586,0.593920744834417,0.5614344044211703,0.5258357507574586,0.22270073803295595,0.2592592592592596,1.2233606186634038,-2.534149843841321,1.7596622789832348,-1.2199335447094035,0.0606453741297639,0.593920744834417,0.5594070850362163,0.03451365979820076,0.5614344044211703,0.5107599408697141,0.05067446355145622,0.5258357507574586,0.4991595808157721,0.02667616994168648,0.22270073803295595,0.23668035372283924,0.01397961568988329,0.2592592592592596,0.23021689010117405,0.02904236915808553,2298.0,0.7570863546473302,1996.0,0.6575477916941331,1917.0,0.6315095583388266,612.0,0.2013843111404087,502.0,0.16512854317732367,0.16512854317732367,WACC_0p9_WRT_0p1,0.48253131179960446,1249,False,,,False,False,False,False,False,128.0,0.3324607329842932
IBDD,Electricity,3031,0.76,124,0.8214285714285713,0.4073595105219982,0,20,2113,3829,805,85,2,0.5067238364414649,0.5775531001994092,0.5437573482153619,0.5067238364414649,0.18817644229596128,0.1481481481481484,1.2233606186634038,-2.534149843841321,1.7596622789832348,-1.2199335447094035,0.0606453741297639,0.5775531001994092,0.594918160938201,0.01736506073879185,0.5437573482153619,0.5786781220891755,0.03492077387381354,0.5067238364414649,0.5798263622279574,0.07310252578649246,0.18817644229596128,0.29351529445335167,0.10533885215739039,0.1481481481481484,0.23024276766494026,0.08209461951679187,2596.0,0.8553065260382333,2601.0,0.8569545154911009,2617.0,0.8622280817402769,1860.0,0.6127224785761372,503.0,0.16545814106789716,0.16545814106789716,WACC_0p9_WRT_0p1,0.6705339485827291,1250,False,,,False,False,False,False,False,20.0,0.049738219895287955
IBDD,Electricity,1255,0.73,81,0.7142857142857141,0.4799488650928298,0,73,1182,2426,663,169,52,0.41882457936506384,0.502275251014843,0.4624572710960305,0.41882457936506384,0.22270073803295595,0.2592592592592596,1.2233606186634038,-2.534149843841321,1.7596622789832348,-1.2199335447094035,0.0606453741297639,0.502275251014843,0.4577464462374931,0.04452880477734994,0.4624572710960305,0.43471265800043357,0.02774461309559695,0.41882457936506384,0.4260709388438651,0.007246359478801256,0.22270073803295595,0.23190871737717364,0.009207979344217687,0.2592592592592596,0.26777767260418817,0.008518413344928588,934.0,0.3075148319050758,1085.0,0.3572841133816744,950.0,0.3127883981542518,504.0,0.16578773895847065,1455.0,0.4792353328938695,0.16578773895847065,WACC_0p7_WRT_0p3,0.3245220830586685,1251,False,,,False,False,False,False,False,73.0,0.18848167539267016
IBDD,Electricity,609,0.74,140,0.7499999999999998,0.3866213160747044,0,126,1840,4094,748,239,10,0.5318359468301079,0.5990593759225288,0.5669841259963311,0.5318359468301079,0.19784831223900767,0.22222222222222254,1.2233606186634038,-2.534149843841321,1.7596622789832348,-1.2199335447094035,0.0606453741297639,0.5990593759225288,0.5496193023758431,0.04944007354668567,0.5669841259963311,0.533148515960018,0.03383561003631308,0.5318359468301079,0.5393408386624091,0.007504891832301186,0.19784831223900767,0.23251042476293368,0.03466211252392601,0.22222222222222254,0.23048471301808315,0.00826249079586061,2199.0,0.7244561634805537,2220.0,0.7313777191825972,2317.0,0.7633487145682267,521.0,0.17139090309822017,504.0,0.16578773895847065,0.16578773895847065,WACC_0p9_WRT_0p1,0.5112722478576137,1252,False,,,False,False,False,False,False,126.0,0.32722513089005234
IBDD,Electricity,414,0.73,200,0.7142857142857141,0.3255764148535369,0,185,3122,2147,709,131,6,0.6057558969022228,0.6623651994111469,0.6353544153640386,0.6057558969022228,0.2263184062386464,0.2592592592592596,1.2233606186634038,-2.534149843841321,1.7596622789832348,-1.2199335447094035,0.0606453741297639,0.6623651994111469,0.5650593945372709,0.09730580487387597,0.6353544153640386,0.5500547250897745,0.0852996902742641,0.6057558969022228,0.5364168118764875,0.06933908502573527,0.2263184062386464,0.27488464221479697,0.04856623597615056,0.2592592592592596,0.23048899553810662,0.02877026372115296,2353.0,0.7752142386288727,2377.0,0.7831245880026367,2291.0,0.7547791694133158,1542.0,0.507910349373764,505.0,0.16611733684904417,0.16611733684904417,WACC_0p9_WRT_0p1,0.5974291364535267,1253,False,,,False,False,False,False,False,185.0,0.4816753926701571
IBDD,Electricity,2856,0.74,136,0.7499999999999998,0.391576424623955,0,122,1497,4507,667,217,14,0.5258357507574586,0.593920744834417,0.5614344044211703,0.5258357507574586,0.19553735090802815,0.22222222222222254,1.2233606186634038,-2.534149843841321,1.7596622789832348,-1.2199335447094035,0.0606453741297639,0.593920744834417,0.5545696026872523,0.03935114214716473,0.5614344044211703,0.5522658471068322,0.009168557314338077,0.5258357507574586,0.5431007810732751,0.0172650303158165,0.19553735090802815,0.23817376823487194,0.042636417326843784,0.22222222222222254,0.23049681802299243,0.00827459580076989,2249.0,0.7409360580092288,2396.0,0.7893869479235333,2355.0,0.7758734344100198,656.0,0.2158866183256427,506.0,0.16644693473961766,0.16644693473961766,WACC_0p9_WRT_0p1,0.5377059986816084,1254,False,,,False,False,False,False,False,122.0,0.31675392670157065
IBDD,Electricity,1122,0.74,62,0.7499999999999998,0.5253323572805145,0,49,2790,1693,671,92,80,0.3638692037398741,0.455210888746133,0.41162775984582367,0.3638692037398741,0.1838357749346038,0.22222222222222254,1.2233606186634038,-2.534149843841321,1.7596622789832348,-1.2199335447094035,0.0606453741297639,0.455210888746133,0.43424111600344695,0.020969772742686077,0.41162775984582367,0.3821193130561788,0.02950844678964487,0.3638692037398741,0.38408592523453805,0.02021672149466397,0.1838357749346038,0.2673875255111731,0.08355175057656933,0.22222222222222254,0.31573823097866677,0.09351600875644422,702.0,0.23104812129202373,668.0,0.2198417930125247,507.0,0.16677653263019115,1388.0,0.45715227422544497,2163.0,0.7125906394199077,0.16677653263019115,WACC_0p5_WRT_0p5,0.35748187211601845,1255,False,,,False,False,False,False,False,49.0,0.1256544502617801
IBDD,Electricity,618,0.74,125,0.7499999999999998,0.405987565903148,0,111,725,2153,533,158,10,0.5083851394446378,0.5789758575819206,0.5452939261884742,0.5083851394446378,0.18881628921977647,0.22222222222222254,1.2233606186634038,-2.534149843841321,1.7596622789832348,-1.2199335447094035,0.0606453741297639,0.5789758575819206,0.49201816378415325,0.08695769379776735,0.5452939261884742,0.4609515956670695,0.08434233052140466,0.5083851394446378,0.4506428970859743,0.05774224235866349,0.18881628921977647,0.2320545380333031,0.043238248813526614,0.22222222222222254,0.23520845988301617,0.012986237660793626,1390.0,0.45781147000659195,1366.0,0.44990112063282794,1238.0,0.4077125906394199,508.0,0.16710613052076467,634.0,0.20863546473302572,0.16710613052076467,WACC_0p7_WRT_0p3,0.33823335530652604,1256,False,,,False,False,False,False,False,111.0,0.2879581151832461
IBDD,Electricity,153,0.71,7,0.6428571428571426,0.8806552086226336,0,6,2060,1,2,224,1,0.22155713330854457,0.08672793179875032,0.051428571428571455,0.22155713330854457,0.3004306642296604,0.3333333333333337,1.2233606186634038,-2.534149843841321,1.7596622789832348,-1.2199335447094035,0.0606453741297639,0.08672793179875032,0.42236367735153346,0.33563574555278314,0.051428571428571455,0.35735931181731717,0.30593074038874574,0.22155713330854457,0.38821216468545783,0.16665503137691326,0.3004306642296604,0.23207026639544484,0.06836039783421557,0.3333333333333337,0.2801161424050277,0.05321719092830601,608.0,0.2000659195781147,510.0,0.16776532630191165,536.0,0.17633487145682267,509.0,0.16743572841133816,1713.0,0.5642715886618326,0.16743572841133816,WACC_0p7_WRT_0p3,0.25517468688200395,1257,False,,,False,False,False,False,False,6.0,0.013089005235602094
IBDD,Electricity,2303,0.74,74,0.7499999999999998,0.4953125156100612,0,61,3868,2205,650,240,37,0.4002205640183184,0.48634257640438094,0.4452499825167314,0.4002205640183184,0.1838357749346038,0.22222222222222254,1.2233606186634038,-2.534149843841321,1.7596622789832348,-1.2199335447094035,0.0606453741297639,0.48634257640438094,0.4844305527888818,0.0019120236154991366,0.4452499825167314,0.4479264864905569,0.0026765039738254615,0.4002205640183184,0.45238050978211847,0.052159945763800064,0.1838357749346038,0.23210734642301134,0.04827157148840755,0.22222222222222254,0.23631750418922953,0.01409528196700699,1271.0,0.4185893210283454,1217.0,0.4007910349373764,1264.0,0.41628213579433093,510.0,0.16776532630191165,666.0,0.21918259723137773,0.16776532630191165,WACC_0p7_WRT_0p3,0.3245220830586684,1258,False,,,False,False,False,False,False,61.0,0.15706806282722513
IBDD,Electricity,2176,0.71,60,0.6428571428571426,0.5308869724893325,0,57,4869,2346,903,227,185,0.3571430583830649,0.44945054704809956,0.4054065908119476,0.3571430583830649,0.3004306642296604,0.3333333333333337,1.2233606186634038,-2.534149843841321,1.7596622789832348,-1.2199335447094035,0.0606453741297639,0.44945054704809956,0.4106062665593736,0.03884428048872596,0.4054065908119476,0.3647913352193159,0.04061525559263168,0.3571430583830649,0.4279014560600105,0.07075839767694558,0.3004306642296604,0.3966910866418679,0.0962604224122075,0.3333333333333337,0.4364457706334583,0.1031124373001246,510.0,0.16776532630191165,562.0,0.18490441661173368,968.0,0.3187211601845748,2819.0,0.928806855636124,2820.0,0.9291364535266974,0.16776532630191165,WACC_0p1_WRT_0p9,0.5058668424522084,1259,False,,,False,False,False,False,False,57.0,0.14659685863874344
IBDD,Electricity,1172,0.71,47,0.6428571428571426,0.5721533982557516,0,44,3985,1856,613,231,135,0.30717308429372037,0.40665573514218345,0.35918819395355817,0.30717308429372037,0.3004306642296604,0.3333333333333337,1.2233606186634038,-2.534149843841321,1.7596622789832348,-1.2199335447094035,0.0606453741297639,0.40665573514218345,0.41165900172488884,0.00500326658270539,0.35918819395355817,0.3580549825624186,0.001133211391139588,0.30717308429372037,0.38486642910006835,0.07769334480634799,0.3004306642296604,0.33010024456155357,0.029669580331893153,0.3333333333333337,0.36322766005844487,0.029894326725111164,518.0,0.17040210942649966,516.0,0.16974291364535268,511.0,0.16809492419248517,2323.0,0.7653263019116677,2500.0,0.8236651285431773,0.16809492419248517,WACC_0p5_WRT_0p5,0.41944627554383657,1260,False,,,False,False,False,False,False,44.0,0.112565445026178
IBDD,Electricity,2657,0.71,57,0.6428571428571426,0.5395700629986553,0,54,1979,2282,206,217,141,0.3466286074775693,0.44044586059398705,0.395681529441506,0.3466286074775693,0.3004306642296604,0.3333333333333337,1.2233606186634038,-2.534149843841321,1.7596622789832348,-1.2199335447094035,0.0606453741297639,0.44044586059398705,0.4107154978043518,0.029730362789635256,0.395681529441506,0.36426636604690094,0.03141516339460504,0.3466286074775693,0.4131973927863378,0.06656878530876853,0.3004306642296604,0.3515410112569595,0.05111034702729911,0.3333333333333337,0.40701218744005824,0.07367885410672453,511.0,0.16809492419248517,559.0,0.18391562294001318,805.0,0.26499670402109426,2524.0,0.8315754779169413,2721.0,0.8965062623599209,0.16809492419248517,WACC_0p1_WRT_0p9,0.4690177982860909,1261,False,,,False,False,False,False,False,54.0,0.1387434554973822
IBDD,Electricity,87,0.74,141,0.7499999999999998,0.3854045043765198,0,127,2339,3741,1000,94,5,0.5333093976536435,0.6003212547206462,0.5683469550982978,0.5333093976536435,0.1984158083399787,0.22222222222222254,1.2233606186634038,-2.534149843841321,1.7596622789832348,-1.2199335447094035,0.0606453741297639,0.6003212547206462,0.5778712617968467,0.022449992923799567,0.5683469550982978,0.5661457489267878,0.002201206171509984,0.5333093976536435,0.5631127433415322,0.02980334568788867,0.1984158083399787,0.2786079972484438,0.0801921889084651,0.22222222222222254,0.2306606166296349,0.00843839440741237,2456.0,0.8091628213579433,2503.0,0.8246539222148979,2520.0,0.8302570863546473,1620.0,0.533618984838497,511.0,0.16809492419248517,0.16809492419248517,WACC_0p9_WRT_0p1,0.6331575477916942,1262,False,,,False,False,False,False,False,127.0,0.3298429319371728
IBDD,Electricity,2583,0.74,58,0.7499999999999998,0.5366267752811291,0,45,1669,720,591,60,57,0.35019266732163634,0.4434981589677179,0.3989780116851353,0.35019266732163634,0.1838357749346038,0.22222222222222254,1.2233606186634038,-2.534149843841321,1.7596622789832348,-1.2199335447094035,0.0606453741297639,0.4434981589677179,0.43328503612690533,0.01021312284081255,0.3989780116851353,0.37318675272858265,0.025791258956552654,0.35019266732163634,0.3851056376916992,0.03491297037006286,0.1838357749346038,0.28269879166596795,0.09886301673136416,0.22222222222222254,0.30869592747694924,0.0864737052547267,692.0,0.22775214238628871,614.0,0.2020435069215557,512.0,0.16842452208305866,1692.0,0.557350032959789,2088.0,0.6878707976268952,0.16842452208305866,WACC_0p5_WRT_0p5,0.3686882003955175,1263,False,,,False,False,False,False,False,45.0,0.11518324607329843
IBDD,Electricity,1134,0.73,96,0.7142857142857141,0.4510243614951085,0,88,3690,3587,719,167,23,0.45384958258454444,0.5322710325235911,0.4948527151254784,0.45384958258454444,0.22270073803295595,0.2592592592592596,1.2233606186634038,-2.534149843841321,1.7596622789832348,-1.2199335447094035,0.0606453741297639,0.5322710325235911,0.5382708142611626,0.005999781737571541,0.4948527151254784,0.5196930708076681,0.02484035568218973,0.45384958258454444,0.5301932107452277,0.0763436281606833,0.22270073803295595,0.232206403671911,0.009505665638955052,0.2592592592592596,0.2307137742320025,0.028545485027257067,2076.0,0.6839156229400132,2098.0,0.6911667765326301,2238.0,0.7373104812129202,513.0,0.16875411997363216,512.0,0.16842452208305866,0.16842452208305866,WACC_0p9_WRT_0p1,0.4899143045484508,1264,False,,,False,False,False,False,False,88.0,0.22774869109947643
IBDD,Electricity,1799,0.71,65,0.6428571428571426,0.5173226275773177,0,62,2415,2571,717,232,231,0.3735682745534433,0.46351727510500373,0.42059865711340405,0.3735682745534433,0.3004306642296604,0.3333333333333337,1.2233606186634038,-2.534149843841321,1.7596622789832348,-1.2199335447094035,0.0606453741297639,0.46351727510500373,0.41092222960537306,0.05259504549963068,0.42059865711340405,0.3603776256988049,0.06022103141459917,0.3735682745534433,0.4689734931955394,0.09540521864209606,0.3004306642296604,0.48464690395873644,0.18421623972907603,0.3333333333333337,0.5406715426796883,0.2073382093463546,513.0,0.16875411997363216,533.0,0.17534607778510217,1485.0,0.4891232696110745,3018.0,0.9943968358602505,3025.0,0.996704021094265,0.16875411997363216,WACC_0p1_WRT_0p9,0.5648648648648649,1265,False,,,False,False,False,False,False,62.0,0.15968586387434555
IBDD,Electricity,2022,0.73,71,0.7142857142857141,0.5023411706436027,0,63,4647,1636,532,222,85,0.3917094874376366,0.4790536008140415,0.4373778888791649,0.3917094874376366,0.22270073803295595,0.2592592592592596,1.2233606186634038,-2.534149843841321,1.7596622789832348,-1.2199335447094035,0.0606453741297639,0.4790536008140415,0.4372555231923567,0.041798077621684804,0.4373778888791649,0.3979707315397844,0.039407157339380494,0.3917094874376366,0.38553057261812435,0.006178914819512271,0.22270073803295595,0.25340651036000533,0.03070577232704938,0.2592592592592596,0.28328190979150336,0.024022650532243783,730.0,0.24027686222808173,773.0,0.2544495715227423,514.0,0.16908371786420567,1061.0,0.34937376400791037,1764.0,0.581081081081081,0.16908371786420567,WACC_0p5_WRT_0p5,0.3188529993408042,1266,False,,,False,False,False,False,False,63.0,0.16230366492146597
IBDD,Electricity,912,0.74,359,0.7499999999999998,0.2252311465660245,0,258,3602,4449,54,116,8,0.7272650987094629,0.7664269591167153,0.7477411158460526,0.7272650987094629,0.27311738802770746,0.22222222222222254,1.2233606186634038,-2.534149843841321,1.7596622789832348,-1.2199335447094035,0.0606453741297639,0.7664269591167153,0.6106748844085594,0.15575207470815589,0.7477411158460526,0.6172686144486925,0.1304725013973601,0.7272650987094629,0.614584296213063,0.11268080249639989,0.27311738802770746,0.2868514612234459,0.013734073195738439,0.22222222222222254,0.2307795501783195,0.008557327956096955,2701.0,0.8899143045484509,2778.0,0.9152933421226104,2775.0,0.9143045484508899,1762.0,0.5804218852999341,515.0,0.16941331575477916,0.16941331575477916,WACC_0p9_WRT_0p1,0.6938694792353329,1267,False,,,False,False,False,False,False,258.0,0.6727748691099477
IBDD,Electricity,1419,0.71,62,0.6428571428571426,0.5253323572805145,0,59,2520,2555,432,250,182,0.3638692037398741,0.455210888746133,0.41162775984582367,0.3638692037398741,0.3004306642296604,0.3333333333333337,1.2233606186634038,-2.534149843841321,1.7596622789832348,-1.2199335447094035,0.0606453741297639,0.455210888746133,0.4111247201155814,0.04408616863055165,0.41162775984582367,0.3660963262590808,0.04553143358674289,0.3638692037398741,0.44356484278639147,0.07969563904651739,0.3004306642296604,0.41815686220708076,0.11772619797742034,0.3333333333333337,0.46811886708102585,0.13478553374769214,516.0,0.16974291364535268,571.0,0.18787079762689518,1153.0,0.37969676994067236,2876.0,0.9475939353988134,2911.0,0.9591298615688859,0.16974291364535268,WACC_0p1_WRT_0p9,0.5288068556361238,1268,False,,,False,False,False,False,False,59.0,0.1518324607329843
IBDD,Electricity,1357,0.72,75,0.6785714285714283,0.4930319771219003,0,68,4690,2102,271,186,39,0.4029820934468227,0.48870757928099223,0.44780418562347163,0.4029820934468227,0.2615657011313083,0.2962962962962967,1.2233606186634038,-2.534149843841321,1.7596622789832348,-1.2199335447094035,0.0606453741297639,0.48870757928099223,0.4900363068244883,0.0013287275434960555,0.44780418562347163,0.4673269060784586,0.019522720454986986,0.4029820934468227,0.47097188293272024,0.06798978948589757,0.2615657011313083,0.23233675797369177,0.02922894315761651,0.2962962962962967,0.23681571105003613,0.0594805852462606,1358.0,0.44726433750823996,1453.0,0.47857613711272246,1513.0,0.4983520105471325,517.0,0.17007251153592617,679.0,0.22346736980883322,0.17007251153592617,WACC_0p7_WRT_0p3,0.36354647330257084,1269,False,,,False,False,False,False,False,68.0,0.17539267015706805
IBDD,Electricity,1965,0.72,70,0.6785714285714283,0.5047492957538864,0,63,861,2262,296,177,91,0.3887934619488797,0.4765562858848585,0.4346807887556472,0.3887934619488797,0.2615657011313083,0.2962962962962967,1.2233606186634038,-2.534149843841321,1.7596622789832348,-1.2199335447094035,0.0606453741297639,0.4765562858848585,0.4188371497781352,0.0577191361067233,0.4346807887556472,0.3901272223823646,0.044553566373282616,0.3887934619488797,0.38582553369985034,0.0029679282490293613,0.2615657011313083,0.2760962106482742,0.01453050951696594,0.2962962962962967,0.3244387004002801,0.028142404103983387,581.0,0.1911667765326302,716.0,0.23566249176005274,517.0,0.17007251153592617,1569.0,0.5168094924192486,2230.0,0.7346736980883323,0.17007251153592617,WACC_0p5_WRT_0p5,0.369676994067238,1270,False,,,False,False,False,False,False,63.0,0.16230366492146597
IBDD,Electricity,1001,0.74,225,0.7499999999999998,0.3053919559516223,0,198,1488,4771,718,148,5,0.6301974827581242,0.6832972308649844,0.657961009334183,0.6301974827581242,0.2357320252432438,0.22222222222222254,1.2233606186634038,-2.534149843841321,1.7596622789832348,-1.2199335447094035,0.0606453741297639,0.6832972308649844,0.5806522615335667,0.10264496933141765,0.657961009334183,0.5685822422248309,0.08937876710935211,0.6301974827581242,0.5634780896032503,0.06671939315487385,0.2357320252432438,0.2740017783805796,0.0382697531373358,0.22222222222222254,0.23082224300636242,0.008600020784139878,2489.0,0.8200395517468688,2522.0,0.8309162821357944,2523.0,0.8312458800263678,1527.0,0.5029663810151616,517.0,0.17007251153592617,0.17007251153592617,WACC_0p9_WRT_0p1,0.6310481212920237,1271,False,,,False,False,False,False,False,198.0,0.5157068062827225
IBDD,Electricity,137,0.74,24,0.7499999999999998,0.6844695345995766,0,12,2246,1,2,184,1,0.17116822516963848,0.29017974189673534,0.2333941212484741,0.17116822516963848,0.1838357749346038,0.22222222222222254,1.2233606186634038,-2.534149843841321,1.7596622789832348,-1.2199335447094035,0.0606453741297639,0.29017974189673534,0.44636827258953277,0.15618853069279742,0.2333941212484741,0.38663754702464764,0.15324342577617353,0.17116822516963848,0.3860058334546448,0.2148376082850063,0.1838357749346038,0.2343568954404427,0.0505211205058389,0.22222222222222254,0.2716040416831254,0.049381819460902865,827.0,0.2722478576137113,698.0,0.22972972972972974,518.0,0.17040210942649966,562.0,0.18490441661173368,1554.0,0.511865524060646,0.17040210942649966,WACC_0p5_WRT_0p5,0.2738299274884641,1272,False,,,False,False,False,False,False,12.0,0.028795811518324606
IBDD,Electricity,641,0.74,82,0.7499999999999998,0.4778618317981492,0,69,255,1828,171,87,2,0.42135179120185107,0.5044395818389564,0.46479474838607293,0.42135179120185107,0.1838357749346038,0.22222222222222254,1.2233606186634038,-2.534149843841321,1.7596622789832348,-1.2199335447094035,0.0606453741297639,0.5044395818389564,0.512007128235943,0.007567546396986535,0.46479474838607293,0.47966543789657334,0.014870689510500412,0.42135179120185107,0.4523137650359798,0.030961973834128742,0.1838357749346038,0.2576856272876871,0.07384985235308333,0.22222222222222254,0.2308717246512758,0.008649502429053268,1709.0,0.5629531970995386,1617.0,0.5326301911667766,1262.0,0.4156229400131839,1165.0,0.38365194462755436,518.0,0.17040210942649966,0.17040210942649966,WACC_0p9_WRT_0p1,0.4130520764667106,1273,False,,,False,False,False,False,False,69.0,0.17801047120418848
IBDD,Electricity,2016,0.72,56,0.6785714285714283,0.5425645408871178,0,49,1787,2101,758,239,119,0.34300256088597536,0.43734047611706295,0.392327714206428,0.34300256088597536,0.2615657011313083,0.2962962962962967,1.2233606186634038,-2.534149843841321,1.7596622789832348,-1.2199335447094035,0.0606453741297639,0.43734047611706295,0.41212954774164895,0.025210928375414,0.392327714206428,0.3617143601213166,0.0306133540851114,0.34300256088597536,0.39013303592276843,0.047130475036793074,0.2615657011313083,0.32275702421855545,0.061191323087247174,0.2962962962962967,0.3659166714248254,0.0696203751285287,519.0,0.17073170731707318,543.0,0.1786420566908372,564.0,0.1855636123928807,2232.0,0.7353328938694792,2517.0,0.8292682926829268,0.17073170731707318,WACC_0p1_WRT_0p9,0.41990771259063936,1274,False,,,False,False,False,False,False,49.0,0.1256544502617801
IBDD,Electricity,1828,0.71,61,0.6428571428571426,0.5280872662717262,0,58,561,2437,393,234,165,0.3605332537913963,0.4523539460885802,0.40854226177566655,0.3605332537913963,0.3004306642296604,0.3333333333333337,1.2233606186634038,-2.534149843841321,1.7596622789832348,-1.2199335447094035,0.0606453741297639,0.4523539460885802,0.4138135983223186,0.038540347766261585,0.40854226177566655,0.3583289811673879,0.05021328060827862,0.3605332537913963,0.43786256759359293,0.07732931380219665,0.3004306642296604,0.41595115640952685,0.11552049217986643,0.3333333333333337,0.47174281055988077,0.13840947722654706,531.0,0.17468688200395519,519.0,0.17073170731707318,1091.0,0.3592617007251154,2870.0,0.9456163480553724,2922.0,0.9627554383651945,0.17073170731707318,WACC_0p3_WRT_0p7,0.5226104152933421,1275,False,,,False,False,False,False,False,58.0,0.14921465968586387
IBDD,Electricity,1258,0.73,160,0.7142857142857141,0.3637828373313293,0,151,1016,722,291,88,7,0.5594913148405642,0.6227437242489918,0.5925632221889111,0.5594913148405642,0.22270073803295595,0.2592592592592596,1.2233606186634038,-2.534149843841321,1.7596622789832348,-1.2199335447094035,0.0606453741297639,0.6227437242489918,0.5689861599405686,0.05375756430842327,0.5925632221889111,0.5378269774439266,0.05473624474498451,0.5594913148405642,0.49973726648186667,0.059754048358697576,0.22270073803295595,0.25803860278808466,0.035337864755128706,0.2592592592592596,0.23090344942910634,0.028355809830153234,2387.0,0.7864205669083718,2268.0,0.7471984179301252,1926.0,0.6344759393539882,1173.0,0.3862887277521424,519.0,0.17073170731707318,0.17073170731707318,WACC_0p9_WRT_0p1,0.5450230718523402,1276,False,,,False,False,False,False,False,151.0,0.39267015706806285
IBDD,Electricity,1686,0.73,47,0.7142857142857141,0.5721533982557516,0,39,4451,1754,246,226,119,0.30717308429372037,0.40665573514218345,0.35918819395355817,0.30717308429372037,0.22270073803295595,0.2592592592592596,1.2233606186634038,-2.534149843841321,1.7596622789832348,-1.2199335447094035,0.0606453741297639,0.40665573514218345,0.4180373968383159,0.011381661696132472,0.35918819395355817,0.36546242838044646,0.006274234426888292,0.30717308429372037,0.386235092614852,0.07906200832113164,0.22270073803295595,0.2982221567148421,0.07552141868188614,0.2592592592592596,0.3304349341890199,0.07117567492976035,571.0,0.18787079762689518,567.0,0.1865524060646012,520.0,0.17106130520764667,1928.0,0.6351351351351351,2269.0,0.7475280158206987,0.17106130520764667,WACC_0p5_WRT_0p5,0.38562953197099537,1277,False,,,False,False,False,False,False,39.0,0.09947643979057591
IBDD,Electricity,273,0.74,136,0.7499999999999998,0.391576424623955,0,122,2290,5000,1000,161,10,0.5258357507574586,0.593920744834417,0.5614344044211703,0.5258357507574586,0.19553735090802815,0.22222222222222254,1.2233606186634038,-2.534149843841321,1.7596622789832348,-1.2199335447094035,0.0606453741297639,0.593920744834417,0.5502433580619286,0.04367738677248845,0.5614344044211703,0.5519425640724563,0.009491840348713976,0.5258357507574586,0.5391399622747524,0.013304211517293774,0.19553735090802815,0.24669886049541953,0.05116150958739138,0.22222222222222254,0.23096606525316252,0.008743843030939974,2205.0,0.7264337508239948,2392.0,0.7880685563612393,2314.0,0.7623599208965063,876.0,0.2883981542518128,520.0,0.17106130520764667,0.17106130520764667,WACC_0p9_WRT_0p1,0.5472643375082399,1278,False,,,False,False,False,False,False,122.0,0.31675392670157065
IBDD,Electricity,1975,0.71,61,0.6428571428571426,0.5280872662717262,0,58,1495,2452,227,180,162,0.3605332537913963,0.4523539460885802,0.40854226177566655,0.3605332537913963,0.3004306642296604,0.3333333333333337,1.2233606186634038,-2.534149843841321,1.7596622789832348,-1.2199335447094035,0.0606453741297639,0.4523539460885802,0.4125863154423582,0.03976763064622202,0.40854226177566655,0.37874217153242973,0.02980009024323682,0.3605332537913963,0.4146629787864476,0.05412972499505131,0.3004306642296604,0.39608048250741507,0.09564981827775465,0.3333333333333337,0.43945569500212867,0.10612236166879496,521.0,0.17139090309822017,645.0,0.2122610415293342,819.0,0.26961107448912325,2815.0,0.9274884640738299,2830.0,0.9324324324324325,0.17139090309822017,WACC_0p1_WRT_0p9,0.5026367831245879,1279,False,,,False,False,False,False,False,58.0,0.14921465968586387
IBDD,Electricity,567,0.71,161,0.6428571428571426,0.3627167154193049,0,154,3545,4708,161,180,10,0.5607822937254692,0.6238493321577578,0.5937572787303784,0.5607822937254692,0.3004306642296604,0.3333333333333337,1.2233606186634038,-2.534149843841321,1.7596622789832348,-1.2199335447094035,0.0606453741297639,0.6238493321577578,0.5619043286393751,0.061945003518382724,0.5937572787303784,0.5716959481511245,0.022061330579253968,0.5607822937254692,0.5708583782977028,0.010076084572233635,0.3004306642296604,0.25916008542907876,0.04127057880058166,0.3333333333333337,0.2309826267907027,0.10235070654263101,2316.0,0.7630191166776532,2555.0,0.8417930125247198,2561.0,0.8437705998681608,1207.0,0.3974950560316414,521.0,0.17139090309822017,0.17139090309822017,WACC_0p9_WRT_0p1,0.6034937376400791,1280,False,,,False,False,False,False,False,154.0,0.4005235602094241
IBDD,Electricity,1497,0.73,97,0.7142857142857141,0.4492584163869911,0,89,540,2967,651,151,32,0.45598798516380645,0.5341023830060834,0.49683057364657,0.45598798516380645,0.22270073803295595,0.2592592592592596,1.2233606186634038,-2.534149843841321,1.7596622789832348,-1.2199335447094035,0.0606453741297639,0.5341023830060834,0.48610594073346475,0.04799644227261862,0.49683057364657,0.4582864129152536,0.03854416073131639,0.45598798516380645,0.4421032280130291,0.01388475715077736,0.22270073803295595,0.2327904468508624,0.01008970881790644,0.2592592592592596,0.25873334140545445,0.0005259178538051246,1300.0,0.42814765985497694,1334.0,0.43935398813447596,1134.0,0.3734344100197759,522.0,0.17172050098879368,1230.0,0.4050758075148319,0.17172050098879368,WACC_0p7_WRT_0p3,0.3635464733025709,1281,False,,,False,False,False,False,False,89.0,0.23036649214659685
IBDD,Electricity,2850,0.72,72,0.6785714285714283,0.499966262112698,0,65,2668,2268,627,179,109,0.3945852906008571,0.4815164689201649,0.44003778643377817,0.3945852906008571,0.2615657011313083,0.2962962962962967,1.2233606186634038,-2.534149843841321,1.7596622789832348,-1.2199335447094035,0.0606453741297639,0.4815164689201649,0.41326602469212,0.06825044422804494,0.44003778643377817,0.37624721727936966,0.0637905691544085,0.3945852906008571,0.3866729504235101,0.007912340177347044,0.2615657011313083,0.31339276784593356,0.05182706671462528,0.2962962962962967,0.3602701002820771,0.0639738039857804,526.0,0.17303889255108768,630.0,0.2073170731707317,522.0,0.17172050098879368,2131.0,0.7020435069215557,2476.0,0.8157547791694133,0.17172050098879368,WACC_0p5_WRT_0p5,0.41397495056031647,1282,False,,,False,False,False,False,False,65.0,0.16753926701570682
IBDD,Electricity,1952,0.74,159,0.7499999999999998,0.3648556017903225,0,145,3277,4730,949,164,7,0.5581922924216302,0.621631227772999,0.5913617259948388,0.5581922924216302,0.20799939642866902,0.22222222222222254,1.2233606186634038,-2.534149843841321,1.7596622789832348,-1.2199335447094035,0.0606453741297639,0.621631227772999,0.5720010934823822,0.0496301342906168,0.5913617259948388,0.565904367203436,0.025457358791402873,0.5581922924216302,0.5602318049949773,0.002039512573347113,0.20799939642866902,0.258741954695351,0.050742558266681975,0.22222222222222254,0.2310935141967082,0.008871291974485662,2415.0,0.7956493078444298,2499.0,0.8233355306526038,2493.0,0.8213579433091628,1192.0,0.39255108767303887,522.0,0.17172050098879368,0.17172050098879368,WACC_0p9_WRT_0p1,0.6009228740936058,1283,False,,,False,False,False,False,False,145.0,0.3769633507853403
IBDD,Electricity,1596,0.74,72,0.7499999999999998,0.499966262112698,0,59,4342,1521,585,113,108,0.3945852906008571,0.4815164689201649,0.44003778643377817,0.3945852906008571,0.1838357749346038,0.22222222222222254,1.2233606186634038,-2.534149843841321,1.7596622789832348,-1.2199335447094035,0.0606453741297639,0.4815164689201649,0.43482562989077383,0.046690839029391085,0.44003778643377817,0.389842611988603,0.050195174445175184,0.3945852906008571,0.38671971225260277,0.007865578348254354,0.1838357749346038,0.28575777521891,0.1019220002843062,0.22222222222222254,0.31171012623635663,0.08948790401413409,706.0,0.23236651285431772,715.0,0.23533289386947923,523.0,0.17205009887936717,1746.0,0.575148319050758,2119.0,0.6980883322346737,0.17205009887936717,WACC_0p5_WRT_0p5,0.38259723137771917,1284,False,,,False,False,False,False,False,59.0,0.1518324607329843
IBDD,Electricity,1301,0.71,61,0.6428571428571426,0.5280872662717262,0,58,115,2394,277,218,103,0.3605332537913963,0.4523539460885802,0.40854226177566655,0.3605332537913963,0.3004306642296604,0.3333333333333337,1.2233606186634038,-2.534149843841321,1.7596622789832348,-1.2199335447094035,0.0606453741297639,0.4523539460885802,0.41276735957311944,0.039586586515460764,0.40854226177566655,0.3690679086647726,0.03947435311089392,0.3605332537913963,0.40604830180448714,0.045515048013090864,0.3004306642296604,0.3741667547788642,0.07373609054920377,0.3333333333333337,0.4118931140377756,0.07855978070444192,523.0,0.17205009887936717,589.0,0.19380355965721818,724.0,0.23829927488464073,2713.0,0.8938694792353329,2741.0,0.9030982201713909,0.17205009887936717,WACC_0p1_WRT_0p9,0.48022412656558994,1285,False,,,False,False,False,False,False,58.0,0.14921465968586387
IBDD,Electricity,1571,0.72,60,0.6785714285714283,0.5308869724893325,0,53,2229,2363,688,228,124,0.3571430583830649,0.44945054704809956,0.4054065908119476,0.3571430583830649,0.2615657011313083,0.2962962962962967,1.2233606186634038,-2.534149843841321,1.7596622789832348,-1.2199335447094035,0.0606453741297639,0.44945054704809956,0.412878009731058,0.036572537317041576,0.4054065908119476,0.3727321280944509,0.03267446271749669,0.3571430583830649,0.3914167143855798,0.03427365600251486,0.2615657011313083,0.3380416586311971,0.07647595749988884,0.2962962962962967,0.3944883796915905,0.09819208339529378,524.0,0.17237969676994067,611.0,0.2010547132498352,577.0,0.18984838497033618,2389.0,0.7870797626895187,2676.0,0.8816743572841134,0.17237969676994067,WACC_0p1_WRT_0p9,0.44640738299274885,1286,False,,,False,False,False,False,False,53.0,0.13612565445026178
IBDD,Electricity,2333,0.73,193,0.7142857142857141,0.3316795701177421,0,178,4784,1174,933,145,1,0.5983655182893081,0.6560360013593786,0.6285188814681288,0.5983655182893081,0.22347201938912425,0.2592592592592596,1.2233606186634038,-2.534149843841321,1.7596622789832348,-1.2199335447094035,0.0606453741297639,0.6560360013593786,0.6155241079989823,0.04051189336039629,0.6285188814681288,0.5961223716733514,0.032396509794777484,0.5983655182893081,0.5603641414346721,0.038001376854636004,0.22347201938912425,0.2582617358446628,0.03478971645553852,0.2592592592592596,0.2312238972765231,0.028035361982736484,2721.0,0.8965062623599209,2695.0,0.8879367172050099,2494.0,0.8216875411997363,1181.0,0.3889255108767304,524.0,0.17237969676994067,0.17237969676994067,WACC_0p9_WRT_0p1,0.6334871456822676,1287,False,,,False,False,False,False,False,178.0,0.46335078534031415
IBDD,Electricity,102,0.73,57,0.7142857142857141,0.5395700629986553,0,49,1849,749,1000,175,10,0.3466286074775693,0.44044586059398705,0.395681529441506,0.3466286074775693,0.22270073803295595,0.2592592592592596,1.2233606186634038,-2.534149843841321,1.7596622789832348,-1.2199335447094035,0.0606453741297639,0.44044586059398705,0.4497075641684902,0.009261703574503177,0.395681529441506,0.4285170237207937,0.032835494279287725,0.3466286074775693,0.4072534757665351,0.060624868288965794,0.22270073803295595,0.23291451062524615,0.010213772592290199,0.2592592592592596,0.2450173205119218,0.014241938747337785,857.0,0.2821357943309163,1029.0,0.33882663150955833,742.0,0.24423203691496376,526.0,0.17303889255108768,885.0,0.2913645352669743,0.17303889255108768,WACC_0p7_WRT_0p3,0.2659195781147001,1288,False,,,False,False,False,False,False,49.0,0.1256544502617801
IBDD,Electricity,1304,0.74,134,0.7499999999999998,0.3941085017086084,0,120,3787,4534,299,178,9,0.5227696304438523,0.5912948871169988,0.5585984780863587,0.5227696304438523,0.19435644191854132,0.22222222222222254,1.2233606186634038,-2.534149843841321,1.7596622789832348,-1.2199335447094035,0.0606453741297639,0.5912948871169988,0.5772837751718051,0.014011111945193777,0.5585984780863587,0.5700805102581098,0.011482032171751144,0.5227696304438523,0.5851602349271818,0.06239060448332956,0.19435644191854132,0.256260579181648,0.0619041372631067,0.22222222222222254,0.2312765633980642,0.009054341175841668,2450.0,0.8071852340145023,2537.0,0.8358602504943968,2650.0,0.8731048121292023,1129.0,0.37178642056690836,526.0,0.17303889255108768,0.17303889255108768,WACC_0p9_WRT_0p1,0.6121951219512195,1289,False,,,False,False,False,False,False,120.0,0.31151832460732987
IBDD,Electricity,1459,0.71,66,0.6428571428571426,0.5147334338430524,0,63,2099,2476,552,212,188,0.3767035580535428,0.46620236490350114,0.42349855409578124,0.3767035580535428,0.3004306642296604,0.3333333333333337,1.2233606186634038,-2.534149843841321,1.7596622789832348,-1.2199335447094035,0.0606453741297639,0.46620236490350114,0.4133182330090259,0.05288413189447522,0.42349855409578124,0.3594292415096772,0.06406931258610404,0.3767035580535428,0.44760790591400906,0.07090434786046629,0.3004306642296604,0.44678935847984946,0.14635869425018905,0.3333333333333337,0.490590060546907,0.1572567272135733,527.0,0.17336849044166117,528.0,0.17369808833223468,1199.0,0.3948582729070534,2945.0,0.970336189848385,2963.0,0.976268951878708,0.17336849044166117,WACC_0p1_WRT_0p9,0.5377059986816084,1290,False,,,False,False,False,False,False,63.0,0.16230366492146597
IBDD,Electricity,1691,0.71,63,0.6428571428571426,0.5226208344905343,0,60,522,2241,796,136,108,0.3671526168545674,0.4580228383061125,0.4146646653706015,0.3671526168545674,0.3004306642296604,0.3333333333333337,1.2233606186634038,-2.534149843841321,1.7596622789832348,-1.2199335447094035,0.0606453741297639,0.4580228383061125,0.4212022957925923,0.03682054251352024,0.4146646653706015,0.3814902248864801,0.03317444048412138,0.3671526168545674,0.38755508742266914,0.020402470568101738,0.3004306642296604,0.3095068929486267,0.009076228718966295,0.3333333333333337,0.36157487504659575,0.02824154171326204,599.0,0.1970995385629532,661.0,0.21753460777851022,529.0,0.17402768622280818,2084.0,0.6865524060646012,2490.0,0.8203691496374423,0.17402768622280818,WACC_0p5_WRT_0p5,0.419116677653263,1291,False,,,False,False,False,False,False,60.0,0.1544502617801047
IBDD,Electricity,1469,0.72,68,0.6785714285714283,0.5096690058370015,0,61,651,24,520,59,40,0.38283613027271596,0.47145436431718357,0.4291707134625583,0.38283613027271596,0.2615657011313083,0.2962962962962967,1.2233606186634038,-2.534149843841321,1.7596622789832348,-1.2199335447094035,0.0606453741297639,0.47145436431718357,0.41367010650604386,0.057784257811139716,0.4291707134625583,0.36375615271336226,0.06541456074919605,0.38283613027271596,0.4048761295246449,0.022039999251928954,0.2615657011313083,0.27500817905110575,0.013442477919797469,0.2962962962962967,0.29982394538781787,0.0035276490915211456,530.0,0.17435728411338167,557.0,0.18325642715886617,712.0,0.23434410019775873,1547.0,0.5095583388266315,2001.0,0.6591957811470006,0.17435728411338167,WACC_0p1_WRT_0p9,0.35214238628872774,1292,False,,,False,False,False,False,False,61.0,0.15706806282722513
IBDD,Electricity,2558,0.73,94,0.7142857142857141,0.454611535799055,0,86,1479,2944,983,190,45,0.44950583330912175,0.5285509999120911,0.49083507990505837,0.44950583330912175,0.22270073803295595,0.2592592592592596,1.2233606186634038,-2.534149843841321,1.7596622789832348,-1.2199335447094035,0.0606453741297639,0.5285509999120911,0.4787677913477868,0.04978320856430429,0.49083507990505837,0.46250262951101057,0.028332450394047803,0.44950583330912175,0.4633457148924718,0.013839881583350033,0.22270073803295595,0.23300993674999024,0.010309198717034285,0.2592592592592596,0.26273293227044464,0.0034736730111850633,1193.0,0.3928806855636124,1389.0,0.4574818721160185,1411.0,0.46473302570863545,530.0,0.17435728411338167,1319.0,0.43441001977587346,0.17435728411338167,WACC_0p7_WRT_0p3,0.3847725774555043,1293,False,,,False,False,False,False,False,86.0,0.22251308900523561
IBDD,Electricity,2503,0.71,56,0.6428571428571426,0.5425645408871178,0,53,1640,2300,707,220,158,0.34300256088597536,0.43734047611706295,0.392327714206428,0.34300256088597536,0.3004306642296604,0.3333333333333337,1.2233606186634038,-2.534149843841321,1.7596622789832348,-1.2199335447094035,0.0606453741297639,0.43734047611706295,0.41580129962923784,0.021539176487825107,0.392327714206428,0.35986719731657507,0.03246051688985291,0.34300256088597536,0.4071911687194509,0.06418860783347552,0.3004306642296604,0.3775225842153915,0.07709191998573106,0.3333333333333337,0.41711498863685226,0.08378165530351855,553.0,0.18193803559657218,530.0,0.17435728411338167,739.0,0.24324324324324326,2735.0,0.9011206328279499,2757.0,0.9083717864205669,0.17435728411338167,WACC_0p3_WRT_0p7,0.48180619644034284,1294,False,,,False,False,False,False,False,53.0,0.13612565445026178
IBDD,Electricity,777,0.74,318,0.7499999999999998,0.2460497095654884,0,242,1242,4397,978,99,6,0.7020556691468195,0.7448373382283823,0.724424325286653,0.7020556691468195,0.2634080358348888,0.22222222222222254,1.2233606186634038,-2.534149843841321,1.7596622789832348,-1.2199335447094035,0.0606453741297639,0.7448373382283823,0.6060423142915726,0.13879502393680965,0.724424325286653,0.5998571060154436,0.1245672192712094,0.7020556691468195,0.5969962586406542,0.1050594105061653,0.2634080358348888,0.2899436307417058,0.026535594906817006,0.22222222222222254,0.23165763673213968,0.00943541450991714,2675.0,0.8813447593935398,2711.0,0.8932102834541858,2718.0,0.8955174686882004,1808.0,0.5955833882663151,530.0,0.17435728411338167,0.17435728411338167,WACC_0p9_WRT_0p1,0.6880026367831246,1295,False,,,False,False,False,False,False,242.0,0.6308900523560209
IBDD,Electricity,1899,0.72,84,0.6785714285714283,0.4737621586253954,0,77,1466,2746,596,179,31,0.4263161310595567,0.5086910947588492,0.4693863823395571,0.4263161310595567,0.2615657011313083,0.2962962962962967,1.2233606186634038,-2.534149843841321,1.7596622789832348,-1.2199335447094035,0.0606453741297639,0.5086910947588492,0.4872712185967312,0.02141987616211799,0.4693863823395571,0.4637973176848235,0.005589064654733578,0.4263161310595567,0.4689705533680088,0.04265442230845212,0.2615657011313083,0.23301386056436693,0.02855184056694135,0.2962962962962967,0.2510723071227862,0.045223989173510504,1318.0,0.43408042188529994,1416.0,0.466381015161503,1484.0,0.488793671720501,531.0,0.17468688200395519,1050.0,0.34574818721160183,0.17468688200395519,WACC_0p7_WRT_0p3,0.38193803559657213,1296,False,,,False,False,False,False,False,77.0,0.19895287958115182
IBDD,Electricity,12,0.74,188,0.7499999999999998,0.336175338290999,0,172,4535,4176,996,162,10,0.5929215425885541,0.6513737232537788,0.6234836211140811,0.5929215425885541,0.2213752850192957,0.22222222222222254,1.2233606186634038,-2.534149843841321,1.7596622789832348,-1.2199335447094035,0.0606453741297639,0.6513737232537788,0.5810739029241387,0.0702998203296401,0.6234836211140811,0.5789568571274247,0.04452676398665634,0.5929215425885541,0.5877046722593948,0.0052168703291592955,0.2213752850192957,0.2597992880002146,0.038424002980918914,0.22222222222222254,0.23166327988519939,0.009441057662976843,2492.0,0.8210283454185893,2604.0,0.8579433091628214,2671.0,0.8800263678312459,1222.0,0.4024390243902439,531.0,0.17468688200395519,0.17468688200395519,WACC_0p9_WRT_0p1,0.6272247857613711,1297,False,,,False,False,False,False,False,172.0,0.4476439790575916
IBDD,Electricity,1526,0.73,123,0.7142857142857141,0.4087424748943598,0,115,3686,1358,436,127,42,0.5050491894961598,0.5761189149243676,0.542208428118317,0.5050491894961598,0.22270073803295595,0.2592592592592596,1.2233606186634038,-2.534149843841321,1.7596622789832348,-1.2199335447094035,0.0606453741297639,0.5761189149243676,0.48011108839527444,0.09600782652909318,0.542208428118317,0.453947527687389,0.08826090043092805,0.5050491894961598,0.42889399392705285,0.07615519556910699,0.22270073803295595,0.23317185774487215,0.010471119711916194,0.2592592592592596,0.2525154385297554,0.006743820729504191,1208.0,0.3978246539222149,1290.0,0.4248516809492419,975.0,0.3210283454185893,535.0,0.17600527356624918,1081.0,0.35596572181938035,0.17600527356624918,WACC_0p7_WRT_0p3,0.33513513513513515,1298,False,,,False,False,False,False,False,115.0,0.29842931937172773
IBDD,Electricity,2164,0.72,60,0.6785714285714283,0.5308869724893325,0,53,3568,2097,337,157,132,0.3571430583830649,0.44945054704809956,0.4054065908119476,0.3571430583830649,0.2615657011313083,0.2962962962962967,1.2233606186634038,-2.534149843841321,1.7596622789832348,-1.2199335447094035,0.0606453741297639,0.44945054704809956,0.41661723952360064,0.03283330752449892,0.4054065908119476,0.37278568030646114,0.03262091050548643,0.3571430583830649,0.38818126071379866,0.031038202330733733,0.2615657011313083,0.30543792466785596,0.04387222353654768,0.2962962962962967,0.35558293001614155,0.05928663371984483,560.0,0.1842452208305867,612.0,0.2013843111404087,535.0,0.17600527356624918,2025.0,0.6671061305207646,2453.0,0.8081740276862228,0.17600527356624918,WACC_0p5_WRT_0p5,0.4073829927488464,1299,False,,,False,False,False,False,False,53.0,0.13612565445026178
IBDD,Electricity,525,0.74,98,0.7499999999999998,0.4475103999651687,0,85,868,530,861,113,10,0.45810467769735974,0.535915140776862,0.49878835203901095,0.45810467769735974,0.1838357749346038,0.22222222222222254,1.2233606186634038,-2.534149843841321,1.7596622789832348,-1.2199335447094035,0.0606453741297639,0.535915140776862,0.506036716004841,0.02987842477202096,0.49878835203901095,0.46125205682825204,0.03753629521075891,0.45810467769735974,0.4241772151747727,0.03392746252258705,0.1838357749346038,0.2512052237313965,0.06736944879679269,0.22222222222222254,0.23182208416880704,0.009599861946584493,1614.0,0.531641397495056,1372.0,0.45187870797626895,923.0,0.3038892551087673,999.0,0.3289386947923533,536.0,0.17633487145682267,0.17633487145682267,WACC_0p9_WRT_0p1,0.35853658536585364,1300,False,,,False,False,False,False,False,85.0,0.2198952879581152
IBDD,Electricity,2650,0.73,104,0.7142857142857141,0.4373793521924517,0,96,971,3618,318,191,17,0.47037247616302047,0.5464214125411612,0.5101351255444541,0.47037247616302047,0.22270073803295595,0.2592592592592596,1.2233606186634038,-2.534149843841321,1.7596622789832348,-1.2199335447094035,0.0606453741297639,0.5464214125411612,0.5268409357683895,0.019580476772771638,0.5101351255444541,0.5184020261695462,0.008266900625092166,0.47037247616302047,0.5087950152432402,0.03842253908021975,0.22270073803295595,0.23329360040697728,0.010592862374021322,0.2592592592592596,0.23273975470769045,0.026519504551569123,1930.0,0.6357943309162821,2079.0,0.6849044166117337,2035.0,0.6704021094264997,536.0,0.17633487145682267,560.0,0.1842452208305867,0.17633487145682267,WACC_0p7_WRT_0p3,0.470336189848385,1301,False,,,False,False,False,False,False,96.0,0.2486910994764398
IBDD,Electricity,2351,0.73,55,0.7142857142857141,0.5456120211274459,0,47,4209,1089,492,106,96,0.33931233315680515,0.4341801262382042,0.3889145363372606,0.33931233315680515,0.22270073803295595,0.2592592592592596,1.2233606186634038,-2.534149843841321,1.7596622789832348,-1.2199335447094035,0.0606453741297639,0.4341801262382042,0.4359476123300368,0.0017674860918326374,0.3889145363372606,0.3748392495623206,0.014075286774939966,0.33931233315680515,0.3882997073864859,0.04898737422968075,0.22270073803295595,0.26931365371138644,0.04661291567843048,0.2592592592592596,0.3216057018056509,0.06234644254639132,716.0,0.23566249176005274,620.0,0.2040210942649967,537.0,0.17666446934739619,1422.0,0.468358602504944,2208.0,0.7274225444957152,0.17666446934739619,WACC_0p5_WRT_0p5,0.36242584047462095,1302,False,,,False,False,False,False,False,47.0,0.12041884816753927
IBDD,Electricity,861,0.73,42,0.7142857142857141,0.5910931476464545,0,34,3,1549,60,147,1,0.2842387310335392,0.3870145135518249,0.33797567463597095,0.2842387310335392,0.22270073803295595,0.2592592592592596,1.2233606186634038,-2.534149843841321,1.7596622789832348,-1.2199335447094035,0.0606453741297639,0.3870145135518249,0.41402079017015053,0.02700627661832561,0.33797567463597095,0.37182546759813767,0.033849792962166725,0.2842387310335392,0.4572759766096355,0.1730372455760963,0.22270073803295595,0.39976547185537326,0.1770647338224173,0.2592592592592596,0.4081219566730983,0.14886269741383873,537.0,0.17666446934739619,605.0,0.1990771259063942,1330.0,0.43803559657218194,2827.0,0.9314436387607119,2725.0,0.8978246539222149,0.17666446934739619,WACC_0p1_WRT_0p9,0.5286090969017798,1303,False,,,False,False,False,False,False,34.0,0.08638743455497382
IBDD,Electricity,765,0.74,257,0.7499999999999998,0.2825913372795726,0,216,1570,3509,544,127,7,0.6578070055869828,0.7069423168952582,0.6834977022468788,0.6578070055869828,0.24636576768294954,0.22222222222222254,1.2233606186634038,-2.534149843841321,1.7596622789832348,-1.2199335447094035,0.0606453741297639,0.7069423168952582,0.5770780858076554,0.1298642310876028,0.6834977022468788,0.5760245929846751,0.10747310926220366,0.6578070055869828,0.5630386220861241,0.0947683835008587,0.24636576768294954,0.268793300574671,0.022427532891721447,0.22222222222222254,0.2318592401098007,0.009637017887578148,2446.0,0.8058668424522083,2584.0,0.8513513513513513,2519.0,0.8299274884640738,1410.0,0.464403427818062,538.0,0.17699406723796968,0.17699406723796968,WACC_0p9_WRT_0p1,0.625708635464733,1304,False,,,False,False,False,False,False,216.0,0.56282722513089
IBDD,Electricity,1808,0.74,75,0.7499999999999998,0.4930319771219003,0,62,2461,2485,751,158,18,0.4029820934468227,0.48870757928099223,0.44780418562347163,0.4029820934468227,0.1838357749346038,0.22222222222222254,1.2233606186634038,-2.534149843841321,1.7596622789832348,-1.2199335447094035,0.0606453741297639,0.48870757928099223,0.49760354039718296,0.008895961116190731,0.44780418562347163,0.4630208427647514,0.015216657141279788,0.4029820934468227,0.44325371330087876,0.040271619854056084,0.1838357749346038,0.23340157790207944,0.04956580296747565,0.22222222222222254,0.2318852728259068,0.009663050603684248,1475.0,0.4858272907053395,1402.0,0.46176664469347395,1148.0,0.3780487804878049,539.0,0.17732366512854317,539.0,0.17732366512854317,0.17732366512854317,WACC_0p7_WRT_0p3,0.33605800922874096,1305,False,,,False,False,False,False,False,62.0,0.15968586387434555
IBDD,Electricity,2306,0.73,71,0.7142857142857141,0.5023411706436027,0,63,668,2378,946,174,113,0.3917094874376366,0.4790536008140415,0.4373778888791649,0.3917094874376366,0.22270073803295595,0.2592592592592596,1.2233606186634038,-2.534149843841321,1.7596622789832348,-1.2199335447094035,0.0606453741297639,0.4790536008140415,0.42177099785225275,0.057282602961788776,0.4373778888791649,0.3839918890692256,0.0533859998099393,0.3917094874376366,0.38837098908146717,0.0033384983561694503,0.22270073803295595,0.3126931766555926,0.08999243862263664,0.2592592592592596,0.36129584552566846,0.10203658626640888,604.0,0.1987475280158207,687.0,0.22610415293342123,539.0,0.17732366512854317,2124.0,0.6997363216875412,2485.0,0.8187211601845749,0.17732366512854317,WACC_0p5_WRT_0p5,0.42412656558998024,1306,False,,,False,False,False,False,False,63.0,0.16230366492146597
IBDD,Electricity,1045,0.74,177,0.7499999999999998,0.3464997360432442,0,163,700,3257,780,115,5,0.5804196144814776,0.6406669403995986,0.6119202956315664,0.5804196144814776,0.21656019696745105,0.22222222222222254,1.2233606186634038,-2.534149843841321,1.7596622789832348,-1.2199335447094035,0.0606453741297639,0.6406669403995986,0.5630582024918726,0.07760873790772604,0.6119202956315664,0.5311375783527514,0.08078271727881492,0.5804196144814776,0.5229586486628361,0.05746096581864146,0.21656019696745105,0.2671046583294304,0.050544461361979376,0.22222222222222254,0.23191221172848614,0.009689989506263597,2328.0,0.7669742913645353,2199.0,0.7244561634805537,2184.0,0.7195121951219512,1381.0,0.45484508899143045,540.0,0.1776532630191167,0.1776532630191167,WACC_0p9_WRT_0p1,0.5686882003955175,1307,False,,,False,False,False,False,False,163.0,0.42408376963350786
IBDD,Electricity,1619,0.73,92,0.7142857142857141,0.4582750386595772,0,84,1470,2467,255,154,35,0.4450696569353127,0.5247518117604384,0.48673195670127345,0.4450696569353127,0.22270073803295595,0.2592592592592596,1.2233606186634038,-2.534149843841321,1.7596622789832348,-1.2199335447094035,0.0606453741297639,0.5247518117604384,0.48758224838311304,0.037169563377325354,0.48673195670127345,0.4620115015459863,0.024720455155287147,0.4450696569353127,0.45851637827792063,0.013446721342607937,0.22270073803295595,0.23343352577533902,0.010732787742383065,0.2592592592592596,0.25317137150307045,0.006087887756189125,1320.0,0.4347396176664469,1382.0,0.45517468688200396,1345.0,0.44297956493078444,541.0,0.17798286090969018,1097.0,0.3612392880685564,0.17798286090969018,WACC_0p7_WRT_0p3,0.3744232036914964,1308,False,,,False,False,False,False,False,84.0,0.21727748691099477
IBDD,Electricity,511,0.74,144,0.7499999999999998,0.3818048302984436,0,130,4261,1591,175,160,8,0.5376682830446319,0.6040542500608733,0.5723785900657432,0.5376682830446319,0.20009462274250503,0.22222222222222254,1.2233606186634038,-2.534149843841321,1.7596622789832348,-1.2199335447094035,0.0606453741297639,0.6040542500608733,0.5736506206162981,0.030403629444575198,0.5723785900657432,0.5483915644610543,0.023987025604688905,0.5376682830446319,0.5329224602355984,0.004745822809033462,0.20009462274250503,0.24627095793855375,0.04617633519604872,0.22222222222222254,0.2319243988559164,0.009702176633693854,2423.0,0.7982860909690178,2361.0,0.7778510217534608,2259.0,0.7442320369149638,864.0,0.2844429795649308,541.0,0.17798286090969018,0.17798286090969018,WACC_0p9_WRT_0p1,0.5565589980224127,1309,False,,,False,False,False,False,False,130.0,0.337696335078534
IBDD,Electricity,1910,0.73,34,0.7142857142857141,0.6265363711819671,0,26,512,892,282,51,50,0.24132013731434054,0.3502585780335155,0.2982792642761968,0.24132013731434054,0.22270073803295595,0.2592592592592596,1.2233606186634038,-2.534149843841321,1.7596622789832348,-1.2199335447094035,0.0606453741297639,0.3502585780335155,0.4200859575452333,0.0698273795117178,0.2982792642761968,0.3633089535339259,0.06502968925772912,0.24132013731434054,0.3887916392221938,0.14747150190785324,0.22270073803295595,0.2704761631958375,0.04777542516288155,0.2592592592592596,0.2923005804346195,0.033041321175359906,590.0,0.1941331575477917,555.0,0.1825972313777192,542.0,0.17831245880026367,1446.0,0.476268951878708,1892.0,0.6232696110744891,0.17831245880026367,WACC_0p5_WRT_0p5,0.3309162821357944,1310,False,,,False,False,False,False,False,26.0,0.06544502617801047
IBDD,Electricity,2677,0.73,58,0.7142857142857141,0.5366267752811291,0,50,1199,2218,497,225,118,0.35019266732163634,0.4434981589677179,0.3989780116851353,0.35019266732163634,0.22270073803295595,0.2592592592592596,1.2233606186634038,-2.534149843841321,1.7596622789832348,-1.2199335447094035,0.0606453741297639,0.4434981589677179,0.41442374079266636,0.02907441817505152,0.3989780116851353,0.3778281752281417,0.021149836456993587,0.35019266732163634,0.3898385581644293,0.039645890842792963,0.22270073803295595,0.30496398208338693,0.08226324405043098,0.2592592592592596,0.3460334204728671,0.08677416121360754,542.0,0.17831245880026367,638.0,0.2099538562953197,560.0,0.1842452208305867,2020.0,0.6654581410678971,2381.0,0.7844429795649308,0.17831245880026367,WACC_0p1_WRT_0p9,0.40448253131179956,1311,False,,,False,False,False,False,False,50.0,0.12827225130890052
IBDD,Electricity,1677,0.73,93,0.7142857142857141,0.4564335436868534,0,85,437,3634,897,171,11,0.44729954368619157,0.5266615102506704,0.4887944310707241,0.44729954368619157,0.22270073803295595,0.2592592592592596,1.2233606186634038,-2.534149843841321,1.7596622789832348,-1.2199335447094035,0.0606453741297639,0.5266615102506704,0.5142598173781765,0.01240169287249393,0.4887944310707241,0.48858658731461435,0.00020784375610977124,0.44729954368619157,0.4792927676830139,0.031993223996822306,0.22270073803295595,0.23344679609595392,0.01074605806299797,0.2592592592592596,0.2446480974197537,0.014611161839505865,1740.0,0.573170731707317,1724.0,0.5678971654581411,1636.0,0.5388925510876731,542.0,0.17831245880026367,874.0,0.2877389584706658,0.17831245880026367,WACC_0p7_WRT_0p3,0.429202373104812,1312,False,,,False,False,False,False,False,85.0,0.2198952879581152
IBDD,Electricity,2523,0.73,61,0.7142857142857141,0.5280872662717262,0,53,233,2207,1000,215,70,0.3605332537913963,0.4523539460885802,0.40854226177566655,0.3605332537913963,0.22270073803295595,0.2592592592592596,1.2233606186634038,-2.534149843841321,1.7596622789832348,-1.2199335447094035,0.0606453741297639,0.4523539460885802,0.4145031532262757,0.03785079286230453,0.40854226177566655,0.3765381776360209,0.03200408413964567,0.3605332537913963,0.3930684647548819,0.032535210963485606,0.22270073803295595,0.3210445201614005,0.09834378212844455,0.2592592592592596,0.34596966298938764,0.08671040373012806,543.0,0.1786420566908372,633.0,0.2083058668424522,598.0,0.19676994067237968,2207.0,0.7270929466051417,2380.0,0.7841133816743573,0.1786420566908372,WACC_0p1_WRT_0p9,0.4189848384970336,1313,False,,,False,False,False,False,False,53.0,0.13612565445026178
IBDD,Electricity,117,0.72,143,0.6785714285714283,0.3829963792662363,0,136,688,1189,2,122,1,0.5362254231424002,0.602818569649829,0.5710440552218153,0.5362254231424002,0.2615657011313083,0.2962962962962967,1.2233606186634038,-2.534149843841321,1.7596622789832348,-1.2199335447094035,0.0606453741297639,0.602818569649829,0.5272408728710868,0.07557769677874226,0.5710440552218153,0.47975287698768776,0.09129117823412758,0.5362254231424002,0.4680348748983847,0.06819054824401549,0.2615657011313083,0.26202932259347694,0.00046362146216866185,0.2962962962962967,0.23197186737517536,0.06432442892112136,1935.0,0.6374423203691496,1619.0,0.5332893869479235,1465.0,0.48253131179960446,1280.0,0.4215557020435069,543.0,0.1786420566908372,0.1786420566908372,WACC_0p9_WRT_0p1,0.45069215557020437,1314,False,,,False,False,False,False,False,136.0,0.35340314136125656
IBDD,Electricity,848,0.73,150,0.7142857142857141,0.3748236792350408,0,142,359,4254,698,216,8,0.5461218365393451,0.6112939622747726,0.5801974792567542,0.5461218365393451,0.22270073803295595,0.2592592592592596,1.2233606186634038,-2.534149843841321,1.7596622789832348,-1.2199335447094035,0.0606453741297639,0.6112939622747726,0.5291123692197092,0.08218159305506345,0.5801974792567542,0.4994193460542207,0.08077813320253352,0.5461218365393451,0.5048893608253985,0.041232475713946615,0.22270073803295595,0.23352620819548212,0.010825470162526163,0.2592592592592596,0.2463596557485549,0.012899603510704682,1955.0,0.6440342781806196,1870.0,0.6160184574818721,1989.0,0.6552406064601186,543.0,0.1786420566908372,915.0,0.3012524719841793,0.1786420566908372,WACC_0p7_WRT_0p3,0.47903757415952536,1315,False,,,False,False,False,False,False,142.0,0.36910994764397903
IBDD,Electricity,115,0.72,168,0.6785714285714283,0.3554331704225942,0,159,697,120,1000,124,1,0.5696020193984492,0.6314026380802727,0.6019148491266945,0.5696020193984492,0.2615657011313083,0.2962962962962967,1.2233606186634038,-2.534149843841321,1.7596622789832348,-1.2199335447094035,0.0606453741297639,0.6314026380802727,0.5101108708406761,0.12129176723959667,0.6019148491266945,0.45227259789521934,0.14964225123147512,0.5696020193984492,0.44159118670323855,0.12801083269521069,0.2615657011313083,0.23718678248482541,0.024378918646482867,0.2962962962962967,0.23202185442138765,0.06427444187490908,1679.0,0.5530652603823335,1264.0,0.41628213579433093,1130.0,0.3721160184574819,631.0,0.20764667106130522,544.0,0.17897165458141068,0.17897165458141068,WACC_0p9_WRT_0p1,0.3456163480553724,1316,False,,,False,False,False,False,False,159.0,0.41361256544502617
IBDD,Electricity,1402,0.73,62,0.7142857142857141,0.5253323572805145,0,54,293,2186,429,117,78,0.3638692037398741,0.455210888746133,0.41162775984582367,0.3638692037398741,0.22270073803295595,0.2592592592592596,1.2233606186634038,-2.534149843841321,1.7596622789832348,-1.2199335447094035,0.0606453741297639,0.455210888746133,0.41474542693740757,0.040465461808725456,0.41162775984582367,0.38382127368599456,0.027806486159829114,0.3638692037398741,0.3888854940915002,0.025016290351626114,0.22270073803295595,0.2802749941615593,0.05757425612860337,0.2592592592592596,0.33731518960385243,0.07805593034459285,544.0,0.17897165458141068,683.0,0.2247857613711272,544.0,0.17897165458141068,1654.0,0.5448253131179961,2320.0,0.7643375082399473,0.17897165458141068,WACC_0p1_WRT_0p9,0.3783783783783784,1317,False,,,False,False,False,False,False,54.0,0.1387434554973822
IBDD,Electricity,1040,0.73,215,0.7142857142857141,0.3131841516540873,0,197,3071,2219,251,107,2,0.6207618262863166,0.6752164353216872,0.6492337501474221,0.6207618262863166,0.23209790446206652,0.2592592592592596,1.2233606186634038,-2.534149843841321,1.7596622789832348,-1.2199335447094035,0.0606453741297639,0.6752164353216872,0.6002581457859929,0.07495828953569428,0.6492337501474221,0.5793871473914999,0.06984660275592225,0.6207618262863166,0.5699338374872521,0.05082798879906447,0.23209790446206652,0.3002965669986998,0.06819866253663326,0.2592592592592596,0.23208654328479472,0.027172715974464856,2638.0,0.8691496374423203,2610.0,0.8599208965062624,2551.0,0.8404746209624259,1959.0,0.6453526697429136,545.0,0.17930125247198417,0.17930125247198417,WACC_0p9_WRT_0p1,0.6788398154251813,1318,False,,,False,False,False,False,False,197.0,0.5130890052356021
IBDD,Electricity,2474,0.72,61,0.6785714285714283,0.5280872662717262,0,54,2998,2118,968,145,116,0.3605332537913963,0.4523539460885802,0.40854226177566655,0.3605332537913963,0.2615657011313083,0.2962962962962967,1.2233606186634038,-2.534149843841321,1.7596622789832348,-1.2199335447094035,0.0606453741297639,0.4523539460885802,0.41852469338745973,0.03382925270112047,0.40854226177566655,0.38082915031926645,0.027713111456400097,0.3605332537913963,0.38902862439170594,0.028495370600309655,0.2615657011313083,0.3070184940169304,0.045452792885622095,0.2962962962962967,0.33455692660265846,0.03826063030636173,576.0,0.1895187870797627,654.0,0.21522742254449573,546.0,0.1796308503625577,2048.0,0.6746868820039552,2302.0,0.7584047462096243,0.1796308503625577,WACC_0p5_WRT_0p5,0.4034937376400792,1319,False,,,False,False,False,False,False,54.0,0.1387434554973822
IBDD,Electricity,1072,0.73,280,0.7142857142857141,0.2678881705934078,0,239,1898,2757,249,238,2,0.6756112337141701,0.7221900453105401,0.6999652489353833,0.6756112337141701,0.2532230240511902,0.2592592592592596,1.2233606186634038,-2.534149843841321,1.7596622789832348,-1.2199335447094035,0.0606453741297639,0.7221900453105401,0.5109151681714188,0.2112748771391213,0.6999652489353833,0.47894313949212924,0.221022109443254,0.6756112337141701,0.487091202285573,0.18852003142859708,0.2532230240511902,0.23731894335309814,0.015904080698092043,0.2592592592592596,0.2321131406312107,0.027146118628048888,1689.0,0.5563612392880686,1607.0,0.5293342122610415,1759.0,0.5794330916282135,637.0,0.20962425840474622,546.0,0.1796308503625577,0.1796308503625577,WACC_0p9_WRT_0p1,0.4108767303889255,1320,False,,,False,False,False,False,False,239.0,0.6230366492146597
IBDD,Electricity,2332,0.74,112,0.7499999999999998,0.4247367473289887,0,98,4160,3279,689,186,54,0.4856815470533606,0.5595322620291968,0.5242948429915326,0.4856815470533606,0.1838357749346038,0.22222222222222254,1.2233606186634038,-2.534149843841321,1.7596622789832348,-1.2199335447094035,0.0606453741297639,0.5595322620291968,0.505360392231314,0.0541718697978828,0.5242948429915326,0.4936451809797679,0.030649662011764722,0.4856815470533606,0.48965733521882093,0.003975788165460348,0.1838357749346038,0.23371786322936222,0.04988208829475843,0.22222222222222254,0.2530980477432049,0.030875825520982336,1601.0,0.5273566249176005,1794.0,0.5909690177982861,1800.0,0.5929466051417271,546.0,0.1796308503625577,1095.0,0.36058009228740934,0.1796308503625577,WACC_0p7_WRT_0p3,0.45029663810151616,1321,False,,,False,False,False,False,False,98.0,0.25392670157068065
IBDD,Electricity,1252,0.71,64,0.6428571428571426,0.5199513525110855,0,61,1150,2513,871,227,201,0.3703851222840437,0.4607911899885039,0.41765448518758413,0.3703851222840437,0.3004306642296604,0.3333333333333337,1.2233606186634038,-2.534149843841321,1.7596622789832348,-1.2199335447094035,0.0606453741297639,0.4607911899885039,0.4148976061006326,0.04589358388787129,0.41765448518758413,0.36668685305535603,0.0509676321322281,0.3703851222840437,0.4553027724000694,0.0849176501160257,0.3004306642296604,0.4535880352850336,0.1531573710553732,0.3333333333333337,0.49414571121796785,0.16081237788463415,547.0,0.17996044825313118,573.0,0.1885299934080422,1307.0,0.43045484508899146,2965.0,0.976928147659855,2972.0,0.9792353328938694,0.17996044825313118,WACC_0p1_WRT_0p9,0.5510217534607779,1322,False,,,False,False,False,False,False,61.0,0.15706806282722513
IBDD,Electricity,1328,0.7,99,0.6071428571428569,0.4457799518448435,0,97,1702,3614,548,164,44,0.46020009657916583,0.5377096795683104,0.5007264539337751,0.46020009657916583,0.33929562732801266,0.37037037037037074,1.2233606186634038,-2.534149843841321,1.7596622789832348,-1.2199335447094035,0.0606453741297639,0.5377096795683104,0.4986174546234266,0.03909222494488379,0.5007264539337751,0.4924691863255647,0.008257267608210439,0.46020009657916583,0.48725358712225564,0.02705349054308981,0.33929562732801266,0.23375541659444982,0.10554021073356284,0.37037037037037074,0.2631435397415508,0.10722683062881994,1493.0,0.4917600527356625,1781.0,0.5866842452208306,1762.0,0.5804218852999341,548.0,0.18029004614370467,1331.0,0.43836519446275546,0.18029004614370467,WACC_0p7_WRT_0p3,0.45550428477257743,1323,False,,,False,False,False,False,False,97.0,0.2513089005235602
IBDD,Electricity,708,0.73,133,0.7142857142857141,0.3953886424656859,0,125,2656,1516,976,129,4,0.5212194937583065,0.5899673337392888,0.5571647204384318,0.5212194937583065,0.22270073803295595,0.2592592592592596,1.2233606186634038,-2.534149843841321,1.7596622789832348,-1.2199335447094035,0.0606453741297639,0.5899673337392888,0.5410738222615256,0.04889351147776322,0.5571647204384318,0.5020232025990709,0.05514151783936094,0.5212194937583065,0.46830256448826635,0.0529169292700401,0.22270073803295595,0.25091699693439984,0.028216258901443886,0.2592592592592596,0.23225548179708677,0.027003777462172807,2113.0,0.6961107448912327,1895.0,0.6242584047462096,1471.0,0.48450889914304546,986.0,0.3246539222148978,548.0,0.18029004614370467,0.18029004614370467,WACC_0p9_WRT_0p1,0.461964403427818,1324,False,,,False,False,False,False,False,125.0,0.32460732984293195
IBDD,Electricity,826,0.71,64,0.6428571428571426,0.5199513525110855,0,61,2242,2326,99,221,4,0.3703851222840437,0.4607911899885039,0.41765448518758413,0.3703851222840437,0.3004306642296604,0.3333333333333337,1.2233606186634038,-2.534149843841321,1.7596622789832348,-1.2199335447094035,0.0606453741297639,0.4607911899885039,0.466563701458481,0.005772511469977093,0.41765448518758413,0.4493213653133629,0.031666880125778785,0.3703851222840437,0.43411800258865585,0.06373288030461216,0.3004306642296604,0.23376574277861817,0.06666492145104225,0.3333333333333337,0.24010937033338592,0.09322396299994778,1044.0,0.34377059986816083,1233.0,0.4060646011865524,1040.0,0.34245220830586687,549.0,0.1806196440342782,762.0,0.25082399472643374,0.1806196440342782,WACC_0p7_WRT_0p3,0.3047462096242584,1325,False,,,False,False,False,False,False,61.0,0.15706806282722513
IBDD,Electricity,232,0.74,177,0.7499999999999998,0.3464997360432442,0,163,1179,5000,2,164,1,0.5804196144814776,0.6406669403995986,0.6119202956315664,0.5804196144814776,0.21656019696745105,0.22222222222222254,1.2233606186634038,-2.534149843841321,1.7596622789832348,-1.2199335447094035,0.0606453741297639,0.6406669403995986,0.5772677024482663,0.06339923795133229,0.6119202956315664,0.566916444493949,0.0450038511376174,0.5804196144814776,0.5555208202572639,0.024898794224213705,0.21656019696745105,0.2608937382317405,0.044333541264289456,0.22222222222222254,0.23226259341316716,0.010040371190944614,2449.0,0.8068556361239289,2511.0,0.8272907053394858,2458.0,0.8098220171390903,1252.0,0.41232696110744893,549.0,0.1806196440342782,0.1806196440342782,WACC_0p9_WRT_0p1,0.6073829927488463,1326,False,,,False,False,False,False,False,163.0,0.42408376963350786
IBDD,Electricity,1132,0.73,63,0.7142857142857141,0.5226208344905343,0,55,3066,868,911,130,33,0.3671526168545674,0.4580228383061125,0.4146646653706015,0.3671526168545674,0.22270073803295595,0.2592592592592596,1.2233606186634038,-2.534149843841321,1.7596622789832348,-1.2199335447094035,0.0606453741297639,0.4580228383061125,0.4649679025885665,0.006945064282454005,0.4146646653706015,0.3997698487145912,0.014894816656010279,0.3671526168545674,0.39857219307818,0.03141957622361258,0.22270073803295595,0.23378406959232886,0.011083331559372911,0.2592592592592596,0.2430465334964873,0.016212725762772273,1020.0,0.33586025049439683,784.0,0.25807514831905076,660.0,0.21720500988793673,550.0,0.18094924192485168,832.0,0.27389584706657877,0.18094924192485168,WACC_0p7_WRT_0p3,0.25319709953856295,1327,False,,,False,False,False,False,False,55.0,0.14136125654450263
IBDD,Electricity,2813,0.74,110,0.7499999999999998,0.427811438654111,0,96,996,2590,784,131,39,0.4819583691188635,0.5563436932475886,0.5208511887073957,0.4819583691188635,0.1838357749346038,0.22222222222222254,1.2233606186634038,-2.534149843841321,1.7596622789832348,-1.2199335447094035,0.0606453741297639,0.5563436932475886,0.48294519996880825,0.07339849327878034,0.5208511887073957,0.4620151480370956,0.05883604067030007,0.4819583691188635,0.44239042610987783,0.039567943008985695,0.1838357749346038,0.23382154451930645,0.04998576958470266,0.22222222222222254,0.2636511191960178,0.04142889697379526,1251.0,0.4119973632168754,1383.0,0.45550428477257743,1139.0,0.3750823994726434,551.0,0.18127883981542517,1345.0,0.44297956493078444,0.18127883981542517,WACC_0p7_WRT_0p3,0.37336849044166115,1328,False,,,False,False,False,False,False,96.0,0.2486910994764398
IBDD,Electricity,231,0.73,206,0.7142857142857141,0.3205119868474863,0,190,1398,5000,1000,173,6,0.6118884691213956,0.6676171988248291,0.6410265747308154,0.6118884691213956,0.22868035192947941,0.2592592592592596,1.2233606186634038,-2.534149843841321,1.7596622789832348,-1.2199335447094035,0.0606453741297639,0.6676171988248291,0.568094619097377,0.09952257972745204,0.6410265747308154,0.5643337105716429,0.07669286415917242,0.6118884691213956,0.5585235243070165,0.053364944814379145,0.22868035192947941,0.2511657331471638,0.02248538121768437,0.2592592592592596,0.23231087730094288,0.026948381958316697,2378.0,0.7834541858932103,2489.0,0.8200395517468688,2479.0,0.8167435728411339,997.0,0.32827949901120634,551.0,0.18127883981542517,0.18127883981542517,WACC_0p9_WRT_0p1,0.5859591298615688,1329,False,,,False,False,False,False,False,190.0,0.49476439790575916
IBDD,Electricity,1404,0.74,86,0.7499999999999998,0.4697578353865064,0,73,3932,2132,665,200,121,0.4311650106214855,0.5128437262658452,0.4738712243671128,0.4311650106214855,0.1838357749346038,0.22222222222222254,1.2233606186634038,-2.534149843841321,1.7596622789832348,-1.2199335447094035,0.0606453741297639,0.5128437262658452,0.4265822759066836,0.0862614503591616,0.4738712243671128,0.3827000998378247,0.0911711245292881,0.4311650106214855,0.38945826831191077,0.04170674230957472,0.1838357749346038,0.2966143333295969,0.11277855839499312,0.22222222222222254,0.33562904680926814,0.1134068245870456,644.0,0.2119314436387607,672.0,0.22116018457481873,552.0,0.1816084377059987,1898.0,0.6252471984179301,2310.0,0.7610415293342122,0.1816084377059987,WACC_0p5_WRT_0p5,0.40019775873434404,1330,False,,,False,False,False,False,False,73.0,0.18848167539267016
IBDD,Electricity,2035,0.74,105,0.7499999999999998,0.4357473197013715,0,91,817,3772,552,136,55,0.47234872246440507,0.5481138906800592,0.5119630019344639,0.47234872246440507,0.1838357749346038,0.22222222222222254,1.2233606186634038,-2.534149843841321,1.7596622789832348,-1.2199335447094035,0.0606453741297639,0.5481138906800592,0.5047365665185841,0.043377324161475106,0.5119630019344639,0.48574032289515173,0.026222679039312136,0.47234872246440507,0.4704635919595069,0.0018851305048981915,0.1838357749346038,0.23386976317449581,0.050033988239892024,0.22222222222222254,0.275594157762032,0.053371935539809456,1584.0,0.521753460777851,1685.0,0.5550428477257745,1507.0,0.4963744232036915,552.0,0.1816084377059987,1627.0,0.5359261700725115,0.1816084377059987,WACC_0p7_WRT_0p3,0.45814106789716547,1331,False,,,False,False,False,False,False,91.0,0.2356020942408377
IBDD,Electricity,805,0.73,174,0.7142857142857141,0.3494263471043888,0,163,2456,2721,761,63,8,0.576875748586167,0.6376319363361894,0.6086424912430844,0.576875748586167,0.22270073803295595,0.2592592592592596,1.2233606186634038,-2.534149843841321,1.7596622789832348,-1.2199335447094035,0.0606453741297639,0.6376319363361894,0.5791390017159351,0.05849293462025429,0.6086424912430844,0.5712344100443407,0.037408081198743726,0.576875748586167,0.5564363709321614,0.020439377654005608,0.22270073803295595,0.29930392282305474,0.07660318479009878,0.2592592592592596,0.23231551774955894,0.026943741509700636,2470.0,0.8137771918259723,2550.0,0.8401450230718523,2465.0,0.8121292023731048,1942.0,0.6397495056031641,552.0,0.1816084377059987,0.1816084377059987,WACC_0p9_WRT_0p1,0.6574818721160184,1332,False,,,False,False,False,False,False,163.0,0.42408376963350786
IBDD,Electricity,2736,0.74,76,0.7499999999999998,0.4907812504490119,0,63,3434,2131,467,172,71,0.4057075234165282,0.49104166620102463,0.45032499949710664,0.4057075234165282,0.1838357749346038,0.22222222222222254,1.2233606186634038,-2.534149843841321,1.7596622789832348,-1.2199335447094035,0.0606453741297639,0.49104166620102463,0.44031558293690154,0.05072608326412309,0.45032499949710664,0.4074360124897603,0.042888987007346335,0.4057075234165282,0.4146218257903175,0.008914302373789262,0.1838357749346038,0.23394197193687616,0.05010619700227237,0.22222222222222254,0.27626557680709046,0.05404335458486792,755.0,0.24851680949241925,850.0,0.27982860909690177,818.0,0.2692814765985498,553.0,0.18193803559657218,1640.0,0.540210942649967,0.18193803559657218,WACC_0p7_WRT_0p3,0.30395517468688205,1333,False,,,False,False,False,False,False,63.0,0.16230366492146597
IBDD,Electricity,1230,0.72,59,0.6785714285714283,0.5337329569329065,0,52,2255,2178,105,207,15,0.35369682415601933,0.44649915577328214,0.4022190882351447,0.35369682415601933,0.2615657011313083,0.2962962962962967,1.2233606186634038,-2.534149843841321,1.7596622789832348,-1.2199335447094035,0.0606453741297639,0.44649915577328214,0.4551695152527024,0.008670359479420242,0.4022190882351447,0.4301441150308777,0.027925026795733,0.35369682415601933,0.42005956808373185,0.06636274392771252,0.2615657011313083,0.23398924127261844,0.02757645985868984,0.2962962962962967,0.2553315727583736,0.04096472353792313,912.0,0.3002636783124588,1041.0,0.34278180619644033,870.0,0.2864205669083718,554.0,0.18226763348714567,1142.0,0.3760711931443639,0.18226763348714567,WACC_0p7_WRT_0p3,0.2975609756097561,1334,False,,,False,False,False,False,False,52.0,0.13350785340314136
IBDD,Electricity,26,0.73,157,0.7142857142857141,0.3670213930975111,0,148,1778,4335,704,221,8,0.5555697116312384,0.6193852219729515,0.5889360397307876,0.5555697116312384,0.22270073803295595,0.2592592592592596,1.2233606186634038,-2.534149843841321,1.7596622789832348,-1.2199335447094035,0.0606453741297639,0.6193852219729515,0.5650975979711989,0.05428762400175269,0.5889360397307876,0.5477249759298275,0.04121106380096007,0.5555697116312384,0.5530060606995023,0.00256365093173605,0.22270073803295595,0.243618100932986,0.020917362900030045,0.2592592592592596,0.23234946484047106,0.02690979441878852,2354.0,0.7755438365194463,2350.0,0.7742254449571523,2440.0,0.8038892551087673,788.0,0.2593935398813448,554.0,0.18226763348714567,0.18226763348714567,WACC_0p9_WRT_0p1,0.5590639419907713,1335,False,,,False,False,False,False,False,148.0,0.38481675392670156
IBDD,Electricity,2957,0.69,65,0.5714285714285711,0.5173226275773177,0,63,712,2600,522,248,136,0.3735682745534433,0.46351727510500373,0.42059865711340405,0.3735682745534433,0.3781605904263649,0.4074074074074079,1.2233606186634038,-2.534149843841321,1.7596622789832348,-1.2199335447094035,0.0606453741297639,0.46351727510500373,0.41598601273225916,0.047531262372744576,0.42059865711340405,0.37438914860358186,0.046209508509822195,0.3735682745534433,0.4213487428202831,0.04778046826683979,0.3781605904263649,0.37262137440734394,0.005539216019020965,0.4074074074074079,0.41165507523115485,0.00424766782374697,556.0,0.18292682926829268,618.0,0.2033618984838497,888.0,0.2923533289386948,2698.0,0.8889255108767304,2738.0,0.9021094264996704,0.18292682926829268,WACC_0p1_WRT_0p9,0.4939353988134476,1336,False,,,False,False,False,False,False,63.0,0.16230366492146597
IBDD,Electricity,666,0.74,406,0.7499999999999998,0.2041033128330931,0,275,4130,713,472,112,7,0.7528490276441974,0.7883373052101256,0.7714042896269356,0.7528490276441974,0.2829709777682495,0.22222222222222254,1.2233606186634038,-2.534149843841321,1.7596622789832348,-1.2199335447094035,0.0606453741297639,0.7883373052101256,0.6232774789830672,0.1650598262270584,0.7714042896269356,0.6065711214753291,0.16483316815160654,0.7528490276441974,0.5850586859816341,0.16779034166256324,0.2829709777682495,0.2835874174802406,0.0006164397119911014,0.22222222222222254,0.23244515278563802,0.010222930563415472,2761.0,0.9096901779828609,2733.0,0.9004614370468029,2649.0,0.8727752142386289,1707.0,0.5622940013183916,556.0,0.18292682926829268,0.18292682926829268,WACC_0p9_WRT_0p1,0.6856295319709955,1337,False,,,False,False,False,False,False,275.0,0.7172774869109948
IBDD,Electricity,2003,0.73,66,0.7142857142857141,0.5147334338430524,0,58,402,2359,450,138,65,0.3767035580535428,0.46620236490350114,0.42349855409578124,0.3767035580535428,0.22270073803295595,0.2592592592592596,1.2233606186634038,-2.534149843841321,1.7596622789832348,-1.2199335447094035,0.0606453741297639,0.46620236490350114,0.4446394016574816,0.02156296324601953,0.42349855409578124,0.40497083287550145,0.01852772122027979,0.3767035580535428,0.38969305471488996,0.012989496661347188,0.22270073803295595,0.2501058922105218,0.027405154177565866,0.2592592592592596,0.2993736621488127,0.04011440288955315,805.0,0.26499670402109426,827.0,0.2722478576137113,557.0,0.18325642715886617,969.0,0.3190507580751483,1995.0,0.6572181938035596,0.18325642715886617,WACC_0p5_WRT_0p5,0.3393539881344759,1338,False,,,False,False,False,False,False,58.0,0.14921465968586387
IBDD,Electricity,2615,0.73,151,0.7142857142857141,0.3736871857445338,0,143,4243,2700,952,136,30,0.5474980291515862,0.6124725481167796,0.5814703519661221,0.5474980291515862,0.22270073803295595,0.2592592592592596,1.2233606186634038,-2.534149843841321,1.7596622789832348,-1.2199335447094035,0.0606453741297639,0.6124725481167796,0.5459833638525287,0.06648918426425099,0.5814703519661221,0.5173898902615112,0.0640804617046109,0.5474980291515862,0.5082490003006501,0.03924902885093606,0.22270073803295595,0.24036709928464509,0.017666361251689133,0.2592592592592596,0.23258388248932751,0.026675376769932063,2159.0,0.7112722478576137,2069.0,0.6816084377059987,2030.0,0.6687541199736322,698.0,0.22972972972972974,557.0,0.18325642715886617,0.18325642715886617,WACC_0p9_WRT_0p1,0.4949241924851681,1339,False,,,False,False,False,False,False,143.0,0.3717277486910995
IBDD,Electricity,1990,0.7,88,0.6071428571428569,0.4658445274206108,0,86,477,3447,364,165,37,0.435903678776714,0.516901971563811,0.47825412928891586,0.435903678776714,0.33929562732801266,0.37037037037037074,1.2233606186634038,-2.534149843841321,1.7596622789832348,-1.2199335447094035,0.0606453741297639,0.516901971563811,0.4894820614249835,0.027419910138827497,0.47825412928891586,0.4666540461077354,0.011600083181180443,0.435903678776714,0.4665779798852094,0.030674301108495394,0.33929562732801266,0.23419405489608788,0.10510157243192478,0.37037037037037074,0.2785961273446885,0.09177424302568221,1349.0,0.44429795649307846,1448.0,0.476928147659855,1448.0,0.476928147659855,558.0,0.1835860250494397,1684.0,0.5547132498352011,0.1835860250494397,WACC_0p7_WRT_0p3,0.4272907053394858,1340,False,,,False,False,False,False,False,86.0,0.22251308900523561
IBDD,Electricity,2752,0.72,63,0.6785714285714283,0.5226208344905343,0,56,228,2543,155,236,120,0.3671526168545674,0.4580228383061125,0.4146646653706015,0.3671526168545674,0.2615657011313083,0.2962962962962967,1.2233606186634038,-2.534149843841321,1.7596622789832348,-1.2199335447094035,0.0606453741297639,0.4580228383061125,0.41814532107796265,0.03987751722814986,0.4146646653706015,0.36426439443294895,0.050400270937652536,0.3671526168545674,0.39821488270618854,0.03106226585162114,0.2615657011313083,0.353324831580807,0.09175913044949874,0.2962962962962967,0.40430199289100466,0.10800569659470793,574.0,0.18885959129861568,558.0,0.1835860250494397,653.0,0.2148978246539222,2545.0,0.8384970336189849,2712.0,0.8935398813447594,0.1835860250494397,WACC_0p3_WRT_0p7,0.4638760711931444,1341,False,,,False,False,False,False,False,56.0,0.14397905759162305
IBDD,Electricity,2129,0.73,62,0.7142857142857141,0.5253323572805145,0,54,2425,2237,89,232,80,0.3638692037398741,0.455210888746133,0.41162775984582367,0.3638692037398741,0.22270073803295595,0.2592592592592596,1.2233606186634038,-2.534149843841321,1.7596622789832348,-1.2199335447094035,0.0606453741297639,0.455210888746133,0.4164256451004878,0.03878524364564523,0.41162775984582367,0.3839319492178631,0.02769581062796056,0.3638692037398741,0.3974208345508586,0.0335516308109845,0.22270073803295595,0.2617553549937242,0.03905461696076826,0.2592592592592596,0.31511180209398215,0.055852542834722574,559.0,0.18391562294001318,684.0,0.22511535926170073,643.0,0.21160184574818722,1274.0,0.4195781147000659,2155.0,0.7099538562953197,0.18391562294001318,WACC_0p1_WRT_0p9,0.35003295978905735,1342,False,,,False,False,False,False,False,54.0,0.1387434554973822
IBDD,Electricity,353,0.74,196,0.7499999999999998,0.3290373984942353,0,178,3869,3240,648,151,5,0.60156495330492,0.6587760311911633,0.6314781136864565,0.60156495330492,0.22470427422088943,0.22222222222222254,1.2233606186634038,-2.534149843841321,1.7596622789832348,-1.2199335447094035,0.0606453741297639,0.6587760311911633,0.5881738214558134,0.07060220973534992,0.6314781136864565,0.5881241761578037,0.0433539375286528,0.60156495330492,0.5845811161532143,0.016983837151705705,0.22470427422088943,0.2731645920671334,0.04846031784624397,0.22222222222222254,0.2328390932125833,0.010616870990360766,2553.0,0.8411338167435728,2655.0,0.8747528015820699,2647.0,0.8721160184574819,1502.0,0.494726433750824,562.0,0.18490441661173368,0.18490441661173368,WACC_0p9_WRT_0p1,0.6535266974291364,1343,False,,,False,False,False,False,False,178.0,0.46335078534031415
IBDD,Electricity,1446,0.74,122,0.7499999999999998,0.4101366374806809,0,108,4561,1781,627,116,46,0.5033609825089801,0.5746731166867012,0.5406469660216373,0.5033609825089801,0.18688124705473758,0.22222222222222254,1.2233606186634038,-2.534149843841321,1.7596622789832348,-1.2199335447094035,0.0606453741297639,0.5746731166867012,0.5175306061069237,0.057142510579777483,0.5406469660216373,0.48479205411452425,0.05585491190711306,0.5033609825089801,0.4656604621260264,0.037700520382953684,0.18688124705473758,0.2343659792828379,0.04748473222810032,0.22222222222222254,0.2472521668676805,0.025029944645457963,1801.0,0.5932762030323006,1674.0,0.551417270929466,1437.0,0.4733025708635465,563.0,0.1852340145023072,948.0,0.3121292023731048,0.1852340145023072,WACC_0p7_WRT_0p3,0.423071852340145,1344,False,,,False,False,False,False,False,108.0,0.2801047120418848
IBDD,Electricity,515,0.73,248,0.7142857142857141,0.2887048128086339,0,227,3167,883,749,108,8,0.6504041300505308,0.7006024163466018,0.67665060965433,0.6504041300505308,0.2435145676728738,0.2592592592592596,1.2233606186634038,-2.534149843841321,1.7596622789832348,-1.2199335447094035,0.0606453741297639,0.7006024163466018,0.5782365186898454,0.12236589765675643,0.67665060965433,0.5435667849663715,0.13308382468795854,0.6504041300505308,0.5206678298636305,0.1297363001869003,0.2435145676728738,0.25875016591794114,0.015235598245067344,0.2592592592592596,0.23296264262273075,0.026296616636528825,2460.0,0.8104812129202373,2311.0,0.7613711272247857,2166.0,0.7135794330916282,1194.0,0.3932102834541859,563.0,0.1852340145023072,0.1852340145023072,WACC_0p9_WRT_0p1,0.5727752142386289,1345,False,,,False,False,False,False,False,227.0,0.5916230366492147
IBDD,Electricity,1719,0.74,79,0.7499999999999998,0.484200393167689,0,66,2456,2772,97,137,46,0.4136763567168665,0.4978662589372113,0.4576955596521882,0.4136763567168665,0.1838357749346038,0.22222222222222254,1.2233606186634038,-2.534149843841321,1.7596622789832348,-1.2199335447094035,0.0606453741297639,0.4978662589372113,0.4784459911156363,0.01942026782157502,0.4576955596521882,0.4594103552454968,0.0017147955933085601,0.4136763567168665,0.4402735155817474,0.0265971588648809,0.1838357749346038,0.23437364561396218,0.05053787067935839,0.22222222222222254,0.2719243391070888,0.049702116884866254,1189.0,0.39156229400131837,1346.0,0.44330916282135796,1118.0,0.3681608437705999,564.0,0.1855636123928807,1560.0,0.513843111404087,0.1855636123928807,WACC_0p7_WRT_0p3,0.3804878048780488,1346,False,,,False,False,False,False,False,66.0,0.17015706806282724
IBDD,Electricity,2748,0.73,149,0.7142857142857141,0.3759677242326947,0,141,3488,1545,837,131,6,0.544736499723082,0.6101075452401685,0.578916148859382,0.544736499723082,0.22270073803295595,0.2592592592592596,1.2233606186634038,-2.534149843841321,1.7596622789832348,-1.2199335447094035,0.0606453741297639,0.6101075452401685,0.5964578187447451,0.013649726495423398,0.578916148859382,0.5672966677078871,0.011619481151494915,0.544736499723082,0.5398623200261015,0.004874179696980563,0.22270073803295595,0.2661767526611735,0.04347601462821757,0.2592592592592596,0.23298959914748507,0.026269660111774507,2607.0,0.8589321028345419,2515.0,0.8286090969017799,2324.0,0.7656558998022412,1361.0,0.44825313117996046,564.0,0.1855636123928807,0.1855636123928807,WACC_0p9_WRT_0p1,0.6174027686222808,1347,False,,,False,False,False,False,False,141.0,0.36649214659685864
IBDD,Electricity,2088,0.74,84,0.7499999999999998,0.4737621586253954,0,71,320,2079,216,107,9,0.4263161310595567,0.5086910947588492,0.4693863823395571,0.4263161310595567,0.1838357749346038,0.22222222222222254,1.2233606186634038,-2.534149843841321,1.7596622789832348,-1.2199335447094035,0.0606453741297639,0.5086910947588492,0.49265751456934065,0.016033580189508567,0.4693863823395571,0.4488616000266005,0.02052478231295657,0.4263161310595567,0.42331914187467373,0.0029969891848829477,0.1838357749346038,0.24450517985110665,0.060669404916502856,0.22222222222222254,0.23301030508188442,0.010788082859661874,1409.0,0.46407382992748847,1226.0,0.4037574159525379,911.0,0.2999340804218853,810.0,0.26664469347396175,565.0,0.18589321028345418,0.18589321028345418,WACC_0p9_WRT_0p1,0.32406064601186546,1348,False,,,False,False,False,False,False,71.0,0.18324607329842932
IBDD,Electricity,1546,0.71,62,0.6428571428571426,0.5253323572805145,0,59,822,2456,894,207,150,0.3638692037398741,0.455210888746133,0.41162775984582367,0.3638692037398741,0.3004306642296604,0.3333333333333337,1.2233606186634038,-2.534149843841321,1.7596622789832348,-1.2199335447094035,0.0606453741297639,0.455210888746133,0.417183192715305,0.03802769603082801,0.41162775984582367,0.370087656433974,0.04154010341184966,0.3638692037398741,0.40222969454407564,0.038360490804201564,0.3004306642296604,0.36194471320218974,0.06151404897252932,0.3333333333333337,0.40773988900720237,0.07440655567386867,565.0,0.18589321028345418,596.0,0.1961107448912327,691.0,0.22742254449571522,2617.0,0.8622280817402769,2723.0,0.8971654581410679,0.18589321028345418,WACC_0p1_WRT_0p9,0.47376400791034934,1349,False,,,False,False,False,False,False,59.0,0.1518324607329843
IBDD,Electricity,1605,0.74,173,0.7499999999999998,0.3504130440091398,0,159,4619,3376,539,131,41,0.5756809463262493,0.6366086951016329,0.6075373907097634,0.5756809463262493,0.2147351101312068,0.22222222222222254,1.2233606186634038,-2.534149843841321,1.7596622789832348,-1.2199335447094035,0.0606453741297639,0.6366086951016329,0.5354014064331695,0.1012072886684634,0.6075373907097634,0.5296780982954383,0.0778592924143251,0.5756809463262493,0.5184720285024802,0.057208917823769134,0.2147351101312068,0.23439987082933764,0.019664760698130834,0.22222222222222254,0.25755370284369844,0.0353314806214759,2040.0,0.6720500988793672,2183.0,0.7191825972313777,2135.0,0.7033618984838497,565.0,0.18589321028345418,1199.0,0.3948582729070534,0.18589321028345418,WACC_0p7_WRT_0p3,0.5350692155570205,1350,False,,,False,False,False,False,False,159.0,0.41361256544502617
IBDD,Electricity,2555,0.71,61,0.6428571428571426,0.5280872662717262,0,58,428,2174,780,179,51,0.3605332537913963,0.4523539460885802,0.40854226177566655,0.3605332537913963,0.3004306642296604,0.3333333333333337,1.2233606186634038,-2.534149843841321,1.7596622789832348,-1.2199335447094035,0.0606453741297639,0.4523539460885802,0.43698373735128315,0.015370208737297053,0.40854226177566655,0.39673713710611586,0.011805124669550693,0.3605332537913963,0.390199631859533,0.029666378068136712,0.3004306642296604,0.25712092861735475,0.043309735612305666,0.3333333333333337,0.28235032974925567,0.050983003584078035,727.0,0.23928806855636123,764.0,0.2514831905075808,566.0,0.1862228081740277,1147.0,0.37771918259723136,1748.0,0.5758075148319051,0.1862228081740277,WACC_0p5_WRT_0p5,0.3261041529334212,1351,False,,,False,False,False,False,False,58.0,0.14921465968586387
IBDD,Electricity,494,0.73,377,0.7142857142857141,0.2168305469136325,0,287,4169,3383,966,124,4,0.7374374782933178,0.7751386920895663,0.7571497874567317,0.7374374782933178,0.27703525597363843,0.2592592592592596,1.2233606186634038,-2.534149843841321,1.7596622789832348,-1.2199335447094035,0.0606453741297639,0.7751386920895663,0.6221802728768488,0.15295841921271747,0.7571497874567317,0.6195293470799432,0.13762044037678844,0.7374374782933178,0.6193373364368708,0.11810014185644702,0.27703525597363843,0.29999247712882254,0.022957221155184115,0.2592592592592596,0.23304419506201754,0.02621506419724204,2752.0,0.9067237969676994,2788.0,0.9185893210283455,2793.0,0.9202373104812129,1953.0,0.6433750823994726,566.0,0.1862228081740277,0.1862228081740277,WACC_0p9_WRT_0p1,0.7150296638101516,1352,False,,,False,False,False,False,False,287.0,0.7486910994764397
IBDD,Electricity,241,0.75,20,0.7857142857142856,0.7144893762700298,0,7,173,1,1000,53,5,0.13481686489119432,0.2590480542384876,0.1997718985775665,0.13481686489119432,0.14497081183625146,0.18518518518518542,1.2233606186634038,-2.534149843841321,1.7596622789832348,-1.2199335447094035,0.0606453741297639,0.2590480542384876,0.42111287798948543,0.16206482375099784,0.1997718985775665,0.376812784240266,0.1770408856626995,0.13481686489119432,0.390219612425245,0.2554027475340507,0.14497081183625146,0.2893392407559537,0.14436842891970222,0.18518518518518542,0.2958362809631608,0.11065109577797536,598.0,0.19676994067237968,634.0,0.20863546473302572,567.0,0.1865524060646012,1797.0,0.5919578114700066,1944.0,0.6404087013843112,0.1865524060646012,WACC_0p5_WRT_0p5,0.36486486486486486,1353,False,,,False,False,False,False,False,7.0,0.015706806282722512
IBDD,Electricity,2836,0.73,122,0.7142857142857141,0.4101366374806809,0,114,4887,4346,925,200,33,0.5033609825089801,0.5746731166867012,0.5406469660216373,0.5033609825089801,0.22270073803295595,0.2592592592592596,1.2233606186634038,-2.534149843841321,1.7596622789832348,-1.2199335447094035,0.0606453741297639,0.5746731166867012,0.5493525204082491,0.025320596278452068,0.5406469660216373,0.5393839059986605,0.0012630600229768252,0.5033609825089801,0.5441712824177084,0.04081029990872831,0.22270073803295595,0.23451820725266154,0.011817469219705584,0.2592592592592596,0.23942418564735155,0.019835073611908033,2196.0,0.7234673698088332,2281.0,0.7514831905075807,2366.0,0.7794990112063283,567.0,0.1865524060646012,743.0,0.24456163480553725,0.1865524060646012,WACC_0p7_WRT_0p3,0.5371127224785761,1354,False,,,False,False,False,False,False,114.0,0.29581151832460734
IBDD,Electricity,1057,0.74,159,0.7499999999999998,0.3648556017903225,0,145,2424,4531,346,102,5,0.5581922924216302,0.621631227772999,0.5913617259948388,0.5581922924216302,0.20799939642866902,0.22222222222222254,1.2233606186634038,-2.534149843841321,1.7596622789832348,-1.2199335447094035,0.0606453741297639,0.621631227772999,0.5933610289013277,0.02827019887167126,0.5913617259948388,0.5757871456101521,0.015574580384686731,0.5581922924216302,0.5708072469961917,0.012614954574561521,0.20799939642866902,0.2896505901448503,0.08165119371618126,0.22222222222222254,0.23307381779946548,0.01085159557724294,2589.0,0.8529993408042189,2582.0,0.8506921555702044,2560.0,0.8434410019775873,1804.0,0.5942649967040211,567.0,0.1865524060646012,0.1865524060646012,WACC_0p9_WRT_0p1,0.6655899802241266,1355,False,,,False,False,False,False,False,145.0,0.3769633507853403
IBDD,Electricity,1700,0.73,96,0.7142857142857141,0.4510243614951085,0,88,4971,2419,625,201,59,0.45384958258454444,0.5322710325235911,0.4948527151254784,0.45384958258454444,0.22270073803295595,0.2592592592592596,1.2233606186634038,-2.534149843841321,1.7596622789832348,-1.2199335447094035,0.0606453741297639,0.5322710325235911,0.4740948823545977,0.05817615016899341,0.4948527151254784,0.4629552233990184,0.03189749172646,0.45384958258454444,0.45838245417524104,0.004532871590696597,0.22270073803295595,0.23454633285987134,0.011845594826915384,0.2592592592592596,0.25809552535380303,0.0011637339054565432,1134.0,0.3734344100197759,1400.0,0.46110744891232697,1344.0,0.4426499670402109,568.0,0.18688200395517468,1212.0,0.3991430454845089,0.18688200395517468,WACC_0p7_WRT_0p3,0.3726433750823995,1356,False,,,False,False,False,False,False,88.0,0.22774869109947643
IBDD,Electricity,2576,0.73,85,0.7142857142857141,0.4717483562690882,0,77,4723,1996,578,239,100,0.4287546667383026,0.5107794823876122,0.4716418409786212,0.4287546667383026,0.22270073803295595,0.2592592592592596,1.2233606186634038,-2.534149843841321,1.7596622789832348,-1.2199335447094035,0.0606453741297639,0.5107794823876122,0.4352716418878264,0.07550784049978576,0.4716418409786212,0.4023819918675261,0.06925984911109512,0.4287546667383026,0.3902330206233181,0.03852164611498449,0.22270073803295595,0.2777941392314374,0.05509340119848147,0.2592592592592596,0.3156583412263385,0.056399081967078935,709.0,0.23335530652603823,805.0,0.26499670402109426,568.0,0.18688200395517468,1602.0,0.527686222808174,2162.0,0.7122610415293342,0.18688200395517468,WACC_0p5_WRT_0p5,0.3850362557679631,1357,False,,,False,False,False,False,False,77.0,0.19895287958115182
IBDD,Electricity,814,0.73,70,0.7142857142857141,0.5047492957538864,0,62,465,1905,927,181,5,0.3887934619488797,0.4765562858848585,0.4346807887556472,0.3887934619488797,0.22270073803295595,0.2592592592592596,1.2233606186634038,-2.534149843841321,1.7596622789832348,-1.2199335447094035,0.0606453741297639,0.4765562858848585,0.47631911620201045,0.0002371696828480374,0.4346807887556472,0.4235930066317802,0.011087782123867018,0.3887934619488797,0.4218078228359415,0.03301436088706178,0.22270073803295595,0.2345947121228652,0.011893974089909248,0.2592592592592596,0.24303226789557447,0.016226991363685106,1164.0,0.3833223467369809,985.0,0.32432432432432434,892.0,0.2936717205009888,569.0,0.1872116018457482,831.0,0.27356624917600525,0.1872116018457482,WACC_0p7_WRT_0p3,0.29241924851680945,1358,False,,,False,False,False,False,False,62.0,0.15968586387434555
IBDD,Electricity,2612,0.74,88,0.7499999999999998,0.4658445274206108,0,75,4273,514,244,94,71,0.435903678776714,0.516901971563811,0.47825412928891586,0.435903678776714,0.1838357749346038,0.22222222222222254,1.2233606186634038,-2.534149843841321,1.7596622789832348,-1.2199335447094035,0.0606453741297639,0.516901971563811,0.44236579108793556,0.07453618047587546,0.47825412928891586,0.38513743951059676,0.0931166897783191,0.435903678776714,0.3902725052918,0.04563117348491397,0.1838357749346038,0.25811087690479845,0.07427510197019466,0.22222222222222254,0.27599101040835794,0.0537687881861354,771.0,0.25379037574159524,693.0,0.22808174027686223,569.0,0.1872116018457482,1175.0,0.3869479235332894,1635.0,0.5385629531970996,0.1872116018457482,WACC_0p5_WRT_0p5,0.31891891891891894,1359,False,,,False,False,False,False,False,75.0,0.193717277486911
IBDD,Electricity,114,0.74,98,0.7499999999999998,0.4475103999651687,0,85,609,1583,2,132,2,0.45810467769735974,0.535915140776862,0.49878835203901095,0.45810467769735974,0.1838357749346038,0.22222222222222254,1.2233606186634038,-2.534149843841321,1.7596622789832348,-1.2199335447094035,0.0606453741297639,0.535915140776862,0.5289056297098492,0.0070095110670127525,0.49878835203901095,0.46734462289554246,0.03144372914346849,0.45810467769735974,0.4597159785573193,0.0016113008599595857,0.1838357749346038,0.2699791460897397,0.08614337115513593,0.22222222222222254,0.2331234325369716,0.010901210314749055,1952.0,0.6430454845088991,1454.0,0.478905735003296,1357.0,0.44693473961766644,1435.0,0.47264337508239945,569.0,0.1872116018457482,0.1872116018457482,WACC_0p9_WRT_0p1,0.4457481872116018,1360,False,,,False,False,False,False,False,85.0,0.2198952879581152
IBDD,Electricity,834,0.73,113,0.7142857142857141,0.4232197495097513,0,105,1567,14,247,170,8,0.48751849659073904,0.5611054449528504,0.5259938805490785,0.48751849659073904,0.22270073803295595,0.2592592592592596,1.2233606186634038,-2.534149843841321,1.7596622789832348,-1.2199335447094035,0.0606453741297639,0.5611054449528504,0.4656067924006183,0.09549865255223211,0.5259938805490785,0.42426286872793995,0.10173101182113853,0.48751849659073904,0.4137815383489723,0.07373695824176674,0.22270073803295595,0.23459861945241883,0.01189788141946288,0.2592592592592596,0.24691698076447688,0.012342278494782699,1029.0,0.33882663150955833,990.0,0.3259723137771918,810.0,0.26664469347396175,570.0,0.1875411997363217,931.0,0.3065260382333553,0.1875411997363217,WACC_0p7_WRT_0p3,0.28510217534607774,1361,False,,,False,False,False,False,False,105.0,0.27225130890052357
IBDD,Electricity,1367,0.72,53,0.6785714285714283,0.5518737344088203,0,46,4634,1437,892,147,99,0.33172995487678936,0.4276864976501123,0.38190141746212125,0.33172995487678936,0.2615657011313083,0.2962962962962967,1.2233606186634038,-2.534149843841321,1.7596622789832348,-1.2199335447094035,0.0606453741297639,0.4276864976501123,0.4233324267135824,0.004354070936529897,0.38190141746212125,0.3822986742643581,0.000397256802236845,0.33172995487678936,0.3906599562297887,0.05893000135299936,0.2615657011313083,0.2743370888922775,0.0127713877609692,0.2962962962962967,0.2997268697834437,0.0034305734871469817,617.0,0.2030323005932762,671.0,0.2208305866842452,570.0,0.1875411997363217,1535.0,0.5056031641397495,2000.0,0.6588661832564272,0.1875411997363217,WACC_0p5_WRT_0p5,0.35517468688200393,1362,False,,,False,False,False,False,False,46.0,0.11780104712041885
IBDD,Electricity,359,0.73,138,0.7142857142857141,0.3890810456027807,0,130,1867,3694,149,168,3,0.528857432977697,0.59650854530082,0.5642292289248857,0.528857432977697,0.22270073803295595,0.2592592592592596,1.2233606186634038,-2.534149843841321,1.7596622789832348,-1.2199335447094035,0.0606453741297639,0.59650854530082,0.56943194601272,0.027076599288100023,0.5642292289248857,0.5458616437009912,0.018367585223894478,0.528857432977697,0.5426167983664689,0.013759365388771871,0.22270073803295595,0.25118079379785346,0.02848005576489751,0.2592592592592596,0.23314814049492913,0.02611111876433045,2391.0,0.7877389584706658,2332.0,0.7682926829268293,2350.0,0.7742254449571523,998.0,0.3286090969017798,570.0,0.1875411997363217,0.1875411997363217,WACC_0p9_WRT_0p1,0.5692814765985498,1363,False,,,False,False,False,False,False,130.0,0.337696335078534
IBDD,Electricity,1798,0.74,72,0.7499999999999998,0.499966262112698,0,59,1888,1821,380,137,79,0.3945852906008571,0.4815164689201649,0.44003778643377817,0.3945852906008571,0.1838357749346038,0.22222222222222254,1.2233606186634038,-2.534149843841321,1.7596622789832348,-1.2199335447094035,0.0606453741297639,0.4815164689201649,0.4214675874530273,0.060048881467137605,0.44003778643377817,0.38506346408536196,0.054974322348416205,0.3945852906008571,0.3907510857215848,0.0038342048792723293,0.1838357749346038,0.28628909734331504,0.10245332240871124,0.22222222222222254,0.33267812110579437,0.11045589888357182,600.0,0.1974291364535267,692.0,0.22775214238628871,571.0,0.18787079762689518,1755.0,0.5781147000659196,2286.0,0.7531311799604482,0.18787079762689518,WACC_0p5_WRT_0p5,0.38885959129861564,1364,False,,,False,False,False,False,False,59.0,0.1518324607329843
IBDD,Electricity,435,0.73,170,0.7142857142857141,0.3534075218976023,0,160,983,3479,123,121,8,0.5720548997346554,0.6335033106247087,0.6041835754746855,0.5720548997346554,0.22270073803295595,0.2592592592592596,1.2233606186634038,-2.534149843841321,1.7596622789832348,-1.2199335447094035,0.0606453741297639,0.6335033106247087,0.563189023645971,0.07031428697873765,0.6041835754746855,0.5635979709792801,0.04058560449540538,0.5720548997346554,0.5606285019885551,0.011426397746100325,0.22270073803295595,0.26726705666078215,0.0445663186278262,0.2592592592592596,0.23316717677797374,0.026092082481285833,2330.0,0.7676334871456822,2483.0,0.8180619644034278,2498.0,0.8230059327620303,1384.0,0.45583388266315095,571.0,0.18787079762689518,0.18787079762689518,WACC_0p9_WRT_0p1,0.6104812129202373,1365,False,,,False,False,False,False,False,160.0,0.4162303664921466
IBDD,Electricity,90,0.72,60,0.6785714285714283,0.5308869724893325,0,53,252,1724,782,232,1,0.3571430583830649,0.44945054704809956,0.4054065908119476,0.3571430583830649,0.2615657011313083,0.2962962962962967,1.2233606186634038,-2.534149843841321,1.7596622789832348,-1.2199335447094035,0.0606453741297639,0.44945054704809956,0.4505840854152547,0.0011335383671551291,0.4054065908119476,0.3839904432971911,0.021416147514756456,0.3571430583830649,0.3908852455059943,0.03374218712292937,0.2615657011313083,0.24569737996603108,0.0158683211652772,0.2962962962962967,0.26841715833478835,0.02787913796150837,866.0,0.2851021753460778,686.0,0.2257745550428477,572.0,0.1882003955174687,844.0,0.27785102175346077,1469.0,0.4838497033618985,0.1882003955174687,WACC_0p5_WRT_0p5,0.2921555702043507,1366,False,,,False,False,False,False,False,53.0,0.13612565445026178
IBDD,Electricity,3027,0.67,32,0.5,0.636667418954684,0,33,2009,1148,522,169,3,0.3945444370177566,0.3397523062692165,0.2869324907707538,0.3945444370177566,0.455890516623069,0.48148148148148157,1.2233606186634038,-2.534149843841321,1.7596622789832348,-1.2199335447094035,0.0606453741297639,0.3397523062692165,0.4919463835525129,0.15219407728329643,0.2869324907707538,0.45245157553834625,0.16551908476759247,0.3945444370177566,0.42641172876810673,0.031867291750350135,0.455890516623069,0.23470533306413094,0.22118518355893807,0.48148148148148157,0.2446755827435381,0.23680589873794347,1388.0,0.45715227422544497,1266.0,0.4169413315754779,955.0,0.31443638760711934,572.0,0.1882003955174687,877.0,0.2887277521423863,0.1882003955174687,WACC_0p7_WRT_0p3,0.33309162821357946,1367,False,,,False,False,False,False,False,33.0,0.08376963350785341
IBDD,Electricity,2750,0.71,70,0.6428571428571426,0.5047492957538864,0,67,47,2727,904,219,207,0.3887934619488797,0.4765562858848585,0.4346807887556472,0.3887934619488797,0.3004306642296604,0.3333333333333337,1.2233606186634038,-2.534149843841321,1.7596622789832348,-1.2199335447094035,0.0606453741297639,0.4765562858848585,0.4185935937170166,0.05796269216784189,0.4346807887556472,0.3662545364336404,0.06842625232200678,0.3887934619488797,0.48510095555454863,0.09630749360566893,0.3004306642296604,0.5336611152753804,0.23323045104572,0.3333333333333337,0.5716677081184333,0.23833437478509956,577.0,0.18984838497033618,572.0,0.1882003955174687,1728.0,0.569215557020435,3034.0,0.9996704021094265,3033.0,0.999340804218853,0.1882003955174687,WACC_0p3_WRT_0p7,0.5892551087673039,1368,False,,,False,False,False,False,False,67.0,0.17277486910994763
IBDD,Electricity,1809,0.73,36,0.7142857142857141,0.6169684576436263,0,28,2735,246,839,61,52,0.2529060302701837,0.36018085873994304,0.30899532743913843,0.2529060302701837,0.22270073803295595,0.2592592592592596,1.2233606186634038,-2.534149843841321,1.7596622789832348,-1.2199335447094035,0.0606453741297639,0.36018085873994304,0.4430723591260238,0.08289150038608073,0.30899532743913843,0.37610053286584894,0.0671052054267105,0.2529060302701837,0.3909333082449828,0.13802727797479908,0.22270073803295595,0.26561118824289465,0.042910450209938694,0.2592592592592596,0.2701343335990167,0.010875074339757096,782.0,0.2574159525379038,628.0,0.20665787738958472,573.0,0.1885299934080422,1349.0,0.44429795649307846,1508.0,0.496704021094265,0.1885299934080422,WACC_0p5_WRT_0p5,0.31872116018457486,1369,False,,,False,False,False,False,False,28.0,0.07068062827225131
IBDD,Electricity,669,0.74,121,0.7499999999999998,0.411542181111966,0,107,2739,2966,576,147,10,0.5016589940878285,0.5732155158838871,0.5390727571545981,0.5016589940878285,0.1862257302383814,0.22222222222222254,1.2233606186634038,-2.534149843841321,1.7596622789832348,-1.2199335447094035,0.0606453741297639,0.5732155158838871,0.5328422413033977,0.04037327458048934,0.5390727571545981,0.5161825662969913,0.022890190857606796,0.5016589940878285,0.4992636667976358,0.0023953272901927614,0.1862257302383814,0.24276812275047954,0.05654239251209814,0.22222222222222254,0.2332379540522672,0.011015731830044645,2007.0,0.6611733684904416,2055.0,0.6769940672379697,1920.0,0.6324983520105472,761.0,0.2504943968358603,574.0,0.18885959129861568,0.18885959129861568,WACC_0p9_WRT_0p1,0.4820039551746869,1370,False,,,False,False,False,False,False,107.0,0.2774869109947644
IBDD,Electricity,486,0.72,55,0.6785714285714283,0.5456120211274459,0,48,59,1626,519,123,7,0.33931233315680515,0.4341801262382042,0.3889145363372606,0.33931233315680515,0.2615657011313083,0.2962962962962967,1.2233606186634038,-2.534149843841321,1.7596622789832348,-1.2199335447094035,0.0606453741297639,0.4341801262382042,0.4374912316379802,0.0033111053997760265,0.3889145363372606,0.3785315573494234,0.010382978987837188,0.33931233315680515,0.3913511697597781,0.05203883660297293,0.2615657011313083,0.29644235000667735,0.034876648875369065,0.2962962962962967,0.3380144797885705,0.0417181834922738,731.0,0.24060646011865525,643.0,0.21160184574818722,575.0,0.1891891891891892,1896.0,0.6245880026367832,2327.0,0.7666446934739618,0.1891891891891892,WACC_0p5_WRT_0p5,0.40652603823335537,1371,False,,,False,False,False,False,False,48.0,0.12303664921465969
IBDD,Electricity,1096,0.73,159,0.7142857142857141,0.3648556017903225,0,150,558,1429,951,89,6,0.5581922924216302,0.621631227772999,0.5913617259948388,0.5581922924216302,0.22270073803295595,0.2592592592592596,1.2233606186634038,-2.534149843841321,1.7596622789832348,-1.2199335447094035,0.0606453741297639,0.621631227772999,0.5428183684240497,0.07881285934894922,0.5913617259948388,0.493303271441146,0.09805845455369283,0.5581922924216302,0.4693402054457105,0.08885208697591968,0.22270073803295595,0.2439625002632305,0.02126176223027454,0.2592592592592596,0.2332520708477665,0.026007188411493076,2130.0,0.7017139090309822,1790.0,0.5896506262359921,1491.0,0.4911008569545155,796.0,0.26203032300593276,575.0,0.1891891891891892,0.1891891891891892,WACC_0p9_WRT_0p1,0.4467369808833223,1372,False,,,False,False,False,False,False,150.0,0.3900523560209424
IBDD,Electricity,1673,0.73,79,0.7142857142857141,0.484200393167689,0,71,1304,2344,504,175,136,0.4136763567168665,0.4978662589372113,0.4576955596521882,0.4136763567168665,0.22270073803295595,0.2592592592592596,1.2233606186634038,-2.534149843841321,1.7596622789832348,-1.2199335447094035,0.0606453741297639,0.4978662589372113,0.4182208528736356,0.07964540606357573,0.4576955596521882,0.3789038126571281,0.07879174699506014,0.4136763567168665,0.3978218000356071,0.015854556681259402,0.22270073803295595,0.336580661257173,0.11387992322421706,0.2592592592592596,0.3844444892973085,0.12518523003804893,575.0,0.1891891891891892,648.0,0.21324983520105473,649.0,0.21357943309162822,2375.0,0.7824653922214898,2621.0,0.8635464733025708,0.1891891891891892,WACC_0p1_WRT_0p9,0.4524060646011866,1373,False,,,False,False,False,False,False,71.0,0.18324607329842932
IBDD,Electricity,1840,0.72,61,0.6785714285714283,0.5280872662717262,0,54,1629,2179,842,149,145,0.3605332537913963,0.4523539460885802,0.40854226177566655,0.3605332537913963,0.2615657011313083,0.2962962962962967,1.2233606186634038,-2.534149843841321,1.7596622789832348,-1.2199335447094035,0.0606453741297639,0.4523539460885802,0.41888207264892063,0.03347187343965957,0.40854226177566655,0.36688400467571003,0.04165825709995652,0.3605332537913963,0.40358120723075863,0.04304795343936235,0.2615657011313083,0.3557236164626643,0.09415791533135603,0.2962962962962967,0.401036360285964,0.10474006398966729,582.0,0.1914963744232037,575.0,0.1891891891891892,701.0,0.23071852340145024,2566.0,0.8454185893210283,2697.0,0.8885959129861569,0.1891891891891892,WACC_0p3_WRT_0p7,0.46908371786420566,1374,False,,,False,False,False,False,False,54.0,0.1387434554973822
IBDD,Electricity,126,0.73,91,0.7142857142857141,0.460136442071784,0,83,588,267,1000,107,5,0.4428156628335633,0.5228214674811129,0.48464718487960196,0.4428156628335633,0.22270073803295595,0.2592592592592596,1.2233606186634038,-2.534149843841321,1.7596622789832348,-1.2199335447094035,0.0606453741297639,0.5228214674811129,0.4871117859068891,0.03570968157422383,0.48464718487960196,0.4215266149941684,0.06312056988543358,0.4428156628335633,0.39140993106007527,0.051405731773488006,0.22270073803295595,0.24237218338828845,0.019671445355332495,0.2592592592592596,0.24817532673954124,0.011083932519718342,1315.0,0.43309162821357944,963.0,0.3170731707317073,576.0,0.1895187870797627,749.0,0.24653922214897825,975.0,0.3210283454185893,0.1895187870797627,WACC_0p5_WRT_0p5,0.3014502307185234,1375,False,,,False,False,False,False,False,83.0,0.21465968586387435
IBDD,Electricity,1638,0.73,119,0.7142857142857141,0.41438816555554,0,111,1333,754,639,109,17,0.498212759860783,0.5702641246090697,0.5358852545777952,0.498212759860783,0.22270073803295595,0.2592592592592596,1.2233606186634038,-2.534149843841321,1.7596622789832348,-1.2199335447094035,0.0606453741297639,0.5702641246090697,0.5208667190436361,0.049397405565433594,0.5358852545777952,0.46959683987770867,0.06628841470008656,0.498212759860783,0.45000217659894653,0.04821058326183647,0.22270073803295595,0.24901619385454135,0.0263154558215854,0.2592592592592596,0.23327830597647353,0.025980953282786046,1842.0,0.6067897165458142,1485.0,0.4891232696110745,1230.0,0.4050758075148319,940.0,0.30949241924851684,576.0,0.1895187870797627,0.1895187870797627,WACC_0p9_WRT_0p1,0.4,1376,False,,,False,False,False,False,False,111.0,0.2879581151832461
IBDD,Electricity,1290,0.73,73,0.7142857142857141,0.4976236662662598,0,65,4414,2265,75,153,62,0.3974219659749473,0.48394582757573046,0.4426614937817889,0.3974219659749473,0.22270073803295595,0.2592592592592596,1.2233606186634038,-2.534149843841321,1.7596622789832348,-1.2199335447094035,0.0606453741297639,0.48394582757573046,0.4868027797163709,0.0028569521406404674,0.4426614937817889,0.45893298035756896,0.016271486575780092,0.3974219659749473,0.4477444433348752,0.0503224773599279,0.22270073803295595,0.2349717507886866,0.012271012755730643,0.2592592592592596,0.2596466336993834,0.00038737444012382216,1311.0,0.4317732366512854,1344.0,0.4426499670402109,1202.0,0.3958470665787739,577.0,0.18984838497033618,1252.0,0.41232696110744893,0.18984838497033618,WACC_0p7_WRT_0p3,0.37448912326961104,1377,False,,,False,False,False,False,False,65.0,0.16753926701570682
IBDD,Electricity,593,0.73,249,0.7142857142857141,0.2880147191446319,0,228,1310,3659,845,102,8,0.6512397721462284,0.7013180690351966,0.6774235145580123,0.6512397721462284,0.243836413250304,0.2592592592592596,1.2233606186634038,-2.534149843841321,1.7596622789832348,-1.2199335447094035,0.0606453741297639,0.7013180690351966,0.6025607908025754,0.09875727823262115,0.6774235145580123,0.5864343956778972,0.09098911888011507,0.6512397721462284,0.5818279585260733,0.06941181362015514,0.243836413250304,0.2840262677461342,0.04018985449583021,0.2592592592592596,0.23330075131173894,0.025958507947520637,2651.0,0.8734344100197758,2644.0,0.8711272247857613,2629.0,0.8661832564271589,1712.0,0.5639419907712591,577.0,0.18984838497033618,0.18984838497033618,WACC_0p9_WRT_0p1,0.6729070533948582,1378,False,,,False,False,False,False,False,228.0,0.5942408376963351
IBDD,Electricity,203,0.73,50,0.7142857142857141,0.5617151637134581,0,42,778,1,2,220,1,0.31981285863641046,0.4174805709638212,0.3708790166409269,0.31981285863641046,0.22270073803295595,0.2592592592592596,1.2233606186634038,-2.534149843841321,1.7596622789832348,-1.2199335447094035,0.0606453741297639,0.4174805709638212,0.420884547503169,0.0034039765393478194,0.3708790166409269,0.3677571654020645,0.003121851238862383,0.31981285863641046,0.41379427013180164,0.09398141149539119,0.22270073803295595,0.27060943556981104,0.04790869753685509,0.2592592592592596,0.28103810050328826,0.02177884124402868,596.0,0.1961107448912327,578.0,0.1901779828609097,811.0,0.26697429136453527,1450.0,0.47758734344100195,1730.0,0.5698747528015821,0.1901779828609097,WACC_0p3_WRT_0p7,0.3401450230718523,1379,False,,,False,False,False,False,False,42.0,0.10732984293193717
IBDD,Electricity,1770,0.72,99,0.6785714285714283,0.4457799518448435,0,92,2913,3729,728,188,35,0.46020009657916583,0.5377096795683104,0.5007264539337751,0.46020009657916583,0.2615657011313083,0.2962962962962967,1.2233606186634038,-2.534149843841321,1.7596622789832348,-1.2199335447094035,0.0606453741297639,0.5377096795683104,0.5081542490562686,0.02955543051204179,0.5007264539337751,0.4924240956480264,0.008302358285748712,0.46020009657916583,0.49950858567917594,0.03930848910001011,0.2615657011313083,0.23499378498602752,0.02657191614528076,0.2962962962962967,0.24929020615504982,0.0470060901412469,1641.0,0.5405405405405406,1779.0,0.5860250494396836,1924.0,0.6338167435728411,578.0,0.1901779828609097,1002.0,0.3299274884640738,0.1901779828609097,WACC_0p7_WRT_0p3,0.4560975609756097,1380,False,,,False,False,False,False,False,92.0,0.23821989528795812
IBDD,Electricity,2955,0.69,57,0.5714285714285711,0.5395700629986553,0,56,2144,2090,256,198,72,0.3466286074775693,0.44044586059398705,0.395681529441506,0.3466286074775693,0.3781605904263649,0.4074074074074079,1.2233606186634038,-2.534149843841321,1.7596622789832348,-1.2199335447094035,0.0606453741297639,0.44044586059398705,0.4187622910106458,0.021683569583341222,0.395681529441506,0.37589994672489874,0.019781582716607238,0.3466286074775693,0.39520394881940984,0.04857534134184055,0.3781605904263649,0.27083895389676704,0.10732163652959786,0.4074074074074079,0.32872856277142515,0.07867884463598274,579.0,0.1905075807514832,626.0,0.2059986816084377,622.0,0.20468029004614371,1458.0,0.48022412656559,2259.0,0.7442320369149638,0.1905075807514832,WACC_0p1_WRT_0p9,0.3651285431773237,1381,False,,,False,False,False,False,False,56.0,0.14397905759162305
IBDD,Electricity,1518,0.74,132,0.7499999999999998,0.3966783723814455,0,118,4128,4023,512,210,38,0.5196577454538238,0.5886298360488713,0.5557202229327809,0.5196577454538238,0.19315790677213307,0.22222222222222254,1.2233606186634038,-2.534149843841321,1.7596622789832348,-1.2199335447094035,0.0606453741297639,0.5886298360488713,0.5334214950783978,0.05520834097047356,0.5557202229327809,0.5155316233867071,0.04018859954607379,0.5196577454538238,0.529931099080279,0.010273353626455206,0.19315790677213307,0.2350049784340688,0.04184707166193574,0.22222222222222254,0.24452783953027415,0.022305617308051612,2016.0,0.6641397495056032,2047.0,0.6743572841133817,2237.0,0.7369808833223468,579.0,0.1905075807514832,869.0,0.2860909690177983,0.1905075807514832,WACC_0p7_WRT_0p3,0.5104152933421225,1382,False,,,False,False,False,False,False,118.0,0.306282722513089
IBDD,Electricity,1067,0.73,317,0.7142857142857141,0.246590300711856,0,263,4590,68,17,134,8,0.7014010613130851,0.744276725187705,0.7238188632027214,0.7014010613130851,0.26315591517543035,0.2592592592592596,1.2233606186634038,-2.534149843841321,1.7596622789832348,-1.2199335447094035,0.0606453741297639,0.744276725187705,0.6352064776091947,0.10907024757851036,0.7238188632027214,0.6011890879276627,0.1226297752750587,0.7014010613130851,0.577551996503319,0.1238490648097661,0.26315591517543035,0.2611054063786414,0.0020505087967889746,0.2592592592592596,0.23335997377590453,0.025899285483355045,2815.0,0.9274884640738299,2716.0,0.8948582729070534,2606.0,0.8586025049439684,1258.0,0.41430454845088993,579.0,0.1905075807514832,0.1905075807514832,WACC_0p9_WRT_0p1,0.657152274225445,1383,False,,,False,False,False,False,False,263.0,0.6858638743455497
IBDD,Electricity,1178,0.73,65,0.7142857142857141,0.5173226275773177,0,57,4576,1126,708,136,71,0.3735682745534433,0.46351727510500373,0.42059865711340405,0.3735682745534433,0.22270073803295595,0.2592592592592596,1.2233606186634038,-2.534149843841321,1.7596622789832348,-1.2199335447094035,0.0606453741297639,0.46351727510500373,0.44678224302560676,0.016735032079396972,0.42059865711340405,0.4079851235416279,0.012613533571776137,0.3735682745534433,0.39165437743845244,0.018086102885009114,0.22270073803295595,0.24582766182769386,0.023126923794737908,0.2592592592592596,0.26855367791298723,0.009294418653727654,830.0,0.2732366512854318,853.0,0.28081740276862227,580.0,0.19083717864205668,850.0,0.27982860909690177,1472.0,0.484838497033619,0.19083717864205668,WACC_0p5_WRT_0p5,0.3019116677653263,1384,False,,,False,False,False,False,False,57.0,0.14659685863874344
IBDD,Electricity,3024,0.68,66,0.5357142857142857,0.5147334338430524,0,64,69,2620,196,144,142,0.3767035580535428,0.46620236490350114,0.42349855409578124,0.3767035580535428,0.4170255535247168,0.44444444444444453,1.2233606186634038,-2.534149843841321,1.7596622789832348,-1.2199335447094035,0.0606453741297639,0.46620236490350114,0.41879302638646404,0.0474093385170371,0.42349855409578124,0.3723120809701626,0.05118647312561864,0.3767035580535428,0.4129055518321389,0.03620199377859612,0.4170255535247168,0.40083435073857016,0.016191202786146663,0.44444444444444453,0.44739867421015284,0.002954229765708305,580.0,0.19083717864205668,608.0,0.2000659195781147,800.0,0.2633487145682268,2833.0,0.9334212261041529,2847.0,0.9380355965721819,0.19083717864205668,WACC_0p1_WRT_0p9,0.5051417270929466,1385,False,,,False,False,False,False,False,64.0,0.1649214659685864
IBDD,Electricity,1350,0.73,123,0.7142857142857141,0.4087424748943598,0,115,3124,4436,660,227,42,0.5050491894961598,0.5761189149243676,0.542208428118317,0.5050491894961598,0.22270073803295595,0.2592592592592596,1.2233606186634038,-2.534149843841321,1.7596622789832348,-1.2199335447094035,0.0606453741297639,0.5761189149243676,0.5233997774714697,0.05271913745289791,0.542208428118317,0.5125420357745442,0.029666392343772885,0.5050491894961598,0.5084734883501023,0.0034242988539424646,0.22270073803295595,0.23519249722431798,0.012491759191362029,0.2592592592592596,0.2563933492866363,0.0028659099726232595,1876.0,0.6179960448253131,2014.0,0.6634805537244561,2033.0,0.6697429136453527,580.0,0.19083717864205668,1173.0,0.3862887277521424,0.19083717864205668,WACC_0p7_WRT_0p3,0.5056690837178642,1386,False,,,False,False,False,False,False,115.0,0.29842931937172773
IBDD,Electricity,1022,0.74,218,0.7499999999999998,0.3108092431231825,0,193,1651,756,563,102,9,0.6236376294495372,0.6776793034278108,0.6518936477020356,0.6236376294495372,0.23320551325105343,0.22222222222222254,1.2233606186634038,-2.534149843841321,1.7596622789832348,-1.2199335447094035,0.0606453741297639,0.6776793034278108,0.5708989118504301,0.10678039157738073,0.6518936477020356,0.5332377999095458,0.11865584779248983,0.6236376294495372,0.49695802857628296,0.1266796008732542,0.23320551325105343,0.25881938044231934,0.025613867191265904,0.22222222222222254,0.233360423043643,0.011138200821420446,2406.0,0.7926829268292683,2221.0,0.7317073170731707,1895.0,0.6242584047462096,1196.0,0.3938694792353329,580.0,0.19083717864205668,0.19083717864205668,WACC_0p9_WRT_0p1,0.5466710613052077,1387,False,,,False,False,False,False,False,193.0,0.5026178010471204
IBDD,Electricity,773,0.71,103,0.6428571428571426,0.4390270024565642,0,100,2238,3833,677,203,5,0.46837731812650846,0.5447127381931928,0.5082897572486481,0.46837731812650846,0.3004306642296604,0.3333333333333337,1.2233606186634038,-2.534149843841321,1.7596622789832348,-1.2199335447094035,0.0606453741297639,0.5447127381931928,0.5392518058643755,0.005460932328817281,0.5082897572486481,0.5196259933364666,0.01133623608781853,0.46837731812650846,0.5250779329679095,0.05670061484140104,0.3004306642296604,0.2531190449255079,0.04731161930415251,0.3333333333333337,0.23341887323908547,0.09991446009424823,2089.0,0.6882003955174687,2096.0,0.6905075807514832,2195.0,0.7231377719182597,1053.0,0.34673698088332233,582.0,0.1914963744232037,0.1914963744232037,WACC_0p9_WRT_0p1,0.5280158206987476,1388,False,,,False,False,False,False,False,100.0,0.2591623036649215
IBDD,Electricity,2701,0.73,66,0.7142857142857141,0.5147334338430524,0,58,3831,1778,541,134,97,0.3767035580535428,0.46620236490350114,0.42349855409578124,0.3767035580535428,0.22270073803295595,0.2592592592592596,1.2233606186634038,-2.534149843841321,1.7596622789832348,-1.2199335447094035,0.0606453741297639,0.46620236490350114,0.43692554359529073,0.02927682130821041,0.42349855409578124,0.39519844620536004,0.0283001078904212,0.3767035580535428,0.3917811534738355,0.015077595420292744,0.22270073803295595,0.2634612183645928,0.040760480331636845,0.2592592592592596,0.3036316552923856,0.04437239603312604,726.0,0.23895847066578774,754.0,0.24818721160184576,583.0,0.19182597231377718,1308.0,0.4307844429795649,2035.0,0.6704021094264997,0.19182597231377718,WACC_0p5_WRT_0p5,0.35603164139749505,1389,False,,,False,False,False,False,False,58.0,0.14921465968586387
IBDD,Electricity,2782,0.72,68,0.6785714285714283,0.5096690058370015,0,61,274,2472,314,186,129,0.38283613027271596,0.47145436431718357,0.4291707134625583,0.38283613027271596,0.2615657011313083,0.2962962962962967,1.2233606186634038,-2.534149843841321,1.7596622789832348,-1.2199335447094035,0.0606453741297639,0.47145436431718357,0.41891915300550653,0.052535211311677044,0.4291707134625583,0.36873617503298184,0.06043453842957647,0.38283613027271596,0.39252893015577733,0.009692799883061376,0.2615657011313083,0.35215754755061013,0.09059184641930185,0.2962962962962967,0.4046787306734927,0.10838243437719597,583.0,0.19182597231377718,583.0,0.19182597231377718,595.0,0.19578114700065918,2535.0,0.8352010547132498,2714.0,0.8941990771259064,0.19182597231377718,WACC_0p1_WRT_0p9,0.46176664469347395,1390,False,,,False,False,False,False,False,61.0,0.15706806282722513
IBDD,Electricity,624,0.73,168,0.7142857142857141,0.3554331704225942,0,158,3682,2324,34,145,8,0.5696020193984492,0.6314026380802727,0.6019148491266945,0.5696020193984492,0.22270073803295595,0.2592592592592596,1.2233606186634038,-2.534149843841321,1.7596622789832348,-1.2199335447094035,0.0606453741297639,0.6314026380802727,0.57009379656799,0.061308841512282775,0.6019148491266945,0.5798454819448001,0.02206936718189434,0.5696020193984492,0.5604200667124893,0.009181952685959893,0.22270073803295595,0.26388509064734794,0.04118435261439199,0.2592592592592596,0.2334244071094562,0.025834852149803383,2397.0,0.7897165458141068,2611.0,0.8602504943968359,2495.0,0.8220171390903098,1321.0,0.43506921555702044,583.0,0.19182597231377718,0.19182597231377718,WACC_0p9_WRT_0p1,0.6197758734344101,1391,False,,,False,False,False,False,False,158.0,0.4109947643979058
IBDD,Electricity,2423,0.73,72,0.7142857142857141,0.499966262112698,0,64,1715,1600,218,245,35,0.3945852906008571,0.4815164689201649,0.44003778643377817,0.3945852906008571,0.22270073803295595,0.2592592592592596,1.2233606186634038,-2.534149843841321,1.7596622789832348,-1.2199335447094035,0.0606453741297639,0.4815164689201649,0.4394865895238472,0.04202987939631769,0.44003778643377817,0.3973591118493597,0.042678674584418486,0.3945852906008571,0.39185871097562625,0.002726579625230874,0.22270073803295595,0.24064124938370615,0.0179405113507502,0.2592592592592596,0.26071384229426786,0.0014545830350082833,747.0,0.24588002636783124,769.0,0.25313117996044826,584.0,0.1921555702043507,706.0,0.23236651285431772,1266.0,0.4169413315754779,0.1921555702043507,WACC_0p5_WRT_0p5,0.26809492419248515,1392,False,,,False,False,False,False,False,64.0,0.1649214659685864
IBDD,Electricity,1602,0.71,57,0.6428571428571426,0.5395700629986553,0,54,4834,2235,374,221,144,0.3466286074775693,0.44044586059398705,0.395681529441506,0.3466286074775693,0.3004306642296604,0.3333333333333337,1.2233606186634038,-2.534149843841321,1.7596622789832348,-1.2199335447094035,0.0606453741297639,0.44044586059398705,0.4191433011514123,0.021302559442574753,0.395681529441506,0.3771166618088511,0.018564867632654858,0.3466286074775693,0.40825741976306734,0.06162881228549805,0.3004306642296604,0.33584368624722194,0.035413022017561524,0.3333333333333337,0.3735997478856627,0.04026641455232899,584.0,0.1921555702043507,637.0,0.20962425840474622,752.0,0.24752801582069875,2370.0,0.7808174027686223,2571.0,0.8470665787738958,0.1921555702043507,WACC_0p1_WRT_0p9,0.4554383651944628,1393,False,,,False,False,False,False,False,54.0,0.1387434554973822
IBDD,Electricity,1231,0.74,51,0.7499999999999998,0.5583717938339305,0,38,2606,564,49,79,41,0.3238613824217449,0.4209477693574053,0.37462359090599767,0.3238613824217449,0.1838357749346038,0.22222222222222254,1.2233606186634038,-2.534149843841321,1.7596622789832348,-1.2199335447094035,0.0606453741297639,0.4209477693574053,0.4464829335641229,0.025535164206717587,0.37462359090599767,0.3915710371309786,0.016947446224980955,0.3238613824217449,0.3919188872897955,0.06805750486805062,0.1838357749346038,0.26401875501412553,0.08018298007952174,0.22222222222222254,0.2686601755103839,0.04643795328816136,828.0,0.27257745550428475,725.0,0.23862887277521425,585.0,0.1924851680949242,1326.0,0.4367172050098879,1475.0,0.4858272907053395,0.1924851680949242,WACC_0p5_WRT_0p5,0.32524719841793015,1394,False,,,False,False,False,False,False,38.0,0.0968586387434555
IBDD,Electricity,2613,0.74,136,0.7499999999999998,0.391576424623955,0,122,3271,4533,568,204,52,0.5258357507574586,0.593920744834417,0.5614344044211703,0.5258357507574586,0.19553735090802815,0.22222222222222254,1.2233606186634038,-2.534149843841321,1.7596622789832348,-1.2199335447094035,0.0606453741297639,0.593920744834417,0.5244905177015949,0.0694302271328221,0.5614344044211703,0.5144931555245256,0.04694124889664475,0.5258357507574586,0.5090318473622035,0.01680390339525506,0.19553735090802815,0.23552904593735224,0.03999169502932409,0.22222222222222254,0.2708305090956214,0.048608286873398854,1890.0,0.6226104152933422,2033.0,0.6697429136453527,2039.0,0.6717205009887937,585.0,0.1924851680949242,1525.0,0.5023071852340145,0.1924851680949242,WACC_0p7_WRT_0p3,0.5317732366512854,1395,False,,,False,False,False,False,False,122.0,0.31675392670157065
IBDD,Electricity,1462,0.73,59,0.7142857142857141,0.5337329569329065,0,51,1912,1458,831,173,33,0.35369682415601933,0.44649915577328214,0.4022190882351447,0.35369682415601933,0.22270073803295595,0.2592592592592596,1.2233606186634038,-2.534149843841321,1.7596622789832348,-1.2199335447094035,0.0606453741297639,0.44649915577328214,0.44899105725136707,0.0024919014780849236,0.4022190882351447,0.40092844262551647,0.001290645609628216,0.35369682415601933,0.4059304000799943,0.052233575923974984,0.22270073803295595,0.23559564910699218,0.01289491107403623,0.2592592592592596,0.2522935207183569,0.006965738540902655,853.0,0.28081740276862227,791.0,0.2603823335530653,722.0,0.23764007910349375,586.0,0.19281476598549768,1073.0,0.35332893869479237,0.19281476598549768,WACC_0p7_WRT_0p3,0.26499670402109426,1396,False,,,False,False,False,False,False,51.0,0.13089005235602094
IBDD,Electricity,1182,0.73,40,0.7142857142857141,0.5992936564701963,0,32,4297,1426,395,165,84,0.2743086436603003,0.37851028217905563,0.3287911047533801,0.2743086436603003,0.22270073803295595,0.2592592592592596,1.2233606186634038,-2.534149843841321,1.7596622789832348,-1.2199335447094035,0.0606453741297639,0.37851028217905563,0.4303112436813054,0.051800961502249776,0.3287911047533801,0.3853763957252598,0.0565852909718797,0.2743086436603003,0.39198153249975753,0.11767288883945726,0.22270073803295595,0.24051685781868146,0.017816119785725504,0.2592592592592596,0.27856541178661104,0.01930615252735146,671.0,0.2208305866842452,694.0,0.22841133816743572,586.0,0.19281476598549768,701.0,0.23071852340145024,1682.0,0.5540540540540541,0.19281476598549768,WACC_0p5_WRT_0p5,0.28536585365853656,1397,False,,,False,False,False,False,False,32.0,0.08115183246073299
IBDD,Electricity,3000,0.69,61,0.5714285714285711,0.5280872662717262,0,59,92,2130,953,224,25,0.3605332537913963,0.4523539460885802,0.40854226177566655,0.3605332537913963,0.3781605904263649,0.4074074074074079,1.2233606186634038,-2.534149843841321,1.7596622789832348,-1.2199335447094035,0.0606453741297639,0.4523539460885802,0.4192563468445685,0.03309759924401173,0.40854226177566655,0.3821151973766061,0.02642706439906045,0.3605332537913963,0.4000250992875642,0.03949184549616791,0.3781605904263649,0.3199469475236128,0.058213642902752105,0.4074074074074079,0.34965263586282963,0.057754771544578254,586.0,0.19281476598549768,667.0,0.21951219512195122,680.0,0.2237969676994067,2194.0,0.7228081740276863,2408.0,0.7933421226104153,0.19281476598549768,WACC_0p1_WRT_0p9,0.43045484508899146,1398,False,,,False,False,False,False,False,59.0,0.1518324607329843
IBDD,Electricity,141,0.74,453,0.7499999999999998,0.1852869949567891,0,287,4239,5000,266,125,1,0.7756339163102983,0.807850523748515,0.7924785656483961,0.7756339163102983,0.29174652376716254,0.22222222222222254,1.2233606186634038,-2.534149843841321,1.7596622789832348,-1.2199335447094035,0.0606453741297639,0.807850523748515,0.6353444562058509,0.17250606754266407,0.7924785656483961,0.6278353878457077,0.16464317780268845,0.7756339163102983,0.6426440570642293,0.132989859246069,0.29174652376716254,0.31969177384054925,0.027945250073386718,0.22222222222222254,0.2335211866587072,0.011298964436484649,2816.0,0.9278180619644034,2823.0,0.9301252471984179,2870.0,0.9456163480553724,2192.0,0.7221489782465392,586.0,0.19281476598549768,0.19281476598549768,WACC_0p9_WRT_0p1,0.743704680290046,1399,False,,,False,False,False,False,False,287.0,0.7486910994764397
IBDD,Electricity,2458,0.74,111,0.7499999999999998,0.4262672297500796,0,97,583,3542,679,113,30,0.48382826886156854,0.5579450950739915,0.5225807026799109,0.48382826886156854,0.1838357749346038,0.22222222222222254,1.2233606186634038,-2.534149843841321,1.7596622789832348,-1.2199335447094035,0.0606453741297639,0.5579450950739915,0.5143588250388198,0.04358627003517168,0.5225807026799109,0.48743448013878765,0.03514622254112321,0.48382826886156854,0.47615567175933343,0.0076725971022351125,0.1838357749346038,0.23563480978980317,0.05179903485519938,0.22222222222222254,0.2584693653656092,0.03624714314338667,1746.0,0.575148319050758,1709.0,0.5629531970995386,1581.0,0.5207646671061306,587.0,0.1931443638760712,1225.0,0.4034278180619644,0.1931443638760712,WACC_0p7_WRT_0p3,0.4510876730388926,1400,False,,,False,False,False,False,False,97.0,0.2513089005235602
IBDD,Electricity,2411,0.71,82,0.6428571428571426,0.4778618317981492,0,79,3300,2622,708,212,203,0.42135179120185107,0.5044395818389564,0.46479474838607293,0.42135179120185107,0.3004306642296604,0.3333333333333337,1.2233606186634038,-2.534149843841321,1.7596622789832348,-1.2199335447094035,0.0606453741297639,0.5044395818389564,0.41968518806556737,0.08475439377338906,0.46479474838607293,0.3801772972122473,0.08461745117382563,0.42135179120185107,0.4513506949149574,0.029998903713106317,0.3004306642296604,0.4411475784113851,0.14071691418172466,0.3333333333333337,0.4696311506481674,0.1362978173148337,587.0,0.1931443638760712,651.0,0.21423862887277523,1244.0,0.4096901779828609,2935.0,0.9670402109426499,2916.0,0.9607778510217535,0.1931443638760712,WACC_0p1_WRT_0p9,0.5489782465392221,1401,False,,,False,False,False,False,False,79.0,0.20418848167539266
IBDD,Electricity,688,0.73,137,0.7142857142857141,0.390324214459635,0,129,4520,4440,325,186,8,0.5273520659774795,0.595219333152971,0.5628368798052087,0.5273520659774795,0.22270073803295595,0.2592592592592596,1.2233606186634038,-2.534149843841321,1.7596622789832348,-1.2199335447094035,0.0606453741297639,0.595219333152971,0.5834831083994853,0.011736224753485791,0.5628368798052087,0.5736866390535219,0.010849759248313218,0.5273520659774795,0.5929979400704033,0.06564587409292377,0.22270073803295595,0.2530372594005463,0.030336521367590324,0.2592592592592596,0.23352289122060274,0.025736368038656837,2508.0,0.8263019116677653,2568.0,0.8460777851021754,2692.0,0.8869479235332894,1049.0,0.34541858932102837,587.0,0.1931443638760712,0.1931443638760712,WACC_0p9_WRT_0p1,0.619578114700066,1402,False,,,False,False,False,False,False,129.0,0.33507853403141363
IBDD,Electricity,2455,0.74,170,0.7499999999999998,0.3534075218976023,0,156,3208,4175,33,148,4,0.5720548997346554,0.6335033106247087,0.6041835754746855,0.5720548997346554,0.21333854685959974,0.22222222222222254,1.2233606186634038,-2.534149843841321,1.7596622789832348,-1.2199335447094035,0.0606453741297639,0.6335033106247087,0.5858666697853189,0.04763664083938979,0.6041835754746855,0.5703056944339778,0.03387788104070766,0.5720548997346554,0.5737380341029625,0.0016831343683071376,0.21333854685959974,0.26512454227854193,0.05178599541894219,0.22222222222222254,0.23356775652839531,0.011345534306172772,2528.0,0.8328938694792354,2539.0,0.8365194462755439,2580.0,0.8500329597890574,1344.0,0.4426499670402109,588.0,0.1934739617666447,0.1934739617666447,WACC_0p9_WRT_0p1,0.6311140408701383,1403,False,,,False,False,False,False,False,156.0,0.40575916230366493
IBDD,Electricity,130,0.75,25,0.7857142857142856,0.6777165852112971,0,11,2222,1,2,159,1,0.17934544671698122,0.29718280052161783,0.24095742456334718,0.17934544671698122,0.14497081183625146,0.18518518518518542,1.2233606186634038,-2.534149843841321,1.7596622789832348,-1.2199335447094035,0.0606453741297639,0.29718280052161783,0.47201973594118946,0.17483693541957163,0.24095742456334718,0.4094788081855451,0.16852138362219793,0.17934544671698122,0.4010532223419052,0.221707775624924,0.14497081183625146,0.23569893776690354,0.09072812593065208,0.18518518518518542,0.253672252338751,0.06848706715356559,1109.0,0.3651944627554384,863.0,0.2841133816743573,686.0,0.2257745550428477,589.0,0.19380355965721818,1107.0,0.36453526697429134,0.19380355965721818,WACC_0p7_WRT_0p3,0.2866842452208306,1404,False,,,False,False,False,False,False,11.0,0.02617801047120419
IBDD,Electricity,1043,0.73,277,0.7142857142857141,0.2697362542254141,0,238,3798,3793,830,135,3,0.6733733686824609,0.7202735141366078,0.6978953952675363,0.6733733686824609,0.25236111562526303,0.2592592592592596,1.2233606186634038,-2.534149843841321,1.7596622789832348,-1.2199335447094035,0.0606453741297639,0.7202735141366078,0.6183297172926644,0.10194379684394339,0.6978953952675363,0.6078624131492344,0.09003298211830191,0.6733733686824609,0.6120559857699633,0.06131738291249755,0.25236111562526303,0.2924135886258091,0.04005247300054604,0.2592592592592596,0.23359141699036698,0.0256678422688926,2734.0,0.9007910349373764,2740.0,0.9027686222808174,2770.0,0.9126565589980224,1850.0,0.6094264996704021,589.0,0.19380355965721818,0.19380355965721818,WACC_0p9_WRT_0p1,0.7038892551087674,1405,False,,,False,False,False,False,False,238.0,0.6204188481675392
IBDD,Electricity,1564,0.71,69,0.6428571428571426,0.5071915798046006,0,66,867,2521,579,156,95,0.3858360730191042,0.47402354686930304,0.4319454306188472,0.3858360730191042,0.3004306642296604,0.3333333333333337,1.2233606186634038,-2.534149843841321,1.7596622789832348,-1.2199335447094035,0.0606453741297639,0.47402354686930304,0.43036124683700905,0.04366230003229399,0.4319454306188472,0.40149141864837856,0.030454011970468653,0.3858360730191042,0.3922347859135475,0.00639871289444327,0.3004306642296604,0.2785530759037355,0.0218775883259249,0.3333333333333337,0.31769322699389557,0.01564010633943813,672.0,0.22116018457481873,798.0,0.26268951878707975,590.0,0.1941331575477917,1619.0,0.5332893869479235,2183.0,0.7191825972313777,0.1941331575477917,WACC_0p5_WRT_0p5,0.38609096901779827,1406,False,,,False,False,False,False,False,66.0,0.17015706806282724
IBDD,Electricity,3014,0.68,79,0.5357142857142857,0.484200393167689,0,78,3886,2974,116,166,43,0.4136763567168665,0.4978662589372113,0.4576955596521882,0.4136763567168665,0.4170255535247168,0.44444444444444453,1.2233606186634038,-2.534149843841321,1.7596622789832348,-1.2199335447094035,0.0606453741297639,0.4978662589372113,0.5052950533796706,0.007428794442459308,0.4576955596521882,0.4924774980185986,0.03478193836641036,0.4136763567168665,0.48700584100851674,0.07332948429165026,0.4170255535247168,0.23571168695286077,0.18131386657185605,0.44444444444444453,0.24723834222941282,0.1972061022150317,1600.0,0.527027027027027,1782.0,0.587013843111404,1757.0,0.5787738958470666,590.0,0.1941331575477917,945.0,0.3111404087013843,0.1941331575477917,WACC_0p7_WRT_0p3,0.4396176664469347,1407,False,,,False,False,False,False,False,78.0,0.20157068062827224
IBDD,Electricity,2627,0.71,64,0.6428571428571426,0.5199513525110855,0,61,1974,2619,926,242,169,0.3703851222840437,0.4607911899885039,0.41765448518758413,0.3703851222840437,0.3004306642296604,0.3333333333333337,1.2233606186634038,-2.534149843841321,1.7596622789832348,-1.2199335447094035,0.0606453741297639,0.4607911899885039,0.4227711069661632,0.03802008302234067,0.41765448518758413,0.36952901985515374,0.048125465332430395,0.3703851222840437,0.4372868310796618,0.06690170879561813,0.3004306642296604,0.418280329161625,0.11784966493196458,0.3333333333333337,0.4738998539624211,0.14056652062908742,613.0,0.2017139090309822,590.0,0.1941331575477917,1078.0,0.35497692814765985,2877.0,0.9479235332893869,2925.0,0.963744232036915,0.1941331575477917,WACC_0p3_WRT_0p7,0.5324983520105471,1408,False,,,False,False,False,False,False,61.0,0.15706806282722513
IBDD,Electricity,509,0.73,219,0.7142857142857141,0.3100248311118884,0,201,1167,1054,250,93,6,0.6245874826813533,0.6784927677358195,0.6527721891546849,0.6245874826813533,0.23357134697752763,0.2592592592592596,1.2233606186634038,-2.534149843841321,1.7596622789832348,-1.2199335447094035,0.0606453741297639,0.6784927677358195,0.5806473880348386,0.09784537970098084,0.6527721891546849,0.552794236092785,0.09997795306189994,0.6245874826813533,0.5113967846938342,0.11319069798751913,0.23357134697752763,0.2667845849717591,0.03321323799423148,0.2592592592592596,0.2336059519679332,0.025653307291326366,2487.0,0.8193803559657218,2398.0,0.7900461437046803,2073.0,0.6829268292682927,1373.0,0.45220830586684246,590.0,0.1941331575477917,0.1941331575477917,WACC_0p9_WRT_0p1,0.5877389584706657,1409,False,,,False,False,False,False,False,201.0,0.5235602094240838
IBDD,Electricity,2196,0.73,105,0.7142857142857141,0.4357473197013715,0,97,4765,1486,749,141,35,0.47234872246440507,0.5481138906800592,0.5119630019344639,0.47234872246440507,0.22270073803295595,0.2592592592592596,1.2233606186634038,-2.534149843841321,1.7596622789832348,-1.2199335447094035,0.0606453741297639,0.5481138906800592,0.5206082980773679,0.027505592602691364,0.5119630019344639,0.4841545021468907,0.02780849978757316,0.47234872246440507,0.46150469751143725,0.010844024952967823,0.22270073803295595,0.23572702858102465,0.013026290548068697,0.2592592592592596,0.2496233080038268,0.00963595125543279,1836.0,0.6048121292023731,1667.0,0.5491100856954515,1388.0,0.45715227422544497,591.0,0.1944627554383652,1012.0,0.33322346736980885,0.1944627554383652,WACC_0p7_WRT_0p3,0.4277521423862887,1410,False,,,False,False,False,False,False,97.0,0.2513089005235602
IBDD,Electricity,640,0.74,277,0.7499999999999998,0.2697362542254141,0,224,1609,4652,754,176,5,0.6733733686824609,0.7202735141366078,0.6978953952675363,0.6733733686824609,0.25236111562526303,0.22222222222222254,1.2233606186634038,-2.534149843841321,1.7596622789832348,-1.2199335447094035,0.0606453741297639,0.7202735141366078,0.5629715359888848,0.15730197814772295,0.6978953952675363,0.551560305792692,0.1463350894748443,0.6733733686824609,0.5583655732233155,0.11500779545914541,0.25236111562526303,0.2512541697966176,0.0011069458286454559,0.22222222222222254,0.23360732893635586,0.011385106714133314,2327.0,0.7666446934739618,2390.0,0.7874093605800923,2477.0,0.8160843770599868,1001.0,0.3295978905735003,591.0,0.1944627554383652,0.1944627554383652,WACC_0p9_WRT_0p1,0.5788398154251813,1411,False,,,False,False,False,False,False,224.0,0.5837696335078534
IBDD,Electricity,1305,0.74,121,0.7499999999999998,0.411542181111966,0,107,1708,1482,332,140,16,0.5016589940878285,0.5732155158838871,0.5390727571545981,0.5016589940878285,0.1862257302383814,0.22222222222222254,1.2233606186634038,-2.534149843841321,1.7596622789832348,-1.2199335447094035,0.0606453741297639,0.5732155158838871,0.5150598477507058,0.05815566813318129,0.5390727571545981,0.4765743960063448,0.0624983611482533,0.5016589940878285,0.4568359267097328,0.04482306737809577,0.1862257302383814,0.23572930972039544,0.04950357948201403,0.22222222222222254,0.24385325646509168,0.021631034242869135,1759.0,0.5794330916282135,1572.0,0.517798286090969,1326.0,0.4367172050098879,592.0,0.19479235332893868,853.0,0.28081740276862227,0.19479235332893868,WACC_0p7_WRT_0p3,0.4019116677653263,1412,False,,,False,False,False,False,False,107.0,0.2774869109947644
IBDD,Electricity,2277,0.74,70,0.7499999999999998,0.5047492957538864,0,57,2430,2508,806,194,107,0.3887934619488797,0.4765562858848585,0.4346807887556472,0.3887934619488797,0.1838357749346038,0.22222222222222254,1.2233606186634038,-2.534149843841321,1.7596622789832348,-1.2199335447094035,0.0606453741297639,0.4765562858848585,0.42435201581168464,0.05220427007317385,0.4346807887556472,0.3953229705891998,0.0393578181664474,0.3887934619488797,0.3922607280387878,0.0034672660899081054,0.1838357749346038,0.30688952699154726,0.12305375205694347,0.22222222222222254,0.3509094025525803,0.12868718033035775,627.0,0.2063282794990112,755.0,0.24851680949241925,592.0,0.19479235332893868,2046.0,0.6740276862228082,2422.0,0.7979564930784443,0.19479235332893868,WACC_0p5_WRT_0p5,0.4243243243243243,1413,False,,,False,False,False,False,False,57.0,0.14659685863874344
IBDD,Electricity,1083,0.73,84,0.7142857142857141,0.4737621586253954,0,76,4945,892,876,162,8,0.4263161310595567,0.5086910947588492,0.4693863823395571,0.4263161310595567,0.22270073803295595,0.2592592592592596,1.2233606186634038,-2.534149843841321,1.7596622789832348,-1.2199335447094035,0.0606453741297639,0.5086910947588492,0.5666370081278306,0.05794591336898136,0.4693863823395571,0.5504049614063905,0.08101857906683341,0.4263161310595567,0.50797594411694,0.08165981305738335,0.22270073803295595,0.23662545398020882,0.013924715947252864,0.2592592592592596,0.23360993321464354,0.025649326044616033,2360.0,0.7775214238628873,2380.0,0.7841133816743573,2028.0,0.6680949241924852,611.0,0.2010547132498352,592.0,0.19479235332893868,0.19479235332893868,WACC_0p9_WRT_0p1,0.5251153592617007,1414,False,,,False,False,False,False,False,76.0,0.19633507853403143
IBDD,Electricity,1489,0.73,69,0.7142857142857141,0.5071915798046006,0,61,814,2323,728,109,102,0.3858360730191042,0.47402354686930304,0.4319454306188472,0.3858360730191042,0.22270073803295595,0.2592592592592596,1.2233606186634038,-2.534149843841321,1.7596622789832348,-1.2199335447094035,0.0606453741297639,0.47402354686930304,0.43047048877385063,0.0435530580954524,0.4319454306188472,0.3944482125328323,0.037497218086014916,0.3858360730191042,0.3924631371566336,0.006627064137529393,0.22270073803295595,0.2884788580640582,0.06577812003110226,0.2592592592592596,0.34785918872853877,0.08859992946927919,674.0,0.2218193803559657,746.0,0.24555042847725775,593.0,0.1951219512195122,1785.0,0.5880026367831246,2392.0,0.7880685563612393,0.1951219512195122,WACC_0p5_WRT_0p5,0.40771259063941995,1415,False,,,False,False,False,False,False,61.0,0.15706806282722513
IBDD,Electricity,405,0.73,212,0.7142857142857141,0.3155922767643708,0,195,2826,2846,434,89,5,0.6178458007975598,0.6727191203925043,0.6465366500239046,0.6178458007975598,0.23097480413949792,0.2592592592592596,1.2233606186634038,-2.534149843841321,1.7596622789832348,-1.2199335447094035,0.0606453741297639,0.6727191203925043,0.6000496038624962,0.07266951653000808,0.6465366500239046,0.5909911137329912,0.05554553629091341,0.6178458007975598,0.5889724639931847,0.028873336804375094,0.23097480413949792,0.3008643329547641,0.0698895288152662,0.2592592592592596,0.23363945699141245,0.02561980226784713,2635.0,0.8681608437705999,2673.0,0.8806855636123929,2674.0,0.8810151615029663,1972.0,0.6496374423203691,593.0,0.1951219512195122,0.1951219512195122,WACC_0p9_WRT_0p1,0.6949241924851681,1416,False,,,False,False,False,False,False,195.0,0.5078534031413613
IBDD,Electricity,1194,0.73,117,0.7142857142857141,0.4172819839037627,0,109,1566,3929,864,184,16,0.49470860302639985,0.5672631278035053,0.5326441780277857,0.49470860302639985,0.22270073803295595,0.2592592592592596,1.2233606186634038,-2.534149843841321,1.7596622789832348,-1.2199335447094035,0.0606453741297639,0.5672631278035053,0.537691066586429,0.02957206121707634,0.5326441780277857,0.5268637241105282,0.005780453917257566,0.49470860302639985,0.5243339463074715,0.029625343281071692,0.22270073803295595,0.2359035094009894,0.013202771368033439,0.2592592592592596,0.2359233429219662,0.023335916337293372,2069.0,0.6816084377059987,2158.0,0.7109426499670403,2191.0,0.7218193803559657,594.0,0.1954515491100857,653.0,0.2148978246539222,0.1954515491100857,WACC_0p7_WRT_0p3,0.5049439683586024,1417,False,,,False,False,False,False,False,109.0,0.28272251308900526
IBDD,Electricity,134,0.73,130,0.7142857142857141,0.3992871819674755,0,122,2998,1,662,143,1,0.5164987089005774,0.5859244038855811,0.5527983561964274,0.5164987089005774,0.22270073803295595,0.2592592592592596,1.2233606186634038,-2.534149843841321,1.7596622789832348,-1.2199335447094035,0.0606453741297639,0.5859244038855811,0.556276947760882,0.0296474561246991,0.5527983561964274,0.5143659078989697,0.03843244829745762,0.5164987089005774,0.4896858897147016,0.026812819185875747,0.22270073803295595,0.2523578723981383,0.02965713436518233,0.2592592592592596,0.2336457241281287,0.025613535131130877,2264.0,0.7458800263678312,2031.0,0.6690837178642056,1801.0,0.5932762030323006,1033.0,0.34014502307185235,594.0,0.1954515491100857,0.1954515491100857,WACC_0p9_WRT_0p1,0.5087673038892551,1418,False,,,False,False,False,False,False,122.0,0.31675392670157065
IBDD,Electricity,2753,0.73,81,0.7142857142857141,0.4799488650928298,0,73,2314,2195,533,124,7,0.41882457936506384,0.502275251014843,0.4624572710960305,0.41882457936506384,0.22270073803295595,0.2592592592592596,1.2233606186634038,-2.534149843841321,1.7596622789832348,-1.2199335447094035,0.0606453741297639,0.502275251014843,0.5202952190177469,0.01801996800290384,0.4624572710960305,0.48968041836235576,0.027223147266325243,0.41882457936506384,0.4819601960574092,0.06313561669234535,0.22270073803295595,0.24822457583550317,0.025523837802547217,0.2592592592592596,0.2336625245679443,0.025596734691315265,1833.0,0.6038233355306526,1743.0,0.5741595253790376,1679.0,0.5530652603823335,913.0,0.3005932762030323,595.0,0.19578114700065918,0.19578114700065918,WACC_0p9_WRT_0p1,0.445484508899143,1419,False,,,False,False,False,False,False,73.0,0.18848167539267016
IBDD,Electricity,15,0.73,200,0.7142857142857141,0.3255764148535369,0,185,3853,1941,746,144,8,0.6057558969022228,0.6623651994111469,0.6353544153640386,0.6057558969022228,0.2263184062386464,0.2592592592592596,1.2233606186634038,-2.534149843841321,1.7596622789832348,-1.2199335447094035,0.0606453741297639,0.6623651994111469,0.586853430754968,0.07551176865617892,0.6353544153640386,0.5829117561029956,0.05244265926104297,0.6057558969022228,0.5525875007343143,0.05316839616790847,0.2263184062386464,0.26785682614937556,0.04153841991072915,0.2592592592592596,0.23368213133115698,0.0255771279281026,2540.0,0.8368490441661174,2628.0,0.8658536585365854,2436.0,0.8025708635464733,1393.0,0.45880026367831245,596.0,0.1961107448912327,0.1961107448912327,WACC_0p9_WRT_0p1,0.6320369149637443,1420,False,,,False,False,False,False,False,185.0,0.4816753926701571
IBDD,Electricity,7,0.74,50,0.7499999999999998,0.5617151637134581,0,37,1950,1858,673,223,51,0.31981285863641046,0.4174805709638212,0.3708790166409269,0.31981285863641046,0.1838357749346038,0.22222222222222254,1.2233606186634038,-2.534149843841321,1.7596622789832348,-1.2199335447094035,0.0606453741297639,0.4174805709638212,0.43598208951442197,0.018501518550600782,0.3708790166409269,0.38320522916351235,0.012326212522585478,0.31981285863641046,0.3928488054502701,0.07303594681385966,0.1838357749346038,0.2650942104141776,0.08125843547957379,0.22222222222222254,0.29720050754900573,0.07497828532678319,717.0,0.23599208965062624,675.0,0.22214897824653923,597.0,0.1964403427818062,1342.0,0.44199077125906394,1961.0,0.6460118655240606,0.1964403427818062,WACC_0p5_WRT_0p5,0.34851680949241926,1421,False,,,False,False,False,False,False,37.0,0.09424083769633508
IBDD,Electricity,2112,0.73,70,0.7142857142857141,0.5047492957538864,0,62,3316,206,576,134,22,0.3887934619488797,0.4765562858848585,0.4346807887556472,0.3887934619488797,0.22270073803295595,0.2592592592592596,1.2233606186634038,-2.534149843841321,1.7596622789832348,-1.2199335447094035,0.0606453741297639,0.4765562858848585,0.5230789145817943,0.04652262869693585,0.4346807887556472,0.4633445190233734,0.02866373026772623,0.3887934619488797,0.4321346349662884,0.043341173017408696,0.22270073803295595,0.2469861439088634,0.02428540587590744,0.2592592592592596,0.2336901780497189,0.025569081209540684,1872.0,0.6166776532630192,1406.0,0.46308503625576797,1009.0,0.33223467369808835,884.0,0.2910349373764008,597.0,0.1964403427818062,0.1964403427818062,WACC_0p9_WRT_0p1,0.3798945286750165,1422,False,,,False,False,False,False,False,62.0,0.15968586387434555
IBDD,Electricity,2751,0.72,108,0.6785714285714283,0.4309420365106688,0,101,2862,4156,535,168,50,0.478167493343437,0.5530971473222692,0.5173449191080508,0.478167493343437,0.2615657011313083,0.2962962962962967,1.2233606186634038,-2.534149843841321,1.7596622789832348,-1.2199335447094035,0.0606453741297639,0.5530971473222692,0.5086742682905826,0.044422879031686624,0.5173449191080508,0.498449760730195,0.018895158377855825,0.478167493343437,0.48925925861655645,0.011091765273119447,0.2615657011313083,0.23612025928971392,0.025445441841594363,0.2962962962962967,0.2633065878880662,0.03298970840823051,1654.0,0.5448253131179961,1849.0,0.6090969017798286,1795.0,0.5912986156888596,598.0,0.19676994067237968,1335.0,0.4396835860250494,0.19676994067237968,WACC_0p7_WRT_0p3,0.47633487145682263,1423,False,,,False,False,False,False,False,101.0,0.2617801047120419
IBDD,Electricity,2895,0.73,309,0.7142857142857141,0.2509772421941479,0,258,961,5000,824,91,2,0.6960888650632228,0.7397273043912541,0.7189054887425544,0.6960888650632228,0.2611099353495435,0.2592592592592596,1.2233606186634038,-2.534149843841321,1.7596622789832348,-1.2199335447094035,0.0606453741297639,0.7397273043912541,0.6146565140046956,0.12507079038655855,0.7189054887425544,0.6198837897918025,0.09902169895075197,0.6960888650632228,0.6131822636056679,0.08290660145755491,0.2611099353495435,0.29695628072245456,0.03584634537291104,0.2592592592592596,0.23384605728960048,0.0254132019696591,2720.0,0.8961766644693474,2794.0,0.9205669083717865,2771.0,0.912986156888596,1904.0,0.6272247857613711,598.0,0.19676994067237968,0.19676994067237968,WACC_0p9_WRT_0p1,0.7107448912326961,1424,False,,,False,False,False,False,False,258.0,0.6727748691099477
IBDD,Electricity,2806,0.73,72,0.7142857142857141,0.499966262112698,0,64,3472,2240,311,192,50,0.3945852906008571,0.4815164689201649,0.44003778643377817,0.3945852906008571,0.22270073803295595,0.2592592592592596,1.2233606186634038,-2.534149843841321,1.7596622789832348,-1.2199335447094035,0.0606453741297639,0.4815164689201649,0.46168654814475646,0.01982992077540846,0.44003778643377817,0.43430710044204374,0.00573068599173443,0.3945852906008571,0.4282679915827567,0.03368270098189957,0.22270073803295595,0.23614723514201907,0.013446497109063121,0.2592592592592596,0.2563410739769728,0.002918185282286767,980.0,0.3226763348714568,1077.0,0.35464733025708634,971.0,0.3197099538562953,599.0,0.1970995385629532,1169.0,0.3849703361898484,0.1970995385629532,WACC_0p7_WRT_0p3,0.315820698747528,1425,False,,,False,False,False,False,False,64.0,0.1649214659685864
IBDD,Electricity,973,0.73,92,0.7142857142857141,0.4582750386595772,0,84,321,2587,971,234,3,0.4450696569353127,0.5247518117604384,0.48673195670127345,0.4450696569353127,0.22270073803295595,0.2592592592592596,1.2233606186634038,-2.534149843841321,1.7596622789832348,-1.2199335447094035,0.0606453741297639,0.5247518117604384,0.47323529269793774,0.051516519062500654,0.48673195670127345,0.4426968613947154,0.044035095306558025,0.4450696569353127,0.4434879455156996,0.0015817114196131077,0.22270073803295595,0.23615192673992122,0.013451188706965267,0.2592592592592596,0.2445883510314381,0.014670908227821466,1119.0,0.3684904416611734,1166.0,0.3839815425181279,1151.0,0.3790375741595254,600.0,0.1974291364535267,870.0,0.2864205669083718,0.1974291364535267,WACC_0p7_WRT_0p3,0.32307185234014507,1426,False,,,False,False,False,False,False,84.0,0.21727748691099477
IBDD,Electricity,1465,0.73,68,0.7142857142857141,0.5096690058370015,0,60,3948,1574,202,139,76,0.38283613027271596,0.47145436431718357,0.4291707134625583,0.38283613027271596,0.22270073803295595,0.2592592592592596,1.2233606186634038,-2.534149843841321,1.7596622789832348,-1.2199335447094035,0.0606453741297639,0.47145436431718357,0.4486986022441487,0.02275576207303487,0.4291707134625583,0.4147729979188814,0.014397715543676914,0.38283613027271596,0.39312034623918685,0.010284215966470889,0.22270073803295595,0.2466301636427852,0.023929425609829247,0.2592592592592596,0.2853277871487794,0.0260685278895198,849.0,0.2794990112063283,906.0,0.2982860909690178,600.0,0.1974291364535267,873.0,0.2874093605800923,1792.0,0.5903098220171391,0.1974291364535267,WACC_0p5_WRT_0p5,0.33058668424522086,1427,False,,,False,False,False,False,False,60.0,0.1544502617801047
IBDD,Electricity,847,0.73,336,0.7142857142857141,0.2365985368663863,0,272,4409,856,118,104,2,0.713500199321574,0.7546385543607845,0.7350096387096472,0.713500199321574,0.26781586957312997,0.2592592592592596,1.2233606186634038,-2.534149843841321,1.7596622789832348,-1.2199335447094035,0.0606453741297639,0.7546385543607845,0.6549902797040371,0.09964827465674742,0.7350096387096472,0.6330176445049731,0.10199199420467409,0.713500199321574,0.6203745854082099,0.09312561391336416,0.26781586957312997,0.29764292425763234,0.029827054684502363,0.2592592592592596,0.2338958562845912,0.02536340297466838,2888.0,0.9515491100856954,2844.0,0.9370468029004614,2798.0,0.9218852999340804,1917.0,0.6315095583388266,600.0,0.1974291364535267,0.1974291364535267,WACC_0p9_WRT_0p1,0.7278839815425181,1428,False,,,False,False,False,False,False,272.0,0.7094240837696335
IBDD,Electricity,1792,0.71,58,0.6428571428571426,0.5366267752811291,0,55,4185,1975,154,154,125,0.35019266732163634,0.4434981589677179,0.3989780116851353,0.35019266732163634,0.3004306642296604,0.3333333333333337,1.2233606186634038,-2.534149843841321,1.7596622789832348,-1.2199335447094035,0.0606453741297639,0.4434981589677179,0.4276888064453983,0.015809352522319575,0.3989780116851353,0.38120736143928863,0.017770650245846675,0.35019266732163634,0.39327549815732743,0.04308283083569109,0.3004306642296604,0.29681132114873787,0.0036193430809225435,0.3333333333333337,0.33422609711311213,0.0008927637797784271,649.0,0.21357943309162822,656.0,0.2158866183256427,602.0,0.1980883322346737,1901.0,0.6262359920896506,2296.0,0.7564271588661833,0.1980883322346737,WACC_0p5_WRT_0p5,0.40204350692155566,1429,False,,,False,False,False,False,False,55.0,0.14136125654450263
IBDD,Electricity,2543,0.74,113,0.7499999999999998,0.4232197495097513,0,99,3493,3708,59,172,56,0.48751849659073904,0.5611054449528504,0.5259938805490785,0.48751849659073904,0.1838357749346038,0.22222222222222254,1.2233606186634038,-2.534149843841321,1.7596622789832348,-1.2199335447094035,0.0606453741297639,0.5611054449528504,0.5054197196155082,0.05568572533734217,0.5259938805490785,0.498607125275001,0.027386755274077468,0.48751849659073904,0.490639817402984,0.0031213208122449765,0.1838357749346038,0.2363016105670384,0.05246583563243462,0.22222222222222254,0.2661216172574566,0.043899395035234046,1602.0,0.527686222808174,1853.0,0.6104152933421226,1809.0,0.5959129861568886,602.0,0.1980883322346737,1410.0,0.464403427818062,0.1980883322346737,WACC_0p7_WRT_0p3,0.4793012524719842,1430,False,,,False,False,False,False,False,99.0,0.25654450261780104
IBDD,Electricity,1480,0.73,65,0.7142857142857141,0.5173226275773177,0,57,2982,1912,132,218,53,0.3735682745534433,0.46351727510500373,0.42059865711340405,0.3735682745534433,0.22270073803295595,0.2592592592592596,1.2233606186634038,-2.534149843841321,1.7596622789832348,-1.2199335447094035,0.0606453741297639,0.46351727510500373,0.43490366270374353,0.028613612401260202,0.42059865711340405,0.4004656041795246,0.02013305293387946,0.3735682745534433,0.3933130436199306,0.019744769066487255,0.22270073803295595,0.24268056671528726,0.019979828682331308,0.2592592592592596,0.2645741466194437,0.005314887360184095,707.0,0.23269611074489124,789.0,0.25972313777191824,603.0,0.1984179301252472,759.0,0.24983520105471324,1367.0,0.45023071852340146,0.1984179301252472,WACC_0p5_WRT_0p5,0.2781806196440343,1431,False,,,False,False,False,False,False,57.0,0.14659685863874344
IBDD,Electricity,2297,0.73,64,0.7142857142857141,0.5199513525110855,0,56,1240,1791,326,151,49,0.3703851222840437,0.4607911899885039,0.41765448518758413,0.3703851222840437,0.22270073803295595,0.2592592592592596,1.2233606186634038,-2.534149843841321,1.7596622789832348,-1.2199335447094035,0.0606453741297639,0.4607911899885039,0.45082336085728664,0.009967829131217243,0.41765448518758413,0.4117872134690486,0.005867271718535516,0.3703851222840437,0.4148972231678393,0.04451210088379559,0.22270073803295595,0.2363247662934618,0.01362402826050585,0.2592592592592596,0.2663912454024448,0.0071319861431852205,869.0,0.2860909690177983,883.0,0.2907053394858273,820.0,0.26994067237969677,603.0,0.1984179301252472,1418.0,0.46704021094264997,0.1984179301252472,WACC_0p7_WRT_0p3,0.3024390243902439,1432,False,,,False,False,False,False,False,56.0,0.14397905759162305
IBDD,Electricity,174,0.74,35,0.7499999999999998,0.6216859620209692,0,23,236,1,1000,33,10,0.24719355173287308,0.35528863197825417,0.3037117225365144,0.24719355173287308,0.1838357749346038,0.22222222222222254,1.2233606186634038,-2.534149843841321,1.7596622789832348,-1.2199335447094035,0.0606453741297639,0.35528863197825417,0.42165227577202957,0.0663636437937754,0.3037117225365144,0.38441311642955045,0.08070139389303604,0.24719355173287308,0.3976522959670393,0.15045874423416625,0.1838357749346038,0.2717513619331507,0.0879155869985469,0.22222222222222254,0.2762914303256598,0.05406920810343724,603.0,0.1984179301252472,689.0,0.2267633487145682,648.0,0.21324983520105473,1479.0,0.4871456822676335,1641.0,0.5405405405405406,0.1984179301252472,WACC_0p1_WRT_0p9,0.3332234673698088,1433,False,,,False,False,False,False,False,23.0,0.05759162303664921
IBDD,Electricity,2696,0.71,68,0.6428571428571426,0.5096690058370015,0,65,4359,2585,362,234,212,0.38283613027271596,0.47145436431718357,0.4291707134625583,0.38283613027271596,0.3004306642296604,0.3333333333333337,1.2233606186634038,-2.534149843841321,1.7596622789832348,-1.2199335447094035,0.0606453741297639,0.47145436431718357,0.4231789158503372,0.04827544846684639,0.4291707134625583,0.37167010914029947,0.05750060432225884,0.38283613027271596,0.45915605849692526,0.0763199282242093,0.3004306642296604,0.44982032624737217,0.14938966201771176,0.3333333333333337,0.47433407392727267,0.14100074059393897,615.0,0.2023731048121292,603.0,0.1984179301252472,1352.0,0.44528675016479896,2953.0,0.972972972972973,2928.0,0.9647330257086355,0.1984179301252472,WACC_0p3_WRT_0p7,0.5567567567567567,1434,False,,,False,False,False,False,False,65.0,0.16753926701570682
IBDD,Electricity,756,0.73,173,0.7142857142857141,0.3504130440091398,0,162,2943,488,881,86,6,0.5756809463262493,0.6366086951016329,0.6075373907097634,0.5756809463262493,0.22270073803295595,0.2592592592592596,1.2233606186634038,-2.534149843841321,1.7596622789832348,-1.2199335447094035,0.0606453741297639,0.6366086951016329,0.5855265597823178,0.05108213531931505,0.6075373907097634,0.5451221122705407,0.06241527843922268,0.5756809463262493,0.5299194494501047,0.045761496876144614,0.22270073803295595,0.2672642137810771,0.04456347574812117,0.2592592592592596,0.23397230862713086,0.025286950632128713,2524.0,0.8315754779169413,2327.0,0.7666446934739618,2236.0,0.7366512854317733,1383.0,0.45550428477257743,603.0,0.1984179301252472,0.1984179301252472,WACC_0p9_WRT_0p1,0.5977587343441002,1435,False,,,False,False,False,False,False,162.0,0.4214659685863874
IBDD,Electricity,1736,0.74,99,0.7499999999999998,0.4457799518448435,0,86,1942,1243,455,117,57,0.46020009657916583,0.5377096795683104,0.5007264539337751,0.46020009657916583,0.1838357749346038,0.22222222222222254,1.2233606186634038,-2.534149843841321,1.7596622789832348,-1.2199335447094035,0.0606453741297639,0.5377096795683104,0.43686016384846577,0.10084951571984463,0.5007264539337751,0.3915384370185634,0.10918801691521174,0.46020009657916583,0.39332176870121316,0.06687832787795267,0.1838357749346038,0.2537143321782589,0.0698785572436551,0.22222222222222254,0.28049074710911737,0.058268524886894824,725.0,0.23862887277521425,724.0,0.23829927488464073,604.0,0.1987475280158207,1068.0,0.35168094924192483,1721.0,0.5669083717864206,0.1987475280158207,WACC_0p5_WRT_0p5,0.3188529993408042,1436,False,,,False,False,False,False,False,86.0,0.22251308900523561
IBDD,Electricity,942,0.73,203,0.7142857142857141,0.3230255809587253,0,188,519,3759,488,86,5,0.6088447300459375,0.6650105086353961,0.6382113493262277,0.6088447300459375,0.22750806302094895,0.2592592592592596,1.2233606186634038,-2.534149843841321,1.7596622789832348,-1.2199335447094035,0.0606453741297639,0.6650105086353961,0.5728155375802773,0.09219497105511887,0.6382113493262277,0.5494280992092251,0.08878325011700261,0.6088447300459375,0.5597324919967848,0.04911223804915277,0.22750806302094895,0.277789739885102,0.05028167686415308,0.2592592592592596,0.2339725270611433,0.02528673219811628,2418.0,0.7966381015161503,2371.0,0.7811470006591957,2486.0,0.8190507580751483,1601.0,0.5273566249176005,604.0,0.1987475280158207,0.1987475280158207,WACC_0p9_WRT_0p1,0.6245880026367832,1437,False,,,False,False,False,False,False,188.0,0.4895287958115183
IBDD,Electricity,837,0.74,192,0.7499999999999998,0.3325693816003561,0,175,2331,4050,276,133,6,0.5972880356649998,0.655113233895927,0.6275222926076011,0.5972880356649998,0.2230570295038888,0.22222222222222254,1.2233606186634038,-2.534149843841321,1.7596622789832348,-1.2199335447094035,0.0606453741297639,0.655113233895927,0.566859859923092,0.08825337397283506,0.6275222926076011,0.5511941441621063,0.07632814844549474,0.5972880356649998,0.5401800642446755,0.05710797142032431,0.2230570295038888,0.2661487499851896,0.043091720481300805,0.22222222222222254,0.23397451866953797,0.01175229644731543,2366.0,0.7794990112063283,2385.0,0.7857613711272248,2327.0,0.7666446934739618,1359.0,0.4475939353988134,605.0,0.1990771259063942,0.1990771259063942,WACC_0p9_WRT_0p1,0.5957152274225445,1438,False,,,False,False,False,False,False,175.0,0.45549738219895286
IBDD,Electricity,2390,0.71,67,0.6428571428571426,0.5121825999482407,0,64,4707,2569,994,223,40,0.3797923911972576,0.46884767412775036,0.4263554880579704,0.3797923911972576,0.3004306642296604,0.3333333333333337,1.2233606186634038,-2.534149843841321,1.7596622789832348,-1.2199335447094035,0.0606453741297639,0.46884767412775036,0.4988222555187526,0.02997458139100223,0.4263554880579704,0.4776365807645999,0.051281092706629505,0.3797923911972576,0.4822642017412615,0.1024718105440039,0.3004306642296604,0.23646679992396527,0.06396386430569515,0.3333333333333337,0.23738648380920538,0.09594684952412832,1498.0,0.49340804218853,1594.0,0.525049439683586,1683.0,0.5543836519446276,606.0,0.1994067237969677,696.0,0.22907053394858273,0.1994067237969677,WACC_0p7_WRT_0p3,0.40026367831245874,1439,False,,,False,False,False,False,False,64.0,0.1649214659685864
IBDD,Electricity,868,0.73,123,0.7142857142857141,0.4087424748943598,0,115,2407,4706,226,195,1,0.5050491894961598,0.5761189149243676,0.542208428118317,0.5050491894961598,0.22270073803295595,0.2592592592592596,1.2233606186634038,-2.534149843841321,1.7596622789832348,-1.2199335447094035,0.0606453741297639,0.5761189149243676,0.5616466866754853,0.01447222824888228,0.542208428118317,0.5434120016789247,0.0012035735606076292,0.5050491894961598,0.5442169599947729,0.039167770498613086,0.22270073803295595,0.26369858295078796,0.04099784491783201,0.2592592592592596,0.23404875409665096,0.025210505162608615,2314.0,0.7623599208965063,2310.0,0.7610415293342122,2367.0,0.7798286090969018,1314.0,0.4327620303230059,606.0,0.1994067237969677,0.1994067237969677,WACC_0p9_WRT_0p1,0.5870797626895188,1440,False,,,False,False,False,False,False,115.0,0.29842931937172773
IBDD,Electricity,1669,0.73,75,0.7142857142857141,0.4930319771219003,0,67,2806,1273,122,103,32,0.4029820934468227,0.48870757928099223,0.44780418562347163,0.4029820934468227,0.22270073803295595,0.2592592592592596,1.2233606186634038,-2.534149843841321,1.7596622789832348,-1.2199335447094035,0.0606453741297639,0.48870757928099223,0.48419950512581306,0.004508074155179176,0.44780418562347163,0.4382233558504082,0.009580829773063404,0.4029820934468227,0.419536616977999,0.016554523531176313,0.22270073803295595,0.2365552033190189,0.013854465286062934,0.2592592592592596,0.25010054568829726,0.009158713570962318,1266.0,0.4169413315754779,1124.0,0.3701384311140409,865.0,0.28477257745550427,607.0,0.1997363216875412,1025.0,0.3375082399472643,0.1997363216875412,WACC_0p7_WRT_0p3,0.32181938035596575,1441,False,,,False,False,False,False,False,67.0,0.17277486910994763
IBDD,Electricity,105,0.73,88,0.7142857142857141,0.4658445274206108,0,80,781,1,1000,125,5,0.435903678776714,0.516901971563811,0.47825412928891586,0.435903678776714,0.22270073803295595,0.2592592592592596,1.2233606186634038,-2.534149843841321,1.7596622789832348,-1.2199335447094035,0.0606453741297639,0.516901971563811,0.42947185223866957,0.08743011932514144,0.47825412928891586,0.3721139879179236,0.10614014137099226,0.435903678776714,0.4023798820251861,0.03352379675152789,0.22270073803295595,0.29189682729987604,0.06919608926692009,0.2592592592592596,0.2802887148357742,0.021029455576514644,662.0,0.2178642056690837,607.0,0.1997363216875412,694.0,0.22841133816743572,1838.0,0.6054713249835201,1716.0,0.565260382333553,0.1997363216875412,WACC_0p3_WRT_0p7,0.36334871456822676,1442,False,,,False,False,False,False,False,80.0,0.20680628272251309
IBDD,Electricity,497,0.74,102,0.7499999999999998,0.4406905722934009,0,88,2102,2385,62,101,3,0.46636288290226385,0.5429875546586953,0.506426559031391,0.46636288290226385,0.1838357749346038,0.22222222222222254,1.2233606186634038,-2.534149843841321,1.7596622789832348,-1.2199335447094035,0.0606453741297639,0.5429875546586953,0.5514471476165004,0.008459592957805073,0.506426559031391,0.5331161920333922,0.026689633002001223,0.46636288290226385,0.5175551596754076,0.0511922767731437,0.1838357749346038,0.27595447204137913,0.09211869710677534,0.22222222222222254,0.23405219022638188,0.011829968004159336,2221.0,0.7317073170731707,2219.0,0.7310481212920237,2127.0,0.7007251153592617,1565.0,0.5154911008569545,607.0,0.1997363216875412,0.1997363216875412,WACC_0p9_WRT_0p1,0.5757415952537904,1443,False,,,False,False,False,False,False,88.0,0.22774869109947643
IBDD,Electricity,2283,0.73,132,0.7142857142857141,0.3966783723814455,0,124,916,3459,860,147,20,0.5196577454538238,0.5886298360488713,0.5557202229327809,0.5196577454538238,0.22270073803295595,0.2592592592592596,1.2233606186634038,-2.534149843841321,1.7596622789832348,-1.2199335447094035,0.0606453741297639,0.5886298360488713,0.5307849763797068,0.05784485966916453,0.5557202229327809,0.5051194033088922,0.05060081962388874,0.5196577454538238,0.4997707392798805,0.01988700617394329,0.22270073803295595,0.23656470554993234,0.013863967516976383,0.2592592592592596,0.23861916278711098,0.020640096472148595,1975.0,0.6506262359920897,1936.0,0.6377719182597231,1927.0,0.6348055372445617,608.0,0.2000659195781147,719.0,0.23665128543177325,0.2000659195781147,WACC_0p7_WRT_0p3,0.47198417930125247,1444,False,,,False,False,False,False,False,124.0,0.3219895287958115
IBDD,Electricity,305,0.72,110,0.6785714285714283,0.427811438654111,0,103,2450,3956,10,225,9,0.4819583691188635,0.5563436932475886,0.5208511887073957,0.4819583691188635,0.2615657011313083,0.2962962962962967,1.2233606186634038,-2.534149843841321,1.7596622789832348,-1.2199335447094035,0.0606453741297639,0.5563436932475886,0.534501088738268,0.02184260450932063,0.5208511887073957,0.5186749867124079,0.002176201994987803,0.4819583691188635,0.5266217842244246,0.0446634151055611,0.2615657011313083,0.23706860791593398,0.0244970932153743,0.2962962962962967,0.23407729207711975,0.06221900421917698,2029.0,0.6684245220830587,2086.0,0.6872116018457481,2207.0,0.7270929466051417,624.0,0.2053394858272907,608.0,0.2000659195781147,0.2000659195781147,WACC_0p9_WRT_0p1,0.49762689518787084,1445,False,,,False,False,False,False,False,103.0,0.2670157068062827
IBDD,Electricity,1041,0.7,88,0.6071428571428569,0.4658445274206108,0,86,2165,2571,565,213,7,0.435903678776714,0.516901971563811,0.47825412928891586,0.435903678776714,0.33929562732801266,0.37037037037037074,1.2233606186634038,-2.534149843841321,1.7596622789832348,-1.2199335447094035,0.0606453741297639,0.516901971563811,0.49294201169386537,0.023959959869945646,0.47825412928891586,0.46746710975894595,0.01078701952996991,0.435903678776714,0.4598733058325209,0.023969627055806908,0.33929562732801266,0.23659768189204602,0.10269794543596664,0.37037037037037074,0.23881729609149904,0.1315530742788717,1415.0,0.46605141727092947,1457.0,0.4798945286750165,1359.0,0.4475939353988134,609.0,0.2003955174686882,725.0,0.23862887277521425,0.2003955174686882,WACC_0p7_WRT_0p3,0.3665128543177324,1446,False,,,False,False,False,False,False,86.0,0.22251308900523561
IBDD,Electricity,635,0.74,386,0.7499999999999998,0.2127791096674236,0,268,3981,4823,255,127,2,0.742343408730899,0.7793401825671162,0.7616873971724855,0.742343408730899,0.27892476348246875,0.22222222222222254,1.2233606186634038,-2.534149843841321,1.7596622789832348,-1.2199335447094035,0.0606453741297639,0.7793401825671162,0.6307453530929392,0.14859482947417701,0.7616873971724855,0.6274113744258418,0.13427602274664363,0.742343408730899,0.6313939047121311,0.11094950401876791,0.27892476348246875,0.31564606828619207,0.03672130480372332,0.22222222222222254,0.2340930376560769,0.011870815433854348,2796.0,0.9212261041529334,2821.0,0.9294660514172709,2840.0,0.9357284113381674,2155.0,0.7099538562953197,609.0,0.2003955174686882,0.2003955174686882,WACC_0p9_WRT_0p1,0.7393539881344758,1447,False,,,False,False,False,False,False,268.0,0.6989528795811518
IBDD,Electricity,2527,0.73,166,0.7142857142857141,0.357482934377252,0,156,4684,2376,672,156,17,0.5671199374201531,0.6292769569421091,0.5996191134974777,0.5671199374201531,0.22270073803295595,0.2592592592592596,1.2233606186634038,-2.534149843841321,1.7596622789832348,-1.2199335447094035,0.0606453741297639,0.6292769569421091,0.5485490141182026,0.0807279428239065,0.5996191134974777,0.5343898961002435,0.0652292173972342,0.5671199374201531,0.5325287104208046,0.03459122699934847,0.22270073803295595,0.24924029390179792,0.026539555868841963,0.2592592592592596,0.23411822373401306,0.02514103552524652,2185.0,0.7198417930125247,2241.0,0.7382992748846408,2254.0,0.7425840474620963,949.0,0.31245880026367834,610.0,0.2007251153592617,0.2007251153592617,WACC_0p9_WRT_0p1,0.5427818061964403,1448,False,,,False,False,False,False,False,156.0,0.40575916230366493
IBDD,Electricity,2356,0.74,74,0.7499999999999998,0.4953125156100612,0,61,2968,2425,179,221,106,0.4002205640183184,0.48634257640438094,0.4452499825167314,0.4002205640183184,0.1838357749346038,0.22222222222222254,1.2233606186634038,-2.534149843841321,1.7596622789832348,-1.2199335447094035,0.0606453741297639,0.48634257640438094,0.4318104458520431,0.054532130552337854,0.4452499825167314,0.3971863305752154,0.04806365194151602,0.4002205640183184,0.3942311425199517,0.005989421498366676,0.1838357749346038,0.2706316113324659,0.08679583639786209,0.22222222222222254,0.31233106135793665,0.0901088391357141,680.0,0.2237969676994067,768.0,0.25280158206987474,612.0,0.2013843111404087,1451.0,0.4779169413315755,2121.0,0.6987475280158207,0.2013843111404087,WACC_0p5_WRT_0p5,0.3709294660514173,1449,False,,,False,False,False,False,False,61.0,0.15706806282722513
IBDD,Electricity,1909,0.71,65,0.6428571428571426,0.5173226275773177,0,62,4829,2515,529,197,171,0.3735682745534433,0.46351727510500373,0.42059865711340405,0.3735682745534433,0.3004306642296604,0.3333333333333337,1.2233606186634038,-2.534149843841321,1.7596622789832348,-1.2199335447094035,0.0606453741297639,0.46351727510500373,0.42276832655859364,0.04074894854641009,0.42059865711340405,0.3811972526753381,0.039401404438065946,0.3735682745534433,0.42030096307855597,0.04673268852511264,0.3004306642296604,0.37380795285561685,0.07337728862595644,0.3333333333333337,0.4120954518386638,0.0787621185053301,612.0,0.2013843111404087,655.0,0.21555702043506922,873.0,0.2874093605800923,2709.0,0.8925510876730389,2742.0,0.9034278180619644,0.2013843111404087,WACC_0p1_WRT_0p9,0.5000659195781146,1450,False,,,False,False,False,False,False,62.0,0.15968586387434555
IBDD,Electricity,432,0.72,212,0.6785714285714283,0.3155922767643708,0,196,627,715,640,52,5,0.6178458007975598,0.6727191203925043,0.6465366500239046,0.6178458007975598,0.2615657011313083,0.2962962962962967,1.2233606186634038,-2.534149843841321,1.7596622789832348,-1.2199335447094035,0.0606453741297639,0.6727191203925043,0.5872918025621924,0.08542731783031188,0.6465366500239046,0.5346583498885382,0.11187830013536637,0.6178458007975598,0.505226378590707,0.11261942220685284,0.2615657011313083,0.2869368459820488,0.025371144850740546,0.2962962962962967,0.23418439696502663,0.06211189933127009,2548.0,0.8394858272907053,2242.0,0.7386288727752143,1995.0,0.6572181938035596,1763.0,0.5807514831905076,612.0,0.2013843111404087,0.2013843111404087,WACC_0p9_WRT_0p1,0.6034937376400791,1451,False,,,False,False,False,False,False,196.0,0.5104712041884817
IBDD,Electricity,2470,0.73,125,0.7142857142857141,0.405987565903148,0,117,3346,2762,921,99,49,0.5083851394446378,0.5789758575819206,0.5452939261884742,0.5083851394446378,0.22270073803295595,0.2592592592592596,1.2233606186634038,-2.534149843841321,1.7596622789832348,-1.2199335447094035,0.0606453741297639,0.5789758575819206,0.5105405153787652,0.06843534220315539,0.5452939261884742,0.4922096412637909,0.053084284924683256,0.5083851394446378,0.46876197867336533,0.03962316077127248,0.22270073803295595,0.23676470318224313,0.014063965149287178,0.2592592592592596,0.2613320069577881,0.0020727476985284987,1683.0,0.5543836519446276,1775.0,0.5847066578773896,1481.0,0.4878048780487805,614.0,0.2020435069215557,1285.0,0.42320369149637443,0.2020435069215557,WACC_0p7_WRT_0p3,0.45042847725774554,1452,False,,,False,False,False,False,False,117.0,0.3036649214659686
IBDD,Electricity,3003,0.67,66,0.5,0.5147334338430524,0,65,2271,2585,847,162,132,0.3945444370177566,0.46620236490350114,0.42349855409578124,0.3945444370177566,0.455890516623069,0.48148148148148157,1.2233606186634038,-2.534149843841321,1.7596622789832348,-1.2199335447094035,0.0606453741297639,0.46620236490350114,0.4230872379048288,0.04311512699867237,0.42349855409578124,0.39016549149923146,0.03333306259654978,0.3945444370177566,0.41181829317966634,0.01727385616190974,0.455890516623069,0.35797272136317543,0.09791779525989358,0.48148148148148157,0.41171580708166683,0.06976567439981474,614.0,0.2020435069215557,717.0,0.23599208965062624,791.0,0.2603823335530653,2585.0,0.8516809492419248,2740.0,0.9027686222808174,0.2020435069215557,WACC_0p1_WRT_0p9,0.49057350032959796,1453,False,,,False,False,False,False,False,65.0,0.16753926701570682
IBDD,Electricity,2789,0.73,63,0.7142857142857141,0.5226208344905343,0,55,4444,1328,365,142,74,0.3671526168545674,0.4580228383061125,0.4146646653706015,0.3671526168545674,0.22270073803295595,0.2592592592592596,1.2233606186634038,-2.534149843841321,1.7596622789832348,-1.2199335447094035,0.0606453741297639,0.4580228383061125,0.44945149085366104,0.008571347452451472,0.4146646653706015,0.40999234747540697,0.004672317895194511,0.3671526168545674,0.3944246434563077,0.027272026601740273,0.22270073803295595,0.238758359150923,0.016057621117967047,0.2592592592592596,0.2749313153968821,0.015672056137622514,855.0,0.2814765985497693,871.0,0.2867501647989453,616.0,0.20270270270270271,665.0,0.2188529993408042,1616.0,0.532300593276203,0.20270270270270271,WACC_0p5_WRT_0p5,0.30441661173368495,1454,False,,,False,False,False,False,False,55.0,0.14136125654450263
IBDD,Electricity,1380,0.74,98,0.7499999999999998,0.4475103999651687,0,85,2703,3572,217,149,40,0.45810467769735974,0.535915140776862,0.49878835203901095,0.45810467769735974,0.1838357749346038,0.22222222222222254,1.2233606186634038,-2.534149843841321,1.7596622789832348,-1.2199335447094035,0.0606453741297639,0.535915140776862,0.5024596559490782,0.03345548482778382,0.49878835203901095,0.4862118274386803,0.012576524600330652,0.45810467769735974,0.4727505158135558,0.014645838116196075,0.1838357749346038,0.23682344673703223,0.05298767180242844,0.22222222222222254,0.2500536438821898,0.02783142165996727,1557.0,0.5128543177323666,1692.0,0.557350032959789,1534.0,0.505273566249176,616.0,0.20270270270270271,1023.0,0.33684904416611733,0.20270270270270271,WACC_0p7_WRT_0p3,0.4230059327620303,1455,False,,,False,False,False,False,False,85.0,0.2198952879581152
IBDD,Electricity,2263,0.73,75,0.7142857142857141,0.4930319771219003,0,67,1653,2116,681,185,21,0.4029820934468227,0.48870757928099223,0.44780418562347163,0.4029820934468227,0.22270073803295595,0.2592592592592596,1.2233606186634038,-2.534149843841321,1.7596622789832348,-1.2199335447094035,0.0606453741297639,0.48870757928099223,0.4830706522850383,0.005636926995953917,0.44780418562347163,0.442996950846457,0.004807234777014613,0.4029820934468227,0.43976191305675805,0.03677981960993537,0.22270073803295595,0.236831387211363,0.014130649178407034,0.2592592592592596,0.23794330632879554,0.02131595293046404,1253.0,0.4126565589980224,1169.0,0.3849703361898484,1112.0,0.3661832564271589,617.0,0.2030323005932762,706.0,0.23236651285431772,0.2030323005932762,WACC_0p7_WRT_0p3,0.3198417930125247,1456,False,,,False,False,False,False,False,67.0,0.17277486910994763
IBDD,Electricity,689,0.73,408,0.7142857142857141,0.2032593006593046,0,296,4534,608,538,96,4,0.7538710513758873,0.7892125770940543,0.7723495832615788,0.7538710513758873,0.2833646077921157,0.2592592592592596,1.2233606186634038,-2.534149843841321,1.7596622789832348,-1.2199335447094035,0.0606453741297639,0.7892125770940543,0.6693878542322438,0.11982472286181056,0.7723495832615788,0.6639150518085409,0.10843453145303783,0.7538710513758873,0.6361515086498821,0.11771954272600516,0.2833646077921157,0.2898586314068778,0.00649402361476209,0.2592592592592596,0.23440053973431232,0.024858719524947254,2927.0,0.964403427818062,2933.0,0.966381015161503,2850.0,0.9390243902439024,1806.0,0.5949241924851681,617.0,0.2030323005932762,0.2030323005932762,WACC_0p9_WRT_0p1,0.7335530652603823,1457,False,,,False,False,False,False,False,296.0,0.7722513089005235
IBDD,Electricity,2910,0.67,80,0.5,0.4820615067966712,0,79,2443,2966,483,247,29,0.41626635802070583,0.5000843633219706,0.46009111238772826,0.41626635802070583,0.455890516623069,0.48148148148148157,1.2233606186634038,-2.534149843841321,1.7596622789832348,-1.2199335447094035,0.0606453741297639,0.5000843633219706,0.4814463499207663,0.0186380134012043,0.46009111238772826,0.45439297088597413,0.005698141501754128,0.41626635802070583,0.46625185063473606,0.049985492614030236,0.455890516623069,0.23687039898663884,0.21902011763643017,0.48148148148148157,0.25102778890060556,0.230453692580876,1225.0,0.4034278180619644,1299.0,0.4278180619644034,1444.0,0.47560975609756095,618.0,0.2033618984838497,1048.0,0.34508899143045485,0.2033618984838497,WACC_0p7_WRT_0p3,0.3710613052076467,1458,False,,,False,False,False,False,False,79.0,0.20418848167539266
IBDD,Electricity,646,0.73,315,0.7142857142857141,0.2476766017201446,0,262,3207,3211,190,97,2,0.700085647336002,0.743150190808739,0.722602206073438,0.700085647336002,0.26264928659222025,0.2592592592592596,1.2233606186634038,-2.534149843841321,1.7596622789832348,-1.2199335447094035,0.0606453741297639,0.743150190808739,0.6161122236191958,0.1270379671895432,0.722602206073438,0.6192101432507303,0.10339206282270763,0.700085647336002,0.6154026544623126,0.08468299287368941,0.26264928659222025,0.3095403677178471,0.04689108112562684,0.2592592592592596,0.2345444561997858,0.024714803059473767,2723.0,0.8971654581410679,2785.0,0.9176005273566249,2782.0,0.9166117336849045,2086.0,0.6872116018457481,619.0,0.20369149637442321,0.20369149637442321,WACC_0p9_WRT_0p1,0.7244561634805537,1459,False,,,False,False,False,False,False,262.0,0.6832460732984293
IBDD,Electricity,2987,0.75,36,0.7857142857142856,0.6169684576436263,0,16,2237,780,140,83,32,0.2529060302701837,0.36018085873994304,0.30899532743913843,0.2529060302701837,0.14497081183625146,0.18518518518518542,1.2233606186634038,-2.534149843841321,1.7596622789832348,-1.2199335447094035,0.0606453741297639,0.36018085873994304,0.4624559563955362,0.10227509765559317,0.30899532743913843,0.3872577987208097,0.07826247128167124,0.2529060302701837,0.3952017917547468,0.14229576148456308,0.14497081183625146,0.25825054072921166,0.1132797288929602,0.18518518518518542,0.2733181930301425,0.08813300784495706,990.0,0.3259723137771918,703.0,0.23137771918259722,621.0,0.2043506921555702,1180.0,0.38859591298615687,1587.0,0.5227422544495716,0.2043506921555702,WACC_0p5_WRT_0p5,0.33460777851021756,1460,False,,,False,False,False,False,False,16.0,0.03926701570680628
IBDD,Electricity,574,0.74,71,0.7499999999999998,0.5023411706436027,0,58,2260,1766,265,96,10,0.3917094874376366,0.4790536008140415,0.4373778888791649,0.3917094874376366,0.1838357749346038,0.22222222222222254,1.2233606186634038,-2.534149843841321,1.7596622789832348,-1.2199335447094035,0.0606453741297639,0.4790536008140415,0.5295644636807771,0.05051086286673562,0.4373778888791649,0.4822829826322088,0.04490509375304391,0.3917094874376366,0.4785225842158862,0.08681309677824961,0.1838357749346038,0.2576487496686643,0.07381297473406051,0.22222222222222254,0.23460299375923238,0.012380771537009838,1959.0,0.6453526697429136,1644.0,0.541529334212261,1624.0,0.5349373764007911,1164.0,0.3833223467369809,621.0,0.2043506921555702,0.2043506921555702,WACC_0p9_WRT_0p1,0.4618984838497034,1461,False,,,False,False,False,False,False,58.0,0.14921465968586387
IBDD,Electricity,607,0.73,240,0.7142857142857141,0.2943274557301805,0,220,2709,4619,408,108,3,0.6435956091795045,0.6947715273909238,0.6703532495821979,0.6435956091795045,0.2408922819569404,0.2592592592592596,1.2233606186634038,-2.534149843841321,1.7596622789832348,-1.2199335447094035,0.0606453741297639,0.6947715273909238,0.603701181103544,0.09107034628737987,0.6703532495821979,0.5965294724304336,0.07382377715176425,0.6435956091795045,0.5971514217309478,0.04644418744855672,0.2408922819569404,0.3007713717202824,0.059879089763342,0.2592592592592596,0.23460374275799942,0.02465551650126016,2659.0,0.8760711931443639,2697.0,0.8885959129861569,2719.0,0.8958470665787739,1969.0,0.6486486486486487,622.0,0.20468029004614371,0.20468029004614371,WACC_0p9_WRT_0p1,0.7027686222808175,1462,False,,,False,False,False,False,False,220.0,0.5732984293193717
IBDD,Electricity,1158,0.73,77,0.7142857142857141,0.4885595662217817,0,69,4477,1900,340,122,115,0.40839778556566114,0.49334563502926343,0.4528132858316045,0.40839778556566114,0.22270073803295595,0.2592592592592596,1.2233606186634038,-2.534149843841321,1.7596622789832348,-1.2199335447094035,0.0606453741297639,0.49334563502926343,0.4346026107217557,0.05874302430750772,0.4528132858316045,0.401175575730339,0.0516377101012655,0.40839778556566114,0.39530911717234835,0.013088668393312797,0.22270073803295595,0.2889283406800816,0.06622760264712566,0.2592592592592596,0.33516930819386087,0.07591004893460129,705.0,0.23203691496374423,796.0,0.26203032300593276,623.0,0.2050098879367172,1792.0,0.5903098220171391,2306.0,0.7597231377719182,0.2050098879367172,WACC_0p5_WRT_0p5,0.4098220171390903,1463,False,,,False,False,False,False,False,69.0,0.17801047120418848
IBDD,Electricity,752,0.73,153,0.7142857142857141,0.3714364590716454,0,145,4661,1968,447,151,10,0.5502234591212918,0.6148066350368121,0.5839911658397571,0.5502234591212918,0.22270073803295595,0.2592592592592596,1.2233606186634038,-2.534149843841321,1.7596622789832348,-1.2199335447094035,0.0606453741297639,0.6148066350368121,0.5914259429421453,0.023380692094666755,0.5839911658397571,0.5628703150643752,0.02112085077538184,0.5502234591212918,0.5536165146824906,0.0033930555611988433,0.22270073803295595,0.2569568885856319,0.034256150552675974,0.2592592592592596,0.2346219211897959,0.024637338069463666,2576.0,0.8487145682267634,2476.0,0.8157547791694133,2444.0,0.8052076466710613,1144.0,0.37673038892551086,623.0,0.2050098879367172,0.2050098879367172,WACC_0p9_WRT_0p1,0.6102834541858931,1464,False,,,False,False,False,False,False,145.0,0.3769633507853403
IBDD,Electricity,1372,0.73,69,0.7142857142857141,0.5071915798046006,0,61,385,1524,799,93,14,0.3858360730191042,0.47402354686930304,0.4319454306188472,0.3858360730191042,0.22270073803295595,0.2592592592592596,1.2233606186634038,-2.534149843841321,1.7596622789832348,-1.2199335447094035,0.0606453741297639,0.47402354686930304,0.49116864638807745,0.01714509951877441,0.4319454306188472,0.44513957471923155,0.01319414410038433,0.3858360730191042,0.4045753566479937,0.01873928362888949,0.22270073803295595,0.2406619298688257,0.01796119183586975,0.2592592592592596,0.23470569929441926,0.02455355996484032,1377.0,0.4535266974291364,1185.0,0.3902439024390244,711.0,0.23401450230718523,707.0,0.23269611074489124,624.0,0.2053394858272907,0.2053394858272907,WACC_0p9_WRT_0p1,0.3031641397495056,1465,False,,,False,False,False,False,False,61.0,0.15706806282722513
IBDD,Electricity,1517,0.72,56,0.6785714285714283,0.5425645408871178,0,49,4882,1918,521,142,141,0.34300256088597536,0.43734047611706295,0.392327714206428,0.34300256088597536,0.2615657011313083,0.2962962962962967,1.2233606186634038,-2.534149843841321,1.7596622789832348,-1.2199335447094035,0.0606453741297639,0.43734047611706295,0.4269917888519144,0.010348687265148537,0.392327714206428,0.37623473029570237,0.01609298391072561,0.34300256088597536,0.39533505324470175,0.05233249235872639,0.2615657011313083,0.3348021961191348,0.07323649498782653,0.2962962962962967,0.3532975943518115,0.05700129805551479,645.0,0.2122610415293342,629.0,0.2069874752801582,624.0,0.2053394858272907,2363.0,0.7785102175346078,2444.0,0.8052076466710613,0.2053394858272907,WACC_0p5_WRT_0p5,0.4416611733684904,1466,False,,,False,False,False,False,False,49.0,0.1256544502617801
IBDD,Electricity,2239,0.74,78,0.7499999999999998,0.4863661844748775,0,65,4691,914,668,114,73,0.41105377592647485,0.49562025313716407,0.4552698733881372,0.41105377592647485,0.1838357749346038,0.22222222222222254,1.2233606186634038,-2.534149843841321,1.7596622789832348,-1.2199335447094035,0.0606453741297639,0.49562025313716407,0.44376599452644283,0.05185425861072124,0.4552698733881372,0.40609055860738913,0.04917931478074805,0.41105377592647485,0.3953533213606686,0.015700454565806266,0.1838357749346038,0.24689168321214464,0.06305590827754085,0.22222222222222254,0.27932990621022874,0.0571076839880062,792.0,0.26071193144363874,838.0,0.27587343441001977,625.0,0.20566908371786422,879.0,0.2893869479235333,1697.0,0.5589980224126566,0.20566908371786422,WACC_0p5_WRT_0p5,0.3181278839815425,1467,False,,,False,False,False,False,False,65.0,0.16753926701570682
IBDD,Electricity,2706,0.71,60,0.6428571428571426,0.5308869724893325,0,57,3599,2405,561,232,153,0.3571430583830649,0.44945054704809956,0.4054065908119476,0.3571430583830649,0.3004306642296604,0.3333333333333337,1.2233606186634038,-2.534149843841321,1.7596622789832348,-1.2199335447094035,0.0606453741297639,0.44945054704809956,0.42491184497629103,0.024538702071808527,0.4054065908119476,0.37548072951834965,0.029925861293597922,0.3571430583830649,0.4074908372263663,0.05034777884330138,0.3004306642296604,0.36484842402659134,0.06441775979693093,0.3333333333333337,0.40176040257024326,0.06842706923690955,631.0,0.20764667106130522,625.0,0.20566908371786422,744.0,0.24489123269611074,2642.0,0.8704680290046144,2703.0,0.8905735003295979,0.20566908371786422,WACC_0p3_WRT_0p7,0.48384970336189853,1468,False,,,False,False,False,False,False,57.0,0.14659685863874344
IBDD,Electricity,2364,0.74,74,0.7499999999999998,0.4953125156100612,0,61,2846,2511,353,170,143,0.4002205640183184,0.48634257640438094,0.4452499825167314,0.4002205640183184,0.1838357749346038,0.22222222222222254,1.2233606186634038,-2.534149843841321,1.7596622789832348,-1.2199335447094035,0.0606453741297639,0.48634257640438094,0.42431715382977814,0.062025422574602807,0.4452499825167314,0.3832179113698722,0.06203207114685921,0.4002205640183184,0.4022814423669702,0.002060878348651818,0.1838357749346038,0.34348727618414276,0.15965150124953897,0.22222222222222254,0.38746236212148055,0.165240139899258,626.0,0.2059986816084377,677.0,0.2228081740276862,692.0,0.22775214238628871,2455.0,0.8088332234673699,2643.0,0.8707976268951879,0.2059986816084377,WACC_0p1_WRT_0p9,0.46723796967699405,1469,False,,,False,False,False,False,False,61.0,0.15706806282722513
IBDD,Electricity,583,0.73,260,0.7142857142857141,0.2806008163969908,0,232,3177,4372,794,152,6,0.6602173494701655,0.709006560773491,0.6857270856353702,0.6602173494701655,0.247294105930726,0.2592592592592596,1.2233606186634038,-2.534149843841321,1.7596622789832348,-1.2199335447094035,0.0606453741297639,0.709006560773491,0.5773585180799651,0.13164804269352592,0.6857270856353702,0.557814912425827,0.12791217320954318,0.6602173494701655,0.5663708809545864,0.0938464685155791,0.247294105930726,0.27078416845587006,0.023490062525144045,0.2592592592592596,0.23472255916656734,0.024536700092692237,2452.0,0.8078444297956493,2442.0,0.8045484508899143,2535.0,0.8352010547132498,1457.0,0.4798945286750165,626.0,0.2059986816084377,0.2059986816084377,WACC_0p9_WRT_0p1,0.6266974291364535,1470,False,,,False,False,False,False,False,232.0,0.6047120418848168
IBDD,Electricity,717,0.73,419,0.7142857142857141,0.1986897694377187,0,299,1274,4512,572,84,3,0.7594043475725477,0.7939513502127361,0.7774674582297549,0.7594043475725477,0.28549574373976006,0.2592592592592596,1.2233606186634038,-2.534149843841321,1.7596622789832348,-1.2199335447094035,0.0606453741297639,0.7939513502127361,0.6230201346643588,0.1709312155483773,0.7774674582297549,0.6254854414569376,0.1519820167728173,0.7594043475725477,0.623936600218397,0.13546774735415068,0.28549574373976006,0.30657560288108693,0.021079859141326873,0.2592592592592596,0.23474380727526878,0.0245154519839908,2760.0,0.9093605800922874,2814.0,0.9271588661832564,2812.0,0.9264996704021095,2043.0,0.6730388925510876,627.0,0.2063282794990112,0.2063282794990112,WACC_0p9_WRT_0p1,0.7284772577455504,1471,False,,,False,False,False,False,False,299.0,0.7801047120418848
IBDD,Electricity,1385,0.73,67,0.7142857142857141,0.5121825999482407,0,59,3602,1716,170,96,94,0.3797923911972576,0.46884767412775036,0.4263554880579704,0.3797923911972576,0.22270073803295595,0.2592592592592596,1.2233606186634038,-2.534149843841321,1.7596622789832348,-1.2199335447094035,0.0606453741297639,0.46884767412775036,0.4416240853074519,0.02722358882029846,0.4263554880579704,0.3985182389947743,0.027837249063196123,0.3797923911972576,0.3954899564650868,0.015697565267829172,0.22270073803295595,0.275399447067891,0.05269870903493504,0.2592592592592596,0.31795305309043603,0.058693793831176455,767.0,0.2524719841793013,778.0,0.25609756097560976,628.0,0.20665787738958472,1553.0,0.5115359261700725,2185.0,0.7198417930125247,0.20665787738958472,WACC_0p5_WRT_0p5,0.3893210283454186,1472,False,,,False,False,False,False,False,59.0,0.1518324607329843
IBDD,Electricity,2329,0.73,122,0.7142857142857141,0.4101366374806809,0,114,1922,3124,963,168,24,0.5033609825089801,0.5746731166867012,0.5406469660216373,0.5033609825089801,0.22270073803295595,0.2592592592592596,1.2233606186634038,-2.534149843841321,1.7596622789832348,-1.2199335447094035,0.0606453741297639,0.5746731166867012,0.5079987930552362,0.06667432363146497,0.5406469660216373,0.48937749638744144,0.051269469634195874,0.5033609825089801,0.49759778776583774,0.0057631947431423525,0.22270073803295595,0.23713692590243057,0.01443618786947462,0.2592592592592596,0.25547727171544043,0.003781987543819143,1638.0,0.53955174686882,1740.0,0.573170731707317,1903.0,0.6268951878707977,628.0,0.20665787738958472,1147.0,0.37771918259723136,0.20665787738958472,WACC_0p7_WRT_0p3,0.46479894528675014,1473,False,,,False,False,False,False,False,114.0,0.29581151832460734
IBDD,Electricity,2873,0.73,254,0.7142857142857141,0.2846051396358801,0,231,3441,1768,854,116,3,0.6553684699082365,0.7048539292664947,0.6812422436078144,0.6553684699082365,0.24542657143176638,0.2592592592592596,1.2233606186634038,-2.534149843841321,1.7596622789832348,-1.2199335447094035,0.0606453741297639,0.7048539292664947,0.6139755810320711,0.09087834823442364,0.6812422436078144,0.5928872668175612,0.08835497679025317,0.6553684699082365,0.5733758723074311,0.08199259760080535,0.24542657143176638,0.29361732169799304,0.048190750266226656,0.2592592592592596,0.23482426488832658,0.024434994370932994,2715.0,0.8945286750164799,2683.0,0.8839815425181279,2577.0,0.8490441661173368,1861.0,0.6130520764667106,628.0,0.20665787738958472,0.20665787738958472,WACC_0p9_WRT_0p1,0.689452867501648,1474,False,,,False,False,False,False,False,231.0,0.6020942408376964
IBDD,Electricity,2340,0.72,76,0.6785714285714283,0.4907812504490119,0,69,890,2748,272,207,36,0.4057075234165282,0.49104166620102463,0.45032499949710664,0.4057075234165282,0.2615657011313083,0.2962962962962967,1.2233606186634038,-2.534149843841321,1.7596622789832348,-1.2199335447094035,0.0606453741297639,0.49104166620102463,0.48142839256948206,0.009613273631542574,0.45032499949710664,0.44814759195871334,0.0021774075383932945,0.4057075234165282,0.44148257609173264,0.03577505267520442,0.2615657011313083,0.23715689044759594,0.02440881068371234,0.2962962962962967,0.26368068778184234,0.032615608514454386,1224.0,0.4030982201713909,1220.0,0.4017798286090969,1128.0,0.3714568226763349,629.0,0.2069874752801582,1348.0,0.44396835860250494,0.2069874752801582,WACC_0p7_WRT_0p3,0.36545814106789715,1475,False,,,False,False,False,False,False,69.0,0.17801047120418848
IBDD,Electricity,2286,0.73,205,0.7142857142857141,0.3213457809160345,0,189,2954,4100,476,112,9,0.6108788186070274,0.6667525234944828,0.6400927253740413,0.6108788186070274,0.22829148742101038,0.2592592592592596,1.2233606186634038,-2.534149843841321,1.7596622789832348,-1.2199335447094035,0.0606453741297639,0.6667525234944828,0.5927925746367989,0.07395994885768387,0.6400927253740413,0.5805469839198518,0.05954574145418945,0.6108788186070274,0.5867720531865362,0.024106765420491172,0.22829148742101038,0.28534504138915545,0.05705355396814507,0.2592592592592596,0.23493174417060503,0.02432751508865455,2587.0,0.8523401450230719,2616.0,0.8618984838497034,2668.0,0.8790375741595253,1735.0,0.5715227422544495,629.0,0.2069874752801582,0.2069874752801582,WACC_0p9_WRT_0p1,0.6743572841133817,1476,False,,,False,False,False,False,False,189.0,0.49214659685863876
IBDD,Electricity,303,0.73,263,0.7142857142857141,0.2786330448225848,0,234,3318,4833,833,121,5,0.6626001459629706,0.7110472127765788,0.687930989798705,0.6626001459629706,0.2482118343662294,0.2592592592592596,1.2233606186634038,-2.534149843841321,1.7596622789832348,-1.2199335447094035,0.0606453741297639,0.7110472127765788,0.6012073806079767,0.10983983216860205,0.687930989798705,0.611178160028711,0.07675282976999409,0.6626001459629706,0.5983886641250536,0.06421148183791692,0.2482118343662294,0.2829648271461164,0.034752992779887026,0.2592592592592596,0.2349355573799441,0.024323701879315485,2645.0,0.8714568226763348,2756.0,0.9080421885299934,2729.0,0.8991430454845089,1699.0,0.5596572181938035,630.0,0.2073170731707317,0.2073170731707317,WACC_0p9_WRT_0p1,0.6891232696110745,1477,False,,,False,False,False,False,False,234.0,0.6099476439790575
IBDD,Electricity,19,0.69,81,0.5714285714285711,0.4799488650928298,0,80,2028,3053,256,167,1,0.41882457936506384,0.502275251014843,0.4624572710960305,0.41882457936506384,0.3781605904263649,0.4074074074074079,1.2233606186634038,-2.534149843841321,1.7596622789832348,-1.2199335447094035,0.0606453741297639,0.502275251014843,0.5330413262628962,0.030766075248053193,0.4624572710960305,0.5313821303586186,0.06892485926258807,0.41882457936506384,0.5099089136045116,0.09108433423944778,0.3781605904263649,0.25737605019050064,0.12078454023586427,0.4074074074074079,0.2350923090484736,0.17231509835893427,2010.0,0.6621621621621622,2200.0,0.7247857613711273,2051.0,0.6756756756756757,1154.0,0.3800263678312459,631.0,0.20764667106130522,0.20764667106130522,WACC_0p9_WRT_0p1,0.5300593276203033,1478,False,,,False,False,False,False,False,80.0,0.20680628272251309
IBDD,Electricity,3026,0.69,56,0.5714285714285711,0.5425645408871178,0,54,1450,2066,960,163,81,0.34300256088597536,0.43734047611706295,0.392327714206428,0.34300256088597536,0.3781605904263649,0.4074074074074079,1.2233606186634038,-2.534149843841321,1.7596622789832348,-1.2199335447094035,0.0606453741297639,0.43734047611706295,0.42941412072531826,0.007926355391744688,0.392327714206428,0.39330615191610313,0.0009784377096751506,0.34300256088597536,0.3955684239663988,0.052565863080423436,0.3781605904263649,0.271059154976033,0.1071014354503319,0.4074074074074079,0.31872603657925014,0.08868137082815775,659.0,0.2168754119973632,743.0,0.24456163480553725,632.0,0.2079762689518787,1463.0,0.4818721160184575,2189.0,0.7211601845748187,0.2079762689518787,WACC_0p5_WRT_0p5,0.37448912326961104,1479,False,,,False,False,False,False,False,54.0,0.1387434554973822
IBDD,Electricity,1092,0.74,224,0.7499999999999998,0.3061554966205457,0,197,1171,2633,546,113,7,0.6292729028669983,0.6825054109120267,0.6571058437849887,0.6292729028669983,0.23537592548418218,0.22222222222222254,1.2233606186634038,-2.534149843841321,1.7596622789832348,-1.2199335447094035,0.0606453741297639,0.6825054109120267,0.5634100261447273,0.1190953847672993,0.6571058437849887,0.5614852772589125,0.0956205665260762,0.6292729028669983,0.5419335651832311,0.08733933768376723,0.23537592548418218,0.2693361559430029,0.03396023045882074,0.22222222222222254,0.23515270492962462,0.012930482707402075,2335.0,0.7692814765985497,2466.0,0.8124588002636783,2345.0,0.7725774555042848,1423.0,0.46868820039551745,632.0,0.2079762689518787,0.2079762689518787,WACC_0p9_WRT_0p1,0.6061964403427819,1480,False,,,False,False,False,False,False,197.0,0.5130890052356021
IBDD,Electricity,1903,0.73,72,0.7142857142857141,0.499966262112698,0,64,1771,1997,93,182,58,0.3945852906008571,0.4815164689201649,0.44003778643377817,0.3945852906008571,0.22270073803295595,0.2592592592592596,1.2233606186634038,-2.534149843841321,1.7596622789832348,-1.2199335447094035,0.0606453741297639,0.4815164689201649,0.4251750825341152,0.05634138638604974,0.44003778643377817,0.40099872365678724,0.03903906277699093,0.3945852906008571,0.4138740781710583,0.019288787570201193,0.22270073803295595,0.2663320581085956,0.04363132007563966,0.2592592592592596,0.3084622808037623,0.049203021544502734,633.0,0.2083058668424522,792.0,0.26071193144363874,814.0,0.26796308503625577,1364.0,0.44924192485168096,2080.0,0.6852340145023071,0.2083058668424522,WACC_0p1_WRT_0p9,0.37429136453526696,1481,False,,,False,False,False,False,False,64.0,0.1649214659685864
IBDD,Electricity,2228,0.73,122,0.7142857142857141,0.4101366374806809,0,114,4759,3728,404,162,31,0.5033609825089801,0.5746731166867012,0.5406469660216373,0.5033609825089801,0.22270073803295595,0.2592592592592596,1.2233606186634038,-2.534149843841321,1.7596622789832348,-1.2199335447094035,0.0606453741297639,0.5746731166867012,0.5465805847795961,0.028092531907105034,0.5406469660216373,0.534704504518899,0.005942461502738361,0.5033609825089801,0.5477406819333408,0.04437969942436071,0.22270073803295595,0.24333080112988895,0.020630063096932993,0.2592592592592596,0.23515329664609821,0.024105962613161364,2167.0,0.7139090309822017,2243.0,0.7389584706657878,2397.0,0.7897165458141068,778.0,0.25609756097560976,633.0,0.2083058668424522,0.2083058668424522,WACC_0p9_WRT_0p1,0.5413974950560316,1482,False,,,False,False,False,False,False,114.0,0.29581151832460734
IBDD,Electricity,2237,0.7,39,0.6071428571428569,0.6035451845450552,0,37,2077,1367,612,110,53,0.2691604210121032,0.3741012901014241,0.32402939330953806,0.2691604210121032,0.33929562732801266,0.37037037037037074,1.2233606186634038,-2.534149843841321,1.7596622789832348,-1.2199335447094035,0.0606453741297639,0.3741012901014241,0.4407473466607424,0.06664605655931827,0.32402939330953806,0.38380624057338597,0.05977684726384791,0.2691604210121032,0.396326324895787,0.12716590388368382,0.33929562732801266,0.2567591452787903,0.08253648204922237,0.37037037037037074,0.2947491922552454,0.07562117811512536,758.0,0.24950560316413975,682.0,0.22445616348055372,635.0,0.2089650626235992,1140.0,0.3754119973632169,1932.0,0.6364535266974292,0.2089650626235992,WACC_0p5_WRT_0p5,0.3389584706657877,1483,False,,,False,False,False,False,False,37.0,0.09424083769633508
IBDD,Electricity,1152,0.73,88,0.7142857142857141,0.4658445274206108,0,80,2542,3088,523,119,53,0.435903678776714,0.516901971563811,0.47825412928891586,0.435903678776714,0.22270073803295595,0.2592592592592596,1.2233606186634038,-2.534149843841321,1.7596622789832348,-1.2199335447094035,0.0606453741297639,0.516901971563811,0.4857962312053788,0.03110574035843222,0.47825412928891586,0.4717780630375516,0.006476066251364265,0.435903678776714,0.4582857767404612,0.02238209796374724,0.22270073803295595,0.23725932771551086,0.014558589682554912,0.2592592592592596,0.27121657365598933,0.011957314396729757,1294.0,0.42617007251153594,1512.0,0.498022412656559,1341.0,0.4416611733684904,635.0,0.2089650626235992,1537.0,0.5062623599208965,0.2089650626235992,WACC_0p7_WRT_0p3,0.41621621621621624,1484,False,,,False,False,False,False,False,80.0,0.20680628272251309
IBDD,Electricity,390,0.73,287,0.7142857142857141,0.2636515878888698,0,245,3127,2200,960,95,3,0.6807413588471638,0.7265835384856165,0.7047102215644658,0.6807413588471638,0.25519887961689003,0.2592592592592596,1.2233606186634038,-2.534149843841321,1.7596622789832348,-1.2199335447094035,0.0606453741297639,0.7265835384856165,0.5973134349752249,0.1292701035103916,0.7047102215644658,0.5917698213490175,0.11294040021544838,0.6807413588471638,0.5946661585791089,0.08607520026805493,0.25519887961689003,0.2985979675533064,0.04339908793641639,0.2592592592592596,0.23522142199497273,0.02403783726428685,2612.0,0.8605800922874094,2674.0,0.8810151615029663,2704.0,0.8909030982201714,1934.0,0.6371127224785761,635.0,0.2089650626235992,0.2089650626235992,WACC_0p9_WRT_0p1,0.6957152274225444,1485,False,,,False,False,False,False,False,245.0,0.6387434554973822
IBDD,Electricity,683,0.68,58,0.5357142857142857,0.5366267752811291,0,58,2124,2130,432,195,3,0.35129761109045354,0.4434981589677179,0.3989780116851353,0.35129761109045354,0.4170255535247168,0.44444444444444453,1.2233606186634038,-2.534149843841321,1.7596622789832348,-1.2199335447094035,0.0606453741297639,0.4434981589677179,0.4664375045106392,0.02293934554292132,0.3989780116851353,0.43672717858964955,0.03774916690451424,0.35129761109045354,0.4368892317125533,0.08559162062209974,0.4170255535247168,0.23728099726680285,0.17974455625791397,0.44444444444444453,0.24100613660015,0.20343830784429454,1042.0,0.34311140408701385,1109.0,0.3651944627554384,1072.0,0.35299934080421885,636.0,0.2092946605141727,783.0,0.25774555042847724,0.2092946605141727,WACC_0p7_WRT_0p3,0.3056690837178643,1486,False,,,False,False,False,False,False,58.0,0.14921465968586387
IBDD,Electricity,818,0.73,177,0.7142857142857141,0.3464997360432442,0,164,1405,908,865,127,8,0.5804196144814776,0.6406669403995986,0.6119202956315664,0.5804196144814776,0.22270073803295595,0.2592592592592596,1.2233606186634038,-2.534149843841321,1.7596622789832348,-1.2199335447094035,0.0606453741297639,0.6406669403995986,0.5454389550568749,0.0952279853427237,0.6119202956315664,0.4953518581339113,0.11656843749765505,0.5804196144814776,0.46560764036836255,0.11481197411311506,0.22270073803295595,0.26355546323455903,0.040854725201603076,0.2592592592592596,0.23525239818190036,0.02400686107735922,2153.0,0.7092946605141727,1815.0,0.5978905735003296,1435.0,0.47264337508239945,1310.0,0.43144363876071196,636.0,0.2092946605141727,0.2092946605141727,WACC_0p9_WRT_0p1,0.48411338167435725,1487,False,,,False,False,False,False,False,164.0,0.42670157068062825
IBDD,Electricity,1108,0.73,79,0.7142857142857141,0.484200393167689,0,71,966,2154,727,173,73,0.4136763567168665,0.4978662589372113,0.4576955596521882,0.4136763567168665,0.22270073803295595,0.2592592592592596,1.2233606186634038,-2.534149843841321,1.7596622789832348,-1.2199335447094035,0.0606453741297639,0.4978662589372113,0.42784931682051175,0.07001694211669957,0.4576955596521882,0.3984179897692408,0.05927756988294741,0.4136763567168665,0.39645716422837957,0.017219192488486912,0.22270073803295595,0.2456409172490852,0.02294017921612926,0.2592592592592596,0.29937543270314765,0.04011617344388807,650.0,0.2139090309822017,777.0,0.25576796308503624,637.0,0.20962425840474622,840.0,0.27653263019116675,1996.0,0.6575477916941331,0.20962425840474622,WACC_0p5_WRT_0p5,0.32267633487145686,1488,False,,,False,False,False,False,False,71.0,0.18324607329842932
IBDD,Electricity,1872,0.73,109,0.7142857142857141,0.4293696224892548,0,101,4953,3529,869,158,48,0.4800715469765898,0.554727798900032,0.5191060228120346,0.4800715469765898,0.22270073803295595,0.2592592592592596,1.2233606186634038,-2.534149843841321,1.7596622789832348,-1.2199335447094035,0.0606453741297639,0.554727798900032,0.5173484650758917,0.03737933382414027,0.5191060228120346,0.5108289222683521,0.00827710054368247,0.4800715469765898,0.5218916766284999,0.041820129651910065,0.22270073803295595,0.2373723462723754,0.014671608239419459,0.2592592592592596,0.2545599083668328,0.00469935089242679,1796.0,0.5916282135794331,1997.0,0.6578773895847067,2175.0,0.7165458141067897,638.0,0.2099538562953197,1130.0,0.3721160184574819,0.2099538562953197,WACC_0p7_WRT_0p3,0.5096242584047462,1489,False,,,False,False,False,False,False,101.0,0.2617801047120419
IBDD,Electricity,1590,0.71,69,0.6428571428571426,0.5071915798046006,0,66,2821,2759,550,220,205,0.3858360730191042,0.47402354686930304,0.4319454306188472,0.3858360730191042,0.3004306642296604,0.3333333333333337,1.2233606186634038,-2.534149843841321,1.7596622789832348,-1.2199335447094035,0.0606453741297639,0.47402354686930304,0.425666243119674,0.048357303749629044,0.4319454306188472,0.37999680965137744,0.05194862096746977,0.3858360730191042,0.4556261053384236,0.0697900323193194,0.3004306642296604,0.4516948667528038,0.15126420252314338,0.3333333333333337,0.4812258113666143,0.1478924780332806,638.0,0.2099538562953197,650.0,0.2139090309822017,1312.0,0.43210283454185894,2960.0,0.9752801582069874,2946.0,0.9706657877389585,0.2099538562953197,WACC_0p1_WRT_0p9,0.5603823335530652,1490,False,,,False,False,False,False,False,66.0,0.17015706806282724
IBDD,Electricity,561,0.73,266,0.7142857142857141,0.2766875084310952,0,235,3633,262,952,106,1,0.6649560176253941,0.7130648060714568,0.6901099905571735,0.6649560176253941,0.24911919276697034,0.2592592592592596,1.2233606186634038,-2.534149843841321,1.7596622789832348,-1.2199335447094035,0.0606453741297639,0.7130648060714568,0.6572563274005311,0.055808478670925754,0.6901099905571735,0.6245300327891602,0.06557995776801329,0.6649560176253941,0.5999628222912051,0.06499319533418901,0.24911919276697034,0.27825319681462746,0.02913400404765712,0.2592592592592596,0.2353683972813837,0.023890861977875877,2894.0,0.9535266974291364,2810.0,0.9258404746209624,2732.0,0.9001318391562294,1612.0,0.5309822017139091,638.0,0.2099538562953197,0.2099538562953197,WACC_0p9_WRT_0p1,0.7040870138431113,1491,False,,,False,False,False,False,False,235.0,0.612565445026178
IBDD,Electricity,2394,0.72,68,0.6785714285714283,0.5096690058370015,0,61,1458,2266,588,205,95,0.38283613027271596,0.47145436431718357,0.4291707134625583,0.38283613027271596,0.2615657011313083,0.2962962962962967,1.2233606186634038,-2.534149843841321,1.7596622789832348,-1.2199335447094035,0.0606453741297639,0.47145436431718357,0.43198031561116135,0.039474048706022224,0.4291707134625583,0.39322721745967876,0.03594349600287955,0.38283613027271596,0.3968178825054528,0.013981752232736844,0.2615657011313083,0.26357870040028286,0.00201299926897458,0.2962962962962967,0.3075123912413185,0.011216094945021793,683.0,0.2247857613711272,742.0,0.24423203691496376,639.0,0.2102834541858932,1311.0,0.4317732366512854,2068.0,0.6812788398154251,0.2102834541858932,WACC_0p5_WRT_0p5,0.35847066578773895,1492,False,,,False,False,False,False,False,61.0,0.15706806282722513
IBDD,Electricity,1120,0.74,96,0.7499999999999998,0.4510243614951085,0,83,4532,2390,823,178,147,0.45384958258454444,0.5322710325235911,0.4948527151254784,0.45384958258454444,0.1838357749346038,0.22222222222222254,1.2233606186634038,-2.534149843841321,1.7596622789832348,-1.2199335447094035,0.0606453741297639,0.5322710325235911,0.42579176420513176,0.10647926831845933,0.4948527151254784,0.3991539084600009,0.09569880666547753,0.45384958258454444,0.40840114349221535,0.045448439092329096,0.1838357749346038,0.33868778281355866,0.15485200787895487,0.22222222222222254,0.3694184609172772,0.14719623869505466,639.0,0.2102834541858932,781.0,0.25708635464733026,756.0,0.24884640738299274,2395.0,0.7890573500329597,2544.0,0.8381674357284113,0.2102834541858932,WACC_0p1_WRT_0p9,0.46868820039551745,1493,False,,,False,False,False,False,False,83.0,0.21465968586387435
IBDD,Electricity,430,0.73,164,0.7142857142857141,0.359557394877106,0,154,2749,1978,906,98,7,0.5646079501205059,0.62712566457189,0.5972957177376411,0.5646079501205059,0.22270073803295595,0.2592592592592596,1.2233606186634038,-2.534149843841321,1.7596622789832348,-1.2199335447094035,0.0606453741297639,0.62712566457189,0.5668046298758407,0.060321034696049325,0.5972957177376411,0.5448658165127077,0.052429901224933406,0.5646079501205059,0.5317410697709006,0.032866880349605276,0.22270073803295595,0.27366420912034445,0.050963471087388496,0.2592592592592596,0.23540862618293001,0.023850633076329564,2365.0,0.7791694133157547,2326.0,0.7663150955833883,2249.0,0.7409360580092288,1517.0,0.4996704021094265,639.0,0.2102834541858932,0.2102834541858932,WACC_0p9_WRT_0p1,0.5992748846407383,1494,False,,,False,False,False,False,False,154.0,0.4005235602094241
IBDD,Electricity,1452,0.73,79,0.7142857142857141,0.484200393167689,0,71,1040,2644,693,172,159,0.4136763567168665,0.4978662589372113,0.4576955596521882,0.4136763567168665,0.22270073803295595,0.2592592592592596,1.2233606186634038,-2.534149843841321,1.7596622789832348,-1.2199335447094035,0.0606453741297639,0.4978662589372113,0.4284859831387111,0.0693802757985002,0.4576955596521882,0.37804132724813794,0.07965423240405028,0.4136763567168665,0.4204500844829323,0.006773727766065829,0.22270073803295595,0.3925974789663821,0.16989674093342613,0.2592592592592596,0.4311084014540688,0.17184914219480923,652.0,0.21456822676334872,640.0,0.21061305207646672,875.0,0.2880685563612393,2802.0,0.9232036914963744,2804.0,0.9238628872775214,0.21061305207646672,WACC_0p3_WRT_0p7,0.5120632827949901,1495,False,,,False,False,False,False,False,71.0,0.18324607329842932
IBDD,Electricity,1953,0.73,76,0.7142857142857141,0.4907812504490119,0,68,3210,1920,248,112,82,0.4057075234165282,0.49104166620102463,0.45032499949710664,0.4057075234165282,0.22270073803295595,0.2592592592592596,1.2233606186634038,-2.534149843841321,1.7596622789832348,-1.2199335447094035,0.0606453741297639,0.49104166620102463,0.43422493995519207,0.05681672624583256,0.45032499949710664,0.40111817516674203,0.04920682433036461,0.4057075234165282,0.3970962939646981,0.008611229451830127,0.22270073803295595,0.2612369255483624,0.03853618751540647,0.2592592592592596,0.3157603803430033,0.05650112108374372,701.0,0.23071852340145024,794.0,0.2613711272247858,641.0,0.2109426499670402,1262.0,0.4156229400131839,2164.0,0.7129202373104813,0.2109426499670402,WACC_0p5_WRT_0p5,0.36631509558338826,1496,False,,,False,False,False,False,False,68.0,0.17539267015706805
IBDD,Electricity,521,0.73,99,0.7142857142857141,0.4457799518448435,0,91,1648,2020,311,185,6,0.46020009657916583,0.5377096795683104,0.5007264539337751,0.46020009657916583,0.22270073803295595,0.2592592592592596,1.2233606186634038,-2.534149843841321,1.7596622789832348,-1.2199335447094035,0.0606453741297639,0.5377096795683104,0.49839473147221897,0.03931494809609143,0.5007264539337751,0.4877456903731156,0.012980763560659525,0.46020009657916583,0.4790222246341311,0.018822128054965248,0.22270073803295595,0.2375017754546758,0.014801037421719843,0.2592592592592596,0.2394085399440995,0.01985071931516008,1488.0,0.490112063282795,1713.0,0.5642715886618326,1631.0,0.5372445616348055,641.0,0.2109426499670402,741.0,0.24390243902439024,0.2109426499670402,WACC_0p7_WRT_0p3,0.40929466051417274,1497,False,,,False,False,False,False,False,91.0,0.2356020942408377
IBDD,Electricity,2996,0.69,65,0.5714285714285711,0.5173226275773177,0,63,3121,2347,236,129,127,0.3735682745534433,0.46351727510500373,0.42059865711340405,0.3735682745534433,0.3781605904263649,0.4074074074074079,1.2233606186634038,-2.534149843841321,1.7596622789832348,-1.2199335447094035,0.0606453741297639,0.46351727510500373,0.4259628555610616,0.03755441954394212,0.42059865711340405,0.384402218563015,0.036196438550389065,0.3735682745534433,0.4016083809268344,0.02804010637339105,0.3781605904263649,0.31994578421568515,0.05821480621067976,0.4074074074074079,0.37265611152787737,0.03475129587953052,641.0,0.2109426499670402,688.0,0.22643375082399472,688.0,0.22643375082399472,2193.0,0.7224785761371127,2562.0,0.8441001977587343,0.2109426499670402,WACC_0p1_WRT_0p9,0.4460777851021754,1498,False,,,False,False,False,False,False,63.0,0.16230366492146597
IBDD,Electricity,632,0.73,191,0.7142857142857141,0.3334638155010188,0,176,2903,1354,670,99,5,0.5962049557032475,0.6541856728137583,0.6265205266388589,0.5962049557032475,0.22270073803295595,0.2592592592592596,1.2233606186634038,-2.534149843841321,1.7596622789832348,-1.2199335447094035,0.0606453741297639,0.6541856728137583,0.5795262946971995,0.07465937811655876,0.6265205266388589,0.5538707908798248,0.0726497357590341,0.5962049557032475,0.5346491347557916,0.06155582094745593,0.22270073803295595,0.28065952245398673,0.05795878442103078,0.2592592592592596,0.23546978983308045,0.023789469426179127,2475.0,0.8154251812788398,2405.0,0.7923533289386948,2274.0,0.7491760052735662,1661.0,0.5471324983520105,641.0,0.2109426499670402,0.2109426499670402,WACC_0p9_WRT_0p1,0.6230059327620303,1499,False,,,False,False,False,False,False,176.0,0.4581151832460733
IBDD,Electricity,2418,0.73,56,0.7142857142857141,0.5425645408871178,0,48,4923,1481,814,196,78,0.34300256088597536,0.43734047611706295,0.392327714206428,0.34300256088597536,0.22270073803295595,0.2592592592592596,1.2233606186634038,-2.534149843841321,1.7596622789832348,-1.2199335447094035,0.0606453741297639,0.43734047611706295,0.4425242760805989,0.005183799963535962,0.392327714206428,0.3979067983362161,0.005579084129788137,0.34300256088597536,0.39714706210424455,0.05414450121826919,0.22270073803295595,0.23755881876653873,0.014858080733582774,0.2592592592592596,0.2733532566638095,0.014093997404549918,774.0,0.25477916941331574,771.0,0.25379037574159524,642.0,0.2112722478576137,642.0,0.2112722478576137,1588.0,0.523071852340145,0.2112722478576137,WACC_0p5_WRT_0p5,0.29083717864205666,1500,False,,,False,False,False,False,False,48.0,0.12303664921465969
IBDD,Electricity,1347,0.7,68,0.6071428571428569,0.5096690058370015,0,66,110,2663,618,240,84,0.38283613027271596,0.47145436431718357,0.4291707134625583,0.38283613027271596,0.33929562732801266,0.37037037037037074,1.2233606186634038,-2.534149843841321,1.7596622789832348,-1.2199335447094035,0.0606453741297639,0.47145436431718357,0.4261353877743104,0.045318976542873146,0.4291707134625583,0.39452042575154445,0.03465028771101386,0.38283613027271596,0.4216251170431499,0.038788986770433964,0.33929562732801266,0.3740466700694422,0.03475104274142954,0.37037037037037074,0.4132241223803472,0.04285375200997649,642.0,0.2112722478576137,747.0,0.24588002636783124,891.0,0.2933421226104153,2711.0,0.8932102834541858,2744.0,0.9040870138431114,0.2112722478576137,WACC_0p1_WRT_0p9,0.5095583388266315,1501,False,,,False,False,False,False,False,66.0,0.17015706806282724
IBDD,Electricity,1416,0.71,77,0.6428571428571426,0.4885595662217817,0,74,1925,2326,302,241,23,0.40839778556566114,0.49334563502926343,0.4528132858316045,0.40839778556566114,0.3004306642296604,0.3333333333333337,1.2233606186634038,-2.534149843841321,1.7596622789832348,-1.2199335447094035,0.0606453741297639,0.49334563502926343,0.4701047915296943,0.02324084349956912,0.4528132858316045,0.4307805710679487,0.022032714763655814,0.40839778556566114,0.43042820753360067,0.02203042196793953,0.3004306642296604,0.23756765083174605,0.06286301339791436,0.3333333333333337,0.24971223924103536,0.08362109409229834,1079.0,0.3553065260382334,1046.0,0.34442979564930787,984.0,0.3239947264337508,643.0,0.21160184574818722,1017.0,0.3348714568226763,0.21160184574818722,WACC_0p7_WRT_0p3,0.31404087013843107,1502,False,,,False,False,False,False,False,74.0,0.19109947643979058
IBDD,Electricity,831,0.74,239,0.7499999999999998,0.2950433741781735,0,208,4866,4871,148,150,7,0.6427286955655466,0.6940290934448571,0.6695514209204456,0.6427286955655466,0.24055839222818823,0.22222222222222254,1.2233606186634038,-2.534149843841321,1.7596622789832348,-1.2199335447094035,0.0606453741297639,0.6940290934448571,0.6053954564189904,0.08863363702586669,0.6695514209204456,0.6012139361664576,0.06833748475398804,0.6427286955655466,0.6158802825785773,0.026848412986969272,0.24055839222818823,0.28522852752932776,0.04467013530113953,0.22222222222222254,0.23557321597399106,0.013350993751768514,2672.0,0.8803559657218194,2717.0,0.8951878707976269,2784.0,0.9172709294660514,1732.0,0.5705339485827291,643.0,0.21160184574818722,0.21160184574818722,WACC_0p9_WRT_0p1,0.6949901120632828,1503,False,,,False,False,False,False,False,208.0,0.5418848167539267
IBDD,Electricity,2314,0.73,117,0.7142857142857141,0.4172819839037627,0,109,1505,1817,294,118,29,0.49470860302639985,0.5672631278035053,0.5326441780277857,0.49470860302639985,0.22270073803295595,0.2592592592592596,1.2233606186634038,-2.534149843841321,1.7596622789832348,-1.2199335447094035,0.0606453741297639,0.5672631278035053,0.5046255185226739,0.0626376092808314,0.5326441780277857,0.4748333981830777,0.05781077984470806,0.49470860302639985,0.4541120634591339,0.040596539567265943,0.22270073803295595,0.23762695096038314,0.014926212927427185,0.2592592592592596,0.2520750366640644,0.007184222595195189,1581.0,0.5207646671061306,1542.0,0.507910349373764,1289.0,0.4245220830586684,644.0,0.2119314436387607,1065.0,0.35069215557020433,0.2119314436387607,WACC_0p7_WRT_0p3,0.4031641397495056,1504,False,,,False,False,False,False,False,109.0,0.28272251308900526
IBDD,Electricity,11,0.73,187,0.7142857142857141,0.3370887523094868,0,173,2755,543,186,61,6,0.5918154793909554,0.6504264790864582,0.6224605974133748,0.5918154793909554,0.22270073803295595,0.2592592592592596,1.2233606186634038,-2.534149843841321,1.7596622789832348,-1.2199335447094035,0.0606453741297639,0.6504264790864582,0.5872689301638384,0.06315754892261982,0.6224605974133748,0.5666413441096724,0.05581925330370241,0.5918154793909554,0.52471906308697,0.06709641630398533,0.22270073803295595,0.2901586937677493,0.06745795573479332,0.2592592592592596,0.2356008651679953,0.023658394091264273,2547.0,0.8391562294001318,2508.0,0.8263019116677653,2193.0,0.7224785761371127,1814.0,0.5975609756097561,644.0,0.2119314436387607,0.2119314436387607,WACC_0p9_WRT_0p1,0.6394858272907054,1505,False,,,False,False,False,False,False,173.0,0.450261780104712
IBDD,Electricity,1286,0.71,65,0.6428571428571426,0.5173226275773177,0,62,1789,2567,480,167,117,0.3735682745534433,0.46351727510500373,0.42059865711340405,0.3735682745534433,0.3004306642296604,0.3333333333333337,1.2233606186634038,-2.534149843841321,1.7596622789832348,-1.2199335447094035,0.0606453741297639,0.46351727510500373,0.4363039903781323,0.027213284726871456,0.42059865711340405,0.401713708985904,0.01888494812750008,0.3735682745534433,0.3975124544533571,0.023944179899913764,0.3004306642296604,0.3082802820397718,0.007849617810111398,0.3333333333333337,0.35015331020521245,0.01681997687187875,718.0,0.23632168754119973,800.0,0.2633487145682268,645.0,0.2122610415293342,2065.0,0.6802900461437047,2412.0,0.7946605141727093,0.2122610415293342,WACC_0p5_WRT_0p5,0.4373764007910349,1506,False,,,False,False,False,False,False,62.0,0.15968586387434555
IBDD,Electricity,1113,0.73,113,0.7142857142857141,0.4232197495097513,0,105,2881,2280,43,117,20,0.48751849659073904,0.5611054449528504,0.5259938805490785,0.48751849659073904,0.22270073803295595,0.2592592592592596,1.2233606186634038,-2.534149843841321,1.7596622789832348,-1.2199335447094035,0.0606453741297639,0.5611054449528504,0.5255966558556783,0.035508789097172144,0.5259938805490785,0.5133717371372835,0.012622143411795017,0.48751849659073904,0.4814994947826573,0.0060190018080817365,0.22270073803295595,0.24494632182110612,0.02224558378815017,0.2592592592592596,0.23562356622684513,0.023635693032414445,1912.0,0.6298615688859591,2023.0,0.6664469347396177,1671.0,0.5504284772577456,821.0,0.2702702702702703,645.0,0.2122610415293342,0.2122610415293342,WACC_0p9_WRT_0p1,0.46585365853658534,1507,False,,,False,False,False,False,False,105.0,0.27225130890052357
IBDD,Electricity,1224,0.73,105,0.7142857142857141,0.4357473197013715,0,97,3533,2144,867,109,59,0.47234872246440507,0.5481138906800592,0.5119630019344639,0.47234872246440507,0.22270073803295595,0.2592592592592596,1.2233606186634038,-2.534149843841321,1.7596622789832348,-1.2199335447094035,0.0606453741297639,0.5481138906800592,0.48137415260266475,0.06673973807739447,0.5119630019344639,0.45811727789668166,0.053845724037782206,0.47234872246440507,0.4467327682953089,0.025615954169096178,0.22270073803295595,0.23767700229015584,0.01497626425719989,0.2592592592592596,0.26111410875270713,0.0018548494934475523,1223.0,0.4027686222808174,1330.0,0.43803559657218194,1191.0,0.3922214897824654,646.0,0.21259063941990772,1279.0,0.42122610415293343,0.21259063941990772,WACC_0p7_WRT_0p3,0.3733684904416612,1508,False,,,False,False,False,False,False,97.0,0.2513089005235602
IBDD,Electricity,375,0.74,244,0.7499999999999998,0.2914931836867794,0,212,1539,4537,240,126,9,0.647027660730869,0.6977107724729696,0.6735276342708071,0.647027660730869,0.24221412849747007,0.22222222222222254,1.2233606186634038,-2.534149843841321,1.7596622789832348,-1.2199335447094035,0.0606453741297639,0.6977107724729696,0.597621083644631,0.10008968882833869,0.6735276342708071,0.5831962365708043,0.09033139770000276,0.647027660730869,0.5801448716797036,0.0668827890511654,0.24221412849747007,0.28490221022695184,0.04268808172948177,0.22222222222222254,0.23568979100071724,0.013467568778494698,2615.0,0.8615688859591298,2630.0,0.8665128543177324,2619.0,0.8628872775214239,1728.0,0.569215557020435,646.0,0.21259063941990772,0.21259063941990772,WACC_0p9_WRT_0p1,0.6745550428477258,1509,False,,,False,False,False,False,False,212.0,0.5523560209424084
IBDD,Electricity,2161,0.73,108,0.7142857142857141,0.4309420365106688,0,100,1658,3098,464,148,41,0.478167493343437,0.5530971473222692,0.5173449191080508,0.478167493343437,0.22270073803295595,0.2592592592592596,1.2233606186634038,-2.534149843841321,1.7596622789832348,-1.2199335447094035,0.0606453741297639,0.5530971473222692,0.49851533642345125,0.05458181089881797,0.5173449191080508,0.48741592713378157,0.029928991974269237,0.478167493343437,0.4732154012905018,0.004952092052935175,0.22270073803295595,0.23775038280952288,0.015049644776566923,0.2592592592592596,0.25424346432610007,0.005015794933159512,1491.0,0.4911008569545155,1708.0,0.5626235992089651,1542.0,0.507910349373764,647.0,0.2129202373104812,1122.0,0.3694792353328939,0.2129202373104812,WACC_0p7_WRT_0p3,0.428806855636124,1510,False,,,False,False,False,False,False,100.0,0.2591623036649215
IBDD,Electricity,2668,0.73,179,0.7142857142857141,0.344575937943391,0,166,928,221,242,63,8,0.5827491630046993,0.6426619902809279,0.614074949503402,0.5827491630046993,0.22270073803295595,0.2592592592592596,1.2233606186634038,-2.534149843841321,1.7596622789832348,-1.2199335447094035,0.0606453741297639,0.6426619902809279,0.611810400736983,0.030851589543944846,0.614074949503402,0.5693401813994092,0.044734768103992795,0.5827491630046993,0.5243266173280771,0.058422545676622195,0.22270073803295595,0.28550030931832054,0.06279957128536459,0.2592592592592596,0.23574755104086015,0.02351170821839943,2705.0,0.8912326961107448,2530.0,0.8335530652603823,2190.0,0.7214897824653922,1740.0,0.573170731707317,647.0,0.2129202373104812,0.2129202373104812,WACC_0p9_WRT_0p1,0.6464733025708636,1511,False,,,False,False,False,False,False,166.0,0.4319371727748691
IBDD,Electricity,2946,0.67,70,0.5,0.5047492957538864,0,69,407,2698,666,163,124,0.3945444370177566,0.4765562858848585,0.4346807887556472,0.3945444370177566,0.455890516623069,0.48148148148148157,1.2233606186634038,-2.534149843841321,1.7596622789832348,-1.2199335447094035,0.0606453741297639,0.4765562858848585,0.4274109595172966,0.049145326367561915,0.4346807887556472,0.386680123126192,0.04800066562945521,0.3945444370177566,0.403590681016792,0.00904624399903542,0.455890516623069,0.3531715922777308,0.10271892434533819,0.48148148148148157,0.4011852415657246,0.08029623991575696,648.0,0.21324983520105473,699.0,0.23005932762030323,704.0,0.23170731707317074,2544.0,0.8381674357284113,2698.0,0.8889255108767304,0.21324983520105473,WACC_0p1_WRT_0p9,0.4804218852999341,1512,False,,,False,False,False,False,False,69.0,0.17801047120418848
IBDD,Electricity,2560,0.73,99,0.7142857142857141,0.4457799518448435,0,91,4384,2745,114,247,63,0.46020009657916583,0.5377096795683104,0.5007264539337751,0.46020009657916583,0.22270073803295595,0.2592592592592596,1.2233606186634038,-2.534149843841321,1.7596622789832348,-1.2199335447094035,0.0606453741297639,0.5377096795683104,0.48203292661774877,0.055676752950561625,0.5007264539337751,0.4673739683812588,0.03335248555251635,0.46020009657916583,0.45638851890081145,0.003811577678354383,0.22270073803295595,0.23786191329041814,0.01516117525746219,0.2592592592592596,0.26398935250364536,0.00473009324438578,1236.0,0.4070533948582729,1455.0,0.4792353328938695,1323.0,0.4357284113381674,649.0,0.21357943309162822,1357.0,0.44693473961766644,0.21357943309162822,WACC_0p7_WRT_0p3,0.39650626235992087,1513,False,,,False,False,False,False,False,91.0,0.2356020942408377
IBDD,Electricity,918,0.73,216,0.7142857142857141,0.312388870153905,0,198,664,4903,553,70,6,0.621724841503161,0.6760411716922465,0.6501244654276264,0.621724841503161,0.2324688074959552,0.2592592592592596,1.2233606186634038,-2.534149843841321,1.7596622789832348,-1.2199335447094035,0.0606453741297639,0.6760411716922465,0.6001230527321159,0.07591811896013068,0.6501244654276264,0.5905421674521101,0.059582297975516285,0.621724841503161,0.5979478428357714,0.02377699866738958,0.2324688074959552,0.3150470991003245,0.08257829160436933,0.2592592592592596,0.23584482980317248,0.0234144294560871,2636.0,0.8684904416611734,2669.0,0.8793671720500988,2725.0,0.8978246539222149,2151.0,0.7086354647330257,649.0,0.21357943309162822,0.21357943309162822,WACC_0p9_WRT_0p1,0.7135794330916283,1514,False,,,False,False,False,False,False,198.0,0.5157068062827225
IBDD,Electricity,2168,0.73,91,0.7142857142857141,0.460136442071784,0,83,4072,1401,176,117,64,0.4428156628335633,0.5228214674811129,0.48464718487960196,0.4428156628335633,0.22270073803295595,0.2592592592592596,1.2233606186634038,-2.534149843841321,1.7596622789832348,-1.2199335447094035,0.0606453741297639,0.5228214674811129,0.4629077119001954,0.059913755580917494,0.48464718487960196,0.43065826876349406,0.0539889161161079,0.4428156628335633,0.4082382852767323,0.03457737755683099,0.22270073803295595,0.23789456403062015,0.015193825997664195,0.2592592592592596,0.2731007516307687,0.013841492371509112,996.0,0.3279499011206328,1044.0,0.34377059986816083,751.0,0.24719841793012526,650.0,0.2139090309822017,1582.0,0.521094264996704,0.2139090309822017,WACC_0p7_WRT_0p3,0.3307844429795649,1515,False,,,False,False,False,False,False,83.0,0.21465968586387435
IBDD,Electricity,504,0.74,224,0.7499999999999998,0.3061554966205457,0,197,564,4884,280,115,7,0.6292729028669983,0.6825054109120267,0.6571058437849887,0.6292729028669983,0.23537592548418218,0.22222222222222254,1.2233606186634038,-2.534149843841321,1.7596622789832348,-1.2199335447094035,0.0606453741297639,0.6825054109120267,0.5761123297461229,0.10639308116590374,0.6571058437849887,0.5563674810715882,0.10073836271340053,0.6292729028669983,0.5525221698613533,0.07675073300564506,0.23537592548418218,0.27358944205381974,0.03821351656963756,0.22222222222222254,0.2358545569521913,0.013632334729968748,2441.0,0.8042188529993408,2427.0,0.7996044825313118,2435.0,0.8022412656558998,1513.0,0.4983520105471325,650.0,0.2139090309822017,0.2139090309822017,WACC_0p9_WRT_0p1,0.6236651285431773,1516,False,,,False,False,False,False,False,197.0,0.5130890052356021
IBDD,Electricity,127,0.72,122,0.6785714285714283,0.4101366374806809,0,115,2215,3710,2,131,2,0.5033609825089801,0.5746731166867012,0.5406469660216373,0.5033609825089801,0.2615657011313083,0.2962962962962967,1.2233606186634038,-2.534149843841321,1.7596622789832348,-1.2199335447094035,0.0606453741297639,0.5746731166867012,0.5701032734433323,0.004569843243368843,0.5406469660216373,0.547929092773716,0.0072821267520787325,0.5033609825089801,0.541066532368831,0.03770554985985086,0.2615657011313083,0.28127369719540674,0.019707996064098454,0.2962962962962967,0.2358775604039109,0.06041873589238583,2398.0,0.7900461437046803,2354.0,0.7755438365194463,2336.0,0.7696110744891232,1669.0,0.5497692814765985,651.0,0.21423862887277523,0.21423862887277523,WACC_0p9_WRT_0p1,0.6198417930125246,1517,False,,,False,False,False,False,False,115.0,0.29842931937172773
IBDD,Electricity,384,0.73,233,0.7142857142857141,0.2994025472322662,0,214,1124,2039,460,108,5,0.6374501244143411,0.689508469536909,0.6646691470998618,0.6374501244143411,0.23852536302954847,0.2592592592592596,1.2233606186634038,-2.534149843841321,1.7596622789832348,-1.2199335447094035,0.0606453741297639,0.689508469536909,0.5647508498892312,0.12475761964767784,0.6646691470998618,0.557088465299008,0.10758068180085378,0.6374501244143411,0.5346461699542877,0.10280395446005341,0.23852536302954847,0.2739459956123658,0.03542063258281736,0.2592592592592596,0.23592010122086923,0.023339158038390345,2349.0,0.7738958470665788,2437.0,0.8029004614370469,2273.0,0.7488464073829928,1526.0,0.502636783124588,652.0,0.21456822676334872,0.21456822676334872,WACC_0p9_WRT_0p1,0.6085695451549111,1518,False,,,False,False,False,False,False,214.0,0.5575916230366492
IBDD,Electricity,148,0.72,141,0.6785714285714283,0.3854045043765198,0,134,3060,1,1000,147,10,0.5333093976536435,0.6003212547206462,0.5683469550982978,0.5333093976536435,0.2615657011313083,0.2962962962962967,1.2233606186634038,-2.534149843841321,1.7596622789832348,-1.2199335447094035,0.0606453741297639,0.6003212547206462,0.4637152843748863,0.13660597034575994,0.5683469550982978,0.3803367803497263,0.1880101747485715,0.5333093976536435,0.404343153026774,0.1289662446268695,0.2615657011313083,0.24070235303276963,0.020863348098538653,0.2962962962962967,0.2535315316635153,0.04276476463278145,1004.0,0.3305866842452208,653.0,0.2148978246539222,710.0,0.23368490441661174,711.0,0.23401450230718523,1103.0,0.3632168754119974,0.2148978246539222,WACC_0p3_WRT_0p7,0.2752801582069874,1519,False,,,False,False,False,False,False,134.0,0.3481675392670157
IBDD,Electricity,1277,0.73,110,0.7142857142857141,0.427811438654111,0,102,1383,3154,858,128,53,0.4819583691188635,0.5563436932475886,0.5208511887073957,0.4819583691188635,0.22270073803295595,0.2592592592592596,1.2233606186634038,-2.534149843841321,1.7596622789832348,-1.2199335447094035,0.0606453741297639,0.5563436932475886,0.4993025540606909,0.05704113918689768,0.5208511887073957,0.48175296107262106,0.03909822763477461,0.4819583691188635,0.4661855587973425,0.015772810321521002,0.22270073803295595,0.23804241980360014,0.015341681770644183,0.2592592592592596,0.27292768784944044,0.013668428590180859,1506.0,0.496044825313118,1639.0,0.5398813447593935,1443.0,0.4752801582069875,653.0,0.2148978246539222,1579.0,0.5201054713249835,0.2148978246539222,WACC_0p7_WRT_0p3,0.4492419248516809,1520,False,,,False,False,False,False,False,102.0,0.2643979057591623
IBDD,Electricity,2918,0.67,62,0.5,0.5253323572805145,0,60,79,2329,564,145,42,0.3945444370177566,0.455210888746133,0.41162775984582367,0.3945444370177566,0.455890516623069,0.48148148148148157,1.2233606186634038,-2.534149843841321,1.7596622789832348,-1.2199335447094035,0.0606453741297639,0.455210888746133,0.43316928192248944,0.02204160682364359,0.41162775984582367,0.3956327538885129,0.015995005957310793,0.3945444370177566,0.39827167333541996,0.0037272363176633627,0.455890516623069,0.30302587453932417,0.15286464208374484,0.48148148148148157,0.33828003103415216,0.1432014504473294,690.0,0.22709294660514173,756.0,0.24884640738299274,654.0,0.21522742254449573,1999.0,0.6585365853658537,2330.0,0.7676334871456822,0.21522742254449573,WACC_0p5_WRT_0p5,0.42346736980883326,1521,False,,,False,False,False,False,False,60.0,0.1544502617801047
IBDD,Electricity,2285,0.73,108,0.7142857142857141,0.4309420365106688,0,100,3964,3602,533,205,65,0.478167493343437,0.5530971473222692,0.5173449191080508,0.478167493343437,0.22270073803295595,0.2592592592592596,1.2233606186634038,-2.534149843841321,1.7596622789832348,-1.2199335447094035,0.0606453741297639,0.5530971473222692,0.5059189835350371,0.047178163787232164,0.5173449191080508,0.49066686554089217,0.026678053567158633,0.478167493343437,0.4875957601182116,0.009428266774774596,0.22270073803295595,0.2381015088159514,0.015400770782995454,0.2592592592592596,0.2721349729943534,0.01287571373509383,1611.0,0.5306526038233356,1755.0,0.5781147000659196,1768.0,0.5823994726433751,654.0,0.21522742254449573,1566.0,0.515820698747528,0.21522742254449573,WACC_0p7_WRT_0p3,0.4844429795649308,1522,False,,,False,False,False,False,False,100.0,0.2591623036649215
IBDD,Electricity,406,0.73,295,0.7142857142857141,0.2589340835115271,0,248,3590,1843,88,113,4,0.6864538373844744,0.7314757652473053,0.7099938264670898,0.6864538373844744,0.2573990272193909,0.2592592592592596,1.2233606186634038,-2.534149843841321,1.7596622789832348,-1.2199335447094035,0.0606453741297639,0.7314757652473053,0.6070976982848593,0.12437806696244602,0.7099938264670898,0.5967464143285003,0.11324741213858946,0.6864538373844744,0.5824707609617568,0.10398307642271765,0.2573990272193909,0.2838855099166557,0.02648648269726478,0.2592592592592596,0.23602085939015888,0.0232383998691007,2683.0,0.8839815425181279,2699.0,0.8892551087673038,2636.0,0.8684904416611734,1710.0,0.563282794990112,656.0,0.2158866183256427,0.2158866183256427,WACC_0p9_WRT_0p1,0.684179301252472,1523,False,,,False,False,False,False,False,248.0,0.6465968586387435
IBDD,Electricity,1817,0.73,58,0.7142857142857141,0.5366267752811291,0,50,3005,2312,580,223,67,0.35019266732163634,0.4434981589677179,0.3989780116851353,0.35019266732163634,0.22270073803295595,0.2592592592592596,1.2233606186634038,-2.534149843841321,1.7596622789832348,-1.2199335447094035,0.0606453741297639,0.4434981589677179,0.4483105513531661,0.0048123923854482276,0.3989780116851353,0.4139839826491665,0.015005970964031223,0.35019266732163634,0.39831694926878375,0.04812428194714741,0.22270073803295595,0.24794992041261874,0.025249182379662782,0.2592592592592596,0.27894450855825487,0.01968524929899529,843.0,0.27752142386288725,901.0,0.2966381015161503,657.0,0.21621621621621623,909.0,0.2992748846407383,1693.0,0.5576796308503625,0.21621621621621623,WACC_0p5_WRT_0p5,0.3294660514172709,1524,False,,,False,False,False,False,False,50.0,0.12827225130890052
IBDD,Electricity,2658,0.74,93,0.7499999999999998,0.4564335436868534,0,80,2466,3330,884,182,43,0.44729954368619157,0.5266615102506704,0.4887944310707241,0.44729954368619157,0.1838357749346038,0.22222222222222254,1.2233606186634038,-2.534149843841321,1.7596622789832348,-1.2199335447094035,0.0606453741297639,0.5266615102506704,0.48308944321711617,0.04357206703355426,0.4887944310707241,0.4703873771925141,0.01840705387821001,0.44729954368619157,0.4633505436572257,0.016050999971034152,0.1838357749346038,0.2383060349037934,0.05447025996918961,0.22222222222222254,0.2654842873602129,0.04326206513799036,1254.0,0.4129861568885959,1492.0,0.491430454845089,1412.0,0.46506262359920897,657.0,0.21621621621621623,1384.0,0.45583388266315095,0.21621621621621623,WACC_0p7_WRT_0p3,0.40830586684245224,1525,False,,,False,False,False,False,False,80.0,0.20680628272251309
IBDD,Electricity,2316,0.73,180,0.7142857142857141,0.3436220399983879,0,167,938,68,691,103,4,0.5839042486393382,0.6436512177794496,0.6151433152018055,0.5839042486393382,0.22270073803295595,0.2592592592592596,1.2233606186634038,-2.534149843841321,1.7596622789832348,-1.2199335447094035,0.0606453741297639,0.6436512177794496,0.5410026820599445,0.10264853571950505,0.6151433152018055,0.4927263009931025,0.12241701420870305,0.5839042486393382,0.503770786381311,0.0801334622580272,0.22270073803295595,0.2754690572805779,0.05276831924762196,0.2592592592592596,0.2360214480623814,0.023237811196878178,2110.0,0.6951219512195121,1784.0,0.5876730388925511,1974.0,0.6502966381015162,1555.0,0.5121951219512195,657.0,0.21621621621621623,0.21621621621621623,WACC_0p9_WRT_0p1,0.532300593276203,1526,False,,,False,False,False,False,False,167.0,0.43455497382198954
IBDD,Electricity,2719,0.74,94,0.7499999999999998,0.454611535799055,0,81,423,3078,123,154,16,0.44950583330912175,0.5285509999120911,0.49083507990505837,0.44950583330912175,0.1838357749346038,0.22222222222222254,1.2233606186634038,-2.534149843841321,1.7596622789832348,-1.2199335447094035,0.0606453741297639,0.5285509999120911,0.4977183684638991,0.030832631448191983,0.49083507990505837,0.47485895208482315,0.01597612782023522,0.44950583330912175,0.4631233357343513,0.013617502425229577,0.1838357749346038,0.2383144290150454,0.05447865408044161,0.22222222222222254,0.24477111327385428,0.022548891051631742,1478.0,0.48681608437706,1543.0,0.5082399472643375,1407.0,0.4634146341463415,658.0,0.21654581410678972,881.0,0.2900461437046803,0.21654581410678972,WACC_0p7_WRT_0p3,0.39301252471984177,1527,False,,,False,False,False,False,False,81.0,0.2094240837696335
IBDD,Electricity,119,0.73,74,0.7142857142857141,0.4953125156100612,0,66,606,1,1000,101,6,0.4002205640183184,0.48634257640438094,0.4452499825167314,0.4002205640183184,0.22270073803295595,0.2592592592592596,1.2233606186634038,-2.534149843841321,1.7596622789832348,-1.2199335447094035,0.0606453741297639,0.48634257640438094,0.4423096919909027,0.044032884413478246,0.4452499825167314,0.38125719272406866,0.06399278979266276,0.4002205640183184,0.4107733517587712,0.010552787740452818,0.22270073803295595,0.30408683963994276,0.08138610160698681,0.2592592592592596,0.29326357632670524,0.034004317067445666,770.0,0.2534607778510218,658.0,0.21654581410678972,777.0,0.25576796308503624,2011.0,0.6624917600527357,1910.0,0.6292023731048121,0.21654581410678972,WACC_0p3_WRT_0p7,0.40349373764007906,1528,False,,,False,False,False,False,False,66.0,0.17015706806282724
IBDD,Electricity,2148,0.72,84,0.6785714285714283,0.4737621586253954,0,77,4983,2593,570,168,68,0.4263161310595567,0.5086910947588492,0.4693863823395571,0.4263161310595567,0.2615657011313083,0.2962962962962967,1.2233606186634038,-2.534149843841321,1.7596622789832348,-1.2199335447094035,0.0606453741297639,0.5086910947588492,0.47749111730878496,0.031199977450064253,0.4693863823395571,0.46352360489039557,0.005862777449161527,0.4263161310595567,0.4553672623935925,0.029051131334035807,0.2615657011313083,0.2383976708928803,0.023168030238427978,0.2962962962962967,0.2714545591503967,0.024841737145900045,1179.0,0.3882663150955834,1408.0,0.46374423203691495,1309.0,0.43111404087013844,659.0,0.2168754119973632,1547.0,0.5095583388266315,0.2168754119973632,WACC_0p7_WRT_0p3,0.4019116677653263,1529,False,,,False,False,False,False,False,77.0,0.19895287958115182
IBDD,Electricity,1931,0.7,87,0.6071428571428569,0.4677900638121001,0,85,2169,3286,838,228,1,0.43354780711429075,0.5148843782689332,0.47607512853044787,0.43354780711429075,0.33929562732801266,0.37037037037037074,1.2233606186634038,-2.534149843841321,1.7596622789832348,-1.2199335447094035,0.0606453741297639,0.5148843782689332,0.5112452056857726,0.0036391725831605992,0.47607512853044787,0.5010796582360219,0.025004529705573986,0.43354780711429075,0.49066882532911915,0.0571210182148284,0.33929562732801266,0.24036672126491065,0.098928906063102,0.37037037037037074,0.23607525983922367,0.13429511053114707,1692.0,0.557350032959789,1888.0,0.6219512195121951,1810.0,0.5962425840474621,697.0,0.22940013183915622,659.0,0.2168754119973632,0.2168754119973632,WACC_0p9_WRT_0p1,0.44436387607119315,1530,False,,,False,False,False,False,False,85.0,0.2198952879581152
IBDD,Electricity,2407,0.71,78,0.6428571428571426,0.4863661844748775,0,75,62,3050,322,224,159,0.41105377592647485,0.49562025313716407,0.4552698733881372,0.41105377592647485,0.3004306642296604,0.3333333333333337,1.2233606186634038,-2.534149843841321,1.7596622789832348,-1.2199335447094035,0.0606453741297639,0.49562025313716407,0.42945561924927866,0.0661646338878854,0.4552698733881372,0.3945997718228218,0.06067010156531538,0.41105377592647485,0.4599108781982326,0.04885710227175777,0.3004306642296604,0.46768603611760273,0.16725537188794232,0.3333333333333337,0.5144790572131626,0.18114572387982886,660.0,0.21720500988793673,748.0,0.24620962425840476,1361.0,0.44825313117996046,2991.0,0.985497692814766,3001.0,0.988793671720501,0.21720500988793673,WACC_0p1_WRT_0p9,0.5771918259723139,1531,False,,,False,False,False,False,False,75.0,0.193717277486911
IBDD,Electricity,2050,0.73,81,0.7142857142857141,0.4799488650928298,0,73,1284,2004,741,119,69,0.41882457936506384,0.502275251014843,0.4624572710960305,0.41882457936506384,0.22270073803295595,0.2592592592592596,1.2233606186634038,-2.534149843841321,1.7596622789832348,-1.2199335447094035,0.0606453741297639,0.502275251014843,0.44328489391260034,0.05899035710224271,0.4624572710960305,0.40519544395295654,0.057261827143073984,0.41882457936506384,0.39861688527143574,0.020207694093628104,0.22270073803295595,0.24532315798561408,0.022622419952658124,0.2592592592592596,0.2915147939089386,0.03225553464967901,783.0,0.25774555042847724,829.0,0.27290705339485827,661.0,0.21753460777851022,831.0,0.27356624917600525,1881.0,0.6196440342781806,0.21753460777851022,WACC_0p5_WRT_0p5,0.3282794990112063,1532,False,,,False,False,False,False,False,73.0,0.18848167539267016
IBDD,Electricity,2670,0.74,203,0.7499999999999998,0.3230255809587253,0,184,4872,4437,461,139,23,0.6088447300459375,0.6650105086353961,0.6382113493262277,0.6088447300459375,0.22750806302094895,0.22222222222222254,1.2233606186634038,-2.534149843841321,1.7596622789832348,-1.2199335447094035,0.0606453741297639,0.6650105086353961,0.5800160226853793,0.0849944859500168,0.6382113493262277,0.5722798298492698,0.06593151947695786,0.6088447300459375,0.578388650905397,0.030456079140540493,0.22750806302094895,0.2585363422106893,0.031028279189740327,0.22222222222222254,0.23612820108731866,0.01390597886509612,2483.0,0.8180619644034278,2561.0,0.8437705998681608,2610.0,0.8599208965062624,1186.0,0.39057350032959787,661.0,0.21753460777851022,0.21753460777851022,WACC_0p9_WRT_0p1,0.6259723137771919,1533,False,,,False,False,False,False,False,184.0,0.4790575916230366
IBDD,Electricity,157,0.74,21,0.7499999999999998,0.706479646566833,0,10,2185,1,554,147,1,0.14451593570476354,0.2673544405973583,0.2087427958451469,0.14451593570476354,0.1838357749346038,0.22222222222222254,1.2233606186634038,-2.534149843841321,1.7596622789832348,-1.2199335447094035,0.0606453741297639,0.2673544405973583,0.5036278608866881,0.2362734202893298,0.2087427958451469,0.44127700193860175,0.23253420609345485,0.14451593570476354,0.43030624290873076,0.28579030720396725,0.1838357749346038,0.23860965211307827,0.054773877178474484,0.22222222222222254,0.24924380796597964,0.0270215857437571,1575.0,0.5187870797626896,1153.0,0.37969676994067236,982.0,0.32333553065260384,662.0,0.2178642056690837,999.0,0.3289386947923533,0.2178642056690837,WACC_0p7_WRT_0p3,0.3537244561634806,1534,False,,,False,False,False,False,False,10.0,0.02356020942408377
IBDD,Electricity,542,0.74,148,0.7499999999999998,0.377119421762125,0,134,686,4522,32,173,2,0.5433418963709491,0.6089131922466853,0.57762624762642,0.5433418963709491,0.2022798015008817,0.22222222222222254,1.2233606186634038,-2.534149843841321,1.7596622789832348,-1.2199335447094035,0.0606453741297639,0.6089131922466853,0.5438587299462042,0.06505446230048106,0.57762624762642,0.5300116519169581,0.047614595709461915,0.5433418963709491,0.5338014746843833,0.00954042168656577,0.2022798015008817,0.24341189352982412,0.04113209202894241,0.22222222222222254,0.23613584663312756,0.013913624410905018,2136.0,0.7036914963744232,2184.0,0.7195121951219512,2264.0,0.7458800263678312,780.0,0.25675675675675674,662.0,0.2178642056690837,0.2178642056690837,WACC_0p9_WRT_0p1,0.5287409360580091,1535,False,,,False,False,False,False,False,134.0,0.3481675392670157
IBDD,Electricity,2037,0.74,110,0.7499999999999998,0.427811438654111,0,96,2442,4361,261,123,51,0.4819583691188635,0.5563436932475886,0.5208511887073957,0.4819583691188635,0.1838357749346038,0.22222222222222254,1.2233606186634038,-2.534149843841321,1.7596622789832348,-1.2199335447094035,0.0606453741297639,0.5563436932475886,0.5208541066585006,0.03548958658908796,0.5208511887073957,0.506870916303819,0.013980272403576688,0.4819583691188635,0.4930787973263375,0.011120428207473998,0.1838357749346038,0.23867897300696314,0.05484319807235935,0.22222222222222254,0.27135359655130403,0.04913137432908149,1841.0,0.6064601186552406,1967.0,0.6479894528675016,1844.0,0.6074489123269611,663.0,0.21819380355965723,1543.0,0.5082399472643375,0.21819380355965723,WACC_0p7_WRT_0p3,0.5176664469347395,1536,False,,,False,False,False,False,False,96.0,0.2486910994764398
IBDD,Electricity,1364,0.71,71,0.6428571428571426,0.5023411706436027,0,68,1828,2757,834,203,175,0.3917094874376366,0.4790536008140415,0.4373778888791649,0.3917094874376366,0.3004306642296604,0.3333333333333337,1.2233606186634038,-2.534149843841321,1.7596622789832348,-1.2199335447094035,0.0606453741297639,0.4790536008140415,0.42947364851783626,0.049579952296205265,0.4373778888791649,0.38607392185533645,0.051303967023828445,0.3917094874376366,0.436567771481762,0.044858284044125396,0.3004306642296604,0.409503539910855,0.10907287568119456,0.3333333333333337,0.45872676095670195,0.12539342762336825,663.0,0.21819380355965723,695.0,0.22874093605800924,1071.0,0.35266974291364533,2857.0,0.9413315754779169,2885.0,0.950560316413975,0.21819380355965723,WACC_0p1_WRT_0p9,0.5382992748846407,1537,False,,,False,False,False,False,False,68.0,0.17539267015706805
IBDD,Electricity,2245,0.71,74,0.6428571428571426,0.4953125156100612,0,71,1617,2831,850,235,232,0.4002205640183184,0.48634257640438094,0.4452499825167314,0.4002205640183184,0.3004306642296604,0.3333333333333337,1.2233606186634038,-2.534149843841321,1.7596622789832348,-1.2199335447094035,0.0606453741297639,0.48634257640438094,0.43240718984402854,0.053935386560352405,0.4452499825167314,0.3815685342547134,0.06368144826201805,0.4002205640183184,0.47450040439517854,0.07427984037686014,0.3004306642296604,0.4845323610764203,0.18410169684675987,0.3333333333333337,0.5274113498635908,0.19407801653025714,687.0,0.22610415293342123,663.0,0.21819380355965723,1560.0,0.513843111404087,3017.0,0.994067237969677,3015.0,0.99340804218853,0.21819380355965723,WACC_0p3_WRT_0p7,0.5891232696110744,1538,False,,,False,False,False,False,False,71.0,0.18324607329842932
IBDD,Electricity,757,0.74,208,0.7499999999999998,0.3188564150660998,0,188,1979,4589,309,223,1,0.6138932194113095,0.6693340880796003,0.6428808151259683,0.6138932194113095,0.22945247676376254,0.22222222222222254,1.2233606186634038,-2.534149843841321,1.7596622789832348,-1.2199335447094035,0.0606453741297639,0.6693340880796003,0.5605896772893224,0.10874441079027786,0.6428808151259683,0.5501730299699775,0.09270778515599076,0.6138932194113095,0.5537030101594599,0.06019020925184959,0.22945247676376254,0.25886643560796296,0.029413958844200422,0.22222222222222254,0.23620028143853128,0.013978059216308736,2308.0,0.7603823335530653,2378.0,0.7834541858932103,2446.0,0.8058668424522083,1197.0,0.3941990771259064,663.0,0.21819380355965723,0.21819380355965723,WACC_0p9_WRT_0p1,0.5924192485168096,1539,False,,,False,False,False,False,False,188.0,0.4895287958115183
IBDD,Electricity,2818,0.72,67,0.6785714285714283,0.5121825999482407,0,60,4074,2214,919,139,134,0.3797923911972576,0.46884767412775036,0.4263554880579704,0.3797923911972576,0.2615657011313083,0.2962962962962967,1.2233606186634038,-2.534149843841321,1.7596622789832348,-1.2199335447094035,0.0606453741297639,0.46884767412775036,0.4294962537677012,0.03935142036004918,0.4263554880579704,0.3961768467441113,0.03017864131385911,0.3797923911972576,0.4138598159814975,0.03406742478423991,0.2615657011313083,0.3200659002692488,0.05850019913794052,0.2962962962962967,0.3587114832972812,0.06241518700098447,664.0,0.21852340145023072,760.0,0.25016479894528676,812.0,0.2673038892551088,2195.0,0.7231377719182597,2471.0,0.8141067897165458,0.21852340145023072,WACC_0p1_WRT_0p9,0.4546473302570863,1540,False,,,False,False,False,False,False,60.0,0.1544502617801047
IBDD,Electricity,449,0.73,423,0.7142857142857141,0.1970577369466385,0,302,4309,836,843,90,2,0.7613805938739323,0.7956438283516342,0.7792953346197649,0.7613805938739323,0.28625689033025387,0.2592592592592596,1.2233606186634038,-2.534149843841321,1.7596622789832348,-1.2199335447094035,0.0606453741297639,0.7956438283516342,0.6778810541587386,0.1177627741928956,0.7792953346197649,0.6610662351121738,0.11822909950759108,0.7613805938739323,0.6393844051110779,0.12199618876285445,0.28625689033025387,0.309648080940531,0.023391190610277113,0.2592592592592596,0.23623550730083187,0.023023751958427707,2951.0,0.972313777191826,2928.0,0.9647330257086355,2862.0,0.9429795649307845,2090.0,0.6885299934080422,664.0,0.21852340145023072,0.21852340145023072,WACC_0p9_WRT_0p1,0.7574159525379038,1541,False,,,False,False,False,False,False,302.0,0.7879581151832461
IBDD,Electricity,1904,0.71,57,0.6428571428571426,0.5395700629986553,0,54,3722,2176,264,247,107,0.3466286074775693,0.44044586059398705,0.395681529441506,0.3466286074775693,0.3004306642296604,0.3333333333333337,1.2233606186634038,-2.534149843841321,1.7596622789832348,-1.2199335447094035,0.0606453741297639,0.44044586059398705,0.4301108905316102,0.010334970062376825,0.395681529441506,0.3980872643390277,0.0024057348975217163,0.3466286074775693,0.39893135257224904,0.05230274509467975,0.3004306642296604,0.29075092694598825,0.009679737283672163,0.3333333333333337,0.3214328286980308,0.0119005046353029,667.0,0.21951219512195122,775.0,0.25510876730388926,665.0,0.2188529993408042,1821.0,0.5998681608437706,2204.0,0.7261041529334212,0.2188529993408042,WACC_0p5_WRT_0p5,0.4038892551087673,1542,False,,,False,False,False,False,False,54.0,0.1387434554973822
IBDD,Electricity,1477,0.73,61,0.7142857142857141,0.5280872662717262,0,53,1004,2422,776,223,87,0.3605332537913963,0.4523539460885802,0.40854226177566655,0.3605332537913963,0.22270073803295595,0.2592592592592596,1.2233606186634038,-2.534149843841321,1.7596622789832348,-1.2199335447094035,0.0606453741297639,0.4523539460885802,0.4408189677598881,0.011534978328692103,0.40854226177566655,0.4059186800688261,0.002623581706840461,0.3605332537913963,0.39907706006920646,0.03854380627781018,0.22270073803295595,0.2673439959943244,0.04464325796136845,0.2592592592592596,0.313023909490352,0.05376465023109245,760.0,0.25016479894528676,835.0,0.27488464073829927,666.0,0.21918259723137773,1387.0,0.45682267633487145,2127.0,0.7007251153592617,0.21918259723137773,WACC_0p5_WRT_0p5,0.3803559657218194,1543,False,,,False,False,False,False,False,53.0,0.13612565445026178
IBDD,Electricity,2574,0.74,60,0.7499999999999998,0.5308869724893325,0,47,3361,306,385,82,46,0.3571430583830649,0.44945054704809956,0.4054065908119476,0.3571430583830649,0.1838357749346038,0.22222222222222254,1.2233606186634038,-2.534149843841321,1.7596622789832348,-1.2199335447094035,0.0606453741297639,0.44945054704809956,0.4716898124999461,0.022239265451846568,0.4054065908119476,0.40201134907039676,0.003395241741550814,0.3571430583830649,0.3991462094752796,0.0420031510922147,0.1838357749346038,0.2478162867328695,0.06398051179826572,0.22222222222222254,0.25885951196285134,0.0366372897406288,1104.0,0.36354647330257084,801.0,0.26367831245880025,667.0,0.21951219512195122,906.0,0.2982860909690178,1234.0,0.40639419907712593,0.21951219512195122,WACC_0p5_WRT_0p5,0.31028345418589326,1544,False,,,False,False,False,False,False,47.0,0.12041884816753927
IBDD,Electricity,838,0.73,149,0.7142857142857141,0.3759677242326947,0,141,782,2441,680,97,8,0.544736499723082,0.6101075452401685,0.578916148859382,0.544736499723082,0.22270073803295595,0.2592592592592596,1.2233606186634038,-2.534149843841321,1.7596622789832348,-1.2199335447094035,0.0606453741297639,0.6101075452401685,0.5592109783856217,0.0508965668545468,0.578916148859382,0.5385482848411827,0.04036786401819936,0.544736499723082,0.5294252354790437,0.01531126424403828,0.22270073803295595,0.27431474985812543,0.051614011825169476,0.2592592592592596,0.23635171544999997,0.022907543809259606,2295.0,0.7560975609756098,2274.0,0.7491760052735662,2228.0,0.7340145023071852,1534.0,0.505273566249176,667.0,0.21951219512195122,0.21951219512195122,WACC_0p9_WRT_0p1,0.5928147659854976,1545,False,,,False,False,False,False,False,141.0,0.36649214659685864
IBDD,Electricity,2619,0.73,77,0.7142857142857141,0.4885595662217817,0,69,1940,2398,608,184,84,0.40839778556566114,0.49334563502926343,0.4528132858316045,0.40839778556566114,0.22270073803295595,0.2592592592592596,1.2233606186634038,-2.534149843841321,1.7596622789832348,-1.2199335447094035,0.0606453741297639,0.49334563502926343,0.4301688394196471,0.06317679560961631,0.4528132858316045,0.39687187780532696,0.05594140802627756,0.40839778556566114,0.41129546995308186,0.002897684387420718,0.22270073803295595,0.2806161021962195,0.057915364163263566,0.2592592592592596,0.3449736828791401,0.08571442361988052,668.0,0.2198417930125247,766.0,0.25214238628872776,783.0,0.25774555042847724,1660.0,0.5468029004614371,2376.0,0.7827949901120633,0.2198417930125247,WACC_0p1_WRT_0p9,0.411865524060646,1546,False,,,False,False,False,False,False,69.0,0.17801047120418848
IBDD,Electricity,1319,0.74,187,0.7499999999999998,0.3370887523094868,0,171,2529,3198,114,63,2,0.5918154793909554,0.6504264790864582,0.6224605974133748,0.5918154793909554,0.22094928739383116,0.22222222222222254,1.2233606186634038,-2.534149843841321,1.7596622789832348,-1.2199335447094035,0.0606453741297639,0.6504264790864582,0.6045137758800582,0.04591270320640006,0.6224605974133748,0.5951179271701296,0.027342670243245215,0.5918154793909554,0.5956744801779479,0.003859000786992528,0.22094928739383116,0.3240130494487423,0.10306376205491116,0.22222222222222254,0.23636787958216535,0.014145657359942804,2666.0,0.8783783783783784,2691.0,0.8866183256427159,2711.0,0.8932102834541858,2247.0,0.7402768622280818,668.0,0.2198417930125247,0.2198417930125247,WACC_0p9_WRT_0p1,0.7236651285431772,1547,False,,,False,False,False,False,False,171.0,0.44502617801047123
IBDD,Electricity,1274,0.74,137,0.7499999999999998,0.390324214459635,0,123,4694,2994,617,146,27,0.5273520659774795,0.595219333152971,0.5628368798052087,0.5273520659774795,0.1961213561299603,0.22222222222222254,1.2233606186634038,-2.534149843841321,1.7596622789832348,-1.2199335447094035,0.0606453741297639,0.595219333152971,0.5507477737816525,0.044471559371318525,0.5628368798052087,0.53834687399459,0.024490005810618665,0.5273520659774795,0.5293363026741017,0.001984236696622177,0.1961213561299603,0.24811131418597213,0.05198995805601184,0.22222222222222254,0.23636914651774024,0.014146924295517699,2211.0,0.7284113381674358,2273.0,0.7488464073829928,2227.0,0.7336849044166117,912.0,0.3002636783124588,669.0,0.22017139090309823,0.22017139090309823,WACC_0p9_WRT_0p1,0.5462755438365194,1548,False,,,False,False,False,False,False,123.0,0.3193717277486911
IBDD,Electricity,2324,0.71,61,0.6428571428571426,0.5280872662717262,0,58,4063,2372,400,214,138,0.3605332537913963,0.4523539460885802,0.40854226177566655,0.3605332537913963,0.3004306642296604,0.3333333333333337,1.2233606186634038,-2.534149843841321,1.7596622789832348,-1.2199335447094035,0.0606453741297639,0.4523539460885802,0.43104123975081876,0.021312706337761445,0.40854226177566655,0.38229026897307417,0.026251992802592383,0.3605332537913963,0.41600407893564617,0.05547082514424989,0.3004306642296604,0.31765473056408555,0.017224066334425137,0.3333333333333337,0.3589037581680997,0.025570424834766015,677.0,0.2228081740276862,670.0,0.22050098879367172,829.0,0.27290705339485827,2175.0,0.7165458141067897,2473.0,0.8147659854976929,0.22050098879367172,WACC_0p3_WRT_0p7,0.4495056031641398,1549,False,,,False,False,False,False,False,58.0,0.14921465968586387
IBDD,Electricity,465,0.73,219,0.7142857142857141,0.3100248311118884,0,201,1107,4806,610,191,9,0.6245874826813533,0.6784927677358195,0.6527721891546849,0.6245874826813533,0.23357134697752763,0.2592592592592596,1.2233606186634038,-2.534149843841321,1.7596622789832348,-1.2199335447094035,0.0606453741297639,0.6784927677358195,0.5572097451981624,0.1212830225376571,0.6527721891546849,0.5486394455023901,0.10413274365229486,0.6245874826813533,0.5427600219979677,0.08182746068338564,0.23357134697752763,0.25578705078066155,0.022215703803133924,0.2592592592592596,0.23637954382317736,0.02287971543608222,2271.0,0.7481872116018458,2362.0,0.7781806196440343,2351.0,0.7745550428477258,1119.0,0.3684904416611734,670.0,0.22050098879367172,0.22050098879367172,WACC_0p9_WRT_0p1,0.5779828609096902,1550,False,,,False,False,False,False,False,201.0,0.5235602094240838
IBDD,Electricity,827,0.74,124,0.7499999999999998,0.4073595105219982,0,110,2523,2600,714,86,9,0.5067238364414649,0.5775531001994092,0.5437573482153619,0.5067238364414649,0.18817644229596128,0.22222222222222254,1.2233606186634038,-2.534149843841321,1.7596622789832348,-1.2199335447094035,0.0606453741297639,0.5775531001994092,0.5623889742542709,0.015164125945138274,0.5437573482153619,0.5473749672299388,0.0036176190145769116,0.5067238364414649,0.5375254748764524,0.03080163843498751,0.18817644229596128,0.28260542282404555,0.09442898052808427,0.22222222222222254,0.23643166848821157,0.014209446265989023,2323.0,0.7653263019116677,2348.0,0.7735662491760052,2301.0,0.7580751483190508,1690.0,0.5566908371786421,672.0,0.22116018457481873,0.22116018457481873,WACC_0p9_WRT_0p1,0.6149637442320369,1551,False,,,False,False,False,False,False,110.0,0.28534031413612565
IBDD,Electricity,1893,0.73,114,0.7142857142857141,0.4217160007489388,0,106,4121,2338,388,122,52,0.4893394026958622,0.5626648881122115,0.5276780791611885,0.4893394026958622,0.22270073803295595,0.2592592592592596,1.2233606186634038,-2.534149843841321,1.7596622789832348,-1.2199335447094035,0.0606453741297639,0.5626648881122115,0.49941731601771316,0.06324757209449833,0.5276780791611885,0.4825180176969436,0.045160061464244894,0.4893394026958622,0.46720010972693254,0.022139292968929636,0.22270073803295595,0.2392776627032624,0.016576924670306442,0.2592592592592596,0.25618759268259134,0.0030716665766682416,1508.0,0.496704021094265,1652.0,0.544166117336849,1455.0,0.4792353328938695,673.0,0.22148978246539222,1165.0,0.38365194462755436,0.22148978246539222,WACC_0p7_WRT_0p3,0.425049439683586,1552,False,,,False,False,False,False,False,106.0,0.27486910994764396
IBDD,Electricity,2346,0.7,57,0.6071428571428569,0.5395700629986553,0,55,2261,2291,475,162,61,0.3466286074775693,0.44044586059398705,0.395681529441506,0.3466286074775693,0.33929562732801266,0.37037037037037074,1.2233606186634038,-2.534149843841321,1.7596622789832348,-1.2199335447094035,0.0606453741297639,0.44044586059398705,0.4353849883245506,0.005060872269436467,0.395681529441506,0.4064820126390167,0.010800483197510702,0.3466286074775693,0.39960894102973477,0.05298033355216547,0.33929562732801266,0.2542197329151152,0.08507589441289748,0.37037037037037074,0.29242123423176564,0.0779491361386051,710.0,0.23368490441661174,845.0,0.2781806196440343,674.0,0.2218193803559657,1080.0,0.35563612392880684,1896.0,0.6245880026367832,0.2218193803559657,WACC_0p5_WRT_0p5,0.34278180619644033,1553,False,,,False,False,False,False,False,55.0,0.14136125654450263
IBDD,Electricity,415,0.75,134,0.7857142857142856,0.3941085017086084,0,38,2114,3123,106,49,1,0.5227696304438523,0.5912948871169988,0.5585984780863587,0.5227696304438523,0.19435644191854132,0.18518518518518542,1.2233606186634038,-2.534149843841321,1.7596622789832348,-1.2199335447094035,0.0606453741297639,0.5912948871169988,0.6050488155504277,0.01375392843342882,0.5585984780863587,0.5870985883888271,0.028500110302468462,0.5227696304438523,0.5959867790423193,0.07321714859846706,0.19435644191854132,0.3276994162514408,0.13334297433289946,0.18518518518518542,0.23660588914475034,0.05142070395956491,2671.0,0.8800263678312459,2649.0,0.8727752142386289,2713.0,0.8938694792353329,2288.0,0.7537903757415952,674.0,0.2218193803559657,0.2218193803559657,WACC_0p9_WRT_0p1,0.7244561634805537,1554,False,,,False,False,False,False,False,38.0,0.0968586387434555
IBDD,Electricity,1710,0.74,79,0.7499999999999998,0.484200393167689,0,66,3000,2590,301,203,118,0.4136763567168665,0.4978662589372113,0.4576955596521882,0.4136763567168665,0.1838357749346038,0.22222222222222254,1.2233606186634038,-2.534149843841321,1.7596622789832348,-1.2199335447094035,0.0606453741297639,0.4978662589372113,0.4337783542777232,0.0640879046594881,0.4576955596521882,0.39231780044003484,0.06537775921215339,0.4136763567168665,0.3996370690335084,0.014039287683358104,0.1838357749346038,0.29315234196564943,0.10931656703104564,0.22222222222222254,0.3320413211211701,0.10981909889894753,697.0,0.22940013183915622,732.0,0.24093605800922874,675.0,0.22214897824653923,1857.0,0.6117336849044166,2280.0,0.7511535926170072,0.22214897824653923,WACC_0p5_WRT_0p5,0.4110744891232696,1555,False,,,False,False,False,False,False,66.0,0.17015706806282724
IBDD,Electricity,2253,0.72,112,0.6785714285714283,0.4247367473289887,0,105,1161,4469,266,229,25,0.4856815470533606,0.5595322620291968,0.5242948429915326,0.4856815470533606,0.2615657011313083,0.2962962962962967,1.2233606186634038,-2.534149843841321,1.7596622789832348,-1.2199335447094035,0.0606453741297639,0.5595322620291968,0.5325247904981267,0.027007471531070082,0.5242948429915326,0.5220098820621593,0.0022849609293733586,0.4856815470533606,0.5232181188810837,0.03753657182772313,0.2615657011313083,0.23935394423840833,0.022211756892899948,0.2962962962962967,0.24690022342054982,0.049396072875746905,2005.0,0.6605141727092947,2120.0,0.6984179301252472,2186.0,0.7201713909030982,675.0,0.22214897824653923,929.0,0.3058668424522083,0.22214897824653923,WACC_0p7_WRT_0p3,0.5214238628872775,1556,False,,,False,False,False,False,False,105.0,0.27225130890052357
IBDD,Electricity,24,0.73,162,0.7142857142857141,0.3616571542990457,0,153,3881,2088,773,130,24,0.5620653280746305,0.6249481362824711,0.5949439871850688,0.5620653280746305,0.22270073803295595,0.2592592592592596,1.2233606186634038,-2.534149843841321,1.7596622789832348,-1.2199335447094035,0.0606453741297639,0.6249481362824711,0.5400262655300667,0.08492187075240443,0.5949439871850688,0.527583171502177,0.06736081568289176,0.5620653280746305,0.5192203776462752,0.042844950428355344,0.22270073803295595,0.256939277211222,0.03423853917826605,0.2592592592592596,0.23660632074640162,0.022652938512857962,2098.0,0.6911667765326301,2166.0,0.7135794330916282,2146.0,0.7069874752801583,1143.0,0.3764007910349374,675.0,0.22214897824653923,0.22214897824653923,WACC_0p9_WRT_0p1,0.5420566908371786,1557,False,,,False,False,False,False,False,153.0,0.39790575916230364
IBDD,Electricity,1855,0.73,88,0.7142857142857141,0.4658445274206108,0,80,3437,786,597,98,43,0.435903678776714,0.516901971563811,0.47825412928891586,0.435903678776714,0.22270073803295595,0.2592592592592596,1.2233606186634038,-2.534149843841321,1.7596622789832348,-1.2199335447094035,0.0606453741297639,0.516901971563811,0.4654887134899053,0.05141325807390573,0.47825412928891586,0.41691320539213683,0.06134092389677903,0.435903678776714,0.4178510927432724,0.018052586033441564,0.22270073803295595,0.2394417298453493,0.016740991812393358,0.2592592592592596,0.2597458752967943,0.00048661603753474836,1028.0,0.33849703361898487,919.0,0.3025708635464733,848.0,0.2791694133157548,676.0,0.22247857613711272,1253.0,0.4126565589980224,0.22247857613711272,WACC_0p7_WRT_0p3,0.3110744891232696,1558,False,,,False,False,False,False,False,80.0,0.20680628272251309
IBDD,Electricity,1980,0.71,73,0.6428571428571426,0.4976236662662598,0,70,827,2801,236,243,162,0.3974219659749473,0.48394582757573046,0.4426614937817889,0.3974219659749473,0.3004306642296604,0.3333333333333337,1.2233606186634038,-2.534149843841321,1.7596622789832348,-1.2199335447094035,0.0606453741297639,0.48394582757573046,0.4309560722447724,0.052989755330958066,0.4426614937817889,0.38914355242874377,0.053517941353045106,0.3974219659749473,0.43916971202723953,0.041747746052292256,0.3004306642296604,0.4113955187984526,0.11096485456879218,0.3333333333333337,0.4570984194335146,0.12376508610018089,676.0,0.22247857613711272,710.0,0.23368490441661174,1105.0,0.36387607119314436,2860.0,0.9423203691496375,2882.0,0.9495715227422544,0.22247857613711272,WACC_0p1_WRT_0p9,0.5423862887277522,1559,False,,,False,False,False,False,False,70.0,0.1806282722513089
IBDD,Electricity,872,0.74,224,0.7499999999999998,0.3061554966205457,0,197,1059,4176,433,106,10,0.6292729028669983,0.6825054109120267,0.6571058437849887,0.6292729028669983,0.23537592548418218,0.22222222222222254,1.2233606186634038,-2.534149843841321,1.7596622789832348,-1.2199335447094035,0.0606453741297639,0.6825054109120267,0.5878466360436155,0.09465877486841112,0.6571058437849887,0.5808367619054638,0.07626908187952486,0.6292729028669983,0.5864480235525446,0.04282487931445378,0.23537592548418218,0.2794850572368638,0.04410913175268161,0.22222222222222254,0.23670368875160733,0.014481466529384784,2551.0,0.8404746209624259,2620.0,0.8632168754119973,2666.0,0.8783783783783784,1637.0,0.5392221489782465,676.0,0.22247857613711272,0.22247857613711272,WACC_0p9_WRT_0p1,0.6687541199736321,1560,False,,,False,False,False,False,False,197.0,0.5130890052356021
IBDD,Electricity,903,0.74,527,0.7499999999999998,0.1592882534452183,0,305,1945,673,9,55,6,0.8071160816677342,0.8348121816123663,0.8215971561413555,0.8071160816677342,0.30387180532057206,0.22222222222222254,1.2233606186634038,-2.534149843841321,1.7596622789832348,-1.2199335447094035,0.0606453741297639,0.8348121816123663,0.5903468341591741,0.24446534745319215,0.8215971561413555,0.5464878877181836,0.27510926842317196,0.8071160816677342,0.5192803160696426,0.28783576559809154,0.30387180532057206,0.28943364042652403,0.014438164894048033,0.22222222222222254,0.23670370636068253,0.014481484138459982,2567.0,0.8457481872116018,2340.0,0.7709294660514173,2147.0,0.7073170731707317,1801.0,0.5932762030323006,677.0,0.2228081740276862,0.2228081740276862,WACC_0p9_WRT_0p1,0.6280158206987475,1561,False,,,False,False,False,False,False,305.0,0.7958115183246073
IBDD,Electricity,220,0.74,62,0.7499999999999998,0.5253323572805145,0,49,2467,1,1000,126,8,0.3638692037398741,0.455210888746133,0.41162775984582367,0.3638692037398741,0.1838357749346038,0.22222222222222254,1.2233606186634038,-2.534149843841321,1.7596622789832348,-1.2199335447094035,0.0606453741297639,0.455210888746133,0.4444353086448903,0.010775580101242743,0.41162775984582367,0.3832773347839617,0.028350425061861972,0.3638692037398741,0.4033985577468743,0.039529354007000195,0.1838357749346038,0.27997917389064925,0.09614339895604546,0.22222222222222254,0.29016881171369957,0.06794658949147703,802.0,0.26400791034937376,678.0,0.22313777191825973,700.0,0.23038892551087672,1647.0,0.5425181278839816,1868.0,0.6153592617007251,0.22313777191825973,WACC_0p3_WRT_0p7,0.3750823994726434,1562,False,,,False,False,False,False,False,49.0,0.1256544502617801
IBDD,Electricity,129,0.73,95,0.7142857142857141,0.4528086068783853,0,87,495,148,1000,96,5,0.4516890199984838,0.5304207039779707,0.49285436029620844,0.4516890199984838,0.22270073803295595,0.2592592592592596,1.2233606186634038,-2.534149843841321,1.7596622789832348,-1.2199335447094035,0.0606453741297639,0.5304207039779707,0.49268603118260484,0.03773467279536585,0.49285436029620844,0.41636810398993035,0.07648625630627809,0.4516890199984838,0.3999727786854395,0.05171624131304431,0.22270073803295595,0.24905293119073013,0.02635219315777418,0.2592592592592596,0.2551860614987065,0.004073197760553093,1410.0,0.464403427818062,914.0,0.3009228740936058,679.0,0.22346736980883322,943.0,0.31048121292023734,1141.0,0.37574159525379036,0.22346736980883322,WACC_0p5_WRT_0p5,0.33500329597890577,1563,False,,,False,False,False,False,False,87.0,0.225130890052356
IBDD,Electricity,1697,0.73,75,0.7142857142857141,0.4930319771219003,0,67,566,2776,738,194,145,0.4029820934468227,0.48870757928099223,0.44780418562347163,0.4029820934468227,0.22270073803295595,0.2592592592592596,1.2233606186634038,-2.534149843841321,1.7596622789832348,-1.2199335447094035,0.0606453741297639,0.48870757928099223,0.43146213923841703,0.0572454400425752,0.44780418562347163,0.39585506025790573,0.051949125365565896,0.4029820934468227,0.41157569096273106,0.00859359751590838,0.22270073803295595,0.3581482245992329,0.13544748656627695,0.2592592592592596,0.4014166519614381,0.14215739270217853,679.0,0.22346736980883322,757.0,0.24917600527356626,787.0,0.25906394199077126,2587.0,0.8523401450230719,2699.0,0.8892551087673038,0.22346736980883322,WACC_0p1_WRT_0p9,0.4946605141727093,1564,False,,,False,False,False,False,False,67.0,0.17277486910994763
IBDD,Electricity,2410,0.74,122,0.7499999999999998,0.4101366374806809,0,108,1098,4247,854,170,46,0.5033609825089801,0.5746731166867012,0.5406469660216373,0.5033609825089801,0.18688124705473758,0.22222222222222254,1.2233606186634038,-2.534149843841321,1.7596622789832348,-1.2199335447094035,0.0606453741297639,0.5746731166867012,0.5097045847513242,0.064968531935377,0.5406469660216373,0.5062346388669423,0.034412327154695,0.5033609825089801,0.5020962278873399,0.0012647546216402183,0.18688124705473758,0.23962798989602827,0.05274674284129069,0.22222222222222254,0.2677244634123883,0.04550224119016577,1671.0,0.5504284772577456,1954.0,0.6437046802900461,1956.0,0.6443638760711932,679.0,0.22346736980883322,1451.0,0.4779169413315755,0.22346736980883322,WACC_0p7_WRT_0p3,0.5079762689518786,1565,False,,,False,False,False,False,False,108.0,0.2801047120418848
IBDD,Electricity,1971,0.73,74,0.7142857142857141,0.4953125156100612,0,66,4169,1733,744,214,71,0.4002205640183184,0.48634257640438094,0.4452499825167314,0.4002205640183184,0.22270073803295595,0.2592592592592596,1.2233606186634038,-2.534149843841321,1.7596622789832348,-1.2199335447094035,0.0606453741297639,0.48634257640438094,0.44698975778139244,0.039352818622988506,0.4452499825167314,0.4132963323621387,0.03195365015459273,0.4002205640183184,0.4051865088349239,0.004965944816605505,0.22270073803295595,0.23965973850457578,0.01695900047161983,0.2592592592592596,0.26287799916662186,0.0036187399073622784,832.0,0.27389584706657877,894.0,0.2943309162821358,716.0,0.23566249176005274,680.0,0.2237969676994067,1324.0,0.43605800922874094,0.2237969676994067,WACC_0p7_WRT_0p3,0.29274884640738297,1566,False,,,False,False,False,False,False,66.0,0.17015706806282724
IBDD,Electricity,152,0.74,189,0.7499999999999998,0.3352667444216886,0,173,2196,5000,111,43,10,0.5940217690138853,0.6523159687478784,0.6245012462477088,0.5940217690138853,0.22179903462572137,0.22222222222222254,1.2233606186634038,-2.534149843841321,1.7596622789832348,-1.2199335447094035,0.0606453741297639,0.6523159687478784,0.6024649575106464,0.04985101123723201,0.6245012462477088,0.5923344382286838,0.03216680801902494,0.5940217690138853,0.5938498036678888,0.00017196534599650537,0.22179903462572137,0.2974147709384068,0.07561573631268542,0.22222222222222254,0.2368345150466798,0.014612292824457251,2650.0,0.8731048121292023,2677.0,0.8820039551746869,2698.0,0.8889255108767304,1913.0,0.6301911667765326,680.0,0.2237969676994067,0.2237969676994067,WACC_0p9_WRT_0p1,0.6996044825313117,1567,False,,,False,False,False,False,False,173.0,0.450261780104712
IBDD,Electricity,2496,0.71,56,0.6428571428571426,0.5425645408871178,0,53,2024,2033,874,90,31,0.34300256088597536,0.43734047611706295,0.392327714206428,0.34300256088597536,0.3004306642296604,0.3333333333333337,1.2233606186634038,-2.534149843841321,1.7596622789832348,-1.2199335447094035,0.0606453741297639,0.43734047611706295,0.49848775943429835,0.0611472833172354,0.392327714206428,0.4683826920089935,0.07605497780256554,0.34300256088597536,0.4581404954915782,0.11513793460560284,0.3004306642296604,0.2396598050476494,0.06077085918201103,0.3333333333333337,0.24547791677527422,0.08785541655805948,1490.0,0.490771259063942,1470.0,0.484179301252472,1338.0,0.4406723796967699,681.0,0.22412656558998023,897.0,0.2953197099538563,0.22412656558998023,WACC_0p7_WRT_0p3,0.3870138431114041,1568,False,,,False,False,False,False,False,53.0,0.13612565445026178
IBDD,Electricity,2131,0.72,70,0.6785714285714283,0.5047492957538864,0,63,4217,2045,945,205,60,0.3887934619488797,0.4765562858848585,0.4346807887556472,0.3887934619488797,0.2615657011313083,0.2962962962962967,1.2233606186634038,-2.534149843841321,1.7596622789832348,-1.2199335447094035,0.0606453741297639,0.4765562858848585,0.46141778490724816,0.015138500977610325,0.4346807887556472,0.4336104493486253,0.001070339407021892,0.3887934619488797,0.44264334081913714,0.05384987887025744,0.2615657011313083,0.23966311991501585,0.021902581216292433,0.2962962962962967,0.2505670546244859,0.045729241671810805,975.0,0.3210283454185893,1071.0,0.35266974291364533,1140.0,0.3754119973632169,682.0,0.22445616348055372,1034.0,0.34047462096242587,0.22445616348055372,WACC_0p7_WRT_0p3,0.32280817402768625,1569,False,,,False,False,False,False,False,63.0,0.16230366492146597
IBDD,Electricity,2185,0.73,96,0.7142857142857141,0.4510243614951085,0,88,4410,1071,989,86,82,0.45384958258454444,0.5322710325235911,0.4948527151254784,0.45384958258454444,0.22270073803295595,0.2592592592592596,1.2233606186634038,-2.534149843841321,1.7596622789832348,-1.2199335447094035,0.0606453741297639,0.5322710325235911,0.4441340147618744,0.08813701776171667,0.4948527151254784,0.40645006611241424,0.08840264901306416,0.45384958258454444,0.40021915136281494,0.0536304312217295,0.22270073803295595,0.27289118380725247,0.050190445774296516,0.2592592592592596,0.2937781033786118,0.03451884411935224,797.0,0.2623599208965063,843.0,0.27752142386288725,682.0,0.22445616348055372,1497.0,0.4930784442979565,1919.0,0.6321687541199736,0.22445616348055372,WACC_0p5_WRT_0p5,0.3779169413315755,1570,False,,,False,False,False,False,False,88.0,0.22774869109947643
IBDD,Electricity,2961,0.69,77,0.5714285714285711,0.4885595662217817,0,76,10,3159,795,161,147,0.40839778556566114,0.49334563502926343,0.4528132858316045,0.40839778556566114,0.3781605904263649,0.4074074074074079,1.2233606186634038,-2.534149843841321,1.7596622789832348,-1.2199335447094035,0.0606453741297639,0.49334563502926343,0.4319180233979073,0.06142761163135613,0.4528132858316045,0.40043568724179435,0.05237759858981017,0.40839778556566114,0.45509858084633315,0.046700795280672,0.3781605904263649,0.4473723186163224,0.06921172818995747,0.4074074074074079,0.5120315740759527,0.1046241666685448,682.0,0.22445616348055372,787.0,0.25906394199077126,1302.0,0.4288068556361239,2947.0,0.970995385629532,2997.0,0.987475280158207,0.22445616348055372,WACC_0p1_WRT_0p9,0.5741595253790376,1571,False,,,False,False,False,False,False,76.0,0.19633507853403143
IBDD,Electricity,2571,0.72,156,0.6785714285714283,0.3681145913012531,0,148,520,1086,142,68,2,0.5542459457634427,0.6182515349468486,0.5877116577425964,0.5542459457634427,0.2615657011313083,0.2962962962962967,1.2233606186634038,-2.534149843841321,1.7596622789832348,-1.2199335447094035,0.0606453741297639,0.6182515349468486,0.58161280604776,0.03663872889908859,0.5877116577425964,0.5330716482978141,0.05464000944478231,0.5542459457634427,0.5062645037803941,0.047981441983048545,0.2615657011313083,0.2844083454523112,0.022842644321002914,0.2962962962962967,0.23691877282249232,0.0593775234738044,2495.0,0.8220171390903098,2217.0,0.7303889255108768,2007.0,0.6611733684904416,1722.0,0.567237969676994,682.0,0.22445616348055372,0.22445616348055372,WACC_0p9_WRT_0p1,0.6010547132498351,1572,False,,,False,False,False,False,False,148.0,0.38481675392670156
IBDD,Electricity,1943,0.74,71,0.7499999999999998,0.5023411706436027,0,58,304,2352,845,76,62,0.3917094874376366,0.4790536008140415,0.4373778888791649,0.3917094874376366,0.1838357749346038,0.22222222222222254,1.2233606186634038,-2.534149843841321,1.7596622789832348,-1.2199335447094035,0.0606453741297639,0.4790536008140415,0.44938233963563645,0.029671261178405073,0.4373778888791649,0.4064119108382847,0.030965978040880193,0.3917094874376366,0.4002994908986614,0.008590003461024787,0.1838357749346038,0.26692143026081816,0.08308565532621437,0.22222222222222254,0.3069249012731199,0.08470267905089734,854.0,0.2811470006591958,842.0,0.2771918259723138,683.0,0.2247857613711272,1376.0,0.45319709953856296,2062.0,0.6793012524719841,0.2247857613711272,WACC_0p5_WRT_0p5,0.38312458800263677,1573,False,,,False,False,False,False,False,58.0,0.14921465968586387
IBDD,Electricity,2011,0.74,139,0.7499999999999998,0.3878467884272343,0,125,4076,4579,471,226,35,0.5303520087238677,0.5977885157050904,0.5656115969614975,0.5303520087238677,0.19727677698589813,0.22222222222222254,1.2233606186634038,-2.534149843841321,1.7596622789832348,-1.2199335447094035,0.0606453741297639,0.5977885157050904,0.5378711043966806,0.059917411308409774,0.5656115969614975,0.5294686960194033,0.03614290094209427,0.5303520087238677,0.5387370175446932,0.00838500882082549,0.19727677698589813,0.23966703915025622,0.042390262164358095,0.22222222222222254,0.24250470567834895,0.020282483456126404,2071.0,0.6822676334871457,2181.0,0.7185234014502307,2310.0,0.7610415293342122,683.0,0.2247857613711272,818.0,0.2692814765985498,0.2247857613711272,WACC_0p7_WRT_0p3,0.5311799604482531,1574,False,,,False,False,False,False,False,125.0,0.32460732984293195
IBDD,Electricity,968,0.73,224,0.7142857142857141,0.3061554966205457,0,206,3509,1124,407,98,5,0.6292729028669983,0.6825054109120267,0.6571058437849887,0.6292729028669983,0.23537592548418218,0.2592592592592596,1.2233606186634038,-2.534149843841321,1.7596622789832348,-1.2199335447094035,0.0606453741297639,0.6825054109120267,0.6284361749300315,0.0540692359819952,0.6571058437849887,0.6189696644318219,0.03813617935316682,0.6292729028669983,0.585881903710492,0.04339099915650635,0.23537592548418218,0.28538440965557843,0.05000848417139625,0.2592592592592596,0.23698033388540055,0.022278925373859032,2784.0,0.9172709294660514,2783.0,0.916941331575478,2660.0,0.8764007910349374,1736.0,0.5718523401450231,683.0,0.2247857613711272,0.2247857613711272,WACC_0p9_WRT_0p1,0.7014502307185234,1575,False,,,False,False,False,False,False,206.0,0.5366492146596858
IBDD,Electricity,1476,0.74,135,0.7499999999999998,0.3928378085708742,0,121,1537,2690,412,107,36,0.5243083269020213,0.5926126429635379,0.5600216544006209,0.5243083269020213,0.1949490672214298,0.22222222222222254,1.2233606186634038,-2.534149843841321,1.7596622789832348,-1.2199335447094035,0.0606453741297639,0.5926126429635379,0.5229913527634412,0.06962129020009666,0.5600216544006209,0.4948971546114824,0.06512449978913848,0.5243083269020213,0.4918172168761354,0.03249111002588595,0.1949490672214298,0.23970359265734853,0.044754525435918735,0.22222222222222254,0.2653126315293701,0.04309040930714758,1870.0,0.6160184574818721,1807.0,0.5952537903757416,1823.0,0.6005273566249176,684.0,0.22511535926170073,1381.0,0.45484508899143045,0.22511535926170073,WACC_0p7_WRT_0p3,0.49835201054713246,1576,False,,,False,False,False,False,False,121.0,0.31413612565445026
IBDD,Electricity,652,0.74,276,0.7499999999999998,0.2703567166578511,0,223,1206,3685,689,81,4,0.6726220438197799,0.7196300716140803,0.6972004773432068,0.6726220438197799,0.2520717446307761,0.22222222222222254,1.2233606186634038,-2.534149843841321,1.7596622789832348,-1.2199335447094035,0.0606453741297639,0.7196300716140803,0.6143981943564261,0.10523187725765426,0.6972004773432068,0.6137075308948906,0.08349294644831617,0.6726220438197799,0.624095989825385,0.04852605399439491,0.2520717446307761,0.3008929534016775,0.0488212087709014,0.22222222222222254,0.2370158269798498,0.014793604757627254,2718.0,0.8955174686882004,2765.0,0.9110085695451549,2814.0,0.9271588661832564,1973.0,0.6499670402109426,684.0,0.22511535926170073,0.22511535926170073,WACC_0p9_WRT_0p1,0.721753460777851,1577,False,,,False,False,False,False,False,223.0,0.581151832460733
IBDD,Electricity,2461,0.73,124,0.7142857142857141,0.4073595105219982,0,116,4607,3886,732,234,56,0.5067238364414649,0.5775531001994092,0.5437573482153619,0.5067238364414649,0.22270073803295595,0.2592592592592596,1.2233606186634038,-2.534149843841321,1.7596622789832348,-1.2199335447094035,0.0606453741297639,0.5775531001994092,0.5249406106100054,0.05261248958940379,0.5437573482153619,0.5060599688957815,0.03769737931958039,0.5067238364414649,0.5150796004050221,0.008355763963557195,0.22270073803295595,0.2397302739486093,0.017029535915653343,0.2592592592592596,0.2649637377856247,0.005704478526365131,1904.0,0.6272247857613711,1949.0,0.6420566908371786,2104.0,0.6931443638760711,685.0,0.22544495715227422,1373.0,0.45220830586684246,0.22544495715227422,WACC_0p7_WRT_0p3,0.5280158206987476,1578,False,,,False,False,False,False,False,116.0,0.3010471204188482
IBDD,Electricity,2578,0.71,73,0.6428571428571426,0.4976236662662598,0,70,386,2889,691,245,198,0.3974219659749473,0.48394582757573046,0.4426614937817889,0.3974219659749473,0.3004306642296604,0.3333333333333337,1.2233606186634038,-2.534149843841321,1.7596622789832348,-1.2199335447094035,0.0606453741297639,0.48394582757573046,0.4323918747249433,0.05155395285078718,0.4426614937817889,0.38792997742257396,0.054731516359214916,0.3974219659749473,0.4644529243927668,0.06703095841781953,0.3004306642296604,0.4625238437983964,0.16209317956873598,0.3333333333333337,0.4939371253627493,0.1606037920294156,685.0,0.22544495715227422,704.0,0.23170731707317074,1423.0,0.46868820039551745,2980.0,0.9818721160184575,2971.0,0.978905735003296,0.22544495715227422,WACC_0p1_WRT_0p9,0.5773236651285432,1579,False,,,False,False,False,False,False,70.0,0.1806282722513089
IBDD,Electricity,2662,0.73,120,0.7142857142857141,0.4129592931336661,0,112,1586,2059,374,101,45,0.4999429973740139,0.5717459182317536,0.537485591690294,0.4999429973740139,0.22270073803295595,0.2592592592592596,1.2233606186634038,-2.534149843841321,1.7596622789832348,-1.2199335447094035,0.0606453741297639,0.5717459182317536,0.48911810397125666,0.08262781426049692,0.537485591690294,0.4540480001669072,0.08343759152338676,0.4999429973740139,0.4501157038602627,0.0498272935137512,0.22270073803295595,0.23986030307344516,0.01715956504048921,0.2592592592592596,0.2627328325104991,0.0034735732512395368,1344.0,0.4426499670402109,1291.0,0.42518127883981544,1233.0,0.4060646011865524,686.0,0.2257745550428477,1318.0,0.43408042188529994,0.2257745550428477,WACC_0p7_WRT_0p3,0.3867501647989452,1580,False,,,False,False,False,False,False,112.0,0.2905759162303665
IBDD,Electricity,1687,0.73,193,0.7142857142857141,0.3316795701177421,0,178,3087,3351,571,103,6,0.5983655182893081,0.6560360013593786,0.6285188814681288,0.5983655182893081,0.22347201938912425,0.2592592592592596,1.2233606186634038,-2.534149843841321,1.7596622789832348,-1.2199335447094035,0.0606453741297639,0.6560360013593786,0.5970000093934186,0.05903599196595999,0.6285188814681288,0.5887802721053045,0.03973860936282436,0.5983655182893081,0.5943235004826027,0.0040420178067053225,0.22347201938912425,0.2879516118718577,0.06447959248273344,0.2592592592592596,0.23704904161568374,0.022210217643575836,2610.0,0.8599208965062624,2660.0,0.8764007910349374,2700.0,0.8895847066578774,1772.0,0.5837178642056691,686.0,0.2257745550428477,0.2257745550428477,WACC_0p9_WRT_0p1,0.6870797626895188,1581,False,,,False,False,False,False,False,178.0,0.46335078534031415
IBDD,Electricity,2268,0.73,89,0.7142857142857141,0.4639207293207574,0,81,2975,2681,603,129,59,0.4382332272999357,0.5188970214451404,0.48040878316075164,0.4382332272999357,0.22270073803295595,0.2592592592592596,1.2233606186634038,-2.534149843841321,1.7596622789832348,-1.2199335447094035,0.0606453741297639,0.5188970214451404,0.47523073567726026,0.04366628576788012,0.48040878316075164,0.4516708685833887,0.028737914577362966,0.4382332272999357,0.43748872130424377,0.0007445059956919242,0.22270073803295595,0.23996500654289538,0.017264268509939423,0.2592592592592596,0.27592677434940927,0.016667515090149687,1152.0,0.3793671720500989,1259.0,0.4146341463414634,1079.0,0.3553065260382334,687.0,0.22610415293342123,1633.0,0.5379037574159525,0.22610415293342123,WACC_0p7_WRT_0p3,0.3826631509558339,1582,False,,,False,False,False,False,False,81.0,0.2094240837696335
IBDD,Electricity,1535,0.73,89,0.7142857142857141,0.4639207293207574,0,81,958,3185,200,178,34,0.4382332272999357,0.5188970214451404,0.48040878316075164,0.4382332272999357,0.22270073803295595,0.2592592592592596,1.2233606186634038,-2.534149843841321,1.7596622789832348,-1.2199335447094035,0.0606453741297639,0.5188970214451404,0.4920500867765455,0.02684693466859489,0.48040878316075164,0.47799241183356933,0.0024163713271823095,0.4382332272999357,0.48021151287633407,0.04197828557639838,0.22270073803295595,0.24001595177388907,0.017315213740933116,0.2592592592592596,0.25362346494448096,0.005635794314778619,1391.0,0.45814106789716547,1600.0,0.527027027027027,1650.0,0.543506921555702,689.0,0.2267633487145682,1105.0,0.36387607119314436,0.2267633487145682,WACC_0p7_WRT_0p3,0.4238628872775214,1583,False,,,False,False,False,False,False,81.0,0.2094240837696335
IBDD,Electricity,1015,0.74,118,0.7499999999999998,0.4158289952077859,0,104,2609,3184,31,155,6,0.4964680432042589,0.5687699308956294,0.5342715253672798,0.4964680432042589,0.18422644777865899,0.22222222222222254,1.2233606186634038,-2.534149843841321,1.7596622789832348,-1.2199335447094035,0.0606453741297639,0.5687699308956294,0.5410289563706879,0.02774097452494151,0.5342715253672798,0.5253575017290016,0.008914023638278201,0.4964680432042589,0.5107715327498499,0.014303489545590964,0.18422644777865899,0.24788240904145206,0.06365596126279308,0.22222222222222254,0.23712196846697808,0.01489974624475554,2111.0,0.6954515491100857,2144.0,0.7063282794990112,2066.0,0.6806196440342782,907.0,0.2986156888595913,689.0,0.2267633487145682,0.2267633487145682,WACC_0p9_WRT_0p1,0.5215557020435069,1584,False,,,False,False,False,False,False,104.0,0.2696335078534031
IBDD,Electricity,1744,0.73,67,0.7142857142857141,0.5121825999482407,0,59,703,2267,144,247,47,0.3797923911972576,0.46884767412775036,0.4263554880579704,0.3797923911972576,0.22270073803295595,0.2592592592592596,1.2233606186634038,-2.534149843841321,1.7596622789832348,-1.2199335447094035,0.0606453741297639,0.46884767412775036,0.43878984124237824,0.030057832885372116,0.4263554880579704,0.4077160742323503,0.01863941382562012,0.3797923911972576,0.40219069794814494,0.02239830675088733,0.22270073803295595,0.2578736887245259,0.03517295069156992,0.2592592592592596,0.26896166283825,0.009702403578990437,740.0,0.24357284113381675,852.0,0.2804878048780488,690.0,0.22709294660514173,1170.0,0.3852999340804219,1484.0,0.488793671720501,0.22709294660514173,WACC_0p5_WRT_0p5,0.325049439683586,1585,False,,,False,False,False,False,False,59.0,0.1518324607329843
IBDD,Electricity,1332,0.73,97,0.7142857142857141,0.4492584163869911,0,89,4940,3188,420,151,65,0.45598798516380645,0.5341023830060834,0.49683057364657,0.45598798516380645,0.22270073803295595,0.2592592592592596,1.2233606186634038,-2.534149843841321,1.7596622789832348,-1.2199335447094035,0.0606453741297639,0.5341023830060834,0.499492341119334,0.034610041886749376,0.49683057364657,0.4861401421600714,0.01069043148649862,0.45598798516380645,0.483787884543117,0.027799899379310544,0.22270073803295595,0.24002213120252325,0.017321393169567295,0.2592592592592596,0.262853201828324,0.0035939425690644233,1512.0,0.498022412656559,1691.0,0.5570204350692155,1708.0,0.5626235992089651,690.0,0.22709294660514173,1323.0,0.4357284113381674,0.22709294660514173,WACC_0p7_WRT_0p3,0.4560975609756097,1586,False,,,False,False,False,False,False,89.0,0.23036649214659685
IBDD,Electricity,870,0.74,237,0.7499999999999998,0.2964842038304195,0,206,4210,3463,492,148,8,0.6409839789090223,0.6925348997314168,0.6679376917099301,0.6409839789090223,0.23988641873300157,0.22222222222222254,1.2233606186634038,-2.534149843841321,1.7596622789832348,-1.2199335447094035,0.0606453741297639,0.6925348997314168,0.5949362123708338,0.09759868736058297,0.6679376917099301,0.5848331045191623,0.08310458719076785,0.6409839789090223,0.5955026122056647,0.04548136670335756,0.23988641873300157,0.27156378400587095,0.03167736527286938,0.22222222222222254,0.23719215783299424,0.0149699356107717,2597.0,0.8556361239288068,2635.0,0.8681608437705999,2709.0,0.8925510876730389,1474.0,0.485497692814766,691.0,0.22742254449571522,0.22742254449571522,WACC_0p9_WRT_0p1,0.6658536585365854,1587,False,,,False,False,False,False,False,206.0,0.5366492146596858
IBDD,Electricity,1948,0.74,117,0.7499999999999998,0.4172819839037627,0,103,2939,2565,139,132,21,0.49470860302639985,0.5672631278035053,0.5326441780277857,0.49470860302639985,0.1838357749346038,0.22222222222222254,1.2233606186634038,-2.534149843841321,1.7596622789832348,-1.2199335447094035,0.0606453741297639,0.5672631278035053,0.5248171845815737,0.042445943221931626,0.5326441780277857,0.5043860042577402,0.02825817377004558,0.49470860302639985,0.48429216566978245,0.010416437356617403,0.1838357749346038,0.24887797199673783,0.06504219706213404,0.22222222222222254,0.23725151474186296,0.015029292519640414,1901.0,0.6262359920896506,1928.0,0.6351351351351351,1713.0,0.5642715886618326,935.0,0.3078444297956493,692.0,0.22775214238628871,0.22775214238628871,WACC_0p9_WRT_0p1,0.4722478576137113,1588,False,,,False,False,False,False,False,103.0,0.2670157068062827
IBDD,Electricity,1025,0.74,152,0.7499999999999998,0.3725581447239429,0,138,2264,4557,967,75,8,0.5488651974850901,0.6136434054714666,0.5827348779091839,0.5488651974850901,0.20440708786612544,0.22222222222222254,1.2233606186634038,-2.534149843841321,1.7596622789832348,-1.2199335447094035,0.0606453741297639,0.6136434054714666,0.592508538101263,0.021134867370203536,0.5827348779091839,0.5871178149450033,0.004382937035819379,0.5488651974850901,0.590578910240386,0.041713712755295895,0.20440708786612544,0.2984661071769899,0.09405901931086447,0.22222222222222254,0.2373104832271957,0.015088261004973152,2586.0,0.8520105471324984,2650.0,0.8731048121292023,2685.0,0.8846407382992749,1932.0,0.6364535266974292,693.0,0.22808174027686223,0.22808174027686223,WACC_0p9_WRT_0p1,0.6948582729070534,1589,False,,,False,False,False,False,False,138.0,0.3586387434554974
IBDD,Electricity,678,0.74,159,0.7499999999999998,0.3648556017903225,0,145,2480,4914,824,140,10,0.5581922924216302,0.621631227772999,0.5913617259948388,0.5581922924216302,0.20799939642866902,0.22222222222222254,1.2233606186634038,-2.534149843841321,1.7596622789832348,-1.2199335447094035,0.0606453741297639,0.621631227772999,0.5521831647936004,0.06944806297939854,0.5913617259948388,0.5616024281533616,0.02975929784147724,0.5581922924216302,0.5492751906828968,0.00891710173873339,0.20799939642866902,0.2575581046382728,0.04955870820960376,0.22222222222222254,0.23737502875298996,0.015152806530767421,2228.0,0.7340145023071852,2467.0,0.8127883981542519,2413.0,0.7949901120632828,1161.0,0.3823335530652604,694.0,0.22841133816743572,0.22841133816743572,WACC_0p9_WRT_0p1,0.5905075807514832,1590,False,,,False,False,False,False,False,145.0,0.3769633507853403
IBDD,Electricity,1460,0.71,79,0.6428571428571426,0.484200393167689,0,76,2198,3127,358,188,5,0.4136763567168665,0.4978662589372113,0.4576955596521882,0.4136763567168665,0.3004306642296604,0.3333333333333337,1.2233606186634038,-2.534149843841321,1.7596622789832348,-1.2199335447094035,0.0606453741297639,0.4978662589372113,0.5114600051261331,0.013593746188921785,0.4576955596521882,0.4985896292296977,0.04089406957750946,0.4136763567168665,0.49479362076114086,0.08111726404427438,0.3004306642296604,0.2406941261967953,0.059736538032865105,0.3333333333333337,0.23738121165640236,0.09595212167693135,1698.0,0.55932762030323,1852.0,0.6100856954515491,1872.0,0.6166776532630192,709.0,0.23335530652603823,695.0,0.22874093605800924,0.22874093605800924,WACC_0p9_WRT_0p1,0.4496374423203691,1591,False,,,False,False,False,False,False,76.0,0.19633507853403143
IBDD,Electricity,1453,0.74,94,0.7499999999999998,0.454611535799055,0,81,4223,827,446,83,59,0.44950583330912175,0.5285509999120911,0.49083507990505837,0.44950583330912175,0.1838357749346038,0.22222222222222254,1.2233606186634038,-2.534149843841321,1.7596622789832348,-1.2199335447094035,0.0606453741297639,0.5285509999120911,0.47057123311079274,0.05797976680129835,0.49083507990505837,0.4194867572584616,0.0713483226465968,0.44950583330912175,0.4324818556022,0.017023977706921767,0.1838357749346038,0.24034678251069025,0.05651100757608646,0.22222222222222254,0.2708607483297566,0.04863852610753405,1085.0,0.3572841133816744,949.0,0.31245880026367834,1014.0,0.3338826631509558,696.0,0.22907053394858273,1527.0,0.5029663810151616,0.22907053394858273,WACC_0p7_WRT_0p3,0.34713249835201054,1592,False,,,False,False,False,False,False,81.0,0.2094240837696335
IBDD,Electricity,2787,0.71,67,0.6428571428571426,0.5121825999482407,0,64,1635,2646,424,198,154,0.3797923911972576,0.46884767412775036,0.4263554880579704,0.3797923911972576,0.3004306642296604,0.3333333333333337,1.2233606186634038,-2.534149843841321,1.7596622789832348,-1.2199335447094035,0.0606453741297639,0.46884767412775036,0.43366874080166656,0.035178933326083794,0.4263554880579704,0.38608952497141846,0.04026596308655195,0.3797923911972576,0.40914804990765724,0.029355658710399635,0.3004306642296604,0.3646622861861544,0.06423162195649401,0.3333333333333337,0.41371219770228457,0.08037886436895086,696.0,0.22907053394858273,696.0,0.22907053394858273,761.0,0.2504943968358603,2640.0,0.8698088332234674,2745.0,0.9044166117336849,0.22907053394858273,WACC_0p1_WRT_0p9,0.4965721819380356,1593,False,,,False,False,False,False,False,64.0,0.1649214659685864
IBDD,Electricity,1071,0.73,201,0.7142857142857141,0.3247219310219678,0,186,2867,2484,567,71,8,0.6067906008808266,0.6632513307920334,0.6363114372553961,0.6067906008808266,0.2267169200296313,0.2592592592592596,1.2233606186634038,-2.534149843841321,1.7596622789832348,-1.2199335447094035,0.0606453741297639,0.6632513307920334,0.5919007920154535,0.07135053877657982,0.6363114372553961,0.5859609232118429,0.050350514043553174,0.6067906008808266,0.5762231784589765,0.030567422421850066,0.2267169200296313,0.29807338789563154,0.07135646786600022,0.2592592592592596,0.23741781549281082,0.021841443766448754,2580.0,0.8500329597890574,2641.0,0.8701384311140409,2598.0,0.8559657218193804,1924.0,0.6338167435728411,697.0,0.22940013183915622,0.22940013183915622,WACC_0p9_WRT_0p1,0.6878707976268952,1594,False,,,False,False,False,False,False,186.0,0.48429319371727747
IBDD,Electricity,2082,0.71,66,0.6428571428571426,0.5147334338430524,0,63,4058,2729,745,236,173,0.3767035580535428,0.46620236490350114,0.42349855409578124,0.3767035580535428,0.3004306642296604,0.3333333333333337,1.2233606186634038,-2.534149843841321,1.7596622789832348,-1.2199335447094035,0.0606453741297639,0.46620236490350114,0.43408185707122204,0.0321205078322791,0.42349855409578124,0.39262820007474436,0.030870354021036883,0.3767035580535428,0.43721289865046337,0.06050934059692059,0.3004306642296604,0.39377430331496344,0.09334363908530302,0.3333333333333337,0.4274664419202287,0.094133108586895,698.0,0.22972972972972974,737.0,0.24258404746209625,1076.0,0.35431773236651287,2807.0,0.924851680949242,2794.0,0.9205669083717865,0.22972972972972974,WACC_0p1_WRT_0p9,0.5344100197758734,1595,False,,,False,False,False,False,False,63.0,0.16230366492146597
IBDD,Electricity,2844,0.72,71,0.6785714285714283,0.5023411706436027,0,64,2789,2671,841,245,148,0.3917094874376366,0.4790536008140415,0.4373778888791649,0.3917094874376366,0.2615657011313083,0.2962962962962967,1.2233606186634038,-2.534149843841321,1.7596622789832348,-1.2199335447094035,0.0606453741297639,0.4790536008140415,0.4341518952148333,0.0449017055992082,0.4373778888791649,0.3883778437427089,0.049000045136456005,0.3917094874376366,0.42219707420792674,0.03048758677029012,0.2615657011313083,0.37580343852508735,0.11423773739377907,0.2962962962962967,0.4116589440974327,0.11536264780113598,699.0,0.23005932762030323,707.0,0.23269611074489124,898.0,0.2956493078444298,2725.0,0.8978246539222149,2739.0,0.9024390243902439,0.23005932762030323,WACC_0p1_WRT_0p9,0.5117336849044166,1596,False,,,False,False,False,False,False,64.0,0.1649214659685864
IBDD,Electricity,30,0.73,154,0.7142857142857141,0.3703220335715145,0,146,366,3232,148,78,9,0.5515729293584589,0.6159623355554664,0.5852393223999037,0.5515729293584589,0.22270073803295595,0.2592592592592596,1.2233606186634038,-2.534149843841321,1.7596622789832348,-1.2199335447094035,0.0606453741297639,0.6159623355554664,0.5378586386203674,0.078103696935099,0.5852393223999037,0.5111706216376148,0.07406870076228889,0.5515729293584589,0.5106333131252647,0.0409396162331942,0.22270073803295595,0.26202759658238567,0.039326858549429716,0.2592592592592596,0.2375710038963374,0.021688255362922182,2070.0,0.6819380355965722,2000.0,0.6588661832564272,2065.0,0.6802900461437047,1279.0,0.42122610415293343,699.0,0.23005932762030323,0.23005932762030323,WACC_0p9_WRT_0p1,0.5344759393539882,1597,False,,,False,False,False,False,False,146.0,0.3795811518324607
IBDD,Electricity,2534,0.74,69,0.7499999999999998,0.5071915798046006,0,56,3128,2087,98,226,43,0.3858360730191042,0.47402354686930304,0.4319454306188472,0.3858360730191042,0.1838357749346038,0.22222222222222254,1.2233606186634038,-2.534149843841321,1.7596622789832348,-1.2199335447094035,0.0606453741297639,0.47402354686930304,0.44477850441658534,0.029245042452717696,0.4319454306188472,0.4172144145637079,0.014731016055139323,0.3858360730191042,0.41710821313206975,0.03127214011296553,0.1838357749346038,0.24045385528160787,0.05661808034700408,0.22222222222222254,0.24224620301214425,0.020023980789921708,806.0,0.2653263019116678,923.0,0.3038892551087673,838.0,0.27587343441001977,700.0,0.23038892551087672,814.0,0.26796308503625577,0.23038892551087672,WACC_0p7_WRT_0p3,0.26868820039551744,1598,False,,,False,False,False,False,False,56.0,0.14397905759162305
IBDD,Electricity,2240,0.74,111,0.7499999999999998,0.4262672297500796,0,97,2422,3426,78,96,16,0.48382826886156854,0.5579450950739915,0.5225807026799109,0.48382826886156854,0.1838357749346038,0.22222222222222254,1.2233606186634038,-2.534149843841321,1.7596622789832348,-1.2199335447094035,0.0606453741297639,0.5579450950739915,0.5541621487688566,0.003782946305134871,0.5225807026799109,0.5460309250674531,0.02345022238754224,0.48382826886156854,0.5307043025743179,0.04687603371274934,0.1838357749346038,0.259958151436131,0.0761223765015272,0.22222222222222254,0.23764853867982078,0.015426316457598233,2248.0,0.7406064601186553,2334.0,0.7689518787079763,2241.0,0.7382992748846408,1226.0,0.4037574159525379,700.0,0.23038892551087672,0.23038892551087672,WACC_0p9_WRT_0p1,0.5764007910349374,1599,False,,,False,False,False,False,False,97.0,0.2513089005235602
IBDD,Electricity,2212,0.74,81,0.7499999999999998,0.4799488650928298,0,68,3151,2449,679,216,89,0.41882457936506384,0.502275251014843,0.4624572710960305,0.41882457936506384,0.1838357749346038,0.22222222222222254,1.2233606186634038,-2.534149843841321,1.7596622789832348,-1.2199335447094035,0.0606453741297639,0.502275251014843,0.4355817191220017,0.06669353189284133,0.4624572710960305,0.4100905851514666,0.052366685944563895,0.41882457936506384,0.4035849789939994,0.015239600371064421,0.1838357749346038,0.256586650062674,0.07275087512807021,0.22222222222222254,0.2959014232433056,0.07367920102108305,713.0,0.23467369808833224,872.0,0.2870797626895188,702.0,0.23104812129202373,1137.0,0.3744232036914964,1945.0,0.6407382992748847,0.23104812129202373,WACC_0p5_WRT_0p5,0.35359261700725114,1600,False,,,False,False,False,False,False,68.0,0.17539267015706805
IBDD,Electricity,2141,0.73,153,0.7142857142857141,0.3714364590716454,0,145,3596,4379,112,134,48,0.5502234591212918,0.6148066350368121,0.5839911658397571,0.5502234591212918,0.22270073803295595,0.2592592592592596,1.2233606186634038,-2.534149843841321,1.7596622789832348,-1.2199335447094035,0.0606453741297639,0.6148066350368121,0.5262303686526952,0.08857626638411686,0.5839911658397571,0.5280358239746015,0.055955341865155606,0.5502234591212918,0.519746646084394,0.030476813036897754,0.22270073803295595,0.2405373660368813,0.017836628003925353,0.2592592592592596,0.26180003741814273,0.00254077815888315,1919.0,0.6321687541199736,2168.0,0.7142386288727752,2152.0,0.7089650626235993,702.0,0.23104812129202373,1295.0,0.42649967040210945,0.23104812129202373,WACC_0p7_WRT_0p3,0.5425840474620963,1601,False,,,False,False,False,False,False,145.0,0.3769633507853403
IBDD,Electricity,2730,0.73,244,0.7142857142857141,0.2914931836867794,0,223,3086,2737,420,89,1,0.647027660730869,0.6977107724729696,0.6735276342708071,0.647027660730869,0.24221412849747007,0.2592592592592596,1.2233606186634038,-2.534149843841321,1.7596622789832348,-1.2199335447094035,0.0606453741297639,0.6977107724729696,0.6229184855330246,0.074792286939945,0.6735276342708071,0.6317933335292026,0.041734300741604446,0.647027660730869,0.6228020592148299,0.02422560151603914,0.24221412849747007,0.3202730848720203,0.07805895637455021,0.2592592592592596,0.2377869363335213,0.02147232292573828,2758.0,0.9087013843111404,2841.0,0.9360580092287409,2810.0,0.9258404746209624,2199.0,0.7244561634805537,702.0,0.23104812129202373,0.23104812129202373,WACC_0p9_WRT_0p1,0.7452208305866843,1602,False,,,False,False,False,False,False,223.0,0.581151832460733
IBDD,Electricity,1415,0.73,81,0.7142857142857141,0.4799488650928298,0,73,613,2604,885,120,105,0.41882457936506384,0.502275251014843,0.4624572710960305,0.41882457936506384,0.22270073803295595,0.2592592592592596,1.2233606186634038,-2.534149843841321,1.7596622789832348,-1.2199335447094035,0.0606453741297639,0.502275251014843,0.4363074238649168,0.06596782714992627,0.4624572710960305,0.40650786202156425,0.05594940907446627,0.41882457936506384,0.4035855085817196,0.015239070783344244,0.22270073803295595,0.29949814219910903,0.07679740416615308,0.2592592592592596,0.3502015889029712,0.09094232964371163,719.0,0.23665128543177325,846.0,0.27851021753460775,703.0,0.23137771918259722,1948.0,0.6417270929466051,2414.0,0.7953197099538563,0.23137771918259722,WACC_0p5_WRT_0p5,0.43671720500988787,1603,False,,,False,False,False,False,False,73.0,0.18848167539267016
IBDD,Electricity,2902,0.72,32,0.6785714285714283,0.636667418954684,0,25,1,997,692,62,6,0.22905233884867993,0.3397523062692165,0.2869324907707538,0.22905233884867993,0.2615657011313083,0.2962962962962967,1.2233606186634038,-2.534149843841321,1.7596622789832348,-1.2199335447094035,0.0606453741297639,0.3397523062692165,0.4342929844215549,0.09454067815233841,0.2869324907707538,0.39200973141271017,0.1050772406419564,0.22905233884867993,0.4433710483212862,0.21431870947260628,0.2615657011313083,0.3296415967847296,0.06807589565342131,0.2962962962962967,0.3693330817285745,0.07303678543227776,703.0,0.23137771918259722,726.0,0.23895847066578774,1149.0,0.3783783783783784,2315.0,0.7626895187870798,2543.0,0.8378378378378378,0.23137771918259722,WACC_0p1_WRT_0p9,0.48984838497033617,1604,False,,,False,False,False,False,False,25.0,0.06282722513089005
IBDD,Electricity,997,0.73,242,0.7142857142857141,0.2929044878071559,0,221,1018,2666,145,88,1,0.6453186968693857,0.6962471978296162,0.6719469736559854,0.6453186968693857,0.24155592510676224,0.2592592592592596,1.2233606186634038,-2.534149843841321,1.7596622789832348,-1.2199335447094035,0.0606453741297639,0.6962471978296162,0.5978640554665798,0.09838314236303636,0.6719469736559854,0.5881548598867684,0.08379211376921702,0.6453186968693857,0.5895431353240055,0.055775561545380214,0.24155592510676224,0.29230629423645943,0.05075036912969719,0.2592592592592596,0.23779428384544338,0.0214649754138162,2618.0,0.8625576796308504,2656.0,0.8750823994726433,2676.0,0.8816743572841134,1848.0,0.6087673038892552,703.0,0.23137771918259722,0.23137771918259722,WACC_0p9_WRT_0p1,0.6918918918918919,1605,False,,,False,False,False,False,False,221.0,0.5759162303664922
IBDD,Electricity,457,0.73,153,0.7142857142857141,0.3714364590716454,0,145,265,3427,375,157,5,0.5502234591212918,0.6148066350368121,0.5839911658397571,0.5502234591212918,0.22270073803295595,0.2592592592592596,1.2233606186634038,-2.534149843841321,1.7596622789832348,-1.2199335447094035,0.0606453741297639,0.6148066350368121,0.5173217140363591,0.09748492100045303,0.5839911658397571,0.48314340857692334,0.10084775726283374,0.5502234591212918,0.48305414275165703,0.06716931636963475,0.22270073803295595,0.24055511223903187,0.017854374206075913,0.2592592592592596,0.24185234238831388,0.0174069168709457,1794.0,0.5909690177982861,1660.0,0.5468029004614371,1694.0,0.5580092287409361,704.0,0.23170731707317074,801.0,0.26367831245880025,0.23170731707317074,WACC_0p7_WRT_0p3,0.438233355306526,1606,False,,,False,False,False,False,False,145.0,0.3769633507853403
IBDD,Electricity,2800,0.7,77,0.6071428571428569,0.4885595662217817,0,75,554,2894,872,176,163,0.40839778556566114,0.49334563502926343,0.4528132858316045,0.40839778556566114,0.33929562732801266,0.37037037037037074,1.2233606186634038,-2.534149843841321,1.7596622789832348,-1.2199335447094035,0.0606453741297639,0.49334563502926343,0.43432764069503493,0.059017994334228496,0.4528132858316045,0.4006067350004602,0.05220655083114434,0.40839778556566114,0.4430356817169392,0.03463789615127805,0.33929562732801266,0.4007528591600479,0.06145723183203522,0.37037037037037074,0.4491472907107347,0.07877692034036399,704.0,0.23170731707317074,790.0,0.26005273566249176,1147.0,0.37771918259723136,2831.0,0.932762030323006,2850.0,0.9390243902439024,0.23170731707317074,WACC_0p1_WRT_0p9,0.5482531311799604,1607,False,,,False,False,False,False,False,75.0,0.193717277486911
IBDD,Electricity,2232,0.74,51,0.7499999999999998,0.5583717938339305,0,38,392,779,995,55,29,0.3238613824217449,0.4209477693574053,0.37462359090599767,0.3238613824217449,0.1838357749346038,0.22222222222222254,1.2233606186634038,-2.534149843841321,1.7596622789832348,-1.2199335447094035,0.0606453741297639,0.4209477693574053,0.45703098290377797,0.03608321354637267,0.37462359090599767,0.395928964616119,0.02130537371012131,0.3238613824217449,0.4037522578144928,0.07989087539274792,0.1838357749346038,0.28197250733179063,0.09813673239718684,0.22222222222222254,0.27417939675566866,0.051957174533446115,928.0,0.3055372445616348,758.0,0.24950560316413975,705.0,0.23203691496374423,1677.0,0.5524060646011866,1602.0,0.527686222808174,0.23203691496374423,WACC_0p5_WRT_0p5,0.37343441001977584,1608,False,,,False,False,False,False,False,38.0,0.0968586387434555
IBDD,Electricity,1162,0.73,80,0.7142857142857141,0.4820615067966712,0,72,999,2680,122,197,98,0.41626635802070583,0.5000843633219706,0.46009111238772826,0.41626635802070583,0.22270073803295595,0.2592592592592596,1.2233606186634038,-2.534149843841321,1.7596622789832348,-1.2199335447094035,0.0606453741297639,0.5000843633219706,0.44720355945867224,0.052880803863298353,0.46009111238772826,0.4087742895847579,0.05131682280297034,0.41626635802070583,0.40383721891454655,0.012429139106159282,0.22270073803295595,0.255468861001533,0.032768122968577035,0.2592592592592596,0.3140428481779096,0.05478358891865004,836.0,0.2752142386288728,859.0,0.28279499011206327,707.0,0.23269611074489124,1112.0,0.3661832564271589,2140.0,0.7050098879367172,0.23269611074489124,WACC_0p5_WRT_0p5,0.3723796967699407,1609,False,,,False,False,False,False,False,72.0,0.18586387434554974
IBDD,Electricity,755,0.74,238,0.7499999999999998,0.2957622818559112,0,207,3472,4202,602,124,7,0.6418581622600328,0.693283559556833,0.6687462443213795,0.6418581622600328,0.24022310838379146,0.22222222222222254,1.2233606186634038,-2.534149843841321,1.7596622789832348,-1.2199335447094035,0.0606453741297639,0.693283559556833,0.6018560633006185,0.09142749625621449,0.6687462443213795,0.5933927411615394,0.07535350315984013,0.6418581622600328,0.614731835501384,0.02712632675864879,0.24022310838379146,0.2929912852281365,0.05276817684434504,0.22222222222222254,0.23797555895892258,0.01575333673670004,2647.0,0.8721160184574819,2685.0,0.8846407382992749,2779.0,0.9156229400131839,1856.0,0.6114040870138431,707.0,0.23269611074489124,0.23269611074489124,WACC_0p9_WRT_0p1,0.703295978905735,1610,False,,,False,False,False,False,False,207.0,0.5392670157068062
IBDD,Electricity,1333,0.72,71,0.6785714285714283,0.5023411706436027,0,64,2350,2385,194,122,41,0.3917094874376366,0.4790536008140415,0.4373778888791649,0.3917094874376366,0.2615657011313083,0.2962962962962967,1.2233606186634038,-2.534149843841321,1.7596622789832348,-1.2199335447094035,0.0606453741297639,0.4790536008140415,0.4698632353601374,0.009190365453904115,0.4373778888791649,0.43994518535050076,0.002567296471335856,0.3917094874376366,0.423592060892807,0.03188257345517037,0.2615657011313083,0.24066875680102606,0.02089694433028222,0.2962962962962967,0.27138965696713746,0.024906639329159264,1075.0,0.35398813447593935,1138.0,0.37475280158206986,913.0,0.3005932762030323,708.0,0.23302570863546473,1545.0,0.5088991430454846,0.23302570863546473,WACC_0p7_WRT_0p3,0.3542518127883982,1611,False,,,False,False,False,False,False,64.0,0.1649214659685864
IBDD,Electricity,1617,0.73,58,0.7142857142857141,0.5366267752811291,0,50,1141,1343,757,56,55,0.35019266732163634,0.4434981589677179,0.3989780116851353,0.35019266732163634,0.22270073803295595,0.2592592592592596,1.2233606186634038,-2.534149843841321,1.7596622789832348,-1.2199335447094035,0.0606453741297639,0.4434981589677179,0.46108268815809966,0.01758452919038178,0.3989780116851353,0.3963232103485078,0.002654801336627488,0.35019266732163634,0.4038906525735276,0.053697985251891234,0.22270073803295595,0.2840873141081911,0.06138657607523515,0.2592592592592596,0.306617470059663,0.04735821080040342,969.0,0.3190507580751483,763.0,0.25115359261700726,708.0,0.23302570863546473,1714.0,0.5646011865524061,2059.0,0.6783124588002637,0.23302570863546473,WACC_0p5_WRT_0p5,0.409228740936058,1612,False,,,False,False,False,False,False,50.0,0.12827225130890052
IBDD,Electricity,2042,0.73,118,0.7142857142857141,0.4158289952077859,0,110,3850,3744,906,150,46,0.4964680432042589,0.5687699308956294,0.5342715253672798,0.4964680432042589,0.22270073803295595,0.2592592592592596,1.2233606186634038,-2.534149843841321,1.7596622789832348,-1.2199335447094035,0.0606453741297639,0.5687699308956294,0.5235279571492901,0.045241973746339315,0.5342715253672798,0.5115827930534264,0.022688732313853488,0.4964680432042589,0.5157413804898874,0.019273337285628467,0.22270073803295595,0.24069650736577397,0.017995769332818018,0.2592592592592596,0.24754003209810227,0.011719227161157308,1878.0,0.6186552406064602,2006.0,0.6608437705998682,2114.0,0.6964403427818062,710.0,0.23368490441661174,956.0,0.3147659854976928,0.23368490441661174,WACC_0p7_WRT_0p3,0.5048780487804878,1613,False,,,False,False,False,False,False,110.0,0.28534031413612565
IBDD,Electricity,2582,0.71,70,0.6428571428571426,0.5047492957538864,0,67,3603,2692,345,196,164,0.3887934619488797,0.4765562858848585,0.4346807887556472,0.3887934619488797,0.3004306642296604,0.3333333333333337,1.2233606186634038,-2.534149843841321,1.7596622789832348,-1.2199335447094035,0.0606453741297639,0.4765562858848585,0.4354861714705918,0.04107011441426667,0.4346807887556472,0.3921513286234083,0.042529460132238905,0.3887934619488797,0.417547431232969,0.028753969284089298,0.3004306642296604,0.37559927068102467,0.07516860645136425,0.3333333333333337,0.41143444813337837,0.07810111480004467,711.0,0.23401450230718523,729.0,0.23994726433750824,845.0,0.2781806196440343,2723.0,0.8971654581410679,2736.0,0.9014502307185234,0.23401450230718523,WACC_0p1_WRT_0p9,0.5101516150296639,1614,False,,,False,False,False,False,False,67.0,0.17277486910994763
IBDD,Electricity,1658,0.73,140,0.7142857142857141,0.3866213160747044,0,132,1118,2365,349,112,16,0.5318359468301079,0.5990593759225288,0.5669841259963311,0.5318359468301079,0.22270073803295595,0.2592592592592596,1.2233606186634038,-2.534149843841321,1.7596622789832348,-1.2199335447094035,0.0606453741297639,0.5990593759225288,0.5403139439591474,0.058745431963381334,0.5669841259963311,0.5292529957347123,0.037731130261618784,0.5318359468301079,0.5060659736172902,0.02576997321281771,0.22270073803295595,0.2491450013356782,0.02644426330272226,0.2592592592592596,0.2382533115515328,0.02100594770772679,2100.0,0.6918259723137772,2179.0,0.7178642056690837,2005.0,0.6605141727092947,946.0,0.31147000659195784,711.0,0.23401450230718523,0.23401450230718523,WACC_0p9_WRT_0p1,0.5231377719182598,1615,False,,,False,False,False,False,False,132.0,0.34293193717277487
IBDD,Electricity,309,0.72,57,0.6785714285714283,0.5395700629986553,0,50,2171,1799,746,170,4,0.3466286074775693,0.44044586059398705,0.395681529441506,0.3466286074775693,0.2615657011313083,0.2962962962962967,1.2233606186634038,-2.534149843841321,1.7596622789832348,-1.2199335447094035,0.0606453741297639,0.44044586059398705,0.490318150217259,0.04987228962327195,0.395681529441506,0.4437955485692593,0.048114019127753316,0.3466286074775693,0.4310468882065381,0.08441828072896879,0.2615657011313083,0.2407381626007049,0.020827538530603373,0.2962962962962967,0.24259946046577838,0.05369683583051835,1362.0,0.4485827290705339,1173.0,0.3862887277521424,992.0,0.3266315095583388,712.0,0.23434410019775873,821.0,0.2702702702702703,0.23434410019775873,WACC_0p7_WRT_0p3,0.3332234673698088,1616,False,,,False,False,False,False,False,50.0,0.12827225130890052
IBDD,Electricity,2457,0.73,88,0.7142857142857141,0.4658445274206108,0,80,1207,911,951,92,41,0.435903678776714,0.516901971563811,0.47825412928891586,0.435903678776714,0.22270073803295595,0.2592592592592596,1.2233606186634038,-2.534149843841321,1.7596622789832348,-1.2199335447094035,0.0606453741297639,0.516901971563811,0.45974532935414375,0.05715664220966726,0.47825412928891586,0.39274665648744245,0.08550747280147342,0.435903678776714,0.40502879715899853,0.030874881617715455,0.22270073803295595,0.2505627733118166,0.027862035278860636,0.2592592592592596,0.25706419275876763,0.002195066500491949,952.0,0.31344759393539884,739.0,0.24324324324324326,713.0,0.23467369808833224,979.0,0.32234673698088334,1187.0,0.3909030982201714,0.23467369808833224,WACC_0p5_WRT_0p5,0.3009228740936058,1617,False,,,False,False,False,False,False,80.0,0.20680628272251309
IBDD,Electricity,98,0.71,173,0.6428571428571426,0.3504130440091398,0,163,2191,4063,968,250,1,0.5756809463262493,0.6366086951016329,0.6075373907097634,0.5756809463262493,0.3004306642296604,0.3333333333333337,1.2233606186634038,-2.534149843841321,1.7596622789832348,-1.2199335447094035,0.0606453741297639,0.6366086951016329,0.5338650709845667,0.10274362411706617,0.6075373907097634,0.5144262914635533,0.09311109924621008,0.5756809463262493,0.5209516558070555,0.05472929051919384,0.3004306642296604,0.24074401272047466,0.059686651509185756,0.3333333333333337,0.2506080459745547,0.08272528735877899,2022.0,0.6661173368490442,2032.0,0.6694133157547791,2169.0,0.7145682267633487,713.0,0.23467369808833224,1036.0,0.34113381674357285,0.23467369808833224,WACC_0p7_WRT_0p3,0.5251812788398155,1618,False,,,False,False,False,False,False,163.0,0.42408376963350786
IBDD,Electricity,1944,0.73,187,0.7142857142857141,0.3370887523094868,0,173,930,4446,528,97,10,0.5918154793909554,0.6504264790864582,0.6224605974133748,0.5918154793909554,0.22270073803295595,0.2592592592592596,1.2233606186634038,-2.534149843841321,1.7596622789832348,-1.2199335447094035,0.0606453741297639,0.6504264790864582,0.5921478074514579,0.058278671635000334,0.6224605974133748,0.5898117324853016,0.032648864928073174,0.5918154793909554,0.5884322658858265,0.0033832135051288237,0.22270073803295595,0.2852302609937843,0.06252952296082834,0.2592592592592596,0.2382854391333848,0.020973820125874787,2581.0,0.8503625576796309,2665.0,0.8780487804878049,2672.0,0.8803559657218194,1733.0,0.5708635464733026,713.0,0.23467369808833224,0.23467369808833224,WACC_0p9_WRT_0p1,0.6828609096901781,1619,False,,,False,False,False,False,False,173.0,0.450261780104712
IBDD,Electricity,892,0.74,99,0.7499999999999998,0.4457799518448435,0,86,244,2207,443,209,6,0.46020009657916583,0.5377096795683104,0.5007264539337751,0.46020009657916583,0.1838357749346038,0.22222222222222254,1.2233606186634038,-2.534149843841321,1.7596622789832348,-1.2199335447094035,0.0606453741297639,0.5377096795683104,0.4533581852884159,0.08435149427989447,0.5007264539337751,0.41288001062851887,0.08784644330525626,0.46020009657916583,0.40512053426239725,0.05507956231676858,0.1838357749346038,0.2527597234755411,0.06892394854093731,0.22222222222222254,0.26372976973606604,0.0415075475138435,890.0,0.2930125247198418,888.0,0.2923533289386948,714.0,0.23500329597890574,1041.0,0.34278180619644033,1351.0,0.44495715227422544,0.23500329597890574,WACC_0p5_WRT_0p5,0.3216216216216216,1620,False,,,False,False,False,False,False,86.0,0.22251308900523561
IBDD,Electricity,69,0.74,62,0.7499999999999998,0.5253323572805145,0,49,2316,222,1000,98,10,0.3638692037398741,0.455210888746133,0.41162775984582367,0.3638692037398741,0.1838357749346038,0.22222222222222254,1.2233606186634038,-2.534149843841321,1.7596622789832348,-1.2199335447094035,0.0606453741297639,0.455210888746133,0.51562758858817,0.060416699842037014,0.41162775984582367,0.45390211708477246,0.04227435723894879,0.3638692037398741,0.4268128512501635,0.06294364751028941,0.1838357749346038,0.25838902397211216,0.07455324903750837,0.22222222222222254,0.23829469254581373,0.016072470323591187,1767.0,0.5820698747528016,1289.0,0.4245220830586684,959.0,0.3157547791694133,1185.0,0.3902439024390244,714.0,0.23500329597890574,0.23500329597890574,WACC_0p9_WRT_0p1,0.3895187870797627,1621,False,,,False,False,False,False,False,49.0,0.1256544502617801
IBDD,Electricity,292,0.74,49,0.7499999999999998,0.56512474322221,0,36,2393,1,2,122,1,0.31568416087440226,0.413944710732523,0.3670602875911248,0.31568416087440226,0.1838357749346038,0.22222222222222254,1.2233606186634038,-2.534149843841321,1.7596622789832348,-1.2199335447094035,0.0606453741297639,0.413944710732523,0.5080642159808301,0.09411950524830709,0.3670602875911248,0.4582609317432805,0.09120064415215567,0.31568416087440226,0.4524033978187677,0.13671923694436544,0.1838357749346038,0.2664594545653195,0.08262367963071571,0.22222222222222254,0.2383385007260811,0.01611627850385855,1639.0,0.5398813447593935,1333.0,0.43902439024390244,1265.0,0.4166117336849044,1367.0,0.45023071852340146,715.0,0.23533289386947923,0.23533289386947923,WACC_0p9_WRT_0p1,0.41621621621621624,1622,False,,,False,False,False,False,False,36.0,0.09162303664921466
IBDD,Electricity,2579,0.74,114,0.7499999999999998,0.4217160007489388,0,100,2567,3999,873,140,43,0.4893394026958622,0.5626648881122115,0.5276780791611885,0.4893394026958622,0.1838357749346038,0.22222222222222254,1.2233606186634038,-2.534149843841321,1.7596622789832348,-1.2199335447094035,0.0606453741297639,0.5626648881122115,0.5052069773323921,0.05745791077981943,0.5276780791611885,0.49764990168663736,0.03002817747455111,0.4893394026958622,0.483836367188741,0.005503035507121168,0.1838357749346038,0.24077793737795034,0.056942162443346545,0.22222222222222254,0.25731892025913977,0.03509669803691723,1598.0,0.52636783124588,1838.0,0.6054713249835201,1710.0,0.563282794990112,715.0,0.23533289386947923,1195.0,0.39353988134475937,0.23533289386947923,WACC_0p7_WRT_0p3,0.46479894528675014,1623,False,,,False,False,False,False,False,100.0,0.2591623036649215
IBDD,Electricity,2792,0.71,79,0.6428571428571426,0.484200393167689,0,76,4853,3072,544,242,236,0.4136763567168665,0.4978662589372113,0.4576955596521882,0.4136763567168665,0.3004306642296604,0.3333333333333337,1.2233606186634038,-2.534149843841321,1.7596622789832348,-1.2199335447094035,0.0606453741297639,0.4978662589372113,0.4357147668222211,0.062151492114990214,0.4576955596521882,0.40006641095706136,0.057629148695126864,0.4136763567168665,0.4690634510415298,0.05538709432466332,0.3004306642296604,0.451584685491317,0.15115402126165656,0.3333333333333337,0.47661923200882267,0.14328589867548897,715.0,0.23533289386947923,786.0,0.25873434410019774,1486.0,0.489452867501648,2959.0,0.974950560316414,2935.0,0.9670402109426499,0.23533289386947923,WACC_0p1_WRT_0p9,0.5851021753460778,1624,False,,,False,False,False,False,False,76.0,0.19633507853403143
IBDD,Electricity,2858,0.73,64,0.7142857142857141,0.5199513525110855,0,56,3022,290,887,110,31,0.3703851222840437,0.4607911899885039,0.41765448518758413,0.3703851222840437,0.22270073803295595,0.2592592592592596,1.2233606186634038,-2.534149843841321,1.7596622789832348,-1.2199335447094035,0.0606453741297639,0.4607911899885039,0.4876791530861175,0.0268879630976136,0.41765448518758413,0.41029061701674346,0.007363868170840671,0.3703851222840437,0.40785657457760455,0.03747145229356086,0.22270073803295595,0.2407799517946042,0.018079213761648255,0.2592592592592596,0.24286556456998842,0.016393694689271154,1322.0,0.43539881344759396,875.0,0.2880685563612393,748.0,0.24620962425840476,716.0,0.23566249176005274,828.0,0.27257745550428475,0.23566249176005274,WACC_0p7_WRT_0p3,0.29558338826631514,1625,False,,,False,False,False,False,False,56.0,0.14397905759162305
IBDD,Electricity,1095,0.73,168,0.7142857142857141,0.3554331704225942,0,158,1325,4893,97,186,9,0.5696020193984492,0.6314026380802727,0.6019148491266945,0.5696020193984492,0.22270073803295595,0.2592592592592596,1.2233606186634038,-2.534149843841321,1.7596622789832348,-1.2199335447094035,0.0606453741297639,0.6314026380802727,0.5627577575099634,0.06864488057030937,0.6019148491266945,0.5508839440629592,0.05103090506373531,0.5696020193984492,0.5485650976170738,0.021036921781375395,0.22270073803295595,0.2543798390218325,0.031679100988876524,0.2592592592592596,0.23843854575959805,0.020820713499661525,2325.0,0.7659854976928148,2383.0,0.7851021753460777,2404.0,0.7920237310481213,1087.0,0.35794330916282135,716.0,0.23566249176005274,0.23566249176005274,WACC_0p9_WRT_0p1,0.5873434410019776,1626,False,,,False,False,False,False,False,158.0,0.4109947643979058
IBDD,Electricity,2676,0.73,73,0.7142857142857141,0.4976236662662598,0,65,2642,2520,92,209,63,0.3974219659749473,0.48394582757573046,0.4426614937817889,0.3974219659749473,0.22270073803295595,0.2592592592592596,1.2233606186634038,-2.534149843841321,1.7596622789832348,-1.2199335447094035,0.0606453741297639,0.48394582757573046,0.4475394326914407,0.03640639488428976,0.4426614937817889,0.4154151845398845,0.027246309241904354,0.3974219659749473,0.405390327530561,0.007968361555613701,0.22270073803295595,0.24897905304684267,0.02627831501388672,0.2592592592592596,0.28221734570606616,0.02295808644680658,838.0,0.27587343441001977,908.0,0.2989452867501648,717.0,0.23599208965062624,938.0,0.3088332234673698,1747.0,0.5754779169413315,0.23599208965062624,WACC_0p5_WRT_0p5,0.3390243902439024,1627,False,,,False,False,False,False,False,65.0,0.16753926701570682
IBDD,Electricity,2831,0.74,115,0.7499999999999998,0.4202252716212888,0,101,3975,3436,241,229,51,0.4911445431823328,0.5642108294297744,0.5293476957841564,0.4911445431823328,0.1838357749346038,0.22222222222222254,1.2233606186634038,-2.534149843841321,1.7596622789832348,-1.2199335447094035,0.0606453741297639,0.5642108294297744,0.5116237992556693,0.052587030174105154,0.5293476957841564,0.49439387948463076,0.03495381629952565,0.4911445431823328,0.49186738079220865,0.0007228376098758482,0.1838357749346038,0.2407976513508775,0.056961876416273705,0.22222222222222254,0.2564523813518108,0.03423015912958827,1702.0,0.5606460118655241,1803.0,0.5939353988134476,1827.0,0.6018457481872116,717.0,0.23599208965062624,1174.0,0.38661832564271587,0.23599208965062624,WACC_0p7_WRT_0p3,0.4758075148319051,1628,False,,,False,False,False,False,False,101.0,0.2617801047120419
IBDD,Electricity,604,0.74,383,0.7499999999999998,0.2141190241236523,0,266,4179,1872,516,135,1,0.740720891408011,0.7779506416495457,0.7601866929815093,0.740720891408011,0.27829985477171343,0.22222222222222254,1.2233606186634038,-2.534149843841321,1.7596622789832348,-1.2199335447094035,0.0606453741297639,0.7779506416495457,0.6262013441567018,0.15174929749284394,0.7601866929815093,0.6111411454303267,0.1490455475511826,0.740720891408011,0.5945192651469823,0.14620162626102873,0.27829985477171343,0.28944598860935683,0.011146133837643402,0.22222222222222254,0.23845915032960188,0.01623692810737934,2771.0,0.912986156888596,2755.0,0.9077125906394199,2703.0,0.8905735003295979,1802.0,0.5936058009228741,717.0,0.23599208965062624,0.23599208965062624,WACC_0p9_WRT_0p1,0.7081740276862227,1629,False,,,False,False,False,False,False,266.0,0.693717277486911
IBDD,Electricity,2830,0.73,87,0.7142857142857141,0.4677900638121001,0,79,3562,1829,572,100,79,0.43354780711429075,0.5148843782689332,0.47607512853044787,0.43354780711429075,0.22270073803295595,0.2592592592592596,1.2233606186634038,-2.534149843841321,1.7596622789832348,-1.2199335447094035,0.0606453741297639,0.5148843782689332,0.45136430478327955,0.06352007348565364,0.47607512853044787,0.4176114595237519,0.05846366900669597,0.43354780711429075,0.40573885489516265,0.027808952219128102,0.22270073803295595,0.2610571327802432,0.03835639474728722,0.2592592592592596,0.29813014250836956,0.03887088324910998,873.0,0.2874093605800923,926.0,0.3048780487804878,718.0,0.23632168754119973,1257.0,0.4139749505603164,1981.0,0.6526038233355307,0.23632168754119973,WACC_0p5_WRT_0p5,0.37903757415952544,1630,False,,,False,False,False,False,False,79.0,0.20418848167539266
IBDD,Electricity,88,0.73,36,0.7142857142857141,0.6169684576436263,0,28,2338,1,1000,103,10,0.2529060302701837,0.36018085873994304,0.30899532743913843,0.2529060302701837,0.22270073803295595,0.2592592592592596,1.2233606186634038,-2.534149843841321,1.7596622789832348,-1.2199335447094035,0.0606453741297639,0.36018085873994304,0.45993345707112565,0.09975259833118261,0.30899532743913843,0.3902852598255125,0.08128993238637405,0.2529060302701837,0.4189134914263546,0.16600746115617088,0.22270073803295595,0.2786425874984723,0.05594184946551636,0.2592592592592596,0.2776962624740302,0.018437003214770598,954.0,0.3141067897165458,718.0,0.23632168754119973,861.0,0.2834541858932103,1621.0,0.5339485827290705,1671.0,0.5504284772577456,0.23632168754119973,WACC_0p3_WRT_0p7,0.38365194462755436,1631,False,,,False,False,False,False,False,28.0,0.07068062827225131
IBDD,Electricity,938,0.74,220,0.7499999999999998,0.3092439765369044,0,194,1459,2805,300,109,9,0.6255330281739618,0.6793025428506178,0.653646746278667,0.6255330281739618,0.2339355215884308,0.22222222222222254,1.2233606186634038,-2.534149843841321,1.7596622789832348,-1.2199335447094035,0.0606453741297639,0.6793025428506178,0.5922523158321855,0.08705022701843224,0.653646746278667,0.5781207724972744,0.07552597378139259,0.6255330281739618,0.5633656154445164,0.06216741272944548,0.2339355215884308,0.28433309263212353,0.05039757104369272,0.22222222222222254,0.23846368714350996,0.01624146492128742,2583.0,0.8510217534607778,2596.0,0.8553065260382333,2521.0,0.8305866842452209,1720.0,0.5665787738958471,718.0,0.23632168754119973,0.23632168754119973,WACC_0p9_WRT_0p1,0.6679630850362558,1632,False,,,False,False,False,False,False,194.0,0.5052356020942408
IBDD,Electricity,1539,0.71,78,0.6428571428571426,0.4863661844748775,0,75,337,3203,998,237,187,0.41105377592647485,0.49562025313716407,0.4552698733881372,0.41105377592647485,0.3004306642296604,0.3333333333333337,1.2233606186634038,-2.534149843841321,1.7596622789832348,-1.2199335447094035,0.0606453741297639,0.49562025313716407,0.4376011232596334,0.05801912987753066,0.4552698733881372,0.3907227940293494,0.06454707935878778,0.41105377592647485,0.4718321240067571,0.06077834808028226,0.3004306642296604,0.457710652937953,0.15727998870829257,0.3333333333333337,0.4832443132899482,0.1499109799566145,732.0,0.24093605800922874,720.0,0.23698088332234674,1521.0,0.5009887936717206,2974.0,0.9798945286750165,2949.0,0.971654581410679,0.23698088332234674,WACC_0p3_WRT_0p7,0.5860909690177983,1633,False,,,False,False,False,False,False,75.0,0.193717277486911
IBDD,Electricity,877,0.74,70,0.7499999999999998,0.5047492957538864,0,57,338,512,87,65,9,0.3887934619488797,0.4765562858848585,0.4346807887556472,0.3887934619488797,0.1838357749346038,0.22222222222222254,1.2233606186634038,-2.534149843841321,1.7596622789832348,-1.2199335447094035,0.0606453741297639,0.4765562858848585,0.500914591146421,0.02435830526156252,0.4346807887556472,0.42618316079624236,0.008497627959404841,0.3887934619488797,0.40588473333400554,0.01709127138512584,0.1838357749346038,0.24733509466297712,0.06349931972837333,0.22222222222222254,0.2400400576968445,0.017817835474621957,1528.0,0.503295978905735,1011.0,0.3328938694792353,721.0,0.23731048121292023,891.0,0.2933421226104153,758.0,0.24950560316413975,0.23731048121292023,WACC_0p5_WRT_0p5,0.32326961107448915,1634,False,,,False,False,False,False,False,57.0,0.14659685863874344
IBDD,Electricity,1253,0.73,132,0.7142857142857141,0.3966783723814455,0,124,3321,4372,694,145,44,0.5196577454538238,0.5886298360488713,0.5557202229327809,0.5196577454538238,0.22270073803295595,0.2592592592592596,1.2233606186634038,-2.534149843841321,1.7596622789832348,-1.2199335447094035,0.0606453741297639,0.5886298360488713,0.5303416971862392,0.058288138862632066,0.5557202229327809,0.5259883327675421,0.029731890165238806,0.5196577454538238,0.507651942779236,0.01200580267458784,0.22270073803295595,0.24125478663406394,0.018554048601107986,0.2592592592592596,0.26272368387280104,0.0034644246135414614,1967.0,0.6479894528675016,2150.0,0.7083058668424522,2027.0,0.6677653263019117,721.0,0.23731048121292023,1317.0,0.4337508239947264,0.23731048121292023,WACC_0p7_WRT_0p3,0.5390243902439025,1635,False,,,False,False,False,False,False,124.0,0.3219895287958115
IBDD,Electricity,325,0.74,93,0.7499999999999998,0.4564335436868534,0,80,2228,1072,851,58,2,0.44729954368619157,0.5266615102506704,0.4887944310707241,0.44729954368619157,0.1838357749346038,0.22222222222222254,1.2233606186634038,-2.534149843841321,1.7596622789832348,-1.2199335447094035,0.0606453741297639,0.5266615102506704,0.590218030301629,0.06355652005095858,0.4887944310707241,0.5393071746734288,0.05051274360270469,0.44729954368619157,0.5197943990138378,0.07249485532764627,0.1838357749346038,0.2800852873339395,0.09624951239933571,0.22222222222222254,0.23864950715776787,0.016427284935545322,2566.0,0.8454185893210283,2279.0,0.7508239947264338,2156.0,0.7102834541858932,1650.0,0.543506921555702,721.0,0.23731048121292023,0.23731048121292023,WACC_0p9_WRT_0p1,0.6174686882003956,1636,False,,,False,False,False,False,False,80.0,0.20680628272251309
IBDD,Electricity,2078,0.73,79,0.7142857142857141,0.484200393167689,0,71,3944,2327,789,185,72,0.4136763567168665,0.4978662589372113,0.4576955596521882,0.4136763567168665,0.22270073803295595,0.2592592592592596,1.2233606186634038,-2.534149843841321,1.7596622789832348,-1.2199335447094035,0.0606453741297639,0.4978662589372113,0.4571363826437576,0.040729876293453704,0.4576955596521882,0.4359264903112304,0.021769069340957847,0.4136763567168665,0.43132678376228273,0.01765042704541625,0.22270073803295595,0.2414669871182346,0.018766249085278658,0.2592592592592596,0.277280268506494,0.018021009247234432,930.0,0.3061964403427818,1096.0,0.36090969017798286,996.0,0.3279499011206328,722.0,0.23764007910349375,1666.0,0.5487804878048781,0.23764007910349375,WACC_0p7_WRT_0p3,0.3562953197099539,1637,False,,,False,False,False,False,False,71.0,0.18324607329842932
IBDD,Electricity,213,0.71,4,0.6428571428571426,0.9615795586771548,0,3,1,1,2,31,2,0.22155713330854457,0.004115226337448561,0.051428571428571455,0.22155713330854457,0.3004306642296604,0.3333333333333337,1.2233606186634038,-2.534149843841321,1.7596622789832348,-1.2199335447094035,0.0606453741297639,0.004115226337448561,0.4367275489023865,0.432612322564938,0.051428571428571455,0.4139255898338723,0.36249701840530085,0.22155713330854457,0.4972360105595946,0.27567887725105,0.3004306642296604,0.3902753857101641,0.08984472148050371,0.3333333333333337,0.3845660468003471,0.05123271346701341,722.0,0.23764007910349375,899.0,0.2959789057350033,1896.0,0.6245880026367832,2793.0,0.9202373104812129,2623.0,0.8642056690837179,0.23764007910349375,WACC_0p1_WRT_0p9,0.5885299934080421,1638,False,,,False,False,False,False,False,3.0,0.005235602094240838
IBDD,Electricity,1155,0.73,73,0.7142857142857141,0.4976236662662598,0,65,3440,2482,602,140,112,0.3974219659749473,0.48394582757573046,0.4426614937817889,0.3974219659749473,0.22270073803295595,0.2592592592592596,1.2233606186634038,-2.534149843841321,1.7596622789832348,-1.2199335447094035,0.0606453741297639,0.48394582757573046,0.4434764914590637,0.040469336116666754,0.4426614937817889,0.405719504535838,0.03694198924595088,0.3974219659749473,0.40602199527252786,0.00860002929758058,0.22270073803295595,0.2962533933809168,0.07355265534796082,0.2592592592592596,0.3407689142474211,0.08150965498816154,787.0,0.25906394199077126,833.0,0.2742254449571523,723.0,0.23796967699406724,1893.0,0.6235992089650626,2346.0,0.7729070533948583,0.23796967699406724,WACC_0p5_WRT_0p5,0.4335530652603824,1639,False,,,False,False,False,False,False,65.0,0.16753926701570682
IBDD,Electricity,67,0.74,131,0.7499999999999998,0.3979778361999513,0,117,2286,3839,2,250,1,0.5180842102582068,0.5872822439407912,0.5542648234560545,0.5180842102582068,0.19255186341188665,0.22222222222222254,1.2233606186634038,-2.534149843841321,1.7596622789832348,-1.2199335447094035,0.0606453741297639,0.5872822439407912,0.5329131707112139,0.05436907322957729,0.5542648234560545,0.5154971683669308,0.03876765508912372,0.5180842102582068,0.5185788181435713,0.0004946078853644842,0.19255186341188665,0.2525148948425728,0.059963031430686126,0.22222222222222254,0.2387953737052118,0.016573151482989268,2009.0,0.6618325642715887,2045.0,0.6736980883322347,2137.0,0.7040210942649967,1038.0,0.34179301252471983,723.0,0.23796967699406724,0.23796967699406724,WACC_0p9_WRT_0p1,0.5238628872775214,1640,False,,,False,False,False,False,False,117.0,0.3036649214659686
IBDD,Electricity,208,0.72,3,0.6785714285714283,1.0,1,1,1,1,1000,34,1,0.17831030738124148,0.0,0.03428571428571432,0.17831030738124148,0.2615657011313083,0.2962962962962967,1.2233606186634038,-2.534149843841321,1.7596622789832348,-1.2199335447094035,0.0606453741297639,0.0,0.4367764739453646,0.4367764739453646,0.03428571428571432,0.4205269592576452,0.3862412449719309,0.17831030738124148,0.48960924013641327,0.3112989327551718,0.2615657011313083,0.3487665095494109,0.08720080841810263,0.2962962962962967,0.36774192364326463,0.07144562734696791,724.0,0.23829927488464073,957.0,0.3150955833882663,1798.0,0.5922874093605801,2493.0,0.8213579433091628,2531.0,0.8338826631509558,0.23829927488464073,WACC_0p1_WRT_0p9,0.5601845748187212,1641,False,,,False,False,False,False,False,1.0,0.0
IBDD,Electricity,1294,0.73,239,0.7142857142857141,0.2950433741781735,0,219,1441,4877,220,111,8,0.6427286955655466,0.6940290934448571,0.6695514209204456,0.6427286955655466,0.24055839222818823,0.2592592592592596,1.2233606186634038,-2.534149843841321,1.7596622789832348,-1.2199335447094035,0.0606453741297639,0.6940290934448571,0.5995736191094213,0.09445547433543577,0.6695514209204456,0.5940885269089158,0.07546289401152984,0.6427286955655466,0.5871496011647974,0.05557909440074915,0.24055839222818823,0.28270957327515606,0.04215118104696783,0.2592592592592596,0.23880671727847178,0.020452541980787803,2627.0,0.8655240606460118,2688.0,0.8856295319709954,2670.0,0.8796967699406724,1693.0,0.5576796308503625,724.0,0.23829927488464073,0.23829927488464073,WACC_0p9_WRT_0p1,0.6853658536585365,1642,False,,,False,False,False,False,False,219.0,0.5706806282722513
IBDD,Electricity,1641,0.74,77,0.7499999999999998,0.4885595662217817,0,64,4740,599,896,119,61,0.40839778556566114,0.49334563502926343,0.4528132858316045,0.40839778556566114,0.1838357749346038,0.22222222222222254,1.2233606186634038,-2.534149843841321,1.7596622789832348,-1.2199335447094035,0.0606453741297639,0.49334563502926343,0.46878378965414613,0.024561845375117297,0.4528132858316045,0.40421355827551075,0.048599727556093764,0.40839778556566114,0.40880726099320486,0.00040947542754371513,0.1838357749346038,0.24151385552638147,0.057678080591777675,0.22222222222222254,0.259347191874904,0.03712496965268147,1061.0,0.34937376400791037,819.0,0.26961107448912325,758.0,0.24950560316413975,726.0,0.23895847066578774,1244.0,0.4096901779828609,0.23895847066578774,WACC_0p7_WRT_0p3,0.3034278180619644,1643,False,,,False,False,False,False,False,64.0,0.1649214659685864
IBDD,Electricity,62,0.74,64,0.7499999999999998,0.5199513525110855,0,51,2403,129,1000,89,10,0.3703851222840437,0.4607911899885039,0.41765448518758413,0.3703851222840437,0.1838357749346038,0.22222222222222254,1.2233606186634038,-2.534149843841321,1.7596622789832348,-1.2199335447094035,0.0606453741297639,0.4607911899885039,0.5096393874471481,0.048848197458644216,0.41765448518758413,0.4548531866236371,0.03719870143605297,0.3703851222840437,0.4371088315458925,0.06672370926184878,0.1838357749346038,0.2581977787160516,0.0743620037814478,0.22222222222222254,0.23892389987335624,0.0167016776511337,1670.0,0.5500988793671721,1302.0,0.4288068556361239,1073.0,0.35332893869479237,1179.0,0.3882663150955834,726.0,0.23895847066578774,0.23895847066578774,WACC_0p9_WRT_0p1,0.3918918918918919,1644,False,,,False,False,False,False,False,51.0,0.13089005235602094
IBDD,Electricity,481,0.73,5312,0.7142857142857141,0.0,0,383,735,3063,988,87,8,1.0,1.0,1.0,1.0,0.3781605904263647,0.2592592592592596,1.2233606186634038,-2.534149843841321,1.7596622789832348,-1.2199335447094035,0.0606453741297639,1.0,0.5640153304421807,0.43598466955781934,1.0,0.5414736174537796,0.45852638254622036,1.0,0.534333359474638,0.465666640525362,0.3781605904263647,0.28448261611015496,0.09367797431620972,0.2592592592592596,0.23894673557372792,0.020312523685531658,2341.0,0.7712590639419907,2295.0,0.7560975609756098,2269.0,0.7475280158206987,1723.0,0.5675675675675675,727.0,0.23928806855636123,0.23928806855636123,WACC_0p9_WRT_0p1,0.6163480553724455,1645,False,,,False,False,False,False,False,383.0,1.0
IBDD,Electricity,2729,0.74,90,0.7499999999999998,0.462018189093476,0,77,4379,2469,767,210,122,0.4405370344287458,0.5208700261252841,0.48253962821530677,0.4405370344287458,0.1838357749346038,0.22222222222222254,1.2233606186634038,-2.534149843841321,1.7596622789832348,-1.2199335447094035,0.0606453741297639,0.5208700261252841,0.4425491977556365,0.0783208283696476,0.48253962821530677,0.40556941720520534,0.07697021101010143,0.4405370344287458,0.40632381603387635,0.03421321839486946,0.1838357749346038,0.3049450274591181,0.12110925252451432,0.22222222222222254,0.3374037761330824,0.11518155391085988,776.0,0.2554383651944628,831.0,0.27356624917600525,728.0,0.23961766644693475,2019.0,0.6651285431773236,2322.0,0.7649967040210943,0.23961766644693475,WACC_0p5_WRT_0p5,0.43974950560316417,1646,False,,,False,False,False,False,False,77.0,0.19895287958115182
IBDD,Electricity,411,0.73,138,0.7142857142857141,0.3890810456027807,0,130,392,4446,539,250,5,0.528857432977697,0.59650854530082,0.5642292289248857,0.528857432977697,0.22270073803295595,0.2592592592592596,1.2233606186634038,-2.534149843841321,1.7596622789832348,-1.2199335447094035,0.0606453741297639,0.59650854530082,0.5262839283608417,0.07022461693997828,0.5642292289248857,0.5062482321808393,0.05798099674404644,0.528857432977697,0.5064108156435239,0.02244661733417319,0.22270073803295595,0.24155243614536626,0.018851698112410303,0.2592592592592596,0.24513958178939282,0.014119677469866754,1920.0,0.6324983520105472,1956.0,0.6443638760711932,2013.0,0.6631509558338826,728.0,0.23961766644693475,887.0,0.2920237310481213,0.23961766644693475,WACC_0p7_WRT_0p3,0.49433091628213577,1647,False,,,False,False,False,False,False,130.0,0.337696335078534
IBDD,Electricity,464,0.73,458,0.7142857142857141,0.1834011257344273,0,310,3971,80,206,118,5,0.7779175363337703,0.8098062399791125,0.7945907391774415,0.7779175363337703,0.2926260546199875,0.2592592592592596,1.2233606186634038,-2.534149843841321,1.7596622789832348,-1.2199335447094035,0.0606453741297639,0.8098062399791125,0.6604998084334543,0.14930643154565815,0.7945907391774415,0.6128316527979955,0.18175908637944604,0.7779175363337703,0.5943925505739214,0.18352498575984888,0.2926260546199875,0.27964839930617796,0.01297765531380951,0.2592592592592596,0.23894901413832328,0.020310245120936293,2900.0,0.9555042847725774,2763.0,0.9103493737640079,2701.0,0.8899143045484509,1638.0,0.53955174686882,728.0,0.23961766644693475,0.23961766644693475,WACC_0p9_WRT_0p1,0.7069874752801583,1648,False,,,False,False,False,False,False,310.0,0.8089005235602095
IBDD,Electricity,2805,0.74,80,0.7499999999999998,0.4820615067966712,0,67,1679,2418,108,132,99,0.41626635802070583,0.5000843633219706,0.46009111238772826,0.41626635802070583,0.1838357749346038,0.22222222222222254,1.2233606186634038,-2.534149843841321,1.7596622789832348,-1.2199335447094035,0.0606453741297639,0.5000843633219706,0.4470976494918182,0.05298671383015241,0.46009111238772826,0.40476709055722637,0.05532402183050189,0.41626635802070583,0.40651804411326525,0.009748313907440576,0.1838357749346038,0.27421043949817053,0.09037466456356674,0.22222222222222254,0.313708934361459,0.09148671213923648,835.0,0.27488464073829927,823.0,0.27092946605141727,729.0,0.23994726433750824,1530.0,0.503955174686882,2133.0,0.7027027027027027,0.23994726433750824,WACC_0p5_WRT_0p5,0.39848384970336187,1649,False,,,False,False,False,False,False,67.0,0.17277486910994763
IBDD,Electricity,771,0.74,327,0.7499999999999998,0.2412592823380969,0,245,3244,4880,478,80,9,0.707856450774591,0.749805188686418,0.7297896037813314,0.707856450774591,0.26564219316390375,0.22222222222222254,1.2233606186634038,-2.534149843841321,1.7596622789832348,-1.2199335447094035,0.0606453741297639,0.749805188686418,0.6316279851268507,0.11817720355956729,0.7297896037813314,0.6293539619671386,0.10043564181419284,0.707856450774591,0.6289433229704972,0.07891312780409387,0.26564219316390375,0.3097832962300135,0.044141103066109744,0.22222222222222254,0.23901632742637757,0.01679410520415503,2802.0,0.9232036914963744,2830.0,0.9324324324324325,2831.0,0.932762030323006,2092.0,0.6891891891891891,729.0,0.23994726433750824,0.23994726433750824,WACC_0p9_WRT_0p1,0.7435069215557021,1650,False,,,False,False,False,False,False,245.0,0.6387434554973822
IBDD,Electricity,2344,0.74,242,0.7499999999999998,0.2929044878071559,0,210,1638,4659,156,137,11,0.6453186968693857,0.6962471978296162,0.6719469736559854,0.6453186968693857,0.24155592510676224,0.22222222222222254,1.2233606186634038,-2.534149843841321,1.7596622789832348,-1.2199335447094035,0.0606453741297639,0.6962471978296162,0.588610607766408,0.10763659006320825,0.6719469736559854,0.5747254102904009,0.09722156336558452,0.6453186968693857,0.5600993981269934,0.08521929874239231,0.24155592510676224,0.2763122449823808,0.03475631987561853,0.22222222222222254,0.23908668208179373,0.01686445985957119,2555.0,0.8417930125247198,2573.0,0.8477257745550428,2489.0,0.8200395517468688,1574.0,0.518457481872116,730.0,0.24027686222808173,0.24027686222808173,WACC_0p9_WRT_0p1,0.6536585365853659,1651,False,,,False,False,False,False,False,210.0,0.5471204188481675
IBDD,Electricity,2002,0.74,137,0.7499999999999998,0.390324214459635,0,123,3111,4866,794,157,25,0.5273520659774795,0.595219333152971,0.5628368798052087,0.5273520659774795,0.1961213561299603,0.22222222222222254,1.2233606186634038,-2.534149843841321,1.7596622789832348,-1.2199335447094035,0.0606453741297639,0.595219333152971,0.5448965930470547,0.05032274010591631,0.5628368798052087,0.5324403509558094,0.03039652884939925,0.5273520659774795,0.5288497473298812,0.0014976813524016919,0.1961213561299603,0.24168018070485955,0.045558824574899265,0.22222222222222254,0.24218794277987163,0.019965720557649086,2146.0,0.7069874752801583,2207.0,0.7270929466051417,2224.0,0.7326961107448913,731.0,0.24060646011865525,812.0,0.2673038892551088,0.24060646011865525,WACC_0p7_WRT_0p3,0.534937376400791,1652,False,,,False,False,False,False,False,123.0,0.3193717277486911
IBDD,Electricity,1800,0.74,215,0.7499999999999998,0.3131841516540873,0,191,4600,4313,847,151,10,0.6207618262863166,0.6752164353216872,0.6492337501474221,0.6207618262863166,0.23209790446206652,0.22222222222222254,1.2233606186634038,-2.534149843841321,1.7596622789832348,-1.2199335447094035,0.0606453741297639,0.6752164353216872,0.6021408564241413,0.0730755788975459,0.6492337501474221,0.5908264315969723,0.05840731855044978,0.6207618262863166,0.5905988027984287,0.030163023487887908,0.23209790446206652,0.2761032988131563,0.0440053943510898,0.22222222222222254,0.23913347637332544,0.016911254151102895,2649.0,0.8727752142386289,2671.0,0.8800263678312459,2686.0,0.8849703361898484,1570.0,0.517139090309822,731.0,0.24060646011865525,0.24060646011865525,WACC_0p9_WRT_0p1,0.6791034937376401,1653,False,,,False,False,False,False,False,191.0,0.4973821989528796
IBDD,Electricity,2145,0.72,66,0.6785714285714283,0.5147334338430524,0,59,39,2515,727,99,45,0.3767035580535428,0.46620236490350114,0.42349855409578124,0.3767035580535428,0.2615657011313083,0.2962962962962967,1.2233606186634038,-2.534149843841321,1.7596622789832348,-1.2199335447094035,0.0606453741297639,0.46620236490350114,0.44346406551273315,0.02273829939076799,0.42349855409578124,0.4071617746888027,0.01633677940697853,0.3767035580535428,0.40684385816980273,0.030140300116259955,0.2615657011313083,0.29861540507907264,0.037049703947764356,0.2962962962962967,0.3482064347301388,0.05191013843384207,786.0,0.25873434410019774,849.0,0.2794990112063283,732.0,0.24093605800922874,1935.0,0.6374423203691496,2395.0,0.7890573500329597,0.24093605800922874,WACC_0p5_WRT_0p5,0.4411338167435728,1654,False,,,False,False,False,False,False,59.0,0.1518324607329843
IBDD,Electricity,3015,0.67,67,0.5,0.5121825999482407,0,66,2133,2541,979,146,69,0.3945444370177566,0.46884767412775036,0.4263554880579704,0.3945444370177566,0.455890516623069,0.48148148148148157,1.2233606186634038,-2.534149843841321,1.7596622789832348,-1.2199335447094035,0.0606453741297639,0.46884767412775036,0.4479892820498706,0.02085839207787976,0.4263554880579704,0.42411440870175915,0.002241079356211262,0.3945444370177566,0.4068510552786373,0.012306618260880697,0.455890516623069,0.26157647694706965,0.19431403967599936,0.48148148148148157,0.3064181312358488,0.17506335024563274,841.0,0.27686222808174027,988.0,0.32531311799604484,733.0,0.24126565589980223,1270.0,0.41825972313777193,2056.0,0.6773236651285431,0.24126565589980223,WACC_0p5_WRT_0p5,0.3878048780487805,1655,False,,,False,False,False,False,False,66.0,0.17015706806282724
IBDD,Electricity,991,0.73,326,0.7142857142857141,0.2417850175211534,0,269,3390,2827,644,105,3,0.707219832192117,0.749259981829915,0.7292007803763082,0.707219832192117,0.26539700102203584,0.2592592592592596,1.2233606186634038,-2.534149843841321,1.7596622789832348,-1.2199335447094035,0.0606453741297639,0.749259981829915,0.6167815399711971,0.13247844185871793,0.7292007803763082,0.6106834063504917,0.11851737402581652,0.707219832192117,0.6103364111912086,0.09688342100090841,0.26539700102203584,0.3085702246964975,0.043173223674461636,0.2592592592592596,0.23921738534361447,0.020041873915645103,2726.0,0.8981542518127884,2754.0,0.9073829927488464,2760.0,0.9093605800922874,2069.0,0.6816084377059987,733.0,0.24126565589980223,0.24126565589980223,WACC_0p9_WRT_0p1,0.7275543836519447,1656,False,,,False,False,False,False,False,269.0,0.7015706806282722
IBDD,Electricity,1837,0.72,100,0.6785714285714283,0.4440667223993342,0,93,4445,3342,900,202,68,0.462274665176063,0.539486361956246,0.5026452709127456,0.462274665176063,0.2615657011313083,0.2962962962962967,1.2233606186634038,-2.534149843841321,1.7596622789832348,-1.2199335447094035,0.0606453741297639,0.539486361956246,0.49805248597605317,0.041433875980192825,0.5026452709127456,0.48459135868904296,0.018053912223702617,0.462274665176063,0.47829355243346505,0.016018887257402026,0.2615657011313083,0.24179992647385545,0.019765774657452828,0.2962962962962967,0.2674031815139179,0.028893114782378826,1484.0,0.488793671720501,1671.0,0.5504284772577456,1622.0,0.534278180619644,734.0,0.24159525379037575,1444.0,0.47560975609756095,0.24159525379037575,WACC_0p7_WRT_0p3,0.4581410678971654,1657,False,,,False,False,False,False,False,93.0,0.24083769633507854
IBDD,Electricity,1322,0.71,67,0.6428571428571426,0.5121825999482407,0,64,4525,2799,399,211,195,0.3797923911972576,0.46884767412775036,0.4263554880579704,0.3797923911972576,0.3004306642296604,0.3333333333333337,1.2233606186634038,-2.534149843841321,1.7596622789832348,-1.2199335447094035,0.0606453741297639,0.46884767412775036,0.43778321780214857,0.031064456325601786,0.4263554880579704,0.3962041087935007,0.030151379264469702,0.3797923911972576,0.4495664460518658,0.06977405485460819,0.3004306642296604,0.4248071141960598,0.1243764499663994,0.3333333333333337,0.4501780483804071,0.11684471504707339,734.0,0.24159525379037575,761.0,0.2504943968358603,1224.0,0.4030982201713909,2898.0,0.9548450889914305,2857.0,0.9413315754779169,0.24159525379037575,WACC_0p1_WRT_0p9,0.5582729070533948,1658,False,,,False,False,False,False,False,64.0,0.1649214659685864
IBDD,Electricity,1967,0.73,132,0.7142857142857141,0.3966783723814455,0,124,1851,4245,31,198,19,0.5196577454538238,0.5886298360488713,0.5557202229327809,0.5196577454538238,0.22270073803295595,0.2592592592592596,1.2233606186634038,-2.534149843841321,1.7596622789832348,-1.2199335447094035,0.0606453741297639,0.5886298360488713,0.5414198753107876,0.0472099607380837,0.5557202229327809,0.5321651377201639,0.023555085212616955,0.5196577454538238,0.5281522502621757,0.0084945048083519,0.22270073803295595,0.241830059936469,0.019129321903513047,0.2592592592592596,0.24329760303630546,0.015961656222954118,2119.0,0.6980883322346737,2203.0,0.7257745550428477,2220.0,0.7313777191825972,735.0,0.24192485168094924,837.0,0.27554383651944625,0.24192485168094924,WACC_0p7_WRT_0p3,0.5345418589321028,1659,False,,,False,False,False,False,False,124.0,0.3219895287958115
IBDD,Electricity,2698,0.71,78,0.6428571428571426,0.4863661844748775,0,75,2284,3094,733,206,178,0.41105377592647485,0.49562025313716407,0.4552698733881372,0.41105377592647485,0.3004306642296604,0.3333333333333337,1.2233606186634038,-2.534149843841321,1.7596622789832348,-1.2199335447094035,0.0606453741297639,0.49562025313716407,0.4378955275226961,0.05772472561446795,0.4552698733881372,0.4010947065879867,0.0541751668001505,0.41105377592647485,0.4473297498912347,0.036275973964759844,0.3004306642296604,0.42809952531367373,0.12766886108401332,0.3333333333333337,0.469359673829505,0.1360263404961713,735.0,0.24192485168094924,793.0,0.26104152933421226,1195.0,0.39353988134475937,2906.0,0.9574818721160184,2914.0,0.9601186552406065,0.24192485168094924,WACC_0p1_WRT_0p9,0.5628213579433091,1660,False,,,False,False,False,False,False,75.0,0.193717277486911
IBDD,Electricity,3,0.73,128,0.7142857142857141,0.4019361286569392,0,120,327,2550,554,50,6,0.513291069882219,0.5831773480594705,0.5498315359042281,0.513291069882219,0.22270073803295595,0.2592592592592596,1.2233606186634038,-2.534149843841321,1.7596622789832348,-1.2199335447094035,0.0606453741297639,0.5831773480594705,0.5587029145650658,0.0244744334944047,0.5498315359042281,0.5335181000969478,0.016313435807280285,0.513291069882219,0.5164808940386549,0.003189824156435983,0.22270073803295595,0.28995371299852885,0.06725297496557289,0.2592592592592596,0.23923540320253547,0.020023856056724104,2287.0,0.7534607778510217,2229.0,0.7343441001977588,2121.0,0.6987475280158207,1809.0,0.5959129861568886,735.0,0.24192485168094924,0.24192485168094924,WACC_0p9_WRT_0p1,0.6048780487804879,1661,False,,,False,False,False,False,False,120.0,0.31151832460732987
IBDD,Electricity,2252,0.73,67,0.7142857142857141,0.5121825999482407,0,59,537,2482,115,192,46,0.3797923911972576,0.46884767412775036,0.4263554880579704,0.3797923911972576,0.22270073803295595,0.2592592592592596,1.2233606186634038,-2.534149843841321,1.7596622789832348,-1.2199335447094035,0.0606453741297639,0.46884767412775036,0.44709002371310336,0.021757650414647,0.4263554880579704,0.4136464292514755,0.012709058806494922,0.3797923911972576,0.40703797058090263,0.027245579383645024,0.22270073803295595,0.24230614554287735,0.019605407509921402,0.2592592592592596,0.2835159175718016,0.024256658312542034,834.0,0.27455504284772575,898.0,0.2956493078444298,736.0,0.24225444957152273,746.0,0.24555042847725775,1769.0,0.5827290705339486,0.24225444957152273,WACC_0p5_WRT_0p5,0.32814765985497696,1662,False,,,False,False,False,False,False,59.0,0.1518324607329843
IBDD,Electricity,2007,0.74,87,0.7499999999999998,0.4677900638121001,0,74,1463,2523,310,246,91,0.43354780711429075,0.5148843782689332,0.47607512853044787,0.43354780711429075,0.1838357749346038,0.22222222222222254,1.2233606186634038,-2.534149843841321,1.7596622789832348,-1.2199335447094035,0.0606453741297639,0.5148843782689332,0.4384698709063529,0.07641450736258026,0.47607512853044787,0.4083457328031407,0.06772939572730718,0.43354780711429075,0.4130532534022682,0.02049455371202258,0.1838357749346038,0.28679842117712423,0.10296264624252044,0.22222222222222254,0.31748333659661865,0.0952611143743961,736.0,0.24225444957152273,856.0,0.28180619644034277,802.0,0.26400791034937376,1761.0,0.5800922874093606,2182.0,0.7188529993408043,0.24225444957152273,WACC_0p1_WRT_0p9,0.4174027686222808,1663,False,,,False,False,False,False,False,74.0,0.19109947643979058
IBDD,Electricity,1715,0.73,95,0.7142857142857141,0.4528086068783853,0,87,4190,2965,1000,179,67,0.4516890199984838,0.5304207039779707,0.49285436029620844,0.4516890199984838,0.22270073803295595,0.2592592592592596,1.2233606186634038,-2.534149843841321,1.7596622789832348,-1.2199335447094035,0.0606453741297639,0.5304207039779707,0.48835765602935394,0.04206304794861676,0.49285436029620844,0.47306334180897447,0.01979101848723397,0.4516890199984838,0.4634400691069974,0.0117510491085136,0.22270073803295595,0.2418677084987065,0.019166970465750555,0.2592592592592596,0.27515039572817834,0.015891136468918765,1331.0,0.43836519446275546,1525.0,0.5023071852340145,1415.0,0.46605141727092947,736.0,0.24225444957152273,1619.0,0.5332893869479235,0.24225444957152273,WACC_0p7_WRT_0p3,0.4364535266974291,1664,False,,,False,False,False,False,False,87.0,0.225130890052356
IBDD,Electricity,1454,0.73,113,0.7142857142857141,0.4232197495097513,0,105,3241,4220,871,215,63,0.48751849659073904,0.5611054449528504,0.5259938805490785,0.48751849659073904,0.22270073803295595,0.2592592592592596,1.2233606186634038,-2.534149843841321,1.7596622789832348,-1.2199335447094035,0.0606453741297639,0.5611054449528504,0.515277105661221,0.04582833929162944,0.5259938805490785,0.49863445844923876,0.027359422099839714,0.48751849659073904,0.495002044751399,0.007483548160659936,0.22270073803295595,0.24188744193546546,0.01918670390250951,0.2592592592592596,0.2754079992738449,0.016148740014585328,1763.0,0.5807514831905076,1856.0,0.6114040870138431,1874.0,0.6173368490441661,737.0,0.24258404746209625,1625.0,0.5352669742913645,0.24258404746209625,WACC_0p7_WRT_0p3,0.5174686882003956,1665,False,,,False,False,False,False,False,105.0,0.27225130890052357
IBDD,Electricity,1143,0.71,70,0.6428571428571426,0.5047492957538864,0,67,4877,2831,366,183,176,0.3887934619488797,0.4765562858848585,0.4346807887556472,0.3887934619488797,0.3004306642296604,0.3333333333333337,1.2233606186634038,-2.534149843841321,1.7596622789832348,-1.2199335447094035,0.0606453741297639,0.4765562858848585,0.43851285017828767,0.038043435706570816,0.4346807887556472,0.40645115099024104,0.028229637765406157,0.3887934619488797,0.43820734979585446,0.04941388784697476,0.3004306642296604,0.3987351344361532,0.0983044702064928,0.3333333333333337,0.42359319765883957,0.09025986432550587,737.0,0.24258404746209625,844.0,0.27785102175346077,1095.0,0.36058009228740934,2824.0,0.9304548450889915,2782.0,0.9166117336849045,0.24258404746209625,WACC_0p1_WRT_0p9,0.5456163480553725,1666,False,,,False,False,False,False,False,67.0,0.17277486910994763
IBDD,Electricity,1355,0.72,67,0.6785714285714283,0.5121825999482407,0,60,1378,1635,13,166,10,0.3797923911972576,0.46884767412775036,0.4263554880579704,0.3797923911972576,0.2615657011313083,0.2962962962962967,1.2233606186634038,-2.534149843841321,1.7596622789832348,-1.2199335447094035,0.0606453741297639,0.46884767412775036,0.5076343047157501,0.03878663058799975,0.4263554880579704,0.47604952098919445,0.04969403293122404,0.3797923911972576,0.4701507097281603,0.0903583185309027,0.2615657011313083,0.25199392300171963,0.009571778129588648,0.2962962962962967,0.2393491612341416,0.056947135062155124,1636.0,0.5388925510876731,1563.0,0.5148319050758076,1503.0,0.4950560316413975,1023.0,0.33684904416611733,738.0,0.24291364535266974,0.24291364535266974,WACC_0p9_WRT_0p1,0.42570863546473303,1667,False,,,False,False,False,False,False,60.0,0.1544502617801047
IBDD,Electricity,1930,0.74,148,0.7499999999999998,0.377119421762125,0,134,2989,4289,754,114,38,0.5433418963709491,0.6089131922466853,0.57762624762642,0.5433418963709491,0.2022798015008817,0.22222222222222254,1.2233606186634038,-2.534149843841321,1.7596622789832348,-1.2199335447094035,0.0606453741297639,0.6089131922466853,0.5322664639186407,0.07664672832804453,0.57762624762642,0.5271874864589898,0.05043876116743018,0.5433418963709491,0.5221042101318876,0.021237686239061526,0.2022798015008817,0.24193357243682884,0.03965377093594713,0.22222222222222254,0.25339164142727993,0.03116941920505739,2001.0,0.6591957811470006,2163.0,0.7125906394199077,2177.0,0.7172050098879367,738.0,0.24291364535266974,1100.0,0.3622280817402769,0.24291364535266974,WACC_0p7_WRT_0p3,0.5388266315095583,1668,False,,,False,False,False,False,False,134.0,0.3481675392670157
IBDD,Electricity,2529,0.73,99,0.7142857142857141,0.4457799518448435,0,91,844,1386,961,100,19,0.46020009657916583,0.5377096795683104,0.5007264539337751,0.46020009657916583,0.22270073803295595,0.2592592592592596,1.2233606186634038,-2.534149843841321,1.7596622789832348,-1.2199335447094035,0.0606453741297639,0.5377096795683104,0.5149264340507597,0.022783245517550732,0.5007264539337751,0.4760470981838648,0.024679355749910314,0.46020009657916583,0.4349334938799806,0.025266602699185237,0.22270073803295595,0.2433489043225354,0.02064816628957944,0.2592592592592596,0.23939149701610693,0.019867762243152648,1755.0,0.5781147000659196,1562.0,0.514502307185234,1049.0,0.34541858932102837,779.0,0.2564271588661833,739.0,0.24324324324324326,0.24324324324324326,WACC_0p9_WRT_0p1,0.38754119973632173,1669,False,,,False,False,False,False,False,91.0,0.2356020942408377
IBDD,Electricity,1739,0.73,119,0.7142857142857141,0.41438816555554,0,111,3545,4218,237,193,40,0.498212759860783,0.5702641246090697,0.5358852545777952,0.498212759860783,0.22270073803295595,0.2592592592592596,1.2233606186634038,-2.534149843841321,1.7596622789832348,-1.2199335447094035,0.0606453741297639,0.5702641246090697,0.5253841661729549,0.04487995843611481,0.5358852545777952,0.5146770180668723,0.021208236510922962,0.498212759860783,0.5218077507996233,0.023594990938840266,0.22270073803295595,0.2419340614893414,0.019233323456385454,0.2592592592592596,0.26131616345570946,0.0020569041964498824,1910.0,0.6292023731048121,2036.0,0.6707317073170732,2173.0,0.7158866183256427,739.0,0.24324324324324326,1284.0,0.4228740936058009,0.24324324324324326,WACC_0p7_WRT_0p3,0.5363876071193145,1670,False,,,False,False,False,False,False,111.0,0.2879581151832461
IBDD,Electricity,1316,0.71,72,0.6428571428571426,0.499966262112698,0,69,1493,2919,512,229,168,0.3945852906008571,0.4815164689201649,0.44003778643377817,0.3945852906008571,0.3004306642296604,0.3333333333333337,1.2233606186634038,-2.534149843841321,1.7596622789832348,-1.2199335447094035,0.0606453741297639,0.4815164689201649,0.43875336054780034,0.04276310837236458,0.44003778643377817,0.40332097677165135,0.036716809662126815,0.3945852906008571,0.44067994397924753,0.046094653378390416,0.3004306642296604,0.40025745965478415,0.09982679542512374,0.3333333333333337,0.43731859364350023,0.10398526031016653,739.0,0.24324324324324326,811.0,0.26697429136453527,1121.0,0.3691496374423204,2828.0,0.9317732366512854,2822.0,0.9297956493078444,0.24324324324324326,WACC_0p1_WRT_0p9,0.5481872116018457,1671,False,,,False,False,False,False,False,69.0,0.17801047120418848
IBDD,Electricity,2310,0.72,123,0.6785714285714283,0.4087424748943598,0,116,3320,4851,298,160,41,0.5050491894961598,0.5761189149243676,0.542208428118317,0.5050491894961598,0.2615657011313083,0.2962962962962967,1.2233606186634038,-2.534149843841321,1.7596622789832348,-1.2199335447094035,0.0606453741297639,0.5761189149243676,0.5387290290803687,0.03738988584399894,0.542208428118317,0.5268484543432965,0.015359973775020519,0.5050491894961598,0.5221702463946247,0.01712105689846488,0.2615657011313083,0.24195273148956123,0.019612969641747052,0.2962962962962967,0.2570585186630101,0.03923777763328662,2081.0,0.6855636123928807,2157.0,0.7106130520764667,2179.0,0.7178642056690837,740.0,0.24357284113381675,1186.0,0.39057350032959787,0.24357284113381675,WACC_0p7_WRT_0p3,0.5496374423203692,1672,False,,,False,False,False,False,False,116.0,0.3010471204188482
IBDD,Electricity,342,0.74,208,0.7499999999999998,0.3188564150660998,0,188,2933,4573,586,159,9,0.6138932194113095,0.6693340880796003,0.6428808151259683,0.6138932194113095,0.22945247676376254,0.22222222222222254,1.2233606186634038,-2.534149843841321,1.7596622789832348,-1.2199335447094035,0.0606453741297639,0.6693340880796003,0.5707141534850791,0.09861993459452112,0.6428808151259683,0.5465497960902896,0.09633101903567864,0.6138932194113095,0.5500047731997743,0.06388844621153522,0.22945247676376254,0.26064377682226764,0.031191300058505095,0.22222222222222254,0.23939718885367522,0.01717496663145268,2404.0,0.7920237310481213,2341.0,0.7712590639419907,2418.0,0.7966381015161503,1244.0,0.4096901779828609,740.0,0.24357284113381675,0.24357284113381675,WACC_0p9_WRT_0p1,0.602636783124588,1673,False,,,False,False,False,False,False,188.0,0.4895287958115183
IBDD,Electricity,316,0.7,138,0.6071428571428569,0.3890810456027807,0,132,477,4299,962,188,10,0.528857432977697,0.59650854530082,0.5642292289248857,0.528857432977697,0.33929562732801266,0.37037037037037074,1.2233606186634038,-2.534149843841321,1.7596622789832348,-1.2199335447094035,0.0606453741297639,0.59650854530082,0.5308502461998775,0.06565829910094245,0.5642292289248857,0.5075138006927961,0.05671542823208964,0.528857432977697,0.5043584188307205,0.024499014146976528,0.33929562732801266,0.24204331247384758,0.09725231485416508,0.37037037037037074,0.248959770858259,0.12141059951211175,1976.0,0.6509558338826632,1974.0,0.6502966381015162,1980.0,0.6522742254449572,741.0,0.24390243902439024,989.0,0.3256427158866183,0.24390243902439024,WACC_0p7_WRT_0p3,0.504614370468029,1674,False,,,False,False,False,False,False,132.0,0.34293193717277487
IBDD,Electricity,420,0.73,67,0.7142857142857141,0.5121825999482407,0,59,2470,184,650,120,8,0.3797923911972576,0.46884767412775036,0.4263554880579704,0.3797923911972576,0.22270073803295595,0.2592592592592596,1.2233606186634038,-2.534149843841321,1.7596622789832348,-1.2199335447094035,0.0606453741297639,0.46884767412775036,0.5086615583291153,0.039813884201364946,0.4263554880579704,0.4528572895093127,0.02650180145134229,0.3797923911972576,0.43242696345680165,0.052634572259544044,0.22270073803295595,0.2420478087888786,0.019347070755922652,0.2592592592592596,0.23982107356271237,0.019438185696547206,1652.0,0.544166117336849,1273.0,0.41924851680949243,1011.0,0.3328938694792353,742.0,0.24423203691496376,756.0,0.24884640738299274,0.24423203691496376,WACC_0p7_WRT_0p3,0.35787738958470666,1675,False,,,False,False,False,False,False,59.0,0.1518324607329843
IBDD,Electricity,1138,0.74,88,0.7499999999999998,0.4658445274206108,0,75,3561,2573,932,190,133,0.435903678776714,0.516901971563811,0.47825412928891586,0.435903678776714,0.1838357749346038,0.22222222222222254,1.2233606186634038,-2.534149843841321,1.7596622789832348,-1.2199335447094035,0.0606453741297639,0.516901971563811,0.4393899668513353,0.07751200471247571,0.47825412928891586,0.4014017477340555,0.07685238155486035,0.435903678776714,0.40829525136281103,0.02760842741390296,0.1838357749346038,0.30864266837947096,0.12480689344486717,0.22222222222222254,0.3545670239814616,0.13234480175923907,744.0,0.24489123269611074,797.0,0.2623599208965063,753.0,0.24785761371127224,2071.0,0.6822676334871457,2450.0,0.8071852340145023,0.24489123269611074,WACC_0p1_WRT_0p9,0.4489123269611074,1676,False,,,False,False,False,False,False,75.0,0.193717277486911
IBDD,Electricity,2133,0.72,120,0.6785714285714283,0.4129592931336661,0,113,1277,3972,912,228,36,0.4999429973740139,0.5717459182317536,0.537485591690294,0.4999429973740139,0.2615657011313083,0.2962962962962967,1.2233606186634038,-2.534149843841321,1.7596622789832348,-1.2199335447094035,0.0606453741297639,0.5717459182317536,0.514315596074881,0.057430322156872604,0.537485591690294,0.4978270263820616,0.03965856530823236,0.4999429973740139,0.500821470414051,0.000878473040037131,0.2615657011313083,0.24215408486557474,0.01941161626573354,0.2962962962962967,0.25543767616751084,0.04085862012878588,1742.0,0.5738299274884641,1843.0,0.6071193144363876,1937.0,0.6381015161502966,744.0,0.24489123269611074,1146.0,0.3773895847066579,0.24489123269611074,WACC_0p7_WRT_0p3,0.4882663150955834,1677,False,,,False,False,False,False,False,113.0,0.2931937172774869
IBDD,Electricity,409,0.74,371,0.7499999999999998,0.2195854559048444,0,260,4544,4648,993,148,1,0.7341015283448397,0.7722817494320132,0.7540642893865742,0.7341015283448397,0.2757504227382451,0.22222222222222254,1.2233606186634038,-2.534149843841321,1.7596622789832348,-1.2199335447094035,0.0606453741297639,0.7722817494320132,0.6176138015923897,0.15466794783962357,0.7540642893865742,0.6185422017409866,0.1355220876455876,0.7341015283448397,0.6096669393128845,0.12443458903195515,0.2757504227382451,0.2974031312302926,0.02165270849204748,0.22222222222222254,0.23943327595016,0.017211053727937464,2729.0,0.8991430454845089,2782.0,0.9166117336849045,2759.0,0.9090309822017139,1912.0,0.6298615688859591,744.0,0.24489123269611074,0.24489123269611074,WACC_0p9_WRT_0p1,0.7199077125906395,1678,False,,,False,False,False,False,False,260.0,0.6780104712041884
IBDD,Electricity,3013,0.66,72,0.4642857142857142,0.499966262112698,0,70,679,2840,288,231,124,0.4377912629450598,0.4815164689201649,0.44003778643377817,0.4377912629450598,0.4947554797214213,0.5185185185185187,1.2233606186634038,-2.534149843841321,1.7596622789832348,-1.2199335447094035,0.0606453741297639,0.4815164689201649,0.44050960999123473,0.04100685892893019,0.44003778643377817,0.3970181754425238,0.04301961099125434,0.4377912629450598,0.4077205135345167,0.030070749410543107,0.4947554797214213,0.33077854556035824,0.16397693416106307,0.5185185185185187,0.37461097402418425,0.14390754449433446,757.0,0.24917600527356626,767.0,0.2524719841793013,745.0,0.24522083058668426,2328.0,0.7669742913645353,2575.0,0.8483849703361899,0.24522083058668426,WACC_0p5_WRT_0p5,0.47244561634805543,1679,False,,,False,False,False,False,False,70.0,0.1806282722513089
IBDD,Electricity,2186,0.72,101,0.6785714285714283,0.4423703723360919,0,94,3049,3839,323,213,47,0.46432879434117375,0.5412455397996083,0.5045451829835771,0.46432879434117375,0.2615657011313083,0.2962962962962967,1.2233606186634038,-2.534149843841321,1.7596622789832348,-1.2199335447094035,0.0606453741297639,0.5412455397996083,0.49594800835139663,0.04529753144821169,0.5045451829835771,0.48936957766451733,0.01517560531905976,0.46432879434117375,0.4930533963303903,0.02872460198921656,0.2615657011313083,0.24226230976825255,0.019303391363055727,0.2962962962962967,0.2695012075977679,0.026795088698528813,1458.0,0.48022412656559,1738.0,0.5725115359261701,1843.0,0.6071193144363876,745.0,0.24522083058668426,1496.0,0.492748846407383,0.24522083058668426,WACC_0p7_WRT_0p3,0.479564930784443,1680,False,,,False,False,False,False,False,94.0,0.24345549738219896
IBDD,Electricity,2248,0.73,79,0.7142857142857141,0.484200393167689,0,71,3452,1977,978,244,66,0.4136763567168665,0.4978662589372113,0.4576955596521882,0.4136763567168665,0.22270073803295595,0.2592592592592596,1.2233606186634038,-2.534149843841321,1.7596622789832348,-1.2199335447094035,0.0606453741297639,0.4978662589372113,0.4557092888608673,0.042156970076344,0.4576955596521882,0.40270106335905403,0.05499449629313419,0.4136763567168665,0.4077852326540994,0.005891124062767095,0.22270073803295595,0.2477850775900163,0.025084339557060353,0.2592592592592596,0.2915496603823048,0.03229040112304521,918.0,0.3022412656558998,807.0,0.26565589980224125,746.0,0.24555042847725775,904.0,0.2976268951878708,1882.0,0.6199736321687541,0.24555042847725775,WACC_0p5_WRT_0p5,0.34620962425840474,1681,False,,,False,False,False,False,False,71.0,0.18324607329842932
IBDD,Electricity,2745,0.73,126,0.7142857142857141,0.4046264668097131,0,118,848,3520,179,79,47,0.5100333094804184,0.5803873677528902,0.5468183571731213,0.5100333094804184,0.22270073803295595,0.2592592592592596,1.2233606186634038,-2.534149843841321,1.7596622789832348,-1.2199335447094035,0.0606453741297639,0.5803873677528902,0.5018792199514396,0.07850814780145066,0.5468183571731213,0.48954438317171545,0.05727397400140588,0.5100333094804184,0.47655415781916616,0.033479151661252204,0.22270073803295595,0.24233810766687494,0.01963736963391899,0.2592592592592596,0.26591452688811396,0.006655267628854378,1549.0,0.5102175346077785,1742.0,0.5738299274884641,1589.0,0.5234014502307185,747.0,0.24588002636783124,1402.0,0.46176664469347395,0.24588002636783124,WACC_0p7_WRT_0p3,0.4630191166776533,1682,False,,,False,False,False,False,False,118.0,0.306282722513089
IBDD,Electricity,828,0.73,168,0.7142857142857141,0.3554331704225942,0,158,3248,1465,806,122,10,0.5696020193984492,0.6314026380802727,0.6019148491266945,0.5696020193984492,0.22270073803295595,0.2592592592592596,1.2233606186634038,-2.534149843841321,1.7596622789832348,-1.2199335447094035,0.0606453741297639,0.6314026380802727,0.5641873363008966,0.06721530177937618,0.6019148491266945,0.535668370028452,0.06624647909824244,0.5696020193984492,0.5153323954357691,0.05426962396268009,0.22270073803295595,0.26903572524606995,0.04633498721311399,0.2592592592592596,0.23955174076937297,0.01970751848988661,2343.0,0.7719182597231378,2248.0,0.7406064601186553,2109.0,0.6947923533289387,1416.0,0.466381015161503,747.0,0.24588002636783124,0.24588002636783124,WACC_0p9_WRT_0p1,0.5839156229400132,1683,False,,,False,False,False,False,False,158.0,0.4109947643979058
IBDD,Electricity,813,0.74,354,0.7499999999999998,0.2276392716763081,0,255,1418,4105,27,91,2,0.7243490732207061,0.7639296441875324,0.7450440157225349,0.7243490732207061,0.2719942877051389,0.22222222222222254,1.2233606186634038,-2.534149843841321,1.7596622789832348,-1.2199335447094035,0.0606453741297639,0.7639296441875324,0.6144504555921406,0.14947918859539178,0.7450440157225349,0.626969527964276,0.1180744877582589,0.7243490732207061,0.6243287239296856,0.10002034929102044,0.2719942877051389,0.30201343949662574,0.030019151791486842,0.22222222222222254,0.23956221601880348,0.017339993796580938,2719.0,0.8958470665787739,2818.0,0.9284772577455505,2815.0,0.9274884640738299,1985.0,0.6539222148978246,748.0,0.24620962425840476,0.24620962425840476,WACC_0p9_WRT_0p1,0.7303889255108766,1684,False,,,False,False,False,False,False,255.0,0.6649214659685864
IBDD,Electricity,1554,0.72,165,0.6785714285714283,0.3585170404207828,0,156,3301,1723,788,125,8,0.5658677269066145,0.6282045506747438,0.5984609147287232,0.5658677269066145,0.2615657011313083,0.2962962962962967,1.2233606186634038,-2.534149843841321,1.7596622789832348,-1.2199335447094035,0.0606453741297639,0.6282045506747438,0.5824588015843463,0.045745749090397525,0.5984609147287232,0.5522061029270106,0.04625481180171265,0.5658677269066145,0.5311720097006031,0.03469571720601139,0.2615657011313083,0.2658192161853967,0.0042535150540884414,0.2962962962962967,0.23957624523602722,0.056720051060269505,2501.0,0.8239947264337508,2395.0,0.7890573500329597,2244.0,0.7392880685563612,1356.0,0.4466051417270929,749.0,0.24653922214897825,0.24653922214897825,WACC_0p9_WRT_0p1,0.6090969017798286,1685,False,,,False,False,False,False,False,156.0,0.40575916230366493
IBDD,Electricity,1578,0.73,70,0.7142857142857141,0.5047492957538864,0,62,1210,2104,115,143,68,0.3887934619488797,0.4765562858848585,0.4346807887556472,0.3887934619488797,0.22270073803295595,0.2592592592592596,1.2233606186634038,-2.534149843841321,1.7596622789832348,-1.2199335447094035,0.0606453741297639,0.4765562858848585,0.4397588402871941,0.0367974455976644,0.4346807887556472,0.4038070791259429,0.030873709629704316,0.3887934619488797,0.40836531807673965,0.019571856127859943,0.22270073803295595,0.2546260034698977,0.03192526543694177,0.2592592592592596,0.29211976210546725,0.03286050284620767,750.0,0.24686882003955174,816.0,0.26862228081740275,754.0,0.24818721160184576,1094.0,0.3602504943968359,1889.0,0.6222808174027686,0.24686882003955174,WACC_0p1_WRT_0p9,0.349241924851681,1686,False,,,False,False,False,False,False,62.0,0.15968586387434555
IBDD,Electricity,2403,0.73,134,0.7142857142857141,0.3941085017086084,0,126,3776,4729,187,191,58,0.5227696304438523,0.5912948871169988,0.5585984780863587,0.5227696304438523,0.22270073803295595,0.2592592592592596,1.2233606186634038,-2.534149843841321,1.7596622789832348,-1.2199335447094035,0.0606453741297639,0.5912948871169988,0.5324347933676681,0.058860093749330766,0.5585984780863587,0.521440302540305,0.03715817554605361,0.5227696304438523,0.5222428113707255,0.0005268190731267941,0.22270073803295595,0.24240596714318444,0.019705229110228484,0.2592592592592596,0.2673339613754676,0.008074702116208032,2003.0,0.6598549769281477,2114.0,0.6964403427818062,2180.0,0.7181938035596572,750.0,0.24686882003955174,1443.0,0.4752801582069875,0.24686882003955174,WACC_0p7_WRT_0p3,0.5593276203032301,1687,False,,,False,False,False,False,False,126.0,0.32722513089005234
IBDD,Electricity,1924,0.71,88,0.6428571428571426,0.4658445274206108,0,85,1817,3020,377,241,191,0.435903678776714,0.516901971563811,0.47825412928891586,0.435903678776714,0.3004306642296604,0.3333333333333337,1.2233606186634038,-2.534149843841321,1.7596622789832348,-1.2199335447094035,0.0606453741297639,0.516901971563811,0.44093733079005365,0.07596464077375736,0.47825412928891586,0.39472592694362074,0.08352820234529512,0.435903678776714,0.44590153983892,0.009997861062206015,0.3004306642296604,0.42385303098102534,0.12342236675136492,0.3333333333333337,0.473468009951989,0.1401346766186553,761.0,0.2504943968358603,750.0,0.24686882003955174,1179.0,0.3882663150955834,2892.0,0.9528675016479895,2924.0,0.9634146341463414,0.24686882003955174,WACC_0p3_WRT_0p7,0.5603823335530652,1688,False,,,False,False,False,False,False,85.0,0.2198952879581152
IBDD,Electricity,408,0.73,202,0.7142857142857141,0.3238716668808341,0,187,537,625,323,36,6,0.607820195189334,0.6641330861976534,0.6372637330934657,0.607820195189334,0.22711346584325942,0.2592592592592596,1.2233606186634038,-2.534149843841321,1.7596622789832348,-1.2199335447094035,0.0606453741297639,0.6641330861976534,0.587107353249926,0.07702573294772741,0.6372637330934657,0.5240050881067536,0.11325864498671212,0.607820195189334,0.511828862631482,0.09599133255785197,0.22711346584325942,0.2762108990416662,0.04909743319840676,0.2592592592592596,0.23961147008998793,0.01964778916927165,2545.0,0.8384970336189849,2133.0,0.7027027027027027,2078.0,0.6845748187211602,1572.0,0.517798286090969,750.0,0.24686882003955174,0.24686882003955174,WACC_0p9_WRT_0p1,0.5980883322346737,1689,False,,,False,False,False,False,False,187.0,0.4869109947643979
IBDD,Electricity,1197,0.72,68,0.6785714285714283,0.5096690058370015,0,61,2094,2743,336,238,129,0.38283613027271596,0.47145436431718357,0.4291707134625583,0.38283613027271596,0.2615657011313083,0.2962962962962967,1.2233606186634038,-2.534149843841321,1.7596622789832348,-1.2199335447094035,0.0606453741297639,0.47145436431718357,0.43984603961447866,0.031608324702704915,0.4291707134625583,0.39997990989341364,0.029190803569144663,0.38283613027271596,0.41786509760308616,0.0350289673303702,0.2615657011313083,0.34775088391726755,0.08618518278595927,0.2962962962962967,0.41667709920823426,0.12038080291193753,751.0,0.24719841793012526,785.0,0.2584047462096243,849.0,0.2794990112063283,2480.0,0.8170731707317073,2755.0,0.9077125906394199,0.24719841793012526,WACC_0p1_WRT_0p9,0.501977587343441,1690,False,,,False,False,False,False,False,61.0,0.15706806282722513
IBDD,Electricity,1717,0.74,343,0.7499999999999998,0.2330587735143552,0,251,2729,4967,57,25,9,0.7177865381478298,0.7583094200591872,0.7389741736639222,0.7177865381478298,0.26946674283777294,0.22222222222222254,1.2233606186634038,-2.534149843841321,1.7596622789832348,-1.2199335447094035,0.0606453741297639,0.7583094200591872,0.6305126892763061,0.12779673078288112,0.7389741736639222,0.6338948003456644,0.10507937331825778,0.7177865381478298,0.6391174724164932,0.07866906573133658,0.26946674283777294,0.3249058188296011,0.05543907599182818,0.22222222222222254,0.23968495605927514,0.017462733837052602,2793.0,0.9202373104812129,2846.0,0.9377059986816084,2859.0,0.9419907712590639,2258.0,0.7439024390243902,751.0,0.24719841793012526,0.24719841793012526,WACC_0p9_WRT_0p1,0.75820698747528,1691,False,,,False,False,False,False,False,251.0,0.6544502617801047
IBDD,Electricity,1534,0.74,82,0.7499999999999998,0.4778618317981492,0,69,1365,2149,604,233,62,0.42135179120185107,0.5044395818389564,0.46479474838607293,0.42135179120185107,0.1838357749346038,0.22222222222222254,1.2233606186634038,-2.534149843841321,1.7596622789832348,-1.2199335447094035,0.0606453741297639,0.5044395818389564,0.4398842921030363,0.06455528973592012,0.46479474838607293,0.40381214521857145,0.06098260316750148,0.42135179120185107,0.41018118375460483,0.011170607447246239,0.1838357749346038,0.25356442967526893,0.06972865474066514,0.22222222222222254,0.2911741764162106,0.06895195419398803,752.0,0.24752801582069875,817.0,0.26895187870797627,769.0,0.25313117996044826,1064.0,0.35036255767963087,1876.0,0.6179960448253131,0.24752801582069875,WACC_0p1_WRT_0p9,0.34759393539881345,1692,False,,,False,False,False,False,False,69.0,0.17801047120418848
IBDD,Electricity,721,0.74,141,0.7499999999999998,0.3854045043765198,0,127,335,3302,634,107,10,0.5333093976536435,0.6003212547206462,0.5683469550982978,0.5333093976536435,0.1984158083399787,0.22222222222222254,1.2233606186634038,-2.534149843841321,1.7596622789832348,-1.2199335447094035,0.0606453741297639,0.6003212547206462,0.5246019963212617,0.07571925839938454,0.5683469550982978,0.49844379163826974,0.06990316346002806,0.5333093976536435,0.4873516422384165,0.04595775541522701,0.1984158083399787,0.24623813510521325,0.04782232676523454,0.22222222222222254,0.23975470063792004,0.017532478415697494,1896.0,0.6245880026367832,1848.0,0.6087673038892552,1764.0,0.581081081081081,860.0,0.2831245880026368,753.0,0.24785761371127224,0.24785761371127224,WACC_0p9_WRT_0p1,0.46908371786420566,1693,False,,,False,False,False,False,False,127.0,0.3298429319371728
IBDD,Electricity,1802,0.73,141,0.7142857142857141,0.3854045043765198,0,133,4454,2580,233,106,55,0.5333093976536435,0.6003212547206462,0.5683469550982978,0.5333093976536435,0.22270073803295595,0.2592592592592596,1.2233606186634038,-2.534149843841321,1.7596622789832348,-1.2199335447094035,0.0606453741297639,0.6003212547206462,0.5146232320801785,0.08569802264046777,0.5683469550982978,0.5018382290837283,0.06650872601456947,0.5333093976536435,0.48765031437178097,0.04565908328186252,0.22270073803295595,0.24246765899473735,0.019766920961781398,0.2592592592592596,0.26372165787629454,0.004462398617034957,1750.0,0.5764667106130521,1893.0,0.6235992089650626,1769.0,0.5827290705339486,753.0,0.24785761371127224,1350.0,0.4446275543836519,0.24785761371127224,WACC_0p7_WRT_0p3,0.49505603164139755,1694,False,,,False,False,False,False,False,133.0,0.34554973821989526
IBDD,Electricity,351,0.67,110,0.5,0.427811438654111,0,108,2085,4460,883,196,7,0.4819583691188635,0.5563436932475886,0.5208511887073957,0.4819583691188635,0.455890516623069,0.48148148148148157,1.2233606186634038,-2.534149843841321,1.7596622789832348,-1.2199335447094035,0.0606453741297639,0.5563436932475886,0.5507578725941396,0.005585820653449036,0.5208511887073957,0.5306967031425294,0.009845514435133706,0.4819583691188635,0.530252379343764,0.048294010224900485,0.455890516623069,0.2524651063415059,0.20342541028156313,0.48148148148148157,0.23980763180306672,0.24167384967841485,2212.0,0.7287409360580093,2190.0,0.7214897824653922,2239.0,0.7376400791034937,1036.0,0.34113381674357285,755.0,0.24851680949241925,0.24851680949241925,WACC_0p9_WRT_0p1,0.5555042847725775,1695,False,,,False,False,False,False,False,108.0,0.2801047120418848
IBDD,Electricity,2905,0.68,63,0.5357142857142857,0.5226208344905343,0,61,2124,2452,955,238,56,0.3671526168545674,0.4580228383061125,0.4146646653706015,0.3671526168545674,0.4170255535247168,0.44444444444444453,1.2233606186634038,-2.534149843841321,1.7596622789832348,-1.2199335447094035,0.0606453741297639,0.4580228383061125,0.4404477515023719,0.01757508680374059,0.4146646653706015,0.4110488369602869,0.0036158284103146032,0.3671526168545674,0.4184743436762972,0.05132172682172981,0.4170255535247168,0.2669444929259278,0.150081060598789,0.44444444444444453,0.3055865750543259,0.13885786939011863,756.0,0.24884640738299274,877.0,0.2887277521423863,857.0,0.2821357943309163,1378.0,0.45385629531970995,2043.0,0.6730388925510876,0.24884640738299274,WACC_0p1_WRT_0p9,0.3893210283454186,1696,False,,,False,False,False,False,False,61.0,0.15706806282722513
IBDD,Electricity,2302,0.73,116,0.7142857142857141,0.4187473386096327,0,108,1573,4124,747,200,61,0.4929341887095774,0.5657435007011216,0.5310029807572112,0.4929341887095774,0.22270073803295595,0.2592592592592596,1.2233606186634038,-2.534149843841321,1.7596622789832348,-1.2199335447094035,0.0606453741297639,0.5657435007011216,0.5097154696553403,0.056028031045781246,0.5310029807572112,0.4988208351265434,0.03218214563066779,0.4929341887095774,0.4891725323845542,0.003761656325023177,0.22270073803295595,0.24258012994566944,0.019879391912713484,0.2592592592592596,0.2721522468037342,0.012892987544474599,1672.0,0.5507580751483191,1860.0,0.6127224785761372,1793.0,0.5906394199077126,756.0,0.24884640738299274,1567.0,0.5161502966381015,0.24884640738299274,WACC_0p7_WRT_0p3,0.5038233355306525,1697,False,,,False,False,False,False,False,108.0,0.2801047120418848
IBDD,Electricity,2349,0.73,72,0.7142857142857141,0.499966262112698,0,64,4220,2177,619,151,79,0.3945852906008571,0.4815164689201649,0.44003778643377817,0.3945852906008571,0.22270073803295595,0.2592592592592596,1.2233606186634038,-2.534149843841321,1.7596622789832348,-1.2199335447094035,0.0606453741297639,0.4815164689201649,0.45570563869267744,0.02581083022748748,0.44003778643377817,0.4346010792261917,0.005436707207586489,0.3945852906008571,0.42226659109385994,0.027681300493002825,0.22270073803295595,0.24265052844668644,0.01994979041373049,0.2592592592592596,0.28200987832533164,0.022750619066072064,917.0,0.3019116677653263,1082.0,0.3562953197099539,900.0,0.2963085036255768,757.0,0.24917600527356626,1745.0,0.5748187211601846,0.24917600527356626,WACC_0p7_WRT_0p3,0.3557020435069216,1698,False,,,False,False,False,False,False,64.0,0.1649214659685864
IBDD,Electricity,1153,0.7,112,0.6071428571428569,0.4247367473289887,0,109,2269,4644,575,225,17,0.4856815470533606,0.5595322620291968,0.5242948429915326,0.4856815470533606,0.33929562732801266,0.37037037037037074,1.2233606186634038,-2.534149843841321,1.7596622789832348,-1.2199335447094035,0.0606453741297639,0.5595322620291968,0.536797619094638,0.022734642934558846,0.5242948429915326,0.5274424124086586,0.003147569417126017,0.4856815470533606,0.5258774650645454,0.04019591801118477,0.33929562732801266,0.24267873480174235,0.09661689252627031,0.37037037037037074,0.25440990294424654,0.1159604674261242,2059.0,0.6783124588002637,2165.0,0.7132498352010547,2204.0,0.7261041529334212,758.0,0.24950560316413975,1127.0,0.3711272247857614,0.24950560316413975,WACC_0p7_WRT_0p3,0.5476598549769282,1699,False,,,False,False,False,False,False,109.0,0.28272251308900526
IBDD,Electricity,125,0.73,91,0.7142857142857141,0.460136442071784,0,83,835,1,1000,135,4,0.4428156628335633,0.5228214674811129,0.48464718487960196,0.4428156628335633,0.22270073803295595,0.2592592592592596,1.2233606186634038,-2.534149843841321,1.7596622789832348,-1.2199335447094035,0.0606453741297639,0.5228214674811129,0.44372640803916413,0.07909505944194878,0.48464718487960196,0.3960455144043757,0.08860167047522627,0.4428156628335633,0.41106318233502503,0.03175248049853824,0.22270073803295595,0.2633195528612389,0.04061881482828297,0.2592592592592596,0.27211635168401427,0.01285709242475469,790.0,0.26005273566249176,759.0,0.24983520105471324,780.0,0.25675675675675674,1301.0,0.42847725774555045,1565.0,0.5154911008569545,0.24983520105471324,WACC_0p3_WRT_0p7,0.34212261041529335,1700,False,,,False,False,False,False,False,83.0,0.21465968586387435
IBDD,Electricity,2943,0.68,77,0.5357142857142857,0.4885595662217817,0,77,2674,2632,473,154,82,0.40839778556566114,0.49334563502926343,0.4528132858316045,0.40839778556566114,0.4170255535247168,0.44444444444444453,1.2233606186634038,-2.534149843841321,1.7596622789832348,-1.2199335447094035,0.0606453741297639,0.49334563502926343,0.44075239839597213,0.052593236633291296,0.4528132858316045,0.4186379977918626,0.0341752880397419,0.40839778556566114,0.4088172989841194,0.0004195134184582505,0.4170255535247168,0.2560822734299107,0.16094328009480613,0.44444444444444453,0.3059016514269117,0.1385427930175328,759.0,0.24983520105471324,942.0,0.3101516150296638,760.0,0.25016479894528676,1123.0,0.36980883322346736,2048.0,0.6746868820039552,0.24983520105471324,WACC_0p1_WRT_0p9,0.3709294660514173,1701,False,,,False,False,False,False,False,77.0,0.19895287958115182
IBDD,Electricity,396,0.73,122,0.7142857142857141,0.4101366374806809,0,114,1688,1149,22,140,5,0.5033609825089801,0.5746731166867012,0.5406469660216373,0.5033609825089801,0.22270073803295595,0.2592592592592596,1.2233606186634038,-2.534149843841321,1.7596622789832348,-1.2199335447094035,0.0606453741297639,0.5746731166867012,0.5460502360768694,0.028622880609831758,0.5406469660216373,0.5137210443625444,0.02692592165909291,0.5033609825089801,0.48520381425839154,0.01815716825058855,0.22270073803295595,0.24777969137380718,0.025078953340851223,0.2592592592592596,0.2400472996703353,0.01921195958892427,2160.0,0.7116018457481872,2026.0,0.6674357284113381,1729.0,0.5695451549110085,903.0,0.2972972972972973,759.0,0.24983520105471324,0.24983520105471324,WACC_0p9_WRT_0p1,0.4991430454845089,1702,False,,,False,False,False,False,False,114.0,0.29581151832460734
IBDD,Electricity,746,0.76,29,0.8214285714285713,0.6530777483102728,0,7,2075,443,585,63,9,0.2091808884512559,0.3227341869374949,0.2685529218924944,0.2091808884512559,0.10610584873789927,0.1481481481481484,1.2233606186634038,-2.534149843841321,1.7596622789832348,-1.2199335447094035,0.0606453741297639,0.3227341869374949,0.556921950163836,0.23418776322634116,0.2685529218924944,0.504031084977537,0.2354781630850426,0.2091808884512559,0.47362089755767045,0.2644400091064145,0.10610584873789927,0.2778462087469748,0.17174036000907553,0.1481481481481484,0.2400792452954815,0.09193109714733311,2268.0,0.7471984179301252,1922.0,0.6331575477916941,1545.0,0.5088991430454846,1605.0,0.5286750164798946,760.0,0.25016479894528676,0.25016479894528676,WACC_0p9_WRT_0p1,0.533618984838497,1703,False,,,False,False,False,False,False,7.0,0.015706806282722512
IBDD,Electricity,2122,0.74,304,0.7499999999999998,0.2537769484117542,0,236,3582,3613,1000,116,2,0.6926986696548912,0.7368239053507735,0.7157698177788352,0.6926986696548912,0.2598042096035415,0.22222222222222254,1.2233606186634038,-2.534149843841321,1.7596622789832348,-1.2199335447094035,0.0606453741297639,0.7368239053507735,0.6206528226554887,0.11617108269528476,0.7157698177788352,0.6133799744573758,0.1023898433214594,0.6926986696548912,0.6173165388790492,0.075382130775842,0.2598042096035415,0.2959364106156279,0.03613220101208642,0.22222222222222254,0.24009186691090495,0.017869644688682407,2743.0,0.9037574159525379,2764.0,0.9106789716545814,2790.0,0.9192485168094924,1891.0,0.6229400131839157,761.0,0.2504943968358603,0.2504943968358603,WACC_0p9_WRT_0p1,0.7214238628872776,1704,False,,,False,False,False,False,False,236.0,0.6151832460732984
IBDD,Electricity,1790,0.74,86,0.7499999999999998,0.4697578353865064,0,73,4244,1207,769,109,77,0.4311650106214855,0.5128437262658452,0.4738712243671128,0.4311650106214855,0.1838357749346038,0.22222222222222254,1.2233606186634038,-2.534149843841321,1.7596622789832348,-1.2199335447094035,0.0606453741297639,0.5128437262658452,0.4497131787471319,0.06313054751871328,0.4738712243671128,0.4160058945812965,0.05786532978581632,0.4311650106214855,0.40925228048364964,0.021912730137835845,0.1838357749346038,0.24883660957930714,0.06500083464470335,0.22222222222222254,0.2875176827168872,0.06529546049466467,858.0,0.2824653922214898,911.0,0.2999340804218853,762.0,0.25082399472643374,932.0,0.3068556361239288,1817.0,0.5985497692814766,0.25082399472643374,WACC_0p5_WRT_0p5,0.34772577455504283,1705,False,,,False,False,False,False,False,73.0,0.18848167539267016
IBDD,Electricity,2526,0.74,141,0.7499999999999998,0.3854045043765198,0,127,4060,4421,958,173,39,0.5333093976536435,0.6003212547206462,0.5683469550982978,0.5333093976536435,0.1984158083399787,0.22222222222222254,1.2233606186634038,-2.534149843841321,1.7596622789832348,-1.2199335447094035,0.0606453741297639,0.6003212547206462,0.5346514934003795,0.0656697613202667,0.5683469550982978,0.526835571568517,0.04151138352978079,0.5333093976536435,0.529472308558711,0.003837089094932522,0.1984158083399787,0.24278286236810975,0.04436705402813104,0.22222222222222254,0.2578985139058006,0.035676291683578054,2032.0,0.6694133157547791,2156.0,0.7102834541858932,2229.0,0.7343441001977588,762.0,0.25082399472643374,1206.0,0.3971654581410679,0.25082399472643374,WACC_0p7_WRT_0p3,0.5524060646011866,1706,False,,,False,False,False,False,False,127.0,0.3298429319371728
IBDD,Electricity,2389,0.73,73,0.7142857142857141,0.4976236662662598,0,65,2758,2212,318,107,83,0.3974219659749473,0.48394582757573046,0.4426614937817889,0.3974219659749473,0.22270073803295595,0.2592592592592596,1.2233606186634038,-2.534149843841321,1.7596622789832348,-1.2199335447094035,0.0606453741297639,0.48394582757573046,0.44102657928685524,0.04291924828887522,0.4426614937817889,0.40470764493971983,0.03795384884206904,0.3974219659749473,0.41177368369684025,0.014351717721892976,0.22270073803295595,0.266751582248487,0.04405084421553104,0.2592592592592596,0.3316895756463217,0.0724303163870621,763.0,0.25115359261700726,822.0,0.27059986816084375,789.0,0.25972313777191824,1372.0,0.45187870797626895,2278.0,0.7504943968358603,0.25115359261700726,WACC_0p1_WRT_0p9,0.39676994067237975,1707,False,,,False,False,False,False,False,65.0,0.16753926701570682
IBDD,Electricity,761,0.73,242,0.7142857142857141,0.2929044878071559,0,221,789,4060,103,78,10,0.6453186968693857,0.6962471978296162,0.6719469736559854,0.6453186968693857,0.24155592510676224,0.2592592592592596,1.2233606186634038,-2.534149843841321,1.7596622789832348,-1.2199335447094035,0.0606453741297639,0.6962471978296162,0.5810746889601833,0.11517250886943287,0.6719469736559854,0.5810644229954324,0.09088255066055306,0.6453186968693857,0.5747799276860228,0.07053876918336288,0.24155592510676224,0.28816357213202887,0.046607647025266624,0.2592592592592596,0.2401516710998677,0.01910758815939187,2493.0,0.8213579433091628,2621.0,0.8635464733025708,2590.0,0.8533289386947923,1776.0,0.585036255767963,763.0,0.25115359261700726,0.25115359261700726,WACC_0p9_WRT_0p1,0.6748846407382992,1708,False,,,False,False,False,False,False,221.0,0.5759162303664922
IBDD,Electricity,388,0.7,57,0.6071428571428569,0.5395700629986553,0,55,2277,1513,137,190,7,0.3466286074775693,0.44044586059398705,0.395681529441506,0.3466286074775693,0.33929562732801266,0.37037037037037074,1.2233606186634038,-2.534149843841321,1.7596622789832348,-1.2199335447094035,0.0606453741297639,0.44044586059398705,0.4526540566409639,0.012208196046976871,0.395681529441506,0.4091273660864824,0.01344583664497645,0.3466286074775693,0.4094671896767319,0.06283858219916261,0.33929562732801266,0.24316917896134393,0.09612644836666873,0.37037037037037074,0.24920903407004816,0.12116133630032258,881.0,0.2900461437046803,860.0,0.2831245880026368,764.0,0.2514831905075808,771.0,0.25379037574159524,998.0,0.3286090969017798,0.2514831905075808,WACC_0p5_WRT_0p5,0.28141067897165456,1709,False,,,False,False,False,False,False,55.0,0.14136125654450263
IBDD,Electricity,1629,0.73,125,0.7142857142857141,0.405987565903148,0,117,718,4821,677,199,47,0.5083851394446378,0.5789758575819206,0.5452939261884742,0.5083851394446378,0.22270073803295595,0.2592592592592596,1.2233606186634038,-2.534149843841321,1.7596622789832348,-1.2199335447094035,0.0606453741297639,0.5789758575819206,0.5172979893689776,0.061677868212942966,0.5452939261884742,0.5024523660976392,0.04284156009083495,0.5083851394446378,0.49646482736301173,0.011920312081626083,0.22270073803295595,0.2428367573189641,0.02013601928600814,0.2592592592592596,0.2758088639863433,0.016549604727083722,1793.0,0.5906394199077126,1900.0,0.6259063941990771,1891.0,0.6229400131839157,764.0,0.2514831905075808,1631.0,0.5372445616348055,0.2514831905075808,WACC_0p7_WRT_0p3,0.5256427158866184,1710,False,,,False,False,False,False,False,117.0,0.3036649214659686
IBDD,Electricity,1846,0.71,73,0.6428571428571426,0.4976236662662598,0,70,256,2939,920,220,139,0.3974219659749473,0.48394582757573046,0.4426614937817889,0.3974219659749473,0.3004306642296604,0.3333333333333337,1.2233606186634038,-2.534149843841321,1.7596622789832348,-1.2199335447094035,0.0606453741297639,0.48394582757573046,0.44110262709971815,0.04284320047601231,0.4426614937817889,0.39686654101448965,0.045794952767299224,0.3974219659749473,0.43089747494938707,0.033475508974439794,0.3004306642296604,0.3931865067348055,0.09275584250514507,0.3333333333333337,0.44140096313334587,0.10806762980001217,764.0,0.2514831905075808,765.0,0.25181278839815424,989.0,0.3256427158866183,2806.0,0.9245220830586685,2837.0,0.934739617666447,0.2514831905075808,WACC_0p1_WRT_0p9,0.5376400791034938,1711,False,,,False,False,False,False,False,70.0,0.1806282722513089
IBDD,Electricity,13,0.73,422,0.7142857142857141,0.1974642970851891,0,301,1655,1378,327,82,3,0.7608882856787877,0.7952222104301743,0.7788399872645883,0.7608882856787877,0.2860672789928695,0.2592592592592596,1.2233606186634038,-2.534149843841321,1.7596622789832348,-1.2199335447094035,0.0606453741297639,0.7952222104301743,0.6140424148576846,0.18117979557248964,0.7788399872645883,0.5841743100628584,0.1946656772017299,0.7608882856787877,0.5701774275967615,0.19071085808202626,0.2860672789928695,0.3005152324397498,0.014447953446880324,0.2592592592592596,0.24016262024297017,0.019096639016289413,2716.0,0.8948582729070534,2631.0,0.8668424522083059,2554.0,0.8414634146341463,1963.0,0.6466710613052077,764.0,0.2514831905075808,0.2514831905075808,WACC_0p9_WRT_0p1,0.7002636783124588,1712,False,,,False,False,False,False,False,301.0,0.7853403141361257
IBDD,Electricity,1225,0.73,104,0.7142857142857141,0.4373793521924517,0,96,3927,3125,449,221,70,0.47037247616302047,0.5464214125411612,0.5101351255444541,0.47037247616302047,0.22270073803295595,0.2592592592592596,1.2233606186634038,-2.534149843841321,1.7596622789832348,-1.2199335447094035,0.0606453741297639,0.5464214125411612,0.4891467400424104,0.05727467249875079,0.5101351255444541,0.4731207451531367,0.03701438039131738,0.47037247616302047,0.4619472000032802,0.008425276159740258,0.22270073803295595,0.24299963036416022,0.02029889233120427,0.2592592592592596,0.2735988820744241,0.014339622815164543,1345.0,0.44297956493078444,1527.0,0.5029663810151616,1391.0,0.45814106789716547,765.0,0.25181278839815424,1591.0,0.5240606460118655,0.25181278839815424,WACC_0p7_WRT_0p3,0.4359920896506263,1713,False,,,False,False,False,False,False,96.0,0.2486910994764398
IBDD,Electricity,701,0.74,285,0.7499999999999998,0.2648514404007638,0,227,1697,3911,445,119,3,0.679288444090995,0.7253392469918005,0.7033663867511446,0.679288444090995,0.2546392929337113,0.22222222222222254,1.2233606186634038,-2.534149843841321,1.7596622789832348,-1.2199335447094035,0.0606453741297639,0.7253392469918005,0.6026825115562082,0.1226567354355923,0.7033663867511446,0.5971162655070759,0.10625012124406874,0.679288444090995,0.5921578244430744,0.08713061964792057,0.2546392929337113,0.28174229637011267,0.027103003436401374,0.22222222222222254,0.24030540352320037,0.01808318130097783,2652.0,0.8737640079103494,2703.0,0.8905735003295979,2688.0,0.8856295319709954,1674.0,0.551417270929466,765.0,0.25181278839815424,0.25181278839815424,WACC_0p9_WRT_0p1,0.6906394199077125,1714,False,,,False,False,False,False,False,227.0,0.5916230366492147
IBDD,Electricity,1241,0.71,71,0.6428571428571426,0.5023411706436027,0,68,2635,2749,757,150,122,0.3917094874376366,0.4790536008140415,0.4373778888791649,0.3917094874376366,0.3004306642296604,0.3333333333333337,1.2233606186634038,-2.534149843841321,1.7596622789832348,-1.2199335447094035,0.0606453741297639,0.4790536008140415,0.4414533931144043,0.037600207699637234,0.4373778888791649,0.40230039863510375,0.03507749024406115,0.3917094874376366,0.4120708440851813,0.02036135664754468,0.3004306642296604,0.3493887507046967,0.0489580864750363,0.3333333333333337,0.36562290897535366,0.03228957564201995,766.0,0.25214238628872776,803.0,0.2643375082399473,794.0,0.2613711272247858,2507.0,0.8259723137771918,2514.0,0.8282794990112063,0.25214238628872776,WACC_0p1_WRT_0p9,0.4864205669083718,1715,False,,,False,False,False,False,False,68.0,0.17539267015706805
IBDD,Electricity,927,0.73,774,0.7142857142857141,0.0932120094939362,0,359,1737,491,938,40,5,0.8871285406302853,0.9033356938581403,0.8956025493667915,0.8871285406302853,0.3346884147147037,0.2592592592592596,1.2233606186634038,-2.534149843841321,1.7596622789832348,-1.2199335447094035,0.0606453741297639,0.9033356938581403,0.6365553455090381,0.26678034834910214,0.8956025493667915,0.6126048047400577,0.28299774462673377,0.8871285406302853,0.6026931421788514,0.28443539845143395,0.3346884147147037,0.30273774782612517,0.031950666888578505,0.2592592592592596,0.2403353674329863,0.01892389182627327,2817.0,0.9281476598549769,2762.0,0.9100197758734344,2743.0,0.9037574159525379,1994.0,0.6568885959129862,767.0,0.2524719841793013,0.2524719841793013,WACC_0p9_WRT_0p1,0.7302570863546475,1716,False,,,False,False,False,False,False,359.0,0.93717277486911
IBDD,Electricity,1410,0.73,67,0.7142857142857141,0.5121825999482407,0,59,2630,2470,100,176,64,0.3797923911972576,0.46884767412775036,0.4263554880579704,0.3797923911972576,0.22270073803295595,0.2592592592592596,1.2233606186634038,-2.534149843841321,1.7596622789832348,-1.2199335447094035,0.0606453741297639,0.46884767412775036,0.4417415605004415,0.02710611362730886,0.4263554880579704,0.4163006042643914,0.010054883793578995,0.3797923911972576,0.41003692098537803,0.030244529788120422,0.22270073803295595,0.2555885186904851,0.03288778065752915,0.2592592592592596,0.2955926752053857,0.0363334159461261,768.0,0.25280158206987474,912.0,0.3002636783124588,768.0,0.25280158206987474,1116.0,0.36750164798945284,1941.0,0.6394199077125906,0.25280158206987474,WACC_0p1_WRT_0p9,0.3625576796308504,1717,False,,,False,False,False,False,False,59.0,0.1518324607329843
IBDD,Electricity,782,0.73,109,0.7142857142857141,0.4293696224892548,0,101,487,918,511,72,8,0.4800715469765898,0.554727798900032,0.5191060228120346,0.4800715469765898,0.22270073803295595,0.2592592592592596,1.2233606186634038,-2.534149843841321,1.7596622789832348,-1.2199335447094035,0.0606453741297639,0.554727798900032,0.5311290390069937,0.02359875989303828,0.5191060228120346,0.4649199520831558,0.054186070728878766,0.4800715469765898,0.4444217477536556,0.03564979922293421,0.22270073803295595,0.2596835341948265,0.03698279616187053,0.2592592592592596,0.24033713474378124,0.01892212451547834,1978.0,0.6516150296638101,1429.0,0.47066578773895845,1169.0,0.3849703361898484,1217.0,0.4007910349373764,768.0,0.25280158206987474,0.25280158206987474,WACC_0p9_WRT_0p1,0.43216875411997363,1718,False,,,False,False,False,False,False,101.0,0.2617801047120419
IBDD,Electricity,1348,0.74,84,0.7499999999999998,0.4737621586253954,0,71,1794,2221,634,129,74,0.4263161310595567,0.5086910947588492,0.4693863823395571,0.4263161310595567,0.1838357749346038,0.22222222222222254,1.2233606186634038,-2.534149843841321,1.7596622789832348,-1.2199335447094035,0.0606453741297639,0.5086910947588492,0.44212194303678665,0.06656915172206257,0.4693863823395571,0.4131932938274058,0.05619308851215127,0.4263161310595567,0.41362853092481944,0.012687600134737242,0.1838357749346038,0.2667447851505085,0.08290901021590469,0.22222222222222254,0.3084780456181925,0.08625582339596993,769.0,0.25313117996044826,893.0,0.2940013183915623,808.0,0.26598549769281477,1371.0,0.4515491100856954,2082.0,0.6858932102834542,0.25313117996044826,WACC_0p1_WRT_0p9,0.39011206328279496,1719,False,,,False,False,False,False,False,71.0,0.18324607329842932
IBDD,Electricity,2846,0.73,113,0.7142857142857141,0.4232197495097513,0,105,3553,4020,375,176,27,0.48751849659073904,0.5611054449528504,0.5259938805490785,0.48751849659073904,0.22270073803295595,0.2592592592592596,1.2233606186634038,-2.534149843841321,1.7596622789832348,-1.2199335447094035,0.0606453741297639,0.5611054449528504,0.5347000015513589,0.026405443401491535,0.5259938805490785,0.5175382303993585,0.00845565014971994,0.48751849659073904,0.5338562184117364,0.046337721820997324,0.22270073803295595,0.24318919275558917,0.02048845472263322,0.2592592592592596,0.2403437247224978,0.018915534536761786,2033.0,0.6697429136453527,2071.0,0.6822676334871457,2265.0,0.7462096242584048,772.0,0.25411997363216876,769.0,0.25313117996044826,0.25313117996044826,WACC_0p9_WRT_0p1,0.5210942649967041,1720,False,,,False,False,False,False,False,105.0,0.27225130890052357
IBDD,Electricity,508,0.73,120,0.7142857142857141,0.4129592931336661,0,112,1971,2623,829,183,9,0.4999429973740139,0.5717459182317536,0.537485591690294,0.4999429973740139,0.22270073803295595,0.2592592592592596,1.2233606186634038,-2.534149843841321,1.7596622789832348,-1.2199335447094035,0.0606453741297639,0.5717459182317536,0.5067931880721158,0.06495273015963776,0.537485591690294,0.49376567906605534,0.04371991262423863,0.4999429973740139,0.4887592788597748,0.01118371851423905,0.22270073803295595,0.2431551857369284,0.02045444770397245,0.2592592592592596,0.24979487793341823,0.009464381325841348,1622.0,0.534278180619644,1795.0,0.5912986156888596,1787.0,0.5886618325642716,770.0,0.2534607778510218,1019.0,0.3355306526038233,0.2534607778510218,WACC_0p7_WRT_0p3,0.46064601186552406,1721,False,,,False,False,False,False,False,112.0,0.2905759162303665
IBDD,Electricity,317,0.73,246,0.7142857142857141,0.2900933537105638,0,225,1391,2182,117,90,7,0.6487227304235271,0.6991624480038597,0.6750954438441685,0.6487227304235271,0.24286698058190512,0.2592592592592596,1.2233606186634038,-2.534149843841321,1.7596622789832348,-1.2199335447094035,0.0606453741297639,0.6991624480038597,0.5951862961551316,0.1039761518487281,0.6750954438441685,0.5721774682562272,0.10291797558794136,0.6487227304235271,0.5645391673277003,0.08418356309582686,0.24286698058190512,0.30270239169600516,0.05983541111410004,0.2592592592592596,0.24037986965442779,0.018879389604831792,2599.0,0.8562953197099539,2560.0,0.8434410019775873,2530.0,0.8335530652603823,1993.0,0.6565589980224127,770.0,0.2534607778510218,0.2534607778510218,WACC_0p9_WRT_0p1,0.6886618325642716,1722,False,,,False,False,False,False,False,225.0,0.5863874345549738
IBDD,Electricity,909,0.73,196,0.7142857142857141,0.3290373984942353,0,181,4517,1571,902,143,7,0.60156495330492,0.6587760311911633,0.6314781136864565,0.60156495330492,0.22470427422088943,0.2592592592592596,1.2233606186634038,-2.534149843841321,1.7596622789832348,-1.2199335447094035,0.0606453741297639,0.6587760311911633,0.6077334337813437,0.051042597409819646,0.6314781136864565,0.589828002450538,0.04165011123591844,0.60156495330492,0.5613214996681657,0.0402434536367543,0.22470427422088943,0.2657020531768444,0.040997778955954994,0.2592592592592596,0.24046037413776403,0.01879888512149555,2686.0,0.8849703361898484,2666.0,0.8783783783783784,2508.0,0.8263019116677653,1352.0,0.44528675016479896,771.0,0.25379037574159524,0.25379037574159524,WACC_0p9_WRT_0p1,0.6577455504284773,1723,False,,,False,False,False,False,False,181.0,0.4712041884816754
IBDD,Electricity,1592,0.71,79,0.6428571428571426,0.484200393167689,0,76,1166,2951,422,217,185,0.4136763567168665,0.4978662589372113,0.4576955596521882,0.4136763567168665,0.3004306642296604,0.3333333333333337,1.2233606186634038,-2.534149843841321,1.7596622789832348,-1.2199335447094035,0.0606453741297639,0.4978662589372113,0.4424118153044416,0.05545444363276969,0.4576955596521882,0.3985885639617838,0.059106995690404396,0.4136763567168665,0.4476059014816722,0.0339295447648057,0.3004306642296604,0.42613250885379234,0.12570184462413192,0.3333333333333337,0.4638241170139285,0.1304907836805948,772.0,0.25411997363216876,779.0,0.2564271588661833,1198.0,0.39452867501647987,2902.0,0.9561634805537245,2896.0,0.9541858932102835,0.25411997363216876,WACC_0p1_WRT_0p9,0.563085036255768,1724,False,,,False,False,False,False,False,76.0,0.19633507853403143
IBDD,Electricity,684,0.73,215,0.7142857142857141,0.3131841516540873,0,197,3112,3107,758,112,8,0.6207618262863166,0.6752164353216872,0.6492337501474221,0.6207618262863166,0.23209790446206652,0.2592592592592596,1.2233606186634038,-2.534149843841321,1.7596622789832348,-1.2199335447094035,0.0606453741297639,0.6752164353216872,0.5816597220854097,0.09355671323627746,0.6492337501474221,0.574014726885625,0.07521902326179708,0.6207618262863166,0.5716323889215773,0.04912943736473929,0.23209790446206652,0.278411824993567,0.04631392053150046,0.2592592592592596,0.2405699356693419,0.018689323589917678,2496.0,0.8223467369808833,2570.0,0.8467369808833224,2565.0,0.8450889914304548,1616.0,0.532300593276203,772.0,0.25411997363216876,0.25411997363216876,WACC_0p9_WRT_0p1,0.6601186552406065,1725,False,,,False,False,False,False,False,197.0,0.5130890052356021
IBDD,Electricity,424,0.67,75,0.5,0.4930319771219003,0,73,124,2289,210,179,8,0.4029820934468227,0.48870757928099223,0.44780418562347163,0.4029820934468227,0.455890516623069,0.48148148148148157,1.2233606186634038,-2.534149843841321,1.7596622789832348,-1.2199335447094035,0.0606453741297639,0.48870757928099223,0.4424426274417282,0.046264951839264046,0.44780418562347163,0.40297136546413437,0.04483282015933726,0.4029820934468227,0.4107246806865766,0.007742587239753906,0.455890516623069,0.2909479510037929,0.16494256561927612,0.48148148148148157,0.30701276047460385,0.17446872100687771,773.0,0.2544495715227423,809.0,0.2663150955833883,776.0,0.2554383651944628,1826.0,0.6015161502966381,2064.0,0.6799604482531312,0.2544495715227423,WACC_0p1_WRT_0p9,0.4115359261700725,1726,False,,,False,False,False,False,False,73.0,0.18848167539267016
IBDD,Electricity,663,0.75,130,0.7857142857142856,0.3992871819674755,0,37,2141,4754,502,104,9,0.5164987089005774,0.5859244038855811,0.5527983561964274,0.5164987089005774,0.1919412113126329,0.18518518518518542,1.2233606186634038,-2.534149843841321,1.7596622789832348,-1.2199335447094035,0.0606453741297639,0.5859244038855811,0.5792552743178337,0.006669129567747345,0.5527983561964274,0.5588390624007767,0.0060407062043493776,0.5164987089005774,0.5626329479904296,0.04613423908985226,0.1919412113126329,0.2920908137358279,0.10014960242319501,0.18518518518518542,0.24061571630317155,0.055430531117986126,2472.0,0.8144363876071193,2452.0,0.8078444297956493,2517.0,0.8292682926829268,1844.0,0.6074489123269611,773.0,0.2544495715227423,0.2544495715227423,WACC_0p9_WRT_0p1,0.6626895187870797,1727,False,,,False,False,False,False,False,37.0,0.09424083769633508
IBDD,Electricity,1414,0.73,117,0.7142857142857141,0.4172819839037627,0,109,1301,4625,79,212,34,0.49470860302639985,0.5672631278035053,0.5326441780277857,0.49470860302639985,0.22270073803295595,0.2592592592592596,1.2233606186634038,-2.534149843841321,1.7596622789832348,-1.2199335447094035,0.0606453741297639,0.5672631278035053,0.5313204522530519,0.035942675550453385,0.5326441780277857,0.5200526637775389,0.012591514250246849,0.49470860302639985,0.5159656449967979,0.021257041970398016,0.22270073803295595,0.24324103167117173,0.020540293638215773,0.2592592592592596,0.2717854897259198,0.012526230466660238,1985.0,0.6539222148978246,2101.0,0.6921555702043507,2117.0,0.6974291364535267,774.0,0.25477916941331574,1556.0,0.512524719841793,0.25477916941331574,WACC_0p7_WRT_0p3,0.5621621621621623,1728,False,,,False,False,False,False,False,109.0,0.28272251308900526
IBDD,Electricity,1637,0.72,74,0.6785714285714283,0.4953125156100612,0,67,3305,2725,390,147,138,0.4002205640183184,0.48634257640438094,0.4452499825167314,0.4002205640183184,0.2615657011313083,0.2962962962962967,1.2233606186634038,-2.534149843841321,1.7596622789832348,-1.2199335447094035,0.0606453741297639,0.48634257640438094,0.4463470174032322,0.03999555900114876,0.4452499825167314,0.4096479268038014,0.035602055712930014,0.4002205640183184,0.41071721151648544,0.010496647498167033,0.2615657011313083,0.3368919415558797,0.07532624042457142,0.2962962962962967,0.37573070946543796,0.07943441316914124,826.0,0.27191825972313777,866.0,0.2851021753460778,775.0,0.25510876730388926,2378.0,0.7834541858932103,2585.0,0.8516809492419248,0.25510876730388926,WACC_0p5_WRT_0p5,0.48945286750164796,1729,False,,,False,False,False,False,False,67.0,0.17277486910994763
IBDD,Electricity,992,0.73,209,0.7142857142857141,0.3180345608150853,0,193,2713,1863,860,65,4,0.614888411867784,0.6701863813769485,0.6438012918871044,0.614888411867784,0.22983577278541736,0.2592592592592596,1.2233606186634038,-2.534149843841321,1.7596622789832348,-1.2199335447094035,0.0606453741297639,0.6701863813769485,0.5985943749732524,0.07159200640369612,0.6438012918871044,0.5758773907117619,0.06792390117534253,0.614888411867784,0.559325928025609,0.05556248384217499,0.22983577278541736,0.3043358545933081,0.07450008180789072,0.2592592592592596,0.24067781326933974,0.018581445989919843,2623.0,0.8642056690837179,2583.0,0.8510217534607778,2482.0,0.8177323665128543,2014.0,0.6634805537244561,775.0,0.25510876730388926,0.25510876730388926,WACC_0p9_WRT_0p1,0.6903098220171391,1730,False,,,False,False,False,False,False,193.0,0.5026178010471204
IBDD,Electricity,1683,0.73,129,0.7142857142857141,0.4006065611337189,0,121,780,3973,206,138,24,0.5149010579888075,0.5845561588242916,0.5513206515302349,0.5149010579888075,0.22270073803295595,0.2592592592592596,1.2233606186634038,-2.534149843841321,1.7596622789832348,-1.2199335447094035,0.0606453741297639,0.5845561588242916,0.5314206523890155,0.05313550643527609,0.5513206515302349,0.5052920123774991,0.046028639152735806,0.5149010579888075,0.5064053371695549,0.008495720819252539,0.22270073803295595,0.24537607986516585,0.0226753418322099,0.2592592592592596,0.240678742838439,0.018580516420820564,1988.0,0.6549110085695452,1941.0,0.6394199077125906,2012.0,0.6628213579433092,835.0,0.27488464073829927,776.0,0.2554383651944628,0.2554383651944628,WACC_0p9_WRT_0p1,0.4974950560316415,1731,False,,,False,False,False,False,False,121.0,0.31413612565445026
IBDD,Electricity,1791,0.74,120,0.7499999999999998,0.4129592931336661,0,106,3215,4053,422,221,49,0.4999429973740139,0.5717459182317536,0.537485591690294,0.4999429973740139,0.18556481816122614,0.22222222222222254,1.2233606186634038,-2.534149843841321,1.7596622789832348,-1.2199335447094035,0.0606453741297639,0.5717459182317536,0.5101572885502155,0.06158862968153811,0.537485591690294,0.4987441989652889,0.0387413927250051,0.4999429973740139,0.5029452485927024,0.003002251218688523,0.18556481816122614,0.24325339510662497,0.057688576945398834,0.22222222222222254,0.2613940402182968,0.039171817996074276,1680.0,0.553394858272907,1859.0,0.6123928806855636,1966.0,0.6476598549769281,776.0,0.2554383651944628,1286.0,0.4235332893869479,0.2554383651944628,WACC_0p7_WRT_0p3,0.49848384970336196,1732,False,,,False,False,False,False,False,106.0,0.27486910994764396
IBDD,Electricity,2603,0.73,91,0.7142857142857141,0.460136442071784,0,83,296,1921,735,59,12,0.4428156628335633,0.5228214674811129,0.48464718487960196,0.4428156628335633,0.22270073803295595,0.2592592592592596,1.2233606186634038,-2.534149843841321,1.7596622789832348,-1.2199335447094035,0.0606453741297639,0.5228214674811129,0.5011871618014919,0.02163430567962099,0.48464718487960196,0.46092715989929617,0.023720024980305787,0.4428156628335633,0.4494564900690541,0.006640827235490809,0.22270073803295595,0.2679138469685043,0.045213108935548335,0.2592592592592596,0.24071224753020626,0.01854701172905332,1531.0,0.5042847725774555,1365.0,0.4495715227422544,1223.0,0.4027686222808174,1395.0,0.4594594594594595,777.0,0.25576796308503624,0.25576796308503624,WACC_0p9_WRT_0p1,0.4143704680290046,1733,False,,,False,False,False,False,False,83.0,0.21465968586387435
IBDD,Electricity,1201,0.74,70,0.7499999999999998,0.5047492957538864,0,57,2681,2377,465,246,44,0.3887934619488797,0.4765562858848585,0.4346807887556472,0.3887934619488797,0.1838357749346038,0.22222222222222254,1.2233606186634038,-2.534149843841321,1.7596622789832348,-1.2199335447094035,0.0606453741297639,0.4765562858848585,0.4501884794898792,0.026367806394979265,0.4346807887556472,0.4230029239110017,0.011677864844645502,0.3887934619488797,0.41093238212912536,0.022138920180245658,0.1838357749346038,0.24571059457948113,0.061874819644877344,0.22222222222222254,0.2594721751748006,0.03724995295257805,860.0,0.2831245880026368,979.0,0.32234673698088334,778.0,0.25609756097560976,845.0,0.2781806196440343,1248.0,0.4110085695451549,0.25609756097560976,WACC_0p5_WRT_0p5,0.3101516150296638,1734,False,,,False,False,False,False,False,57.0,0.14659685863874344
IBDD,Electricity,732,0.73,221,0.7142857142857141,0.3084666472767445,0,203,3436,2464,355,115,6,0.6264743048236271,0.6801086620833761,0.654517355050046,0.6264743048236271,0.23429805206456739,0.2592592592592596,1.2233606186634038,-2.534149843841321,1.7596622789832348,-1.2199335447094035,0.0606453741297639,0.6801086620833761,0.5999639373180101,0.08014472476536594,0.654517355050046,0.5855993924647533,0.0689179625852927,0.6264743048236271,0.5901695368261387,0.036304767997488385,0.23429805206456739,0.29580235251689974,0.06150430045233235,0.2592592592592596,0.24073144848306097,0.01852781077619861,2634.0,0.8678312458800264,2638.0,0.8691496374423203,2683.0,0.8839815425181279,1889.0,0.6222808174027686,778.0,0.25609756097560976,0.25609756097560976,WACC_0p9_WRT_0p1,0.6998681608437705,1735,False,,,False,False,False,False,False,203.0,0.5287958115183246
IBDD,Electricity,1441,0.73,322,0.7142857142857141,0.2439041598248739,0,266,1858,1936,899,98,2,0.7046537391990398,0.7470623527742049,0.7268273409961412,0.7046537391990398,0.2644086763728248,0.2592592592592596,1.2233606186634038,-2.534149843841321,1.7596622789832348,-1.2199335447094035,0.0606453741297639,0.7470623527742049,0.5935680696681099,0.15349428310609492,0.7268273409961412,0.5668838645639594,0.15994347643218176,0.7046537391990398,0.5488666881116879,0.1557870510873519,0.2644086763728248,0.2741349722338095,0.009726295860984724,0.2592592592592596,0.24080187126945982,0.01845738798979976,2590.0,0.8533289386947923,2510.0,0.8269611074489124,2407.0,0.7930125247198417,1529.0,0.5036255767963085,779.0,0.2564271588661833,0.2564271588661833,WACC_0p9_WRT_0p1,0.6466710613052077,1736,False,,,False,False,False,False,False,266.0,0.693717277486911
IBDD,Electricity,2279,0.74,59,0.7499999999999998,0.5337329569329065,0,46,34,2229,382,73,17,0.35369682415601933,0.44649915577328214,0.4022190882351447,0.35369682415601933,0.1838357749346038,0.22222222222222254,1.2233606186634038,-2.534149843841321,1.7596622789832348,-1.2199335447094035,0.0606453741297639,0.44649915577328214,0.4428086926556407,0.0036904631176414293,0.4022190882351447,0.42481656154559705,0.022597473310452365,0.35369682415601933,0.425922765553589,0.07222594139756966,0.1838357749346038,0.29291400666617745,0.10907823173157366,0.22222222222222254,0.3485937678496831,0.12637154562746056,780.0,0.25675675675675674,999.0,0.3289386947923533,945.0,0.3111404087013843,1855.0,0.6110744891232696,2399.0,0.7903757415952538,0.25675675675675674,WACC_0p1_WRT_0p9,0.45965721819380356,1737,False,,,False,False,False,False,False,46.0,0.11780104712041885
IBDD,Electricity,320,0.73,347,0.7142857142857141,0.2310682526317734,0,278,1882,3132,396,110,6,0.7201968820310127,0.7603736639374201,0.7412035570524137,0.7201968820310127,0.27039508108554944,0.2592592592592596,1.2233606186634038,-2.534149843841321,1.7596622789832348,-1.2199335447094035,0.0606453741297639,0.7603736639374201,0.5858413503770523,0.1745323135603678,0.7412035570524137,0.5720613672229574,0.16914218982945628,0.7201968820310127,0.5738926351263801,0.14630424690463262,0.27039508108554944,0.2826047281922546,0.012209647106705135,0.2592592592592596,0.24080460784676977,0.01845465141248981,2525.0,0.8319050758075148,2558.0,0.8427818061964404,2583.0,0.8510217534607778,1689.0,0.5563612392880686,780.0,0.25675675675675674,0.25675675675675674,WACC_0p9_WRT_0p1,0.6677653263019117,1738,False,,,False,False,False,False,False,278.0,0.725130890052356
IBDD,Electricity,1956,0.72,70,0.6785714285714283,0.5047492957538864,0,63,2234,2699,468,192,66,0.3887934619488797,0.4765562858848585,0.4346807887556472,0.3887934619488797,0.2615657011313083,0.2962962962962967,1.2233606186634038,-2.534149843841321,1.7596622789832348,-1.2199335447094035,0.0606453741297639,0.4765562858848585,0.44538001784582787,0.03117626803903062,0.4346807887556472,0.41105821470764564,0.023622574048001554,0.3887934619488797,0.4110958545236638,0.022302392574784113,0.2615657011313083,0.2651089166983994,0.0035432155670911403,0.2962962962962967,0.31737393849106477,0.021077642194768043,814.0,0.26796308503625577,878.0,0.2890573500329598,781.0,0.25708635464733026,1343.0,0.44232036914963746,2180.0,0.7181938035596572,0.25708635464733026,WACC_0p5_WRT_0p5,0.39492419248516814,1739,False,,,False,False,False,False,False,63.0,0.16230366492146597
IBDD,Electricity,2018,0.71,74,0.6428571428571426,0.4953125156100612,0,71,3615,3092,885,248,210,0.4002205640183184,0.48634257640438094,0.4452499825167314,0.4002205640183184,0.3004306642296604,0.3333333333333337,1.2233606186634038,-2.534149843841321,1.7596622789832348,-1.2199335447094035,0.0606453741297639,0.48634257640438094,0.44285921645232057,0.043483359952060374,0.4452499825167314,0.40561198990982844,0.03963799260690298,0.4002205640183184,0.46679826566087873,0.06657770164256033,0.3004306642296604,0.43670359530879127,0.13627293107913085,0.3333333333333337,0.4662403066561586,0.13290697332282492,781.0,0.25708635464733026,832.0,0.27389584706657877,1450.0,0.47758734344100195,2925.0,0.963744232036915,2905.0,0.9571522742254449,0.25708635464733026,WACC_0p1_WRT_0p9,0.5858932102834542,1740,False,,,False,False,False,False,False,71.0,0.18324607329842932
IBDD,Electricity,608,0.73,309,0.7142857142857141,0.2509772421941479,0,258,3395,695,66,70,5,0.6960888650632228,0.7397273043912541,0.7189054887425544,0.6960888650632228,0.2611099353495435,0.2592592592592596,1.2233606186634038,-2.534149843841321,1.7596622789832348,-1.2199335447094035,0.0606453741297639,0.7397273043912541,0.6437443772812383,0.09598292711001577,0.7189054887425544,0.6296310417515123,0.08927444699104214,0.6960888650632228,0.602827762964197,0.09326110209902572,0.2611099353495435,0.3113171250356798,0.0502071896861363,0.2592592592592596,0.24084750888368892,0.018411750375570662,2848.0,0.9383651944627555,2831.0,0.932762030323006,2745.0,0.9044166117336849,2113.0,0.6961107448912327,781.0,0.25708635464733026,0.25708635464733026,WACC_0p9_WRT_0p1,0.7457481872116019,1741,False,,,False,False,False,False,False,258.0,0.6727748691099477
IBDD,Electricity,2034,0.74,53,0.7499999999999998,0.5518737344088203,0,40,192,1775,828,165,1,0.33172995487678936,0.4276864976501123,0.38190141746212125,0.33172995487678936,0.1838357749346038,0.22222222222222254,1.2233606186634038,-2.534149843841321,1.7596622789832348,-1.2199335447094035,0.0606453741297639,0.4276864976501123,0.459944165490729,0.03225766784061668,0.38190141746212125,0.3992946781370182,0.017393260674896938,0.33172995487678936,0.41370164688618044,0.08197169200939108,0.1838357749346038,0.27312613101744154,0.08929035608283775,0.22222222222222254,0.2963577453002193,0.07413552307799676,956.0,0.3147659854976928,782.0,0.2574159525379038,809.0,0.2663150955833883,1500.0,0.494067237969677,1949.0,0.6420566908371786,0.2574159525379038,WACC_0p3_WRT_0p7,0.39492419248516814,1742,False,,,False,False,False,False,False,40.0,0.10209424083769633
IBDD,Electricity,1086,0.73,372,0.7142857142857141,0.2191232324361683,0,286,3173,3087,47,66,9,0.7346612398857415,0.772761092288418,0.7545819796714915,0.7346612398857415,0.27596599431488467,0.2592592592592596,1.2233606186634038,-2.534149843841321,1.7596622789832348,-1.2199335447094035,0.0606453741297639,0.772761092288418,0.6139429082139157,0.15881818407450232,0.7545819796714915,0.6228402265860342,0.13174175308545732,0.7346612398857415,0.6206208603700957,0.11404037951564583,0.27596599431488467,0.32444498722099613,0.04847899290611146,0.2592592592592596,0.24093873797046442,0.01832052128879516,2714.0,0.8941990771259064,2807.0,0.924851680949242,2801.0,0.922874093605801,2252.0,0.7419248516809492,782.0,0.2574159525379038,0.2574159525379038,WACC_0p9_WRT_0p1,0.7482531311799605,1743,False,,,False,False,False,False,False,286.0,0.7460732984293194
IBDD,Electricity,1942,0.73,101,0.7142857142857141,0.4423703723360919,0,93,643,3662,398,142,59,0.46432879434117375,0.5412455397996083,0.5045451829835771,0.46432879434117375,0.22270073803295595,0.2592592592592596,1.2233606186634038,-2.534149843841321,1.7596622789832348,-1.2199335447094035,0.0606453741297639,0.5412455397996083,0.49913777406458765,0.042107765735020675,0.5045451829835771,0.47513482439899546,0.02941035858458163,0.46432879434117375,0.45970795521681085,0.0046208391243628966,0.22270073803295595,0.24347977738721407,0.020779039354258122,0.2592592592592596,0.2788349434433051,0.01957568418404554,1502.0,0.494726433750824,1551.0,0.5108767303889256,1356.0,0.4466051417270929,783.0,0.25774555042847724,1689.0,0.5563612392880686,0.25774555042847724,WACC_0p7_WRT_0p3,0.4532630191166776,1744,False,,,False,False,False,False,False,93.0,0.24083769633507854
IBDD,Electricity,2386,0.73,81,0.7142857142857141,0.4799488650928298,0,73,761,2092,712,81,57,0.41882457936506384,0.502275251014843,0.4624572710960305,0.41882457936506384,0.22270073803295595,0.2592592592592596,1.2233606186634038,-2.534149843841321,1.7596622789832348,-1.2199335447094035,0.0606453741297639,0.502275251014843,0.4601837402910309,0.042091510723812176,0.4624572710960305,0.41318932831533683,0.049267942780693685,0.41882457936506384,0.41131560110481524,0.0075089782602486,0.22270073803295595,0.2547161490987928,0.03201541106583686,0.2592592592592596,0.288674435879011,0.029415176619751404,960.0,0.3160843770599868,892.0,0.2936717205009888,784.0,0.25807514831905076,1096.0,0.36090969017798286,1838.0,0.6054713249835201,0.25807514831905076,WACC_0p5_WRT_0p5,0.36684245220830586,1745,False,,,False,False,False,False,False,73.0,0.18848167539267016
IBDD,Electricity,1250,0.71,74,0.6428571428571426,0.4953125156100612,0,71,2834,3022,228,214,157,0.4002205640183184,0.48634257640438094,0.4452499825167314,0.4002205640183184,0.3004306642296604,0.3333333333333337,1.2233606186634038,-2.534149843841321,1.7596622789832348,-1.2199335447094035,0.0606453741297639,0.48634257640438094,0.443326845340355,0.04301573106402595,0.4452499825167314,0.40671428010656147,0.03853570241016996,0.4002205640183184,0.4332246920331598,0.03300412801484137,0.3004306642296604,0.37300780594210914,0.07257714171244872,0.3333333333333337,0.4211015706376107,0.08776823730427702,784.0,0.25807514831905076,848.0,0.2791694133157548,1023.0,0.33684904416611733,2700.0,0.8895847066578774,2769.0,0.9123269611074489,0.25807514831905076,WACC_0p1_WRT_0p9,0.5352010547132499,1746,False,,,False,False,False,False,False,71.0,0.18324607329842932
IBDD,Electricity,1981,0.74,137,0.7499999999999998,0.390324214459635,0,123,3644,4067,328,138,68,0.5273520659774795,0.595219333152971,0.5628368798052087,0.5273520659774795,0.1961213561299603,0.22222222222222254,1.2233606186634038,-2.534149843841321,1.7596622789832348,-1.2199335447094035,0.0606453741297639,0.595219333152971,0.514606765765881,0.08061256738709,0.5628368798052087,0.5045364369121921,0.05830044289301661,0.5273520659774795,0.49471347844719626,0.03263858753028326,0.1961213561299603,0.24348393743337013,0.04736258130340984,0.22222222222222254,0.28548225506022185,0.0632600328379993,1749.0,0.5761371127224786,1931.0,0.6361239288068556,1871.0,0.6163480553724456,784.0,0.25807514831905076,1796.0,0.5916282135794331,0.25807514831905076,WACC_0p7_WRT_0p3,0.5356624917600528,1747,False,,,False,False,False,False,False,123.0,0.3193717277486911
IBDD,Electricity,2693,0.73,171,0.7142857142857141,0.3524035648917216,0,161,1261,2574,815,104,12,0.5732706024430663,0.6345444512233998,0.6053080073212718,0.5732706024430663,0.22270073803295595,0.2592592592592596,1.2233606186634038,-2.534149843841321,1.7596622789832348,-1.2199335447094035,0.0606453741297639,0.6345444512233998,0.5678939032980793,0.06665054792532044,0.6053080073212718,0.5574101785914899,0.04789782872978188,0.5732706024430663,0.5287545102503235,0.04451609219274277,0.22270073803295595,0.25097824222972653,0.02827750419677058,0.2592592592592596,0.24104449798248426,0.01821476127677532,2373.0,0.7818061964403428,2438.0,0.8032300593276203,2223.0,0.7323665128543178,989.0,0.3256427158866183,784.0,0.25807514831905076,0.25807514831905076,WACC_0p9_WRT_0p1,0.58022412656559,1748,False,,,False,False,False,False,False,161.0,0.418848167539267
IBDD,Electricity,2940,0.75,126,0.7857142857142856,0.4046264668097131,0,36,365,4640,306,126,44,0.5100333094804184,0.5803873677528902,0.5468183571731213,0.5100333094804184,0.18945107801225108,0.18518518518518542,1.2233606186634038,-2.534149843841321,1.7596622789832348,-1.2199335447094035,0.0606453741297639,0.5803873677528902,0.5231076523892618,0.057279715363628414,0.5468183571731213,0.4961225201682907,0.0506958370048306,0.5100333094804184,0.4917246598251334,0.018308649655284948,0.18945107801225108,0.24348471010929856,0.05403363209704748,0.18518518518518542,0.2830982523241276,0.09791306713894218,1874.0,0.6173368490441661,1822.0,0.6001977587343441,1820.0,0.5995385629531971,785.0,0.2584047462096243,1763.0,0.5807514831905076,0.2584047462096243,WACC_0p7_WRT_0p3,0.5312458800263679,1749,False,,,False,False,False,False,False,36.0,0.09162303664921466
IBDD,Electricity,1148,0.71,86,0.6428571428571426,0.4697578353865064,0,83,3342,3157,312,229,198,0.4311650106214855,0.5128437262658452,0.4738712243671128,0.4311650106214855,0.3004306642296604,0.3333333333333337,1.2233606186634038,-2.534149843841321,1.7596622789832348,-1.2199335447094035,0.0606453741297639,0.5128437262658452,0.44338000523438853,0.06946372103145665,0.4738712243671128,0.40483558812074555,0.06903563624636727,0.4311650106214855,0.4610428931155538,0.02987788249406831,0.3004306642296604,0.42215257307795073,0.12172190884829032,0.3333333333333337,0.4592712963581288,0.1259379630247951,785.0,0.2584047462096243,825.0,0.27158866183256425,1381.0,0.45484508899143045,2887.0,0.9512195121951219,2887.0,0.9512195121951219,0.2584047462096243,WACC_0p1_WRT_0p9,0.5774555042847725,1750,False,,,False,False,False,False,False,83.0,0.21465968586387435
IBDD,Electricity,2421,0.73,100,0.7142857142857141,0.4440667223993342,0,92,2342,3949,413,208,22,0.462274665176063,0.539486361956246,0.5026452709127456,0.462274665176063,0.22270073803295595,0.2592592592592596,1.2233606186634038,-2.534149843841321,1.7596622789832348,-1.2199335447094035,0.0606453741297639,0.539486361956246,0.515011942946431,0.02447441900981495,0.5026452709127456,0.4943918349428117,0.008253435969933887,0.462274665176063,0.5008834579272828,0.03860879275121981,0.22270073803295595,0.24351826165374915,0.0208175236207932,0.2592592592592596,0.2509637837686931,0.008295475490566473,1758.0,0.57910349373764,1802.0,0.5936058009228741,1940.0,0.6390903098220171,786.0,0.25873434410019774,1044.0,0.34377059986816083,0.25873434410019774,WACC_0p7_WRT_0p3,0.4828609096901779,1751,False,,,False,False,False,False,False,92.0,0.23821989528795812
IBDD,Electricity,643,0.73,244,0.7142857142857141,0.2914931836867794,0,223,4912,465,858,133,5,0.647027660730869,0.6977107724729696,0.6735276342708071,0.647027660730869,0.24221412849747007,0.2592592592592596,1.2233606186634038,-2.534149843841321,1.7596622789832348,-1.2199335447094035,0.0606453741297639,0.6977107724729696,0.6321977614461087,0.06551301102686091,0.6735276342708071,0.6027612351093717,0.07076639916143534,0.647027660730869,0.5621878550974105,0.0848398056334585,0.24221412849747007,0.2749442209247506,0.03273009242728056,0.2592592592592596,0.24114298963158126,0.018116269627678316,2803.0,0.9235332893869479,2721.0,0.8965062623599209,2515.0,0.8286090969017799,1544.0,0.508569545154911,786.0,0.25873434410019774,0.25873434410019774,WACC_0p9_WRT_0p1,0.6831905075807515,1752,False,,,False,False,False,False,False,223.0,0.581151832460733
IBDD,Electricity,2758,0.73,94,0.7142857142857141,0.454611535799055,0,86,1334,2841,581,135,64,0.44950583330912175,0.5285509999120911,0.49083507990505837,0.44950583330912175,0.22270073803295595,0.2592592592592596,1.2233606186634038,-2.534149843841321,1.7596622789832348,-1.2199335447094035,0.0606453741297639,0.5285509999120911,0.4772147523372837,0.05133624757480737,0.49083507990505837,0.45425322526939016,0.03658185463566821,0.44950583330912175,0.43472385891360044,0.014781974395521313,0.22270073803295595,0.2435662816325997,0.020865543599643738,0.2592592592592596,0.29464615410458694,0.035386894845327366,1176.0,0.3872775214238629,1297.0,0.42715886618325644,1045.0,0.34410019775873435,787.0,0.25906394199077126,1930.0,0.6357943309162821,0.25906394199077126,WACC_0p7_WRT_0p3,0.4106789716545814,1753,False,,,False,False,False,False,False,86.0,0.22251308900523561
IBDD,Electricity,634,0.72,262,0.6785714285714283,0.2792864730780935,0,234,1098,96,936,54,7,0.6618089024183554,0.7103695834745697,0.6871991501525352,0.6618089024183554,0.2615657011313083,0.2962962962962967,1.2233606186634038,-2.534149843841321,1.7596622789832348,-1.2199335447094035,0.0606453741297639,0.7103695834745697,0.6125838829530841,0.09778570052148561,0.6871991501525352,0.5743694428149776,0.1128297073375576,0.6618089024183554,0.5424592762346742,0.11934962618368128,0.2615657011313083,0.2799052674310106,0.018339566299702292,0.2962962962962967,0.24119413425188346,0.05510216204441326,2709.0,0.8925510876730389,2572.0,0.8473961766644693,2349.0,0.7738958470665788,1645.0,0.5418589321028345,787.0,0.25906394199077126,0.25906394199077126,WACC_0p9_WRT_0p1,0.6629531970995386,1754,False,,,False,False,False,False,False,234.0,0.6099476439790575
IBDD,Electricity,1760,0.72,74,0.6785714285714283,0.4953125156100612,0,67,3904,2450,441,182,100,0.4002205640183184,0.48634257640438094,0.4452499825167314,0.4002205640183184,0.2615657011313083,0.2962962962962967,1.2233606186634038,-2.534149843841321,1.7596622789832348,-1.2199335447094035,0.0606453741297639,0.48634257640438094,0.4448063039359564,0.04153627246842456,0.4452499825167314,0.4193223360801995,0.025927646436531948,0.4002205640183184,0.411749705301649,0.011529141283330602,0.2615657011313083,0.2705932022907705,0.009027501159462215,0.2962962962962967,0.3061466097217462,0.009850313425449453,807.0,0.26565589980224125,948.0,0.3121292023731048,788.0,0.2593935398813448,1449.0,0.4772577455504285,2051.0,0.6756756756756757,0.2593935398813448,WACC_0p5_WRT_0p5,0.398022412656559,1755,False,,,False,False,False,False,False,67.0,0.17277486910994763
IBDD,Electricity,2933,0.65,67,0.4285714285714285,0.5121825999482407,0,67,84,2616,284,181,22,0.48103808887236293,0.46884767412775036,0.4263554880579704,0.48103808887236293,0.5336204428197735,0.5555555555555557,1.2233606186634038,-2.534149843841321,1.7596622789832348,-1.2199335447094035,0.0606453741297639,0.46884767412775036,0.44365028704809173,0.02519738707965863,0.4263554880579704,0.40847647896608075,0.017879009091889664,0.48103808887236293,0.42628473626022934,0.0547533526121336,0.5336204428197735,0.30806116011953016,0.22555928270024334,0.5555555555555557,0.33913801170522145,0.21641754385033424,788.0,0.2593935398813448,857.0,0.2821357943309163,953.0,0.3137771918259723,2060.0,0.6786420566908372,2336.0,0.7696110744891232,0.2593935398813448,WACC_0p1_WRT_0p9,0.4607119314436388,1756,False,,,False,False,False,False,False,67.0,0.17277486910994763
IBDD,Electricity,1074,0.73,199,0.7142857142857141,0.3264351604674772,0,184,4016,3996,483,160,10,0.6047160322839292,0.6614746484040978,0.6343926202764254,0.6047160322839292,0.22591790483948646,0.2592592592592596,1.2233606186634038,-2.534149843841321,1.7596622789832348,-1.2199335447094035,0.0606453741297639,0.6614746484040978,0.5764792235082778,0.0849954248958199,0.6343926202764254,0.5726421828249892,0.06175043745143616,0.6047160322839292,0.5851935023026433,0.019522529981285897,0.22591790483948646,0.2664817888923883,0.04056388405290187,0.2592592592592596,0.24127824773196319,0.017981011527296392,2442.0,0.8045484508899143,2563.0,0.8444297956493079,2651.0,0.8734344100197758,1369.0,0.45088991430454844,788.0,0.2593935398813448,0.2593935398813448,WACC_0p9_WRT_0p1,0.6465392221489783,1757,False,,,False,False,False,False,False,184.0,0.4790575916230366
IBDD,Electricity,1896,0.74,69,0.7499999999999998,0.5071915798046006,0,56,416,2295,643,190,2,0.3858360730191042,0.47402354686930304,0.4319454306188472,0.3858360730191042,0.1838357749346038,0.22222222222222254,1.2233606186634038,-2.534149843841321,1.7596622789832348,-1.2199335447094035,0.0606453741297639,0.47402354686930304,0.48320593169453663,0.009182384825233592,0.4319454306188472,0.4322952175473959,0.00034978692854870097,0.3858360730191042,0.44432156075501295,0.058485487735908726,0.1838357749346038,0.25020286218872917,0.06636708725412538,0.22222222222222254,0.24129961244233522,0.019077390220112678,1256.0,0.4136453526697429,1062.0,0.34970336189848383,1166.0,0.3839815425181279,972.0,0.3200395517468688,789.0,0.25972313777191824,0.25972313777191824,WACC_0p9_WRT_0p1,0.3454185893210283,1758,False,,,False,False,False,False,False,56.0,0.14397905759162305
IBDD,Electricity,2714,0.74,196,0.7499999999999998,0.3290373984942353,0,178,3366,4951,730,119,19,0.60156495330492,0.6587760311911633,0.6314781136864565,0.60156495330492,0.22470427422088943,0.22222222222222254,1.2233606186634038,-2.534149843841321,1.7596622789832348,-1.2199335447094035,0.0606453741297639,0.6587760311911633,0.5792371302833282,0.07953890090783511,0.6314781136864565,0.5784197085036015,0.053058405182854984,0.60156495330492,0.5708688334401609,0.030696119864759064,0.22470427422088943,0.2702278461343238,0.045523571913434396,0.22222222222222254,0.24134204822989166,0.019119826007669122,2471.0,0.8141067897165458,2598.0,0.8559657218193804,2562.0,0.8441001977587343,1437.0,0.4733025708635465,790.0,0.26005273566249176,0.26005273566249176,WACC_0p9_WRT_0p1,0.6495056031641397,1759,False,,,False,False,False,False,False,178.0,0.46335078534031415
IBDD,Electricity,158,0.73,96,0.7142857142857141,0.4510243614951085,0,88,2883,1,2,127,1,0.45384958258454444,0.5322710325235911,0.4948527151254784,0.45384958258454444,0.22270073803295595,0.2592592592592596,1.2233606186634038,-2.534149843841321,1.7596622789832348,-1.2199335447094035,0.0606453741297639,0.5322710325235911,0.5554704417783923,0.02319940925480124,0.4948527151254784,0.49725724256916937,0.0024045274436909625,0.45384958258454444,0.4766513665934522,0.022801784008907755,0.22270073803295595,0.26103430130916916,0.038333563276213206,0.2592592592592596,0.2413620924427785,0.01789716681648107,2257.0,0.7435728411338167,1834.0,0.6041529334212261,1595.0,0.5253790375741595,1255.0,0.41331575477916943,791.0,0.2603823335530653,0.2603823335530653,WACC_0p9_WRT_0p1,0.5093605800922874,1760,False,,,False,False,False,False,False,88.0,0.22774869109947643
IBDD,Electricity,419,0.74,171,0.7499999999999998,0.3524035648917216,0,157,649,3649,306,155,10,0.5732706024430663,0.6345444512233998,0.6053080073212718,0.5732706024430663,0.21380677188343034,0.22222222222222254,1.2233606186634038,-2.534149843841321,1.7596622789832348,-1.2199335447094035,0.0606453741297639,0.6345444512233998,0.5358388740065344,0.09870557721686535,0.6053080073212718,0.5182131790358648,0.08709482828540693,0.5732706024430663,0.5186471725006965,0.054623429942369794,0.21380677188343034,0.24377326360025922,0.029966491716828886,0.22222222222222254,0.24282732038023422,0.020605098158011675,2045.0,0.6736980883322347,2076.0,0.6839156229400132,2140.0,0.7050098879367172,792.0,0.26071193144363874,827.0,0.2722478576137113,0.26071193144363874,WACC_0p7_WRT_0p3,0.519116677653263,1761,False,,,False,False,False,False,False,157.0,0.4083769633507853
IBDD,Electricity,446,0.74,695,0.7499999999999998,0.1117234612544069,0,348,1922,4959,185,66,5,0.8647128177357765,0.8841386327732077,0.8748697233950642,0.8647128177357765,0.32605505203989216,0.22222222222222254,1.2233606186634038,-2.534149843841321,1.7596622789832348,-1.2199335447094035,0.0606453741297639,0.8841386327732077,0.6287287439799891,0.2554098887932186,0.8748697233950642,0.6077462086394905,0.2671235147555737,0.8647128177357765,0.6193699334846264,0.24534288425115003,0.32605505203989216,0.3132201734237154,0.01283487861617677,0.22222222222222254,0.2415510752860243,0.01932885306380175,2787.0,0.9182597231377719,2739.0,0.9024390243902439,2794.0,0.9205669083717865,2128.0,0.7010547132498351,792.0,0.26071193144363874,0.26071193144363874,WACC_0p9_WRT_0p1,0.7406064601186553,1762,False,,,False,False,False,False,False,348.0,0.9083769633507853
IBDD,Electricity,1621,0.73,72,0.7142857142857141,0.499966262112698,0,64,412,2650,489,231,60,0.3945852906008571,0.4815164689201649,0.44003778643377817,0.3945852906008571,0.22270073803295595,0.2592592592592596,1.2233606186634038,-2.534149843841321,1.7596622789832348,-1.2199335447094035,0.0606453741297639,0.4815164689201649,0.45080636725060097,0.03071010166956395,0.44003778643377817,0.40948281931956076,0.030554967114217402,0.3945852906008571,0.4120192603303373,0.017433969729480192,0.22270073803295595,0.2634560200102042,0.04075528197724823,0.2592592592592596,0.31058140388922656,0.05132214462996698,868.0,0.2857613711272248,864.0,0.2844429795649308,793.0,0.26104152933421226,1307.0,0.43045484508899146,2108.0,0.6944627554383652,0.26104152933421226,WACC_0p5_WRT_0p5,0.3912326961107449,1763,False,,,False,False,False,False,False,64.0,0.1649214659685864
IBDD,Electricity,1645,0.71,75,0.6428571428571426,0.4930319771219003,0,72,4509,2985,815,233,179,0.4029820934468227,0.48870757928099223,0.44780418562347163,0.4029820934468227,0.3004306642296604,0.3333333333333337,1.2233606186634038,-2.534149843841321,1.7596622789832348,-1.2199335447094035,0.0606453741297639,0.48870757928099223,0.44377392497470114,0.04493365430629109,0.44780418562347163,0.4045860538176762,0.04321813180579542,0.4029820934468227,0.44640049661500325,0.043418403168180575,0.3004306642296604,0.40847833957005164,0.10804767534039122,0.3333333333333337,0.436021615252277,0.1026882819189433,793.0,0.26104152933421226,821.0,0.2702702702702703,1188.0,0.3912326961107449,2853.0,0.9400131839156229,2816.0,0.9278180619644034,0.26104152933421226,WACC_0p1_WRT_0p9,0.5580751483190507,1764,False,,,False,False,False,False,False,72.0,0.18586387434554974
IBDD,Electricity,2452,0.71,71,0.6428571428571426,0.5023411706436027,0,68,3109,2828,503,218,141,0.3917094874376366,0.4790536008140415,0.4373778888791649,0.3917094874376366,0.3004306642296604,0.3333333333333337,1.2233606186634038,-2.534149843841321,1.7596622789832348,-1.2199335447094035,0.0606453741297639,0.4790536008140415,0.44399803866319376,0.03505556215084776,0.4373778888791649,0.4114930164664422,0.025884872412722693,0.3917094874376366,0.4183969025159713,0.026687415078334664,0.3004306642296604,0.33761681795376325,0.03718615372410283,0.3333333333333337,0.369848903484139,0.03651557015080531,794.0,0.2613711272247858,881.0,0.2900461437046803,856.0,0.28180619644034277,2384.0,0.7854317732366513,2547.0,0.8391562294001318,0.2613711272247858,WACC_0p1_WRT_0p9,0.49156229400131835,1765,False,,,False,False,False,False,False,68.0,0.17539267015706805
IBDD,Electricity,995,0.73,212,0.7142857142857141,0.3155922767643708,0,195,4175,4629,219,163,3,0.6178458007975598,0.6727191203925043,0.6465366500239046,0.6178458007975598,0.23097480413949792,0.2592592592592596,1.2233606186634038,-2.534149843841321,1.7596622789832348,-1.2199335447094035,0.0606453741297639,0.6727191203925043,0.5929196639578982,0.07979945643460606,0.6465366500239046,0.5939516440568381,0.0525850059670665,0.6178458007975598,0.5995216017146513,0.0183241990829085,0.23097480413949792,0.2847370820442437,0.053762277904745776,0.2592592592592596,0.24161352848624298,0.017645730773016594,2588.0,0.8526697429136454,2687.0,0.8852999340804218,2731.0,0.8998022412656559,1727.0,0.5688859591298616,794.0,0.2613711272247858,0.2613711272247858,WACC_0p9_WRT_0p1,0.6936058009228742,1766,False,,,False,False,False,False,False,195.0,0.5078534031413613
IBDD,Electricity,2384,0.73,98,0.7142857142857141,0.4475103999651687,0,90,1783,2995,101,218,68,0.45810467769735974,0.535915140776862,0.49878835203901095,0.45810467769735974,0.22270073803295595,0.2592592592592596,1.2233606186634038,-2.534149843841321,1.7596622789832348,-1.2199335447094035,0.0606453741297639,0.535915140776862,0.4803721903242151,0.0555429504526469,0.49878835203901095,0.4498997096591561,0.04888864237985485,0.45810467769735974,0.4375969677606863,0.020507709936673446,0.22270073803295595,0.2439156755725673,0.021214937539611345,0.2592592592592596,0.2930209461471805,0.033761686887920916,1212.0,0.3991430454845089,1238.0,0.4077125906394199,1085.0,0.3572841133816744,795.0,0.26170072511535925,1907.0,0.6282135794330916,0.26170072511535925,WACC_0p7_WRT_0p3,0.4108108108108109,1767,False,,,False,False,False,False,False,90.0,0.23298429319371727
IBDD,Electricity,1090,0.74,357,0.7499999999999998,0.2261903587331202,0,257,4264,4420,597,140,6,0.7261035780241663,0.7654322205730606,0.7466667982189052,0.7261035780241663,0.27267003108197546,0.22222222222222254,1.2233606186634038,-2.534149843841321,1.7596622789832348,-1.2199335447094035,0.0606453741297639,0.7654322205730606,0.6183586400653812,0.14707358050767938,0.7466667982189052,0.6070998175416904,0.13956698067721485,0.7261035780241663,0.61688320207997,0.1092203759441962,0.27267003108197546,0.2914830773667725,0.01881304628479702,0.22222222222222254,0.24161453758062942,0.01939231535840688,2735.0,0.9011206328279499,2735.0,0.9011206328279499,2789.0,0.918918918918919,1833.0,0.6038233355306526,795.0,0.26170072511535925,0.26170072511535925,WACC_0p9_WRT_0p1,0.7173368490441661,1768,False,,,False,False,False,False,False,257.0,0.6701570680628273
IBDD,Electricity,2284,0.74,92,0.7499999999999998,0.4582750386595772,0,79,3577,1449,155,94,61,0.4450696569353127,0.5247518117604384,0.48673195670127345,0.4450696569353127,0.1838357749346038,0.22222222222222254,1.2233606186634038,-2.534149843841321,1.7596622789832348,-1.2199335447094035,0.0606453741297639,0.5247518117604384,0.45966953475279004,0.06508227700764835,0.48673195670127345,0.425490912245547,0.06124104445572642,0.4450696569353127,0.4122027391933331,0.032866917741979584,0.1838357749346038,0.2540400332169346,0.07020425828233079,0.22222222222222254,0.27574742389467594,0.05352520167245339,951.0,0.3131179960448253,1008.0,0.3319050758075148,796.0,0.26203032300593276,1076.0,0.35431773236651287,1629.0,0.5365853658536586,0.26203032300593276,WACC_0p5_WRT_0p5,0.3595912986156889,1769,False,,,False,False,False,False,False,79.0,0.20418848167539266
IBDD,Electricity,601,0.72,76,0.6785714285714283,0.4907812504490119,0,69,2092,2676,482,143,5,0.4057075234165282,0.49104166620102463,0.45032499949710664,0.4057075234165282,0.2615657011313083,0.2962962962962967,1.2233606186634038,-2.534149843841321,1.7596622789832348,-1.2199335447094035,0.0606453741297639,0.49104166620102463,0.5303394158447038,0.03929774964367916,0.45032499949710664,0.5232959887293174,0.07297098923221074,0.4057075234165282,0.4922079239339729,0.08650040051744468,0.2615657011313083,0.25041465285700104,0.01115104827430724,0.2962962962962967,0.24162010429797087,0.05467619199832585,1966.0,0.6476598549769281,2126.0,0.7003955174686882,1832.0,0.6034937376400791,976.0,0.32135794330916284,796.0,0.26203032300593276,0.26203032300593276,WACC_0p9_WRT_0p1,0.5069874752801582,1770,False,,,False,False,False,False,False,69.0,0.17801047120418848
IBDD,Electricity,2137,0.71,84,0.6428571428571426,0.4737621586253954,0,81,2559,3229,583,202,184,0.4263161310595567,0.5086910947588492,0.4693863823395571,0.4263161310595567,0.3004306642296604,0.3333333333333337,1.2233606186634038,-2.534149843841321,1.7596622789832348,-1.2199335447094035,0.0606453741297639,0.5086910947588492,0.44407658849590204,0.06461450626294718,0.4693863823395571,0.4096506577369085,0.05973572460264859,0.4263161310595567,0.45305063552637337,0.02673450446681669,0.3004306642296604,0.43410329244891244,0.13367262821925202,0.3333333333333337,0.4664529847818546,0.1331196514485209,796.0,0.26203032300593276,868.0,0.2857613711272248,1275.0,0.4199077125906394,2916.0,0.9607778510217535,2907.0,0.957811470006592,0.26203032300593276,WACC_0p1_WRT_0p9,0.5772577455504285,1771,False,,,False,False,False,False,False,81.0,0.2094240837696335
IBDD,Electricity,2101,0.72,72,0.6785714285714283,0.499966262112698,0,65,673,2723,167,153,78,0.3945852906008571,0.4815164689201649,0.44003778643377817,0.3945852906008571,0.2615657011313083,0.2962962962962967,1.2233606186634038,-2.534149843841321,1.7596622789832348,-1.2199335447094035,0.0606453741297639,0.4815164689201649,0.44950005613694394,0.03201641278322098,0.44003778643377817,0.42049261672745136,0.019545169706326804,0.3945852906008571,0.41230904025386145,0.017723749653004328,0.2615657011313083,0.2676825967150057,0.006116895583697435,0.2962962962962967,0.30973112963848426,0.013434833342187535,856.0,0.28180619644034277,955.0,0.31443638760711934,797.0,0.2623599208965063,1390.0,0.45781147000659195,2103.0,0.6928147659854977,0.2623599208965063,WACC_0p5_WRT_0p5,0.40184574818721164,1772,False,,,False,False,False,False,False,65.0,0.16753926701570682
IBDD,Electricity,527,0.73,222,0.7142857142857141,0.3076928116430253,0,204,4020,2494,810,141,9,0.6274113510021655,0.6809111582961219,0.6553840509598116,0.6274113510021655,0.23465895318475166,0.2592592592592596,1.2233606186634038,-2.534149843841321,1.7596622789832348,-1.2199335447094035,0.0606453741297639,0.6809111582961219,0.586577746823887,0.09433341147223495,0.6553840509598116,0.5802068629827122,0.07517718797709938,0.6274113510021655,0.5731560247465626,0.05425532625560292,0.23465895318475166,0.2737944020860539,0.03913544890130222,0.2592592592592596,0.24173904307716035,0.01752021618209923,2536.0,0.8355306526038233,2613.0,0.8609096901779829,2572.0,0.8473961766644693,1522.0,0.501318391562294,797.0,0.2623599208965063,0.2623599208965063,WACC_0p9_WRT_0p1,0.6615029663810151,1773,False,,,False,False,False,False,False,204.0,0.5314136125654451
IBDD,Electricity,1854,0.74,80,0.7499999999999998,0.4820615067966712,0,67,1341,2375,185,209,78,0.41626635802070583,0.5000843633219706,0.46009111238772826,0.41626635802070583,0.1838357749346038,0.22222222222222254,1.2233606186634038,-2.534149843841321,1.7596622789832348,-1.2199335447094035,0.0606453741297639,0.5000843633219706,0.44791899865707013,0.05216536466490046,0.46009111238772826,0.4024767803039426,0.057614332083785635,0.41626635802070583,0.4127091809352717,0.0035571770854341267,0.1838357749346038,0.24772388013787597,0.06388810520327218,0.22222222222222254,0.29793055418636505,0.0757083319641425,840.0,0.27653263019116675,806.0,0.2653263019116678,798.0,0.26268951878707975,902.0,0.2969676994067238,1978.0,0.6516150296638101,0.26268951878707975,WACC_0p5_WRT_0p5,0.35062623599208964,1774,False,,,False,False,False,False,False,67.0,0.17277486910994763
IBDD,Electricity,1257,0.71,71,0.6428571428571426,0.5023411706436027,0,68,4355,2695,544,160,152,0.3917094874376366,0.4790536008140415,0.4373778888791649,0.3917094874376366,0.3004306642296604,0.3333333333333337,1.2233606186634038,-2.534149843841321,1.7596622789832348,-1.2199335447094035,0.0606453741297639,0.4790536008140415,0.4442650262531861,0.034788574560855434,0.4373778888791649,0.4041026579731561,0.03327523090600881,0.3917094874376366,0.4206062692620461,0.028896781824409468,0.3004306642296604,0.34416574086250146,0.04373507663284104,0.3333333333333337,0.3731168964325767,0.03978356309924297,798.0,0.26268951878707975,818.0,0.2692814765985498,877.0,0.2887277521423863,2458.0,0.8098220171390903,2567.0,0.8457481872116018,0.26268951878707975,WACC_0p1_WRT_0p9,0.4952537903757416,1775,False,,,False,False,False,False,False,68.0,0.17539267015706805
IBDD,Electricity,1012,0.73,251,0.7142857142857141,0.2866427745257816,0,229,4274,326,923,120,9,0.6529010751494013,0.702740826417708,0.6789600925311245,0.6529010751494013,0.24447626017411914,0.2592592592592596,1.2233606186634038,-2.534149843841321,1.7596622789832348,-1.2199335447094035,0.0606453741297639,0.702740826417708,0.6347940477698999,0.06794677864780807,0.6789600925311245,0.5881953109090365,0.09076478162208801,0.6529010751494013,0.5732764186825439,0.07962465646685746,0.24447626017411914,0.2801668427108028,0.03569058253668364,0.2592592592592596,0.2418061023475739,0.01745315691168567,2812.0,0.9264996704021095,2657.0,0.8754119973632168,2576.0,0.8487145682267634,1652.0,0.544166117336849,798.0,0.26268951878707975,0.26268951878707975,WACC_0p9_WRT_0p1,0.6914963744232038,1776,False,,,False,False,False,False,False,229.0,0.5968586387434555
IBDD,Electricity,2393,0.73,131,0.7142857142857141,0.3979778361999513,0,123,1081,2534,224,93,28,0.5180842102582068,0.5872822439407912,0.5542648234560545,0.5180842102582068,0.22270073803295595,0.2592592592592596,1.2233606186634038,-2.534149843841321,1.7596622789832348,-1.2199335447094035,0.0606453741297639,0.5872822439407912,0.5233972624262703,0.06388498151452093,0.5542648234560545,0.5045286632803749,0.04973616017567961,0.5180842102582068,0.4812856684849182,0.03679854177328862,0.22270073803295595,0.2440764569948607,0.02137571896190474,0.2592592592592596,0.24516927882386114,0.014089980435398441,1875.0,0.6176664469347396,1930.0,0.6357943309162821,1668.0,0.549439683586025,799.0,0.26301911667765326,890.0,0.2930125247198418,0.26301911667765326,WACC_0p7_WRT_0p3,0.4717864205669084,1777,False,,,False,False,False,False,False,123.0,0.3193717277486911
IBDD,Electricity,836,0.73,314,0.7142857142857141,0.2482223332029363,0,261,2592,1199,914,52,1,0.6994248150117004,0.7425842470488069,0.7219909868127112,0.6994248150117004,0.2623947685849366,0.2592592592592596,1.2233606186634038,-2.534149843841321,1.7596622789832348,-1.2199335447094035,0.0606453741297639,0.7425842470488069,0.6345084143108697,0.1080758327379372,0.7219909868127112,0.5906500388809695,0.13134094793174178,0.6994248150117004,0.5795636326043714,0.11986118240732901,0.2623947685849366,0.3062447303728689,0.04384996178793232,0.2592592592592596,0.2418105023139058,0.017448756945353777,2810.0,0.9258404746209624,2670.0,0.8796967699406724,2615.0,0.8615688859591298,2038.0,0.6713909030982201,799.0,0.26301911667765326,0.26301911667765326,WACC_0p9_WRT_0p1,0.7203032300593275,1778,False,,,False,False,False,False,False,261.0,0.680628272251309
IBDD,Electricity,2561,0.73,112,0.7142857142857141,0.4247367473289887,0,104,2737,2899,239,123,26,0.4856815470533606,0.5595322620291968,0.5242948429915326,0.4856815470533606,0.22270073803295595,0.2592592592592596,1.2233606186634038,-2.534149843841321,1.7596622789832348,-1.2199335447094035,0.0606453741297639,0.5595322620291968,0.5150858910063983,0.04444637102279847,0.5242948429915326,0.5036996634826842,0.02059517950884837,0.4856815470533606,0.4877927856527963,0.0021112385994357385,0.22270073803295595,0.24411017120636155,0.0214094331734056,0.2592592592592596,0.24425803705767676,0.015001222201582814,1761.0,0.5800922874093606,1914.0,0.6305207646671062,1771.0,0.5833882663150955,800.0,0.2633487145682268,862.0,0.28378378378378377,0.2633487145682268,WACC_0p7_WRT_0p3,0.4682267633487146,1779,False,,,False,False,False,False,False,104.0,0.2696335078534031
IBDD,Electricity,3019,0.75,83,0.7857142857142856,0.475799793515297,0,23,360,3093,401,180,135,0.4238487363007214,0.5065779919100624,0.4671042312628673,0.4238487363007214,0.1562572934202572,0.18518518518518542,1.2233606186634038,-2.534149843841321,1.7596622789832348,-1.2199335447094035,0.0606453741297639,0.5065779919100624,0.44438176311802285,0.06219622879203951,0.4671042312628673,0.4086470191129893,0.058457212149878035,0.4238487363007214,0.4249087607316027,0.0010600244308813234,0.1562572934202572,0.3622824893043817,0.20602519588412452,0.18518518518518542,0.4140530013921312,0.22886781620694577,800.0,0.2633487145682268,858.0,0.2824653922214898,932.0,0.3068556361239288,2620.0,0.8632168754119973,2748.0,0.9054054054054054,0.2633487145682268,WACC_0p1_WRT_0p9,0.5242584047462097,1780,False,,,False,False,False,False,False,23.0,0.05759162303664921
IBDD,Electricity,2666,0.72,85,0.6785714285714283,0.4717483562690882,0,78,1936,2664,263,143,104,0.4287546667383026,0.5107794823876122,0.4716418409786212,0.4287546667383026,0.2615657011313083,0.2962962962962967,1.2233606186634038,-2.534149843841321,1.7596622789832348,-1.2199335447094035,0.0606453741297639,0.5107794823876122,0.44874444821943454,0.06203503416817763,0.4716418409786212,0.41359025852114184,0.05805158245747938,0.4287546667383026,0.41291715630878106,0.01583751042952153,0.2615657011313083,0.29710786822491025,0.03554216709360197,0.2962962962962967,0.334295984359573,0.03799968806327625,850.0,0.27982860909690177,896.0,0.2949901120632828,801.0,0.26367831245880025,1908.0,0.6285431773236652,2297.0,0.7567567567567568,0.26367831245880025,WACC_0p5_WRT_0p5,0.44475939353988136,1781,False,,,False,False,False,False,False,78.0,0.20157068062827224
IBDD,Electricity,1588,0.74,142,0.7499999999999998,0.3841962317781302,0,128,3621,3487,277,111,45,0.5347725083862314,0.601574278156013,0.5697002204084941,0.5347725083862314,0.19897932197936863,0.22222222222222254,1.2233606186634038,-2.534149843841321,1.7596622789832348,-1.2199335447094035,0.0606453741297639,0.601574278156013,0.5249284115210345,0.07664586663497852,0.5697002204084941,0.5151111433844022,0.05458907702409188,0.5347725083862314,0.5187651814486636,0.01600732693756779,0.19897932197936863,0.24416192738011716,0.04518260540074853,0.22222222222222254,0.2656448341404453,0.043422611918222775,1903.0,0.6268951878707977,2041.0,0.6723796967699407,2142.0,0.7056690837178642,801.0,0.26367831245880025,1392.0,0.458470665787739,0.26367831245880025,WACC_0p7_WRT_0p3,0.5454185893210284,1782,False,,,False,False,False,False,False,128.0,0.3324607329842932
IBDD,Electricity,2559,0.73,92,0.7142857142857141,0.4582750386595772,0,84,3081,2476,703,114,59,0.4450696569353127,0.5247518117604384,0.48673195670127345,0.4450696569353127,0.22270073803295595,0.2592592592592596,1.2233606186634038,-2.534149843841321,1.7596622789832348,-1.2199335447094035,0.0606453741297639,0.5247518117604384,0.4771375383747232,0.04761427338571517,0.48673195670127345,0.44792365864151,0.038808298059763435,0.4450696569353127,0.4341026622269114,0.01096699470840129,0.22270073803295595,0.24417165510810923,0.02147091707515328,0.2592592592592596,0.26918608170319663,0.009926822443937056,1175.0,0.3869479235332894,1216.0,0.4004614370468029,1039.0,0.34212261041529335,802.0,0.26400791034937376,1490.0,0.490771259063942,0.26400791034937376,WACC_0p7_WRT_0p3,0.37686222808174025,1783,False,,,False,False,False,False,False,84.0,0.21727748691099477
IBDD,Electricity,1118,0.73,72,0.7142857142857141,0.499966262112698,0,64,205,2804,946,185,57,0.3945852906008571,0.4815164689201649,0.44003778643377817,0.3945852906008571,0.22270073803295595,0.2592592592592596,1.2233606186634038,-2.534149843841321,1.7596622789832348,-1.2199335447094035,0.0606453741297639,0.4815164689201649,0.4578801540626008,0.023636314857564122,0.44003778643377817,0.41822473085353146,0.02181305558024671,0.3945852906008571,0.41314085163559944,0.01855556103474232,0.22270073803295595,0.2940015242325619,0.07130078619960592,0.2592592592592596,0.3426218718170952,0.08336261255783561,936.0,0.3081740276862228,936.0,0.3081740276862228,803.0,0.2643375082399473,1868.0,0.6153592617007251,2359.0,0.7771918259723137,0.2643375082399473,WACC_0p5_WRT_0p5,0.4546473302570863,1784,False,,,False,False,False,False,False,64.0,0.1649214659685864
IBDD,Electricity,1495,0.73,179,0.7142857142857141,0.344575937943391,0,166,3380,3435,877,141,15,0.5827491630046993,0.6426619902809279,0.614074949503402,0.5827491630046993,0.22270073803295595,0.2592592592592596,1.2233606186634038,-2.534149843841321,1.7596622789832348,-1.2199335447094035,0.0606453741297639,0.6426619902809279,0.5584790511158749,0.08418293916505293,0.614074949503402,0.5531588246968102,0.06091612480659181,0.5827491630046993,0.5491180911019264,0.03363107190277281,0.22270073803295595,0.2581600067745283,0.03545926874157232,0.2592592592592596,0.24189932101815112,0.017359938241108458,2286.0,0.7531311799604482,2400.0,0.7907053394858273,2411.0,0.7943309162821358,1178.0,0.3879367172050099,803.0,0.2643375082399473,0.2643375082399473,WACC_0p9_WRT_0p1,0.5980883322346737,1785,False,,,False,False,False,False,False,166.0,0.4319371727748691
IBDD,Electricity,144,0.73,221,0.7142857142857141,0.3084666472767445,0,203,4369,1,882,131,1,0.6264743048236271,0.6801086620833761,0.654517355050046,0.6264743048236271,0.23429805206456739,0.2592592592592596,1.2233606186634038,-2.534149843841321,1.7596622789832348,-1.2199335447094035,0.0606453741297639,0.6801086620833761,0.6365864067822297,0.043522255301146395,0.654517355050046,0.6046922215199437,0.04982513353010232,0.6264743048236271,0.594456458545473,0.03201784627815407,0.23429805206456739,0.29508764140968174,0.06078958934511436,0.2592592592592596,0.24190673690441974,0.017352522354839833,2818.0,0.9284772577455505,2727.0,0.8984838497033619,2702.0,0.8902439024390244,1876.0,0.6179960448253131,804.0,0.26466710613052075,0.26466710613052075,WACC_0p9_WRT_0p1,0.719973632168754,1786,False,,,False,False,False,False,False,203.0,0.5287958115183246
IBDD,Electricity,51,0.74,385,0.7499999999999998,0.2132245902229895,0,267,1866,5000,815,89,3,0.7418039713697635,0.7788782027317146,0.7611884589502518,0.7418039713697635,0.2787170004582316,0.22222222222222254,1.2233606186634038,-2.534149843841321,1.7596622789832348,-1.2199335447094035,0.0606453741297639,0.7788782027317146,0.6185809151557573,0.1602972875759573,0.7611884589502518,0.6148073317639295,0.14638112718632224,0.7418039713697635,0.6106710667437765,0.13113290462598703,0.2787170004582316,0.3064652242537865,0.02774822379555486,0.22222222222222254,0.24194249927759004,0.019720277055367497,2736.0,0.9014502307185234,2769.0,0.9123269611074489,2761.0,0.9096901779828609,2041.0,0.6723796967699407,805.0,0.26499670402109426,0.26499670402109426,WACC_0p9_WRT_0p1,0.7321687541199736,1787,False,,,False,False,False,False,False,267.0,0.6963350785340314
IBDD,Electricity,2189,0.71,59,0.6428571428571426,0.5337329569329065,0,56,4663,2150,121,161,95,0.35369682415601933,0.44649915577328214,0.4022190882351447,0.35369682415601933,0.3004306642296604,0.3333333333333337,1.2233606186634038,-2.534149843841321,1.7596622789832348,-1.2199335447094035,0.0606453741297639,0.44649915577328214,0.44550353116487346,0.000995624608408685,0.4022190882351447,0.4276790452629091,0.025459957027764435,0.35369682415601933,0.413313792029662,0.05961696787364268,0.3004306642296604,0.2530622250849082,0.047368439144752195,0.3333333333333337,0.28237880155668704,0.05095453177664666,816.0,0.26862228081740275,1022.0,0.3365194462755438,806.0,0.2653263019116678,1050.0,0.34574818721160183,1749.0,0.5761371127224786,0.2653263019116678,WACC_0p5_WRT_0p5,0.35847066578773895,1788,False,,,False,False,False,False,False,56.0,0.14397905759162305
IBDD,Electricity,1047,0.74,409,0.7499999999999998,0.2028388410152516,0,276,2802,4514,514,38,7,0.7543801906368901,0.7896486093175168,0.7728204980629181,0.7543801906368901,0.2835607015747212,0.22222222222222254,1.2233606186634038,-2.534149843841321,1.7596622789832348,-1.2199335447094035,0.0606453741297639,0.7896486093175168,0.6425331530223147,0.14711545629520206,0.7728204980629181,0.6370237909052285,0.13579670715768954,0.7543801906368901,0.6493617036576218,0.1050184869792683,0.2835607015747212,0.3224843459978128,0.0389236444230916,0.22222222222222254,0.24198933446253507,0.019767112240312523,2841.0,0.9360580092287409,2858.0,0.9416611733684904,2890.0,0.9522083058668425,2226.0,0.7333553065260382,806.0,0.2653263019116678,0.2653263019116678,WACC_0p9_WRT_0p1,0.765721819380356,1789,False,,,False,False,False,False,False,276.0,0.7198952879581152
IBDD,Electricity,2694,0.73,119,0.7142857142857141,0.41438816555554,0,111,3188,3236,350,137,32,0.498212759860783,0.5702641246090697,0.5358852545777952,0.498212759860783,0.22270073803295595,0.2592592592592596,1.2233606186634038,-2.534149843841321,1.7596622789832348,-1.2199335447094035,0.0606453741297639,0.5702641246090697,0.5166553831508867,0.05360874145818306,0.5358852545777952,0.5062534811730579,0.029631773404737327,0.498212759860783,0.5022351165354337,0.004022356674650729,0.22270073803295595,0.2462205694795713,0.023519831446615347,0.2592592592592596,0.24203045030540718,0.017228808953852398,1780.0,0.5863546473302571,1957.0,0.6446934739617667,1957.0,0.6446934739617667,859.0,0.28279499011206327,807.0,0.26565589980224125,0.26565589980224125,WACC_0p9_WRT_0p1,0.48483849703361903,1790,False,,,False,False,False,False,False,111.0,0.2879581151832461
IBDD,Electricity,1502,0.73,119,0.7142857142857141,0.41438816555554,0,111,4432,3684,327,242,52,0.498212759860783,0.5702641246090697,0.5358852545777952,0.498212759860783,0.22270073803295595,0.2592592592592596,1.2233606186634038,-2.534149843841321,1.7596622789832348,-1.2199335447094035,0.0606453741297639,0.5702641246090697,0.5178490593856462,0.05241506522342354,0.5358852545777952,0.502875278994549,0.033009975583246254,0.498212759860783,0.503051632518027,0.0048388726572439755,0.22270073803295595,0.2444111335850477,0.021710395552091755,0.2592592592592596,0.26925184687159737,0.009992587612337789,1806.0,0.5949241924851681,1902.0,0.6265655899802242,1968.0,0.6483190507580752,807.0,0.26565589980224125,1491.0,0.4911008569545155,0.26565589980224125,WACC_0p7_WRT_0p3,0.5253131179960449,1791,False,,,False,False,False,False,False,111.0,0.2879581151832461
IBDD,Electricity,967,0.74,307,0.7499999999999998,0.2520916676942791,0,237,2906,4813,124,72,4,0.6947393948260553,0.7385716038725995,0.7176573321824073,0.6947393948260553,0.26059019007828205,0.22222222222222254,1.2233606186634038,-2.534149843841321,1.7596622789832348,-1.2199335447094035,0.0606453741297639,0.7385716038725995,0.640903494289698,0.09766810958290151,0.7176573321824073,0.6357735102616329,0.08188382192077448,0.6947393948260553,0.6240881466664124,0.07065124815964285,0.26059019007828205,0.3262819712383482,0.06569178116006613,0.22222222222222254,0.24203602797588222,0.01981380575365968,2831.0,0.932762030323006,2853.0,0.9400131839156229,2813.0,0.926829268292683,2269.0,0.7475280158206987,808.0,0.26598549769281477,0.26598549769281477,WACC_0p9_WRT_0p1,0.762623599208965,1792,False,,,False,False,False,False,False,237.0,0.6178010471204188
IBDD,Electricity,914,0.7,108,0.6071428571428569,0.4309420365106688,0,105,2127,4340,854,231,5,0.478167493343437,0.5530971473222692,0.5173449191080508,0.478167493343437,0.33929562732801266,0.37037037037037074,1.2233606186634038,-2.534149843841321,1.7596622789832348,-1.2199335447094035,0.0606453741297639,0.5530971473222692,0.5494485036635355,0.003648643658733741,0.5173449191080508,0.5378817136357902,0.020536794527739377,0.478167493343437,0.5353268643624423,0.057159371019005256,0.33929562732801266,0.24449049765687203,0.09480512967114063,0.37037037037037074,0.24272520076889226,0.12764516960147848,2197.0,0.7237969676994067,2269.0,0.7475280158206987,2280.0,0.7511535926170072,809.0,0.2663150955833883,825.0,0.27158866183256425,0.2663150955833883,WACC_0p7_WRT_0p3,0.5520764667106131,1793,False,,,False,False,False,False,False,105.0,0.27225130890052357
IBDD,Electricity,1749,0.74,204,0.7499999999999998,0.322183632392618,0,185,1318,3210,169,88,15,0.6098642549321267,0.6658836404817295,0.6391543317202679,0.6098642549321267,0.22790073062037866,0.22222222222222254,1.2233606186634038,-2.534149843841321,1.7596622789832348,-1.2199335447094035,0.0606453741297639,0.6658836404817295,0.5795993695709515,0.08628427091077806,0.6391543317202679,0.5703254008096998,0.06882893091056808,0.6098642549321267,0.5614429401082309,0.04842131482389578,0.22790073062037866,0.2726573092435405,0.04475657862316182,0.22222222222222254,0.24204426959859296,0.019822047376370416,2476.0,0.8157547791694133,2540.0,0.8368490441661174,2509.0,0.8266315095583389,1493.0,0.4917600527356625,809.0,0.2663150955833883,0.2663150955833883,WACC_0p9_WRT_0p1,0.6474620962425841,1794,False,,,False,False,False,False,False,185.0,0.4816753926701571
IBDD,Electricity,1233,0.73,95,0.7142857142857141,0.4528086068783853,0,87,4233,2292,992,234,97,0.4516890199984838,0.5304207039779707,0.49285436029620844,0.4516890199984838,0.22270073803295595,0.2592592592592596,1.2233606186634038,-2.534149843841321,1.7596622789832348,-1.2199335447094035,0.0606453741297639,0.5304207039779707,0.44516752450052516,0.08525317947744554,0.49285436029620844,0.4096203086561869,0.08323405164002151,0.4516890199984838,0.41808187625180554,0.03360714374667828,0.22270073803295595,0.2741293544982527,0.051428616465296756,0.2592592592592596,0.3104706043252637,0.05121134506600411,810.0,0.26664469347396175,865.0,0.28477257745550427,851.0,0.2801582069874753,1528.0,0.503295978905735,2107.0,0.6941331575477917,0.26664469347396175,WACC_0p1_WRT_0p9,0.4058009228740936,1795,False,,,False,False,False,False,False,87.0,0.225130890052356
IBDD,Electricity,2415,0.7,71,0.6071428571428569,0.5023411706436027,0,69,1500,2800,880,155,150,0.3917094874376366,0.4790536008140415,0.4373778888791649,0.3917094874376366,0.33929562732801266,0.37037037037037074,1.2233606186634038,-2.534149843841321,1.7596622789832348,-1.2199335447094035,0.0606453741297639,0.4790536008140415,0.4461597988335731,0.03289380198046843,0.4373778888791649,0.40305086261794737,0.03432702626121753,0.3917094874376366,0.41975227731203163,0.028042789874395013,0.33929562732801266,0.3743939128732348,0.03509828554522215,0.37037037037037074,0.4220933752664142,0.05172300489604348,823.0,0.27092946605141727,810.0,0.26664469347396175,868.0,0.2857613711272248,2715.0,0.8945286750164799,2774.0,0.9139749505603164,0.26664469347396175,WACC_0p3_WRT_0p7,0.5263678312458799,1796,False,,,False,False,False,False,False,69.0,0.17801047120418848
IBDD,Electricity,2998,0.69,70,0.5714285714285711,0.5047492957538864,0,68,1346,2722,967,249,113,0.3887934619488797,0.4765562858848585,0.4346807887556472,0.3887934619488797,0.3781605904263649,0.4074074074074079,1.2233606186634038,-2.534149843841321,1.7596622789832348,-1.2199335447094035,0.0606453741297639,0.4765562858848585,0.44519788189190895,0.031358403992949535,0.4346807887556472,0.40508425697117223,0.029596531784474966,0.3887934619488797,0.4167562833595832,0.027962821410703498,0.3781605904263649,0.3290894742486561,0.04907111617770882,0.4074074074074079,0.364385646824267,0.04302176058314089,811.0,0.26697429136453527,828.0,0.27257745550428475,834.0,0.27455504284772575,2305.0,0.7593935398813447,2508.0,0.8263019116677653,0.26697429136453527,WACC_0p1_WRT_0p9,0.4799604482531311,1797,False,,,False,False,False,False,False,68.0,0.17539267015706805
IBDD,Electricity,867,0.73,119,0.7142857142857141,0.41438816555554,0,111,2673,58,587,114,6,0.498212759860783,0.5702641246090697,0.5358852545777952,0.498212759860783,0.22270073803295595,0.2592592592592596,1.2233606186634038,-2.534149843841321,1.7596622789832348,-1.2199335447094035,0.0606453741297639,0.5702641246090697,0.5514917261799038,0.018772398429165893,0.5358852545777952,0.48242384818130557,0.053461406396489664,0.498212759860783,0.4676890107014307,0.030523749159352298,0.22270073803295595,0.26017551078419665,0.0374747727512407,0.2592592592592596,0.24218507875351356,0.017074180505746023,2222.0,0.7320369149637442,1651.0,0.5438365194462755,1462.0,0.48154251812788396,1234.0,0.40639419907712593,811.0,0.26697429136453527,0.26697429136453527,WACC_0p9_WRT_0p1,0.486156888595913,1798,False,,,False,False,False,False,False,111.0,0.2879581151832461
IBDD,Electricity,1982,0.73,98,0.7142857142857141,0.4475103999651687,0,90,3509,3328,734,147,72,0.45810467769735974,0.535915140776862,0.49878835203901095,0.45810467769735974,0.22270073803295595,0.2592592592592596,1.2233606186634038,-2.534149843841321,1.7596622789832348,-1.2199335447094035,0.0606453741297639,0.535915140776862,0.486011034872641,0.04990410590422095,0.49878835203901095,0.4751143568679835,0.023673995171027473,0.45810467769735974,0.4630549454671282,0.004950267769768479,0.22270073803295595,0.2445999830435873,0.02189924501063134,0.2592592592592596,0.27950926039480184,0.02025000113554226,1296.0,0.4268292682926829,1550.0,0.510547132498352,1404.0,0.462425840474621,812.0,0.2673038892551088,1699.0,0.5596572181938035,0.2673038892551088,WACC_0p7_WRT_0p3,0.44535266974291365,1799,False,,,False,False,False,False,False,90.0,0.23298429319371727
IBDD,Electricity,31,0.74,139,0.7499999999999998,0.3878467884272343,0,125,249,3930,469,129,6,0.5303520087238677,0.5977885157050904,0.5656115969614975,0.5303520087238677,0.19727677698589813,0.22222222222222254,1.2233606186634038,-2.534149843841321,1.7596622789832348,-1.2199335447094035,0.0606453741297639,0.5977885157050904,0.5398845318103584,0.05790398389473195,0.5656115969614975,0.503949308967301,0.061662287994196596,0.5303520087238677,0.5073096605057805,0.02304234821808715,0.19727677698589813,0.2495411954200638,0.05226441843416568,0.22222222222222254,0.24223991542086837,0.020017693198645825,2096.0,0.6905075807514832,1921.0,0.6328279499011207,2026.0,0.6674357284113381,956.0,0.3147659854976928,813.0,0.26763348714568225,0.26763348714568225,WACC_0p9_WRT_0p1,0.5146341463414634,1800,False,,,False,False,False,False,False,125.0,0.32460732984293195
IBDD,Electricity,1508,0.73,120,0.7142857142857141,0.4129592931336661,0,112,3062,4350,196,172,29,0.4999429973740139,0.5717459182317536,0.537485591690294,0.4999429973740139,0.22270073803295595,0.2592592592592596,1.2233606186634038,-2.534149843841321,1.7596622789832348,-1.2199335447094035,0.0606453741297639,0.5717459182317536,0.5193204466310295,0.05242547160072408,0.537485591690294,0.5151949116885521,0.022290680001741836,0.4999429973740139,0.5226007757246158,0.022657778350601954,0.22270073803295595,0.2446997701997411,0.021999032166785143,0.2592592592592596,0.24603417598479752,0.013225083274462063,1818.0,0.5988793671720501,2043.0,0.6730388925510876,2182.0,0.7188529993408043,814.0,0.26796308503625577,905.0,0.2979564930784443,0.26796308503625577,WACC_0p7_WRT_0p3,0.5113381674357285,1801,False,,,False,False,False,False,False,112.0,0.2905759162303665
IBDD,Electricity,1203,0.73,125,0.7142857142857141,0.405987565903148,0,117,3307,4422,158,209,27,0.5083851394446378,0.5789758575819206,0.5452939261884742,0.5083851394446378,0.22270073803295595,0.2592592592592596,1.2233606186634038,-2.534149843841321,1.7596622789832348,-1.2199335447094035,0.0606453741297639,0.5789758575819206,0.5392227080894714,0.039753149492449236,0.5452939261884742,0.5269236650380873,0.01837026115038687,0.5083851394446378,0.5297630789353225,0.021377939490684672,0.22270073803295595,0.24471121005692453,0.02201047202396858,0.2592592592592596,0.24252992504717463,0.016729334212084945,2087.0,0.6875411997363217,2159.0,0.7112722478576137,2232.0,0.7353328938694792,815.0,0.2682926829268293,820.0,0.26994067237969677,0.2682926829268293,WACC_0p7_WRT_0p3,0.5344759393539882,1802,False,,,False,False,False,False,False,117.0,0.3036649214659686
IBDD,Electricity,365,0.73,263,0.7142857142857141,0.2786330448225848,0,234,3426,2750,182,129,9,0.6626001459629706,0.7110472127765788,0.687930989798705,0.6626001459629706,0.2482118343662294,0.2592592592592596,1.2233606186634038,-2.534149843841321,1.7596622789832348,-1.2199335447094035,0.0606453741297639,0.7110472127765788,0.5877870394026116,0.12326017337396722,0.687930989798705,0.5753581435222487,0.11257284627645636,0.6626001459629706,0.5609664128229791,0.10163373313999147,0.2482118343662294,0.2736780655978063,0.025466231231576875,0.2592592592592596,0.24240736808755736,0.016851891171702216,2550.0,0.8401450230718523,2579.0,0.8497033618984838,2503.0,0.8246539222148979,1519.0,0.5003295978905735,815.0,0.2682926829268293,0.2682926829268293,WACC_0p9_WRT_0p1,0.6566249176005273,1803,False,,,False,False,False,False,False,234.0,0.6099476439790575
IBDD,Electricity,2430,0.71,72,0.6428571428571426,0.499966262112698,0,69,2128,2806,177,213,6,0.3945852906008571,0.4815164689201649,0.44003778643377817,0.3945852906008571,0.3004306642296604,0.3333333333333337,1.2233606186634038,-2.534149843841321,1.7596622789832348,-1.2199335447094035,0.0606453741297639,0.4815164689201649,0.49668292681024856,0.01516645789008364,0.44003778643377817,0.47616784614301033,0.036130059709232165,0.3945852906008571,0.4685940639263501,0.074008773325493,0.3004306642296604,0.24476303760074894,0.055667626628911476,0.3333333333333337,0.2424521243716896,0.09088120896164412,1462.0,0.48154251812788396,1566.0,0.515820698747528,1477.0,0.4864864864864865,816.0,0.26862228081740275,816.0,0.26862228081740275,0.26862228081740275,WACC_0p7_WRT_0p3,0.4042188529993408,1804,False,,,False,False,False,False,False,69.0,0.17801047120418848
IBDD,Electricity,2067,0.74,84,0.7499999999999998,0.4737621586253954,0,71,4293,271,545,100,57,0.4263161310595567,0.5086910947588492,0.4693863823395571,0.4263161310595567,0.1838357749346038,0.22222222222222254,1.2233606186634038,-2.534149843841321,1.7596622789832348,-1.2199335447094035,0.0606453741297639,0.5086910947588492,0.4703394902635413,0.03835160449530789,0.4693863823395571,0.4117897557684944,0.05759662657106268,0.4263161310595567,0.4142920830920392,0.012024047967517493,0.1838357749346038,0.24739451398061296,0.06355873904600917,0.22222222222222254,0.26115055466652726,0.038928332444304714,1081.0,0.35596572181938035,884.0,0.2910349373764008,817.0,0.26895187870797627,896.0,0.2949901120632828,1281.0,0.4218852999340804,0.26895187870797627,WACC_0p5_WRT_0p5,0.3265655899802241,1805,False,,,False,False,False,False,False,71.0,0.18324607329842932
IBDD,Electricity,372,0.75,34,0.7857142857142856,0.6265363711819671,0,15,2064,775,273,84,9,0.24132013731434054,0.3502585780335155,0.2982792642761968,0.24132013731434054,0.14497081183625146,0.18518518518518542,1.2233606186634038,-2.534149843841321,1.7596622789832348,-1.2199335447094035,0.0606453741297639,0.3502585780335155,0.5199187334349945,0.169660155401479,0.2982792642761968,0.47171149630382825,0.17343223202763147,0.24132013731434054,0.4573664777251886,0.21604634041084808,0.14497081183625146,0.2505981239591592,0.10562731212290774,0.18518518518518542,0.24249580432670992,0.057310619141524494,1829.0,0.6025049439683586,1511.0,0.4976928147659855,1334.0,0.43935398813447596,980.0,0.3226763348714568,817.0,0.26895187870797627,0.26895187870797627,WACC_0p9_WRT_0p1,0.4262359920896506,1806,False,,,False,False,False,False,False,15.0,0.03664921465968586
IBDD,Electricity,2085,0.73,124,0.7142857142857141,0.4073595105219982,0,116,4779,4040,213,182,59,0.5067238364414649,0.5775531001994092,0.5437573482153619,0.5067238364414649,0.22270073803295595,0.2592592592592596,1.2233606186634038,-2.534149843841321,1.7596622789832348,-1.2199335447094035,0.0606453741297639,0.5775531001994092,0.5198411832232726,0.057711916976136646,0.5437573482153619,0.5065915599703106,0.037165788245051345,0.5067238364414649,0.5131076352623827,0.006383798820917774,0.22270073803295595,0.2447705273369052,0.02206978930394926,0.2592592592592596,0.2605924232087914,0.0013331639495318126,1826.0,0.6015161502966381,1962.0,0.6463414634146342,2091.0,0.6888595912986157,817.0,0.26895187870797627,1265.0,0.4166117336849044,0.26895187870797627,WACC_0p7_WRT_0p3,0.5244561634805537,1807,False,,,False,False,False,False,False,116.0,0.3010471204188482
IBDD,Electricity,2557,0.71,84,0.6428571428571426,0.4737621586253954,0,81,3227,3356,965,231,224,0.4263161310595567,0.5086910947588492,0.4693863823395571,0.4263161310595567,0.3004306642296604,0.3333333333333337,1.2233606186634038,-2.534149843841321,1.7596622789832348,-1.2199335447094035,0.0606453741297639,0.5086910947588492,0.4457147862057073,0.0629763085531419,0.4693863823395571,0.4065603381260767,0.06282604421348037,0.4263161310595567,0.4788139630406513,0.052497831981094645,0.3004306642296604,0.4724044624690287,0.17197379823936826,0.3333333333333337,0.5068552113866629,0.1735218780533292,817.0,0.26895187870797627,847.0,0.27883981542518127,1628.0,0.536255767963085,3005.0,0.990112063282795,2988.0,0.9845088991430455,0.26895187870797627,WACC_0p1_WRT_0p9,0.6117336849044166,1808,False,,,False,False,False,False,False,81.0,0.2094240837696335
IBDD,Electricity,1185,0.74,139,0.7499999999999998,0.3878467884272343,0,125,4852,1316,968,80,54,0.5303520087238677,0.5977885157050904,0.5656115969614975,0.5303520087238677,0.19727677698589813,0.22222222222222254,1.2233606186634038,-2.534149843841321,1.7596622789832348,-1.2199335447094035,0.0606453741297639,0.5977885157050904,0.5123532488043738,0.08543526690071657,0.5656115969614975,0.46526204557550294,0.1003495513859946,0.5303520087238677,0.46265151536497484,0.06770049335889283,0.19727677698589813,0.24481080054868684,0.04753402356278871,0.22222222222222254,0.26797214700047894,0.0457499247782564,1711.0,0.5636123928806855,1432.0,0.47165458141067895,1397.0,0.46011865524060647,818.0,0.2692814765985498,1460.0,0.480883322346737,0.2692814765985498,WACC_0p7_WRT_0p3,0.4491100856954516,1809,False,,,False,False,False,False,False,125.0,0.32460732984293195
IBDD,Electricity,2743,0.71,73,0.6428571428571426,0.4976236662662598,0,70,4501,2558,702,152,131,0.3974219659749473,0.48394582757573046,0.4426614937817889,0.3974219659749473,0.3004306642296604,0.3333333333333337,1.2233606186634038,-2.534149843841321,1.7596622789832348,-1.2199335447094035,0.0606453741297639,0.48394582757573046,0.44573712962164214,0.03820869795408832,0.4426614937817889,0.4062406350835675,0.03642085869822137,0.3974219659749473,0.4181936724093762,0.020771706434428938,0.3004306642296604,0.32946118347331804,0.029030519243657626,0.3333333333333337,0.3530584403837617,0.019725107050428015,818.0,0.2692814765985498,841.0,0.27686222808174027,853.0,0.28081740276862227,2310.0,0.7610415293342122,2439.0,0.8035596572181938,0.2692814765985498,WACC_0p1_WRT_0p9,0.4783124588002636,1810,False,,,False,False,False,False,False,70.0,0.1806282722513089
IBDD,Electricity,1221,0.73,143,0.7142857142857141,0.3829963792662363,0,135,672,4029,771,86,35,0.5362254231424002,0.602818569649829,0.5710440552218153,0.5362254231424002,0.22270073803295595,0.2592592592592596,1.2233606186634038,-2.534149843841321,1.7596622789832348,-1.2199335447094035,0.0606453741297639,0.602818569649829,0.5253998683074321,0.07741870134239692,0.5710440552218153,0.508390939246594,0.06265311597522139,0.5362254231424002,0.5019918343008337,0.034233588841566465,0.22270073803295595,0.24489581309578956,0.022195075062833608,0.2592592592592596,0.26928431180556867,0.010025052546309088,1911.0,0.6295319709953856,1981.0,0.6526038233355307,1954.0,0.6437046802900461,819.0,0.26961107448912325,1492.0,0.491430454845089,0.26961107448912325,WACC_0p7_WRT_0p3,0.5373764007910349,1811,False,,,False,False,False,False,False,135.0,0.3507853403141361
IBDD,Electricity,2049,0.73,93,0.7142857142857141,0.4564335436868534,0,85,1181,2908,75,241,57,0.44729954368619157,0.5266615102506704,0.4887944310707241,0.44729954368619157,0.22270073803295595,0.2592592592592596,1.2233606186634038,-2.534149843841321,1.7596622789832348,-1.2199335447094035,0.0606453741297639,0.5266615102506704,0.47660696826679877,0.05005454198387166,0.4887944310707241,0.4486305056483936,0.04016392542233055,0.44729954368619157,0.4476763471545093,0.0003768034683177546,0.22270073803295595,0.24496195425999043,0.022261216227034475,0.2592592592592596,0.28017358688063965,0.02091432762138007,1166.0,0.3839815425181279,1224.0,0.4030982201713909,1201.0,0.39551746868820037,822.0,0.27059986816084375,1714.0,0.5646011865524061,0.27059986816084375,WACC_0p7_WRT_0p3,0.40355965721819376,1812,False,,,False,False,False,False,False,85.0,0.2198952879581152
IBDD,Electricity,954,0.73,146,0.7142857142857141,0.3794461887748424,0,138,1711,4478,172,246,6,0.5405243883077224,0.6065002486779413,0.5750202685721765,0.5405243883077224,0.22270073803295595,0.2592592592592596,1.2233606186634038,-2.534149843841321,1.7596622789832348,-1.2199335447094035,0.0606453741297639,0.6065002486779413,0.5583351829261978,0.04816506575174351,0.5750202685721765,0.546442070362721,0.028578198209455508,0.5405243883077224,0.5490833874954986,0.00855899918777614,0.22270073803295595,0.2491100569833684,0.026409318950412458,0.2592592592592596,0.24266695569183463,0.016592303567424943,2284.0,0.7524719841793013,2338.0,0.7702702702702703,2410.0,0.7940013183915623,944.0,0.3108108108108108,822.0,0.27059986816084375,0.27059986816084375,WACC_0p9_WRT_0p1,0.5796308503625578,1813,False,,,False,False,False,False,False,138.0,0.3586387434554974
IBDD,Electricity,1656,0.74,110,0.7499999999999998,0.427811438654111,0,96,4332,4331,346,161,58,0.4819583691188635,0.5563436932475886,0.5208511887073957,0.4819583691188635,0.1838357749346038,0.22222222222222254,1.2233606186634038,-2.534149843841321,1.7596622789832348,-1.2199335447094035,0.0606453741297639,0.5563436932475886,0.5286967370527491,0.027646956194839478,0.5208511887073957,0.5225803704020126,0.001729181694616888,0.4819583691188635,0.520101854369977,0.038143485251113496,0.1838357749346038,0.2449700408084693,0.0611342658738655,0.22222222222222254,0.2660944503014146,0.043872228079192055,1949.0,0.6420566908371786,2122.0,0.6990771259063941,2159.0,0.7112722478576137,823.0,0.27092946605141727,1408.0,0.46374423203691495,0.27092946605141727,WACC_0p7_WRT_0p3,0.5574159525379038,1814,False,,,False,False,False,False,False,96.0,0.2486910994764398
IBDD,Electricity,677,0.73,310,0.7142857142857141,0.2504227227497021,0,259,2756,187,491,60,5,0.6967603388280658,0.7403023615929015,0.7195265505203335,0.6967603388280658,0.261368551882492,0.2592592592592596,1.2233606186634038,-2.534149843841321,1.7596622789832348,-1.2199335447094035,0.0606453741297639,0.7403023615929015,0.631053721083999,0.10924864050890248,0.7195265505203335,0.5890556649201413,0.13047088560019227,0.6967603388280658,0.5586775299820199,0.13808280884604585,0.261368551882492,0.3006797610980199,0.03931120921552794,0.2592592592592596,0.24269698206046778,0.016562277198791803,2798.0,0.9218852999340804,2661.0,0.8767303889255109,2480.0,0.8170731707317073,1968.0,0.6483190507580752,823.0,0.27092946605141727,0.27092946605141727,WACC_0p9_WRT_0p1,0.7069874752801583,1815,False,,,False,False,False,False,False,259.0,0.675392670157068
IBDD,Electricity,2244,0.73,134,0.7142857142857141,0.3941085017086084,0,126,1795,1027,304,78,39,0.5227696304438523,0.5912948871169988,0.5585984780863587,0.5227696304438523,0.22270073803295595,0.2592592592592596,1.2233606186634038,-2.534149843841321,1.7596622789832348,-1.2199335447094035,0.0606453741297639,0.5912948871169988,0.47444046616040014,0.1168544209565987,0.5585984780863587,0.41647708275402007,0.14212139533233858,0.5227696304438523,0.4155561569104593,0.107213473533393,0.22270073803295595,0.26357885916049417,0.04087812112753822,0.2592592592592596,0.2634019946305997,0.004142735371340134,1140.0,0.3754119973632169,916.0,0.3015820698747528,824.0,0.2712590639419908,1312.0,0.43210283454185894,1337.0,0.44034278180619646,0.2712590639419908,WACC_0p5_WRT_0p5,0.3641397495056032,1816,False,,,False,False,False,False,False,126.0,0.32722513089005234
IBDD,Electricity,2891,0.73,42,0.7142857142857141,0.5910931476464545,0,34,1,1200,615,60,6,0.2842387310335392,0.3870145135518249,0.33797567463597095,0.2842387310335392,0.22270073803295595,0.2592592592592596,1.2233606186634038,-2.534149843841321,1.7596622789832348,-1.2199335447094035,0.0606453741297639,0.3870145135518249,0.45552157448797537,0.06850706093615044,0.33797567463597095,0.40481902051737484,0.06684334588140389,0.2842387310335392,0.4438813605898361,0.15964262955629693,0.22270073803295595,0.3310611141528957,0.10836037611993973,0.2592592592592596,0.3701551034284023,0.11089584416914272,915.0,0.3012524719841793,824.0,0.2712590639419908,1159.0,0.38167435728411336,2333.0,0.7686222808174028,2549.0,0.8398154251812788,0.2712590639419908,WACC_0p3_WRT_0p7,0.512524719841793,1817,False,,,False,False,False,False,False,34.0,0.08638743455497382
IBDD,Electricity,2513,0.73,131,0.7142857142857141,0.3979778361999513,0,123,1426,3341,388,134,26,0.5180842102582068,0.5872822439407912,0.5542648234560545,0.5180842102582068,0.22270073803295595,0.2592592592592596,1.2233606186634038,-2.534149843841321,1.7596622789832348,-1.2199335447094035,0.0606453741297639,0.5872822439407912,0.5337524835320306,0.05352976040876056,0.5542648234560545,0.5183121475363817,0.03595267591967288,0.5180842102582068,0.5105501701977451,0.007534040060461766,0.22270073803295595,0.2450026118546647,0.022301873821708756,0.2592592592592596,0.24431823637317582,0.01494102288608376,2020.0,0.6654581410678971,2078.0,0.6845748187211602,2064.0,0.6799604482531312,824.0,0.2712590639419908,863.0,0.2841133816743573,0.2712590639419908,WACC_0p7_WRT_0p3,0.5170731707317074,1818,False,,,False,False,False,False,False,123.0,0.3193717277486911
IBDD,Electricity,489,0.67,104,0.5,0.4373793521924517,0,103,38,2830,126,220,10,0.47037247616302047,0.5464214125411612,0.5101351255444541,0.47037247616302047,0.455890516623069,0.48148148148148157,1.2233606186634038,-2.534149843841321,1.7596622789832348,-1.2199335447094035,0.0606453741297639,0.5464214125411612,0.4461846463535255,0.10023676618763566,0.5101351255444541,0.43869574051317767,0.07143938503127639,0.47037247616302047,0.4553401077379823,0.01503236842503819,0.455890516623069,0.33724102061063527,0.11864949601243374,0.48148148148148157,0.36709967475467276,0.11438180672680881,824.0,0.2712590639419908,1128.0,0.3714568226763349,1308.0,0.4307844429795649,2381.0,0.7844429795649308,2529.0,0.8332234673698088,0.2712590639419908,WACC_0p1_WRT_0p9,0.538233355306526,1819,False,,,False,False,False,False,False,103.0,0.2670157068062827
IBDD,Electricity,726,0.74,301,0.7499999999999998,0.2554788878576743,0,234,1064,2010,855,71,9,0.6906377722441087,0.7350589311105599,0.7138636455994047,0.6906377722441087,0.25901045983840576,0.22222222222222254,1.2233606186634038,-2.534149843841321,1.7596622789832348,-1.2199335447094035,0.0606453741297639,0.7350589311105599,0.580588500164938,0.15447043094562185,0.7138636455994047,0.5774625435742623,0.13640110202514244,0.6906377722441087,0.5581391411235594,0.13249863112054927,0.25901045983840576,0.303856981241567,0.044846521403161255,0.22222222222222254,0.24271000114749597,0.020487778925273425,2485.0,0.8187211601845749,2588.0,0.8526697429136454,2474.0,0.8150955833882663,2010.0,0.6621621621621622,824.0,0.2712590639419908,0.2712590639419908,WACC_0p9_WRT_0p1,0.683981542518128,1820,False,,,False,False,False,False,False,234.0,0.6099476439790575
IBDD,Electricity,1474,0.74,141,0.7499999999999998,0.3854045043765198,0,127,1285,4091,542,155,22,0.5333093976536435,0.6003212547206462,0.5683469550982978,0.5333093976536435,0.1984158083399787,0.22222222222222254,1.2233606186634038,-2.534149843841321,1.7596622789832348,-1.2199335447094035,0.0606453741297639,0.6003212547206462,0.5403310328013275,0.05999022191931869,0.5683469550982978,0.5212386002042406,0.04710835489405718,0.5333093976536435,0.5209801789309041,0.012329218722739399,0.1984158083399787,0.2496543094173314,0.0512385010773527,0.22222222222222254,0.24272840586949335,0.020506183647270804,2101.0,0.6921555702043507,2110.0,0.6951219512195121,2170.0,0.7148978246539223,958.0,0.31542518127883984,826.0,0.27191825972313777,0.27191825972313777,WACC_0p9_WRT_0p1,0.5379037574159525,1821,False,,,False,False,False,False,False,127.0,0.3298429319371728
IBDD,Electricity,2802,0.73,104,0.7142857142857141,0.4373793521924517,0,96,2745,3974,691,194,70,0.47037247616302047,0.5464214125411612,0.5101351255444541,0.47037247616302047,0.22270073803295595,0.2592592592592596,1.2233606186634038,-2.534149843841321,1.7596622789832348,-1.2199335447094035,0.0606453741297639,0.5464214125411612,0.5004653286331966,0.04595608390796457,0.5101351255444541,0.48163463655356525,0.028500488990888806,0.47037247616302047,0.4752885904498296,0.0049161142868091035,0.22270073803295595,0.24517007701662025,0.022469338983664294,0.2592592592592596,0.2887797020136254,0.029520442754365828,1523.0,0.5016479894528675,1638.0,0.53955174686882,1567.0,0.5161502966381015,827.0,0.2722478576137113,1842.0,0.6067897165458142,0.2722478576137113,WACC_0p7_WRT_0p3,0.4872775214238628,1822,False,,,False,False,False,False,False,96.0,0.2486910994764398
IBDD,Electricity,1630,0.73,78,0.7142857142857141,0.4863661844748775,0,70,1569,3144,590,246,149,0.41105377592647485,0.49562025313716407,0.4552698733881372,0.41105377592647485,0.22270073803295595,0.2592592592592596,1.2233606186634038,-2.534149843841321,1.7596622789832348,-1.2199335447094035,0.0606453741297639,0.49562025313716407,0.44668940067747487,0.0489308524596892,0.4552698733881372,0.42346927394012657,0.031800599448010614,0.41105377592647485,0.443893419714903,0.03283964378842813,0.22270073803295595,0.36921774172386485,0.1465170036909089,0.2592592592592596,0.41525949694279957,0.15600023768354,829.0,0.27290705339485827,983.0,0.3236651285431773,1161.0,0.3823335530652604,2675.0,0.8813447593935398,2750.0,0.9060646011865524,0.27290705339485827,WACC_0p1_WRT_0p9,0.5532630191166776,1823,False,,,False,False,False,False,False,70.0,0.1806282722513089
IBDD,Electricity,874,0.73,495,0.7142857142857141,0.1700528921396268,0,317,3020,2899,167,58,2,0.7940810609056871,0.8236488525959426,0.8095407608036179,0.7940810609056871,0.2988513978930687,0.2592592592592596,1.2233606186634038,-2.534149843841321,1.7596622789832348,-1.2199335447094035,0.0606453741297639,0.8236488525959426,0.637344848307812,0.18630400428813054,0.8095407608036179,0.642672012020289,0.1668687487833289,0.7940810609056871,0.6505468396279732,0.14353422127771387,0.2988513978930687,0.34276485790492583,0.04391346001185714,0.2592592592592596,0.24295107148437428,0.016308187774885297,2822.0,0.9297956493078444,2878.0,0.9482531311799605,2894.0,0.9535266974291364,2439.0,0.8035596572181938,829.0,0.27290705339485827,0.27290705339485827,WACC_0p9_WRT_0p1,0.7816084377059986,1824,False,,,False,False,False,False,False,317.0,0.8272251308900523
IBDD,Electricity,2726,0.73,117,0.7142857142857141,0.4172819839037627,0,109,705,4628,809,186,29,0.49470860302639985,0.5672631278035053,0.5326441780277857,0.49470860302639985,0.22270073803295595,0.2592592592592596,1.2233606186634038,-2.534149843841321,1.7596622789832348,-1.2199335447094035,0.0606453741297639,0.5672631278035053,0.5209022364539322,0.04636089134957311,0.5326441780277857,0.5067766509594709,0.025867527068314855,0.49470860302639985,0.5059232860222896,0.011214682995889791,0.22270073803295595,0.24530983644771023,0.02260909841475428,0.2592592592592596,0.2558529821475701,0.003406277111689504,1843.0,0.6071193144363876,1966.0,0.6476598549769281,2003.0,0.6598549769281477,830.0,0.2732366512854318,1157.0,0.3810151615029664,0.2732366512854318,WACC_0p7_WRT_0p3,0.5137771918259723,1825,False,,,False,False,False,False,False,109.0,0.28272251308900526
IBDD,Electricity,1080,0.73,339,0.7142857142857141,0.2350725758706624,0,273,1642,4147,982,142,7,0.7153480024690839,0.7562210324304242,0.7367187150248581,0.7153480024690839,0.2685275465865899,0.2592592592592596,1.2233606186634038,-2.534149843841321,1.7596622789832348,-1.2199335447094035,0.0606453741297639,0.7562210324304242,0.5778975980406658,0.1783234343897584,0.7367187150248581,0.558827814093452,0.17789090093140614,0.7153480024690839,0.5527091755710762,0.16263882689800768,0.2685275465865899,0.27129403300054844,0.0027664864139585466,0.2592592592592596,0.24296192172217834,0.016297337537081236,2457.0,0.8094924192485168,2451.0,0.8075148319050758,2437.0,0.8029004614370469,1468.0,0.48352010547132496,830.0,0.2732366512854318,0.2732366512854318,WACC_0p9_WRT_0p1,0.6353328938694792,1826,False,,,False,False,False,False,False,273.0,0.7120418848167539
IBDD,Electricity,2857,0.74,77,0.7499999999999998,0.4885595662217817,0,64,340,2798,357,122,68,0.40839778556566114,0.49334563502926343,0.4528132858316045,0.40839778556566114,0.1838357749346038,0.22222222222222254,1.2233606186634038,-2.534149843841321,1.7596622789832348,-1.2199335447094035,0.0606453741297639,0.49334563502926343,0.45596555469554934,0.037380080333714094,0.4528132858316045,0.4251747318642683,0.02763855396733622,0.40839778556566114,0.4163965969124637,0.007998811346802581,0.1838357749346038,0.2539991335833362,0.07016335864873241,0.22222222222222254,0.31451252743177915,0.09229030520955661,920.0,0.3029004614370468,1005.0,0.3309162821357943,831.0,0.27356624917600525,1075.0,0.35398813447593935,2150.0,0.7083058668424522,0.27356624917600525,WACC_0p5_WRT_0p5,0.39393539881344763,1827,False,,,False,False,False,False,False,64.0,0.1649214659685864
IBDD,Electricity,1632,0.72,58,0.6785714285714283,0.5366267752811291,0,51,4386,1961,656,159,78,0.35019266732163634,0.4434981589677179,0.3989780116851353,0.35019266732163634,0.2615657011313083,0.2962962962962967,1.2233606186634038,-2.534149843841321,1.7596622789832348,-1.2199335447094035,0.0606453741297639,0.4434981589677179,0.45438223682966755,0.01088407786194967,0.3989780116851353,0.4175382108876806,0.018560199202545313,0.35019266732163634,0.4230165350064725,0.07282386768483617,0.2615657011313083,0.24536293748845447,0.016202763642853807,0.2962962962962967,0.28422665788079177,0.012069638415504957,906.0,0.2982860909690178,925.0,0.3045484508899143,906.0,0.2982860909690178,833.0,0.2742254449571523,1777.0,0.5853658536585366,0.2742254449571523,WACC_0p7_WRT_0p3,0.35214238628872774,1828,False,,,False,False,False,False,False,51.0,0.13089005235602094
IBDD,Electricity,2708,0.73,50,0.7142857142857141,0.5617151637134581,0,42,2289,1520,70,57,48,0.31981285863641046,0.4174805709638212,0.3708790166409269,0.31981285863641046,0.22270073803295595,0.2592592592592596,1.2233606186634038,-2.534149843841321,1.7596622789832348,-1.2199335447094035,0.0606453741297639,0.4174805709638212,0.45441840813135703,0.03693783716753585,0.3708790166409269,0.40612581070922776,0.03524679406830089,0.31981285863641046,0.4165012566296068,0.09668839799319634,0.22270073803295595,0.2955134030486752,0.07281266501571923,0.2592592592592596,0.287169375832434,0.027910116573174437,907.0,0.2986156888595913,839.0,0.2762030323005933,833.0,0.2742254449571523,1883.0,0.6203032300593276,1814.0,0.5975609756097561,0.2742254449571523,WACC_0p5_WRT_0p5,0.4133816743572841,1829,False,,,False,False,False,False,False,42.0,0.10732984293193717
IBDD,Electricity,2374,0.71,73,0.6428571428571426,0.4976236662662598,0,70,4343,2887,911,210,166,0.3974219659749473,0.48394582757573046,0.4426614937817889,0.3974219659749473,0.3004306642296604,0.3333333333333337,1.2233606186634038,-2.534149843841321,1.7596622789832348,-1.2199335447094035,0.0606453741297639,0.48394582757573046,0.44699198718350563,0.036953840392224824,0.4426614937817889,0.41349570909610156,0.029165784685687313,0.3974219659749473,0.437284064370569,0.039862098395621715,0.3004306642296604,0.3815062653961197,0.08107560116645929,0.3333333333333337,0.4052257418161643,0.07189240848283057,833.0,0.2742254449571523,895.0,0.2946605141727093,1077.0,0.35464733025708634,2751.0,0.9063941990771259,2716.0,0.8948582729070534,0.2742254449571523,WACC_0p1_WRT_0p9,0.5449571522742255,1830,False,,,False,False,False,False,False,70.0,0.1806282722513089
IBDD,Electricity,1491,0.74,115,0.7499999999999998,0.4202252716212888,0,101,2547,2125,365,83,10,0.4911445431823328,0.5642108294297744,0.5293476957841564,0.4911445431823328,0.1838357749346038,0.22222222222222254,1.2233606186634038,-2.534149843841321,1.7596622789832348,-1.2199335447094035,0.0606453741297639,0.5642108294297744,0.5591058901633216,0.005104939266452835,0.5293476957841564,0.5404649141644149,0.011117218380258476,0.4911445431823328,0.5152500077665287,0.024105464584195935,0.1838357749346038,0.2877135316480144,0.1038777567134106,0.22222222222222254,0.24305510013573386,0.020832877913511322,2292.0,0.7551087673038892,2288.0,0.7537903757415952,2107.0,0.6941331575477917,1769.0,0.5827290705339486,833.0,0.2742254449571523,0.2742254449571523,WACC_0p9_WRT_0p1,0.6119973632168754,1831,False,,,False,False,False,False,False,101.0,0.2617801047120419
IBDD,Electricity,2975,0.69,73,0.5714285714285711,0.4976236662662598,0,72,102,2860,993,130,102,0.3974219659749473,0.48394582757573046,0.4426614937817889,0.3974219659749473,0.3781605904263649,0.4074074074074079,1.2233606186634038,-2.534149843841321,1.7596622789832348,-1.2199335447094035,0.0606453741297639,0.48394582757573046,0.4489433938814157,0.03500243369431477,0.4426614937817889,0.4096487156970023,0.03301277808478659,0.3974219659749473,0.41683259574746934,0.01941062977252206,0.3781605904263649,0.3504381028656389,0.027722487560725984,0.4074074074074079,0.39724019888346185,0.010167208523946036,852.0,0.2804878048780488,867.0,0.2854317732366513,835.0,0.27488464073829927,2514.0,0.8282794990112063,2686.0,0.8849703361898484,0.27488464073829927,WACC_0p5_WRT_0p5,0.5108108108108109,1832,False,,,False,False,False,False,False,72.0,0.18586387434554974
IBDD,Electricity,971,0.74,346,0.7499999999999998,0.2315637296317606,0,253,4629,2698,549,133,2,0.7195969034190688,0.7598598359374334,0.740648622812428,0.7195969034190688,0.2701640007417025,0.22222222222222254,1.2233606186634038,-2.534149843841321,1.7596622789832348,-1.2199335447094035,0.0606453741297639,0.7598598359374334,0.6285687367820043,0.13129109915542914,0.740648622812428,0.6124454897501295,0.12820313306229858,0.7195969034190688,0.6118508427304766,0.10774606068859216,0.2701640007417025,0.30206075379481545,0.03189675305311296,0.22222222222222254,0.24308470316698763,0.02086248094476509,2786.0,0.9179301252471984,2760.0,0.9093605800922874,2769.0,0.9123269611074489,1987.0,0.6545814106789717,835.0,0.27488464073829927,0.27488464073829927,WACC_0p9_WRT_0p1,0.7338167435728412,1833,False,,,False,False,False,False,False,253.0,0.6596858638743456
IBDD,Electricity,3007,0.75,75,0.7857142857142856,0.4930319771219003,0,21,200,2447,163,148,6,0.4029820934468227,0.48870757928099223,0.44780418562347163,0.4029820934468227,0.14822055526056124,0.18518518518518542,1.2233606186634038,-2.534149843841321,1.7596622789832348,-1.2199335447094035,0.0606453741297639,0.48870757928099223,0.4751640609974541,0.013543518283538114,0.44780418562347163,0.44229536379595646,0.005508821827515165,0.4029820934468227,0.43296262106636996,0.02998052761954728,0.14822055526056124,0.2502162036119199,0.10199564835135863,0.18518518518518542,0.24319009324979543,0.058004908064610006,1148.0,0.3780487804878049,1159.0,0.38167435728411336,1021.0,0.33618984838497035,973.0,0.32036914963744234,836.0,0.2752142386288728,0.2752142386288728,WACC_0p9_WRT_0p1,0.33829927488464073,1834,False,,,False,False,False,False,False,21.0,0.05235602094240838
IBDD,Electricity,2593,0.72,83,0.6785714285714283,0.475799793515297,0,76,1194,2566,655,200,75,0.4238487363007214,0.5065779919100624,0.4671042312628673,0.4238487363007214,0.2615657011313083,0.2962962962962967,1.2233606186634038,-2.534149843841321,1.7596622789832348,-1.2199335447094035,0.0606453741297639,0.5065779919100624,0.4523689506765602,0.054209041233502175,0.4671042312628673,0.41107926883111495,0.05602496243175237,0.4238487363007214,0.4169151249830204,0.006933611317700983,0.2615657011313083,0.24737616677185648,0.014189534359451805,0.2962962962962967,0.3000785893808722,0.00378229308457545,879.0,0.2893869479235333,879.0,0.2893869479235333,836.0,0.2752142386288728,894.0,0.2943309162821358,2004.0,0.6601845748187212,0.2752142386288728,WACC_0p5_WRT_0p5,0.36170072511535933,1835,False,,,False,False,False,False,False,76.0,0.19633507853403143
IBDD,Electricity,2362,0.73,140,0.7142857142857141,0.3866213160747044,0,132,1810,3562,767,119,56,0.5318359468301079,0.5990593759225288,0.5669841259963311,0.5318359468301079,0.22270073803295595,0.2592592592592596,1.2233606186634038,-2.534149843841321,1.7596622789832348,-1.2199335447094035,0.0606453741297639,0.5990593759225288,0.5063891985735891,0.09267017734893968,0.5669841259963311,0.4921137950929138,0.07487033090341727,0.5318359468301079,0.48157178551592494,0.05026416131418299,0.22270073803295595,0.24537854440885468,0.022677806375898724,0.2592592592592596,0.28910645417111913,0.029847194911859554,1617.0,0.5326301911667766,1772.0,0.5837178642056691,1672.0,0.5507580751483191,836.0,0.2752142386288728,1851.0,0.6097560975609756,0.2752142386288728,WACC_0p7_WRT_0p3,0.5104152933421227,1836,False,,,False,False,False,False,False,132.0,0.34293193717277487
IBDD,Electricity,2258,0.73,78,0.7142857142857141,0.4863661844748775,0,70,4988,2313,287,127,119,0.41105377592647485,0.49562025313716407,0.4552698733881372,0.41105377592647485,0.22270073803295595,0.2592592592592596,1.2233606186634038,-2.534149843841321,1.7596622789832348,-1.2199335447094035,0.0606453741297639,0.49562025313716407,0.44723416604305327,0.0483860870941108,0.4552698733881372,0.425365409899853,0.029904463488284183,0.41105377592647485,0.42813287621063023,0.01707910028415538,0.22270073803295595,0.29751607048974177,0.07481533245678582,0.2592592592592596,0.3415617250265015,0.08230246576724193,837.0,0.27554383651944625,1006.0,0.33124588002636784,969.0,0.3190507580751483,1914.0,0.6305207646671062,2354.0,0.7755438365194463,0.27554383651944625,WACC_0p1_WRT_0p9,0.466381015161503,1837,False,,,False,False,False,False,False,70.0,0.1806282722513089
IBDD,Electricity,1573,0.72,126,0.6785714285714283,0.4046264668097131,0,119,4880,4865,88,245,36,0.5100333094804184,0.5803873677528902,0.5468183571731213,0.5100333094804184,0.2615657011313083,0.2962962962962967,1.2233606186634038,-2.534149843841321,1.7596622789832348,-1.2199335447094035,0.0606453741297639,0.5803873677528902,0.5472879736546966,0.033099394098193624,0.5468183571731213,0.5417239851357922,0.005094372037329098,0.5100333094804184,0.5476717528249734,0.03763844334455502,0.2615657011313083,0.24541518584032,0.016150515290988293,0.2962962962962967,0.24814647958582417,0.048149816710472554,2170.0,0.7148978246539223,2297.0,0.7567567567567568,2396.0,0.7893869479235333,837.0,0.27554383651944625,973.0,0.32036914963744234,0.27554383651944625,WACC_0p7_WRT_0p3,0.5713909030982203,1838,False,,,False,False,False,False,False,119.0,0.3089005235602094
IBDD,Electricity,1626,0.73,102,0.7142857142857141,0.4406905722934009,0,94,3727,3077,609,210,79,0.46636288290226385,0.5429875546586953,0.506426559031391,0.46636288290226385,0.22270073803295595,0.2592592592592596,1.2233606186634038,-2.534149843841321,1.7596622789832348,-1.2199335447094035,0.0606453741297639,0.5429875546586953,0.4806441791590591,0.0623433754996362,0.506426559031391,0.4680767073615595,0.038349851669831514,0.46636288290226385,0.45244459805946396,0.013918284842799888,0.22270073803295595,0.24546785450560682,0.022767116472650867,0.2592592592592596,0.28558006558602506,0.026320806326765478,1217.0,0.4007910349373764,1466.0,0.482860909690178,1266.0,0.4169413315754779,838.0,0.27587343441001977,1797.0,0.5919578114700066,0.27587343441001977,WACC_0p7_WRT_0p3,0.43368490441661167,1839,False,,,False,False,False,False,False,94.0,0.24345549738219896
IBDD,Electricity,2695,0.73,120,0.7142857142857141,0.4129592931336661,0,112,1562,4280,204,153,57,0.4999429973740139,0.5717459182317536,0.537485591690294,0.4999429973740139,0.22270073803295595,0.2592592592592596,1.2233606186634038,-2.534149843841321,1.7596622789832348,-1.2199335447094035,0.0606453741297639,0.5717459182317536,0.5212137083907633,0.05053220984099027,0.537485591690294,0.5017179922268727,0.03576759946342123,0.4999429973740139,0.49268532427193,0.007257673102083861,0.22270073803295595,0.24547555329384774,0.022774815260891784,0.2592592592592596,0.27374692622335517,0.014487666964095591,1849.0,0.6090969017798286,1892.0,0.6232696110744891,1838.0,0.6054713249835201,839.0,0.2762030323005933,1592.0,0.524390243902439,0.2762030323005933,WACC_0p7_WRT_0p3,0.527686222808174,1840,False,,,False,False,False,False,False,112.0,0.2905759162303665
IBDD,Electricity,472,0.73,333,0.7142857142857141,0.2381381429998854,0,271,4441,1089,593,126,7,0.7116358731249167,0.7530419257778965,0.7332852798401284,0.7116358731249167,0.2670978287463566,0.2592592592592596,1.2233606186634038,-2.534149843841321,1.7596622789832348,-1.2199335447094035,0.0606453741297639,0.7530419257778965,0.620446073290909,0.13259585248698758,0.7332852798401284,0.6073503542503912,0.12593492558973718,0.7116358731249167,0.5789967634849461,0.1326391096399706,0.2670978287463566,0.27944426228858354,0.01234643354222692,0.2592592592592596,0.2433525889848113,0.01590667027444828,2742.0,0.9034278180619644,2737.0,0.9017798286090969,2612.0,0.8605800922874094,1635.0,0.5385629531970996,840.0,0.27653263019116675,0.27653263019116675,WACC_0p9_WRT_0p1,0.6961766644693475,1841,False,,,False,False,False,False,False,271.0,0.7068062827225131
IBDD,Electricity,18,0.73,306,0.7142857142857141,0.2526515970940142,0,256,4283,294,925,93,7,0.6940613700861614,0.7379909363469483,0.7170302112547041,0.6940613700861614,0.26032905045278126,0.2592592592592596,1.2233606186634038,-2.534149843841321,1.7596622789832348,-1.2199335447094035,0.0606453741297639,0.7379909363469483,0.6730045296812377,0.06498640666571065,0.7170302112547041,0.6569418538123335,0.06008835744237062,0.6940613700861614,0.6354736175951985,0.05858775249096293,0.26032905045278126,0.2903932882080941,0.03006423775531286,0.2592592592592596,0.24343525234766253,0.01582400691159705,2937.0,0.967699406723797,2920.0,0.9620962425840475,2848.0,0.9383651944627555,1816.0,0.5982201713909031,841.0,0.27686222808174027,0.27686222808174027,WACC_0p9_WRT_0p1,0.7486486486486486,1842,False,,,False,False,False,False,False,256.0,0.6675392670157068
IBDD,Electricity,1282,0.71,51,0.6428571428571426,0.5583717938339305,0,48,2064,1922,403,94,48,0.3238613824217449,0.4209477693574053,0.37462359090599767,0.3238613824217449,0.3004306642296604,0.3333333333333337,1.2233606186634038,-2.534149843841321,1.7596622789832348,-1.2199335447094035,0.0606453741297639,0.4209477693574053,0.45704695282431135,0.03609918346690605,0.37462359090599767,0.4141718787491789,0.03954828784318121,0.3238613824217449,0.4174449121675528,0.09358352974580791,0.3004306642296604,0.26557662249232133,0.03485404173733908,0.3333333333333337,0.2655174477143296,0.06781588561900409,929.0,0.3058668424522083,902.0,0.2969676994067238,842.0,0.2771918259723138,1348.0,0.44396835860250494,1386.0,0.456493078444298,0.2771918259723138,WACC_0p5_WRT_0p5,0.35609756097560974,1843,False,,,False,False,False,False,False,48.0,0.12303664921465969
IBDD,Electricity,1259,0.74,102,0.7499999999999998,0.4406905722934009,0,88,390,3734,83,117,49,0.46636288290226385,0.5429875546586953,0.506426559031391,0.46636288290226385,0.1838357749346038,0.22222222222222254,1.2233606186634038,-2.534149843841321,1.7596622789832348,-1.2199335447094035,0.0606453741297639,0.5429875546586953,0.49579649316460733,0.04719106149408797,0.506426559031391,0.46470604975943075,0.04172050927196025,0.46636288290226385,0.46781811165028386,0.00145522874802001,0.1838357749346038,0.24566121758252285,0.06182544264791906,0.22222222222222254,0.27422615899768943,0.052003936775466886,1456.0,0.47956493078444296,1425.0,0.4693473961766645,1464.0,0.482201713909031,843.0,0.27752142386288725,1604.0,0.528345418589321,0.27752142386288725,WACC_0p7_WRT_0p3,0.44739617666446935,1844,False,,,False,False,False,False,False,88.0,0.22774869109947643
IBDD,Electricity,2989,0.75,338,0.7857142857142856,0.2355797283394733,0,41,1937,4010,675,91,6,0.7147338859020405,0.7556950965368425,0.7361507042597899,0.7147338859020405,0.2682910210427631,0.18518518518518542,1.2233606186634038,-2.534149843841321,1.7596622789832348,-1.2199335447094035,0.0606453741297639,0.7556950965368425,0.5997348240183096,0.15596027251853295,0.7361507042597899,0.5928191859859486,0.14333151827384127,0.7147338859020405,0.5900721781478208,0.1246617077542197,0.2682910210427631,0.29555255691847926,0.02726153587571617,0.18518518518518542,0.24350982820839884,0.05832464302321341,2629.0,0.8661832564271589,2681.0,0.8833223467369808,2682.0,0.8836519446275544,1884.0,0.6206328279499012,843.0,0.27752142386288725,0.27752142386288725,WACC_0p9_WRT_0p1,0.7062623599208965,1845,False,,,False,False,False,False,False,41.0,0.10471204188481675
IBDD,Electricity,2495,0.72,86,0.6785714285714283,0.4697578353865064,0,79,513,3015,442,208,97,0.4311650106214855,0.5128437262658452,0.4738712243671128,0.4311650106214855,0.2615657011313083,0.2962962962962967,1.2233606186634038,-2.534149843841321,1.7596622789832348,-1.2199335447094035,0.0606453741297639,0.5128437262658452,0.4516420589569334,0.0612016673089118,0.4738712243671128,0.4182801392062237,0.05559108516088912,0.4311650106214855,0.41754070391268583,0.01362430670879966,0.2615657011313083,0.27527200712333033,0.01370630599202205,0.2962962962962967,0.3209835231208255,0.024687226824528785,875.0,0.2880685563612393,937.0,0.3085036255767963,844.0,0.27785102175346077,1551.0,0.5108767303889256,2202.0,0.7254449571522742,0.27785102175346077,WACC_0p5_WRT_0p5,0.4221489782465392,1846,False,,,False,False,False,False,False,79.0,0.20418848167539266
IBDD,Electricity,714,0.73,287,0.7142857142857141,0.2636515878888698,0,245,1999,803,917,125,4,0.6807413588471638,0.7265835384856165,0.7047102215644658,0.6807413588471638,0.25519887961689003,0.2592592592592596,1.2233606186634038,-2.534149843841321,1.7596622789832348,-1.2199335447094035,0.0606453741297639,0.7265835384856165,0.520222932110293,0.2063606063753235,0.7047102215644658,0.4748887976734154,0.22982142389105042,0.6807413588471638,0.45162277707862636,0.22911858176853744,0.25519887961689003,0.25160897439863344,0.003589905218256584,0.2592592592592596,0.24352173941495617,0.01573751984430341,1832.0,0.6034937376400791,1545.0,0.5088991430454846,1250.0,0.4116677653263019,1014.0,0.3338826631509558,844.0,0.27785102175346077,0.27785102175346077,WACC_0p9_WRT_0p1,0.42715886618325644,1847,False,,,False,False,False,False,False,245.0,0.6387434554973822
IBDD,Electricity,433,0.74,336,0.7499999999999998,0.2365985368663863,0,247,4139,4192,49,132,10,0.713500199321574,0.7546385543607845,0.7350096387096472,0.713500199321574,0.26781586957312997,0.22222222222222254,1.2233606186634038,-2.534149843841321,1.7596622789832348,-1.2199335447094035,0.0606453741297639,0.7546385543607845,0.6087741701101974,0.14586438425058712,0.7350096387096472,0.5993073521989907,0.13570228651065652,0.713500199321574,0.6044510828290413,0.1090491164925328,0.26781586957312997,0.2883487678545455,0.020532898281415524,0.22222222222222254,0.24353930307365435,0.021317080851431802,2689.0,0.8859591298615689,2709.0,0.8925510876730389,2749.0,0.9057350032959789,1782.0,0.587013843111404,845.0,0.2781806196440343,0.2781806196440343,WACC_0p9_WRT_0p1,0.7098879367172051,1848,False,,,False,False,False,False,False,247.0,0.643979057591623
IBDD,Electricity,1021,0.75,109,0.7857142857142856,0.4293696224892548,0,30,232,2912,393,130,8,0.4800715469765898,0.554727798900032,0.5191060228120346,0.4800715469765898,0.17791137602318496,0.18518518518518542,1.2233606186634038,-2.534149843841321,1.7596622789832348,-1.2199335447094035,0.0606453741297639,0.554727798900032,0.5073917744344101,0.047336024465621906,0.5191060228120346,0.4747888837027825,0.04431713910925206,0.4800715469765898,0.4592942807214693,0.020777266255120552,0.17791137602318496,0.24575896808130784,0.06784759205812288,0.18518518518518542,0.24709911710972496,0.061913931924539534,1631.0,0.5372445616348055,1541.0,0.5075807514831905,1353.0,0.4456163480553724,847.0,0.27883981542518127,938.0,0.3088332234673698,0.27883981542518127,WACC_0p7_WRT_0p3,0.41562294001318384,1849,False,,,False,False,False,False,False,30.0,0.07591623036649214
IBDD,Electricity,2425,0.73,193,0.7142857142857141,0.3316795701177421,0,178,3651,2028,394,106,21,0.5983655182893081,0.6560360013593786,0.6285188814681288,0.5983655182893081,0.22347201938912425,0.2592592592592596,1.2233606186634038,-2.534149843841321,1.7596622789832348,-1.2199335447094035,0.0606453741297639,0.6560360013593786,0.5709664639431339,0.08506953741624468,0.6285188814681288,0.549895298366741,0.07862358310138784,0.5983655182893081,0.5372207141172024,0.06114480417210566,0.22347201938912425,0.26207860023776136,0.038606580848637106,0.2592592592592596,0.24359129730622636,0.015667961953033216,2407.0,0.7930125247198417,2376.0,0.7827949901120633,2299.0,0.7574159525379037,1281.0,0.4218852999340804,847.0,0.27883981542518127,0.27883981542518127,WACC_0p9_WRT_0p1,0.606789716545814,1850,False,,,False,False,False,False,False,178.0,0.46335078534031415
IBDD,Electricity,1156,0.71,98,0.6428571428571426,0.4475103999651687,0,95,17,3663,660,208,164,0.45810467769735974,0.535915140776862,0.49878835203901095,0.45810467769735974,0.3004306642296604,0.3333333333333337,1.2233606186634038,-2.534149843841321,1.7596622789832348,-1.2199335447094035,0.0606453741297639,0.535915140776862,0.4484524847050732,0.08746265607178877,0.49878835203901095,0.41751787530547163,0.08127047673353932,0.45810467769735974,0.47645163402873864,0.018346956331378894,0.3004306642296604,0.4707960156057423,0.17036535137608189,0.3333333333333337,0.5147618748867745,0.1814285415534408,847.0,0.27883981542518127,924.0,0.3042188529993408,1586.0,0.522412656558998,2999.0,0.988134475939354,3004.0,0.9897824653922215,0.27883981542518127,WACC_0p1_WRT_0p9,0.6166776532630192,1851,False,,,False,False,False,False,False,95.0,0.24607329842931938
IBDD,Electricity,894,0.68,139,0.5357142857142857,0.3878467884272343,0,133,194,3921,183,174,3,0.5303520087238677,0.5977885157050904,0.5656115969614975,0.5303520087238677,0.4170255535247168,0.44444444444444453,1.2233606186634038,-2.534149843841321,1.7596622789832348,-1.2199335447094035,0.0606453741297639,0.5977885157050904,0.5185110303022666,0.07927748540282376,0.5656115969614975,0.4856668650387146,0.07994473192278295,0.5303520087238677,0.4997275273356371,0.030624481388230596,0.4170255535247168,0.2458168654440419,0.1712086880806749,0.44444444444444453,0.2539365058382791,0.19050793860616544,1812.0,0.5969017798286091,1684.0,0.5547132498352011,1925.0,0.6341463414634146,848.0,0.2791694133157548,1115.0,0.3671720500988794,0.2791694133157548,WACC_0p7_WRT_0p3,0.4864205669083718,1852,False,,,False,False,False,False,False,133.0,0.34554973821989526
IBDD,Electricity,156,0.74,194,0.7499999999999998,0.3307943335215699,0,177,2200,5000,608,41,1,0.5994374611327238,0.6569540244961497,0.6295103464558416,0.5994374611327238,0.2238848756408467,0.22222222222222254,1.2233606186634038,-2.534149843841321,1.7596622789832348,-1.2199335447094035,0.0606453741297639,0.6569540244961497,0.6492901568905116,0.007663867605638086,0.6295103464558416,0.639995390312277,0.01048504385643545,0.5994374611327238,0.6481552495512789,0.04871778841855512,0.2238848756408467,0.3352237789968321,0.1113389033559854,0.22222222222222254,0.2436362483142627,0.021414026092040156,2872.0,0.9462755438365195,2869.0,0.9452867501647989,2882.0,0.9495715227422544,2367.0,0.7798286090969018,848.0,0.2791694133157548,0.2791694133157548,WACC_0p9_WRT_0p1,0.7800263678312459,1853,False,,,False,False,False,False,False,177.0,0.4607329842931937
IBDD,Electricity,1035,0.74,308,0.7499999999999998,0.2515335533038855,0,238,4580,4718,467,125,6,0.6954152217509437,0.739150389166341,0.7182824202996482,0.6954152217509437,0.2608504832205296,0.22222222222222254,1.2233606186634038,-2.534149843841321,1.7596622789832348,-1.2199335447094035,0.0606453741297639,0.739150389166341,0.6268516135981016,0.11229877556823942,0.7182824202996482,0.6315362581049264,0.08674616219472175,0.6954152217509437,0.6299771610111843,0.06543806073975944,0.2608504832205296,0.3108259751638556,0.049975491943325956,0.22222222222222254,0.24363660191047506,0.02141437968825252,2777.0,0.914963744232037,2839.0,0.9353988134475939,2835.0,0.9340804218852999,2106.0,0.6938035596572182,849.0,0.2794990112063283,0.2794990112063283,WACC_0p9_WRT_0p1,0.7515491100856955,1854,False,,,False,False,False,False,False,238.0,0.6204188481675392
IBDD,Electricity,1422,0.74,117,0.7499999999999998,0.4172819839037627,0,103,3670,3902,902,179,52,0.49470860302639985,0.5672631278035053,0.5326441780277857,0.49470860302639985,0.1838357749346038,0.22222222222222254,1.2233606186634038,-2.534149843841321,1.7596622789832348,-1.2199335447094035,0.0606453741297639,0.5672631278035053,0.5134098743234236,0.05385325348008174,0.5326441780277857,0.5031691026646635,0.029475075363122216,0.49470860302639985,0.5082760378516585,0.013567434825258684,0.1838357749346038,0.24585271605055084,0.06201694111594705,0.22222222222222254,0.2619562825081628,0.03973406028594023,1726.0,0.5685563612392881,1905.0,0.6275543836519446,2031.0,0.6690837178642056,851.0,0.2801582069874753,1299.0,0.4278180619644034,0.2801582069874753,WACC_0p7_WRT_0p3,0.5146341463414634,1855,False,,,False,False,False,False,False,103.0,0.2670157068062827
IBDD,Electricity,3002,0.68,86,0.5357142857142857,0.4697578353865064,0,86,164,3237,868,189,125,0.4311650106214855,0.5128437262658452,0.4738712243671128,0.4311650106214855,0.4170255535247168,0.44444444444444453,1.2233606186634038,-2.534149843841321,1.7596622789832348,-1.2199335447094035,0.0606453741297639,0.5128437262658452,0.4508937640670325,0.06194996219881266,0.4738712243671128,0.4074658738060941,0.0664053505610187,0.4311650106214855,0.4384480297355275,0.007283019114042,0.4170255535247168,0.3876504078668883,0.029375145657828505,0.44444444444444453,0.4497179213340151,0.005273476889570583,870.0,0.2864205669083718,851.0,0.2801582069874753,1097.0,0.3612392880685564,2780.0,0.9159525379037574,2854.0,0.9403427818061965,0.2801582069874753,WACC_0p3_WRT_0p7,0.5568226763348715,1856,False,,,False,False,False,False,False,86.0,0.22251308900523561
IBDD,Electricity,928,0.74,196,0.7499999999999998,0.3290373984942353,0,178,3341,4592,374,144,9,0.60156495330492,0.6587760311911633,0.6314781136864565,0.60156495330492,0.22470427422088943,0.22222222222222254,1.2233606186634038,-2.534149843841321,1.7596622789832348,-1.2199335447094035,0.0606453741297639,0.6587760311911633,0.589977541454367,0.06879848973679636,0.6314781136864565,0.5756801592362054,0.05579795445025104,0.60156495330492,0.5807303555449754,0.020834597759944562,0.22470427422088943,0.2719427683526843,0.0472384941317949,0.22222222222222254,0.24377478403974753,0.02155256181752499,2565.0,0.8450889914304548,2580.0,0.8500329597890574,2622.0,0.8638760711931444,1483.0,0.4884640738299275,851.0,0.2801582069874753,0.2801582069874753,WACC_0p9_WRT_0p1,0.6655240606460119,1857,False,,,False,False,False,False,False,178.0,0.46335078534031415
IBDD,Electricity,2878,0.73,310,0.7142857142857141,0.2504227227497021,0,259,4959,4411,128,146,7,0.6967603388280658,0.7403023615929015,0.7195265505203335,0.6967603388280658,0.261368551882492,0.2592592592592596,1.2233606186634038,-2.534149843841321,1.7596622789832348,-1.2199335447094035,0.0606453741297639,0.7403023615929015,0.6031156498734827,0.13718671171941887,0.7195265505203335,0.6003898638779832,0.11913668664235033,0.6967603388280658,0.6161183839682868,0.08064195485977899,0.261368551882492,0.2822861763794947,0.02091762449700274,0.2592592592592596,0.24382528808030912,0.015433971178950456,2655.0,0.8747528015820699,2712.0,0.8935398813447594,2787.0,0.9182597231377719,1681.0,0.5537244561634805,852.0,0.2804878048780488,0.2804878048780488,WACC_0p9_WRT_0p1,0.7041529334212262,1858,False,,,False,False,False,False,False,259.0,0.675392670157068
IBDD,Electricity,2683,0.73,142,0.7142857142857141,0.3841962317781302,0,134,3566,4696,778,240,45,0.5347725083862314,0.601574278156013,0.5697002204084941,0.5347725083862314,0.22270073803295595,0.2592592592592596,1.2233606186634038,-2.534149843841321,1.7596622789832348,-1.2199335447094035,0.0606453741297639,0.601574278156013,0.534384412565947,0.06718986559006601,0.5697002204084941,0.5209993733688472,0.048700847039646944,0.5347725083862314,0.5206558675155253,0.014116640870706076,0.22270073803295595,0.24600438281382822,0.023303644780872268,0.2592592592592596,0.2617447235439023,0.0024854642846427466,2026.0,0.6674357284113381,2108.0,0.6944627554383652,2165.0,0.7132498352010547,854.0,0.2811470006591958,1293.0,0.4258404746209624,0.2811470006591958,WACC_0p7_WRT_0p3,0.5564271588661833,1859,False,,,False,False,False,False,False,134.0,0.3481675392670157
IBDD,Electricity,901,0.73,419,0.7142857142857141,0.1986897694377187,0,299,4047,1951,274,101,4,0.7594043475725477,0.7939513502127361,0.7774674582297549,0.7594043475725477,0.28549574373976006,0.2592592592592596,1.2233606186634038,-2.534149843841321,1.7596622789832348,-1.2199335447094035,0.0606453741297639,0.7939513502127361,0.6351417885372488,0.15880956167548732,0.7774674582297549,0.6333112903092535,0.14415616792050145,0.7594043475725477,0.6312696881499895,0.1281346594225582,0.28549574373976006,0.314765372895442,0.02926962915568193,0.2592592592592596,0.24388177552617535,0.01537748373308423,2814.0,0.9271588661832564,2845.0,0.9373764007910349,2838.0,0.9350692155570204,2149.0,0.7079762689518787,854.0,0.2811470006591958,0.2811470006591958,WACC_0p9_WRT_0p1,0.7577455504284771,1860,False,,,False,False,False,False,False,299.0,0.7801047120418848
IBDD,Electricity,1391,0.72,82,0.6785714285714283,0.4778618317981492,0,75,2950,2906,587,185,100,0.42135179120185107,0.5044395818389564,0.46479474838607293,0.42135179120185107,0.2615657011313083,0.2962962962962967,1.2233606186634038,-2.534149843841321,1.7596622789832348,-1.2199335447094035,0.0606453741297639,0.5044395818389564,0.4595073495497506,0.04493223228920584,0.46479474838607293,0.42937345834498974,0.03542129004108319,0.42135179120185107,0.4183149403369392,0.003036850864911844,0.2615657011313083,0.27369978657766664,0.012134085446358356,0.2962962962962967,0.3083253227923632,0.012029026496066464,950.0,0.3127883981542518,1036.0,0.34113381674357285,855.0,0.2814765985497693,1521.0,0.5009887936717206,2078.0,0.6845748187211602,0.2814765985497693,WACC_0p5_WRT_0p5,0.4241924851680949,1861,False,,,False,False,False,False,False,75.0,0.193717277486911
IBDD,Electricity,383,0.7,107,0.6071428571428569,0.4325289430314537,0,104,2009,4297,619,134,2,0.47624589058155303,0.5514514664858998,0.5155675838047717,0.47624589058155303,0.33929562732801266,0.37037037037037074,1.2233606186634038,-2.534149843841321,1.7596622789832348,-1.2199335447094035,0.0606453741297639,0.5514514664858998,0.5799670978711339,0.028515631385234053,0.5155675838047717,0.5666680566163663,0.05110047281159458,0.47624589058155303,0.5609620434452378,0.08471615286368478,0.33929562732801266,0.273631760068171,0.06566386725984164,0.37037037037037074,0.24391040227177962,0.1264599680985911,2481.0,0.8174027686222808,2509.0,0.8266315095583389,2502.0,0.8243243243243243,1515.0,0.4990112063282795,855.0,0.2814765985497693,0.2814765985497693,WACC_0p9_WRT_0p1,0.6497692814765986,1862,False,,,False,False,False,False,False,104.0,0.2696335078534031
IBDD,Electricity,1531,0.74,107,0.7499999999999998,0.4325289430314537,0,93,2887,2626,822,91,47,0.47624589058155303,0.5514514664858998,0.5155675838047717,0.47624589058155303,0.1838357749346038,0.22222222222222254,1.2233606186634038,-2.534149843841321,1.7596622789832348,-1.2199335447094035,0.0606453741297639,0.5514514664858998,0.4885840226367643,0.06286744384913551,0.5155675838047717,0.4746690489574643,0.04089853484730743,0.47624589058155303,0.4557861616715149,0.02045972891003811,0.1838357749346038,0.24602393287055715,0.062188157935953364,0.22222222222222254,0.25537501619393976,0.03315279397171722,1334.0,0.43935398813447596,1540.0,0.507251153592617,1315.0,0.43309162821357944,856.0,0.28180619644034277,1144.0,0.37673038892551086,0.28180619644034277,WACC_0p7_WRT_0p3,0.4076466710613052,1863,False,,,False,False,False,False,False,93.0,0.24083769633507854
IBDD,Electricity,744,0.73,282,0.7142857142857141,0.2666670439240138,0,241,3878,1700,818,109,3,0.6770899095843512,0.7234563988936153,0.7013329108051045,0.6770899095843512,0.2537925325665231,0.2592592592592596,1.2233606186634038,-2.534149843841321,1.7596622789832348,-1.2199335447094035,0.0606453741297639,0.7234563988936153,0.6438748940701627,0.07958150482345261,0.7013329108051045,0.6279584199333248,0.07337449087177972,0.6770899095843512,0.6000504782858755,0.07703943129847568,0.2537925325665231,0.30347236861648735,0.04967983604996423,0.2592592592592596,0.24393619928437238,0.015323059974887199,2849.0,0.938694792353329,2824.0,0.9304548450889915,2733.0,0.9004614370468029,2004.0,0.6601845748187212,856.0,0.28180619644034277,0.28180619644034277,WACC_0p9_WRT_0p1,0.7423203691496375,1864,False,,,False,False,False,False,False,241.0,0.6282722513089005
IBDD,Electricity,2068,0.74,135,0.7499999999999998,0.3928378085708742,0,121,3245,4993,143,230,68,0.5243083269020213,0.5926126429635379,0.5600216544006209,0.5243083269020213,0.1949490672214298,0.22222222222222254,1.2233606186634038,-2.534149843841321,1.7596622789832348,-1.2199335447094035,0.0606453741297639,0.5926126429635379,0.5284759815660706,0.06413666139746732,0.5600216544006209,0.5165810816367062,0.043440572763914664,0.5243083269020213,0.5096029417146107,0.014705385187410602,0.1949490672214298,0.24603682882217617,0.05108776160074638,0.22222222222222254,0.2766685557839816,0.05444633356175904,1947.0,0.6413974950560316,2059.0,0.6783124588002637,2047.0,0.6743572841133817,857.0,0.2821357943309163,1648.0,0.5428477257745551,0.2821357943309163,WACC_0p7_WRT_0p3,0.5638101516150298,1865,False,,,False,False,False,False,False,121.0,0.31413612565445026
IBDD,Electricity,590,0.73,517,0.7142857142857141,0.1625804787710724,0,321,1962,2280,628,77,6,0.8031294893914753,0.8313980220151842,0.8179098637763988,0.8031294893914753,0.3023363787309627,0.2592592592592596,1.2233606186634038,-2.534149843841321,1.7596622789832348,-1.2199335447094035,0.0606453741297639,0.8313980220151842,0.5796201876392373,0.2517778343759469,0.8179098637763988,0.5655417613383902,0.25236810243800867,0.8031294893914753,0.551604833626831,0.25152465576464433,0.3023363787309627,0.30321475860552916,0.0008783798745664595,0.2592592592592596,0.24395326138918583,0.015305997870073751,2477.0,0.8160843770599868,2497.0,0.8226763348714569,2427.0,0.7996044825313118,2003.0,0.6598549769281477,857.0,0.2821357943309163,0.2821357943309163,WACC_0p9_WRT_0p1,0.6760711931443638,1866,False,,,False,False,False,False,False,321.0,0.837696335078534
IBDD,Electricity,2565,0.74,76,0.7499999999999998,0.4907812504490119,0,63,3714,2293,129,137,93,0.4057075234165282,0.49104166620102463,0.45032499949710664,0.4057075234165282,0.1838357749346038,0.22222222222222254,1.2233606186634038,-2.534149843841321,1.7596622789832348,-1.2199335447094035,0.0606453741297639,0.49104166620102463,0.451391130766745,0.039650535434279655,0.45032499949710664,0.42444260950376633,0.025882389993340305,0.4057075234165282,0.4185159317091581,0.012808408292629858,0.1838357749346038,0.26259766209993624,0.07876188716533244,0.22222222222222254,0.30189802572681984,0.0796758035045973,874.0,0.2877389584706658,993.0,0.3269611074489123,858.0,0.2824653922214898,1292.0,0.4255108767303889,2019.0,0.6651285431773236,0.2824653922214898,WACC_0p5_WRT_0p5,0.3975609756097561,1867,False,,,False,False,False,False,False,63.0,0.16230366492146597
IBDD,Electricity,647,0.72,204,0.6785714285714283,0.322183632392618,0,189,2564,2100,285,73,1,0.6098642549321267,0.6658836404817295,0.6391543317202679,0.6098642549321267,0.2615657011313083,0.2962962962962967,1.2233606186634038,-2.534149843841321,1.7596622789832348,-1.2199335447094035,0.0606453741297639,0.6658836404817295,0.5909003944991833,0.07498324598254624,0.6391543317202679,0.57097591862724,0.06817841309302797,0.6098642549321267,0.5602233413812477,0.04964091355087896,0.2615657011313083,0.31864655316105694,0.05708085202974866,0.2962962962962967,0.24406271231614252,0.05223358398015421,2572.0,0.8473961766644693,2546.0,0.8388266315095584,2492.0,0.8210283454185893,2182.0,0.7188529993408043,858.0,0.2824653922214898,0.2824653922214898,WACC_0p9_WRT_0p1,0.7017139090309822,1868,False,,,False,False,False,False,False,189.0,0.49214659685863876
IBDD,Electricity,2166,0.74,64,0.7499999999999998,0.5199513525110855,0,51,2416,1827,797,74,44,0.3703851222840437,0.4607911899885039,0.41765448518758413,0.3703851222840437,0.1838357749346038,0.22222222222222254,1.2233606186634038,-2.534149843841321,1.7596622789832348,-1.2199335447094035,0.0606453741297639,0.4607911899885039,0.462913023416136,0.002121833427632114,0.41765448518758413,0.42051028496892423,0.002855799781340096,0.3703851222840437,0.4186286947745065,0.048243572490462794,0.1838357749346038,0.25442203765746624,0.07058626272286245,0.22222222222222254,0.2711619284575205,0.048939706235297975,997.0,0.32827949901120634,956.0,0.3147659854976928,859.0,0.28279499011206327,1089.0,0.35860250494396834,1534.0,0.505273566249176,0.28279499011206327,WACC_0p5_WRT_0p5,0.35794330916282135,1869,False,,,False,False,False,False,False,51.0,0.13089005235602094
IBDD,Electricity,23,0.74,137,0.7499999999999998,0.390324214459635,0,123,4507,4711,607,171,32,0.5273520659774795,0.595219333152971,0.5628368798052087,0.5273520659774795,0.1961213561299603,0.22222222222222254,1.2233606186634038,-2.534149843841321,1.7596622789832348,-1.2199335447094035,0.0606453741297639,0.595219333152971,0.5485428411592608,0.04667649199371027,0.5628368798052087,0.5487540856580028,0.014082794147205924,0.5273520659774795,0.5467301704205013,0.019378104443021793,0.1961213561299603,0.2470942912903556,0.050972935160395305,0.22222222222222254,0.24415170193547145,0.021929479713248906,2184.0,0.7195121951219512,2364.0,0.7788398154251813,2389.0,0.7870797626895187,889.0,0.2926829268292683,859.0,0.28279499011206327,0.28279499011206327,WACC_0p9_WRT_0p1,0.5721819380355966,1870,False,,,False,False,False,False,False,123.0,0.3193717277486911
IBDD,Electricity,2482,0.73,83,0.7142857142857141,0.475799793515297,0,75,1674,2678,766,169,87,0.4238487363007214,0.5065779919100624,0.4671042312628673,0.4238487363007214,0.22270073803295595,0.2592592592592596,1.2233606186634038,-2.534149843841321,1.7596622789832348,-1.2199335447094035,0.0606453741297639,0.5065779919100624,0.45041317783424245,0.05616481407581991,0.4671042312628673,0.42895559833503827,0.03814863292782905,0.4238487363007214,0.4188379503907378,0.005010785909983606,0.22270073803295595,0.2696486252600853,0.046947887227129365,0.2592592592592596,0.32180389785003294,0.06254463859077336,861.0,0.2834541858932103,1031.0,0.33948582729070537,860.0,0.2831245880026368,1431.0,0.4713249835201055,2210.0,0.7280817402768622,0.2831245880026368,WACC_0p5_WRT_0p5,0.42109426499670405,1871,False,,,False,False,False,False,False,75.0,0.193717277486911
IBDD,Electricity,922,0.73,253,0.7142857142857141,0.2852816754323467,0,230,1754,2643,120,135,10,0.6545492451851818,0.7041523365886774,0.6804845235157717,0.6545492451851818,0.2451110489665937,0.2592592592592596,1.2233606186634038,-2.534149843841321,1.7596622789832348,-1.2199335447094035,0.0606453741297639,0.7041523365886774,0.5561001514816966,0.14805218510698082,0.6804845235157717,0.5424162478007972,0.1380682757149745,0.6545492451851818,0.5298602995967252,0.12468894558845656,0.2451110489665937,0.26354535390543316,0.018434304938839463,0.2592592592592596,0.2442116454520628,0.015047613807196769,2263.0,0.7455504284772577,2304.0,0.7590639419907712,2234.0,0.7359920896506262,1309.0,0.43111404087013844,860.0,0.2831245880026368,0.2831245880026368,WACC_0p9_WRT_0p1,0.590969017798286,1872,False,,,False,False,False,False,False,230.0,0.599476439790576
IBDD,Electricity,563,0.73,112,0.7142857142857141,0.4247367473289887,0,104,444,1503,717,58,9,0.4856815470533606,0.5595322620291968,0.5242948429915326,0.4856815470533606,0.22270073803295595,0.2592592592592596,1.2233606186634038,-2.534149843841321,1.7596622789832348,-1.2199335447094035,0.0606453741297639,0.5595322620291968,0.5324386075418026,0.027093654487394203,0.5242948429915326,0.4870208467120967,0.037273996279435895,0.4856815470533606,0.4794653327445009,0.006216214308859658,0.22270073803295595,0.279747803935782,0.05704706590282607,0.2592592592592596,0.24424241466754912,0.01501684459171046,2004.0,0.6601845748187212,1704.0,0.561305207646671,1639.0,0.5398813447593935,1642.0,0.5408701384311141,861.0,0.2834541858932103,0.2834541858932103,WACC_0p9_WRT_0p1,0.517139090309822,1873,False,,,False,False,False,False,False,104.0,0.2696335078534031
IBDD,Electricity,2072,0.73,131,0.7142857142857141,0.3979778361999513,0,123,1293,4824,439,172,19,0.5180842102582068,0.5872822439407912,0.5542648234560545,0.5180842102582068,0.22270073803295595,0.2592592592592596,1.2233606186634038,-2.534149843841321,1.7596622789832348,-1.2199335447094035,0.0606453741297639,0.5872822439407912,0.5456379482292602,0.041644295711531054,0.5542648234560545,0.5357324754864211,0.018532347969633434,0.5180842102582068,0.5330058178812775,0.01492160762307071,0.22270073803295595,0.2462383588029104,0.023537620769954443,0.2592592592592596,0.24720574102321527,0.012053518236044308,2156.0,0.7102834541858932,2250.0,0.7412656558998022,2260.0,0.7445616348055373,861.0,0.2834541858932103,943.0,0.31048121292023734,0.2834541858932103,WACC_0p7_WRT_0p3,0.5580092287409361,1874,False,,,False,False,False,False,False,123.0,0.3193717277486911
IBDD,Electricity,2211,0.73,85,0.7142857142857141,0.4717483562690882,0,77,3147,2804,459,241,101,0.4287546667383026,0.5107794823876122,0.4716418409786212,0.4287546667383026,0.22270073803295595,0.2592592592592596,1.2233606186634038,-2.534149843841321,1.7596622789832348,-1.2199335447094035,0.0606453741297639,0.5107794823876122,0.45228776126888165,0.05849172111873052,0.4716418409786212,0.42720014140585943,0.044441699572761784,0.4287546667383026,0.4191864804446255,0.009568186293677117,0.22270073803295595,0.28238025559086505,0.059679517557909095,0.2592592592592596,0.3245077121189253,0.06524845285966574,878.0,0.2890573500329598,1019.0,0.3355306526038233,862.0,0.28378378378378377,1684.0,0.5547132498352011,2231.0,0.7350032959789057,0.28378378378378377,WACC_0p5_WRT_0p5,0.4396176664469348,1875,False,,,False,False,False,False,False,77.0,0.19895287958115182
IBDD,Electricity,2408,0.73,99,0.7142857142857141,0.4457799518448435,0,91,2890,3815,242,143,66,0.46020009657916583,0.5377096795683104,0.5007264539337751,0.46020009657916583,0.22270073803295595,0.2592592592592596,1.2233606186634038,-2.534149843841321,1.7596622789832348,-1.2199335447094035,0.0606453741297639,0.5377096795683104,0.5034326400178931,0.034277039550417276,0.5007264539337751,0.4879821851515285,0.012744268782246604,0.46020009657916583,0.47262667249236867,0.012426575913202842,0.22270073803295595,0.24625139411235988,0.02355065607940393,0.2592592592592596,0.2824537171781683,0.02319445791890873,1572.0,0.517798286090969,1716.0,0.565260382333553,1531.0,0.5042847725774555,862.0,0.28378378378378377,1753.0,0.5774555042847725,0.28378378378378377,WACC_0p7_WRT_0p3,0.48971654581410673,1876,False,,,False,False,False,False,False,91.0,0.2356020942408377
IBDD,Electricity,1755,0.71,79,0.6428571428571426,0.484200393167689,0,76,4313,3201,653,218,216,0.4136763567168665,0.4978662589372113,0.4576955596521882,0.4136763567168665,0.3004306642296604,0.3333333333333337,1.2233606186634038,-2.534149843841321,1.7596622789832348,-1.2199335447094035,0.0606453741297639,0.4978662589372113,0.4504649157956957,0.04740134314151562,0.4576955596521882,0.41360227304074393,0.04409328661144429,0.4136763567168665,0.475983712721384,0.06230735600451753,0.3004306642296604,0.46104091636313144,0.16061025213347102,0.3333333333333337,0.4866201280166569,0.15328679468332318,862.0,0.28378378378378377,897.0,0.2953197099538563,1576.0,0.519116677653263,2979.0,0.981542518127884,2953.0,0.972972972972973,0.28378378378378377,WACC_0p1_WRT_0p9,0.610547132498352,1877,False,,,False,False,False,False,False,76.0,0.19633507853403143
IBDD,Electricity,2590,0.7,90,0.6071428571428569,0.462018189093476,0,88,2181,3478,710,156,50,0.4405370344287458,0.5208700261252841,0.48253962821530677,0.4405370344287458,0.33929562732801266,0.37037037037037074,1.2233606186634038,-2.534149843841321,1.7596622789832348,-1.2199335447094035,0.0606453741297639,0.5208700261252841,0.48604761977268823,0.03482240635259587,0.48253962821530677,0.4661687878308338,0.01637084038447295,0.4405370344287458,0.4665704273362701,0.026033392907524266,0.33929562732801266,0.24625618726099455,0.09303944006701811,0.37037037037037074,0.28254053966796716,0.08782983070240358,1298.0,0.42748846407382995,1444.0,0.47560975609756095,1447.0,0.47659854976928145,863.0,0.2841133816743573,1756.0,0.5784442979564931,0.2841133816743573,WACC_0p7_WRT_0p3,0.44845088991430454,1878,False,,,False,False,False,False,False,88.0,0.22774869109947643
IBDD,Electricity,2231,0.74,95,0.7499999999999998,0.4528086068783853,0,82,4864,2711,245,201,126,0.4516890199984838,0.5304207039779707,0.49285436029620844,0.4516890199984838,0.1838357749346038,0.22222222222222254,1.2233606186634038,-2.534149843841321,1.7596622789832348,-1.2199335447094035,0.0606453741297639,0.5304207039779707,0.45048425018114274,0.07993645379682796,0.49285436029620844,0.4262215482318243,0.06663281206438415,0.4516890199984838,0.4324283316603186,0.019260688338165244,0.1838357749346038,0.30310374528200457,0.11926797034740078,0.22222222222222254,0.3383233986366262,0.11610117641440365,863.0,0.2841133816743573,1012.0,0.33322346736980885,1012.0,0.33322346736980885,2000.0,0.6588661832564272,2331.0,0.7679630850362558,0.2841133816743573,WACC_0p1_WRT_0p9,0.4754779169413316,1879,False,,,False,False,False,False,False,82.0,0.21204188481675393
IBDD,Electricity,1963,0.73,80,0.7142857142857141,0.4820615067966712,0,72,3554,2675,689,124,116,0.41626635802070583,0.5000843633219706,0.46009111238772826,0.41626635802070583,0.22270073803295595,0.2592592592592596,1.2233606186634038,-2.534149843841321,1.7596622789832348,-1.2199335447094035,0.0606453741297639,0.5000843633219706,0.4541772917638362,0.045907071558134394,0.46009111238772826,0.41418113499643,0.04590997739129826,0.41626635802070583,0.4194001517457229,0.0031337937250170977,0.22270073803295595,0.29283043078070886,0.07012969274775291,0.2592592592592596,0.3512014887835599,0.09194222952430031,901.0,0.2966381015161503,903.0,0.2972972972972973,864.0,0.2844429795649308,1854.0,0.6107448912326962,2423.0,0.7982860909690178,0.2844429795649308,WACC_0p5_WRT_0p5,0.45748187211601843,1880,False,,,False,False,False,False,False,72.0,0.18586387434554974
IBDD,Electricity,1922,0.73,103,0.7142857142857141,0.4390270024565642,0,95,3610,2890,205,173,146,0.46837731812650846,0.5447127381931928,0.5082897572486481,0.46837731812650846,0.22270073803295595,0.2592592592592596,1.2233606186634038,-2.534149843841321,1.7596622789832348,-1.2199335447094035,0.0606453741297639,0.5447127381931928,0.45049256629973833,0.09422017189345444,0.5082897572486481,0.4176429473303101,0.09064680991833801,0.46837731812650846,0.4230739901286935,0.045303327997814946,0.22270073803295595,0.3327597955575346,0.11005905752457865,0.2592592592592596,0.36328965249048695,0.10403039323122737,864.0,0.2844429795649308,927.0,0.3052076466710613,907.0,0.2986156888595913,2350.0,0.7742254449571523,2501.0,0.8239947264337508,0.2844429795649308,WACC_0p1_WRT_0p9,0.49729729729729727,1881,False,,,False,False,False,False,False,95.0,0.24607329842931938
IBDD,Electricity,709,0.73,159,0.7142857142857141,0.3648556017903225,0,150,2268,3742,338,55,9,0.5581922924216302,0.621631227772999,0.5913617259948388,0.5581922924216302,0.22270073803295595,0.2592592592592596,1.2233606186634038,-2.534149843841321,1.7596622789832348,-1.2199335447094035,0.0606453741297639,0.621631227772999,0.5943255475075329,0.027305680265466092,0.5913617259948388,0.5865237945975773,0.004837931397261519,0.5581922924216302,0.5854388196897027,0.02724652726807253,0.22270073803295595,0.30053634926368017,0.07783561123072422,0.2592592592592596,0.24436533846638325,0.014893920792876325,2591.0,0.8536585365853658,2645.0,0.8714568226763348,2656.0,0.8750823994726433,1964.0,0.6470006591957811,865.0,0.28477257745550427,0.28477257745550427,WACC_0p9_WRT_0p1,0.7063941990771259,1882,False,,,False,False,False,False,False,150.0,0.3900523560209424
IBDD,Electricity,1081,0.74,122,0.7499999999999998,0.4101366374806809,0,108,222,2030,67,115,10,0.5033609825089801,0.5746731166867012,0.5406469660216373,0.5033609825089801,0.18688124705473758,0.22222222222222254,1.2233606186634038,-2.534149843841321,1.7596622789832348,-1.2199335447094035,0.0606453741297639,0.5746731166867012,0.46374893840154047,0.11092417828516071,0.5406469660216373,0.42515714269679805,0.11548982332483926,0.5033609825089801,0.4213717648766208,0.08198921763235928,0.18688124705473758,0.25497032843848993,0.06808908138375236,0.22222222222222254,0.24438887356821293,0.022166651345990385,1005.0,0.3309162821357943,1003.0,0.33025708635464734,889.0,0.2926829268292683,1103.0,0.3632168754119974,866.0,0.2851021753460778,0.2851021753460778,WACC_0p9_WRT_0p1,0.32043506921555703,1883,False,,,False,False,False,False,False,108.0,0.2801047120418848
IBDD,Electricity,873,0.74,65,0.7499999999999998,0.5173226275773177,0,52,2060,2001,521,141,7,0.3735682745534433,0.46351727510500373,0.42059865711340405,0.3735682745534433,0.1838357749346038,0.22222222222222254,1.2233606186634038,-2.534149843841321,1.7596622789832348,-1.2199335447094035,0.0606453741297639,0.46351727510500373,0.5177555194854195,0.0542382443804158,0.42059865711340405,0.4743761752364147,0.053777518123010626,0.3735682745534433,0.4674282986983032,0.09386002414485989,0.1838357749346038,0.24637185239673584,0.06253607746213205,0.22222222222222254,0.256770282708021,0.03454806048579845,1804.0,0.5942649967040211,1539.0,0.5069215557020436,1457.0,0.4798945286750165,867.0,0.2854317732366513,1182.0,0.3892551087673039,0.2854317732366513,WACC_0p7_WRT_0p3,0.45115359261700727,1884,False,,,False,False,False,False,False,52.0,0.13350785340314136
IBDD,Electricity,531,0.73,372,0.7142857142857141,0.2191232324361683,0,286,3554,76,362,64,8,0.7346612398857415,0.772761092288418,0.7545819796714915,0.7346612398857415,0.27596599431488467,0.2592592592592596,1.2233606186634038,-2.534149843841321,1.7596622789832348,-1.2199335447094035,0.0606453741297639,0.772761092288418,0.6736585145645793,0.09910257772383879,0.7545819796714915,0.6393830290754046,0.11519895059608698,0.7346612398857415,0.6426429780035849,0.09201826188215656,0.27596599431488467,0.3089929946745957,0.03302700035971101,0.2592592592592596,0.24448881103830208,0.014770448220957494,2939.0,0.968358602504944,2867.0,0.944627554383652,2869.0,0.9452867501647989,2079.0,0.6849044166117337,867.0,0.2854317732366513,0.2854317732366513,WACC_0p9_WRT_0p1,0.7657218193803559,1885,False,,,False,False,False,False,False,286.0,0.7460732984293194
IBDD,Electricity,1212,0.73,100,0.7142857142857141,0.4440667223993342,0,92,3042,3412,379,175,61,0.462274665176063,0.539486361956246,0.5026452709127456,0.462274665176063,0.22270073803295595,0.2592592592592596,1.2233606186634038,-2.534149843841321,1.7596622789832348,-1.2199335447094035,0.0606453741297639,0.539486361956246,0.48945811670220746,0.05002824525403854,0.5026452709127456,0.4718986629194922,0.030746607993253405,0.462274665176063,0.46091256252022067,0.0013621026558423566,0.22270073803295595,0.24639520484651545,0.023694466813559495,0.2592592592592596,0.27625674855109367,0.01699748929183409,1348.0,0.44396835860250494,1515.0,0.4990112063282795,1376.0,0.45319709953856296,869.0,0.2860909690177983,1639.0,0.5398813447593935,0.2860909690177983,WACC_0p7_WRT_0p3,0.4444297956493079,1886,False,,,False,False,False,False,False,92.0,0.23821989528795812
IBDD,Electricity,1298,0.71,134,0.6428571428571426,0.3941085017086084,0,127,2775,4911,998,201,51,0.5227696304438523,0.5912948871169988,0.5585984780863587,0.5227696304438523,0.3004306642296604,0.3333333333333337,1.2233606186634038,-2.534149843841321,1.7596622789832348,-1.2199335447094035,0.0606453741297639,0.5912948871169988,0.5258720769165101,0.06542281020048879,0.5585984780863587,0.5207139619510085,0.037884516135350155,0.5227696304438523,0.5152476107904985,0.007522019653353751,0.3004306642296604,0.24656405536558804,0.05386660886407238,0.3333333333333337,0.2752990814021179,0.05803425193121581,1915.0,0.6308503625576797,2106.0,0.6938035596572182,2106.0,0.6938035596572182,871.0,0.2867501647989453,1621.0,0.5339485827290705,0.2867501647989453,WACC_0p7_WRT_0p3,0.5678312458800263,1887,False,,,False,False,False,False,False,127.0,0.3298429319371728
IBDD,Electricity,2345,0.71,82,0.6428571428571426,0.4778618317981492,0,79,3810,3474,282,249,230,0.42135179120185107,0.5044395818389564,0.46479474838607293,0.42135179120185107,0.3004306642296604,0.3333333333333337,1.2233606186634038,-2.534149843841321,1.7596622789832348,-1.2199335447094035,0.0606453741297639,0.5044395818389564,0.45110985187156266,0.05332972996739377,0.46479474838607293,0.41838066856729106,0.04641407981878187,0.42135179120185107,0.48664362334443295,0.06529183214258188,0.3004306642296604,0.4525060555475714,0.15207539131791098,0.3333333333333337,0.4788067117698429,0.1454733784365092,871.0,0.2867501647989453,939.0,0.3091628213579433,1749.0,0.5761371127224786,2963.0,0.976268951878708,2942.0,0.9693473961766644,0.2867501647989453,WACC_0p1_WRT_0p9,0.6235332893869479,1888,False,,,False,False,False,False,False,79.0,0.20418848167539266
IBDD,Electricity,2040,0.73,297,0.7142857142857141,0.2577746303847585,0,250,1816,1339,113,82,5,0.6878578320757126,0.7326781610824726,0.7112924139690704,0.6878578320757126,0.2579397724552244,0.2592592592592596,1.2233606186634038,-2.534149843841321,1.7596622789832348,-1.2199335447094035,0.0606453741297639,0.7326781610824726,0.5978110045364287,0.13486715654604398,0.7112924139690704,0.5661507191350733,0.14514169483399708,0.6878578320757126,0.5447100395181008,0.14314779255761179,0.2579397724552244,0.2965030959394922,0.038563323484267775,0.2592592592592596,0.24460572171430475,0.014653537544954826,2616.0,0.8618984838497034,2504.0,0.8249835201054714,2372.0,0.7814765985497693,1897.0,0.6249176005273567,871.0,0.2867501647989453,0.2867501647989453,WACC_0p9_WRT_0p1,0.6760052735662492,1889,False,,,False,False,False,False,False,250.0,0.6518324607329843
IBDD,Electricity,2664,0.73,68,0.7142857142857141,0.5096690058370015,0,60,4547,186,980,129,51,0.38283613027271596,0.47145436431718357,0.4291707134625583,0.38283613027271596,0.22270073803295595,0.2592592592592596,1.2233606186634038,-2.534149843841321,1.7596622789832348,-1.2199335447094035,0.0606453741297639,0.47145436431718357,0.4828066641548973,0.011352299837713742,0.4291707134625583,0.4209090460270992,0.008261667435459086,0.38283613027271596,0.42023917461214,0.03740304433942404,0.22270073803295595,0.2483632920991318,0.025662554066175847,0.2592592592592596,0.2506497200736167,0.00860953918564289,1250.0,0.4116677653263019,958.0,0.31542518127883984,872.0,0.2870797626895188,918.0,0.3022412656558998,1038.0,0.34179301252471983,0.2870797626895188,WACC_0p5_WRT_0p5,0.331641397495056,1890,False,,,False,False,False,False,False,60.0,0.1544502617801047
IBDD,Electricity,1296,0.74,77,0.7499999999999998,0.4885595662217817,0,64,401,2816,788,205,75,0.40839778556566114,0.49334563502926343,0.4528132858316045,0.40839778556566114,0.1838357749346038,0.22222222222222254,1.2233606186634038,-2.534149843841321,1.7596622789832348,-1.2199335447094035,0.0606453741297639,0.49334563502926343,0.4512714963791002,0.04207413865016324,0.4528132858316045,0.4166664161596186,0.03614686967198594,0.40839778556566114,0.4213056117300093,0.012907826164348157,0.1838357749346038,0.2734604434571061,0.08962466852250228,0.22222222222222254,0.31428929695587177,0.09206707473364922,872.0,0.2870797626895188,918.0,0.3022412656558998,887.0,0.2920237310481213,1510.0,0.497363216875412,2145.0,0.7066578773895847,0.2870797626895188,WACC_0p1_WRT_0p9,0.41707317073170735,1891,False,,,False,False,False,False,False,64.0,0.1649214659685864
IBDD,Electricity,423,0.74,355,0.7499999999999998,0.2271549446658778,0,256,1740,3878,871,82,7,0.7249355501862412,0.7644319092353861,0.7455864619742169,0.7249355501862412,0.27222016792179365,0.22222222222222254,1.2233606186634038,-2.534149843841321,1.7596622789832348,-1.2199335447094035,0.0606453741297639,0.7644319092353861,0.6163809891253059,0.14805092011008014,0.7455864619742169,0.6056281277294489,0.139958334244768,0.7249355501862412,0.6112810731930434,0.11365447699319786,0.27222016792179365,0.3029902612816442,0.030770093359850537,0.22222222222222254,0.24460600920176745,0.022383786979544906,2725.0,0.8978246539222149,2730.0,0.8994726433750824,2765.0,0.9110085695451549,1997.0,0.6578773895847067,872.0,0.2870797626895188,0.2870797626895188,WACC_0p9_WRT_0p1,0.7306526038233356,1892,False,,,False,False,False,False,False,256.0,0.6675392670157068
IBDD,Electricity,778,0.73,201,0.7142857142857141,0.3247219310219678,0,186,1891,1616,70,133,8,0.6067906008808266,0.6632513307920334,0.6363114372553961,0.6067906008808266,0.2267169200296313,0.2592592592592596,1.2233606186634038,-2.534149843841321,1.7596622789832348,-1.2199335447094035,0.0606453741297639,0.6632513307920334,0.5364190796347506,0.1268322511572828,0.6363114372553961,0.4939020120316955,0.1424094252237006,0.6067906008808266,0.482807610230648,0.12398299065017859,0.2267169200296313,0.2623062348369919,0.03558931480736058,0.2592592592592596,0.24461736658556021,0.014641892673699364,2052.0,0.6760052735662492,1797.0,0.5919578114700066,1690.0,0.5566908371786421,1286.0,0.4235332893869479,873.0,0.2874093605800923,0.2874093605800923,WACC_0p9_WRT_0p1,0.5071193144363877,1893,False,,,False,False,False,False,False,186.0,0.48429319371727747
IBDD,Electricity,2712,0.73,85,0.7142857142857141,0.4717483562690882,0,77,2742,2006,893,86,37,0.4287546667383026,0.5107794823876122,0.4716418409786212,0.4287546667383026,0.22270073803295595,0.2592592592592596,1.2233606186634038,-2.534149843841321,1.7596622789832348,-1.2199335447094035,0.0606453741297639,0.5107794823876122,0.48663721756642614,0.024142264821186032,0.4716418409786212,0.4572145268677668,0.014427314110854406,0.4287546667383026,0.44776958824796803,0.01901492150966544,0.22270073803295595,0.24664146479947982,0.023940726766523868,0.2592592592592596,0.2587845858371954,0.00047467342206419794,1306.0,0.43012524719841794,1322.0,0.43539881344759396,1203.0,0.3961766644693474,874.0,0.2877389584706658,1233.0,0.4060646011865524,0.2877389584706658,WACC_0p7_WRT_0p3,0.39110085695451546,1894,False,,,False,False,False,False,False,77.0,0.19895287958115182
IBDD,Electricity,22,0.71,86,0.6428571428571426,0.4697578353865064,0,83,2313,3408,956,213,189,0.4311650106214855,0.5128437262658452,0.4738712243671128,0.4311650106214855,0.3004306642296604,0.3333333333333337,1.2233606186634038,-2.534149843841321,1.7596622789832348,-1.2199335447094035,0.0606453741297639,0.5128437262658452,0.45335007935254473,0.059493646913300446,0.4738712243671128,0.41017141505923804,0.06369980930787478,0.4311650106214855,0.47407750980395813,0.04291249918247264,0.3004306642296604,0.4540443451487915,0.15361368091913108,0.3333333333333337,0.4878190651500313,0.1544857318166976,889.0,0.2926829268292683,874.0,0.2877389584706658,1548.0,0.509887936717205,2967.0,0.977587343441002,2956.0,0.9739617666446935,0.2877389584706658,WACC_0p3_WRT_0p7,0.608371786420567,1895,False,,,False,False,False,False,False,83.0,0.21465968586387435
IBDD,Electricity,1042,0.74,203,0.7499999999999998,0.3230255809587253,0,184,968,942,485,62,8,0.6088447300459375,0.6650105086353961,0.6382113493262277,0.6088447300459375,0.22750806302094895,0.22222222222222254,1.2233606186634038,-2.534149843841321,1.7596622789832348,-1.2199335447094035,0.0606453741297639,0.6650105086353961,0.5894063854672459,0.07560412316815024,0.6382113493262277,0.5688582629119026,0.06935308641432514,0.6088447300459375,0.5302757885031226,0.07856894154281491,0.22750806302094895,0.30101530555170974,0.0735072425307608,0.22222222222222254,0.244658853316582,0.02243663109435945,2559.0,0.8431114040870138,2526.0,0.8322346736980883,2240.0,0.7379696769940672,1975.0,0.6506262359920897,875.0,0.2880685563612393,0.2880685563612393,WACC_0p9_WRT_0p1,0.6704021094264997,1896,False,,,False,False,False,False,False,184.0,0.4790575916230366
IBDD,Electricity,155,0.73,369,0.7142857142857141,0.2205136421886818,0,284,4142,5000,191,121,8,0.7329775772467735,0.7713191858784042,0.7530247207486764,0.7329775772467735,0.27531753563020833,0.2592592592592596,1.2233606186634038,-2.534149843841321,1.7596622789832348,-1.2199335447094035,0.0606453741297639,0.7713191858784042,0.626453453783564,0.14486573209484022,0.7530247207486764,0.6201657208490817,0.1328589998995947,0.7329775772467735,0.6311971725181674,0.10178040472860606,0.27531753563020833,0.30413845376395154,0.028820918133743212,0.2592592592592596,0.24465961607087497,0.014599643188384609,2772.0,0.9133157547791694,2797.0,0.9215557020435069,2837.0,0.934739617666447,2013.0,0.6631509558338826,876.0,0.2883981542518128,0.2883981542518128,WACC_0p9_WRT_0p1,0.7442320369149638,1897,False,,,False,False,False,False,False,284.0,0.7408376963350786
IBDD,Electricity,1151,0.74,86,0.7499999999999998,0.4697578353865064,0,73,4999,2117,168,241,73,0.4311650106214855,0.5128437262658452,0.4738712243671128,0.4311650106214855,0.1838357749346038,0.22222222222222254,1.2233606186634038,-2.534149843841321,1.7596622789832348,-1.2199335447094035,0.0606453741297639,0.5128437262658452,0.4547145381178992,0.05812918814794599,0.4738712243671128,0.4319184930285551,0.0419527313385577,0.4311650106214855,0.43618950245446114,0.005024491832975653,0.1838357749346038,0.24670296694313534,0.06286719200853155,0.22222222222222254,0.270140856968179,0.04791863474595648,910.0,0.2996044825313118,1056.0,0.34772577455504283,1065.0,0.35069215557020433,877.0,0.2887277521423863,1510.0,0.497363216875412,0.2887277521423863,WACC_0p7_WRT_0p3,0.35682267633487147,1898,False,,,False,False,False,False,False,73.0,0.18848167539267016
IBDD,Electricity,143,0.74,359,0.7499999999999998,0.2252311465660245,0,258,4229,5000,1000,123,10,0.7272650987094629,0.7664269591167153,0.7477411158460526,0.7272650987094629,0.27311738802770746,0.22222222222222254,1.2233606186634038,-2.534149843841321,1.7596622789832348,-1.2199335447094035,0.0606453741297639,0.7664269591167153,0.6131201665128934,0.15330679260382196,0.7477411158460526,0.615519614297391,0.13222150154866164,0.7272650987094629,0.6216608039299069,0.10560429477955602,0.27311738802770746,0.2953995984719983,0.02228221044429085,0.22222222222222254,0.24471536137443772,0.02249313915221518,2710.0,0.8928806855636124,2773.0,0.9136453526697429,2803.0,0.9235332893869479,1882.0,0.6199736321687541,878.0,0.2890573500329598,0.2890573500329598,WACC_0p9_WRT_0p1,0.7278180619644034,1899,False,,,False,False,False,False,False,258.0,0.6727748691099477
IBDD,Electricity,1622,0.71,60,0.6428571428571426,0.5308869724893325,0,57,2048,2303,827,99,64,0.3571430583830649,0.44945054704809956,0.4054065908119476,0.3571430583830649,0.3004306642296604,0.3333333333333337,1.2233606186634038,-2.534149843841321,1.7596622789832348,-1.2199335447094035,0.0606453741297639,0.44945054704809956,0.4623749898286124,0.012924442780512857,0.4054065908119476,0.4259834952553194,0.020576904443371846,0.3571430583830649,0.4207089328915124,0.06356587450844747,0.3004306642296604,0.2752681516723056,0.0251625125573548,0.3333333333333337,0.30829258491475964,0.025040748418574066,989.0,0.3256427158866183,1010.0,0.3325642715886618,879.0,0.2893869479235333,1550.0,0.510547132498352,2077.0,0.6842452208305867,0.2893869479235333,WACC_0p5_WRT_0p5,0.4284772577455504,1900,False,,,False,False,False,False,False,57.0,0.14659685863874344
IBDD,Electricity,581,0.72,99,0.6785714285714283,0.4457799518448435,0,92,276,3094,560,200,4,0.46020009657916583,0.5377096795683104,0.5007264539337751,0.46020009657916583,0.2615657011313083,0.2962962962962967,1.2233606186634038,-2.534149843841321,1.7596622789832348,-1.2199335447094035,0.0606453741297639,0.5377096795683104,0.4898501977232443,0.04785948184506611,0.5007264539337751,0.4636745637272197,0.037051890206555416,0.46020009657916583,0.4700561926111547,0.009856096031988892,0.2615657011313083,0.24690697218176175,0.014658728949546534,0.2962962962962967,0.24783838585800733,0.0484579104382894,1353.0,0.4456163480553724,1414.0,0.46572181938035595,1501.0,0.4943968358602505,880.0,0.2897165458141068,962.0,0.3167435728411338,0.2897165458141068,WACC_0p7_WRT_0p3,0.4024390243902439,1901,False,,,False,False,False,False,False,92.0,0.23821989528795812
IBDD,Electricity,2127,0.71,76,0.6428571428571426,0.4907812504490119,0,73,1047,3075,824,213,144,0.4057075234165282,0.49104166620102463,0.45032499949710664,0.4057075234165282,0.3004306642296604,0.3333333333333337,1.2233606186634038,-2.534149843841321,1.7596622789832348,-1.2199335447094035,0.0606453741297639,0.49104166620102463,0.4524494588152429,0.03859220738578173,0.45032499949710664,0.417078374843832,0.03324662465327466,0.4057075234165282,0.436317619110801,0.03061009569427281,0.3004306642296604,0.35689235881944,0.056461694589779565,0.3333333333333337,0.3960218268824981,0.06268849354916439,880.0,0.2897165458141068,920.0,0.3029004614370468,1066.0,0.35102175346077785,2576.0,0.8487145682267634,2681.0,0.8833223467369808,0.2897165458141068,WACC_0p1_WRT_0p9,0.5351351351351351,1902,False,,,False,False,False,False,False,73.0,0.18848167539267016
IBDD,Electricity,2815,0.71,80,0.6428571428571426,0.4820615067966712,0,77,1542,3232,802,221,219,0.41626635802070583,0.5000843633219706,0.46009111238772826,0.41626635802070583,0.3004306642296604,0.3333333333333337,1.2233606186634038,-2.534149843841321,1.7596622789832348,-1.2199335447094035,0.0606453741297639,0.5000843633219706,0.45346114407474875,0.04662321924722185,0.46009111238772826,0.4111216925467903,0.048969419840937944,0.41626635802070583,0.4833459065861655,0.06707954856545967,0.3004306642296604,0.47991427668786335,0.17948361245820293,0.3333333333333337,0.5147199009540716,0.1813865676207379,893.0,0.2940013183915623,880.0,0.2897165458141068,1701.0,0.5603164139749506,3013.0,0.992748846407383,3003.0,0.989452867501648,0.2897165458141068,WACC_0p3_WRT_0p7,0.6252471984179301,1903,False,,,False,False,False,False,False,77.0,0.19895287958115182
IBDD,Electricity,1894,0.73,89,0.7142857142857141,0.4639207293207574,0,81,3422,2617,799,238,72,0.4382332272999357,0.5188970214451404,0.48040878316075164,0.4382332272999357,0.22270073803295595,0.2592592592592596,1.2233606186634038,-2.534149843841321,1.7596622789832348,-1.2199335447094035,0.0606453741297639,0.5188970214451404,0.46306781825343096,0.05582920319170942,0.48040878316075164,0.43115195055839745,0.049256832602354195,0.4382332272999357,0.4273569080056558,0.010876319294279901,0.22270073803295595,0.24692461039638752,0.02422387236343157,0.2592592592592596,0.2832933760828397,0.024034116823580143,998.0,0.3286090969017798,1050.0,0.34574818721160183,963.0,0.3170731707317073,881.0,0.2900461437046803,1766.0,0.5817402768622281,0.2900461437046803,WACC_0p7_WRT_0p3,0.37264337508239953,1904,False,,,False,False,False,False,False,81.0,0.2094240837696335
IBDD,Electricity,63,0.73,56,0.7142857142857141,0.5425645408871178,0,48,2449,1,1000,90,1,0.34300256088597536,0.43734047611706295,0.392327714206428,0.34300256088597536,0.22270073803295595,0.2592592592592596,1.2233606186634038,-2.534149843841321,1.7596622789832348,-1.2199335447094035,0.0606453741297639,0.43734047611706295,0.564117652728703,0.12677717661164,0.392327714206428,0.5156553634951038,0.12332764928867579,0.34300256088597536,0.5029253418878106,0.1599227810018352,0.22270073803295595,0.2723907381931066,0.049690000160150655,0.2592592592592596,0.24480505756877102,0.014454201690488555,2342.0,0.7715886618325642,2048.0,0.6746868820039552,1965.0,0.6473302570863546,1491.0,0.4911008569545155,882.0,0.2903757415952538,0.2903757415952538,WACC_0p9_WRT_0p1,0.5750164798945286,1905,False,,,False,False,False,False,False,48.0,0.12303664921465969
IBDD,Electricity,2661,0.73,94,0.7142857142857141,0.454611535799055,0,86,879,3031,938,229,81,0.44950583330912175,0.5285509999120911,0.49083507990505837,0.44950583330912175,0.22270073803295595,0.2592592592592596,1.2233606186634038,-2.534149843841321,1.7596622789832348,-1.2199335447094035,0.0606453741297639,0.5285509999120911,0.4528290192951483,0.0757219806169428,0.49083507990505837,0.4370596375103175,0.05377544239474086,0.44950583330912175,0.4305519900729965,0.018953843236125256,0.22270073803295595,0.26680316427872325,0.044102426245767296,0.2592592592592596,0.30966761363285333,0.050408354373593756,883.0,0.2907053394858273,1112.0,0.3661832564271589,985.0,0.32432432432432434,1375.0,0.45286750164798945,2101.0,0.6921555702043507,0.2907053394858273,WACC_0p1_WRT_0p9,0.42524719841793013,1906,False,,,False,False,False,False,False,86.0,0.22251308900523561
IBDD,Electricity,2249,0.74,124,0.7499999999999998,0.4073595105219982,0,110,4012,2958,334,117,62,0.5067238364414649,0.5775531001994092,0.5437573482153619,0.5067238364414649,0.18817644229596128,0.22222222222222254,1.2233606186634038,-2.534149843841321,1.7596622789832348,-1.2199335447094035,0.0606453741297639,0.5775531001994092,0.5012153900682971,0.07633771013111212,0.5437573482153619,0.48866706011933775,0.055090288096024176,0.5067238364414649,0.47723294069427946,0.02949089574718544,0.18817644229596128,0.2469398310177937,0.05876338872183243,0.22222222222222254,0.2786326984920919,0.056410476269869336,1533.0,0.5049439683586026,1726.0,0.5685563612392881,1610.0,0.530323005932762,883.0,0.2907053394858273,1685.0,0.5550428477257745,0.2907053394858273,WACC_0p7_WRT_0p3,0.4899143045484509,1907,False,,,False,False,False,False,False,110.0,0.28534031413612565
IBDD,Electricity,332,0.73,147,0.7142857142857141,0.3782788748888935,0,139,308,4744,86,144,6,0.5419379016797108,0.6077107964115179,0.5763276601244394,0.5419379016797108,0.22270073803295595,0.2592592592592596,1.2233606186634038,-2.534149843841321,1.7596622789832348,-1.2199335447094035,0.0606453741297639,0.6077107964115179,0.5496343933390907,0.05807640307242723,0.5763276601244394,0.5271528526036799,0.04917480752075942,0.5419379016797108,0.5197786930044028,0.022159208675307962,0.22270073803295595,0.26845172449499494,0.045750986462038984,0.2592592592592596,0.244885284842351,0.014373974416908575,2200.0,0.7247857613711273,2161.0,0.7119314436387607,2154.0,0.7096242584047462,1403.0,0.46209624258404747,883.0,0.2907053394858273,0.2907053394858273,WACC_0p9_WRT_0p1,0.5798286090969018,1908,False,,,False,False,False,False,False,139.0,0.3612565445026178
IBDD,Electricity,1694,0.73,72,0.7142857142857141,0.499966262112698,0,64,1395,533,228,41,38,0.3945852906008571,0.4815164689201649,0.44003778643377817,0.3945852906008571,0.22270073803295595,0.2592592592592596,1.2233606186634038,-2.534149843841321,1.7596622789832348,-1.2199335447094035,0.0606453741297639,0.4815164689201649,0.4826463310678079,0.0011298621476429904,0.44003778643377817,0.4270813895544699,0.012956396879308274,0.3945852906008571,0.42124786853322366,0.026662577932366538,0.22270073803295595,0.2978493314088174,0.07514859337586147,0.2592592592592596,0.2940583650929531,0.0347991058336935,1245.0,0.4100197758734344,1018.0,0.33520105471324985,884.0,0.2910349373764008,1921.0,0.6328279499011207,1922.0,0.6331575477916941,0.2910349373764008,WACC_0p5_WRT_0p5,0.46044825313118,1909,False,,,False,False,False,False,False,64.0,0.1649214659685864
IBDD,Electricity,2514,0.71,78,0.6428571428571426,0.4863661844748775,0,75,4781,3265,491,244,168,0.41105377592647485,0.49562025313716407,0.4552698733881372,0.41105377592647485,0.3004306642296604,0.3333333333333337,1.2233606186634038,-2.534149843841321,1.7596622789832348,-1.2199335447094035,0.0606453741297639,0.49562025313716407,0.45284847683824286,0.042771776298921205,0.4552698733881372,0.42971597743777534,0.025553895950361838,0.41105377592647485,0.45599155761380994,0.04493778168733509,0.3004306642296604,0.3789414286176472,0.07851076438798676,0.3333333333333337,0.41528848279831726,0.08195514946498356,884.0,0.2910349373764008,1038.0,0.34179301252471983,1317.0,0.4337508239947264,2739.0,0.9024390243902439,2751.0,0.9063941990771259,0.2910349373764008,WACC_0p1_WRT_0p9,0.5750823994726434,1910,False,,,False,False,False,False,False,75.0,0.193717277486911
IBDD,Electricity,2187,0.74,91,0.7499999999999998,0.460136442071784,0,78,2072,3578,270,69,10,0.4428156628335633,0.5228214674811129,0.48464718487960196,0.4428156628335633,0.1838357749346038,0.22222222222222254,1.2233606186634038,-2.534149843841321,1.7596622789832348,-1.2199335447094035,0.0606453741297639,0.5228214674811129,0.5866303643776127,0.06380889689649982,0.48464718487960196,0.5805662867517676,0.09591910187216562,0.4428156628335633,0.5706506845261168,0.1278350216925535,0.1838357749346038,0.2986879998794459,0.1148522249448421,0.22222222222222254,0.24490239719367404,0.0226801749714515,2537.0,0.8358602504943968,2617.0,0.8622280817402769,2558.0,0.8427818061964404,1936.0,0.6377719182597231,884.0,0.2910349373764008,0.2910349373764008,WACC_0p9_WRT_0p1,0.6939353988134476,1911,False,,,False,False,False,False,False,78.0,0.20157068062827224
IBDD,Electricity,2982,0.63,80,0.357142857142857,0.4820615067966712,0,80,97,3123,171,202,36,0.5675317407269692,0.5000843633219706,0.46009111238772826,0.5675317407269692,0.611350369016478,0.6296296296296299,1.2233606186634038,-2.534149843841321,1.7596622789832348,-1.2199335447094035,0.0606453741297639,0.5000843633219706,0.4528693872009363,0.04721497612103431,0.46009111238772826,0.42923190932835315,0.030859203059375118,0.5675317407269692,0.4460733138424571,0.12145842688451214,0.611350369016478,0.32354775384826684,0.28780261516821115,0.6296296296296299,0.34142957888568437,0.2882000507439455,885.0,0.2913645352669743,1035.0,0.34080421885299933,1182.0,0.3892551087673039,2241.0,0.7382992748846408,2351.0,0.7745550428477258,0.2913645352669743,WACC_0p1_WRT_0p9,0.5068556361239288,1912,False,,,False,False,False,False,False,80.0,0.20680628272251309
IBDD,Electricity,1170,0.7,79,0.6071428571428569,0.484200393167689,0,77,2438,3016,680,174,94,0.4136763567168665,0.4978662589372113,0.4576955596521882,0.4136763567168665,0.33929562732801266,0.37037037037037074,1.2233606186634038,-2.534149843841321,1.7596622789832348,-1.2199335447094035,0.0606453741297639,0.4978662589372113,0.4529127118156837,0.044953547121527604,0.4576955596521882,0.42920892375289404,0.028486635899294177,0.4136763567168665,0.4239682349168671,0.010291878200000604,0.33929562732801266,0.2883667955308559,0.05092883179715674,0.37037037037037074,0.3253588233008251,0.04501154706954563,886.0,0.2916941331575478,1034.0,0.34047462096242587,921.0,0.3032300593276203,1783.0,0.5873434410019776,2238.0,0.7373104812129202,0.2916941331575478,WACC_0p1_WRT_0p9,0.45201054713249833,1913,False,,,False,False,False,False,False,77.0,0.19895287958115182
IBDD,Electricity,2194,0.74,111,0.7499999999999998,0.4262672297500796,0,97,1358,2270,975,150,13,0.48382826886156854,0.5579450950739915,0.5225807026799109,0.48382826886156854,0.1838357749346038,0.22222222222222254,1.2233606186634038,-2.534149843841321,1.7596622789832348,-1.2199335447094035,0.0606453741297639,0.5579450950739915,0.5315012917505354,0.026443803323456083,0.5225807026799109,0.5074038652678929,0.015176837412017918,0.48382826886156854,0.4924582655608787,0.008629996699310138,0.1838357749346038,0.2470252894869947,0.06318951455239091,0.22222222222222254,0.24812601964677047,0.02590379742454793,1990.0,0.6555702043506921,1972.0,0.6496374423203691,1837.0,0.6051417270929466,886.0,0.2916941331575478,972.0,0.3200395517468688,0.2916941331575478,WACC_0p7_WRT_0p3,0.5044166117336848,1914,False,,,False,False,False,False,False,97.0,0.2513089005235602
IBDD,Electricity,308,0.73,342,0.7142857142857141,0.2335600202691701,0,275,947,4681,334,72,3,0.7171795728755709,0.7577896086097495,0.7384127772985294,0.7171795728755709,0.2692329715982244,0.2592592592592596,1.2233606186634038,-2.534149843841321,1.7596622789832348,-1.2199335447094035,0.0606453741297639,0.7577896086097495,0.6180678415267874,0.13972176708296213,0.7384127772985294,0.6207261775419911,0.11768659975653828,0.7171795728755709,0.622697555670186,0.09448201720538485,0.2692329715982244,0.32351969677449105,0.05428672517626665,0.2592592592592596,0.24507560789110305,0.014183651368156525,2733.0,0.9004614370468029,2798.0,0.9218852999340804,2809.0,0.9255108767303889,2240.0,0.7379696769940672,886.0,0.2916941331575478,0.2916941331575478,WACC_0p9_WRT_0p1,0.7555042847725775,1915,False,,,False,False,False,False,False,275.0,0.7172774869109948
IBDD,Electricity,1511,0.71,75,0.6428571428571426,0.4930319771219003,0,72,3275,3044,724,227,143,0.4029820934468227,0.48870757928099223,0.44780418562347163,0.4029820934468227,0.3004306642296604,0.3333333333333337,1.2233606186634038,-2.534149843841321,1.7596622789832348,-1.2199335447094035,0.0606453741297639,0.48870757928099223,0.4530419191870932,0.03566566009389904,0.44780418562347163,0.41770191908859117,0.030102266534880462,0.4029820934468227,0.4258667276789852,0.022884634232162526,0.3004306642296604,0.3427887739118383,0.0423581096821779,0.3333333333333337,0.3867411300517909,0.05340779671845719,887.0,0.2920237310481213,930.0,0.3061964403427818,943.0,0.31048121292023734,2440.0,0.8038892551087673,2637.0,0.8688200395517469,0.2920237310481213,WACC_0p1_WRT_0p9,0.516282135794331,1916,False,,,False,False,False,False,False,72.0,0.18586387434554974
IBDD,Electricity,104,0.72,62,0.6785714285714283,0.5253323572805145,0,55,561,1,202,118,1,0.3638692037398741,0.455210888746133,0.41162775984582367,0.3638692037398741,0.2615657011313083,0.2962962962962967,1.2233606186634038,-2.534149843841321,1.7596622789832348,-1.2199335447094035,0.0606453741297639,0.455210888746133,0.4926557243667361,0.03744483562060308,0.41162775984582367,0.4512292563188924,0.03960149647306871,0.3638692037398741,0.457094447064216,0.0932252433243419,0.2615657011313083,0.27513592649908364,0.013570225367775357,0.2962962962962967,0.24514317576850933,0.051153120527787393,1408.0,0.46374423203691495,1250.0,0.4116677653263019,1328.0,0.43737640079103496,1549.0,0.5102175346077785,888.0,0.2923533289386948,0.2923533289386948,WACC_0p9_WRT_0p1,0.42307185234014505,1917,False,,,False,False,False,False,False,55.0,0.14136125654450263
IBDD,Electricity,1468,0.71,82,0.6428571428571426,0.4778618317981492,0,79,3990,3363,267,189,177,0.42135179120185107,0.5044395818389564,0.46479474838607293,0.42135179120185107,0.3004306642296604,0.3333333333333337,1.2233606186634038,-2.534149843841321,1.7596622789832348,-1.2199335447094035,0.0606453741297639,0.5044395818389564,0.4530744436088459,0.05136513823011052,0.46479474838607293,0.4185560664301564,0.046238681955916516,0.42135179120185107,0.4540982498622908,0.03274645866043974,0.3004306642296604,0.40654147664028645,0.10611081241062603,0.3333333333333337,0.4359914571570685,0.10265812382373479,888.0,0.2923533289386948,940.0,0.30949241924851684,1288.0,0.42419248516809493,2849.0,0.938694792353329,2815.0,0.9274884640738299,0.2923533289386948,WACC_0p1_WRT_0p9,0.5784442979564931,1918,False,,,False,False,False,False,False,79.0,0.20418848167539266
IBDD,Electricity,2881,0.73,130,0.7142857142857141,0.3992871819674755,0,122,1019,1480,912,130,10,0.5164987089005774,0.5859244038855811,0.5527983561964274,0.5164987089005774,0.22270073803295595,0.2592592592592596,1.2233606186634038,-2.534149843841321,1.7596622789832348,-1.2199335447094035,0.0606453741297639,0.5859244038855811,0.5275490550634879,0.058375348822093165,0.5527983561964274,0.493090120594928,0.05970823560149935,0.5164987089005774,0.4647759495253888,0.051722759375188554,0.22270073803295595,0.2474406462546123,0.024739908221656337,0.2592592592592596,0.24515695169210863,0.014102307567150946,1938.0,0.6384311140408702,1787.0,0.5886618325642716,1428.0,0.470336189848385,897.0,0.2953197099538563,889.0,0.2926829268292683,0.2926829268292683,WACC_0p9_WRT_0p1,0.4570863546473302,1919,False,,,False,False,False,False,False,122.0,0.31675392670157065
IBDD,Electricity,2138,0.74,19,0.7499999999999998,0.7228899759224219,0,9,2150,162,330,54,34,0.12464448530733939,0.25033632126563654,0.19036322696688743,0.12464448530733939,0.1838357749346038,0.22222222222222254,1.2233606186634038,-2.534149843841321,1.7596622789832348,-1.2199335447094035,0.0606453741297639,0.25033632126563654,0.4664168006426125,0.21608047937697594,0.19036322696688743,0.41308191515997467,0.22271868819308724,0.12464448530733939,0.43603886862255964,0.31139438331522024,0.1838357749346038,0.3122961354588142,0.1284603605242104,0.22222222222222254,0.3007731240998653,0.07855090187764274,1041.0,0.34278180619644033,889.0,0.2926829268292683,1063.0,0.35003295978905735,2121.0,0.6987475280158207,2013.0,0.6631509558338826,0.2926829268292683,WACC_0p3_WRT_0p7,0.46947923533289393,1920,False,,,False,False,False,False,False,9.0,0.020942408376963352
IBDD,Electricity,178,0.73,215,0.7142857142857141,0.3131841516540873,0,197,1923,1,1000,139,5,0.6207618262863166,0.6752164353216872,0.6492337501474221,0.6207618262863166,0.23209790446206652,0.2592592592592596,1.2233606186634038,-2.534149843841321,1.7596622789832348,-1.2199335447094035,0.0606453741297639,0.6752164353216872,0.4649443061656848,0.2102721291560024,0.6492337501474221,0.4131336586325132,0.2361000915149089,0.6207618262863166,0.426016788109638,0.1947450381766786,0.23209790446206652,0.2734208676071156,0.041322963145049074,0.2592592592592596,0.29839621109187525,0.039136951832615674,1019.0,0.3355306526038233,890.0,0.2930125247198418,947.0,0.3117996044825313,1509.0,0.4970336189848385,1989.0,0.6552406064601186,0.2930125247198418,WACC_0p3_WRT_0p7,0.4185234014502307,1921,False,,,False,False,False,False,False,197.0,0.5130890052356021
IBDD,Electricity,2337,0.74,148,0.7499999999999998,0.377119421762125,0,134,4915,1969,53,96,50,0.5433418963709491,0.6089131922466853,0.57762624762642,0.5433418963709491,0.2022798015008817,0.22222222222222254,1.2233606186634038,-2.534149843841321,1.7596622789832348,-1.2199335447094035,0.0606453741297639,0.6089131922466853,0.5150766106112388,0.0938365816354465,0.57762624762642,0.48915056505227267,0.08847568257414734,0.5433418963709491,0.48728018627158065,0.056061710099368445,0.2022798015008817,0.2471904030852291,0.0449106015843474,0.22222222222222254,0.2566328881926053,0.03441066597038278,1760.0,0.5797626895187871,1734.0,0.571193144363876,1763.0,0.5807514831905076,890.0,0.2930125247198418,1177.0,0.38760711931443637,0.2930125247198418,WACC_0p7_WRT_0p3,0.48246539222148976,1922,False,,,False,False,False,False,False,134.0,0.3481675392670157
IBDD,Electricity,772,0.74,87,0.7499999999999998,0.4677900638121001,0,74,2529,1059,11,122,10,0.43354780711429075,0.5148843782689332,0.47607512853044787,0.43354780711429075,0.1838357749346038,0.22222222222222254,1.2233606186634038,-2.534149843841321,1.7596622789832348,-1.2199335447094035,0.0606453741297639,0.5148843782689332,0.5051240688158423,0.00976030945309092,0.47607512853044787,0.46751624886385496,0.008558879666592911,0.43354780711429075,0.4339901675563204,0.0004423604420296656,0.1838357749346038,0.2513759922466558,0.06754021731205201,0.22222222222222254,0.2451861566678178,0.022963934445595247,1596.0,0.525708635464733,1461.0,0.4812129202373105,1035.0,0.34080421885299933,1004.0,0.3305866842452208,891.0,0.2933421226104153,0.2933421226104153,WACC_0p9_WRT_0p1,0.3943309162821358,1923,False,,,False,False,False,False,False,74.0,0.19109947643979058
IBDD,Electricity,1824,0.73,121,0.7142857142857141,0.411542181111966,0,113,798,1902,62,83,22,0.5016589940878285,0.5732155158838871,0.5390727571545981,0.5016589940878285,0.22270073803295595,0.2592592592592596,1.2233606186634038,-2.534149843841321,1.7596622789832348,-1.2199335447094035,0.0606453741297639,0.5732155158838871,0.5101051510013683,0.06311036488251875,0.5390727571545981,0.47657365340568814,0.06249910374890999,0.5016589940878285,0.46911495060623526,0.03254404348159329,0.22270073803295595,0.2473459821196007,0.024645244086644758,0.2592592592592596,0.2592264174515427,3.284180771689904e-05,1678.0,0.5527356624917601,1571.0,0.5174686882003955,1489.0,0.4904416611733685,892.0,0.2936717205009888,1243.0,0.40936058009228743,0.2936717205009888,WACC_0p7_WRT_0p3,0.4527356624917601,1924,False,,,False,False,False,False,False,113.0,0.2931937172774869
IBDD,Electricity,2917,0.69,81,0.5714285714285711,0.4799488650928298,0,80,607,3312,276,239,142,0.41882457936506384,0.502275251014843,0.4624572710960305,0.41882457936506384,0.3781605904263649,0.4074074074074079,1.2233606186634038,-2.534149843841321,1.7596622789832348,-1.2199335447094035,0.0606453741297639,0.502275251014843,0.45342004794823054,0.04885520306661251,0.4624572710960305,0.4144023549607225,0.048054916135308046,0.41882457936506384,0.4436291818339789,0.024804602468915082,0.3781605904263649,0.3803815386675021,0.002220948241137166,0.4074074074074079,0.42059927312599193,0.01319186571858405,892.0,0.2936717205009888,905.0,0.2979564930784443,1156.0,0.38068556361239286,2745.0,0.9044166117336849,2767.0,0.9116677653263019,0.2936717205009888,WACC_0p1_WRT_0p9,0.5576796308503627,1925,False,,,False,False,False,False,False,80.0,0.20680628272251309
IBDD,Electricity,1839,0.74,226,0.7499999999999998,0.3046317863341556,0,199,3718,3802,94,107,15,0.6311179806055346,0.6840855549127274,0.6588123993057456,0.6311179806055346,0.2360865528128198,0.22222222222222254,1.2233606186634038,-2.534149843841321,1.7596622789832348,-1.2199335447094035,0.0606453741297639,0.6840855549127274,0.6014052541686343,0.08268030074409305,0.6588123993057456,0.6006279472153131,0.05818445209043255,0.6311179806055346,0.5952756418605422,0.03584233874499243,0.2360865528128198,0.2807434664832081,0.04465691367038829,0.22222222222222254,0.2452055860639519,0.02298336384172936,2646.0,0.8717864205669084,2714.0,0.8941990771259064,2707.0,0.8918918918918919,1662.0,0.547462096242584,892.0,0.2936717205009888,0.2936717205009888,WACC_0p9_WRT_0p1,0.6998022412656559,1926,False,,,False,False,False,False,False,199.0,0.518324607329843
IBDD,Electricity,1836,0.73,73,0.7142857142857141,0.4976236662662598,0,65,3092,1745,287,66,56,0.3974219659749473,0.48394582757573046,0.4426614937817889,0.3974219659749473,0.22270073803295595,0.2592592592592596,1.2233606186634038,-2.534149843841321,1.7596622789832348,-1.2199335447094035,0.0606453741297639,0.48394582757573046,0.4715592006276727,0.012386626948057755,0.4426614937817889,0.4265243268528548,0.016137166928934077,0.3974219659749473,0.4219145202995314,0.024492554324584137,0.22270073803295595,0.26845658444157416,0.04575584640861821,0.2592592592592596,0.2773703049840382,0.01811104572477862,1102.0,0.36288727752142386,1014.0,0.3338826631509558,893.0,0.2940013183915623,1404.0,0.462425840474621,1668.0,0.549439683586025,0.2940013183915623,WACC_0p5_WRT_0p5,0.4005273566249176,1927,False,,,False,False,False,False,False,65.0,0.16753926701570682
IBDD,Electricity,2092,0.73,168,0.7142857142857141,0.3554331704225942,0,158,1510,3402,577,92,33,0.5696020193984492,0.6314026380802727,0.6019148491266945,0.5696020193984492,0.22270073803295595,0.2592592592592596,1.2233606186634038,-2.534149843841321,1.7596622789832348,-1.2199335447094035,0.0606453741297639,0.6314026380802727,0.5372465675575018,0.09415607052277097,0.6019148491266945,0.5245499083204725,0.07736494080622192,0.5696020193984492,0.5155151866253458,0.054086832773103444,0.22270073803295595,0.24737405960084563,0.024673321567889678,0.2592592592592596,0.2657239883892739,0.006464729130014335,2065.0,0.6802900461437047,2138.0,0.7043506921555702,2111.0,0.6954515491100857,893.0,0.2940013183915623,1394.0,0.45912986156888597,0.2940013183915623,WACC_0p7_WRT_0p3,0.5666446934739617,1928,False,,,False,False,False,False,False,158.0,0.4109947643979058
IBDD,Electricity,1049,0.74,159,0.7499999999999998,0.3648556017903225,0,145,1797,4277,331,184,1,0.5581922924216302,0.621631227772999,0.5913617259948388,0.5581922924216302,0.20799939642866902,0.22222222222222254,1.2233606186634038,-2.534149843841321,1.7596622789832348,-1.2199335447094035,0.0606453741297639,0.621631227772999,0.5601157980216991,0.061515429751299866,0.5913617259948388,0.5528553242475541,0.0385064017472847,0.5581922924216302,0.5605911294305117,0.002398837008881549,0.20799939642866902,0.2586992929471869,0.05069989651851789,0.22222222222222254,0.2452076843690731,0.022985462146850544,2304.0,0.7590639419907712,2399.0,0.7903757415952538,2497.0,0.8226763348714569,1189.0,0.39156229400131837,893.0,0.2940013183915623,0.2940013183915623,WACC_0p9_WRT_0p1,0.6115359261700725,1929,False,,,False,False,False,False,False,145.0,0.3769633507853403
IBDD,Electricity,520,0.74,147,0.7499999999999998,0.3782788748888935,0,133,217,4156,645,87,9,0.5419379016797108,0.6077107964115179,0.5763276601244394,0.5419379016797108,0.20173905626504823,0.22222222222222254,1.2233606186634038,-2.534149843841321,1.7596622789832348,-1.2199335447094035,0.0606453741297639,0.6077107964115179,0.540820032905479,0.06689076350603895,0.5763276601244394,0.5117621364751993,0.06456552364924006,0.5419379016797108,0.5252227101997332,0.016715191479977576,0.20173905626504823,0.2637807402802021,0.062041684015153864,0.22222222222222254,0.24523171866315138,0.02300949644092884,2107.0,0.6941331575477917,2008.0,0.6615029663810151,2198.0,0.7241265655899802,1318.0,0.43408042188529994,894.0,0.2943309162821358,0.2943309162821358,WACC_0p9_WRT_0p1,0.5616348055372445,1930,False,,,False,False,False,False,False,133.0,0.34554973821989526
IBDD,Electricity,1550,0.73,101,0.7142857142857141,0.4423703723360919,0,93,1948,2859,130,226,90,0.46432879434117375,0.5412455397996083,0.5045451829835771,0.46432879434117375,0.22270073803295595,0.2592592592592596,1.2233606186634038,-2.534149843841321,1.7596622789832348,-1.2199335447094035,0.0606453741297639,0.5412455397996083,0.4580513960609359,0.0831941437386724,0.5045451829835771,0.43388996946620284,0.07065521351737425,0.46432879434117375,0.421972947688579,0.04235584665259473,0.22270073803295595,0.2716319341807584,0.048931196147802475,0.2592592592592596,0.3143263578318093,0.05506709857254971,937.0,0.3085036255767963,1075.0,0.35398813447593935,895.0,0.2946605141727093,1476.0,0.486156888595913,2146.0,0.7069874752801583,0.2946605141727093,WACC_0p5_WRT_0p5,0.4300593276203032,1931,False,,,False,False,False,False,False,93.0,0.24083769633507854
IBDD,Electricity,2517,0.72,75,0.6785714285714283,0.4930319771219003,0,68,1296,3108,235,235,130,0.4029820934468227,0.48870757928099223,0.44780418562347163,0.4029820934468227,0.2615657011313083,0.2962962962962967,1.2233606186634038,-2.534149843841321,1.7596622789832348,-1.2199335447094035,0.0606453741297639,0.48870757928099223,0.4535690163985885,0.035138562882403745,0.44780418562347163,0.4192325860227239,0.028571599600747732,0.4029820934468227,0.43498937778838676,0.03200728434156408,0.2615657011313083,0.3255351300344454,0.06396942890313712,0.2962962962962967,0.3701062828352546,0.07380998653895787,895.0,0.2946605141727093,947.0,0.3117996044825313,1051.0,0.34607778510217535,2262.0,0.7452208305866842,2548.0,0.8394858272907053,0.2946605141727093,WACC_0p1_WRT_0p9,0.5074489123269611,1932,False,,,False,False,False,False,False,68.0,0.17539267015706805
IBDD,Electricity,2360,0.73,129,0.7142857142857141,0.4006065611337189,0,121,4478,4195,383,154,38,0.5149010579888075,0.5845561588242916,0.5513206515302349,0.5149010579888075,0.22270073803295595,0.2592592592592596,1.2233606186634038,-2.534149843841321,1.7596622789832348,-1.2199335447094035,0.0606453741297639,0.5845561588242916,0.539736507139974,0.04481965168431756,0.5513206515302349,0.5377963590574378,0.013524292472797073,0.5149010579888075,0.5353875136991091,0.02048645571030161,0.22270073803295595,0.24739153141679926,0.024690793383843307,0.2592592592592596,0.2493926692878892,0.009866589971370382,2093.0,0.6895187870797627,2267.0,0.7468688200395518,2281.0,0.7514831905075807,895.0,0.2946605141727093,1005.0,0.3309162821357943,0.2946605141727093,WACC_0p7_WRT_0p3,0.5626895187870798,1933,False,,,False,False,False,False,False,121.0,0.31413612565445026
IBDD,Electricity,2899,0.74,461,0.7499999999999998,0.1822794400821301,0,289,1765,5000,831,102,1,0.7792757979699716,0.8109694695444577,0.7958470271080141,0.7792757979699716,0.29314918587780114,0.22222222222222254,1.2233606186634038,-2.534149843841321,1.7596622789832348,-1.2199335447094035,0.0606453741297639,0.8109694695444577,0.6176475692445847,0.19332190029987295,0.7958470271080141,0.6117173146195999,0.18412971248841425,0.7792757979699716,0.6148312765076765,0.16444452146229505,0.29314918587780114,0.30518468391972337,0.012035498041922221,0.22222222222222254,0.24528719935655977,0.023064977134337222,2730.0,0.8994726433750824,2759.0,0.9090309822017139,2780.0,0.9159525379037574,2023.0,0.6664469347396177,895.0,0.2946605141727093,0.2946605141727093,WACC_0p9_WRT_0p1,0.7371127224785761,1934,False,,,False,False,False,False,False,289.0,0.7539267015706806
IBDD,Electricity,1114,0.71,68,0.6428571428571426,0.5096690058370015,0,65,4655,2636,649,245,110,0.38283613027271596,0.47145436431718357,0.4291707134625583,0.38283613027271596,0.3004306642296604,0.3333333333333337,1.2233606186634038,-2.534149843841321,1.7596622789832348,-1.2199335447094035,0.0606453741297639,0.47145436431718357,0.45374432769352535,0.01771003662365822,0.4291707134625583,0.4246022195933676,0.004568493869190726,0.38283613027271596,0.4238341233342408,0.04099799306152485,0.3004306642296604,0.2990223796228144,0.0014082846068459998,0.3333333333333337,0.3242768015518136,0.009056531781520105,896.0,0.2949901120632828,996.0,0.3279499011206328,917.0,0.3019116677653263,1940.0,0.6390903098220171,2228.0,0.7340145023071852,0.2949901120632828,WACC_0p1_WRT_0p9,0.45959129861568887,1935,False,,,False,False,False,False,False,65.0,0.16753926701570682
IBDD,Electricity,786,0.73,299,0.7142857142857141,0.2566229328553282,0,252,1422,1896,698,111,1,0.6892524354278456,0.7338725140759559,0.7125823152020323,0.6892524354278456,0.2584769006390057,0.2592592592592596,1.2233606186634038,-2.534149843841321,1.7596622789832348,-1.2199335447094035,0.0606453741297639,0.7338725140759559,0.5944233356228006,0.1394491784531553,0.7125823152020323,0.5740029125918611,0.1385794026101712,0.6892524354278456,0.5396746112536273,0.1495778241742184,0.2584769006390057,0.2958552085940066,0.03737830795500091,0.2592592592592596,0.24531567417106384,0.013943585088195737,2592.0,0.8539881344759394,2569.0,0.8464073829927489,2322.0,0.7649967040210943,1890.0,0.6226104152933422,896.0,0.2949901120632828,0.2949901120632828,WACC_0p9_WRT_0p1,0.6765985497692816,1936,False,,,False,False,False,False,False,252.0,0.6570680628272252
IBDD,Electricity,2052,0.73,61,0.7142857142857141,0.5280872662717262,0,53,4828,1849,983,110,103,0.3605332537913963,0.4523539460885802,0.40854226177566655,0.3605332537913963,0.22270073803295595,0.2592592592592596,1.2233606186634038,-2.534149843841321,1.7596622789832348,-1.2199335447094035,0.0606453741297639,0.4523539460885802,0.45994079239685476,0.007586846308274553,0.40854226177566655,0.42782048941209466,0.019278227636428114,0.3605332537913963,0.4221245362353958,0.06159128244399953,0.22270073803295595,0.2840859792295116,0.06138524119655567,0.2592592592592596,0.3161924844839847,0.056933225224725104,955.0,0.31443638760711934,1025.0,0.3375082399472643,897.0,0.2953197099538563,1713.0,0.5642715886618326,2168.0,0.7142386288727752,0.2953197099538563,WACC_0p5_WRT_0p5,0.4451549110085695,1937,False,,,False,False,False,False,False,53.0,0.13612565445026178
IBDD,Electricity,582,0.74,614,0.7499999999999998,0.1330266134031027,0,328,1588,894,394,48,1,0.8389165937808064,0.8620464749893749,0.851010192988525,0.8389165937808064,0.31611969737424045,0.22222222222222254,1.2233606186634038,-2.534149843841321,1.7596622789832348,-1.2199335447094035,0.0606453741297639,0.8620464749893749,0.6757710244916715,0.18627545049770344,0.851010192988525,0.643583788377288,0.20742640461123696,0.8389165937808064,0.6204096882104443,0.21850690557036212,0.31611969737424045,0.3279528462621604,0.011833148887919975,0.22222222222222254,0.24558005505358627,0.023357832831363723,2941.0,0.9690177982860909,2884.0,0.9502307185234015,2799.0,0.9222148978246539,2291.0,0.7547791694133158,898.0,0.2956493078444298,0.2956493078444298,WACC_0p9_WRT_0p1,0.7783783783783784,1938,False,,,False,False,False,False,False,328.0,0.856020942408377
IBDD,Electricity,1853,0.73,115,0.7142857142857141,0.4202252716212888,0,107,1122,2731,503,91,51,0.4911445431823328,0.5642108294297744,0.5293476957841564,0.4911445431823328,0.22270073803295595,0.2592592592592596,1.2233606186634038,-2.534149843841321,1.7596622789832348,-1.2199335447094035,0.0606453741297639,0.5642108294297744,0.49389076409519844,0.07032006533457597,0.5293476957841564,0.47668725751879454,0.052660438265361875,0.4911445431823328,0.45108505697692663,0.04005948620540617,0.22270073803295595,0.24758612578641515,0.024885387753459193,0.2592592592592596,0.27275131983121415,0.013492060571954567,1435.0,0.47264337508239945,1578.0,0.51977587343441,1241.0,0.4087013843111404,899.0,0.2959789057350033,1577.0,0.5194462755438365,0.2959789057350033,WACC_0p7_WRT_0p3,0.443309162821358,1939,False,,,False,False,False,False,False,107.0,0.2774869109947644
IBDD,Electricity,535,0.73,453,0.7142857142857141,0.1852869949567891,0,309,4490,1487,424,118,1,0.7756339163102983,0.807850523748515,0.7924785656483961,0.7756339163102983,0.29174652376716254,0.2592592592592596,1.2233606186634038,-2.534149843841321,1.7596622789832348,-1.2199335447094035,0.0606453741297639,0.807850523748515,0.6416291181563372,0.1662214055921778,0.7924785656483961,0.6299892781478419,0.16248928750055425,0.7756339163102983,0.6025770836804055,0.1730568326298928,0.29174652376716254,0.30785793130499556,0.016111407537833022,0.2592592592592596,0.24564260233411128,0.013616656925148296,2836.0,0.9344100197758735,2833.0,0.9334212261041529,2742.0,0.9034278180619644,2057.0,0.6776532630191167,900.0,0.2963085036255768,0.2963085036255768,WACC_0p9_WRT_0p1,0.7490441661173369,1940,False,,,False,False,False,False,False,309.0,0.806282722513089
IBDD,Electricity,2724,0.7,73,0.6071428571428569,0.4976236662662598,0,71,3719,2651,970,158,96,0.3974219659749473,0.48394582757573046,0.4426614937817889,0.3974219659749473,0.33929562732801266,0.37037037037037074,1.2233606186634038,-2.534149843841321,1.7596622789832348,-1.2199335447094035,0.0606453741297639,0.48394582757573046,0.4562852737635559,0.027660553812174582,0.4426614937817889,0.43312674232659865,0.009534751455190227,0.3974219659749473,0.42242831557648414,0.02500634960153686,0.33929562732801266,0.2606818371982031,0.07861379012980957,0.37037037037037074,0.29746454273964884,0.0729058276307219,923.0,0.3038892551087673,1067.0,0.35135135135135137,901.0,0.2966381015161503,1245.0,0.4100197758734344,1967.0,0.6479894528675016,0.2966381015161503,WACC_0p5_WRT_0p5,0.401977587343441,1941,False,,,False,False,False,False,False,71.0,0.18324607329842932
IBDD,Electricity,2086,0.72,76,0.6785714285714283,0.4907812504490119,0,69,2139,2973,601,222,115,0.4057075234165282,0.49104166620102463,0.45032499949710664,0.4057075234165282,0.2615657011313083,0.2962962962962967,1.2233606186634038,-2.534149843841321,1.7596622789832348,-1.2199335447094035,0.0606453741297639,0.49104166620102463,0.45418890643279136,0.03685275976823327,0.45032499949710664,0.41764427694485035,0.03268072255225629,0.4057075234165282,0.42290467017504985,0.01719714675852163,0.2615657011313083,0.3250558112703981,0.06349011013908984,0.2962962962962967,0.3664222532950351,0.07012595699873836,902.0,0.2969676994067238,928.0,0.3055372445616348,904.0,0.2976268951878708,2259.0,0.7442320369149638,2521.0,0.8305866842452209,0.2969676994067238,WACC_0p1_WRT_0p9,0.4949901120632828,1942,False,,,False,False,False,False,False,69.0,0.17801047120418848
IBDD,Electricity,1935,0.73,81,0.7142857142857141,0.4799488650928298,0,73,1206,2996,768,184,119,0.41882457936506384,0.502275251014843,0.4624572710960305,0.41882457936506384,0.22270073803295595,0.2592592592592596,1.2233606186634038,-2.534149843841321,1.7596622789832348,-1.2199335447094035,0.0606453741297639,0.502275251014843,0.46205521231240027,0.040220038702442784,0.4624572710960305,0.42771552331261536,0.034741747783415156,0.41882457936506384,0.42275203062900385,0.003927451263940007,0.22270073803295595,0.3190939671775304,0.09639322914457446,0.2592592592592596,0.3682224361951691,0.10896317693590951,983.0,0.3236651285431773,1023.0,0.33684904416611733,902.0,0.2969676994067238,2187.0,0.7205009887936717,2536.0,0.8355306526038233,0.2969676994067238,WACC_0p5_WRT_0p5,0.5027027027027027,1943,False,,,False,False,False,False,False,73.0,0.18848167539267016
IBDD,Electricity,800,0.74,635,0.7499999999999998,0.1272455093344895,0,336,4814,98,993,68,3,0.8459169970178487,0.8680416940234923,0.8574850295453718,0.8459169970178487,0.3188158861297731,0.22222222222222254,1.2233606186634038,-2.534149843841321,1.7596622789832348,-1.2199335447094035,0.0606453741297639,0.8680416940234923,0.7147917990196397,0.15324989500385255,0.8574850295453718,0.7021153984624626,0.15536963108290913,0.8459169970178487,0.6671259721076266,0.17879102491022214,0.3188158861297731,0.3219080017223808,0.003092115592607747,0.22222222222222254,0.2457876382347203,0.02356541601249776,3008.0,0.9911008569545154,2996.0,0.9871456822676334,2940.0,0.9686882003955175,2219.0,0.7310481212920237,903.0,0.2972972972972973,0.2972972972972973,WACC_0p9_WRT_0p1,0.7950560316413975,1944,False,,,False,False,False,False,False,336.0,0.8769633507853403
IBDD,Electricity,2477,0.71,83,0.6428571428571426,0.475799793515297,0,80,815,3300,777,198,157,0.4238487363007214,0.5065779919100624,0.4671042312628673,0.4238487363007214,0.3004306642296604,0.3333333333333337,1.2233606186634038,-2.534149843841321,1.7596622789832348,-1.2199335447094035,0.0606453741297639,0.5065779919100624,0.45427918972820486,0.05229880218185751,0.4671042312628673,0.42048598600545645,0.04661824525741087,0.4238487363007214,0.4476650536591839,0.023816317358462513,0.3004306642296604,0.38351104258570196,0.08308037835604154,0.3333333333333337,0.416099630597486,0.0827662972641523,904.0,0.2976268951878708,954.0,0.3141067897165458,1200.0,0.3951878707976269,2763.0,0.9103493737640079,2754.0,0.9073829927488464,0.2976268951878708,WACC_0p1_WRT_0p9,0.5649307844429796,1945,False,,,False,False,False,False,False,80.0,0.20680628272251309
IBDD,Electricity,958,0.75,341,0.7857142857142856,0.2340627305202359,0,42,262,4661,623,122,1,0.716570835439419,0.7572682794604961,0.7378497418173358,0.716570835439419,0.26899851781394235,0.18518518518518542,1.2233606186634038,-2.534149843841321,1.7596622789832348,-1.2199335447094035,0.0606453741297639,0.7572682794604961,0.5614544864160198,0.19581379304447633,0.7378497418173358,0.5452452907502217,0.1926044510671141,0.716570835439419,0.5445970051352185,0.17197383030420055,0.26899851781394235,0.27113251269206134,0.0021339948781189944,0.18518518518518542,0.24597672004874624,0.060791534863560814,2312.0,0.7617007251153592,2329.0,0.7673038892551087,2370.0,0.7808174027686223,1464.0,0.482201713909031,904.0,0.2976268951878708,0.2976268951878708,WACC_0p9_WRT_0p1,0.6179301252471984,1946,False,,,False,False,False,False,False,42.0,0.10732984293193717
IBDD,Electricity,108,0.73,79,0.7142857142857141,0.484200393167689,0,71,809,1,1000,135,2,0.4136763567168665,0.4978662589372113,0.4576955596521882,0.4136763567168665,0.22270073803295595,0.2592592592592596,1.2233606186634038,-2.534149843841321,1.7596622789832348,-1.2199335447094035,0.0606453741297639,0.4978662589372113,0.4667920171752891,0.031074241761922194,0.4576955596521882,0.4247883966080497,0.03290716304413854,0.4136763567168665,0.42295344438721094,0.009277087670344464,0.22270073803295595,0.2592413619749286,0.03654062394197263,0.2592592592592596,0.2555871807225656,0.00367207853669399,1046.0,0.34442979564930787,998.0,0.3286090969017798,905.0,0.2979564930784443,1209.0,0.3981542518127884,1151.0,0.3790375741595254,0.2979564930784443,WACC_0p5_WRT_0p5,0.34963744232036914,1947,False,,,False,False,False,False,False,71.0,0.18324607329842932
IBDD,Electricity,2203,0.71,88,0.6428571428571426,0.4658445274206108,0,85,1845,3331,188,249,180,0.435903678776714,0.516901971563811,0.47825412928891586,0.435903678776714,0.3004306642296604,0.3333333333333337,1.2233606186634038,-2.534149843841321,1.7596622789832348,-1.2199335447094035,0.0606453741297639,0.516901971563811,0.4543432317561596,0.06255873980765142,0.47825412928891586,0.4179574910919294,0.06029663819698644,0.435903678776714,0.4543287678833184,0.018425089106604398,0.3004306642296604,0.41653358213232794,0.11610291790266752,0.3333333333333337,0.4529666882170385,0.1196333548837048,905.0,0.2979564930784443,932.0,0.3068556361239288,1291.0,0.42518127883981544,2875.0,0.9472643375082399,2865.0,0.9439683586025049,0.2979564930784443,WACC_0p1_WRT_0p9,0.5842452208305866,1948,False,,,False,False,False,False,False,85.0,0.2198952879581152
IBDD,Electricity,1472,0.73,142,0.7142857142857141,0.3841962317781302,0,134,4832,4558,800,134,57,0.5347725083862314,0.601574278156013,0.5697002204084941,0.5347725083862314,0.22270073803295595,0.2592592592592596,1.2233606186634038,-2.534149843841321,1.7596622789832348,-1.2199335447094035,0.0606453741297639,0.601574278156013,0.5462506006763832,0.05532367747962985,0.5697002204084941,0.5341063799371358,0.03559384047135827,0.5347725083862314,0.5298652144728968,0.004907293913334554,0.22270073803295595,0.24779295307793195,0.025092215044975996,0.2592592592592596,0.2806717559539186,0.021412496694659,2162.0,0.7122610415293342,2236.0,0.7366512854317733,2235.0,0.7363216875411998,905.0,0.2979564930784443,1727.0,0.5688859591298616,0.2979564930784443,WACC_0p7_WRT_0p3,0.6104152933421226,1949,False,,,False,False,False,False,False,134.0,0.3481675392670157
IBDD,Electricity,1109,0.71,81,0.6428571428571426,0.4799488650928298,0,78,2533,3338,534,230,153,0.41882457936506384,0.502275251014843,0.4624572710960305,0.41882457936506384,0.3004306642296604,0.3333333333333337,1.2233606186634038,-2.534149843841321,1.7596622789832348,-1.2199335447094035,0.0606453741297639,0.502275251014843,0.45450796303731217,0.04776728797753088,0.4624572710960305,0.42177397284508555,0.040683298250944966,0.41882457936506384,0.44221398494337794,0.023389405578314093,0.3004306642296604,0.3810394206598238,0.08060875643016341,0.3333333333333337,0.42750870281596615,0.09417536948263244,908.0,0.2989452867501648,964.0,0.31740276862228084,1137.0,0.3744232036914964,2749.0,0.9057350032959789,2795.0,0.92089650626236,0.2989452867501648,WACC_0p1_WRT_0p9,0.5634805537244562,1950,False,,,False,False,False,False,False,78.0,0.20157068062827224
IBDD,Electricity,1530,0.73,91,0.7142857142857141,0.460136442071784,0,83,4650,2270,491,207,82,0.4428156628335633,0.5228214674811129,0.48464718487960196,0.4428156628335633,0.22270073803295595,0.2592592592592596,1.2233606186634038,-2.534149843841321,1.7596622789832348,-1.2199335447094035,0.0606453741297639,0.5228214674811129,0.45452151902448834,0.06829994845662457,0.48464718487960196,0.43057844573081894,0.05406873914878302,0.4428156628335633,0.4257918237483981,0.017023839085165193,0.22270073803295595,0.2486356248875261,0.025934886854570155,0.2592592592592596,0.2812375065677078,0.021978247308448218,909.0,0.2992748846407383,1043.0,0.34344100197758737,942.0,0.3101516150296638,923.0,0.3038892551087673,1734.0,0.571193144363876,0.2992748846407383,WACC_0p1_WRT_0p9,0.3655899802241266,1951,False,,,False,False,False,False,False,83.0,0.21465968586387435
IBDD,Electricity,866,0.74,262,0.7499999999999998,0.2792864730780935,0,219,3432,4005,933,88,8,0.6618089024183554,0.7103695834745697,0.6871991501525352,0.6618089024183554,0.2479070887857762,0.22222222222222254,1.2233606186634038,-2.534149843841321,1.7596622789832348,-1.2199335447094035,0.0606453741297639,0.7103695834745697,0.6237175553143373,0.08665202816023243,0.6871991501525352,0.6216516441725184,0.0655475059800168,0.6618089024183554,0.6295479613832016,0.03226094103515387,0.2479070887857762,0.3029944148501072,0.055087326064331005,0.22222222222222254,0.2461811045801892,0.023958882357966643,2763.0,0.9103493737640079,2801.0,0.922874093605801,2833.0,0.9334212261041529,1998.0,0.6582069874752802,909.0,0.2992748846407383,0.2992748846407383,WACC_0p9_WRT_0p1,0.744825313117996,1952,False,,,False,False,False,False,False,219.0,0.5706806282722513
IBDD,Electricity,2179,0.71,68,0.6428571428571426,0.5096690058370015,0,65,4549,2867,415,227,150,0.38283613027271596,0.47145436431718357,0.4291707134625583,0.38283613027271596,0.3004306642296604,0.3333333333333337,1.2233606186634038,-2.534149843841321,1.7596622789832348,-1.2199335447094035,0.0606453741297639,0.47145436431718357,0.4558498728444874,0.015604491472696158,0.4291707134625583,0.41565742567333624,0.013513287789222062,0.38283613027271596,0.43136805388828053,0.048531923615564576,0.3004306642296604,0.3659441366150181,0.06551347238535771,0.3333333333333337,0.3874775396659695,0.05414420633263578,919.0,0.3025708635464733,910.0,0.2996044825313118,997.0,0.32827949901120634,2654.0,0.8744232036914964,2644.0,0.8711272247857613,0.2996044825313118,WACC_0p3_WRT_0p7,0.5352010547132497,1953,False,,,False,False,False,False,False,65.0,0.16753926701570682
IBDD,Electricity,1925,0.74,166,0.7499999999999998,0.357482934377252,0,152,3987,3863,63,127,34,0.5671199374201531,0.6292769569421091,0.5996191134974777,0.5671199374201531,0.21143785779201393,0.22222222222222254,1.2233606186634038,-2.534149843841321,1.7596622789832348,-1.2199335447094035,0.0606453741297639,0.6292769569421091,0.5463752216750255,0.08290173526708355,0.5996191134974777,0.545890235518355,0.053728877979122625,0.5671199374201531,0.551489363640999,0.01563057377915411,0.21143785779201393,0.24804117018061114,0.03660331238859721,0.22222222222222254,0.2538689483953042,0.031646726173081674,2166.0,0.7135794330916282,2333.0,0.7686222808174028,2426.0,0.7992748846407383,911.0,0.2999340804218853,1112.0,0.3661832564271589,0.2999340804218853,WACC_0p7_WRT_0p3,0.5895187870797628,1954,False,,,False,False,False,False,False,152.0,0.39528795811518325
IBDD,Electricity,1308,0.73,229,0.7142857142857141,0.3023712093715723,0,210,4660,844,943,104,13,0.6338553384006259,0.6864298569479992,0.6613442455038391,0.6338553384006259,0.2371408396956012,0.2592592592592596,1.2233606186634038,-2.534149843841321,1.7596622789832348,-1.2199335447094035,0.0606453741297639,0.6864298569479992,0.6057501897114173,0.08067966723658193,0.6613442455038391,0.5822978871410549,0.07904635836278417,0.6338553384006259,0.5824610967539569,0.05139424164666906,0.2371408396956012,0.2865705623922349,0.04942972269663368,0.2592592592592596,0.24619178479939138,0.013067474459868195,2674.0,0.8810151615029663,2625.0,0.8648648648648649,2635.0,0.8681608437705999,1758.0,0.57910349373764,911.0,0.2999340804218853,0.2999340804218853,WACC_0p9_WRT_0p1,0.6986156888595912,1955,False,,,False,False,False,False,False,210.0,0.5471204188481675
IBDD,Electricity,304,0.73,217,0.7142857142857141,0.3115972451333024,0,199,2784,1105,679,80,4,0.6226834290482005,0.6768621161580568,0.6510110854507012,0.6226834290482005,0.23283800522251655,0.2592592592592596,1.2233606186634038,-2.534149843841321,1.7596622789832348,-1.2199335447094035,0.0606453741297639,0.6768621161580568,0.6055051024607159,0.07135701369734093,0.6510110854507012,0.5671776223068885,0.08383346314381268,0.6226834290482005,0.5511848857340941,0.07149854331410643,0.23283800522251655,0.29051120955125087,0.05767320432873432,0.2592592592592596,0.24621012742802292,0.013049131831236654,2673.0,0.8806855636123929,2514.0,0.8282794990112063,2424.0,0.7986156888595913,1818.0,0.5988793671720501,912.0,0.3002636783124588,0.3002636783124588,WACC_0p9_WRT_0p1,0.68134475939354,1956,False,,,False,False,False,False,False,199.0,0.518324607329843
IBDD,Electricity,1693,0.71,85,0.6428571428571426,0.4717483562690882,0,82,3328,3558,981,207,183,0.4287546667383026,0.5107794823876122,0.4716418409786212,0.4287546667383026,0.3004306642296604,0.3333333333333337,1.2233606186634038,-2.534149843841321,1.7596622789832348,-1.2199335447094035,0.0606453741297639,0.5107794823876122,0.4552307170527129,0.055548765334899275,0.4716418409786212,0.4231445748189724,0.04849726615964883,0.4287546667383026,0.4702054019685239,0.0414507352302213,0.3004306642296604,0.4164022181024186,0.1159715538727582,0.3333333333333337,0.4632259210388736,0.1298925877055399,913.0,0.3005932762030323,981.0,0.3230059327620303,1504.0,0.495385629531971,2872.0,0.9462755438365195,2895.0,0.95385629531971,0.3005932762030323,WACC_0p1_WRT_0p9,0.6038233355306526,1957,False,,,False,False,False,False,False,82.0,0.21204188481675393
IBDD,Electricity,1014,0.73,224,0.7142857142857141,0.3061554966205457,0,206,2314,1583,658,41,1,0.6292729028669983,0.6825054109120267,0.6571058437849887,0.6292729028669983,0.23537592548418218,0.2592592592592596,1.2233606186634038,-2.534149843841321,1.7596622789832348,-1.2199335447094035,0.0606453741297639,0.6825054109120267,0.6368518220496673,0.04565358886235937,0.6571058437849887,0.5941389150053419,0.06296692877964682,0.6292729028669983,0.5720794088191291,0.05719349404786922,0.23537592548418218,0.3237366286618241,0.08836070317764194,0.2592592592592596,0.2462340727906816,0.013025186468577976,2820.0,0.9291364535266974,2689.0,0.8859591298615689,2567.0,0.8457481872116018,2245.0,0.7396176664469347,913.0,0.3005932762030323,0.3005932762030323,WACC_0p9_WRT_0p1,0.740210942649967,1958,False,,,False,False,False,False,False,206.0,0.5366492146596858
IBDD,Electricity,1245,0.73,87,0.7142857142857141,0.4677900638121001,0,79,773,3174,500,200,141,0.43354780711429075,0.5148843782689332,0.47607512853044787,0.43354780711429075,0.22270073803295595,0.2592592592592596,1.2233606186634038,-2.534149843841321,1.7596622789832348,-1.2199335447094035,0.0606453741297639,0.5148843782689332,0.4552396143461628,0.059644763922770405,0.47607512853044787,0.418063005111069,0.05801212341937889,0.43354780711429075,0.42703005711664815,0.006517749997642597,0.22270073803295595,0.34325097372225305,0.1205502356892971,0.2592592592592596,0.38172309405031896,0.12246383479105938,914.0,0.3009228740936058,934.0,0.3075148319050758,960.0,0.3160843770599868,2451.0,0.8075148319050758,2610.0,0.8599208965062624,0.3009228740936058,WACC_0p1_WRT_0p9,0.5183915622940013,1959,False,,,False,False,False,False,False,79.0,0.20418848167539266
IBDD,Electricity,1234,0.73,129,0.7142857142857141,0.4006065611337189,0,121,3232,2639,325,96,30,0.5149010579888075,0.5845561588242916,0.5513206515302349,0.5149010579888075,0.22270073803295595,0.2592592592592596,1.2233606186634038,-2.534149843841321,1.7596622789832348,-1.2199335447094035,0.0606453741297639,0.5845561588242916,0.5361717250376747,0.04838443378661683,0.5513206515302349,0.5229437379641603,0.028376913566074635,0.5149010579888075,0.5024074886188555,0.01249356936995194,0.22270073803295595,0.2482796081427464,0.025578870109790458,0.2592592592592596,0.25021339852979013,0.009045860729469446,2049.0,0.6750164798945286,2124.0,0.6997363216875412,1958.0,0.6450230718523401,916.0,0.3015820698747528,1029.0,0.33882663150955833,0.3015820698747528,WACC_0p7_WRT_0p3,0.5320369149637443,1960,False,,,False,False,False,False,False,121.0,0.31413612565445026
IBDD,Electricity,2262,0.71,79,0.6428571428571426,0.484200393167689,0,76,4460,3298,624,226,191,0.4136763567168665,0.4978662589372113,0.4576955596521882,0.4136763567168665,0.3004306642296604,0.3333333333333337,1.2233606186634038,-2.534149843841321,1.7596622789832348,-1.2199335447094035,0.0606453741297639,0.4978662589372113,0.45567758879926906,0.04218867013794225,0.4576955596521882,0.4248416064335859,0.032853953218602294,0.4136763567168665,0.46352189001784494,0.04984553330097846,0.3004306642296604,0.4202668195977535,0.11983615536809311,0.3333333333333337,0.43623445280291273,0.10290111946957903,916.0,0.3015820698747528,1000.0,0.32926829268292684,1416.0,0.466381015161503,2884.0,0.9502307185234015,2818.0,0.9284772577455505,0.3015820698747528,WACC_0p1_WRT_0p9,0.5951878707976268,1961,False,,,False,False,False,False,False,76.0,0.19633507853403143
IBDD,Electricity,1405,0.74,303,0.7499999999999998,0.2543423943671673,0,235,3528,3114,22,68,8,0.6920139648563499,0.7362375169525672,0.7151365183087726,0.6920139648563499,0.25954049716924665,0.22222222222222254,1.2233606186634038,-2.534149843841321,1.7596622789832348,-1.2199335447094035,0.0606453741297639,0.7362375169525672,0.6292973375874332,0.106940179365134,0.7151365183087726,0.6560672350548491,0.059069283253923466,0.6920139648563499,0.6483417928005616,0.04367217205578833,0.25954049716924665,0.3318561644365388,0.07231566726729216,0.22222222222222254,0.24638628703418117,0.024164064811958624,2788.0,0.9185893210283455,2918.0,0.9614370468029004,2883.0,0.9499011206328279,2341.0,0.7712590639419907,916.0,0.3015820698747528,0.3015820698747528,WACC_0p9_WRT_0p1,0.7805537244561634,1962,False,,,False,False,False,False,False,235.0,0.612565445026178
IBDD,Electricity,935,0.74,65,0.7499999999999998,0.5173226275773177,0,52,2145,1260,205,69,10,0.3735682745534433,0.46351727510500373,0.42059865711340405,0.3735682745534433,0.1838357749346038,0.22222222222222254,1.2233606186634038,-2.534149843841321,1.7596622789832348,-1.2199335447094035,0.0606453741297639,0.46351727510500373,0.554049872543951,0.09053259743894726,0.42059865711340405,0.5036876629591134,0.08308900584570933,0.3735682745534433,0.48786993880812624,0.11430166425468291,0.1838357749346038,0.2886605311054365,0.1048247561708327,0.22222222222222254,0.24641493450295632,0.024192712280733775,2245.0,0.7396176664469347,1913.0,0.6301911667765326,1775.0,0.5847066578773896,1786.0,0.5883322346736981,917.0,0.3019116677653263,0.3019116677653263,WACC_0p9_WRT_0p1,0.5689518787079763,1963,False,,,False,False,False,False,False,52.0,0.13350785340314136
IBDD,Electricity,2809,0.71,92,0.6428571428571426,0.4582750386595772,0,89,194,3787,254,201,168,0.4450696569353127,0.5247518117604384,0.48673195670127345,0.4450696569353127,0.3004306642296604,0.3333333333333337,1.2233606186634038,-2.534149843841321,1.7596622789832348,-1.2199335447094035,0.0606453741297639,0.5247518117604384,0.4591362720013894,0.06561553975904899,0.48673195670127345,0.41664338802321493,0.07008856867805852,0.4450696569353127,0.47501444727992076,0.029944790344608063,0.3004306642296604,0.4492609566491925,0.1488302924195321,0.3333333333333337,0.4920324202450164,0.15869908691168272,947.0,0.3117996044825313,917.0,0.3019116677653263,1564.0,0.515161502966381,2951.0,0.972313777191826,2968.0,0.9779169413315755,0.3019116677653263,WACC_0p3_WRT_0p7,0.6158206987475279,1964,False,,,False,False,False,False,False,89.0,0.23036649214659685
IBDD,Electricity,2047,0.74,88,0.7499999999999998,0.4658445274206108,0,75,2963,2793,961,199,86,0.435903678776714,0.516901971563811,0.47825412928891586,0.435903678776714,0.1838357749346038,0.22222222222222254,1.2233606186634038,-2.534149843841321,1.7596622789832348,-1.2199335447094035,0.0606453741297639,0.516901971563811,0.4577655310566782,0.05913644050713279,0.47825412928891586,0.4317688075481066,0.04648532174080927,0.435903678776714,0.42387006999125143,0.012033608785462557,0.1838357749346038,0.2573112227487418,0.073475447814138,0.22222222222222254,0.2974159339306587,0.07519371170843614,935.0,0.3078444297956493,1054.0,0.34706657877389585,918.0,0.3022412656558998,1150.0,0.37870797626895186,1966.0,0.6476598549769281,0.3022412656558998,WACC_0p5_WRT_0p5,0.396704021094265,1965,False,,,False,False,False,False,False,75.0,0.193717277486911
IBDD,Electricity,2061,0.74,91,0.7499999999999998,0.460136442071784,0,78,1565,2739,199,117,98,0.4428156628335633,0.5228214674811129,0.48464718487960196,0.4428156628335633,0.1838357749346038,0.22222222222222254,1.2233606186634038,-2.534149843841321,1.7596622789832348,-1.2199335447094035,0.0606453741297639,0.5228214674811129,0.464549742015705,0.05827172546540793,0.48464718487960196,0.42096435690210465,0.0636828279774973,0.4428156628335633,0.42391546992703344,0.018900192906529834,0.1838357749346038,0.2825373807400508,0.09870160580544701,0.22222222222222254,0.32960278653194314,0.1073805643097206,1013.0,0.3335530652603823,959.0,0.3157547791694133,919.0,0.3025708635464733,1687.0,0.5557020435069215,2266.0,0.7465392221489783,0.3025708635464733,WACC_0p5_WRT_0p5,0.45082399472643375,1966,False,,,False,False,False,False,False,78.0,0.20157068062827224
IBDD,Electricity,1010,0.73,153,0.7142857142857141,0.3714364590716454,0,145,1161,2269,997,132,10,0.5502234591212918,0.6148066350368121,0.5839911658397571,0.5502234591212918,0.22270073803295595,0.2592592592592596,1.2233606186634038,-2.534149843841321,1.7596622789832348,-1.2199335447094035,0.0606453741297639,0.6148066350368121,0.532819152409627,0.08198748262718514,0.5839911658397571,0.5197043581996542,0.06428680764010286,0.5502234591212918,0.5053249537481778,0.04489850537311402,0.22270073803295595,0.2514508186976852,0.028750080664729255,0.2592592592592596,0.2465130460214155,0.012746213237844084,2006.0,0.6608437705998682,2099.0,0.6914963744232037,1998.0,0.6582069874752802,1006.0,0.33124588002636784,919.0,0.3025708635464733,0.3025708635464733,WACC_0p9_WRT_0p1,0.5288727752142386,1967,False,,,False,False,False,False,False,145.0,0.3769633507853403
IBDD,Electricity,1777,0.73,84,0.7142857142857141,0.4737621586253954,0,76,2666,3067,108,231,96,0.4263161310595567,0.5086910947588492,0.4693863823395571,0.4263161310595567,0.22270073803295595,0.2592592592592596,1.2233606186634038,-2.534149843841321,1.7596622789832348,-1.2199335447094035,0.0606453741297639,0.5086910947588492,0.4595035572258763,0.04918753753297289,0.4693863823395571,0.4338837922866661,0.03550259005289097,0.4263161310595567,0.4239512079260975,0.002364923133459207,0.22270073803295595,0.26804786576351564,0.04534712773055968,0.2592592592592596,0.30972796502960254,0.05046870577034296,949.0,0.31245880026367834,1074.0,0.35365853658536583,920.0,0.3029004614370468,1398.0,0.46044825313118,2102.0,0.6924851680949242,0.3029004614370468,WACC_0p5_WRT_0p5,0.42439024390243907,1968,False,,,False,False,False,False,False,76.0,0.19633507853403143
IBDD,Electricity,702,0.73,91,0.7142857142857141,0.460136442071784,0,83,191,2414,604,155,5,0.4428156628335633,0.5228214674811129,0.48464718487960196,0.4428156628335633,0.22270073803295595,0.2592592592592596,1.2233606186634038,-2.534149843841321,1.7596622789832348,-1.2199335447094035,0.0606453741297639,0.5228214674811129,0.4654609096314698,0.05736055784964311,0.48464718487960196,0.4250020014008501,0.05964518347875186,0.4428156628335633,0.42565376500208474,0.017161897831478534,0.22270073803295595,0.24854016601786072,0.025839427984904767,0.2592592592592596,0.2686471361114292,0.00938787685216963,1027.0,0.33816743572841135,1001.0,0.3295978905735003,940.0,0.30949241924851684,921.0,0.3032300593276203,1474.0,0.485497692814766,0.3032300593276203,WACC_0p7_WRT_0p3,0.353197099538563,1969,False,,,False,False,False,False,False,83.0,0.21465968586387435
IBDD,Electricity,1471,0.71,86,0.6428571428571426,0.4697578353865064,0,83,2022,3556,639,247,212,0.4311650106214855,0.5128437262658452,0.4738712243671128,0.4311650106214855,0.3004306642296604,0.3333333333333337,1.2233606186634038,-2.534149843841321,1.7596622789832348,-1.2199335447094035,0.0606453741297639,0.5128437262658452,0.45597710359416066,0.05686662267168452,0.4738712243671128,0.4199699011226176,0.0539013232444952,0.4311650106214855,0.48749016966453695,0.056325159043051465,0.3004306642296604,0.46756986825291363,0.16713920402325322,0.3333333333333337,0.4991304329369322,0.1657970996035985,921.0,0.3032300593276203,952.0,0.31344759393539884,1765.0,0.5814106789716545,2990.0,0.9851680949241924,2978.0,0.9812129202373104,0.3032300593276203,WACC_0p1_WRT_0p9,0.6328938694792353,1970,False,,,False,False,False,False,False,83.0,0.21465968586387435
IBDD,Electricity,2118,0.73,148,0.7142857142857141,0.377119421762125,0,140,2634,3938,182,84,17,0.5433418963709491,0.6089131922466853,0.57762624762642,0.5433418963709491,0.22270073803295595,0.2592592592592596,1.2233606186634038,-2.534149843841321,1.7596622789832348,-1.2199335447094035,0.0606453741297639,0.6089131922466853,0.5744229931877594,0.03449019905892592,0.57762624762642,0.5537467887805515,0.023879458845868506,0.5433418963709491,0.5513655974330297,0.008023701062080613,0.22270073803295595,0.27543934084320665,0.052738602810250695,0.2592592592592596,0.24663812593847373,0.012621133320785849,2430.0,0.8005932762030323,2404.0,0.7920237310481213,2425.0,0.7989452867501649,1554.0,0.511865524060646,921.0,0.3032300593276203,0.3032300593276203,WACC_0p9_WRT_0p1,0.641331575477917,1971,False,,,False,False,False,False,False,140.0,0.36387434554973824
IBDD,Electricity,1733,0.73,103,0.7142857142857141,0.4390270024565642,0,95,4865,1657,262,105,70,0.46837731812650846,0.5447127381931928,0.5082897572486481,0.46837731812650846,0.22270073803295595,0.2592592592592596,1.2233606186634038,-2.534149843841321,1.7596622789832348,-1.2199335447094035,0.0606453741297639,0.5447127381931928,0.4792997502013106,0.06541298799188217,0.5082897572486481,0.4532572101355415,0.05503254711310662,0.46837731812650846,0.440945424527328,0.027431893599180468,0.22270073803295595,0.24858634725028902,0.025885609217333072,0.2592592592592596,0.2812082022466049,0.021948942987345343,1202.0,0.3958470665787739,1281.0,0.4218852999340804,1125.0,0.3704680290046144,922.0,0.3035596572181938,1733.0,0.5708635464733026,0.3035596572181938,WACC_0p7_WRT_0p3,0.412524719841793,1972,False,,,False,False,False,False,False,95.0,0.24607329842931938
IBDD,Electricity,2160,0.73,97,0.7142857142857141,0.4492584163869911,0,89,3457,2968,137,208,125,0.45598798516380645,0.5341023830060834,0.49683057364657,0.45598798516380645,0.22270073803295595,0.2592592592592596,1.2233606186634038,-2.534149843841321,1.7596622789832348,-1.2199335447094035,0.0606453741297639,0.5341023830060834,0.46229470314518295,0.07180767986090042,0.49683057364657,0.42217872777007126,0.07465184587649876,0.45598798516380645,0.4241364676469184,0.03185151751688803,0.22270073803295595,0.290968684556681,0.06826794652372506,0.2592592592592596,0.33144500215376727,0.07218574289450769,988.0,0.32531311799604484,968.0,0.3187211601845748,922.0,0.3035596572181938,1827.0,0.6018457481872116,2277.0,0.7501647989452868,0.3035596572181938,WACC_0p5_WRT_0p5,0.45992089650626233,1973,False,,,False,False,False,False,False,89.0,0.23036649214659685
IBDD,Electricity,236,0.72,187,0.6785714285714283,0.3370887523094868,0,174,1275,5000,1000,152,10,0.5918154793909554,0.6504264790864582,0.6224605974133748,0.5918154793909554,0.2615657011313083,0.2962962962962967,1.2233606186634038,-2.534149843841321,1.7596622789832348,-1.2199335447094035,0.0606453741297639,0.6504264790864582,0.5644794672635592,0.08594701182289899,0.6224605974133748,0.5705887836608419,0.051871813752532914,0.5918154793909554,0.5582373204159977,0.03357815897495764,0.2615657011313083,0.26474743929607875,0.0031817381647704646,0.2962962962962967,0.24670662589534606,0.049589670400950664,2345.0,0.7725774555042848,2543.0,0.8378378378378378,2476.0,0.8157547791694133,1339.0,0.44100197758734344,923.0,0.3038892551087673,0.3038892551087673,WACC_0p9_WRT_0p1,0.6342122610415294,1974,False,,,False,False,False,False,False,174.0,0.45287958115183247
IBDD,Electricity,1972,0.74,128,0.7499999999999998,0.4019361286569392,0,114,3296,3340,69,85,51,0.513291069882219,0.5831773480594705,0.5498315359042281,0.513291069882219,0.1907057967286068,0.22222222222222254,1.2233606186634038,-2.534149843841321,1.7596622789832348,-1.2199335447094035,0.0606453741297639,0.5831773480594705,0.5161168279948463,0.06706052006462426,0.5498315359042281,0.5157869535872902,0.034044582316937855,0.513291069882219,0.49803889138285806,0.015252178499360891,0.1907057967286068,0.2486686124585782,0.05796281572997139,0.22222222222222254,0.2707222790405778,0.04850005681835523,1773.0,0.5840474620962426,2050.0,0.6753460777851021,1911.0,0.6295319709953856,924.0,0.3042188529993408,1522.0,0.501318391562294,0.3042188529993408,WACC_0p7_WRT_0p3,0.538892551087673,1975,False,,,False,False,False,False,False,114.0,0.29581151832460734
IBDD,Electricity,1192,0.73,116,0.7142857142857141,0.4187473386096327,0,108,3942,982,151,112,38,0.4929341887095774,0.5657435007011216,0.5310029807572112,0.4929341887095774,0.22270073803295595,0.2592592592592596,1.2233606186634038,-2.534149843841321,1.7596622789832348,-1.2199335447094035,0.0606453741297639,0.5657435007011216,0.4954552272202185,0.07028827348090305,0.5310029807572112,0.45526408313149214,0.07573889762571906,0.4929341887095774,0.4522467420504182,0.04068744665915919,0.22270073803295595,0.2486807196666521,0.025979981633696136,0.2592592592592596,0.2576286523645945,0.0016306068946650987,1452.0,0.478246539222149,1308.0,0.4307844429795649,1260.0,0.4149637442320369,925.0,0.3045484508899143,1200.0,0.3951878707976269,0.3045484508899143,WACC_0p7_WRT_0p3,0.4047462096242584,1976,False,,,False,False,False,False,False,108.0,0.2801047120418848
IBDD,Electricity,1284,0.74,95,0.7499999999999998,0.4528086068783853,0,82,3798,2350,508,99,91,0.4516890199984838,0.5304207039779707,0.49285436029620844,0.4516890199984838,0.1838357749346038,0.22222222222222254,1.2233606186634038,-2.534149843841321,1.7596622789832348,-1.2199335447094035,0.0606453741297639,0.5304207039779707,0.4625720734714641,0.06784863050650658,0.49285436029620844,0.431026582150004,0.06182777814620444,0.4516890199984838,0.42451026734777464,0.02717875265070918,0.1838357749346038,0.26680198286626355,0.08296620793165976,0.22222222222222254,0.3144327026929179,0.09221048047069536,991.0,0.32630191166776534,1048.0,0.34508899143045485,926.0,0.3048780487804878,1374.0,0.4525379037574159,2149.0,0.7079762689518787,0.3048780487804878,WACC_0p5_WRT_0p5,0.4273566249176005,1977,False,,,False,False,False,False,False,82.0,0.21204188481675393
IBDD,Electricity,2019,0.73,108,0.7142857142857141,0.4309420365106688,0,100,1820,2952,715,181,126,0.478167493343437,0.5530971473222692,0.5173449191080508,0.478167493343437,0.22270073803295595,0.2592592592592596,1.2233606186634038,-2.534149843841321,1.7596622789832348,-1.2199335447094035,0.0606453741297639,0.5530971473222692,0.4570149366226254,0.09608221069964384,0.5173449191080508,0.4191643265197248,0.09818059258832601,0.478167493343437,0.4245250374186092,0.0536424559248278,0.22270073803295595,0.33994319881627366,0.11724246078331771,0.2592592592592596,0.3749489595148243,0.11568970025556474,926.0,0.3048780487804878,945.0,0.3111404087013843,927.0,0.3052076466710613,2413.0,0.7949901120632828,2579.0,0.8497033618984838,0.3048780487804878,WACC_0p1_WRT_0p9,0.5131839156229401,1978,False,,,False,False,False,False,False,100.0,0.2591623036649215
IBDD,Electricity,2261,0.74,123,0.7499999999999998,0.4087424748943598,0,109,2277,4835,942,144,34,0.5050491894961598,0.5761189149243676,0.542208428118317,0.5050491894961598,0.18753145598438328,0.22222222222222254,1.2233606186634038,-2.534149843841321,1.7596622789832348,-1.2199335447094035,0.0606453741297639,0.5761189149243676,0.528801219533865,0.04731769539050257,0.542208428118317,0.5288190786381333,0.013389349480183776,0.5050491894961598,0.5089970837457928,0.003947894249632933,0.18753145598438328,0.24868456362879746,0.06115310764441417,0.22222222222222254,0.26761735497030953,0.045395132748086986,1950.0,0.6423862887277522,2174.0,0.7162162162162162,2038.0,0.6713909030982201,926.0,0.3048780487804878,1448.0,0.476928147659855,0.3048780487804878,WACC_0p7_WRT_0p3,0.5623599208965062,1979,False,,,False,False,False,False,False,109.0,0.28272251308900526
IBDD,Electricity,2440,0.71,90,0.6428571428571426,0.462018189093476,0,87,686,3065,626,159,62,0.4405370344287458,0.5208700261252841,0.48253962821530677,0.4405370344287458,0.3004306642296604,0.3333333333333337,1.2233606186634038,-2.534149843841321,1.7596622789832348,-1.2199335447094035,0.0606453741297639,0.5208700261252841,0.47112520930982904,0.04974481681545506,0.48253962821530677,0.4477831801140379,0.03475644810126888,0.4405370344287458,0.43120423824611454,0.009332796182631276,0.3004306642296604,0.2486858059374947,0.05174485829216571,0.3333333333333337,0.2698678640480145,0.06346546928531921,1094.0,0.3602504943968359,1214.0,0.3998022412656559,994.0,0.32729070533948584,927.0,0.3052076466710613,1506.0,0.496044825313118,0.3052076466710613,WACC_0p7_WRT_0p3,0.37771918259723136,1980,False,,,False,False,False,False,False,87.0,0.225130890052356
IBDD,Electricity,2906,0.69,81,0.5714285714285711,0.4799488650928298,0,80,2339,3200,135,146,128,0.41882457936506384,0.502275251014843,0.4624572710960305,0.41882457936506384,0.3781605904263649,0.4074074074074079,1.2233606186634038,-2.534149843841321,1.7596622789832348,-1.2199335447094035,0.0606453741297639,0.502275251014843,0.45703021484399303,0.04524503617085002,0.4624572710960305,0.4263122568651372,0.036145014230893335,0.41882457936506384,0.427303577996102,0.008478998631038182,0.3781605904263649,0.3325909270253265,0.04556966340103841,0.4074074074074079,0.3736092879103902,0.033798119497017665,927.0,0.3052076466710613,1013.0,0.3335530652603823,961.0,0.31641397495056034,2349.0,0.7738958470665788,2572.0,0.8473961766644693,0.3052076466710613,WACC_0p1_WRT_0p9,0.5152933421226104,1981,False,,,False,False,False,False,False,80.0,0.20680628272251309
IBDD,Electricity,1326,0.74,262,0.7499999999999998,0.2792864730780935,0,219,4041,1292,467,108,7,0.6618089024183554,0.7103695834745697,0.6871991501525352,0.6618089024183554,0.2479070887857762,0.22222222222222254,1.2233606186634038,-2.534149843841321,1.7596622789832348,-1.2199335447094035,0.0606453741297639,0.7103695834745697,0.6325306202016812,0.07783896327288853,0.6871991501525352,0.6226806049222674,0.06451854523026779,0.6618089024183554,0.6023134735966804,0.05949542882167502,0.2479070887857762,0.2993124247093628,0.05140533592358662,0.22222222222222254,0.24689640776006205,0.02467418553783951,2805.0,0.9241924851680949,2806.0,0.9245220830586685,2739.0,0.9024390243902439,1944.0,0.6404087013843112,927.0,0.3052076466710613,0.3052076466710613,WACC_0p9_WRT_0p1,0.7393539881344761,1982,False,,,False,False,False,False,False,219.0,0.5706806282722513
IBDD,Electricity,1202,0.74,119,0.7499999999999998,0.41438816555554,0,105,4778,2733,851,115,79,0.498212759860783,0.5702641246090697,0.5358852545777952,0.498212759860783,0.18489842127384554,0.22222222222222254,1.2233606186634038,-2.534149843841321,1.7596622789832348,-1.2199335447094035,0.0606453741297639,0.5702641246090697,0.4882593251180512,0.08200479949101852,0.5358852545777952,0.4716163057653567,0.06426894881243855,0.498212759860783,0.46773237141470353,0.030480388446079476,0.18489842127384554,0.24869255724552625,0.06379413597168071,0.22222222222222254,0.2888884807336622,0.06666625851143965,1329.0,0.4377059986816084,1509.0,0.4970336189848385,1463.0,0.4818721160184575,928.0,0.3055372445616348,1844.0,0.6074489123269611,0.3055372445616348,WACC_0p7_WRT_0p3,0.4659195781147,1983,False,,,False,False,False,False,False,105.0,0.27225130890052357
IBDD,Electricity,2169,0.73,108,0.7142857142857141,0.4309420365106688,0,100,3392,3554,515,243,61,0.478167493343437,0.5530971473222692,0.5173449191080508,0.478167493343437,0.22270073803295595,0.2592592592592596,1.2233606186634038,-2.534149843841321,1.7596622789832348,-1.2199335447094035,0.0606453741297639,0.5530971473222692,0.5069372517473049,0.04615989557496436,0.5173449191080508,0.4854806864504376,0.03186423265761318,0.478167493343437,0.47725305064236967,0.0009144427010673306,0.22270073803295595,0.24877522261556398,0.026074484582608026,0.2592592592592596,0.27394241003558695,0.01468315077632737,1626.0,0.535596572181938,1680.0,0.553394858272907,1612.0,0.5309822017139091,929.0,0.3058668424522083,1598.0,0.52636783124588,0.3058668424522083,WACC_0p7_WRT_0p3,0.4904416611733685,1984,False,,,False,False,False,False,False,100.0,0.2591623036649215
IBDD,Electricity,2740,0.73,81,0.7142857142857141,0.4799488650928298,0,73,4951,1802,397,248,62,0.41882457936506384,0.502275251014843,0.4624572710960305,0.41882457936506384,0.22270073803295595,0.2592592592592596,1.2233606186634038,-2.534149843841321,1.7596622789832348,-1.2199335447094035,0.0606453741297639,0.502275251014843,0.4617773407387723,0.04049791027607075,0.4624572710960305,0.42762623876012185,0.034831032335908674,0.41882457936506384,0.4252989008415156,0.006474321476451772,0.22270073803295595,0.24878370783001563,0.02608296979705968,0.2592592592592596,0.2775485452933451,0.018289286034085528,981.0,0.3230059327620303,1021.0,0.33618984838497035,935.0,0.3078444297956493,930.0,0.3061964403427818,1670.0,0.5500988793671721,0.3061964403427818,WACC_0p7_WRT_0p3,0.3646671061305208,1985,False,,,False,False,False,False,False,73.0,0.18848167539267016
IBDD,Electricity,2250,0.73,303,0.7142857142857141,0.2543423943671673,0,254,4638,247,47,87,8,0.6920139648563499,0.7362375169525672,0.7151365183087726,0.6920139648563499,0.25954049716924665,0.2592592592592596,1.2233606186634038,-2.534149843841321,1.7596622789832348,-1.2199335447094035,0.0606453741297639,0.7362375169525672,0.7006930934636134,0.035544423488953814,0.7151365183087726,0.6600371648520424,0.055099353456730116,0.6920139648563499,0.6381062604691169,0.053907704387233024,0.25954049716924665,0.29669827182517733,0.037157774655930675,0.2592592592592596,0.24691072146483095,0.012348537794428627,2993.0,0.986156888595913,2922.0,0.9627554383651945,2857.0,0.9413315754779169,1900.0,0.6259063941990771,930.0,0.3061964403427818,0.3061964403427818,WACC_0p9_WRT_0p1,0.7644693473961766,1986,False,,,False,False,False,False,False,254.0,0.662303664921466
IBDD,Electricity,2570,0.71,81,0.6428571428571426,0.4799488650928298,0,78,4836,3018,895,188,153,0.41882457936506384,0.502275251014843,0.4624572710960305,0.41882457936506384,0.3004306642296604,0.3333333333333337,1.2233606186634038,-2.534149843841321,1.7596622789832348,-1.2199335447094035,0.0606453741297639,0.502275251014843,0.45760067080131356,0.04467458021352949,0.4624572710960305,0.43435444555403363,0.02810282554199689,0.41882457936506384,0.4363851016516247,0.017560522286560853,0.3004306642296604,0.3439791419298413,0.04354847770018089,0.3333333333333337,0.3756197083224866,0.042286374989152886,932.0,0.3068556361239288,1080.0,0.35563612392880684,1067.0,0.35135135135135137,2457.0,0.8094924192485168,2583.0,0.8510217534607778,0.3068556361239288,WACC_0p1_WRT_0p9,0.5348714568226762,1987,False,,,False,False,False,False,False,78.0,0.20157068062827224
IBDD,Electricity,1786,0.74,194,0.7499999999999998,0.3307943335215699,0,177,1614,3675,491,124,23,0.5994374611327238,0.6569540244961497,0.6295103464558416,0.5994374611327238,0.2238848756408467,0.22222222222222254,1.2233606186634038,-2.534149843841321,1.7596622789832348,-1.2199335447094035,0.0606453741297639,0.6569540244961497,0.5450593367238699,0.11189468777227984,0.6295103464558416,0.5393577358118398,0.09015261064400182,0.5994374611327238,0.5355476063739865,0.06388985475873732,0.2238848756408467,0.2563883619080023,0.0325034862671556,0.22222222222222254,0.24693796799894752,0.024715745776724973,2148.0,0.7076466710613052,2280.0,0.7511535926170072,2282.0,0.7518127883981542,1133.0,0.3731048121292024,932.0,0.3068556361239288,0.3068556361239288,WACC_0p9_WRT_0p1,0.5781147000659195,1988,False,,,False,False,False,False,False,177.0,0.4607329842931937
IBDD,Electricity,1665,0.7,76,0.6071428571428569,0.4907812504490119,0,74,216,2971,269,132,71,0.4057075234165282,0.49104166620102463,0.45032499949710664,0.4057075234165282,0.33929562732801266,0.37037037037037074,1.2233606186634038,-2.534149843841321,1.7596622789832348,-1.2199335447094035,0.0606453741297639,0.49104166620102463,0.45871330405829336,0.03232836214273127,0.45032499949710664,0.42306984469546166,0.027255154801644976,0.4057075234165282,0.42503680991018095,0.01932928649365273,0.33929562732801266,0.2823734328744713,0.05692219445354135,0.37037037037037074,0.32998376923204004,0.0403866011383307,944.0,0.3108108108108108,980.0,0.3226763348714568,933.0,0.3071852340145023,1683.0,0.5543836519446276,2267.0,0.7468688200395518,0.3071852340145023,WACC_0p5_WRT_0p5,0.44838497033618985,1989,False,,,False,False,False,False,False,74.0,0.19109947643979058
IBDD,Electricity,399,0.74,143,0.7499999999999998,0.3829963792662363,0,129,2208,4789,493,162,4,0.5362254231424002,0.602818569649829,0.5710440552218153,0.5362254231424002,0.1995389086625473,0.22222222222222254,1.2233606186634038,-2.534149843841321,1.7596622789832348,-1.2199335447094035,0.0606453741297639,0.602818569649829,0.5712621960240682,0.0315563736257608,0.5710440552218153,0.5422335250488775,0.028810530172937887,0.5362254231424002,0.5434781275115544,0.007252704369154261,0.1995389086625473,0.27537714966038446,0.07583824099783715,0.22222222222222254,0.24697988457273454,0.024757662350511994,2410.0,0.7940013183915623,2301.0,0.7580751483190508,2359.0,0.7771918259723137,1552.0,0.511206328279499,933.0,0.3071852340145023,0.3071852340145023,WACC_0p9_WRT_0p1,0.6295319709953857,1990,False,,,False,False,False,False,False,129.0,0.33507853403141363
IBDD,Electricity,2607,0.71,81,0.6428571428571426,0.4799488650928298,0,78,2947,2998,254,237,38,0.41882457936506384,0.502275251014843,0.4624572710960305,0.41882457936506384,0.3004306642296604,0.3333333333333337,1.2233606186634038,-2.534149843841321,1.7596622789832348,-1.2199335447094035,0.0606453741297639,0.502275251014843,0.48446637395745806,0.017808877057384986,0.4624572710960305,0.46139485653238316,0.0010624145636473625,0.41882457936506384,0.4532002145221576,0.03437563515709374,0.3004306642296604,0.24886512930486202,0.0515655349247984,0.3333333333333337,0.26091372404248714,0.07241960929084656,1272.0,0.4189189189189189,1373.0,0.45220830586684246,1278.0,0.4208965062623599,934.0,0.3075148319050758,1272.0,0.4189189189189189,0.3075148319050758,WACC_0p7_WRT_0p3,0.40369149637442325,1991,False,,,False,False,False,False,False,78.0,0.20157068062827224
IBDD,Electricity,107,0.75,75,0.7857142857142856,0.4930319771219003,0,21,162,1558,145,86,4,0.4029820934468227,0.48870757928099223,0.44780418562347163,0.4029820934468227,0.14822055526056124,0.18518518518518542,1.2233606186634038,-2.534149843841321,1.7596622789832348,-1.2199335447094035,0.0606453741297639,0.48870757928099223,0.5045182848874173,0.015810705606425113,0.44780418562347163,0.44612809569388995,0.0016760899295816811,0.4029820934468227,0.44351630784982876,0.040534214403006086,0.14822055526056124,0.26863688385103723,0.12041632859047599,0.18518518518518542,0.24700464332727776,0.06181945814209233,1579.0,0.5201054713249835,1197.0,0.3941990771259064,1152.0,0.3793671720500989,1408.0,0.46374423203691495,934.0,0.3075148319050758,0.3075148319050758,WACC_0p9_WRT_0p1,0.41298615688859586,1992,False,,,False,False,False,False,False,21.0,0.05235602094240838
IBDD,Electricity,2822,0.74,103,0.7499999999999998,0.4390270024565642,0,89,4197,2774,612,190,111,0.46837731812650846,0.5447127381931928,0.5082897572486481,0.46837731812650846,0.1838357749346038,0.22222222222222254,1.2233606186634038,-2.534149843841321,1.7596622789832348,-1.2199335447094035,0.0606453741297639,0.5447127381931928,0.46266860962016193,0.08204412857303084,0.5082897572486481,0.4281180956659462,0.08017166158270189,0.46837731812650846,0.42528617460323326,0.0430911435232752,0.1838357749346038,0.28611655728782887,0.10228078235322507,0.22222222222222254,0.3225495490179195,0.10032732679569695,994.0,0.32729070533948584,1026.0,0.33783783783783783,934.0,0.3075148319050758,1752.0,0.577125906394199,2219.0,0.7310481212920237,0.3075148319050758,WACC_0p5_WRT_0p5,0.45616348055372435,1993,False,,,False,False,False,False,False,89.0,0.23036649214659685
IBDD,Electricity,564,0.73,312,0.7142857142857141,0.2493190129531236,0,260,4480,3730,98,141,3,0.6980968333005787,0.741446949530094,0.7207627054925015,0.6980968333005787,0.2618832995686758,0.2592592592592596,1.2233606186634038,-2.534149843841321,1.7596622789832348,-1.2199335447094035,0.0606453741297639,0.741446949530094,0.616921310136144,0.12452563939395,0.7207627054925015,0.600660870618322,0.12010183487417958,0.6980968333005787,0.625141895988193,0.07295493731238567,0.2618832995686758,0.29693457870965795,0.03505127914098216,0.2592592592592596,0.24700740309111982,0.012251856168139758,2727.0,0.8984838497033619,2715.0,0.8945286750164799,2822.0,0.9297956493078444,1903.0,0.6268951878707977,935.0,0.3078444297956493,0.3078444297956493,WACC_0p9_WRT_0p1,0.7315095583388267,1994,False,,,False,False,False,False,False,260.0,0.6780104712041884
IBDD,Electricity,2445,0.74,198,0.7499999999999998,0.3272982105886909,0,180,867,3833,487,82,13,0.6036709552898866,0.6605796334635798,0.6334260041406661,0.6036709552898866,0.22551539590613048,0.22222222222222254,1.2233606186634038,-2.534149843841321,1.7596622789832348,-1.2199335447094035,0.0606453741297639,0.6605796334635798,0.5758768188944168,0.08470281456916307,0.6334260041406661,0.5652460535234415,0.0681799506172246,0.6036709552898866,0.5653336434404194,0.038337311849467204,0.22551539590613048,0.27759120410563193,0.052075808199501444,0.22222222222222254,0.24705434811894644,0.0248321258967239,2439.0,0.8035596572181938,2496.0,0.8223467369808833,2533.0,0.8345418589321029,1596.0,0.525708635464733,936.0,0.3081740276862228,0.3081740276862228,WACC_0p9_WRT_0p1,0.6588661832564272,1995,False,,,False,False,False,False,False,180.0,0.468586387434555
IBDD,Electricity,1916,0.73,92,0.7142857142857141,0.4582750386595772,0,84,4715,2424,939,131,86,0.4450696569353127,0.5247518117604384,0.48673195670127345,0.4450696569353127,0.22270073803295595,0.2592592592592596,1.2233606186634038,-2.534149843841321,1.7596622789832348,-1.2199335447094035,0.0606453741297639,0.5247518117604384,0.475805682304288,0.0489461294561504,0.48673195670127345,0.4538019147654823,0.03293004193579113,0.4450696569353127,0.4387370852281658,0.006332571707146906,0.22270073803295595,0.24893881195657797,0.026238073923622013,0.2592592592592596,0.2886518050358134,0.029392545776553813,1157.0,0.3810151615029664,1287.0,0.4238628872775214,1102.0,0.36288727752142386,937.0,0.3085036255767963,1836.0,0.6048121292023731,0.3085036255767963,WACC_0p7_WRT_0p3,0.41621621621621624,1996,False,,,False,False,False,False,False,84.0,0.21727748691099477
IBDD,Electricity,577,0.73,287,0.7142857142857141,0.2636515878888698,0,245,1658,2921,235,75,8,0.6807413588471638,0.7265835384856165,0.7047102215644658,0.6807413588471638,0.25519887961689003,0.2592592592592596,1.2233606186634038,-2.534149843841321,1.7596622789832348,-1.2199335447094035,0.0606453741297639,0.7265835384856165,0.6097182580717087,0.11686528041390787,0.7047102215644658,0.6101918995366338,0.09451832202783206,0.6807413588471638,0.6023696953145485,0.07837166353261527,0.25519887961689003,0.30247698916386223,0.0472781095469722,0.2592592592592596,0.24708999750629043,0.012169261752969146,2697.0,0.8885959129861569,2751.0,0.9063941990771259,2740.0,0.9027686222808174,1991.0,0.6558998022412657,937.0,0.3085036255767963,0.3085036255767963,WACC_0p9_WRT_0p1,0.7324324324324325,1997,False,,,False,False,False,False,False,245.0,0.6387434554973822
IBDD,Electricity,159,0.73,100,0.7142857142857141,0.4440667223993342,0,92,1128,1,2,179,1,0.462274665176063,0.539486361956246,0.5026452709127456,0.462274665176063,0.22270073803295595,0.2592592592592596,1.2233606186634038,-2.534149843841321,1.7596622789832348,-1.2199335447094035,0.0606453741297639,0.539486361956246,0.4670575552111566,0.07242880674508939,0.5026452709127456,0.41834217668114176,0.08430309423160381,0.462274665176063,0.4399820147676772,0.02229265040838585,0.22270073803295595,0.25546738176483047,0.03276664373187452,0.2592592592592596,0.26298577590786215,0.0037265166486025736,1048.0,0.34508899143045485,938.0,0.3088332234673698,1116.0,0.36750164798945284,1111.0,0.36585365853658536,1327.0,0.43704680290046144,0.3088332234673698,WACC_0p3_WRT_0p7,0.36486486486486486,1998,False,,,False,False,False,False,False,92.0,0.23821989528795812
IBDD,Electricity,2860,0.69,86,0.5714285714285711,0.4697578353865064,0,85,453,3390,317,148,121,0.4311650106214855,0.5128437262658452,0.4738712243671128,0.4311650106214855,0.3781605904263649,0.4074074074074079,1.2233606186634038,-2.534149843841321,1.7596622789832348,-1.2199335447094035,0.0606453741297639,0.5128437262658452,0.45818370149554566,0.05466002477029952,0.4738712243671128,0.4245867919981734,0.049284432368939424,0.4311650106214855,0.43082561790544055,0.0003393927160449395,0.3781605904263649,0.32993496724635935,0.04822562318000556,0.4074074074074079,0.385865183607946,0.021542223799461857,938.0,0.3088332234673698,995.0,0.3276203032300593,988.0,0.32531311799604484,2319.0,0.7640079103493738,2631.0,0.8668424522083059,0.3088332234673698,WACC_0p1_WRT_0p9,0.5185234014502307,1999,False,,,False,False,False,False,False,85.0,0.2198952879581152
IBDD,Electricity,1707,0.73,120,0.7142857142857141,0.4129592931336661,0,112,2842,4753,447,152,54,0.4999429973740139,0.5717459182317536,0.537485591690294,0.4999429973740139,0.22270073803295595,0.2592592592592596,1.2233606186634038,-2.534149843841321,1.7596622789832348,-1.2199335447094035,0.0606453741297639,0.5717459182317536,0.5284297714314394,0.04331614680031415,0.537485591690294,0.5121626899681375,0.025322901722156455,0.4999429973740139,0.49759983677121017,0.0023431606028037066,0.22270073803295595,0.24898135035942806,0.026280612326472108,0.2592592592592596,0.2679237245382624,0.008664465279002831,1946.0,0.6410678971654581,2010.0,0.6621621621621622,1904.0,0.6272247857613711,939.0,0.3091628213579433,1459.0,0.48055372445616346,0.3091628213579433,WACC_0p7_WRT_0p3,0.5440342781806196,2000,False,,,False,False,False,False,False,112.0,0.2905759162303665
IBDD,Electricity,2966,0.68,83,0.5357142857142857,0.475799793515297,0,82,125,3433,394,194,79,0.4238487363007214,0.5065779919100624,0.4671042312628673,0.4238487363007214,0.4170255535247168,0.44444444444444453,1.2233606186634038,-2.534149843841321,1.7596622789832348,-1.2199335447094035,0.0606453741297639,0.5065779919100624,0.45820977897920956,0.048368212930852805,0.4671042312628673,0.4348698449221672,0.03223438634070014,0.4238487363007214,0.44989120668763166,0.026042470386910266,0.4170255535247168,0.3481954410599881,0.0688301124647287,0.44444444444444453,0.38425441570089724,0.060190028743547286,939.0,0.3091628213579433,1086.0,0.35761371127224784,1228.0,0.4044166117336849,2484.0,0.8183915622940013,2618.0,0.8625576796308504,0.3091628213579433,WACC_0p1_WRT_0p9,0.5504284772577456,2001,False,,,False,False,False,False,False,82.0,0.21204188481675393
IBDD,Electricity,560,0.74,418,0.7499999999999998,0.1991002061962623,0,280,3074,3804,547,64,3,0.7589073451351225,0.793525712092765,0.7770077690601862,0.7589073451351225,0.2853043244260601,0.22222222222222254,1.2233606186634038,-2.534149843841321,1.7596622789832348,-1.2199335447094035,0.0606453741297639,0.793525712092765,0.6349721701136364,0.15855354197912863,0.7770077690601862,0.638159440171357,0.13884832888882925,0.7589073451351225,0.6485861362456753,0.11032120888944719,0.2853043244260601,0.33769201664258114,0.052387692216521065,0.22222222222222254,0.24711820217079639,0.024895979948573843,2813.0,0.926829268292683,2863.0,0.9433091628213579,2885.0,0.950560316413975,2385.0,0.7857613711272248,939.0,0.3091628213579433,0.3091628213579433,WACC_0p9_WRT_0p1,0.7831245880026367,2002,False,,,False,False,False,False,False,280.0,0.7303664921465969
IBDD,Electricity,2888,0.73,189,0.7142857142857141,0.3352667444216886,0,174,495,4945,662,175,9,0.5940217690138853,0.6523159687478784,0.6245012462477088,0.5940217690138853,0.22270073803295595,0.2592592592592596,1.2233606186634038,-2.534149843841321,1.7596622789832348,-1.2199335447094035,0.0606453741297639,0.6523159687478784,0.5411231169697391,0.11119285177813931,0.6245012462477088,0.5360909405284684,0.08841030571924036,0.5940217690138853,0.5254356548405263,0.06858611417335891,0.22270073803295595,0.25483930348158895,0.032138565448633,0.2592592592592596,0.2471295837965098,0.01212967546274979,2114.0,0.6964403427818062,2255.0,0.7429136453526698,2201.0,0.7251153592617007,1098.0,0.36156888595912984,940.0,0.30949241924851684,0.30949241924851684,WACC_0p9_WRT_0p1,0.5671061305207646,2003,False,,,False,False,False,False,False,174.0,0.45287958115183247
IBDD,Electricity,2853,0.71,83,0.6428571428571426,0.475799793515297,0,80,1101,3448,568,232,182,0.4238487363007214,0.5065779919100624,0.4671042312628673,0.4238487363007214,0.3004306642296604,0.3333333333333337,1.2233606186634038,-2.534149843841321,1.7596622789832348,-1.2199335447094035,0.0606453741297639,0.5065779919100624,0.4582182973662572,0.048359694543805176,0.4671042312628673,0.420037987424365,0.04706624383850233,0.4238487363007214,0.46179088555643766,0.03794214925571626,0.3004306642296604,0.4195400637835203,0.11910939955385991,0.3333333333333337,0.4563078773441007,0.12297454401076702,940.0,0.30949241924851684,953.0,0.3137771918259723,1390.0,0.45781147000659195,2881.0,0.9492419248516809,2880.0,0.9489123269611075,0.30949241924851684,WACC_0p1_WRT_0p9,0.5958470665787738,2004,False,,,False,False,False,False,False,80.0,0.20680628272251309
IBDD,Electricity,2596,0.74,169,0.7499999999999998,0.3544173672480289,0,155,4186,4120,64,122,47,0.5708320667643204,0.6324560635946368,0.6030525486822076,0.5708320667643204,0.21286757563224723,0.22222222222222254,1.2233606186634038,-2.534149843841321,1.7596622789832348,-1.2199335447094035,0.0606453741297639,0.6324560635946368,0.5334214870368229,0.09903457655781389,0.6030525486822076,0.5404202090588296,0.062632339623378,0.5708320667643204,0.5349800145845365,0.03585205217978393,0.21286757563224723,0.24901631168157887,0.03614873604933164,0.22222222222222254,0.25216602399994786,0.02994380177772532,2015.0,0.6638101516150297,2286.0,0.7531311799604482,2277.0,0.7501647989452868,941.0,0.3098220171390903,1069.0,0.35201054713249835,0.3098220171390903,WACC_0p7_WRT_0p3,0.5657877389584706,2005,False,,,False,False,False,False,False,155.0,0.4031413612565445
IBDD,Electricity,2469,0.74,96,0.7499999999999998,0.4510243614951085,0,83,4191,2484,270,230,76,0.45384958258454444,0.5322710325235911,0.4948527151254784,0.45384958258454444,0.1838357749346038,0.22222222222222254,1.2233606186634038,-2.534149843841321,1.7596622789832348,-1.2199335447094035,0.0606453741297639,0.5322710325235911,0.463865925855347,0.06840510666824406,0.4948527151254784,0.43421945713067617,0.06063325799480224,0.45384958258454444,0.43389868742203996,0.01995089516250448,0.1838357749346038,0.2490427130019149,0.06520693806731112,0.22222222222222254,0.2843749889514135,0.062152766729190956,1007.0,0.3315754779169413,1076.0,0.35431773236651287,1034.0,0.34047462096242587,942.0,0.3101516150296638,1780.0,0.5863546473302571,0.3101516150296638,WACC_0p7_WRT_0p3,0.3845748187211602,2006,False,,,False,False,False,False,False,83.0,0.21465968586387435
IBDD,Electricity,631,0.73,404,0.7142857142857141,0.2049514827190931,0,295,3515,2709,828,79,4,0.7518219692925319,0.7874577216246442,0.7704543393546156,0.7518219692925319,0.28257540867240316,0.2592592592592596,1.2233606186634038,-2.534149843841321,1.7596622789832348,-1.2199335447094035,0.0606453741297639,0.7874577216246442,0.6415280405466645,0.14592968107797977,0.7704543393546156,0.6527997232985042,0.11765461605611138,0.7518219692925319,0.6522115217294875,0.09961044756304438,0.28257540867240316,0.33154404617782696,0.048968637505423795,0.2592592592592596,0.2472003475124599,0.012058911746799683,2834.0,0.9337508239947264,2903.0,0.956493078444298,2896.0,0.9541858932102835,2339.0,0.7705998681608438,942.0,0.3101516150296638,0.3101516150296638,WACC_0p9_WRT_0p1,0.7850362557679631,2007,False,,,False,False,False,False,False,295.0,0.7696335078534031
IBDD,Electricity,1199,0.7,81,0.6071428571428569,0.4799488650928298,0,79,2858,3264,628,153,148,0.41882457936506384,0.502275251014843,0.4624572710960305,0.41882457936506384,0.33929562732801266,0.37037037037037074,1.2233606186634038,-2.534149843841321,1.7596622789832348,-1.2199335447094035,0.0606453741297639,0.502275251014843,0.45864878404726883,0.04362646696757422,0.4624572710960305,0.42296976215585047,0.03948750894018005,0.41882457936506384,0.43137465061597946,0.012550071250915618,0.33929562732801266,0.36289536782089205,0.023599740492879384,0.37037037037037074,0.39033865135671103,0.019968280986340292,943.0,0.31048121292023734,978.0,0.3220171390903098,998.0,0.3286090969017798,2628.0,0.8658536585365854,2656.0,0.8750823994726433,0.31048121292023734,WACC_0p1_WRT_0p9,0.5404087013843111,2008,False,,,False,False,False,False,False,79.0,0.20418848167539266
IBDD,Electricity,2817,0.74,165,0.7499999999999998,0.3585170404207828,0,151,1202,4303,173,117,21,0.5658677269066145,0.6282045506747438,0.5984609147287232,0.5658677269066145,0.21095557187335456,0.22222222222222254,1.2233606186634038,-2.534149843841321,1.7596622789832348,-1.2199335447094035,0.0606453741297639,0.6282045506747438,0.5649043468925008,0.06330020378224299,0.5984609147287232,0.5516601734926511,0.04680074123607214,0.5658677269066145,0.5475471514921314,0.018320575414483065,0.21095557187335456,0.26032399813891566,0.049368426265561094,0.22222222222222254,0.2472080414213481,0.02498581919912557,2351.0,0.7745550428477258,2391.0,0.7877389584706658,2395.0,0.7890573500329597,1238.0,0.4077125906394199,944.0,0.3108108108108108,0.3108108108108108,WACC_0p9_WRT_0p1,0.6139749505603164,2009,False,,,False,False,False,False,False,151.0,0.39267015706806285
IBDD,Electricity,189,0.72,4,0.6785714285714283,0.9615795586771548,0,2,1,1,1000,21,1,0.17831030738124148,0.0028063835940616228,0.03428571428571432,0.17831030738124148,0.2615657011313083,0.2962962962962967,1.2233606186634038,-2.534149843841321,1.7596622789832348,-1.2199335447094035,0.0606453741297639,0.0028063835940616228,0.4589205409335523,0.4561141573394907,0.03428571428571432,0.44464939212684396,0.41036367784112965,0.17831030738124148,0.5088909645867312,0.33058065720548974,0.2615657011313083,0.3603372766896393,0.09877157555833099,0.2962962962962967,0.3735833977165323,0.0772871014202356,945.0,0.3111404087013843,1183.0,0.38958470665787737,2036.0,0.6707317073170732,2607.0,0.8589321028345419,2570.0,0.8467369808833224,0.3111404087013843,WACC_0p1_WRT_0p9,0.6154251812788398,2010,False,,,False,False,False,False,False,2.0,0.002617801047120419
IBDD,Electricity,2256,0.71,88,0.6428571428571426,0.4658445274206108,0,85,1555,3496,471,215,171,0.435903678776714,0.516901971563811,0.47825412928891586,0.435903678776714,0.3004306642296604,0.3333333333333337,1.2233606186634038,-2.534149843841321,1.7596622789832348,-1.2199335447094035,0.0606453741297639,0.516901971563811,0.4591175752335831,0.057784396330227916,0.47825412928891586,0.42265944287057455,0.05559468641834131,0.435903678776714,0.4634296305426164,0.02752595176590239,0.3004306642296604,0.4138965424729441,0.11346587824328369,0.3333333333333337,0.4496651231250479,0.11633178979171421,946.0,0.31147000659195784,973.0,0.32036914963744234,1414.0,0.46572181938035595,2865.0,0.9439683586025049,2853.0,0.9400131839156229,0.31147000659195784,WACC_0p1_WRT_0p9,0.5963085036255767,2011,False,,,False,False,False,False,False,85.0,0.2198952879581152
IBDD,Electricity,1243,0.71,88,0.6428571428571426,0.4658445274206108,0,85,2741,3607,598,236,221,0.435903678776714,0.516901971563811,0.47825412928891586,0.435903678776714,0.3004306642296604,0.3333333333333337,1.2233606186634038,-2.534149843841321,1.7596622789832348,-1.2199335447094035,0.0606453741297639,0.516901971563811,0.46483448556455814,0.05206748599925287,0.47825412928891586,0.419201552982605,0.05905257630631089,0.435903678776714,0.48974660624419425,0.05384292746748026,0.3004306642296604,0.4782213268806879,0.1777906626510275,0.3333333333333337,0.5093549474176625,0.17602161408432881,1016.0,0.3345418589321028,946.0,0.31147000659195784,1803.0,0.5939353988134476,3011.0,0.992089650626236,2994.0,0.9864864864864865,0.31147000659195784,WACC_0p3_WRT_0p7,0.6437046802900461,2012,False,,,False,False,False,False,False,85.0,0.2198952879581152
IBDD,Electricity,2246,0.74,264,0.7499999999999998,0.2779820870011598,0,220,3792,4057,715,131,14,0.6633883980314677,0.7117222801469454,0.688660062558701,0.6633883980314677,0.24851542778672858,0.22222222222222254,1.2233606186634038,-2.534149843841321,1.7596622789832348,-1.2199335447094035,0.0606453741297639,0.7117222801469454,0.5890469634521037,0.12267531669484166,0.688660062558701,0.5786502713573076,0.11000979120139343,0.6633883980314677,0.5865843467481484,0.07680405128331924,0.24851542778672858,0.27972195161250374,0.031206523825775156,0.22222222222222254,0.247240732487763,0.025018510265540445,2558.0,0.8427818061964404,2600.0,0.8566249176005274,2667.0,0.8787079762689519,1640.0,0.540210942649967,946.0,0.31147000659195784,0.31147000659195784,WACC_0p9_WRT_0p1,0.6859591298615689,2013,False,,,False,False,False,False,False,220.0,0.5732984293193717
IBDD,Electricity,1487,0.71,71,0.6428571428571426,0.5023411706436027,0,68,3445,2770,257,162,77,0.3917094874376366,0.4790536008140415,0.4373778888791649,0.3917094874376366,0.3004306642296604,0.3333333333333337,1.2233606186634038,-2.534149843841321,1.7596622789832348,-1.2199335447094035,0.0606453741297639,0.4790536008140415,0.46264038929890317,0.01641321151513836,0.4373778888791649,0.4435888180778148,0.006210929198649906,0.3917094874376366,0.4344769316456789,0.04276744420804229,0.3004306642296604,0.24919340209155721,0.0512372621381032,0.3333333333333337,0.2993839116283643,0.033949421704969396,993.0,0.3269611074489123,1171.0,0.38562953197099537,1044.0,0.34377059986816083,947.0,0.3117996044825313,1997.0,0.6578773895847067,0.3117996044825313,WACC_0p7_WRT_0p3,0.4052076466710613,2014,False,,,False,False,False,False,False,68.0,0.17539267015706805
IBDD,Electricity,1356,0.73,212,0.7142857142857141,0.3155922767643708,0,195,4064,4694,110,142,18,0.6178458007975598,0.6727191203925043,0.6465366500239046,0.6178458007975598,0.23097480413949792,0.2592592592592596,1.2233606186634038,-2.534149843841321,1.7596622789832348,-1.2199335447094035,0.0606453741297639,0.6727191203925043,0.5842898831111158,0.0884292372813884,0.6465366500239046,0.5775793738936789,0.06895727613022573,0.6178458007975598,0.5783438716026312,0.039501929194928564,0.23097480413949792,0.2649174686377476,0.0339426644982497,0.2592592592592596,0.24724886510982197,0.012010394149437609,2516.0,0.8289386947923534,2592.0,0.8539881344759394,2609.0,0.8595912986156888,1341.0,0.4416611733684904,947.0,0.3117996044825313,0.3117996044825313,WACC_0p9_WRT_0p1,0.6591957811470007,2015,False,,,False,False,False,False,False,195.0,0.5078534031413613
IBDD,Electricity,1762,0.73,117,0.7142857142857141,0.4172819839037627,0,109,1839,2623,548,113,75,0.49470860302639985,0.5672631278035053,0.5326441780277857,0.49470860302639985,0.22270073803295595,0.2592592592592596,1.2233606186634038,-2.534149843841321,1.7596622789832348,-1.2199335447094035,0.0606453741297639,0.5672631278035053,0.46626056579342834,0.10100256201007696,0.5326441780277857,0.43203799766453943,0.10060618036324631,0.49470860302639985,0.42602034172746434,0.06868826129893552,0.22270073803295595,0.2689712349597228,0.04627049692676685,0.2592592592592596,0.3056316450311754,0.046372385771915825,1039.0,0.34212261041529335,1060.0,0.34904416611733685,948.0,0.3121292023731048,1414.0,0.46572181938035595,2044.0,0.6733684904416611,0.3121292023731048,WACC_0p5_WRT_0p5,0.4284772577455504,2016,False,,,False,False,False,False,False,109.0,0.28272251308900526
IBDD,Electricity,1650,0.74,118,0.7499999999999998,0.4158289952077859,0,104,4062,3271,105,123,74,0.4964680432042589,0.5687699308956294,0.5342715253672798,0.4964680432042589,0.18422644777865899,0.22222222222222254,1.2233606186634038,-2.534149843841321,1.7596622789832348,-1.2199335447094035,0.0606453741297639,0.5687699308956294,0.5014799190698024,0.06729001182582706,0.5342715253672798,0.4956593532940223,0.03861217207325757,0.4964680432042589,0.47715658546067186,0.019311457743587057,0.18422644777865899,0.24926035670703126,0.06503390892837227,0.22222222222222254,0.27863568809055506,0.05641346586833251,1538.0,0.50659195781147,1819.0,0.5992089650626236,1608.0,0.529663810151615,950.0,0.3127883981542518,1686.0,0.555372445616348,0.3127883981542518,WACC_0p7_WRT_0p3,0.5007251153592616,2017,False,,,False,False,False,False,False,104.0,0.2696335078534031
IBDD,Electricity,1918,0.74,134,0.7499999999999998,0.3941085017086084,0,120,2397,4960,289,149,14,0.5227696304438523,0.5912948871169988,0.5585984780863587,0.5227696304438523,0.19435644191854132,0.22222222222222254,1.2233606186634038,-2.534149843841321,1.7596622789832348,-1.2199335447094035,0.0606453741297639,0.5912948871169988,0.5582202074673642,0.03307467964963462,0.5585984780863587,0.547043725956087,0.011554752130271684,0.5227696304438523,0.5316382942800708,0.008868663836218538,0.19435644191854132,0.25155766428264875,0.057201222364107435,0.22222222222222254,0.24728813468625158,0.025065912464029033,2282.0,0.7518127883981542,2343.0,0.7719182597231378,2247.0,0.7402768622280818,1011.0,0.3328938694792353,950.0,0.3127883981542518,0.3127883981542518,WACC_0p9_WRT_0p1,0.5819380355965722,2018,False,,,False,False,False,False,False,120.0,0.31151832460732987
IBDD,Electricity,1758,0.71,85,0.6428571428571426,0.4717483562690882,0,82,2327,3632,259,223,173,0.4287546667383026,0.5107794823876122,0.4716418409786212,0.4287546667383026,0.3004306642296604,0.3333333333333337,1.2233606186634038,-2.534149843841321,1.7596622789832348,-1.2199335447094035,0.0606453741297639,0.5107794823876122,0.4643372528781137,0.046442229509498445,0.4716418409786212,0.4196821003649681,0.051959740613653105,0.4287546667383026,0.459745359394621,0.03099069265631843,0.3004306642296604,0.42420592187360795,0.12377525764394753,0.3333333333333337,0.4645316303514182,0.1311982970180845,1011.0,0.3328938694792353,950.0,0.3127883981542518,1358.0,0.44726433750823996,2895.0,0.95385629531971,2901.0,0.955833882663151,0.3127883981542518,WACC_0p3_WRT_0p7,0.6005273566249176,2019,False,,,False,False,False,False,False,82.0,0.21204188481675393
IBDD,Electricity,1050,0.75,77,0.7857142857142856,0.4885595662217817,0,22,92,2058,750,94,4,0.40839778556566114,0.49334563502926343,0.4528132858316045,0.40839778556566114,0.15030639627568654,0.18518518518518542,1.2233606186634038,-2.534149843841321,1.7596622789832348,-1.2199335447094035,0.0606453741297639,0.49334563502926343,0.473879093730458,0.01946654129880543,0.4528132858316045,0.4436118217847572,0.009201464046847296,0.40839778556566114,0.42615305045440305,0.017755264888741906,0.15030639627568654,0.2775224295048293,0.12721603322914277,0.18518518518518542,0.261110141905685,0.07592495672049956,1130.0,0.3721160184574819,1172.0,0.3859591298615689,951.0,0.3131179960448253,1593.0,0.5247198417930126,1278.0,0.4208965062623599,0.3131179960448253,WACC_0p5_WRT_0p5,0.4033618984838497,2020,False,,,False,False,False,False,False,22.0,0.0549738219895288
IBDD,Electricity,2994,0.69,87,0.5714285714285711,0.4677900638121001,0,86,1113,3335,949,153,137,0.43354780711429075,0.5148843782689332,0.47607512853044787,0.43354780711429075,0.3781605904263649,0.4074074074074079,1.2233606186634038,-2.534149843841321,1.7596622789832348,-1.2199335447094035,0.0606453741297639,0.5148843782689332,0.45980959917430025,0.05507477909463293,0.47607512853044787,0.4323230250813887,0.043752103449059165,0.43354780711429075,0.4371950268143777,0.0036472197000869677,0.3781605904263649,0.3584467928975979,0.019713797528767008,0.4074074074074079,0.3894357399249507,0.01797166748245721,953.0,0.3137771918259723,1063.0,0.35003295978905735,1075.0,0.35398813447593935,2592.0,0.8539881344759394,2653.0,0.8740936058009229,0.3137771918259723,WACC_0p1_WRT_0p9,0.5491760052735664,2021,False,,,False,False,False,False,False,86.0,0.22251308900523561
IBDD,Electricity,349,0.74,868,0.7499999999999998,0.0735010396643441,0,364,3715,4251,216,86,1,0.9109967733004887,0.9237766996073469,0.9176788355759345,0.9109967733004887,0.3438812080954216,0.22222222222222254,1.2233606186634038,-2.534149843841321,1.7596622789832348,-1.2199335447094035,0.0606453741297639,0.9237766996073469,0.6477341975934956,0.2760425020138513,0.9176788355759345,0.6546783751649811,0.2630004604109535,0.9109967733004887,0.6724224689500345,0.23857430435045412,0.3438812080954216,0.3435992054809966,0.0002820026144250143,0.22222222222222254,0.24739146352308913,0.02516924130086659,2869.0,0.9452867501647989,2909.0,0.958470665787739,2949.0,0.971654581410679,2456.0,0.8091628213579433,953.0,0.3137771918259723,0.3137771918259723,WACC_0p9_WRT_0p1,0.7996704021094264,2022,False,,,False,False,False,False,False,364.0,0.9502617801047121
IBDD,Electricity,477,0.67,140,0.5,0.3866213160747044,0,134,2042,3633,673,245,4,0.5318359468301079,0.5990593759225288,0.5669841259963311,0.5318359468301079,0.455890516623069,0.48148148148148157,1.2233606186634038,-2.534149843841321,1.7596622789832348,-1.2199335447094035,0.0606453741297639,0.5990593759225288,0.5248408691855702,0.07421850673695862,0.5669841259963311,0.5037027051898874,0.06328142080644372,0.5318359468301079,0.5083259103200257,0.02351003651008221,0.455890516623069,0.24944800536259032,0.2064425112604787,0.48148148148148157,0.25355895092590247,0.2279225305555791,1902.0,0.6265655899802242,1915.0,0.6308503625576797,2032.0,0.6694133157547791,954.0,0.3141067897165458,1104.0,0.36354647330257084,0.3141067897165458,WACC_0p7_WRT_0p3,0.5208965062623598,2023,False,,,False,False,False,False,False,134.0,0.3481675392670157
IBDD,Electricity,895,0.73,370,0.7142857142857141,0.2200489235835503,0,285,1694,2405,773,85,1,0.7335403101761697,0.7718011162837256,0.7535452055864237,0.7335403101761697,0.275534270887483,0.2592592592592596,1.2233606186634038,-2.534149843841321,1.7596622789832348,-1.2199335447094035,0.0606453741297639,0.7718011162837256,0.6215510660112807,0.15025005027244487,0.7535452055864237,0.6103392818406478,0.1432059237457759,0.7335403101761697,0.5887458989144663,0.14479441126170345,0.275534270887483,0.31681675063000964,0.041282479742526634,0.2592592592592596,0.24746134458527777,0.011797914673981807,2747.0,0.9050758075148319,2753.0,0.9070533948582729,2673.0,0.8806855636123929,2166.0,0.7135794330916282,955.0,0.31443638760711934,0.31443638760711934,WACC_0p9_WRT_0p1,0.744166117336849,2024,False,,,False,False,False,False,False,285.0,0.743455497382199
IBDD,Electricity,2725,0.72,69,0.6785714285714283,0.5071915798046006,0,62,1764,2791,673,223,52,0.3858360730191042,0.47402354686930304,0.4319454306188472,0.3858360730191042,0.2615657011313083,0.2962962962962967,1.2233606186634038,-2.534149843841321,1.7596622789832348,-1.2199335447094035,0.0606453741297639,0.47402354686930304,0.47060592526185796,0.003417621607445076,0.4319454306188472,0.45410809574078503,0.02216266512193782,0.3858360730191042,0.4472068486375167,0.061370775618412476,0.2615657011313083,0.2495728137218559,0.011992887409452369,0.2962962962962967,0.27691239266852097,0.019383903627775756,1086.0,0.35761371127224784,1293.0,0.4258404746209624,1193.0,0.3928806855636124,957.0,0.3150955833882663,1651.0,0.5438365194462755,0.3150955833882663,WACC_0p7_WRT_0p3,0.4070533948582729,2025,False,,,False,False,False,False,False,62.0,0.15968586387434555
IBDD,Electricity,2936,0.68,79,0.5357142857142857,0.484200393167689,0,78,2098,3138,944,125,118,0.4136763567168665,0.4978662589372113,0.4576955596521882,0.4136763567168665,0.4170255535247168,0.44444444444444453,1.2233606186634038,-2.534149843841321,1.7596622789832348,-1.2199335447094035,0.0606453741297639,0.4978662589372113,0.4599829319612074,0.03788332697600394,0.4576955596521882,0.4389947102070797,0.018700849445108525,0.4136763567168665,0.44505522257679664,0.03137886585993016,0.4170255535247168,0.3294159780668468,0.08760957545787001,0.44444444444444453,0.38738573718858255,0.057058707255861985,957.0,0.3150955833882663,1133.0,0.3731048121292024,1173.0,0.3862887277521424,2309.0,0.7607119314436388,2642.0,0.8704680290046144,0.3150955833882663,WACC_0p1_WRT_0p9,0.5411338167435729,2026,False,,,False,False,False,False,False,78.0,0.20157068062827224
IBDD,Electricity,1009,0.74,299,0.7499999999999998,0.2566229328553282,0,233,1957,3897,82,96,7,0.6892524354278456,0.7338725140759559,0.7125823152020323,0.6892524354278456,0.2584769006390057,0.22222222222222254,1.2233606186634038,-2.534149843841321,1.7596622789832348,-1.2199335447094035,0.0606453741297639,0.7338725140759559,0.6108704188872622,0.12300209518869365,0.7125823152020323,0.5882541540815976,0.12432816112043465,0.6892524354278456,0.5979085666560644,0.09134386877178124,0.2584769006390057,0.2894218299416278,0.030944929302622104,0.22222222222222254,0.24757290595300568,0.02535068373078314,2702.0,0.8902439024390244,2658.0,0.8757415952537904,2723.0,0.8971654581410679,1800.0,0.5929466051417271,957.0,0.3150955833882663,0.3150955833882663,WACC_0p9_WRT_0p1,0.7142386288727752,2027,False,,,False,False,False,False,False,233.0,0.6073298429319371
IBDD,Electricity,2281,0.7,83,0.6071428571428569,0.475799793515297,0,81,2600,3343,233,165,120,0.4238487363007214,0.5065779919100624,0.4671042312628673,0.4238487363007214,0.33929562732801266,0.37037037037037074,1.2233606186634038,-2.534149843841321,1.7596622789832348,-1.2199335447094035,0.0606453741297639,0.5065779919100624,0.4605800821628941,0.045997909747168275,0.4671042312628673,0.43300223407646693,0.03410199718640039,0.4238487363007214,0.4267407051925906,0.002891968891869212,0.33929562732801266,0.3081420906026511,0.031153536725361586,0.37037037037037074,0.35312271237486564,0.017247657995505095,962.0,0.3167435728411338,1065.0,0.35069215557020433,958.0,0.31542518127883984,2063.0,0.6796308503625577,2440.0,0.8038892551087673,0.31542518127883984,WACC_0p5_WRT_0p5,0.4932762030323006,2028,False,,,False,False,False,False,False,81.0,0.2094240837696335
IBDD,Electricity,1424,0.7,79,0.6071428571428569,0.484200393167689,0,77,4045,2843,866,133,128,0.4136763567168665,0.4978662589372113,0.4576955596521882,0.4136763567168665,0.33929562732801266,0.37037037037037074,1.2233606186634038,-2.534149843841321,1.7596622789832348,-1.2199335447094035,0.0606453741297639,0.4978662589372113,0.460061200310719,0.037805058626492305,0.4576955596521882,0.43649692279599417,0.021198636856194053,0.4136763567168665,0.43281352809552925,0.019137171378662776,0.33929562732801266,0.31823213618866786,0.021063491139344803,0.37037037037037074,0.36075536660537966,0.009615003764991081,958.0,0.31542518127883984,1103.0,0.3632168754119974,1019.0,0.3355306526038233,2179.0,0.7178642056690837,2481.0,0.8174027686222808,0.31542518127883984,WACC_0p1_WRT_0p9,0.509887936717205,2029,False,,,False,False,False,False,False,77.0,0.19895287958115182
IBDD,Electricity,1183,0.73,325,0.7142857142857141,0.2423123629216792,0,268,4228,4231,662,125,1,0.706581263779394,0.7487131051182586,0.7286101535277192,0.706581263779394,0.26515105790765753,0.2592592592592596,1.2233606186634038,-2.534149843841321,1.7596622789832348,-1.2199335447094035,0.0606453741297639,0.7487131051182586,0.6306545727592308,0.11805853235902786,0.7286101535277192,0.6264926027562413,0.10211755077147788,0.706581263779394,0.6471978710346186,0.05938339274477544,0.26515105790765753,0.3152783740567439,0.05012731614908639,0.2592592592592596,0.2475800962463957,0.011679163012863869,2795.0,0.92089650626236,2817.0,0.9281476598549769,2880.0,0.9489123269611075,2152.0,0.7089650626235993,958.0,0.31542518127883984,0.31542518127883984,WACC_0p9_WRT_0p1,0.7644693473961767,2030,False,,,False,False,False,False,False,268.0,0.6989528795811518
IBDD,Electricity,572,0.74,676,0.7499999999999998,0.1164890744823066,0,343,4357,544,30,50,3,0.8589420836560692,0.8791965153516821,0.8695322365798166,0.8589420836560692,0.32383246745297206,0.22222222222222254,1.2233606186634038,-2.534149843841321,1.7596622789832348,-1.2199335447094035,0.0606453741297639,0.8791965153516821,0.7190629003513377,0.1601336150003444,0.8695322365798166,0.6973072776343889,0.17222495894542766,0.8589420836560692,0.6851962298740121,0.1737458537820571,0.32383246745297206,0.3520205815402626,0.02818811408729055,0.22222222222222254,0.24762362697484075,0.025401404752618206,3012.0,0.9924192485168095,2990.0,0.9851680949241924,2965.0,0.976928147659855,2531.0,0.8338826631509558,959.0,0.3157547791694133,0.3157547791694133,WACC_0p9_WRT_0p1,0.8208305866842454,2031,False,,,False,False,False,False,False,343.0,0.8952879581151832
IBDD,Electricity,362,0.73,378,0.7142857142857141,0.2163756506419565,0,288,4693,1239,772,103,6,0.73798831724985,0.7756104363713043,0.7576592712810086,0.73798831724985,0.2772474102953856,0.2592592592592596,1.2233606186634038,-2.534149843841321,1.7596622789832348,-1.2199335447094035,0.0606453741297639,0.7756104363713043,0.6463174870460798,0.1292929493252245,0.7576592712810086,0.6274707575618499,0.13018851371915874,0.73798831724985,0.6251028611485044,0.1128854561013456,0.2772474102953856,0.3062745439715771,0.02902713367619153,0.2592592592592596,0.2476517913696337,0.011607467889625883,2858.0,0.9416611733684904,2822.0,0.9297956493078444,2821.0,0.9294660514172709,2039.0,0.6717205009887937,960.0,0.3160843770599868,0.3160843770599868,WACC_0p9_WRT_0p1,0.7577455504284772,2032,False,,,False,False,False,False,False,288.0,0.7513089005235603
IBDD,Electricity,1147,0.73,128,0.7142857142857141,0.4019361286569392,0,120,1169,4980,127,154,43,0.513291069882219,0.5831773480594705,0.5498315359042281,0.513291069882219,0.22270073803295595,0.2592592592592596,1.2233606186634038,-2.534149843841321,1.7596622789832348,-1.2199335447094035,0.0606453741297639,0.5831773480594705,0.53355550408925,0.049621843970220514,0.5498315359042281,0.5242858308938564,0.025545705010371678,0.513291069882219,0.5067125326245283,0.006578537257690642,0.22270073803295595,0.24969501974992986,0.026994281716973906,0.2592592592592596,0.27075334836257164,0.011494089103312066,2018.0,0.6647989452867502,2135.0,0.7033618984838497,2017.0,0.6644693473961767,961.0,0.31641397495056034,1523.0,0.5016479894528675,0.31641397495056034,WACC_0p7_WRT_0p3,0.5701384311140408,2033,False,,,False,False,False,False,False,120.0,0.31151832460732987
IBDD,Electricity,1528,0.73,101,0.7142857142857141,0.4423703723360919,0,93,3513,579,551,113,25,0.46432879434117375,0.5412455397996083,0.5045451829835771,0.46432879434117375,0.22270073803295595,0.2592592592592596,1.2233606186634038,-2.534149843841321,1.7596622789832348,-1.2199335447094035,0.0606453741297639,0.5412455397996083,0.5084378700083328,0.03280766979127547,0.5045451829835771,0.4609834013961626,0.04356178158741447,0.46432879434117375,0.44994469574250806,0.014384098598665684,0.22270073803295595,0.2496969556911848,0.02699621765822885,0.2592592592592596,0.24914490480474588,0.010114354454513697,1647.0,0.5425181278839816,1368.0,0.4505603164139749,1229.0,0.4047462096242584,962.0,0.3167435728411338,996.0,0.3279499011206328,0.3167435728411338,WACC_0p7_WRT_0p3,0.40850362557679637,2034,False,,,False,False,False,False,False,93.0,0.24083769633507854
IBDD,Electricity,1627,0.73,192,0.7142857142857141,0.3325693816003561,0,177,1776,2908,813,144,7,0.5972880356649998,0.655113233895927,0.6275222926076011,0.5972880356649998,0.2230570295038888,0.2592592592592596,1.2233606186634038,-2.534149843841321,1.7596622789832348,-1.2199335447094035,0.0606453741297639,0.655113233895927,0.5590281525552191,0.09608508134070792,0.6275222926076011,0.5421041301914016,0.08541816241619948,0.5972880356649998,0.5359255825228811,0.061362453142118634,0.2230570295038888,0.2601097898540011,0.03705276035011232,0.2592592592592596,0.24784087783522854,0.011418381424031038,2290.0,0.7544495715227423,2299.0,0.7574159525379037,2285.0,0.7528015820698748,1231.0,0.40540540540540543,963.0,0.3170731707317073,0.3170731707317073,WACC_0p9_WRT_0p1,0.5974291364535266,2035,False,,,False,False,False,False,False,177.0,0.4607329842931937
IBDD,Electricity,1822,0.74,105,0.7499999999999998,0.4357473197013715,0,91,1661,2874,626,215,104,0.47234872246440507,0.5481138906800592,0.5119630019344639,0.47234872246440507,0.1838357749346038,0.22222222222222254,1.2233606186634038,-2.534149843841321,1.7596622789832348,-1.2199335447094035,0.0606453741297639,0.5481138906800592,0.4607754623766022,0.087338428303457,0.5119630019344639,0.42834557657834293,0.08361742535612093,0.47234872246440507,0.43247923798351934,0.03986948448088573,0.1838357749346038,0.2832270886563937,0.09939131372178989,0.22222222222222254,0.3221949555394959,0.09997273331727335,964.0,0.31740276862228084,1028.0,0.33849703361898487,1013.0,0.3335530652603823,1703.0,0.5609756097560976,2212.0,0.7287409360580093,0.31740276862228084,WACC_0p1_WRT_0p9,0.4558338826631509,2036,False,,,False,False,False,False,False,91.0,0.2356020942408377
IBDD,Electricity,821,0.73,170,0.7142857142857141,0.3534075218976023,0,160,1886,4407,647,168,10,0.5720548997346554,0.6335033106247087,0.6041835754746855,0.5720548997346554,0.22270073803295595,0.2592592592592596,1.2233606186634038,-2.534149843841321,1.7596622789832348,-1.2199335447094035,0.0606453741297639,0.6335033106247087,0.5555234169771534,0.07797989364755531,0.6041835754746855,0.5514641520289068,0.052719423445778735,0.5720548997346554,0.5444839732937535,0.027570926440901866,0.22270073803295595,0.2717185173161319,0.04901777928317594,0.2592592592592596,0.24788327352859268,0.011375985730666893,2258.0,0.7439024390243902,2388.0,0.7867501647989453,2368.0,0.7801582069874753,1477.0,0.4864864864864865,965.0,0.3177323665128543,0.3177323665128543,WACC_0p9_WRT_0p1,0.6230059327620303,2037,False,,,False,False,False,False,False,160.0,0.4162303664921466
IBDD,Electricity,2338,0.74,83,0.7499999999999998,0.475799793515297,0,70,2623,2941,635,233,77,0.4238487363007214,0.5065779919100624,0.4671042312628673,0.4238487363007214,0.1838357749346038,0.22222222222222254,1.2233606186634038,-2.534149843841321,1.7596622789832348,-1.2199335447094035,0.0606453741297639,0.5065779919100624,0.4610164585874962,0.04556153332256618,0.4671042312628673,0.42908538897184667,0.03801884229102065,0.4238487363007214,0.42775848762111823,0.003909751320396837,0.1838357749346038,0.267881367153503,0.08404559221889923,0.22222222222222254,0.30322789583516174,0.0810056736129392,968.0,0.3187211601845748,1033.0,0.34014502307185235,966.0,0.3180619644034278,1394.0,0.45912986156888597,2032.0,0.6694133157547791,0.3180619644034278,WACC_0p5_WRT_0p5,0.42109426499670405,2038,False,,,False,False,False,False,False,70.0,0.1806282722513089
IBDD,Electricity,1961,0.74,134,0.7499999999999998,0.3941085017086084,0,120,4535,4403,258,219,61,0.5227696304438523,0.5912948871169988,0.5585984780863587,0.5227696304438523,0.19435644191854132,0.22222222222222254,1.2233606186634038,-2.534149843841321,1.7596622789832348,-1.2199335447094035,0.0606453741297639,0.5912948871169988,0.537113438367431,0.05418144874956787,0.5585984780863587,0.5157375110078528,0.04286096707850584,0.5227696304438523,0.5157709127538228,0.006998717690029466,0.19435644191854132,0.24993620294876423,0.05557976103022291,0.22222222222222254,0.2676749411954168,0.04545271897319425,2063.0,0.6796308503625577,2049.0,0.6750164798945286,2116.0,0.6970995385629531,966.0,0.3180619644034278,1450.0,0.47758734344100195,0.3180619644034278,WACC_0p7_WRT_0p3,0.5694792353328939,2039,False,,,False,False,False,False,False,120.0,0.31151832460732987
IBDD,Electricity,1923,0.74,285,0.7499999999999998,0.2648514404007638,0,227,1677,1229,957,75,9,0.679288444090995,0.7253392469918005,0.7033663867511446,0.679288444090995,0.2546392929337113,0.22222222222222254,1.2233606186634038,-2.534149843841321,1.7596622789832348,-1.2199335447094035,0.0606453741297639,0.7253392469918005,0.5954930271309047,0.12984621986089584,0.7033663867511446,0.5757049818660962,0.1276614048850484,0.679288444090995,0.548110999806431,0.13117744428456402,0.2546392929337113,0.2919983911541362,0.037359098220424936,0.22222222222222254,0.2479254387726888,0.025703216550466257,2602.0,0.8572841133816743,2581.0,0.8503625576796309,2399.0,0.7903757415952538,1840.0,0.6061305207646671,966.0,0.3180619644034278,0.3180619644034278,WACC_0p9_WRT_0p1,0.6844429795649308,2040,False,,,False,False,False,False,False,227.0,0.5916230366492147
IBDD,Electricity,2271,0.72,78,0.6785714285714283,0.4863661844748775,0,71,1007,2873,490,186,85,0.41105377592647485,0.49562025313716407,0.4552698733881372,0.41105377592647485,0.2615657011313083,0.2962962962962967,1.2233606186634038,-2.534149843841321,1.7596622789832348,-1.2199335447094035,0.0606453741297639,0.49562025313716407,0.4646859555566989,0.030934297580465175,0.4552698733881372,0.4320870024935745,0.023182870894562668,0.41105377592647485,0.42787671551589623,0.016822939589421382,0.2615657011313083,0.2660152313332109,0.004449530201902641,0.2962962962962967,0.3137838319831748,0.017487535686878053,1015.0,0.33421226104152935,1061.0,0.34937376400791037,967.0,0.31839156229400134,1357.0,0.44693473961766644,2134.0,0.7030323005932761,0.31839156229400134,WACC_0p5_WRT_0p5,0.43038892551087676,2041,False,,,False,False,False,False,False,71.0,0.18324607329842932
IBDD,Electricity,2679,0.71,92,0.6428571428571426,0.4582750386595772,0,89,2766,3538,308,185,158,0.4450696569353127,0.5247518117604384,0.48673195670127345,0.4450696569353127,0.3004306642296604,0.3333333333333337,1.2233606186634038,-2.534149843841321,1.7596622789832348,-1.2199335447094035,0.0606453741297639,0.5247518117604384,0.460961763221853,0.06379004853858539,0.48673195670127345,0.4301087780768656,0.056623178624407855,0.4450696569353127,0.4483857601435353,0.0033161032082226205,0.3004306642296604,0.3901119953664592,0.08968133113679877,0.3333333333333337,0.4269352665883195,0.09360193325498578,967.0,0.31839156229400134,1040.0,0.34245220830586687,1208.0,0.3978246539222149,2791.0,0.9195781147000659,2788.0,0.9185893210283455,0.31839156229400134,WACC_0p1_WRT_0p9,0.5793671720500989,2042,False,,,False,False,False,False,False,89.0,0.23036649214659685
IBDD,Electricity,541,0.73,423,0.7142857142857141,0.1970577369466385,0,302,3804,2579,83,83,2,0.7613805938739323,0.7956438283516342,0.7792953346197649,0.7613805938739323,0.28625689033025387,0.2592592592592596,1.2233606186634038,-2.534149843841321,1.7596622789832348,-1.2199335447094035,0.0606453741297639,0.7956438283516342,0.6396099745375479,0.1560338538140863,0.7792953346197649,0.6475041329545949,0.13179120166517,0.7613805938739323,0.6660560622988619,0.09532453157507037,0.28625689033025387,0.3276864702250112,0.04142957989475732,0.2592592592592596,0.24794906191422997,0.01131019734502961,2827.0,0.9314436387607119,2896.0,0.9541858932102835,2936.0,0.9673698088332234,2287.0,0.7534607778510217,967.0,0.31839156229400134,0.31839156229400134,WACC_0p9_WRT_0p1,0.7849703361898485,2043,False,,,False,False,False,False,False,302.0,0.7879581151832461
IBDD,Electricity,1757,0.74,60,0.7499999999999998,0.5308869724893325,0,47,2112,2017,593,130,12,0.3571430583830649,0.44945054704809956,0.4054065908119476,0.3571430583830649,0.1838357749346038,0.22222222222222254,1.2233606186634038,-2.534149843841321,1.7596622789832348,-1.2199335447094035,0.0606453741297639,0.44945054704809956,0.5049521227340866,0.05550157568598707,0.4054065908119476,0.47108198729771034,0.06567539648576276,0.3571430583830649,0.46010037351664,0.10295731513357509,0.1838357749346038,0.2522040347944277,0.06836825985982392,0.22222222222222254,0.24810132323403067,0.025879101011808125,1588.0,0.523071852340145,1502.0,0.494726433750824,1367.0,0.45023071852340146,1030.0,0.33915622940013185,969.0,0.3190507580751483,0.3190507580751483,WACC_0p9_WRT_0p1,0.4252471984179301,2044,False,,,False,False,False,False,False,47.0,0.12041884816753927
IBDD,Electricity,2606,0.73,86,0.7142857142857141,0.4697578353865064,0,78,4591,2094,937,125,89,0.4311650106214855,0.5128437262658452,0.4738712243671128,0.4311650106214855,0.22270073803295595,0.2592592592592596,1.2233606186634038,-2.534149843841321,1.7596622789832348,-1.2199335447094035,0.0606453741297639,0.5128437262658452,0.46227092014057053,0.05057280612527465,0.4738712243671128,0.43897288073726753,0.034898343629845285,0.4311650106214855,0.42819769000366475,0.0029673206178207345,0.22270073803295595,0.25387719741998627,0.031176459387030314,0.2592592592592596,0.29814970354777537,0.03889044428851579,987.0,0.3249835201054713,1132.0,0.37277521423862886,970.0,0.31938035596572184,1072.0,0.35299934080421885,1983.0,0.6532630191166776,0.31938035596572184,WACC_0p5_WRT_0p5,0.40468029004614375,2045,False,,,False,False,False,False,False,78.0,0.20157068062827224
IBDD,Electricity,2267,0.71,102,0.6428571428571426,0.4406905722934009,0,99,168,4188,960,242,214,0.46636288290226385,0.5429875546586953,0.506426559031391,0.46636288290226385,0.3004306642296604,0.3333333333333337,1.2233606186634038,-2.534149843841321,1.7596622789832348,-1.2199335447094035,0.0606453741297639,0.5429875546586953,0.4718827237432487,0.07110483091544662,0.506426559031391,0.4225171611944291,0.08390939783696189,0.46636288290226385,0.512132158558418,0.04576927565615413,0.3004306642296604,0.4982560506697739,0.1978253864401135,0.3333333333333337,0.534049155593062,0.20071582225972828,1107.0,0.36453526697429134,970.0,0.31938035596572184,2084.0,0.6865524060646012,3028.0,0.9976928147659855,3021.0,0.995385629531971,0.31938035596572184,WACC_0p3_WRT_0p7,0.6727092946605142,2046,False,,,False,False,False,False,False,99.0,0.25654450261780104
IBDD,Electricity,1365,0.74,76,0.7499999999999998,0.4907812504490119,0,63,3448,626,86,53,47,0.4057075234165282,0.49104166620102463,0.45032499949710664,0.4057075234165282,0.1838357749346038,0.22222222222222254,1.2233606186634038,-2.534149843841321,1.7596622789832348,-1.2199335447094035,0.0606453741297639,0.49104166620102463,0.47662078574723665,0.014420880453787976,0.45032499949710664,0.42261156688057827,0.027713432616528366,0.4057075234165282,0.43406983925107323,0.028362315834545015,0.1838357749346038,0.27899512255294534,0.09515934761834155,0.22222222222222254,0.28931881421134537,0.06709659198912282,1167.0,0.3843111404087014,971.0,0.3197099538562953,1037.0,0.34146341463414637,1626.0,0.535596572181938,1854.0,0.6107448912326962,0.3197099538562953,WACC_0p3_WRT_0p7,0.43836519446275546,2047,False,,,False,False,False,False,False,63.0,0.16230366492146597
IBDD,Electricity,2788,0.74,599,0.7499999999999998,0.1372781414779618,0,327,3726,830,676,49,1,0.8337683711326092,0.8576374829117434,0.8462484815446828,0.8337683711326092,0.3141368715933483,0.22222222222222254,1.2233606186634038,-2.534149843841321,1.7596622789832348,-1.2199335447094035,0.0606453741297639,0.8576374829117434,0.7318038484235654,0.12583363448817797,0.8462484815446828,0.7071086138886027,0.1391398676560801,0.8337683711326092,0.6854586844971515,0.14830968663545763,0.3141368715933483,0.33872659290022383,0.024589721306875534,0.22222222222222254,0.24811628750446796,0.025894065282245415,3023.0,0.996044825313118,3002.0,0.9891232696110744,2966.0,0.9772577455504284,2396.0,0.7893869479235333,971.0,0.3197099538562953,0.3197099538562953,WACC_0p9_WRT_0p1,0.81430454845089,2048,False,,,False,False,False,False,False,327.0,0.8534031413612565
IBDD,Electricity,3010,0.75,27,0.7857142857142856,0.6649568125048124,0,12,2161,361,220,66,19,0.19479639745204147,0.31041515740241665,0.25524836999461,0.19479639745204147,0.14497081183625146,0.18518518518518542,1.2233606186634038,-2.534149843841321,1.7596622789832348,-1.2199335447094035,0.0606453741297639,0.31041515740241665,0.5165193567902481,0.20610419938783142,0.25524836999461,0.44310727942428163,0.18785890942967165,0.19479639745204147,0.428443254838405,0.23364685738636354,0.14497081183625146,0.27057709562302457,0.1256062837867731,0.18518518518518542,0.26451034551284475,0.07932516032765932,1778.0,0.5856954515491101,1170.0,0.3852999340804219,972.0,0.3200395517468688,1448.0,0.476928147659855,1366.0,0.44990112063282794,0.3200395517468688,WACC_0p5_WRT_0p5,0.44357284113381673,2049,False,,,False,False,False,False,False,12.0,0.028795811518324606
IBDD,Electricity,1219,0.72,77,0.6785714285714283,0.4885595662217817,0,70,2493,3278,207,243,102,0.40839778556566114,0.49334563502926343,0.4528132858316045,0.40839778556566114,0.2615657011313083,0.2962962962962967,1.2233606186634038,-2.534149843841321,1.7596622789832348,-1.2199335447094035,0.0606453741297639,0.49334563502926343,0.46114598070878143,0.032199654320481996,0.4528132858316045,0.4369976771594123,0.015815608672192227,0.40839778556566114,0.4385807877823273,0.030183002216666144,0.2615657011313083,0.2879799283599949,0.026414227228686638,0.2962962962962967,0.32817458497815416,0.031878288681857436,972.0,0.3200395517468688,1111.0,0.36585365853658536,1100.0,0.3622280817402769,1773.0,0.5840474620962426,2257.0,0.7435728411338167,0.3200395517468688,WACC_0p1_WRT_0p9,0.47514831905075805,2050,False,,,False,False,False,False,False,70.0,0.1806282722513089
IBDD,Electricity,1954,0.73,99,0.7142857142857141,0.4457799518448435,0,91,4251,2814,565,249,47,0.46020009657916583,0.5377096795683104,0.5007264539337751,0.46020009657916583,0.22270073803295595,0.2592592592592596,1.2233606186634038,-2.534149843841321,1.7596622789832348,-1.2199335447094035,0.0606453741297639,0.5377096795683104,0.48602160116439364,0.05168807840391676,0.5007264539337751,0.4709171617434627,0.02980929219031242,0.46020009657916583,0.47403662782107164,0.013836531241905814,0.22270073803295595,0.25030529676951424,0.027604558736558288,0.2592592592592596,0.2596113432444528,0.0003520839851932078,1297.0,0.42715886618325644,1499.0,0.4937376400791035,1547.0,0.5095583388266315,974.0,0.3206987475280158,1251.0,0.4119973632168754,0.3206987475280158,WACC_0p7_WRT_0p3,0.43263019116677653,2051,False,,,False,False,False,False,False,91.0,0.2356020942408377
IBDD,Electricity,534,0.74,172,0.7499999999999998,0.3514054279591483,0,158,4584,3443,719,162,9,0.5744792575599554,0.6355795561905129,0.6064259206857538,0.5744792575599554,0.2142722825440491,0.22222222222222254,1.2233606186634038,-2.534149843841321,1.7596622789832348,-1.2199335447094035,0.0606453741297639,0.6355795561905129,0.5905286420069157,0.04505091418359719,0.6064259206857538,0.5748843833884761,0.03154153729727771,0.5744792575599554,0.5807076067584339,0.006228349198478478,0.2142722825440491,0.25898773903254924,0.044715456488500144,0.22222222222222254,0.24817080530459013,0.025948583082367582,2569.0,0.8464073829927489,2574.0,0.8480553724456164,2621.0,0.8635464733025708,1200.0,0.3951878707976269,974.0,0.3206987475280158,0.3206987475280158,WACC_0p9_WRT_0p1,0.6547791694133157,2052,False,,,False,False,False,False,False,158.0,0.4109947643979058
IBDD,Electricity,2521,0.74,73,0.7499999999999998,0.4976236662662598,0,60,2309,2554,316,84,58,0.3974219659749473,0.48394582757573046,0.4426614937817889,0.3974219659749473,0.1838357749346038,0.22222222222222254,1.2233606186634038,-2.534149843841321,1.7596622789832348,-1.2199335447094035,0.0606453741297639,0.48394582757573046,0.4711472814344002,0.012798546141330247,0.4426614937817889,0.4311804134656617,0.011481080316127157,0.3974219659749473,0.4291730749218887,0.03175110894694144,0.1838357749346038,0.2731923301177673,0.08935655518316349,0.22222222222222254,0.3134300400885241,0.09120781786630155,1095.0,0.36058009228740934,1051.0,0.34607778510217535,976.0,0.32135794330916284,1504.0,0.495385629531971,2128.0,0.7010547132498351,0.32135794330916284,WACC_0p5_WRT_0p5,0.4448912326961107,2053,False,,,False,False,False,False,False,60.0,0.1544502617801047
IBDD,Electricity,1428,0.73,149,0.7142857142857141,0.3759677242326947,0,141,4512,78,265,133,28,0.544736499723082,0.6101075452401685,0.578916148859382,0.544736499723082,0.22270073803295595,0.2592592592592596,1.2233606186634038,-2.534149843841321,1.7596622789832348,-1.2199335447094035,0.0606453741297639,0.6101075452401685,0.5252586239428756,0.08484892129729293,0.578916148859382,0.47675310575239715,0.10216304310698487,0.544736499723082,0.48099023722132717,0.06374626250175486,0.22270073803295595,0.2528766033167301,0.030175865283774167,0.2592592592592596,0.2481830238031402,0.011076235456119382,1907.0,0.6282135794330916,1579.0,0.5201054713249835,1664.0,0.548121292023731,1044.0,0.34377059986816083,976.0,0.32135794330916284,0.32135794330916284,WACC_0p9_WRT_0p1,0.47231377719182593,2054,False,,,False,False,False,False,False,141.0,0.36649214659685864
IBDD,Electricity,2952,0.67,82,0.5,0.4778618317981492,0,81,2047,3359,685,192,132,0.42135179120185107,0.5044395818389564,0.46479474838607293,0.42135179120185107,0.455890516623069,0.48148148148148157,1.2233606186634038,-2.534149843841321,1.7596622789832348,-1.2199335447094035,0.0606453741297639,0.5044395818389564,0.46143030067252266,0.043009281166433766,0.46479474838607293,0.4306655659931537,0.03412918239291923,0.42135179120185107,0.4391793233138615,0.017827532112010436,0.455890516623069,0.35156792927591635,0.10432258734715266,0.48148148148148157,0.3922158954406185,0.08926558604086304,976.0,0.32135794330916284,1045.0,0.34410019775873435,1106.0,0.3642056690837179,2525.0,0.8319050758075148,2666.0,0.8783783783783784,0.32135794330916284,WACC_0p1_WRT_0p9,0.5479894528675017,2055,False,,,False,False,False,False,False,81.0,0.2094240837696335
IBDD,Electricity,49,0.72,58,0.6785714285714283,0.5366267752811291,0,51,1,2122,651,71,6,0.35019266732163634,0.4434981589677179,0.3989780116851353,0.35019266732163634,0.2615657011313083,0.2962962962962967,1.2233606186634038,-2.534149843841321,1.7596622789832348,-1.2199335447094035,0.0606453741297639,0.4434981589677179,0.46371428299895484,0.02021612403123696,0.3989780116851353,0.4229463502191594,0.02396833853402408,0.35019266732163634,0.4581230149813923,0.10793034765975595,0.2615657011313083,0.34618172129909447,0.08461602016778619,0.2962962962962967,0.3747135901514924,0.07841729385519569,1003.0,0.33025708635464734,976.0,0.32135794330916284,1337.0,0.44034278180619646,2470.0,0.8137771918259723,2577.0,0.8490441661173368,0.32135794330916284,WACC_0p3_WRT_0p7,0.5509558338826632,2056,False,,,False,False,False,False,False,51.0,0.13089005235602094
IBDD,Electricity,2977,0.69,85,0.5714285714285711,0.4717483562690882,0,84,68,3455,962,103,88,0.4287546667383026,0.5107794823876122,0.4716418409786212,0.4287546667383026,0.3781605904263649,0.4074074074074079,1.2233606186634038,-2.534149843841321,1.7596622789832348,-1.2199335447094035,0.0606453741297639,0.5107794823876122,0.46148424528055776,0.04929523710705441,0.4716418409786212,0.4366934559034551,0.03494838507516612,0.4287546667383026,0.44016065174869234,0.011405985010389752,0.3781605904263649,0.3370631726781066,0.041097417748258314,0.4074074074074079,0.38771571703775953,0.01969169036964835,977.0,0.3216875411997363,1108.0,0.36486486486486486,1117.0,0.36783124588002636,2380.0,0.7841133816743573,2647.0,0.8721160184574819,0.3216875411997363,WACC_0p1_WRT_0p9,0.5421226104152933,2057,False,,,False,False,False,False,False,84.0,0.21727748691099477
IBDD,Electricity,2995,0.75,114,0.7857142857142856,0.4217160007489388,0,32,2242,4165,981,119,28,0.4893394026958622,0.5626648881122115,0.5276780791611885,0.4893394026958622,0.18148086874125852,0.18518518518518542,1.2233606186634038,-2.534149843841321,1.7596622789832348,-1.2199335447094035,0.0606453741297639,0.5626648881122115,0.5369473972876975,0.025717490824514022,0.5276780791611885,0.5148733671128187,0.012804712048369749,0.4893394026958622,0.5138904815963207,0.02455107890045849,0.18148086874125852,0.2504722930642995,0.068991424323041,0.18518518518518542,0.2608292546378818,0.07564406945269639,2061.0,0.6789716545814107,2040.0,0.6720500988793672,2097.0,0.6908371786420567,977.0,0.3216875411997363,1269.0,0.4179301252471984,0.3216875411997363,WACC_0p7_WRT_0p3,0.5562953197099539,2058,False,,,False,False,False,False,False,32.0,0.08115183246073299
IBDD,Electricity,1685,0.74,118,0.7499999999999998,0.4158289952077859,0,104,3824,3790,377,197,77,0.4964680432042589,0.5687699308956294,0.5342715253672798,0.4964680432042589,0.18422644777865899,0.22222222222222254,1.2233606186634038,-2.534149843841321,1.7596622789832348,-1.2199335447094035,0.0606453741297639,0.5687699308956294,0.5044849597281093,0.06428497116752019,0.5342715253672798,0.4875145109225097,0.04675701444477015,0.4964680432042589,0.4855784785647093,0.010889564639549598,0.18422644777865899,0.25052211867581387,0.06629567089715488,0.22222222222222254,0.29751422067824235,0.0752919984560198,1578.0,0.51977587343441,1711.0,0.5636123928806855,1731.0,0.5702043506921556,978.0,0.3220171390903098,1968.0,0.6483190507580752,0.3220171390903098,WACC_0p7_WRT_0p3,0.5247857613711272,2059,False,,,False,False,False,False,False,104.0,0.2696335078534031
IBDD,Electricity,910,0.74,224,0.7499999999999998,0.3061554966205457,0,197,408,3173,287,37,2,0.6292729028669983,0.6825054109120267,0.6571058437849887,0.6292729028669983,0.23537592548418218,0.22222222222222254,1.2233606186634038,-2.534149843841321,1.7596622789832348,-1.2199335447094035,0.0606453741297639,0.6825054109120267,0.6006681806943203,0.08183723021770639,0.6571058437849887,0.5774843577842591,0.0796214860007296,0.6292729028669983,0.5982169197577468,0.031055983109251506,0.23537592548418218,0.3235558248717994,0.08817989938761722,0.22222222222222254,0.24827305125146745,0.02605082902924491,2641.0,0.8701384311140409,2590.0,0.8533289386947923,2726.0,0.8981542518127884,2242.0,0.7386288727752143,978.0,0.3220171390903098,0.3220171390903098,WACC_0p9_WRT_0p1,0.736453526697429,2060,False,,,False,False,False,False,False,197.0,0.5130890052356021
IBDD,Electricity,439,0.73,128,0.7142857142857141,0.4019361286569392,0,120,414,2461,406,81,9,0.513291069882219,0.5831773480594705,0.5498315359042281,0.513291069882219,0.22270073803295595,0.2592592592592596,1.2233606186634038,-2.534149843841321,1.7596622789832348,-1.2199335447094035,0.0606453741297639,0.5831773480594705,0.521166566566266,0.06201078149320449,0.5498315359042281,0.5004937106699658,0.04933782523426222,0.513291069882219,0.4867351101371072,0.026555959745111768,0.22270073803295595,0.2699926890954469,0.04729195106249093,0.2592592592592596,0.2482795417753242,0.010979717483935392,1848.0,0.6087673038892552,1882.0,0.6199736321687541,1751.0,0.5767963085036256,1436.0,0.47297297297297297,979.0,0.32234673698088334,0.32234673698088334,WACC_0p9_WRT_0p1,0.5201713909030983,2061,False,,,False,False,False,False,False,120.0,0.31151832460732987
IBDD,Electricity,514,0.74,242,0.7499999999999998,0.2929044878071559,0,210,2603,4430,779,70,10,0.6453186968693857,0.6962471978296162,0.6719469736559854,0.6453186968693857,0.24155592510676224,0.22222222222222254,1.2233606186634038,-2.534149843841321,1.7596622789832348,-1.2199335447094035,0.0606453741297639,0.6962471978296162,0.6028616412963194,0.09338555653329683,0.6719469736559854,0.6028366280806748,0.0691103455753106,0.6453186968693857,0.593207660440647,0.05211103642873871,0.24155592510676224,0.3110344075778766,0.06947848247111435,0.22222222222222254,0.24832535599643416,0.026103133774211612,2653.0,0.8740936058009229,2722.0,0.8968358602504944,2693.0,0.8872775214238628,2109.0,0.6947923533289387,980.0,0.3226763348714568,0.3226763348714568,WACC_0p9_WRT_0p1,0.7351351351351351,2062,False,,,False,False,False,False,False,210.0,0.5471204188481675
IBDD,Electricity,166,0.73,239,0.7142857142857141,0.2950433741781735,0,219,1933,1,2,164,1,0.6427286955655466,0.6940290934448571,0.6695514209204456,0.6427286955655466,0.24055839222818823,0.2592592592592596,1.2233606186634038,-2.534149843841321,1.7596622789832348,-1.2199335447094035,0.0606453741297639,0.6940290934448571,0.49120644306135575,0.20282265038350134,0.6695514209204456,0.43057716830099746,0.23897425261944816,0.6427286955655466,0.4303024596594226,0.21242623590612397,0.24055839222818823,0.25741121337872114,0.01685282115053291,0.2592592592592596,0.2587736023751072,0.0004856568841523634,1378.0,0.45385629531970995,1042.0,0.34311140408701385,981.0,0.3230059327620303,1156.0,0.38068556361239286,1232.0,0.4057350032959789,0.3230059327620303,WACC_0p5_WRT_0p5,0.3812788398154252,2063,False,,,False,False,False,False,False,219.0,0.5706806282722513
IBDD,Electricity,1516,0.73,128,0.7142857142857141,0.4019361286569392,0,120,408,4048,275,106,18,0.513291069882219,0.5831773480594705,0.5498315359042281,0.513291069882219,0.22270073803295595,0.2592592592592596,1.2233606186634038,-2.534149843841321,1.7596622789832348,-1.2199335447094035,0.0606453741297639,0.5831773480594705,0.5446232295627618,0.038554118496708756,0.5498315359042281,0.5158596924831464,0.033971843421081616,0.513291069882219,0.5152795386845943,0.001988468802375354,0.22270073803295595,0.25064499894360287,0.027944260910646918,0.2592592592592596,0.2508094317020802,0.008449827557179379,2140.0,0.7050098879367172,2053.0,0.6763348714568227,2108.0,0.6944627554383652,981.0,0.3230059327620303,1042.0,0.34311140408701385,0.3230059327620303,WACC_0p7_WRT_0p3,0.5483849703361899,2064,False,,,False,False,False,False,False,120.0,0.31151832460732987
IBDD,Electricity,379,0.74,181,0.7499999999999998,0.3426733977161095,0,167,604,3277,53,71,4,0.5850529701335094,0.6446349949610716,0.6162057945579573,0.5850529701335094,0.21834472294208188,0.22222222222222254,1.2233606186634038,-2.534149843841321,1.7596622789832348,-1.2199335447094035,0.0606453741297639,0.6446349949610716,0.5862629321759414,0.058372062785130185,0.6162057945579573,0.5544054777176823,0.06180031684027498,0.5850529701335094,0.5736072381635722,0.011445731969937256,0.21834472294208188,0.2940310061890469,0.075686283246965,0.22222222222222254,0.248365772262508,0.026143550040285457,2533.0,0.8345418589321029,2410.0,0.7940013183915623,2579.0,0.8497033618984838,1869.0,0.6156888595912986,981.0,0.3230059327620303,0.3230059327620303,WACC_0p9_WRT_0p1,0.6833882663150956,2065,False,,,False,False,False,False,False,167.0,0.43455497382198954
IBDD,Electricity,1229,0.73,97,0.7142857142857141,0.4492584163869911,0,89,1930,2614,585,216,42,0.45598798516380645,0.5341023830060834,0.49683057364657,0.45598798516380645,0.22270073803295595,0.2592592592592596,1.2233606186634038,-2.534149843841321,1.7596622789832348,-1.2199335447094035,0.0606453741297639,0.5341023830060834,0.46195602483522824,0.07214635817085513,0.49683057364657,0.44217441892408177,0.05465615472248825,0.45598798516380645,0.4450530825520186,0.010934902611787867,0.22270073803295595,0.25866812150328633,0.03596738347033038,0.2592592592592596,0.2803478105660324,0.02108855130677284,982.0,0.32333553065260384,1158.0,0.3813447593935399,1172.0,0.3859591298615689,1188.0,0.3912326961107449,1717.0,0.5655899802241265,0.32333553065260384,WACC_0p1_WRT_0p9,0.4094924192485168,2066,False,,,False,False,False,False,False,89.0,0.23036649214659685
IBDD,Electricity,1373,0.74,123,0.7499999999999998,0.4087424748943598,0,109,1011,4184,573,114,58,0.5050491894961598,0.5761189149243676,0.542208428118317,0.5050491894961598,0.18753145598438328,0.22222222222222254,1.2233606186634038,-2.534149843841321,1.7596622789832348,-1.2199335447094035,0.0606453741297639,0.5761189149243676,0.5216821484136418,0.05443676651072582,0.542208428118317,0.5071612252840254,0.035047202834291635,0.5050491894961598,0.4918501378029136,0.013199051693246255,0.18753145598438328,0.25081412278562865,0.06328266680124536,0.22222222222222254,0.2842692306218214,0.06204700839959887,1854.0,0.6107448912326962,1969.0,0.6486486486486487,1826.0,0.6015161502966381,982.0,0.32333553065260384,1778.0,0.5856954515491101,0.32333553065260384,WACC_0p7_WRT_0p3,0.5539881344759393,2067,False,,,False,False,False,False,False,109.0,0.28272251308900526
IBDD,Electricity,639,0.74,309,0.7499999999999998,0.2509772421941479,0,239,2634,4136,95,46,8,0.6960888650632228,0.7397273043912541,0.7189054887425544,0.6960888650632228,0.2611099353495435,0.22222222222222254,1.2233606186634038,-2.534149843841321,1.7596622789832348,-1.2199335447094035,0.0606453741297639,0.7397273043912541,0.6284053805943463,0.11132192379690786,0.7189054887425544,0.6208888823781281,0.09801660636442633,0.6960888650632228,0.6272933826293874,0.06879548243383538,0.2611099353495435,0.32087104154303875,0.05976110619349523,0.22222222222222254,0.24843319843851452,0.02621097621629198,2782.0,0.9166117336849045,2799.0,0.9222148978246539,2825.0,0.930784442979565,2206.0,0.7267633487145683,982.0,0.32333553065260384,0.32333553065260384,WACC_0p9_WRT_0p1,0.7639419907712591,2068,False,,,False,False,False,False,False,239.0,0.6230366492146597
IBDD,Electricity,2992,0.68,76,0.5357142857142857,0.4907812504490119,0,75,2117,2922,310,172,55,0.4057075234165282,0.49104166620102463,0.45032499949710664,0.4057075234165282,0.4170255535247168,0.44444444444444453,1.2233606186634038,-2.534149843841321,1.7596622789832348,-1.2199335447094035,0.0606453741297639,0.49104166620102463,0.46215651830934057,0.02888514789168406,0.45032499949710664,0.44681077247104345,0.003514227026063188,0.4057075234165282,0.43987422338148224,0.03416669996495403,0.4170255535247168,0.27281472317935773,0.1442108303453591,0.44444444444444453,0.3059613860527745,0.13848305839167002,984.0,0.3239947264337508,1201.0,0.39551746868820037,1115.0,0.3671720500988794,1496.0,0.492748846407383,2050.0,0.6753460777851021,0.3239947264337508,WACC_0p1_WRT_0p9,0.4509558338826631,2069,False,,,False,False,False,False,False,75.0,0.193717277486911
IBDD,Electricity,1127,0.73,128,0.7142857142857141,0.4019361286569392,0,120,1030,3246,765,110,25,0.513291069882219,0.5831773480594705,0.5498315359042281,0.513291069882219,0.22270073803295595,0.2592592592592596,1.2233606186634038,-2.534149843841321,1.7596622789832348,-1.2199335447094035,0.0606453741297639,0.5831773480594705,0.5410473482626673,0.04212999979680321,0.5498315359042281,0.5131440348797469,0.03668750102448115,0.513291069882219,0.5051768495206078,0.008114220361611135,0.22270073803295595,0.2508664937013047,0.028165755668348752,0.2592592592592596,0.25232200130440857,0.006937257954851006,2112.0,0.6957811470006592,2019.0,0.6651285431773236,1994.0,0.6568885959129862,984.0,0.3239947264337508,1075.0,0.35398813447593935,0.3239947264337508,WACC_0p7_WRT_0p3,0.5391562294001317,2070,False,,,False,False,False,False,False,120.0,0.31151832460732987
IBDD,Electricity,437,0.74,725,0.7499999999999998,0.1044574827667843,0,357,3105,4760,357,44,1,0.8735112719274571,0.8916737215751867,0.8830076193012015,0.8735112719274571,0.32944375586943064,0.22222222222222254,1.2233606186634038,-2.534149843841321,1.7596622789832348,-1.2199335447094035,0.0606453741297639,0.8916737215751867,0.6711114334177762,0.2205622881574104,0.8830076193012015,0.6773259447814345,0.20568167451976704,0.8735112719274571,0.6892001378489043,0.18431113407855282,0.32944375586943064,0.3708664977859198,0.04142274191648915,0.22222222222222254,0.24853509908040308,0.02631287685818054,2930.0,0.9653922214897824,2956.0,0.9739617666446935,2972.0,0.9792353328938694,2685.0,0.8846407382992749,984.0,0.3239947264337508,0.3239947264337508,WACC_0p9_WRT_0p1,0.8254449571522742,2071,False,,,False,False,False,False,False,357.0,0.9319371727748691
IBDD,Electricity,1321,0.71,98,0.6428571428571426,0.4475103999651687,0,95,2334,4065,42,161,39,0.45810467769735974,0.535915140776862,0.49878835203901095,0.45810467769735974,0.3004306642296604,0.3333333333333337,1.2233606186634038,-2.534149843841321,1.7596622789832348,-1.2199335447094035,0.0606453741297639,0.535915140776862,0.5019771316524144,0.033938009124447555,0.49878835203901095,0.49082948627929074,0.007958865759720213,0.45810467769735974,0.4840086163567608,0.02590393865940105,0.3004306642296604,0.25087605151731346,0.04955461271234696,0.3333333333333337,0.26592107422955086,0.06741225910378285,1551.0,0.5108767303889256,1759.0,0.5794330916282135,1711.0,0.5636123928806855,985.0,0.32432432432432434,1404.0,0.462425840474621,0.32432432432432434,WACC_0p7_WRT_0p3,0.48813447593935405,2072,False,,,False,False,False,False,False,95.0,0.24607329842931938
IBDD,Electricity,876,0.73,143,0.7142857142857141,0.3829963792662363,0,135,1525,3312,992,161,6,0.5362254231424002,0.602818569649829,0.5710440552218153,0.5362254231424002,0.22270073803295595,0.2592592592592596,1.2233606186634038,-2.534149843841321,1.7596622789832348,-1.2199335447094035,0.0606453741297639,0.602818569649829,0.5493519180050345,0.05346665164479458,0.5710440552218153,0.5358534143911493,0.03519064083066603,0.5362254231424002,0.5328905006368805,0.0033349225055196996,0.22270073803295595,0.2521376069813756,0.029436868948419653,0.2592592592592596,0.24859492443602357,0.010664334823236005,2195.0,0.7231377719182597,2254.0,0.7425840474620963,2258.0,0.7439024390243902,1028.0,0.33849703361898487,985.0,0.32432432432432434,0.32432432432432434,WACC_0p9_WRT_0p1,0.574489123269611,2073,False,,,False,False,False,False,False,135.0,0.3507853403141361
IBDD,Electricity,294,0.72,4,0.6785714285714283,0.9615795586771548,0,2,1,1,2,19,1,0.17831030738124148,0.0028063835940616228,0.03428571428571432,0.17831030738124148,0.2615657011313083,0.2962962962962967,1.2233606186634038,-2.534149843841321,1.7596622789832348,-1.2199335447094035,0.0606453741297639,0.0028063835940616228,0.4622631830709228,0.4594567994768612,0.03428571428571432,0.4405416443113141,0.4062559300255998,0.17831030738124148,0.5172247875463821,0.33891448016514064,0.2615657011313083,0.3993076390316879,0.13774193790037964,0.2962962962962967,0.39271236911654234,0.09641607282024561,986.0,0.3246539222148978,1144.0,0.37673038892551086,2125.0,0.7000659195781147,2825.0,0.930784442979565,2670.0,0.8796967699406724,0.3246539222148978,WACC_0p1_WRT_0p9,0.6423862887277523,2074,False,,,False,False,False,False,False,2.0,0.002617801047120419
IBDD,Electricity,2690,0.73,159,0.7142857142857141,0.3648556017903225,0,150,4808,3672,588,126,36,0.5581922924216302,0.621631227772999,0.5913617259948388,0.5581922924216302,0.22270073803295595,0.2592592592592596,1.2233606186634038,-2.534149843841321,1.7596622789832348,-1.2199335447094035,0.0606453741297639,0.621631227772999,0.5547180261522322,0.06691320162076675,0.5913617259948388,0.5479693213173314,0.04339240467750738,0.5581922924216302,0.5433958658833864,0.014796426538243757,0.22270073803295595,0.25094085989312925,0.0282401218601733,0.2592592592592596,0.2563420462510592,0.002917213008200359,2252.0,0.7419248516809492,2355.0,0.7758734344100198,2357.0,0.7765326301911668,987.0,0.3249835201054713,1170.0,0.3852999340804219,0.3249835201054713,WACC_0p7_WRT_0p3,0.6009228740936058,2075,False,,,False,False,False,False,False,150.0,0.3900523560209424
IBDD,Electricity,473,0.74,313,0.7499999999999998,0.2487697999238867,0,241,328,3863,224,53,2,0.6987618814682063,0.7420165037826361,0.7213778240852468,0.6987618814682063,0.26213944129804884,0.22222222222222254,1.2233606186634038,-2.534149843841321,1.7596622789832348,-1.2199335447094035,0.0606453741297639,0.7420165037826361,0.5845311959850289,0.15748530779760717,0.7213778240852468,0.5621598575194873,0.15921796656575948,0.6987618814682063,0.578995964256809,0.11976591721139729,0.26213944129804884,0.30909499285826514,0.0469555515602163,0.22222222222222254,0.24879820663728097,0.02657598441505843,2519.0,0.8299274884640738,2471.0,0.8141067897165458,2611.0,0.8602504943968359,2080.0,0.6852340145023071,987.0,0.3249835201054713,0.3249835201054713,WACC_0p9_WRT_0p1,0.7029004614370468,2076,False,,,False,False,False,False,False,241.0,0.6282722513089005
IBDD,Electricity,1180,0.74,135,0.7499999999999998,0.3928378085708742,0,121,1907,3604,52,152,29,0.5243083269020213,0.5926126429635379,0.5600216544006209,0.5243083269020213,0.1949490672214298,0.22222222222222254,1.2233606186634038,-2.534149843841321,1.7596622789832348,-1.2199335447094035,0.0606453741297639,0.5926126429635379,0.5135265580468966,0.07908608491664126,0.5600216544006209,0.5046968464273786,0.05532480797324235,0.5243083269020213,0.49946096986880834,0.024847357033213002,0.1949490672214298,0.2509734806822162,0.056024413460786404,0.22222222222222254,0.24911504307827,0.026892820856047467,1728.0,0.569215557020435,1933.0,0.6367831245880027,1923.0,0.6334871456822676,988.0,0.32531311799604484,994.0,0.32729070533948584,0.32531311799604484,WACC_0p7_WRT_0p3,0.49841793012524727,2077,False,,,False,False,False,False,False,121.0,0.31413612565445026
IBDD,Electricity,1584,0.73,158,0.7142857142857141,0.3659350920892225,0,149,3558,4578,646,128,31,0.5568851256083215,0.6205117563519175,0.5901526968600708,0.5568851256083215,0.22270073803295595,0.2592592592592596,1.2233606186634038,-2.534149843841321,1.7596622789832348,-1.2199335447094035,0.0606453741297639,0.6205117563519175,0.551422805810436,0.06908895054148145,0.5901526968600708,0.548871545643018,0.04128115121705278,0.5568851256083215,0.5455269533147681,0.011358172293553404,0.22270073803295595,0.2537529900099394,0.03105225197698344,0.2592592592592596,0.24889540420396117,0.01036385505529841,2219.0,0.7310481212920237,2366.0,0.7794990112063283,2378.0,0.7834541858932103,1071.0,0.35266974291364533,988.0,0.32531311799604484,0.32531311799604484,WACC_0p9_WRT_0p1,0.5943968358602505,2078,False,,,False,False,False,False,False,149.0,0.387434554973822
IBDD,Electricity,2140,0.71,88,0.6428571428571426,0.4658445274206108,0,85,797,3740,454,238,205,0.435903678776714,0.516901971563811,0.47825412928891586,0.435903678776714,0.3004306642296604,0.3333333333333337,1.2233606186634038,-2.534149843841321,1.7596622789832348,-1.2199335447094035,0.0606453741297639,0.516901971563811,0.4648455206345914,0.05205645092921962,0.47825412928891586,0.4243418795299147,0.05391224975900116,0.435903678776714,0.4910989512869498,0.055195272510235815,0.3004306642296604,0.4716635289279518,0.1712328646982914,0.3333333333333337,0.5070664412976595,0.17373310796432584,1017.0,0.3348714568226763,991.0,0.32630191166776534,1818.0,0.5988793671720501,3002.0,0.9891232696110744,2989.0,0.984838497033619,0.32630191166776534,WACC_0p3_WRT_0p7,0.6468029004614371,2079,False,,,False,False,False,False,False,85.0,0.2198952879581152
IBDD,Electricity,2778,0.73,82,0.7142857142857141,0.4778618317981492,0,74,449,3130,526,214,55,0.42135179120185107,0.5044395818389564,0.46479474838607293,0.42135179120185107,0.22270073803295595,0.2592592592592596,1.2233606186634038,-2.534149843841321,1.7596622789832348,-1.2199335447094035,0.0606453741297639,0.5044395818389564,0.46911232869590624,0.035327253143050186,0.46479474838607293,0.43741800242776113,0.0273767459583118,0.42135179120185107,0.43553092982772496,0.014179138625873888,0.22270073803295595,0.25101940058624217,0.028318662553286217,0.2592592592592596,0.28879182588526814,0.02953256662600856,1067.0,0.35135135135135137,1119.0,0.3684904416611734,1057.0,0.34805537244561635,992.0,0.3266315095583388,1843.0,0.6071193144363876,0.3266315095583388,WACC_0p7_WRT_0p3,0.4003295978905735,2080,False,,,False,False,False,False,False,74.0,0.19109947643979058
IBDD,Electricity,124,0.73,84,0.7142857142857141,0.4737621586253954,0,76,276,1670,1000,97,4,0.4263161310595567,0.5086910947588492,0.4693863823395571,0.4263161310595567,0.22270073803295595,0.2592592592592596,1.2233606186634038,-2.534149843841321,1.7596622789832348,-1.2199335447094035,0.0606453741297639,0.5086910947588492,0.4891520851805883,0.019539009578260935,0.4693863823395571,0.46222336825295574,0.00716301408660136,0.4263161310595567,0.43786991649995344,0.011553785440396758,0.22270073803295595,0.2669439839671381,0.044243245934182135,0.2592592592592596,0.24903960455967764,0.010219654699581943,1346.0,0.44330916282135796,1386.0,0.456493078444298,1092.0,0.35959129861568884,1377.0,0.4535266974291364,992.0,0.3266315095583388,0.3266315095583388,WACC_0p9_WRT_0p1,0.407910349373764,2081,False,,,False,False,False,False,False,76.0,0.19633507853403143
IBDD,Electricity,1395,0.71,90,0.6428571428571426,0.462018189093476,0,87,1063,3652,159,229,147,0.4405370344287458,0.5208700261252841,0.48253962821530677,0.4405370344287458,0.3004306642296604,0.3333333333333337,1.2233606186634038,-2.534149843841321,1.7596622789832348,-1.2199335447094035,0.0606453741297639,0.5208700261252841,0.462585799908855,0.05828422621642909,0.48253962821530677,0.43435122012319527,0.0481884080921115,0.4405370344287458,0.45217552129853156,0.011638486869785747,0.3004306642296604,0.3552824648780775,0.054851800648417104,0.3333333333333337,0.4022274487595152,0.06889411542618151,992.0,0.3266315095583388,1079.0,0.3553065260382334,1258.0,0.41430454845088993,2561.0,0.8437705998681608,2706.0,0.8915622940013184,0.3266315095583388,WACC_0p1_WRT_0p9,0.5663150955833883,2082,False,,,False,False,False,False,False,87.0,0.225130890052356
IBDD,Electricity,2075,0.71,87,0.6428571428571426,0.4677900638121001,0,84,2367,3507,972,225,156,0.43354780711429075,0.5148843782689332,0.47607512853044787,0.43354780711429075,0.3004306642296604,0.3333333333333337,1.2233606186634038,-2.534149843841321,1.7596622789832348,-1.2199335447094035,0.0606453741297639,0.5148843782689332,0.46340514542658,0.05147923284235317,0.47607512853044787,0.42438704879718125,0.05168807973326661,0.43354780711429075,0.45522625523916294,0.021678448124872185,0.3004306642296604,0.4065215487826325,0.10609088455297211,0.3333333333333337,0.4473202002070683,0.1139868668737346,1000.0,0.32926829268292684,992.0,0.3266315095583388,1304.0,0.42946605141727096,2848.0,0.9383651944627555,2846.0,0.9377059986816084,0.3266315095583388,WACC_0p3_WRT_0p7,0.5922874093605801,2083,False,,,False,False,False,False,False,84.0,0.21727748691099477
IBDD,Electricity,1601,0.74,92,0.7499999999999998,0.4582750386595772,0,79,2995,807,97,94,27,0.4450696569353127,0.5247518117604384,0.48673195670127345,0.4450696569353127,0.1838357749346038,0.22222222222222254,1.2233606186634038,-2.534149843841321,1.7596622789832348,-1.2199335447094035,0.0606453741297639,0.5247518117604384,0.49031744688189083,0.03443436487854756,0.48673195670127345,0.43188786275370367,0.05484409394756978,0.4450696569353127,0.4340817549036357,0.010987902031676988,0.1838357749346038,0.2510477258588571,0.0672119509242533,0.22222222222222254,0.25723147872929936,0.035009256507076814,1361.0,0.44825313117996046,1055.0,0.34739617666446937,1038.0,0.34179301252471983,993.0,0.3269611074489123,1191.0,0.3922214897824654,0.3269611074489123,WACC_0p7_WRT_0p3,0.37132498352010546,2084,False,,,False,False,False,False,False,79.0,0.20418848167539266
IBDD,Electricity,685,0.73,240,0.7142857142857141,0.2943274557301805,0,220,3599,1581,725,88,9,0.6435956091795045,0.6947715273909238,0.6703532495821979,0.6435956091795045,0.2408922819569404,0.2592592592592596,1.2233606186634038,-2.534149843841321,1.7596622789832348,-1.2199335447094035,0.0606453741297639,0.6947715273909238,0.6300374417373461,0.06473408565357774,0.6703532495821979,0.608638821644298,0.06171442793789994,0.6435956091795045,0.59695299164617,0.04664261753333454,0.2408922819569404,0.30997174498381774,0.06907946302687734,0.2592592592592596,0.24910631997077096,0.010152939288488622,2791.0,0.9195781147000659,2744.0,0.9040870138431114,2717.0,0.8951878707976269,2094.0,0.6898483849703362,993.0,0.3269611074489123,0.3269611074489123,WACC_0p9_WRT_0p1,0.7471324983520105,2085,False,,,False,False,False,False,False,220.0,0.5732984293193717
IBDD,Electricity,2373,0.73,119,0.7142857142857141,0.41438816555554,0,111,1534,3996,526,158,71,0.498212759860783,0.5702641246090697,0.5358852545777952,0.498212759860783,0.22270073803295595,0.2592592592592596,1.2233606186634038,-2.534149843841321,1.7596622789832348,-1.2199335447094035,0.0606453741297639,0.5702641246090697,0.5008292586760974,0.06943486593297232,0.5358852545777952,0.48532183110269606,0.05056342347509918,0.498212759860783,0.4761500313465307,0.022062728514252283,0.22270073803295595,0.25114862787835335,0.028447889845397395,0.2592592592592596,0.2830822805135335,0.023823021254273935,1526.0,0.502636783124588,1678.0,0.5527356624917601,1580.0,0.520435069215557,994.0,0.32729070533948584,1762.0,0.5804218852999341,0.32729070533948584,WACC_0p7_WRT_0p3,0.496704021094265,2086,False,,,False,False,False,False,False,111.0,0.2879581151832461
IBDD,Electricity,1165,0.73,321,0.7142857142857141,0.2444380459539629,0,265,3169,114,857,86,2,0.7040072505453279,0.7465086930847792,0.7262293885315616,0.7040072505453279,0.2641596827963556,0.2592592592592596,1.2233606186634038,-2.534149843841321,1.7596622789832348,-1.2199335447094035,0.0606453741297639,0.7465086930847792,0.646356872233559,0.10015182085122021,0.7262293885315616,0.6139231016672956,0.11230628686426603,0.7040072505453279,0.5777959018257974,0.12621134871953044,0.2641596827963556,0.2915637549079807,0.0274040721116251,0.2592592592592596,0.24912470933461436,0.010134549924645214,2860.0,0.9423203691496375,2766.0,0.9113381674357284,2608.0,0.8592617007251153,1835.0,0.6044825313117996,995.0,0.3276203032300593,0.3276203032300593,WACC_0p9_WRT_0p1,0.729004614370468,2087,False,,,False,False,False,False,False,265.0,0.6910994764397905
IBDD,Electricity,8,0.74,455,0.7499999999999998,0.1845301667550183,0,288,3073,4628,604,67,1,0.7765503680002662,0.8086353826244255,0.7933262132343795,0.7765503680002662,0.29209949296876586,0.22222222222222254,1.2233606186634038,-2.534149843841321,1.7596622789832348,-1.2199335447094035,0.0606453741297639,0.8086353826244255,0.6511024573308326,0.15753292529359286,0.7933262132343795,0.6633775857212435,0.12994862751313596,0.7765503680002662,0.6667940924437797,0.10975627555648648,0.29209949296876586,0.3388356210918109,0.04673612812304506,0.22222222222222254,0.2492641172824591,0.027041895060236548,2878.0,0.9482531311799605,2931.0,0.965721819380356,2939.0,0.968358602504944,2398.0,0.7900461437046803,1000.0,0.32926829268292684,0.32926829268292684,WACC_0p9_WRT_0p1,0.8003295978905735,2088,False,,,False,False,False,False,False,288.0,0.7513089005235603
IBDD,Electricity,2538,0.71,84,0.6428571428571426,0.4737621586253954,0,81,490,3282,913,144,83,0.4263161310595567,0.5086910947588492,0.4693863823395571,0.4263161310595567,0.3004306642296604,0.3333333333333337,1.2233606186634038,-2.534149843841321,1.7596622789832348,-1.2199335447094035,0.0606453741297639,0.5086910947588492,0.46366563363748514,0.045025461121364074,0.4693863823395571,0.4382027643303086,0.031183618009248515,0.4263161310595567,0.4341577482876291,0.007841617228072417,0.3004306642296604,0.2760248318660622,0.024405832363598223,0.3333333333333337,0.325168595977874,0.008164737355459695,1002.0,0.3299274884640738,1123.0,0.36980883322346736,1041.0,0.34278180619644033,1567.0,0.5161502966381015,2237.0,0.7369808833223468,0.3299274884640738,WACC_0p1_WRT_0p9,0.459129861568886,2089,False,,,False,False,False,False,False,81.0,0.2094240837696335
IBDD,Electricity,2317,0.74,91,0.7499999999999998,0.460136442071784,0,78,314,2983,932,70,52,0.4428156628335633,0.5228214674811129,0.48464718487960196,0.4428156628335633,0.1838357749346038,0.22222222222222254,1.2233606186634038,-2.534149843841321,1.7596622789832348,-1.2199335447094035,0.0606453741297639,0.5228214674811129,0.4660599804840594,0.05676148699705352,0.48464718487960196,0.44571944116527806,0.03892774371432389,0.4428156628335633,0.4316123809081638,0.011203281925399489,0.1838357749346038,0.2638938275188579,0.08005805258425414,0.22222222222222254,0.2973190012769194,0.07509677905469686,1037.0,0.34146341463414637,1195.0,0.39353988134475937,1003.0,0.33025708635464734,1324.0,0.43605800922874094,1964.0,0.6470006591957811,0.33025708635464734,WACC_0p5_WRT_0p5,0.429663810151615,2090,False,,,False,False,False,False,False,78.0,0.20157068062827224
IBDD,Electricity,429,0.73,427,0.7142857142857141,0.1954410289305518,0,303,3357,3338,622,73,6,0.7633382835980477,0.7973204144423908,0.781106047597782,0.7633382835980477,0.2870108898988861,0.2592592592592596,1.2233606186634038,-2.534149843841321,1.7596622789832348,-1.2199335447094035,0.0606453741297639,0.7973204144423908,0.6284124082709575,0.1689080061714333,0.781106047597782,0.6339927418726748,0.14711330572510717,0.7633382835980477,0.6467884057310028,0.11654987786704485,0.2870108898988861,0.3214873638084365,0.03447647390955039,0.2592592592592596,0.24934415435591864,0.009915104903340938,2783.0,0.916941331575478,2847.0,0.9380355965721819,2879.0,0.948582729070534,2213.0,0.7290705339485827,1003.0,0.33025708635464734,0.33025708635464734,WACC_0p9_WRT_0p1,0.7725774555042848,2091,False,,,False,False,False,False,False,303.0,0.7905759162303665
IBDD,Electricity,81,0.74,50,0.7499999999999998,0.5617151637134581,0,37,2372,1,1000,98,6,0.31981285863641046,0.4174805709638212,0.3708790166409269,0.31981285863641046,0.1838357749346038,0.22222222222222254,1.2233606186634038,-2.534149843841321,1.7596622789832348,-1.2199335447094035,0.0606453741297639,0.4174805709638212,0.48639298249557517,0.06891241153175398,0.3708790166409269,0.4251634511883162,0.05428443454738935,0.31981285863641046,0.44596595220984303,0.12615309357343257,0.1838357749346038,0.29139576380278587,0.10755998886818208,0.22222222222222254,0.26800138435698156,0.04577916213475902,1303.0,0.42913645352669744,1004.0,0.3305866842452208,1180.0,0.38859591298615687,1831.0,0.6031641397495056,1461.0,0.4812129202373105,0.3305866842452208,WACC_0p3_WRT_0p7,0.44653922214897823,2092,False,,,False,False,False,False,False,37.0,0.09424083769633508
IBDD,Electricity,2214,0.72,81,0.6785714285714283,0.4799488650928298,0,74,1352,2635,131,176,48,0.41882457936506384,0.502275251014843,0.4624572710960305,0.41882457936506384,0.2615657011313083,0.2962962962962967,1.2233606186634038,-2.534149843841321,1.7596622789832348,-1.2199335447094035,0.0606453741297639,0.502275251014843,0.46790965108693156,0.034365599927911494,0.4624572710960305,0.45182929829472573,0.010627972801304786,0.41882457936506384,0.4472572827239105,0.028432703358846678,0.2615657011313083,0.2514487682586708,0.010116932872637485,0.2962962962962967,0.28974913338987635,0.0065471629064203785,1053.0,0.34673698088332233,1260.0,0.4149637442320369,1194.0,0.3932102834541859,1005.0,0.3309162821357943,1863.0,0.6137112722478576,0.3309162821357943,WACC_0p7_WRT_0p3,0.41990771259063936,2093,False,,,False,False,False,False,False,74.0,0.19109947643979058
IBDD,Electricity,78,0.74,209,0.7499999999999998,0.3180345608150853,0,189,1958,4007,2,250,1,0.614888411867784,0.6701863813769485,0.6438012918871044,0.614888411867784,0.22983577278541736,0.22222222222222254,1.2233606186634038,-2.534149843841321,1.7596622789832348,-1.2199335447094035,0.0606453741297639,0.6701863813769485,0.5505504445482472,0.11963593682870133,0.6438012918871044,0.5390662859717201,0.10473500591538432,0.614888411867784,0.5334759609447741,0.08141245092300986,0.22983577278541736,0.2570344782635299,0.02719870547811251,0.22222222222222254,0.24942460100627087,0.027202378784048326,2209.0,0.7277521423862887,2276.0,0.7498352010547132,2262.0,0.7452208305866842,1146.0,0.3773895847066579,1006.0,0.33124588002636784,0.33124588002636784,WACC_0p9_WRT_0p1,0.5862887277521424,2094,False,,,False,False,False,False,False,189.0,0.49214659685863876
IBDD,Electricity,2500,0.73,218,0.7142857142857141,0.3108092431231825,0,200,3105,1317,168,54,12,0.6236376294495372,0.6776793034278108,0.6518936477020356,0.6236376294495372,0.23320551325105343,0.2592592592592596,1.2233606186634038,-2.534149843841321,1.7596622789832348,-1.2199335447094035,0.0606453741297639,0.6776793034278108,0.6045042391555709,0.07317506427223985,0.6518936477020356,0.5893742013997829,0.0625194463022527,0.6236376294495372,0.546661938586254,0.07697569086328315,0.23320551325105343,0.3168104921624288,0.08360497891137536,0.2592592592592596,0.2494662910211083,0.00979296823815129,2665.0,0.8780487804878049,2663.0,0.8773895847066578,2388.0,0.7867501647989453,2165.0,0.7132498352010547,1007.0,0.3315754779169413,0.3315754779169413,WACC_0p9_WRT_0p1,0.7174027686222809,2095,False,,,False,False,False,False,False,200.0,0.5209424083769634
IBDD,Electricity,1865,0.71,83,0.6428571428571426,0.475799793515297,0,80,3663,3406,678,241,159,0.4238487363007214,0.5065779919100624,0.4671042312628673,0.4238487363007214,0.3004306642296604,0.3333333333333337,1.2233606186634038,-2.534149843841321,1.7596622789832348,-1.2199335447094035,0.0606453741297639,0.5065779919100624,0.46395169149687976,0.042626300413182605,0.4671042312628673,0.4310584587634303,0.03604577249943702,0.4238487363007214,0.44806020990765033,0.024211473606928935,0.3004306642296604,0.36907077841420416,0.06864011418454374,0.3333333333333337,0.4068437911763964,0.0735104578430627,1008.0,0.3319050758075148,1049.0,0.34541858932102837,1206.0,0.3971654581410679,2672.0,0.8803559657218194,2720.0,0.8961766644693474,0.3319050758075148,WACC_0p1_WRT_0p9,0.5702043506921556,2096,False,,,False,False,False,False,False,80.0,0.20680628272251309
IBDD,Electricity,1270,0.74,179,0.7499999999999998,0.344575937943391,0,165,4984,3782,494,101,40,0.5827491630046993,0.6426619902809279,0.614074949503402,0.5827491630046993,0.21745741707336474,0.22222222222222254,1.2233606186634038,-2.534149843841321,1.7596622789832348,-1.2199335447094035,0.0606453741297639,0.6426619902809279,0.562675043249224,0.07998694703170384,0.614074949503402,0.5555563052495796,0.05851864425382247,0.5827491630046993,0.5527684813828034,0.02998068162189582,0.21745741707336474,0.2514750074734379,0.03401759040007313,0.22222222222222254,0.2706025921988657,0.048380369976643134,2324.0,0.7656558998022412,2420.0,0.7972972972972973,2438.0,0.8032300593276203,1008.0,0.3319050758075148,1517.0,0.4996704021094265,0.3319050758075148,WACC_0p7_WRT_0p3,0.6395517468688201,2097,False,,,False,False,False,False,False,165.0,0.4293193717277487
IBDD,Electricity,620,0.73,453,0.7142857142857141,0.1852869949567891,0,309,3843,209,608,91,8,0.7756339163102983,0.807850523748515,0.7924785656483961,0.7756339163102983,0.29174652376716254,0.2592592592592596,1.2233606186634038,-2.534149843841321,1.7596622789832348,-1.2199335447094035,0.0606453741297639,0.807850523748515,0.6722065106586697,0.1356440130898453,0.7924785656483961,0.6286106632428027,0.16386790240559346,0.7756339163102983,0.601703225667817,0.17393069064248134,0.29174652376716254,0.2854686709270486,0.006277852840113951,0.2592592592592596,0.2494922807855733,0.009766978473686266,2933.0,0.966381015161503,2829.0,0.9321028345418589,2738.0,0.9021094264996704,1738.0,0.5725115359261701,1008.0,0.3319050758075148,0.3319050758075148,WACC_0p9_WRT_0p1,0.7410019775873435,2098,False,,,False,False,False,False,False,309.0,0.806282722513089
IBDD,Electricity,74,0.73,66,0.7142857142857141,0.5147334338430524,0,58,2521,1,1000,87,10,0.3767035580535428,0.46620236490350114,0.42349855409578124,0.3767035580535428,0.22270073803295595,0.2592592592592596,1.2233606186634038,-2.534149843841321,1.7596622789832348,-1.2199335447094035,0.0606453741297639,0.46620236490350114,0.4952316105059278,0.029029245602426645,0.42349855409578124,0.4256013068086154,0.002102752712834166,0.3767035580535428,0.4572485976200744,0.08054503956653164,0.22270073803295595,0.2796587581037717,0.05695802007081577,0.2592592592592596,0.25947599173589797,0.00021673247663839268,1449.0,0.4772577455504285,1009.0,0.33223467369808835,1329.0,0.4377059986816084,1639.0,0.5398813447593935,1249.0,0.41133816743572843,0.33223467369808835,WACC_0p3_WRT_0p7,0.4396835860250494,2099,False,,,False,False,False,False,False,58.0,0.14921465968586387
IBDD,Electricity,1397,0.74,143,0.7499999999999998,0.3829963792662363,0,129,3228,2301,541,75,34,0.5362254231424002,0.602818569649829,0.5710440552218153,0.5362254231424002,0.1995389086625473,0.22222222222222254,1.2233606186634038,-2.534149843841321,1.7596622789832348,-1.2199335447094035,0.0606453741297639,0.602818569649829,0.5194893484264962,0.08332922122333286,0.5710440552218153,0.5060654962935758,0.06497855892823956,0.5362254231424002,0.4847318079518487,0.051493615190551456,0.1995389086625473,0.2514968405635209,0.051957931900973586,0.22222222222222254,0.25156056331484594,0.0293383410926234,1819.0,0.5992089650626236,1950.0,0.6423862887277522,1722.0,0.567237969676994,1009.0,0.33223467369808835,1057.0,0.34805537244561635,0.33223467369808835,WACC_0p7_WRT_0p3,0.4978246539222148,2100,False,,,False,False,False,False,False,129.0,0.33507853403141363
IBDD,Electricity,2685,0.71,84,0.6428571428571426,0.4737621586253954,0,81,3799,3249,991,193,152,0.4263161310595567,0.5086910947588492,0.4693863823395571,0.4263161310595567,0.3004306642296604,0.3333333333333337,1.2233606186634038,-2.534149843841321,1.7596622789832348,-1.2199335447094035,0.0606453741297639,0.5086910947588492,0.4641769600127204,0.04451413474612881,0.4693863823395571,0.4343139374262543,0.0350724449133028,0.4263161310595567,0.4385339137640612,0.01221778270450452,0.3004306642296604,0.36455019052779575,0.06411952629813533,0.3333333333333337,0.38750707491983394,0.054173741586500235,1009.0,0.33223467369808835,1078.0,0.35497692814765985,1098.0,0.36156888595912984,2638.0,0.8691496374423203,2645.0,0.8714568226763348,0.33223467369808835,WACC_0p1_WRT_0p9,0.5578773895847067,2101,False,,,False,False,False,False,False,81.0,0.2094240837696335
IBDD,Electricity,476,0.73,231,0.7142857142857141,0.3008804802439224,0,212,3036,1484,19,79,9,0.6356604788870963,0.6879757982655619,0.6630138621268068,0.6356604788870963,0.23783608528603023,0.2592592592592596,1.2233606186634038,-2.534149843841321,1.7596622789832348,-1.2199335447094035,0.0606453741297639,0.6879757982655619,0.5949698395156241,0.09300595874993778,0.6630138621268068,0.5777927919451372,0.08522107018166958,0.6356604788870963,0.5590164079952549,0.07664407089184144,0.23783608528603023,0.31042834068229636,0.07259225539626613,0.2592592592592596,0.24952570364975832,0.00973355560950126,2598.0,0.8559657218193804,2595.0,0.8549769281476599,2481.0,0.8174027686222808,2102.0,0.6924851680949242,1009.0,0.33223467369808835,0.33223467369808835,WACC_0p9_WRT_0p1,0.7106130520764667,2102,False,,,False,False,False,False,False,212.0,0.5523560209424084
IBDD,Electricity,184,0.75,32,0.7857142857142856,0.636667418954684,0,14,208,1,1000,46,3,0.22905233884867993,0.3397523062692165,0.2869324907707538,0.22905233884867993,0.14497081183625146,0.18518518518518542,1.2233606186634038,-2.534149843841321,1.7596622789832348,-1.2199335447094035,0.0606453741297639,0.3397523062692165,0.4755871930630754,0.1358348867938589,0.2869324907707538,0.4268524455424449,0.1399199547716911,0.22905233884867993,0.4323803066071323,0.20332796775845235,0.14497081183625146,0.27091234381497226,0.1259415319787208,0.18518518518518542,0.27705409462400865,0.09186890943882323,1154.0,0.3800263678312459,1016.0,0.3345418589321028,1010.0,0.3325642715886618,1460.0,0.480883322346737,1656.0,0.545484508899143,0.3325642715886618,WACC_0p5_WRT_0p5,0.4147000659195781,2103,False,,,False,False,False,False,False,14.0,0.034031413612565446
IBDD,Electricity,1859,0.72,96,0.6785714285714283,0.4510243614951085,0,89,2381,3757,817,205,57,0.45384958258454444,0.5322710325235911,0.4948527151254784,0.45384958258454444,0.2615657011313083,0.2962962962962967,1.2233606186634038,-2.534149843841321,1.7596622789832348,-1.2199335447094035,0.0606453741297639,0.5322710325235911,0.4953385351050024,0.03693249741858867,0.4948527151254784,0.4741453843055435,0.02070733081993492,0.45384958258454444,0.47411866452518636,0.02026908194064192,0.2615657011313083,0.25152332852684,0.010042372604468275,0.2962962962962967,0.2852551587212275,0.011041137575069249,1450.0,0.47758734344100195,1536.0,0.505932762030323,1551.0,0.5108767303889256,1010.0,0.3325642715886618,1789.0,0.5893210283454186,0.3325642715886618,WACC_0p7_WRT_0p3,0.48325642715886613,2104,False,,,False,False,False,False,False,89.0,0.23036649214659685
IBDD,Electricity,1580,0.71,82,0.6428571428571426,0.4778618317981492,0,79,2759,3421,179,200,145,0.42135179120185107,0.5044395818389564,0.46479474838607293,0.42135179120185107,0.3004306642296604,0.3333333333333337,1.2233606186634038,-2.534149843841321,1.7596622789832348,-1.2199335447094035,0.0606453741297639,0.5044395818389564,0.46432633792689404,0.04011324391206239,0.46479474838607293,0.4375529429149003,0.02724180547117261,0.42135179120185107,0.44293094401790406,0.021579152816052993,0.3004306642296604,0.3490007538566186,0.04857008962695819,0.3333333333333337,0.38705778266120455,0.05372444932787085,1010.0,0.3325642715886618,1120.0,0.36882003955174686,1145.0,0.3770599868160844,2498.0,0.8230059327620303,2641.0,0.8701384311140409,0.3325642715886618,WACC_0p1_WRT_0p9,0.5543177323665128,2105,False,,,False,False,False,False,False,79.0,0.20418848167539266
IBDD,Electricity,161,0.73,296,0.7142857142857141,0.2583533809756533,0,249,4336,2889,2,127,1,0.6871570165460397,0.7320779752845077,0.7106442133072682,0.6871570165460397,0.2576698550109251,0.2592592592592596,1.2233606186634038,-2.534149843841321,1.7596622789832348,-1.2199335447094035,0.0606453741297639,0.7320779752845077,0.6076257737061019,0.12445220157840575,0.7106442133072682,0.6097073231628773,0.10093689014439089,0.6871570165460397,0.6248466447490163,0.06231037179702337,0.2576698550109251,0.32144061332411106,0.06377075831318596,0.2592592592592596,0.24957699273889208,0.009682266520367494,2685.0,0.8846407382992749,2749.0,0.9057350032959789,2819.0,0.928806855636124,2211.0,0.7284113381674358,1010.0,0.3325642715886618,0.3325642715886618,WACC_0p9_WRT_0p1,0.756031641397495,2106,False,,,False,False,False,False,False,249.0,0.6492146596858639
IBDD,Electricity,738,0.73,377,0.7142857142857141,0.2168305469136325,0,287,1858,1559,319,93,5,0.7374374782933178,0.7751386920895663,0.7571497874567317,0.7374374782933178,0.27703525597363843,0.2592592592592596,1.2233606186634038,-2.534149843841321,1.7596622789832348,-1.2199335447094035,0.0606453741297639,0.7751386920895663,0.579866509416201,0.19527218267336532,0.7571497874567317,0.5490420416914755,0.20810774576525615,0.7374374782933178,0.5197474214308636,0.21769005686245424,0.27703525597363843,0.2731912936686545,0.0038439623049839056,0.2592592592592596,0.24959863250378422,0.009660626755475354,2480.0,0.8170731707317073,2368.0,0.7801582069874753,2153.0,0.7092946605141727,1503.0,0.4950560316413975,1011.0,0.3328938694792353,0.3328938694792353,WACC_0p9_WRT_0p1,0.6268951878707976,2107,False,,,False,False,False,False,False,287.0,0.7486910994764397
IBDD,Electricity,1205,0.73,111,0.7142857142857141,0.4262672297500796,0,103,621,4265,431,191,52,0.48382826886156854,0.5579450950739915,0.5225807026799109,0.48382826886156854,0.22270073803295595,0.2592592592592596,1.2233606186634038,-2.534149843841321,1.7596622789832348,-1.2199335447094035,0.0606453741297639,0.5579450950739915,0.502947594901917,0.0549975001720745,0.5225807026799109,0.48678079332161417,0.03579990935829669,0.48382826886156854,0.4830877570965354,0.0007405117650331472,0.22270073803295595,0.2515590198860692,0.02885828185311326,0.2592592592592596,0.28889831632539603,0.029639057066136454,1566.0,0.515820698747528,1700.0,0.5599868160843771,1696.0,0.5586684245220831,1012.0,0.33322346736980885,1845.0,0.6077785102175346,0.33322346736980885,WACC_0p7_WRT_0p3,0.5150955833882663,2108,False,,,False,False,False,False,False,103.0,0.2670157068062827
IBDD,Electricity,2716,0.73,219,0.7142857142857141,0.3100248311118884,0,201,1149,1847,635,65,11,0.6245874826813533,0.6784927677358195,0.6527721891546849,0.6245874826813533,0.23357134697752763,0.2592592592592596,1.2233606186634038,-2.534149843841321,1.7596622789832348,-1.2199335447094035,0.0606453741297639,0.6784927677358195,0.5797658219363374,0.09872694579948205,0.6527721891546849,0.5736024998451108,0.07916968930957413,0.6245874826813533,0.5464284744338456,0.07815900824750777,0.23357134697752763,0.30549461955174856,0.07192327257422093,0.2592592592592596,0.24964473196916767,0.009614527290091907,2478.0,0.8164139749505603,2567.0,0.8457481872116018,2385.0,0.7857613711272248,2027.0,0.6677653263019117,1013.0,0.3335530652603823,0.3335530652603823,WACC_0p9_WRT_0p1,0.6898483849703363,2109,False,,,False,False,False,False,False,201.0,0.5235602094240838
IBDD,Electricity,1796,0.74,112,0.7499999999999998,0.4247367473289887,0,98,4071,3003,315,204,132,0.4856815470533606,0.5595322620291968,0.5242948429915326,0.4856815470533606,0.1838357749346038,0.22222222222222254,1.2233606186634038,-2.534149843841321,1.7596622789832348,-1.2199335447094035,0.0606453741297639,0.5595322620291968,0.46462517925576907,0.09490708277342774,0.5242948429915326,0.43459681389029065,0.08969802910124197,0.4856815470533606,0.433297000586055,0.05238454646730556,0.1838357749346038,0.3018624520028868,0.11802667706828301,0.22222222222222254,0.3453104900481543,0.12308826782593174,1014.0,0.3338826631509558,1081.0,0.35596572181938035,1024.0,0.33717864205669085,1984.0,0.6535926170072511,2378.0,0.7834541858932103,0.3338826631509558,WACC_0p1_WRT_0p9,0.49281476598549767,2110,False,,,False,False,False,False,False,98.0,0.25392670157068065
IBDD,Electricity,517,0.73,148,0.7142857142857141,0.377119421762125,0,140,286,2120,984,60,2,0.5433418963709491,0.6089131922466853,0.57762624762642,0.5433418963709491,0.22270073803295595,0.2592592592592596,1.2233606186634038,-2.534149843841321,1.7596622789832348,-1.2199335447094035,0.0606453741297639,0.6089131922466853,0.5391279393737277,0.06978525287295756,0.57762624762642,0.5082049525264788,0.06942129509994122,0.5433418963709491,0.5219856215824937,0.021356274788455365,0.22270073803295595,0.2951302529084066,0.07242951487545066,0.2592592592592596,0.24964579019517838,0.009613469064081198,2086.0,0.6872116018457481,1980.0,0.6522742254449572,2176.0,0.7168754119973633,1878.0,0.6186552406064602,1014.0,0.3338826631509558,0.3338826631509558,WACC_0p9_WRT_0p1,0.6017798286090968,2111,False,,,False,False,False,False,False,140.0,0.36387434554973824
IBDD,Electricity,1068,0.73,216,0.7142857142857141,0.312388870153905,0,198,491,4715,675,61,3,0.621724841503161,0.6760411716922465,0.6501244654276264,0.621724841503161,0.2324688074959552,0.2592592592592596,1.2233606186634038,-2.534149843841321,1.7596622789832348,-1.2199335447094035,0.0606453741297639,0.6760411716922465,0.6041480139050468,0.07189315778719974,0.6501244654276264,0.5903354176875828,0.059789047740043566,0.621724841503161,0.5988058388136904,0.022919002689470558,0.2324688074959552,0.3139157027568577,0.08144689526090251,0.2592592592592596,0.24965649513961996,0.009602764119639617,2662.0,0.8770599868160843,2668.0,0.8790375741595253,2730.0,0.8994726433750824,2138.0,0.7043506921555702,1015.0,0.33421226104152935,0.33421226104152935,WACC_0p9_WRT_0p1,0.7388266315095582,2112,False,,,False,False,False,False,False,198.0,0.5157068062827225
IBDD,Electricity,2200,0.73,81,0.7142857142857141,0.4799488650928298,0,73,2330,2914,899,109,74,0.41882457936506384,0.502275251014843,0.4624572710960305,0.41882457936506384,0.22270073803295595,0.2592592592592596,1.2233606186634038,-2.534149843841321,1.7596622789832348,-1.2199335447094035,0.0606453741297639,0.502275251014843,0.47396331775923783,0.028311933255605215,0.4624572710960305,0.4444297454292159,0.018027525666814592,0.41882457936506384,0.4325837645349598,0.013759185169895938,0.22270073803295595,0.2545974977976125,0.03189675976465653,0.2592592592592596,0.3141706787212527,0.05491141946199313,1132.0,0.37277521423862886,1182.0,0.3892551087673039,1016.0,0.3345418589321028,1092.0,0.35959129861568884,2143.0,0.7059986816084377,0.3345418589321028,WACC_0p5_WRT_0p5,0.43243243243243246,2113,False,,,False,False,False,False,False,73.0,0.18848167539267016
IBDD,Electricity,2024,0.72,139,0.6785714285714283,0.3878467884272343,0,132,1998,4109,244,236,12,0.5303520087238677,0.5977885157050904,0.5656115969614975,0.5303520087238677,0.2615657011313083,0.2962962962962967,1.2233606186634038,-2.534149843841321,1.7596622789832348,-1.2199335447094035,0.0606453741297639,0.5977885157050904,0.5407414960934654,0.05704701961162495,0.5656115969614975,0.5233403753686711,0.04227122159282648,0.5303520087238677,0.5251312589831033,0.005220749740764363,0.2615657011313083,0.2516941359560178,0.009871565175290475,0.2962962962962967,0.2630530268135681,0.0332432694827286,2105.0,0.6934739617666447,2128.0,0.7010547132498351,2197.0,0.7237969676994067,1016.0,0.3345418589321028,1329.0,0.4377059986816084,0.3345418589321028,WACC_0p7_WRT_0p3,0.5781147000659195,2114,False,,,False,False,False,False,False,132.0,0.34293193717277487
IBDD,Electricity,417,0.74,295,0.7499999999999998,0.2589340835115271,0,231,3761,4342,372,97,9,0.6864538373844744,0.7314757652473053,0.7099938264670898,0.6864538373844744,0.2573990272193909,0.22222222222222254,1.2233606186634038,-2.534149843841321,1.7596622789832348,-1.2199335447094035,0.0606453741297639,0.7314757652473053,0.6331786987895416,0.0982970664577637,0.7099938264670898,0.6307370940476132,0.0792567324194765,0.6864538373844744,0.6418232346655549,0.0446306027189195,0.2573990272193909,0.3136895720024259,0.056290544783035024,0.22222222222222254,0.24966342233744393,0.027441200115221387,2808.0,0.9251812788398154,2837.0,0.934739617666447,2863.0,0.9433091628213579,2134.0,0.7030323005932761,1016.0,0.3345418589321028,0.3345418589321028,WACC_0p9_WRT_0p1,0.7681608437705998,2115,False,,,False,False,False,False,False,231.0,0.6020942408376964
IBDD,Electricity,2464,0.73,147,0.7142857142857141,0.3782788748888935,0,139,1822,4976,989,243,24,0.5419379016797108,0.6077107964115179,0.5763276601244394,0.5419379016797108,0.22270073803295595,0.2592592592592596,1.2233606186634038,-2.534149843841321,1.7596622789832348,-1.2199335447094035,0.0606453741297639,0.6077107964115179,0.5499763578838952,0.05773443852762272,0.5763276601244394,0.5347098441251246,0.0416178159993148,0.5419379016797108,0.536224043695828,0.005713857983882797,0.22270073803295595,0.25178902376316636,0.02908828573021041,0.2592592592592596,0.26760607393770763,0.008346814678448056,2202.0,0.7254449571522742,2244.0,0.7392880685563612,2287.0,0.7534607778510217,1017.0,0.3348714568226763,1447.0,0.47659854976928145,0.3348714568226763,WACC_0p7_WRT_0p3,0.605932762030323,2116,False,,,False,False,False,False,False,139.0,0.3612565445026178
IBDD,Electricity,2045,0.71,98,0.6428571428571426,0.4475103999651687,0,95,146,4096,604,188,179,0.45810467769735974,0.535915140776862,0.49878835203901095,0.45810467769735974,0.3004306642296604,0.3333333333333337,1.2233606186634038,-2.534149843841321,1.7596622789832348,-1.2199335447094035,0.0606453741297639,0.535915140776862,0.4714510059191683,0.0644641348576937,0.49878835203901095,0.42703797842259367,0.07175037361641728,0.45810467769735974,0.48681435011736246,0.02870967242000272,0.3004306642296604,0.471604014570768,0.1711733503411076,0.3333333333333337,0.5118617191094471,0.1785283857761134,1100.0,0.3622280817402769,1017.0,0.3348714568226763,1753.0,0.5774555042847725,3001.0,0.988793671720501,2996.0,0.9871456822676334,0.3348714568226763,WACC_0p3_WRT_0p7,0.650098879367172,2117,False,,,False,False,False,False,False,95.0,0.24607329842931938
IBDD,Electricity,1317,0.72,103,0.6785714285714283,0.4390270024565642,0,96,4311,3950,928,156,73,0.46837731812650846,0.5447127381931928,0.5082897572486481,0.46837731812650846,0.2615657011313083,0.2962962962962967,1.2233606186634038,-2.534149843841321,1.7596622789832348,-1.2199335447094035,0.0606453741297639,0.5447127381931928,0.5141899451210241,0.030522793072168652,0.5082897572486481,0.4992791525689105,0.009010604679737633,0.46837731812650846,0.5004017332666744,0.03202441514016591,0.2615657011313083,0.2517936438160548,0.00977205731525349,0.2962962962962967,0.2800060639710663,0.016290232325230414,1738.0,0.5725115359261701,1868.0,0.6153592617007251,1933.0,0.6367831245880027,1018.0,0.33520105471324985,1710.0,0.563282794990112,0.33520105471324985,WACC_0p7_WRT_0p3,0.544627554383652,2118,False,,,False,False,False,False,False,96.0,0.2486910994764398
IBDD,Electricity,690,0.73,156,0.7142857142857141,0.3681145913012531,0,147,547,4632,153,208,9,0.5542459457634427,0.6182515349468486,0.5877116577425964,0.5542459457634427,0.22270073803295595,0.2592592592592596,1.2233606186634038,-2.534149843841321,1.7596622789832348,-1.2199335447094035,0.0606453741297639,0.6182515349468486,0.5382486224134077,0.08000291253344094,0.5877116577425964,0.5172254830063328,0.07048617473626362,0.5542459457634427,0.5100248230071144,0.04422112275632828,0.22270073803295595,0.2581510622203147,0.035450324187358745,0.2592592592592596,0.24975856167518803,0.009500697584071544,2075.0,0.6835860250494397,2064.0,0.6799604482531312,2055.0,0.6769940672379697,1176.0,0.3872775214238629,1018.0,0.33520105471324985,0.33520105471324985,WACC_0p9_WRT_0p1,0.5526038233355306,2119,False,,,False,False,False,False,False,147.0,0.38219895287958117
IBDD,Electricity,1376,0.73,183,0.7142857142857141,0.3407916506944176,0,170,4366,3293,970,97,35,0.5873315985383268,0.6465864363169004,0.6183133512222523,0.5873315985383268,0.22270073803295595,0.2592592592592596,1.2233606186634038,-2.534149843841321,1.7596622789832348,-1.2199335447094035,0.0606453741297639,0.6465864363169004,0.5548294975170753,0.09175693879982505,0.6183133512222523,0.55508293984493,0.06323041137732233,0.5873315985383268,0.5517003153596239,0.0356312831787029,0.22270073803295595,0.25186744644238224,0.029166708409426284,0.2592592592592596,0.25476991476605804,0.004489344493201541,2253.0,0.7422544495715228,2415.0,0.7956493078444298,2428.0,0.7999340804218853,1020.0,0.33586025049439683,1135.0,0.37376400791034936,0.33586025049439683,WACC_0p7_WRT_0p3,0.6094924192485168,2120,False,,,False,False,False,False,False,170.0,0.4424083769633508
IBDD,Electricity,2216,0.71,90,0.6428571428571426,0.462018189093476,0,87,2464,3821,664,245,185,0.4405370344287458,0.5208700261252841,0.48253962821530677,0.4405370344287458,0.3004306642296604,0.3333333333333337,1.2233606186634038,-2.534149843841321,1.7596622789832348,-1.2199335447094035,0.0606453741297639,0.5208700261252841,0.47363129435679,0.04723873176849408,0.48253962821530677,0.42744524396893707,0.0550943842463697,0.4405370344287458,0.4790792564396198,0.03854222201087398,0.3004306642296604,0.4280937284334532,0.1276630642037928,0.3333333333333337,0.47438771932309,0.14105438598975628,1128.0,0.3714568226763349,1020.0,0.33586025049439683,1633.0,0.5379037574159525,2905.0,0.9571522742254449,2929.0,0.9650626235992089,0.33586025049439683,WACC_0p3_WRT_0p7,0.6334871456822675,2121,False,,,False,False,False,False,False,87.0,0.225130890052356
IBDD,Electricity,945,0.73,324,0.7142857142857141,0.2428413284335072,0,267,2839,1527,251,44,7,0.7059407335558702,0.7481645482911778,0.7280177121544719,0.7059407335558702,0.26490435920648764,0.2592592592592596,1.2233606186634038,-2.534149843841321,1.7596622789832348,-1.2199335447094035,0.0606453741297639,0.7481645482911778,0.6300145571761174,0.11814999111506042,0.7280177121544719,0.5918486201346896,0.13616909201978222,0.7059407335558702,0.5936172300239669,0.11232350353190323,0.26490435920648764,0.331412023836443,0.06650766462995539,0.2592592592592596,0.2498997081128025,0.00935955114645709,2790.0,0.9192485168094924,2675.0,0.8813447593935398,2696.0,0.8882663150955834,2336.0,0.7696110744891232,1020.0,0.33586025049439683,0.33586025049439683,WACC_0p9_WRT_0p1,0.758866183256427,2122,False,,,False,False,False,False,False,267.0,0.6963350785340314
IBDD,Electricity,2640,0.74,218,0.7499999999999998,0.3108092431231825,0,193,3906,1100,623,115,10,0.6236376294495372,0.6776793034278108,0.6518936477020356,0.6236376294495372,0.23320551325105343,0.22222222222222254,1.2233606186634038,-2.534149843841321,1.7596622789832348,-1.2199335447094035,0.0606453741297639,0.6776793034278108,0.6088236764804822,0.06885562694732861,0.6518936477020356,0.5682193564742475,0.08367429122778813,0.6236376294495372,0.5607596122584193,0.06287801719111785,0.23320551325105343,0.2762485355232166,0.04304302227216317,0.22222222222222254,0.2499114941068403,0.027689271884617755,2690.0,0.8862887277521424,2520.0,0.8302570863546473,2500.0,0.8236651285431773,1573.0,0.5181278839815425,1021.0,0.33618984838497035,0.33618984838497035,WACC_0p9_WRT_0p1,0.678905735003296,2123,False,,,False,False,False,False,False,193.0,0.5026178010471204
IBDD,Electricity,1398,0.73,98,0.7142857142857141,0.4475103999651687,0,90,4237,2648,146,192,93,0.45810467769735974,0.535915140776862,0.49878835203901095,0.45810467769735974,0.22270073803295595,0.2592592592592596,1.2233606186634038,-2.534149843841321,1.7596622789832348,-1.2199335447094035,0.0606453741297639,0.535915140776862,0.46510141987373543,0.07081372090312654,0.49878835203901095,0.44049175887633113,0.05829659316267982,0.45810467769735974,0.43385962575920045,0.02424505193815929,0.22270073803295595,0.2599969128053293,0.037296174772373375,0.2592592592592596,0.298376857135202,0.039117597875942434,1022.0,0.3365194462755438,1143.0,0.3764007910349374,1031.0,0.33948582729070537,1229.0,0.4047462096242584,1988.0,0.6549110085695452,0.3365194462755438,WACC_0p1_WRT_0p9,0.422412656558998,2124,False,,,False,False,False,False,False,90.0,0.23298429319371727
IBDD,Electricity,1070,0.73,315,0.7142857142857141,0.2476766017201446,0,262,3548,3453,908,107,7,0.700085647336002,0.743150190808739,0.722602206073438,0.700085647336002,0.26264928659222025,0.2592592592592596,1.2233606186634038,-2.534149843841321,1.7596622789832348,-1.2199335447094035,0.0606453741297639,0.743150190808739,0.621850012873738,0.12130017793500103,0.722602206073438,0.6152846074040343,0.1073175986694036,0.700085647336002,0.6152893951710904,0.0847962521649116,0.26264928659222025,0.3054594207022907,0.04281013411007045,0.2592592592592596,0.249918739255361,0.009340520003898567,2748.0,0.9054054054054054,2772.0,0.9133157547791694,2781.0,0.9162821357943309,2026.0,0.6674357284113381,1022.0,0.3365194462755438,0.3365194462755438,WACC_0p9_WRT_0p1,0.7477916941331575,2125,False,,,False,False,False,False,False,262.0,0.6832460732984293
IBDD,Electricity,1803,0.73,98,0.7142857142857141,0.4475103999651687,0,90,804,3493,647,187,144,0.45810467769735974,0.535915140776862,0.49878835203901095,0.45810467769735974,0.22270073803295595,0.2592592592592596,1.2233606186634038,-2.534149843841321,1.7596622789832348,-1.2199335447094035,0.0606453741297639,0.535915140776862,0.46517123306323677,0.07074390771362521,0.49878835203901095,0.43727704060773287,0.06151131143127808,0.45810467769735974,0.43912305252312467,0.018981625174235073,0.22270073803295595,0.3583968385979622,0.13569610056500622,0.2592592592592596,0.401611206997033,0.14235194773777343,1023.0,0.33684904416611733,1115.0,0.3671720500988794,1104.0,0.36354647330257084,2591.0,0.8536585365853658,2702.0,0.8902439024390244,0.33684904416611733,WACC_0p1_WRT_0p9,0.5622940013183915,2126,False,,,False,False,False,False,False,90.0,0.23298429319371727
IBDD,Electricity,1426,0.72,81,0.6785714285714283,0.4799488650928298,0,74,40,3269,265,82,40,0.41882457936506384,0.502275251014843,0.4624572710960305,0.41882457936506384,0.2615657011313083,0.2962962962962967,1.2233606186634038,-2.534149843841321,1.7596622789832348,-1.2199335447094035,0.0606453741297639,0.502275251014843,0.4653362770701235,0.036938973944719566,0.4624572710960305,0.452045099360643,0.010412171735387499,0.41882457936506384,0.4442188484419044,0.02539426907684056,0.2615657011313083,0.2783750302012369,0.016809329069928602,0.2962962962962967,0.3206938420758058,0.02439754577950909,1024.0,0.33717864205669085,1263.0,0.4159525379037574,1164.0,0.3833223467369809,1614.0,0.531641397495056,2199.0,0.7244561634805537,0.33717864205669085,WACC_0p1_WRT_0p9,0.47851021753460776,2127,False,,,False,False,False,False,False,74.0,0.19109947643979058
IBDD,Electricity,1864,0.74,129,0.7499999999999998,0.4006065611337189,0,115,847,4708,762,129,66,0.5149010579888075,0.5845561588242916,0.5513206515302349,0.5149010579888075,0.19132587984132754,0.22222222222222254,1.2233606186634038,-2.534149843841321,1.7596622789832348,-1.2199335447094035,0.0606453741297639,0.5845561588242916,0.5221866967239019,0.06236946210038963,0.5513206515302349,0.4986839470455049,0.05263670448473001,0.5149010579888075,0.4885310883934298,0.026369969595377685,0.19132587984132754,0.25199692030044596,0.06067104045911842,0.22222222222222254,0.2949380372708164,0.07271581504859387,1860.0,0.6127224785761372,1857.0,0.6117336849044166,1784.0,0.5876730388925511,1024.0,0.33717864205669085,1936.0,0.6377719182597231,0.33717864205669085,WACC_0p7_WRT_0p3,0.5574159525379038,2128,False,,,False,False,False,False,False,115.0,0.29842931937172773
IBDD,Electricity,833,0.74,157,0.7499999999999998,0.3670213930975111,0,143,302,3498,834,73,9,0.5555697116312384,0.6193852219729515,0.5889360397307876,0.5555697116312384,0.20698931563787765,0.22222222222222254,1.2233606186634038,-2.534149843841321,1.7596622789832348,-1.2199335447094035,0.0606453741297639,0.6193852219729515,0.5332522767244575,0.08613294524849402,0.5889360397307876,0.5178759228038471,0.07106011692694048,0.5555697116312384,0.5186095907716286,0.03696012085960976,0.20698931563787765,0.2809650329124457,0.07397571727456803,0.22222222222222254,0.25006410234035104,0.027841880118128493,2013.0,0.6631509558338826,2073.0,0.6829268292682927,2138.0,0.7043506921555702,1667.0,0.5491100856954515,1024.0,0.33717864205669085,0.33717864205669085,WACC_0p9_WRT_0p1,0.5873434410019776,2129,False,,,False,False,False,False,False,143.0,0.3717277486910995
IBDD,Electricity,2426,0.72,109,0.6785714285714283,0.4293696224892548,0,102,3891,2921,797,224,103,0.4800715469765898,0.554727798900032,0.5191060228120346,0.4800715469765898,0.2615657011313083,0.2962962962962967,1.2233606186634038,-2.534149843841321,1.7596622789832348,-1.2199335447094035,0.0606453741297639,0.554727798900032,0.46533877981180266,0.08938901908822933,0.5191060228120346,0.4441599449231697,0.07494607788886487,0.4800715469765898,0.43892978788781467,0.041141759088775154,0.2615657011313083,0.28391836086468475,0.022352659733376468,0.2962962962962967,0.31867327331710676,0.02237697702081004,1025.0,0.3375082399472643,1177.0,0.38760711931443637,1103.0,0.3632168754119974,1711.0,0.5636123928806855,2188.0,0.7208305866842453,0.3375082399472643,WACC_0p1_WRT_0p9,0.47455504284772576,2130,False,,,False,False,False,False,False,102.0,0.2643979057591623
IBDD,Electricity,2915,0.65,87,0.4285714285714285,0.4677900638121001,0,88,3336,3362,599,161,135,0.48103808887236293,0.5148843782689332,0.47607512853044787,0.48103808887236293,0.5336204428197735,0.5555555555555557,1.2233606186634038,-2.534149843841321,1.7596622789832348,-1.2199335447094035,0.0606453741297639,0.5148843782689332,0.4656158211704097,0.04926855709852346,0.47607512853044787,0.43731005966808634,0.03876506886236153,0.48103808887236293,0.4333067225065921,0.047731366365770855,0.5336204428197735,0.31651223117657445,0.21710821164319904,0.5555555555555557,0.3689865524001653,0.18656900315539038,1030.0,0.33915622940013185,1116.0,0.36750164798945284,1025.0,0.3375082399472643,2163.0,0.7125906394199077,2540.0,0.8368490441661174,0.3375082399472643,WACC_0p5_WRT_0p5,0.5187211601845748,2131,False,,,False,False,False,False,False,88.0,0.22774869109947643
IBDD,Electricity,2264,0.74,136,0.7499999999999998,0.391576424623955,0,122,658,4567,250,102,38,0.5258357507574586,0.593920744834417,0.5614344044211703,0.5258357507574586,0.19553735090802815,0.22222222222222254,1.2233606186634038,-2.534149843841321,1.7596622789832348,-1.2199335447094035,0.0606453741297639,0.593920744834417,0.5375545487661906,0.05636619606822646,0.5614344044211703,0.5148031149174138,0.0466312895037565,0.5258357507574586,0.506780340651065,0.019055410106393555,0.19553735090802815,0.2520634941548935,0.056526143246865335,0.22222222222222254,0.26697860170541104,0.0447563794831885,2067.0,0.6809492419248517,2039.0,0.6717205009887937,2020.0,0.6654581410678971,1025.0,0.3375082399472643,1431.0,0.4713249835201055,0.3375082399472643,WACC_0p7_WRT_0p3,0.5653922214897824,2132,False,,,False,False,False,False,False,122.0,0.31675392670157065
IBDD,Electricity,1722,0.74,127,0.7499999999999998,0.4032760431131678,0,113,1618,1543,649,86,43,0.5116685525593311,0.5817878071419,0.548330831713252,0.5116685525593311,0.19008088801785153,0.22222222222222254,1.2233606186634038,-2.534149843841321,1.7596622789832348,-1.2199335447094035,0.0606453741297639,0.5817878071419,0.48617245257752967,0.09561535456437037,0.548330831713252,0.4373638468366256,0.11096698487662643,0.5116685525593311,0.4333658500272991,0.07830270253203198,0.19008088801785153,0.2578580580239032,0.06777717000605168,0.22222222222222254,0.2681453419163987,0.04592311969417617,1302.0,0.4288068556361239,1118.0,0.3681608437705999,1026.0,0.33783783783783783,1169.0,0.3849703361898484,1463.0,0.4818721160184575,0.33783783783783783,WACC_0p5_WRT_0p5,0.40032959789057354,2133,False,,,False,False,False,False,False,113.0,0.2931937172774869
IBDD,Electricity,2210,0.74,170,0.7499999999999998,0.3534075218976023,0,156,4312,2457,854,120,27,0.5720548997346554,0.6335033106247087,0.6041835754746855,0.5720548997346554,0.21333854685959974,0.22222222222222254,1.2233606186634038,-2.534149843841321,1.7596622789832348,-1.2199335447094035,0.0606453741297639,0.6335033106247087,0.5463123254125775,0.0871909852121312,0.6041835754746855,0.5342924495601007,0.0698911259145848,0.5720548997346554,0.5363200678022544,0.03573483193240101,0.21333854685959974,0.25670375721277733,0.043365210353177586,0.22222222222222254,0.2501158467537376,0.02789362453151506,2165.0,0.7132498352010547,2237.0,0.7369808833223468,2289.0,0.7541199736321688,1139.0,0.3750823994726434,1026.0,0.33783783783783783,0.33783783783783783,WACC_0p9_WRT_0p1,0.5834541858932103,2134,False,,,False,False,False,False,False,156.0,0.40575916230366493
IBDD,Electricity,2766,0.74,113,0.7499999999999998,0.4232197495097513,0,99,3696,3635,381,227,84,0.48751849659073904,0.5611054449528504,0.5259938805490785,0.48751849659073904,0.1838357749346038,0.22222222222222254,1.2233606186634038,-2.534149843841321,1.7596622789832348,-1.2199335447094035,0.0606453741297639,0.5611054449528504,0.5030976799145712,0.0580077650382792,0.5259938805490785,0.48464100167970753,0.041352878869370946,0.48751849659073904,0.4691049321122677,0.01841356447847131,0.1838357749346038,0.252133868858744,0.06829809392414021,0.22222222222222254,0.294449975295444,0.07222775307322143,1571.0,0.5174686882003955,1673.0,0.5510876730388925,1488.0,0.490112063282795,1027.0,0.33816743572841135,1926.0,0.6344759393539882,0.33816743572841135,WACC_0p7_WRT_0p3,0.5062623599208964,2135,False,,,False,False,False,False,False,99.0,0.25654450261780104
IBDD,Electricity,913,0.73,146,0.7142857142857141,0.3794461887748424,0,138,3106,862,461,94,10,0.5405243883077224,0.6065002486779413,0.5750202685721765,0.5405243883077224,0.22270073803295595,0.2592592592592596,1.2233606186634038,-2.534149843841321,1.7596622789832348,-1.2199335447094035,0.0606453741297639,0.6065002486779413,0.5646457437654543,0.04185450491248699,0.5750202685721765,0.5387186006290118,0.036301667943164695,0.5405243883077224,0.5099827565397599,0.03054163176796254,0.22270073803295595,0.2757695647324883,0.05306882669953236,0.2592592592592596,0.2501211858929287,0.009138073366330879,2347.0,0.7732366512854317,2275.0,0.7495056031641397,2053.0,0.6763348714568227,1563.0,0.5148319050758076,1027.0,0.33816743572841135,0.33816743572841135,WACC_0p9_WRT_0p1,0.6104152933421226,2136,False,,,False,False,False,False,False,138.0,0.3586387434554974
IBDD,Electricity,1684,0.74,115,0.7499999999999998,0.4202252716212888,0,101,3713,943,810,70,50,0.4911445431823328,0.5642108294297744,0.5293476957841564,0.4911445431823328,0.1838357749346038,0.22222222222222254,1.2233606186634038,-2.534149843841321,1.7596622789832348,-1.2199335447094035,0.0606453741297639,0.5642108294297744,0.48188912816674273,0.08232170126303168,0.5293476957841564,0.4346478497308068,0.09469984605334963,0.4911445431823328,0.4336466315981877,0.05749791158414508,0.1838357749346038,0.2707357477760344,0.08689997284143058,0.22222222222222254,0.2659012427375058,0.04367902051528327,1234.0,0.40639419907712593,1083.0,0.35662491760052734,1028.0,0.33849703361898487,1454.0,0.478905735003296,1401.0,0.4614370468029005,0.33849703361898487,WACC_0p5_WRT_0p5,0.4083717864205669,2137,False,,,False,False,False,False,False,101.0,0.2617801047120419
IBDD,Electricity,841,0.74,386,0.7499999999999998,0.2127791096674236,0,268,1139,4581,70,44,5,0.742343408730899,0.7793401825671162,0.7616873971724855,0.742343408730899,0.27892476348246875,0.22222222222222254,1.2233606186634038,-2.534149843841321,1.7596622789832348,-1.2199335447094035,0.0606453741297639,0.7793401825671162,0.6449937036791041,0.1343464788880121,0.7616873971724855,0.6403509853747661,0.12133641179771937,0.742343408730899,0.6420243395918049,0.10031906913909405,0.27892476348246875,0.32422906652545685,0.0453043030429881,0.22222222222222254,0.2501863544671643,0.027964132244941764,2853.0,0.9400131839156229,2871.0,0.9459459459459459,2864.0,0.9436387607119314,2249.0,0.7409360580092288,1028.0,0.33849703361898487,0.33849703361898487,WACC_0p9_WRT_0p1,0.7818061964403428,2138,False,,,False,False,False,False,False,268.0,0.6989528795811518
IBDD,Electricity,2783,0.73,114,0.7142857142857141,0.4217160007489388,0,106,3768,1413,806,103,41,0.4893394026958622,0.5626648881122115,0.5276780791611885,0.4893394026958622,0.22270073803295595,0.2592592592592596,1.2233606186634038,-2.534149843841321,1.7596622789832348,-1.2199335447094035,0.0606453741297639,0.5626648881122115,0.510828300666954,0.05183658744525754,0.5276780791611885,0.4703360504611749,0.05734202870001359,0.4893394026958622,0.45570478450114793,0.03363461819471425,0.22270073803295595,0.25217319783220443,0.02947245979924848,0.2592592592592596,0.2576974498196955,0.001561809439564077,1687.0,0.5557020435069215,1489.0,0.4904416611733685,1314.0,0.4327620303230059,1029.0,0.33882663150955833,1203.0,0.3961766644693474,0.33882663150955833,WACC_0p7_WRT_0p3,0.44278180619644036,2139,False,,,False,False,False,False,False,106.0,0.27486910994764396
IBDD,Electricity,2647,0.73,81,0.7142857142857141,0.4799488650928298,0,73,3017,3186,713,250,123,0.41882457936506384,0.502275251014843,0.4624572710960305,0.41882457936506384,0.22270073803295595,0.2592592592592596,1.2233606186634038,-2.534149843841321,1.7596622789832348,-1.2199335447094035,0.0606453741297639,0.502275251014843,0.4656774298054453,0.03659782120939775,0.4624572710960305,0.43146993050413923,0.030987340591891288,0.41882457936506384,0.43778302524482143,0.01895844587975759,0.22270073803295595,0.35094935511351677,0.12824861708056082,0.2592592592592596,0.3852052568689317,0.12594599760967212,1031.0,0.33948582729070537,1053.0,0.34673698088332233,1090.0,0.35893210283454186,2518.0,0.8295978905735003,2627.0,0.8655240606460118,0.33948582729070537,WACC_0p1_WRT_0p9,0.5480553724456164,2140,False,,,False,False,False,False,False,73.0,0.18848167539267016
IBDD,Electricity,2234,0.74,391,0.7499999999999998,0.2105688336322584,0,270,1451,4341,761,65,3,0.7450198565733333,0.781632320677658,0.7641629063318705,0.7450198565733333,0.27995559104099516,0.22222222222222254,1.2233606186634038,-2.534149843841321,1.7596622789832348,-1.2199335447094035,0.0606453741297639,0.781632320677658,0.6372363351293877,0.14439598554827027,0.7641629063318705,0.6489612721983645,0.11520163413350593,0.7450198565733333,0.6490292028385334,0.09599065373479987,0.27995559104099516,0.3280815128686914,0.04812592182769626,0.22222222222222254,0.2503676583316403,0.028145436109417776,2821.0,0.9294660514172709,2899.0,0.9551746868820039,2888.0,0.9515491100856954,2294.0,0.7557679630850362,1031.0,0.33948582729070537,0.33948582729070537,WACC_0p9_WRT_0p1,0.7862887277521424,2141,False,,,False,False,False,False,False,270.0,0.7041884816753927
IBDD,Electricity,1354,0.73,87,0.7142857142857141,0.4677900638121001,0,79,1455,3030,178,138,109,0.43354780711429075,0.5148843782689332,0.47607512853044787,0.43354780711429075,0.22270073803295595,0.2592592592592596,1.2233606186634038,-2.534149843841321,1.7596622789832348,-1.2199335447094035,0.0606453741297639,0.5148843782689332,0.46813246269358655,0.046751915575346636,0.47607512853044787,0.44077988312145727,0.035295245408990594,0.43354780711429075,0.4338623728194283,0.00031456570513754833,0.22270073803295595,0.29055198464007786,0.06785124660712191,0.2592592592592596,0.3197098555218867,0.06045059626262711,1054.0,0.34706657877389585,1149.0,0.3783783783783784,1032.0,0.33981542518127883,1819.0,0.5992089650626236,2195.0,0.7231377719182597,0.33981542518127883,WACC_0p5_WRT_0p5,0.4775214238628873,2142,False,,,False,False,False,False,False,79.0,0.20418848167539266
IBDD,Electricity,955,0.74,118,0.7499999999999998,0.4158289952077859,0,104,172,1698,751,32,9,0.4964680432042589,0.5687699308956294,0.5342715253672798,0.4964680432042589,0.18422644777865899,0.22222222222222254,1.2233606186634038,-2.534149843841321,1.7596622789832348,-1.2199335447094035,0.0606453741297639,0.5687699308956294,0.5145681520933969,0.054201778802232536,0.5342715253672798,0.4599208761724005,0.07435064919487933,0.4964680432042589,0.4593570375633744,0.03711100564088449,0.18422644777865899,0.2899237247143712,0.10569727693571224,0.22222222222222254,0.2503814400167586,0.028159217794536062,1748.0,0.5758075148319051,1354.0,0.44594594594594594,1354.0,0.44594594594594594,1807.0,0.5952537903757416,1032.0,0.33981542518127883,0.33981542518127883,WACC_0p9_WRT_0p1,0.4805537244561635,2143,False,,,False,False,False,False,False,104.0,0.2696335078534031
IBDD,Electricity,1607,0.74,149,0.7499999999999998,0.3759677242326947,0,135,1673,3990,175,97,52,0.544736499723082,0.6101075452401685,0.578916148859382,0.544736499723082,0.20281692968466306,0.22222222222222254,1.2233606186634038,-2.534149843841321,1.7596622789832348,-1.2199335447094035,0.0606453741297639,0.6101075452401685,0.5265716104722893,0.08353593476787924,0.578916148859382,0.5138009876597817,0.06511516119960037,0.544736499723082,0.4965866850072312,0.048149814715850836,0.20281692968466306,0.25231249656846666,0.049495566883803604,0.22222222222222254,0.2697997257808691,0.04757750355864654,1927.0,0.6348055372445617,2027.0,0.6677653263019117,1892.0,0.6232696110744891,1032.0,0.33981542518127883,1503.0,0.4950560316413975,0.33981542518127883,WACC_0p7_WRT_0p3,0.5521423862887278,2144,False,,,False,False,False,False,False,135.0,0.3507853403141361
IBDD,Electricity,1541,0.74,118,0.7499999999999998,0.4158289952077859,0,104,824,4503,468,181,50,0.4964680432042589,0.5687699308956294,0.5342715253672798,0.4964680432042589,0.18422644777865899,0.22222222222222254,1.2233606186634038,-2.534149843841321,1.7596622789832348,-1.2199335447094035,0.0606453741297639,0.5687699308956294,0.5092494810421914,0.05952044985343807,0.5342715253672798,0.49919975095088537,0.035071774416394474,0.4964680432042589,0.49564240337799687,0.0008256398262620479,0.18422644777865899,0.25239131560360806,0.06816486782494907,0.22222222222222254,0.281518961941219,0.05929673971899646,1664.0,0.548121292023731,1866.0,0.6147000659195782,1880.0,0.6193144363876071,1034.0,0.34047462096242587,1737.0,0.5721819380355966,0.34047462096242587,WACC_0p7_WRT_0p3,0.5389584706657878,2145,False,,,False,False,False,False,False,104.0,0.2696335078534031
IBDD,Electricity,1401,0.72,80,0.6785714285714283,0.4820615067966712,0,73,2250,3080,759,244,50,0.41626635802070583,0.5000843633219706,0.46009111238772826,0.41626635802070583,0.2615657011313083,0.2962962962962967,1.2233606186634038,-2.534149843841321,1.7596622789832348,-1.2199335447094035,0.0606453741297639,0.5000843633219706,0.46581018830894505,0.03427417501302554,0.46009111238772826,0.44884614776248033,0.011244964625247933,0.41626635802070583,0.4421938343624158,0.02592747634171,0.2615657011313083,0.2575298885856798,0.004035812545628459,0.2962962962962967,0.2861482319294807,0.010148064366816034,1035.0,0.34080421885299933,1225.0,0.4034278180619644,1135.0,0.37376400791034936,1160.0,0.3820039551746869,1803.0,0.5939353988134476,0.34080421885299933,WACC_0p1_WRT_0p9,0.41878707976268953,2146,False,,,False,False,False,False,False,73.0,0.18848167539267016
IBDD,Electricity,400,0.73,281,0.7142857142857141,0.2672765246973378,0,240,906,1379,588,65,1,0.6763518825348717,0.7228243447583163,0.7006502923389815,0.6763518825348717,0.2535082831933504,0.2592592592592596,1.2233606186634038,-2.534149843841321,1.7596622789832348,-1.2199335447094035,0.0606453741297639,0.7228243447583163,0.6316081393677535,0.09121620539056274,0.7006502923389815,0.5976909796560427,0.10295931268293879,0.6763518825348717,0.5854344354698623,0.09091744706500937,0.2535082831933504,0.3148821333675986,0.061373850174248235,0.2592592592592596,0.25056771148254725,0.008691547776712327,2801.0,0.922874093605801,2704.0,0.8909030982201714,2655.0,0.8747528015820699,2150.0,0.7083058668424522,1035.0,0.34080421885299933,0.34080421885299933,WACC_0p9_WRT_0p1,0.7475280158206987,2147,False,,,False,False,False,False,False,240.0,0.6256544502617801
IBDD,Electricity,492,0.73,240,0.7142857142857141,0.2943274557301805,0,220,2380,4622,700,48,6,0.6435956091795045,0.6947715273909238,0.6703532495821979,0.6435956091795045,0.2408922819569404,0.2592592592592596,1.2233606186634038,-2.534149843841321,1.7596622789832348,-1.2199335447094035,0.0606453741297639,0.6947715273909238,0.6251206540835116,0.06965087330741226,0.6703532495821979,0.6152656637155626,0.055087585866635314,0.6435956091795045,0.6132372537292817,0.030358355450222807,0.2408922819569404,0.3220026008397336,0.08111031888279319,0.2592592592592596,0.25063024417598717,0.008629015083272407,2765.0,0.9110085695451549,2771.0,0.912986156888596,2772.0,0.9133157547791694,2221.0,0.7317073170731707,1037.0,0.34146341463414637,0.34146341463414637,WACC_0p9_WRT_0p1,0.7620962425840474,2148,False,,,False,False,False,False,False,220.0,0.5732984293193717
IBDD,Electricity,2948,0.75,108,0.7857142857142856,0.4309420365106688,0,29,3170,3481,924,173,80,0.478167493343437,0.5530971473222692,0.5173449191080508,0.478167493343437,0.1771780342681739,0.18518518518518542,1.2233606186634038,-2.534149843841321,1.7596622789832348,-1.2199335447094035,0.0606453741297639,0.5530971473222692,0.48436251612621295,0.06873463119605627,0.5173449191080508,0.46917169433641653,0.04817322477163427,0.478167493343437,0.45907080031880443,0.01909669302463257,0.1771780342681739,0.25262595778541547,0.07544792351724156,0.18518518518518542,0.2981535692634561,0.11296838407827067,1268.0,0.4176005273566249,1478.0,0.48681608437706,1350.0,0.4446275543836519,1039.0,0.34212261041529335,1984.0,0.6535926170072511,0.34212261041529335,WACC_0p7_WRT_0p3,0.4689518787079763,2149,False,,,False,False,False,False,False,29.0,0.07329842931937172
IBDD,Electricity,2485,0.71,91,0.6428571428571426,0.460136442071784,0,88,2163,3992,296,225,208,0.4428156628335633,0.5228214674811129,0.48464718487960196,0.4428156628335633,0.3004306642296604,0.3333333333333337,1.2233606186634038,-2.534149843841321,1.7596622789832348,-1.2199335447094035,0.0606453741297639,0.5228214674811129,0.47051991462144294,0.052301552859669975,0.48464718487960196,0.42995723287341436,0.05468995200618759,0.4428156628335633,0.4939351039112261,0.05111944107766281,0.3004306642296604,0.4852729700270774,0.184842305797417,0.3333333333333337,0.5073002226517105,0.17396688931837678,1084.0,0.35695451549110085,1039.0,0.34212261041529335,1860.0,0.6127224785761372,3020.0,0.9950560316413974,2991.0,0.985497692814766,0.34212261041529335,WACC_0p3_WRT_0p7,0.6584706657877389,2150,False,,,False,False,False,False,False,88.0,0.22774869109947643
IBDD,Electricity,886,0.73,529,0.7142857142857141,0.1586372956237932,0,324,4238,1506,649,75,2,0.8079043337362315,0.8354872489827331,0.8223262289013517,0.8079043337362315,0.3041753987410713,0.2592592592592596,1.2233606186634038,-2.534149843841321,1.7596622789832348,-1.2199335447094035,0.0606453741297639,0.8354872489827331,0.700544000315238,0.13494324866749507,0.8223262289013517,0.6880446995752835,0.13428152932606818,0.8079043337362315,0.669826809291444,0.1380775244447875,0.3041753987410713,0.3403272903718706,0.03615189163079929,0.2592592592592596,0.2506896787846286,0.008569580474630967,2992.0,0.9858272907053395,2975.0,0.98022412656559,2944.0,0.9700065919578115,2418.0,0.7966381015161503,1039.0,0.34212261041529335,0.34212261041529335,WACC_0p9_WRT_0p1,0.8149637442320369,2151,False,,,False,False,False,False,False,324.0,0.8455497382198953
IBDD,Electricity,485,0.74,279,0.7499999999999998,0.2685019970498677,0,225,1830,4387,438,150,8,0.6748679444286314,0.7215534845408781,0.6992777633041483,0.6748679444286314,0.25293674794024085,0.22222222222222254,1.2233606186634038,-2.534149843841321,1.7596622789832348,-1.2199335447094035,0.0606453741297639,0.7215534845408781,0.570666362304602,0.1508871222362761,0.6992777633041483,0.5542583554571516,0.14501940784699663,0.6748679444286314,0.5608193442215214,0.11404860020711005,0.25293674794024085,0.2718907391418873,0.01895399120164648,0.22222222222222254,0.25072554620893944,0.0285033239867169,2402.0,0.7913645352669743,2408.0,0.7933421226104153,2501.0,0.8239947264337508,1482.0,0.488134475939354,1040.0,0.34245220830586687,0.34245220830586687,WACC_0p9_WRT_0p1,0.6478576137112723,2152,False,,,False,False,False,False,False,225.0,0.5863874345549738
IBDD,Electricity,1810,0.73,132,0.7142857142857141,0.3966783723814455,0,124,4808,4978,477,175,71,0.5196577454538238,0.5886298360488713,0.5557202229327809,0.5196577454538238,0.22270073803295595,0.2592592592592596,1.2233606186634038,-2.534149843841321,1.7596622789832348,-1.2199335447094035,0.0606453741297639,0.5886298360488713,0.5406019035667103,0.04802793248216097,0.5557202229327809,0.5330561164506746,0.02266410648210626,0.5196577454538238,0.520604388866987,0.0009466434131631951,0.22270073803295595,0.25278029023405013,0.03007955220109418,0.2592592592592596,0.27327251370281835,0.014013254443558776,2102.0,0.6924851680949242,2216.0,0.7300593276203032,2164.0,0.7129202373104813,1042.0,0.34311140408701385,1585.0,0.5220830586684245,0.34311140408701385,WACC_0p7_WRT_0p3,0.6001318391562294,2153,False,,,False,False,False,False,False,124.0,0.3219895287958115
IBDD,Electricity,1906,0.73,133,0.7142857142857141,0.3953886424656859,0,125,4440,134,699,93,39,0.5212194937583065,0.5899673337392888,0.5571647204384318,0.5212194937583065,0.22270073803295595,0.2592592592592596,1.2233606186634038,-2.534149843841321,1.7596622789832348,-1.2199335447094035,0.0606453741297639,0.5899673337392888,0.5292512890213921,0.06071604471789671,0.5571647204384318,0.4695102078475197,0.08765451259091211,0.5212194937583065,0.47269816389535313,0.04852132986295332,0.22270073803295595,0.25280224814145547,0.030101510108499513,0.2592592592592596,0.2640513777766995,0.004792118517439936,1956.0,0.6443638760711932,1483.0,0.4884640738299275,1533.0,0.5049439683586026,1043.0,0.34344100197758737,1359.0,0.4475939353988134,0.34344100197758737,WACC_0p7_WRT_0p3,0.4857613711272248,2154,False,,,False,False,False,False,False,125.0,0.32460732984293195
IBDD,Electricity,145,0.73,222,0.7142857142857141,0.3076928116430253,0,204,4359,1,474,130,10,0.6274113510021655,0.6809111582961219,0.6553840509598116,0.6274113510021655,0.23465895318475166,0.2592592592592596,1.2233606186634038,-2.534149843841321,1.7596622789832348,-1.2199335447094035,0.0606453741297639,0.6809111582961219,0.6030286254106,0.07788253288552194,0.6553840509598116,0.5339658185135022,0.12141823244630934,0.6274113510021655,0.5453160452078272,0.08209530579433832,0.23465895318475166,0.2827627979262955,0.04810384474154383,0.2592592592592596,0.2509504784358258,0.008308780823433781,2654.0,0.8744232036914964,2233.0,0.7356624917600527,2376.0,0.7827949901120633,1696.0,0.5586684245220831,1043.0,0.34344100197758737,0.34344100197758737,WACC_0p9_WRT_0p1,0.6589980224126566,2155,False,,,False,False,False,False,False,204.0,0.5314136125654451
IBDD,Electricity,1807,0.71,91,0.6428571428571426,0.460136442071784,0,88,4008,3666,944,247,193,0.4428156628335633,0.5228214674811129,0.48464718487960196,0.4428156628335633,0.3004306642296604,0.3333333333333337,1.2233606186634038,-2.534149843841321,1.7596622789832348,-1.2199335447094035,0.0606453741297639,0.5228214674811129,0.46665374634717804,0.05616772113393487,0.48464718487960196,0.43506607956646093,0.04958110531314103,0.4428156628335633,0.48498611674152653,0.04217045390796326,0.3004306642296604,0.4232099652363587,0.12277930100669826,0.3333333333333337,0.4572019501404005,0.12386861680706679,1045.0,0.34410019775873435,1090.0,0.35893210283454186,1726.0,0.5685563612392881,2891.0,0.952537903757416,2883.0,0.9499011206328279,0.34410019775873435,WACC_0p1_WRT_0p9,0.6348055372445616,2156,False,,,False,False,False,False,False,88.0,0.22774869109947643
IBDD,Electricity,1448,0.73,98,0.7142857142857141,0.4475103999651687,0,90,1242,3502,909,196,62,0.45810467769735974,0.535915140776862,0.49878835203901095,0.45810467769735974,0.22270073803295595,0.2592592592592596,1.2233606186634038,-2.534149843841321,1.7596622789832348,-1.2199335447094035,0.0606453741297639,0.535915140776862,0.49232839347166374,0.04358674730519824,0.49878835203901095,0.47038460968018975,0.028403742358821205,0.45810467769735974,0.4645375138577759,0.006432836160416178,0.22270073803295595,0.25298390357080874,0.03028316553785279,0.2592592592592596,0.28343334657519503,0.024174087315935455,1401.0,0.4614370468029005,1491.0,0.4911008569545155,1424.0,0.46901779828609097,1046.0,0.34442979564930787,1768.0,0.5823994726433751,0.34442979564930787,WACC_0p7_WRT_0p3,0.46967699406723795,2157,False,,,False,False,False,False,False,90.0,0.23298429319371727
IBDD,Electricity,2223,0.73,88,0.7142857142857141,0.4658445274206108,0,80,1728,3223,501,150,112,0.435903678776714,0.516901971563811,0.47825412928891586,0.435903678776714,0.22270073803295595,0.2592592592592596,1.2233606186634038,-2.534149843841321,1.7596622789832348,-1.2199335447094035,0.0606453741297639,0.516901971563811,0.4735263977011504,0.04337557386266061,0.47825412928891586,0.44091934317836545,0.03733478611055041,0.435903678776714,0.4347278810859812,0.0011757976907327827,0.22270073803295595,0.3047359008293406,0.08203516279638465,0.2592592592592596,0.3412265812388414,0.08196732197958184,1125.0,0.3704680290046144,1150.0,0.37870797626895186,1046.0,0.34442979564930787,2017.0,0.6644693473961767,2348.0,0.7735662491760052,0.34442979564930787,WACC_0p5_WRT_0p5,0.5063282794990112,2158,False,,,False,False,False,False,False,80.0,0.20680628272251309
IBDD,Electricity,1820,0.71,95,0.6428571428571426,0.4528086068783853,0,92,663,3850,609,230,217,0.4516890199984838,0.5304207039779707,0.49285436029620844,0.4516890199984838,0.3004306642296604,0.3333333333333337,1.2233606186634038,-2.534149843841321,1.7596622789832348,-1.2199335447094035,0.0606453741297639,0.5304207039779707,0.4685496842389734,0.06187101973899728,0.49285436029620844,0.4309374765074299,0.06191688378877852,0.4516890199984838,0.5018919364147263,0.05020291641624247,0.3004306642296604,0.48407381201588495,0.18364314778622454,0.3333333333333337,0.519446053226326,0.18611271989299227,1059.0,0.34871456822676333,1047.0,0.34475939353988133,1952.0,0.6430454845088991,3016.0,0.9937376400791035,3008.0,0.9911008569545154,0.34475939353988133,WACC_0p3_WRT_0p7,0.6642715886618324,2159,False,,,False,False,False,False,False,92.0,0.23821989528795812
IBDD,Electricity,2642,0.73,135,0.7142857142857141,0.3928378085708742,0,127,1838,3817,393,187,32,0.5243083269020213,0.5926126429635379,0.5600216544006209,0.5243083269020213,0.22270073803295595,0.2592592592592596,1.2233606186634038,-2.534149843841321,1.7596622789832348,-1.2199335447094035,0.0606453741297639,0.5926126429635379,0.5112327179704091,0.08137992499312874,0.5600216544006209,0.49471262248369013,0.06530903191693077,0.5243083269020213,0.5012961117689381,0.02301221513308327,0.22270073803295595,0.25300538509905085,0.030304647066094897,0.2592592592592596,0.2803888308722628,0.021129571613003217,1691.0,0.5570204350692155,1805.0,0.5945945945945946,1947.0,0.6413974950560316,1048.0,0.34508899143045485,1718.0,0.5659195781147001,0.34508899143045485,WACC_0p7_WRT_0p3,0.5408042188529993,2160,False,,,False,False,False,False,False,127.0,0.3298429319371728
IBDD,Electricity,1520,0.74,96,0.7499999999999998,0.4510243614951085,0,83,2785,3213,451,118,107,0.45384958258454444,0.5322710325235911,0.4948527151254784,0.45384958258454444,0.1838357749346038,0.22222222222222254,1.2233606186634038,-2.534149843841321,1.7596622789832348,-1.2199335447094035,0.0606453741297639,0.5322710325235911,0.467097904058259,0.06517312846533208,0.4948527151254784,0.44711177540922675,0.04774093971625165,0.45384958258454444,0.4408516515691595,0.012997931015384934,0.1838357749346038,0.30057653276104646,0.11674075782644266,0.22222222222222254,0.3429594488396748,0.12073722661745223,1049.0,0.34541858932102837,1204.0,0.39650626235992087,1123.0,0.36980883322346736,1965.0,0.6473302570863546,2362.0,0.7781806196440343,0.34541858932102837,WACC_0p1_WRT_0p9,0.5074489123269611,2161,False,,,False,False,False,False,False,83.0,0.21465968586387435
IBDD,Electricity,884,0.73,413,0.7142857142857141,0.2011671954701197,0,297,1993,3012,371,83,3,0.7564044048261593,0.7913821676606166,0.7746927410734658,0.7564044048261593,0.2843403228838221,0.2592592592592596,1.2233606186634038,-2.534149843841321,1.7596622789832348,-1.2199335447094035,0.0606453741297639,0.7913821676606166,0.5978225704801241,0.19355959718049254,0.7746927410734658,0.5853678637770512,0.18932487729641456,0.7564044048261593,0.5825544707675545,0.17384993405860483,0.2843403228838221,0.29454904213026495,0.010208719246442843,0.2592592592592596,0.2510494846354697,0.008209774623789856,2617.0,0.8622280817402769,2637.0,0.8688200395517469,2638.0,0.8691496374423203,1873.0,0.6170072511535926,1049.0,0.34541858932102837,0.34541858932102837,WACC_0p9_WRT_0p1,0.7125247198417931,2162,False,,,False,False,False,False,False,297.0,0.774869109947644
IBDD,Electricity,610,0.77,61,0.857142857142857,0.5280872662717262,0,4,28,1919,331,24,8,0.3605332537913963,0.4523539460885802,0.40854226177566655,0.3605332537913963,0.1318714850300406,0.1111111111111114,1.2233606186634038,-2.534149843841321,1.7596622789832348,-1.2199335447094035,0.0606453741297639,0.4523539460885802,0.49945388524520096,0.04709993915662075,0.40854226177566655,0.44801013373978604,0.039467871964119494,0.3605332537913963,0.4349432492274337,0.07440999543603743,0.1318714850300406,0.3401674590076491,0.20829597397760852,0.1111111111111114,0.3306213355341768,0.2195102244230654,1509.0,0.4970336189848385,1218.0,0.4011206328279499,1050.0,0.34574818721160183,2415.0,0.7956493078444298,2273.0,0.7488464073829928,0.34574818721160183,WACC_0p5_WRT_0p5,0.5576796308503627,2163,False,,,False,False,False,False,False,4.0,0.007853403141361256
IBDD,Electricity,382,0.73,216,0.7142857142857141,0.312388870153905,0,198,2914,820,195,61,7,0.621724841503161,0.6760411716922465,0.6501244654276264,0.621724841503161,0.2324688074959552,0.2592592592592596,1.2233606186634038,-2.534149843841321,1.7596622789832348,-1.2199335447094035,0.0606453741297639,0.6760411716922465,0.5953289172332532,0.08071225445899333,0.6501244654276264,0.5665822487049798,0.08354221672264661,0.621724841503161,0.5466340179557745,0.0750908235473865,0.2324688074959552,0.30046818037384443,0.06799937287788924,0.2592592592592596,0.251135610131528,0.008123649127731558,2601.0,0.8569545154911009,2506.0,0.8256427158866183,2386.0,0.7860909690177983,1961.0,0.6460118655240606,1051.0,0.34607778510217535,0.34607778510217535,WACC_0p9_WRT_0p1,0.6921555702043507,2164,False,,,False,False,False,False,False,198.0,0.5157068062827225
IBDD,Electricity,1616,0.73,97,0.7142857142857141,0.4492584163869911,0,89,1401,3575,434,181,67,0.45598798516380645,0.5341023830060834,0.49683057364657,0.45598798516380645,0.22270073803295595,0.2592592592592596,1.2233606186634038,-2.534149843841321,1.7596622789832348,-1.2199335447094035,0.0606453741297639,0.5341023830060834,0.4969747150761206,0.03712766792996275,0.49683057364657,0.47134318916062246,0.025487384485947562,0.45598798516380645,0.4684938800064346,0.012505894842628151,0.22270073803295595,0.2530802375725607,0.030379499539604754,0.2592592592592596,0.3050590215063753,0.04579976224711574,1468.0,0.48352010547132496,1504.0,0.495385629531971,1476.0,0.486156888595913,1052.0,0.34640738299274887,2040.0,0.6720500988793672,0.34640738299274887,WACC_0p7_WRT_0p3,0.4967040210942649,2165,False,,,False,False,False,False,False,89.0,0.23036649214659685
IBDD,Electricity,1498,0.71,91,0.6428571428571426,0.460136442071784,0,88,2721,3920,790,232,190,0.4428156628335633,0.5228214674811129,0.48464718487960196,0.4428156628335633,0.3004306642296604,0.3333333333333337,1.2233606186634038,-2.534149843841321,1.7596622789832348,-1.2199335447094035,0.0606453741297639,0.5228214674811129,0.47687450283563415,0.04594696464547876,0.48464718487960196,0.4314066950893262,0.053240489790275736,0.4428156628335633,0.48309606767612395,0.04028040484256068,0.3004306642296604,0.43958512692955815,0.13915446269989773,0.3333333333333337,0.47015809891983207,0.13682476558649836,1169.0,0.3849703361898484,1052.0,0.34640738299274887,1697.0,0.5589980224126566,2929.0,0.9650626235992089,2918.0,0.9614370468029004,0.34640738299274887,WACC_0p3_WRT_0p7,0.6433750823994726,2166,False,,,False,False,False,False,False,88.0,0.22774869109947643
IBDD,Electricity,711,0.74,627,0.7499999999999998,0.1294250085465201,0,334,4233,4966,72,102,1,0.8432778171729701,0.8657814726184236,0.8550439904278976,0.8432778171729701,0.3177994122523916,0.22222222222222254,1.2233606186634038,-2.534149843841321,1.7596622789832348,-1.2199335447094035,0.0606453741297639,0.8657814726184236,0.6465931317761174,0.2191883408423062,0.8550439904278976,0.6435477052196251,0.21149628520827246,0.8432778171729701,0.6703837857377797,0.17289403143519044,0.3177994122523916,0.3338631273814304,0.016063715129038814,0.22222222222222254,0.2511626362955851,0.028940414073362564,2861.0,0.942649967040211,2883.0,0.9499011206328279,2946.0,0.9706657877389585,2357.0,0.7765326301911668,1052.0,0.34640738299274887,0.34640738299274887,WACC_0p9_WRT_0p1,0.7972313777191826,2167,False,,,False,False,False,False,False,334.0,0.8717277486910995
IBDD,Electricity,1881,0.74,158,0.7499999999999998,0.3659350920892225,0,144,1962,1554,146,106,26,0.5568851256083215,0.6205117563519175,0.5901526968600708,0.5568851256083215,0.20749594422108764,0.22222222222222254,1.2233606186634038,-2.534149843841321,1.7596622789832348,-1.2199335447094035,0.0606453741297639,0.6205117563519175,0.4900410056815195,0.13047075067039798,0.5901526968600708,0.4508541540076554,0.13929854285241539,0.5568851256083215,0.43519386585832154,0.12169125974999995,0.20749594422108764,0.2579165599717772,0.05042061575068957,0.22222222222222254,0.26815557015817815,0.045933347935955604,1359.0,0.4475939353988134,1246.0,0.41034937376400793,1054.0,0.34706657877389585,1171.0,0.38562953197099537,1464.0,0.482201713909031,0.34706657877389585,WACC_0p5_WRT_0p5,0.4145682267633487,2168,False,,,False,False,False,False,False,144.0,0.3743455497382199
IBDD,Electricity,1400,0.74,146,0.7499999999999998,0.3794461887748424,0,132,2602,4649,831,100,22,0.5405243883077224,0.6065002486779413,0.5750202685721765,0.5405243883077224,0.20119464493182904,0.22222222222222254,1.2233606186634038,-2.534149843841321,1.7596622789832348,-1.2199335447094035,0.0606453741297639,0.6065002486779413,0.5659072545133434,0.04059299416459783,0.5750202685721765,0.5438770304461684,0.031143238126008055,0.5405243883077224,0.5380879337800093,0.0024364545277131278,0.20119464493182904,0.2707342087470865,0.06953956381525744,0.22222222222222254,0.25124796428578877,0.02902574206356623,2358.0,0.7768622280817403,2316.0,0.7630191166776532,2306.0,0.7597231377719182,1453.0,0.47857613711272246,1054.0,0.34706657877389585,0.34706657877389585,WACC_0p9_WRT_0p1,0.625049439683586,2169,False,,,False,False,False,False,False,132.0,0.34293193717277487
IBDD,Electricity,835,0.75,686,0.7857142857142856,0.113964423110127,0,45,3200,4742,569,25,3,0.861999212091823,0.8818146723302386,0.8723598461166577,0.861999212091823,0.32500991324196365,0.18518518518518542,1.2233606186634038,-2.534149843841321,1.7596622789832348,-1.2199335447094035,0.0606453741297639,0.8818146723302386,0.6903115361766674,0.19150313615357117,0.8723598461166577,0.6965772190528635,0.17578262706379422,0.861999212091823,0.7002644828458301,0.16173472924599286,0.32500991324196365,0.3569643316448735,0.03195441840290986,0.18518518518518542,0.2514684644133814,0.06628327922819596,2977.0,0.980883322346737,2987.0,0.984179301252472,2994.0,0.9864864864864865,2577.0,0.8490441661173368,1055.0,0.34739617666446937,0.34739617666446937,WACC_0p9_WRT_0p1,0.8295978905735003,2170,False,,,False,False,False,False,False,45.0,0.11518324607329843
IBDD,Electricity,1569,0.7,90,0.6071428571428569,0.462018189093476,0,88,3806,3681,620,176,165,0.4405370344287458,0.5208700261252841,0.48253962821530677,0.4405370344287458,0.33929562732801266,0.37037037037037074,1.2233606186634038,-2.534149843841321,1.7596622789832348,-1.2199335447094035,0.0606453741297639,0.5208700261252841,0.4681863839254653,0.0526836421998188,0.48253962821530677,0.44073245252985865,0.04180717568544812,0.4405370344287458,0.44944792167192066,0.008910887243174848,0.33929562732801266,0.37195570305363057,0.03266007572561791,0.37037037037037074,0.4186500299053415,0.048279659534970765,1056.0,0.34772577455504283,1147.0,0.37771918259723136,1222.0,0.4024390243902439,2694.0,0.8876071193144364,2762.0,0.9100197758734344,0.34772577455504283,WACC_0p1_WRT_0p9,0.5851021753460779,2171,False,,,False,False,False,False,False,88.0,0.22774869109947643
IBDD,Electricity,1806,0.74,168,0.7499999999999998,0.3554331704225942,0,154,1835,4473,622,141,37,0.5696020193984492,0.6314026380802727,0.6019148491266945,0.5696020193984492,0.2123938257975112,0.22222222222222254,1.2233606186634038,-2.534149843841321,1.7596622789832348,-1.2199335447094035,0.0606453741297639,0.6314026380802727,0.5354839910551212,0.09591864702515152,0.6019148491266945,0.5255808726146409,0.07633397651205354,0.5696020193984492,0.5121363837595158,0.05746563563893348,0.2123938257975112,0.2531975133149736,0.040803687517462384,0.22222222222222254,0.2829636794892278,0.06074145726700525,2041.0,0.6723796967699407,2146.0,0.7069874752801583,2085.0,0.6868820039551747,1056.0,0.34772577455504283,1761.0,0.5800922874093606,0.34772577455504283,WACC_0p7_WRT_0p3,0.5988134475939354,2172,False,,,False,False,False,False,False,154.0,0.4005235602094241
IBDD,Electricity,2074,0.73,120,0.7142857142857141,0.4129592931336661,0,112,1917,2133,185,128,36,0.4999429973740139,0.5717459182317536,0.537485591690294,0.4999429973740139,0.22270073803295595,0.2592592592592596,1.2233606186634038,-2.534149843841321,1.7596622789832348,-1.2199335447094035,0.0606453741297639,0.5717459182317536,0.4826131416414024,0.08913277659035118,0.537485591690294,0.45130140957988923,0.08618418211040474,0.4999429973740139,0.45214984848942996,0.047793148884583914,0.22270073803295595,0.25324420309010637,0.030543465057150415,0.2592592592592596,0.2660884422491978,0.006829182989938232,1243.0,0.40936058009228743,1252.0,0.41232696110744893,1256.0,0.4136453526697429,1057.0,0.34805537244561635,1407.0,0.4634146341463415,0.34805537244561635,WACC_0p7_WRT_0p3,0.4093605800922875,2173,False,,,False,False,False,False,False,112.0,0.2905759162303665
IBDD,Electricity,2422,0.73,91,0.7142857142857141,0.460136442071784,0,83,823,3197,595,116,93,0.4428156628335633,0.5228214674811129,0.48464718487960196,0.4428156628335633,0.22270073803295595,0.2592592592592596,1.2233606186634038,-2.534149843841321,1.7596622789832348,-1.2199335447094035,0.0606453741297639,0.5228214674811129,0.46842319066773824,0.05439827681337467,0.48464718487960196,0.44280086848718686,0.041846316392415095,0.4428156628335633,0.4371623015682349,0.005653361265328394,0.22270073803295595,0.2800662992908283,0.05736556125787237,0.2592592592592596,0.3304400513083009,0.07118079204904132,1057.0,0.34805537244561635,1167.0,0.3843111404087014,1074.0,0.35365853658536583,1648.0,0.5428477257745551,2270.0,0.7478576137112722,0.34805537244561635,WACC_0p1_WRT_0p9,0.47534607778510224,2174,False,,,False,False,False,False,False,83.0,0.21465968586387435
IBDD,Electricity,1486,0.71,99,0.6428571428571426,0.4457799518448435,0,96,636,4114,184,204,169,0.46020009657916583,0.5377096795683104,0.5007264539337751,0.46020009657916583,0.3004306642296604,0.3333333333333337,1.2233606186634038,-2.534149843841321,1.7596622789832348,-1.2199335447094035,0.0606453741297639,0.5377096795683104,0.4766513381230247,0.06105834144528571,0.5007264539337751,0.4319255136234949,0.06880094031028022,0.46020009657916583,0.47298087425085383,0.012780777671688004,0.3004306642296604,0.4135808662286735,0.1131502019990131,0.3333333333333337,0.4643723895487392,0.1310390562154055,1168.0,0.38464073829927486,1057.0,0.34805537244561635,1536.0,0.505932762030323,2863.0,0.9433091628213579,2900.0,0.9555042847725774,0.34805537244561635,WACC_0p3_WRT_0p7,0.6274884640738299,2175,False,,,False,False,False,False,False,96.0,0.2486910994764398
IBDD,Electricity,985,0.74,345,0.7499999999999998,0.2320606365817817,0,252,1826,3152,686,68,7,0.7189951932647192,0.7593445250263005,0.7400920870284045,0.7189951932647192,0.2699322534983919,0.22222222222222254,1.2233606186634038,-2.534149843841321,1.7596622789832348,-1.2199335447094035,0.0606453741297639,0.7593445250263005,0.6064098381937577,0.15293468683254274,0.7400920870284045,0.6125394587069549,0.12755262832144953,0.7189951932647192,0.6056865779162114,0.11330861534850778,0.2699322534983919,0.3266617041116827,0.05672945061329082,0.22222222222222254,0.25158357486495586,0.029361352642733318,2677.0,0.8820039551746869,2761.0,0.9096901779828609,2753.0,0.9070533948582729,2272.0,0.7485168094924193,1058.0,0.34838497033618987,0.34838497033618987,WACC_0p9_WRT_0p1,0.759129861568886,2176,False,,,False,False,False,False,False,252.0,0.6570680628272252
IBDD,Electricity,1039,0.74,500,0.7499999999999998,0.1683259153877366,0,297,3640,3720,280,71,3,0.796172276268833,0.8254397914497548,0.811474974765735,0.796172276268833,0.2996568245458759,0.22222222222222254,1.2233606186634038,-2.534149843841321,1.7596622789832348,-1.2199335447094035,0.0606453741297639,0.8254397914497548,0.6588656026539522,0.16657418879580255,0.811474974765735,0.6690304693158656,0.14244450544986942,0.796172276268833,0.6799941953764946,0.11617808089233839,0.2996568245458759,0.3445059579781002,0.0448491334322243,0.22222222222222254,0.2516211952065683,0.02939897298434574,2897.0,0.954515491100857,2942.0,0.9693473961766644,2958.0,0.9746209624258405,2463.0,0.8114700065919578,1059.0,0.34871456822676333,0.34871456822676333,WACC_0p9_WRT_0p1,0.8117336849044167,2177,False,,,False,False,False,False,False,297.0,0.774869109947644
IBDD,Electricity,2741,0.74,98,0.7499999999999998,0.4475103999651687,0,85,2514,3399,791,113,66,0.45810467769735974,0.535915140776862,0.49878835203901095,0.45810467769735974,0.1838357749346038,0.22222222222222254,1.2233606186634038,-2.534149843841321,1.7596622789832348,-1.2199335447094035,0.0606453741297639,0.535915140776862,0.4878887141913748,0.04802642658548717,0.49878835203901095,0.46608360509129826,0.03270474694771269,0.45810467769735974,0.45129907199557995,0.006805605701779793,0.1838357749346038,0.2534007075492931,0.06956493261468932,0.22222222222222254,0.2935268627953918,0.07130464057316926,1326.0,0.4367172050098879,1442.0,0.47495056031641397,1242.0,0.4090309822017139,1060.0,0.34904416611733685,1916.0,0.6311799604482531,0.34904416611733685,WACC_0p7_WRT_0p3,0.46018457481872116,2178,False,,,False,False,False,False,False,85.0,0.2198952879581152
IBDD,Electricity,2835,0.74,105,0.7499999999999998,0.4357473197013715,0,91,239,3382,977,87,8,0.47234872246440507,0.5481138906800592,0.5119630019344639,0.47234872246440507,0.1838357749346038,0.22222222222222254,1.2233606186634038,-2.534149843841321,1.7596622789832348,-1.2199335447094035,0.0606453741297639,0.5481138906800592,0.523771248917171,0.02434264176288825,0.5119630019344639,0.4910064063641919,0.020956595570271963,0.47234872246440507,0.4967806970531624,0.024431974588757344,0.1838357749346038,0.26263730564759885,0.07880153071299506,0.22222222222222254,0.2516847824354564,0.029462560213233846,1883.0,0.6203032300593276,1760.0,0.5797626895187871,1893.0,0.6235992089650626,1294.0,0.42617007251153594,1061.0,0.34937376400791037,0.34937376400791037,WACC_0p9_WRT_0p1,0.5198417930125248,2179,False,,,False,False,False,False,False,91.0,0.2356020942408377
IBDD,Electricity,1360,0.74,64,0.7499999999999998,0.5199513525110855,0,51,119,474,328,35,1,0.3703851222840437,0.4607911899885039,0.41765448518758413,0.3703851222840437,0.1838357749346038,0.22222222222222254,1.2233606186634038,-2.534149843841321,1.7596622789832348,-1.2199335447094035,0.0606453741297639,0.4607911899885039,0.533351763150104,0.07256057316160014,0.41765448518758413,0.46264168950211426,0.04498720431453013,0.3703851222840437,0.46807605357877957,0.09769093129473588,0.1838357749346038,0.2755393830075749,0.09170360807297112,0.22222222222222254,0.25178737135782886,0.029565149135606317,2014.0,0.6634805537244561,1393.0,0.45880026367831245,1467.0,0.4831905075807515,1558.0,0.51318391562294,1062.0,0.34970336189848383,0.34970336189848383,WACC_0p9_WRT_0p1,0.4936717205009888,2180,False,,,False,False,False,False,False,51.0,0.13089005235602094
IBDD,Electricity,2553,0.73,100,0.7142857142857141,0.4440667223993342,0,92,3428,3121,687,130,121,0.462274665176063,0.539486361956246,0.5026452709127456,0.462274665176063,0.22270073803295595,0.2592592592592596,1.2233606186634038,-2.534149843841321,1.7596622789832348,-1.2199335447094035,0.0606453741297639,0.539486361956246,0.46881455222336615,0.07067180973287984,0.5026452709127456,0.43810680616467723,0.06453846474806835,0.462274665176063,0.43857555868700066,0.02369910648906237,0.22270073803295595,0.3074692282527179,0.08476849021976193,0.2592592592592596,0.3648803224908683,0.10562106323160875,1062.0,0.34970336189848383,1122.0,0.3694792353328939,1099.0,0.36189848384970336,2055.0,0.6769940672379697,2511.0,0.8272907053394858,0.34970336189848383,WACC_0p1_WRT_0p9,0.5170731707317073,2181,False,,,False,False,False,False,False,92.0,0.23821989528795812
IBDD,Electricity,1160,0.73,109,0.7142857142857141,0.4293696224892548,0,101,2166,4388,936,103,47,0.4800715469765898,0.554727798900032,0.5191060228120346,0.4800715469765898,0.22270073803295595,0.2592592592592596,1.2233606186634038,-2.534149843841321,1.7596622789832348,-1.2199335447094035,0.0606453741297639,0.554727798900032,0.5279863302418815,0.026741468658150525,0.5191060228120346,0.5145613228520792,0.004544699959955323,0.4800715469765898,0.5031233550426225,0.023051808066032686,0.22270073803295595,0.25341998725282433,0.030719249219868378,0.2592592592592596,0.27793187340378994,0.018672614144530364,1942.0,0.6397495056031641,2034.0,0.6700725115359262,1970.0,0.6489782465392222,1062.0,0.34970336189848383,1672.0,0.5507580751483191,0.34970336189848383,WACC_0p7_WRT_0p3,0.5718523401450231,2182,False,,,False,False,False,False,False,101.0,0.2617801047120419
IBDD,Electricity,1765,0.74,85,0.7499999999999998,0.4717483562690882,0,72,3899,2807,658,145,89,0.4287546667383026,0.5107794823876122,0.4716418409786212,0.4287546667383026,0.1838357749346038,0.22222222222222254,1.2233606186634038,-2.534149843841321,1.7596622789832348,-1.2199335447094035,0.0606453741297639,0.5107794823876122,0.46891701316844914,0.041862469219163034,0.4716418409786212,0.457206602170877,0.014435238807744222,0.4287546667383026,0.4379915034802126,0.009236836741910004,0.1838357749346038,0.2561337217059386,0.07229794677133483,0.22222222222222254,0.2904873323870131,0.06826511016479053,1063.0,0.35003295978905735,1321.0,0.43506921555702044,1093.0,0.35992089650626236,1126.0,0.37079762689518786,1870.0,0.6160184574818721,0.35003295978905735,WACC_0p1_WRT_0p9,0.42636783124588007,2183,False,,,False,False,False,False,False,72.0,0.18586387434554974
IBDD,Electricity,1941,0.7,81,0.6071428571428569,0.4799488650928298,0,79,2718,3152,510,170,85,0.41882457936506384,0.502275251014843,0.4624572710960305,0.41882457936506384,0.33929562732801266,0.37037037037037074,1.2233606186634038,-2.534149843841321,1.7596622789832348,-1.2199335447094035,0.0606453741297639,0.502275251014843,0.4690225755688994,0.033252675445943625,0.4624572710960305,0.4474904094225437,0.01496686167348682,0.41882457936506384,0.4377413212188954,0.018916741853831576,0.33929562732801266,0.2690467495238433,0.07024887780416939,0.37037037037037074,0.30649086794830877,0.06387950242206197,1064.0,0.35036255767963087,1207.0,0.3974950560316414,1087.0,0.35794330916282135,1418.0,0.46704021094264997,2058.0,0.6779828609096902,0.35036255767963087,WACC_0p1_WRT_0p9,0.4501647989452867,2184,False,,,False,False,False,False,False,79.0,0.20418848167539266
IBDD,Electricity,2357,0.73,196,0.7142857142857141,0.3290373984942353,0,181,4575,2781,509,109,24,0.60156495330492,0.6587760311911633,0.6314781136864565,0.60156495330492,0.22470427422088943,0.2592592592592596,1.2233606186634038,-2.534149843841321,1.7596622789832348,-1.2199335447094035,0.0606453741297639,0.6587760311911633,0.5833452938326441,0.07543073735851924,0.6314781136864565,0.5775458139251592,0.05393229976129721,0.60156495330492,0.5634248863755721,0.038140066929347904,0.22470427422088943,0.27208220691168417,0.04737793269079474,0.2592592592592596,0.25196443743856983,0.007294821820689745,2506.0,0.8256427158866183,2591.0,0.8536585365853658,2522.0,0.8309162821357944,1487.0,0.4897824653922215,1064.0,0.35036255767963087,0.35036255767963087,WACC_0p9_WRT_0p1,0.6700725115359262,2185,False,,,False,False,False,False,False,181.0,0.4712041884816754
IBDD,Electricity,36,0.73,33,0.7142857142857141,0.6315273913256072,0,25,461,1,619,46,10,0.23527645549249393,0.34508270529196283,0.29268932171531986,0.23527645549249393,0.22270073803295595,0.2592592592592596,1.2233606186634038,-2.534149843841321,1.7596622789832348,-1.2199335447094035,0.0606453741297639,0.34508270529196283,0.48961757201100115,0.1445348667190383,0.29268932171531986,0.4331103455401304,0.14042102382481053,0.23527645549249393,0.4375105489500596,0.20223409345756566,0.22270073803295595,0.28329181362369077,0.060591075590734816,0.2592592592592596,0.2585420329907379,0.0007172262685216646,1351.0,0.44495715227422544,1066.0,0.35102175346077785,1081.0,0.35596572181938035,1705.0,0.5616348055372445,1226.0,0.4037574159525379,0.35102175346077785,WACC_0p3_WRT_0p7,0.4234673698088332,2186,False,,,False,False,False,False,False,25.0,0.06282722513089005
IBDD,Electricity,819,0.74,573,0.7499999999999998,0.1449056775976421,0,321,3516,4306,449,54,3,0.8245321027815924,0.8497274454542971,0.8377056410906408,0.8245321027815924,0.3105795446754757,0.22222222222222254,1.2233606186634038,-2.534149843841321,1.7596622789832348,-1.2199335447094035,0.0606453741297639,0.8497274454542971,0.6789080653134412,0.17081938014085596,0.8377056410906408,0.6903705940244896,0.1473350470661512,0.8245321027815924,0.6987100396751922,0.1258220631064002,0.3105795446754757,0.3534424381683247,0.042862893492849,0.22222222222222254,0.2520846033101098,0.029862381087887246,2954.0,0.9733025708635464,2976.0,0.9805537244561635,2988.0,0.9845088991430455,2546.0,0.8388266315095584,1066.0,0.35102175346077785,0.35102175346077785,WACC_0p9_WRT_0p1,0.8256427158866183,2187,False,,,False,False,False,False,False,321.0,0.837696335078534
IBDD,Electricity,844,0.73,266,0.7142857142857141,0.2766875084310952,0,235,3469,1958,181,80,6,0.6649560176253941,0.7130648060714568,0.6901099905571735,0.6649560176253941,0.24911919276697034,0.2592592592592596,1.2233606186634038,-2.534149843841321,1.7596622789832348,-1.2199335447094035,0.0606453741297639,0.7130648060714568,0.6252373904345832,0.08782741563687368,0.6901099905571735,0.6200894219230335,0.07002056863413997,0.6649560176253941,0.6204550309556133,0.04450098666978086,0.24911919276697034,0.3294035733945266,0.08028438062755625,0.2592592592592596,0.2521119789211304,0.007147280338129169,2767.0,0.9116677653263019,2796.0,0.9212261041529334,2800.0,0.9225444957152275,2307.0,0.7600527356624918,1067.0,0.35135135135135137,0.35135135135135137,WACC_0p9_WRT_0p1,0.7733684904416611,2188,False,,,False,False,False,False,False,235.0,0.612565445026178
IBDD,Electricity,1599,0.73,91,0.7142857142857141,0.460136442071784,0,83,364,3295,632,77,63,0.4428156628335633,0.5228214674811129,0.48464718487960196,0.4428156628335633,0.22270073803295595,0.2592592592592596,1.2233606186634038,-2.534149843841321,1.7596622789832348,-1.2199335447094035,0.0606453741297639,0.5228214674811129,0.48171661142369165,0.04110485605742126,0.48464718487960196,0.4502467787906282,0.03440040608897377,0.4428156628335633,0.43645181600862515,0.006363846824938124,0.22270073803295595,0.27204760284359136,0.04934686481063541,0.2592592592592596,0.31124922827872686,0.051989969019467286,1231.0,0.40540540540540543,1241.0,0.4087013843111404,1068.0,0.35168094924192483,1486.0,0.489452867501648,2115.0,0.6967699406723797,0.35168094924192483,WACC_0p5_WRT_0p5,0.4704021094264997,2189,False,,,False,False,False,False,False,83.0,0.21465968586387435
IBDD,Electricity,2312,0.73,99,0.7142857142857141,0.4457799518448435,0,91,954,3413,893,243,96,0.46020009657916583,0.5377096795683104,0.5007264539337751,0.46020009657916583,0.22270073803295595,0.2592592592592596,1.2233606186634038,-2.534149843841321,1.7596622789832348,-1.2199335447094035,0.0606453741297639,0.5377096795683104,0.46912924414588986,0.06858043542242054,0.5007264539337751,0.4403647493038326,0.0603617046299425,0.46020009657916583,0.44709548226493184,0.013104614314233987,0.22270073803295595,0.29901277027986145,0.0763120322469055,0.2592592592592596,0.3420421338914567,0.08278287463219713,1068.0,0.35168094924192483,1141.0,0.37574159525379036,1192.0,0.39255108767303887,1939.0,0.6387607119314437,2355.0,0.7758734344100198,0.35168094924192483,WACC_0p1_WRT_0p9,0.5069215557020434,2190,False,,,False,False,False,False,False,91.0,0.2356020942408377
IBDD,Electricity,704,0.74,543,0.7499999999999998,0.1541482258161414,0,313,4997,974,418,76,2,0.8133401983115482,0.8401425806351126,0.8273539870859217,0.8133401983115482,0.30626900913011507,0.22222222222222254,1.2233606186634038,-2.534149843841321,1.7596622789832348,-1.2199335447094035,0.0606453741297639,0.8401425806351126,0.6944373862355322,0.1457051943995804,0.8273539870859217,0.6721284227041873,0.1552255643817344,0.8133401983115482,0.6700404666745499,0.14329973163699838,0.30626900913011507,0.3212110662543384,0.014942057124223307,0.22222222222222254,0.25212993811985723,0.02990771589763469,2983.0,0.982860909690178,2948.0,0.9713249835201054,2945.0,0.970336189848385,2209.0,0.7277521423862887,1068.0,0.35168094924192483,0.35168094924192483,WACC_0p9_WRT_0p1,0.8007910349373765,2191,False,,,False,False,False,False,False,313.0,0.8167539267015707
IBDD,Electricity,1273,0.73,103,0.7142857142857141,0.4390270024565642,0,95,3183,3283,562,195,98,0.46837731812650846,0.5447127381931928,0.5082897572486481,0.46837731812650846,0.22270073803295595,0.2592592592592596,1.2233606186634038,-2.534149843841321,1.7596622789832348,-1.2199335447094035,0.0606453741297639,0.5447127381931928,0.469400604842724,0.07531213335046877,0.5082897572486481,0.45262589521083196,0.05566386203781615,0.46837731812650846,0.4442868075124662,0.02409051061404227,0.22270073803295595,0.2617059893504087,0.03900525131745272,0.2592592592592596,0.299836750103395,0.04057749084413542,1070.0,0.35234014502307187,1267.0,0.41727092946605143,1165.0,0.38365194462755436,1273.0,0.41924851680949243,2002.0,0.6595253790375741,0.35234014502307187,WACC_0p1_WRT_0p9,0.44640738299274885,2192,False,,,False,False,False,False,False,95.0,0.24607329842931938
IBDD,Electricity,1413,0.74,123,0.7499999999999998,0.4087424748943598,0,109,3317,3701,642,110,69,0.5050491894961598,0.5761189149243676,0.542208428118317,0.5050491894961598,0.18753145598438328,0.22222222222222254,1.2233606186634038,-2.534149843841321,1.7596622789832348,-1.2199335447094035,0.0606453741297639,0.5761189149243676,0.5089530794113107,0.06716583551305688,0.542208428118317,0.49574569664645934,0.0464627314718577,0.5050491894961598,0.47877805748281416,0.026271132013345688,0.18753145598438328,0.2537447780897279,0.06621332210534461,0.22222222222222254,0.2889489032056718,0.06672668098344925,1659.0,0.5464733025708636,1820.0,0.5995385629531971,1627.0,0.5359261700725115,1070.0,0.35234014502307187,1849.0,0.6090969017798286,0.35234014502307187,WACC_0p7_WRT_0p3,0.5286750164798946,2193,False,,,False,False,False,False,False,109.0,0.28272251308900526
IBDD,Electricity,605,0.73,213,0.7142857142857141,0.3147858203079183,0,196,743,3396,174,60,7,0.6188223478932839,0.6735554456066032,0.6474398812551314,0.6188223478932839,0.23135091894454338,0.2592592592592596,1.2233606186634038,-2.534149843841321,1.7596622789832348,-1.2199335447094035,0.0606453741297639,0.6735554456066032,0.5876875672919522,0.08586787831465104,0.6474398812551314,0.5678731010162278,0.07956678023890362,0.6188223478932839,0.5868711572814553,0.031951190611828606,0.23135091894454338,0.31164678383582844,0.08029586489128507,0.2592592592592596,0.25217860750343396,0.007080651755825618,2549.0,0.8398154251812788,2518.0,0.8295978905735003,2669.0,0.8793671720500988,2115.0,0.6967699406723797,1070.0,0.35234014502307187,0.35234014502307187,WACC_0p9_WRT_0p1,0.7195781147000659,2194,False,,,False,False,False,False,False,196.0,0.5104712041884817
IBDD,Electricity,2811,0.73,88,0.7142857142857141,0.4658445274206108,0,80,2993,3100,186,182,73,0.435903678776714,0.516901971563811,0.47825412928891586,0.435903678776714,0.22270073803295595,0.2592592592592596,1.2233606186634038,-2.534149843841321,1.7596622789832348,-1.2199335447094035,0.0606453741297639,0.516901971563811,0.4694369882491676,0.04746498331464344,0.47825412928891586,0.45982508075091144,0.018429048538004422,0.435903678776714,0.4375803123968684,0.0016766336201544108,0.22270073803295595,0.25815120681481657,0.03545046878186062,0.2592592592592596,0.2926538499745195,0.03339459071525991,1071.0,0.35266974291364533,1350.0,0.4446275543836519,1084.0,0.35695451549110085,1177.0,0.38760711931443637,1900.0,0.6259063941990771,0.35266974291364533,WACC_0p1_WRT_0p9,0.4335530652603823,2195,False,,,False,False,False,False,False,80.0,0.20680628272251309
IBDD,Electricity,2646,0.74,339,0.7499999999999998,0.2350725758706624,0,249,4527,1590,100,111,2,0.7153480024690839,0.7562210324304242,0.7367187150248581,0.7153480024690839,0.2685275465865899,0.22222222222222254,1.2233606186634038,-2.534149843841321,1.7596622789832348,-1.2199335447094035,0.0606453741297639,0.7562210324304242,0.6534322875086297,0.10278874492179446,0.7367187150248581,0.6325726071002813,0.10414610792457679,0.7153480024690839,0.6219898440512877,0.09335815841779627,0.2685275465865899,0.31691626186441824,0.04838871527782834,0.22222222222222254,0.2522153318338579,0.02999310961163537,2884.0,0.9502307185234015,2843.0,0.936717205009888,2805.0,0.9241924851680949,2168.0,0.7142386288727752,1071.0,0.35266974291364533,0.35266974291364533,WACC_0p9_WRT_0p1,0.775609756097561,2196,False,,,False,False,False,False,False,249.0,0.6492146596858639
IBDD,Electricity,1105,0.74,88,0.7499999999999998,0.4658445274206108,0,75,3160,2925,90,127,83,0.435903678776714,0.516901971563811,0.47825412928891586,0.435903678776714,0.1838357749346038,0.22222222222222254,1.2233606186634038,-2.534149843841321,1.7596622789832348,-1.2199335447094035,0.0606453741297639,0.516901971563811,0.4695453313499607,0.04735664021385033,0.47825412928891586,0.45316940279112145,0.02508472649779442,0.435903678776714,0.4498578474960966,0.013954168719382598,0.1838357749346038,0.26157129890627523,0.07773552397167144,0.22222222222222254,0.2976126819414629,0.07539045971924035,1072.0,0.35299934080421885,1280.0,0.4215557020435069,1226.0,0.4037574159525379,1269.0,0.4179301252471984,1969.0,0.6486486486486487,0.35299934080421885,WACC_0p1_WRT_0p9,0.44897824653922214,2197,False,,,False,False,False,False,False,75.0,0.193717277486911
IBDD,Electricity,854,0.74,544,0.7499999999999998,0.1538320124330906,0,314,3885,4457,397,66,2,0.8137231046152633,0.8404705056249431,0.8277081460749384,0.8137231046152633,0.30641648458767673,0.22222222222222254,1.2233606186634038,-2.534149843841321,1.7596622789832348,-1.2199335447094035,0.0606453741297639,0.8404705056249431,0.6830288683318295,0.15744163729311356,0.8277081460749384,0.6931434831008628,0.13456466297407554,0.8137231046152633,0.7052692109634957,0.10845389365176761,0.30641648458767673,0.3720137876440289,0.0655973030563522,0.22222222222222254,0.25224283008636034,0.030020607864137794,2960.0,0.9752801582069874,2979.0,0.981542518127884,2998.0,0.9878048780487805,2695.0,0.8879367172050099,1072.0,0.35299934080421885,0.35299934080421885,WACC_0p9_WRT_0p1,0.8371127224785762,2198,False,,,False,False,False,False,False,314.0,0.819371727748691
IBDD,Electricity,2171,0.74,117,0.7499999999999998,0.4172819839037627,0,103,1091,4349,709,224,66,0.49470860302639985,0.5672631278035053,0.5326441780277857,0.49470860302639985,0.1838357749346038,0.22222222222222254,1.2233606186634038,-2.534149843841321,1.7596622789832348,-1.2199335447094035,0.0606453741297639,0.5672631278035053,0.5144168720830349,0.052846255720470414,0.5326441780277857,0.49711207369928256,0.03553210432850318,0.49470860302639985,0.4860629467661645,0.008645656260235335,0.1838357749346038,0.25390586364123985,0.07007008870663606,0.22222222222222254,0.29349076145336456,0.07126853923114201,1747.0,0.5754779169413315,1832.0,0.6034937376400791,1740.0,0.573170731707317,1073.0,0.35332893869479237,1915.0,0.6308503625576797,0.35332893869479237,WACC_0p7_WRT_0p3,0.54726433750824,2199,False,,,False,False,False,False,False,103.0,0.2670157068062827
IBDD,Electricity,1141,0.74,124,0.7499999999999998,0.4073595105219982,0,110,3804,4171,833,239,63,0.5067238364414649,0.5775531001994092,0.5437573482153619,0.5067238364414649,0.18817644229596128,0.22222222222222254,1.2233606186634038,-2.534149843841321,1.7596622789832348,-1.2199335447094035,0.0606453741297639,0.5775531001994092,0.5259584996815275,0.05159460051788167,0.5437573482153619,0.5066620170321409,0.03709533118322106,0.5067238364414649,0.5094973718607795,0.0027735354193145767,0.18817644229596128,0.2539131964301112,0.0657367541341499,0.22222222222222254,0.2792063752350142,0.05698415301279164,1917.0,0.6315095583388266,1964.0,0.6470006591957811,2044.0,0.6733684904416611,1074.0,0.35365853658536583,1696.0,0.5586684245220831,0.35365853658536583,WACC_0p7_WRT_0p3,0.5728411338167436,2200,False,,,False,False,False,False,False,110.0,0.28534031413612565
IBDD,Electricity,2467,0.73,127,0.7142857142857141,0.4032760431131678,0,119,2000,3667,461,175,152,0.5116685525593311,0.5817878071419,0.548330831713252,0.5116685525593311,0.22270073803295595,0.2592592592592596,1.2233606186634038,-2.534149843841321,1.7596622789832348,-1.2199335447094035,0.0606453741297639,0.5817878071419,0.4698069133709229,0.11198089377097714,0.548330831713252,0.43717594553613026,0.11115488617712177,0.5116685525593311,0.44433587889761866,0.06733267366171242,0.22270073803295595,0.3797408337403646,0.15704009570740865,0.2592592592592596,0.43585139706149684,0.17659213780223726,1074.0,0.35365853658536583,1113.0,0.36651285431773234,1168.0,0.38464073829927486,2743.0,0.9037574159525379,2814.0,0.9271588661832564,0.35365853658536583,WACC_0p1_WRT_0p9,0.5871456822676334,2201,False,,,False,False,False,False,False,119.0,0.3089005235602094
IBDD,Electricity,2382,0.73,167,0.7142857142857141,0.3564550021379306,0,157,3446,3925,684,104,33,0.5683646720054849,0.6303429607458498,0.6007703976055176,0.5683646720054849,0.22270073803295595,0.2592592592592596,1.2233606186634038,-2.534149843841321,1.7596622789832348,-1.2199335447094035,0.0606453741297639,0.6303429607458498,0.5477549459318334,0.08258801481401645,0.6007703976055176,0.5382375274264041,0.06253287017911358,0.5683646720054849,0.5375287261494764,0.030835945856008462,0.22270073803295595,0.255380391539815,0.03267965350685906,0.2592592592592596,0.25231803794910884,0.006941221310150736,2173.0,0.7158866183256427,2272.0,0.7485168094924193,2302.0,0.7584047462096243,1109.0,0.3651944627554384,1074.0,0.35365853658536583,0.35365853658536583,WACC_0p9_WRT_0p1,0.588332234673698,2202,False,,,False,False,False,False,False,157.0,0.4083769633507853
IBDD,Electricity,2478,0.73,135,0.7142857142857141,0.3928378085708742,0,127,3622,4837,662,186,65,0.5243083269020213,0.5926126429635379,0.5600216544006209,0.5243083269020213,0.22270073803295595,0.2592592592592596,1.2233606186634038,-2.534149843841321,1.7596622789832348,-1.2199335447094035,0.0606453741297639,0.5926126429635379,0.5312083041799753,0.06140433878356255,0.5600216544006209,0.518026706739013,0.04199494766160794,0.5243083269020213,0.5052814048960189,0.019026922006002422,0.22270073803295595,0.2540774879581318,0.031376749925175834,0.2592592592592596,0.2878291234713461,0.028569864212086515,1980.0,0.6522742254449572,2075.0,0.6835860250494397,1997.0,0.6578773895847067,1077.0,0.35464733025708634,1822.0,0.6001977587343441,0.35464733025708634,WACC_0p7_WRT_0p3,0.5897165458141067,2203,False,,,False,False,False,False,False,127.0,0.3298429319371728
IBDD,Electricity,799,0.73,399,0.7142857142857141,0.2070903690901108,0,293,4810,3558,291,103,5,0.7492319679886927,0.7852396172398851,0.7680587866190759,0.7492319679886927,0.2815778757938291,0.2592592592592596,1.2233606186634038,-2.534149843841321,1.7596622789832348,-1.2199335447094035,0.0606453741297639,0.7852396172398851,0.6447088772471045,0.14053073999278065,0.7680587866190759,0.6464376429053242,0.12162114371375166,0.7492319679886927,0.6557247035973861,0.09350726439130663,0.2815778757938291,0.3340905935453838,0.052512717751554694,0.2592592592592596,0.2524178380617007,0.006841421197558872,2852.0,0.9396835860250494,2892.0,0.9528675016479895,2915.0,0.96044825313118,2358.0,0.7768622280817403,1077.0,0.35464733025708634,0.35464733025708634,WACC_0p9_WRT_0p1,0.7969017798286092,2204,False,,,False,False,False,False,False,293.0,0.7643979057591623
IBDD,Electricity,2937,0.69,90,0.5714285714285711,0.462018189093476,0,89,139,3600,821,250,34,0.4405370344287458,0.5208700261252841,0.48253962821530677,0.4405370344287458,0.3781605904263649,0.4074074074074079,1.2233606186634038,-2.534149843841321,1.7596622789832348,-1.2199335447094035,0.0606453741297639,0.5208700261252841,0.47003661207344183,0.050833414051842274,0.48253962821530677,0.45500368055087537,0.027535947664431404,0.4405370344287458,0.4676701274412677,0.02713309301252187,0.3781605904263649,0.3112796537081444,0.06688093671822049,0.4074074074074079,0.33985206509029403,0.06755534231711385,1078.0,0.35497692814765985,1304.0,0.42946605141727096,1461.0,0.4812129202373105,2112.0,0.6957811470006592,2340.0,0.7709294660514173,0.35497692814765985,WACC_0p1_WRT_0p9,0.5464733025708636,2205,False,,,False,False,False,False,False,89.0,0.23036649214659685
IBDD,Electricity,1905,0.73,231,0.7142857142857141,0.3008804802439224,0,212,3816,3069,923,114,17,0.6356604788870963,0.6879757982655619,0.6630138621268068,0.6356604788870963,0.23783608528603023,0.2592592592592596,1.2233606186634038,-2.534149843841321,1.7596622789832348,-1.2199335447094035,0.0606453741297639,0.6879757982655619,0.5765661898682233,0.1114096083973386,0.6630138621268068,0.5786889177753604,0.08432494435144644,0.6356604788870963,0.5713132628576504,0.06434721602944593,0.23783608528603023,0.2709771478534751,0.03314106256744487,0.2592592592592596,0.2524397348992418,0.006819524360017759,2445.0,0.8055372445616348,2602.0,0.8572841133816743,2564.0,0.8447593935398814,1461.0,0.4812129202373105,1079.0,0.3553065260382334,0.3553065260382334,WACC_0p9_WRT_0p1,0.6688200395517468,2206,False,,,False,False,False,False,False,212.0,0.5523560209424084
IBDD,Electricity,247,0.74,32,0.7499999999999998,0.636667418954684,0,20,263,1,1000,63,1,0.22905233884867993,0.3397523062692165,0.2869324907707538,0.22905233884867993,0.1838357749346038,0.22222222222222254,1.2233606186634038,-2.534149843841321,1.7596622789832348,-1.2199335447094035,0.0606453741297639,0.3397523062692165,0.4887340874761966,0.14898178120698014,0.2869324907707538,0.43908800421890876,0.15215551344815498,0.22905233884867993,0.4375010610840977,0.20844872223541777,0.1838357749346038,0.2689435734813286,0.08510779854672479,0.22222222222222254,0.27087806887876636,0.04865584665654382,1337.0,0.44034278180619646,1134.0,0.3734344100197759,1080.0,0.35563612392880684,1412.0,0.46506262359920897,1528.0,0.503295978905735,0.35563612392880684,WACC_0p5_WRT_0p5,0.42755438365194465,2207,False,,,False,False,False,False,False,20.0,0.049738219895287955
IBDD,Electricity,2491,0.73,137,0.7142857142857141,0.390324214459635,0,129,4083,1566,601,77,48,0.5273520659774795,0.595219333152971,0.5628368798052087,0.5273520659774795,0.22270073803295595,0.2592592592592596,1.2233606186634038,-2.534149843841321,1.7596622789832348,-1.2199335447094035,0.0606453741297639,0.595219333152971,0.5030801997667154,0.09213913338625568,0.5628368798052087,0.47308951280575956,0.08974736699944913,0.5273520659774795,0.4609589072504926,0.06639315872698692,0.22270073803295595,0.2542695781754358,0.03156884014247982,0.2592592592592596,0.265819671577543,0.006560412318283415,1570.0,0.517139090309822,1526.0,0.502636783124588,1378.0,0.45385629531970995,1082.0,0.3562953197099539,1397.0,0.46011865524060647,0.3562953197099539,WACC_0p7_WRT_0p3,0.4580092287409361,2208,False,,,False,False,False,False,False,129.0,0.33507853403141363
IBDD,Electricity,1527,0.72,113,0.6785714285714283,0.4232197495097513,0,106,1853,3452,299,135,130,0.48751849659073904,0.5611054449528504,0.5259938805490785,0.48751849659073904,0.2615657011313083,0.2962962962962967,1.2233606186634038,-2.534149843841321,1.7596622789832348,-1.2199335447094035,0.0606453741297639,0.5611054449528504,0.4704239107296539,0.09068153422319652,0.5259938805490785,0.4455444398138144,0.08044944073526406,0.48751849659073904,0.4416323991600345,0.04588609743070454,0.2615657011313083,0.341659688229057,0.08009398709774873,0.2962962962962967,0.3908919793867038,0.09459568309040706,1082.0,0.3562953197099539,1193.0,0.3928806855636124,1132.0,0.37277521423862886,2430.0,0.8005932762030323,2659.0,0.8760711931443639,0.3562953197099539,WACC_0p1_WRT_0p9,0.5597231377719183,2209,False,,,False,False,False,False,False,106.0,0.27486910994764396
IBDD,Electricity,2828,0.72,87,0.6785714285714283,0.4677900638121001,0,80,932,3253,413,172,100,0.43354780711429075,0.5148843782689332,0.47607512853044787,0.43354780711429075,0.2615657011313083,0.2962962962962967,1.2233606186634038,-2.534149843841321,1.7596622789832348,-1.2199335447094035,0.0606453741297639,0.5148843782689332,0.4706956342912555,0.04418874397767769,0.47607512853044787,0.44264479907263177,0.0334303294578161,0.43354780711429075,0.43757277177260295,0.004024964658312202,0.2615657011313083,0.2887309235806434,0.027165222449335114,0.2962962962962967,0.3288874143914568,0.032591118095160077,1088.0,0.3582729070533949,1163.0,0.3829927488464074,1083.0,0.35662491760052734,1787.0,0.5886618325642716,2262.0,0.7452208305866842,0.35662491760052734,WACC_0p5_WRT_0p5,0.4863546473302571,2210,False,,,False,False,False,False,False,80.0,0.20680628272251309
IBDD,Electricity,2824,0.74,136,0.7499999999999998,0.391576424623955,0,122,2717,4462,430,96,57,0.5258357507574586,0.593920744834417,0.5614344044211703,0.5258357507574586,0.19553735090802815,0.22222222222222254,1.2233606186634038,-2.534149843841321,1.7596622789832348,-1.2199335447094035,0.0606453741297639,0.593920744834417,0.53894959132285,0.054971153511567006,0.5614344044211703,0.5138409741755291,0.04759343024564122,0.5258357507574586,0.5032069360422755,0.022628814715183077,0.19553735090802815,0.25427258037056477,0.05873522946253662,0.22222222222222254,0.28406809452150306,0.06184587229928051,2084.0,0.6865524060646012,2028.0,0.6680949241924852,1971.0,0.6493078444297956,1084.0,0.35695451549110085,1773.0,0.5840474620962426,0.35695451549110085,WACC_0p7_WRT_0p3,0.5889914304548451,2211,False,,,False,False,False,False,False,122.0,0.31675392670157065
IBDD,Electricity,735,0.74,260,0.7499999999999998,0.2806008163969908,0,218,4702,4014,692,142,8,0.6602173494701655,0.709006560773491,0.6857270856353702,0.6602173494701655,0.247294105930726,0.22222222222222254,1.2233606186634038,-2.534149843841321,1.7596622789832348,-1.2199335447094035,0.0606453741297639,0.709006560773491,0.6106735344987164,0.09833302627477458,0.6857270856353702,0.5967738317399829,0.08895325389538733,0.6602173494701655,0.611557424220698,0.048659925249467495,0.247294105930726,0.2910185549897316,0.043724449059005605,0.22222222222222254,0.25268737936277774,0.0304651571405552,2700.0,0.8895847066578774,2700.0,0.8895847066578774,2766.0,0.9113381674357284,1828.0,0.6021753460777851,1085.0,0.3572841133816744,0.3572841133816744,WACC_0p9_WRT_0p1,0.7299934080421885,2212,False,,,False,False,False,False,False,218.0,0.5680628272251309
IBDD,Electricity,1614,0.74,96,0.7499999999999998,0.4510243614951085,0,83,4710,2789,161,171,105,0.45384958258454444,0.5322710325235911,0.4948527151254784,0.45384958258454444,0.1838357749346038,0.22222222222222254,1.2233606186634038,-2.534149843841321,1.7596622789832348,-1.2199335447094035,0.0606453741297639,0.5322710325235911,0.47069232272874245,0.06157870979484864,0.4948527151254784,0.4498235034080869,0.04502921171739149,0.45384958258454444,0.4426979578271725,0.01115162475737197,0.1838357749346038,0.2775444614481912,0.09370868651358744,0.22222222222222254,0.30019130753214107,0.07796908530991853,1087.0,0.35794330916282135,1237.0,0.40738299274884643,1141.0,0.37574159525379036,1594.0,0.525049439683586,2006.0,0.6608437705998682,0.35794330916282135,WACC_0p1_WRT_0p9,0.46539222148978243,2213,False,,,False,False,False,False,False,83.0,0.21465968586387435
IBDD,Electricity,2380,0.74,111,0.7499999999999998,0.4262672297500796,0,97,2822,1625,939,71,23,0.48382826886156854,0.5579450950739915,0.5225807026799109,0.48382826886156854,0.1838357749346038,0.22222222222222254,1.2233606186634038,-2.534149843841321,1.7596622789832348,-1.2199335447094035,0.0606453741297639,0.5579450950739915,0.5339865695121863,0.023958525561805222,0.5225807026799109,0.503182677949667,0.01939802473024388,0.48382826886156854,0.4836345617219926,0.00019370713957594932,0.1838357749346038,0.27644522013288786,0.09260944519828407,0.22222222222222254,0.2527466113431366,0.03052438912091404,2025.0,0.6671061305207646,1906.0,0.6278839815425181,1706.0,0.5619644034278181,1580.0,0.520435069215557,1087.0,0.35794330916282135,0.35794330916282135,WACC_0p9_WRT_0p1,0.5470665787738959,2214,False,,,False,False,False,False,False,97.0,0.2513089005235602
IBDD,Electricity,1868,0.74,85,0.7499999999999998,0.4717483562690882,0,72,2866,2850,405,101,92,0.4287546667383026,0.5107794823876122,0.4716418409786212,0.4287546667383026,0.1838357749346038,0.22222222222222254,1.2233606186634038,-2.534149843841321,1.7596622789832348,-1.2199335447094035,0.0606453741297639,0.5107794823876122,0.4774271809517325,0.033352301435879694,0.4716418409786212,0.43927079909202027,0.03237104188660095,0.4287546667383026,0.43776125101671076,0.00900658427840817,0.1838357749346038,0.27882315878220604,0.09498738384760225,0.22222222222222254,0.32756741824248126,0.10534519602025871,1177.0,0.38760711931443637,1136.0,0.3740936058009229,1088.0,0.3582729070533949,1622.0,0.534278180619644,2253.0,0.7422544495715228,0.3582729070533949,WACC_0p5_WRT_0p5,0.4793012524719842,2215,False,,,False,False,False,False,False,72.0,0.18586387434554974
IBDD,Electricity,1643,0.7,85,0.6071428571428569,0.4717483562690882,0,83,2373,3111,363,106,99,0.4287546667383026,0.5107794823876122,0.4716418409786212,0.4287546667383026,0.33929562732801266,0.37037037037037074,1.2233606186634038,-2.534149843841321,1.7596622789832348,-1.2199335447094035,0.0606453741297639,0.5107794823876122,0.4710293566443807,0.039750125743231446,0.4716418409786212,0.43501351963039836,0.03662832134822286,0.4287546667383026,0.43831376027511737,0.009559093536814778,0.33929562732801266,0.2993105093168583,0.03998511801115434,0.37037037037037074,0.36421879657024875,0.00615157380012199,1092.0,0.35959129861568884,1088.0,0.3582729070533949,1096.0,0.36090969017798286,1943.0,0.6400791034937376,2506.0,0.8256427158866183,0.3582729070533949,WACC_0p3_WRT_0p7,0.5088991430454846,2216,False,,,False,False,False,False,False,83.0,0.21465968586387435
IBDD,Electricity,475,0.74,396,0.7499999999999998,0.2083865719898999,0,273,3673,2580,489,100,10,0.7476623814758308,0.7838954068252891,0.7666070393713121,0.7476623814758308,0.28097335325940975,0.22222222222222254,1.2233606186634038,-2.534149843841321,1.7596622789832348,-1.2199335447094035,0.0606453741297639,0.7838954068252891,0.6099194925519097,0.17397591427337944,0.7666070393713121,0.610079133623185,0.15652790574812714,0.7476623814758308,0.614601642999106,0.13306073847672473,0.28097335325940975,0.3067106033703306,0.025737250110920873,0.22222222222222254,0.2528378788062686,0.03061565658404608,2698.0,0.8889255108767304,2750.0,0.9060646011865524,2776.0,0.9146341463414634,2044.0,0.6733684904416611,1088.0,0.3582729070533949,0.3582729070533949,WACC_0p9_WRT_0p1,0.7482531311799605,2217,False,,,False,False,False,False,False,273.0,0.7120418848167539
IBDD,Electricity,1335,0.74,92,0.7499999999999998,0.4582750386595772,0,79,4132,1880,838,70,68,0.4450696569353127,0.5247518117604384,0.48673195670127345,0.4450696569353127,0.1838357749346038,0.22222222222222254,1.2233606186634038,-2.534149843841321,1.7596622789832348,-1.2199335447094035,0.0606453741297639,0.5247518117604384,0.4740451929912869,0.0507066187691515,0.48673195670127345,0.45678799927128577,0.029943957429987678,0.4450696569353127,0.43777664768392516,0.007293009251387539,0.1838357749346038,0.2755849094492428,0.09174913451463901,0.22222222222222254,0.28872889452985845,0.0665066723076359,1133.0,0.3731048121292024,1316.0,0.43342122610415296,1089.0,0.35860250494396834,1559.0,0.5135135135135135,1840.0,0.6061305207646671,0.35860250494396834,WACC_0p5_WRT_0p5,0.4569545154911009,2218,False,,,False,False,False,False,False,79.0,0.20418848167539266
IBDD,Electricity,3017,0.69,98,0.5714285714285711,0.4475103999651687,0,96,154,3976,976,197,130,0.45810467769735974,0.535915140776862,0.49878835203901095,0.45810467769735974,0.3781605904263649,0.4074074074074079,1.2233606186634038,-2.534149843841321,1.7596622789832348,-1.2199335447094035,0.0606453741297639,0.535915140776862,0.4708415865957759,0.06507355418108607,0.49878835203901095,0.44175857899791915,0.0570297730410918,0.45810467769735974,0.4582015900634218,9.69123660620741e-05,0.3781605904263649,0.38653843703188834,0.008377846605523431,0.4074074074074079,0.4364109340084427,0.029003526601034835,1089.0,0.35860250494396834,1155.0,0.3803559657218194,1340.0,0.44133157547791696,2775.0,0.9143045484508899,2819.0,0.928806855636124,0.35860250494396834,WACC_0p1_WRT_0p9,0.6046802900461438,2219,False,,,False,False,False,False,False,96.0,0.2486910994764398
IBDD,Electricity,2098,0.71,97,0.6428571428571426,0.4492584163869911,0,94,498,4026,634,207,191,0.45598798516380645,0.5341023830060834,0.49683057364657,0.45598798516380645,0.3004306642296604,0.3333333333333337,1.2233606186634038,-2.534149843841321,1.7596622789832348,-1.2199335447094035,0.0606453741297639,0.5341023830060834,0.47231815702524,0.06178422598084338,0.49683057364657,0.4350300935368712,0.0618004801096988,0.45598798516380645,0.4869110619784253,0.030923076814618866,0.3004306642296604,0.459324946993925,0.1588942827642646,0.3333333333333337,0.48953062532920266,0.15619729199586896,1112.0,0.3661832564271589,1089.0,0.35860250494396834,1755.0,0.5781147000659196,2975.0,0.98022412656559,2960.0,0.9752801582069874,0.35860250494396834,WACC_0p3_WRT_0p7,0.6516809492419249,2220,False,,,False,False,False,False,False,94.0,0.24345549738219896
IBDD,Electricity,2094,0.73,98,0.7142857142857141,0.4475103999651687,0,90,324,3900,384,247,104,0.45810467769735974,0.535915140776862,0.49878835203901095,0.45810467769735974,0.22270073803295595,0.2592592592592596,1.2233606186634038,-2.534149843841321,1.7596622789832348,-1.2199335447094035,0.0606453741297639,0.535915140776862,0.47090459273815405,0.06501054803870793,0.49878835203901095,0.4403060973555096,0.05848225468350138,0.45810467769735974,0.4556483405675847,0.0024563371297750547,0.22270073803295595,0.3447315859377523,0.12203084790479637,0.2592592592592596,0.3759092591871239,0.11664999992786435,1090.0,0.35893210283454186,1140.0,0.3754119973632169,1313.0,0.43243243243243246,2465.0,0.8121292023731048,2587.0,0.8523401450230719,0.35893210283454186,WACC_0p1_WRT_0p9,0.5662491760052736,2221,False,,,False,False,False,False,False,90.0,0.23298429319371727
IBDD,Electricity,2100,0.73,217,0.7142857142857141,0.3115972451333024,0,199,2494,4433,856,58,4,0.6226834290482005,0.6768621161580568,0.6510110854507012,0.6226834290482005,0.23283800522251655,0.2592592592592596,1.2233606186634038,-2.534149843841321,1.7596622789832348,-1.2199335447094035,0.0606453741297639,0.6768621161580568,0.6270972789581686,0.04976483719988822,0.6510110854507012,0.6190366894112823,0.03197439603941887,0.6226834290482005,0.6245882422604726,0.001904813212272094,0.23283800522251655,0.32069128026118554,0.087853275038669,0.2592592592592596,0.25287922570578586,0.0063800335534737185,2778.0,0.9152933421226104,2784.0,0.9172709294660514,2816.0,0.9278180619644034,2202.0,0.7254449571522742,1090.0,0.35893210283454186,0.35893210283454186,WACC_0p9_WRT_0p1,0.7689518787079763,2222,False,,,False,False,False,False,False,199.0,0.518324607329843
IBDD,Electricity,2530,0.74,109,0.7499999999999998,0.4293696224892548,0,95,220,4322,669,75,36,0.4800715469765898,0.554727798900032,0.5191060228120346,0.4800715469765898,0.1838357749346038,0.22222222222222254,1.2233606186634038,-2.534149843841321,1.7596622789832348,-1.2199335447094035,0.0606453741297639,0.554727798900032,0.5097475539776565,0.04498024492237551,0.5191060228120346,0.492180082671019,0.02692594014101557,0.4800715469765898,0.49329896176293614,0.013227414786346314,0.1838357749346038,0.2545851306032252,0.0707493556686214,0.22222222222222254,0.27807425276094416,0.05585203053872162,1674.0,0.551417270929466,1774.0,0.5843770599868161,1851.0,0.6097560975609756,1091.0,0.3592617007251154,1675.0,0.5517468688200395,0.3592617007251154,WACC_0p7_WRT_0p3,0.5313117996044825,2223,False,,,False,False,False,False,False,95.0,0.24607329842931938
IBDD,Electricity,198,0.74,4,0.7499999999999998,0.9615795586771548,1,1,1,1,2,13,1,0.09181665552663519,0.0028063835940616228,0.0,0.09181665552663519,0.1838357749346038,0.22222222222222254,1.2233606186634038,-2.534149843841321,1.7596622789832348,-1.2199335447094035,0.0606453741297639,0.0028063835940616228,0.4710065740374146,0.468200190443353,0.0,0.4468426376206931,0.4468426376206931,0.09181665552663519,0.5308133102018416,0.43899665467520643,0.1838357749346038,0.39720068396834,0.21336490903373623,0.22222222222222254,0.3864690426278082,0.16424682040558564,1091.0,0.3592617007251154,1202.0,0.3958470665787739,2243.0,0.7389584706657878,2820.0,0.9291364535266974,2634.0,0.8678312458800264,0.3592617007251154,WACC_0p1_WRT_0p9,0.6582069874752802,2224,False,,,False,False,False,False,False,1.0,0.0
IBDD,Electricity,1775,0.71,94,0.6428571428571426,0.454611535799055,0,91,482,3822,457,156,126,0.44950583330912175,0.5285509999120911,0.49083507990505837,0.44950583330912175,0.3004306642296604,0.3333333333333337,1.2233606186634038,-2.534149843841321,1.7596622789832348,-1.2199335447094035,0.0606453741297639,0.5285509999120911,0.47571745974264074,0.052833540169450355,0.49083507990505837,0.4355692889766591,0.05526579092839928,0.44950583330912175,0.4522062329778216,0.0027003996686998377,0.3004306642296604,0.3378678393313354,0.03743717510167499,0.3333333333333337,0.39178298615404333,0.05844965282070963,1156.0,0.38068556361239286,1092.0,0.35959129861568884,1259.0,0.4146341463414634,2386.0,0.7860909690177983,2663.0,0.8773895847066578,0.35959129861568884,WACC_0p3_WRT_0p7,0.5636783124588003,2225,False,,,False,False,False,False,False,91.0,0.2356020942408377
IBDD,Electricity,1227,0.74,205,0.7499999999999998,0.3213457809160345,0,186,2907,4814,514,64,13,0.6108788186070274,0.6667525234944828,0.6400927253740413,0.6108788186070274,0.22829148742101038,0.22222222222222254,1.2233606186634038,-2.534149843841321,1.7596622789832348,-1.2199335447094035,0.0606453741297639,0.6667525234944828,0.608954251394061,0.057798272100421766,0.6400927253740413,0.6101996612172085,0.029893064156832794,0.6108788186070274,0.6040760124315707,0.006802806175456699,0.22829148742101038,0.3132627831496835,0.0849712957286731,0.22222222222222254,0.2530029440914444,0.030780721869221872,2691.0,0.8866183256427159,2752.0,0.9067237969676994,2747.0,0.9050758075148319,2130.0,0.7017139090309822,1093.0,0.35992089650626236,0.35992089650626236,WACC_0p9_WRT_0p1,0.7520105471324984,2226,False,,,False,False,False,False,False,186.0,0.48429319371727747
IBDD,Electricity,723,0.74,623,0.7499999999999998,0.1305251920896822,0,333,3704,4545,900,61,2,0.8419455926799521,0.864640541536626,0.853811784859556,0.8419455926799521,0.3172863091387147,0.22222222222222254,1.2233606186634038,-2.534149843841321,1.7596622789832348,-1.2199335447094035,0.0606453741297639,0.864640541536626,0.6894466006075057,0.17519394092912022,0.853811784859556,0.6974813890468069,0.1563303958127491,0.8419455926799521,0.7085094360901502,0.1334361565898019,0.3172863091387147,0.35064470045675894,0.033358391318044245,0.22222222222222254,0.25301491808846277,0.030792695866240227,2976.0,0.9805537244561635,2991.0,0.985497692814766,3002.0,0.9891232696110744,2516.0,0.8289386947923534,1094.0,0.3602504943968359,0.3602504943968359,WACC_0p9_WRT_0p1,0.8288727752142387,2227,False,,,False,False,False,False,False,333.0,0.8691099476439791
IBDD,Electricity,1734,0.72,91,0.6785714285714283,0.460136442071784,0,84,2593,3254,929,225,58,0.4428156628335633,0.5228214674811129,0.48464718487960196,0.4428156628335633,0.2615657011313083,0.2962962962962967,1.2233606186634038,-2.534149843841321,1.7596622789832348,-1.2199335447094035,0.0606453741297639,0.5228214674811129,0.4851117314049888,0.0377097360761241,0.48464718487960196,0.453475546625621,0.03117163825398095,0.4428156628335633,0.4492811219712276,0.006465459137664331,0.2615657011313083,0.254635792397017,0.006929908734291279,0.2962962962962967,0.2766430896735675,0.019653206622729236,1284.0,0.4228740936058009,1284.0,0.4228740936058009,1219.0,0.4014502307185234,1095.0,0.36058009228740934,1646.0,0.542188529993408,0.36058009228740934,WACC_0p7_WRT_0p3,0.42999340804218855,2228,False,,,False,False,False,False,False,84.0,0.21727748691099477
IBDD,Electricity,2308,0.71,92,0.6428571428571426,0.4582750386595772,0,89,2869,3694,764,230,163,0.4450696569353127,0.5247518117604384,0.48673195670127345,0.4450696569353127,0.3004306642296604,0.3333333333333337,1.2233606186634038,-2.534149843841321,1.7596622789832348,-1.2199335447094035,0.0606453741297639,0.5247518117604384,0.4711743290671735,0.0535774826932649,0.48673195670127345,0.4359272448454779,0.05080471185579555,0.4450696569353127,0.46003437383516704,0.014964716899854347,0.3004306642296604,0.4026007573713283,0.10217009314166786,0.3333333333333337,0.438450916203196,0.10511758286986228,1096.0,0.36090969017798286,1097.0,0.3612392880685564,1365.0,0.4495715227422544,2841.0,0.9360580092287409,2826.0,0.9311140408701384,0.36090969017798286,WACC_0p1_WRT_0p9,0.6077785102175346,2229,False,,,False,False,False,False,False,89.0,0.23036649214659685
IBDD,Electricity,633,0.74,104,0.7499999999999998,0.4373793521924517,0,90,2021,3580,20,205,10,0.47037247616302047,0.5464214125411612,0.5101351255444541,0.47037247616302047,0.1838357749346038,0.22222222222222254,1.2233606186634038,-2.534149843841321,1.7596622789832348,-1.2199335447094035,0.0606453741297639,0.5464214125411612,0.5217350108649961,0.024686401676165093,0.5101351255444541,0.5135734132290896,0.0034382876846354993,0.47037247616302047,0.5148513938992225,0.04447891773620205,0.1838357749346038,0.25475247544929597,0.07091670051469218,0.22222222222222254,0.264341524979297,0.042119302757074484,1855.0,0.6110744891232696,2025.0,0.6671061305207646,2102.0,0.6924851680949242,1097.0,0.3612392880685564,1365.0,0.4495715227422544,0.3612392880685564,WACC_0p7_WRT_0p3,0.5562953197099538,2230,False,,,False,False,False,False,False,90.0,0.23298429319371727
IBDD,Electricity,2614,0.71,99,0.6428571428571426,0.4457799518448435,0,96,1444,4169,611,248,247,0.46020009657916583,0.5377096795683104,0.5007264539337751,0.46020009657916583,0.3004306642296604,0.3333333333333337,1.2233606186634038,-2.534149843841321,1.7596622789832348,-1.2199335447094035,0.0606453741297639,0.5377096795683104,0.4712685059273095,0.06644117364100088,0.5007264539337751,0.4360043109376488,0.06472214299612633,0.46020009657916583,0.50815133511098,0.047951238531814155,0.3004306642296604,0.48895666974868374,0.18852600551902332,0.3333333333333337,0.5245573187284271,0.19122398539509344,1097.0,0.3612392880685564,1098.0,0.36156888595912984,2029.0,0.6684245220830587,3022.0,0.9957152274225445,3012.0,0.9924192485168095,0.3612392880685564,WACC_0p1_WRT_0p9,0.6758734344100198,2231,False,,,False,False,False,False,False,96.0,0.2486910994764398
IBDD,Electricity,1104,0.71,92,0.6428571428571426,0.4582750386595772,0,89,965,3964,475,240,178,0.4450696569353127,0.5247518117604384,0.48673195670127345,0.4450696569353127,0.3004306642296604,0.3333333333333337,1.2233606186634038,-2.534149843841321,1.7596622789832348,-1.2199335447094035,0.0606453741297639,0.5247518117604384,0.471343798403324,0.05340801335711437,0.48673195670127345,0.437242522224693,0.04948943447658044,0.4450696569353127,0.4767980349494221,0.03172837801410938,0.3004306642296604,0.43020331255286415,0.12977264832320373,0.3333333333333337,0.47188916059224195,0.13855582725890825,1098.0,0.36156888595912984,1114.0,0.36684245220830586,1596.0,0.525708635464733,2911.0,0.9591298615688859,2923.0,0.9630850362557679,0.36156888595912984,WACC_0p1_WRT_0p9,0.6352669742913646,2232,False,,,False,False,False,False,False,89.0,0.23036649214659685
IBDD,Electricity,478,0.74,880,0.7499999999999998,0.0711397024659764,0,366,1092,203,252,31,1,0.913856142786146,0.9262254937389875,0.9203235332381065,0.913856142786146,0.34498248749234955,0.22222222222222254,1.2233606186634038,-2.534149843841321,1.7596622789832348,-1.2199335447094035,0.0606453741297639,0.9262254937389875,0.7011776279406424,0.22504786579834513,0.9203235332381065,0.6587546979550787,0.26156883528302777,0.913856142786146,0.6480868541835388,0.2657692886026072,0.34498248749234955,0.327062810235516,0.017919677256833577,0.22222222222222254,0.2532074243591604,0.03098520213693784,2994.0,0.9864864864864865,2921.0,0.962425840474621,2881.0,0.9492419248516809,2274.0,0.7491760052735662,1098.0,0.36156888595912984,0.36156888595912984,WACC_0p9_WRT_0p1,0.8017798286090969,2233,False,,,False,False,False,False,False,366.0,0.9554973821989529
IBDD,Electricity,1883,0.74,156,0.7499999999999998,0.3681145913012531,0,142,4683,4032,613,120,64,0.5542459457634427,0.6182515349468486,0.5877116577425964,0.5542459457634427,0.20647947034370617,0.22222222222222254,1.2233606186634038,-2.534149843841321,1.7596622789832348,-1.2199335447094035,0.0606453741297639,0.6182515349468486,0.5345479908543438,0.0837035440925048,0.5877116577425964,0.5212944691739978,0.06641718856859857,0.5542459457634427,0.5130263689535356,0.041219576809907066,0.20647947034370617,0.25487560000008647,0.04839612965638029,0.22222222222222254,0.2810417846006415,0.058819562378418955,2030.0,0.6687541199736322,2111.0,0.6954515491100857,2090.0,0.6885299934080422,1099.0,0.36189848384970336,1731.0,0.5702043506921556,0.36189848384970336,WACC_0p7_WRT_0p3,0.5969676994067239,2234,False,,,False,False,False,False,False,142.0,0.36910994764397903
IBDD,Electricity,705,0.74,136,0.7499999999999998,0.391576424623955,0,122,238,3825,771,244,7,0.5258357507574586,0.593920744834417,0.5614344044211703,0.5258357507574586,0.19553735090802815,0.22222222222222254,1.2233606186634038,-2.534149843841321,1.7596622789832348,-1.2199335447094035,0.0606453741297639,0.593920744834417,0.5062309548947186,0.08768978993969845,0.5614344044211703,0.4876873801931256,0.07374702422804474,0.5258357507574586,0.49302885119644574,0.03280689956101285,0.19553735090802815,0.25487569403985544,0.05933834313182729,0.22222222222222254,0.2672185254132902,0.04499630319106768,1615.0,0.5319709953856295,1712.0,0.5639419907712591,1842.0,0.6067897165458142,1100.0,0.3622280817402769,1439.0,0.47396176664469347,0.3622280817402769,WACC_0p7_WRT_0p3,0.5077785102175346,2235,False,,,False,False,False,False,False,122.0,0.31675392670157065
IBDD,Electricity,2038,0.73,96,0.7142857142857141,0.4510243614951085,0,88,649,3571,704,217,118,0.45384958258454444,0.5322710325235911,0.4948527151254784,0.45384958258454444,0.22270073803295595,0.2592592592592596,1.2233606186634038,-2.534149843841321,1.7596622789832348,-1.2199335447094035,0.0606453741297639,0.5322710325235911,0.4741066496413354,0.05816438288225567,0.4948527151254784,0.43610253980949854,0.05875017531597987,0.45384958258454444,0.439206432167131,0.01464315041741343,0.22270073803295595,0.3212788920059924,0.09857815397303646,0.2592592592592596,0.3657610739509446,0.10650181469168502,1135.0,0.37376400791034936,1100.0,0.3622280817402769,1107.0,0.36453526697429134,2210.0,0.7280817402768622,2515.0,0.8286090969017799,0.3622280817402769,WACC_0p3_WRT_0p7,0.531443638760712,2236,False,,,False,False,False,False,False,88.0,0.22774869109947643
IBDD,Electricity,2803,0.74,157,0.7499999999999998,0.3670213930975111,0,143,4341,4886,636,147,61,0.5555697116312384,0.6193852219729515,0.5889360397307876,0.5555697116312384,0.20698931563787765,0.22222222222222254,1.2233606186634038,-2.534149843841321,1.7596622789832348,-1.2199335447094035,0.0606453741297639,0.6193852219729515,0.5462943496946059,0.07309087227834565,0.5889360397307876,0.537136111538508,0.05179992819227952,0.5555697116312384,0.5235863956240382,0.03198331600720017,0.20698931563787765,0.25488257166004125,0.0478932560221636,0.22222222222222254,0.2756161689589927,0.05339394673677017,2163.0,0.7125906394199077,2265.0,0.7462096242584048,2188.0,0.7208305866842453,1101.0,0.36255767963085034,1628.0,0.536255767963085,0.36255767963085034,WACC_0p7_WRT_0p3,0.6156888595912987,2237,False,,,False,False,False,False,False,143.0,0.3717277486910995
IBDD,Electricity,546,0.73,324,0.7142857142857141,0.2428413284335072,0,267,1781,3033,583,95,5,0.7059407335558702,0.7481645482911778,0.7280177121544719,0.7059407335558702,0.26490435920648764,0.2592592592592596,1.2233606186634038,-2.534149843841321,1.7596622789832348,-1.2199335447094035,0.0606453741297639,0.7481645482911778,0.5972219816067587,0.1509425666844192,0.7280177121544719,0.5927997684745382,0.13521794367993367,0.7059407335558702,0.5840302245555685,0.12191050900030165,0.26490435920648764,0.29560349838264677,0.03069913917615913,0.2592592592592596,0.2534702900147219,0.0057889692445377006,2611.0,0.8602504943968359,2680.0,0.8829927488464074,2644.0,0.8711272247857613,1886.0,0.6212920237310481,1101.0,0.36255767963085034,0.36255767963085034,WACC_0p9_WRT_0p1,0.7196440342781807,2238,False,,,False,False,False,False,False,267.0,0.6963350785340314
IBDD,Electricity,2023,0.74,106,0.7499999999999998,0.4341306116852848,0,92,2818,3164,160,108,42,0.47430641218852043,0.5497904767708157,0.513773714912481,0.47430641218852043,0.1838357749346038,0.22222222222222254,1.2233606186634038,-2.534149843841321,1.7596622789832348,-1.2199335447094035,0.0606453741297639,0.5497904767708157,0.5086716697965493,0.0411188069742664,0.513773714912481,0.4928088057866367,0.02096490912584431,0.47430641218852043,0.4769611857800323,0.002654773591511894,0.1838357749346038,0.25488751991106623,0.07105174497646244,0.22222222222222254,0.2594600702748833,0.03723784805266078,1653.0,0.5444957152274226,1786.0,0.5883322346736981,1603.0,0.5280158206987475,1102.0,0.36288727752142386,1247.0,0.4106789716545814,0.36288727752142386,WACC_0p7_WRT_0p3,0.4868820039551747,2239,False,,,False,False,False,False,False,92.0,0.23821989528795812
IBDD,Electricity,2887,0.73,304,0.7142857142857141,0.2537769484117542,0,255,3239,2157,21,69,5,0.6926986696548912,0.7368239053507735,0.7157698177788352,0.6926986696548912,0.2598042096035415,0.2592592592592596,1.2233606186634038,-2.534149843841321,1.7596622789832348,-1.2199335447094035,0.0606453741297639,0.7368239053507735,0.6112200417504592,0.12560386360031428,0.7157698177788352,0.6197405407187665,0.0960292770600687,0.6926986696548912,0.6186810206946678,0.07401764896022345,0.2598042096035415,0.3290123884718975,0.06920817886835601,0.2592592592592596,0.25348420073468036,0.005775058524579213,2703.0,0.8905735003295979,2792.0,0.9199077125906394,2792.0,0.9199077125906394,2304.0,0.7590639419907712,1102.0,0.36288727752142386,0.36288727752142386,WACC_0p9_WRT_0p1,0.7704680290046142,2240,False,,,False,False,False,False,False,255.0,0.6649214659685864
IBDD,Electricity,1901,0.73,87,0.7142857142857141,0.4677900638121001,0,79,4390,2944,498,137,113,0.43354780711429075,0.5148843782689332,0.47607512853044787,0.43354780711429075,0.22270073803295595,0.2592592592592596,1.2233606186634038,-2.534149843841321,1.7596622789832348,-1.2199335447094035,0.0606453741297639,0.5148843782689332,0.4716399148894939,0.04324446337943927,0.47607512853044787,0.44844796449661695,0.02762716403383092,0.43354780711429075,0.4398688246735414,0.00632101755925063,0.22270073803295595,0.29501794541966503,0.07231720738670908,0.2592592592592596,0.3274869532664981,0.06822769400723855,1103.0,0.3632168754119974,1222.0,0.4024390243902439,1114.0,0.36684245220830586,1875.0,0.6176664469347396,2252.0,0.7419248516809492,0.3632168754119974,WACC_0p1_WRT_0p9,0.4984179301252472,2241,False,,,False,False,False,False,False,79.0,0.20418848167539266
IBDD,Electricity,1427,0.71,93,0.6428571428571426,0.4564335436868534,0,90,1684,3895,449,217,198,0.44729954368619157,0.5266615102506704,0.4887944310707241,0.44729954368619157,0.3004306642296604,0.3333333333333337,1.2233606186634038,-2.534149843841321,1.7596622789832348,-1.2199335447094035,0.0606453741297639,0.5266615102506704,0.47359571551612,0.05306579473455042,0.4887944310707241,0.43657930061621186,0.05221513045451226,0.44729954368619157,0.4833873373365668,0.03608779365037523,0.3004306642296604,0.4452056806126077,0.14477501638294726,0.3333333333333337,0.4799802926891285,0.1466469593557948,1127.0,0.3711272247857614,1104.0,0.36354647330257084,1702.0,0.5606460118655241,2940.0,0.9686882003955175,2944.0,0.9700065919578115,0.36354647330257084,WACC_0p3_WRT_0p7,0.6468029004614371,2242,False,,,False,False,False,False,False,90.0,0.23298429319371727
IBDD,Electricity,1702,0.72,100,0.6785714285714283,0.4440667223993342,0,93,4484,3231,290,168,126,0.462274665176063,0.539486361956246,0.5026452709127456,0.462274665176063,0.2615657011313083,0.2962962962962967,1.2233606186634038,-2.534149843841321,1.7596622789832348,-1.2199335447094035,0.0606453741297639,0.539486361956246,0.47181986645667495,0.06766649549957104,0.5026452709127456,0.44716876691256585,0.05547650400017973,0.462274665176063,0.44756705222421367,0.014707612951849358,0.2615657011313083,0.3037520610323228,0.04218635990101449,0.2962962962962967,0.34572315319282426,0.04942685689652754,1105.0,0.36387607119314436,1205.0,0.3968358602504944,1197.0,0.3941990771259064,2009.0,0.6618325642715887,2379.0,0.7837837837837838,0.36387607119314436,WACC_0p1_WRT_0p9,0.5201054713249835,2243,False,,,False,False,False,False,False,93.0,0.24083769633507854
IBDD,Electricity,1628,0.71,96,0.6428571428571426,0.4510243614951085,0,93,3950,3979,627,227,226,0.45384958258454444,0.5322710325235911,0.4948527151254784,0.45384958258454444,0.3004306642296604,0.3333333333333337,1.2233606186634038,-2.534149843841321,1.7596622789832348,-1.2199335447094035,0.0606453741297639,0.5322710325235911,0.47435380267147714,0.05791722985211395,0.4948527151254784,0.4365851964982227,0.05826751862725571,0.45384958258454444,0.5043938662925321,0.05054428370798769,0.3004306642296604,0.4685910892690137,0.1681604250393533,0.3333333333333337,0.5009289699536674,0.16759563662033372,1139.0,0.3750823994726434,1105.0,0.36387607119314436,1983.0,0.6532630191166776,2995.0,0.98681608437706,2982.0,0.9825313117996045,0.36387607119314436,WACC_0p3_WRT_0p7,0.6723137771918261,2244,False,,,False,False,False,False,False,93.0,0.24083769633507854
IBDD,Electricity,2608,0.74,386,0.7499999999999998,0.2127791096674236,0,268,1892,4587,337,108,1,0.742343408730899,0.7793401825671162,0.7616873971724855,0.742343408730899,0.27892476348246875,0.22222222222222254,1.2233606186634038,-2.534149843841321,1.7596622789832348,-1.2199335447094035,0.0606453741297639,0.7793401825671162,0.6222684785024637,0.15707170406465254,0.7616873971724855,0.6071308370321433,0.15455656014034214,0.742343408730899,0.603445449432635,0.13889795929826398,0.27892476348246875,0.3103607137858576,0.03143595030338886,0.22222222222222254,0.253627005140023,0.03140478291780047,2754.0,0.9073829927488464,2736.0,0.9014502307185234,2746.0,0.9047462096242584,2100.0,0.6918259723137772,1106.0,0.3642056690837179,0.3642056690837179,WACC_0p9_WRT_0p1,0.7539222148978247,2245,False,,,False,False,False,False,False,268.0,0.6989528795811518
IBDD,Electricity,1126,0.74,123,0.7499999999999998,0.4087424748943598,0,109,476,4792,702,100,72,0.5050491894961598,0.5761189149243676,0.542208428118317,0.5050491894961598,0.18753145598438328,0.22222222222222254,1.2233606186634038,-2.534149843841321,1.7596622789832348,-1.2199335447094035,0.0606453741297639,0.5761189149243676,0.5225016429722771,0.05361727195209054,0.542208428118317,0.5033493387877143,0.03885908933060278,0.5050491894961598,0.48636363279500777,0.018685556701152073,0.18753145598438328,0.2553127351033898,0.06778127911900653,0.22222222222222254,0.29771572077025876,0.07549349854803622,1865.0,0.6143704680290046,1908.0,0.6285431773236652,1744.0,0.5744891232696111,1107.0,0.36453526697429134,1973.0,0.6499670402109426,0.36453526697429134,WACC_0p7_WRT_0p3,0.566381015161503,2246,False,,,False,False,False,False,False,109.0,0.28272251308900526
IBDD,Electricity,2637,0.7,101,0.6071428571428569,0.4423703723360919,0,99,352,4066,842,195,28,0.46432879434117375,0.5412455397996083,0.5045451829835771,0.46432879434117375,0.33929562732801266,0.37037037037037074,1.2233606186634038,-2.534149843841321,1.7596622789832348,-1.2199335447094035,0.0606453741297639,0.5412455397996083,0.5069109435811494,0.03433459621845891,0.5045451829835771,0.4790406771418937,0.0255045058416834,0.46432879434117375,0.4791938570980791,0.014865062756905356,0.33929562732801266,0.2553451604740846,0.08395046685392804,0.37037037037037074,0.27479359986094987,0.09557677050942087,1625.0,0.5352669742913645,1608.0,0.529663810151615,1634.0,0.538233355306526,1108.0,0.36486486486486486,1613.0,0.5313117996044825,0.36486486486486486,WACC_0p7_WRT_0p3,0.4998681608437705,2247,False,,,False,False,False,False,False,99.0,0.25654450261780104
IBDD,Electricity,2924,0.66,91,0.4642857142857142,0.460136442071784,0,91,175,3742,743,180,76,0.4428156628335633,0.5228214674811129,0.48464718487960196,0.4428156628335633,0.4947554797214213,0.5185185185185187,1.2233606186634038,-2.534149843841321,1.7596622789832348,-1.2199335447094035,0.0606453741297639,0.5228214674811129,0.47201089374173333,0.05081057373937958,0.48464718487960196,0.45275287713178275,0.031894307747819206,0.4428156628335633,0.45730165410970036,0.014485991276137089,0.4947554797214213,0.3323924499460538,0.16236302977536748,0.5185185185185187,0.38776668807572034,0.13075183044279837,1108.0,0.36486486486486486,1271.0,0.4185893210283454,1332.0,0.4386947923533289,2346.0,0.7729070533948583,2649.0,0.8727752142386289,0.36486486486486486,WACC_0p1_WRT_0p9,0.5735662491760053,2248,False,,,False,False,False,False,False,91.0,0.2356020942408377
IBDD,Electricity,1624,0.74,209,0.7499999999999998,0.3180345608150853,0,189,4435,4767,416,117,28,0.614888411867784,0.6701863813769485,0.6438012918871044,0.614888411867784,0.22983577278541736,0.22222222222222254,1.2233606186634038,-2.534149843841321,1.7596622789832348,-1.2199335447094035,0.0606453741297639,0.6701863813769485,0.5802794786218907,0.08990690275505786,0.6438012918871044,0.5807147389683854,0.06308655291871901,0.614888411867784,0.5817001008451806,0.033188311022603334,0.22983577278541736,0.28129375191773465,0.05145797913231728,0.22222222222222254,0.25369437215069796,0.03147214992847541,2484.0,0.8183915622940013,2618.0,0.8625576796308504,2628.0,0.8658536585365854,1670.0,0.5500988793671721,1108.0,0.36486486486486486,0.36486486486486486,WACC_0p9_WRT_0p1,0.6923533289386948,2249,False,,,False,False,False,False,False,189.0,0.49214659685863876
IBDD,Electricity,357,0.73,225,0.7142857142857141,0.3053919559516223,0,207,2717,2516,949,53,6,0.6301974827581242,0.6832972308649844,0.657961009334183,0.6301974827581242,0.2357320252432438,0.2592592592592596,1.2233606186634038,-2.534149843841321,1.7596622789832348,-1.2199335447094035,0.0606453741297639,0.6832972308649844,0.604599102851265,0.07869812801371945,0.657961009334183,0.6005315141877855,0.0574294951463975,0.6301974827581242,0.589642213251189,0.04055526950693511,0.2357320252432438,0.3262856678718155,0.09055364262857171,0.2592592592592596,0.25373530401803013,0.00552395524122945,2667.0,0.8787079762689519,2713.0,0.8938694792353329,2678.0,0.8823335530652604,2270.0,0.7478576137112722,1109.0,0.3651944627554384,0.3651944627554384,WACC_0p9_WRT_0p1,0.7535926170072511,2250,False,,,False,False,False,False,False,207.0,0.5392670157068062
IBDD,Electricity,2588,0.73,87,0.7142857142857141,0.4677900638121001,0,79,3837,3285,324,159,93,0.43354780711429075,0.5148843782689332,0.47607512853044787,0.43354780711429075,0.22270073803295595,0.2592592592592596,1.2233606186634038,-2.534149843841321,1.7596622789832348,-1.2199335447094035,0.0606453741297639,0.5148843782689332,0.47915979994785307,0.035724578321080114,0.47607512853044787,0.46364584860602925,0.012429279924418613,0.43354780711429075,0.4528310588810531,0.01928325176676232,0.22270073803295595,0.2554476231305608,0.032746885097604844,0.2592592592592596,0.3004296888296838,0.041170429570424216,1197.0,0.3941990771259064,1412.0,0.46506262359920897,1270.0,0.41825972313777193,1110.0,0.36552406064601184,2008.0,0.6615029663810151,0.36552406064601184,WACC_0p7_WRT_0p3,0.4609096901779829,2251,False,,,False,False,False,False,False,79.0,0.20418848167539266
IBDD,Electricity,3009,0.63,91,0.357142857142857,0.460136442071784,0,92,2176,3786,617,165,149,0.5675317407269692,0.5228214674811129,0.48464718487960196,0.5675317407269692,0.611350369016478,0.6296296296296299,1.2233606186634038,-2.534149843841321,1.7596622789832348,-1.2199335447094035,0.0606453741297639,0.5228214674811129,0.4721561867389647,0.05066528074214821,0.48464718487960196,0.44569783342864355,0.0389493514509584,0.5675317407269692,0.451926991334022,0.11560474939294724,0.611350369016478,0.3764939573608087,0.23485641165566928,0.6296296296296299,0.42114981961923176,0.20847981001039811,1110.0,0.36552406064601184,1194.0,0.3932102834541859,1252.0,0.41232696110744893,2730.0,0.8994726433750824,2770.0,0.9126565589980224,0.36552406064601184,WACC_0p1_WRT_0p9,0.5966381015161503,2252,False,,,False,False,False,False,False,92.0,0.23821989528795812
IBDD,Electricity,1239,0.71,97,0.6428571428571426,0.4492584163869911,0,94,435,4139,681,233,154,0.45598798516380645,0.5341023830060834,0.49683057364657,0.45598798516380645,0.3004306642296604,0.3333333333333337,1.2233606186634038,-2.534149843841321,1.7596622789832348,-1.2199335447094035,0.0606453741297639,0.5341023830060834,0.477121158743967,0.05698122426211638,0.49683057364657,0.43680375602854316,0.06002681761802686,0.45598798516380645,0.4746390887597566,0.018651103595950125,0.3004306642296604,0.4138644699784067,0.11343380574874629,0.3333333333333337,0.4491377730443687,0.11580443971103499,1173.0,0.3862887277521424,1110.0,0.36552406064601184,1561.0,0.5141727092946605,2864.0,0.9436387607119314,2849.0,0.938694792353329,0.36552406064601184,WACC_0p3_WRT_0p7,0.6296638101516151,2253,False,,,False,False,False,False,False,94.0,0.24345549738219896
IBDD,Electricity,807,0.74,544,0.7499999999999998,0.1538320124330906,0,314,4084,3963,527,110,4,0.8137231046152633,0.8404705056249431,0.8277081460749384,0.8137231046152633,0.30641648458767673,0.22222222222222254,1.2233606186634038,-2.534149843841321,1.7596622789832348,-1.2199335447094035,0.0606453741297639,0.8404705056249431,0.6255190945580431,0.21495141106689997,0.8277081460749384,0.619274982768108,0.20843316330683037,0.8137231046152633,0.6536736964154761,0.1600494081997872,0.30641648458767673,0.3336165454039994,0.027200060816322646,0.22222222222222254,0.2538325940919856,0.031610371869763065,2770.0,0.9126565589980224,2787.0,0.9182597231377719,2904.0,0.9568226763348715,2356.0,0.7762030323005933,1110.0,0.36552406064601184,0.36552406064601184,WACC_0p9_WRT_0p1,0.7858932102834543,2254,False,,,False,False,False,False,False,314.0,0.819371727748691
IBDD,Electricity,2005,0.71,89,0.6428571428571426,0.4639207293207574,0,86,3211,3679,265,211,146,0.4382332272999357,0.5188970214451404,0.48040878316075164,0.4382332272999357,0.3004306642296604,0.3333333333333337,1.2233606186634038,-2.534149843841321,1.7596622789832348,-1.2199335447094035,0.0606453741297639,0.5188970214451404,0.47226668138120886,0.04663034006393152,0.48040878316075164,0.44249045303490947,0.03791833012584217,0.4382332272999357,0.4493241320708096,0.011090904770873933,0.3004306642296604,0.3414391675858819,0.04100850335622147,0.3333333333333337,0.3757061279789802,0.04237279464564647,1111.0,0.36585365853658536,1160.0,0.3820039551746869,1220.0,0.4017798286090969,2427.0,0.7996044825313118,2584.0,0.8513513513513513,0.36585365853658536,WACC_0p1_WRT_0p9,0.5601186552406064,2255,False,,,False,False,False,False,False,86.0,0.22251308900523561
IBDD,Electricity,1145,0.71,113,0.6428571428571426,0.4232197495097513,0,109,2814,4470,779,157,70,0.48751849659073904,0.5611054449528504,0.5259938805490785,0.48751849659073904,0.3004306642296604,0.3333333333333337,1.2233606186634038,-2.534149843841321,1.7596622789832348,-1.2199335447094035,0.0606453741297639,0.5611054449528504,0.5112638749134697,0.04984157003938072,0.5259938805490785,0.49385422159910175,0.032139658949976724,0.48751849659073904,0.48774277711955705,0.00022428052881801053,0.3004306642296604,0.25554204273902853,0.044888621490631886,0.3333333333333337,0.2952936676827412,0.038039665650592525,1693.0,0.5576796308503625,1796.0,0.5916282135794331,1770.0,0.583058668424522,1113.0,0.36651285431773234,1940.0,0.6390903098220171,0.36651285431773234,WACC_0p7_WRT_0p3,0.5475939353988135,2256,False,,,False,False,False,False,False,109.0,0.28272251308900526
IBDD,Electricity,1479,0.73,99,0.7142857142857141,0.4457799518448435,0,91,2572,3739,965,182,140,0.46020009657916583,0.5377096795683104,0.5007264539337751,0.46020009657916583,0.22270073803295595,0.2592592592592596,1.2233606186634038,-2.534149843841321,1.7596622789832348,-1.2199335447094035,0.0606453741297639,0.5377096795683104,0.4725646941462751,0.06514498542203528,0.5007264539337751,0.44773348304058325,0.05299297089319188,0.46020009657916583,0.4515440015337998,0.008656095045366019,0.22270073803295595,0.3603814687583978,0.13768073072544187,0.2592592592592596,0.4089800166512466,0.14972075739198704,1113.0,0.36651285431773234,1211.0,0.3988134475939354,1248.0,0.4110085695451549,2608.0,0.8592617007251153,2730.0,0.8994726433750824,0.36651285431773234,WACC_0p1_WRT_0p9,0.5870138431114041,2257,False,,,False,False,False,False,False,91.0,0.2356020942408377
IBDD,Electricity,2533,0.74,114,0.7499999999999998,0.4217160007489388,0,100,3145,3889,299,117,72,0.4893394026958622,0.5626648881122115,0.5276780791611885,0.4893394026958622,0.1838357749346038,0.22222222222222254,1.2233606186634038,-2.534149843841321,1.7596622789832348,-1.2199335447094035,0.0606453741297639,0.5626648881122115,0.5096295579830877,0.05303533012912376,0.5276780791611885,0.49349622635518814,0.034181852806000335,0.4893394026958622,0.4820114206418169,0.007327982054045279,0.1838357749346038,0.25554923630502036,0.07171346137041656,0.22222222222222254,0.2886374900509016,0.06641526782867907,1669.0,0.5497692814765985,1793.0,0.5906394199077126,1680.0,0.553394858272907,1114.0,0.36684245220830586,1834.0,0.6041529334212261,0.36684245220830586,WACC_0p7_WRT_0p3,0.5329597890573501,2258,False,,,False,False,False,False,False,100.0,0.2591623036649215
IBDD,Electricity,797,0.74,576,0.7499999999999998,0.1440081353114206,0,323,1768,4835,57,57,8,0.8256189467220014,0.8506582300474157,0.8387108884512088,0.8256189467220014,0.3109981400494741,0.22222222222222254,1.2233606186634038,-2.534149843841321,1.7596622789832348,-1.2199335447094035,0.0606453741297639,0.8506582300474157,0.6221513923216125,0.22850683772580316,0.8387108884512088,0.6168182291352128,0.221892659315996,0.8256189467220014,0.6229106150762962,0.20270833164570523,0.3109981400494741,0.32287310017049203,0.011874960121017908,0.22222222222222254,0.25391873258054987,0.03169651035832732,2751.0,0.9063941990771259,2775.0,0.9143045484508899,2811.0,0.9261700725115359,2234.0,0.7359920896506262,1114.0,0.36684245220830586,0.36684245220830586,WACC_0p9_WRT_0p1,0.7699406723796968,2259,False,,,False,False,False,False,False,323.0,0.8429319371727748
IBDD,Electricity,2572,0.73,128,0.7142857142857141,0.4019361286569392,0,120,1144,3367,481,105,54,0.513291069882219,0.5831773480594705,0.5498315359042281,0.513291069882219,0.22270073803295595,0.2592592592592596,1.2233606186634038,-2.534149843841321,1.7596622789832348,-1.2199335447094035,0.0606453741297639,0.5831773480594705,0.511377899666194,0.07179944839327657,0.5498315359042281,0.49529784238829677,0.05453369351593129,0.513291069882219,0.47574798053268663,0.03754308934953232,0.22270073803295595,0.2555496008434672,0.03284886281051122,0.2592592592592596,0.2757819056525134,0.016522646393253848,1695.0,0.5583388266315096,1814.0,0.5975609756097561,1572.0,0.517798286090969,1115.0,0.3671720500988794,1630.0,0.5369149637442321,0.3671720500988794,WACC_0p7_WRT_0p3,0.5155570204350692,2260,False,,,False,False,False,False,False,120.0,0.31151832460732987
IBDD,Electricity,1171,0.71,90,0.6428571428571426,0.462018189093476,0,87,4612,3852,760,194,186,0.4405370344287458,0.5208700261252841,0.48253962821530677,0.4405370344287458,0.3004306642296604,0.3333333333333337,1.2233606186634038,-2.534149843841321,1.7596622789832348,-1.2199335447094035,0.0606453741297639,0.5208700261252841,0.4726611249269098,0.04820890119837429,0.48253962821530677,0.4383056607141057,0.044233967501201066,0.4405370344287458,0.4802615643069213,0.039724529878175485,0.3004306642296604,0.409008773698891,0.10857810946923058,0.3333333333333337,0.4475849601997972,0.11425162686646351,1115.0,0.3671720500988794,1125.0,0.3704680290046144,1651.0,0.5438365194462755,2856.0,0.9410019775873434,2848.0,0.9383651944627555,0.3671720500988794,WACC_0p1_WRT_0p9,0.6321687541199736,2261,False,,,False,False,False,False,False,87.0,0.225130890052356
IBDD,Electricity,860,0.74,328,0.7499999999999998,0.2407351475690321,0,246,1861,4941,897,112,4,0.7084911313979564,0.750348735854337,0.730376634722684,0.7084911313979564,0.265886638905403,0.22222222222222254,1.2233606186634038,-2.534149843841321,1.7596622789832348,-1.2199335447094035,0.0606453741297639,0.750348735854337,0.5980313896838114,0.1523173461705256,0.730376634722684,0.5963123984339619,0.1340642362887221,0.7084911313979564,0.5896416141754949,0.11884951722246151,0.265886638905403,0.2798391848043589,0.013952545898955893,0.22222222222222254,0.25400298371738533,0.03178076149516279,2619.0,0.8628872775214239,2696.0,0.8882663150955834,2677.0,0.8820039551746869,1643.0,0.5411997363216875,1116.0,0.36750164798945284,0.36750164798945284,WACC_0p9_WRT_0p1,0.7083717864205669,2262,False,,,False,False,False,False,False,246.0,0.6413612565445026
IBDD,Electricity,2207,0.71,78,0.6428571428571426,0.4863661844748775,0,75,212,2924,572,199,12,0.41105377592647485,0.49562025313716407,0.4552698733881372,0.41105377592647485,0.3004306642296604,0.3333333333333337,1.2233606186634038,-2.534149843841321,1.7596622789832348,-1.2199335447094035,0.0606453741297639,0.49562025313716407,0.4728014381567975,0.022818814980366586,0.4552698733881372,0.45160484648616583,0.0036650269019713466,0.41105377592647485,0.4560177338267392,0.04496395790026436,0.3004306642296604,0.27927576487116385,0.02115489935849657,0.3333333333333337,0.2804645059584105,0.05286882737492321,1117.0,0.36783124588002636,1256.0,0.4136453526697429,1318.0,0.43408042188529994,1633.0,0.5379037574159525,1720.0,0.5665787738958471,0.36783124588002636,WACC_0p1_WRT_0p9,0.46400791034937383,2263,False,,,False,False,False,False,False,75.0,0.193717277486911
IBDD,Electricity,518,0.73,345,0.7142857142857141,0.2320606365817817,0,277,4952,3097,330,135,7,0.7189951932647192,0.7593445250263005,0.7400920870284045,0.7189951932647192,0.2699322534983919,0.2592592592592596,1.2233606186634038,-2.534149843841321,1.7596622789832348,-1.2199335447094035,0.0606453741297639,0.7593445250263005,0.6104449013345132,0.14889962369178722,0.7400920870284045,0.6035799190187361,0.13651216800966837,0.7189951932647192,0.6052050008093803,0.11379019245533883,0.2699322534983919,0.2862274913625534,0.016295237864161483,0.2592592592592596,0.2540963018538953,0.005162957405364266,2699.0,0.8892551087673038,2724.0,0.8974950560316414,2751.0,0.9063941990771259,1754.0,0.5777851021753461,1117.0,0.36783124588002636,0.36783124588002636,WACC_0p9_WRT_0p1,0.7277521423862887,2264,False,,,False,False,False,False,False,277.0,0.7225130890052356
IBDD,Electricity,1249,0.72,93,0.6785714285714283,0.4564335436868534,0,86,35,3866,339,171,64,0.44729954368619157,0.5266615102506704,0.4887944310707241,0.44729954368619157,0.2615657011313083,0.2962962962962967,1.2233606186634038,-2.534149843841321,1.7596622789832348,-1.2199335447094035,0.0606453741297639,0.5266615102506704,0.4729795394912018,0.05368197075946862,0.4887944310707241,0.447617566567786,0.041176864502938115,0.44729954368619157,0.4691212664540484,0.02182172276785682,0.2615657011313083,0.3558440679019388,0.0942783667706305,0.2962962962962967,0.40844659489806145,0.11215029860176473,1118.0,0.3681608437705999,1208.0,0.3978246539222149,1490.0,0.490771259063942,2570.0,0.8467369808833224,2726.0,0.8981542518127884,0.3681608437705999,WACC_0p1_WRT_0p9,0.6003295978905735,2265,False,,,False,False,False,False,False,86.0,0.22251308900523561
IBDD,Electricity,344,0.74,382,0.7499999999999998,0.2145679895375634,0,265,1302,4218,263,63,4,0.7401772341931329,0.7774850478869713,0.759683851717929,0.7401772341931329,0.2780904664807844,0.22222222222222254,1.2233606186634038,-2.534149843841321,1.7596622789832348,-1.2199335447094035,0.0606453741297639,0.7774850478869713,0.6446180551093923,0.13286699277757896,0.759683851717929,0.6438103429049395,0.11587350881298941,0.7401772341931329,0.6548217814854442,0.08535545270768863,0.2780904664807844,0.32603953510993133,0.04794906862914694,0.22222222222222254,0.2540967190938564,0.03187449687163385,2850.0,0.9390243902439024,2886.0,0.9508899143045485,2911.0,0.9591298615688859,2266.0,0.7465392221489783,1118.0,0.3681608437705999,0.3681608437705999,WACC_0p9_WRT_0p1,0.7927488464073831,2266,False,,,False,False,False,False,False,265.0,0.6910994764397905
IBDD,Electricity,1507,0.74,73,0.7499999999999998,0.4976236662662598,0,60,2405,1401,657,61,31,0.3974219659749473,0.48394582757573046,0.4426614937817889,0.3974219659749473,0.1838357749346038,0.22222222222222254,1.2233606186634038,-2.534149843841321,1.7596622789832348,-1.2199335447094035,0.0606453741297639,0.48394582757573046,0.4938106739492817,0.009864846373551228,0.4426614937817889,0.44830423950314346,0.005642745721354592,0.3974219659749473,0.44031349140453974,0.04289152542959246,0.1838357749346038,0.2664756497647137,0.08263987483010993,0.22222222222222254,0.26891564493901843,0.046693422716795885,1434.0,0.472313777191826,1221.0,0.4021094264996704,1119.0,0.3684904416611734,1368.0,0.4505603164139749,1482.0,0.488134475939354,0.3684904416611734,WACC_0p5_WRT_0p5,0.43632168754119965,2267,False,,,False,False,False,False,False,60.0,0.1544502617801047
IBDD,Electricity,2875,0.74,372,0.7499999999999998,0.2191232324361683,0,261,3547,2995,696,60,10,0.7346612398857415,0.772761092288418,0.7545819796714915,0.7346612398857415,0.27596599431488467,0.22222222222222254,1.2233606186634038,-2.534149843841321,1.7596622789832348,-1.2199335447094035,0.0606453741297639,0.772761092288418,0.6306499668107859,0.14211112547763216,0.7545819796714915,0.6472195575369116,0.10736242213457992,0.7346612398857415,0.6566119096320883,0.07804933025365324,0.27596599431488467,0.33247663263243044,0.05651063831754577,0.22222222222222254,0.25417045327307713,0.03194823105085459,2794.0,0.9205669083717865,2895.0,0.95385629531971,2919.0,0.961766644693474,2348.0,0.7735662491760052,1119.0,0.3684904416611734,0.3684904416611734,WACC_0p9_WRT_0p1,0.7956493078444298,2268,False,,,False,False,False,False,False,261.0,0.680628272251309
IBDD,Electricity,1966,0.72,84,0.6785714285714283,0.4737621586253954,0,77,3064,3581,478,234,135,0.4263161310595567,0.5086910947588492,0.4693863823395571,0.4263161310595567,0.2615657011313083,0.2962962962962967,1.2233606186634038,-2.534149843841321,1.7596622789832348,-1.2199335447094035,0.0606453741297639,0.5086910947588492,0.47326775331434523,0.035423341444503986,0.4693863823395571,0.44626705710413006,0.023119325235427035,0.4263161310595567,0.44910386766887245,0.022787736609315767,0.2615657011313083,0.3491599806409965,0.08759427950968823,0.2962962962962967,0.38626509390099867,0.08996879760470194,1120.0,0.36882003955174686,1198.0,0.39452867501647987,1218.0,0.4011206328279499,2504.0,0.8249835201054714,2633.0,0.8675016479894528,0.36882003955174686,WACC_0p1_WRT_0p9,0.5713909030982202,2269,False,,,False,False,False,False,False,77.0,0.19895287958115182
IBDD,Electricity,1314,0.74,245,0.7499999999999998,0.2907918461033145,0,213,3148,3958,605,59,11,0.6478769182137436,0.6984380855224886,0.6743131323642876,0.6478769182137436,0.24254121800908027,0.22222222222222254,1.2233606186634038,-2.534149843841321,1.7596622789832348,-1.2199335447094035,0.0606453741297639,0.6984380855224886,0.6157289809859658,0.0827091045365228,0.6743131323642876,0.6224225896943175,0.05189054266997006,0.6478769182137436,0.6262658163508825,0.021611101862861082,0.24254121800908027,0.3190744425966148,0.07653322458753456,0.22222222222222254,0.25417115895965475,0.03194893673743221,2722.0,0.8968358602504944,2804.0,0.9238628872775214,2823.0,0.9301252471984179,2186.0,0.7201713909030982,1120.0,0.36882003955174686,0.36882003955174686,WACC_0p9_WRT_0p1,0.7679630850362558,2270,False,,,False,False,False,False,False,213.0,0.5549738219895288
IBDD,Electricity,1652,0.71,92,0.6428571428571426,0.4582750386595772,0,89,3044,3893,170,238,166,0.4450696569353127,0.5247518117604384,0.48673195670127345,0.4450696569353127,0.3004306642296604,0.3333333333333337,1.2233606186634038,-2.534149843841321,1.7596622789832348,-1.2199335447094035,0.0606453741297639,0.5247518117604384,0.47348226616880773,0.05126954559163066,0.48673195670127345,0.43777575001367913,0.04895620668759432,0.4450696569353127,0.4686768285075152,0.02360717157220249,0.3004306642296604,0.3737515163915818,0.07332085216192136,0.3333333333333337,0.4181674747909202,0.0848341414575865,1123.0,0.36980883322346736,1121.0,0.3691496374423204,1479.0,0.4871456822676335,2707.0,0.8918918918918919,2759.0,0.9090309822017139,0.3691496374423204,WACC_0p3_WRT_0p7,0.6054054054054053,2271,False,,,False,False,False,False,False,89.0,0.23036649214659685
IBDD,Electricity,1776,0.73,159,0.7142857142857141,0.3648556017903225,0,150,4798,2163,705,100,29,0.5581922924216302,0.621631227772999,0.5913617259948388,0.5581922924216302,0.22270073803295595,0.2592592592592596,1.2233606186634038,-2.534149843841321,1.7596622789832348,-1.2199335447094035,0.0606453741297639,0.621631227772999,0.5605197389889123,0.061111488784086676,0.5913617259948388,0.5477319885705796,0.04362973742425924,0.5581922924216302,0.5470232347866308,0.011169057634999313,0.22270073803295595,0.2567782597959793,0.03407752176302334,0.2592592592592596,0.25421136834038754,0.005047890918872033,2307.0,0.7600527356624918,2351.0,0.7745550428477258,2391.0,0.7877389584706658,1141.0,0.37574159525379036,1121.0,0.3691496374423204,0.3691496374423204,WACC_0p9_WRT_0p1,0.6134475939353987,2272,False,,,False,False,False,False,False,150.0,0.3900523560209424
IBDD,Electricity,1177,0.7,80,0.6071428571428569,0.4820615067966712,0,78,3953,3171,922,165,111,0.41626635802070583,0.5000843633219706,0.46009111238772826,0.41626635802070583,0.33929562732801266,0.37037037037037074,1.2233606186634038,-2.534149843841321,1.7596622789832348,-1.2199335447094035,0.0606453741297639,0.5000843633219706,0.47342235174502206,0.02666201157694853,0.46009111238772826,0.4529745677213103,0.007116544666417979,0.41626635802070583,0.4447620666180874,0.028495708597381597,0.33929562732801266,0.29075908357995783,0.04853654374805483,0.37037037037037074,0.3214581793249479,0.048912191045422826,1122.0,0.3694792353328939,1277.0,0.4205669083717864,1171.0,0.38562953197099537,1822.0,0.6001977587343441,2205.0,0.7264337508239948,0.3694792353328939,WACC_0p1_WRT_0p9,0.5004614370468029,2273,False,,,False,False,False,False,False,78.0,0.20157068062827224
IBDD,Electricity,774,0.73,340,0.7142857142857141,0.2345669128385592,0,274,895,2336,277,43,2,0.7159603154606466,0.7567454237229757,0.7372850576208136,0.7159603154606466,0.26876337748758455,0.2592592592592596,1.2233606186634038,-2.534149843841321,1.7596622789832348,-1.2199335447094035,0.0606453741297639,0.7567454237229757,0.6265689551173714,0.13017646860560428,0.7372850576208136,0.6254837673134297,0.11180129030738395,0.7159603154606466,0.6218396257178469,0.09412068974279975,0.26876337748758455,0.33638930242792875,0.0676259249403442,0.2592592592592596,0.2542817933220018,0.004977465937257786,2775.0,0.9143045484508899,2813.0,0.926829268292683,2804.0,0.9238628872775214,2374.0,0.7821357943309163,1123.0,0.36980883322346736,0.36980883322346736,WACC_0p9_WRT_0p1,0.7833882663150956,2274,False,,,False,False,False,False,False,274.0,0.7146596858638743
IBDD,Electricity,1977,0.71,98,0.6428571428571426,0.4475103999651687,0,95,339,3948,706,174,41,0.45810467769735974,0.535915140776862,0.49878835203901095,0.45810467769735974,0.3004306642296604,0.3333333333333337,1.2233606186634038,-2.534149843841321,1.7596622789832348,-1.2199335447094035,0.0606453741297639,0.535915140776862,0.4901798564376146,0.045735284339247395,0.49878835203901095,0.4701941289965236,0.028594223042487377,0.45810467769735974,0.46647046954429794,0.008365791846938198,0.3004306642296604,0.2561172433998468,0.0443134208298136,0.3333333333333337,0.2986283623507436,0.03470497098259012,1360.0,0.44792353328938694,1488.0,0.490112063282795,1445.0,0.4759393539881345,1125.0,0.3704680290046144,1991.0,0.6558998022412657,0.3704680290046144,WACC_0p7_WRT_0p3,0.4880685563612393,2275,False,,,False,False,False,False,False,95.0,0.24607329842931938
IBDD,Electricity,2821,0.73,207,0.7142857142857141,0.3196822110791978,0,191,3341,2495,201,78,14,0.6128932538312718,0.66847770702898,0.6419559235912984,0.6128932538312718,0.22906734238485266,0.2592592592592596,1.2233606186634038,-2.534149843841321,1.7596622789832348,-1.2199335447094035,0.0606453741297639,0.66847770702898,0.5924156709822352,0.07606203604674477,0.6419559235912984,0.6031673335171689,0.03878859007412949,0.6128932538312718,0.5697430076757387,0.04315024615553309,0.22906734238485266,0.30882338742070226,0.0797560450358496,0.2592592592592596,0.2543410207289518,0.004918238530307761,2584.0,0.8513513513513513,2723.0,0.8971654581410679,2548.0,0.8394858272907053,2074.0,0.6832564271588661,1125.0,0.3704680290046144,0.3704680290046144,WACC_0p9_WRT_0p1,0.728345418589321,2276,False,,,False,False,False,False,False,191.0,0.4973821989528796
IBDD,Electricity,1351,0.74,76,0.7499999999999998,0.4907812504490119,0,63,2069,2827,745,114,13,0.4057075234165282,0.49104166620102463,0.45032499949710664,0.4057075234165282,0.1838357749346038,0.22222222222222254,1.2233606186634038,-2.534149843841321,1.7596622789832348,-1.2199335447094035,0.0606453741297639,0.49104166620102463,0.536675728441044,0.045634062240019424,0.45032499949710664,0.5151721125482082,0.06484711305110152,0.4057075234165282,0.5086590840831964,0.10295156066666816,0.1838357749346038,0.2574855504881344,0.07364977555353058,0.22222222222222254,0.25440253311073907,0.03218031088851653,2056.0,0.6773236651285431,2042.0,0.6727092946605142,2034.0,0.6700725115359262,1157.0,0.3810151615029664,1126.0,0.37079762689518786,0.37079762689518786,WACC_0p9_WRT_0p1,0.5543836519446275,2277,False,,,False,False,False,False,False,63.0,0.16230366492146597
IBDD,Electricity,1359,0.71,92,0.6428571428571426,0.4582750386595772,0,89,4593,3539,577,213,154,0.4450696569353127,0.5247518117604384,0.48673195670127345,0.4450696569353127,0.3004306642296604,0.3333333333333337,1.2233606186634038,-2.534149843841321,1.7596622789832348,-1.2199335447094035,0.0606453741297639,0.5247518117604384,0.4735675766545639,0.0511842351058745,0.48673195670127345,0.44482360665464266,0.04190835004663079,0.4450696569353127,0.4548711672134233,0.009801510278110603,0.3004306642296604,0.3442756384059009,0.0438449741762405,0.3333333333333337,0.37800217685706516,0.04466884352373146,1126.0,0.37079762689518786,1184.0,0.3899143045484509,1297.0,0.42715886618325644,2459.0,0.8101516150296638,2598.0,0.8559657218193804,0.37079762689518786,WACC_0p1_WRT_0p9,0.5707976268951878,2278,False,,,False,False,False,False,False,89.0,0.23036649214659685
IBDD,Electricity,2645,0.74,177,0.7499999999999998,0.3464997360432442,0,163,3900,3957,281,93,53,0.5804196144814776,0.6406669403995986,0.6119202956315664,0.5804196144814776,0.21656019696745105,0.22222222222222254,1.2233606186634038,-2.534149843841321,1.7596622789832348,-1.2199335447094035,0.0606453741297639,0.6406669403995986,0.5407611800493652,0.09990576035023335,0.6119202956315664,0.5357905069335881,0.07612978869797826,0.5804196144814776,0.5236094249056159,0.0568101895758617,0.21656019696745105,0.2561665599351816,0.03960636296773057,0.22222222222222254,0.27659667607893,0.05437445385670747,2106.0,0.6938035596572182,2251.0,0.7415952537903757,2189.0,0.7211601845748187,1127.0,0.3711272247857614,1645.0,0.5418589321028345,0.3711272247857614,WACC_0p7_WRT_0p3,0.6139090309822017,2279,False,,,False,False,False,False,False,163.0,0.42408376963350786
IBDD,Electricity,2934,0.69,117,0.5714285714285711,0.4172819839037627,0,115,2504,4710,275,197,28,0.49470860302639985,0.5672631278035053,0.5326441780277857,0.49470860302639985,0.3781605904263649,0.4074074074074079,1.2233606186634038,-2.534149843841321,1.7596622789832348,-1.2199335447094035,0.0606453741297639,0.5672631278035053,0.5358659564623565,0.03139717134114883,0.5326441780277857,0.5122563129786206,0.02038786504916512,0.49470860302639985,0.5113503313895467,0.016641728363146813,0.3781605904263649,0.2561814523557142,0.1219791380706507,0.4074074074074079,0.2636585316157145,0.14374887579169338,2046.0,0.6740276862228082,2012.0,0.6628213579433092,2072.0,0.6825972313777192,1128.0,0.3714568226763349,1346.0,0.44330916282135796,0.3714568226763349,WACC_0p7_WRT_0p3,0.5668424522083059,2280,False,,,False,False,False,False,False,115.0,0.29842931937172773
IBDD,Electricity,2700,0.72,100,0.6785714285714283,0.4440667223993342,0,93,4458,3774,832,164,83,0.462274665176063,0.539486361956246,0.5026452709127456,0.462274665176063,0.2615657011313083,0.2962962962962967,1.2233606186634038,-2.534149843841321,1.7596622789832348,-1.2199335447094035,0.0606453741297639,0.539486361956246,0.5065387055592805,0.03294765639696551,0.5026452709127456,0.4893702511999439,0.013275019712801706,0.462274665176063,0.4931478292337084,0.030873164057645397,0.2615657011313083,0.25629452911099976,0.005271172020308523,0.2962962962962967,0.29269007165487454,0.0036062246414221844,1618.0,0.5329597890573501,1739.0,0.5728411338167436,1846.0,0.6081081081081081,1130.0,0.3721160184574819,1901.0,0.6262359920896506,0.3721160184574819,WACC_0p7_WRT_0p3,0.5424522083058669,2281,False,,,False,False,False,False,False,93.0,0.24083769633507854
IBDD,Electricity,2801,0.73,107,0.7142857142857141,0.4325289430314537,0,99,4714,1118,126,73,58,0.47624589058155303,0.5514514664858998,0.5155675838047717,0.47624589058155303,0.22270073803295595,0.2592592592592596,1.2233606186634038,-2.534149843841321,1.7596622789832348,-1.2199335447094035,0.0606453741297639,0.5514514664858998,0.4999053528197973,0.05154611366610251,0.5155675838047717,0.4468025876527211,0.06876499615205067,0.47624589058155303,0.4416115766679738,0.03463431391357924,0.22270073803295595,0.26260897816229023,0.03990824012933428,0.2592592592592596,0.2721836753863809,0.012924416127121308,1518.0,0.5,1200.0,0.3951878707976269,1131.0,0.3724456163480554,1293.0,0.4258404746209624,1569.0,0.5168094924192486,0.3724456163480554,WACC_0p5_WRT_0p5,0.4420566908371786,2282,False,,,False,False,False,False,False,99.0,0.25654450261780104
IBDD,Electricity,6,0.76,60,0.8214285714285713,0.5308869724893325,0,9,58,1607,566,49,5,0.3571430583830649,0.44945054704809956,0.4054065908119476,0.3571430583830649,0.13056575928403868,0.1481481481481484,1.2233606186634038,-2.534149843841321,1.7596622789832348,-1.2199335447094035,0.0606453741297639,0.44945054704809956,0.5048119065058119,0.05536135945771231,0.4054065908119476,0.4388146546780586,0.033408063866111004,0.3571430583830649,0.4488199904185672,0.09167693203550226,0.13056575928403868,0.28059745201890707,0.15003169273486838,0.1481481481481484,0.2884722244790565,0.14032407633090813,1585.0,0.5220830586684245,1131.0,0.3724456163480554,1214.0,0.3998022412656559,1658.0,0.54614370468029,1832.0,0.6034937376400791,0.3724456163480554,WACC_0p3_WRT_0p7,0.488793671720501,2283,False,,,False,False,False,False,False,9.0,0.020942408376963352
IBDD,Electricity,2143,0.74,115,0.7499999999999998,0.4202252716212888,0,101,4003,3558,157,179,133,0.4911445431823328,0.5642108294297744,0.5293476957841564,0.4911445431823328,0.1838357749346038,0.22222222222222254,1.2233606186634038,-2.534149843841321,1.7596622789832348,-1.2199335447094035,0.0606453741297639,0.5642108294297744,0.4738826105557885,0.0903282188739859,0.5293476957841564,0.4503436056423244,0.07900409014183202,0.4911445431823328,0.4544740556460687,0.03667048753626412,0.1838357749346038,0.30828279493980537,0.12444702000520158,0.22222222222222254,0.34711883472473476,0.12489661250251222,1131.0,0.3724456163480554,1242.0,0.4090309822017139,1292.0,0.4255108767303889,2066.0,0.6806196440342782,2388.0,0.7867501647989453,0.3724456163480554,WACC_0p1_WRT_0p9,0.5348714568226763,2284,False,,,False,False,False,False,False,101.0,0.2617801047120419
IBDD,Electricity,660,0.74,352,0.7499999999999998,0.2286120321094278,0,254,1464,1187,971,66,10,0.7231711467893434,0.7629208555902229,0.7439545240374409,0.7231711467893434,0.271540612125098,0.22222222222222254,1.2233606186634038,-2.534149843841321,1.7596622789832348,-1.2199335447094035,0.0606453741297639,0.7629208555902229,0.5917470744783231,0.17117378111189985,0.7439545240374409,0.5774769765940907,0.1664775474433502,0.7231711467893434,0.5361852851996874,0.1869858615896559,0.271540612125098,0.29208887833813263,0.020548266213034627,0.22222222222222254,0.2546527729744781,0.03243055075225554,2578.0,0.8493737640079103,2589.0,0.8529993408042189,2286.0,0.7531311799604482,1843.0,0.6071193144363876,1131.0,0.3724456163480554,0.3724456163480554,WACC_0p9_WRT_0p1,0.6870138431114041,2285,False,,,False,False,False,False,False,254.0,0.662303664921466
IBDD,Electricity,1814,0.73,135,0.7142857142857141,0.3928378085708742,0,127,1558,3091,862,85,84,0.5243083269020213,0.5926126429635379,0.5600216544006209,0.5243083269020213,0.22270073803295595,0.2592592592592596,1.2233606186634038,-2.534149843841321,1.7596622789832348,-1.2199335447094035,0.0606453741297639,0.5926126429635379,0.48223385500937715,0.11037878795416073,0.5600216544006209,0.45729432807392073,0.10272732632670017,0.5243083269020213,0.44192629337396044,0.0823820335280609,0.22270073803295595,0.28015808820499105,0.0574573501720351,0.2592592592592596,0.3253636076305376,0.06610434837127804,1238.0,0.4077125906394199,1324.0,0.43605800922874094,1133.0,0.3731048121292024,1651.0,0.5438365194462755,2239.0,0.7376400791034937,0.3731048121292024,WACC_0p5_WRT_0p5,0.49967040210942654,2286,False,,,False,False,False,False,False,127.0,0.3298429319371728
IBDD,Electricity,2785,0.73,110,0.7142857142857141,0.427811438654111,0,102,767,4090,343,246,42,0.4819583691188635,0.5563436932475886,0.5208511887073957,0.4819583691188635,0.22270073803295595,0.2592592592592596,1.2233606186634038,-2.534149843841321,1.7596622789832348,-1.2199335447094035,0.0606453741297639,0.5563436932475886,0.5091647288691159,0.04717896437847269,0.5208511887073957,0.48703815841511944,0.033813030292276225,0.4819583691188635,0.4822815008837865,0.00032313176492299034,0.22270073803295595,0.25644971609799955,0.033748978065043594,0.2592592592592596,0.2889399387136413,0.029680679454381742,1661.0,0.5471324983520105,1705.0,0.5616348055372445,1685.0,0.5550428477257745,1134.0,0.3734344100197759,1846.0,0.6081081081081081,0.3734344100197759,WACC_0p7_WRT_0p3,0.5290705339485827,2287,False,,,False,False,False,False,False,102.0,0.2643979057591623
IBDD,Electricity,627,0.73,286,0.7142857142857141,0.2642504689750086,0,244,4451,3854,891,117,9,0.6800161670768287,0.7259624766185095,0.7040394747479904,0.6800161670768287,0.254919573721133,0.2592592592592596,1.2233606186634038,-2.534149843841321,1.7596622789832348,-1.2199335447094035,0.0606453741297639,0.7259624766185095,0.6321978308020959,0.09376464581641364,0.7040394747479904,0.6196857645810699,0.0843537101669205,0.6800161670768287,0.6330257238783307,0.04699044319849799,0.254919573721133,0.3165342944263202,0.0616147207051872,0.2592592592592596,0.25470503213436874,0.004554227124890842,2804.0,0.9238628872775214,2791.0,0.9195781147000659,2843.0,0.936717205009888,2164.0,0.7129202373104813,1134.0,0.3734344100197759,0.3734344100197759,WACC_0p9_WRT_0p1,0.7733025708635465,2288,False,,,False,False,False,False,False,244.0,0.6361256544502618
IBDD,Electricity,64,0.73,121,0.7142857142857141,0.411542181111966,0,113,875,1,1000,80,10,0.5016589940878285,0.5732155158838871,0.5390727571545981,0.5016589940878285,0.22270073803295595,0.2592592592592596,1.2233606186634038,-2.534149843841321,1.7596622789832348,-1.2199335447094035,0.0606453741297639,0.5732155158838871,0.4826722376965853,0.09054327818730179,0.5390727571545981,0.4392046425344988,0.09986811462009931,0.5016589940878285,0.44388931969567286,0.05776967439215569,0.22270073803295595,0.28414835208444233,0.06144761405148638,0.2592592592592596,0.2694295394914354,0.01017028023217581,1246.0,0.41034937376400793,1135.0,0.37376400791034936,1160.0,0.3820039551746869,1717.0,0.5655899802241265,1495.0,0.4924192485168095,0.37376400791034936,WACC_0p3_WRT_0p7,0.44482531311799606,2289,False,,,False,False,False,False,False,113.0,0.2931937172774869
IBDD,Electricity,2713,0.73,107,0.7142857142857141,0.4325289430314537,0,99,4718,2910,295,213,88,0.47624589058155303,0.5514514664858998,0.5155675838047717,0.47624589058155303,0.22270073803295595,0.2592592592592596,1.2233606186634038,-2.534149843841321,1.7596622789832348,-1.2199335447094035,0.0606453741297639,0.5514514664858998,0.4792201978292574,0.07223126865664242,0.5155675838047717,0.45980882998179784,0.055758753822973905,0.47624589058155303,0.4547090594136094,0.021536831167943637,0.22270073803295595,0.2564590459651969,0.033758307932240966,0.2592592592592596,0.2858732480650529,0.0266139888057933,1200.0,0.3951878707976269,1349.0,0.44429795649307846,1295.0,0.42649967040210945,1135.0,0.37376400791034936,1800.0,0.5929466051417271,0.37376400791034936,WACC_0p7_WRT_0p3,0.44653922214897823,2290,False,,,False,False,False,False,False,99.0,0.25654450261780104
IBDD,Electricity,1914,0.73,90,0.7142857142857141,0.462018189093476,0,82,1283,3605,755,218,127,0.4405370344287458,0.5208700261252841,0.48253962821530677,0.4405370344287458,0.22270073803295595,0.2592592592592596,1.2233606186634038,-2.534149843841321,1.7596622789832348,-1.2199335447094035,0.0606453741297639,0.5208700261252841,0.4742181017579956,0.04665192436728849,0.48253962821530677,0.44763581352494064,0.03490381469036613,0.4405370344287458,0.4513611009509955,0.010824066522249709,0.22270073803295595,0.32570120174616907,0.10300046371321311,0.2592592592592596,0.3750267997728249,0.1157675405135653,1136.0,0.3740936058009229,1209.0,0.3981542518127884,1245.0,0.4100197758734344,2263.0,0.7455504284772577,2580.0,0.8500329597890574,0.3740936058009229,WACC_0p1_WRT_0p9,0.5555702043506922,2291,False,,,False,False,False,False,False,82.0,0.21204188481675393
IBDD,Electricity,2552,0.71,90,0.6428571428571426,0.462018189093476,0,87,1238,3762,751,236,151,0.4405370344287458,0.5208700261252841,0.48253962821530677,0.4405370344287458,0.3004306642296604,0.3333333333333337,1.2233606186634038,-2.534149843841321,1.7596622789832348,-1.2199335447094035,0.0606453741297639,0.5208700261252841,0.47431827990497166,0.04655174622031244,0.48253962821530677,0.44690061397029646,0.035639014245010314,0.4405370344287458,0.4674692001931508,0.02693216576440499,0.3004306642296604,0.38340538112059325,0.08297471689093283,0.3333333333333337,0.4227913909045134,0.0894580575711797,1137.0,0.3744232036914964,1203.0,0.3961766644693474,1458.0,0.48022412656559,2762.0,0.9100197758734344,2778.0,0.9152933421226104,0.3744232036914964,WACC_0p1_WRT_0p9,0.6152274225444957,2292,False,,,False,False,False,False,False,87.0,0.225130890052356
IBDD,Electricity,949,0.74,337,0.7499999999999998,0.2360883790452277,0,248,4303,2092,92,127,5,0.7141179551032127,0.7551676069160601,0.7355810154693448,0.7141179551032127,0.2680537967518539,0.22222222222222254,1.2233606186634038,-2.534149843841321,1.7596622789832348,-1.2199335447094035,0.0606453741297639,0.7551676069160601,0.6122338433294239,0.14293376358663623,0.7355810154693448,0.5925100843774497,0.14307093109189517,0.7141179551032127,0.6094792991719234,0.10463865593128929,0.2680537967518539,0.2970363551885609,0.028982558436706995,0.22222222222222254,0.2549546233993735,0.03273240117715098,2707.0,0.8918918918918919,2679.0,0.8826631509558339,2758.0,0.9087013843111404,1906.0,0.6278839815425181,1137.0,0.3744232036914964,0.3744232036914964,WACC_0p9_WRT_0p1,0.7371127224785761,2293,False,,,False,False,False,False,False,248.0,0.6465968586387435
IBDD,Electricity,1299,0.74,94,0.7499999999999998,0.454611535799055,0,81,2345,2672,914,81,21,0.44950583330912175,0.5285509999120911,0.49083507990505837,0.44950583330912175,0.1838357749346038,0.22222222222222254,1.2233606186634038,-2.534149843841321,1.7596622789832348,-1.2199335447094035,0.0606453741297639,0.5285509999120911,0.5313413819009143,0.0027903819888231984,0.49083507990505837,0.5112445619435231,0.02040948203846471,0.44950583330912175,0.49729043856554694,0.047784605256425194,0.1838357749346038,0.26911026902962265,0.08527449409501886,0.22222222222222254,0.2550687112077939,0.032846488985571354,1987.0,0.6545814106789717,2001.0,0.6591957811470006,1897.0,0.6249176005273567,1420.0,0.46769940672379695,1138.0,0.37475280158206986,0.37475280158206986,WACC_0p9_WRT_0p1,0.5562294001318392,2294,False,,,False,False,False,False,False,81.0,0.2094240837696335
IBDD,Electricity,2509,0.73,122,0.7142857142857141,0.4101366374806809,0,114,4389,650,284,107,34,0.5033609825089801,0.5746731166867012,0.5406469660216373,0.5033609825089801,0.22270073803295595,0.2592592592592596,1.2233606186634038,-2.534149843841321,1.7596622789832348,-1.2199335447094035,0.0606453741297639,0.5746731166867012,0.5137645535477465,0.06090856313895465,0.5406469660216373,0.46922404518352656,0.07142292083811075,0.5033609825089801,0.48717284082062207,0.016188141688358026,0.22270073803295595,0.25967519550035506,0.03697445746739911,0.2592592592592596,0.2551178257309633,0.004141433528296268,1733.0,0.5708635464733026,1479.0,0.4871456822676335,1761.0,0.5800922874093606,1216.0,0.4004614370468029,1139.0,0.3750823994726434,0.3750823994726434,WACC_0p9_WRT_0p1,0.4827290705339486,2295,False,,,False,False,False,False,False,114.0,0.29581151832460734
IBDD,Electricity,2158,0.72,99,0.6785714285714283,0.4457799518448435,0,92,629,3919,303,164,156,0.46020009657916583,0.5377096795683104,0.5007264539337751,0.46020009657916583,0.2615657011313083,0.2962962962962967,1.2233606186634038,-2.534149843841321,1.7596622789832348,-1.2199335447094035,0.0606453741297639,0.5377096795683104,0.4776795309114983,0.06003014865681211,0.5007264539337751,0.440190634723533,0.06053581921024215,0.46020009657916583,0.45863961089065747,0.0015604856885083618,0.2615657011313083,0.3960618767509768,0.13449617561966853,0.2962962962962967,0.42864762749897467,0.13235133120267795,1180.0,0.38859591298615687,1139.0,0.3750823994726434,1347.0,0.4436387607119314,2814.0,0.9271588661832564,2798.0,0.9218852999340804,0.3750823994726434,WACC_0p3_WRT_0p7,0.6112722478576137,2296,False,,,False,False,False,False,False,92.0,0.23821989528795812
IBDD,Electricity,2335,0.73,436,0.7142857142857141,0.1918580019484173,0,305,4289,4981,329,79,6,0.7676770108353453,0.8010361461275672,0.7851190378177726,0.7676770108353453,0.2886819404361788,0.2592592592592596,1.2233606186634038,-2.534149843841321,1.7596622789832348,-1.2199335447094035,0.0606453741297639,0.8010361461275672,0.6605245614166795,0.14051158471088776,0.7851190378177726,0.6663666459991754,0.1187523918185972,0.7676770108353453,0.6821954614325644,0.08548154940278097,0.2886819404361788,0.34231220536486756,0.053630264928688776,0.2592592592592596,0.25517582505271,0.004083434206549552,2902.0,0.9561634805537245,2936.0,0.9673698088332234,2961.0,0.975609756097561,2437.0,0.8029004614370469,1140.0,0.3754119973632169,0.3754119973632169,WACC_0p9_WRT_0p1,0.8154911008569545,2297,False,,,False,False,False,False,False,305.0,0.7958115183246073
IBDD,Electricity,1771,0.73,103,0.7142857142857141,0.4390270024565642,0,95,1229,3219,364,248,77,0.46837731812650846,0.5447127381931928,0.5082897572486481,0.46837731812650846,0.22270073803295595,0.2592592592592596,1.2233606186634038,-2.534149843841321,1.7596622789832348,-1.2199335447094035,0.0606453741297639,0.5447127381931928,0.4750364586383668,0.06967627955482597,0.5082897572486481,0.455432713934579,0.052857043314069097,0.46837731812650846,0.4562513044759128,0.01212601365059568,0.22270073803295595,0.27143159959753843,0.04873086156458248,0.2592592592592596,0.3025613604355876,0.043302101176328045,1142.0,0.3760711931443639,1309.0,0.43111404087013844,1321.0,0.43506921555702044,1470.0,0.484179301252472,2025.0,0.6671061305207646,0.3760711931443639,WACC_0p1_WRT_0p9,0.4787079762689519,2298,False,,,False,False,False,False,False,95.0,0.24607329842931938
IBDD,Electricity,311,0.73,404,0.7142857142857141,0.2049514827190931,0,295,3665,1913,414,51,8,0.7518219692925319,0.7874577216246442,0.7704543393546156,0.7518219692925319,0.28257540867240316,0.2592592592592596,1.2233606186634038,-2.534149843841321,1.7596622789832348,-1.2199335447094035,0.0606453741297639,0.7874577216246442,0.6632275090090218,0.12423021261562239,0.7704543393546156,0.676710896090739,0.09374344326387662,0.7518219692925319,0.6645113995811988,0.08731056971133311,0.28257540867240316,0.33580731626624977,0.053231907593846606,0.2592592592592596,0.25533193418671096,0.003927325072548615,2909.0,0.958470665787739,2953.0,0.972972972972973,2933.0,0.966381015161503,2369.0,0.7804878048780488,1143.0,0.3764007910349374,0.3764007910349374,WACC_0p9_WRT_0p1,0.8109426499670402,2299,False,,,False,False,False,False,False,295.0,0.7696335078534031
IBDD,Electricity,2108,0.72,92,0.6785714285714283,0.4582750386595772,0,85,2910,3503,425,139,94,0.4450696569353127,0.5247518117604384,0.48673195670127345,0.4450696569353127,0.2615657011313083,0.2962962962962967,1.2233606186634038,-2.534149843841321,1.7596622789832348,-1.2199335447094035,0.0606453741297639,0.5247518117604384,0.47506735520707577,0.04968445655336262,0.48673195670127345,0.46157082067546684,0.025161136025806607,0.4450696569353127,0.4498774957666626,0.0048078388313498865,0.2615657011313083,0.2721211061201686,0.010555404988860317,0.2962962962962967,0.3151418500028703,0.018845553706573592,1144.0,0.37673038892551086,1376.0,0.45319709953856296,1227.0,0.4040870138431114,1488.0,0.490112063282795,2156.0,0.7102834541858932,0.37673038892551086,WACC_0p1_WRT_0p9,0.4868820039551747,2300,False,,,False,False,False,False,False,85.0,0.2198952879581152
IBDD,Electricity,2791,0.71,94,0.6428571428571426,0.454611535799055,0,91,2045,3791,893,129,17,0.44950583330912175,0.5285509999120911,0.49083507990505837,0.44950583330912175,0.3004306642296604,0.3333333333333337,1.2233606186634038,-2.534149843841321,1.7596622789832348,-1.2199335447094035,0.0606453741297639,0.5285509999120911,0.5429301481726858,0.01437914826059472,0.49083507990505837,0.5209632495683107,0.03012816966325238,0.44950583330912175,0.5186394826825126,0.06913364937339084,0.3004306642296604,0.2569927088925831,0.04343795533707734,0.3333333333333337,0.25943573422745747,0.07389759910587623,2131.0,0.7020435069215557,2107.0,0.6941331575477917,2139.0,0.7046802900461437,1145.0,0.3770599868160844,1246.0,0.41034937376400793,0.3770599868160844,WACC_0p7_WRT_0p3,0.5776532630191167,2301,False,,,False,False,False,False,False,91.0,0.2356020942408377
IBDD,Electricity,528,0.73,477,0.7142857142857141,0.1764174904785447,0,312,1215,2768,379,59,3,0.7863740979647963,0.8170485283926202,0.8024124106640298,0.7863740979647963,0.2958830793381342,0.2592592592592596,1.2233606186634038,-2.534149843841321,1.7596622789832348,-1.2199335447094035,0.0606453741297639,0.8170485283926202,0.6301196615717528,0.1869288668208674,0.8024124106640298,0.6299318517381138,0.17248055892591596,0.7863740979647963,0.6360198473087919,0.15035425065600438,0.2958830793381342,0.3341641243322562,0.03828104499412199,0.2592592592592596,0.25537600437703956,0.003883254882220022,2792.0,0.9199077125906394,2832.0,0.9330916282135794,2849.0,0.938694792353329,2359.0,0.7771918259723137,1145.0,0.3770599868160844,0.3770599868160844,WACC_0p9_WRT_0p1,0.7891891891891892,2302,False,,,False,False,False,False,False,312.0,0.8141361256544503
IBDD,Electricity,3004,0.67,101,0.5,0.4423703723360919,0,100,14,4110,888,146,48,0.46432879434117375,0.5412455397996083,0.5045451829835771,0.46432879434117375,0.455890516623069,0.48148148148148157,1.2233606186634038,-2.534149843841321,1.7596622789832348,-1.2199335447094035,0.0606453741297639,0.5412455397996083,0.4750899266368895,0.06615561316271884,0.5045451829835771,0.46410054652930416,0.04044463645427293,0.46432879434117375,0.47407801823259166,0.009749223891417913,0.455890516623069,0.336118960296198,0.11977155632687103,0.48148148148148157,0.3914200877518194,0.09006139372966215,1146.0,0.3773895847066579,1418.0,0.46704021094264997,1549.0,0.5102175346077785,2373.0,0.7818061964403428,2662.0,0.8770599868160843,0.3773895847066579,WACC_0p1_WRT_0p9,0.6027027027027028,2303,False,,,False,False,False,False,False,100.0,0.2591623036649215
IBDD,Electricity,1547,0.71,115,0.6428571428571426,0.4202252716212888,0,111,198,4502,728,247,170,0.4911445431823328,0.5642108294297744,0.5293476957841564,0.4911445431823328,0.3004306642296604,0.3333333333333337,1.2233606186634038,-2.534149843841321,1.7596622789832348,-1.2199335447094035,0.0606453741297639,0.5642108294297744,0.47849560175124783,0.08571522767852657,0.5293476957841564,0.4406527052305961,0.08869499055356034,0.4911445431823328,0.49466679797863683,0.003522254796304025,0.3004306642296604,0.46331365184174556,0.16288298761208514,0.3333333333333337,0.4879258767001456,0.15459254336681189,1190.0,0.3918918918918919,1146.0,0.3773895847066579,1869.0,0.6156888595912986,2983.0,0.982860909690178,2957.0,0.974291364535267,0.3773895847066579,WACC_0p3_WRT_0p7,0.6684245220830587,2304,False,,,False,False,False,False,False,111.0,0.2879581151832461
IBDD,Electricity,2124,0.73,111,0.7142857142857141,0.4262672297500796,0,103,285,4221,354,143,31,0.48382826886156854,0.5579450950739915,0.5225807026799109,0.48382826886156854,0.22270073803295595,0.2592592592592596,1.2233606186634038,-2.534149843841321,1.7596622789832348,-1.2199335447094035,0.0606453741297639,0.5579450950739915,0.5149541200273712,0.042990975046620306,0.5225807026799109,0.4845129187974529,0.03806778388245796,0.48382826886156854,0.48805334562141467,0.004225076759846125,0.22270073803295595,0.2571782520692644,0.03447751403630847,0.2592592592592596,0.2799273251681851,0.020668065908925504,1756.0,0.5784442979564931,1670.0,0.5500988793671721,1778.0,0.5856954515491101,1148.0,0.3780487804878049,1708.0,0.5626235992089651,0.3780487804878049,WACC_0p7_WRT_0p3,0.530982201713909,2305,False,,,False,False,False,False,False,103.0,0.2670157068062827
IBDD,Electricity,1724,0.71,93,0.6428571428571426,0.4564335436868534,0,90,1894,3437,726,157,106,0.44729954368619157,0.5266615102506704,0.4887944310707241,0.44729954368619157,0.3004306642296604,0.3333333333333337,1.2233606186634038,-2.534149843841321,1.7596622789832348,-1.2199335447094035,0.0606453741297639,0.5266615102506704,0.47516918053925583,0.0514923297114146,0.4887944310707241,0.4538373540170813,0.034957077053642815,0.44729954368619157,0.4462328505123578,0.0010666931738337881,0.3004306642296604,0.2984551637314369,0.001975500498223537,0.3333333333333337,0.34256901647817756,0.009235683144843854,1149.0,0.3783783783783784,1288.0,0.42419248516809493,1185.0,0.3902439024390244,1931.0,0.6361239288068556,2358.0,0.7768622280817403,0.3783783783783784,WACC_0p1_WRT_0p9,0.5211601845748188,2306,False,,,False,False,False,False,False,90.0,0.23298429319371727
IBDD,Electricity,1634,0.71,108,0.6428571428571426,0.4309420365106688,0,104,2097,4483,119,175,20,0.478167493343437,0.5530971473222692,0.5173449191080508,0.478167493343437,0.3004306642296604,0.3333333333333337,1.2233606186634038,-2.534149843841321,1.7596622789832348,-1.2199335447094035,0.0606453741297639,0.5530971473222692,0.5306533163108021,0.022443831011467075,0.5173449191080508,0.5164317856552828,0.0009131334527680002,0.478167493343437,0.510973675481923,0.03280618213848596,0.3004306642296604,0.2572233493859762,0.04320731484368423,0.3333333333333337,0.26616173999624304,0.06717159333709066,1972.0,0.6496374423203691,2057.0,0.6776532630191167,2069.0,0.6816084377059987,1149.0,0.3783783783783784,1414.0,0.46572181938035595,0.3783783783783784,WACC_0p7_WRT_0p3,0.5705998681608437,2307,False,,,False,False,False,False,False,104.0,0.2696335078534031
IBDD,Electricity,1879,0.74,95,0.7499999999999998,0.4528086068783853,0,82,503,3707,542,225,100,0.4516890199984838,0.5304207039779707,0.49285436029620844,0.4516890199984838,0.1838357749346038,0.22222222222222254,1.2233606186634038,-2.534149843841321,1.7596622789832348,-1.2199335447094035,0.0606453741297639,0.5304207039779707,0.4752104461754584,0.05521025780251232,0.49285436029620844,0.44260222758362733,0.05025213271258111,0.4516890199984838,0.4451981120684194,0.006490907930064405,0.1838357749346038,0.29835928094702324,0.11452350601241945,0.22222222222222254,0.3504233182618615,0.12820109603963897,1150.0,0.37870797626895186,1161.0,0.3823335530652604,1175.0,0.3869479235332894,1929.0,0.6354647330257086,2417.0,0.7963085036255768,0.37870797626895186,WACC_0p1_WRT_0p9,0.5159525379037574,2308,False,,,False,False,False,False,False,82.0,0.21204188481675393
IBDD,Electricity,2885,0.73,148,0.7142857142857141,0.377119421762125,0,140,2430,999,473,44,8,0.5433418963709491,0.6089131922466853,0.57762624762642,0.5433418963709491,0.22270073803295595,0.2592592592592596,1.2233606186634038,-2.534149843841321,1.7596622789832348,-1.2199335447094035,0.0606453741297639,0.6089131922466853,0.5956038001001202,0.013309392146565124,0.57762624762642,0.5521612630344214,0.02546498459199864,0.5433418963709491,0.5276751697935019,0.015666726577447165,0.22270073803295595,0.3062192560935663,0.08351851806061036,0.2592592592592596,0.2555183051995974,0.0037409540596621826,2604.0,0.8579433091628214,2393.0,0.7883981542518128,2215.0,0.7297297297297297,2037.0,0.6710613052076466,1150.0,0.37870797626895186,0.37870797626895186,WACC_0p9_WRT_0p1,0.6851680949241925,2309,False,,,False,False,False,False,False,140.0,0.36387434554973824
IBDD,Electricity,2950,0.65,103,0.4285714285714285,0.4390270024565642,0,102,28,4373,210,213,113,0.48103808887236293,0.5447127381931928,0.5082897572486481,0.48103808887236293,0.5336204428197735,0.5555555555555557,1.2233606186634038,-2.534149843841321,1.7596622789832348,-1.2199335447094035,0.0606453741297639,0.5447127381931928,0.4752237745951217,0.06948896359807105,0.5082897572486481,0.4480731177070401,0.060216639541608,0.48103808887236293,0.46573419397464294,0.015303894897719994,0.5336204428197735,0.3882610402607001,0.14535940255907343,0.5555555555555557,0.449930092234108,0.10562546332144768,1151.0,0.3790375741595254,1219.0,0.4014502307185234,1438.0,0.47363216875411995,2781.0,0.9162821357943309,2856.0,0.9410019775873434,0.3790375741595254,WACC_0p1_WRT_0p9,0.6222808174027687,2310,False,,,False,False,False,False,False,102.0,0.2643979057591623
IBDD,Electricity,980,0.73,658,0.7142857142857141,0.1211288859232296,0,342,4193,920,578,57,4,0.8533236843598783,0.8743848590425768,0.8643356477659828,0.8533236843598783,0.3216685542477547,0.2592592592592596,1.2233606186634038,-2.534149843841321,1.7596622789832348,-1.2199335447094035,0.0606453741297639,0.8743848590425768,0.7163870986805262,0.1579977603620506,0.8643356477659828,0.7057719666875607,0.15856368107842211,0.8533236843598783,0.68304467191473,0.17027901244514831,0.3216685542477547,0.3416907780902938,0.0200222238425391,0.2592592592592596,0.255681284626757,0.0035779746325025896,3009.0,0.991430454845089,3000.0,0.9884640738299275,2962.0,0.9759393539881345,2432.0,0.8012524719841793,1153.0,0.37969676994067236,0.37969676994067236,WACC_0p9_WRT_0p1,0.8273566249176005,2311,False,,,False,False,False,False,False,342.0,0.8926701570680629
IBDD,Electricity,2699,0.72,78,0.6785714285714283,0.4863661844748775,0,71,3006,1005,484,42,40,0.41105377592647485,0.49562025313716407,0.4552698733881372,0.41105377592647485,0.2615657011313083,0.2962962962962967,1.2233606186634038,-2.534149843841321,1.7596622789832348,-1.2199335447094035,0.0606453741297639,0.49562025313716407,0.49284722300432654,0.0027730301328375284,0.4552698733881372,0.4416006495143138,0.013669223873823355,0.41105377592647485,0.44909334670696477,0.03803957078048992,0.2615657011313083,0.2860719307912181,0.02450622965990984,0.2962962962962967,0.29763578482916886,0.001339488532872135,1414.0,0.46572181938035595,1154.0,0.3800263678312459,1217.0,0.4007910349373764,1751.0,0.5767963085036256,1971.0,0.6493078444297956,0.3800263678312459,WACC_0p3_WRT_0p7,0.4945286750164799,2312,False,,,False,False,False,False,False,71.0,0.18324607329842932
IBDD,Electricity,343,0.73,159,0.7142857142857141,0.3648556017903225,0,150,3463,743,928,136,10,0.5581922924216302,0.621631227772999,0.5913617259948388,0.5581922924216302,0.22270073803295595,0.2592592592592596,1.2233606186634038,-2.534149843841321,1.7596622789832348,-1.2199335447094035,0.0606453741297639,0.621631227772999,0.5521412150461285,0.0694900127268705,0.5913617259948388,0.5052210040914156,0.08614072190342326,0.5581922924216302,0.5029228441143204,0.05526944830730973,0.22270073803295595,0.2643129962491426,0.041612258216186665,0.2592592592592596,0.25572291816416526,0.0035363410950943197,2227.0,0.7336849044166117,1940.0,0.6390903098220171,1964.0,0.6470006591957811,1332.0,0.4386947923533289,1154.0,0.3800263678312459,0.3800263678312459,WACC_0p9_WRT_0p1,0.567699406723797,2313,False,,,False,False,False,False,False,150.0,0.3900523560209424
IBDD,Electricity,1383,0.73,89,0.7142857142857141,0.4639207293207574,0,81,656,3379,813,168,73,0.4382332272999357,0.5188970214451404,0.48040878316075164,0.4382332272999357,0.22270073803295595,0.2592592592592596,1.2233606186634038,-2.534149843841321,1.7596622789832348,-1.2199335447094035,0.0606453741297639,0.5188970214451404,0.47563936136092516,0.04325766008421522,0.48040878316075164,0.45262831513478496,0.027780468025966676,0.4382332272999357,0.45359088908669853,0.015357661786762844,0.22270073803295595,0.26208573902518706,0.039385000992231106,0.2592592592592596,0.3067651009716652,0.04750584171240563,1155.0,0.3803559657218194,1268.0,0.4176005273566249,1284.0,0.4228740936058009,1283.0,0.4225444957152274,2060.0,0.6786420566908372,0.3803559657218194,WACC_0p1_WRT_0p9,0.46440342781806193,2314,False,,,False,False,False,False,False,81.0,0.2094240837696335
IBDD,Electricity,2053,0.74,105,0.7499999999999998,0.4357473197013715,0,91,4224,3080,278,176,106,0.47234872246440507,0.5481138906800592,0.5119630019344639,0.47234872246440507,0.1838357749346038,0.22222222222222254,1.2233606186634038,-2.534149843841321,1.7596622789832348,-1.2199335447094035,0.0606453741297639,0.5481138906800592,0.47592436922212367,0.07218952145793556,0.5119630019344639,0.45351617112415626,0.058446830810307604,0.47234872246440507,0.44357882338271776,0.02876989908168731,0.1838357749346038,0.27792280679408454,0.09408703185948075,0.22222222222222254,0.3159244290921126,0.09370220686989006,1158.0,0.3813447593935399,1285.0,0.42320369149637443,1155.0,0.3803559657218194,1608.0,0.529663810151615,2165.0,0.7132498352010547,0.3803559657218194,WACC_0p5_WRT_0p5,0.4855636123928807,2315,False,,,False,False,False,False,False,91.0,0.2356020942408377
IBDD,Electricity,1557,0.74,112,0.7499999999999998,0.4247367473289887,0,98,2675,3827,592,81,62,0.4856815470533606,0.5595322620291968,0.5242948429915326,0.4856815470533606,0.1838357749346038,0.22222222222222254,1.2233606186634038,-2.534149843841321,1.7596622789832348,-1.2199335447094035,0.0606453741297639,0.5595322620291968,0.515926393595092,0.043605868434104855,0.5242948429915326,0.4903309902705955,0.033963852720937104,0.4856815470533606,0.4730251965923664,0.01265635046099417,0.1838357749346038,0.2573911026439586,0.0735553277093548,0.22222222222222254,0.29430017748793,0.07207795526570748,1770.0,0.583058668424522,1748.0,0.5758075148319051,1537.0,0.5062623599208965,1155.0,0.3803559657218194,1923.0,0.6334871456822676,0.3803559657218194,WACC_0p7_WRT_0p3,0.5357943309162823,2316,False,,,False,False,False,False,False,98.0,0.25392670157068065
IBDD,Electricity,1006,0.73,354,0.7142857142857141,0.2276392716763081,0,281,1315,165,423,74,6,0.7243490732207061,0.7639296441875324,0.7450440157225349,0.7243490732207061,0.2719942877051389,0.2592592592592596,1.2233606186634038,-2.534149843841321,1.7596622789832348,-1.2199335447094035,0.0606453741297639,0.7639296441875324,0.6142841511936976,0.14964549299383478,0.7450440157225349,0.5865988478419378,0.15844516788059704,0.7243490732207061,0.5602229419803307,0.16412613124037534,0.2719942877051389,0.2782599210408244,0.006265633335685528,0.2592592592592596,0.2558218659807486,0.003437393278511003,2717.0,0.8951878707976269,2647.0,0.8721160184574819,2491.0,0.8206987475280159,1613.0,0.5313117996044825,1156.0,0.38068556361239286,0.38068556361239286,WACC_0p9_WRT_0p1,0.7,2317,False,,,False,False,False,False,False,281.0,0.7329842931937173
IBDD,Electricity,1720,0.71,103,0.6428571428571426,0.4390270024565642,0,100,4637,4116,466,250,204,0.46837731812650846,0.5447127381931928,0.5082897572486481,0.46837731812650846,0.3004306642296604,0.3333333333333337,1.2233606186634038,-2.534149843841321,1.7596622789832348,-1.2199335447094035,0.0606453741297639,0.5447127381931928,0.48396010379483934,0.06075263439835343,0.5082897572486481,0.4421068220489862,0.0661829351996619,0.46837731812650846,0.4857010343105411,0.017323716184032667,0.3004306642296604,0.4431605885687383,0.14272992433907788,0.3333333333333337,0.4425761319053789,0.10924279857204522,1262.0,0.4156229400131839,1157.0,0.3810151615029664,1732.0,0.5705339485827291,2937.0,0.967699406723797,2840.0,0.9357284113381674,0.3810151615029664,WACC_0p3_WRT_0p7,0.6541199736321687,2318,False,,,False,False,False,False,False,100.0,0.2591623036649215
IBDD,Electricity,1566,0.73,86,0.7142857142857141,0.4697578353865064,0,78,3549,2387,410,84,73,0.4311650106214855,0.5128437262658452,0.4738712243671128,0.4311650106214855,0.22270073803295595,0.2592592592592596,1.2233606186634038,-2.534149843841321,1.7596622789832348,-1.2199335447094035,0.0606453741297639,0.5128437262658452,0.4760398405546339,0.03680388571121129,0.4738712243671128,0.4490751579117465,0.024796066455366306,0.4311650106214855,0.44745124649486184,0.016286235873376353,0.22270073803295595,0.27023991210709797,0.047539174074142015,0.2592592592592596,0.3134405740791915,0.054181314819931936,1159.0,0.38167435728411336,1227.0,0.4040870138431114,1196.0,0.3938694792353329,1439.0,0.47396176664469347,2129.0,0.7013843111404087,0.38167435728411336,WACC_0p1_WRT_0p9,0.47099538562953197,2319,False,,,False,False,False,False,False,78.0,0.20157068062827224
IBDD,Electricity,2132,0.74,117,0.7499999999999998,0.4172819839037627,0,103,3325,3026,371,94,64,0.49470860302639985,0.5672631278035053,0.5326441780277857,0.49470860302639985,0.1838357749346038,0.22222222222222254,1.2233606186634038,-2.534149843841321,1.7596622789832348,-1.2199335447094035,0.0606453741297639,0.5672631278035053,0.49790273491721593,0.06936039288628937,0.5326441780277857,0.4790970829046347,0.053547095123151034,0.49470860302639985,0.46883104795183583,0.025877555074564018,0.1838357749346038,0.25750671113494134,0.07367093620033754,0.22222222222222254,0.2996225561528568,0.07740033393063428,1482.0,0.488134475939354,1610.0,0.530323005932762,1483.0,0.4884640738299275,1159.0,0.38167435728411336,1999.0,0.6585365853658537,0.38167435728411336,WACC_0p7_WRT_0p3,0.5094264996704021,2320,False,,,False,False,False,False,False,103.0,0.2670157068062827
IBDD,Electricity,550,0.74,113,0.7499999999999998,0.4232197495097513,0,99,98,4268,48,114,5,0.48751849659073904,0.5611054449528504,0.5259938805490785,0.48751849659073904,0.1838357749346038,0.22222222222222254,1.2233606186634038,-2.534149843841321,1.7596622789832348,-1.2199335447094035,0.0606453741297639,0.5611054449528504,0.532141079037061,0.028964365915789436,0.5259938805490785,0.5042928102300915,0.021701070318986937,0.48751849659073904,0.5143430558819819,0.02682455929124289,0.1838357749346038,0.2663989234508764,0.08256314851627261,0.22222222222222254,0.2558704219264871,0.03364819970426458,1999.0,0.6585365853658537,1925.0,0.6341463414634146,2100.0,0.6918259723137772,1366.0,0.44990112063282794,1160.0,0.3820039551746869,0.3820039551746869,WACC_0p9_WRT_0p1,0.5632827949901121,2321,False,,,False,False,False,False,False,99.0,0.25654450261780104
IBDD,Electricity,1292,0.73,81,0.7142857142857141,0.4799488650928298,0,73,4903,3386,770,248,130,0.41882457936506384,0.502275251014843,0.4624572710960305,0.41882457936506384,0.22270073803295595,0.2592592592592596,1.2233606186634038,-2.534149843841321,1.7596622789832348,-1.2199335447094035,0.0606453741297639,0.502275251014843,0.476129621868094,0.02614562914674906,0.4624572710960305,0.4587625936620614,0.003694677433969118,0.41882457936506384,0.46013764622652115,0.041313066861457304,0.22270073803295595,0.3328006573482608,0.11009991931530486,0.2592592592592596,0.36257388285888986,0.10331462359963028,1161.0,0.3823335530652604,1342.0,0.44199077125906394,1369.0,0.45088991430454844,2351.0,0.7745550428477258,2495.0,0.8220171390903098,0.3823335530652604,WACC_0p1_WRT_0p9,0.5743572841133816,2322,False,,,False,False,False,False,False,73.0,0.18848167539267016
IBDD,Electricity,2760,0.74,203,0.7499999999999998,0.3230255809587253,0,184,500,4862,399,41,11,0.6088447300459375,0.6650105086353961,0.6382113493262277,0.6088447300459375,0.22750806302094895,0.22222222222222254,1.2233606186634038,-2.534149843841321,1.7596622789832348,-1.2199335447094035,0.0606453741297639,0.6650105086353961,0.5951864688759007,0.06982403975949547,0.6382113493262277,0.5792262616242738,0.058985087701953876,0.6088447300459375,0.5861870917202286,0.022657638325708884,0.22750806302094895,0.3080404271681745,0.08053236414722553,0.22222222222222254,0.2559964082296167,0.03377418600739418,2600.0,0.8566249176005274,2607.0,0.8589321028345419,2664.0,0.8777191825972314,2059.0,0.6783124588002637,1161.0,0.3823335530652604,0.3823335530652604,WACC_0p9_WRT_0p1,0.7307844429795649,2323,False,,,False,False,False,False,False,184.0,0.4790575916230366
IBDD,Electricity,2492,0.73,102,0.7142857142857141,0.4406905722934009,0,94,3376,3172,215,191,75,0.46636288290226385,0.5429875546586953,0.506426559031391,0.46636288290226385,0.22270073803295595,0.2592592592592596,1.2233606186634038,-2.534149843841321,1.7596622789832348,-1.2199335447094035,0.0606453741297639,0.5429875546586953,0.47619554421064797,0.06679201044804733,0.506426559031391,0.46167568059017783,0.04475087844121317,0.46636288290226385,0.4539169359574407,0.01244594694482315,0.22270073803295595,0.2589895981619435,0.03628886012898755,0.2592592592592596,0.29240940345125654,0.033150144191996966,1162.0,0.38266315095583386,1378.0,0.45385629531970995,1286.0,0.4235332893869479,1202.0,0.3958470665787739,1895.0,0.6242584047462096,0.38266315095583386,WACC_0p1_WRT_0p9,0.4560316413974951,2324,False,,,False,False,False,False,False,94.0,0.24345549738219896
IBDD,Electricity,1920,0.74,88,0.7499999999999998,0.4658445274206108,0,75,2301,3227,665,100,63,0.435903678776714,0.516901971563811,0.47825412928891586,0.435903678776714,0.1838357749346038,0.22222222222222254,1.2233606186634038,-2.534149843841321,1.7596622789832348,-1.2199335447094035,0.0606453741297639,0.516901971563811,0.49075878871029016,0.026143182853520852,0.47825412928891586,0.4600631404373308,0.018190988851585044,0.435903678776714,0.45205284313460825,0.016149164357894263,0.1838357749346038,0.25756225534246446,0.07372648040786067,0.22222222222222254,0.292730202687479,0.07050798046525647,1372.0,0.45187870797626895,1355.0,0.44627554383651946,1254.0,0.4129861568885959,1162.0,0.38266315095583386,1902.0,0.6265655899802242,0.38266315095583386,WACC_0p7_WRT_0p3,0.46407382992748847,2325,False,,,False,False,False,False,False,75.0,0.193717277486911
IBDD,Electricity,2020,0.73,151,0.7142857142857141,0.3736871857445338,0,143,3442,1137,463,68,29,0.5474980291515862,0.6124725481167796,0.5814703519661221,0.5474980291515862,0.22270073803295595,0.2592592592592596,1.2233606186634038,-2.534149843841321,1.7596622789832348,-1.2199335447094035,0.0606453741297639,0.6124725481167796,0.5459564325273738,0.06651611558940584,0.5814703519661221,0.507591072288669,0.07387927967745311,0.5474980291515862,0.4960982780669833,0.051399751084602874,0.22270073803295595,0.2773301108401682,0.05462937280721222,0.2592592592592596,0.25600217990913227,0.003257079350127312,2158.0,0.7109426499670403,1976.0,0.6509558338826632,1887.0,0.6216216216216216,1589.0,0.5234014502307185,1162.0,0.38266315095583386,0.38266315095583386,WACC_0p9_WRT_0p1,0.5779169413315756,2326,False,,,False,False,False,False,False,143.0,0.3717277486910995
IBDD,Electricity,270,0.75,13,0.7857142857142856,0.7843016038821788,0,4,2092,1,1000,72,1,0.05028046174727793,0.18665018856662932,0.12158220365195957,0.05028046174727793,0.14497081183625146,0.18518518518518542,1.2233606186634038,-2.534149843841321,1.7596622789832348,-1.2199335447094035,0.0606453741297639,0.18665018856662932,0.5772131249363771,0.3905629363697478,0.12158220365195957,0.5283143648065478,0.4067321611545882,0.05028046174727793,0.5063872870357423,0.45610682528846436,0.14497081183625146,0.28599895271781545,0.14102814088156398,0.18518518518518542,0.25602171658844064,0.07083653140325522,2448.0,0.8065260382333553,2171.0,0.7152274225444957,2011.0,0.6624917600527357,1750.0,0.5764667106130521,1163.0,0.3829927488464074,0.3829927488464074,WACC_0p9_WRT_0p1,0.6287409360580092,2327,False,,,False,False,False,False,False,4.0,0.007853403141361256
IBDD,Electricity,2198,0.73,135,0.7142857142857141,0.3928378085708742,0,127,4934,407,361,123,18,0.5243083269020213,0.5926126429635379,0.5600216544006209,0.5243083269020213,0.22270073803295595,0.2592592592592596,1.2233606186634038,-2.534149843841321,1.7596622789832348,-1.2199335447094035,0.0606453741297639,0.5926126429635379,0.587065061945239,0.005547581018298886,0.5600216544006209,0.5414051347295897,0.018616519671031173,0.5243083269020213,0.5204754749359206,0.0038328519661007254,0.22270073803295595,0.26169266901830424,0.03899193098534828,0.2592592592592596,0.2561767586456279,0.003082500613631689,2543.0,0.8378378378378378,2294.0,0.7557679630850362,2163.0,0.7125906394199077,1272.0,0.4189189189189189,1164.0,0.3833223467369809,0.3833223467369809,WACC_0p9_WRT_0p1,0.6216875411997363,2328,False,,,False,False,False,False,False,127.0,0.3298429319371728
IBDD,Electricity,2347,0.73,69,0.7142857142857141,0.5071915798046006,0,61,2613,135,438,57,27,0.3858360730191042,0.47402354686930304,0.4319454306188472,0.3858360730191042,0.22270073803295595,0.2592592592592596,1.2233606186634038,-2.534149843841321,1.7596622789832348,-1.2199335447094035,0.0606453741297639,0.47402354686930304,0.5001732570026793,0.026149710133376303,0.4319454306188472,0.4426661794870828,0.010720748868235597,0.3858360730191042,0.4534092450586521,0.06757317203954788,0.22270073803295595,0.30141279387410214,0.07871205584114618,0.2592592592592596,0.2976148149088795,0.0383555556496199,1521.0,0.5009887936717206,1165.0,0.38365194462755436,1281.0,0.4218852999340804,1979.0,0.6519446275543836,1970.0,0.6489782465392222,0.38365194462755436,WACC_0p3_WRT_0p7,0.5214897824653922,2329,False,,,False,False,False,False,False,61.0,0.15706806282722513
IBDD,Electricity,2217,0.73,99,0.7142857142857141,0.4457799518448435,0,91,4668,3063,775,140,91,0.46020009657916583,0.5377096795683104,0.5007264539337751,0.46020009657916583,0.22270073803295595,0.2592592592592596,1.2233606186634038,-2.534149843841321,1.7596622789832348,-1.2199335447094035,0.0606453741297639,0.5377096795683104,0.48514393116280585,0.05256574840550454,0.5007264539337751,0.47515731258476773,0.025569141349007396,0.46020009657916583,0.4589663705878255,0.0012337259913403065,0.22270073803295595,0.2577299425314608,0.03502920449850486,0.2592592592592596,0.2914930930702076,0.03223383381094802,1285.0,0.42320369149637443,1553.0,0.5115359261700725,1348.0,0.44396835860250494,1166.0,0.3839815425181279,1880.0,0.6193144363876071,0.3839815425181279,WACC_0p7_WRT_0p3,0.4764007910349374,2330,False,,,False,False,False,False,False,91.0,0.2356020942408377
IBDD,Electricity,1861,0.74,144,0.7499999999999998,0.3818048302984436,0,130,2317,2980,202,36,9,0.5376682830446319,0.6040542500608733,0.5723785900657432,0.5376682830446319,0.20009462274250503,0.22222222222222254,1.2233606186634038,-2.534149843841321,1.7596622789832348,-1.2199335447094035,0.0606453741297639,0.6040542500608733,0.5969227084116931,0.007131541649180173,0.5723785900657432,0.5751638272957696,0.0027852372300264383,0.5376682830446319,0.5695699448262522,0.03190166178162035,0.20009462274250503,0.3329703744363876,0.13287575169388258,0.22222222222222254,0.2562246671903115,0.03400244496808896,2609.0,0.8595912986156888,2578.0,0.8493737640079103,2546.0,0.8388266315095584,2352.0,0.7748846407382993,1167.0,0.3843111404087014,0.3843111404087014,WACC_0p9_WRT_0p1,0.7413974950560317,2331,False,,,False,False,False,False,False,130.0,0.337696335078534
IBDD,Electricity,2257,0.73,132,0.7142857142857141,0.3966783723814455,0,124,4362,4642,95,172,78,0.5196577454538238,0.5886298360488713,0.5557202229327809,0.5196577454538238,0.22270073803295595,0.2592592592592596,1.2233606186634038,-2.534149843841321,1.7596622789832348,-1.2199335447094035,0.0606453741297639,0.5886298360488713,0.5245521035762213,0.06407773247265003,0.5557202229327809,0.5196751555884142,0.036045067344366744,0.5196577454538238,0.5105029899506467,0.009154755503177125,0.22270073803295595,0.25784397394472963,0.03514323591177368,0.2592592592592596,0.29183367680294015,0.03257441754368057,1892.0,0.6232696110744891,2097.0,0.6908371786420567,2063.0,0.6796308503625577,1168.0,0.38464073829927486,1886.0,0.6212920237310481,0.38464073829927486,WACC_0p7_WRT_0p3,0.5999340804218852,2332,False,,,False,False,False,False,False,124.0,0.3219895287958115
IBDD,Electricity,1831,0.72,101,0.6785714285714283,0.4423703723360919,0,94,3369,3601,334,178,124,0.46432879434117375,0.5412455397996083,0.5045451829835771,0.46432879434117375,0.2615657011313083,0.2962962962962967,1.2233606186634038,-2.534149843841321,1.7596622789832348,-1.2199335447094035,0.0606453741297639,0.5412455397996083,0.4779698993361678,0.06327564046344053,0.5045451829835771,0.444185865421632,0.06035931756194507,0.46432879434117375,0.4444850152988375,0.01984377904233625,0.2615657011313083,0.3071419662626939,0.04557626513138563,0.2962962962962967,0.3532003674746892,0.05690407117839247,1183.0,0.38958470665787737,1180.0,0.38859591298615687,1170.0,0.3852999340804219,2050.0,0.6753460777851021,2441.0,0.8042188529993408,0.3852999340804219,WACC_0p5_WRT_0p5,0.5286090969017798,2333,False,,,False,False,False,False,False,94.0,0.24345549738219896
IBDD,Electricity,2443,0.72,84,0.6785714285714283,0.4737621586253954,0,77,2220,3393,555,237,71,0.4263161310595567,0.5086910947588492,0.4693863823395571,0.4263161310595567,0.2615657011313083,0.2962962962962967,1.2233606186634038,-2.534149843841321,1.7596622789832348,-1.2199335447094035,0.0606453741297639,0.5086910947588492,0.4770596056469428,0.03163148911190644,0.4693863823395571,0.4529579552277202,0.016428427111836896,0.4263161310595567,0.4521158598187418,0.025799728759185125,0.2615657011313083,0.27640661394555144,0.014840912814243157,0.2962962962962967,0.31111717388052795,0.014820877584231229,1171.0,0.38562953197099537,1275.0,0.4199077125906394,1255.0,0.41331575477916943,1579.0,0.5201054713249835,2114.0,0.6964403427818062,0.38562953197099537,WACC_0p1_WRT_0p9,0.4870797626895188,2334,False,,,False,False,False,False,False,77.0,0.19895287958115182
IBDD,Electricity,1377,0.73,213,0.7142857142857141,0.3147858203079183,0,196,4989,1002,652,76,21,0.6188223478932839,0.6735554456066032,0.6474398812551314,0.6188223478932839,0.23135091894454338,0.2592592592592596,1.2233606186634038,-2.534149843841321,1.7596622789832348,-1.2199335447094035,0.0606453741297639,0.6735554456066032,0.6044293054425656,0.06912614016403762,0.6474398812551314,0.5703434005881087,0.07709648066702268,0.6188223478932839,0.5577327798465647,0.06108956804671928,0.23135091894454338,0.2881131366095088,0.05676221766496545,0.2592592592592596,0.2563721459123325,0.002887113346927095,2664.0,0.8777191825972314,2541.0,0.8371786420566908,2472.0,0.8144363876071193,1774.0,0.5843770599868161,1171.0,0.38562953197099537,0.38562953197099537,WACC_0p9_WRT_0p1,0.6998681608437706,2335,False,,,False,False,False,False,False,196.0,0.5104712041884817
IBDD,Electricity,879,0.74,553,0.7499999999999998,0.1510119252804846,0,317,4646,401,385,41,8,0.8171379795245435,0.8433950404498678,0.8308666436858573,0.8171379795245435,0.3077317155851188,0.22222222222222254,1.2233606186634038,-2.534149843841321,1.7596622789832348,-1.2199335447094035,0.0606453741297639,0.8433950404498678,0.7372850866709932,0.10610995377887456,0.8308666436858573,0.7042417435330738,0.1266249001527835,0.8171379795245435,0.6978675547747848,0.11927042474975869,0.3077317155851188,0.3382282132079257,0.030496497622806873,0.22222222222222254,0.25638366768749676,0.03416144546527422,3026.0,0.9970336189848384,2999.0,0.988134475939354,2986.0,0.9838497033618985,2390.0,0.7874093605800923,1172.0,0.3859591298615689,0.3859591298615689,WACC_0p9_WRT_0p1,0.8284772577455504,2336,False,,,False,False,False,False,False,317.0,0.8272251308900523
IBDD,Electricity,1764,0.71,97,0.6428571428571426,0.4492584163869911,0,94,1705,4080,781,226,184,0.45598798516380645,0.5341023830060834,0.49683057364657,0.45598798516380645,0.3004306642296604,0.3333333333333337,1.2233606186634038,-2.534149843841321,1.7596622789832348,-1.2199335447094035,0.0606453741297639,0.5341023830060834,0.4836496384740106,0.05045274453207277,0.49683057364657,0.4439724985419528,0.05285807510461721,0.45598798516380645,0.48250493929142846,0.026516954127622006,0.3004306642296604,0.4337256803946628,0.1332950161650024,0.3333333333333337,0.4705802421782949,0.1372469088449612,1257.0,0.4139749505603164,1175.0,0.3869479235332894,1687.0,0.5557020435069215,2915.0,0.96044825313118,2919.0,0.961766644693474,0.3869479235332894,WACC_0p3_WRT_0p7,0.6557679630850364,2337,False,,,False,False,False,False,False,94.0,0.24345549738219896
IBDD,Electricity,260,0.76,17,0.8214285714285713,0.7410307533983356,0,4,2120,1,1000,42,3,0.10267761602810954,0.23152366314246678,0.17004555619386405,0.10267761602810954,0.10610584873789927,0.1481481481481484,1.2233606186634038,-2.534149843841321,1.7596622789832348,-1.2199335447094035,0.0606453741297639,0.23152366314246678,0.5886350013110992,0.3571113381686325,0.17004555619386405,0.5436691323141918,0.3736235761203277,0.10267761602810954,0.5412627745084796,0.43858515848037005,0.10610584873789927,0.30612579734492,0.20001994860702074,0.1481481481481484,0.25653169325255265,0.10838354510440426,2556.0,0.8421226104152933,2314.0,0.7623599208965063,2339.0,0.7705998681608438,2035.0,0.6704021094264997,1175.0,0.3869479235332894,0.3869479235332894,WACC_0p9_WRT_0p1,0.6864864864864865,2338,False,,,False,False,False,False,False,4.0,0.007853403141361256
IBDD,Electricity,2236,0.72,94,0.6785714285714283,0.454611535799055,0,87,460,3588,201,220,73,0.44950583330912175,0.5285509999120911,0.49083507990505837,0.44950583330912175,0.2615657011313083,0.2962962962962967,1.2233606186634038,-2.534149843841321,1.7596622789832348,-1.2199335447094035,0.0606453741297639,0.5285509999120911,0.4789914940540454,0.049559505858045694,0.49083507990505837,0.444163559663091,0.04667152024196736,0.44950583330912175,0.4495821894953089,7.635618618717643e-05,0.2615657011313083,0.27270916990133376,0.011143468770025478,0.2962962962962967,0.3083747433015091,0.012078447005212378,1196.0,0.3938694792353329,1178.0,0.3879367172050099,1225.0,0.4034278180619644,1494.0,0.492089650626236,2079.0,0.6849044166117337,0.3879367172050099,WACC_0p3_WRT_0p7,0.4724456163480554,2339,False,,,False,False,False,False,False,87.0,0.225130890052356
IBDD,Electricity,1062,0.74,94,0.7499999999999998,0.454611535799055,0,81,2156,2217,894,46,9,0.44950583330912175,0.5285509999120911,0.49083507990505837,0.44950583330912175,0.1838357749346038,0.22222222222222254,1.2233606186634038,-2.534149843841321,1.7596622789832348,-1.2199335447094035,0.0606453741297639,0.5285509999120911,0.5806254660017698,0.052074466089678695,0.49083507990505837,0.5566889423778922,0.06585386247283387,0.44950583330912175,0.5456077714489069,0.09610193813978518,0.1838357749346038,0.3216366213182424,0.1378008463836386,0.22222222222222254,0.2566364650414469,0.03441424281922434,2486.0,0.8190507580751483,2431.0,0.8009228740936059,2380.0,0.7841133816743573,2215.0,0.7297297297297297,1178.0,0.3879367172050099,0.3879367172050099,WACC_0p9_WRT_0p1,0.7043506921555702,2340,False,,,False,False,False,False,False,81.0,0.2094240837696335
IBDD,Electricity,612,0.73,440,0.7142857142857141,0.1902891697853268,0,307,4719,1638,374,62,4,0.7695767271564025,0.802663083185587,0.7868761298404339,0.7695767271564025,0.28941361168569096,0.2592592592592596,1.2233606186634038,-2.534149843841321,1.7596622789832348,-1.2199335447094035,0.0606453741297639,0.802663083185587,0.7060711762783508,0.09659190690723618,0.7868761298404339,0.710324495563031,0.07655163427740286,0.7695767271564025,0.6930303763539489,0.07654635080245353,0.28941361168569096,0.3573906848035017,0.06797707311781076,0.2592592592592596,0.2567285573662827,0.002530701892976883,2999.0,0.988134475939354,3009.0,0.991430454845089,2980.0,0.9818721160184575,2581.0,0.8503625576796309,1179.0,0.3882663150955834,0.3882663150955834,WACC_0p9_WRT_0p1,0.8400131839156229,2341,False,,,False,False,False,False,False,307.0,0.8010471204188482
IBDD,Electricity,2163,0.74,186,0.7499999999999998,0.3380070378924402,0,170,1790,3873,583,99,27,0.5907035171617443,0.6494741829263583,0.6214321175604669,0.5907035171617443,0.22052101777028832,0.22222222222222254,1.2233606186634038,-2.534149843841321,1.7596622789832348,-1.2199335447094035,0.0606453741297639,0.6494741829263583,0.558846149935403,0.09062803299095523,0.6214321175604669,0.5343547229860268,0.08707739457444008,0.5907035171617443,0.5435854665819493,0.04711805057979501,0.22052101777028832,0.26149072360082126,0.04096970583053294,0.22222222222222254,0.25675799689884254,0.03453577467662,2289.0,0.7541199736321688,2239.0,0.7376400791034937,2362.0,0.7781806196440343,1265.0,0.4166117336849044,1181.0,0.3889255108767304,0.3889255108767304,WACC_0p9_WRT_0p1,0.6150955833882663,2342,False,,,False,False,False,False,False,170.0,0.4424083769633508
IBDD,Electricity,1654,0.71,109,0.6428571428571426,0.4293696224892548,0,105,939,4324,798,204,192,0.4800715469765898,0.554727798900032,0.5191060228120346,0.4800715469765898,0.3004306642296604,0.3333333333333337,1.2233606186634038,-2.534149843841321,1.7596622789832348,-1.2199335447094035,0.0606453741297639,0.554727798900032,0.4776865111814584,0.0770412877185736,0.5191060228120346,0.45109412292068174,0.06801189989135281,0.4800715469765898,0.4939077020426099,0.013836155066020095,0.3004306642296604,0.4649693501427636,0.16453868591310317,0.3333333333333337,0.47626848764737334,0.14293515431403964,1181.0,0.3889255108767304,1248.0,0.4110085695451549,1858.0,0.6120632827949901,2984.0,0.9831905075807514,2933.0,0.966381015161503,0.3889255108767304,WACC_0p1_WRT_0p9,0.672313777191826,2343,False,,,False,False,False,False,False,105.0,0.27225130890052357
IBDD,Electricity,725,0.69,134,0.5714285714285711,0.3941085017086084,0,128,2054,4166,193,161,6,0.5227696304438523,0.5912948871169988,0.5585984780863587,0.5227696304438523,0.3781605904263649,0.4074074074074079,1.2233606186634038,-2.534149843841321,1.7596622789832348,-1.2199335447094035,0.0606453741297639,0.5912948871169988,0.5485410162600062,0.04275387085699267,0.5585984780863587,0.5309928261918586,0.02760565189450004,0.5227696304438523,0.5375618471009214,0.01479221665706909,0.3781605904263649,0.2621131085375064,0.1160474818888585,0.4074074074074079,0.2567730715022714,0.15063433590513647,2183.0,0.7191825972313777,2195.0,0.7231377719182597,2303.0,0.7587343441001978,1284.0,0.4228740936058009,1183.0,0.38958470665787737,0.38958470665787737,WACC_0p9_WRT_0p1,0.6027027027027028,2344,False,,,False,False,False,False,False,128.0,0.3324607329842932
IBDD,Electricity,1625,0.73,146,0.7142857142857141,0.3794461887748424,0,138,3812,2183,207,88,44,0.5405243883077224,0.6065002486779413,0.5750202685721765,0.5405243883077224,0.22270073803295595,0.2592592592592596,1.2233606186634038,-2.534149843841321,1.7596622789832348,-1.2199335447094035,0.0606453741297639,0.6065002486779413,0.5125781454895184,0.09392210318842287,0.5750202685721765,0.4902247017493705,0.08479556682280598,0.5405243883077224,0.48918965328359065,0.05133473502413177,0.22270073803295595,0.2583796789512026,0.035678940918246665,0.2592592592592596,0.2764570022904172,0.01719774303115762,1714.0,0.5646011865524061,1746.0,0.575148319050758,1794.0,0.5909690177982861,1184.0,0.3899143045484509,1643.0,0.5411997363216875,0.3899143045484509,WACC_0p7_WRT_0p3,0.5323665128543177,2345,False,,,False,False,False,False,False,138.0,0.3586387434554974
IBDD,Electricity,1984,0.71,96,0.6428571428571426,0.4510243614951085,0,93,202,3960,120,112,84,0.45384958258454444,0.5322710325235911,0.4948527151254784,0.45384958258454444,0.3004306642296604,0.3333333333333337,1.2233606186634038,-2.534149843841321,1.7596622789832348,-1.2199335447094035,0.0606453741297639,0.5322710325235911,0.4781351858957009,0.05413584662789017,0.4948527151254784,0.45691235661779783,0.03794035850768057,0.45384958258454444,0.45583660475672816,0.0019870221721837167,0.3004306642296604,0.3095243897760077,0.009093725546347298,0.3333333333333337,0.355796967768778,0.022463634435444302,1184.0,0.3899143045484509,1319.0,0.43441001977587346,1316.0,0.43342122610415296,2085.0,0.6868820039551747,2456.0,0.8091628213579433,0.3899143045484509,WACC_0p1_WRT_0p9,0.550758075148319,2346,False,,,False,False,False,False,False,93.0,0.24083769633507854
IBDD,Electricity,410,0.73,358,0.7142857142857141,0.2257100846736619,0,282,4530,345,151,74,10,0.7266851472262764,0.7659302825606469,0.7472047051654985,0.7266851472262764,0.2728940210851508,0.2592592592592596,1.2233606186634038,-2.534149843841321,1.7596622789832348,-1.2199335447094035,0.0606453741297639,0.7659302825606469,0.6857933976764385,0.08013688488420834,0.7472047051654985,0.6379703166258742,0.1092343885396243,0.7266851472262764,0.6306465457814038,0.09603860144487264,0.2728940210851508,0.3107341418868669,0.03784012080171606,0.2592592592592596,0.2568464392475848,0.0024128200116747545,2965.0,0.976928147659855,2861.0,0.942649967040211,2836.0,0.9344100197758735,2104.0,0.6931443638760711,1184.0,0.3899143045484509,0.3899143045484509,WACC_0p9_WRT_0p1,0.7874093605800924,2347,False,,,False,False,False,False,False,282.0,0.7356020942408377
IBDD,Electricity,2988,0.68,99,0.5357142857142857,0.4457799518448435,0,98,2209,3585,930,131,115,0.46020009657916583,0.5377096795683104,0.5007264539337751,0.46020009657916583,0.4170255535247168,0.44444444444444453,1.2233606186634038,-2.534149843841321,1.7596622789832348,-1.2199335447094035,0.0606453741297639,0.5377096795683104,0.47816815736109636,0.05954152220721404,0.5007264539337751,0.4584067748444197,0.04231967908935541,0.46020009657916583,0.45009700326902685,0.010103093310138977,0.4170255535247168,0.32008155941115324,0.09694399411356358,0.44444444444444453,0.37286187844759855,0.07158256599684598,1185.0,0.3902439024390244,1337.0,0.44034278180619646,1231.0,0.40540540540540543,2196.0,0.7234673698088332,2565.0,0.8450889914304548,0.3902439024390244,WACC_0p1_WRT_0p9,0.5609096901779829,2348,False,,,False,False,False,False,False,98.0,0.25392670157068065
IBDD,Electricity,1746,0.73,230,0.7142857142857141,0.3016242314594966,0,211,4803,3055,426,78,33,0.6347598622652081,0.6872045007086702,0.6621808607653638,0.6347598622652081,0.2374892149234585,0.2592592592592596,1.2233606186634038,-2.534149843841321,1.7596622789832348,-1.2199335447094035,0.0606453741297639,0.6872045007086702,0.5581695119096796,0.12903498879899067,0.6621808607653638,0.5644644145732914,0.09771644619207231,0.6347598622652081,0.5438807940177729,0.09087906824743519,0.2374892149234585,0.27550239161627116,0.03801317669281265,0.2592592592592596,0.25703943200972273,0.002219827249536843,2281.0,0.7514831905075807,2492.0,0.8210283454185893,2364.0,0.7788398154251813,1557.0,0.5128543177323666,1185.0,0.3902439024390244,0.3902439024390244,WACC_0p9_WRT_0p1,0.6508899143045485,2349,False,,,False,False,False,False,False,211.0,0.5497382198952879
IBDD,Electricity,1515,0.73,112,0.7142857142857141,0.4247367473289887,0,104,1035,1660,107,69,37,0.4856815470533606,0.5595322620291968,0.5242948429915326,0.4856815470533606,0.22270073803295595,0.2592592592592596,1.2233606186634038,-2.534149843841321,1.7596622789832348,-1.2199335447094035,0.0606453741297639,0.5595322620291968,0.4783218097080131,0.08121045232118373,0.5242948429915326,0.4549572193970758,0.06933762359445683,0.4856815470533606,0.4527341269021799,0.032947420151180684,0.22270073803295595,0.2647044868543046,0.042003748821348635,0.2592592592592596,0.26331246870572866,0.004053209446469086,1187.0,0.3909030982201714,1303.0,0.42913645352669744,1269.0,0.4179301252471984,1338.0,0.4406723796967699,1336.0,0.44001318391562294,0.3909030982201714,WACC_0p1_WRT_0p9,0.42373104812129203,2350,False,,,False,False,False,False,False,104.0,0.2696335078534031
IBDD,Electricity,2542,0.71,104,0.6428571428571426,0.4373793521924517,0,101,665,4425,381,215,212,0.47037247616302047,0.5464214125411612,0.5101351255444541,0.47037247616302047,0.3004306642296604,0.3333333333333337,1.2233606186634038,-2.534149843841321,1.7596622789832348,-1.2199335447094035,0.0606453741297639,0.5464214125411612,0.48440877773104357,0.062012634810117595,0.5101351255444541,0.4452547862222151,0.06488033932223897,0.47037247616302047,0.5070464378790216,0.036673961716001124,0.3004306642296604,0.4931800950827022,0.1927494308530418,0.3333333333333337,0.5252560567075807,0.19192272337424698,1270.0,0.41825972313777193,1187.0,0.3909030982201714,2025.0,0.6671061305207646,3024.0,0.9963744232036915,3014.0,0.9930784442979564,0.3909030982201714,WACC_0p3_WRT_0p7,0.6931443638760711,2351,False,,,False,False,False,False,False,101.0,0.2617801047120419
IBDD,Electricity,267,0.73,129,0.7142857142857141,0.4006065611337189,0,121,2925,1,1000,92,10,0.5149010579888075,0.5845561588242916,0.5513206515302349,0.5149010579888075,0.22270073803295595,0.2592592592592596,1.2233606186634038,-2.534149843841321,1.7596622789832348,-1.2199335447094035,0.0606453741297639,0.5845561588242916,0.5151753906797557,0.06938076814453586,0.5513206515302349,0.44531162785118683,0.10600902367904808,0.5149010579888075,0.4744363561881754,0.04046470180063205,0.22270073803295595,0.28469043940842326,0.061989701375467304,0.2592592592592596,0.2605698051454146,0.0013105458861550345,1762.0,0.5804218852999341,1188.0,0.3912326961107449,1555.0,0.5121951219512195,1726.0,0.5685563612392881,1264.0,0.41628213579433093,0.3912326961107449,WACC_0p3_WRT_0p7,0.4937376400791035,2352,False,,,False,False,False,False,False,121.0,0.31413612565445026
IBDD,Electricity,271,0.73,131,0.7142857142857141,0.3979778361999513,0,123,2958,1,1000,92,7,0.5180842102582068,0.5872822439407912,0.5542648234560545,0.5180842102582068,0.22270073803295595,0.2592592592592596,1.2233606186634038,-2.534149843841321,1.7596622789832348,-1.2199335447094035,0.0606453741297639,0.5872822439407912,0.5301946514907153,0.057087592450075886,0.5542648234560545,0.4779222145833244,0.07634260887273014,0.5180842102582068,0.4981306892356845,0.019953521022522347,0.22270073803295595,0.2939895150883757,0.07128877705541972,0.2592592592592596,0.257077384210376,0.0021818750488835637,1965.0,0.6473302570863546,1597.0,0.5260382333553065,1912.0,0.6298615688859591,1867.0,0.6150296638101516,1188.0,0.3912326961107449,0.3912326961107449,WACC_0p9_WRT_0p1,0.5618984838497034,2353,False,,,False,False,False,False,False,123.0,0.3193717277486911
IBDD,Electricity,2385,0.71,96,0.6428571428571426,0.4510243614951085,0,93,3982,3868,466,167,161,0.45384958258454444,0.5322710325235911,0.4948527151254784,0.45384958258454444,0.3004306642296604,0.3333333333333337,1.2233606186634038,-2.534149843841321,1.7596622789832348,-1.2199335447094035,0.0606453741297639,0.5322710325235911,0.4784169615512448,0.05385407097234629,0.4948527151254784,0.44916741244603836,0.04568530267944004,0.45384958258454444,0.46549928359692433,0.011649701012379887,0.3004306642296604,0.36586812383423944,0.06543745960457903,0.3333333333333337,0.4042819080817955,0.07094857474846178,1188.0,0.3912326961107449,1228.0,0.4044166117336849,1434.0,0.472313777191826,2651.0,0.8734344100197758,2711.0,0.8932102834541858,0.3912326961107449,WACC_0p1_WRT_0p9,0.6069215557020435,2354,False,,,False,False,False,False,False,93.0,0.24083769633507854
IBDD,Electricity,1555,0.72,83,0.6785714285714283,0.475799793515297,0,76,4164,3329,403,235,114,0.4238487363007214,0.5065779919100624,0.4671042312628673,0.4238487363007214,0.2615657011313083,0.2962962962962967,1.2233606186634038,-2.534149843841321,1.7596622789832348,-1.2199335447094035,0.0606453741297639,0.5065779919100624,0.4837453642685917,0.02283262764147065,0.4671042312628673,0.4580176039411362,0.0090866273217311,0.4238487363007214,0.4466231206197295,0.02277438431900808,0.2615657011313083,0.29927832783632047,0.03771262670501219,0.2962962962962967,0.33024390401069964,0.033947607714402916,1259.0,0.4146341463414634,1328.0,0.43737640079103496,1189.0,0.39156229400131837,1941.0,0.6394199077125906,2268.0,0.7471984179301252,0.39156229400131837,WACC_0p5_WRT_0p5,0.5260382333553065,2355,False,,,False,False,False,False,False,76.0,0.19633507853403143
IBDD,Electricity,1379,0.71,108,0.6428571428571426,0.4309420365106688,0,104,519,4562,348,223,194,0.478167493343437,0.5530971473222692,0.5173449191080508,0.478167493343437,0.3004306642296604,0.3333333333333337,1.2233606186634038,-2.534149843841321,1.7596622789832348,-1.2199335447094035,0.0606453741297639,0.5530971473222692,0.48432248974857023,0.068774657573699,0.5173449191080508,0.4454151716017093,0.07192974750634151,0.478167493343437,0.4889929136129451,0.010825420269508113,0.3004306642296604,0.4546839665599572,0.15425330233029677,0.3333333333333337,0.49350699150613403,0.16017365817280033,1267.0,0.41727092946605143,1189.0,0.39156229400131837,1791.0,0.5899802241265656,2969.0,0.978246539222149,2970.0,0.9785761371127225,0.39156229400131837,WACC_0p3_WRT_0p7,0.6711272247857614,2356,False,,,False,False,False,False,False,104.0,0.2696335078534031
IBDD,Electricity,1666,0.73,96,0.7142857142857141,0.4510243614951085,0,88,1753,3307,339,209,48,0.45384958258454444,0.5322710325235911,0.4948527151254784,0.45384958258454444,0.22270073803295595,0.2592592592592596,1.2233606186634038,-2.534149843841321,1.7596622789832348,-1.2199335447094035,0.0606453741297639,0.5322710325235911,0.4884550725391993,0.043815959984391806,0.4948527151254784,0.46986001959123436,0.024992695534244047,0.45384958258454444,0.4707950509312289,0.016945468346684478,0.22270073803295595,0.2587197411837479,0.036019003150791956,0.2592592592592596,0.2881111298338378,0.02885187057457822,1333.0,0.43902439024390244,1486.0,0.489452867501648,1512.0,0.498022412656559,1190.0,0.3918918918918919,1829.0,0.6025049439683586,0.3918918918918919,WACC_0p7_WRT_0p3,0.484179301252472,2357,False,,,False,False,False,False,False,88.0,0.22774869109947643
IBDD,Electricity,219,0.74,16,0.7499999999999998,0.7508721827029736,0,7,1,401,2,27,2,0.09181665552663519,0.22131773645617547,0.15902315537266942,0.09181665552663519,0.1838357749346038,0.22222222222222254,1.2233606186634038,-2.534149843841321,1.7596622789832348,-1.2199335447094035,0.0606453741297639,0.22131773645617547,0.48467181836710627,0.2633540819109308,0.15902315537266942,0.4454401328556864,0.286416977483017,0.09181665552663519,0.4942979160554158,0.4024812605287806,0.1838357749346038,0.37451177025651705,0.19067599532191326,0.22222222222222254,0.36306934568957555,0.140847123467353,1276.0,0.42023731048121293,1190.0,0.3918918918918919,1864.0,0.6140408701384311,2716.0,0.8948582729070534,2498.0,0.8230059327620303,0.3918918918918919,WACC_0p3_WRT_0p7,0.6288068556361239,2358,False,,,False,False,False,False,False,7.0,0.015706806282722512
IBDD,Electricity,970,0.72,182,0.6785714285714283,0.341729953499817,0,170,608,2347,141,50,7,0.5861953972317449,0.6456133815557453,0.6172624520802049,0.5861953972317449,0.2615657011313083,0.2962962962962967,1.2233606186634038,-2.534149843841321,1.7596622789832348,-1.2199335447094035,0.0606453741297639,0.6456133815557453,0.571887227506635,0.07372615404911032,0.6172624520802049,0.5497415983355461,0.06752085374465877,0.5861953972317449,0.5421684075318993,0.04402698969984553,0.2615657011313083,0.30718749812616686,0.04562179699485858,0.2962962962962967,0.25717428750875937,0.039122008787537355,2414.0,0.7953197099538563,2375.0,0.7824653922214898,2347.0,0.7732366512854317,2052.0,0.6760052735662492,1190.0,0.3918918918918919,0.3918918918918919,WACC_0p9_WRT_0p1,0.6837837837837837,2359,False,,,False,False,False,False,False,170.0,0.4424083769633508
IBDD,Electricity,1310,0.74,113,0.7499999999999998,0.4232197495097513,0,99,1980,3337,286,121,86,0.48751849659073904,0.5611054449528504,0.5259938805490785,0.48751849659073904,0.1838357749346038,0.22222222222222254,1.2233606186634038,-2.534149843841321,1.7596622789832348,-1.2199335447094035,0.0606453741297639,0.5611054449528504,0.47857832697681363,0.08252711797603679,0.5259938805490785,0.464590326207701,0.06140355434137745,0.48751849659073904,0.4608633547395375,0.026655141851201547,0.1838357749346038,0.2909095818127526,0.10707380687814883,0.22222222222222254,0.33604614424256773,0.11382392202034519,1191.0,0.3922214897824654,1423.0,0.46868820039551745,1375.0,0.45286750164798945,1824.0,0.6008569545154911,2313.0,0.7620303230059328,0.3922214897824654,WACC_0p1_WRT_0p9,0.5353328938694792,2360,False,,,False,False,False,False,False,99.0,0.25654450261780104
IBDD,Electricity,2069,0.74,112,0.7499999999999998,0.4247367473289887,0,98,1419,3807,163,196,139,0.4856815470533606,0.5595322620291968,0.5242948429915326,0.4856815470533606,0.1838357749346038,0.22222222222222254,1.2233606186634038,-2.534149843841321,1.7596622789832348,-1.2199335447094035,0.0606453741297639,0.5595322620291968,0.4786057353426576,0.08092652668653921,0.5242948429915326,0.44769872684852774,0.07659611614300488,0.4856815470533606,0.4551230801960972,0.030558466857263378,0.1838357749346038,0.33312943799806943,0.14929366306346564,0.22222222222222254,0.37507262288789384,0.1528504006656713,1192.0,0.39255108767303887,1210.0,0.3984838497033619,1303.0,0.42913645352669744,2353.0,0.7752142386288727,2581.0,0.8503625576796309,0.39255108767303887,WACC_0p1_WRT_0p9,0.5691496374423204,2361,False,,,False,False,False,False,False,98.0,0.25392670157068065
IBDD,Electricity,1714,0.71,98,0.6428571428571426,0.4475103999651687,0,95,1380,3918,564,190,159,0.45810467769735974,0.535915140776862,0.49878835203901095,0.45810467769735974,0.3004306642296604,0.3333333333333337,1.2233606186634038,-2.534149843841321,1.7596622789832348,-1.2199335447094035,0.0606453741297639,0.535915140776862,0.4837265820555602,0.05218855872130179,0.49878835203901095,0.4454918337592171,0.05329651827979387,0.45810467769735974,0.46149365158647443,0.003388973889114688,0.3004306642296604,0.3853992014359149,0.08496853720625447,0.3333333333333337,0.4271699662423863,0.09383663290905259,1258.0,0.41430454845088993,1192.0,0.39255108767303887,1387.0,0.45682267633487145,2770.0,0.9126565589980224,2791.0,0.9195781147000659,0.39255108767303887,WACC_0p3_WRT_0p7,0.6191825972313778,2362,False,,,False,False,False,False,False,95.0,0.24607329842931938
IBDD,Electricity,381,0.74,708,0.7499999999999998,0.1085371556578975,0,353,3483,4494,286,23,6,0.8685711506333126,0.8874429496881063,0.8784383856631548,0.8685711506333126,0.3275410798330331,0.22222222222222254,1.2233606186634038,-2.534149843841321,1.7596622789832348,-1.2199335447094035,0.0606453741297639,0.8874429496881063,0.6931866217655042,0.19425632792260217,0.8784383856631548,0.7090621498608339,0.16937623580232086,0.8685711506333126,0.7064169971780867,0.16215415345522588,0.3275410798330331,0.3516747498383614,0.02413367000532829,0.22222222222222254,0.25727686309824416,0.035054640876021614,2981.0,0.982201713909031,3008.0,0.9911008569545154,3000.0,0.9884640738299275,2527.0,0.8325642715886619,1192.0,0.39255108767303887,0.39255108767303887,WACC_0p9_WRT_0p1,0.8373764007910349,2363,False,,,False,False,False,False,False,353.0,0.9214659685863874
IBDD,Electricity,2292,0.73,154,0.7142857142857141,0.3703220335715145,0,146,3253,3136,658,79,28,0.5515729293584589,0.6159623355554664,0.5852393223999037,0.5515729293584589,0.22270073803295595,0.2592592592592596,1.2233606186634038,-2.534149843841321,1.7596622789832348,-1.2199335447094035,0.0606453741297639,0.6159623355554664,0.5476699414674389,0.06829239408802756,0.5852393223999037,0.5462478631586802,0.03899145924122349,0.5515729293584589,0.5346040720694292,0.01696885728902975,0.22270073803295595,0.2638866602764238,0.04118592224346787,0.2592592592592596,0.2572782051798073,0.00198105407945226,2172.0,0.7155570204350692,2336.0,0.7696110744891232,2272.0,0.7485168094924193,1322.0,0.43539881344759396,1193.0,0.3928806855636124,0.3928806855636124,WACC_0p9_WRT_0p1,0.6123928806855636,2364,False,,,False,False,False,False,False,146.0,0.3795811518324607
IBDD,Electricity,2205,0.74,166,0.7499999999999998,0.357482934377252,0,152,1701,4925,390,105,63,0.5671199374201531,0.6292769569421091,0.5996191134974777,0.5671199374201531,0.21143785779201393,0.22222222222222254,1.2233606186634038,-2.534149843841321,1.7596622789832348,-1.2199335447094035,0.0606453741297639,0.6292769569421091,0.5448940521878908,0.08438290475421828,0.5996191134974777,0.5237415951776424,0.07587751831983525,0.5671199374201531,0.505450771627989,0.06166916579216408,0.21143785779201393,0.25874988682337874,0.047312029031364805,0.22222222222222254,0.2920204601105891,0.06979823788836653,2145.0,0.7066578773895847,2131.0,0.7020435069215557,2000.0,0.6588661832564272,1193.0,0.3928806855636124,1887.0,0.6216216216216216,0.3928806855636124,WACC_0p7_WRT_0p3,0.6164139749505603,2365,False,,,False,False,False,False,False,152.0,0.39528795811518325
IBDD,Electricity,1327,0.74,103,0.7499999999999998,0.4390270024565642,0,89,3498,3445,845,222,120,0.46837731812650846,0.5447127381931928,0.5082897572486481,0.46837731812650846,0.1838357749346038,0.22222222222222254,1.2233606186634038,-2.534149843841321,1.7596622789832348,-1.2199335447094035,0.0606453741297639,0.5447127381931928,0.4789083794295206,0.06580435876367219,0.5082897572486481,0.4478599763346043,0.06042978091404383,0.46837731812650846,0.45192890551269205,0.01644841261381641,0.1838357749346038,0.3091460574613329,0.1253102825267291,0.22222222222222254,0.342624798901204,0.12040257667898147,1194.0,0.3932102834541859,1215.0,0.4001318391562294,1253.0,0.4126565589980224,2081.0,0.6855636123928807,2360.0,0.7775214238628873,0.3932102834541859,WACC_0p1_WRT_0p9,0.5338167435728411,2366,False,,,False,False,False,False,False,89.0,0.23036649214659685
IBDD,Electricity,471,0.73,657,0.7142857142857141,0.1213903561916657,0,341,4613,3984,301,92,4,0.85300706710272,0.8741137046901244,0.8640428010653345,0.85300706710272,0.32154660985974565,0.2592592592592596,1.2233606186634038,-2.534149843841321,1.7596622789832348,-1.2199335447094035,0.0606453741297639,0.8741137046901244,0.6462423042925167,0.22787140039760767,0.8640428010653345,0.6542582927470412,0.20978450831829332,0.85300706710272,0.6764068849503947,0.1766001821523253,0.32154660985974565,0.336592485372564,0.01504587551281833,0.2592592592592596,0.25731684725729,0.0019424120019695956,2857.0,0.9413315754779169,2907.0,0.957811470006592,2953.0,0.972972972972973,2376.0,0.7827949901120633,1194.0,0.3932102834541859,0.3932102834541859,WACC_0p9_WRT_0p1,0.8096242584047463,2367,False,,,False,False,False,False,False,341.0,0.8900523560209425
IBDD,Electricity,2433,0.72,99,0.6785714285714283,0.4457799518448435,0,92,1217,3730,247,136,122,0.46020009657916583,0.5377096795683104,0.5007264539337751,0.46020009657916583,0.2615657011313083,0.2962962962962967,1.2233606186634038,-2.534149843841321,1.7596622789832348,-1.2199335447094035,0.0606453741297639,0.5377096795683104,0.478968076538372,0.058741603029938416,0.5007264539337751,0.4526546534113004,0.04807180052247473,0.46020009657916583,0.45302468945204766,0.007175407127118172,0.2615657011313083,0.30847790596289654,0.046912204831588256,0.2962962962962967,0.3690825499712789,0.07278625367498215,1195.0,0.39353988134475937,1269.0,0.4179301252471984,1273.0,0.41924851680949243,2067.0,0.6809492419248517,2541.0,0.8371786420566908,0.39353988134475937,WACC_0p1_WRT_0p9,0.5497692814765985,2368,False,,,False,False,False,False,False,92.0,0.23821989528795812
IBDD,Electricity,2639,0.74,147,0.7499999999999998,0.3782788748888935,0,133,4531,3194,758,90,60,0.5419379016797108,0.6077107964115179,0.5763276601244394,0.5419379016797108,0.20173905626504823,0.22222222222222254,1.2233606186634038,-2.534149843841321,1.7596622789832348,-1.2199335447094035,0.0606453741297639,0.6077107964115179,0.520691846624844,0.0870189497866739,0.5763276601244394,0.5139845864067419,0.06234307371769743,0.5419379016797108,0.5038607422819279,0.03807715939778289,0.20173905626504823,0.2587923356652105,0.05705327940016225,0.22222222222222254,0.29223279209908914,0.0700105698768666,1838.0,0.6054713249835201,2029.0,0.6684245220830587,1977.0,0.6512854317732366,1195.0,0.39353988134475937,1891.0,0.6229400131839157,0.39353988134475937,WACC_0p7_WRT_0p3,0.588332234673698,2369,False,,,False,False,False,False,False,133.0,0.34554973821989526
IBDD,Electricity,1927,0.73,179,0.7142857142857141,0.344575937943391,0,166,3616,1258,619,89,18,0.5827491630046993,0.6426619902809279,0.614074949503402,0.5827491630046993,0.22270073803295595,0.2592592592592596,1.2233606186634038,-2.534149843841321,1.7596622789832348,-1.2199335447094035,0.0606453741297639,0.6426619902809279,0.5798164861116555,0.06284550416927237,0.614074949503402,0.5569985576142965,0.057076391889105516,0.5827491630046993,0.5459328625336796,0.03681630047101969,0.22270073803295595,0.27574056466702795,0.053039826634072,0.2592592592592596,0.25734067976890385,0.0019185794903557318,2479.0,0.8167435728411339,2434.0,0.8019116677653263,2381.0,0.7844429795649308,1562.0,0.514502307185234,1196.0,0.3938694792353329,0.3938694792353329,WACC_0p9_WRT_0p1,0.6622940013183916,2370,False,,,False,False,False,False,False,166.0,0.4319371727748691
IBDD,Electricity,822,0.73,222,0.7142857142857141,0.3076928116430253,0,204,1248,1607,307,78,7,0.6274113510021655,0.6809111582961219,0.6553840509598116,0.6274113510021655,0.23465895318475166,0.2592592592592596,1.2233606186634038,-2.534149843841321,1.7596622789832348,-1.2199335447094035,0.0606453741297639,0.6809111582961219,0.5895095638236654,0.09140159447245655,0.6553840509598116,0.5734888133260742,0.0818952376337374,0.6274113510021655,0.5601012519629507,0.06731009903921481,0.23465895318475166,0.31440795640188063,0.07974900321712897,0.2592592592592596,0.25746163926165444,0.0017976199976051377,2561.0,0.8437705998681608,2566.0,0.8454185893210283,2490.0,0.8203691496374423,2144.0,0.7063282794990112,1197.0,0.3941990771259064,0.3941990771259064,WACC_0p9_WRT_0p1,0.7220171390903098,2371,False,,,False,False,False,False,False,204.0,0.5314136125654451
IBDD,Electricity,1885,0.72,101,0.6785714285714283,0.4423703723360919,0,94,1687,3410,226,155,92,0.46432879434117375,0.5412455397996083,0.5045451829835771,0.46432879434117375,0.2615657011313083,0.2962962962962967,1.2233606186634038,-2.534149843841321,1.7596622789832348,-1.2199335447094035,0.0606453741297639,0.5412455397996083,0.4791964310319932,0.0620491087676151,0.5045451829835771,0.46280344369376014,0.04174173928981695,0.46432879434117375,0.4523322937472903,0.011996500593883463,0.2615657011313083,0.273663467367118,0.012097766235809715,0.2962962962962967,0.31916408536185975,0.022867789065563027,1198.0,0.39452867501647987,1398.0,0.46044825313118,1263.0,0.4159525379037574,1516.0,0.499340804218853,2191.0,0.7218193803559657,0.39452867501647987,WACC_0p1_WRT_0p9,0.4984179301252472,2372,False,,,False,False,False,False,False,94.0,0.24345549738219896
IBDD,Electricity,1066,0.74,537,0.7499999999999998,0.1560577996077807,0,310,4484,4985,846,84,2,0.811027874161402,0.8381622818882273,0.8252152644392856,0.811027874161402,0.30537842295076734,0.22222222222222254,1.2233606186634038,-2.534149843841321,1.7596622789832348,-1.2199335447094035,0.0606453741297639,0.8381622818882273,0.6653375792705954,0.17282470261763183,0.8252152644392856,0.6681667794926356,0.15704848494665002,0.811027874161402,0.6913825981869154,0.1196452759744866,0.30537842295076734,0.34666080818507883,0.04128238523431149,0.22222222222222254,0.25755149509974407,0.03532927287752152,2915.0,0.96044825313118,2938.0,0.9680290046143705,2975.0,0.98022412656559,2473.0,0.8147659854976929,1198.0,0.39452867501647987,0.39452867501647987,WACC_0p9_WRT_0p1,0.8235992089650626,2373,False,,,False,False,False,False,False,310.0,0.8089005235602095
IBDD,Electricity,2796,0.74,134,0.7499999999999998,0.3941085017086084,0,120,1402,20,352,95,20,0.5227696304438523,0.5912948871169988,0.5585984780863587,0.5227696304438523,0.19435644191854132,0.22222222222222254,1.2233606186634038,-2.534149843841321,1.7596622789832348,-1.2199335447094035,0.0606453741297639,0.5912948871169988,0.5016846649881679,0.08961022212883096,0.5585984780863587,0.44679514546676313,0.11180333261959552,0.5227696304438523,0.4665613528258811,0.05620827761797115,0.19435644191854132,0.2788570214350816,0.0845005795165403,0.22222222222222254,0.26484764421175994,0.04262542198953739,1543.0,0.5082399472643375,1199.0,0.3948582729070534,1446.0,0.476268951878708,1623.0,0.5346077785102176,1372.0,0.45187870797626895,0.3948582729070534,WACC_0p3_WRT_0p7,0.47317073170731705,2374,False,,,False,False,False,False,False,120.0,0.31151832460732987
IBDD,Electricity,2598,0.73,196,0.7142857142857141,0.3290373984942353,0,181,4812,1430,309,85,25,0.60156495330492,0.6587760311911633,0.6314781136864565,0.60156495330492,0.22470427422088943,0.2592592592592596,1.2233606186634038,-2.534149843841321,1.7596622789832348,-1.2199335447094035,0.0606453741297639,0.6587760311911633,0.5833044677322722,0.07547156345889117,0.6314781136864565,0.5535397959975477,0.0779383176889088,0.60156495330492,0.5486090109929946,0.05295594231192535,0.22470427422088943,0.28925487165900504,0.06455059743811561,0.2592592592592596,0.2576333952598614,0.0016258639993981805,2504.0,0.8249835201054714,2402.0,0.7913645352669743,2405.0,0.7923533289386948,1795.0,0.5912986156888596,1201.0,0.39551746868820037,0.39551746868820037,WACC_0p9_WRT_0p1,0.67910349373764,2375,False,,,False,False,False,False,False,181.0,0.4712041884816754
IBDD,Electricity,2877,0.73,326,0.7142857142857141,0.2417850175211534,0,269,1275,2239,555,98,1,0.707219832192117,0.749259981829915,0.7292007803763082,0.707219832192117,0.26539700102203584,0.2592592592592596,1.2233606186634038,-2.534149843841321,1.7596622789832348,-1.2199335447094035,0.0606453741297639,0.749259981829915,0.6031281171547858,0.14613186467512929,0.7292007803763082,0.5828646192300837,0.1463361611462245,0.707219832192117,0.5700229318647757,0.13719690032734133,0.26539700102203584,0.3001066482485389,0.03470964722650305,0.2592592592592596,0.25763687780647904,0.0016223814527805414,2656.0,0.8750823994726433,2627.0,0.8655240606460118,2553.0,0.8411338167435728,1956.0,0.6443638760711932,1202.0,0.3958470665787739,0.3958470665787739,WACC_0p9_WRT_0p1,0.724390243902439,2376,False,,,False,False,False,False,False,269.0,0.7015706806282722
IBDD,Electricity,2544,0.74,120,0.7499999999999998,0.4129592931336661,0,106,1699,3530,355,230,109,0.4999429973740139,0.5717459182317536,0.537485591690294,0.4999429973740139,0.18556481816122614,0.22222222222222254,1.2233606186634038,-2.534149843841321,1.7596622789832348,-1.2199335447094035,0.0606453741297639,0.5717459182317536,0.4797485419494304,0.09199737628232318,0.537485591690294,0.451657841071935,0.08582775061835896,0.4999429973740139,0.45317416988625314,0.046768827487760734,0.18556481816122614,0.28768328610761346,0.10211846794638732,0.22222222222222254,0.3382167989204494,0.11599457669822688,1204.0,0.39650626235992087,1258.0,0.41430454845088993,1277.0,0.4205669083717864,1768.0,0.5823994726433751,2328.0,0.7669742913645353,0.39650626235992087,WACC_0p1_WRT_0p9,0.5161502966381015,2377,False,,,False,False,False,False,False,106.0,0.27486910994764396
IBDD,Electricity,2006,0.73,328,0.7142857142857141,0.2407351475690321,0,270,1433,339,515,45,10,0.7084911313979564,0.750348735854337,0.730376634722684,0.7084911313979564,0.265886638905403,0.2592592592592596,1.2233606186634038,-2.534149843841321,1.7596622789832348,-1.2199335447094035,0.0606453741297639,0.750348735854337,0.634679683171684,0.11566905268265304,0.730376634722684,0.5898673176664355,0.14050931705624847,0.7084911313979564,0.5621800143650217,0.14631111703293465,0.265886638905403,0.3104008257192647,0.04451418681386171,0.2592592592592596,0.2577642893704159,0.001494969888843678,2811.0,0.9261700725115359,2667.0,0.8787079762689519,2514.0,0.8282794990112063,2101.0,0.6921555702043507,1204.0,0.39650626235992087,0.39650626235992087,WACC_0p9_WRT_0p1,0.7443638760711933,2378,False,,,False,False,False,False,False,270.0,0.7041884816753927
IBDD,Electricity,2833,0.73,116,0.7142857142857141,0.4187473386096327,0,108,1881,3551,854,211,93,0.4929341887095774,0.5657435007011216,0.5310029807572112,0.4929341887095774,0.22270073803295595,0.2592592592592596,1.2233606186634038,-2.534149843841321,1.7596622789832348,-1.2199335447094035,0.0606453741297639,0.5657435007011216,0.47988390726024693,0.08585959344087463,0.5310029807572112,0.4618761165804404,0.06912686417677077,0.4929341887095774,0.462217140920642,0.030717047788935414,0.22270073803295595,0.28888733792960203,0.06618659989664608,0.2592592592592596,0.34768297699828205,0.08842371773902247,1205.0,0.3968358602504944,1380.0,0.4545154911008569,1393.0,0.45880026367831245,1791.0,0.5899802241265656,2390.0,0.7874093605800923,0.3968358602504944,WACC_0p1_WRT_0p9,0.5375082399472644,2379,False,,,False,False,False,False,False,108.0,0.2801047120418848
IBDD,Electricity,1366,0.72,117,0.6785714285714283,0.4172819839037627,0,110,4011,4108,730,184,82,0.49470860302639985,0.5672631278035053,0.5326441780277857,0.49470860302639985,0.2615657011313083,0.2962962962962967,1.2233606186634038,-2.534149843841321,1.7596622789832348,-1.2199335447094035,0.0606453741297639,0.5672631278035053,0.512415476037514,0.05484765176599127,0.5326441780277857,0.4951283042241341,0.03751587380365162,0.49470860302639985,0.49284211765571323,0.0018664853706866213,0.2615657011313083,0.2591057151794201,0.0024599859518881773,0.2962962962962967,0.29988744621234126,0.0035911499160445337,1712.0,0.5639419907712591,1812.0,0.5969017798286091,1840.0,0.6061305207646671,1205.0,0.3968358602504944,2003.0,0.6598549769281477,0.3968358602504944,WACC_0p7_WRT_0p3,0.5647330257086354,2380,False,,,False,False,False,False,False,110.0,0.28534031413612565
IBDD,Electricity,571,0.73,287,0.7142857142857141,0.2636515878888698,0,245,4010,2759,734,119,6,0.6807413588471638,0.7265835384856165,0.7047102215644658,0.6807413588471638,0.25519887961689003,0.2592592592592596,1.2233606186634038,-2.534149843841321,1.7596622789832348,-1.2199335447094035,0.0606453741297639,0.7265835384856165,0.6191807173773864,0.10740282110823007,0.7047102215644658,0.6145158435809263,0.09019437798353958,0.6807413588471638,0.6164442219781331,0.06429713686903071,0.25519887961689003,0.31472813779323017,0.05952925817634014,0.2592592592592596,0.25784843260131696,0.001410826657942621,2738.0,0.9021094264996704,2767.0,0.9116677653263019,2788.0,0.9185893210283455,2147.0,0.7073170731707317,1205.0,0.3968358602504944,0.3968358602504944,WACC_0p9_WRT_0p1,0.7673038892551087,2381,False,,,False,False,False,False,False,245.0,0.6387434554973822
IBDD,Electricity,1585,0.73,124,0.7142857142857141,0.4073595105219982,0,116,1603,4439,942,195,73,0.5067238364414649,0.5775531001994092,0.5437573482153619,0.5067238364414649,0.22270073803295595,0.2592592592592596,1.2233606186634038,-2.534149843841321,1.7596622789832348,-1.2199335447094035,0.0606453741297639,0.5775531001994092,0.515689107972828,0.06186399222658123,0.5437573482153619,0.5018846619399958,0.04187268627536611,0.5067238364414649,0.4878268365406754,0.018896999900789524,0.22270073803295595,0.2591291712018643,0.03642843316890834,0.2592592592592596,0.3029240297095847,0.04366477045032513,1768.0,0.5823994726433751,1894.0,0.6239288068556361,1772.0,0.5837178642056691,1206.0,0.3971654581410679,2026.0,0.6674357284113381,0.3971654581410679,WACC_0p7_WRT_0p3,0.5709294660514173,2382,False,,,False,False,False,False,False,116.0,0.3010471204188482
IBDD,Electricity,2451,0.7,97,0.6071428571428569,0.4492584163869911,0,95,312,4055,934,168,109,0.45598798516380645,0.5341023830060834,0.49683057364657,0.45598798516380645,0.33929562732801266,0.37037037037037074,1.2233606186634038,-2.534149843841321,1.7596622789832348,-1.2199335447094035,0.0606453741297639,0.5341023830060834,0.4799891014165783,0.05411328158950507,0.49683057364657,0.4548311891790786,0.04199938446749141,0.45598798516380645,0.4580359526572175,0.0020479674934110736,0.33929562732801266,0.3431516540473484,0.0038560267193357145,0.37037037037037074,0.3876857366679734,0.017315366297602663,1206.0,0.3971654581410679,1301.0,0.42847725774555045,1336.0,0.44001318391562294,2448.0,0.8065260382333553,2646.0,0.8717864205669084,0.3971654581410679,WACC_0p1_WRT_0p9,0.588793671720501,2383,False,,,False,False,False,False,False,95.0,0.24607329842931938
IBDD,Electricity,613,0.73,102,0.7142857142857141,0.4406905722934009,0,94,49,3161,942,137,9,0.46636288290226385,0.5429875546586953,0.506426559031391,0.46636288290226385,0.22270073803295595,0.2592592592592596,1.2233606186634038,-2.534149843841321,1.7596622789832348,-1.2199335447094035,0.0606453741297639,0.5429875546586953,0.4800344424518311,0.06295311220686423,0.506426559031391,0.4492869536397999,0.057139605391591075,0.46636288290226385,0.46281022314504583,0.003552659757218024,0.22270073803295595,0.29847740695822483,0.07577666892526888,0.2592592592592596,0.3339533403955843,0.0746940811363247,1207.0,0.3974950560316414,1232.0,0.4057350032959789,1402.0,0.46176664469347395,1933.0,0.6367831245880027,2292.0,0.7551087673038892,0.3974950560316414,WACC_0p1_WRT_0p9,0.5313777191825972,2384,False,,,False,False,False,False,False,94.0,0.24345549738219896
IBDD,Electricity,2431,0.74,129,0.7499999999999998,0.4006065611337189,0,115,962,4496,866,119,77,0.5149010579888075,0.5845561588242916,0.5513206515302349,0.5149010579888075,0.19132587984132754,0.22222222222222254,1.2233606186634038,-2.534149843841321,1.7596622789832348,-1.2199335447094035,0.0606453741297639,0.5845561588242916,0.5172738287990819,0.06728233002520967,0.5513206515302349,0.5021174748651837,0.04920317666505125,0.5149010579888075,0.4884279000434479,0.026473157945359593,0.19132587984132754,0.25919607971838954,0.067870199877062,0.22222222222222254,0.309523615534593,0.08730139331237047,1790.0,0.5896506262359921,1897.0,0.6249176005273567,1781.0,0.5866842452208306,1208.0,0.3978246539222149,2099.0,0.6914963744232037,0.3978246539222149,WACC_0p7_WRT_0p3,0.5781147000659196,2385,False,,,False,False,False,False,False,115.0,0.29842931937172773
IBDD,Electricity,1207,0.74,116,0.7499999999999998,0.4187473386096327,0,102,1862,2847,245,73,61,0.4929341887095774,0.5657435007011216,0.5310029807572112,0.4929341887095774,0.1838357749346038,0.22222222222222254,1.2233606186634038,-2.534149843841321,1.7596622789832348,-1.2199335447094035,0.0606453741297639,0.5657435007011216,0.4927995640686068,0.07294393663251475,0.5310029807572112,0.45958934041167293,0.07141364034553827,0.4929341887095774,0.4484385789070446,0.04449560980253281,0.1838357749346038,0.29820925502604095,0.11437348009143716,0.22222222222222254,0.3143535334811027,0.09213131125888013,1412.0,0.46506262359920897,1347.0,0.4436387607119314,1209.0,0.3981542518127884,1927.0,0.6348055372445617,2148.0,0.7076466710613052,0.3981542518127884,WACC_0p5_WRT_0p5,0.5298615688859591,2386,False,,,False,False,False,False,False,102.0,0.2643979057591623
IBDD,Electricity,597,0.73,161,0.7142857142857141,0.3627167154193049,0,152,375,4780,907,94,1,0.5607822937254692,0.6238493321577578,0.5937572787303784,0.5607822937254692,0.22270073803295595,0.2592592592592596,1.2233606186634038,-2.534149843841321,1.7596622789832348,-1.2199335447094035,0.0606453741297639,0.6238493321577578,0.584089166532833,0.03976016562492479,0.5937572787303784,0.5619480253101928,0.03180925342018559,0.5607822937254692,0.562005993853218,0.0012237001277488613,0.22270073803295595,0.28265049384339724,0.05994975581044129,0.2592592592592596,0.2580130237194149,0.0012462355398446534,2514.0,0.8282794990112063,2469.0,0.8134475939353988,2513.0,0.8279499011206328,1691.0,0.5570204350692155,1210.0,0.3984838497033619,0.3984838497033619,WACC_0p9_WRT_0p1,0.6850362557679631,2387,False,,,False,False,False,False,False,152.0,0.39528795811518325
IBDD,Electricity,2255,0.74,119,0.7499999999999998,0.41438816555554,0,105,1531,1902,823,50,42,0.498212759860783,0.5702641246090697,0.5358852545777952,0.498212759860783,0.18489842127384554,0.22222222222222254,1.2233606186634038,-2.534149843841321,1.7596622789832348,-1.2199335447094035,0.0606453741297639,0.5702641246090697,0.49572864020443197,0.07453548440463775,0.5358852545777952,0.45065724690787734,0.0852280076699179,0.498212759860783,0.4485803210447218,0.04963243881606122,0.18489842127384554,0.2851523980790846,0.10025397680523906,0.22222222222222254,0.30038988295753105,0.07816766073530851,1454.0,0.478905735003296,1245.0,0.4100197758734344,1211.0,0.3988134475939354,1731.0,0.5702043506921556,2007.0,0.6611733684904416,0.3988134475939354,WACC_0p5_WRT_0p5,0.5038233355306525,2388,False,,,False,False,False,False,False,105.0,0.27225130890052357
IBDD,Electricity,2070,0.73,209,0.7142857142857141,0.3180345608150853,0,193,3235,2187,913,60,16,0.614888411867784,0.6701863813769485,0.6438012918871044,0.614888411867784,0.22983577278541736,0.2592592592592596,1.2233606186634038,-2.534149843841321,1.7596622789832348,-1.2199335447094035,0.0606453741297639,0.6701863813769485,0.5829230266952445,0.08726335468170399,0.6438012918871044,0.5693689939781976,0.07443229790890682,0.614888411867784,0.5684682083939623,0.0464202034738217,0.22983577278541736,0.2997098559059928,0.06987408312057544,0.2592592592592596,0.25801694260045266,0.001242316658806919,2503.0,0.8246539222148979,2531.0,0.8338826631509558,2542.0,0.8375082399472643,1950.0,0.6423862887277522,1211.0,0.3988134475939354,0.3988134475939354,WACC_0p9_WRT_0p1,0.7074489123269612,2389,False,,,False,False,False,False,False,193.0,0.5026178010471204
IBDD,Electricity,1825,0.74,127,0.7499999999999998,0.4032760431131678,0,113,172,4896,320,120,33,0.5116685525593311,0.5817878071419,0.548330831713252,0.5116685525593311,0.19008088801785153,0.22222222222222254,1.2233606186634038,-2.534149843841321,1.7596622789832348,-1.2199335447094035,0.0606453741297639,0.5817878071419,0.5208157773826582,0.060972029759241875,0.548330831713252,0.49986877427290116,0.04846205744035087,0.5116685525593311,0.49885016011850514,0.012818392440825943,0.19008088801785153,0.2595472219003052,0.06946633388245368,0.22222222222222254,0.2917298359028327,0.06950761368061015,1840.0,0.6061305207646671,1875.0,0.6176664469347396,1914.0,0.6305207646671062,1212.0,0.3991430454845089,1884.0,0.6206328279499012,0.3991430454845089,WACC_0p7_WRT_0p3,0.5748187211601846,2390,False,,,False,False,False,False,False,113.0,0.2931937172774869
IBDD,Electricity,1670,0.73,118,0.7142857142857141,0.4158289952077859,0,110,4736,3504,695,228,91,0.4964680432042589,0.5687699308956294,0.5342715253672798,0.4964680432042589,0.22270073803295595,0.2592592592592596,1.2233606186634038,-2.534149843841321,1.7596622789832348,-1.2199335447094035,0.0606453741297639,0.5687699308956294,0.4936222240971056,0.07514770679852384,0.5342715253672798,0.47934305389158177,0.05492847147569807,0.4964680432042589,0.47793355843254126,0.018534484771717652,0.22270073803295595,0.25955817776011014,0.03685743972715419,0.2592592592592596,0.3004740472465421,0.04121478798728251,1431.0,0.4713249835201055,1612.0,0.5309822017139091,1619.0,0.5332893869479235,1213.0,0.3994726433750824,2010.0,0.6621621621621622,0.3994726433750824,WACC_0p7_WRT_0p3,0.5194462755438366,2391,False,,,False,False,False,False,False,110.0,0.28534031413612565
IBDD,Electricity,2814,0.71,103,0.6428571428571426,0.4390270024565642,0,100,3168,4293,657,235,195,0.46837731812650846,0.5447127381931928,0.5082897572486481,0.46837731812650846,0.3004306642296604,0.3333333333333337,1.2233606186634038,-2.534149843841321,1.7596622789832348,-1.2199335447094035,0.0606453741297639,0.5447127381931928,0.48788798672349304,0.05682475146969973,0.5082897572486481,0.4477713289174911,0.060518428331157004,0.46837731812650846,0.4858167958696862,0.017439477743177723,0.3004306642296604,0.44159023942394415,0.14115957519428374,0.3333333333333337,0.46402846823911215,0.13069513490577844,1325.0,0.43638760711931446,1213.0,0.3994726433750824,1734.0,0.571193144363876,2936.0,0.9673698088332234,2899.0,0.9551746868820039,0.3994726433750824,WACC_0p3_WRT_0p7,0.6659195781147,2392,False,,,False,False,False,False,False,100.0,0.2591623036649215
IBDD,Electricity,1094,0.74,539,0.7499999999999998,0.1554189189538755,0,312,2956,3895,812,36,5,0.8118015018533793,0.8388248247885736,0.8259308107716593,0.8118015018533793,0.30567638382722667,0.22222222222222254,1.2233606186634038,-2.534149843841321,1.7596622789832348,-1.2199335447094035,0.0606453741297639,0.8388248247885736,0.666226601839216,0.17259822294935756,0.8259308107716593,0.6553247362771332,0.17060607449452614,0.8118015018533793,0.669568614639557,0.14223288721382232,0.30567638382722667,0.35138481113176634,0.04570842730453967,0.22222222222222254,0.25813436190173333,0.03591213967951079,2917.0,0.9611074489123269,2914.0,0.9601186552406065,2943.0,0.969676994067238,2523.0,0.8312458800263678,1213.0,0.3994726433750824,0.3994726433750824,WACC_0p9_WRT_0p1,0.8243243243243243,2393,False,,,False,False,False,False,False,312.0,0.8141361256544503
IBDD,Electricity,1816,0.7,117,0.6071428571428569,0.4172819839037627,0,114,352,4839,181,242,31,0.49470860302639985,0.5672631278035053,0.5326441780277857,0.49470860302639985,0.33929562732801266,0.37037037037037074,1.2233606186634038,-2.534149843841321,1.7596622789832348,-1.2199335447094035,0.0606453741297639,0.5672631278035053,0.5211588750240076,0.0461042527794977,0.5326441780277857,0.48859340806709173,0.044050769960694014,0.49470860302639985,0.4980321297236918,0.0033235266972919675,0.33929562732801266,0.259559593403019,0.07973603392499368,0.37037037037037074,0.2848322437479321,0.08553812662243865,1847.0,0.6084377059986816,1725.0,0.5682267633487146,1910.0,0.6292023731048121,1214.0,0.3998022412656559,1788.0,0.5889914304548451,0.3998022412656559,WACC_0p7_WRT_0p3,0.5589321028345419,2394,False,,,False,False,False,False,False,114.0,0.29581151832460734
IBDD,Electricity,906,0.74,560,0.7499999999999998,0.1488500189029249,0,319,1347,4641,475,29,7,0.819755856010424,0.8456370174340038,0.833287978828724,0.819755856010424,0.3087399845241502,0.22222222222222254,1.2233606186634038,-2.534149843841321,1.7596622789832348,-1.2199335447094035,0.0606453741297639,0.8456370174340038,0.6500851804331402,0.19555183700086354,0.833287978828724,0.6520545395965793,0.18123343923214463,0.819755856010424,0.6609158237911164,0.15884003221930765,0.3087399845241502,0.3430446324952867,0.034304647971136526,0.22222222222222254,0.25815271100699394,0.0359304887847714,2875.0,0.9472643375082399,2902.0,0.9561634805537245,2922.0,0.9627554383651945,2445.0,0.8055372445616348,1215.0,0.4001318391562294,0.4001318391562294,WACC_0p9_WRT_0p1,0.8143704680290046,2395,False,,,False,False,False,False,False,319.0,0.8324607329842932
IBDD,Electricity,333,0.73,218,0.7142857142857141,0.3108092431231825,0,200,1580,1279,994,116,9,0.6236376294495372,0.6776793034278108,0.6518936477020356,0.6236376294495372,0.23320551325105343,0.2592592592592596,1.2233606186634038,-2.534149843841321,1.7596622789832348,-1.2199335447094035,0.0606453741297639,0.6776793034278108,0.5364298076436672,0.14124949578414359,0.6518936477020356,0.5203138170870855,0.13157983061495016,0.6236376294495372,0.4910949832346721,0.13254264621486506,0.23320551325105343,0.2631262119945555,0.02992069874350206,0.2592592592592596,0.25818043361374315,0.0010788256455164236,2053.0,0.6763348714568227,2103.0,0.6928147659854977,1816.0,0.5982201713909031,1298.0,0.42748846407382995,1216.0,0.4004614370468029,0.4004614370468029,WACC_0p9_WRT_0p1,0.5590639419907714,2396,False,,,False,False,False,False,False,200.0,0.5209424083769634
IBDD,Electricity,849,0.73,419,0.7142857142857141,0.1986897694377187,0,299,1505,2078,352,57,10,0.7594043475725477,0.7939513502127361,0.7774674582297549,0.7594043475725477,0.28549574373976006,0.2592592592592596,1.2233606186634038,-2.534149843841321,1.7596622789832348,-1.2199335447094035,0.0606453741297639,0.7939513502127361,0.5997654039857402,0.19418594622699592,0.7774674582297549,0.6076646569742732,0.16980280125548175,0.7594043475725477,0.5926718798697515,0.16673246770279626,0.28549574373976006,0.3224272398495534,0.03693149610979335,0.2592592592592596,0.2581921262194037,0.0010671330398558942,2630.0,0.8665128543177324,2738.0,0.9021094264996704,2691.0,0.8866183256427159,2225.0,0.7330257086354647,1217.0,0.4007910349373764,0.4007910349373764,WACC_0p9_WRT_0p1,0.7578114700065919,2397,False,,,False,False,False,False,False,299.0,0.7801047120418848
IBDD,Electricity,2599,0.74,106,0.7499999999999998,0.4341306116852848,0,92,2726,3661,882,214,99,0.47430641218852043,0.5497904767708157,0.513773714912481,0.47430641218852043,0.1838357749346038,0.22222222222222254,1.2233606186634038,-2.534149843841321,1.7596622789832348,-1.2199335447094035,0.0606453741297639,0.5497904767708157,0.48095546126574495,0.06883501550507076,0.513773714912481,0.4572424529121186,0.0565312620003624,0.47430641218852043,0.4611291217252315,0.013177290463288915,0.1838357749346038,0.2859143400886388,0.10207856515403502,0.22222222222222254,0.33453154018739345,0.11230931796517091,1218.0,0.4011206328279499,1323.0,0.4357284113381674,1383.0,0.45550428477257743,1747.0,0.5754779169413315,2301.0,0.7580751483190508,0.4011206328279499,WACC_0p1_WRT_0p9,0.5251812788398154,2398,False,,,False,False,False,False,False,92.0,0.23821989528795812
IBDD,Electricity,2493,0.74,154,0.7499999999999998,0.3703220335715145,0,140,1397,4763,507,116,40,0.5515729293584589,0.6159623355554664,0.5852393223999037,0.5515729293584589,0.20544996439520077,0.22222222222222254,1.2233606186634038,-2.534149843841321,1.7596622789832348,-1.2199335447094035,0.0606453741297639,0.6159623355554664,0.5393222283045506,0.07664010725091586,0.5852393223999037,0.5323564125883067,0.052882909811597045,0.5515729293584589,0.5175925373993105,0.03398039195914837,0.20544996439520077,0.2596950503854125,0.054245085990211744,0.22222222222222254,0.26911208148971505,0.046889859267492506,2091.0,0.6888595912986157,2206.0,0.7267633487145683,2128.0,0.7010547132498351,1218.0,0.4011206328279499,1489.0,0.4904416611733685,0.4011206328279499,WACC_0p7_WRT_0p3,0.6016479894528676,2399,False,,,False,False,False,False,False,140.0,0.36387434554973824
IBDD,Electricity,1444,0.74,220,0.7499999999999998,0.3092439765369044,0,194,3938,3768,996,91,26,0.6255330281739618,0.6793025428506178,0.653646746278667,0.6255330281739618,0.2339355215884308,0.22222222222222254,1.2233606186634038,-2.534149843841321,1.7596622789832348,-1.2199335447094035,0.0606453741297639,0.6793025428506178,0.5770976173618673,0.10220492548875049,0.653646746278667,0.5720896395134857,0.08155710676518135,0.6255330281739618,0.5746205042324509,0.05091252394151091,0.2339355215884308,0.2790341182729605,0.045098596684529674,0.22222222222222254,0.2582294261039522,0.03600720388172968,2447.0,0.8061964403427818,2559.0,0.8431114040870138,2588.0,0.8526697429136454,1628.0,0.536255767963085,1218.0,0.4011206328279499,0.4011206328279499,WACC_0p9_WRT_0p1,0.6878707976268952,2400,False,,,False,False,False,False,False,194.0,0.5052356020942408
IBDD,Electricity,2102,0.71,99,0.6428571428571426,0.4457799518448435,0,96,3491,4145,271,235,171,0.46020009657916583,0.5377096795683104,0.5007264539337751,0.46020009657916583,0.3004306642296604,0.3333333333333337,1.2233606186634038,-2.534149843841321,1.7596622789832348,-1.2199335447094035,0.0606453741297639,0.5377096795683104,0.48106246027729865,0.05664721929101174,0.5007264539337751,0.4514294345794475,0.04929701935432762,0.46020009657916583,0.47708549711615156,0.01688540053698573,0.3004306642296604,0.38848732892604765,0.08805666469638723,0.3333333333333337,0.42708132271750665,0.09374798938417295,1219.0,0.4014502307185234,1255.0,0.41331575477916943,1605.0,0.5286750164798946,2783.0,0.916941331575478,2790.0,0.9192485168094924,0.4014502307185234,WACC_0p1_WRT_0p9,0.6359261700725115,2401,False,,,False,False,False,False,False,96.0,0.2486910994764398
IBDD,Electricity,2381,0.74,120,0.7499999999999998,0.4129592931336661,0,106,4643,3153,373,196,105,0.4999429973740139,0.5717459182317536,0.537485591690294,0.4999429973740139,0.18556481816122614,0.22222222222222254,1.2233606186634038,-2.534149843841321,1.7596622789832348,-1.2199335447094035,0.0606453741297639,0.5717459182317536,0.481199895352763,0.0905460228789906,0.537485591690294,0.457746140779911,0.07973945091038298,0.4999429973740139,0.4516019402989941,0.04834105707501979,0.18556481816122614,0.2715600647693409,0.08599524660811478,0.22222222222222254,0.30772101106422894,0.0854987888420064,1220.0,0.4017798286090969,1327.0,0.43704680290046144,1249.0,0.41133816743572843,1473.0,0.4851680949241925,2071.0,0.6822676334871457,0.4017798286090969,WACC_0p1_WRT_0p9,0.48352010547132496,2402,False,,,False,False,False,False,False,106.0,0.27486910994764396
IBDD,Electricity,1513,0.74,89,0.7499999999999998,0.4639207293207574,0,76,1429,3256,706,198,87,0.4382332272999357,0.5188970214451404,0.48040878316075164,0.4382332272999357,0.1838357749346038,0.22222222222222254,1.2233606186634038,-2.534149843841321,1.7596622789832348,-1.2199335447094035,0.0606453741297639,0.5188970214451404,0.48168849721917517,0.03720852422596521,0.48040878316075164,0.45822114972798783,0.02218763343276381,0.4382332272999357,0.4494061660332321,0.01117293873329639,0.1838357749346038,0.26369888384646384,0.07986310891186005,0.22222222222222254,0.3013089126500969,0.07908669042787436,1229.0,0.4047462096242584,1332.0,0.4386947923533289,1221.0,0.4021094264996704,1315.0,0.43309162821357944,2015.0,0.6638101516150297,0.4021094264996704,WACC_0p5_WRT_0p5,0.4684904416611734,2403,False,,,False,False,False,False,False,76.0,0.19633507853403143
IBDD,Electricity,0,0.73,93,0.7142857142857141,0.4564335436868534,0,85,947,3526,531,141,82,0.44729954368619157,0.5266615102506704,0.4887944310707241,0.44729954368619157,0.22270073803295595,0.2592592592592596,1.2233606186634038,-2.534149843841321,1.7596622789832348,-1.2199335447094035,0.0606453741297639,0.5266615102506704,0.48125000884621283,0.0454115014044576,0.4887944310707241,0.46989700804082124,0.018897423029902882,0.44729954368619157,0.453352338445153,0.006052794758961422,0.22270073803295595,0.2689368817604474,0.046236143727491436,0.2592592592592596,0.30992240888775446,0.050663149628494886,1221.0,0.4021094264996704,1487.0,0.4897824653922215,1279.0,0.42122610415293343,1411.0,0.46473302570863545,2106.0,0.6938035596572182,0.4021094264996704,WACC_0p1_WRT_0p9,0.4943309162821358,2404,False,,,False,False,False,False,False,85.0,0.2198952879581152
IBDD,Electricity,1409,0.7,119,0.6071428571428569,0.41438816555554,0,116,263,4991,629,158,26,0.498212759860783,0.5702641246090697,0.5358852545777952,0.498212759860783,0.33929562732801266,0.37037037037037074,1.2233606186634038,-2.534149843841321,1.7596622789832348,-1.2199335447094035,0.0606453741297639,0.5702641246090697,0.5226696380456556,0.04759448656341414,0.5358852545777952,0.5052015674424712,0.03068368713532399,0.498212759860783,0.505155777887496,0.006943018026712988,0.33929562732801266,0.2597817330551571,0.07951389427285555,0.37037037037037074,0.28865120202386213,0.08171916834650861,1866.0,0.6147000659195782,1939.0,0.6387607119314437,1993.0,0.6565589980224127,1221.0,0.4021094264996704,1835.0,0.6044825313117996,0.4021094264996704,WACC_0p7_WRT_0p3,0.5833223467369809,2405,False,,,False,False,False,False,False,116.0,0.3010471204188482
IBDD,Electricity,387,0.73,390,0.7142857142857141,0.2110086247747576,0,291,856,4978,786,38,8,0.7444873085857804,0.7811762409743255,0.7636703402522714,0.7444873085857804,0.27975048144270465,0.2592592592592596,1.2233606186634038,-2.534149843841321,1.7596622789832348,-1.2199335447094035,0.0606453741297639,0.7811762409743255,0.6314149689831028,0.1497612719912227,0.7636703402522714,0.6199794978203088,0.14369084243196262,0.7444873085857804,0.6392957833121312,0.10519152527364917,0.27975048144270465,0.34319053544970435,0.0634400540069997,0.2592592592592596,0.2583043461241911,0.0009549131350684581,2800.0,0.9225444957152275,2795.0,0.92089650626236,2861.0,0.942649967040211,2449.0,0.8068556361239289,1221.0,0.4021094264996704,0.4021094264996704,WACC_0p9_WRT_0p1,0.7990112063282795,2406,False,,,False,False,False,False,False,291.0,0.7591623036649214
IBDD,Electricity,2489,0.74,310,0.7499999999999998,0.2504227227497021,0,240,4709,3983,779,99,8,0.6967603388280658,0.7403023615929015,0.7195265505203335,0.6967603388280658,0.261368551882492,0.22222222222222254,1.2233606186634038,-2.534149843841321,1.7596622789832348,-1.2199335447094035,0.0606453741297639,0.7403023615929015,0.6476775351710475,0.09262482642185399,0.7195265505203335,0.6388455936234738,0.08068095689685972,0.6967603388280658,0.65599625978596,0.04076407904210577,0.261368551882492,0.315299579812899,0.05393102793040705,0.22222222222222254,0.2583306525170013,0.03610843029477878,2868.0,0.9449571522742255,2865.0,0.9439683586025049,2917.0,0.9611074489123269,2153.0,0.7092946605141727,1222.0,0.4024390243902439,0.4024390243902439,WACC_0p9_WRT_0p1,0.7923533289386947,2407,False,,,False,False,False,False,False,240.0,0.6256544502617801
IBDD,Electricity,2675,0.74,137,0.7499999999999998,0.390324214459635,0,123,4902,2252,721,91,67,0.5273520659774795,0.595219333152971,0.5628368798052087,0.5273520659774795,0.1961213561299603,0.22222222222222254,1.2233606186634038,-2.534149843841321,1.7596622789832348,-1.2199335447094035,0.0606453741297639,0.595219333152971,0.4900187375977087,0.10520059555526234,0.5628368798052087,0.48138324671533034,0.08145363308987835,0.5273520659774795,0.4627378261508693,0.06461423982661024,0.1961213561299603,0.2599039856847882,0.06378262955482789,0.22222222222222254,0.2917911546129604,0.06956893239073786,1357.0,0.44693473961766644,1634.0,0.538233355306526,1400.0,0.46110744891232697,1224.0,0.4030982201713909,1885.0,0.6209624258404747,0.4030982201713909,WACC_0p7_WRT_0p3,0.494067237969677,2408,False,,,False,False,False,False,False,123.0,0.3193717277486911
IBDD,Electricity,397,0.73,351,0.7142857142857141,0.2291004810573673,0,280,3233,3923,668,59,10,0.7225796785238178,0.7624143159405079,0.7434074612157486,0.7225796785238178,0.2713128095210528,0.2592592592592596,1.2233606186634038,-2.534149843841321,1.7596622789832348,-1.2199335447094035,0.0606453741297639,0.7624143159405079,0.6235185039211978,0.13889581201931012,0.7434074612157486,0.6312694097630034,0.11213805145274525,0.7225796785238178,0.637141848452731,0.08543783007108674,0.2713128095210528,0.3268358157452252,0.05552300622417239,0.2592592592592596,0.2584674925306844,0.0007917667285751717,2762.0,0.9100197758734344,2838.0,0.9350692155570204,2855.0,0.94067237969677,2273.0,0.7488464073829928,1224.0,0.4030982201713909,0.4030982201713909,WACC_0p9_WRT_0p1,0.7875411997363216,2409,False,,,False,False,False,False,False,280.0,0.7303664921465969
IBDD,Electricity,2628,0.74,130,0.7499999999999998,0.3992871819674755,0,116,4802,4244,514,130,77,0.5164987089005774,0.5859244038855811,0.5527983561964274,0.5164987089005774,0.1919412113126329,0.22222222222222254,1.2233606186634038,-2.534149843841321,1.7596622789832348,-1.2199335447094035,0.0606453741297639,0.5859244038855811,0.5264013860450628,0.05952301784051828,0.5527983561964274,0.517282620978509,0.0355157352179184,0.5164987089005774,0.5094876761284823,0.007011032772095027,0.1919412113126329,0.25994536752690184,0.06800415621426895,0.22222222222222254,0.28910070450463243,0.06687848228240989,1924.0,0.6338167435728411,2066.0,0.6806196440342782,2043.0,0.6730388925510876,1225.0,0.4034278180619644,1850.0,0.6094264996704021,0.4034278180619644,WACC_0p7_WRT_0p3,0.6000659195781147,2410,False,,,False,False,False,False,False,116.0,0.3010471204188482
IBDD,Electricity,2634,0.74,86,0.7499999999999998,0.4697578353865064,0,73,597,2676,208,52,42,0.4311650106214855,0.5128437262658452,0.4738712243671128,0.4311650106214855,0.1838357749346038,0.22222222222222254,1.2233606186634038,-2.534149843841321,1.7596622789832348,-1.2199335447094035,0.0606453741297639,0.5128437262658452,0.48677566826756996,0.026068057998275218,0.4738712243671128,0.46165690213155547,0.012214322235557351,0.4311650106214855,0.45095721167204733,0.019792201050561842,0.1838357749346038,0.25997429176436243,0.07613851682975864,0.22222222222222254,0.28786471939245767,0.06564249717023513,1310.0,0.43144363876071196,1377.0,0.4535266974291364,1239.0,0.4080421885299934,1227.0,0.4040870138431114,1823.0,0.6005273566249176,0.4040870138431114,WACC_0p7_WRT_0p3,0.4595253790375741,2411,False,,,False,False,False,False,False,73.0,0.18848167539267016
IBDD,Electricity,2287,0.74,108,0.7499999999999998,0.4309420365106688,0,94,1899,3169,435,233,47,0.478167493343437,0.5530971473222692,0.5173449191080508,0.478167493343437,0.1838357749346038,0.22222222222222254,1.2233606186634038,-2.534149843841321,1.7596622789832348,-1.2199335447094035,0.0606453741297639,0.5530971473222692,0.48151992216204625,0.07157722516022297,0.5173449191080508,0.4669859510835493,0.050358968024501516,0.478167493343437,0.4645828086350607,0.013584684708376316,0.1838357749346038,0.2609479479071976,0.07711217297259382,0.22222222222222254,0.28694235811243163,0.06472013589020909,1227.0,0.4040870138431114,1451.0,0.4779169413315755,1425.0,0.4693473961766645,1253.0,0.4126565589980224,1812.0,0.5969017798286091,0.4040870138431114,WACC_0p1_WRT_0p9,0.47218193803559655,2412,False,,,False,False,False,False,False,94.0,0.24345549738219896
IBDD,Electricity,2515,0.73,408,0.7142857142857141,0.2032593006593046,0,296,1130,2851,889,45,2,0.7538710513758873,0.7892125770940543,0.7723495832615788,0.7538710513758873,0.2833646077921157,0.2592592592592596,1.2233606186634038,-2.534149843841321,1.7596622789832348,-1.2199335447094035,0.0606453741297639,0.7892125770940543,0.6470023043284786,0.14221027276557574,0.7723495832615788,0.6380445120349628,0.13430507122661595,0.7538710513758873,0.6362253787103566,0.11764567266553072,0.2833646077921157,0.3374266357100612,0.05406202791794551,0.2592592592592596,0.2585662776885092,0.0006929815707503728,2864.0,0.9436387607119314,2862.0,0.9429795649307845,2852.0,0.9396835860250494,2382.0,0.7847725774555043,1227.0,0.4040870138431114,0.4040870138431114,WACC_0p9_WRT_0p1,0.8030323005932761,2413,False,,,False,False,False,False,False,296.0,0.7722513089005235
IBDD,Electricity,1492,0.73,104,0.7142857142857141,0.4373793521924517,0,96,4995,3097,947,216,116,0.47037247616302047,0.5464214125411612,0.5101351255444541,0.47037247616302047,0.22270073803295595,0.2592592592592596,1.2233606186634038,-2.534149843841321,1.7596622789832348,-1.2199335447094035,0.0606453741297639,0.5464214125411612,0.4815824764860723,0.06483893605508889,0.5101351255444541,0.45140231225826766,0.0587328132861864,0.47037247616302047,0.45523521490757884,0.015137261255441625,0.22270073803295595,0.2878245677684075,0.06512382973545153,0.2592592592592596,0.3271006078439046,0.06784134858464502,1228.0,0.4044166117336849,1254.0,0.4129861568885959,1305.0,0.4297956493078444,1770.0,0.583058668424522,2246.0,0.7399472643375082,0.4044166117336849,WACC_0p1_WRT_0p9,0.5140408701384311,2414,False,,,False,False,False,False,False,96.0,0.2486910994764398
IBDD,Electricity,2354,0.74,122,0.7499999999999998,0.4101366374806809,0,108,552,4957,581,237,49,0.5033609825089801,0.5746731166867012,0.5406469660216373,0.5033609825089801,0.18688124705473758,0.22222222222222254,1.2233606186634038,-2.534149843841321,1.7596622789832348,-1.2199335447094035,0.0606453741297639,0.5746731166867012,0.5170096349186487,0.05766348176805247,0.5406469660216373,0.5020880148095271,0.03855895121211017,0.5033609825089801,0.5001290494749028,0.0032319330340773167,0.18688124705473758,0.25999484064860323,0.07311359359386566,0.22222222222222254,0.29359763032462105,0.07137540810239851,1784.0,0.5876730388925511,1896.0,0.6245880026367832,1932.0,0.6364535266974292,1228.0,0.4044166117336849,1917.0,0.6315095583388266,0.4044166117336849,WACC_0p7_WRT_0p3,0.5769281476598549,2415,False,,,False,False,False,False,False,108.0,0.2801047120418848
IBDD,Electricity,1804,0.73,283,0.7142857142857141,0.2660597129991534,0,242,3830,623,398,69,16,0.6778253333584071,0.7240862235564337,0.7020131214409483,0.6778253333584071,0.25407577929432135,0.2592592592592596,1.2233606186634038,-2.534149843841321,1.7596622789832348,-1.2199335447094035,0.0606453741297639,0.7240862235564337,0.603790935657989,0.12029528789844468,0.7020131214409483,0.5761364461171348,0.12587667532381352,0.6778253333584071,0.5609948206612425,0.1168305126971646,0.25407577929432135,0.29933196184489086,0.04525618255056951,0.2592592592592596,0.2585975957391858,0.0006616635200737964,2660.0,0.8764007910349374,2585.0,0.8516809492419248,2504.0,0.8249835201054714,1945.0,0.6407382992748847,1228.0,0.4044166117336849,0.4044166117336849,WACC_0p9_WRT_0p1,0.7196440342781807,2416,False,,,False,False,False,False,False,242.0,0.6308900523560209
IBDD,Electricity,1265,0.74,153,0.7499999999999998,0.3714364590716454,0,139,1659,4292,599,90,68,0.5502234591212918,0.6148066350368121,0.5839911658397571,0.5502234591212918,0.2049302191239393,0.22222222222222254,1.2233606186634038,-2.534149843841321,1.7596622789832348,-1.2199335447094035,0.0606453741297639,0.6148066350368121,0.5269057934854451,0.08790084155136701,0.5839911658397571,0.5112972218616451,0.07269394397811202,0.5502234591212918,0.49470993838043814,0.05551352074085364,0.2049302191239393,0.26006327831269105,0.05513305918875175,0.22222222222222254,0.31221354715891014,0.0899913249366876,1931.0,0.6361239288068556,2003.0,0.6598549769281477,1870.0,0.6160184574818721,1230.0,0.4050758075148319,2120.0,0.6984179301252472,0.4050758075148319,WACC_0p7_WRT_0p3,0.6030982201713908,2417,False,,,False,False,False,False,False,139.0,0.3612565445026178
IBDD,Electricity,674,0.76,110,0.8214285714285713,0.427811438654111,0,16,133,2653,258,65,6,0.4819583691188635,0.5563436932475886,0.5208511887073957,0.4819583691188635,0.17863808111022472,0.1481481481481484,1.2233606186634038,-2.534149843841321,1.7596622789832348,-1.2199335447094035,0.0606453741297639,0.5563436932475886,0.5176123913009434,0.0387313019466452,0.5208511887073957,0.49394254768027757,0.026908641027118096,0.4819583691188635,0.4864274697692436,0.004469100650380087,0.17863808111022472,0.27780199392088906,0.09916391281066433,0.1481481481481484,0.2587336283511375,0.11058548020298911,1802.0,0.5936058009228741,1798.0,0.5922874093605801,1745.0,0.5748187211601846,1603.0,0.5280158206987475,1231.0,0.40540540540540543,0.40540540540540543,WACC_0p9_WRT_0p1,0.5388266315095583,2418,False,,,False,False,False,False,False,16.0,0.03926701570680628
IBDD,Electricity,1936,0.71,93,0.6428571428571426,0.4564335436868534,0,90,3388,3871,673,203,150,0.44729954368619157,0.5266615102506704,0.4887944310707241,0.44729954368619157,0.3004306642296604,0.3333333333333337,1.2233606186634038,-2.534149843841321,1.7596622789832348,-1.2199335447094035,0.0606453741297639,0.5266615102506704,0.48176526476586456,0.04489624548480586,0.4887944310707241,0.453381023421671,0.0354134076490531,0.44729954368619157,0.46411252933504393,0.016812985648852363,0.3004306642296604,0.3512180103339513,0.050787346104290865,0.3333333333333337,0.3749391096334885,0.04160577630015477,1232.0,0.4057350032959789,1282.0,0.42221489782465393,1421.0,0.46802900461437047,2520.0,0.8302570863546473,2578.0,0.8493737640079103,0.4057350032959789,WACC_0p1_WRT_0p9,0.5951219512195122,2419,False,,,False,False,False,False,False,90.0,0.23298429319371727
IBDD,Electricity,1895,0.74,160,0.7499999999999998,0.3637828373313293,0,146,1338,4147,485,69,44,0.5594913148405642,0.6227437242489918,0.5925632221889111,0.5594913148405642,0.2084997118420129,0.22222222222222254,1.2233606186634038,-2.534149843841321,1.7596622789832348,-1.2199335447094035,0.0606453741297639,0.6227437242489918,0.5305305615485838,0.09221316270040802,0.5925632221889111,0.5188287648453869,0.07373445734352424,0.5594913148405642,0.5128758223720067,0.04661549246855756,0.2084997118420129,0.26011498838884645,0.05161527654683354,0.22222222222222254,0.2902433600790999,0.06802113785687736,1969.0,0.6486486486486487,2089.0,0.6882003955174687,2088.0,0.6878707976268952,1232.0,0.4057350032959789,1869.0,0.6156888595912986,0.4057350032959789,WACC_0p7_WRT_0p3,0.6092287409360579,2420,False,,,False,False,False,False,False,146.0,0.3795811518324607
IBDD,Electricity,2397,0.71,98,0.6428571428571426,0.4475103999651687,0,95,2580,4166,774,206,156,0.45810467769735974,0.535915140776862,0.49878835203901095,0.45810467769735974,0.3004306642296604,0.3333333333333337,1.2233606186634038,-2.534149843841321,1.7596622789832348,-1.2199335447094035,0.0606453741297639,0.535915140776862,0.4819294102241123,0.05398573055274969,0.49878835203901095,0.45123861461275805,0.0475497374262529,0.45810467769735974,0.468382829644923,0.010278151947563263,0.3004306642296604,0.3833901685708522,0.08295950434119176,0.3333333333333337,0.421317976282108,0.08798464294877428,1235.0,0.4067237969676994,1251.0,0.4119973632168754,1474.0,0.485497692814766,2761.0,0.9096901779828609,2771.0,0.912986156888596,0.4067237969676994,WACC_0p1_WRT_0p9,0.6253790375741596,2421,False,,,False,False,False,False,False,95.0,0.24607329842931938
IBDD,Electricity,506,0.74,483,0.7499999999999998,0.1742697103789332,0,294,3446,3665,14,37,5,0.788974868783541,0.8192758559033285,0.8048179243755947,0.788974868783541,0.2968847600699115,0.22222222222222254,1.2233606186634038,-2.534149843841321,1.7596622789832348,-1.2199335447094035,0.0606453741297639,0.8192758559033285,0.672520229706851,0.14675562619647753,0.8048179243755947,0.6786705197660317,0.12614740460956309,0.788974868783541,0.6772922909790442,0.11168257780449675,0.2968847600699115,0.34032318589340954,0.04343842582349805,0.22222222222222254,0.2589336066255689,0.03671138440334637,2935.0,0.9670402109426499,2960.0,0.9752801582069874,2956.0,0.9739617666446935,2417.0,0.7963085036255768,1235.0,0.4067237969676994,0.4067237969676994,WACC_0p9_WRT_0p1,0.8238628872775214,2422,False,,,False,False,False,False,False,294.0,0.7670157068062827
IBDD,Electricity,2419,0.73,109,0.7142857142857141,0.4293696224892548,0,101,2537,3625,498,72,51,0.4800715469765898,0.554727798900032,0.5191060228120346,0.4800715469765898,0.22270073803295595,0.2592592592592596,1.2233606186634038,-2.534149843841321,1.7596622789832348,-1.2199335447094035,0.0606453741297639,0.554727798900032,0.506678753817166,0.048049045082866004,0.5191060228120346,0.49235303727747054,0.02675298553456401,0.4800715469765898,0.47695097406344755,0.003120572913142272,0.22270073803295595,0.26027629703585137,0.037575559002895415,0.2592592592592596,0.2844238232978183,0.025164564038558712,1621.0,0.5339485827290705,1778.0,0.5856954515491101,1602.0,0.527686222808174,1236.0,0.4070533948582729,1781.0,0.5866842452208306,0.4070533948582729,WACC_0p7_WRT_0p3,0.5282135794330917,2423,False,,,False,False,False,False,False,101.0,0.2617801047120419
IBDD,Electricity,1371,0.71,92,0.6428571428571426,0.4582750386595772,0,89,2158,3745,388,206,112,0.4450696569353127,0.5247518117604384,0.48673195670127345,0.4450696569353127,0.3004306642296604,0.3333333333333337,1.2233606186634038,-2.534149843841321,1.7596622789832348,-1.2199335447094035,0.0606453741297639,0.5247518117604384,0.48419760491515956,0.04055420684527883,0.48673195670127345,0.44973702511118036,0.036994931590093094,0.4450696569353127,0.4540001987471189,0.008930541811806192,0.3004306642296604,0.3147400097212432,0.014309345491582803,0.3333333333333337,0.3612832997216277,0.027949966388294,1265.0,0.4166117336849044,1236.0,0.4070533948582729,1287.0,0.4238628872775214,2148.0,0.7076466710613052,2484.0,0.8183915622940013,0.4070533948582729,WACC_0p3_WRT_0p7,0.5547132498352011,2424,False,,,False,False,False,False,False,89.0,0.23036649214659685
IBDD,Electricity,764,0.74,352,0.7499999999999998,0.2286120321094278,0,254,3194,1282,148,52,2,0.7231711467893434,0.7629208555902229,0.7439545240374409,0.7231711467893434,0.271540612125098,0.22222222222222254,1.2233606186634038,-2.534149843841321,1.7596622789832348,-1.2199335447094035,0.0606453741297639,0.7629208555902229,0.6693206601212971,0.09360019546892584,0.7439545240374409,0.6401276968058461,0.10382682723159475,0.7231711467893434,0.6433736336040993,0.07979751318524408,0.271540612125098,0.3443956960048384,0.07285508387974038,0.22222222222222254,0.2589526641463702,0.03673044192414765,2926.0,0.9640738299274885,2870.0,0.9456163480553724,2872.0,0.9462755438365195,2460.0,0.8104812129202373,1236.0,0.4070533948582729,0.4070533948582729,WACC_0p9_WRT_0p1,0.8147000659195781,2425,False,,,False,False,False,False,False,254.0,0.662303664921466
IBDD,Electricity,1642,0.73,121,0.7142857142857141,0.411542181111966,0,113,2803,4627,291,243,65,0.5016589940878285,0.5732155158838871,0.5390727571545981,0.5016589940878285,0.22270073803295595,0.2592592592592596,1.2233606186634038,-2.534149843841321,1.7596622789832348,-1.2199335447094035,0.0606453741297639,0.5732155158838871,0.525815303701853,0.04740021218203405,0.5390727571545981,0.5026177578825695,0.036454999272028665,0.5016589940878285,0.4968228818384228,0.004836112249405722,0.22270073803295595,0.26029392923502936,0.03759319120207341,0.2592592592592596,0.29715205105385095,0.037892791794591374,1914.0,0.6305207646671062,1901.0,0.6262359920896506,1894.0,0.6239288068556361,1237.0,0.40738299274884643,1960.0,0.6456822676334871,0.40738299274884643,WACC_0p7_WRT_0p3,0.5867501647989453,2426,False,,,False,False,False,False,False,113.0,0.2931937172774869
IBDD,Electricity,1279,0.71,105,0.6428571428571426,0.4357473197013715,0,102,2458,4455,326,200,182,0.47234872246440507,0.5481138906800592,0.5119630019344639,0.47234872246440507,0.3004306642296604,0.3333333333333337,1.2233606186634038,-2.534149843841321,1.7596622789832348,-1.2199335447094035,0.0606453741297639,0.5481138906800592,0.4822037191650871,0.06591017151497214,0.5119630019344639,0.4551562783244868,0.05680672360997707,0.47234872246440507,0.49183846520791075,0.019489742743505678,0.3004306642296604,0.447415770538587,0.14698510630892658,0.3333333333333337,0.47946440074674,0.1461310674134063,1237.0,0.40738299274884643,1306.0,0.43012524719841794,1825.0,0.6011865524060646,2948.0,0.9713249835201054,2943.0,0.969676994067238,0.40738299274884643,WACC_0p1_WRT_0p9,0.6759393539881345,2427,False,,,False,False,False,False,False,102.0,0.2643979057591623
IBDD,Electricity,2691,0.73,215,0.7142857142857141,0.3131841516540873,0,197,4181,630,785,81,20,0.6207618262863166,0.6752164353216872,0.6492337501474221,0.6207618262863166,0.23209790446206652,0.2592592592592596,1.2233606186634038,-2.534149843841321,1.7596622789832348,-1.2199335447094035,0.0606453741297639,0.6752164353216872,0.5995925914117843,0.07562384390990284,0.6492337501474221,0.5464821993912798,0.10275155075614228,0.6207618262863166,0.5364877866918314,0.0842740395944852,0.23209790446206652,0.2905799556350745,0.058482051173007976,0.2592592592592596,0.2590375517115509,0.00022170754770867163,2628.0,0.8658536585365854,2339.0,0.7705998681608438,2292.0,0.7551087673038892,1820.0,0.5995385629531971,1238.0,0.4077125906394199,0.4077125906394199,WACC_0p9_WRT_0p1,0.6797626895187872,2428,False,,,False,False,False,False,False,197.0,0.5130890052356021
IBDD,Electricity,2291,0.73,120,0.7142857142857141,0.4129592931336661,0,112,4908,3927,352,236,79,0.4999429973740139,0.5717459182317536,0.537485591690294,0.4999429973740139,0.22270073803295595,0.2592592592592596,1.2233606186634038,-2.534149843841321,1.7596622789832348,-1.2199335447094035,0.0606453741297639,0.5717459182317536,0.5172667792839217,0.05447913894783185,0.537485591690294,0.49611219429273906,0.04137339739755491,0.4999429973740139,0.501261688914752,0.001318691540738104,0.22270073803295595,0.2603796146810501,0.037678876648094134,0.2592592592592596,0.29662338158658963,0.03736412232733005,1789.0,0.5893210283454186,1821.0,0.5998681608437706,1946.0,0.6410678971654581,1239.0,0.4080421885299934,1953.0,0.6433750823994726,0.4080421885299934,WACC_0p7_WRT_0p3,0.5763348714568226,2429,False,,,False,False,False,False,False,112.0,0.2905759162303665
IBDD,Electricity,2041,0.71,104,0.6428571428571426,0.4373793521924517,0,101,1676,4395,533,231,203,0.47037247616302047,0.5464214125411612,0.5101351255444541,0.47037247616302047,0.3004306642296604,0.3333333333333337,1.2233606186634038,-2.534149843841321,1.7596622789832348,-1.2199335447094035,0.0606453741297639,0.5464214125411612,0.48227625234820126,0.0641451601929599,0.5101351255444541,0.4527950349936591,0.057340090550794975,0.47037247616302047,0.4932364909585645,0.022864014795544008,0.3004306642296604,0.4575123732734317,0.15708170904377128,0.3333333333333337,0.4931573826822722,0.1598240493489385,1239.0,0.4080421885299934,1272.0,0.4189189189189189,1848.0,0.6087673038892552,2973.0,0.979564930784443,2969.0,0.978246539222149,0.4080421885299934,WACC_0p1_WRT_0p9,0.6787079762689519,2430,False,,,False,False,False,False,False,101.0,0.2617801047120419
IBDD,Electricity,1858,0.74,139,0.7499999999999998,0.3878467884272343,0,125,2811,3516,775,77,29,0.5303520087238677,0.5977885157050904,0.5656115969614975,0.5303520087238677,0.19727677698589813,0.22222222222222254,1.2233606186634038,-2.534149843841321,1.7596622789832348,-1.2199335447094035,0.0606453741297639,0.5977885157050904,0.5408631017732302,0.056925413931860236,0.5656115969614975,0.5232918163348411,0.04231978062665642,0.5303520087238677,0.5258254267864387,0.004526581937428942,0.19727677698589813,0.26041613578908723,0.0631393588031891,0.22222222222222254,0.2654704812877861,0.043248259065563566,2108.0,0.6944627554383652,2125.0,0.7000659195781147,2203.0,0.7257745550428477,1240.0,0.40837178642056693,1383.0,0.45550428477257743,0.40837178642056693,WACC_0p7_WRT_0p3,0.5968358602504944,2431,False,,,False,False,False,False,False,125.0,0.32460732984293195
IBDD,Electricity,2304,0.73,292,0.7142857142857141,0.2606880355754659,0,247,1875,2735,366,63,15,0.6843299573158423,0.7296568519958131,0.7080294001554781,0.6843299573158423,0.2565810198324957,0.2592592592592596,1.2233606186634038,-2.534149843841321,1.7596622789832348,-1.2199335447094035,0.0606453741297639,0.7296568519958131,0.5712882257478789,0.15836862624793424,0.7080294001554781,0.5687887394494405,0.13924066070603758,0.6843299573158423,0.5535043727865067,0.13082558452933568,0.2565810198324957,0.3013811680295417,0.044800148197045975,0.2592592592592596,0.2590761265955844,0.00018313266367520065,2411.0,0.7943309162821358,2525.0,0.8319050758075148,2441.0,0.8042188529993408,1978.0,0.6516150296638101,1240.0,0.40837178642056693,0.40837178642056693,WACC_0p9_WRT_0p1,0.6980883322346738,2432,False,,,False,False,False,False,False,247.0,0.643979057591623
IBDD,Electricity,1827,0.71,124,0.6428571428571426,0.4073595105219982,0,118,2957,4945,866,247,238,0.5067238364414649,0.5775531001994092,0.5437573482153619,0.5067238364414649,0.3004306642296604,0.3333333333333337,1.2233606186634038,-2.534149843841321,1.7596622789832348,-1.2199335447094035,0.0606453741297639,0.5775531001994092,0.4935338292850856,0.0840192709143236,0.5437573482153619,0.45024017852615716,0.09351716968920476,0.5067238364414649,0.5118027632446454,0.00507892680318045,0.3004306642296604,0.4850431847642726,0.1846125205346122,0.3333333333333337,0.5151748982778208,0.1818415649444871,1429.0,0.47066578773895845,1240.0,0.40837178642056693,2077.0,0.6842452208305867,3019.0,0.994726433750824,3006.0,0.9904416611733685,0.40837178642056693,WACC_0p3_WRT_0p7,0.7096901779828609,2433,False,,,False,False,False,False,False,118.0,0.306282722513089
IBDD,Electricity,1467,0.73,97,0.7142857142857141,0.4492584163869911,0,89,277,3792,226,226,45,0.45598798516380645,0.5341023830060834,0.49683057364657,0.45598798516380645,0.22270073803295595,0.2592592592592596,1.2233606186634038,-2.534149843841321,1.7596622789832348,-1.2199335447094035,0.0606453741297639,0.5341023830060834,0.48239413457239455,0.05170824843368882,0.49683057364657,0.4528828082793955,0.04394776536717454,0.45598798516380645,0.468079696871274,0.012091711707467534,0.22270073803295595,0.2608354039745805,0.03813466594162454,0.2592592592592596,0.30770910483451647,0.04844984557525689,1241.0,0.4087013843111404,1274.0,0.4195781147000659,1468.0,0.48352010547132496,1250.0,0.4116677653263019,2070.0,0.6819380355965722,0.4087013843111404,WACC_0p1_WRT_0p9,0.48108108108108105,2434,False,,,False,False,False,False,False,89.0,0.23036649214659685
IBDD,Electricity,696,0.73,421,0.7142857142857141,0.197871819497154,0,300,4053,4082,945,74,5,0.7603948122560595,0.794799594595544,0.7783835621631874,0.7603948122560595,0.2858772188708362,0.2592592592592596,1.2233606186634038,-2.534149843841321,1.7596622789832348,-1.2199335447094035,0.0606453741297639,0.794799594595544,0.6777099689531502,0.11708962564239378,0.7783835621631874,0.6830680802806692,0.09531548188251815,0.7603948122560595,0.6988466379772593,0.061548174278800216,0.2858772188708362,0.3413574898545999,0.05548027098376368,0.2592592592592596,0.2591199248859504,0.00013933437330915233,2950.0,0.9719841793012525,2969.0,0.978246539222149,2990.0,0.9851680949241924,2426.0,0.7992748846407383,1241.0,0.4087013843111404,0.4087013843111404,WACC_0p9_WRT_0p1,0.8286750164798944,2435,False,,,False,False,False,False,False,300.0,0.7827225130890052
IBDD,Electricity,2770,0.72,86,0.6785714285714283,0.4697578353865064,0,79,4744,3309,822,157,108,0.4311650106214855,0.5128437262658452,0.4738712243671128,0.4311650106214855,0.2615657011313083,0.2962962962962967,1.2233606186634038,-2.534149843841321,1.7596622789832348,-1.2199335447094035,0.0606453741297639,0.5128437262658452,0.48252854071905577,0.030315185546789414,0.4738712243671128,0.46472426889477303,0.00914695547233979,0.4311650106214855,0.4550829075308901,0.0239178969094046,0.2615657011313083,0.28434798004028444,0.02278227890897616,0.2962962962962967,0.31649067674514286,0.02019438044884614,1242.0,0.4090309822017139,1426.0,0.46967699406723795,1301.0,0.42847725774555045,1721.0,0.5669083717864206,2170.0,0.7148978246539223,0.4090309822017139,WACC_0p1_WRT_0p9,0.517798286090969,2436,False,,,False,False,False,False,False,79.0,0.20418848167539266
IBDD,Electricity,259,0.77,10,0.857142857142857,0.8258244379441995,1,1,2053,1,1000,43,3,0.0,0.14358947176157089,0.07507662950249648,0.0,0.06724088563954708,0.1111111111111114,1.2233606186634038,-2.534149843841321,1.7596622789832348,-1.2199335447094035,0.0606453741297639,0.14358947176157089,0.5867236362201957,0.44313416445862486,0.07507662950249648,0.5463851934345851,0.47130856393208864,0.0,0.5506049019120841,0.5506049019120841,0.06724088563954708,0.3109472836441413,0.24370639800459423,0.1111111111111114,0.2591835990385125,0.14807248792740113,2539.0,0.8365194462755439,2337.0,0.7699406723796968,2422.0,0.7979564930784443,2108.0,0.6944627554383652,1242.0,0.4090309822017139,0.4090309822017139,WACC_0p9_WRT_0p1,0.7015820698747528,2437,False,,,False,False,False,False,False,1.0,0.0
IBDD,Electricity,1135,0.73,119,0.7142857142857141,0.41438816555554,0,111,1734,3726,891,234,64,0.498212759860783,0.5702641246090697,0.5358852545777952,0.498212759860783,0.22270073803295595,0.2592592592592596,1.2233606186634038,-2.534149843841321,1.7596622789832348,-1.2199335447094035,0.0606453741297639,0.5702641246090697,0.50278413857102,0.06747998603804972,0.5358852545777952,0.4823646985465694,0.05352055603122585,0.498212759860783,0.47664161204468464,0.02157114781609837,0.22270073803295595,0.26048181422698546,0.03778107619402951,0.2592592592592596,0.29676193866284356,0.03750267940358398,1564.0,0.515161502966381,1649.0,0.5431773236651285,1594.0,0.525049439683586,1243.0,0.40936058009228743,1957.0,0.6446934739617667,0.40936058009228743,WACC_0p7_WRT_0p3,0.52748846407383,2438,False,,,False,False,False,False,False,111.0,0.2879581151832461
IBDD,Electricity,2483,0.71,102,0.6428571428571426,0.4406905722934009,0,99,3857,4186,674,212,182,0.46636288290226385,0.5429875546586953,0.506426559031391,0.46636288290226385,0.3004306642296604,0.3333333333333337,1.2233606186634038,-2.534149843841321,1.7596622789832348,-1.2199335447094035,0.0606453741297639,0.5429875546586953,0.48543517784803136,0.05755237681066394,0.506426559031391,0.45051243862631984,0.055914120405071155,0.46636288290226385,0.47780907185006705,0.011446188947803193,0.3004306642296604,0.4062551512192403,0.10582448698957986,0.3333333333333337,0.4419169943035713,0.10858366097023758,1288.0,0.42419248516809493,1243.0,0.40936058009228743,1616.0,0.532300593276203,2847.0,0.9380355965721819,2839.0,0.9353988134475939,0.40936058009228743,WACC_0p3_WRT_0p7,0.6478576137112723,2439,False,,,False,False,False,False,False,99.0,0.25654450261780104
IBDD,Electricity,2057,0.71,101,0.6428571428571426,0.4423703723360919,0,98,4441,4235,807,245,219,0.46432879434117375,0.5412455397996083,0.5045451829835771,0.46432879434117375,0.3004306642296604,0.3333333333333337,1.2233606186634038,-2.534149843841321,1.7596622789832348,-1.2199335447094035,0.0606453741297639,0.5412455397996083,0.48263579245605115,0.05860974734355717,0.5045451829835771,0.4533936149847066,0.051151567998870495,0.46432879434117375,0.5020764860488623,0.0377476917076886,0.3004306642296604,0.4657130690861828,0.1652824048565224,0.3333333333333337,0.4775276458401845,0.14419431250685077,1244.0,0.4096901779828609,1283.0,0.4225444957152274,1955.0,0.6440342781806196,2987.0,0.984179301252472,2937.0,0.967699406723797,0.4096901779828609,WACC_0p1_WRT_0p9,0.6856295319709954,2440,False,,,False,False,False,False,False,98.0,0.25392670157068065
IBDD,Electricity,2798,0.73,246,0.7142857142857141,0.2900933537105638,0,225,4088,3184,256,102,13,0.6487227304235271,0.6991624480038597,0.6750954438441685,0.6487227304235271,0.24286698058190512,0.2592592592592596,1.2233606186634038,-2.534149843841321,1.7596622789832348,-1.2199335447094035,0.0606453741297639,0.6991624480038597,0.6072523435718272,0.09191010443203251,0.6750954438441685,0.6086690095929944,0.06642643425117412,0.6487227304235271,0.6146100245784194,0.03411270584510773,0.24286698058190512,0.290911961261073,0.048044980679167876,0.2592592592592596,0.25938389690579694,0.0001246376465373622,2684.0,0.8843111404087014,2745.0,0.9044166117336849,2777.0,0.914963744232037,1825.0,0.6011865524060646,1245.0,0.4100197758734344,0.4100197758734344,WACC_0p9_WRT_0p1,0.7429795649307845,2441,False,,,False,False,False,False,False,225.0,0.5863874345549738
IBDD,Electricity,2157,0.74,202,0.7499999999999998,0.3238716668808341,0,183,4633,4971,826,113,51,0.607820195189334,0.6641330861976534,0.6372637330934657,0.607820195189334,0.22711346584325942,0.22222222222222254,1.2233606186634038,-2.534149843841321,1.7596622789832348,-1.2199335447094035,0.0606453741297639,0.6641330861976534,0.5577752290564403,0.10635785714121315,0.6372637330934657,0.5527524709413882,0.0845112621520775,0.607820195189334,0.5519872358938775,0.0558329592954564,0.22711346584325942,0.2606944741415204,0.033581008298260995,0.22222222222222254,0.26845012436195037,0.04622790213972783,2275.0,0.7495056031641397,2397.0,0.7897165458141068,2432.0,0.8012524719841793,1246.0,0.41034937376400793,1470.0,0.484179301252472,0.41034937376400793,WACC_0p7_WRT_0p3,0.6470006591957811,2442,False,,,False,False,False,False,False,183.0,0.47643979057591623
IBDD,Electricity,1754,0.74,119,0.7499999999999998,0.41438816555554,0,105,1486,4933,788,167,60,0.498212759860783,0.5702641246090697,0.5358852545777952,0.498212759860783,0.18489842127384554,0.22222222222222254,1.2233606186634038,-2.534149843841321,1.7596622789832348,-1.2199335447094035,0.0606453741297639,0.5702641246090697,0.529365244441209,0.040898880167860696,0.5358852545777952,0.5173869380911785,0.018498316486616706,0.498212759860783,0.5050636647398722,0.006850904879089181,0.18489842127384554,0.2606992168500628,0.07580079557621727,0.22222222222222254,0.2840953011018381,0.06187307887961557,1957.0,0.6446934739617667,2068.0,0.6812788398154251,1992.0,0.6562294001318392,1247.0,0.4106789716545814,1774.0,0.5843770599868161,0.4106789716545814,WACC_0p7_WRT_0p3,0.5954515491100857,2443,False,,,False,False,False,False,False,105.0,0.27225130890052357
IBDD,Electricity,1957,0.73,119,0.7142857142857141,0.41438816555554,0,111,590,2867,341,67,27,0.498212759860783,0.5702641246090697,0.5358852545777952,0.498212759860783,0.22270073803295595,0.2592592592592596,1.2233606186634038,-2.534149843841321,1.7596622789832348,-1.2199335447094035,0.0606453741297639,0.5702641246090697,0.5199188111742982,0.050345313434771555,0.5358852545777952,0.48440471218933717,0.05148054238845806,0.498212759860783,0.4846620006390557,0.013550759221727326,0.22270073803295595,0.26075837197079643,0.03805763393784048,0.2592592592592596,0.2616760622787586,0.0024168030194990364,1830.0,0.6028345418589321,1668.0,0.549439683586025,1721.0,0.5669083717864206,1248.0,0.4110085695451549,1292.0,0.4255108767303889,0.4110085695451549,WACC_0p7_WRT_0p3,0.5111404087013842,2444,False,,,False,False,False,False,False,111.0,0.2879581151832461
IBDD,Electricity,1533,0.74,113,0.7499999999999998,0.4232197495097513,0,99,1094,3052,209,96,65,0.48751849659073904,0.5611054449528504,0.5259938805490785,0.48751849659073904,0.1838357749346038,0.22222222222222254,1.2233606186634038,-2.534149843841321,1.7596622789832348,-1.2199335447094035,0.0606453741297639,0.5611054449528504,0.4890195922435523,0.07208585270929813,0.5259938805490785,0.4659132462506959,0.06008063429838256,0.48751849659073904,0.45215733189458407,0.03536116469615497,0.1838357749346038,0.2608170584981309,0.07698128356352713,0.22222222222222254,0.29799151002857,0.07576928780634745,1340.0,0.44133157547791696,1439.0,0.47396176664469347,1257.0,0.4139749505603164,1249.0,0.41133816743572843,1979.0,0.6519446275543836,0.41133816743572843,WACC_0p7_WRT_0p3,0.47851021753460776,2445,False,,,False,False,False,False,False,99.0,0.25654450261780104
IBDD,Electricity,1921,0.73,110,0.7142857142857141,0.427811438654111,0,102,783,3997,359,192,115,0.4819583691188635,0.5563436932475886,0.5208511887073957,0.4819583691188635,0.22270073803295595,0.2592592592592596,1.2233606186634038,-2.534149843841321,1.7596622789832348,-1.2199335447094035,0.0606453741297639,0.5563436932475886,0.48700221220719814,0.06934148104039045,0.5208511887073957,0.4540873681044897,0.06676382060290598,0.4819583691188635,0.4519005452173958,0.030057823901467717,0.22270073803295595,0.3071758026656767,0.08447506463272073,0.2592592592592596,0.3614036422673957,0.10214438300813611,1312.0,0.43210283454185894,1292.0,0.4255108767303889,1251.0,0.4119973632168754,2051.0,0.6756756756756757,2488.0,0.8197099538562953,0.4119973632168754,WACC_0p5_WRT_0p5,0.5529993408042188,2446,False,,,False,False,False,False,False,102.0,0.2643979057591623
IBDD,Electricity,1548,0.72,100,0.6785714285714283,0.4440667223993342,0,93,3023,3617,836,134,79,0.462274665176063,0.539486361956246,0.5026452709127456,0.462274665176063,0.2615657011313083,0.2962962962962967,1.2233606186634038,-2.534149843841321,1.7596622789832348,-1.2199335447094035,0.0606453741297639,0.539486361956246,0.49089307100748975,0.04859329094875625,0.5026452709127456,0.47375207620979665,0.028893194702948932,0.462274665176063,0.4610448170656619,0.0012298481104011105,0.2615657011313083,0.26095162121632,0.000614079914988297,0.2962962962962967,0.30358855907237986,0.007292262776083136,1373.0,0.45220830586684246,1532.0,0.504614370468029,1382.0,0.45517468688200396,1254.0,0.4129861568885959,2033.0,0.6697429136453527,0.4129861568885959,WACC_0p7_WRT_0p3,0.4989452867501648,2447,False,,,False,False,False,False,False,93.0,0.24083769633507854
IBDD,Electricity,960,0.73,525,0.7142857142857141,0.1599416817007269,0,323,3163,3419,858,42,9,0.8063248381231193,0.8341345523103574,0.8208653164951858,0.8063248381231193,0.30356705974011894,0.2592592592592596,1.2233606186634038,-2.534149843841321,1.7596622789832348,-1.2199335447094035,0.0606453741297639,0.8341345523103574,0.6498533707157346,0.1842811815946228,0.8208653164951858,0.6427176743583431,0.17814764213684264,0.8063248381231193,0.6536825204077172,0.15264231771540204,0.30356705974011894,0.3537371419964826,0.05017008225636366,0.2592592592592596,0.25975903811480466,0.0004997788555450855,2874.0,0.9469347396176665,2879.0,0.948582729070534,2905.0,0.9571522742254449,2548.0,0.8394858272907053,1254.0,0.4129861568885959,0.4129861568885959,WACC_0p9_WRT_0p1,0.8210283454185893,2448,False,,,False,False,False,False,False,323.0,0.8429319371727748
IBDD,Electricity,2974,0.75,139,0.7857142857142856,0.3878467884272343,0,40,452,4545,749,90,23,0.5303520087238677,0.5977885157050904,0.5656115969614975,0.5303520087238677,0.19727677698589813,0.18518518518518542,1.2233606186634038,-2.534149843841321,1.7596622789832348,-1.2199335447094035,0.0606453741297639,0.5977885157050904,0.5480365704856859,0.049751945219404514,0.5656115969614975,0.5189587400325775,0.04665285692892007,0.5303520087238677,0.5154640282195263,0.01488798050434137,0.19727677698589813,0.27143263422908265,0.07415585724318452,0.18518518518518542,0.2598492360725373,0.07466405088735187,2176.0,0.7168754119973633,2092.0,0.6891891891891891,2110.0,0.6951219512195121,1471.0,0.48450889914304546,1255.0,0.41331575477916943,0.41331575477916943,WACC_0p9_WRT_0p1,0.5998022412656557,2449,False,,,False,False,False,False,False,40.0,0.10209424083769633
IBDD,Electricity,1494,0.71,108,0.6428571428571426,0.4309420365106688,0,104,1208,4698,563,246,234,0.478167493343437,0.5530971473222692,0.5173449191080508,0.478167493343437,0.3004306642296604,0.3333333333333337,1.2233606186634038,-2.534149843841321,1.7596622789832348,-1.2199335447094035,0.0606453741297639,0.5530971473222692,0.48317776909178056,0.06991937823048866,0.5173449191080508,0.4529687770420602,0.06437614206599063,0.478167493343437,0.5146809901204451,0.0365134967770081,0.3004306642296604,0.49586062702862305,0.19542996279896263,0.3333333333333337,0.5306746537180488,0.19734132038471508,1255.0,0.41331575477916943,1276.0,0.42023731048121293,2101.0,0.6921555702043507,3026.0,0.9970336189848384,3018.0,0.9943968358602505,0.41331575477916943,WACC_0p1_WRT_0p9,0.7034278180619644,2450,False,,,False,False,False,False,False,104.0,0.2696335078534031
IBDD,Electricity,1186,0.73,91,0.7142857142857141,0.460136442071784,0,83,2612,3460,348,219,74,0.4428156628335633,0.5228214674811129,0.48464718487960196,0.4428156628335633,0.22270073803295595,0.2592592592592596,1.2233606186634038,-2.534149843841321,1.7596622789832348,-1.2199335447094035,0.0606453741297639,0.5228214674811129,0.4858402581368654,0.036981209344247534,0.48464718487960196,0.4527170744527069,0.03193011042689503,0.4428156628335633,0.45504248796754326,0.01222682513397999,0.22270073803295595,0.2610449436768746,0.03834420564391863,0.2592592592592596,0.2987630505831522,0.039503791323892645,1295.0,0.42649967040210945,1270.0,0.41825972313777193,1300.0,0.42814765985497694,1256.0,0.4136453526697429,1992.0,0.6562294001318392,0.4136453526697429,WACC_0p7_WRT_0p3,0.4685563612392881,2451,False,,,False,False,False,False,False,83.0,0.21465968586387435
IBDD,Electricity,979,0.73,292,0.7142857142857141,0.2606880355754659,0,247,3846,3626,186,111,10,0.6843299573158423,0.7296568519958131,0.7080294001554781,0.6843299573158423,0.2565810198324957,0.2592592592592596,1.2233606186634038,-2.534149843841321,1.7596622789832348,-1.2199335447094035,0.0606453741297639,0.7296568519958131,0.6065151600130543,0.12314169198275882,0.7080294001554781,0.6115395036697652,0.09648989648571293,0.6843299573158423,0.6159941389740377,0.06833581834180469,0.2565810198324957,0.29890647268518994,0.042325452852694234,0.2592592592592596,0.2599815699390963,0.0007223106798367462,2678.0,0.8823335530652604,2758.0,0.9087013843111404,2785.0,0.9176005273566249,1938.0,0.6384311140408702,1256.0,0.4136453526697429,0.4136453526697429,WACC_0p9_WRT_0p1,0.7521423862887278,2452,False,,,False,False,False,False,False,247.0,0.643979057591623
IBDD,Electricity,1747,0.73,198,0.7142857142857141,0.3272982105886909,0,183,4179,150,197,95,23,0.6036709552898866,0.6605796334635798,0.6334260041406661,0.6036709552898866,0.22551539590613048,0.2592592592592596,1.2233606186634038,-2.534149843841321,1.7596622789832348,-1.2199335447094035,0.0606453741297639,0.6605796334635798,0.5849234985199948,0.07565613494358503,0.6334260041406661,0.5240643984261221,0.10936160571454401,0.6036709552898866,0.5169393311632124,0.08673162412667412,0.22551539590613048,0.28411162205032475,0.05859622614419427,0.2592592592592596,0.26010144501308974,0.0008421857538301603,2520.0,0.8302570863546473,2134.0,0.7030323005932761,2123.0,0.6994067237969677,1715.0,0.5649307844429796,1259.0,0.4146341463414634,0.4146341463414634,WACC_0p9_WRT_0p1,0.6424522083058668,2453,False,,,False,False,False,False,False,183.0,0.47643979057591623
IBDD,Electricity,2969,0.68,87,0.5357142857142857,0.4677900638121001,0,87,2204,3637,222,197,53,0.43354780711429075,0.5148843782689332,0.47607512853044787,0.43354780711429075,0.4170255535247168,0.44444444444444453,1.2233606186634038,-2.534149843841321,1.7596622789832348,-1.2199335447094035,0.0606453741297639,0.5148843782689332,0.4839111538830365,0.03097322438589667,0.47607512853044787,0.4684040679058495,0.00767106062459838,0.43354780711429075,0.46488924371378476,0.03134143659949401,0.4170255535247168,0.277774825932011,0.1392507275927058,0.44444444444444453,0.31353145745954275,0.13091298698490178,1260.0,0.4149637442320369,1471.0,0.48450889914304546,1429.0,0.47066578773895845,1599.0,0.5266974291364536,2130.0,0.7017139090309822,0.4149637442320369,WACC_0p1_WRT_0p9,0.5197099538562953,2454,False,,,False,False,False,False,False,87.0,0.225130890052356
IBDD,Electricity,2116,0.74,112,0.7499999999999998,0.4247367473289887,0,98,4279,3127,874,241,90,0.4856815470533606,0.5595322620291968,0.5242948429915326,0.4856815470533606,0.1838357749346038,0.22222222222222254,1.2233606186634038,-2.534149843841321,1.7596622789832348,-1.2199335447094035,0.0606453741297639,0.5595322620291968,0.4839455118837965,0.07558675014540034,0.5242948429915326,0.4633183205328584,0.06097652245867424,0.4856815470533606,0.4609328916748499,0.024748655378510676,0.1838357749346038,0.2672570962540737,0.08342132131946989,0.22222222222222254,0.306882759840646,0.08466053761842346,1261.0,0.41529334212261043,1405.0,0.46275543836519445,1377.0,0.4535266974291364,1382.0,0.45517468688200396,2061.0,0.6789716545814107,0.41529334212261043,WACC_0p1_WRT_0p9,0.4931443638760712,2455,False,,,False,False,False,False,False,98.0,0.25392670157068065
IBDD,Electricity,1281,0.72,104,0.6785714285714283,0.4373793521924517,0,97,4630,3660,238,188,87,0.47037247616302047,0.5464214125411612,0.5101351255444541,0.47037247616302047,0.2615657011313083,0.2962962962962967,1.2233606186634038,-2.534149843841321,1.7596622789832348,-1.2199335447094035,0.0606453741297639,0.5464214125411612,0.5016990834346365,0.04472232910652463,0.5101351255444541,0.4860427362474643,0.024092389296989758,0.47037247616302047,0.4821667735827318,0.01179429741971133,0.2615657011313083,0.2612177120074582,0.00034798912385008984,0.2962962962962967,0.30214150905450204,0.00584521275820532,1545.0,0.5088991430454846,1688.0,0.5560316413974951,1681.0,0.5537244561634805,1261.0,0.41529334212261043,2021.0,0.6657877389584707,0.41529334212261043,WACC_0p7_WRT_0p3,0.5399472643375083,2456,False,,,False,False,False,False,False,97.0,0.2513089005235602
IBDD,Electricity,2808,0.74,979,0.7499999999999998,0.0528036009320466,0,372,3848,4830,871,25,2,0.9360595321403961,0.9452407101445442,0.9408599669561077,0.9360595321403961,0.3535340704061553,0.22222222222222254,1.2233606186634038,-2.534149843841321,1.7596622789832348,-1.2199335447094035,0.0606453741297639,0.9452407101445442,0.72562492012903,0.21961579001551423,0.9408599669561077,0.7364255137651416,0.2044344531909661,0.9360595321403961,0.7436168456221646,0.1924426865182315,0.3535340704061553,0.36165309454840977,0.00811902414225446,0.22222222222222254,0.2602220433440409,0.03799982112181838,3021.0,0.995385629531971,3025.0,0.996704021094265,3028.0,0.9976928147659855,2615.0,0.8615688859591298,1261.0,0.41529334212261043,0.41529334212261043,WACC_0p9_WRT_0p1,0.8533289386947924,2457,False,,,False,False,False,False,False,372.0,0.9712041884816754
IBDD,Electricity,1688,0.72,101,0.6785714285714283,0.4423703723360919,0,94,2032,4223,530,239,35,0.46432879434117375,0.5412455397996083,0.5045451829835771,0.46432879434117375,0.2615657011313083,0.2962962962962967,1.2233606186634038,-2.534149843841321,1.7596622789832348,-1.2199335447094035,0.0606453741297639,0.5412455397996083,0.5129336185193871,0.028311921280221197,0.5045451829835771,0.5007400895830917,0.0038050934004854042,0.46432879434117375,0.500464866027638,0.03613607168646421,0.2615657011313083,0.2614658942026017,9.980692870659169e-05,0.2962962962962967,0.289505832699759,0.0067904635965377325,1718.0,0.5659195781147001,1887.0,0.6216216216216216,1935.0,0.6374423203691496,1264.0,0.41628213579433093,1859.0,0.6123928806855636,0.41628213579433093,WACC_0p7_WRT_0p3,0.5707317073170731,2458,False,,,False,False,False,False,False,94.0,0.24345549738219896
IBDD,Electricity,2000,0.72,101,0.6785714285714283,0.4423703723360919,0,94,2928,4009,573,242,132,0.46432879434117375,0.5412455397996083,0.5045451829835771,0.46432879434117375,0.2615657011313083,0.2962962962962967,1.2233606186634038,-2.534149843841321,1.7596622789832348,-1.2199335447094035,0.0606453741297639,0.5412455397996083,0.49338230777664666,0.047863232022961666,0.5045451829835771,0.4523908436475976,0.052154339335979516,0.46432879434117375,0.46882154191937675,0.004492747578203005,0.2615657011313083,0.3570694692581263,0.09550376812681804,0.2962962962962967,0.389464893426467,0.09316859713017028,1426.0,0.46967699406723795,1265.0,0.4166117336849044,1482.0,0.488134475939354,2580.0,0.8500329597890574,2654.0,0.8744232036914964,0.4166117336849044,WACC_0p3_WRT_0p7,0.61977587343441,2459,False,,,False,False,False,False,False,94.0,0.24345549738219896
IBDD,Electricity,1247,0.73,135,0.7142857142857141,0.3928378085708742,0,127,1631,4780,269,248,55,0.5243083269020213,0.5926126429635379,0.5600216544006209,0.5243083269020213,0.22270073803295595,0.2592592592592596,1.2233606186634038,-2.534149843841321,1.7596622789832348,-1.2199335447094035,0.0606453741297639,0.5926126429635379,0.5245301435708586,0.0680824993926793,0.5600216544006209,0.5059350520203214,0.0540866023802995,0.5243083269020213,0.5041286155142175,0.020179711387803834,0.22270073803295595,0.26151571357905823,0.038814975546102276,0.2592592592592596,0.2866081625227946,0.027348903263535007,1891.0,0.6229400131839157,1947.0,0.6413974950560316,1979.0,0.6519446275543836,1267.0,0.41727092946605143,1806.0,0.5949241924851681,0.41727092946605143,WACC_0p7_WRT_0p3,0.5856954515491101,2460,False,,,False,False,False,False,False,127.0,0.3298429319371728
IBDD,Electricity,565,0.73,326,0.7142857142857141,0.2417850175211534,0,269,4574,1302,764,83,7,0.707219832192117,0.749259981829915,0.7292007803763082,0.707219832192117,0.26539700102203584,0.2592592592592596,1.2233606186634038,-2.534149843841321,1.7596622789832348,-1.2199335447094035,0.0606453741297639,0.749259981829915,0.6720711287323131,0.07718885309760193,0.7292007803763082,0.6550792824483459,0.0741214979279623,0.707219832192117,0.6340903070637746,0.07312952512834248,0.26539700102203584,0.30887088210118924,0.0434738810791534,0.2592592592592596,0.2607368475456537,0.0014775882863941048,2932.0,0.9660514172709295,2913.0,0.959789057350033,2845.0,0.9373764007910349,2076.0,0.6839156229400132,1267.0,0.41727092946605143,0.41727092946605143,WACC_0p9_WRT_0p1,0.7928806855636125,2461,False,,,False,False,False,False,False,269.0,0.7015706806282722
IBDD,Electricity,2717,0.74,110,0.7499999999999998,0.427811438654111,0,96,525,3854,987,109,61,0.4819583691188635,0.5563436932475886,0.5208511887073957,0.4819583691188635,0.1838357749346038,0.22222222222222254,1.2233606186634038,-2.534149843841321,1.7596622789832348,-1.2199335447094035,0.0606453741297639,0.5563436932475886,0.49880524535228404,0.057538447895304545,0.5208511887073957,0.47718625556323446,0.0436649331441612,0.4819583691188635,0.46587911900329365,0.016079250115569876,0.1838357749346038,0.261559350150656,0.07772357521605222,0.22222222222222254,0.3078609689111361,0.08563874668891358,1497.0,0.4930784442979565,1585.0,0.5220830586684245,1440.0,0.474291364535267,1268.0,0.4176005273566249,2073.0,0.6829268292682927,0.4176005273566249,WACC_0p7_WRT_0p3,0.5179960448253131,2462,False,,,False,False,False,False,False,96.0,0.2486910994764398
IBDD,Electricity,310,0.74,461,0.7499999999999998,0.1822794400821301,0,289,3062,3400,69,27,9,0.7792757979699716,0.8109694695444577,0.7958470271080141,0.7792757979699716,0.29314918587780114,0.22222222222222254,1.2233606186634038,-2.534149843841321,1.7596622789832348,-1.2199335447094035,0.0606453741297639,0.8109694695444577,0.6419392897253073,0.16903017981915036,0.7958470271080141,0.646122136906076,0.14972489020193813,0.7792757979699716,0.6461318333876984,0.13314396458227318,0.29314918587780114,0.35010469694065516,0.056955511062854014,0.22222222222222254,0.2607443210759667,0.038522098853744136,2837.0,0.934739617666447,2889.0,0.951878707976269,2877.0,0.9479235332893869,2510.0,0.8269611074489124,1268.0,0.4176005273566249,0.4176005273566249,WACC_0p9_WRT_0p1,0.815820698747528,2463,False,,,False,False,False,False,False,289.0,0.7539267015706806
IBDD,Electricity,792,0.73,505,0.7142857142857141,0.1666160886386171,0,319,4090,2379,199,67,3,0.7982427245028134,0.8272129451155081,0.8133899807247488,0.7982427245028134,0.30045425278798504,0.2592592592592596,1.2233606186634038,-2.534149843841321,1.7596622789832348,-1.2199335447094035,0.0606453741297639,0.8272129451155081,0.6690058277805139,0.15820711733499426,0.8133899807247488,0.6771840409897593,0.1362059397349895,0.7982427245028134,0.6920932078873693,0.10614951661544414,0.30045425278798504,0.3470372824905551,0.046583029702570056,0.2592592592592596,0.260853983853342,0.0015947245940824417,2924.0,0.9634146341463414,2955.0,0.97363216875412,2977.0,0.980883322346737,2476.0,0.8157547791694133,1270.0,0.41825972313777193,0.41825972313777193,WACC_0p9_WRT_0p1,0.8303889255108767,2464,False,,,False,False,False,False,False,319.0,0.8324607329842932
IBDD,Electricity,734,0.76,64,0.8214285714285713,0.5199513525110855,0,10,66,1241,121,38,3,0.3703851222840437,0.4607911899885039,0.41765448518758413,0.3703851222840437,0.13566590888698474,0.1481481481481484,1.2233606186634038,-2.534149843841321,1.7596622789832348,-1.2199335447094035,0.0606453741297639,0.4607911899885039,0.5127699658291097,0.05197877584060584,0.41765448518758413,0.4581058228424038,0.040451337654819675,0.3703851222840437,0.4528372710867682,0.0824521488027245,0.13566590888698474,0.30702691290132905,0.17136100401434431,0.1481481481481484,0.2796854111406906,0.13153726299254223,1716.0,0.565260382333553,1329.0,0.4377059986816084,1271.0,0.4185893210283454,2049.0,0.6750164798945286,1703.0,0.5609756097560976,0.4185893210283454,WACC_0p5_WRT_0p5,0.5315095583388266,2465,False,,,False,False,False,False,False,10.0,0.02356020942408377
IBDD,Electricity,277,0.73,266,0.7142857142857141,0.2766875084310952,0,235,5000,1,1000,122,10,0.6649560176253941,0.7130648060714568,0.6901099905571735,0.6649560176253941,0.24911919276697034,0.2592592592592596,1.2233606186634038,-2.534149843841321,1.7596622789832348,-1.2199335447094035,0.0606453741297639,0.7130648060714568,0.5918925180715572,0.12117228799989965,0.6901099905571735,0.5197079596800108,0.17040203087716266,0.6649560176253941,0.5395932006123099,0.12536281701308427,0.24911919276697034,0.2876187470485355,0.03849955428156518,0.2592592592592596,0.2608638631309005,0.0016046038716409083,2579.0,0.8497033618984838,2100.0,0.6918259723137772,2320.0,0.7643375082399473,1766.0,0.5817402768622281,1271.0,0.4185893210283454,0.4185893210283454,WACC_0p9_WRT_0p1,0.6612392880685565,2466,False,,,False,False,False,False,False,235.0,0.612565445026178
IBDD,Electricity,779,0.74,374,0.7499999999999998,0.2182024915324829,0,262,2876,3140,743,51,4,0.7357761752901447,0.7737159347070548,0.755613209483619,0.7357761752901447,0.2763954090498231,0.22222222222222254,1.2233606186634038,-2.534149843841321,1.7596622789832348,-1.2199335447094035,0.0606453741297639,0.7737159347070548,0.6326908904714593,0.14102504423559548,0.755613209483619,0.6358084340480377,0.11980477543558132,0.7357761752901447,0.6424717843946767,0.09330439089546805,0.2763954090498231,0.35512518799714543,0.0787297789473223,0.22222222222222254,0.2609562277852465,0.03873400556302398,2807.0,0.924851680949242,2854.0,0.9403427818061965,2867.0,0.944627554383652,2557.0,0.8424522083058669,1273.0,0.41924851680949243,0.41924851680949243,WACC_0p9_WRT_0p1,0.81430454845089,2467,False,,,False,False,False,False,False,262.0,0.6832460732984293
IBDD,Electricity,2569,0.71,100,0.6428571428571426,0.4440667223993342,0,97,2018,3864,546,199,123,0.462274665176063,0.539486361956246,0.5026452709127456,0.462274665176063,0.3004306642296604,0.3333333333333337,1.2233606186634038,-2.534149843841321,1.7596622789832348,-1.2199335447094035,0.0606453741297639,0.539486361956246,0.48460328408745834,0.054883077868787655,0.5026452709127456,0.4552326665538029,0.04741260435894268,0.462274665176063,0.45493312368436134,0.007341541491701686,0.3004306642296604,0.3385812799334627,0.03815061570380229,0.3333333333333337,0.37991263881747095,0.046579305484137246,1274.0,0.4195781147000659,1307.0,0.43045484508899146,1298.0,0.42748846407382995,2392.0,0.7880685563612393,2603.0,0.8576137112722478,0.4195781147000659,WACC_0p1_WRT_0p9,0.584640738299275,2468,False,,,False,False,False,False,False,97.0,0.2513089005235602
IBDD,Electricity,1232,0.74,135,0.7499999999999998,0.3928378085708742,0,121,4859,4661,639,189,84,0.5243083269020213,0.5926126429635379,0.5600216544006209,0.5243083269020213,0.1949490672214298,0.22222222222222254,1.2233606186634038,-2.534149843841321,1.7596622789832348,-1.2199335447094035,0.0606453741297639,0.5926126429635379,0.5290898651864794,0.0635227777770585,0.5600216544006209,0.5188021205312062,0.04121953386941468,0.5243083269020213,0.5052639155336247,0.01904441136839663,0.1949490672214298,0.26177092896150367,0.06682186174007387,0.22222222222222254,0.29893537451481944,0.0767131522925969,1954.0,0.6437046802900461,2088.0,0.6878707976268952,1996.0,0.6575477916941331,1275.0,0.4199077125906394,1993.0,0.6565589980224127,0.4199077125906394,WACC_0p7_WRT_0p3,0.6131179960448254,2469,False,,,False,False,False,False,False,121.0,0.31413612565445026
IBDD,Electricity,537,0.73,377,0.7142857142857141,0.2168305469136325,0,287,1434,268,159,42,9,0.7374374782933178,0.7751386920895663,0.7571497874567317,0.7374374782933178,0.27703525597363843,0.2592592592592596,1.2233606186634038,-2.534149843841321,1.7596622789832348,-1.2199335447094035,0.0606453741297639,0.7751386920895663,0.6399472711010143,0.13519142098855197,0.7571497874567317,0.6023116077754541,0.15483817968127755,0.7374374782933178,0.5751689507698043,0.1622685275235135,0.27703525597363843,0.3073841174693132,0.030348861495674784,0.2592592592592596,0.26100312832320216,0.0017438690639425825,2828.0,0.9317732366512854,2719.0,0.8958470665787739,2592.0,0.8539881344759394,2054.0,0.6766644693473962,1275.0,0.4199077125906394,0.4199077125906394,WACC_0p9_WRT_0p1,0.755636123928807,2470,False,,,False,False,False,False,False,287.0,0.7486910994764397
IBDD,Electricity,2920,0.68,114,0.5357142857142857,0.4217160007489388,0,111,2109,4995,493,194,38,0.4893394026958622,0.5626648881122115,0.5276780791611885,0.4893394026958622,0.4170255535247168,0.44444444444444453,1.2233606186634038,-2.534149843841321,1.7596622789832348,-1.2199335447094035,0.0606453741297639,0.5626648881122115,0.5263157948141587,0.036349093298052804,0.5276780791611885,0.5186396727892896,0.0090384063718989,0.4893394026958622,0.5162855004175523,0.0269460977216901,0.4170255535247168,0.26178887336235107,0.15523668016236575,0.44444444444444453,0.29475827078337513,0.1496861736610694,1921.0,0.6328279499011207,2085.0,0.6868820039551747,2119.0,0.6980883322346737,1276.0,0.42023731048121293,1933.0,0.6367831245880027,0.42023731048121293,WACC_0p7_WRT_0p3,0.6149637442320369,2471,False,,,False,False,False,False,False,111.0,0.2879581151832461
IBDD,Electricity,820,0.73,321,0.7142857142857141,0.2444380459539629,0,265,2879,383,41,31,5,0.7040072505453279,0.7465086930847792,0.7262293885315616,0.7040072505453279,0.2641596827963556,0.2592592592592596,1.2233606186634038,-2.534149843841321,1.7596622789832348,-1.2199335447094035,0.0606453741297639,0.7465086930847792,0.6759689518948838,0.07053974118989537,0.7262293885315616,0.6428858502425623,0.08334353828899932,0.7040072505453279,0.6250022621484567,0.0790049883968712,0.2641596827963556,0.327446966221269,0.06328728342491341,0.2592592592592596,0.2610213425577377,0.001762083298478101,2943.0,0.969676994067238,2881.0,0.9492419248516809,2820.0,0.9291364535266974,2282.0,0.7518127883981542,1276.0,0.42023731048121293,0.42023731048121293,WACC_0p9_WRT_0p1,0.8040210942649967,2472,False,,,False,False,False,False,False,265.0,0.6910994764397905
IBDD,Electricity,2546,0.73,272,0.7142857142857141,0.2728611701039605,0,237,3705,4474,927,92,11,0.6695893732774258,0.7170328606329299,0.6943954894835643,0.6695893732774258,0.2509037187416011,0.2592592592592596,1.2233606186634038,-2.534149843841321,1.7596622789832348,-1.2199335447094035,0.0606453741297639,0.7170328606329299,0.6282306976030724,0.08880216302985755,0.6943954894835643,0.6255822337363395,0.06881325574722486,0.6695893732774258,0.631883996762242,0.0377053765151838,0.2509037187416011,0.31284666506373443,0.06194294632213332,0.2592592592592596,0.26107490578782333,0.0018156465285637524,2781.0,0.9162821357943309,2815.0,0.9274884640738299,2842.0,0.9363876071193145,2125.0,0.7000659195781147,1277.0,0.4205669083717864,0.4205669083717864,WACC_0p9_WRT_0p1,0.7801582069874752,2473,False,,,False,False,False,False,False,237.0,0.6178010471204188
IBDD,Electricity,1788,0.74,104,0.7499999999999998,0.4373793521924517,0,90,300,4174,552,216,91,0.47037247616302047,0.5464214125411612,0.5101351255444541,0.47037247616302047,0.1838357749346038,0.22222222222222254,1.2233606186634038,-2.534149843841321,1.7596622789832348,-1.2199335447094035,0.0606453741297639,0.5464214125411612,0.48472275649511004,0.061698656046051126,0.5101351255444541,0.458832141905535,0.05130298363891905,0.47037247616302047,0.4607151153315064,0.009657360831514084,0.1838357749346038,0.3224956698446077,0.1386598949100039,0.22222222222222254,0.34856659796109324,0.1263443757388707,1278.0,0.4208965062623599,1343.0,0.44232036914963746,1374.0,0.4525379037574159,2227.0,0.7336849044166117,2397.0,0.7897165458141068,0.4208965062623599,WACC_0p1_WRT_0p9,0.5678312458800263,2474,False,,,False,False,False,False,False,90.0,0.23298429319371727
IBDD,Electricity,1116,0.74,187,0.7499999999999998,0.3370887523094868,0,171,3508,4678,330,88,37,0.5918154793909554,0.6504264790864582,0.6224605974133748,0.5918154793909554,0.22094928739383116,0.22222222222222254,1.2233606186634038,-2.534149843841321,1.7596622789832348,-1.2199335447094035,0.0606453741297639,0.6504264790864582,0.562887183971632,0.08753929511482628,0.6224605974133748,0.5515198613255372,0.07094073608783757,0.5918154793909554,0.5494010747301542,0.04241440466080115,0.22094928739383116,0.26199902266446995,0.04104973527063879,0.22222222222222254,0.2624470824167431,0.04022486019452054,2326.0,0.7663150955833883,2389.0,0.7870797626895187,2414.0,0.7953197099538563,1278.0,0.4208965062623599,1310.0,0.43144363876071196,0.4208965062623599,WACC_0p7_WRT_0p3,0.640210942649967,2475,False,,,False,False,False,False,False,171.0,0.44502617801047123
IBDD,Electricity,1818,0.71,111,0.6428571428571426,0.4262672297500796,0,107,2700,4360,488,211,173,0.48382826886156854,0.5579450950739915,0.5225807026799109,0.48382826886156854,0.3004306642296604,0.3333333333333337,1.2233606186634038,-2.534149843841321,1.7596622789832348,-1.2199335447094035,0.0606453741297639,0.5579450950739915,0.49100039405844126,0.06694470101555022,0.5225807026799109,0.4529892516309826,0.06959145104892828,0.48382826886156854,0.4847745474369726,0.0009462785754040803,0.3004306642296604,0.43503944680703965,0.13460878257737924,0.3333333333333337,0.4551009030529487,0.121767569719615,1374.0,0.4525379037574159,1278.0,0.4208965062623599,1724.0,0.5678971654581411,2921.0,0.962425840474621,2872.0,0.9462755438365195,0.4208965062623599,WACC_0p3_WRT_0p7,0.6700065919578114,2476,False,,,False,False,False,False,False,107.0,0.2774869109947644
IBDD,Electricity,2243,0.72,106,0.6785714285714283,0.4341306116852848,0,99,746,3884,887,190,89,0.47430641218852043,0.5497904767708157,0.513773714912481,0.47430641218852043,0.2615657011313083,0.2962962962962967,1.2233606186634038,-2.534149843841321,1.7596622789832348,-1.2199335447094035,0.0606453741297639,0.5497904767708157,0.48486990879183434,0.06492056797898138,0.513773714912481,0.46036233569926,0.05341137921322103,0.47430641218852043,0.4563125162063568,0.01799389598216361,0.2615657011313083,0.2917156457554759,0.030149944624167646,0.2962962962962967,0.3362178630260017,0.03992156672970498,1279.0,0.42122610415293343,1359.0,0.4475939353988134,1322.0,0.43539881344759396,1836.0,0.6048121292023731,2315.0,0.7626895187870798,0.42122610415293343,WACC_0p1_WRT_0p9,0.5343441001977587,2477,False,,,False,False,False,False,False,99.0,0.25654450261780104
IBDD,Electricity,1871,0.71,111,0.6428571428571426,0.4262672297500796,0,107,2135,4609,695,208,205,0.48382826886156854,0.5579450950739915,0.5225807026799109,0.48382826886156854,0.3004306642296604,0.3333333333333337,1.2233606186634038,-2.534149843841321,1.7596622789832348,-1.2199335447094035,0.0606453741297639,0.5579450950739915,0.4919344143785153,0.06601068069547616,0.5225807026799109,0.45311421606449453,0.06946648661541632,0.48382826886156854,0.5064492177360461,0.022620948874477576,0.3004306642296604,0.47828774403404567,0.17785707980438525,0.3333333333333337,0.5125822786789425,0.17924894534560876,1387.0,0.45682267633487145,1279.0,0.42122610415293343,2014.0,0.6634805537244561,3012.0,0.9924192485168095,2999.0,0.988134475939354,0.42122610415293343,WACC_0p3_WRT_0p7,0.704416611733685,2478,False,,,False,False,False,False,False,107.0,0.2774869109947644
IBDD,Electricity,2838,0.72,118,0.6785714285714283,0.4158289952077859,0,111,3281,3576,115,105,104,0.4964680432042589,0.5687699308956294,0.5342715253672798,0.4964680432042589,0.2615657011313083,0.2962962962962967,1.2233606186634038,-2.534149843841321,1.7596622789832348,-1.2199335447094035,0.0606453741297639,0.5687699308956294,0.4921420822985259,0.07662784859710353,0.5342715253672798,0.4721612218438771,0.06211030352340274,0.4964680432042589,0.45340111146600603,0.04306693173825288,0.2615657011313083,0.2765940663158927,0.015028365184584391,0.2962962962962967,0.3279249080945723,0.031628611798275585,1397.0,0.46011865524060647,1517.0,0.4996704021094265,1280.0,0.4215557020435069,1581.0,0.5207646671061306,2256.0,0.7432432432432432,0.4215557020435069,WACC_0p5_WRT_0p5,0.5290705339485827,2479,False,,,False,False,False,False,False,111.0,0.2879581151832461
IBDD,Electricity,1532,0.72,150,0.6785714285714283,0.3748236792350408,0,143,1988,4801,769,188,10,0.5461218365393451,0.6112939622747726,0.5801974792567542,0.5461218365393451,0.2615657011313083,0.2962962962962967,1.2233606186634038,-2.534149843841321,1.7596622789832348,-1.2199335447094035,0.0606453741297639,0.6112939622747726,0.54360160079566,0.06769236147911262,0.5801974792567542,0.5325937813737059,0.0476036978830483,0.5461218365393451,0.5447175577603823,0.0014042787789627642,0.2615657011313083,0.26413434159302784,0.0025686404617195624,0.2962962962962967,0.2611468491834841,0.03514944711281265,2134.0,0.7030323005932761,2208.0,0.7274225444957152,2373.0,0.7818061964403428,1329.0,0.4377059986816084,1280.0,0.4215557020435069,0.4215557020435069,WACC_0p9_WRT_0p1,0.6143045484508899,2480,False,,,False,False,False,False,False,143.0,0.3717277486910995
IBDD,Electricity,2114,0.73,106,0.7142857142857141,0.4341306116852848,0,98,3229,3794,740,169,113,0.47430641218852043,0.5497904767708157,0.513773714912481,0.47430641218852043,0.22270073803295595,0.2592592592592596,1.2233606186634038,-2.534149843841321,1.7596622789832348,-1.2199335447094035,0.0606453741297639,0.5497904767708157,0.48494327712720453,0.06484719964361119,0.513773714912481,0.4602904848300325,0.05348323008244854,0.47430641218852043,0.4609625750950958,0.013343837093424626,0.22270073803295595,0.2998436498501619,0.07714291181720592,0.2592592592592596,0.33727762760091257,0.07801836834165299,1281.0,0.4218852999340804,1357.0,0.44693473961766644,1379.0,0.45418589321028346,1951.0,0.6427158866183257,2319.0,0.7640079103493738,0.4218852999340804,WACC_0p1_WRT_0p9,0.5459459459459459,2481,False,,,False,False,False,False,False,98.0,0.25392670157068065
IBDD,Electricity,1053,0.73,87,0.7142857142857141,0.4677900638121001,0,79,82,3042,795,165,1,0.43354780711429075,0.5148843782689332,0.47607512853044787,0.43354780711429075,0.22270073803295595,0.2592592592592596,1.2233606186634038,-2.534149843841321,1.7596622789832348,-1.2199335447094035,0.0606453741297639,0.5148843782689332,0.48501148948793504,0.02987288878099814,0.47607512853044787,0.45925572800372483,0.01681940052672304,0.43354780711429075,0.46979515940775257,0.03624735229346182,0.22270073803295595,0.3063819894928037,0.08368125145984776,0.2592592592592596,0.3169819205356167,0.05772266127635711,1282.0,0.42221489782465393,1345.0,0.44297956493078444,1497.0,0.4930784442979565,2040.0,0.6720500988793672,2177.0,0.7172050098879367,0.42221489782465393,WACC_0p1_WRT_0p9,0.5495056031641397,2482,False,,,False,False,False,False,False,79.0,0.20418848167539266
IBDD,Electricity,523,0.73,308,0.7142857142857141,0.2515335533038855,0,257,2517,1769,596,35,2,0.6954152217509437,0.739150389166341,0.7182824202996482,0.6954152217509437,0.2608504832205296,0.2592592592592596,1.2233606186634038,-2.534149843841321,1.7596622789832348,-1.2199335447094035,0.0606453741297639,0.739150389166341,0.6484393791663751,0.09071100999996595,0.7182824202996482,0.6112527411449608,0.10702967915468742,0.6954152217509437,0.597859619081184,0.09755560266975971,0.2608504832205296,0.3434418162030313,0.08259133298250171,0.2592592592592596,0.2612133819500602,0.0019541226908006415,2871.0,0.9459459459459459,2757.0,0.9083717864205669,2722.0,0.8968358602504944,2453.0,0.8081740276862228,1282.0,0.42221489782465393,0.42221489782465393,WACC_0p9_WRT_0p1,0.7963085036255768,2483,False,,,False,False,False,False,False,257.0,0.6701570680628273
IBDD,Electricity,2321,0.72,94,0.6785714285714283,0.454611535799055,0,87,2485,3711,343,127,89,0.44950583330912175,0.5285509999120911,0.49083507990505837,0.44950583330912175,0.2615657011313083,0.2962962962962967,1.2233606186634038,-2.534149843841321,1.7596622789832348,-1.2199335447094035,0.0606453741297639,0.5285509999120911,0.4864658817005729,0.04208511821151817,0.49083507990505837,0.46789189030313794,0.022943189601920433,0.44950583330912175,0.4535562296707281,0.004050396361606368,0.2615657011313083,0.28222387676910354,0.020658175637795262,0.2962962962962967,0.32234308251822746,0.02604678622193074,1305.0,0.4297956493078444,1465.0,0.48253131179960446,1283.0,0.4225444957152274,1680.0,0.553394858272907,2214.0,0.7294001318391562,0.4225444957152274,WACC_0p5_WRT_0p5,0.5235332893869479,2484,False,,,False,False,False,False,False,87.0,0.225130890052356
IBDD,Electricity,369,0.74,518,0.7499999999999998,0.162248408969633,0,303,4207,4698,740,76,7,0.8035315964086351,0.8317423906981584,0.818281781954011,0.8035315964086351,0.30249124929791094,0.22222222222222254,1.2233606186634038,-2.534149843841321,1.7596622789832348,-1.2199335447094035,0.0606453741297639,0.8317423906981584,0.6687739646774151,0.16296842602074324,0.818281781954011,0.6777187010377594,0.14056308091625158,0.8035315964086351,0.6862383007917818,0.11729329561685331,0.30249124929791094,0.34330228689650993,0.040811037598599,0.22222222222222254,0.26121469162348177,0.03899246940125922,2923.0,0.9630850362557679,2957.0,0.974291364535267,2968.0,0.9779169413315755,2452.0,0.8078444297956493,1283.0,0.4225444957152274,0.4225444957152274,WACC_0p9_WRT_0p1,0.8291364535266974,2485,False,,,False,False,False,False,False,303.0,0.7905759162303665
IBDD,Electricity,1340,0.73,93,0.7142857142857141,0.4564335436868534,0,85,4271,3834,261,243,140,0.44729954368619157,0.5266615102506704,0.4887944310707241,0.44729954368619157,0.22270073803295595,0.2592592592592596,1.2233606186634038,-2.534149843841321,1.7596622789832348,-1.2199335447094035,0.0606453741297639,0.5266615102506704,0.4851873384372134,0.04147417181345703,0.4887944310707241,0.45620873645876886,0.03258569461195526,0.44729954368619157,0.4696880861122231,0.022388542426031555,0.22270073803295595,0.34503529426310386,0.12233455623014791,0.2592592592592596,0.3877226478859704,0.1284633886267108,1286.0,0.4235332893869479,1314.0,0.4327620303230059,1496.0,0.492748846407383,2467.0,0.8127883981542519,2648.0,0.8724456163480554,0.4235332893869479,WACC_0p1_WRT_0p9,0.6068556361239288,2486,False,,,False,False,False,False,False,85.0,0.2198952879581152
IBDD,Electricity,2985,0.75,86,0.7857142857142856,0.4697578353865064,0,24,152,3174,696,134,19,0.4311650106214855,0.5128437262658452,0.4738712243671128,0.4311650106214855,0.15907513917686406,0.18518518518518542,1.2233606186634038,-2.534149843841321,1.7596622789832348,-1.2199335447094035,0.0606453741297639,0.5128437262658452,0.48532520224534076,0.02751852402050442,0.4738712243671128,0.4625466141366373,0.01132461023047554,0.4311650106214855,0.4555933133003419,0.02442830267885643,0.15907513917686406,0.2713092878262536,0.11223414864938952,0.18518518518518542,0.2720690880131609,0.08688390282797545,1287.0,0.4238628872775214,1391.0,0.45814106789716547,1311.0,0.4317732366512854,1469.0,0.4838497033618985,1564.0,0.515161502966381,0.4238628872775214,WACC_0p1_WRT_0p9,0.4625576796308504,2487,False,,,False,False,False,False,False,24.0,0.060209424083769635
IBDD,Electricity,28,0.75,1147,0.7857142857142856,0.0255608862202758,0,49,3966,4847,351,33,2,0.9690480384863558,0.9734924142900845,0.9713718074332911,0.9690480384863558,0.3662395156298183,0.18518518518518542,1.2233606186634038,-2.534149843841321,1.7596622789832348,-1.2199335447094035,0.0606453741297639,0.9734924142900845,0.70838017114587,0.26511224314421444,0.9713718074332911,0.7260849412320088,0.24528686620128226,0.9690480384863558,0.7397224713702287,0.22932556711612706,0.3662395156298183,0.3747429728328996,0.008503457203081266,0.18518518518518542,0.2614566145332438,0.07627142934805839,3000.0,0.9884640738299275,3020.0,0.9950560316413974,3024.0,0.9963744232036915,2719.0,0.8958470665787739,1287.0,0.4238628872775214,0.4238628872775214,WACC_0p9_WRT_0p1,0.8599208965062622,2488,False,,,False,False,False,False,False,49.0,0.1256544502617801
IBDD,Electricity,2728,0.73,132,0.7142857142857141,0.3966783723814455,0,124,3755,4485,606,243,74,0.5196577454538238,0.5886298360488713,0.5557202229327809,0.5196577454538238,0.22270073803295595,0.2592592592592596,1.2233606186634038,-2.534149843841321,1.7596622789832348,-1.2199335447094035,0.0606453741297639,0.5886298360488713,0.5263825195130473,0.06224731653582405,0.5557202229327809,0.5099659759527418,0.04575424698003905,0.5196577454538238,0.5007047813412299,0.01895296411259395,0.22270073803295595,0.26234927103079164,0.03964853299783569,0.2592592592592596,0.29087215244223247,0.03161289318297289,1923.0,0.6334871456822676,1991.0,0.6558998022412657,1936.0,0.6377719182597231,1288.0,0.42419248516809493,1873.0,0.6170072511535926,0.42419248516809493,WACC_0p7_WRT_0p3,0.5936717205009889,2489,False,,,False,False,False,False,False,124.0,0.3219895287958115
IBDD,Electricity,1510,0.72,99,0.6785714285714283,0.4457799518448435,0,92,1084,3841,839,145,110,0.46020009657916583,0.5377096795683104,0.5007264539337751,0.46020009657916583,0.2615657011313083,0.2962962962962967,1.2233606186634038,-2.534149843841321,1.7596622789832348,-1.2199335447094035,0.0606453741297639,0.5377096795683104,0.48546156478739677,0.052248114780913624,0.5007264539337751,0.46276174721652685,0.037964706717248276,0.46020009657916583,0.4600593867160984,0.00014070986306741196,0.2615657011313083,0.3009262307228755,0.03936052959156722,0.2962962962962967,0.35404596528648646,0.05774966899018974,1289.0,0.4245220830586684,1396.0,0.45978905735003295,1366.0,0.44990112063282794,1974.0,0.6502966381015162,2447.0,0.8061964403427818,0.4245220830586684,WACC_0p1_WRT_0p9,0.5581410678971654,2490,False,,,False,False,False,False,False,92.0,0.23821989528795812
IBDD,Electricity,221,0.74,40,0.7499999999999998,0.5992936564701963,0,28,2242,1,1000,43,10,0.2743086436603003,0.37851028217905563,0.3287911047533801,0.2743086436603003,0.1838357749346038,0.22222222222222254,1.2233606186634038,-2.534149843841321,1.7596622789832348,-1.2199335447094035,0.0606453741297639,0.37851028217905563,0.5413969561476347,0.1628866739685791,0.3287911047533801,0.4941172501275911,0.16532614537421103,0.2743086436603003,0.49109820139203414,0.21678955773173386,0.1838357749346038,0.31607815289966124,0.13224237796505744,0.22222222222222254,0.26155163189651165,0.039329409674289106,2118.0,0.6977587343441002,1799.0,0.5926170072511536,1817.0,0.5985497692814766,2159.0,0.7112722478576137,1290.0,0.4248516809492419,0.4248516809492419,WACC_0p9_WRT_0p1,0.6050098879367172,2491,False,,,False,False,False,False,False,28.0,0.07068062827225131
IBDD,Electricity,2594,0.71,106,0.6428571428571426,0.4341306116852848,0,103,3394,4298,782,181,167,0.47430641218852043,0.5497904767708157,0.513773714912481,0.47430641218852043,0.3004306642296604,0.3333333333333337,1.2233606186634038,-2.534149843841321,1.7596622789832348,-1.2199335447094035,0.0606453741297639,0.5497904767708157,0.48546896393089756,0.06432151283991816,0.513773714912481,0.45968160355955195,0.05409211135292907,0.47430641218852043,0.4695141634702091,0.004792248718311354,0.3004306642296604,0.40121275425655906,0.10078209002689864,0.3333333333333337,0.43753724933258825,0.10420391599925455,1290.0,0.4248516809492419,1348.0,0.44396835860250494,1494.0,0.492089650626236,2834.0,0.9337508239947264,2824.0,0.9304548450889915,0.4248516809492419,WACC_0p1_WRT_0p9,0.6450230718523401,2492,False,,,False,False,False,False,False,103.0,0.2670157068062827
IBDD,Electricity,2963,0.67,97,0.5,0.4492584163869911,0,97,111,4013,445,57,56,0.45598798516380645,0.5341023830060834,0.49683057364657,0.45598798516380645,0.455890516623069,0.48148148148148157,1.2233606186634038,-2.534149843841321,1.7596622789832348,-1.2199335447094035,0.0606453741297639,0.5341023830060834,0.48554962611489705,0.04855275689118632,0.49683057364657,0.4677689003560918,0.029061673290478207,0.45598798516380645,0.47068136962873697,0.014693384464930515,0.455890516623069,0.2975708241029896,0.15831969252007944,0.48148148148148157,0.3439170776924054,0.13756440378907614,1291.0,0.42518127883981544,1463.0,0.4818721160184575,1509.0,0.4970336189848385,1915.0,0.6308503625576797,2372.0,0.7814765985497693,0.42518127883981544,WACC_0p1_WRT_0p9,0.5632827949901121,2493,False,,,False,False,False,False,False,97.0,0.2513089005235602
IBDD,Electricity,2178,0.74,274,0.7499999999999998,0.2716043897890431,0,222,4420,3255,191,126,7,0.6711112225436524,0.7183361883669183,0.6958030834362716,0.6711112225436524,0.25148985538834506,0.22222222222222254,1.2233606186634038,-2.534149843841321,1.7596622789832348,-1.2199335447094035,0.0606453741297639,0.7183361883669183,0.6084659569763365,0.10987023139058172,0.6958030834362716,0.6146069873923962,0.08119609604387545,0.6711112225436524,0.6224720831946994,0.04863913934895303,0.25148985538834506,0.3077156744154006,0.056225819027055535,0.22222222222222254,0.261670020998119,0.03944779877589644,2688.0,0.8856295319709954,2768.0,0.9119973632168754,2807.0,0.924851680949242,2056.0,0.6773236651285431,1291.0,0.42518127883981544,0.42518127883981544,WACC_0p9_WRT_0p1,0.7649967040210943,2494,False,,,False,False,False,False,False,222.0,0.5785340314136126
IBDD,Electricity,2184,0.73,124,0.7142857142857141,0.4073595105219982,0,116,3786,3380,641,119,99,0.5067238364414649,0.5775531001994092,0.5437573482153619,0.5067238364414649,0.22270073803295595,0.2592592592592596,1.2233606186634038,-2.534149843841321,1.7596622789832348,-1.2199335447094035,0.0606453741297639,0.5775531001994092,0.48664363526495774,0.09090946493445146,0.5437573482153619,0.47436365403798675,0.06939369417737518,0.5067238364414649,0.4545898892496349,0.05213394719183001,0.22270073803295595,0.2780612681387068,0.055360530105750844,0.2592592592592596,0.32502939094137057,0.06577013168211099,1307.0,0.43045484508899146,1538.0,0.50659195781147,1293.0,0.4258404746209624,1610.0,0.530323005932762,2234.0,0.7359920896506262,0.4258404746209624,WACC_0p5_WRT_0p5,0.5258404746209624,2495,False,,,False,False,False,False,False,116.0,0.3010471204188482
IBDD,Electricity,2759,0.72,99,0.6785714285714283,0.4457799518448435,0,92,4152,4028,985,248,157,0.46020009657916583,0.5377096795683104,0.5007264539337751,0.46020009657916583,0.2615657011313083,0.2962962962962967,1.2233606186634038,-2.534149843841321,1.7596622789832348,-1.2199335447094035,0.0606453741297639,0.5377096795683104,0.48559646445123966,0.05211321511707073,0.5007264539337751,0.4587614098641175,0.04196504406965762,0.46020009657916583,0.47644711921815985,0.016247022638994024,0.2615657011313083,0.37638230534509615,0.11481660421378787,0.2962962962962967,0.4116261364952551,0.11532984019895837,1293.0,0.4258404746209624,1341.0,0.4416611733684904,1585.0,0.5220830586684245,2728.0,0.8988134475939354,2737.0,0.9017798286090969,0.4258404746209624,WACC_0p1_WRT_0p9,0.6380355965721819,2496,False,,,False,False,False,False,False,92.0,0.23821989528795812
IBDD,Electricity,2372,0.74,139,0.7499999999999998,0.3878467884272343,0,125,4367,1259,264,63,45,0.5303520087238677,0.5977885157050904,0.5656115969614975,0.5303520087238677,0.19727677698589813,0.22222222222222254,1.2233606186634038,-2.534149843841321,1.7596622789832348,-1.2199335447094035,0.0606453741297639,0.5977885157050904,0.5114732782129482,0.0863152374921422,0.5656115969614975,0.47514743850129293,0.09046415846020461,0.5303520087238677,0.4758566111034595,0.05449539762040817,0.19727677698589813,0.26267169922712424,0.06539492224122612,0.22222222222222254,0.262962949571744,0.040740727349521444,1699.0,0.5596572181938035,1552.0,0.511206328279499,1573.0,0.5181278839815425,1295.0,0.42649967040210945,1326.0,0.4367172050098879,0.42649967040210945,WACC_0p7_WRT_0p3,0.4904416611733685,2497,False,,,False,False,False,False,False,125.0,0.32460732984293195
IBDD,Electricity,1324,0.74,191,0.7499999999999998,0.3334638155010188,0,174,4664,4257,164,67,49,0.5962049557032475,0.6541856728137583,0.6265205266388589,0.5962049557032475,0.2226398838173708,0.22222222222222254,1.2233606186634038,-2.534149843841321,1.7596622789832348,-1.2199335447094035,0.0606453741297639,0.6541856728137583,0.5581679954645964,0.09601767734916189,0.6265205266388589,0.5494517402704874,0.07706878636837156,0.5962049557032475,0.5578903543511696,0.03831460135207787,0.2226398838173708,0.2630970646019748,0.040457180784604,0.22222222222222254,0.2845882306353811,0.062366008413158536,2280.0,0.7511535926170072,2372.0,0.7814765985497693,2473.0,0.8147659854976929,1297.0,0.42715886618325644,1786.0,0.5883322346736981,0.42715886618325644,WACC_0p7_WRT_0p3,0.6725774555042847,2498,False,,,False,False,False,False,False,174.0,0.45287958115183247
IBDD,Electricity,999,0.74,222,0.7499999999999998,0.3076928116430253,0,195,2982,3943,378,10,9,0.6274113510021655,0.6809111582961219,0.6553840509598116,0.6274113510021655,0.23465895318475166,0.22222222222222254,1.2233606186634038,-2.534149843841321,1.7596622789832348,-1.2199335447094035,0.0606453741297639,0.6809111582961219,0.6457896335445682,0.03512152475155372,0.6553840509598116,0.6491236510248135,0.006260399934998051,0.6274113510021655,0.6559718026237349,0.028560451621569394,0.23465895318475166,0.3601069936478574,0.12544804046310576,0.22222222222222254,0.2618263996991969,0.03960417747697437,2855.0,0.94067237969677,2900.0,0.9555042847725774,2916.0,0.9607778510217535,2606.0,0.8586025049439684,1297.0,0.42715886618325644,0.42715886618325644,WACC_0p9_WRT_0p1,0.8285431773236651,2499,False,,,False,False,False,False,False,195.0,0.5078534031413613
IBDD,Electricity,1657,0.74,199,0.7499999999999998,0.3264351604674772,0,181,4958,1377,28,136,13,0.6047160322839292,0.6614746484040978,0.6343926202764254,0.6047160322839292,0.22591790483948646,0.22222222222222254,1.2233606186634038,-2.534149843841321,1.7596622789832348,-1.2199335447094035,0.0606453741297639,0.6614746484040978,0.5793682088409081,0.08210643956318964,0.6343926202764254,0.5581940497971143,0.07619857047931111,0.6047160322839292,0.5391909198625625,0.06552511242136672,0.22591790483948646,0.2702596444450976,0.044341739605611136,0.22222222222222254,0.2618961166010429,0.03967389437882035,2473.0,0.8147659854976929,2447.0,0.8061964403427818,2316.0,0.7630191166776532,1440.0,0.474291364535267,1298.0,0.42748846407382995,0.42748846407382995,WACC_0p9_WRT_0p1,0.6571522742254449,2500,False,,,False,False,False,False,False,181.0,0.4712041884816754
IBDD,Electricity,1795,0.72,94,0.6785714285714283,0.454611535799055,0,87,1265,3885,251,162,102,0.44950583330912175,0.5285509999120911,0.49083507990505837,0.44950583330912175,0.2615657011313083,0.2962962962962967,1.2233606186634038,-2.534149843841321,1.7596622789832348,-1.2199335447094035,0.0606453741297639,0.5285509999120911,0.49211804323568087,0.03643295667641022,0.49083507990505837,0.46786588556196707,0.022969194343091304,0.44950583330912175,0.45499853399183515,0.005492700682713403,0.2615657011313083,0.2756650982971006,0.014099397165792338,0.2962962962962967,0.3194269883105164,0.02313069201421969,1394.0,0.45912986156888597,1464.0,0.482201713909031,1299.0,0.4278180619644034,1561.0,0.5141727092946605,2193.0,0.7224785761371127,0.4278180619644034,WACC_0p5_WRT_0p5,0.5211601845748188,2501,False,,,False,False,False,False,False,87.0,0.225130890052356
IBDD,Electricity,1218,0.73,115,0.7142857142857141,0.4202252716212888,0,107,2688,4149,135,106,77,0.4911445431823328,0.5642108294297744,0.5293476957841564,0.4911445431823328,0.22270073803295595,0.2592592592592596,1.2233606186634038,-2.534149843841321,1.7596622789832348,-1.2199335447094035,0.0606453741297639,0.5642108294297744,0.5117462602414287,0.052464569188345744,0.5293476957841564,0.49632375211357155,0.033023943670584865,0.4911445431823328,0.4798265352160383,0.011318007966294508,0.22270073803295595,0.26313583713178884,0.04043509909883289,0.2592592592592596,0.30821376931592276,0.04895451005666318,1704.0,0.561305207646671,1826.0,0.6015161502966381,1643.0,0.5411997363216875,1299.0,0.4278180619644034,2076.0,0.6839156229400132,0.4278180619644034,WACC_0p7_WRT_0p3,0.5631509558338827,2502,False,,,False,False,False,False,False,107.0,0.2774869109947644
IBDD,Electricity,2820,0.73,123,0.7142857142857141,0.4087424748943598,0,115,1368,4115,953,178,142,0.5050491894961598,0.5761189149243676,0.542208428118317,0.5050491894961598,0.22270073803295595,0.2592592592592596,1.2233606186634038,-2.534149843841321,1.7596622789832348,-1.2199335447094035,0.0606453741297639,0.5761189149243676,0.4860574852060713,0.09006142971829634,0.542208428118317,0.4652005181293001,0.07700790998901696,0.5050491894961598,0.46290186991889615,0.0421473195772637,0.22270073803295595,0.3483626875971593,0.12566194956420337,0.2592592592592596,0.3978053706560788,0.13854611139681922,1299.0,0.4278180619644034,1431.0,0.4713249835201055,1403.0,0.46209624258404747,2487.0,0.8193803559657218,2688.0,0.8856295319709954,0.4278180619644034,WACC_0p1_WRT_0p9,0.6132498352010548,2503,False,,,False,False,False,False,False,115.0,0.29842931937172773
IBDD,Electricity,1897,0.73,125,0.7142857142857141,0.405987565903148,0,117,1043,4663,979,235,54,0.5083851394446378,0.5789758575819206,0.5452939261884742,0.5083851394446378,0.22270073803295595,0.2592592592592596,1.2233606186634038,-2.534149843841321,1.7596622789832348,-1.2199335447094035,0.0606453741297639,0.5789758575819206,0.518834862907073,0.06014099467484757,0.5452939261884742,0.5114812892996968,0.033812636888777337,0.5083851394446378,0.49994026754096155,0.008444871903676265,0.22270073803295595,0.2632194220732133,0.04051868404025735,0.2592592592592596,0.2884605886103555,0.029201329351095928,1814.0,0.5975609756097561,2004.0,0.6601845748187212,1928.0,0.6351351351351351,1300.0,0.42814765985497694,1831.0,0.6031641397495056,0.42814765985497694,WACC_0p7_WRT_0p3,0.5848384970336189,2504,False,,,False,False,False,False,False,117.0,0.3036649214659686
IBDD,Electricity,1604,0.71,118,0.6428571428571426,0.4158289952077859,0,114,2435,4757,900,236,196,0.4964680432042589,0.5687699308956294,0.5342715253672798,0.4964680432042589,0.3004306642296604,0.3333333333333337,1.2233606186634038,-2.534149843841321,1.7596622789832348,-1.2199335447094035,0.0606453741297639,0.5687699308956294,0.49333329642935086,0.07543663446627857,0.5342715253672798,0.4543930229926172,0.07987850237466265,0.4964680432042589,0.5019118914157419,0.005443848211482971,0.3004306642296604,0.4553489688877734,0.15491830465811296,0.3333333333333337,0.4893063529241984,0.15597301959086468,1425.0,0.4693473961766645,1300.0,0.42814765985497694,1953.0,0.6433750823994726,2970.0,0.9785761371127225,2959.0,0.974950560316414,0.42814765985497694,WACC_0p3_WRT_0p7,0.6988793671720501,2505,False,,,False,False,False,False,False,114.0,0.29581151832460734
IBDD,Electricity,168,0.72,232,0.6785714285714283,0.3001399279681921,0,214,3781,1,446,93,10,0.6365572218771366,0.6887437784033563,0.6638432806756248,0.6365572218771366,0.2615657011313083,0.2962962962962967,1.2233606186634038,-2.534149843841321,1.7596622789832348,-1.2199335447094035,0.0606453741297639,0.6887437784033563,0.6202024955289113,0.06854128287444505,0.6638432806756248,0.5616375474484278,0.10220573322719706,0.6365572218771366,0.5745677095630746,0.06198951231406202,0.2615657011313083,0.292189708303225,0.03062400717191671,0.2962962962962967,0.26196508331997004,0.034331212976326686,2740.0,0.9027686222808174,2468.0,0.8131179960448253,2586.0,0.8520105471324984,1845.0,0.6077785102175346,1300.0,0.42814765985497694,0.42814765985497694,WACC_0p9_WRT_0p1,0.7207646671061305,2506,False,,,False,False,False,False,False,214.0,0.5575916230366492
IBDD,Electricity,1352,0.74,126,0.7499999999999998,0.4046264668097131,0,112,1019,4868,313,209,70,0.5100333094804184,0.5803873677528902,0.5468183571731213,0.5100333094804184,0.18945107801225108,0.22222222222222254,1.2233606186634038,-2.534149843841321,1.7596622789832348,-1.2199335447094035,0.0606453741297639,0.5803873677528902,0.5186219454703369,0.06176542228255333,0.5468183571731213,0.5092474918924143,0.03757086528070708,0.5100333094804184,0.4956930981520692,0.014340211328349173,0.18945107801225108,0.2633840642857713,0.07393298627352024,0.22222222222222254,0.2963290354935153,0.07410681327129276,1813.0,0.5972313777191826,1987.0,0.6545814106789717,1881.0,0.6196440342781806,1303.0,0.42913645352669744,1948.0,0.6417270929466051,0.42913645352669744,WACC_0p7_WRT_0p3,0.5884640738299274,2507,False,,,False,False,False,False,False,112.0,0.2905759162303665
IBDD,Electricity,331,0.73,1274,0.7142857142857141,0.0074951155583018,0,381,4930,17,729,40,1,0.9909240811800628,0.9922272875691684,0.9916054705747019,0.9909240811800628,0.37466502175126926,0.2592592592592596,1.2233606186634038,-2.534149843841321,1.7596622789832348,-1.2199335447094035,0.0606453741297639,0.9922272875691684,0.7626353139179003,0.22959197365126816,0.9916054705747019,0.7221327882223035,0.2694726823523984,0.9909240811800628,0.7194498489461522,0.27147423223391065,0.37466502175126926,0.3549251551846765,0.019739866566592768,0.2592592592592596,0.2620855368850889,0.002826277625829321,3033.0,0.999340804218853,3016.0,0.9937376400791035,3012.0,0.9924192485168095,2555.0,0.8417930125247198,1303.0,0.42913645352669744,0.42913645352669744,WACC_0p9_WRT_0p1,0.8512854317732368,2508,False,,,False,False,False,False,False,381.0,0.9947643979057592
IBDD,Electricity,1403,0.74,158,0.7499999999999998,0.3659350920892225,0,144,4559,4823,957,225,75,0.5568851256083215,0.6205117563519175,0.5901526968600708,0.5568851256083215,0.20749594422108764,0.22222222222222254,1.2233606186634038,-2.534149843841321,1.7596622789832348,-1.2199335447094035,0.0606453741297639,0.6205117563519175,0.5313183080191201,0.08919344833279741,0.5901526968600708,0.5164373742783361,0.07371532258173463,0.5568851256083215,0.5163255787991787,0.040559546809142755,0.20749594422108764,0.2633846308630786,0.05588868664199098,0.22222222222222254,0.2964637359892374,0.07424151376701488,1984.0,0.6535926170072511,2058.0,0.6779828609096902,2120.0,0.6984179301252472,1304.0,0.42946605141727096,1950.0,0.6423862887277522,0.42946605141727096,WACC_0p7_WRT_0p3,0.6203691496374424,2509,False,,,False,False,False,False,False,144.0,0.3743455497382199
IBDD,Electricity,2177,0.71,119,0.6428571428571426,0.41438816555554,0,115,2238,4883,373,239,227,0.498212759860783,0.5702641246090697,0.5358852545777952,0.498212759860783,0.3004306642296604,0.3333333333333337,1.2233606186634038,-2.534149843841321,1.7596622789832348,-1.2199335447094035,0.0606453741297639,0.5702641246090697,0.4864413662937856,0.08382275831528413,0.5358852545777952,0.4550633915894414,0.08082186298835381,0.498212759860783,0.5295586384659944,0.031345878605211375,0.3004306642296604,0.4951562834743088,0.19472561924464837,0.3333333333333337,0.534764534436558,0.20143120110322432,1304.0,0.42946605141727096,1305.0,0.4297956493078444,2230.0,0.7346736980883323,3025.0,0.996704021094265,3022.0,0.9957152274225445,0.42946605141727096,WACC_0p1_WRT_0p9,0.7172709294660514,2510,False,,,False,False,False,False,False,115.0,0.29842931937172773
IBDD,Electricity,484,0.74,548,0.7499999999999998,0.1525729345103017,0,315,3404,364,752,46,3,0.8152477360804247,0.8417762160633908,0.8291183133484621,0.8152477360804247,0.30700369279176243,0.22222222222222254,1.2233606186634038,-2.534149843841321,1.7596622789832348,-1.2199335447094035,0.0606453741297639,0.8417762160633908,0.7338851012461755,0.10789111481721536,0.8291183133484621,0.697037938213172,0.13208037513529014,0.8152477360804247,0.6639333337017939,0.1513144023786308,0.30700369279176243,0.340541495681298,0.03353780288953556,0.22222222222222254,0.2621723201438505,0.03995009792162796,3024.0,0.9963744232036915,2989.0,0.984838497033619,2930.0,0.9653922214897824,2421.0,0.7976268951878708,1305.0,0.4297956493078444,0.4297956493078444,WACC_0p9_WRT_0p1,0.8348055372445616,2511,False,,,False,False,False,False,False,315.0,0.8219895287958116
IBDD,Electricity,2843,0.74,113,0.7499999999999998,0.4232197495097513,0,99,588,4217,722,141,117,0.48751849659073904,0.5611054449528504,0.5259938805490785,0.48751849659073904,0.1838357749346038,0.22222222222222254,1.2233606186634038,-2.534149843841321,1.7596622789832348,-1.2199335447094035,0.0606453741297639,0.5611054449528504,0.4890397857112664,0.07206565924158403,0.5259938805490785,0.4668517444637054,0.059142136085373054,0.48751849659073904,0.4552954981850372,0.032222998405701864,0.1838357749346038,0.32425653134362303,0.14042075640901924,0.22222222222222254,0.38182016606271924,0.1595979438404967,1342.0,0.44199077125906394,1450.0,0.47758734344100195,1306.0,0.43012524719841794,2250.0,0.7412656558998022,2611.0,0.8602504943968359,0.43012524719841794,WACC_0p5_WRT_0p5,0.5902439024390244,2512,False,,,False,False,False,False,False,99.0,0.25654450261780104
IBDD,Electricity,1272,0.73,191,0.7142857142857141,0.3334638155010188,0,176,4360,1765,130,72,31,0.5962049557032475,0.6541856728137583,0.6265205266388589,0.5962049557032475,0.22270073803295595,0.2592592592592596,1.2233606186634038,-2.534149843841321,1.7596622789832348,-1.2199335447094035,0.0606453741297639,0.6541856728137583,0.5619280323001242,0.09225764051363405,0.6265205266388589,0.5369213503524333,0.08959917628642566,0.5962049557032475,0.5391092456043668,0.0570957100988807,0.22270073803295595,0.2754739829400752,0.05277324490711924,0.2592592592592596,0.26228653046869854,0.003027271209438964,2317.0,0.7633487145682267,2261.0,0.7448912326961108,2313.0,0.7620303230059328,1556.0,0.512524719841793,1306.0,0.43012524719841794,0.43012524719841794,WACC_0p9_WRT_0p1,0.6425840474620963,2513,False,,,False,False,False,False,False,176.0,0.4581151832460733
IBDD,Electricity,1246,0.74,245,0.7499999999999998,0.2907918461033145,0,213,3956,305,748,56,18,0.6478769182137436,0.6984380855224886,0.6743131323642876,0.6478769182137436,0.24254121800908027,0.22222222222222254,1.2233606186634038,-2.534149843841321,1.7596622789832348,-1.2199335447094035,0.0606453741297639,0.6984380855224886,0.6325898763221299,0.06584820920035872,0.6743131323642876,0.5931590703510788,0.08115406201320874,0.6478769182137436,0.5790681749468333,0.06880874326691033,0.24254121800908027,0.3193848636523146,0.07684364564323434,0.22222222222222254,0.26233960022467273,0.04011737800245019,2806.0,0.9245220830586685,2684.0,0.8843111404087014,2613.0,0.8609096901779829,2191.0,0.7218193803559657,1307.0,0.43045484508899146,0.43045484508899146,WACC_0p9_WRT_0p1,0.7644034278180619,2514,False,,,False,False,False,False,False,213.0,0.5549738219895288
IBDD,Electricity,2147,0.71,100,0.6428571428571426,0.4440667223993342,0,97,2183,4296,993,219,162,0.462274665176063,0.539486361956246,0.5026452709127456,0.462274665176063,0.3004306642296604,0.3333333333333337,1.2233606186634038,-2.534149843841321,1.7596622789832348,-1.2199335447094035,0.0606453741297639,0.539486361956246,0.48665860873455236,0.05282775322169364,0.5026452709127456,0.4557987822932956,0.046846488619449955,0.462274665176063,0.4759761800855337,0.013701514909470691,0.3004306642296604,0.414237328219969,0.11380666399030859,0.3333333333333337,0.45405777952623777,0.12072444619290407,1309.0,0.43111404087013844,1312.0,0.43210283454185894,1574.0,0.518457481872116,2866.0,0.9442979564930785,2869.0,0.9452867501647989,0.43111404087013844,WACC_0p1_WRT_0p9,0.6542518127883982,2515,False,,,False,False,False,False,False,97.0,0.2513089005235602
IBDD,Electricity,214,0.75,34,0.7857142857142856,0.6265363711819671,0,15,1,822,2,25,2,0.24132013731434054,0.3502585780335155,0.2982792642761968,0.24132013731434054,0.14497081183625146,0.18518518518518542,1.2233606186634038,-2.534149843841321,1.7596622789832348,-1.2199335447094035,0.0606453741297639,0.3502585780335155,0.5050414513594543,0.15478287332593882,0.2982792642761968,0.4554365282678669,0.15715726399167013,0.24132013731434054,0.4973439203767174,0.25602378306237683,0.14497081183625146,0.3794321705285248,0.23446135869227333,0.18518518518518542,0.3771864943128184,0.192001309127633,1592.0,0.524390243902439,1310.0,0.43144363876071196,1900.0,0.6259063941990771,2742.0,0.9034278180619644,2595.0,0.8549769281476599,0.43144363876071196,WACC_0p3_WRT_0p7,0.6680290046143705,2516,False,,,False,False,False,False,False,15.0,0.03664921465968586
IBDD,Electricity,1329,0.71,108,0.6428571428571426,0.4309420365106688,0,104,3907,4499,890,207,201,0.478167493343437,0.5530971473222692,0.5173449191080508,0.478167493343437,0.3004306642296604,0.3333333333333337,1.2233606186634038,-2.534149843841321,1.7596622789832348,-1.2199335447094035,0.0606453741297639,0.5530971473222692,0.4914633364904165,0.06163381083185271,0.5173449191080508,0.4555271013718339,0.06181781773621692,0.478167493343437,0.4992261957491424,0.0210587024057054,0.3004306642296604,0.43448321462124445,0.13405255039158404,0.3333333333333337,0.46893975564134865,0.13560642230801495,1380.0,0.4545154911008569,1311.0,0.4317732366512854,1918.0,0.6318391562294001,2919.0,0.961766644693474,2913.0,0.959789057350033,0.4317732366512854,WACC_0p3_WRT_0p7,0.6879367172050099,2517,False,,,False,False,False,False,False,104.0,0.2696335078534031
IBDD,Electricity,266,0.76,12,0.8214285714285713,0.7970613765886635,0,2,2073,1,1000,39,1,0.03482951101221768,0.17341783168583041,0.10729125822069678,0.03482951101221768,0.10610584873789927,0.1481481481481484,1.2233606186634038,-2.534149843841321,1.7596622789832348,-1.2199335447094035,0.0606453741297639,0.17341783168583041,0.6211206520415671,0.44770282035573666,0.10729125822069678,0.5847194186618038,0.477428160441107,0.03482951101221768,0.5696193724240195,0.5347898614118018,0.10610584873789927,0.30961434535362775,0.20350849661572848,0.1481481481481484,0.2625013896673078,0.1143532415191594,2745.0,0.9044166117336849,2634.0,0.8678312458800264,2547.0,0.8391562294001318,2089.0,0.6882003955174687,1311.0,0.4317732366512854,0.4317732366512854,WACC_0p9_WRT_0p1,0.7462755438365194,2518,False,,,False,False,False,False,False,2.0,0.002617801047120419
IBDD,Electricity,502,0.74,926,0.7499999999999998,0.0623765343143701,0,369,4382,4773,201,30,8,0.9244675605996237,0.9353132236739866,0.9301382815679055,0.9244675605996237,0.34906944997439154,0.22222222222222254,1.2233606186634038,-2.534149843841321,1.7596622789832348,-1.2199335447094035,0.0606453741297639,0.9353132236739866,0.696744172503118,0.23856905117086857,0.9301382815679055,0.708670794597043,0.2214674869708625,0.9244675605996237,0.7145552983633,0.20991226223632364,0.34906944997439154,0.3585669010535956,0.009497451079204078,0.22222222222222254,0.2625128769755096,0.04029065475328708,2987.0,0.984179301252472,3005.0,0.990112063282795,3007.0,0.990771259063942,2594.0,0.8546473302570864,1312.0,0.43210283454185894,0.43210283454185894,WACC_0p9_WRT_0p1,0.8503625576796308,2519,False,,,False,False,False,False,False,369.0,0.9633507853403142
IBDD,Electricity,2180,0.73,109,0.7142857142857141,0.4293696224892548,0,101,743,3211,969,62,49,0.4800715469765898,0.554727798900032,0.5191060228120346,0.4800715469765898,0.22270073803295595,0.2592592592592596,1.2233606186634038,-2.534149843841321,1.7596622789832348,-1.2199335447094035,0.0606453741297639,0.554727798900032,0.4877617589396879,0.06696603996034411,0.5191060228120346,0.4750404729698728,0.044065549842161766,0.4800715469765898,0.4641467929921515,0.015924753984438322,0.22270073803295595,0.2636145824861243,0.04091384445316834,0.2592592592592596,0.298265876848281,0.03900661758902141,1323.0,0.4357284113381674,1547.0,0.5095583388266315,1422.0,0.468358602504944,1313.0,0.43243243243243246,1986.0,0.6542518127883982,0.43243243243243246,WACC_0p7_WRT_0p3,0.5000659195781147,2520,False,,,False,False,False,False,False,101.0,0.2617801047120419
IBDD,Electricity,1019,0.74,395,0.7499999999999998,0.2088208172104357,0,272,4955,4361,582,81,10,0.7471365491068871,0.7834450784484371,0.7661206847243119,0.7471365491068871,0.2807708301657486,0.22222222222222254,1.2233606186634038,-2.534149843841321,1.7596622789832348,-1.2199335447094035,0.0606453741297639,0.7834450784484371,0.6515101829933012,0.13193489545513593,0.7661206847243119,0.6550363979999841,0.1110842867243278,0.7471365491068871,0.668573051167992,0.07856349793889505,0.2807708301657486,0.3139350359264408,0.03316420576069218,0.22222222222222254,0.26256739853613,0.04034517631390744,2880.0,0.9489123269611075,2912.0,0.9594594594594594,2942.0,0.9693473961766644,2139.0,0.7046802900461437,1313.0,0.43243243243243246,0.43243243243243246,WACC_0p9_WRT_0p1,0.8029663810151615,2521,False,,,False,False,False,False,False,272.0,0.7094240837696335
IBDD,Electricity,2501,0.74,96,0.7499999999999998,0.4510243614951085,0,83,4438,3461,524,183,117,0.45384958258454444,0.5322710325235911,0.4948527151254784,0.45384958258454444,0.1838357749346038,0.22222222222222254,1.2233606186634038,-2.534149843841321,1.7596622789832348,-1.2199335447094035,0.0606453741297639,0.5322710325235911,0.48708820821931736,0.04518282430427373,0.4948527151254784,0.4644799578984214,0.030372757227057012,0.45384958258454444,0.45990372696986576,0.006054144385321314,0.1838357749346038,0.3029323192894453,0.11909654435484152,0.22222222222222254,0.3344085929017855,0.11218637067956294,1314.0,0.4327620303230059,1422.0,0.468358602504944,1360.0,0.44792353328938694,1995.0,0.6572181938035596,2299.0,0.7574159525379037,0.4327620303230059,WACC_0p1_WRT_0p9,0.5527356624917601,2522,False,,,False,False,False,False,False,83.0,0.21465968586387435
IBDD,Electricity,1581,0.73,303,0.7142857142857141,0.2543423943671673,0,254,1880,44,928,48,14,0.6920139648563499,0.7362375169525672,0.7151365183087726,0.6920139648563499,0.25954049716924665,0.2592592592592596,1.2233606186634038,-2.534149843841321,1.7596622789832348,-1.2199335447094035,0.0606453741297639,0.7362375169525672,0.5864822784918503,0.14975523846071692,0.7151365183087726,0.5331010703677224,0.1820354479410502,0.6920139648563499,0.532209269550032,0.1598046953063179,0.25954049716924665,0.3087003695443452,0.04915987237509856,0.2592592592592596,0.2625703697736414,0.003311110514381821,2534.0,0.8348714568226764,2218.0,0.7307185234014503,2250.0,0.7412656558998022,2073.0,0.6829268292682927,1314.0,0.4327620303230059,0.4327620303230059,WACC_0p9_WRT_0p1,0.6845088991430455,2523,False,,,False,False,False,False,False,254.0,0.662303664921466
IBDD,Electricity,1184,0.71,114,0.6428571428571426,0.4217160007489388,0,110,419,4655,217,168,167,0.4893394026958622,0.5626648881122115,0.5276780791611885,0.4893394026958622,0.3004306642296604,0.3333333333333337,1.2233606186634038,-2.534149843841321,1.7596622789832348,-1.2199335447094035,0.0606453741297639,0.5626648881122115,0.4890178425169766,0.07364704559523488,0.5276780791611885,0.4565508344650027,0.07112724469618575,0.4893394026958622,0.4769018584668173,0.012437544229044861,0.3004306642296604,0.4243823197493524,0.123951655519692,0.3333333333333337,0.46881127381488646,0.13547794048155276,1339.0,0.44100197758734344,1315.0,0.43309162821357944,1600.0,0.527027027027027,2897.0,0.954515491100857,2912.0,0.9594594594594594,0.43309162821357944,WACC_0p3_WRT_0p7,0.6630191166776532,2524,False,,,False,False,False,False,False,110.0,0.28534031413612565
IBDD,Electricity,972,0.73,286,0.7142857142857141,0.2642504689750086,0,244,4445,2314,345,91,8,0.6800161670768287,0.7259624766185095,0.7040394747479904,0.6800161670768287,0.254919573721133,0.2592592592592596,1.2233606186634038,-2.534149843841321,1.7596622789832348,-1.2199335447094035,0.0606453741297639,0.7259624766185095,0.6478284817882946,0.07813399483021499,0.7040394747479904,0.6422510682021273,0.06178840654586315,0.6800161670768287,0.6489257445248136,0.031090422552015107,0.254919573721133,0.3190541082789588,0.0641345345578258,0.2592592592592596,0.26259371965028633,0.00333446039102675,2870.0,0.9456163480553724,2876.0,0.9475939353988134,2887.0,0.9512195121951219,2185.0,0.7198417930125247,1315.0,0.43309162821357944,0.43309162821357944,WACC_0p9_WRT_0p1,0.7994726433750824,2525,False,,,False,False,False,False,False,244.0,0.6361256544502618
IBDD,Electricity,2704,0.73,124,0.7142857142857141,0.4073595105219982,0,116,3460,4364,110,83,79,0.5067238364414649,0.5775531001994092,0.5437573482153619,0.5067238364414649,0.22270073803295595,0.2592592592592596,1.2233606186634038,-2.534149843841321,1.7596622789832348,-1.2199335447094035,0.0606453741297639,0.5775531001994092,0.5172803500130997,0.06027275018630951,0.5437573482153619,0.5062061449751262,0.03755120324023575,0.5067238364414649,0.506283257868995,0.0004405785724699296,0.22270073803295595,0.2637094825576189,0.04100874452466294,0.2592592592592596,0.31845453026837583,0.05919527100911626,1792.0,0.5903098220171391,1953.0,0.6433750823994726,2008.0,0.6615029663810151,1316.0,0.43342122610415296,2187.0,0.7205009887936717,0.43342122610415296,WACC_0p7_WRT_0p3,0.6098220171390902,2526,False,,,False,False,False,False,False,116.0,0.3010471204188482
IBDD,Electricity,455,0.74,469,0.7499999999999998,0.1793235196092751,0,291,4922,4476,685,112,3,0.782855154958018,0.8140348685533443,0.7991576580376119,0.782855154958018,0.29452776675899134,0.22222222222222254,1.2233606186634038,-2.534149843841321,1.7596622789832348,-1.2199335447094035,0.0606453741297639,0.8140348685533443,0.6458431640349394,0.16819170451840493,0.7991576580376119,0.6547910035686272,0.14436665446898467,0.782855154958018,0.6527921859478093,0.13006296901020875,0.29452776675899134,0.31622901829302624,0.021701251534034904,0.22222222222222254,0.26262248520663595,0.040400262984413404,2856.0,0.9410019775873434,2910.0,0.9588002636783125,2898.0,0.9548450889914305,2160.0,0.7116018457481872,1316.0,0.43342122610415296,0.43342122610415296,WACC_0p9_WRT_0p1,0.7999340804218853,2527,False,,,False,False,False,False,False,291.0,0.7591623036649214
IBDD,Electricity,1478,0.74,127,0.7499999999999998,0.4032760431131678,0,113,381,4380,597,202,109,0.5116685525593311,0.5817878071419,0.548330831713252,0.5116685525593311,0.19008088801785153,0.22222222222222254,1.2233606186634038,-2.534149843841321,1.7596622789832348,-1.2199335447094035,0.0606453741297639,0.5817878071419,0.4872039919094344,0.09458381523246562,0.548330831713252,0.45760316120659705,0.09072767050665498,0.5116685525593311,0.4631959126976281,0.04847263986170297,0.19008088801785153,0.3246454038864294,0.13456451586857784,0.22222222222222254,0.36551538166982667,0.14329315944760412,1317.0,0.4337508239947264,1326.0,0.4367172050098879,1408.0,0.46374423203691495,2256.0,0.7432432432432432,2513.0,0.8279499011206328,0.4337508239947264,WACC_0p1_WRT_0p9,0.581081081081081,2528,False,,,False,False,False,False,False,113.0,0.2931937172774869
IBDD,Electricity,1928,0.73,114,0.7142857142857141,0.4217160007489388,0,106,3844,3479,194,209,108,0.4893394026958622,0.5626648881122115,0.5276780791611885,0.4893394026958622,0.22270073803295595,0.2592592592592596,1.2233606186634038,-2.534149843841321,1.7596622789832348,-1.2199335447094035,0.0606453741297639,0.5626648881122115,0.4875049817381731,0.07515990637403841,0.5276780791611885,0.4704362445316887,0.05724183462949978,0.4893394026958622,0.45837580442966536,0.030963598266196823,0.22270073803295595,0.27602506587154174,0.05332432783858579,0.2592592592592596,0.31799014844337925,0.05873088918411967,1319.0,0.43441001977587346,1493.0,0.4917600527356625,1343.0,0.44232036914963746,1568.0,0.516479894528675,2186.0,0.7201713909030982,0.43441001977587346,WACC_0p1_WRT_0p9,0.5210283454185893,2529,False,,,False,False,False,False,False,106.0,0.27486910994764396
IBDD,Electricity,1991,0.71,108,0.6428571428571426,0.4309420365106688,0,104,2671,4671,202,216,193,0.478167493343437,0.5530971473222692,0.5173449191080508,0.478167493343437,0.3004306642296604,0.3333333333333337,1.2233606186634038,-2.534149843841321,1.7596622789832348,-1.2199335447094035,0.0606453741297639,0.5530971473222692,0.49224532553245526,0.060851821789813965,0.5173449191080508,0.4569982310407136,0.06034668806733723,0.478167493343437,0.49196394737483845,0.01379645403140145,0.3004306642296604,0.4361126363889878,0.13568197215932737,0.3333333333333337,0.4612083600701743,0.1278750267368406,1400.0,0.46110744891232697,1320.0,0.4347396176664469,1829.0,0.6025049439683586,2924.0,0.9634146341463414,2889.0,0.951878707976269,0.4347396176664469,WACC_0p3_WRT_0p7,0.6827290705339486,2530,False,,,False,False,False,False,False,104.0,0.2696335078534031
IBDD,Electricity,2962,0.69,100,0.5714285714285711,0.4440667223993342,0,98,2068,4173,321,182,95,0.462274665176063,0.539486361956246,0.5026452709127456,0.462274665176063,0.3781605904263649,0.4074074074074079,1.2233606186634038,-2.534149843841321,1.7596622789832348,-1.2199335447094035,0.0606453741297639,0.539486361956246,0.4876262621330818,0.051860099823164196,0.5026452709127456,0.4766580406535048,0.025987230259240768,0.462274665176063,0.4706910786100412,0.008416413433978198,0.3781605904263649,0.3053439216787901,0.07281666874757481,0.4074074074074079,0.36142934553655354,0.04597806187085435,1321.0,0.43506921555702044,1577.0,0.5194462755438365,1510.0,0.497363216875412,2024.0,0.6667765326301912,2489.0,0.8200395517468688,0.43506921555702044,WACC_0p1_WRT_0p9,0.5877389584706657,2531,False,,,False,False,False,False,False,98.0,0.25392670157068065
IBDD,Electricity,2622,0.74,243,0.7499999999999998,0.2921973897345995,0,211,1591,3041,532,76,18,0.6461749297925922,0.6969804847196746,0.6727389234972485,0.6461749297925922,0.24188570119272404,0.22222222222222254,1.2233606186634038,-2.534149843841321,1.7596622789832348,-1.2199335447094035,0.0606453741297639,0.6969804847196746,0.5683531840015118,0.12862730071816275,0.6727389234972485,0.5742610544233157,0.09847786907393286,0.6461749297925922,0.5564527592785098,0.08972217051408238,0.24188570119272404,0.28966213761287424,0.0477764364201502,0.22222222222222254,0.262770962614301,0.04054874039207845,2380.0,0.7841133816743573,2571.0,0.8470665787738958,2466.0,0.8124588002636783,1805.0,0.5945945945945946,1322.0,0.43539881344759396,0.43539881344759396,WACC_0p9_WRT_0p1,0.6947264337508241,2532,False,,,False,False,False,False,False,211.0,0.5497382198952879
IBDD,Electricity,2707,0.71,103,0.6428571428571426,0.4390270024565642,0,100,2973,4393,819,191,169,0.46837731812650846,0.5447127381931928,0.5082897572486481,0.46837731812650846,0.3004306642296604,0.3333333333333337,1.2233606186634038,-2.534149843841321,1.7596622789832348,-1.2199335447094035,0.0606453741297639,0.5447127381931928,0.4878583408132022,0.056854397379990596,0.5082897572486481,0.458401639916622,0.04988811733202614,0.46837731812650846,0.4811671109637389,0.012789792837230418,0.3004306642296604,0.4239885012993726,0.12355783706971218,0.3333333333333337,0.45152603167007754,0.11819269833674384,1324.0,0.43605800922874094,1336.0,0.44001318391562294,1666.0,0.5487804878048781,2893.0,0.9531970995385629,2861.0,0.942649967040211,0.43605800922874094,WACC_0p1_WRT_0p9,0.6641397495056032,2533,False,,,False,False,False,False,False,100.0,0.2591623036649215
IBDD,Electricity,2326,0.73,151,0.7142857142857141,0.3736871857445338,0,143,3884,4319,949,100,71,0.5474980291515862,0.6124725481167796,0.5814703519661221,0.5474980291515862,0.22270073803295595,0.2592592592592596,1.2233606186634038,-2.534149843841321,1.7596622789832348,-1.2199335447094035,0.0606453741297639,0.6124725481167796,0.5290809586419275,0.08339158947485215,0.5814703519661221,0.5179627065505623,0.06350764541555975,0.5474980291515862,0.5115622470072174,0.035935782144368766,0.22270073803295595,0.2639407960422655,0.04124005800930955,0.2592592592592596,0.2973018160677291,0.03804255680846952,1953.0,0.6433750823994726,2074.0,0.6832564271588661,2076.0,0.6839156229400132,1325.0,0.43638760711931446,1963.0,0.6466710613052077,0.43638760711931446,WACC_0p7_WRT_0p3,0.6187211601845748,2534,False,,,False,False,False,False,False,143.0,0.3717277486910995
IBDD,Electricity,1937,0.73,301,0.7142857142857141,0.2554788878576743,0,253,1258,2093,419,53,6,0.6906377722441087,0.7350589311105599,0.7138636455994047,0.6906377722441087,0.25901045983840576,0.2592592592592596,1.2233606186634038,-2.534149843841321,1.7596622789832348,-1.2199335447094035,0.0606453741297639,0.7350589311105599,0.6229430336237461,0.11211589748681372,0.7138636455994047,0.6192399562454802,0.09462368935392451,0.6906377722441087,0.602745333290192,0.08789243895391674,0.25901045983840576,0.3254866764917953,0.06647621665338954,0.2592592592592596,0.26292983922517904,0.0036705799659194627,2759.0,0.9090309822017139,2786.0,0.9179301252471984,2744.0,0.9040870138431114,2261.0,0.7448912326961108,1325.0,0.43638760711931446,0.43638760711931446,WACC_0p9_WRT_0p1,0.7824653922214898,2535,False,,,False,False,False,False,False,253.0,0.6596858638743456
IBDD,Electricity,2562,0.74,126,0.7499999999999998,0.4046264668097131,0,112,2385,4528,167,220,62,0.5100333094804184,0.5803873677528902,0.5468183571731213,0.5100333094804184,0.18945107801225108,0.22222222222222254,1.2233606186634038,-2.534149843841321,1.7596622789832348,-1.2199335447094035,0.0606453741297639,0.5803873677528902,0.5143395743162711,0.06604779343661915,0.5468183571731213,0.496424585968098,0.05039377120502331,0.5100333094804184,0.4878425709298917,0.022190738550526667,0.18945107801225108,0.26404816616629084,0.07459708815403976,0.22222222222222254,0.30172317384034686,0.07950095161812432,1745.0,0.5748187211601846,1827.0,0.6018457481872116,1773.0,0.5840474620962426,1327.0,0.43704680290046144,2017.0,0.6644693473961767,0.43704680290046144,WACC_0p7_WRT_0p3,0.5724456163480554,2536,False,,,False,False,False,False,False,112.0,0.2905759162303665
IBDD,Electricity,1823,0.74,130,0.7499999999999998,0.3992871819674755,0,116,3865,3994,811,173,137,0.5164987089005774,0.5859244038855811,0.5527983561964274,0.5164987089005774,0.1919412113126329,0.22222222222222254,1.2233606186634038,-2.534149843841321,1.7596622789832348,-1.2199335447094035,0.0606453741297639,0.5859244038855811,0.48798506950549553,0.09793933438008556,0.5527983561964274,0.4654429374844012,0.08735541871202618,0.5164987089005774,0.4668146725710887,0.049684036329488646,0.1919412113126329,0.3289230014915174,0.13698179017888448,0.22222222222222254,0.37746637170233904,0.1552441494801165,1327.0,0.43704680290046144,1434.0,0.472313777191826,1451.0,0.4779169413315755,2303.0,0.7587343441001978,2596.0,0.8553065260382333,0.43704680290046144,WACC_0p1_WRT_0p9,0.6002636783124589,2537,False,,,False,False,False,False,False,116.0,0.3010471204188482
IBDD,Electricity,2633,0.72,88,0.6785714285714283,0.4658445274206108,0,81,4134,3714,668,221,129,0.435903678776714,0.516901971563811,0.47825412928891586,0.435903678776714,0.2615657011313083,0.2962962962962967,1.2233606186634038,-2.534149843841321,1.7596622789832348,-1.2199335447094035,0.0606453741297639,0.516901971563811,0.48816153395700645,0.02874043760680456,0.47825412928891586,0.4625034540188106,0.015750675270105263,0.435903678776714,0.4637667803113283,0.0278631015346143,0.2615657011313083,0.3137777891294981,0.05221208799818983,0.2962962962962967,0.3532787657541653,0.056982469457868556,1328.0,0.43737640079103496,1390.0,0.45781147000659195,1418.0,0.46704021094264997,2136.0,0.7036914963744232,2443.0,0.8048780487804879,0.43737640079103496,WACC_0p1_WRT_0p9,0.5741595253790376,2538,False,,,False,False,False,False,False,81.0,0.2094240837696335
IBDD,Electricity,2192,0.74,129,0.7499999999999998,0.4006065611337189,0,115,1981,4687,655,180,59,0.5149010579888075,0.5845561588242916,0.5513206515302349,0.5149010579888075,0.19132587984132754,0.22222222222222254,1.2233606186634038,-2.534149843841321,1.7596622789832348,-1.2199335447094035,0.0606453741297639,0.5845561588242916,0.5238370461244265,0.060719112699865074,0.5513206515302349,0.5034904602661533,0.04783019126408161,0.5149010579888075,0.49905700294023725,0.015844055048570227,0.19132587984132754,0.26408890985264344,0.0727630300113159,0.22222222222222254,0.3074431028145468,0.08522088059232424,1884.0,0.6206328279499012,1910.0,0.6292023731048121,1916.0,0.6311799604482531,1328.0,0.43737640079103496,2067.0,0.6809492419248517,0.43737640079103496,WACC_0p7_WRT_0p3,0.5998681608437706,2539,False,,,False,False,False,False,False,115.0,0.29842931937172773
IBDD,Electricity,466,0.77,54,0.857142857142857,0.5487144138666213,0,3,2031,1361,440,39,8,0.33555561127182615,0.43096283006424446,0.38543985646938406,0.33555561127182615,0.12225140506884224,0.1111111111111114,1.2233606186634038,-2.534149843841321,1.7596622789832348,-1.2199335447094035,0.0606453741297639,0.43096283006424446,0.6047671980116635,0.173804367947419,0.38543985646938406,0.5421134114407822,0.15667355497139812,0.33555561127182615,0.5412265405109749,0.2056709292391487,0.12225140506884224,0.3207722265074592,0.19852082143861693,0.1111111111111114,0.26307159590084356,0.15196048478973218,2669.0,0.8793671720500988,2300.0,0.7577455504284772,2338.0,0.7702702702702703,2204.0,0.7261041529334212,1330.0,0.43803559657218194,0.43803559657218194,WACC_0p9_WRT_0p1,0.71430454845089,2540,False,,,False,False,False,False,False,3.0,0.005235602094240838
IBDD,Electricity,1280,0.74,95,0.7499999999999998,0.4528086068783853,0,82,2829,1428,578,48,36,0.4516890199984838,0.5304207039779707,0.49285436029620844,0.4516890199984838,0.1838357749346038,0.22222222222222254,1.2233606186634038,-2.534149843841321,1.7596622789832348,-1.2199335447094035,0.0606453741297639,0.5304207039779707,0.5070405349561522,0.023380169021818498,0.49285436029620844,0.46122259014544575,0.031631770150762684,0.4516890199984838,0.4573002976373242,0.005611277638840395,0.1838357749346038,0.27423185523614446,0.09039608030154067,0.22222222222222254,0.2733931710359679,0.05117094881374534,1627.0,0.5359261700725115,1371.0,0.4515491100856954,1331.0,0.43836519446275546,1531.0,0.5042847725774555,1589.0,0.5234014502307185,0.43836519446275546,WACC_0p5_WRT_0p5,0.49070533948582734,2541,False,,,False,False,False,False,False,82.0,0.21204188481675393
IBDD,Electricity,1362,0.74,92,0.7499999999999998,0.4582750386595772,0,79,2280,3490,124,95,77,0.4450696569353127,0.5247518117604384,0.48673195670127345,0.4450696569353127,0.1838357749346038,0.22222222222222254,1.2233606186634038,-2.534149843841321,1.7596622789832348,-1.2199335447094035,0.0606453741297639,0.5247518117604384,0.4883819061148349,0.036369905645603495,0.48673195670127345,0.4716557752815138,0.015076181419759638,0.4450696569353127,0.4600324669066649,0.014962809971352187,0.1838357749346038,0.27769350128834114,0.09385772635373735,0.22222222222222254,0.31926361756376626,0.09704139534154371,1332.0,0.4386947923533289,1510.0,0.497363216875412,1364.0,0.44924192485168096,1597.0,0.5260382333553065,2192.0,0.7221489782465392,0.4386947923533289,WACC_0p1_WRT_0p9,0.5266974291364536,2542,False,,,False,False,False,False,False,79.0,0.20418848167539266
IBDD,Electricity,1708,0.74,178,0.7499999999999998,0.3455351501104867,0,164,3835,4630,740,110,51,0.5815876423194026,0.6416672517372731,0.6130006318762549,0.5815876423194026,0.21701006012763283,0.22222222222222254,1.2233606186634038,-2.534149843841321,1.7596622789832348,-1.2199335447094035,0.0606453741297639,0.6416672517372731,0.5523489192377187,0.08931833249955445,0.6130006318762549,0.5423458974657464,0.07065473441050851,0.5815876423194026,0.5389268886617269,0.04266075365767574,0.21701006012763283,0.26438628028725386,0.047376220159621035,0.22222222222222254,0.27683665194430607,0.054614429722083524,2229.0,0.7343441001977588,2303.0,0.7587343441001978,2312.0,0.7617007251153592,1333.0,0.43902439024390244,1649.0,0.5431773236651285,0.43902439024390244,WACC_0p7_WRT_0p3,0.6473961766644694,2543,False,,,False,False,False,False,False,164.0,0.42670157068062825
IBDD,Electricity,364,0.73,476,0.7142857142857141,0.176778073099707,0,311,1808,2477,508,54,4,0.7859374644570014,0.8166745908595631,0.802008558128328,0.7859374644570014,0.29571491097494956,0.2592592592592596,1.2233606186634038,-2.534149843841321,1.7596622789832348,-1.2199335447094035,0.0606453741297639,0.8166745908595631,0.625497499400647,0.19117709145891604,0.802008558128328,0.6216819036736118,0.1803266544547163,0.7859374644570014,0.6112714063505882,0.17466605810641322,0.29571491097494956,0.3386281149966924,0.04291320402174281,0.2592592592592596,0.2633043862135837,0.00404512695432413,2769.0,0.9123269611074489,2802.0,0.9232036914963744,2764.0,0.9106789716545814,2393.0,0.7883981542518128,1334.0,0.43935398813447596,0.43935398813447596,WACC_0p9_WRT_0p1,0.7947923533289387,2544,False,,,False,False,False,False,False,311.0,0.8115183246073299
IBDD,Electricity,2597,0.73,115,0.7142857142857141,0.4202252716212888,0,107,534,4458,557,171,131,0.4911445431823328,0.5642108294297744,0.5293476957841564,0.4911445431823328,0.22270073803295595,0.2592592592592596,1.2233606186634038,-2.534149843841321,1.7596622789832348,-1.2199335447094035,0.0606453741297639,0.5642108294297744,0.49032267370708327,0.07388815572269114,0.5293476957841564,0.45868623796392466,0.07066145782023175,0.4911445431823328,0.4614800865290214,0.02966445665331141,0.22270073803295595,0.3444248256397953,0.12172408760683937,0.2592592592592596,0.4085233478770601,0.1492640886178005,1363.0,0.44891232696110744,1338.0,0.4406723796967699,1386.0,0.456493078444298,2461.0,0.8108108108108109,2727.0,0.8984838497033619,0.4406723796967699,WACC_0p3_WRT_0p7,0.6110744891232697,2545,False,,,False,False,False,False,False,107.0,0.2774869109947644
IBDD,Electricity,2424,0.73,113,0.7142857142857141,0.4232197495097513,0,105,1718,3963,643,142,135,0.48751849659073904,0.5611054449528504,0.5259938805490785,0.48751849659073904,0.22270073803295595,0.2592592592592596,1.2233606186634038,-2.534149843841321,1.7596622789832348,-1.2199335447094035,0.0606453741297639,0.5611054449528504,0.49032392049655904,0.07078152445629138,0.5259938805490785,0.46032088958098283,0.06567299096809565,0.48751849659073904,0.4581803834283447,0.02933811316239432,0.22270073803295595,0.34305496240251043,0.12035422436955448,0.2592592592592596,0.3932704503103354,0.13401119105107584,1364.0,0.44924192485168096,1358.0,0.44726433750823996,1339.0,0.44100197758734344,2446.0,0.8058668424522083,2673.0,0.8806855636123929,0.44100197758734344,WACC_0p5_WRT_0p5,0.6048121292023731,2546,False,,,False,False,False,False,False,105.0,0.27225130890052357
IBDD,Electricity,2586,0.71,115,0.6428571428571426,0.4202252716212888,0,111,1655,4834,240,210,187,0.4911445431823328,0.5642108294297744,0.5293476957841564,0.4911445431823328,0.3004306642296604,0.3333333333333337,1.2233606186634038,-2.534149843841321,1.7596622789832348,-1.2199335447094035,0.0606453741297639,0.5642108294297744,0.4968149446724656,0.06739588475730879,0.5293476957841564,0.4587440097015305,0.0706036860826259,0.4911445431823328,0.49235678978780395,0.0012122466054711456,0.3004306642296604,0.43425724162382245,0.13382657739416204,0.3333333333333337,0.47568284587493714,0.14234951254160344,1464.0,0.482201713909031,1339.0,0.44100197758734344,1835.0,0.6044825313117996,2917.0,0.9611074489123269,2931.0,0.965721819380356,0.44100197758734344,WACC_0p3_WRT_0p7,0.6909030982201714,2547,False,,,False,False,False,False,False,111.0,0.2879581151832461
IBDD,Electricity,239,0.75,20,0.7857142857142856,0.7144893762700298,0,7,2125,1,1000,44,7,0.13481686489119432,0.2590480542384876,0.1997718985775665,0.13481686489119432,0.14497081183625146,0.18518518518518542,1.2233606186634038,-2.534149843841321,1.7596622789832348,-1.2199335447094035,0.0606453741297639,0.2590480542384876,0.5498527069381283,0.2908046526996407,0.1997718985775665,0.5133156819497903,0.31354378337222377,0.13481686489119432,0.5069105492456107,0.3720936843544164,0.14497081183625146,0.31877143245261114,0.17380062061635967,0.18518518518518542,0.2634756490068912,0.07829046382170576,2201.0,0.7251153592617007,2022.0,0.6661173368490442,2022.0,0.6661173368490442,2184.0,0.7195121951219512,1340.0,0.44133157547791696,0.44133157547791696,WACC_0p9_WRT_0p1,0.6436387607119315,2548,False,,,False,False,False,False,False,7.0,0.015706806282722512
IBDD,Electricity,2322,0.71,103,0.6428571428571426,0.4390270024565642,0,100,4687,4427,223,239,184,0.46837731812650846,0.5447127381931928,0.5082897572486481,0.46837731812650846,0.3004306642296604,0.3333333333333337,1.2233606186634038,-2.534149843841321,1.7596622789832348,-1.2199335447094035,0.0606453741297639,0.5447127381931928,0.4951935665288435,0.04951917166434927,0.5082897572486481,0.45875688513706137,0.049532872111586745,0.46837731812650846,0.48680098576261155,0.01842366763610309,0.3004306642296604,0.39395331157778624,0.09352264734812582,0.3333333333333337,0.42741737412153336,0.09408404078819965,1448.0,0.476928147659855,1340.0,0.44133157547791696,1752.0,0.577125906394199,2809.0,0.9255108767303889,2793.0,0.9202373104812129,0.44133157547791696,WACC_0p3_WRT_0p7,0.6682267633487146,2549,False,,,False,False,False,False,False,100.0,0.2591623036649215
IBDD,Electricity,1672,0.74,230,0.7499999999999998,0.3016242314594966,0,202,3432,4277,252,73,23,0.6347598622652081,0.6872045007086702,0.6621808607653638,0.6347598622652081,0.2374892149234585,0.22222222222222254,1.2233606186634038,-2.534149843841321,1.7596622789832348,-1.2199335447094035,0.0606453741297639,0.6872045007086702,0.5915068529690715,0.09569764773959877,0.6621808607653638,0.5865413206044905,0.07563954016087326,0.6347598622652081,0.584234313706498,0.050525548558710054,0.2374892149234585,0.29451877701341567,0.05702956208995716,0.22222222222222254,0.26348992355882317,0.041267701336600626,2577.0,0.8490441661173368,2646.0,0.8717864205669084,2646.0,0.8717864205669084,1871.0,0.6163480553724456,1341.0,0.4416611733684904,0.4416611733684904,WACC_0p9_WRT_0p1,0.7301252471984179,2550,False,,,False,False,False,False,False,202.0,0.5261780104712042
IBDD,Electricity,2173,0.73,111,0.7142857142857141,0.4262672297500796,0,103,1437,3683,843,185,106,0.48382826886156854,0.5579450950739915,0.5225807026799109,0.48382826886156854,0.22270073803295595,0.2592592592592596,1.2233606186634038,-2.534149843841321,1.7596622789832348,-1.2199335447094035,0.0606453741297639,0.5579450950739915,0.4904451778664432,0.06749991720754828,0.5225807026799109,0.46768090367903065,0.05489979900088021,0.48382826886156854,0.45836512202164265,0.0254631468399259,0.22270073803295595,0.29771447064454964,0.07501373261159369,0.2592592592592596,0.34989121875456947,0.09063195949530989,1365.0,0.4495715227422544,1462.0,0.48154251812788396,1342.0,0.44199077125906394,1920.0,0.6324983520105472,2410.0,0.7940013183915623,0.44199077125906394,WACC_0p5_WRT_0p5,0.5599208965062623,2551,False,,,False,False,False,False,False,103.0,0.2670157068062827
IBDD,Electricity,1552,0.73,233,0.7142857142857141,0.2994025472322662,0,214,1221,4919,819,71,16,0.6374501244143411,0.689508469536909,0.6646691470998618,0.6374501244143411,0.23852536302954847,0.2592592592592596,1.2233606186634038,-2.534149843841321,1.7596622789832348,-1.2199335447094035,0.0606453741297639,0.689508469536909,0.5960726653294472,0.09343580420746178,0.6646691470998618,0.5938953403215448,0.07077380677831702,0.6374501244143411,0.5896836719812755,0.047766452433065654,0.23852536302954847,0.31211261051946,0.07358724748991152,0.2592592592592596,0.263542131708399,0.004282872449139441,2606.0,0.8586025049439684,2686.0,0.8849703361898484,2679.0,0.8826631509558339,2117.0,0.6974291364535267,1343.0,0.44232036914963746,0.44232036914963746,WACC_0p9_WRT_0p1,0.7531970995385631,2552,False,,,False,False,False,False,False,214.0,0.5575916230366492
IBDD,Electricity,2519,0.74,129,0.7499999999999998,0.4006065611337189,0,115,2799,3316,648,58,46,0.5149010579888075,0.5845561588242916,0.5513206515302349,0.5149010579888075,0.19132587984132754,0.22222222222222254,1.2233606186634038,-2.534149843841321,1.7596622789832348,-1.2199335447094035,0.0606453741297639,0.5845561588242916,0.5046625850920247,0.07989357373226691,0.5513206515302349,0.488821766928404,0.062498884601830895,0.5149010579888075,0.4960637756431758,0.0188372823456317,0.19132587984132754,0.2653028138099259,0.07397693396859834,0.22222222222222254,0.29598793094160697,0.07376570871938443,1582.0,0.521094264996704,1728.0,0.569215557020435,1885.0,0.6209624258404747,1345.0,0.44297956493078444,1946.0,0.6410678971654581,0.44297956493078444,WACC_0p7_WRT_0p3,0.5590639419907713,2553,False,,,False,False,False,False,False,115.0,0.29842931937172773
IBDD,Electricity,2954,0.75,98,0.7857142857142856,0.4475103999651687,0,27,2132,3891,87,89,42,0.45810467769735974,0.535915140776862,0.49878835203901095,0.45810467769735974,0.1694508882570632,0.18518518518518542,1.2233606186634038,-2.534149843841321,1.7596622789832348,-1.2199335447094035,0.0606453741297639,0.535915140776862,0.5237321666447958,0.012182974132066149,0.49878835203901095,0.5060077073095731,0.007219355270562167,0.45810467769735974,0.4917286036787912,0.033623925981431435,0.1694508882570632,0.2653576490632533,0.09590676080619012,0.18518518518518542,0.279543299186471,0.09435811400128555,1882.0,0.6199736321687541,1948.0,0.6417270929466051,1821.0,0.5998681608437706,1346.0,0.44330916282135796,1700.0,0.5599868160843771,0.44330916282135796,WACC_0p7_WRT_0p3,0.572972972972973,2554,False,,,False,False,False,False,False,27.0,0.06806282722513089
IBDD,Electricity,1267,0.72,85,0.6785714285714283,0.4717483562690882,0,78,179,3481,410,245,14,0.4287546667383026,0.5107794823876122,0.4716418409786212,0.4287546667383026,0.2615657011313083,0.2962962962962967,1.2233606186634038,-2.534149843841321,1.7596622789832348,-1.2199335447094035,0.0606453741297639,0.5107794823876122,0.4893949053918404,0.021384576995771787,0.4716418409786212,0.47908621207475116,0.0074443710961299425,0.4287546667383026,0.47449678402771506,0.045742117289412465,0.2615657011313083,0.27903519052004705,0.017469489388738768,0.2962962962962967,0.29433701992968325,0.0019592763666134716,1347.0,0.4436387607119314,1609.0,0.5299934080421885,1559.0,0.5135135135135135,1629.0,0.5365853658536586,1924.0,0.6338167435728411,0.4436387607119314,WACC_0p1_WRT_0p9,0.5315095583388266,2555,False,,,False,False,False,False,False,78.0,0.20157068062827224
IBDD,Electricity,175,0.73,207,0.7142857142857141,0.3196822110791978,0,191,3626,1,1000,84,10,0.6128932538312718,0.66847770702898,0.6419559235912984,0.6128932538312718,0.22906734238485266,0.2592592592592596,1.2233606186634038,-2.534149843841321,1.7596622789832348,-1.2199335447094035,0.0606453741297639,0.66847770702898,0.5745574671630509,0.09392023986592912,0.6419559235912984,0.5054297741976951,0.1365261493936033,0.6128932538312718,0.5408935176584596,0.07199973617281219,0.22906734238485266,0.3032137150592671,0.07414637267441443,0.2592592592592596,0.2636702593003213,0.004411000041061708,2431.0,0.8009228740936059,1942.0,0.6397495056031641,2334.0,0.7689518787079763,2002.0,0.6595253790375741,1347.0,0.4436387607119314,0.4436387607119314,WACC_0p9_WRT_0p1,0.6625576796308504,2556,False,,,False,False,False,False,False,191.0,0.4973821989528796
IBDD,Electricity,1344,0.74,229,0.7499999999999998,0.3023712093715723,0,201,1726,4412,437,85,30,0.6338553384006259,0.6864298569479992,0.6613442455038391,0.6338553384006259,0.2371408396956012,0.22222222222222254,1.2233606186634038,-2.534149843841321,1.7596622789832348,-1.2199335447094035,0.0606453741297639,0.6864298569479992,0.5616435607158841,0.12478629623211512,0.6613442455038391,0.5441680604268481,0.11717618507699101,0.6338553384006259,0.5359231610793816,0.09793217732124426,0.2371408396956012,0.26759862299033677,0.030457783294735558,0.22222222222222254,0.26369864279036154,0.041476420568138994,2313.0,0.7620303230059328,2319.0,0.7640079103493738,2284.0,0.7524719841793013,1389.0,0.4574818721160185,1349.0,0.44429795649307846,0.44429795649307846,WACC_0p9_WRT_0p1,0.636058009228741,2557,False,,,False,False,False,False,False,201.0,0.5235602094240838
IBDD,Electricity,1988,0.73,144,0.7142857142857141,0.3818048302984436,0,136,3156,4075,975,76,56,0.5376682830446319,0.6040542500608733,0.5723785900657432,0.5376682830446319,0.22270073803295595,0.2592592592592596,1.2233606186634038,-2.534149843841321,1.7596622789832348,-1.2199335447094035,0.0606453741297639,0.6040542500608733,0.5352611014256106,0.06879314863526276,0.5723785900657432,0.5089355757023551,0.06344301436338806,0.5376682830446319,0.5112331207450882,0.02643516229954368,0.22270073803295595,0.26566206756901894,0.04296132953606299,0.2592592592592596,0.2772287283732123,0.017969469113952696,2038.0,0.6713909030982201,1986.0,0.6542518127883982,2071.0,0.6822676334871457,1351.0,0.44495715227422544,1664.0,0.548121292023731,0.44495715227422544,WACC_0p7_WRT_0p3,0.6001977587343441,2558,False,,,False,False,False,False,False,136.0,0.35340314136125656
IBDD,Electricity,2630,0.74,413,0.7499999999999998,0.2011671954701197,0,278,3284,3453,450,35,7,0.7564044048261593,0.7913821676606166,0.7746927410734658,0.7564044048261593,0.2843403228838221,0.22222222222222254,1.2233606186634038,-2.534149843841321,1.7596622789832348,-1.2199335447094035,0.0606453741297639,0.7913821676606166,0.6651533284350628,0.12622883922555383,0.7746927410734658,0.6690821411602833,0.10561059991318245,0.7564044048261593,0.6640756963854441,0.09232870844071528,0.2843403228838221,0.3396267480156214,0.05528642513179932,0.22222222222222254,0.26374279554770325,0.0415205733254807,2914.0,0.9601186552406065,2944.0,0.9700065919578115,2931.0,0.965721819380356,2410.0,0.7940013183915623,1352.0,0.44528675016479896,0.44528675016479896,WACC_0p9_WRT_0p1,0.827027027027027,2559,False,,,False,False,False,False,False,278.0,0.725130890052356
IBDD,Electricity,1,0.71,130,0.6428571428571426,0.3992871819674755,0,124,3139,4607,907,246,175,0.5164987089005774,0.5859244038855811,0.5527983561964274,0.5164987089005774,0.3004306642296604,0.3333333333333337,1.2233606186634038,-2.534149843841321,1.7596622789832348,-1.2199335447094035,0.0606453741297639,0.5859244038855811,0.49270505922387525,0.09321934466170584,0.5527983561964274,0.4598920955657063,0.09290626063072105,0.5164987089005774,0.4897101077013018,0.026788601199275563,0.3004306642296604,0.4217755318278512,0.1213448675981908,0.3333333333333337,0.44121745151392094,0.10788411818058724,1411.0,0.46473302570863545,1353.0,0.4456163480553724,1802.0,0.5936058009228741,2886.0,0.9508899143045485,2835.0,0.9340804218852999,0.4456163480553724,WACC_0p3_WRT_0p7,0.677785102175346,2560,False,,,False,False,False,False,False,124.0,0.3219895287958115
IBDD,Electricity,1079,0.74,517,0.7499999999999998,0.1625804787710724,0,302,3280,748,332,38,2,0.8031294893914753,0.8313980220151842,0.8179098637763988,0.8031294893914753,0.3023363787309627,0.22222222222222254,1.2233606186634038,-2.534149843841321,1.7596622789832348,-1.2199335447094035,0.0606453741297639,0.8313980220151842,0.697327823113744,0.13407019890144023,0.8179098637763988,0.6601485072506873,0.15776135652571155,0.8031294893914753,0.6648622165924494,0.13826727279902595,0.3023363787309627,0.34932387238803597,0.046987493657073276,0.22222222222222254,0.26391764944268153,0.04169542722045899,2988.0,0.9845088991430455,2923.0,0.9630850362557679,2934.0,0.9667106130520765,2506.0,0.8256427158866183,1354.0,0.44594594594594594,0.44594594594594594,WACC_0p9_WRT_0p1,0.8371786420566908,2561,False,,,False,False,False,False,False,302.0,0.7879581151832461
IBDD,Electricity,1561,0.74,115,0.7499999999999998,0.4202252716212888,0,101,2219,4544,386,63,43,0.4911445431823328,0.5642108294297744,0.5293476957841564,0.4911445431823328,0.1838357749346038,0.22222222222222254,1.2233606186634038,-2.534149843841321,1.7596622789832348,-1.2199335447094035,0.0606453741297639,0.5642108294297744,0.526991368070822,0.03721946135895238,0.5293476957841564,0.5185483717994191,0.010799323984737264,0.4911445431823328,0.511559452495755,0.020414909313422158,0.1838357749346038,0.2658027336232608,0.081966958688657,0.22222222222222254,0.292512211871689,0.07028998964946648,1933.0,0.6367831245880027,2084.0,0.6865524060646012,2075.0,0.6835860250494397,1355.0,0.44627554383651946,1898.0,0.6252471984179301,0.44627554383651946,WACC_0p7_WRT_0p3,0.6156888595912986,2562,False,,,False,False,False,False,False,101.0,0.2617801047120419
IBDD,Electricity,297,0.76,7,0.8214285714285713,0.8806552086226336,1,1,1,1,2,7,1,0.005323003672028901,0.08672793179875032,0.013666166342650278,0.005323003672028901,0.10610584873789927,0.1481481481481484,1.2233606186634038,-2.534149843841321,1.7596622789832348,-1.2199335447094035,0.0606453741297639,0.08672793179875032,0.489874109486907,0.4031461776881567,0.013666166342650278,0.4607444182612863,0.44707825191863604,0.005323003672028901,0.5376586651427517,0.5323356614707229,0.10610584873789927,0.39750109665296807,0.29139524791506877,0.1481481481481484,0.3867424126909583,0.23859426454280994,1355.0,0.44627554383651946,1363.0,0.44891232696110744,2304.0,0.7590639419907712,2822.0,0.9297956493078444,2638.0,0.8691496374423203,0.44627554383651946,WACC_0p1_WRT_0p9,0.6906394199077126,2563,False,,,False,False,False,False,False,1.0,0.0
IBDD,Electricity,272,0.73,324,0.7142857142857141,0.2428413284335072,0,267,1997,1,1000,44,1,0.7059407335558702,0.7481645482911778,0.7280177121544719,0.7059407335558702,0.26490435920648764,0.2592592592592596,1.2233606186634038,-2.534149843841321,1.7596622789832348,-1.2199335447094035,0.0606453741297639,0.7481645482911778,0.6200030454873575,0.12816150280382033,0.7280177121544719,0.5802684779697299,0.14774923418474195,0.7059407335558702,0.5687826525119211,0.1371580810439491,0.26490435920648764,0.31458217805360417,0.04967781884711653,0.2592592592592596,0.26395215163210567,0.004692892372846091,2739.0,0.9024390243902439,2614.0,0.8612392880685563,2544.0,0.8381674357284113,2145.0,0.7066578773895847,1356.0,0.4466051417270929,0.4466051417270929,WACC_0p9_WRT_0p1,0.7510217534607779,2564,False,,,False,False,False,False,False,267.0,0.6963350785340314
IBDD,Electricity,2656,0.73,220,0.7142857142857141,0.3092439765369044,0,202,2662,4255,956,39,14,0.6255330281739618,0.6793025428506178,0.653646746278667,0.6255330281739618,0.2339355215884308,0.2592592592592596,1.2233606186634038,-2.534149843841321,1.7596622789832348,-1.2199335447094035,0.0606453741297639,0.6793025428506178,0.6204176630304603,0.05888487982015744,0.653646746278667,0.6090169543657938,0.044629791912873196,0.6255330281739618,0.6087379703315168,0.01679505784244506,0.2339355215884308,0.3225205608344302,0.08858503924599939,0.2592592592592596,0.26400058628455336,0.0047413270252937845,2741.0,0.9030982201713909,2746.0,0.9047462096242584,2756.0,0.9080421885299934,2228.0,0.7340145023071852,1358.0,0.44726433750823996,0.44726433750823996,WACC_0p9_WRT_0p1,0.7794330916282136,2565,False,,,False,False,False,False,False,202.0,0.5261780104712042
IBDD,Electricity,2710,0.71,118,0.6428571428571426,0.4158289952077859,0,114,1014,4902,215,249,189,0.4964680432042589,0.5687699308956294,0.5342715253672798,0.4964680432042589,0.3004306642296604,0.3333333333333337,1.2233606186634038,-2.534149843841321,1.7596622789832348,-1.2199335447094035,0.0606453741297639,0.5687699308956294,0.4949475613353398,0.07382236956028965,0.5342715253672798,0.4604610732566174,0.07381045211066245,0.4964680432042589,0.4950915594322219,0.0013764837720370293,0.3004306642296604,0.42699706950034044,0.12656640527068003,0.3333333333333337,0.46385310877671126,0.13051977544337756,1445.0,0.4759393539881345,1360.0,0.44792353328938694,1877.0,0.6183256427158866,2904.0,0.9568226763348715,2897.0,0.954515491100857,0.44792353328938694,WACC_0p3_WRT_0p7,0.6907053394858274,2566,False,,,False,False,False,False,False,114.0,0.29581151832460734
IBDD,Electricity,900,0.74,483,0.7499999999999998,0.1742697103789332,0,294,4325,4792,974,47,9,0.788974868783541,0.8192758559033285,0.8048179243755947,0.788974868783541,0.2968847600699115,0.22222222222222254,1.2233606186634038,-2.534149843841321,1.7596622789832348,-1.2199335447094035,0.0606453741297639,0.8192758559033285,0.6787369076886328,0.1405389482146957,0.8048179243755947,0.6981110773234187,0.10670684705217603,0.788974868783541,0.7000983307484312,0.08887653803510975,0.2968847600699115,0.34930188113734306,0.05241712106743157,0.22222222222222254,0.2640848864295913,0.04186266420736878,2952.0,0.9726433750823995,2992.0,0.9858272907053395,2993.0,0.986156888595913,2505.0,0.8253131179960448,1360.0,0.44792353328938694,0.44792353328938694,WACC_0p9_WRT_0p1,0.8435728411338168,2567,False,,,False,False,False,False,False,294.0,0.7670157068062827
IBDD,Electricity,3021,0.69,92,0.5714285714285711,0.4582750386595772,0,91,2004,3914,368,133,62,0.4450696569353127,0.5247518117604384,0.48673195670127345,0.4450696569353127,0.3781605904263649,0.4074074074074079,1.2233606186634038,-2.534149843841321,1.7596622789832348,-1.2199335447094035,0.0606453741297639,0.5247518117604384,0.5136229814598456,0.011128830300592751,0.48673195670127345,0.48977539059463104,0.0030434338933575944,0.4450696569353127,0.4789412812036465,0.03387162426833379,0.3781605904263649,0.26618875230076555,0.11197183812559935,0.4074074074074079,0.3004538590574162,0.10695354834999171,1732.0,0.5705339485827291,1744.0,0.5744891232696111,1629.0,0.5365853658536586,1362.0,0.4485827290705339,2009.0,0.6618325642715887,0.4485827290705339,WACC_0p7_WRT_0p3,0.5584047462096242,2568,False,,,False,False,False,False,False,91.0,0.2356020942408377
IBDD,Electricity,1430,0.74,240,0.7499999999999998,0.2943274557301805,0,209,956,4602,48,53,13,0.6435956091795045,0.6947715273909238,0.6703532495821979,0.6435956091795045,0.2408922819569404,0.22222222222222254,1.2233606186634038,-2.534149843841321,1.7596622789832348,-1.2199335447094035,0.0606453741297639,0.6947715273909238,0.5955107819231539,0.09926074546776997,0.6703532495821979,0.6012559835855655,0.06909726599663235,0.6435956091795045,0.5924875382650433,0.051108070914461234,0.2408922819569404,0.30613056760999374,0.06523828565305334,0.22222222222222254,0.2642203069576187,0.04199808473539618,2603.0,0.8576137112722478,2718.0,0.8955174686882004,2690.0,0.8862887277521424,2036.0,0.6707317073170732,1362.0,0.4485827290705339,0.4485827290705339,WACC_0p9_WRT_0p1,0.7517468688200395,2569,False,,,False,False,False,False,False,209.0,0.5445026178010471
IBDD,Electricity,339,0.73,408,0.7142857142857141,0.2032593006593046,0,296,3935,1753,495,69,6,0.7538710513758873,0.7892125770940543,0.7723495832615788,0.7538710513758873,0.2833646077921157,0.2592592592592596,1.2233606186634038,-2.534149843841321,1.7596622789832348,-1.2199335447094035,0.0606453741297639,0.7892125770940543,0.6731240154434679,0.11608856165058645,0.7723495832615788,0.6702564001152176,0.10209318314636118,0.7538710513758873,0.6666795079557077,0.08719154342017954,0.2833646077921157,0.33590646075156394,0.05254185295944824,0.2592592592592596,0.26424638393779337,0.004987124678533794,2938.0,0.9680290046143705,2945.0,0.970336189848385,2938.0,0.9680290046143705,2371.0,0.7811470006591957,1363.0,0.44891232696110744,0.44891232696110744,WACC_0p9_WRT_0p1,0.8272907053394858,2570,False,,,False,False,False,False,False,296.0,0.7722513089005235
IBDD,Electricity,1891,0.74,394,0.7499999999999998,0.2092561603972993,0,271,4745,4619,243,82,3,0.746609387198301,0.7829936114398378,0.7656331003550247,0.746609387198301,0.2805677950030377,0.22222222222222254,1.2233606186634038,-2.534149843841321,1.7596622789832348,-1.2199335447094035,0.0606453741297639,0.7829936114398378,0.67387899699598,0.10911461444385784,0.7656331003550247,0.6771739192601304,0.08845918109489437,0.746609387198301,0.6933820496288322,0.05322733756946885,0.2805677950030377,0.3556076218068455,0.07503982680380783,0.22222222222222254,0.26427421027097736,0.04205198804875482,2940.0,0.9686882003955175,2954.0,0.9733025708635464,2982.0,0.9825313117996045,2564.0,0.8447593935398814,1364.0,0.44924192485168096,0.44924192485168096,WACC_0p9_WRT_0p1,0.8437046802900461,2571,False,,,False,False,False,False,False,271.0,0.7068062827225131
IBDD,Electricity,2368,0.71,110,0.6428571428571426,0.427811438654111,0,106,2996,4831,395,244,216,0.4819583691188635,0.5563436932475886,0.5208511887073957,0.4819583691188635,0.3004306642296604,0.3333333333333337,1.2233606186634038,-2.534149843841321,1.7596622789832348,-1.2199335447094035,0.0606453741297639,0.5563436932475886,0.4921121783061244,0.06423151494146417,0.5208511887073957,0.4609651494031111,0.059886039304284544,0.4819583691188635,0.5096784450943324,0.027720075975468828,0.3004306642296604,0.4721861114750946,0.17175544724543418,0.3333333333333337,0.49124720210060624,0.15791386876727254,1393.0,0.45880026367831245,1367.0,0.45023071852340146,2048.0,0.6746868820039552,3004.0,0.9897824653922215,2965.0,0.976928147659855,0.45023071852340146,WACC_0p3_WRT_0p7,0.7100856954515492,2572,False,,,False,False,False,False,False,106.0,0.27486910994764396
IBDD,Electricity,736,0.74,1160,0.7499999999999998,0.0236220906779083,0,377,4760,282,85,13,7,0.9713957475795788,0.9755030170747617,0.9735432584407426,0.9713957475795788,0.3671437302363306,0.22222222222222254,1.2233606186634038,-2.534149843841321,1.7596622789832348,-1.2199335447094035,0.0606453741297639,0.9755030170747617,0.7768281883545434,0.19867482872021835,0.9735432584407426,0.7417011756108062,0.23184208282993646,0.9713957475795788,0.7060987810934636,0.2652969664861152,0.3671437302363306,0.3526025898553232,0.0145411403810074,0.22222222222222254,0.26466767489562576,0.04244545267340322,3035.0,1.0,3029.0,0.998022412656559,2999.0,0.988134475939354,2539.0,0.8365194462755439,1368.0,0.4505603164139749,0.4505603164139749,WACC_0p9_WRT_0p1,0.8546473302570863,2573,False,,,False,False,False,False,False,377.0,0.9842931937172775
IBDD,Electricity,1848,0.72,100,0.6785714285714283,0.4440667223993342,0,93,3083,3931,520,146,106,0.462274665176063,0.539486361956246,0.5026452709127456,0.462274665176063,0.2615657011313083,0.2962962962962967,1.2233606186634038,-2.534149843841321,1.7596622789832348,-1.2199335447094035,0.0606453741297639,0.539486361956246,0.49049306364385037,0.04899329831239563,0.5026452709127456,0.47434224149374415,0.028303029419001424,0.462274665176063,0.46059795278450766,0.0016767123915553683,0.2615657011313083,0.293250497630028,0.03168479649871969,0.2962962962962967,0.3249644438283352,0.0286681475320385,1369.0,0.45088991430454844,1537.0,0.5062623599208965,1373.0,0.45220830586684246,1858.0,0.6120632827949901,2233.0,0.7356624917600527,0.45088991430454844,WACC_0p1_WRT_0p9,0.551417270929466,2574,False,,,False,False,False,False,False,93.0,0.24083769633507854
IBDD,Electricity,1612,0.71,97,0.6428571428571426,0.4492584163869911,0,94,1914,4094,280,214,136,0.45598798516380645,0.5341023830060834,0.49683057364657,0.45598798516380645,0.3004306642296604,0.3333333333333337,1.2233606186634038,-2.534149843841321,1.7596622789832348,-1.2199335447094035,0.0606453741297639,0.5341023830060834,0.4931583294191003,0.040944053586983054,0.49683057364657,0.46100488843792137,0.03582568520864865,0.45598798516380645,0.46764463420969216,0.011656649045885703,0.3004306642296604,0.3481743931688593,0.04774372893919887,0.3333333333333337,0.392657767002856,0.05932443366952228,1419.0,0.4673698088332235,1369.0,0.45088991430454844,1460.0,0.480883322346737,2483.0,0.8180619644034278,2669.0,0.8793671720500988,0.45088991430454844,WACC_0p3_WRT_0p7,0.6193144363876071,2575,False,,,False,False,False,False,False,94.0,0.24345549738219896
IBDD,Electricity,921,0.74,409,0.7499999999999998,0.2028388410152516,0,276,3324,2292,696,60,5,0.7543801906368901,0.7896486093175168,0.7728204980629181,0.7543801906368901,0.2835607015747212,0.22222222222222254,1.2233606186634038,-2.534149843841321,1.7596622789832348,-1.2199335447094035,0.0606453741297639,0.7896486093175168,0.6394596913168269,0.1501889180006899,0.7728204980629181,0.6493836416609052,0.12343685640201285,0.7543801906368901,0.642040297977853,0.1123398926590371,0.2835607015747212,0.34130316339903277,0.057742461824311586,0.22222222222222254,0.2647082266910445,0.04248600446882195,2826.0,0.9311140408701384,2901.0,0.955833882663151,2865.0,0.9439683586025049,2424.0,0.7986156888595913,1369.0,0.45088991430454844,0.45088991430454844,WACC_0p9_WRT_0p1,0.8160843770599868,2576,False,,,False,False,False,False,False,276.0,0.7198952879581152
IBDD,Electricity,2,0.73,151,0.7142857142857141,0.3736871857445338,0,143,1514,4590,486,142,76,0.5474980291515862,0.6124725481167796,0.5814703519661221,0.5474980291515862,0.22270073803295595,0.2592592592592596,1.2233606186634038,-2.534149843841321,1.7596622789832348,-1.2199335447094035,0.0606453741297639,0.6124725481167796,0.5183466315735642,0.09412591654321545,0.5814703519661221,0.5056838691832123,0.07578648278290978,0.5474980291515862,0.48274281600999397,0.06475521314159222,0.22270073803295595,0.2667389377810382,0.044038199748082235,0.2592592592592596,0.2978027831536541,0.03854352389439453,1811.0,0.5965721819380356,1944.0,0.6404087013843112,1689.0,0.5563612392880686,1370.0,0.45121951219512196,1974.0,0.6502966381015162,0.45121951219512196,WACC_0p7_WRT_0p3,0.5789716545814108,2577,False,,,False,False,False,False,False,143.0,0.3717277486910995
IBDD,Electricity,1198,0.72,115,0.6785714285714283,0.4202252716212888,0,108,51,4850,809,228,117,0.4911445431823328,0.5642108294297744,0.5293476957841564,0.4911445431823328,0.2615657011313083,0.2962962962962967,1.2233606186634038,-2.534149843841321,1.7596622789832348,-1.2199335447094035,0.0606453741297639,0.5642108294297744,0.4906307297531203,0.07358009967665413,0.5293476957841564,0.4705183752912755,0.05882932049288092,0.4911445431823328,0.4885637539744755,0.0025807892078573147,0.2615657011313083,0.42249172460407747,0.1609260234727692,0.2962962962962967,0.46227857009735024,0.16598227380105351,1370.0,0.45121951219512196,1494.0,0.492089650626236,1785.0,0.5880026367831246,2889.0,0.951878707976269,2892.0,0.9528675016479895,0.45121951219512196,WACC_0p1_WRT_0p9,0.6872116018457481,2578,False,,,False,False,False,False,False,108.0,0.2801047120418848
IBDD,Electricity,1028,0.74,402,0.7499999999999998,0.2058038514830233,0,274,4007,1219,63,83,7,0.7507898264728643,0.7865737836472351,0.7694996863390139,0.7507898264728643,0.28217788130572713,0.22222222222222254,1.2233606186634038,-2.534149843841321,1.7596622789832348,-1.2199335447094035,0.0606453741297639,0.7865737836472351,0.6543298917809266,0.13224389186630847,0.7694996863390139,0.6427561844127951,0.12674350192621875,0.7507898264728643,0.6313029086405624,0.11948691783230192,0.28217788130572713,0.32740118305713367,0.04522330175140654,0.22222222222222254,0.2648451052097371,0.04262288298751454,2886.0,0.9508899143045485,2880.0,0.9489123269611075,2839.0,0.9353988134475939,2279.0,0.7508239947264338,1370.0,0.45121951219512196,0.45121951219512196,WACC_0p9_WRT_0p1,0.8074489123269611,2579,False,,,False,False,False,False,False,274.0,0.7146596858638743
IBDD,Electricity,262,0.76,7,0.8214285714285713,0.8806552086226336,1,1,1,1,2,5,1,0.005323003672028901,0.08672793179875032,0.013666166342650278,0.005323003672028901,0.10610584873789927,0.1481481481481484,1.2233606186634038,-2.534149843841321,1.7596622789832348,-1.2199335447094035,0.0606453741297639,0.08672793179875032,0.49073565691466436,0.40400772511591404,0.013666166342650278,0.4641044694407505,0.45043830309810023,0.005323003672028901,0.5421133258992501,0.5367903222272212,0.10610584873789927,0.39634872374892166,0.2902428750110224,0.1481481481481484,0.38693992297377716,0.23879177482562877,1371.0,0.4515491100856954,1419.0,0.4673698088332235,2346.0,0.7729070533948583,2817.0,0.9281476598549769,2640.0,0.8698088332234674,0.4515491100856954,WACC_0p1_WRT_0p9,0.6979564930784443,2580,False,,,False,False,False,False,False,1.0,0.0
IBDD,Electricity,1287,0.73,194,0.7142857142857141,0.3307943335215699,0,179,748,2211,837,39,12,0.5994374611327238,0.6569540244961497,0.6295103464558416,0.5994374611327238,0.2238848756408467,0.2592592592592596,1.2233606186634038,-2.534149843841321,1.7596622789832348,-1.2199335447094035,0.0606453741297639,0.6569540244961497,0.5859692242600893,0.07098480023606035,0.6295103464558416,0.5566064494584049,0.07290389699743671,0.5994374611327238,0.547511545330219,0.05192591580250483,0.2238848756408467,0.31400224495712253,0.09011736931627584,0.2592592592592596,0.26484641846028667,0.005587159201027092,2530.0,0.8335530652603823,2429.0,0.8002636783124588,2394.0,0.7887277521423863,2140.0,0.7050098879367172,1371.0,0.4515491100856954,0.4515491100856954,WACC_0p9_WRT_0p1,0.715820698747528,2581,False,,,False,False,False,False,False,179.0,0.46596858638743455
IBDD,Electricity,1829,0.71,115,0.6428571428571426,0.4202252716212888,0,111,1185,4513,230,189,156,0.4911445431823328,0.5642108294297744,0.5293476957841564,0.4911445431823328,0.3004306642296604,0.3333333333333337,1.2233606186634038,-2.534149843841321,1.7596622789832348,-1.2199335447094035,0.0606453741297639,0.5642108294297744,0.496921464677635,0.06728936475213942,0.5293476957841564,0.46141262707686775,0.06793506870728866,0.4911445431823328,0.47204402488325103,0.01910051829908177,0.3004306642296604,0.38688425068591453,0.08645358645625412,0.3333333333333337,0.42798827652514215,0.09465494319180845,1466.0,0.482860909690178,1374.0,0.4525379037574159,1526.0,0.502636783124588,2777.0,0.914963744232037,2796.0,0.9212261041529334,0.4525379037574159,WACC_0p3_WRT_0p7,0.6548450889914305,2582,False,,,False,False,False,False,False,111.0,0.2879581151832461
IBDD,Electricity,2722,0.72,112,0.6785714285714283,0.4247367473289887,0,105,913,4237,593,210,129,0.4856815470533606,0.5595322620291968,0.5242948429915326,0.4856815470533606,0.2615657011313083,0.2962962962962967,1.2233606186634038,-2.534149843841321,1.7596622789832348,-1.2199335447094035,0.0606453741297639,0.5595322620291968,0.4923755893240591,0.0671566727051377,0.5242948429915326,0.461439880563552,0.06285496242798061,0.4856815470533606,0.46309048738172476,0.022591059671635827,0.2615657011313083,0.3307800495402474,0.06921434840893914,0.2962962962962967,0.37681339385260676,0.08051709755631004,1402.0,0.46176664469347395,1375.0,0.45286750164798945,1406.0,0.46308503625576797,2329.0,0.7673038892551087,2594.0,0.8546473302570864,0.45286750164798945,WACC_0p3_WRT_0p7,0.5999340804218853,2583,False,,,False,False,False,False,False,105.0,0.27225130890052357
IBDD,Electricity,743,0.74,677,0.7499999999999998,0.1162349369621069,0,344,4157,3781,430,40,6,0.859249821606804,0.8794600653726299,0.8698168706024402,0.859249821606804,0.32395099199710564,0.22222222222222254,1.2233606186634038,-2.534149843841321,1.7596622789832348,-1.2199335447094035,0.0606453741297639,0.8794600653726299,0.6787977627935828,0.20066230257904705,0.8698168706024402,0.6992444016765056,0.17057246892593458,0.859249821606804,0.717113992546819,0.142135829059985,0.32395099199710564,0.348677416247238,0.024726424250132384,0.22222222222222254,0.2650262854936906,0.042804063271468074,2953.0,0.972972972972973,2994.0,0.9864864864864865,3010.0,0.9917600527356625,2489.0,0.8200395517468688,1375.0,0.45286750164798945,0.45286750164798945,WACC_0p9_WRT_0p1,0.844825313117996,2584,False,,,False,False,False,False,False,344.0,0.8979057591623036
IBDD,Electricity,2066,0.73,298,0.7142857142857141,0.2571978186604475,0,251,4920,2932,836,75,14,0.6885562998102676,0.7332763362039803,0.7119384431002987,0.6885562998102676,0.25820878565178496,0.2592592592592596,1.2233606186634038,-2.534149843841321,1.7596622789832348,-1.2199335447094035,0.0606453741297639,0.7332763362039803,0.618585737557061,0.11469059864691922,0.7119384431002987,0.6345823138593975,0.0773561292409013,0.6885562998102676,0.6289600238459118,0.059596275964355794,0.25820878565178496,0.3081199877926242,0.04991120214083922,0.2592592592592596,0.2650455871153926,0.005786327856133033,2737.0,0.9017798286090969,2849.0,0.938694792353329,2832.0,0.9330916282135794,2062.0,0.6793012524719841,1377.0,0.4535266974291364,0.4535266974291364,WACC_0p9_WRT_0p1,0.7812788398154251,2585,False,,,False,False,False,False,False,251.0,0.6544502617801047
IBDD,Electricity,1545,0.74,551,0.7499999999999998,0.1516346317049023,0,316,3887,4076,143,41,5,0.8163839373870064,0.8427492708245458,0.8301692124905093,0.8163839373870064,0.30744129803864556,0.22222222222222254,1.2233606186634038,-2.534149843841321,1.7596622789832348,-1.2199335447094035,0.0606453741297639,0.8427492708245458,0.6835885330350969,0.15916073778944884,0.8301692124905093,0.7087049519329462,0.1214642605575631,0.8163839373870064,0.7095973556511682,0.10678658173583822,0.30744129803864556,0.3561182275229189,0.048676929484273324,0.22222222222222254,0.265051882262746,0.042829660040523465,2962.0,0.9759393539881345,3006.0,0.9904416611733685,3004.0,0.9897824653922215,2571.0,0.8470665787738958,1378.0,0.45385629531970995,0.45385629531970995,WACC_0p9_WRT_0p1,0.8514172709294661,2586,False,,,False,False,False,False,False,316.0,0.824607329842932
IBDD,Electricity,1278,0.71,116,0.6428571428571426,0.4187473386096327,0,112,4182,4964,704,242,208,0.4929341887095774,0.5657435007011216,0.5310029807572112,0.4929341887095774,0.3004306642296604,0.3333333333333337,1.2233606186634038,-2.534149843841321,1.7596622789832348,-1.2199335447094035,0.0606453741297639,0.5657435007011216,0.5091684528412199,0.05657504785990164,0.5310029807572112,0.46169490023837323,0.06930808051883797,0.4929341887095774,0.5053711184012223,0.012436929691644893,0.3004306642296604,0.4466382613958774,0.146207597166217,0.3333333333333337,0.4624216736716373,0.12908834033830358,1662.0,0.547462096242584,1379.0,0.45418589321028346,1999.0,0.6585365853658537,2944.0,0.9700065919578115,2893.0,0.9531970995385629,0.45418589321028346,WACC_0p3_WRT_0p7,0.7166776532630191,2587,False,,,False,False,False,False,False,112.0,0.2905759162303665
IBDD,Electricity,346,0.74,417,0.7499999999999998,0.1995116236887333,0,279,4651,2937,28,109,8,0.758409155116073,0.7930990569153876,0.7765469814686186,0.758409155116073,0.2851124477181053,0.22222222222222254,1.2233606186634038,-2.534149843841321,1.7596622789832348,-1.2199335447094035,0.0606453741297639,0.7930990569153876,0.6226134448435784,0.17048561207180923,0.7765469814686186,0.6241423687216697,0.15240461274694883,0.758409155116073,0.6298242965154783,0.12858485860059465,0.2851124477181053,0.32338114473370755,0.03826869701560226,0.22222222222222254,0.2651893600542088,0.042967137831986246,2756.0,0.9080421885299934,2808.0,0.9251812788398154,2834.0,0.9337508239947264,2237.0,0.7369808833223468,1379.0,0.45418589321028346,0.45418589321028346,WACC_0p9_WRT_0p1,0.7916282135794331,2588,False,,,False,False,False,False,False,279.0,0.7277486910994765
IBDD,Electricity,186,0.8,23,0.9642857142857144,0.691498189633118,1,1,8,1,2,2,1,0.16265714858895683,0.2828907663063961,0.2255220276109077,0.16265714858895683,0.05565997095434272,0.0,1.2233606186634038,-2.534149843841321,1.7596622789832348,-1.2199335447094035,0.0606453741297639,0.2828907663063961,0.4914773592158802,0.20858659290948411,0.2255220276109077,0.4812649419869324,0.2557429143760247,0.16265714858895683,0.5454473987678767,0.3827902501789199,0.05565997095434272,0.3941969717855558,0.3385370008312131,0.0,0.3715840057863172,0.3715840057863172,1381.0,0.45484508899143045,1632.0,0.537574159525379,2377.0,0.7831245880026367,2810.0,0.9258404746209624,2556.0,0.8421226104152933,0.45484508899143045,WACC_0p1_WRT_0p9,0.7087013843111404,2589,False,,,False,False,False,False,False,1.0,0.0
IBDD,Electricity,283,0.75,23,0.7857142857142856,0.691498189633118,0,9,2176,1,1000,45,10,0.16265714858895683,0.2828907663063961,0.2255220276109077,0.16265714858895683,0.14497081183625146,0.18518518518518542,1.2233606186634038,-2.534149843841321,1.7596622789832348,-1.2199335447094035,0.0606453741297639,0.2828907663063961,0.5347673533555124,0.2518765870491163,0.2255220276109077,0.48746906054789435,0.2619470329369866,0.16265714858895683,0.481795773979064,0.3191386253901072,0.14497081183625146,0.3201457140297132,0.17517490219346174,0.18518518518518542,0.26542708978738505,0.08024190460219963,2035.0,0.6704021094264997,1710.0,0.563282794990112,1676.0,0.5520764667106131,2198.0,0.7241265655899802,1382.0,0.45517468688200396,0.45517468688200396,WACC_0p9_WRT_0p1,0.5930125247198419,2590,False,,,False,False,False,False,False,9.0,0.020942408376963352
IBDD,Electricity,1137,0.72,108,0.6785714285714283,0.4309420365106688,0,101,754,4315,505,179,104,0.478167493343437,0.5530971473222692,0.5173449191080508,0.478167493343437,0.2615657011313083,0.2962962962962967,1.2233606186634038,-2.534149843841321,1.7596622789832348,-1.2199335447094035,0.0606453741297639,0.5530971473222692,0.49248806311669674,0.06060908420557248,0.5173449191080508,0.4715081661106682,0.0458367529973826,0.478167493343437,0.4612360560469039,0.016931437296533125,0.2615657011313083,0.3082760780136802,0.046710376882371896,0.2962962962962967,0.35340050866785766,0.057104212371560936,1405.0,0.46275543836519445,1505.0,0.4957152274225445,1384.0,0.45583388266315095,2064.0,0.6799604482531312,2445.0,0.8055372445616348,0.45583388266315095,WACC_0p5_WRT_0p5,0.5799604482531311,2591,False,,,False,False,False,False,False,101.0,0.2617801047120419
IBDD,Electricity,2371,0.71,113,0.6428571428571426,0.4232197495097513,0,109,989,4639,516,193,173,0.48751849659073904,0.5611054449528504,0.5259938805490785,0.48751849659073904,0.3004306642296604,0.3333333333333337,1.2233606186634038,-2.534149843841321,1.7596622789832348,-1.2199335447094035,0.0606453741297639,0.5611054449528504,0.49211856021450784,0.06898688473834258,0.5259938805490785,0.4621240990621178,0.06386978148696065,0.48751849659073904,0.4825480028445964,0.004970493746142612,0.3004306642296604,0.4357432197203768,0.13531255549071636,0.3333333333333337,0.4675880261798498,0.1342546928465161,1395.0,0.4594594594594595,1384.0,0.45583388266315095,1688.0,0.5560316413974951,2922.0,0.9627554383651945,2910.0,0.9588002636783125,0.45583388266315095,WACC_0p3_WRT_0p7,0.6785761371127225,2592,False,,,False,False,False,False,False,109.0,0.28272251308900526
IBDD,Electricity,281,0.77,13,0.857142857142857,0.7843016038821788,0,2,1,194,2,10,1,0.05028046174727793,0.18665018856662932,0.12158220365195957,0.05028046174727793,0.06724088563954708,0.1111111111111114,1.2233606186634038,-2.534149843841321,1.7596622789832348,-1.2199335447094035,0.0606453741297639,0.18665018856662932,0.5177714557789119,0.33112126721228263,0.12158220365195957,0.46221986074829174,0.3406376570963322,0.05028046174727793,0.5332999954133942,0.4830195336661163,0.06724088563954708,0.3775325667782185,0.31029168113867145,0.1111111111111114,0.3618770649353319,0.2507659538242205,1805.0,0.5945945945945946,1385.0,0.45616348055372447,2261.0,0.7448912326961108,2736.0,0.9014502307185234,2494.0,0.8216875411997363,0.45616348055372447,WACC_0p3_WRT_0p7,0.7037574159525379,2593,False,,,False,False,False,False,False,2.0,0.002617801047120419
IBDD,Electricity,1000,0.73,416,0.7142857142857141,0.1999240266132651,0,298,3746,122,96,36,10,0.7579097718263771,0.7926713798084658,0.776085090193143,0.7579097718263771,0.28492011142478224,0.2592592592592596,1.2233606186634038,-2.534149843841321,1.7596622789832348,-1.2199335447094035,0.0606453741297639,0.7926713798084658,0.6967145487117524,0.09595683109671338,0.776085090193143,0.6569078350492684,0.11917725514387456,0.7579097718263771,0.6495009867404754,0.10840878508590168,0.28492011142478224,0.3345139342643414,0.049593822839559154,0.2592592592592596,0.2654977189994895,0.006238459740229907,2986.0,0.9838497033618985,2919.0,0.961766644693474,2891.0,0.952537903757416,2362.0,0.7781806196440343,1385.0,0.45616348055372447,0.45616348055372447,WACC_0p9_WRT_0p1,0.8264996704021094,2594,False,,,False,False,False,False,False,298.0,0.7774869109947644
IBDD,Electricity,1163,0.73,117,0.7142857142857141,0.4172819839037627,0,109,3203,4190,444,186,131,0.49470860302639985,0.5672631278035053,0.5326441780277857,0.49470860302639985,0.22270073803295595,0.2592592592592596,1.2233606186634038,-2.534149843841321,1.7596622789832348,-1.2199335447094035,0.0606453741297639,0.5672631278035053,0.4918559777509616,0.07540715005254367,0.5326441780277857,0.4642643325753221,0.06837984545246362,0.49470860302639985,0.46847638663218494,0.026232216394214913,0.22270073803295595,0.3354392071880276,0.11273846915507166,0.2592592592592596,0.36918075441574916,0.10992149515648958,1386.0,0.456493078444298,1421.0,0.46802900461437047,1475.0,0.4858272907053395,2368.0,0.7801582069874753,2542.0,0.8375082399472643,0.456493078444298,WACC_0p1_WRT_0p9,0.6056031641397495,2595,False,,,False,False,False,False,False,109.0,0.28272251308900526
IBDD,Electricity,2209,0.73,217,0.7142857142857141,0.3115972451333024,0,199,4938,4494,519,87,45,0.6226834290482005,0.6768621161580568,0.6510110854507012,0.6226834290482005,0.23283800522251655,0.2592592592592596,1.2233606186634038,-2.534149843841321,1.7596622789832348,-1.2199335447094035,0.0606453741297639,0.6768621161580568,0.5630709861747941,0.11379112998326268,0.6510110854507012,0.5575853125968057,0.09342577285389553,0.6226834290482005,0.5581761984035455,0.06450723064465502,0.23283800522251655,0.2673308331355494,0.03449282791303285,0.2592592592592596,0.2853106013512918,0.026051342092032248,2329.0,0.7673038892551087,2440.0,0.8038892551087673,2475.0,0.8154251812788398,1386.0,0.456493078444298,1791.0,0.5899802241265656,0.456493078444298,WACC_0p7_WRT_0p3,0.6866183256427159,2596,False,,,False,False,False,False,False,199.0,0.518324607329843
IBDD,Electricity,463,0.73,674,0.7142857142857141,0.1169984776310302,0,344,4240,2862,536,62,9,0.8583252417156784,0.8786682454196724,0.8689617050532462,0.8583252417156784,0.3235948922380441,0.2592592592592596,1.2233606186634038,-2.534149843841321,1.7596622789832348,-1.2199335447094035,0.0606453741297639,0.8786682454196724,0.6669696339121419,0.21169861150753044,0.8689617050532462,0.6715649047444108,0.19739680030883544,0.8583252417156784,0.676915877134589,0.18140936458108936,0.3235948922380441,0.3385784368455785,0.014983544607534371,0.2592592592592596,0.2655245241034389,0.00626526484417933,2920.0,0.9620962425840475,2947.0,0.970995385629532,2954.0,0.9733025708635464,2391.0,0.7877389584706658,1387.0,0.45682267633487145,0.45682267633487145,WACC_0p9_WRT_0p1,0.8301911667765326,2597,False,,,False,False,False,False,False,344.0,0.8979057591623036
IBDD,Electricity,1830,0.74,522,0.7499999999999998,0.1609264973809023,0,304,4096,1448,978,59,3,0.8051323138589704,0.8331132619753605,0.8197623229333894,0.8051323138589704,0.30310776183929455,0.22222222222222254,1.2233606186634038,-2.534149843841321,1.7596622789832348,-1.2199335447094035,0.0606453741297639,0.8331132619753605,0.6946755797225446,0.13843768225281594,0.8197623229333894,0.6953436210492975,0.12441870188409188,0.8051323138589704,0.6718149826039554,0.133317331255015,0.30310776183929455,0.32858274488577793,0.02547498304648338,0.22222222222222254,0.2655330709866912,0.04331084876446867,2984.0,0.9831905075807514,2983.0,0.982860909690178,2948.0,0.9713249835201054,2298.0,0.7570863546473302,1388.0,0.45715227422544497,0.45715227422544497,WACC_0p9_WRT_0p1,0.8303230059327621,2598,False,,,False,False,False,False,False,304.0,0.7931937172774869
IBDD,Electricity,2999,0.68,97,0.5357142857142857,0.4492584163869911,0,96,2306,3899,747,151,85,0.45598798516380645,0.5341023830060834,0.49683057364657,0.45598798516380645,0.4170255535247168,0.44444444444444453,1.2233606186634038,-2.534149843841321,1.7596622789832348,-1.2199335447094035,0.0606453741297639,0.5341023830060834,0.4930635550064583,0.04103882799962505,0.49683057364657,0.46631936876632696,0.03051120488024306,0.45598798516380645,0.4616463066078951,0.005658321444088621,0.4170255535247168,0.27847219899322306,0.13855335453149376,0.44444444444444453,0.3200905460507855,0.12435389839365901,1417.0,0.46671061305207645,1445.0,0.4759393539881345,1389.0,0.4574818721160185,1617.0,0.5326301911667766,2198.0,0.7241265655899802,0.4574818721160185,WACC_0p5_WRT_0p5,0.5313777191825972,2599,False,,,False,False,False,False,False,96.0,0.2486910994764398
IBDD,Electricity,2587,0.73,158,0.7142857142857141,0.3659350920892225,0,149,3627,1766,992,45,35,0.5568851256083215,0.6205117563519175,0.5901526968600708,0.5568851256083215,0.22270073803295595,0.2592592592592596,1.2233606186634038,-2.534149843841321,1.7596622789832348,-1.2199335447094035,0.0606453741297639,0.6205117563519175,0.5485991286929208,0.07191262765899664,0.5901526968600708,0.5201699945489631,0.0699827023111077,0.5568851256083215,0.5128511036892243,0.04403402191909722,0.22270073803295595,0.2969943592030848,0.07429362117012886,0.2592592592592596,0.2655443874465514,0.006285128187291822,2186.0,0.7201713909030982,2102.0,0.6924851680949242,2087.0,0.6875411997363217,1905.0,0.6275543836519446,1389.0,0.4574818721160185,0.4574818721160185,WACC_0p9_WRT_0p1,0.6370468029004616,2600,False,,,False,False,False,False,False,149.0,0.387434554973822
IBDD,Electricity,932,0.74,440,0.7499999999999998,0.1902891697853268,0,286,4126,2956,800,93,6,0.7695767271564025,0.802663083185587,0.7868761298404339,0.7695767271564025,0.28941361168569096,0.22222222222222254,1.2233606186634038,-2.534149843841321,1.7596622789832348,-1.2199335447094035,0.0606453741297639,0.802663083185587,0.6435886927729108,0.15907439041267624,0.7868761298404339,0.6368087984555257,0.15006733138490813,0.7695767271564025,0.6543409548475346,0.11523577230886783,0.28941361168569096,0.3279709860526688,0.038557374366977815,0.22222222222222254,0.2655537268371937,0.04333150461497115,2847.0,0.9380355965721819,2856.0,0.9410019775873434,2909.0,0.958470665787739,2292.0,0.7551087673038892,1390.0,0.45781147000659195,0.45781147000659195,WACC_0p9_WRT_0p1,0.8100856954515491,2601,False,,,False,False,False,False,False,286.0,0.7460732984293194
IBDD,Electricity,2013,0.73,120,0.7142857142857141,0.4129592931336661,0,112,2411,4693,622,214,77,0.4999429973740139,0.5717459182317536,0.537485591690294,0.4999429973740139,0.22270073803295595,0.2592592592592596,1.2233606186634038,-2.534149843841321,1.7596622789832348,-1.2199335447094035,0.0606453741297639,0.5717459182317536,0.5153089380112386,0.05643698022051502,0.537485591690294,0.49529704765557575,0.04218854403471822,0.4999429973740139,0.487512306520683,0.012430690853330872,0.22270073803295595,0.267710878530794,0.04501014049783805,0.2592592592592596,0.32397166576604536,0.06471240650678578,1764.0,0.581081081081081,1813.0,0.5972313777191826,1766.0,0.5817402768622281,1391.0,0.45814106789716547,2226.0,0.7333553065260382,0.45814106789716547,WACC_0p7_WRT_0p3,0.5903098220171391,2602,False,,,False,False,False,False,False,112.0,0.2905759162303665
IBDD,Electricity,585,0.74,538,0.7499999999999998,0.1557380629538242,0,311,2308,4417,112,5,2,0.8114150468330567,0.8384938606404786,0.8255733694917168,0.8114150468330567,0.30552754158985385,0.22222222222222254,1.2233606186634038,-2.534149843841321,1.7596622789832348,-1.2199335447094035,0.0606453741297639,0.8384938606404786,0.6582188323340874,0.1802750283063912,0.8255733694917168,0.6369261452681565,0.18864722422356028,0.8114150468330567,0.6503202070429134,0.16109483979014327,0.30552754158985385,0.3522724210226034,0.046744879432749575,0.22222222222222254,0.2655811158962036,0.04335889367398105,2895.0,0.95385629531971,2857.0,0.9413315754779169,2893.0,0.9531970995385629,2537.0,0.8358602504943968,1391.0,0.45814106789716547,0.45814106789716547,WACC_0p9_WRT_0p1,0.8284772577455504,2603,False,,,False,False,False,False,False,311.0,0.8115183246073299
IBDD,Electricity,392,0.74,116,0.7499999999999998,0.4187473386096327,0,102,248,962,695,15,10,0.4929341887095774,0.5657435007011216,0.5310029807572112,0.4929341887095774,0.1838357749346038,0.22222222222222254,1.2233606186634038,-2.534149843841321,1.7596622789832348,-1.2199335447094035,0.0606453741297639,0.5657435007011216,0.5229101693356185,0.04283333136550305,0.5310029807572112,0.4814206828548428,0.0495822979023684,0.4929341887095774,0.4620681853833916,0.030866003326185776,0.1838357749346038,0.3004182280255027,0.11658245309089893,0.22222222222222254,0.2666478927117051,0.04442567048948254,1869.0,0.6156888595912986,1635.0,0.5385629531970996,1392.0,0.458470665787739,1960.0,0.6456822676334871,1424.0,0.46901779828609097,0.458470665787739,WACC_0p5_WRT_0p5,0.5454845088991431,2604,False,,,False,False,False,False,False,102.0,0.2643979057591623
IBDD,Electricity,2735,0.74,103,0.7499999999999998,0.4390270024565642,0,89,1119,4042,438,148,94,0.46837731812650846,0.5447127381931928,0.5082897572486481,0.46837731812650846,0.1838357749346038,0.22222222222222254,1.2233606186634038,-2.534149843841321,1.7596622789832348,-1.2199335447094035,0.0606453741297639,0.5447127381931928,0.49210647878817715,0.05260625940501562,0.5082897572486481,0.4783095050443359,0.02998025220431222,0.46837731812650846,0.46406117462423796,0.0043161435022704975,0.1838357749346038,0.2890933764718727,0.10525760153726893,0.22222222222222254,0.3160962718300432,0.09387404960782064,1392.0,0.458470665787739,1601.0,0.5273566249176005,1419.0,0.4673698088332235,1794.0,0.5909690177982861,2167.0,0.7139090309822017,0.458470665787739,WACC_0p1_WRT_0p9,0.5516150296638103,2605,False,,,False,False,False,False,False,89.0,0.23036649214659685
IBDD,Electricity,1835,0.71,120,0.6428571428571426,0.4129592931336661,0,116,2253,4771,539,182,161,0.4999429973740139,0.5717459182317536,0.537485591690294,0.4999429973740139,0.3004306642296604,0.3333333333333337,1.2233606186634038,-2.534149843841321,1.7596622789832348,-1.2199335447094035,0.0606453741297639,0.5717459182317536,0.4998043288540627,0.0719415893776909,0.537485591690294,0.46255811345221814,0.07492747823807583,0.4999429973740139,0.48382793967520493,0.016115057698808943,0.3004306642296604,0.42437335110978874,0.12394268688012833,0.3333333333333337,0.46638809347469307,0.13305476014135936,1517.0,0.4996704021094265,1392.0,0.458470665787739,1709.0,0.5629531970995386,2896.0,0.9541858932102835,2906.0,0.9574818721160184,0.458470665787739,WACC_0p3_WRT_0p7,0.6865524060646012,2606,False,,,False,False,False,False,False,116.0,0.3010471204188482
IBDD,Electricity,276,0.74,31,0.7499999999999998,0.6419656258679005,0,19,2210,1,804,60,10,0.22263668114980414,0.3342578694703253,0.2809984990279513,0.22263668114980414,0.1838357749346038,0.22222222222222254,1.2233606186634038,-2.534149843841321,1.7596622789832348,-1.2199335447094035,0.0606453741297639,0.3342578694703253,0.5409858983976961,0.20672802892737074,0.2809984990279513,0.4708295122147314,0.18983101318678008,0.22263668114980414,0.4864676041437659,0.2638309229939617,0.1838357749346038,0.3125837284670058,0.12874795353240198,0.22222222222222254,0.2656893964752288,0.04346717425300628,2109.0,0.6947923533289387,1497.0,0.4930784442979565,1747.0,0.5754779169413315,2123.0,0.6994067237969677,1393.0,0.45880026367831245,0.45880026367831245,WACC_0p9_WRT_0p1,0.5843111404087014,2607,False,,,False,False,False,False,False,19.0,0.04712041884816754
IBDD,Electricity,1699,0.73,104,0.7142857142857141,0.4373793521924517,0,96,2739,4088,826,174,115,0.47037247616302047,0.5464214125411612,0.5101351255444541,0.47037247616302047,0.22270073803295595,0.2592592592592596,1.2233606186634038,-2.534149843841321,1.7596622789832348,-1.2199335447094035,0.0606453741297639,0.5464214125411612,0.49411854372827396,0.052302868812887204,0.5101351255444541,0.4671778582039523,0.04295726734050176,0.47037247616302047,0.4623231270555388,0.008049349107481674,0.22270073803295595,0.32275008546278333,0.10004934742982738,0.2592592592592596,0.3645560798643381,0.1052968206050785,1436.0,0.47297297297297297,1452.0,0.478246539222149,1394.0,0.45912986156888597,2231.0,0.7350032959789057,2509.0,0.8266315095583389,0.45912986156888597,WACC_0p5_WRT_0p5,0.5943968358602505,2608,False,,,False,False,False,False,False,96.0,0.2486910994764398
IBDD,Electricity,1970,0.73,98,0.7142857142857141,0.4475103999651687,0,90,4795,3818,879,240,125,0.45810467769735974,0.535915140776862,0.49878835203901095,0.45810467769735974,0.22270073803295595,0.2592592592592596,1.2233606186634038,-2.534149843841321,1.7596622789832348,-1.2199335447094035,0.0606453741297639,0.535915140776862,0.4967695696409872,0.0391455711358748,0.49878835203901095,0.4626724950677639,0.03611585697124703,0.45810467769735974,0.4804513527395765,0.022346675042216768,0.22270073803295595,0.329104759757,0.10640402172404403,0.2592592592592596,0.36493486830502236,0.10567560904576279,1463.0,0.4818721160184575,1394.0,0.45912986156888597,1655.0,0.5451549110085695,2306.0,0.7597231377719182,2512.0,0.8276203032300593,0.45912986156888597,WACC_0p3_WRT_0p7,0.614700065919578,2609,False,,,False,False,False,False,False,90.0,0.23298429319371727
IBDD,Electricity,2295,0.71,109,0.6428571428571426,0.4293696224892548,0,105,426,4775,332,216,149,0.4800715469765898,0.554727798900032,0.5191060228120346,0.4800715469765898,0.3004306642296604,0.3333333333333337,1.2233606186634038,-2.534149843841321,1.7596622789832348,-1.2199335447094035,0.0606453741297639,0.554727798900032,0.4976197423372308,0.05710805656280121,0.5191060228120346,0.4627100710938809,0.05639595171815365,0.4800715469765898,0.4817174725724263,0.0016459255958364838,0.3004306642296604,0.38624987157267,0.08581920734300957,0.3333333333333337,0.42985345550739584,0.09652012217406214,1476.0,0.486156888595913,1395.0,0.4594594594594595,1674.0,0.551417270929466,2774.0,0.9139749505603164,2800.0,0.9225444957152275,0.4594594594594595,WACC_0p3_WRT_0p7,0.6667106130520765,2610,False,,,False,False,False,False,False,105.0,0.27225130890052357
IBDD,Electricity,2159,0.73,342,0.7142857142857141,0.2335600202691701,0,275,4007,1987,555,91,4,0.7171795728755709,0.7577896086097495,0.7384127772985294,0.7171795728755709,0.2692329715982244,0.2592592592592596,1.2233606186634038,-2.534149843841321,1.7596622789832348,-1.2199335447094035,0.0606453741297639,0.7577896086097495,0.6544409028169088,0.10334870579284072,0.7384127772985294,0.6376566488345095,0.10075612846401993,0.7171795728755709,0.6452999769047602,0.07187959597081073,0.2692329715982244,0.32616167976191035,0.05692870816368595,0.2592592592592596,0.26573952887064195,0.006480269611382372,2887.0,0.9512195121951219,2859.0,0.9419907712590639,2875.0,0.9472643375082399,2268.0,0.7471984179301252,1395.0,0.4594594594594595,0.4594594594594595,WACC_0p9_WRT_0p1,0.8094264996704021,2611,False,,,False,False,False,False,False,275.0,0.7172774869109948
IBDD,Electricity,2087,0.73,101,0.7142857142857141,0.4423703723360919,0,93,4949,3897,962,149,146,0.46432879434117375,0.5412455397996083,0.5045451829835771,0.46432879434117375,0.22270073803295595,0.2592592592592596,1.2233606186634038,-2.534149843841321,1.7596622789832348,-1.2199335447094035,0.0606453741297639,0.5412455397996083,0.4921303402168238,0.04911519958278454,0.5045451829835771,0.4631013664156726,0.04144381656790447,0.46432879434117375,0.47524560947984623,0.010916815138672487,0.22270073803295595,0.3294917221544578,0.10679098412150187,0.2592592592592596,0.36676456538671126,0.10750530612745168,1396.0,0.45978905735003295,1403.0,0.46209624258404747,1566.0,0.515820698747528,2311.0,0.7613711272247857,2524.0,0.8315754779169413,0.45978905735003295,WACC_0p1_WRT_0p9,0.606130520764667,2612,False,,,False,False,False,False,False,93.0,0.24083769633507854
IBDD,Electricity,181,0.74,28,0.7499999999999998,0.6589148543760217,0,16,2182,1,2,39,1,0.20211267177280573,0.31668089175819963,0.2620153630988556,0.20211267177280573,0.1838357749346038,0.22222222222222254,1.2233606186634038,-2.534149843841321,1.7596622789832348,-1.2199335447094035,0.0606453741297639,0.31668089175819963,0.599440500756087,0.2827596089978874,0.2620153630988556,0.5504432846945768,0.2884279215957212,0.20211267177280573,0.557654652861713,0.3555419810889073,0.1838357749346038,0.31826751317256335,0.13443173823795956,0.22222222222222254,0.2657690673643037,0.04354684514208118,2626.0,0.8651944627554383,2381.0,0.7844429795649308,2471.0,0.8141067897165458,2180.0,0.7181938035596572,1396.0,0.45978905735003295,0.45978905735003295,WACC_0p9_WRT_0p1,0.728345418589321,2613,False,,,False,False,False,False,False,16.0,0.03926701570680628
IBDD,Electricity,2428,0.73,190,0.7142857142857141,0.3343629200959641,0,175,3027,4922,229,69,35,0.5951162199458223,0.6532532680486298,0.6255135294925201,0.5951162199458223,0.22270073803295595,0.2592592592592596,1.2233606186634038,-2.534149843841321,1.7596622789832348,-1.2199335447094035,0.0606453741297639,0.6532532680486298,0.5584593907751111,0.09479387727351873,0.6255135294925201,0.5480686436963264,0.0774448857961938,0.5951162199458223,0.5483444689867931,0.04677175095902919,0.22270073803295595,0.2679704890927819,0.045269751059825974,0.2592592592592596,0.26774191301809147,0.008482653758831893,2285.0,0.7528015820698748,2358.0,0.7768622280817403,2402.0,0.7913645352669743,1397.0,0.46011865524060647,1454.0,0.478905735003296,0.46011865524060647,WACC_0p7_WRT_0p3,0.6520105471324984,2614,False,,,False,False,False,False,False,175.0,0.45549738219895286
IBDD,Electricity,2864,0.69,96,0.5714285714285711,0.4510243614951085,0,94,2060,4056,197,203,81,0.45384958258454444,0.5322710325235911,0.4948527151254784,0.45384958258454444,0.3781605904263649,0.4074074074074079,1.2233606186634038,-2.534149843841321,1.7596622789832348,-1.2199335447094035,0.0606453741297639,0.5322710325235911,0.49216186638800413,0.04010916613558696,0.4948527151254784,0.47110803749201485,0.02374467763346355,0.45384958258454444,0.47169815547502075,0.01784857289047631,0.3781605904263649,0.2922895387828847,0.08587105164348019,0.4074074074074079,0.343398407070118,0.0640090003372899,1398.0,0.46044825313118,1503.0,0.4950560316413975,1520.0,0.500659195781147,1847.0,0.6084377059986816,2364.0,0.7788398154251813,0.46044825313118,WACC_0p1_WRT_0p9,0.5686882003955175,2615,False,,,False,False,False,False,False,94.0,0.24345549738219896
IBDD,Electricity,500,0.74,697,0.7499999999999998,0.111229405998124,0,350,1504,3554,466,77,1,0.8653110747424506,0.8846509863723159,0.8754230652821011,0.8653110747424506,0.3262854693115399,0.22222222222222254,1.2233606186634038,-2.534149843841321,1.7596622789832348,-1.2199335447094035,0.0606453741297639,0.8846509863723159,0.6431567249490946,0.24149426142322128,0.8754230652821011,0.6412876465078385,0.23413541877426258,0.8653110747424506,0.6361572463286205,0.22915382841383014,0.3262854693115399,0.33508825619054977,0.008802786879009872,0.22222222222222254,0.2658309847306265,0.04360876250840395,2844.0,0.9370468029004614,2874.0,0.9469347396176665,2851.0,0.9393539881344759,2366.0,0.7794990112063283,1398.0,0.46044825313118,0.46044825313118,WACC_0p9_WRT_0p1,0.8126565589980224,2616,False,,,False,False,False,False,False,350.0,0.9136125654450262
IBDD,Electricity,1995,0.71,114,0.6428571428571426,0.4217160007489388,0,110,693,4787,830,221,166,0.4893394026958622,0.5626648881122115,0.5276780791611885,0.4893394026958622,0.3004306642296604,0.3333333333333337,1.2233606186634038,-2.534149843841321,1.7596622789832348,-1.2199335447094035,0.0606453741297639,0.5626648881122115,0.4977611510510428,0.0649037370611687,0.5276780791611885,0.46288154616476507,0.0647965329964234,0.4893394026958622,0.4921796507877915,0.0028402480919293427,0.3004306642296604,0.42302698756204976,0.12259632333238935,0.3333333333333337,0.4554652475899519,0.12213191425661818,1479.0,0.4871456822676335,1399.0,0.46077785102175345,1831.0,0.6031641397495056,2890.0,0.9522083058668425,2874.0,0.9469347396176665,0.46077785102175345,WACC_0p3_WRT_0p7,0.6900461437046802,2617,False,,,False,False,False,False,False,110.0,0.28534031413612565
IBDD,Electricity,1033,0.74,657,0.7499999999999998,0.1213903561916657,0,340,1383,3441,202,47,4,0.85300706710272,0.8741137046901244,0.8640428010653345,0.85300706710272,0.32154660985974565,0.22222222222222254,1.2233606186634038,-2.534149843841321,1.7596622789832348,-1.2199335447094035,0.0606453741297639,0.8741137046901244,0.6456849528729319,0.22842875181719247,0.8640428010653345,0.6358695356373981,0.22817326542793637,0.85300706710272,0.6425102059020898,0.21049686120063016,0.32154660985974565,0.3274947884321655,0.00594817857241986,0.22222222222222254,0.26589206188292286,0.043669839660700316,2854.0,0.9403427818061965,2855.0,0.94067237969677,2868.0,0.9449571522742255,2283.0,0.7521423862887278,1400.0,0.46110744891232697,0.46110744891232697,WACC_0p9_WRT_0p1,0.8078444297956493,2618,False,,,False,False,False,False,False,340.0,0.887434554973822
IBDD,Electricity,2678,0.71,111,0.6428571428571426,0.4262672297500796,0,107,572,4577,134,196,64,0.48382826886156854,0.5579450950739915,0.5225807026799109,0.48382826886156854,0.3004306642296604,0.3333333333333337,1.2233606186634038,-2.534149843841321,1.7596622789832348,-1.2199335447094035,0.0606453741297639,0.5579450950739915,0.5083268593909069,0.049618235683084544,0.5225807026799109,0.48513816570273255,0.03744253697717831,0.48382826886156854,0.4803004895357546,0.00352777932581394,0.3004306642296604,0.26829291153259616,0.03213775269706426,0.3333333333333337,0.31691137274506953,0.016421960588264173,1646.0,0.542188529993408,1676.0,0.5520764667106131,1652.0,0.544166117336849,1401.0,0.4614370468029005,2175.0,0.7165458141067897,0.4614370468029005,WACC_0p7_WRT_0p3,0.563282794990112,2619,False,,,False,False,False,False,False,107.0,0.2774869109947644
IBDD,Electricity,2655,0.71,122,0.6428571428571426,0.4101366374806809,0,117,1355,4669,418,238,164,0.5033609825089801,0.5746731166867012,0.5406469660216373,0.5033609825089801,0.3004306642296604,0.3333333333333337,1.2233606186634038,-2.534149843841321,1.7596622789832348,-1.2199335447094035,0.0606453741297639,0.5746731166867012,0.4932964414641064,0.08137667522259479,0.5406469660216373,0.46301164012402324,0.07763532589761407,0.5033609825089801,0.48543055085721176,0.01793043165176833,0.3004306642296604,0.4069664631158544,0.10653579888619397,0.3333333333333337,0.4492943946419831,0.11596106130864942,1422.0,0.468358602504944,1401.0,0.4614370468029005,1730.0,0.5698747528015821,2850.0,0.9390243902439024,2852.0,0.9396835860250494,0.4614370468029005,WACC_0p3_WRT_0p7,0.6756756756756757,2620,False,,,False,False,False,False,False,117.0,0.3036649214659686
IBDD,Electricity,926,0.68,94,0.5357142857142857,0.454611535799055,0,92,152,3335,110,192,3,0.44950583330912175,0.5285509999120911,0.49083507990505837,0.44950583330912175,0.4170255535247168,0.44444444444444453,1.2233606186634038,-2.534149843841321,1.7596622789832348,-1.2199335447094035,0.0606453741297639,0.5285509999120911,0.4924103213308715,0.03614067858121961,0.49083507990505837,0.46590791669473164,0.02492716321032673,0.44950583330912175,0.47136779427048536,0.021861960961363613,0.4170255535247168,0.27064402563137097,0.14638152789334585,0.44444444444444453,0.270336722263211,0.17410772218123355,1403.0,0.46209624258404747,1438.0,0.47363216875411995,1519.0,0.5003295978905735,1452.0,0.478246539222149,1512.0,0.498022412656559,0.46209624258404747,WACC_0p1_WRT_0p9,0.48246539222148976,2621,False,,,False,False,False,False,False,92.0,0.23821989528795812
IBDD,Electricity,251,0.76,16,0.8214285714285713,0.7508721827029736,0,3,2085,1,1000,29,7,0.09076051978773039,0.22131773645617547,0.15902315537266942,0.09076051978773039,0.10610584873789927,0.1481481481481484,1.2233606186634038,-2.534149843841321,1.7596622789832348,-1.2199335447094035,0.0606453741297639,0.22131773645617547,0.5835194983355753,0.3622017618793998,0.15902315537266942,0.5580487645084873,0.39902560913581786,0.09076051978773039,0.5384995684733972,0.44773904868566683,0.10610584873789927,0.3296375717173096,0.22353172297941035,0.1481481481481484,0.26591904225209473,0.11777089410394634,2510.0,0.8269611074489124,2444.0,0.8052076466710613,2308.0,0.7603823335530653,2314.0,0.7623599208965063,1403.0,0.46209624258404747,0.46209624258404747,WACC_0p9_WRT_0p1,0.7234014502307184,2622,False,,,False,False,False,False,False,3.0,0.005235602094240838
IBDD,Electricity,2896,0.72,105,0.6785714285714283,0.4357473197013715,0,98,1,3010,642,72,5,0.47234872246440507,0.5481138906800592,0.5119630019344639,0.47234872246440507,0.2615657011313083,0.2962962962962967,1.2233606186634038,-2.534149843841321,1.7596622789832348,-1.2199335447094035,0.0606453741297639,0.5481138906800592,0.492435946603345,0.055677944076714225,0.5119630019344639,0.47781465311616794,0.034148348818295926,0.47234872246440507,0.5100001743610291,0.037651451896624,0.2615657011313083,0.3286585833528007,0.0670928822214924,0.2962962962962967,0.3725682662578006,0.07627196996150387,1404.0,0.462425840474621,1595.0,0.5253790375741595,2054.0,0.6766644693473962,2300.0,0.7577455504284772,2561.0,0.8437705998681608,0.462425840474621,WACC_0p1_WRT_0p9,0.653197099538563,2623,False,,,False,False,False,False,False,98.0,0.25392670157068065
IBDD,Electricity,1451,0.74,222,0.7499999999999998,0.3076928116430253,0,195,4847,3468,186,120,11,0.6274113510021655,0.6809111582961219,0.6553840509598116,0.6274113510021655,0.23465895318475166,0.22222222222222254,1.2233606186634038,-2.534149843841321,1.7596622789832348,-1.2199335447094035,0.0606453741297639,0.6809111582961219,0.6178697977402313,0.0630413605558906,0.6553840509598116,0.619556177111672,0.03582787384813957,0.6274113510021655,0.620323626728807,0.0070877242733584644,0.23465895318475166,0.304099549310488,0.06944059612573633,0.22222222222222254,0.2659829426214459,0.04376072039922335,2732.0,0.9001318391562294,2789.0,0.918918918918919,2797.0,0.9215557020435069,2012.0,0.6628213579433092,1405.0,0.46275543836519445,0.46275543836519445,WACC_0p9_WRT_0p1,0.7732366512854318,2624,False,,,False,False,False,False,False,195.0,0.5078534031413613
IBDD,Electricity,1129,0.73,125,0.7142857142857141,0.405987565903148,0,117,1464,3829,631,54,48,0.5083851394446378,0.5789758575819206,0.5452939261884742,0.5083851394446378,0.22270073803295595,0.2592592592592596,1.2233606186634038,-2.534149843841321,1.7596622789832348,-1.2199335447094035,0.0606453741297639,0.5789758575819206,0.5199164157496629,0.05905944183225775,0.5452939261884742,0.4989894638651521,0.04630446232332208,0.5083851394446378,0.5009453350734923,0.007439804371145553,0.22270073803295595,0.26856708611556096,0.04586634808260501,0.2592592592592596,0.3064233299502841,0.04716407069102452,1828.0,0.6021753460777851,1862.0,0.6133816743572841,1942.0,0.6397495056031641,1406.0,0.46308503625576797,2057.0,0.6776532630191167,0.46308503625576797,WACC_0p7_WRT_0p3,0.5992089650626236,2625,False,,,False,False,False,False,False,117.0,0.3036649214659686
IBDD,Electricity,2602,0.74,123,0.7499999999999998,0.4087424748943598,0,109,4418,4048,482,189,143,0.5050491894961598,0.5761189149243676,0.542208428118317,0.5050491894961598,0.18753145598438328,0.22222222222222254,1.2233606186634038,-2.534149843841321,1.7596622789832348,-1.2199335447094035,0.0606453741297639,0.5761189149243676,0.49255009992710835,0.08356881499725927,0.542208428118317,0.46590715327831184,0.0763012748400052,0.5050491894961598,0.47129269652456685,0.033756492971593,0.18753145598438328,0.3428880397606553,0.155356583776272,0.22222222222222254,0.37273417083004945,0.1505119486078269,1406.0,0.46308503625576797,1437.0,0.4733025708635465,1518.0,0.5,2442.0,0.8045484508899143,2563.0,0.8444297956493079,0.46308503625576797,WACC_0p1_WRT_0p9,0.6170731707317074,2626,False,,,False,False,False,False,False,109.0,0.28272251308900526
IBDD,Electricity,1523,0.73,223,0.7142857142857141,0.306922438372713,0,205,730,3719,579,74,1,0.6283442045663323,0.6817100639097792,0.6562468690225615,0.6283442045663323,0.2350182395294234,0.2592592592592596,1.2233606186634038,-2.534149843841321,1.7596622789832348,-1.2199335447094035,0.0606453741297639,0.6817100639097792,0.6084438351918254,0.07326622871795374,0.6562468690225615,0.5968646915861668,0.05938217743639462,0.6283442045663323,0.6112492693478402,0.017094935218492147,0.2350182395294234,0.3271991984804678,0.09218095895104439,0.2592592592592596,0.2660233871262388,0.006764127866979219,2687.0,0.8852999340804218,2702.0,0.8902439024390244,2763.0,0.9103493737640079,2275.0,0.7495056031641397,1406.0,0.46308503625576797,0.46308503625576797,WACC_0p9_WRT_0p1,0.7796967699406724,2627,False,,,False,False,False,False,False,205.0,0.5340314136125655
IBDD,Electricity,2810,0.73,96,0.7142857142857141,0.4510243614951085,0,88,4471,2129,502,55,54,0.45384958258454444,0.5322710325235911,0.4948527151254784,0.45384958258454444,0.22270073803295595,0.2592592592592596,1.2233606186634038,-2.534149843841321,1.7596622789832348,-1.2199335447094035,0.0606453741297639,0.5322710325235911,0.5114471693225362,0.020823863201054893,0.4948527151254784,0.4904181270315139,0.00443458809396452,0.45384958258454444,0.4891344405012017,0.03528485791665725,0.22270073803295595,0.26863059534024164,0.04592985730728569,0.2592592592592596,0.28612491283880703,0.026865653579547455,1697.0,0.5589980224126566,1750.0,0.5764667106130521,1792.0,0.5903098220171391,1407.0,0.4634146341463415,1802.0,0.5936058009228741,0.4634146341463415,WACC_0p7_WRT_0p3,0.5565589980224127,2628,False,,,False,False,False,False,False,88.0,0.22774869109947643
IBDD,Electricity,2973,0.69,106,0.5714285714285711,0.4341306116852848,0,104,2541,4283,416,177,89,0.47430641218852043,0.5497904767708157,0.513773714912481,0.47430641218852043,0.3781605904263649,0.4074074074074079,1.2233606186634038,-2.534149843841321,1.7596622789832348,-1.2199335447094035,0.0606453741297639,0.5497904767708157,0.4925559809154674,0.057234495855348344,0.513773714912481,0.4792233999794877,0.03455031493299332,0.47430641218852043,0.46660735101298323,0.007699061175537203,0.3781605904263649,0.28843386342628835,0.08972672700007656,0.4074074074074079,0.33046005207073215,0.07694735533667574,1407.0,0.4634146341463415,1611.0,0.5306526038233356,1449.0,0.4772577455504285,1784.0,0.5876730388925511,2271.0,0.7481872116018458,0.4634146341463415,WACC_0p1_WRT_0p9,0.5614370468029005,2629,False,,,False,False,False,False,False,104.0,0.2696335078534031
IBDD,Electricity,21,0.73,401,0.7142857142857141,0.2062316234761704,0,294,4808,3625,675,103,7,0.7502718326069864,0.7861301682469344,0.7690205817066891,0.7502718326069864,0.2819783771929891,0.2592592592592596,1.2233606186634038,-2.534149843841321,1.7596622789832348,-1.2199335447094035,0.0606453741297639,0.7861301682469344,0.6446961303654359,0.14143403788149844,0.7690205817066891,0.6464028141270965,0.12261776757959253,0.7502718326069864,0.6562564283976757,0.09401540420931065,0.2819783771929891,0.3257570938471733,0.04377871665418415,0.2592592592592596,0.2661177619551889,0.006858502695929303,2851.0,0.9393539881344759,2890.0,0.9522083058668425,2918.0,0.9614370468029004,2264.0,0.7458800263678312,1409.0,0.46407382992748847,0.46407382992748847,WACC_0p9_WRT_0p1,0.8125906394199077,2630,False,,,False,False,False,False,False,294.0,0.7670157068062827
IBDD,Electricity,940,0.74,618,0.7499999999999998,0.1319103816901674,0,330,4495,4028,36,63,1,0.8402682511811541,0.8632040486176041,0.8522603725070125,0.8402682511811541,0.31664028502622965,0.22222222222222254,1.2233606186634038,-2.534149843841321,1.7596622789832348,-1.2199335447094035,0.0606453741297639,0.8632040486176041,0.6885260365924168,0.1746780120251873,0.8522603725070125,0.6953833830443117,0.1568769894627008,0.8402682511811541,0.7226581528937702,0.11761009828738389,0.31664028502622965,0.3677740593299808,0.051133774303751156,0.22222222222222254,0.26612868684211144,0.043906464619888896,2971.0,0.978905735003296,2984.0,0.9831905075807514,3014.0,0.9930784442979564,2662.0,0.8770599868160843,1411.0,0.46473302570863545,0.46473302570863545,WACC_0p9_WRT_0p1,0.8593935398813446,2631,False,,,False,False,False,False,False,330.0,0.8612565445026178
IBDD,Electricity,2307,0.71,106,0.6428571428571426,0.4341306116852848,0,103,44,4423,676,157,67,0.47430641218852043,0.5497904767708157,0.513773714912481,0.47430641218852043,0.3004306642296604,0.3333333333333337,1.2233606186634038,-2.534149843841321,1.7596622789832348,-1.2199335447094035,0.0606453741297639,0.5497904767708157,0.4930845178928159,0.05670595887799984,0.513773714912481,0.46367126494723415,0.050102449965246876,0.47430641218852043,0.4699546418168444,0.004351770371676056,0.3004306642296604,0.34481269994706104,0.044382035717400625,0.3333333333333337,0.3843781477044401,0.05104481437110642,1418.0,0.46704021094264997,1413.0,0.4653922214897825,1498.0,0.49340804218853,2466.0,0.8124588002636783,2620.0,0.8632168754119973,0.4653922214897825,WACC_0p3_WRT_0p7,0.6203032300593276,2632,False,,,False,False,False,False,False,103.0,0.2670157068062827
IBDD,Electricity,2659,0.71,117,0.6428571428571426,0.4172819839037627,0,113,4661,4789,554,203,198,0.49470860302639985,0.5672631278035053,0.5326441780277857,0.49470860302639985,0.3004306642296604,0.3333333333333337,1.2233606186634038,-2.534149843841321,1.7596622789832348,-1.2199335447094035,0.0606453741297639,0.5672631278035053,0.4946963074956569,0.07256682030784839,0.5326441780277857,0.46370512750061976,0.06893905052716598,0.49470860302639985,0.4962784075481392,0.0015698045217393264,0.3004306642296604,0.42503679675671446,0.12460613252705405,0.3333333333333337,0.4523671129457103,0.1190337796123766,1440.0,0.474291364535267,1415.0,0.46605141727092947,1889.0,0.6222808174027686,2899.0,0.9551746868820039,2864.0,0.9436387607119314,0.46605141727092947,WACC_0p3_WRT_0p7,0.6922874093605801,2633,False,,,False,False,False,False,False,113.0,0.2931937172774869
IBDD,Electricity,2776,0.72,116,0.6785714285714283,0.4187473386096327,0,109,1469,3940,470,122,113,0.4929341887095774,0.5657435007011216,0.5310029807572112,0.4929341887095774,0.2615657011313083,0.2962962962962967,1.2233606186634038,-2.534149843841321,1.7596622789832348,-1.2199335447094035,0.0606453741297639,0.5657435007011216,0.4935110318773095,0.07223246882381207,0.5310029807572112,0.47155484364022165,0.05944813711698954,0.4929341887095774,0.46364365763857,0.029290531071007375,0.2615657011313083,0.3121629423069919,0.050597241175683594,0.2962962962962967,0.36074963507173186,0.06445333877543513,1428.0,0.470336189848385,1507.0,0.4963744232036915,1417.0,0.46671061305207645,2118.0,0.6977587343441002,2480.0,0.8170731707317073,0.46671061305207645,WACC_0p5_WRT_0p5,0.5896506262359921,2634,False,,,False,False,False,False,False,109.0,0.28272251308900526
IBDD,Electricity,1886,0.71,113,0.6428571428571426,0.4232197495097513,0,109,3878,4724,341,228,184,0.48751849659073904,0.5611054449528504,0.5259938805490785,0.48751849659073904,0.3004306642296604,0.3333333333333337,1.2233606186634038,-2.534149843841321,1.7596622789832348,-1.2199335447094035,0.0606453741297639,0.5611054449528504,0.4948109199961463,0.06629452495670413,0.5259938805490785,0.4639486516268598,0.0620452289222187,0.48751849659073904,0.49404508809874037,0.006526591508001334,0.3004306642296604,0.4012248330207598,0.10079416879109937,0.3333333333333337,0.4352348387159507,0.101901505382617,1442.0,0.47495056031641397,1417.0,0.46671061305207645,1863.0,0.6137112722478576,2835.0,0.9340804218852999,2811.0,0.9261700725115359,0.46671061305207645,WACC_0p3_WRT_0p7,0.6831245880026368,2635,False,,,False,False,False,False,False,109.0,0.28272251308900526
IBDD,Electricity,729,0.73,489,0.7142857142857141,0.1721483923094131,0,315,708,4696,400,16,5,0.7915435964356323,0.8214757413087568,0.8071938006134572,0.7915435964356323,0.2978740994518127,0.2592592592592596,1.2233606186634038,-2.534149843841321,1.7596622789832348,-1.2199335447094035,0.0606453741297639,0.8214757413087568,0.6508925937802182,0.17058314752853854,0.8071938006134572,0.6273767475008694,0.1798170531125879,0.7915435964356323,0.6529119553678328,0.13863164106779957,0.2978740994518127,0.350351150938401,0.05247705148658832,0.2592592592592596,0.2663835277055082,0.007124268446248638,2877.0,0.9479235332893869,2820.0,0.9291364535266974,2901.0,0.955833882663151,2513.0,0.8279499011206328,1417.0,0.46671061305207645,0.46671061305207645,WACC_0p9_WRT_0p1,0.8255108767303889,2636,False,,,False,False,False,False,False,315.0,0.8219895287958116
IBDD,Electricity,654,0.74,555,0.7499999999999998,0.1503914628480477,0,318,3563,995,550,44,6,0.8178893043872243,0.8440384829723949,0.8315615616101866,0.8178893043872243,0.30802108657960564,0.22222222222222254,1.2233606186634038,-2.534149843841321,1.7596622789832348,-1.2199335447094035,0.0606453741297639,0.8440384829723949,0.6890931894515226,0.15494529352087227,0.8315615616101866,0.6809695393518131,0.15059202225837343,0.8178893043872243,0.6628451691471343,0.15504413524008998,0.30802108657960564,0.34061116795716273,0.03259008137755709,0.22222222222222254,0.2664294147750435,0.04420719255282096,2974.0,0.9798945286750165,2967.0,0.977587343441002,2927.0,0.964403427818062,2422.0,0.7979564930784443,1419.0,0.4673698088332235,0.4673698088332235,WACC_0p9_WRT_0p1,0.8374423203691498,2637,False,,,False,False,False,False,False,318.0,0.8298429319371727
IBDD,Electricity,2535,0.73,116,0.7142857142857141,0.4187473386096327,0,108,4336,2980,718,104,86,0.4929341887095774,0.5657435007011216,0.5310029807572112,0.4929341887095774,0.22270073803295595,0.2592592592592596,1.2233606186634038,-2.534149843841321,1.7596622789832348,-1.2199335447094035,0.0606453741297639,0.5657435007011216,0.49319772840161374,0.07254577229950782,0.5310029807572112,0.47657515843819237,0.054427822319018826,0.4929341887095774,0.46407692599334316,0.028857262716234233,0.22270073803295595,0.2731279554862762,0.05042721745332027,0.2592592592592596,0.3035992759664596,0.0443400167072,1420.0,0.46769940672379695,1573.0,0.5181278839815425,1420.0,0.46769940672379695,1501.0,0.4943968358602505,2034.0,0.6700725115359262,0.46769940672379695,WACC_0p1_WRT_0p9,0.5235992089650626,2638,False,,,False,False,False,False,False,108.0,0.2801047120418848
IBDD,Electricity,2591,0.71,114,0.6428571428571426,0.4217160007489388,0,110,4991,4637,852,231,207,0.4893394026958622,0.5626648881122115,0.5276780791611885,0.4893394026958622,0.3004306642296604,0.3333333333333337,1.2233606186634038,-2.534149843841321,1.7596622789832348,-1.2199335447094035,0.0606453741297639,0.5626648881122115,0.49474600460307877,0.06791888350913272,0.5276780791611885,0.4641790958291952,0.06349898333199328,0.4893394026958622,0.5000050273078909,0.01066562461202869,0.3004306642296604,0.4451729649830053,0.14474230075334488,0.3333333333333337,0.45446214187506767,0.12112880854173397,1441.0,0.47462096242584045,1420.0,0.46769940672379695,1930.0,0.6357943309162821,2939.0,0.968358602504944,2871.0,0.9459459459459459,0.46769940672379695,WACC_0p3_WRT_0p7,0.6984838497033619,2639,False,,,False,False,False,False,False,110.0,0.28534031413612565
IBDD,Electricity,977,0.77,181,0.857142857142857,0.3426733977161095,0,10,2038,4848,421,34,3,0.5850529701335094,0.6446349949610716,0.6162057945579573,0.5850529701335094,0.21834472294208188,0.1111111111111114,1.2233606186634038,-2.534149843841321,1.7596622789832348,-1.2199335447094035,0.0606453741297639,0.6446349949610716,0.647523614744169,0.0028886197830974014,0.6162057945579573,0.6243946193267159,0.008188824768758596,0.5850529701335094,0.6350800018098384,0.05002703167632894,0.21834472294208188,0.34026029411241443,0.12191557117033255,0.1111111111111114,0.2664571837025215,0.15534607259141014,2867.0,0.944627554383652,2809.0,0.9255108767303889,2847.0,0.9380355965721819,2416.0,0.7959789057350033,1420.0,0.46769940672379695,0.46769940672379695,WACC_0p9_WRT_0p1,0.8143704680290046,2640,False,,,False,False,False,False,False,10.0,0.02356020942408377
IBDD,Electricity,1481,0.73,114,0.7142857142857141,0.4217160007489388,0,106,4482,2883,556,81,72,0.4893394026958622,0.5626648881122115,0.5276780791611885,0.4893394026958622,0.22270073803295595,0.2592592592592596,1.2233606186634038,-2.534149843841321,1.7596622789832348,-1.2199335447094035,0.0606453741297639,0.5626648881122115,0.49755629725077727,0.06510859086143422,0.5276780791611885,0.4914316420965678,0.03624643706462066,0.4893394026958622,0.4741243295234697,0.015215073172392457,0.22270073803295595,0.2693038865141446,0.046603148481188655,0.2592592592592596,0.32156818327653613,0.06230892401727656,1474.0,0.485497692814766,1768.0,0.5823994726433751,1552.0,0.511206328279499,1421.0,0.46802900461437047,2207.0,0.7270929466051417,0.46802900461437047,WACC_0p7_WRT_0p3,0.5548450889914305,2641,False,,,False,False,False,False,False,106.0,0.27486910994764396
IBDD,Electricity,2861,0.76,80,0.8214285714285713,0.4820615067966712,0,14,2090,1872,999,25,7,0.41626635802070583,0.5000843633219706,0.46009111238772826,0.41626635802070583,0.1533369583529004,0.1481481481481484,1.2233606186634038,-2.534149843841321,1.7596622789832348,-1.2199335447094035,0.0606453741297639,0.5000843633219706,0.5948431722560179,0.09475880893404731,0.46009111238772826,0.5748971320903277,0.1148060197025994,0.41626635802070583,0.5615212740699901,0.14525491604928426,0.1533369583529004,0.340390938442186,0.1870539800892856,0.1481481481481484,0.2665190178910443,0.11837086974289593,2595.0,0.8549769281476599,2575.0,0.8483849703361899,2510.0,0.8269611074489124,2419.0,0.7969676994067239,1421.0,0.46802900461437047,0.46802900461437047,WACC_0p9_WRT_0p1,0.7590639419907713,2642,False,,,False,False,False,False,False,14.0,0.034031413612565446
IBDD,Electricity,1726,0.74,131,0.7499999999999998,0.3979778361999513,0,117,571,1831,91,48,17,0.5180842102582068,0.5872822439407912,0.5542648234560545,0.5180842102582068,0.19255186341188665,0.22222222222222254,1.2233606186634038,-2.534149843841321,1.7596622789832348,-1.2199335447094035,0.0606453741297639,0.5872822439407912,0.5312299755561537,0.056052268384637505,0.5542648234560545,0.48880519354937385,0.0654596299066807,0.5180842102582068,0.4849593546591535,0.033124855599053316,0.19255186341188665,0.28356909449419754,0.09101723108231088,0.22222222222222254,0.26663943903427856,0.044417216812056015,1981.0,0.6526038233355307,1727.0,0.5688859591298616,1725.0,0.5682267633487146,1706.0,0.5619644034278181,1422.0,0.468358602504944,0.468358602504944,WACC_0p9_WRT_0p1,0.5640079103493738,2643,False,,,False,False,False,False,False,117.0,0.3036649214659686
IBDD,Electricity,1190,0.74,244,0.7499999999999998,0.2914931836867794,0,212,4566,3320,472,94,19,0.647027660730869,0.6977107724729696,0.6735276342708071,0.647027660730869,0.24221412849747007,0.22222222222222254,1.2233606186634038,-2.534149843841321,1.7596622789832348,-1.2199335447094035,0.0606453741297639,0.6977107724729696,0.5973746873941266,0.10033608507884306,0.6735276342708071,0.6091511730749776,0.06437646119582952,0.647027660730869,0.6008194805537432,0.0462081801771258,0.24221412849747007,0.2803967074080199,0.03818257891054985,0.22222222222222254,0.2666405403243439,0.04441831810212138,2613.0,0.8609096901779829,2747.0,0.9050758075148319,2735.0,0.9011206328279499,1655.0,0.5451549110085695,1423.0,0.46868820039551745,0.46868820039551745,WACC_0p9_WRT_0p1,0.7361898483849703,2644,False,,,False,False,False,False,False,212.0,0.5523560209424084
IBDD,Electricity,1876,0.72,114,0.6785714285714283,0.4217160007489388,0,107,2512,4593,149,188,46,0.4893394026958622,0.5626648881122115,0.5276780791611885,0.4893394026958622,0.2615657011313083,0.2962962962962967,1.2233606186634038,-2.534149843841321,1.7596622789832348,-1.2199335447094035,0.0606453741297639,0.5626648881122115,0.5117844396577259,0.05088044845448558,0.5276780791611885,0.49338574434300797,0.0342923348181805,0.4893394026958622,0.4935400128347623,0.004200610138900107,0.2615657011313083,0.26937797662766927,0.0078122754963609875,0.2962962962962967,0.29705880848380783,0.0007625121875111107,1706.0,0.5619644034278181,1792.0,0.5903098220171391,1853.0,0.6104152933421226,1424.0,0.46901779828609097,1959.0,0.6453526697429136,0.46901779828609097,WACC_0p7_WRT_0p3,0.5754119973632169,2645,False,,,False,False,False,False,False,107.0,0.2774869109947644
IBDD,Electricity,1011,0.74,515,0.7499999999999998,0.1632465459022062,0,301,3917,2621,316,49,5,0.8023229412917462,0.8307072857310454,0.817163868589529,0.8023229412917462,0.3020257386372922,0.22222222222222254,1.2233606186634038,-2.534149843841321,1.7596622789832348,-1.2199335447094035,0.0606453741297639,0.8307072857310454,0.6931905547800736,0.13751673095097172,0.817163868589529,0.7083302827876199,0.10883358580190916,0.8023229412917462,0.6980893841705617,0.10423355712118454,0.3020257386372922,0.35580616805671333,0.05378042941942113,0.22222222222222254,0.26664897924848135,0.04442675702625881,2982.0,0.9825313117996045,3004.0,0.9897824653922215,2987.0,0.984179301252472,2568.0,0.8460777851021754,1425.0,0.4693473961766645,0.4693473961766645,WACC_0p9_WRT_0p1,0.8543836519446277,2646,False,,,False,False,False,False,False,301.0,0.7853403141361257
IBDD,Electricity,2097,0.74,145,0.7499999999999998,0.3806214707353315,0,131,4504,3517,457,95,76,0.5391012263056209,0.6052814377559526,0.5737039527764287,0.5391012263056209,0.2006465174515342,0.22222222222222254,1.2233606186634038,-2.534149843841321,1.7596622789832348,-1.2199335447094035,0.0606453741297639,0.6052814377559526,0.5136072541792981,0.09167418357665447,0.5737039527764287,0.5066500879962317,0.06705386478019704,0.5391012263056209,0.49623039309191236,0.04287083321370849,0.2006465174515342,0.26944792182987476,0.06880140437834056,0.22222222222222254,0.307912922311028,0.08569070008880547,1731.0,0.5702043506921556,1963.0,0.6466710613052077,1888.0,0.6219512195121951,1426.0,0.46967699406723795,2074.0,0.6832564271588661,0.46967699406723795,WACC_0p7_WRT_0p3,0.5983520105471325,2647,False,,,False,False,False,False,False,131.0,0.3403141361256545
IBDD,Electricity,1084,0.74,294,0.7499999999999998,0.2595167512035509,0,230,290,4369,312,17,3,0.6857482785934627,0.7308715172703917,0.7093412386520229,0.6857482785934627,0.2571272829192016,0.22222222222222254,1.2233606186634038,-2.534149843841321,1.7596622789832348,-1.2199335447094035,0.0606453741297639,0.7308715172703917,0.6117257333225214,0.11914578394787023,0.7093412386520229,0.5830626440880016,0.12627859456402135,0.6857482785934627,0.6156409787274829,0.07010729986597974,0.2571272829192016,0.35656112358476516,0.09943384066556354,0.22222222222222254,0.2666582900059471,0.04443606778372455,2704.0,0.8909030982201714,2629.0,0.8661832564271589,2783.0,0.916941331575478,2573.0,0.8477257745550428,1426.0,0.46967699406723795,0.46967699406723795,WACC_0p9_WRT_0p1,0.7982860909690178,2648,False,,,False,False,False,False,False,230.0,0.599476439790576
IBDD,Electricity,2976,0.68,104,0.5357142857142857,0.4373793521924517,0,102,2121,4498,404,151,144,0.47037247616302047,0.5464214125411612,0.5101351255444541,0.47037247616302047,0.4170255535247168,0.44444444444444453,1.2233606186634038,-2.534149843841321,1.7596622789832348,-1.2199335447094035,0.0606453741297639,0.5464214125411612,0.4934681695224437,0.052953243018717455,0.5101351255444541,0.46859916509438276,0.041535960450071296,0.47037247616302047,0.4661523455230457,0.004220130639974784,0.4170255535247168,0.374740593214453,0.0422849603102638,0.44444444444444453,0.42561400380598907,0.01883044063845546,1427.0,0.47000659195781147,1472.0,0.484838497033619,1442.0,0.47495056031641397,2718.0,0.8955174686882004,2783.0,0.916941331575478,0.47000659195781147,WACC_0p1_WRT_0p9,0.6484508899143044,2649,False,,,False,False,False,False,False,102.0,0.2643979057591623
IBDD,Electricity,1639,0.73,303,0.7142857142857141,0.2543423943671673,0,254,4116,2606,734,86,9,0.6920139648563499,0.7362375169525672,0.7151365183087726,0.6920139648563499,0.25954049716924665,0.2592592592592596,1.2233606186634038,-2.534149843841321,1.7596622789832348,-1.2199335447094035,0.0606453741297639,0.7362375169525672,0.6432447335520646,0.09299278340050265,0.7151365183087726,0.6410277942343122,0.07410872407446034,0.6920139648563499,0.6440422128049397,0.047971752051410244,0.25954049716924665,0.3174344429510034,0.05789394578175677,0.2592592592592596,0.2666821509380727,0.007422891678813104,2845.0,0.9373764007910349,2873.0,0.946605141727093,2873.0,0.946605141727093,2173.0,0.7158866183256427,1427.0,0.47000659195781147,0.47000659195781147,WACC_0p9_WRT_0p1,0.8032959789057349,2650,False,,,False,False,False,False,False,254.0,0.662303664921466
IBDD,Electricity,1514,0.71,114,0.6428571428571426,0.4217160007489388,0,110,4258,4881,860,187,181,0.4893394026958622,0.5626648881122115,0.5276780791611885,0.4893394026958622,0.3004306642296604,0.3333333333333337,1.2233606186634038,-2.534149843841321,1.7596622789832348,-1.2199335447094035,0.0606453741297639,0.5626648881122115,0.5011976845158401,0.06146720359637137,0.5276780791611885,0.46489853337770415,0.06277954578348433,0.4893394026958622,0.4935927892938534,0.004253386597991238,0.3004306642296604,0.4070816354814779,0.1066509712518175,0.3333333333333337,0.44023837596287174,0.10690504262953804,1532.0,0.504614370468029,1428.0,0.470336189848385,1854.0,0.6107448912326962,2851.0,0.9393539881344759,2832.0,0.9330916282135794,0.470336189848385,WACC_0p3_WRT_0p7,0.6916282135794332,2651,False,,,False,False,False,False,False,110.0,0.28534031413612565
IBDD,Electricity,1390,0.73,251,0.7142857142857141,0.2866427745257816,0,229,4587,2003,225,51,25,0.6529010751494013,0.702740826417708,0.6789600925311245,0.6529010751494013,0.24447626017411914,0.2592592592592596,1.2233606186634038,-2.534149843841321,1.7596622789832348,-1.2199335447094035,0.0606453741297639,0.702740826417708,0.5869339976181671,0.11580682879954085,0.6789600925311245,0.5715904125690568,0.1073696799620677,0.6529010751494013,0.5846180478121136,0.06828302733728775,0.24447626017411914,0.3008305494830978,0.05635428930897865,0.2592592592592596,0.26672871711595825,0.007469457856698669,2541.0,0.8371786420566908,2554.0,0.8414634146341463,2648.0,0.8724456163480554,1971.0,0.6493078444297956,1428.0,0.470336189848385,0.470336189848385,WACC_0p9_WRT_0p1,0.7341463414634146,2652,False,,,False,False,False,False,False,229.0,0.5968586387434555
IBDD,Electricity,1915,0.73,138,0.7142857142857141,0.3890810456027807,0,130,4091,4529,683,168,94,0.528857432977697,0.59650854530082,0.5642292289248857,0.528857432977697,0.22270073803295595,0.2592592592592596,1.2233606186634038,-2.534149843841321,1.7596622789832348,-1.2199335447094035,0.0606453741297639,0.59650854530082,0.5174423402835863,0.07906620501723371,0.5642292289248857,0.5043293776976407,0.05989985122724495,0.528857432977697,0.49106469837377176,0.03779273460392529,0.22270073803295595,0.2695892914273463,0.046888553394390325,0.2592592592592596,0.31096689958452617,0.05170764032526659,1798.0,0.5922874093605801,1927.0,0.6348055372445617,1815.0,0.5978905735003296,1429.0,0.47066578773895845,2112.0,0.6957811470006592,0.47066578773895845,WACC_0p7_WRT_0p3,0.5982860909690177,2653,False,,,False,False,False,False,False,130.0,0.337696335078534
IBDD,Electricity,587,0.73,502,0.7142857142857141,0.1676399458003985,0,318,4270,3195,345,85,10,0.7970029244742138,0.8261511673181052,0.8122432607035536,0.7970029244742138,0.29997674673825764,0.2592592592592596,1.2233606186634038,-2.534149843841321,1.7596622789832348,-1.2199335447094035,0.0606453741297639,0.8261511673181052,0.6425943653031864,0.18355680201491886,0.8122432607035536,0.6464309194740061,0.16581234122954747,0.7970029244742138,0.6537304736582276,0.14327245081598627,0.29997674673825764,0.324596840526326,0.024620093788068342,0.2592592592592596,0.2668109593140674,0.0075517000548078195,2842.0,0.9363876071193145,2891.0,0.952537903757416,2906.0,0.9574818721160184,2255.0,0.7429136453526698,1429.0,0.47066578773895845,0.47066578773895845,WACC_0p9_WRT_0p1,0.8119973632168754,2654,False,,,False,False,False,False,False,318.0,0.8298429319371727
IBDD,Electricity,552,0.73,582,0.7142857142857141,0.1422269662682045,0,326,3287,3044,313,35,7,0.8277757841336554,0.8525053683144546,0.8407057977796109,0.8277757841336554,0.3118288408791124,0.2592592592592596,1.2233606186634038,-2.534149843841321,1.7596622789832348,-1.2199335447094035,0.0606453741297639,0.8525053683144546,0.6674619592669904,0.1850434090474642,0.8407057977796109,0.6688510243868304,0.17185477339278044,0.8277757841336554,0.6643906773059491,0.16338510682770624,0.3118288408791124,0.34823030506688146,0.03640146418776907,0.2592592592592596,0.2669945666205605,0.007735307361300903,2921.0,0.962425840474621,2941.0,0.9690177982860909,2932.0,0.9660514172709295,2485.0,0.8187211601845749,1432.0,0.47165458141067895,0.47165458141067895,WACC_0p9_WRT_0p1,0.8375741595253791,2655,False,,,False,False,False,False,False,326.0,0.8507853403141361
IBDD,Electricity,1740,0.72,112,0.6785714285714283,0.4247367473289887,0,105,1589,4348,409,128,124,0.4856815470533606,0.5595322620291968,0.5242948429915326,0.4856815470533606,0.2615657011313083,0.2962962962962967,1.2233606186634038,-2.534149843841321,1.7596622789832348,-1.2199335447094035,0.0606453741297639,0.5595322620291968,0.4987369037808789,0.06079535824831789,0.5242948429915326,0.4724722326343542,0.051822610357178445,0.4856815470533606,0.4653183439198512,0.020363203133509367,0.2615657011313083,0.3350662815247797,0.0735005803934714,0.2962962962962967,0.3925072960661135,0.09621099976981679,1496.0,0.492748846407383,1521.0,0.5009887936717206,1433.0,0.47198417930125247,2365.0,0.7791694133157547,2668.0,0.8790375741595253,0.47198417930125247,WACC_0p5_WRT_0p5,0.6247857613711272,2656,False,,,False,False,False,False,False,105.0,0.27225130890052357
IBDD,Electricity,2781,0.74,231,0.7499999999999998,0.3008804802439224,0,203,4394,4134,567,70,30,0.6356604788870963,0.6879757982655619,0.6630138621268068,0.6356604788870963,0.23783608528603023,0.22222222222222254,1.2233606186634038,-2.534149843841321,1.7596622789832348,-1.2199335447094035,0.0606453741297639,0.6879757982655619,0.5813598298621725,0.10661596840338938,0.6630138621268068,0.5749133530671588,0.08810050905964795,0.6356604788870963,0.5837723220495099,0.05188815683758641,0.23783608528603023,0.2849892816062675,0.04715319632023729,0.22222222222222254,0.26700078827473017,0.04477856605250763,2494.0,0.8216875411997363,2576.0,0.8487145682267634,2642.0,0.8704680290046144,1730.0,0.5698747528015821,1433.0,0.47198417930125247,0.47198417930125247,WACC_0p9_WRT_0p1,0.7165458141067897,2657,False,,,False,False,False,False,False,203.0,0.5287958115183246
IBDD,Electricity,1439,0.74,127,0.7499999999999998,0.4032760431131678,0,113,2482,4860,723,76,54,0.5116685525593311,0.5817878071419,0.548330831713252,0.5116685525593311,0.19008088801785153,0.22222222222222254,1.2233606186634038,-2.534149843841321,1.7596622789832348,-1.2199335447094035,0.0606453741297639,0.5817878071419,0.5412734921206032,0.040514315021296876,0.548330831713252,0.520667165667919,0.02766366604533299,0.5116685525593311,0.5048358232463867,0.00683272931294443,0.19008088801785153,0.26993128319615695,0.07985039517830542,0.22222222222222254,0.2891127212211126,0.06689049899889005,2116.0,0.6970995385629531,2105.0,0.6934739617666447,1987.0,0.6545814106789717,1434.0,0.472313777191826,1852.0,0.6100856954515491,0.472313777191826,WACC_0p7_WRT_0p3,0.6255108767303889,2658,False,,,False,False,False,False,False,113.0,0.2931937172774869
IBDD,Electricity,2341,0.71,102,0.6428571428571426,0.4406905722934009,0,99,1748,4270,496,222,145,0.46636288290226385,0.5429875546586953,0.506426559031391,0.46636288290226385,0.3004306642296604,0.3333333333333337,1.2233606186634038,-2.534149843841321,1.7596622789832348,-1.2199335447094035,0.0606453741297639,0.5429875546586953,0.49455629416504593,0.048431260493649375,0.506426559031391,0.46547484110025056,0.04095171793114044,0.46636288290226385,0.46829015477007563,0.001927271867811775,0.3004306642296604,0.37387821361060936,0.07344754938094894,0.3333333333333337,0.4073721739323469,0.07403884059901322,1439.0,0.47396176664469347,1435.0,0.47264337508239945,1470.0,0.484179301252472,2710.0,0.8928806855636124,2722.0,0.8968358602504944,0.47264337508239945,WACC_0p3_WRT_0p7,0.6441001977587343,2659,False,,,False,False,False,False,False,99.0,0.25654450261780104
IBDD,Electricity,1880,0.72,114,0.6785714285714283,0.4217160007489388,0,107,2684,4426,899,143,133,0.4893394026958622,0.5626648881122115,0.5276780791611885,0.4893394026958622,0.2615657011313083,0.2962962962962967,1.2233606186634038,-2.534149843841321,1.7596622789832348,-1.2199335447094035,0.0606453741297639,0.5626648881122115,0.5035102151710033,0.05915467294120824,0.5276780791611885,0.47572281532425836,0.05195526383693011,0.4893394026958622,0.4656285879799219,0.023710814715940276,0.2615657011313083,0.34346124971467273,0.08189554858336445,0.2962962962962967,0.38624665240890593,0.08995035611260921,1573.0,0.5181278839815425,1559.0,0.5135135135135135,1436.0,0.47297297297297297,2454.0,0.8085036255767963,2632.0,0.8671720500988793,0.47297297297297297,WACC_0p5_WRT_0p5,0.6360580092287409,2660,False,,,False,False,False,False,False,107.0,0.2774869109947644
IBDD,Electricity,1337,0.73,113,0.7142857142857141,0.4232197495097513,0,105,1349,3824,808,124,91,0.48751849659073904,0.5611054449528504,0.5259938805490785,0.48751849659073904,0.22270073803295595,0.2592592592592596,1.2233606186634038,-2.534149843841321,1.7596622789832348,-1.2199335447094035,0.0606453741297639,0.5611054449528504,0.4941665301535241,0.06693891479932634,0.5259938805490785,0.48186387633982475,0.044130004209253726,0.48751849659073904,0.46837897287428176,0.019139523716457274,0.22270073803295595,0.27989796398232164,0.05719722594936569,0.2592592592592596,0.3257263686122867,0.06646710935302713,1437.0,0.4733025708635465,1640.0,0.540210942649967,1472.0,0.484838497033619,1644.0,0.541529334212261,2242.0,0.7386288727752143,0.4733025708635465,WACC_0p1_WRT_0p9,0.5557020435069215,2661,False,,,False,False,False,False,False,105.0,0.27225130890052357
IBDD,Electricity,233,0.74,45,0.7499999999999998,0.5794812334491506,0,32,2253,1,718,35,4,0.29829972712879943,0.3990564986453253,0.35098101853695124,0.29829972712879943,0.1838357749346038,0.22222222222222254,1.2233606186634038,-2.534149843841321,1.7596622789832348,-1.2199335447094035,0.0606453741297639,0.3990564986453253,0.608967279916449,0.20991078127112367,0.35098101853695124,0.5543682157553161,0.2033871972183649,0.29829972712879943,0.5718469078204284,0.2735471806916289,0.1838357749346038,0.3300921784721991,0.14625640353759534,0.22222222222222254,0.26706276988250505,0.044840547660282504,2692.0,0.8869479235332894,2409.0,0.7936717205009888,2566.0,0.8454185893210283,2322.0,0.7649967040210943,1437.0,0.4733025708635465,0.4733025708635465,WACC_0p9_WRT_0p1,0.7528675016479894,2662,False,,,False,False,False,False,False,32.0,0.08115183246073299
IBDD,Electricity,1759,0.73,120,0.7142857142857141,0.4129592931336661,0,112,4528,4505,182,149,80,0.4999429973740139,0.5717459182317536,0.537485591690294,0.4999429973740139,0.22270073803295595,0.2592592592592596,1.2233606186634038,-2.534149843841321,1.7596622789832348,-1.2199335447094035,0.0606453741297639,0.5717459182317536,0.531262355607572,0.040483562624181624,0.537485591690294,0.5190101853226279,0.018475406367666092,0.4999429973740139,0.5134567114155301,0.01351371404151619,0.22270073803295595,0.27023183731525785,0.0475310992823019,0.2592592592592596,0.29362993033025503,0.03437067107099545,1982.0,0.6529334212261042,2093.0,0.6895187870797627,2093.0,0.6895187870797627,1438.0,0.47363216875411995,1918.0,0.6318391562294001,0.47363216875411995,WACC_0p7_WRT_0p3,0.62748846407383,2663,False,,,False,False,False,False,False,112.0,0.2905759162303665
IBDD,Electricity,1463,0.73,268,0.7142857142857141,0.2754025909851473,0,236,2966,1114,762,45,8,0.6665119384566383,0.7143973130524399,0.691549098096635,0.6665119384566383,0.24971845199642465,0.2592592592592596,1.2233606186634038,-2.534149843841321,1.7596622789832348,-1.2199335447094035,0.0606453741297639,0.7143973130524399,0.6344818802666116,0.07991543278582836,0.691549098096635,0.6085207577984135,0.08302834029822148,0.6665119384566383,0.605198457020653,0.06131348143598525,0.24971845199642465,0.3308557452127323,0.08113729321630767,0.2592592592592596,0.2671189169983252,0.007859657739065606,2809.0,0.9255108767303889,2743.0,0.9037574159525379,2750.0,0.9060646011865524,2331.0,0.7679630850362558,1438.0,0.47363216875411995,0.47363216875411995,WACC_0p9_WRT_0p1,0.7953856295319709,2664,False,,,False,False,False,False,False,236.0,0.6151832460732984
IBDD,Electricity,1767,0.74,225,0.7499999999999998,0.3053919559516223,0,198,3015,4497,351,51,17,0.6301974827581242,0.6832972308649844,0.657961009334183,0.6301974827581242,0.2357320252432438,0.22222222222222254,1.2233606186634038,-2.534149843841321,1.7596622789832348,-1.2199335447094035,0.0606453741297639,0.6832972308649844,0.6046982636471497,0.07859896721783466,0.657961009334183,0.5980809284532077,0.059880080880975295,0.6301974827581242,0.5968130213038924,0.033384461454231795,0.2357320252432438,0.3136299775702826,0.0778979523270388,0.22222222222222254,0.26723390064893027,0.045011678426707724,2668.0,0.8790375741595253,2706.0,0.8915622940013184,2715.0,0.8945286750164799,2133.0,0.7027027027027027,1440.0,0.474291364535267,0.474291364535267,WACC_0p9_WRT_0p1,0.7684245220830587,2665,False,,,False,False,False,False,False,198.0,0.5157068062827225
IBDD,Electricity,2004,0.71,104,0.6428571428571426,0.4373793521924517,0,101,1026,4435,173,159,115,0.47037247616302047,0.5464214125411612,0.5101351255444541,0.47037247616302047,0.3004306642296604,0.3333333333333337,1.2233606186634038,-2.534149843841321,1.7596622789832348,-1.2199335447094035,0.0606453741297639,0.5464214125411612,0.5023293995800796,0.04409201296108156,0.5101351255444541,0.47509812405772217,0.03503700148673189,0.47037247616302047,0.4661506352566548,0.0042218409063656814,0.3004306642296604,0.30062158751642715,0.00019092328676673098,0.3333333333333337,0.3424386288828334,0.009105295549499681,1556.0,0.512524719841793,1549.0,0.5102175346077785,1441.0,0.47462096242584045,1967.0,0.6479894528675016,2357.0,0.7765326301911668,0.47462096242584045,WACC_0p5_WRT_0p5,0.5843770599868161,2666,False,,,False,False,False,False,False,101.0,0.2617801047120419
IBDD,Electricity,2772,0.74,176,0.7499999999999998,0.3474697562916138,0,162,3421,3767,141,63,37,0.5792450061703162,0.6396609934753635,0.6108338729533925,0.5792450061703162,0.21610779935356056,0.22222222222222254,1.2233606186634038,-2.534149843841321,1.7596622789832348,-1.2199335447094035,0.0606453741297639,0.6396609934753635,0.5480453466929034,0.09161564678246015,0.6108338729533925,0.5364245564506719,0.07440931650272065,0.5792450061703162,0.5412772841737183,0.037967721996597814,0.21610779935356056,0.270310391250419,0.05420259189685844,0.22222222222222254,0.2710563945274836,0.04883417230526105,2177.0,0.7172050098879367,2257.0,0.7435728411338167,2340.0,0.7709294660514173,1441.0,0.47462096242584045,1529.0,0.5036255767963085,0.47462096242584045,WACC_0p7_WRT_0p3,0.6419907712590639,2667,False,,,False,False,False,False,False,162.0,0.4214659685863874
IBDD,Electricity,2855,0.65,110,0.4285714285714285,0.427811438654111,0,109,342,4796,903,156,123,0.4819583691188635,0.5563436932475886,0.5208511887073957,0.4819583691188635,0.5336204428197735,0.5555555555555557,1.2233606186634038,-2.534149843841321,1.7596622789832348,-1.2199335447094035,0.0606453741297639,0.5563436932475886,0.5017129355242295,0.054630757723359125,0.5208511887073957,0.4660530302932591,0.054798158414136544,0.4819583691188635,0.4731965215743211,0.0087618475445424,0.5336204428197735,0.3557340154652433,0.1778864273545302,0.5555555555555557,0.40196597141828655,0.15358958413726914,1546.0,0.509228740936058,1441.0,0.47462096242584045,1538.0,0.50659195781147,2567.0,0.8457481872116018,2705.0,0.8912326961107448,0.47462096242584045,WACC_0p3_WRT_0p7,0.645484508899143,2668,False,,,False,False,False,False,False,109.0,0.28272251308900526
IBDD,Electricity,2507,0.74,265,0.7499999999999998,0.2773335810040791,0,221,3763,3644,90,66,22,0.6641736811585873,0.7123948048846587,0.6893863892754314,0.6641736811585873,0.2488178777264758,0.22222222222222254,1.2233606186634038,-2.534149843841321,1.7596622789832348,-1.2199335447094035,0.0606453741297639,0.7123948048846587,0.5985403802505687,0.11385442463409001,0.6893863892754314,0.5868389081558752,0.10254748111955614,0.6641736811585873,0.5903517395090012,0.07382194164958611,0.2488178777264758,0.30120824296927057,0.05239036524279478,0.22222222222222254,0.267259825174984,0.045037602952761435,2622.0,0.8638760711931444,2648.0,0.8724456163480554,2684.0,0.8843111404087014,1976.0,0.6509558338826632,1441.0,0.47462096242584045,0.47462096242584045,WACC_0p9_WRT_0p1,0.749241924851681,2669,False,,,False,False,False,False,False,221.0,0.5759162303664922
IBDD,Electricity,1429,0.71,103,0.6428571428571426,0.4390270024565642,0,100,4961,4322,587,220,164,0.46837731812650846,0.5447127381931928,0.5082897572486481,0.46837731812650846,0.3004306642296604,0.3333333333333337,1.2233606186634038,-2.534149843841321,1.7596622789832348,-1.2199335447094035,0.0606453741297639,0.5447127381931928,0.4948518615468405,0.04986087664635225,0.5082897572486481,0.4674991497166339,0.04079060753201419,0.46837731812650846,0.48226940472880564,0.013892086602297182,0.3004306642296604,0.36988408846074816,0.06945342423108775,0.3333333333333337,0.3957400157529634,0.06240668241962971,1443.0,0.4752801582069875,1460.0,0.480883322346737,1684.0,0.5547132498352011,2678.0,0.8823335530652604,2680.0,0.8829927488464074,0.4752801582069875,WACC_0p1_WRT_0p9,0.6552406064601186,2670,False,,,False,False,False,False,False,100.0,0.2591623036649215
IBDD,Electricity,2105,0.74,127,0.7499999999999998,0.4032760431131678,0,113,3038,4601,560,125,81,0.5116685525593311,0.5817878071419,0.548330831713252,0.5116685525593311,0.19008088801785153,0.22222222222222254,1.2233606186634038,-2.534149843841321,1.7596622789832348,-1.2199335447094035,0.0606453741297639,0.5817878071419,0.5171851822904271,0.06460262485147295,0.548330831713252,0.5033459414009905,0.044984890312261494,0.5116685525593311,0.4859226976805285,0.0257458548788026,0.19008088801785153,0.27045517456786483,0.0803742865500133,0.22222222222222254,0.31380829862616066,0.09158607640393812,1787.0,0.5886618325642716,1907.0,0.6282135794330916,1736.0,0.5718523401450231,1444.0,0.47560975609756095,2135.0,0.7033618984838497,0.47560975609756095,WACC_0p7_WRT_0p3,0.5935398813447594,2671,False,,,False,False,False,False,False,113.0,0.2931937172774869
IBDD,Electricity,1595,0.74,138,0.7499999999999998,0.3890810456027807,0,124,4968,4182,795,92,88,0.528857432977697,0.59650854530082,0.5642292289248857,0.528857432977697,0.1967011446709203,0.22222222222222254,1.2233606186634038,-2.534149843841321,1.7596622789832348,-1.2199335447094035,0.0606453741297639,0.59650854530082,0.5196087753685465,0.07689976993227343,0.5642292289248857,0.5085219741317213,0.05570725479316441,0.528857432977697,0.5045820666873453,0.024275366290351763,0.1967011446709203,0.2704751042893358,0.07377395961841549,0.22222222222222254,0.31562368774789706,0.09340146552567452,1823.0,0.6005273566249176,1982.0,0.6529334212261042,1985.0,0.6539222148978246,1445.0,0.4759393539881345,2160.0,0.7116018457481872,0.4759393539881345,WACC_0p7_WRT_0p3,0.6189848384970336,2672,False,,,False,False,False,False,False,124.0,0.3219895287958115
IBDD,Electricity,600,0.73,395,0.7142857142857141,0.2088208172104357,0,292,2988,2403,831,37,10,0.7471365491068871,0.7834450784484371,0.7661206847243119,0.7471365491068871,0.2807708301657486,0.2592592592592596,1.2233606186634038,-2.534149843841321,1.7596622789832348,-1.2199335447094035,0.0606453741297639,0.7834450784484371,0.6251530734692956,0.15829200497914153,0.7661206847243119,0.6178050748846957,0.14831560983961622,0.7471365491068871,0.6117037238688048,0.1354328252380823,0.2807708301657486,0.34174785149958425,0.060977021333835646,0.2592592592592596,0.26743651229708976,0.008177253037830179,2766.0,0.9113381674357284,2779.0,0.9156229400131839,2767.0,0.9116677653263019,2433.0,0.8015820698747528,1445.0,0.4759393539881345,0.4759393539881345,WACC_0p9_WRT_0p1,0.8032300593276203,2673,False,,,False,False,False,False,False,292.0,0.7617801047120419
IBDD,Electricity,1302,0.73,114,0.7142857142857141,0.4217160007489388,0,106,739,4400,97,235,93,0.4893394026958622,0.5626648881122115,0.5276780791611885,0.4893394026958622,0.22270073803295595,0.2592592592592596,1.2233606186634038,-2.534149843841321,1.7596622789832348,-1.2199335447094035,0.0606453741297639,0.5626648881122115,0.49496873647440265,0.06769615163780884,0.5276780791611885,0.47388690091926616,0.05379117824192231,0.4893394026958622,0.47013714331264006,0.01920225938322212,0.22270073803295595,0.2936686232794595,0.07096788524650352,0.2592592592592596,0.3341902394383822,0.07493098017912264,1446.0,0.476268951878708,1534.0,0.505273566249176,1502.0,0.494726433750824,1862.0,0.6133816743572841,2295.0,0.7560975609756098,0.476268951878708,WACC_0p1_WRT_0p9,0.5691496374423204,2674,False,,,False,False,False,False,False,106.0,0.27486910994764396
IBDD,Electricity,2434,0.73,102,0.7142857142857141,0.4406905722934009,0,94,3410,4408,319,249,154,0.46636288290226385,0.5429875546586953,0.506426559031391,0.46636288290226385,0.22270073803295595,0.2592592592592596,1.2233606186634038,-2.534149843841321,1.7596622789832348,-1.2199335447094035,0.0606453741297639,0.5429875546586953,0.4981509588955502,0.04483659576314508,0.506426559031391,0.46640651157881763,0.04002004745257337,0.46636288290226385,0.48052010878408785,0.014157225881823998,0.22270073803295595,0.3776666663938762,0.15496592836092024,0.2592592592592596,0.40491583655904334,0.14565657729978376,1485.0,0.4891232696110745,1446.0,0.476268951878708,1658.0,0.54614370468029,2737.0,0.9017798286090969,2715.0,0.8945286750164799,0.476268951878708,WACC_0p3_WRT_0p7,0.6615688859591298,2675,False,,,False,False,False,False,False,94.0,0.24345549738219896
IBDD,Electricity,2539,0.71,115,0.6428571428571426,0.4202252716212888,0,111,2692,4857,524,225,177,0.4911445431823328,0.5642108294297744,0.5293476957841564,0.4911445431823328,0.3004306642296604,0.3333333333333337,1.2233606186634038,-2.534149843841321,1.7596622789832348,-1.2199335447094035,0.0606453741297639,0.5642108294297744,0.5030756488165599,0.061135180613214546,0.5293476957841564,0.46644337571193545,0.06290432007222096,0.4911445431823328,0.4946166297961449,0.0034720866138120976,0.3004306642296604,0.42961826422270166,0.12918759999304125,0.3333333333333337,0.45057356257559833,0.11724022924226463,1568.0,0.516479894528675,1447.0,0.47659854976928145,1868.0,0.6153592617007251,2908.0,0.9581410678971655,2859.0,0.9419907712590639,0.47659854976928145,WACC_0p3_WRT_0p7,0.7017139090309822,2676,False,,,False,False,False,False,False,111.0,0.2879581151832461
IBDD,Electricity,169,0.79,11,0.9285714285714284,0.8108429810104846,1,1,1,1,1000,2,1,0.01814121288419316,0.15912579747060857,0.09185586126825715,0.01814121288419316,0.0,0.03703703703703736,1.2233606186634038,-2.534149843841321,1.7596622789832348,-1.2199335447094035,0.0606453741297639,0.15912579747060857,0.4950089081367337,0.33588311066612514,0.09185586126825715,0.4889425447350474,0.3970866834667902,0.01814121288419316,0.5518016669093811,0.533660454025188,0.0,0.37189327775378467,0.37189327775378467,0.03703703703703736,0.3658825543927727,0.3288455173557353,1447.0,0.47659854976928145,1731.0,0.5702043506921556,2431.0,0.8009228740936059,2692.0,0.8869479235332894,2516.0,0.8289386947923534,0.47659854976928145,WACC_0p1_WRT_0p9,0.7127224785761371,2677,False,,,False,False,False,False,False,1.0,0.0
IBDD,Electricity,173,0.74,31,0.7499999999999998,0.6419656258679005,0,19,199,1,423,28,1,0.22263668114980414,0.3342578694703253,0.2809984990279513,0.22263668114980414,0.1838357749346038,0.22222222222222254,1.2233606186634038,-2.534149843841321,1.7596622789832348,-1.2199335447094035,0.0606453741297639,0.3342578694703253,0.5258774027383297,0.1916195332680044,0.2809984990279513,0.46678343267103267,0.18578493364308135,0.22263668114980414,0.5063160036143923,0.28367932246458816,0.1838357749346038,0.292426119234576,0.10859034429997222,0.22222222222222254,0.27124489466375545,0.04902267244153291,1916.0,0.6311799604482531,1449.0,0.4772577455504285,2009.0,0.6618325642715887,1851.0,0.6097560975609756,1538.0,0.50659195781147,0.4772577455504285,WACC_0p3_WRT_0p7,0.5773236651285432,2678,False,,,False,False,False,False,False,19.0,0.04712041884816754
IBDD,Electricity,367,0.73,282,0.7142857142857141,0.2666670439240138,0,241,2420,3461,973,30,5,0.6770899095843512,0.7234563988936153,0.7013329108051045,0.6770899095843512,0.2537925325665231,0.2592592592592596,1.2233606186634038,-2.534149843841321,1.7596622789832348,-1.2199335447094035,0.0606453741297639,0.7234563988936153,0.6285296373843878,0.09492676150922752,0.7013329108051045,0.6169277348410499,0.08440517596405461,0.6770899095843512,0.6314221806531918,0.045667728931159446,0.2537925325665231,0.3471510163075597,0.09335848374103656,0.2592592592592596,0.2676585830082573,0.008399323748997711,2785.0,0.9176005273566249,2776.0,0.9146341463414634,2841.0,0.9360580092287409,2477.0,0.8160843770599868,1449.0,0.4772577455504285,0.4772577455504285,WACC_0p9_WRT_0p1,0.812326961107449,2679,False,,,False,False,False,False,False,241.0,0.6282722513089005
IBDD,Electricity,888,0.73,97,0.7142857142857141,0.4492584163869911,0,89,2271,249,884,27,10,0.45598798516380645,0.5341023830060834,0.49683057364657,0.45598798516380645,0.22270073803295595,0.2592592592592596,1.2233606186634038,-2.534149843841321,1.7596622789832348,-1.2199335447094035,0.0606453741297639,0.5341023830060834,0.6228972623214674,0.08879487931538399,0.49683057364657,0.5477533494527614,0.05092277580619142,0.45598798516380645,0.5446021758139181,0.08861419065011167,0.22270073803295595,0.31586475185898216,0.09316401382602621,0.2592592592592596,0.26773200249516593,0.008472743235906355,2757.0,0.9083717864205669,2352.0,0.7748846407382993,2371.0,0.7811470006591957,2157.0,0.7106130520764667,1452.0,0.478246539222149,0.478246539222149,WACC_0p9_WRT_0p1,0.7306526038233355,2680,False,,,False,False,False,False,False,89.0,0.23036649214659685
IBDD,Electricity,2648,0.72,104,0.6785714285714283,0.4373793521924517,0,97,2118,4077,628,98,90,0.47037247616302047,0.5464214125411612,0.5101351255444541,0.47037247616302047,0.2615657011313083,0.2962962962962967,1.2233606186634038,-2.534149843841321,1.7596622789832348,-1.2199335447094035,0.0606453741297639,0.5464214125411612,0.4956090161583497,0.05081239638281149,0.5101351255444541,0.47756170839612755,0.03257341714832651,0.47037247616302047,0.4724853073451649,0.002112831182144448,0.2615657011313083,0.2901258561709863,0.028560155039678015,0.2962962962962967,0.3370156127592528,0.04071931646295607,1453.0,0.47857613711272246,1593.0,0.5247198417930126,1530.0,0.503955174686882,1813.0,0.5972313777191826,2317.0,0.7633487145682267,0.47857613711272246,WACC_0p1_WRT_0p9,0.5735662491760053,2681,False,,,False,False,False,False,False,97.0,0.2513089005235602
IBDD,Electricity,925,0.73,308,0.7142857142857141,0.2515335533038855,0,257,4773,1733,704,117,8,0.6954152217509437,0.739150389166341,0.7182824202996482,0.6954152217509437,0.2608504832205296,0.2592592592592596,1.2233606186634038,-2.534149843841321,1.7596622789832348,-1.2199335447094035,0.0606453741297639,0.739150389166341,0.6095028009311905,0.12964758823515055,0.7182824202996482,0.5997298145296884,0.11855260576995974,0.6954152217509437,0.596465464256879,0.09894975749406476,0.2608504832205296,0.310933720510107,0.050083237289577365,0.2592592592592596,0.2677343734167445,0.00847511415748492,2696.0,0.8882663150955834,2710.0,0.8928806855636124,2714.0,0.8941990771259064,2107.0,0.6941331575477917,1453.0,0.47857613711272246,0.47857613711272246,WACC_0p9_WRT_0p1,0.7696110744891232,2682,False,,,False,False,False,False,False,257.0,0.6701570680628273
IBDD,Electricity,2471,0.73,127,0.7142857142857141,0.4032760431131678,0,119,1252,4314,361,208,84,0.5116685525593311,0.5817878071419,0.548330831713252,0.5116685525593311,0.22270073803295595,0.2592592592592596,1.2233606186634038,-2.534149843841321,1.7596622789832348,-1.2199335447094035,0.0606453741297639,0.5817878071419,0.5023154300218526,0.0794723771200474,0.548330831713252,0.49062370140186856,0.05770713031138347,0.5116685525593311,0.4771653773715968,0.03450317518773427,0.22270073803295595,0.27075269063244006,0.04805195259948411,0.2592592592592596,0.3109611902404727,0.05170193098121312,1555.0,0.5121951219512195,1753.0,0.5774555042847725,1609.0,0.5299934080421885,1455.0,0.4792353328938695,2111.0,0.6954515491100857,0.4792353328938695,WACC_0p7_WRT_0p3,0.5588661832564272,2683,False,,,False,False,False,False,False,119.0,0.3089005235602094
IBDD,Electricity,2705,0.74,622,0.7499999999999998,0.1308013399254231,0,332,1665,4180,312,23,7,0.8416112021932424,0.8643541660032649,0.8535024992835261,0.8416112021932424,0.3171575194333655,0.22222222222222254,1.2233606186634038,-2.534149843841321,1.7596622789832348,-1.2199335447094035,0.0606453741297639,0.8643541660032649,0.6628131054918428,0.20154106051142207,0.8535024992835261,0.6550239033854569,0.19847859589806915,0.8416112021932424,0.6680387749332769,0.17357242725996547,0.3171575194333655,0.3486910228609812,0.03153350342761568,0.22222222222222254,0.26780216963723324,0.0455799474150107,2908.0,0.9581410678971655,2911.0,0.9591298615688859,2941.0,0.9690177982860909,2490.0,0.8203691496374423,1456.0,0.47956493078444296,0.47956493078444296,WACC_0p9_WRT_0p1,0.8372445616348057,2684,False,,,False,False,False,False,False,332.0,0.8664921465968587
IBDD,Electricity,2510,0.73,113,0.7142857142857141,0.4232197495097513,0,105,3075,4122,904,222,93,0.48751849659073904,0.5611054449528504,0.5259938805490785,0.48751849659073904,0.22270073803295595,0.2592592592592596,1.2233606186634038,-2.534149843841321,1.7596622789832348,-1.2199335447094035,0.0606453741297639,0.5611054449528504,0.49586290249023135,0.06524254246261907,0.5259938805490785,0.479556006719221,0.04643787382985748,0.48751849659073904,0.47599972181404626,0.011518774776692775,0.22270073803295595,0.2800785098692012,0.057377771836245234,0.2592592592592596,0.31991190167892003,0.06065264241966045,1457.0,0.4798945286750165,1614.0,0.531641397495056,1577.0,0.5194462755438365,1649.0,0.5431773236651285,2196.0,0.7234673698088332,0.4798945286750165,WACC_0p1_WRT_0p9,0.5595253790375742,2685,False,,,False,False,False,False,False,105.0,0.27225130890052357
IBDD,Electricity,16,0.74,803,0.7499999999999998,0.0868868320988039,0,361,3133,3386,436,13,7,0.8947877683117501,0.9098951370827218,0.9026867480493397,0.8947877683117501,0.33763834814733185,0.22222222222222254,1.2233606186634038,-2.534149843841321,1.7596622789832348,-1.2199335447094035,0.0606453741297639,0.9098951370827218,0.677426107175173,0.2324690299075488,0.9026867480493397,0.6724765032418699,0.23021024480746977,0.8947877683117501,0.6620762566210981,0.23271151169065196,0.33763834814733185,0.37098757253733633,0.033349224390004484,0.22222222222222254,0.26782869032776224,0.0456064681055397,2947.0,0.970995385629532,2949.0,0.971654581410679,2925.0,0.963744232036915,2686.0,0.8849703361898484,1457.0,0.4798945286750165,0.4798945286750165,WACC_0p9_WRT_0p1,0.8542518127883982,2686,False,,,False,False,False,False,False,361.0,0.9424083769633508
IBDD,Electricity,763,0.74,387,0.7499999999999998,0.2123347787403755,0,269,2596,2783,367,32,3,0.7428814539940717,0.779800970195166,0.7621850478107793,0.7428814539940717,0.279131990343467,0.22222222222222254,1.2233606186634038,-2.534149843841321,1.7596622789832348,-1.2199335447094035,0.0606453741297639,0.779800970195166,0.62755774454116,0.15224322565400605,0.7621850478107793,0.63550071399703,0.12668433381374933,0.7428814539940717,0.622464960812861,0.12041649318121073,0.279131990343467,0.34292971499242303,0.06379772464895606,0.22222222222222254,0.26783643360439335,0.04561421138217081,2780.0,0.9159525379037574,2851.0,0.9393539881344759,2806.0,0.9245220830586685,2443.0,0.8048780487804879,1458.0,0.48022412656559,0.48022412656559,WACC_0p9_WRT_0p1,0.8129861568885959,2687,False,,,False,False,False,False,False,269.0,0.7015706806282722
IBDD,Electricity,1752,0.74,106,0.7499999999999998,0.4341306116852848,0,92,600,4021,858,245,69,0.47430641218852043,0.5497904767708157,0.513773714912481,0.47430641218852043,0.1838357749346038,0.22222222222222254,1.2233606186634038,-2.534149843841321,1.7596622789832348,-1.2199335447094035,0.0606453741297639,0.5497904767708157,0.49635603552273816,0.05343444124807756,0.513773714912481,0.4723627623347689,0.0414109525777121,0.47430641218852043,0.4765795038690183,0.002273091680497885,0.1838357749346038,0.28831936146857146,0.10448358653396767,0.22222222222222254,0.3245390483474189,0.10231682612519638,1459.0,0.48055372445616346,1519.0,0.5003295978905735,1590.0,0.523731048121292,1779.0,0.5860250494396836,2232.0,0.7353328938694792,0.48055372445616346,WACC_0p1_WRT_0p9,0.5651944627554384,2688,False,,,False,False,False,False,False,92.0,0.23821989528795812
IBDD,Electricity,1940,0.71,112,0.6428571428571426,0.4247367473289887,0,108,547,4962,930,213,180,0.4856815470533606,0.5595322620291968,0.5242948429915326,0.4856815470533606,0.3004306642296604,0.3333333333333337,1.2233606186634038,-2.534149843841321,1.7596622789832348,-1.2199335447094035,0.0606453741297639,0.5595322620291968,0.5012908701395757,0.058241391889621075,0.5242948429915326,0.4674937382353872,0.056801104756145415,0.4856815470533606,0.49775019943439947,0.01206865238103888,0.3004306642296604,0.45247803003224124,0.15204736580258083,0.3333333333333337,0.47404482429140576,0.14071149095807206,1536.0,0.505932762030323,1459.0,0.48055372445616346,1907.0,0.6282135794330916,2962.0,0.9759393539881345,2926.0,0.9640738299274885,0.48055372445616346,WACC_0p3_WRT_0p7,0.7109426499670402,2689,False,,,False,False,False,False,False,108.0,0.2801047120418848
IBDD,Electricity,2581,0.73,115,0.7142857142857141,0.4202252716212888,0,107,795,4192,222,176,69,0.4911445431823328,0.5642108294297744,0.5293476957841564,0.4911445431823328,0.22270073803295595,0.2592592592592596,1.2233606186634038,-2.534149843841321,1.7596622789832348,-1.2199335447094035,0.0606453741297639,0.5642108294297744,0.49645508303011004,0.06775574639966436,0.5293476957841564,0.4764923370513672,0.05285535873278924,0.4911445431823328,0.48411185211918195,0.007032691063150853,0.22270073803295595,0.27780868407555975,0.0551079460426038,0.2592592592592596,0.31900092334776403,0.059741664088504454,1460.0,0.480883322346737,1569.0,0.5168094924192486,1712.0,0.5639419907712591,1604.0,0.528345418589321,2190.0,0.7214897824653922,0.480883322346737,WACC_0p1_WRT_0p9,0.5622940013183916,2690,False,,,False,False,False,False,False,107.0,0.2774869109947644
IBDD,Electricity,2343,0.73,134,0.7142857142857141,0.3941085017086084,0,126,3594,4530,453,203,91,0.5227696304438523,0.5912948871169988,0.5585984780863587,0.5227696304438523,0.22270073803295595,0.2592592592592596,1.2233606186634038,-2.534149843841321,1.7596622789832348,-1.2199335447094035,0.0606453741297639,0.5912948871169988,0.5161143574380078,0.07518052967899103,0.5585984780863587,0.5031190902364977,0.05547938784986095,0.5227696304438523,0.4944264298518641,0.028343200591988194,0.22270073803295595,0.27101396760107765,0.0483132295681217,0.2592592592592596,0.30767927047200894,0.04842001121274936,1772.0,0.5837178642056691,1904.0,0.6272247857613711,1867.0,0.6150296638101516,1462.0,0.48154251812788396,2069.0,0.6816084377059987,0.48154251812788396,WACC_0p7_WRT_0p3,0.597824653922215,2691,False,,,False,False,False,False,False,126.0,0.32722513089005234
IBDD,Electricity,724,0.74,633,0.7499999999999998,0.1277878031329478,0,335,3023,768,620,24,1,0.845260327423754,0.8674793152695357,0.8568776604910985,0.845260327423754,0.31856297138818646,0.22222222222222254,1.2233606186634038,-2.534149843841321,1.7596622789832348,-1.2199335447094035,0.0606453741297639,0.8674793152695357,0.718761127318847,0.1487181879506887,0.8568776604910985,0.679461937710758,0.17741572278034046,0.845260327423754,0.6745021981775874,0.17075812924616662,0.31856297138818646,0.35012506092676915,0.031562089538582694,0.22222222222222254,0.26801539921128614,0.0457931769890636,3011.0,0.992089650626236,2963.0,0.976268951878708,2952.0,0.9726433750823995,2511.0,0.8272907053394858,1462.0,0.48154251812788396,0.48154251812788396,WACC_0p9_WRT_0p1,0.8499670402109427,2692,False,,,False,False,False,False,False,335.0,0.8743455497382199
IBDD,Electricity,1974,0.73,136,0.7142857142857141,0.391576424623955,0,128,1327,4909,652,222,79,0.5258357507574586,0.593920744834417,0.5614344044211703,0.5258357507574586,0.22270073803295595,0.2592592592592596,1.2233606186634038,-2.534149843841321,1.7596622789832348,-1.2199335447094035,0.0606453741297639,0.593920744834417,0.522262530021672,0.07165821481274504,0.5614344044211703,0.5043224590404106,0.0571119453807597,0.5258357507574586,0.4977338045616028,0.028101946195855765,0.22270073803295595,0.2711802652635051,0.04847952723054913,0.2592592592592596,0.31280752987251903,0.05354827061325945,1861.0,0.6130520764667106,1926.0,0.6344759393539882,1906.0,0.6278839815425181,1465.0,0.48253131179960446,2125.0,0.7000659195781147,0.48253131179960446,WACC_0p7_WRT_0p3,0.6116018457481871,2693,False,,,False,False,False,False,False,128.0,0.3324607329842932
IBDD,Electricity,933,0.75,1181,0.7857142857142856,0.0205355881273533,0,50,3780,37,439,21,2,0.9751332278583636,0.9787038345345964,0.9770001412973643,0.9751332278583636,0.3685832119290941,0.18518518518518542,1.2233606186634038,-2.534149843841321,1.7596622789832348,-1.2199335447094035,0.0606453741297639,0.9787038345345964,0.7756447249788229,0.20305910955577355,0.9770001412973643,0.7487615351949809,0.22823860610238345,0.9751332278583636,0.7295298301392092,0.2456033977191544,0.3685832119290941,0.35262923462894125,0.015953977300152855,0.18518518518518542,0.26834623325569,0.08316104807050459,3034.0,0.9996704021094265,3033.0,0.999340804218853,3022.0,0.9957152274225445,2540.0,0.8368490441661174,1465.0,0.48253131179960446,0.48253131179960446,WACC_0p9_WRT_0p1,0.862821357943309,2694,False,,,False,False,False,False,False,50.0,0.12827225130890052
IBDD,Electricity,448,0.75,973,0.7857142857142856,0.0538609930291995,0,48,4041,3678,420,20,7,0.9347791242854466,0.9441441553771265,0.9396756878072965,0.9347791242854466,0.3530409243481193,0.18518518518518542,1.2233606186634038,-2.534149843841321,1.7596622789832348,-1.2199335447094035,0.0606453741297639,0.9441441553771265,0.6917110480267756,0.25243310735035085,0.9396756878072965,0.7241764960948198,0.21549919171247667,0.9347791242854466,0.726234275647449,0.2085448486379976,0.3530409243481193,0.3584720345248697,0.005431110176750409,0.18518518518518542,0.2683633852599691,0.08317820007478369,2979.0,0.981542518127884,3017.0,0.994067237969677,3019.0,0.994726433750824,2593.0,0.8543177323665129,1466.0,0.482860909690178,0.482860909690178,WACC_0p9_WRT_0p1,0.8615029663810152,2695,False,,,False,False,False,False,False,48.0,0.12303664921465969
IBDD,Electricity,2983,0.75,119,0.7857142857142856,0.41438816555554,0,34,227,3887,786,60,23,0.498212759860783,0.5702641246090697,0.5358852545777952,0.498212759860783,0.18489842127384554,0.18518518518518542,1.2233606186634038,-2.534149843841321,1.7596622789832348,-1.2199335447094035,0.0606453741297639,0.5702641246090697,0.5173445451042787,0.05291957950479098,0.5358852545777952,0.4892992016223959,0.04658605295539936,0.498212759860783,0.49404402841616957,0.004168731444613438,0.18489842127384554,0.276320932403973,0.09142251113012745,0.18518518518518542,0.26837097236647767,0.08318578718129224,1795.0,0.5912986156888596,1737.0,0.5721819380355966,1862.0,0.6133816743572841,1575.0,0.5187870797626896,1467.0,0.4831905075807515,0.4831905075807515,WACC_0p9_WRT_0p1,0.5557679630850363,2696,False,,,False,False,False,False,False,34.0,0.08638743455497382
IBDD,Electricity,222,0.75,39,0.7857142857142856,0.6035451845450552,0,17,1,1160,2,22,2,0.2691604210121032,0.3741012901014241,0.32402939330953806,0.2691604210121032,0.14497081183625146,0.18518518518518542,1.2233606186634038,-2.534149843841321,1.7596622789832348,-1.2199335447094035,0.0606453741297639,0.3741012901014241,0.5135338944626239,0.13943260436119975,0.32402939330953806,0.46818852087389395,0.1441591275643559,0.2691604210121032,0.5095714059635713,0.24041098495146812,0.14497081183625146,0.3851711212268502,0.24020030939059875,0.18518518518518542,0.38057418336837584,0.19538899818319042,1729.0,0.5695451549110085,1467.0,0.4831905075807515,2046.0,0.6740276862228082,2769.0,0.9123269611074489,2606.0,0.8586025049439684,0.4831905075807515,WACC_0p3_WRT_0p7,0.6995385629531972,2697,False,,,False,False,False,False,False,17.0,0.041884816753926704
IBDD,Electricity,908,0.74,471,0.7499999999999998,0.1785924011490298,0,292,4537,3365,241,77,5,0.783740474435927,0.8147930654750802,0.7999765107130865,0.783740474435927,0.2948687454627268,0.22222222222222254,1.2233606186634038,-2.534149843841321,1.7596622789832348,-1.2199335447094035,0.0606453741297639,0.8147930654750802,0.6624027802754106,0.15239028519966968,0.7999765107130865,0.6781163048492135,0.12186020586387303,0.783740474435927,0.6918245582240133,0.09191591621191364,0.2948687454627268,0.3521674808076213,0.05729873534489449,0.22222222222222254,0.2684067576532372,0.04618453543101464,2906.0,0.9574818721160184,2959.0,0.974950560316414,2976.0,0.9805537244561635,2536.0,0.8355306526038233,1468.0,0.48352010547132496,0.48352010547132496,WACC_0p9_WRT_0p1,0.846407382992749,2698,False,,,False,False,False,False,False,292.0,0.7617801047120419
IBDD,Electricity,1464,0.71,96,0.6428571428571426,0.4510243614951085,0,93,4572,3971,430,160,122,0.45384958258454444,0.5322710325235911,0.4948527151254784,0.45384958258454444,0.3004306642296604,0.3333333333333337,1.2233606186634038,-2.534149843841321,1.7596622789832348,-1.2199335447094035,0.0606453741297639,0.5322710325235911,0.49700193621607486,0.035269096307516234,0.4948527151254784,0.4730094145197062,0.02184330060577222,0.45384958258454444,0.47960886183095774,0.025759279246413302,0.3004306642296604,0.3064843762338366,0.006053712004176204,0.3333333333333337,0.34958947364827786,0.016256140314944156,1469.0,0.4838497033618985,1524.0,0.501977587343441,1640.0,0.540210942649967,2042.0,0.6727092946605142,2407.0,0.7930125247198417,0.4838497033618985,WACC_0p1_WRT_0p9,0.5983520105471325,2699,False,,,False,False,False,False,False,93.0,0.24083769633507854
IBDD,Electricity,1256,0.73,125,0.7142857142857141,0.405987565903148,0,117,1527,4193,897,210,120,0.5083851394446378,0.5789758575819206,0.5452939261884742,0.5083851394446378,0.22270073803295595,0.2592592592592596,1.2233606186634038,-2.534149843841321,1.7596622789832348,-1.2199335447094035,0.0606453741297639,0.5789758575819206,0.5003723544039789,0.07860350317794174,0.5452939261884742,0.47153999563590676,0.0737539305525674,0.5083851394446378,0.4682754044182679,0.040109735026369886,0.22270073803295595,0.3233924594105809,0.10069172137762497,0.2592592592592596,0.366555530699294,0.1072962714400344,1522.0,0.501318391562294,1506.0,0.496044825313118,1469.0,0.4838497033618985,2238.0,0.7373104812129202,2523.0,0.8312458800263678,0.4838497033618985,WACC_0p5_WRT_0p5,0.6099538562953197,2700,False,,,False,False,False,False,False,117.0,0.3036649214659686
IBDD,Electricity,2742,0.72,107,0.6785714285714283,0.4325289430314537,0,100,2318,4329,864,233,98,0.47624589058155303,0.5514514664858998,0.5155675838047717,0.47624589058155303,0.2615657011313083,0.2962962962962967,1.2233606186634038,-2.534149843841321,1.7596622789832348,-1.2199335447094035,0.0606453741297639,0.5514514664858998,0.49701644917133064,0.05443501731456918,0.5155675838047717,0.4795605702675316,0.03600701353724012,0.47624589058155303,0.4811481967790444,0.0049023061974913795,0.2615657011313083,0.30364262041115625,0.04207691927984797,0.2962962962962967,0.3557060442525553,0.059409747956258585,1470.0,0.484179301252472,1615.0,0.5319709953856295,1665.0,0.5484508899143046,2007.0,0.6611733684904416,2454.0,0.8085036255767963,0.484179301252472,WACC_0p1_WRT_0p9,0.6068556361239288,2701,False,,,False,False,False,False,False,100.0,0.2591623036649215
IBDD,Electricity,2625,0.71,115,0.6428571428571426,0.4202252716212888,0,111,248,4732,464,232,88,0.4911445431823328,0.5642108294297744,0.5293476957841564,0.4911445431823328,0.3004306642296604,0.3333333333333337,1.2233606186634038,-2.534149843841321,1.7596622789832348,-1.2199335447094035,0.0606453741297639,0.5642108294297744,0.497341078093682,0.06686975133609241,0.5293476957841564,0.47262354280233854,0.05672415298181788,0.4911445431823328,0.48047388473366576,0.010670658448667047,0.3004306642296604,0.33111287301621045,0.030682208786550036,0.3333333333333337,0.3488371401547534,0.015503806821419719,1471.0,0.48450889914304546,1523.0,0.5016479894528675,1657.0,0.5458141067897165,2335.0,0.7692814765985497,2401.0,0.7910349373764007,0.48450889914304546,WACC_0p1_WRT_0p9,0.618457481872116,2702,False,,,False,False,False,False,False,111.0,0.2879581151832461
IBDD,Electricity,1663,0.74,593,0.7499999999999998,0.1390085895982867,0,326,1696,4719,708,40,4,0.8316729522508035,0.8558429441202953,0.8443103796499188,0.8316729522508035,0.3133298259652678,0.22222222222222254,1.2233606186634038,-2.534149843841321,1.7596622789832348,-1.2199335447094035,0.0606453741297639,0.8558429441202953,0.666687925538305,0.18915501858199024,0.8443103796499188,0.6544963047591333,0.1898140748907855,0.8316729522508035,0.6736802890278552,0.15799266322294836,0.3133298259652678,0.348877183636035,0.035547357670767166,0.22222222222222254,0.26845664519382245,0.04623442297159991,2919.0,0.961766644693474,2908.0,0.9581410678971655,2951.0,0.972313777191826,2497.0,0.8226763348714569,1471.0,0.48450889914304546,0.48450889914304546,WACC_0p9_WRT_0p1,0.8398813447593936,2703,False,,,False,False,False,False,False,326.0,0.8507853403141361
IBDD,Electricity,1193,0.74,118,0.7499999999999998,0.4158289952077859,0,104,3516,3760,537,249,88,0.4964680432042589,0.5687699308956294,0.5342715253672798,0.4964680432042589,0.18422644777865899,0.22222222222222254,1.2233606186634038,-2.534149843841321,1.7596622789832348,-1.2199335447094035,0.0606453741297639,0.5687699308956294,0.5016484566544438,0.06712147424118564,0.5342715253672798,0.48232694162165757,0.051944583745622275,0.4964680432042589,0.47446676060724363,0.02200128259701528,0.18422644777865899,0.2715568294761628,0.08733038169750379,0.22222222222222254,0.3085380577750938,0.08631583555287126,1541.0,0.5075807514831905,1646.0,0.542188529993408,1558.0,0.51318391562294,1472.0,0.484838497033619,2086.0,0.6872116018457481,0.484838497033619,WACC_0p7_WRT_0p3,0.547000659195781,2704,False,,,False,False,False,False,False,104.0,0.2696335078534031
IBDD,Electricity,1521,0.73,112,0.7142857142857141,0.4247367473289887,0,104,2355,4216,398,231,75,0.4856815470533606,0.5595322620291968,0.5242948429915326,0.4856815470533606,0.22270073803295595,0.2592592592592596,1.2233606186634038,-2.534149843841321,1.7596622789832348,-1.2199335447094035,0.0606453741297639,0.5595322620291968,0.49743804687579485,0.062094215153401966,0.5242948429915326,0.48006797098384235,0.044226872007690265,0.4856815470533606,0.4769908092187683,0.008690737834592288,0.22270073803295595,0.2743070898135113,0.051606351780555365,0.2592592592592596,0.3129494164248918,0.053690157165632246,1472.0,0.484838497033619,1623.0,0.5346077785102176,1604.0,0.528345418589321,1533.0,0.5049439683586026,2126.0,0.7003955174686882,0.484838497033619,WACC_0p1_WRT_0p9,0.5506262359920897,2705,False,,,False,False,False,False,False,104.0,0.2696335078534031
IBDD,Electricity,1131,0.71,109,0.6428571428571426,0.4293696224892548,0,105,2656,4744,249,223,152,0.4800715469765898,0.554727798900032,0.5191060228120346,0.4800715469765898,0.3004306642296604,0.3333333333333337,1.2233606186634038,-2.534149843841321,1.7596622789832348,-1.2199335447094035,0.0606453741297639,0.554727798900032,0.5045380014016306,0.050189797498401356,0.5191060228120346,0.46862226094271797,0.05048376186931658,0.4800715469765898,0.4772437842246695,0.0028277627519203152,0.3004306642296604,0.390145975164217,0.08971531093455659,0.3333333333333337,0.41390155722955774,0.08056822389622403,1580.0,0.520435069215557,1473.0,0.4851680949241925,1611.0,0.5306526038233356,2792.0,0.9199077125906394,2747.0,0.9050758075148319,0.4851680949241925,WACC_0p3_WRT_0p7,0.6722478576137114,2706,False,,,False,False,False,False,False,105.0,0.27225130890052357
IBDD,Electricity,644,0.74,163,0.7499999999999998,0.3606040737154633,0,149,169,4489,455,52,10,0.5633405150698275,0.6260402198506306,0.596123437438681,0.5633405150698275,0.20998222220956114,0.22222222222222254,1.2233606186634038,-2.534149843841321,1.7596622789832348,-1.2199335447094035,0.0606453741297639,0.6260402198506306,0.5539727714429511,0.07206744840767954,0.596123437438681,0.5340786480526178,0.06204478938606317,0.5633405150698275,0.5593614054769288,0.003979109592898711,0.20998222220956114,0.2888255493829836,0.07884332717342246,0.22222222222222254,0.2686861011647463,0.04646387894252374,2244.0,0.7392880685563612,2234.0,0.7359920896506262,2483.0,0.8180619644034278,1790.0,0.5896506262359921,1476.0,0.486156888595913,0.486156888595913,WACC_0p9_WRT_0p1,0.673829927488464,2707,False,,,False,False,False,False,False,149.0,0.387434554973822
IBDD,Electricity,2490,0.71,115,0.6428571428571426,0.4202252716212888,0,111,1173,4946,350,179,170,0.4911445431823328,0.5642108294297744,0.5293476957841564,0.4911445431823328,0.3004306642296604,0.3333333333333337,1.2233606186634038,-2.534149843841321,1.7596622789832348,-1.2199335447094035,0.0606453741297639,0.5642108294297744,0.5008303426358582,0.06338048679391617,0.5293476957841564,0.46880970035599756,0.06053799542815885,0.4911445431823328,0.4860294481309135,0.005115095051419327,0.3004306642296604,0.42980355617747584,0.12937289194781543,0.3333333333333337,0.4672386862268488,0.13390535289351507,1527.0,0.5029663810151616,1476.0,0.486156888595913,1739.0,0.5728411338167436,2910.0,0.9588002636783125,2909.0,0.958470665787739,0.486156888595913,WACC_0p3_WRT_0p7,0.6958470665787739,2708,False,,,False,False,False,False,False,111.0,0.2879581151832461
IBDD,Electricity,2377,0.74,114,0.7499999999999998,0.4217160007489388,0,100,541,4117,290,83,75,0.4893394026958622,0.5626648881122115,0.5276780791611885,0.4893394026958622,0.1838357749346038,0.22222222222222254,1.2233606186634038,-2.534149843841321,1.7596622789832348,-1.2199335447094035,0.0606453741297639,0.5626648881122115,0.4976499963092075,0.06501489180300402,0.5276780791611885,0.47742552493528934,0.05025255422589914,0.4893394026958622,0.47728247890922354,0.01205692378663864,0.1838357749346038,0.2777773943186027,0.09394161938399892,0.22222222222222254,0.3115387020826727,0.08931647986045016,1477.0,0.4864864864864865,1591.0,0.5240606460118655,1613.0,0.5313117996044825,1600.0,0.527027027027027,2116.0,0.6970995385629531,0.4864864864864865,WACC_0p1_WRT_0p9,0.5531970995385629,2709,False,,,False,False,False,False,False,100.0,0.2591623036649215
IBDD,Electricity,1384,0.71,113,0.6428571428571426,0.4232197495097513,0,109,3463,4759,749,218,168,0.48751849659073904,0.5611054449528504,0.5259938805490785,0.48751849659073904,0.3004306642296604,0.3333333333333337,1.2233606186634038,-2.534149843841321,1.7596622789832348,-1.2199335447094035,0.0606453741297639,0.5611054449528504,0.49916314575903975,0.06194229919381067,0.5259938805490785,0.46900052588757046,0.05699335466150801,0.48751849659073904,0.4834070849049944,0.004111411685744637,0.3004306642296604,0.40206525187736675,0.10163458764770633,0.3333333333333337,0.4259613348988662,0.09262800156553247,1503.0,0.4950560316413975,1477.0,0.4864864864864865,1703.0,0.5609756097560976,2839.0,0.9353988134475939,2786.0,0.9179301252471984,0.4864864864864865,WACC_0p3_WRT_0p7,0.6791694133157549,2710,False,,,False,False,False,False,False,109.0,0.28272251308900526
IBDD,Electricity,2280,0.74,620,0.7499999999999998,0.1313549678579707,0,331,4860,1746,580,40,6,0.8409408079700756,0.8637800333324748,0.8528824359990727,0.8409408079700756,0.31689931868334137,0.22222222222222254,1.2233606186634038,-2.534149843841321,1.7596622789832348,-1.2199335447094035,0.0606453741297639,0.8637800333324748,0.7186362500597046,0.14514378327277022,0.8528824359990727,0.71922637000268,0.13365606599639268,0.8409408079700756,0.7073261460066819,0.13361466196339378,0.31689931868334137,0.3567808130403035,0.039881494356962144,0.22222222222222254,0.2687298738149367,0.04650765159271414,3010.0,0.9917600527356625,3013.0,0.992748846407383,3001.0,0.988793671720501,2574.0,0.8480553724456164,1477.0,0.4864864864864865,0.4864864864864865,WACC_0p9_WRT_0p1,0.86156888595913,2711,False,,,False,False,False,False,False,331.0,0.8638743455497382
IBDD,Electricity,280,0.74,27,0.7499999999999998,0.6649568125048124,0,15,2196,1,1000,52,5,0.19479639745204147,0.31041515740241665,0.25524836999461,0.19479639745204147,0.1838357749346038,0.22222222222222254,1.2233606186634038,-2.534149843841321,1.7596622789832348,-1.2199335447094035,0.0606453741297639,0.31041515740241665,0.5453104768927676,0.23489531949035092,0.25524836999461,0.501562497689569,0.24631412769495897,0.19479639745204147,0.5025000995469544,0.30770370209491293,0.1838357749346038,0.31381091649707415,0.12997514156247036,0.22222222222222254,0.2687490427248757,0.046526820502653166,2151.0,0.7086354647330257,1890.0,0.6226104152933422,1959.0,0.6453526697429136,2137.0,0.7040210942649967,1478.0,0.48681608437706,0.48681608437706,WACC_0p9_WRT_0p1,0.6334871456822676,2712,False,,,False,False,False,False,False,15.0,0.03664921465968586
IBDD,Electricity,1856,0.72,127,0.6785714285714283,0.4032760431131678,0,120,4105,4267,219,231,86,0.5116685525593311,0.5817878071419,0.548330831713252,0.5116685525593311,0.2615657011313083,0.2962962962962967,1.2233606186634038,-2.534149843841321,1.7596622789832348,-1.2199335447094035,0.0606453741297639,0.5817878071419,0.5179776414965744,0.0638101656453256,0.548330831713252,0.506541222803788,0.04178960890946404,0.5116685525593311,0.4978544732632401,0.013814079296090964,0.2615657011313083,0.2717549158963757,0.0101892147650674,0.2962962962962967,0.2893425693786566,0.006953726917640124,1807.0,0.5952537903757416,1961.0,0.6460118655240606,1909.0,0.6288727752142387,1480.0,0.487475280158207,1855.0,0.6110744891232696,0.487475280158207,WACC_0p7_WRT_0p3,0.5937376400791035,2713,False,,,False,False,False,False,False,120.0,0.31151832460732987
IBDD,Electricity,1020,0.74,536,0.7499999999999998,0.1563781311209712,0,309,4849,2013,798,55,3,0.8106399811680826,0.8378300862449187,0.8248564931445121,0.8106399811680826,0.30522902688149467,0.22222222222222254,1.2233606186634038,-2.534149843841321,1.7596622789832348,-1.2199335447094035,0.0606453741297639,0.8378300862449187,0.7100723097369791,0.12775777650793962,0.8248564931445121,0.7014072270694918,0.12344926607502038,0.8106399811680826,0.6987490794484591,0.11189090171962346,0.30522902688149467,0.3694831180284749,0.06425409114698022,0.22222222222222254,0.26879255999135193,0.04657033776912939,3002.0,0.9891232696110744,2995.0,0.98681608437706,2989.0,0.984838497033619,2676.0,0.8816743572841134,1480.0,0.487475280158207,0.487475280158207,WACC_0p9_WRT_0p1,0.8659854976928149,2714,False,,,False,False,False,False,False,309.0,0.806282722513089
IBDD,Electricity,1423,0.74,125,0.7499999999999998,0.405987565903148,0,111,1872,4041,700,238,98,0.5083851394446378,0.5789758575819206,0.5452939261884742,0.5083851394446378,0.18881628921977647,0.22222222222222254,1.2233606186634038,-2.534149843841321,1.7596622789832348,-1.2199335447094035,0.0606453741297639,0.5789758575819206,0.4977836084355215,0.08119224914639911,0.5452939261884742,0.4718757078869178,0.07341821830155637,0.5083851394446378,0.47662911234252126,0.03175602710211656,0.18881628921977647,0.29477192337230107,0.1059556341525246,0.22222222222222254,0.3413757444057234,0.11915352218350084,1481.0,0.4878048780487805,1514.0,0.498681608437706,1593.0,0.5247198417930126,1874.0,0.6173368490441661,2350.0,0.7742254449571523,0.4878048780487805,WACC_0p1_WRT_0p9,0.5805537244561635,2715,False,,,False,False,False,False,False,111.0,0.2879581151832461
IBDD,Electricity,2499,0.71,110,0.6428571428571426,0.427811438654111,0,106,2264,4659,916,202,147,0.4819583691188635,0.5563436932475886,0.5208511887073957,0.4819583691188635,0.3004306642296604,0.3333333333333337,1.2233606186634038,-2.534149843841321,1.7596622789832348,-1.2199335447094035,0.0606453741297639,0.5563436932475886,0.5016918751401065,0.0546518181074821,0.5208511887073957,0.4693777276402495,0.051473461067146176,0.4819583691188635,0.4759780821709838,0.0059802869478797205,0.3004306642296604,0.3727325408464243,0.0723018766167639,0.3333333333333337,0.4220627238454786,0.0887293905121449,1544.0,0.508569545154911,1481.0,0.4878048780487805,1575.0,0.5187870797626896,2699.0,0.8892551087673038,2773.0,0.9136453526697429,0.4878048780487805,WACC_0p3_WRT_0p7,0.6636123928806856,2716,False,,,False,False,False,False,False,106.0,0.27486910994764396
IBDD,Electricity,495,0.73,484,0.7142857142857141,0.1739143374175302,0,314,3891,1167,297,55,9,0.7894051938563708,0.819644390826265,0.8052159420923661,0.7894051938563708,0.2970504987542844,0.2592592592592596,1.2233606186634038,-2.534149843841321,1.7596622789832348,-1.2199335447094035,0.0606453741297639,0.819644390826265,0.6762156829409611,0.14342870788530382,0.8052159420923661,0.6654395964054499,0.13977634568691621,0.7894051938563708,0.6495416485549348,0.13986354530143597,0.2970504987542844,0.3396991276583413,0.04264862890405691,0.2592592592592596,0.2688286031235942,0.009569343864334612,2944.0,0.9700065919578115,2935.0,0.9670402109426499,2892.0,0.9528675016479895,2411.0,0.7943309162821358,1481.0,0.4878048780487805,0.4878048780487805,WACC_0p9_WRT_0p1,0.8344100197758735,2717,False,,,False,False,False,False,False,314.0,0.819371727748691
IBDD,Electricity,569,0.74,617,0.7499999999999998,0.1321887619265191,0,329,1913,4003,1000,42,4,0.8399311574557073,0.8629153580021284,0.8519485866422986,0.8399311574557073,0.31651045417487234,0.22222222222222254,1.2233606186634038,-2.534149843841321,1.7596622789832348,-1.2199335447094035,0.0606453741297639,0.8629153580021284,0.6411714588949314,0.22174389910719694,0.8519485866422986,0.6440001847011954,0.2079484019411032,0.8399311574557073,0.6443641739654286,0.1955669834902788,0.31651045417487234,0.3393779801079103,0.02286752593303798,0.22222222222222254,0.26891786105934423,0.04669563883712169,2833.0,0.9334212261041529,2887.0,0.9512195121951219,2874.0,0.9469347396176665,2407.0,0.7930125247198417,1483.0,0.4884640738299275,0.4884640738299275,WACC_0p9_WRT_0p1,0.822610415293342,2718,False,,,False,False,False,False,False,329.0,0.8586387434554974
IBDD,Electricity,2764,0.74,188,0.7499999999999998,0.336175338290999,0,172,1688,4603,840,79,49,0.5929215425885541,0.6513737232537788,0.6234836211140811,0.5929215425885541,0.2213752850192957,0.22222222222222254,1.2233606186634038,-2.534149843841321,1.7596622789832348,-1.2199335447094035,0.0606453741297639,0.6513737232537788,0.5424051623345425,0.10896856091923635,0.6234836211140811,0.5319050500966618,0.09157857101741929,0.5929215425885541,0.5160140537054264,0.0769074888831277,0.2213752850192957,0.2719560716703203,0.05058078665102461,0.22222222222222254,0.28719509790250425,0.0649728756802817,2127.0,0.7007251153592617,2202.0,0.7254449571522742,2118.0,0.6977587343441002,1484.0,0.488793671720501,1815.0,0.5978905735003296,0.488793671720501,WACC_0p7_WRT_0p3,0.6421226104152933,2719,False,,,False,False,False,False,False,172.0,0.4476439790575916
IBDD,Electricity,2600,0.74,102,0.7499999999999998,0.4406905722934009,0,88,2453,3922,966,70,65,0.46636288290226385,0.5429875546586953,0.506426559031391,0.46636288290226385,0.1838357749346038,0.22222222222222254,1.2233606186634038,-2.534149843841321,1.7596622789832348,-1.2199335447094035,0.0606453741297639,0.5429875546586953,0.5106301394164331,0.03235741524226221,0.506426559031391,0.48555328456548863,0.02087327446590237,0.46636288290226385,0.4800170086548792,0.01365412575261532,0.1838357749346038,0.27203998237989135,0.08820420744528756,0.22222222222222254,0.3156464529073073,0.09342423068508476,1684.0,0.5547132498352011,1683.0,0.5543836519446276,1646.0,0.542188529993408,1485.0,0.4891232696110745,2161.0,0.7119314436387607,0.4891232696110745,WACC_0p7_WRT_0p3,0.5704680290046145,2720,False,,,False,False,False,False,False,88.0,0.22774869109947643
IBDD,Electricity,665,0.75,652,0.7857142857142856,0.1227036969506323,0,44,3773,3496,767,57,1,0.8514167281655046,0.8727517216808257,0.8625718594152918,0.8514167281655046,0.32093409457815203,0.18518518518518542,1.2233606186634038,-2.534149843841321,1.7596622789832348,-1.2199335447094035,0.0606453741297639,0.8727517216808257,0.6870259048818532,0.1857258167989725,0.8625718594152918,0.6878625002138737,0.17470935920141806,0.8514167281655046,0.717909508658441,0.13350721950706357,0.32093409457815203,0.37303574088075614,0.05210164630260411,0.18518518518518542,0.26903794561562494,0.08385276043043952,2970.0,0.9785761371127225,2973.0,0.979564930784443,3011.0,0.992089650626236,2701.0,0.8899143045484509,1485.0,0.4891232696110745,0.4891232696110745,WACC_0p9_WRT_0p1,0.8658536585365854,2721,False,,,False,False,False,False,False,44.0,0.112565445026178
IBDD,Electricity,629,0.74,290,0.7499999999999998,0.261867342505593,0,229,612,3965,594,31,6,0.6829019214332244,0.7284338670312368,0.7067085763937357,0.6829019214332244,0.25603101518864346,0.22222222222222254,1.2233606186634038,-2.534149843841321,1.7596622789832348,-1.2199335447094035,0.0606453741297639,0.7284338670312368,0.6125356699337877,0.11589819709744908,0.7067085763937357,0.5957704895301095,0.11093808686362627,0.6829019214332244,0.6146517716421531,0.06825014979107125,0.25603101518864346,0.33881474293119296,0.0827837277425495,0.22222222222222254,0.2690660872461336,0.04684386502391108,2708.0,0.8922214897824654,2694.0,0.8876071193144364,2778.0,0.9152933421226104,2397.0,0.7897165458141068,1486.0,0.489452867501648,0.489452867501648,WACC_0p9_WRT_0p1,0.7948582729070534,2722,False,,,False,False,False,False,False,229.0,0.5968586387434555
IBDD,Electricity,3016,0.68,108,0.5357142857142857,0.4309420365106688,0,106,3257,4486,282,155,117,0.478167493343437,0.5530971473222692,0.5173449191080508,0.478167493343437,0.4170255535247168,0.44444444444444453,1.2233606186634038,-2.534149843841321,1.7596622789832348,-1.2199335447094035,0.0606453741297639,0.5530971473222692,0.5072709084738998,0.04582623884836945,0.5173449191080508,0.48218962051020575,0.03515529859784505,0.478167493343437,0.4690681189851862,0.009099374358250811,0.4170255535247168,0.30580547787696494,0.11122007564775188,0.44444444444444453,0.34643061916014345,0.09801382528430108,1629.0,0.5365853658536586,1643.0,0.5411997363216875,1487.0,0.4897824653922215,2030.0,0.6687541199736322,2384.0,0.7854317732366513,0.4897824653922215,WACC_0p5_WRT_0p5,0.6043506921555701,2723,False,,,False,False,False,False,False,106.0,0.27486910994764396
IBDD,Electricity,791,0.73,226,0.7142857142857141,0.3046317863341556,0,208,3811,4674,556,11,10,0.6311179806055346,0.6840855549127274,0.6588123993057456,0.6311179806055346,0.2360865528128198,0.2592592592592596,1.2233606186634038,-2.534149843841321,1.7596622789832348,-1.2199335447094035,0.0606453741297639,0.6840855549127274,0.6799770976131282,0.004108457299599189,0.6588123993057456,0.6934114382331779,0.03459903892743221,0.6311179806055346,0.6962133213026707,0.06509534069713607,0.2360865528128198,0.351334025370488,0.11524747255766823,0.2592592592592596,0.26910111759569594,0.00984185833643636,2956.0,0.9739617666446935,2981.0,0.982201713909031,2985.0,0.983520105471325,2522.0,0.8309162821357944,1488.0,0.490112063282795,0.490112063282795,WACC_0p9_WRT_0p1,0.8521423862887278,2724,False,,,False,False,False,False,False,208.0,0.5418848167539267
IBDD,Electricity,2688,0.71,96,0.6428571428571426,0.4510243614951085,0,93,3,3913,505,223,3,0.45384958258454444,0.5322710325235911,0.4948527151254784,0.45384958258454444,0.3004306642296604,0.3333333333333337,1.2233606186634038,-2.534149843841321,1.7596622789832348,-1.2199335447094035,0.0606453741297639,0.5322710325235911,0.49841713640149693,0.03385389612209416,0.4948527151254784,0.47720480829568707,0.017647906829791338,0.45384958258454444,0.5029606075881897,0.04911102500364528,0.3004306642296604,0.3319078570516823,0.03147719282202188,0.3333333333333337,0.4019072354138663,0.0685739020805326,1489.0,0.4904416611733685,1587.0,0.5227422544495716,1967.0,0.6479894528675016,2343.0,0.7719182597231378,2704.0,0.8909030982201714,0.4904416611733685,WACC_0p1_WRT_0p9,0.6647989452867502,2725,False,,,False,False,False,False,False,93.0,0.24083769633507854
IBDD,Electricity,2026,0.73,115,0.7142857142857141,0.4202252716212888,0,107,1172,3669,812,80,70,0.4911445431823328,0.5642108294297744,0.5293476957841564,0.4911445431823328,0.22270073803295595,0.2592592592592596,1.2233606186634038,-2.534149843841321,1.7596622789832348,-1.2199335447094035,0.0606453741297639,0.5642108294297744,0.5018885024620509,0.06232232696772355,0.5293476957841564,0.4860930924641821,0.04325460331997433,0.4911445431823328,0.470746217504349,0.02039832567798383,0.22270073803295595,0.2723811749036865,0.049680436870730565,0.2592592592592596,0.3072808116293481,0.04802155237008854,1550.0,0.510547132498352,1689.0,0.5563612392880686,1511.0,0.4976928147659855,1490.0,0.490771259063942,2066.0,0.6806196440342782,0.490771259063942,WACC_0p7_WRT_0p3,0.5471984179301252,2726,False,,,False,False,False,False,False,107.0,0.2774869109947644
IBDD,Electricity,240,0.73,42,0.7142857142857141,0.5910931476464545,0,34,321,1,2,59,1,0.2842387310335392,0.3870145135518249,0.33797567463597095,0.2842387310335392,0.22270073803295595,0.2592592592592596,1.2233606186634038,-2.534149843841321,1.7596622789832348,-1.2199335447094035,0.0606453741297639,0.3870145135518249,0.5163852135822179,0.12937070003039297,0.33797567463597095,0.4703628926481363,0.13238721801216535,0.2842387310335392,0.4769077254188734,0.1926689943853342,0.22270073803295595,0.297234003575121,0.07453326554216502,0.2592592592592596,0.28249174280528294,0.023232483546023364,1775.0,0.5847066578773896,1490.0,0.490771259063942,1601.0,0.5273566249176005,1911.0,0.6295319709953856,1755.0,0.5781147000659196,0.490771259063942,WACC_0p3_WRT_0p7,0.5620962425840474,2727,False,,,False,False,False,False,False,34.0,0.08638743455497382
IBDD,Electricity,2641,0.73,95,0.7142857142857141,0.4528086068783853,0,87,3638,3947,190,246,116,0.4516890199984838,0.5304207039779707,0.49285436029620844,0.4516890199984838,0.22270073803295595,0.2592592592592596,1.2233606186634038,-2.534149843841321,1.7596622789832348,-1.2199335447094035,0.0606453741297639,0.5304207039779707,0.49860612082309813,0.03181458315487257,0.49285436029620844,0.47662246411539155,0.016231896180816885,0.4516890199984838,0.47189377817923156,0.02020475818074774,0.22270073803295595,0.3046346396963561,0.08193390166340017,0.2592592592592596,0.3374894417757919,0.0782301825165323,1492.0,0.491430454845089,1576.0,0.519116677653263,1524.0,0.501977587343441,2016.0,0.6641397495056032,2325.0,0.7659854976928148,0.491430454845089,WACC_0p1_WRT_0p9,0.5885299934080421,2728,False,,,False,False,False,False,False,87.0,0.225130890052356
IBDD,Electricity,2076,0.73,423,0.7142857142857141,0.1970577369466385,0,302,2894,598,221,31,3,0.7613805938739323,0.7956438283516342,0.7792953346197649,0.7613805938739323,0.28625689033025387,0.2592592592592596,1.2233606186634038,-2.534149843841321,1.7596622789832348,-1.2199335447094035,0.0606453741297639,0.7956438283516342,0.6664807135194842,0.12916311483214993,0.7792953346197649,0.646872206798407,0.1324231278213579,0.7613805938739323,0.6348600311419328,0.12652056273199952,0.28625689033025387,0.3393787873035764,0.053121896973322535,0.2592592592592596,0.2692945652366084,0.010035305977348807,2918.0,0.9614370468029004,2893.0,0.9531970995385629,2846.0,0.9377059986816084,2408.0,0.7933421226104153,1493.0,0.4917600527356625,0.4917600527356625,WACC_0p9_WRT_0p1,0.8274884640738298,2729,False,,,False,False,False,False,False,302.0,0.7879581151832461
IBDD,Electricity,2046,0.73,157,0.7142857142857141,0.3670213930975111,0,148,4580,2436,356,68,43,0.5555697116312384,0.6193852219729515,0.5889360397307876,0.5555697116312384,0.22270073803295595,0.2592592592592596,1.2233606186634038,-2.534149843841321,1.7596622789832348,-1.2199335447094035,0.0606453741297639,0.6193852219729515,0.5349094271488611,0.0844757948240904,0.5889360397307876,0.5173705601004333,0.07156547963035431,0.5555697116312384,0.5102220137631529,0.04534769786808546,0.22270073803295595,0.27335597602074657,0.05065523798779062,0.2592592592592596,0.2693492545845413,0.010089995325281709,2037.0,0.6710613052076466,2067.0,0.6809492419248517,2059.0,0.6783124588002637,1508.0,0.496704021094265,1494.0,0.492089650626236,0.492089650626236,WACC_0p9_WRT_0p1,0.6038233355306526,2730,False,,,False,False,False,False,False,148.0,0.38481675392670156
IBDD,Electricity,2199,0.73,108,0.7142857142857141,0.4309420365106688,0,100,2525,4504,951,237,108,0.478167493343437,0.5530971473222692,0.5173449191080508,0.478167493343437,0.22270073803295595,0.2592592592592596,1.2233606186634038,-2.534149843841321,1.7596622789832348,-1.2199335447094035,0.0606453741297639,0.5530971473222692,0.4986711415365184,0.0544260057857508,0.5173449191080508,0.4803020067889226,0.03704291231912821,0.478167493343437,0.4816855512905303,0.0035180579470933115,0.22270073803295595,0.32013961153515197,0.09743887350219602,0.2592592592592596,0.3610323706370998,0.10177311137784023,1494.0,0.492089650626236,1625.0,0.5352669742913645,1673.0,0.5510876730388925,2197.0,0.7237969676994067,2482.0,0.8177323665128543,0.492089650626236,WACC_0p1_WRT_0p9,0.6239947264337508,2731,False,,,False,False,False,False,False,100.0,0.2591623036649215
IBDD,Electricity,1682,0.73,168,0.7142857142857141,0.3554331704225942,0,158,3756,1610,680,32,27,0.5696020193984492,0.6314026380802727,0.6019148491266945,0.5696020193984492,0.22270073803295595,0.2592592592592596,1.2233606186634038,-2.534149843841321,1.7596622789832348,-1.2199335447094035,0.0606453741297639,0.6314026380802727,0.5842635946135206,0.04713904346675213,0.6019148491266945,0.5602436957095334,0.0416711534171611,0.5696020193984492,0.5437468934967374,0.025855125901711795,0.22270073803295595,0.3055625841665342,0.08286184613357825,0.2592592592592596,0.269557283669472,0.010298024410212436,2515.0,0.8286090969017799,2460.0,0.8104812129202373,2363.0,0.7785102175346078,2028.0,0.6680949241924852,1497.0,0.4930784442979565,0.4930784442979565,WACC_0p9_WRT_0p1,0.7157547791694133,2732,False,,,False,False,False,False,False,158.0,0.4109947643979058
IBDD,Electricity,1237,0.73,148,0.7142857142857141,0.377119421762125,0,140,4281,4478,190,56,55,0.5433418963709491,0.6089131922466853,0.57762624762642,0.5433418963709491,0.22270073803295595,0.2592592592592596,1.2233606186634038,-2.534149843841321,1.7596622789832348,-1.2199335447094035,0.0606453741297639,0.6089131922466853,0.5532871159841293,0.055626076262556,0.57762624762642,0.5442721432696112,0.033354104356808856,0.5433418963709491,0.5455869226415271,0.0022450262705779878,0.22270073803295595,0.27305126017366993,0.05035052214071398,0.2592592592592596,0.30247164345770083,0.043212384198441256,2238.0,0.7373104812129202,2321.0,0.7646671061305208,2379.0,0.7837837837837838,1498.0,0.49340804218853,2024.0,0.6667765326301912,0.49340804218853,WACC_0p7_WRT_0p3,0.6891891891891893,2733,False,,,False,False,False,False,False,140.0,0.36387434554973824
IBDD,Electricity,2847,0.74,182,0.7499999999999998,0.341729953499817,0,168,3646,2912,736,65,40,0.5861953972317449,0.6456133815557453,0.6172624520802049,0.5861953972317449,0.21878472603790056,0.22222222222222254,1.2233606186634038,-2.534149843841321,1.7596622789832348,-1.2199335447094035,0.0606453741297639,0.6456133815557453,0.5360561375663792,0.10955724398936617,0.6172624520802049,0.5271563503566309,0.09010610172357403,0.5861953972317449,0.5195968897300064,0.06659850750173846,0.21878472603790056,0.27387604845560304,0.05509132241770248,0.22222222222222254,0.26963741856344964,0.047415196341227095,2048.0,0.6746868820039552,2162.0,0.7122610415293342,2150.0,0.7083058668424522,1524.0,0.501977587343441,1499.0,0.4937376400791035,0.4937376400791035,WACC_0p9_WRT_0p1,0.6181938035596573,2734,False,,,False,False,False,False,False,168.0,0.43717277486910994
IBDD,Electricity,2971,0.75,90,0.7857142857142856,0.462018189093476,0,26,52,3700,129,38,26,0.4405370344287458,0.5208700261252841,0.48253962821530677,0.4405370344287458,0.16268475198773913,0.18518518518518542,1.2233606186634038,-2.534149843841321,1.7596622789832348,-1.2199335447094035,0.0606453741297639,0.5208700261252841,0.5005104761096111,0.020359550015673022,0.48253962821530677,0.47094304444525564,0.011596583770051128,0.4405370344287458,0.48579989113093897,0.045262856702193155,0.16268475198773913,0.28061425677440727,0.11792950478666814,0.18518518518518542,0.29230202860689697,0.10711684342171154,1524.0,0.501977587343441,1500.0,0.494067237969677,1733.0,0.5708635464733026,1659.0,0.5464733025708636,1893.0,0.6235992089650626,0.494067237969677,WACC_0p3_WRT_0p7,0.5473961766644694,2735,False,,,False,False,False,False,False,26.0,0.06544502617801047
IBDD,Electricity,100,0.58,141,0.1785714285714283,0.3854045043765198,0,135,1,4366,1000,232,4,0.7837658703634849,0.6003212547206462,0.5683469550982978,0.7837658703634849,0.8056751845082393,0.8148148148148151,1.2233606186634038,-2.534149843841321,1.7596622789832348,-1.2199335447094035,0.0606453741297639,0.6003212547206462,0.4989208051542778,0.10140044956636846,0.5683469550982978,0.4865373746722715,0.08180958042602632,0.7837658703634849,0.5135658163301606,0.27020005403332426,0.8056751845082393,0.34686622728545474,0.45880895722278453,0.8148148148148151,0.40417077746507163,0.4106440373497435,1500.0,0.494067237969677,1696.0,0.5586684245220831,2094.0,0.6898483849703362,2474.0,0.8150955833882663,2710.0,0.8928806855636124,0.494067237969677,WACC_0p1_WRT_0p9,0.690112063282795,2736,False,,,False,False,False,False,False,135.0,0.3507853403141361
IBDD,Electricity,412,0.74,706,0.7499999999999998,0.1090235349041465,0,352,1472,1563,386,28,2,0.8679821885925915,0.8869385563957,0.8778936409073559,0.8679821885925915,0.32731424249554586,0.22222222222222254,1.2233606186634038,-2.534149843841321,1.7596622789832348,-1.2199335447094035,0.0606453741297639,0.8869385563957,0.6762188196140925,0.2107197367816075,0.8778936409073559,0.6437347280288167,0.23415891287853918,0.8679821885925915,0.649273920367413,0.21870826822517841,0.32731424249554586,0.35678906587033715,0.029474823374791292,0.22222222222222254,0.2697638132554147,0.047541591033192165,2945.0,0.970336189848385,2885.0,0.950560316413975,2889.0,0.951878707976269,2575.0,0.8483849703361899,1500.0,0.494067237969677,0.494067237969677,WACC_0p9_WRT_0p1,0.8430454845088992,2737,False,,,False,False,False,False,False,352.0,0.918848167539267
IBDD,Electricity,2907,0.68,115,0.5357142857142857,0.4202252716212888,0,112,65,4805,101,162,53,0.4911445431823328,0.5642108294297744,0.5293476957841564,0.4911445431823328,0.4170255535247168,0.44444444444444453,1.2233606186634038,-2.534149843841321,1.7596622789832348,-1.2199335447094035,0.0606453741297639,0.5642108294297744,0.49908496642196526,0.06512586300780915,0.5293476957841564,0.4811009071020387,0.048246788682117736,0.4911445431823328,0.4807374160245907,0.010407127157742113,0.4170255535247168,0.30353420187763247,0.11349135164708435,0.44444444444444453,0.35281304435974437,0.09163140008470017,1501.0,0.4943968358602505,1629.0,0.5365853658536586,1662.0,0.547462096242584,2005.0,0.6605141727092947,2436.0,0.8025708635464733,0.4943968358602505,WACC_0p1_WRT_0p9,0.6083058668424521,2738,False,,,False,False,False,False,False,112.0,0.2905759162303665
IBDD,Electricity,352,0.73,261,0.7142857142857141,0.2799423905901089,0,233,1054,1717,42,45,10,0.6610146446053412,0.7096893727213687,0.6864645225390781,0.6610146446053412,0.2476011822669757,0.2592592592592596,1.2233606186634038,-2.534149843841321,1.7596622789832348,-1.2199335447094035,0.0606453741297639,0.7096893727213687,0.5924460109728926,0.11724336174847605,0.6864645225390781,0.579182369059389,0.10728215347968906,0.6610146446053412,0.5752367511707867,0.08577789343455455,0.2476011822669757,0.3221415634395262,0.07454038117255052,0.2592592592592596,0.2697747659819361,0.010515506722676538,2585.0,0.8516809492419248,2606.0,0.8586025049439684,2593.0,0.8543177323665129,2224.0,0.7326961107448913,1501.0,0.4943968358602505,0.4943968358602505,WACC_0p9_WRT_0p1,0.7583388266315095,2739,False,,,False,False,False,False,False,233.0,0.6073298429319371
IBDD,Electricity,2901,0.73,127,0.7142857142857141,0.4032760431131678,0,119,922,1,683,49,8,0.5116685525593311,0.5817878071419,0.548330831713252,0.5116685525593311,0.22270073803295595,0.2592592592592596,1.2233606186634038,-2.534149843841321,1.7596622789832348,-1.2199335447094035,0.0606453741297639,0.5817878071419,0.5711824589494875,0.010605348192412545,0.548330831713252,0.5261409482238479,0.022189883489404094,0.5116685525593311,0.534193766631138,0.022525214071806965,0.22270073803295595,0.3211422616417502,0.09844152360879424,0.2592592592592596,0.26979495294520567,0.01053569368594609,2409.0,0.7936717205009888,2152.0,0.7089650626235993,2267.0,0.7468688200395518,2208.0,0.7274225444957152,1502.0,0.494726433750824,0.494726433750824,WACC_0p9_WRT_0p1,0.6943309162821358,2740,False,,,False,False,False,False,False,119.0,0.3089005235602094
IBDD,Electricity,322,0.75,972,0.7857142857142856,0.0540378581075929,0,47,4003,4414,131,34,4,0.9345649563942255,0.9439607397402741,0.939477598919496,0.9345649563942255,0.3529584380911776,0.18518518518518542,1.2233606186634038,-2.534149843841321,1.7596622789832348,-1.2199335447094035,0.0606453741297639,0.9439607397402741,0.6994500103433193,0.24451072939695473,0.939477598919496,0.7274074738338251,0.2120701250856709,0.9345649563942255,0.7251623826063462,0.2094025737878793,0.3529584380911776,0.3630923399922446,0.010133901901067,0.18518518518518542,0.2698023628683629,0.08461717768317747,2990.0,0.9851680949241924,3021.0,0.995385629531971,3017.0,0.994067237969677,2630.0,0.8665128543177324,1504.0,0.495385629531971,0.495385629531971,WACC_0p9_WRT_0p1,0.8673038892551087,2741,False,,,False,False,False,False,False,47.0,0.12041884816753927
IBDD,Electricity,1797,0.73,156,0.7142857142857141,0.3681145913012531,0,147,1200,1029,566,44,28,0.5542459457634427,0.6182515349468486,0.5877116577425964,0.5542459457634427,0.22270073803295595,0.2592592592592596,1.2233606186634038,-2.534149843841321,1.7596622789832348,-1.2199335447094035,0.0606453741297639,0.6182515349468486,0.522173051599176,0.09607848334767255,0.5877116577425964,0.4827682505591151,0.10494340718348127,0.5542459457634427,0.4702388978145037,0.08400704794893898,0.22270073803295595,0.29000370540433884,0.06730296737138289,0.2592592592592596,0.2896767435303498,0.0304174842710902,1859.0,0.6123928806855636,1657.0,0.5458141067897165,1505.0,0.4957152274225445,1811.0,0.5965721819380356,1861.0,0.6130520764667106,0.4957152274225445,WACC_0p5_WRT_0p5,0.5727092946605141,2742,False,,,False,False,False,False,False,147.0,0.38219895287958117
IBDD,Electricity,891,0.74,453,0.7499999999999998,0.1852869949567891,0,287,1624,3816,604,49,9,0.7756339163102983,0.807850523748515,0.7924785656483961,0.7756339163102983,0.29174652376716254,0.22222222222222254,1.2233606186634038,-2.534149843841321,1.7596622789832348,-1.2199335447094035,0.0606453741297639,0.807850523748515,0.6473419892718028,0.1605085344767122,0.7924785656483961,0.6428987909267397,0.1495797747216564,0.7756339163102983,0.6542342086324999,0.1213997076777984,0.29174652376716254,0.33046219845480845,0.03871567468764592,0.22222222222222254,0.27009493758959935,0.047872715367376806,2866.0,0.9442979564930785,2882.0,0.9495715227422544,2908.0,0.9581410678971655,2326.0,0.7663150955833883,1507.0,0.4963744232036915,0.4963744232036915,WACC_0p9_WRT_0p1,0.8229400131839156,2743,False,,,False,False,False,False,False,287.0,0.7486910994764397
IBDD,Electricity,1456,0.74,110,0.7499999999999998,0.427811438654111,0,96,4292,3636,736,128,103,0.4819583691188635,0.5563436932475886,0.5208511887073957,0.4819583691188635,0.1838357749346038,0.22222222222222254,1.2233606186634038,-2.534149843841321,1.7596622789832348,-1.2199335447094035,0.0606453741297639,0.5563436932475886,0.5005428764524933,0.0558008167950953,0.5208511887073957,0.48304967662506215,0.03780151208233351,0.4819583691188635,0.47060740622015035,0.01135096289871318,0.1838357749346038,0.28041724219743536,0.09658146726283157,0.22222222222222254,0.3251015068148709,0.10287928459264833,1525.0,0.5023071852340145,1659.0,0.5464733025708636,1508.0,0.496704021094265,1656.0,0.545484508899143,2235.0,0.7363216875411998,0.496704021094265,WACC_0p5_WRT_0p5,0.5654581410678972,2744,False,,,False,False,False,False,False,96.0,0.2486910994764398
IBDD,Electricity,1078,0.74,507,0.7499999999999998,0.1659368840549803,0,300,2510,4564,175,16,1,0.7990651808899453,0.8279173054244648,0.814150689858422,0.7990651808899453,0.3007710199209363,0.22222222222222254,1.2233606186634038,-2.534149843841321,1.7596622789832348,-1.2199335447094035,0.0606453741297639,0.8279173054244648,0.6692261523589242,0.1586911530655406,0.814150689858422,0.6486575465011483,0.16549314335727372,0.7990651808899453,0.6632193267479456,0.13584585414199968,0.3007710199209363,0.3657950167159168,0.0650239967949805,0.22222222222222254,0.270140669038998,0.047918446816775484,2925.0,0.963744232036915,2897.0,0.954515491100857,2928.0,0.9647330257086355,2649.0,0.8727752142386289,1509.0,0.4970336189848385,0.4970336189848385,WACC_0p9_WRT_0p1,0.850560316413975,2745,False,,,False,False,False,False,False,300.0,0.7827225130890052
IBDD,Electricity,2221,0.73,113,0.7142857142857141,0.4232197495097513,0,105,4405,3830,149,123,109,0.48751849659073904,0.5611054449528504,0.5259938805490785,0.48751849659073904,0.22270073803295595,0.2592592592592596,1.2233606186634038,-2.534149843841321,1.7596622789832348,-1.2199335447094035,0.0606453741297639,0.5611054449528504,0.4994751598939654,0.061630285058885015,0.5259938805490785,0.4885289308333535,0.03746494971572495,0.48751849659073904,0.4724816430701863,0.015036853520552729,0.22270073803295595,0.2953656519886465,0.07266491395569055,0.2592592592592596,0.3244077562684571,0.0651484970091975,1510.0,0.497363216875412,1723.0,0.5675675675675675,1529.0,0.5036255767963085,1881.0,0.6196440342781806,2229.0,0.7343441001977588,0.497363216875412,WACC_0p1_WRT_0p9,0.5845088991430455,2746,False,,,False,False,False,False,False,105.0,0.27225130890052357
IBDD,Electricity,1542,0.74,120,0.7499999999999998,0.4129592931336661,0,106,688,4254,440,107,81,0.4999429973740139,0.5717459182317536,0.537485591690294,0.4999429973740139,0.18556481816122614,0.22222222222222254,1.2233606186634038,-2.534149843841321,1.7596622789832348,-1.2199335447094035,0.0606453741297639,0.5717459182317536,0.5020164983184483,0.06972941991330528,0.537485591690294,0.4866352475850012,0.050850344105292766,0.4999429973740139,0.47108919675848104,0.028853800615532832,0.18556481816122614,0.2735265452614043,0.08796172710017816,0.22222222222222254,0.3162168261116731,0.09399460388945058,1552.0,0.511206328279499,1697.0,0.5589980224126566,1514.0,0.498681608437706,1511.0,0.4976928147659855,2169.0,0.7145682267633487,0.4976928147659855,WACC_0p7_WRT_0p3,0.5562294001318392,2747,False,,,False,False,False,False,False,106.0,0.27486910994764396
IBDD,Electricity,2737,0.73,382,0.7142857142857141,0.2145679895375634,0,289,4727,91,527,17,13,0.7401772341931329,0.7774850478869713,0.759683851717929,0.7401772341931329,0.2780904664807844,0.2592592592592596,1.2233606186634038,-2.534149843841321,1.7596622789832348,-1.2199335447094035,0.0606453741297639,0.7774850478869713,0.7144519203171198,0.06303312756985147,0.759683851717929,0.680504611580523,0.07917924013740596,0.7401772341931329,0.6637203019832464,0.07645693220988647,0.2780904664807844,0.33932867762788255,0.061238211147098154,0.2592592592592596,0.27024832260074094,0.010989063341481364,3007.0,0.990771259063942,2965.0,0.976928147659855,2929.0,0.9650626235992089,2406.0,0.7926829268292683,1511.0,0.4976928147659855,0.4976928147659855,WACC_0p9_WRT_0p1,0.8446275543836519,2748,False,,,False,False,False,False,False,289.0,0.7539267015706806
IBDD,Electricity,2089,0.74,138,0.7499999999999998,0.3890810456027807,0,124,943,4720,407,66,63,0.528857432977697,0.59650854530082,0.5642292289248857,0.528857432977697,0.1967011446709203,0.22222222222222254,1.2233606186634038,-2.534149843841321,1.7596622789832348,-1.2199335447094035,0.0606453741297639,0.59650854530082,0.5269242235682313,0.06958432173258866,0.5642292289248857,0.512809931631501,0.05141929729338468,0.528857432977697,0.5039772486148725,0.024880184362824576,0.1967011446709203,0.27355489717183085,0.07685375250091053,0.22222222222222254,0.3148118002903202,0.09258957806809764,1932.0,0.6364535266974292,2015.0,0.6638101516150297,1978.0,0.6516150296638101,1512.0,0.498022412656559,2153.0,0.7092946605141727,0.498022412656559,WACC_0p7_WRT_0p3,0.6318391562294001,2749,False,,,False,False,False,False,False,124.0,0.3219895287958115
IBDD,Electricity,2892,0.73,179,0.7142857142857141,0.344575937943391,0,166,1207,1,688,52,10,0.5827491630046993,0.6426619902809279,0.614074949503402,0.5827491630046993,0.22270073803295595,0.2592592592592596,1.2233606186634038,-2.534149843841321,1.7596622789832348,-1.2199335447094035,0.0606453741297639,0.6426619902809279,0.5618104459366045,0.0808515443443234,0.614074949503402,0.5333539345205996,0.08072101498280237,0.5827491630046993,0.5343668727671186,0.04838229023758067,0.22270073803295595,0.32204467726393543,0.09934393923097948,0.2592592592592596,0.27038414034312835,0.011124881083868776,2315.0,0.7626895187870798,2225.0,0.7330257086354647,2270.0,0.7478576137112722,2222.0,0.7320369149637442,1513.0,0.4983520105471325,0.4983520105471325,WACC_0p9_WRT_0p1,0.6947923533289387,2750,False,,,False,False,False,False,False,166.0,0.4319371727748691
IBDD,Electricity,65,0.71,135,0.6428571428571426,0.3928378085708742,0,128,1,4239,473,244,1,0.5243083269020213,0.5926126429635379,0.5600216544006209,0.5243083269020213,0.3004306642296604,0.3333333333333337,1.2233606186634038,-2.534149843841321,1.7596622789832348,-1.2199335447094035,0.0606453741297639,0.5926126429635379,0.49955273740523864,0.09305990555829924,0.5600216544006209,0.4846134254217814,0.07540822897883953,0.5243083269020213,0.5221610226538483,0.0021473042481729987,0.3004306642296604,0.3582329110326803,0.057802246803019874,0.3333333333333337,0.3983697276631963,0.06503639432986258,1513.0,0.4983520105471325,1672.0,0.5507580751483191,2178.0,0.7175346077785102,2589.0,0.8529993408042189,2689.0,0.8859591298615689,0.4983520105471325,WACC_0p1_WRT_0p9,0.7011206328279498,2751,False,,,False,False,False,False,False,128.0,0.3324607329842932
IBDD,Electricity,2692,0.73,119,0.7142857142857141,0.41438816555554,0,111,3357,4111,406,218,110,0.498212759860783,0.5702641246090697,0.5358852545777952,0.498212759860783,0.22270073803295595,0.2592592592592596,1.2233606186634038,-2.534149843841321,1.7596622789832348,-1.2199335447094035,0.0606453741297639,0.5702641246090697,0.49968748260858253,0.07057664200048719,0.5358852545777952,0.4733588014956622,0.06252645308213306,0.498212759860783,0.47117649453162763,0.027036265329155373,0.22270073803295595,0.29800319499945904,0.07530245696650309,0.2592592592592596,0.335741467572945,0.07648220831368541,1516.0,0.499340804218853,1529.0,0.5036255767963085,1515.0,0.4990112063282795,1923.0,0.6334871456822676,2311.0,0.7613711272247857,0.4990112063282795,WACC_0p5_WRT_0p5,0.5793671720500988,2752,False,,,False,False,False,False,False,111.0,0.2879581151832461
IBDD,Electricity,1565,0.73,103,0.7142857142857141,0.4390270024565642,0,95,3683,4342,986,229,127,0.46837731812650846,0.5447127381931928,0.5082897572486481,0.46837731812650846,0.22270073803295595,0.2592592592592596,1.2233606186634038,-2.534149843841321,1.7596622789832348,-1.2199335447094035,0.0606453741297639,0.5447127381931928,0.4996746666974845,0.045038071495708265,0.5082897572486481,0.47579446357089733,0.03249529367775078,0.46837731812650846,0.478318013843372,0.009940695716863568,0.22270073803295595,0.329411932005246,0.10671119397229004,0.2592592592592596,0.3680494901882762,0.10879023092901663,1515.0,0.4990112063282795,1560.0,0.513843111404087,1623.0,0.5346077785102176,2308.0,0.7603823335530653,2534.0,0.8348714568226764,0.4990112063282795,WACC_0p1_WRT_0p9,0.628543177323665,2753,False,,,False,False,False,False,False,95.0,0.24607329842931938
IBDD,Electricity,1106,0.74,115,0.7499999999999998,0.4202252716212888,0,101,1499,3047,90,63,54,0.4911445431823328,0.5642108294297744,0.5293476957841564,0.4911445431823328,0.1838357749346038,0.22222222222222254,1.2233606186634038,-2.534149843841321,1.7596622789832348,-1.2199335447094035,0.0606453741297639,0.5642108294297744,0.5065507826867788,0.05766004674299563,0.5293476957841564,0.4822971615411717,0.04705053424298472,0.4911445431823328,0.47127834082412307,0.01986620235820974,0.1838357749346038,0.27813456571975476,0.09429879078515097,0.22222222222222254,0.29578618555053837,0.07356396332831583,1619.0,0.5332893869479235,1645.0,0.5418589321028345,1516.0,0.499340804218853,1611.0,0.5306526038233356,1943.0,0.6400791034937376,0.499340804218853,WACC_0p5_WRT_0p5,0.5490441661173369,2754,False,,,False,False,False,False,False,101.0,0.2617801047120419
IBDD,Electricity,2913,0.68,109,0.5357142857142857,0.4293696224892548,0,107,2305,4376,273,166,82,0.4800715469765898,0.554727798900032,0.5191060228120346,0.4800715469765898,0.4170255535247168,0.44444444444444453,1.2233606186634038,-2.534149843841321,1.7596622789832348,-1.2199335447094035,0.0606453741297639,0.554727798900032,0.5030784732797865,0.05164932562024549,0.5191060228120346,0.48809471257224846,0.031011310239786094,0.4800715469765898,0.4712807011606725,0.008790845815917325,0.4170255535247168,0.28930970001070916,0.12771585351400766,0.44444444444444453,0.3385232520142358,0.10592119243020875,1569.0,0.5168094924192486,1719.0,0.5662491760052736,1517.0,0.4996704021094265,1796.0,0.5916282135794331,2332.0,0.7682926829268293,0.4996704021094265,WACC_0p5_WRT_0p5,0.5885299934080421,2755,False,,,False,False,False,False,False,107.0,0.2774869109947644
IBDD,Electricity,2063,0.7,107,0.6071428571428569,0.4325289430314537,0,104,271,4487,763,211,40,0.47624589058155303,0.5514514664858998,0.5155675838047717,0.47624589058155303,0.33929562732801266,0.37037037037037074,1.2233606186634038,-2.534149843841321,1.7596622789832348,-1.2199335447094035,0.0606453741297639,0.5514514664858998,0.5015269713067851,0.04992449517911468,0.5155675838047717,0.4731558487540021,0.04241173505076967,0.47624589058155303,0.4859855868121857,0.009739696230632644,0.33929562732801266,0.27366925998689995,0.06562636734111271,0.37037037037037074,0.29340052462057065,0.07696984574980009,1539.0,0.5069215557020436,1528.0,0.503295978905735,1738.0,0.5725115359261701,1518.0,0.5,1914.0,0.6305207646671062,0.5,WACC_0p7_WRT_0p3,0.542649967040211,2756,False,,,False,False,False,False,False,104.0,0.2696335078534031
IBDD,Electricity,1455,0.73,112,0.7142857142857141,0.4247367473289887,0,104,1473,4482,828,241,134,0.4856815470533606,0.5595322620291968,0.5242948429915326,0.4856815470533606,0.22270073803295595,0.2592592592592596,1.2233606186634038,-2.534149843841321,1.7596622789832348,-1.2199335447094035,0.0606453741297639,0.5595322620291968,0.5016813264778784,0.05785093555131837,0.5242948429915326,0.4723147060331458,0.051980136958386824,0.4856815470533606,0.48682016727655925,0.0011386202231986609,0.22270073803295595,0.37045336829502146,0.1477526302620655,0.2592592592592596,0.4032884983945397,0.1440292391352801,1542.0,0.507910349373764,1518.0,0.5,1754.0,0.5777851021753461,2681.0,0.8833223467369808,2708.0,0.8922214897824654,0.5,WACC_0p3_WRT_0p7,0.6722478576137112,2757,False,,,False,False,False,False,False,104.0,0.2696335078534031
IBDD,Electricity,869,0.73,298,0.7142857142857141,0.2571978186604475,0,251,712,1314,822,35,4,0.6885562998102676,0.7332763362039803,0.7119384431002987,0.6885562998102676,0.25820878565178496,0.2592592592592596,1.2233606186634038,-2.534149843841321,1.7596622789832348,-1.2199335447094035,0.0606453741297639,0.7332763362039803,0.6264670928916036,0.10680924331237662,0.7119384431002987,0.5777307978599245,0.1342076452403742,0.6885562998102676,0.5638214822967041,0.12473481751356341,0.25820878565178496,0.32839839288773326,0.0701896072359483,0.2592592592592596,0.27062280000289857,0.011363540743638989,2773.0,0.9136453526697429,2594.0,0.8546473302570864,2525.0,0.8319050758075148,2297.0,0.7567567567567568,1518.0,0.5,0.5,WACC_0p9_WRT_0p1,0.7713909030982202,2758,False,,,False,False,False,False,False,251.0,0.6544502617801047
IBDD,Electricity,2528,0.71,114,0.6428571428571426,0.4217160007489388,0,110,3871,4608,209,156,140,0.4893394026958622,0.5626648881122115,0.5276780791611885,0.4893394026958622,0.3004306642296604,0.3333333333333337,1.2233606186634038,-2.534149843841321,1.7596622789832348,-1.2199335447094035,0.0606453741297639,0.5626648881122115,0.4999376092584248,0.0627272788537867,0.5276780791611885,0.47972345961340335,0.04795461954778513,0.4893394026958622,0.47613737087754354,0.013202031818318638,0.3004306642296604,0.3251574775040967,0.024726813274436266,0.3333333333333337,0.37015957882297473,0.03682624548964103,1519.0,0.5003295978905735,1618.0,0.5329597890573501,1579.0,0.5201054713249835,2260.0,0.7445616348055373,2551.0,0.8404746209624259,0.5003295978905735,WACC_0p1_WRT_0p9,0.6276862228081741,2759,False,,,False,False,False,False,False,110.0,0.28534031413612565
IBDD,Electricity,1164,0.73,200,0.7142857142857141,0.3255764148535369,0,185,1543,2411,694,70,24,0.6057558969022228,0.6623651994111469,0.6353544153640386,0.6057558969022228,0.2263184062386464,0.2592592592592596,1.2233606186634038,-2.534149843841321,1.7596622789832348,-1.2199335447094035,0.0606453741297639,0.6623651994111469,0.5491882543591209,0.11317694505202602,0.6353544153640386,0.5311360168166084,0.1042183985474302,0.6057558969022228,0.5097862299877212,0.0959696669145016,0.2263184062386464,0.291422589507001,0.0651041832683546,0.2592592592592596,0.2706350283651804,0.011375769105920808,2190.0,0.7214897824653922,2198.0,0.7241265655899802,2049.0,0.6750164798945286,1832.0,0.6034937376400791,1519.0,0.5003295978905735,0.5003295978905735,WACC_0p9_WRT_0p1,0.6448912326961107,2760,False,,,False,False,False,False,False,185.0,0.4816753926701571
IBDD,Electricity,2518,0.72,96,0.6785714285714283,0.4510243614951085,0,89,4113,3757,330,153,99,0.45384958258454444,0.5322710325235911,0.4948527151254784,0.45384958258454444,0.2615657011313083,0.2962962962962967,1.2233606186634038,-2.534149843841321,1.7596622789832348,-1.2199335447094035,0.0606453741297639,0.5322710325235911,0.5000049836475711,0.032266048876020026,0.4948527151254784,0.4773825721151395,0.01747014301033889,0.45384958258454444,0.4719010327058864,0.01805145012134196,0.2615657011313083,0.27675743764931854,0.015191736518010257,0.2962962962962967,0.3084685588069616,0.012172262510664889,1520.0,0.500659195781147,1590.0,0.523731048121292,1525.0,0.5023071852340145,1583.0,0.5214238628872775,2081.0,0.6855636123928807,0.500659195781147,WACC_0p1_WRT_0p9,0.5467369808833223,2761,False,,,False,False,False,False,False,89.0,0.23036649214659685
IBDD,Electricity,965,0.74,670,0.7499999999999998,0.1180218276787991,0,341,1104,3590,358,26,6,0.8570860557570787,0.8776069935182824,0.867815552999745,0.8570860557570787,0.32311762269592537,0.22222222222222254,1.2233606186634038,-2.534149843841321,1.7596622789832348,-1.2199335447094035,0.0606453741297639,0.8776069935182824,0.6403473414434473,0.23725965207483513,0.867815552999745,0.635695571840146,0.23211998115959898,0.8570860557570787,0.6459429739197631,0.21114308183731567,0.32311762269592537,0.34883017795212423,0.025712555256198866,0.22222222222222254,0.2707021072269077,0.04847988500468514,2829.0,0.9321028345418589,2852.0,0.9396835860250494,2876.0,0.9475939353988134,2494.0,0.8216875411997363,1521.0,0.5009887936717206,0.5009887936717206,WACC_0p9_WRT_0p1,0.8284113381674357,2762,False,,,False,False,False,False,False,341.0,0.8900523560209425
IBDD,Electricity,211,0.75,44,0.7857142857142856,0.5832655206981239,0,18,1,1552,2,21,2,0.2937172915951722,0.3951320526093529,0.34674261681810115,0.2937172915951722,0.14497081183625146,0.18518518518518542,1.2233606186634038,-2.534149843841321,1.7596622789832348,-1.2199335447094035,0.0606453741297639,0.3951320526093529,0.5170093349997303,0.12187728239037743,0.34674261681810115,0.4725083526086799,0.12576573579057876,0.2937172915951722,0.5004073847350501,0.2066900931398779,0.14497081183625146,0.3837191713853712,0.23874835954911974,0.18518518518518542,0.35877796463719347,0.17359277945200804,1783.0,0.5873434410019776,1522.0,0.501318391562294,1934.0,0.6371127224785761,2764.0,0.9106789716545814,2472.0,0.8144363876071193,0.501318391562294,WACC_0p3_WRT_0p7,0.6901779828609097,2763,False,,,False,False,False,False,False,18.0,0.04450261780104712
IBDD,Electricity,1646,0.74,151,0.7499999999999998,0.3736871857445338,0,137,855,3400,308,56,30,0.5474980291515862,0.6124725481167796,0.5814703519661221,0.5474980291515862,0.20388052621490393,0.22222222222222254,1.2233606186634038,-2.534149843841321,1.7596622789832348,-1.2199335447094035,0.0606453741297639,0.6124725481167796,0.5294635635469775,0.0830089845698021,0.5814703519661221,0.5190899511174304,0.062380400848691675,0.5474980291515862,0.5137476334861989,0.03375039566538729,0.20388052621490393,0.27385199998213405,0.06997147376723012,0.22222222222222254,0.27884392826268944,0.0566217060404669,1958.0,0.6450230718523401,2094.0,0.6898483849703362,2095.0,0.6901779828609097,1523.0,0.5016479894528675,1690.0,0.5566908371786421,0.5016479894528675,WACC_0p7_WRT_0p3,0.6166776532630192,2764,False,,,False,False,False,False,False,137.0,0.35602094240837695
IBDD,Electricity,2632,0.73,117,0.7142857142857141,0.4172819839037627,0,109,1314,4404,772,147,97,0.49470860302639985,0.5672631278035053,0.5326441780277857,0.49470860302639985,0.22270073803295595,0.2592592592592596,1.2233606186634038,-2.534149843841321,1.7596622789832348,-1.2199335447094035,0.0606453741297639,0.5672631278035053,0.5059655176083007,0.06129761019520463,0.5326441780277857,0.48927789303141356,0.043366284996372184,0.49470860302639985,0.4724585392589384,0.02225006376746147,0.22270073803295595,0.2832318156826528,0.06053107764969687,0.2592592592592596,0.32888748195014106,0.06962822269088148,1613.0,0.5313117996044825,1736.0,0.5718523401450231,1528.0,0.503295978905735,1704.0,0.561305207646671,2263.0,0.7455504284772577,0.503295978905735,WACC_0p5_WRT_0p5,0.5826631509558339,2765,False,,,False,False,False,False,False,109.0,0.28272251308900526
IBDD,Electricity,1579,0.73,124,0.7142857142857141,0.4073595105219982,0,116,584,4697,259,188,112,0.5067238364414649,0.5775531001994092,0.5437573482153619,0.5067238364414649,0.22270073803295595,0.2592592592592596,1.2233606186634038,-2.534149843841321,1.7596622789832348,-1.2199335447094035,0.0606453741297639,0.5775531001994092,0.5009420809571639,0.07661101924224534,0.5437573482153619,0.47546593642679263,0.06829141178856929,0.5067238364414649,0.474117881582243,0.03260595485922191,0.22270073803295595,0.32770089165182287,0.10500015361886691,0.2592592592592596,0.3682405670155849,0.10898130775632531,1529.0,0.5036255767963085,1556.0,0.512524719841793,1550.0,0.510547132498352,2289.0,0.7541199736321688,2537.0,0.8358602504943968,0.5036255767963085,WACC_0p1_WRT_0p9,0.6233355306526038,2766,False,,,False,False,False,False,False,116.0,0.3010471204188482
IBDD,Electricity,808,0.74,530,0.7499999999999998,0.1583127373020983,0,306,3815,1806,228,39,9,0.8082973450189962,0.8358238279830092,0.8226897342216499,0.8082973450189962,0.3043267661074225,0.22222222222222254,1.2233606186634038,-2.534149843841321,1.7596622789832348,-1.2199335447094035,0.0606453741297639,0.8358238279830092,0.6863737917421419,0.1494500362408674,0.8226897342216499,0.6788835854304669,0.14380614879118303,0.8082973450189962,0.6772028478678572,0.13109449715113897,0.3043267661074225,0.3527403960967188,0.048413629989296325,0.22222222222222254,0.2711148470857187,0.04889262486349616,2966.0,0.9772577455504284,2961.0,0.975609756097561,2955.0,0.97363216875412,2541.0,0.8371786420566908,1530.0,0.503955174686882,0.503955174686882,WACC_0p9_WRT_0p1,0.8535266974291364,2767,False,,,False,False,False,False,False,306.0,0.7984293193717278
IBDD,Electricity,1907,0.72,114,0.6785714285714283,0.4217160007489388,0,107,3099,4778,117,206,90,0.4893394026958622,0.5626648881122115,0.5276780791611885,0.4893394026958622,0.2615657011313083,0.2962962962962967,1.2233606186634038,-2.534149843841321,1.7596622789832348,-1.2199335447094035,0.0606453741297639,0.5626648881122115,0.5149736261720799,0.047691261940131624,0.5276780791611885,0.5035655111874904,0.024112567973698096,0.4893394026958622,0.4930034716895708,0.0036640689937086357,0.2615657011313083,0.27428502186649517,0.01271932073518689,0.2962962962962967,0.30784727520603333,0.011550978909736609,1757.0,0.5787738958470666,1911.0,0.6295319709953856,1841.0,0.6064601186552406,1532.0,0.504614370468029,2072.0,0.6825972313777192,0.504614370468029,WACC_0p7_WRT_0p3,0.6003955174686881,2768,False,,,False,False,False,False,False,107.0,0.2774869109947644
IBDD,Electricity,2401,0.71,117,0.6428571428571426,0.4172819839037627,0,113,731,4912,484,133,107,0.49470860302639985,0.5672631278035053,0.5326441780277857,0.49470860302639985,0.3004306642296604,0.3333333333333337,1.2233606186634038,-2.534149843841321,1.7596622789832348,-1.2199335447094035,0.0606453741297639,0.5672631278035053,0.5130739841956252,0.054189143607880075,0.5326441780277857,0.49183049807210516,0.04081367995568058,0.49470860302639985,0.4726637293550718,0.02204487367132807,0.3004306642296604,0.32212335123676467,0.02169268700710425,0.3333333333333337,0.35761632494259465,0.02428299160926095,1721.0,0.5669083717864206,1770.0,0.583058668424522,1532.0,0.504614370468029,2223.0,0.7323665128543178,2463.0,0.8114700065919578,0.504614370468029,WACC_0p5_WRT_0p5,0.6396835860250494,2769,False,,,False,False,False,False,False,113.0,0.2931937172774869
IBDD,Electricity,1761,0.73,236,0.7142857142857141,0.2972091654853621,0,216,3634,2797,875,54,26,0.6401061147751547,0.6917830876448097,0.6671257346563944,0.6401061147751547,0.23954831143739677,0.2592592592592596,1.2233606186634038,-2.534149843841321,1.7596622789832348,-1.2199335447094035,0.0606453741297639,0.6917830876448097,0.5783684718426934,0.11341461580211631,0.6671257346563944,0.5692678475561183,0.0978578871002761,0.6401061147751547,0.5700115980345818,0.07009451674057288,0.23954831143739677,0.2957233479561468,0.05617503651875003,0.2592592592592596,0.2711268131756392,0.011867553916379614,2463.0,0.8114700065919578,2529.0,0.8332234673698088,2552.0,0.8408042188529994,1888.0,0.6219512195121951,1532.0,0.504614370468029,0.504614370468029,WACC_0p9_WRT_0p1,0.722412656558998,2770,False,,,False,False,False,False,False,216.0,0.56282722513089
IBDD,Electricity,1609,0.73,128,0.7142857142857141,0.4019361286569392,0,120,2979,4901,698,177,155,0.513291069882219,0.5831773480594705,0.5498315359042281,0.513291069882219,0.22270073803295595,0.2592592592592596,1.2233606186634038,-2.534149843841321,1.7596622789832348,-1.2199335447094035,0.0606453741297639,0.5831773480594705,0.507599572027129,0.0755777760323415,0.5498315359042281,0.4740127173671029,0.07581881853712519,0.513291069882219,0.48037573298642383,0.03291533689579512,0.22270073803295595,0.38437337334111976,0.1616726353081638,0.2592592592592596,0.42100671447581156,0.16174745521655198,1634.0,0.538233355306526,1535.0,0.5056031641397495,1654.0,0.5448253131179961,2767.0,0.9116677653263019,2768.0,0.9119973632168754,0.5056031641397495,WACC_0p3_WRT_0p7,0.6824653922214898,2771,False,,,False,False,False,False,False,120.0,0.31151832460732987
IBDD,Electricity,1176,0.74,342,0.7499999999999998,0.2335600202691701,0,250,3585,1565,269,41,13,0.7171795728755709,0.7577896086097495,0.7384127772985294,0.7171795728755709,0.2692329715982244,0.22222222222222254,1.2233606186634038,-2.534149843841321,1.7596622789832348,-1.2199335447094035,0.0606453741297639,0.7577896086097495,0.6420569119586983,0.11573269665105124,0.7384127772985294,0.6344515113677929,0.10396126593073651,0.7171795728755709,0.6134417797998096,0.10373779307576125,0.2692329715982244,0.3374321813447476,0.06819920974652321,0.22222222222222254,0.2711962889067813,0.04897406668455878,2838.0,0.9350692155570204,2848.0,0.9383651944627555,2773.0,0.9136453526697429,2383.0,0.7851021753460777,1535.0,0.5056031641397495,0.5056031641397495,WACC_0p9_WRT_0p1,0.8155570204350692,2772,False,,,False,False,False,False,False,250.0,0.6518324607329843
IBDD,Electricity,398,0.73,225,0.7142857142857141,0.3053919559516223,0,207,2557,142,823,17,9,0.6301974827581242,0.6832972308649844,0.657961009334183,0.6301974827581242,0.2357320252432438,0.2592592592592596,1.2233606186634038,-2.534149843841321,1.7596622789832348,-1.2199335447094035,0.0606453741297639,0.6832972308649844,0.6368131962013389,0.04648403466364548,0.657961009334183,0.5952456052623243,0.06271540407185872,0.6301974827581242,0.5982186040761793,0.03197887868194482,0.2357320252432438,0.3390690479097144,0.10333702266647063,0.2592592592592596,0.2712014502244903,0.011942190965230748,2819.0,0.928806855636124,2692.0,0.8869479235332894,2727.0,0.8984838497033619,2400.0,0.7907053394858273,1536.0,0.505932762030323,0.505932762030323,WACC_0p9_WRT_0p1,0.8021753460777852,2773,False,,,False,False,False,False,False,207.0,0.5392670157068062
IBDD,Electricity,2153,0.73,125,0.7142857142857141,0.405987565903148,0,117,389,4884,983,183,92,0.5083851394446378,0.5789758575819206,0.5452939261884742,0.5083851394446378,0.22270073803295595,0.2592592592592596,1.2233606186634038,-2.534149843841321,1.7596622789832348,-1.2199335447094035,0.0606453741297639,0.5789758575819206,0.5014075750325876,0.07756828254933301,0.5452939261884742,0.4827304702218838,0.06256345596659035,0.5083851394446378,0.4822076415859116,0.026177497858726195,0.22270073803295595,0.30606282010867464,0.08336208207571869,0.2592592592592596,0.3490357971787051,0.08977653791944551,1537.0,0.5062623599208965,1656.0,0.545484508899143,1682.0,0.5540540540540541,2034.0,0.6700725115359262,2403.0,0.7916941331575478,0.5062623599208965,WACC_0p1_WRT_0p9,0.6135135135135135,2774,False,,,False,False,False,False,False,117.0,0.3036649214659686
IBDD,Electricity,1692,0.72,109,0.6785714285714283,0.4293696224892548,0,102,1148,4560,585,165,89,0.4800715469765898,0.554727798900032,0.5191060228120346,0.4800715469765898,0.2615657011313083,0.2962962962962967,1.2233606186634038,-2.534149843841321,1.7596622789832348,-1.2199335447094035,0.0606453741297639,0.554727798900032,0.50868678328893,0.046041015611101965,0.5191060228120346,0.4932532217178729,0.02585280109416166,0.4800715469765898,0.4752155029485137,0.004856044028076101,0.2615657011313083,0.27454822542087487,0.012982524289566588,0.2962962962962967,0.3094385814790812,0.013142285182784486,1655.0,0.5451549110085695,1789.0,0.5893210283454186,1565.0,0.5154911008569545,1538.0,0.50659195781147,2097.0,0.6908371786420567,0.50659195781147,WACC_0p7_WRT_0p3,0.5694792353328939,2775,False,,,False,False,False,False,False,102.0,0.2643979057591623
IBDD,Electricity,2524,0.74,120,0.7499999999999998,0.4129592931336661,0,106,859,4595,630,240,111,0.4999429973740139,0.5717459182317536,0.537485591690294,0.4999429973740139,0.18556481816122614,0.22222222222222254,1.2233606186634038,-2.534149843841321,1.7596622789832348,-1.2199335447094035,0.0606453741297639,0.5717459182317536,0.501749057612313,0.06999686061944055,0.537485591690294,0.47640362306914447,0.06108196862114951,0.4999429973740139,0.4731972841982868,0.02674571317572705,0.18556481816122614,0.3348560791862532,0.14929126102502707,0.22222222222222254,0.3573795028590739,0.13515728063685134,1547.0,0.5095583388266315,1568.0,0.516479894528675,1539.0,0.5069215557020436,2364.0,0.7788398154251813,2462.0,0.8111404087013843,0.5069215557020436,WACC_0p5_WRT_0p5,0.6245880026367832,2776,False,,,False,False,False,False,False,106.0,0.27486910994764396
IBDD,Electricity,2635,0.74,124,0.7499999999999998,0.4073595105219982,0,110,1489,3627,153,102,79,0.5067238364414649,0.5775531001994092,0.5437573482153619,0.5067238364414649,0.18817644229596128,0.22222222222222254,1.2233606186634038,-2.534149843841321,1.7596622789832348,-1.2199335447094035,0.0606453741297639,0.5775531001994092,0.5015715481543209,0.07598155204508827,0.5437573482153619,0.4844332304126045,0.059324117802757426,0.5067238364414649,0.476617930506269,0.03010590593519591,0.18817644229596128,0.27725779183479504,0.08908134953883376,0.22222222222222254,0.3143288317675059,0.09210660954528338,1540.0,0.507251153592617,1669.0,0.5497692814765985,1592.0,0.524390243902439,1588.0,0.523071852340145,2147.0,0.7073170731707317,0.507251153592617,WACC_0p1_WRT_0p9,0.5623599208965062,2777,False,,,False,False,False,False,False,110.0,0.28534031413612565
IBDD,Electricity,1774,0.74,223,0.7499999999999998,0.306922438372713,0,196,4174,4794,917,74,42,0.6283442045663323,0.6817100639097792,0.6562468690225615,0.6283442045663323,0.2350182395294234,0.22222222222222254,1.2233606186634038,-2.534149843841321,1.7596622789832348,-1.2199335447094035,0.0606453741297639,0.6817100639097792,0.5706700019921603,0.11104006191761884,0.6562468690225615,0.5660787723746522,0.09016809664790926,0.6283442045663323,0.5563042369132254,0.07203996765310694,0.2350182395294234,0.2887363257673918,0.053718086237968365,0.22222222222222254,0.2712801286988204,0.04905790647659786,2403.0,0.7916941331575478,2501.0,0.8239947264337508,2463.0,0.8114700065919578,1788.0,0.5889914304548451,1540.0,0.507251153592617,0.507251153592617,WACC_0p9_WRT_0p1,0.7046802900461436,2778,False,,,False,False,False,False,False,196.0,0.5104712041884817
IBDD,Electricity,323,0.74,284,0.7499999999999998,0.2654545168095396,0,226,4349,2334,617,103,10,0.6785581721578017,0.7247138344197367,0.7026909411733158,0.6785581721578017,0.2543580304252406,0.22222222222222254,1.2233606186634038,-2.534149843841321,1.7596622789832348,-1.2199335447094035,0.0606453741297639,0.7247138344197367,0.6274494744302472,0.09726435998948946,0.7026909411733158,0.6350602263441146,0.06763071482920113,0.6785581721578017,0.6274743272359324,0.05108384492186924,0.2543580304252406,0.3147130384741441,0.060355008048903536,0.22222222222222254,0.2712965017297256,0.04907427950750304,2779.0,0.9156229400131839,2850.0,0.9390243902439024,2826.0,0.9311140408701384,2146.0,0.7069874752801583,1541.0,0.5075807514831905,0.5075807514831905,WACC_0p9_WRT_0p1,0.8000659195781147,2779,False,,,False,False,False,False,False,226.0,0.5890052356020943
IBDD,Electricity,403,0.73,195,0.7142857142857141,0.3299136250096248,0,180,1175,4065,168,9,8,0.6005039208685697,0.6578673518418705,0.6304967399892201,0.6005039208685697,0.22429562008665255,0.2592592592592596,1.2233606186634038,-2.534149843841321,1.7596622789832348,-1.2199335447094035,0.0606453741297639,0.6578673518418705,0.653521718865423,0.004345632976447522,0.6304967399892201,0.6453753329476303,0.014878592958410208,0.6005039208685697,0.6528190891380927,0.05231516826952298,0.22429562008665255,0.35448661179652335,0.1301909917098708,0.2592592592592596,0.2713121760797935,0.012052916820533943,2885.0,0.950560316413975,2888.0,0.9515491100856954,2899.0,0.9551746868820039,2553.0,0.8411338167435728,1542.0,0.507910349373764,0.507910349373764,WACC_0p9_WRT_0p1,0.8412656558998023,2780,False,,,False,False,False,False,False,180.0,0.468586387434555
IBDD,Electricity,2021,0.74,126,0.7499999999999998,0.4046264668097131,0,112,4024,3916,849,201,96,0.5100333094804184,0.5803873677528902,0.5468183571731213,0.5100333094804184,0.18945107801225108,0.22222222222222254,1.2233606186634038,-2.534149843841321,1.7596622789832348,-1.2199335447094035,0.0606453741297639,0.5803873677528902,0.5029071423402607,0.07748022541262956,0.5468183571731213,0.4854845989182934,0.06133375825482795,0.5100333094804184,0.4781360400680023,0.03189726941241605,0.18945107801225108,0.2749100723002716,0.0854589942880205,0.22222222222222254,0.3110141096839073,0.08879188746168476,1565.0,0.5154911008569545,1682.0,0.5540540540540541,1621.0,0.5339485827290705,1543.0,0.5082399472643375,2113.0,0.6961107448912327,0.5082399472643375,WACC_0p7_WRT_0p3,0.5615688859591299,2781,False,,,False,False,False,False,False,112.0,0.2905759162303665
IBDD,Electricity,1271,0.74,127,0.7499999999999998,0.4032760431131678,0,113,981,4830,877,176,128,0.5116685525593311,0.5817878071419,0.548330831713252,0.5116685525593311,0.19008088801785153,0.22222222222222254,1.2233606186634038,-2.534149843841321,1.7596622789832348,-1.2199335447094035,0.0606453741297639,0.5817878071419,0.5093800499910782,0.07240775715082182,0.548330831713252,0.4796597826934444,0.06867104901980764,0.5116685525593311,0.47335791988234843,0.03831063267698265,0.19008088801785153,0.34238179823506737,0.15230091021721584,0.22222222222222254,0.4046591672084267,0.18243694498620416,1666.0,0.5487804878048781,1616.0,0.532300593276203,1543.0,0.5082399472643375,2438.0,0.8032300593276203,2713.0,0.8938694792353329,0.5082399472643375,WACC_0p5_WRT_0p5,0.6572841133816743,2782,False,,,False,False,False,False,False,113.0,0.2931937172774869
IBDD,Electricity,1926,0.71,116,0.6428571428571426,0.4187473386096327,0,112,1642,4635,372,159,137,0.4929341887095774,0.5657435007011216,0.5310029807572112,0.4929341887095774,0.3004306642296604,0.3333333333333337,1.2233606186634038,-2.534149843841321,1.7596622789832348,-1.2199335447094035,0.0606453741297639,0.5657435007011216,0.502184296533201,0.0635592041679206,0.5310029807572112,0.4774889917955225,0.053513988961688685,0.4929341887095774,0.47349035593277783,0.019443832776799563,0.3004306642296604,0.34148830822843546,0.04105764399877504,0.3333333333333337,0.3849424185431653,0.051609085209831596,1553.0,0.5115359261700725,1592.0,0.524390243902439,1544.0,0.508569545154911,2428.0,0.7999340804218853,2625.0,0.8648648648648649,0.508569545154911,WACC_0p5_WRT_0p5,0.6418589321028346,2783,False,,,False,False,False,False,False,112.0,0.2905759162303665
IBDD,Electricity,893,0.73,351,0.7142857142857141,0.2291004810573673,0,280,4993,2558,870,96,1,0.7225796785238178,0.7624143159405079,0.7434074612157486,0.7225796785238178,0.2713128095210528,0.2592592592592596,1.2233606186634038,-2.534149843841321,1.7596622789832348,-1.2199335447094035,0.0606453741297639,0.7624143159405079,0.6592209151177308,0.10319340082277706,0.7434074612157486,0.6540457227107981,0.08936173850495055,0.7225796785238178,0.6549812935316076,0.06759838499221016,0.2713128095210528,0.3272694813504023,0.05595667182934949,0.2592592592592596,0.27138135657217144,0.012122097312911861,2898.0,0.9548450889914305,2905.0,0.9571522742254449,2912.0,0.9594594594594594,2276.0,0.7498352010547132,1544.0,0.508569545154911,0.508569545154911,WACC_0p9_WRT_0p1,0.8259723137771917,2784,False,,,False,False,False,False,False,280.0,0.7303664921465969
IBDD,Electricity,1309,0.72,116,0.6785714285714283,0.4187473386096327,0,109,2879,4247,370,226,111,0.4929341887095774,0.5657435007011216,0.5310029807572112,0.4929341887095774,0.2615657011313083,0.2962962962962967,1.2233606186634038,-2.534149843841321,1.7596622789832348,-1.2199335447094035,0.0606453741297639,0.5657435007011216,0.5057921240609822,0.05995137664013939,0.5310029807572112,0.4761315187717152,0.05487146198549597,0.4929341887095774,0.47391166130579365,0.01902252740378374,0.2615657011313083,0.30883701871360203,0.04727131758229375,0.2962962962962967,0.3438606512664501,0.04756435497015338,1609.0,0.5299934080421885,1565.0,0.5154911008569545,1546.0,0.509228740936058,2075.0,0.6835860250494397,2371.0,0.7811470006591957,0.509228740936058,WACC_0p5_WRT_0p5,0.6038892551087673,2785,False,,,False,False,False,False,False,109.0,0.28272251308900526
IBDD,Electricity,301,0.76,115,0.8214285714285713,0.4202252716212888,0,18,105,3570,568,43,7,0.4911445431823328,0.5642108294297744,0.5293476957841564,0.4911445431823328,0.18217611433168757,0.1481481481481484,1.2233606186634038,-2.534149843841321,1.7596622789832348,-1.2199335447094035,0.0606453741297639,0.5642108294297744,0.5397772498813032,0.02443357954847125,0.5293476957841564,0.5157927468588406,0.013554948925315835,0.4911445431823328,0.5307320885222485,0.03958754533991571,0.18217611433168757,0.2994268101447889,0.11725069581310132,0.1481481481481484,0.27142483835327325,0.12327669020512486,2094.0,0.6898483849703362,2051.0,0.6756756756756757,2242.0,0.7386288727752143,1947.0,0.6413974950560316,1546.0,0.509228740936058,0.509228740936058,WACC_0p9_WRT_0p1,0.6509558338826632,2786,False,,,False,False,False,False,False,18.0,0.04450261780104712
IBDD,Electricity,2854,0.72,118,0.6785714285714283,0.4158289952077859,0,111,3292,4684,995,150,87,0.4964680432042589,0.5687699308956294,0.5342715253672798,0.4964680432042589,0.2615657011313083,0.2962962962962967,1.2233606186634038,-2.534149843841321,1.7596622789832348,-1.2199335447094035,0.0606453741297639,0.5687699308956294,0.514663028295432,0.05410690260019746,0.5342715253672798,0.5005341544949998,0.033737370872280015,0.4964680432042589,0.4835636591761489,0.012904384028110005,0.2615657011313083,0.2750617179155974,0.013496016784289133,0.2962962962962967,0.30633362374379747,0.010037327447500743,1751.0,0.5767963085036256,1884.0,0.6206328279499012,1704.0,0.561305207646671,1548.0,0.509887936717205,2054.0,0.6766644693473962,0.509887936717205,WACC_0p7_WRT_0p3,0.5890573500329598,2787,False,,,False,False,False,False,False,111.0,0.2879581151832461
IBDD,Electricity,2417,0.73,105,0.7142857142857141,0.4357473197013715,0,97,4299,4063,559,229,118,0.47234872246440507,0.5481138906800592,0.5119630019344639,0.47234872246440507,0.22270073803295595,0.2592592592592596,1.2233606186634038,-2.534149843841321,1.7596622789832348,-1.2199335447094035,0.0606453741297639,0.5481138906800592,0.5049535235615223,0.04316036711853688,0.5119630019344639,0.4750793009180511,0.03688370101641275,0.47234872246440507,0.47538232112762074,0.0030335986632156753,0.22270073803295595,0.3079597927394442,0.08525905470648823,0.2592592592592596,0.33952893438505755,0.08026967512579797,1589.0,0.5234014502307185,1548.0,0.509887936717205,1568.0,0.516479894528675,2058.0,0.6779828609096902,2338.0,0.7702702702702703,0.509887936717205,WACC_0p3_WRT_0p7,0.5996044825313118,2788,False,,,False,False,False,False,False,97.0,0.2513089005235602
IBDD,Electricity,2436,0.73,288,0.7142857142857141,0.2630547826512143,0,246,4163,4674,537,62,24,0.6814640369494748,0.727202447620963,0.7053786434306399,0.6814640369494748,0.2554772173793506,0.2592592592592596,1.2233606186634038,-2.534149843841321,1.7596622789832348,-1.2199335447094035,0.0606453741297639,0.727202447620963,0.6093527505079983,0.11784969711296467,0.7053786434306399,0.6023541446925155,0.10302449873812447,0.6814640369494748,0.6145309622554295,0.0669330746940453,0.2554772173793506,0.29993915071177324,0.044461933332422654,0.2592592592592596,0.2714838269587251,0.012224567699465505,2693.0,0.8872775214238628,2720.0,0.8961766644693474,2774.0,0.9139749505603164,1952.0,0.6430454845088991,1548.0,0.509887936717205,0.509887936717205,WACC_0p9_WRT_0p1,0.7700725115359262,2789,False,,,False,False,False,False,False,246.0,0.6413612565445026
IBDD,Electricity,580,0.73,349,0.7142857142857141,0.2300815557270225,0,279,4961,2118,129,125,9,0.7213916842909304,0.7613969051719767,0.7423086575857348,0.7213916842909304,0.2708552563510583,0.2592592592592596,1.2233606186634038,-2.534149843841321,1.7596622789832348,-1.2199335447094035,0.0606453741297639,0.7613969051719767,0.5907359204149919,0.17066098475698477,0.7423086575857348,0.5798590344721666,0.16244962311356825,0.7213916842909304,0.5972764787809819,0.12411520550994848,0.2708552563510583,0.2978543001318,0.026999043780741694,0.2592592592592596,0.271524806090695,0.012265546831435437,2571.0,0.8470665787738958,2612.0,0.8605800922874094,2720.0,0.8961766644693474,1922.0,0.6331575477916941,1549.0,0.5102175346077785,0.5102175346077785,WACC_0p9_WRT_0p1,0.749439683586025,2790,False,,,False,False,False,False,False,279.0,0.7277486910994765
IBDD,Electricity,1037,0.74,265,0.7499999999999998,0.2773335810040791,0,221,448,4998,14,24,10,0.6641736811585873,0.7123948048846587,0.6893863892754314,0.6641736811585873,0.2488178777264758,0.22222222222222254,1.2233606186634038,-2.534149843841321,1.7596622789832348,-1.2199335447094035,0.0606453741297639,0.7123948048846587,0.5823805505556344,0.13001425432902425,0.6893863892754314,0.5792267861386882,0.11015960313674322,0.6641736811585873,0.5948063640126239,0.06936731714596345,0.2488178777264758,0.3324002284175991,0.0835823506911233,0.22222222222222254,0.2715282782102244,0.04930605598800186,2499.0,0.8233355306526038,2608.0,0.8592617007251153,2705.0,0.8912326961107448,2347.0,0.7732366512854317,1550.0,0.510547132498352,0.510547132498352,WACC_0p9_WRT_0p1,0.7715227422544495,2791,False,,,False,False,False,False,False,221.0,0.5759162303664922
IBDD,Electricity,358,0.74,465,0.7499999999999998,0.1807951365908257,0,290,3369,1547,541,32,7,0.7810731575819001,0.8125087472391437,0.7975094470182751,0.7810731575819001,0.2938414346827969,0.22222222222222254,1.2233606186634038,-2.534149843841321,1.7596622789832348,-1.2199335447094035,0.0606453741297639,0.8125087472391437,0.6870141783579565,0.12549456888118715,0.7975094470182751,0.6780817408199176,0.11942770619835752,0.7810731575819001,0.6591928911859658,0.1218802663959343,0.2938414346827969,0.3606284759754118,0.06678704129261492,0.22222222222222254,0.2715371501205357,0.049314927898313154,2969.0,0.978246539222149,2958.0,0.9746209624258405,2921.0,0.962425840474621,2611.0,0.8602504943968359,1551.0,0.5108767303889256,0.5108767303889256,WACC_0p9_WRT_0p1,0.8572841133816744,2792,False,,,False,False,False,False,False,290.0,0.756544502617801
IBDD,Electricity,2567,0.73,333,0.7142857142857141,0.2381381429998854,0,271,4451,566,818,43,21,0.7116358731249167,0.7530419257778965,0.7332852798401284,0.7116358731249167,0.2670978287463566,0.2592592592592596,1.2233606186634038,-2.534149843841321,1.7596622789832348,-1.2199335447094035,0.0606453741297639,0.7530419257778965,0.6383688078060552,0.11467311797184132,0.7332852798401284,0.5792723342313304,0.15401294560879797,0.7116358731249167,0.5721139617382496,0.13952191138666714,0.2670978287463566,0.32755168202036533,0.060453853274008706,0.2592592592592596,0.27155457742524913,0.012295318165989555,2825.0,0.930784442979565,2609.0,0.8595912986156888,2568.0,0.8460777851021754,2285.0,0.7528015820698748,1552.0,0.511206328279499,0.511206328279499,WACC_0p9_WRT_0p1,0.7800922874093607,2793,False,,,False,False,False,False,False,271.0,0.7068062827225131
IBDD,Electricity,1139,0.73,227,0.7142857142857141,0.3038749581323848,0,209,1784,912,183,58,22,0.6320344322955027,0.6848704137886381,0.6596600468917291,0.6320344322955027,0.23643952201442317,0.2592592592592596,1.2233606186634038,-2.534149843841321,1.7596622789832348,-1.2199335447094035,0.0606453741297639,0.6848704137886381,0.5235338455490655,0.16133656823957265,0.6596600468917291,0.4771645420927864,0.18249550479894266,0.6320344322955027,0.47427130989882715,0.15776312239667556,0.23643952201442317,0.2987968485549263,0.062357326540503105,0.2592592592592596,0.28937117974517246,0.03011192048591288,1879.0,0.6189848384970337,1584.0,0.521753460777851,1553.0,0.5115359261700725,1937.0,0.6381015161502966,1858.0,0.6120632827949901,0.5115359261700725,WACC_0p5_WRT_0p5,0.5804878048780487,2794,False,,,False,False,False,False,False,209.0,0.5445026178010471
IBDD,Electricity,1368,0.74,156,0.7499999999999998,0.3681145913012531,0,142,2824,3668,295,28,24,0.5542459457634427,0.6182515349468486,0.5877116577425964,0.5542459457634427,0.20647947034370617,0.22222222222222254,1.2233606186634038,-2.534149843841321,1.7596622789832348,-1.2199335447094035,0.0606453741297639,0.6182515349468486,0.5672338897665722,0.051017645180276405,0.5877116577425964,0.5599801934154645,0.027731464327131916,0.5542459457634427,0.5416517284876843,0.01259421727575838,0.20647947034370617,0.31305125300893366,0.10657178266522749,0.22222222222222254,0.27158364699484516,0.04936142477262262,2368.0,0.7801582069874753,2459.0,0.8101516150296638,2341.0,0.7712590639419907,2127.0,0.7007251153592617,1553.0,0.5115359261700725,0.5115359261700725,WACC_0p9_WRT_0p1,0.7147659854976929,2795,False,,,False,False,False,False,False,142.0,0.36910994764397903
IBDD,Electricity,2339,0.71,109,0.6428571428571426,0.4293696224892548,0,105,2194,4476,708,113,103,0.4800715469765898,0.554727798900032,0.5191060228120346,0.4800715469765898,0.3004306642296604,0.3333333333333337,1.2233606186634038,-2.534149843841321,1.7596622789832348,-1.2199335447094035,0.0606453741297639,0.554727798900032,0.5075996430656774,0.04712815583435459,0.5191060228120346,0.4859644170422943,0.033141605769740234,0.4800715469765898,0.47434565421305164,0.005725892763538187,0.3004306642296604,0.32357654968406424,0.023145885454403825,0.3333333333333337,0.3627202204965874,0.029386887163253717,1635.0,0.5385629531970996,1687.0,0.5557020435069215,1554.0,0.511865524060646,2243.0,0.7389584706657878,2497.0,0.8226763348714569,0.511865524060646,WACC_0p5_WRT_0p5,0.6335530652603822,2796,False,,,False,False,False,False,False,105.0,0.27225130890052357
IBDD,Electricity,1358,0.73,114,0.7142857142857141,0.4217160007489388,0,106,2418,4580,988,170,122,0.4893394026958622,0.5626648881122115,0.5276780791611885,0.4893394026958622,0.22270073803295595,0.2592592592592596,1.2233606186634038,-2.534149843841321,1.7596622789832348,-1.2199335447094035,0.0606453741297639,0.5626648881122115,0.5025748026969467,0.06009008541526484,0.5276780791611885,0.47533799334267723,0.05234008581851124,0.4893394026958622,0.47488832753153737,0.014451075164324811,0.22270073803295595,0.3415442462280039,0.11884350819504794,0.2592592592592596,0.38855627961210815,0.12929702035284857,1560.0,0.513843111404087,1554.0,0.511865524060646,1563.0,0.5148319050758076,2429.0,0.8002636783124588,2651.0,0.8734344100197758,0.511865524060646,WACC_0p3_WRT_0p7,0.6428477257745551,2797,False,,,False,False,False,False,False,106.0,0.27486910994764396
IBDD,Electricity,1869,0.73,105,0.7142857142857141,0.4357473197013715,0,97,1968,4420,446,245,118,0.47234872246440507,0.5481138906800592,0.5119630019344639,0.47234872246440507,0.22270073803295595,0.2592592592592596,1.2233606186634038,-2.534149843841321,1.7596622789832348,-1.2199335447094035,0.0606453741297639,0.5481138906800592,0.5051133740764039,0.04300051660365534,0.5119630019344639,0.4754381861794076,0.036524815755056284,0.47234872246440507,0.47685582484811134,0.004507102383706274,0.22270073803295595,0.3481436475579188,0.12544290952496287,0.2592592592592596,0.3777723523124225,0.11851309305316293,1595.0,0.5253790375741595,1555.0,0.5121951219512195,1598.0,0.52636783124588,2481.0,0.8174027686222808,2597.0,0.8556361239288068,0.5121951219512195,WACC_0p3_WRT_0p7,0.6473961766644694,2798,False,,,False,False,False,False,False,97.0,0.2513089005235602
IBDD,Electricity,261,0.75,21,0.7857142857142856,0.706479646566833,0,8,2153,1,1000,55,2,0.14451593570476354,0.2673544405973583,0.2087427958451469,0.14451593570476354,0.14497081183625146,0.18518518518518542,1.2233606186634038,-2.534149843841321,1.7596622789832348,-1.2199335447094035,0.0606453741297639,0.2673544405973583,0.5822205449514615,0.31486610435410317,0.2087427958451469,0.5332905359793539,0.32454774013420706,0.14451593570476354,0.5277509280380669,0.3832349923333034,0.14497081183625146,0.3085914651340708,0.16362065329781936,0.18518518518518542,0.271730472033275,0.08654528684808957,2498.0,0.8230059327620303,2222.0,0.7320369149637442,2216.0,0.7300593276203032,2070.0,0.6819380355965722,1555.0,0.5121951219512195,0.5121951219512195,WACC_0p9_WRT_0p1,0.6958470665787739,2799,False,,,False,False,False,False,False,8.0,0.01832460732984293
IBDD,Electricity,2442,0.72,110,0.6785714285714283,0.427811438654111,0,103,2650,4339,608,109,95,0.4819583691188635,0.5563436932475886,0.5208511887073957,0.4819583691188635,0.2615657011313083,0.2962962962962967,1.2233606186634038,-2.534149843841321,1.7596622789832348,-1.2199335447094035,0.0606453741297639,0.5563436932475886,0.5081762453345026,0.048167447913086026,0.5208511887073957,0.48686969084905285,0.03398149785834281,0.4819583691188635,0.47443903236135054,0.007519336757512984,0.2615657011313083,0.29935145454623513,0.03778575341492685,0.2962962962962967,0.3254766802550164,0.02918038395871969,1642.0,0.5408701384311141,1703.0,0.5609756097560976,1556.0,0.512524719841793,1946.0,0.6410678971654581,2240.0,0.7379696769940672,0.512524719841793,WACC_0p5_WRT_0p5,0.598681608437706,2800,False,,,False,False,False,False,False,103.0,0.2670157068062827
IBDD,Electricity,2315,0.73,118,0.7142857142857141,0.4158289952077859,0,110,1521,4712,126,227,125,0.4964680432042589,0.5687699308956294,0.5342715253672798,0.4964680432042589,0.22270073803295595,0.2592592592592596,1.2233606186634038,-2.534149843841321,1.7596622789832348,-1.2199335447094035,0.0606453741297639,0.5687699308956294,0.5059338759905221,0.06283605490510735,0.5342715253672798,0.47561665848408086,0.058654866883198986,0.4964680432042589,0.477119953657959,0.019348089546299907,0.22270073803295595,0.32148711638779026,0.09878637835483431,0.2592592592592596,0.35236811861452094,0.09310885935526136,1612.0,0.5309822017139091,1558.0,0.51318391562294,1607.0,0.5293342122610415,2212.0,0.7287409360580093,2431.0,0.8009228740936059,0.51318391562294,WACC_0p3_WRT_0p7,0.620632827949901,2801,False,,,False,False,False,False,False,110.0,0.28534031413612565
IBDD,Electricity,54,0.72,101,0.6785714285714283,0.4423703723360919,0,94,1,3562,539,69,5,0.46432879434117375,0.5412455397996083,0.5045451829835771,0.46432879434117375,0.2615657011313083,0.2962962962962967,1.2233606186634038,-2.534149843841321,1.7596622789832348,-1.2199335447094035,0.0606453741297639,0.5412455397996083,0.5024838799866795,0.038761659812928784,0.5045451829835771,0.482364669397912,0.022180513585665085,0.46432879434117375,0.512100408884896,0.04777161454372231,0.2615657011313083,0.31798414517066326,0.056418444039354976,0.2962962962962967,0.35326899614840473,0.05697269985210801,1558.0,0.51318391562294,1648.0,0.5428477257745551,2082.0,0.6858932102834542,2177.0,0.7172050098879367,2442.0,0.8045484508899143,0.51318391562294,WACC_0p1_WRT_0p9,0.6527356624917601,2802,False,,,False,False,False,False,False,94.0,0.24345549738219896
IBDD,Electricity,595,0.74,504,0.7499999999999998,0.1669566983217559,0,299,4683,4901,611,55,5,0.7978302764478895,0.82685972025892,0.8130084978796335,0.7978302764478895,0.30029539939479155,0.22222222222222254,1.2233606186634038,-2.534149843841321,1.7596622789832348,-1.2199335447094035,0.0606453741297639,0.82685972025892,0.6891871489495028,0.13767257130941712,0.8130084978796335,0.6928845510751113,0.12012394680452221,0.7978302764478895,0.7085706349062696,0.08925964154161992,0.30029539939479155,0.35185203379430796,0.05155663439951641,0.22222222222222254,0.27186558973921215,0.04964336751698961,2975.0,0.98022412656559,2977.0,0.980883322346737,3003.0,0.989452867501648,2528.0,0.8328938694792354,1558.0,0.51318391562294,0.51318391562294,WACC_0p9_WRT_0p1,0.85932762030323,2803,False,,,False,False,False,False,False,299.0,0.7801047120418848
IBDD,Electricity,2667,0.73,105,0.7142857142857141,0.4357473197013715,0,97,4762,4204,175,224,133,0.47234872246440507,0.5481138906800592,0.5119630019344639,0.47234872246440507,0.22270073803295595,0.2592592592592596,1.2233606186634038,-2.534149843841321,1.7596622789832348,-1.2199335447094035,0.0606453741297639,0.5481138906800592,0.502564920304319,0.04554897037574024,0.5119630019344639,0.47704438995349685,0.03491861198096702,0.47234872246440507,0.4763481419278988,0.0039994194634937474,0.22270073803295595,0.31835023977916077,0.09564950174620482,0.2592592592592596,0.3487951549960402,0.08953589573678061,1559.0,0.5135135135135135,1582.0,0.521094264996704,1583.0,0.5214238628872775,2181.0,0.7185234014502307,2400.0,0.7907053394858273,0.5135135135135135,WACC_0p1_WRT_0p9,0.6130520764667107,2804,False,,,False,False,False,False,False,97.0,0.2513089005235602
IBDD,Electricity,3032,0.76,19,0.8214285714285713,0.7228899759224219,0,5,2136,1,696,48,10,0.12464448530733939,0.25033632126563654,0.19036322696688743,0.12464448530733939,0.10610584873789927,0.1481481481481484,1.2233606186634038,-2.534149843841321,1.7596622789832348,-1.2199335447094035,0.0606453741297639,0.25033632126563654,0.5481586484786527,0.29782232721301616,0.19036322696688743,0.49216759197556853,0.30180436500868113,0.12464448530733939,0.5214899619238225,0.39684547661648306,0.10610584873789927,0.331073305364142,0.2249674566262427,0.1481481481481484,0.2719058707835223,0.1237577226353739,2179.0,0.7178642056690837,1773.0,0.5840474620962426,2172.0,0.7155570204350692,2334.0,0.7689518787079763,1559.0,0.5135135135135135,0.5135135135135135,WACC_0p9_WRT_0p1,0.659986816084377,2805,False,,,False,False,False,False,False,5.0,0.010471204188481676
IBDD,Electricity,2039,0.73,109,0.7142857142857141,0.4293696224892548,0,101,3475,4563,862,166,150,0.4800715469765898,0.554727798900032,0.5191060228120346,0.4800715469765898,0.22270073803295595,0.2592592592592596,1.2233606186634038,-2.534149843841321,1.7596622789832348,-1.2199335447094035,0.0606453741297639,0.554727798900032,0.5026165884523729,0.052111210447659095,0.5191060228120346,0.47595222188500336,0.043153800927031194,0.4800715469765898,0.4760830231252629,0.0039885238513269194,0.22270073803295595,0.3591782016790058,0.13647746364604987,0.2592592592592596,0.3929876178528846,0.13372835859362503,1561.0,0.5141727092946605,1561.0,0.5141727092946605,1578.0,0.51977587343441,2598.0,0.8559657218193804,2672.0,0.8803559657218194,0.5141727092946605,WACC_0p1_WRT_0p9,0.6568885959129862,2806,False,,,False,False,False,False,False,101.0,0.2617801047120419
IBDD,Electricity,1911,0.74,500,0.7499999999999998,0.1683259153877366,0,297,1136,3563,99,30,5,0.796172276268833,0.8254397914497548,0.811474974765735,0.796172276268833,0.2996568245458759,0.22222222222222254,1.2233606186634038,-2.534149843841321,1.7596622789832348,-1.2199335447094035,0.0606453741297639,0.8254397914497548,0.6421115288748643,0.18332826257489043,0.811474974765735,0.6282357769204969,0.18323919784523812,0.796172276268833,0.6390245278750287,0.1571477483938043,0.2996568245458759,0.3518582676748189,0.05220144312894304,0.22222222222222254,0.2719489594102065,0.04972673718798398,2839.0,0.9353988134475939,2827.0,0.9314436387607119,2858.0,0.9416611733684904,2529.0,0.8332234673698088,1561.0,0.5141727092946605,0.5141727092946605,WACC_0p9_WRT_0p1,0.831179960448253,2807,False,,,False,False,False,False,False,297.0,0.774869109947644
IBDD,Electricity,1102,0.74,198,0.7499999999999998,0.3272982105886909,0,180,4932,4927,904,34,31,0.6036709552898866,0.6605796334635798,0.6334260041406661,0.6036709552898866,0.22551539590613048,0.22222222222222254,1.2233606186634038,-2.534149843841321,1.7596622789832348,-1.2199335447094035,0.0606453741297639,0.6605796334635798,0.6005026434329217,0.06007699003065814,0.6334260041406661,0.5988645336560493,0.034561470484616774,0.6036709552898866,0.5934363644005932,0.010234590889293349,0.22551539590613048,0.30013053072084733,0.07461513481471685,0.22222222222222254,0.27196436538150937,0.04974214315928682,2640.0,0.8698088332234674,2708.0,0.8922214897824654,2694.0,0.8876071193144364,1957.0,0.6446934739617667,1562.0,0.514502307185234,0.514502307185234,WACC_0p9_WRT_0p1,0.761766644693474,2808,False,,,False,False,False,False,False,180.0,0.468586387434555
IBDD,Electricity,2323,0.74,201,0.7499999999999998,0.3247219310219678,0,182,683,4151,653,34,18,0.6067906008808266,0.6632513307920334,0.6363114372553961,0.6067906008808266,0.2267169200296313,0.22222222222222254,1.2233606186634038,-2.534149843841321,1.7596622789832348,-1.2199335447094035,0.0606453741297639,0.6632513307920334,0.5837012797631206,0.07955005102891277,0.6363114372553961,0.5692136210367934,0.06709781621860267,0.6067906008808266,0.5679456329205322,0.03884496796029435,0.2267169200296313,0.30557281936172226,0.07885589933209095,0.22222222222222254,0.272049301410316,0.04982707918809348,2513.0,0.8279499011206328,2528.0,0.8328938694792354,2539.0,0.8365194462755439,2029.0,0.6684245220830587,1563.0,0.5148319050758076,0.5148319050758076,WACC_0p9_WRT_0p1,0.7361239288068556,2809,False,,,False,False,False,False,False,182.0,0.4738219895287958
IBDD,Electricity,2769,0.73,117,0.7142857142857141,0.4172819839037627,0,109,1915,4806,742,230,141,0.49470860302639985,0.5672631278035053,0.5326441780277857,0.49470860302639985,0.22270073803295595,0.2592592592592596,1.2233606186634038,-2.534149843841321,1.7596622789832348,-1.2199335447094035,0.0606453741297639,0.5672631278035053,0.5059058236164963,0.06135730418700902,0.5326441780277857,0.47606593565745037,0.056578242370335374,0.49470860302639985,0.48964189394771146,0.005066709078688392,0.22270073803295595,0.3756352690064134,0.15293453097345747,0.2592592592592596,0.4172645457819044,0.15800528652264484,1610.0,0.530323005932762,1564.0,0.515161502966381,1799.0,0.5926170072511536,2724.0,0.8974950560316414,2758.0,0.9087013843111404,0.515161502966381,WACC_0p3_WRT_0p7,0.6888595912986156,2810,False,,,False,False,False,False,False,109.0,0.28272251308900526
IBDD,Electricity,1586,0.73,141,0.7142857142857141,0.3854045043765198,0,133,4466,4278,716,205,101,0.5333093976536435,0.6003212547206462,0.5683469550982978,0.5333093976536435,0.22270073803295595,0.2592592592592596,1.2233606186634038,-2.534149843841321,1.7596622789832348,-1.2199335447094035,0.0606453741297639,0.6003212547206462,0.5117999430673925,0.08852131165325372,0.5683469550982978,0.4966173605861892,0.07172959451210859,0.5333093976536435,0.48994799712376014,0.043361400529883354,0.22270073803295595,0.2759641423823081,0.053263404349352145,0.2592592592592596,0.3047827481297116,0.045523488870452045,1707.0,0.5622940013183916,1829.0,0.6025049439683586,1804.0,0.5942649967040211,1566.0,0.515820698747528,2039.0,0.6717205009887937,0.515820698747528,WACC_0p7_WRT_0p3,0.5893210283454187,2811,False,,,False,False,False,False,False,133.0,0.34554973821989526
IBDD,Electricity,2931,0.67,115,0.5,0.4202252716212888,0,113,3091,4662,494,163,103,0.4911445431823328,0.5642108294297744,0.5293476957841564,0.4911445431823328,0.455890516623069,0.48148148148148157,1.2233606186634038,-2.534149843841321,1.7596622789832348,-1.2199335447094035,0.0606453741297639,0.5642108294297744,0.5079271350944947,0.05628369433527969,0.5293476957841564,0.4906546362087675,0.03869305957538893,0.4911445431823328,0.4754807484356247,0.015663794746708093,0.455890516623069,0.28662472258488264,0.16926579403818637,0.48148148148148157,0.33402056192372953,0.14746091955775203,1637.0,0.5392221489782465,1754.0,0.5777851021753461,1569.0,0.5168094924192486,1759.0,0.5794330916282135,2293.0,0.7554383651944627,0.5168094924192486,WACC_0p5_WRT_0p5,0.5937376400791035,2812,False,,,False,False,False,False,False,113.0,0.2931937172774869
IBDD,Electricity,548,0.74,714,0.7499999999999998,0.107086207700552,0,354,4837,4270,816,50,7,0.8703281196580577,0.8889476364586868,0.8800634473753817,0.8703281196580577,0.32821777229887145,0.22222222222222254,1.2233606186634038,-2.534149843841321,1.7596622789832348,-1.2199335447094035,0.0606453741297639,0.8889476364586868,0.6917876700581981,0.19715996640048872,0.8800634473753817,0.7060292731499035,0.17403417422547818,0.8703281196580577,0.715179958260524,0.15514816139753362,0.32821777229887145,0.3525069919780999,0.02428921967922848,0.22222222222222254,0.2722756417934122,0.05005341957118964,2980.0,0.9818721160184575,3001.0,0.988793671720501,3009.0,0.991430454845089,2538.0,0.8361898483849703,1570.0,0.517139090309822,0.517139090309822,WACC_0p9_WRT_0p1,0.8630850362557678,2813,False,,,False,False,False,False,False,354.0,0.9240837696335078
IBDD,Electricity,2313,0.72,122,0.6785714285714283,0.4101366374806809,0,115,3126,4726,547,138,126,0.5033609825089801,0.5746731166867012,0.5406469660216373,0.5033609825089801,0.2615657011313083,0.2962962962962967,1.2233606186634038,-2.534149843841321,1.7596622789832348,-1.2199335447094035,0.0606453741297639,0.5746731166867012,0.5082726792398027,0.0664004374468985,0.5406469660216373,0.48033456289037046,0.060312403131266845,0.5033609825089801,0.4757194773259922,0.027641505182987913,0.2615657011313083,0.34456226506485876,0.08299656393355048,0.2962962962962967,0.38069760606367126,0.08440130976737453,1645.0,0.5418589321028345,1626.0,0.535596572181938,1571.0,0.5174686882003955,2464.0,0.8117996044825313,2607.0,0.8589321028345419,0.5174686882003955,WACC_0p5_WRT_0p5,0.6531311799604482,2814,False,,,False,False,False,False,False,115.0,0.29842931937172773
IBDD,Electricity,1059,0.74,477,0.7499999999999998,0.1764174904785447,0,293,4076,3250,113,54,8,0.7863740979647963,0.8170485283926202,0.8024124106640298,0.7863740979647963,0.2958830793381342,0.22222222222222254,1.2233606186634038,-2.534149843841321,1.7596622789832348,-1.2199335447094035,0.0606453741297639,0.8170485283926202,0.6596810930175816,0.1573674353750386,0.8024124106640298,0.6685584364482898,0.13385397421573997,0.7863740979647963,0.6878439830169784,0.09853011494781794,0.2958830793381342,0.3556260747083233,0.05974299537018912,0.22222222222222254,0.27228689143846024,0.0500646692162377,2899.0,0.9551746868820039,2939.0,0.968358602504944,2971.0,0.978905735003296,2565.0,0.8450889914304548,1571.0,0.5174686882003955,0.5174686882003955,WACC_0p9_WRT_0p1,0.8529993408042188,2815,False,,,False,False,False,False,False,293.0,0.7643979057591623
IBDD,Electricity,75,0.74,77,0.7499999999999998,0.4885595662217817,0,64,2210,313,1000,22,10,0.40839778556566114,0.49334563502926343,0.4528132858316045,0.40839778556566114,0.1838357749346038,0.22222222222222254,1.2233606186634038,-2.534149843841321,1.7596622789832348,-1.2199335447094035,0.0606453741297639,0.49334563502926343,0.6131528225863739,0.1198071875571105,0.4528132858316045,0.5548920861967854,0.10207880036518091,0.40839778556566114,0.5289412607876596,0.12054347522199843,0.1838357749346038,0.3283882372444742,0.1445524623098704,0.22222222222222254,0.27239902147754147,0.05017679925531893,2711.0,0.8932102834541858,2414.0,0.7953197099538563,2226.0,0.7333553065260382,2296.0,0.7564271588661833,1572.0,0.517798286090969,0.517798286090969,WACC_0p9_WRT_0p1,0.7392221489782466,2816,False,,,False,False,False,False,False,64.0,0.1649214659685864
IBDD,Electricity,330,0.73,431,0.7142857142857141,0.1938393602767207,0,304,4879,3606,896,67,8,0.7652777619910803,0.7989814041574749,0.7828999164900728,0.7652777619910803,0.28775787541640935,0.2592592592592596,1.2233606186634038,-2.534149843841321,1.7596622789832348,-1.2199335447094035,0.0606453741297639,0.7989814041574749,0.6647813121370909,0.13420009202038397,0.7828999164900728,0.6734980921187605,0.1094018243713123,0.7652777619910803,0.6867732159066603,0.07850454608442003,0.28775787541640935,0.3416720561224895,0.05391418070608017,0.2592592592592596,0.2724699963747807,0.01321073711552112,2913.0,0.959789057350033,2950.0,0.9719841793012525,2969.0,0.978246539222149,2431.0,0.8009228740936059,1573.0,0.5181278839815425,0.5181278839815425,WACC_0p9_WRT_0p1,0.8458141067897167,2817,False,,,False,False,False,False,False,304.0,0.7931937172774869
IBDD,Electricity,1698,0.73,315,0.7142857142857141,0.2476766017201446,0,262,4727,685,486,62,10,0.700085647336002,0.743150190808739,0.722602206073438,0.700085647336002,0.26264928659222025,0.2592592592592596,1.2233606186634038,-2.534149843841321,1.7596622789832348,-1.2199335447094035,0.0606453741297639,0.743150190808739,0.6653747031073669,0.0777754877013721,0.722602206073438,0.6535516181634172,0.06905058791002072,0.700085647336002,0.6532434388092344,0.04684220852676757,0.26264928659222025,0.3288715245832473,0.06622223799102706,0.2592592592592596,0.2725622257143271,0.01330296645506751,2916.0,0.9607778510217535,2904.0,0.9568226763348715,2903.0,0.956493078444298,2302.0,0.7584047462096243,1574.0,0.518457481872116,0.518457481872116,WACC_0p9_WRT_0p1,0.8301911667765326,2818,False,,,False,False,False,False,False,262.0,0.6832460732984293
IBDD,Electricity,682,0.74,497,0.7499999999999998,0.1693600214312675,0,296,1015,4349,524,36,1,0.7949200657552943,0.8243673851823893,0.8103167759969803,0.7949200657552943,0.2991745386272165,0.22222222222222254,1.2233606186634038,-2.534149843841321,1.7596622789832348,-1.2199335447094035,0.0606453741297639,0.8243673851823893,0.6633271220162584,0.16104026316613085,0.8103167759969803,0.6624134693711882,0.1479033066257921,0.7949200657552943,0.6858074210420435,0.10911264471325077,0.2991745386272165,0.362644231611476,0.06346969298425953,0.22222222222222254,0.2726926798652478,0.05047045764302527,2911.0,0.9591298615688859,2929.0,0.9650626235992089,2967.0,0.977587343441002,2623.0,0.8642056690837179,1575.0,0.5187870797626896,0.5187870797626896,WACC_0p9_WRT_0p1,0.8569545154911008,2819,False,,,False,False,False,False,False,296.0,0.7722513089005235
IBDD,Electricity,71,0.72,126,0.6785714285714283,0.4046264668097131,0,119,161,4390,428,250,10,0.5100333094804184,0.5803873677528902,0.5468183571731213,0.5100333094804184,0.2615657011313083,0.2962962962962967,1.2233606186634038,-2.534149843841321,1.7596622789832348,-1.2199335447094035,0.0606453741297639,0.5803873677528902,0.5038377314423905,0.07654963631049971,0.5468183571731213,0.4923130463739078,0.0545053107992135,0.5100333094804184,0.5064563252701605,0.003576984210257872,0.2615657011313083,0.2849616256311141,0.02339592449980582,0.2962962962962967,0.30586464953243053,0.009568353236133809,1576.0,0.519116677653263,1776.0,0.585036255767963,2015.0,0.6638101516150297,1729.0,0.5695451549110085,2047.0,0.6743572841133817,0.519116677653263,WACC_0p1_WRT_0p9,0.6023731048121292,2820,False,,,False,False,False,False,False,119.0,0.3089005235602094
IBDD,Electricity,1978,0.74,383,0.7499999999999998,0.2141190241236523,0,266,4519,3628,634,46,16,0.740720891408011,0.7779506416495457,0.7601866929815093,0.740720891408011,0.27829985477171343,0.22222222222222254,1.2233606186634038,-2.534149843841321,1.7596622789832348,-1.2199335447094035,0.0606453741297639,0.7779506416495457,0.6310505204288414,0.1469001212207044,0.7601866929815093,0.6425916628042484,0.11759503017726092,0.740720891408011,0.6484634756724321,0.09225741573557888,0.27829985477171343,0.32738409179447253,0.0490842370227591,0.22222222222222254,0.27270188606485235,0.05047966384262981,2797.0,0.9215557020435069,2877.0,0.9479235332893869,2884.0,0.9502307185234015,2278.0,0.7504943968358603,1576.0,0.519116677653263,0.519116677653263,WACC_0p9_WRT_0p1,0.8178642056690837,2821,False,,,False,False,False,False,False,266.0,0.693717277486911
IBDD,Electricity,2387,0.74,121,0.7499999999999998,0.411542181111966,0,107,137,4705,910,126,15,0.5016589940878285,0.5732155158838871,0.5390727571545981,0.5016589940878285,0.1862257302383814,0.22222222222222254,1.2233606186634038,-2.534149843841321,1.7596622789832348,-1.2199335447094035,0.0606453741297639,0.5732155158838871,0.5324321937289265,0.04078332215496061,0.5390727571545981,0.5172672185698192,0.02180553858477896,0.5016589940878285,0.5009424952445167,0.0007164988433118191,0.1862257302383814,0.27637056224894285,0.09014483201056145,0.22222222222222254,0.2784042820929336,0.056182059870711065,2002.0,0.6595253790375741,2065.0,0.6802900461437047,1941.0,0.6394199077125906,1577.0,0.5194462755438365,1678.0,0.5527356624917601,0.5194462755438365,WACC_0p7_WRT_0p3,0.6102834541858932,2822,False,,,False,False,False,False,False,107.0,0.2774869109947644
IBDD,Electricity,625,0.74,696,0.7499999999999998,0.1114762564184369,0,349,1551,2598,656,39,3,0.8650121608220447,0.8843949933438432,0.8751465928113505,0.8650121608220447,0.3261703433218246,0.22222222222222254,1.2233606186634038,-2.534149843841321,1.7596622789832348,-1.2199335447094035,0.0606453741297639,0.8843949933438432,0.6683931358044676,0.21600185753937562,0.8751465928113505,0.6602282218393528,0.21491837097199773,0.8650121608220447,0.6424003488387604,0.22261181198328428,0.3261703433218246,0.3457979111053991,0.019627567783574495,0.22222222222222254,0.27288650891280447,0.05066428669058193,2922.0,0.9627554383651945,2924.0,0.9634146341463414,2866.0,0.9442979564930785,2469.0,0.8134475939353988,1578.0,0.51977587343441,0.51977587343441,WACC_0p9_WRT_0p1,0.8407382992748846,2823,False,,,False,False,False,False,False,349.0,0.9109947643979057
IBDD,Electricity,1506,0.74,127,0.7499999999999998,0.4032760431131678,0,113,2932,4584,411,195,129,0.5116685525593311,0.5817878071419,0.548330831713252,0.5116685525593311,0.19008088801785153,0.22222222222222254,1.2233606186634038,-2.534149843841321,1.7596622789832348,-1.2199335447094035,0.0606453741297639,0.5817878071419,0.5054308494032952,0.07635695773860485,0.548330831713252,0.4769311657159208,0.07139966599733122,0.5116685525593311,0.4796771342843957,0.0319914182749354,0.19008088801785153,0.3432296825003447,0.15314879448249316,0.22222222222222254,0.3696771214371302,0.14745489921490768,1603.0,0.5280158206987475,1580.0,0.520435069215557,1641.0,0.5405405405405406,2450.0,0.8071852340145023,2546.0,0.8388266315095584,0.520435069215557,WACC_0p3_WRT_0p7,0.6470006591957812,2824,False,,,False,False,False,False,False,113.0,0.2931937172774869
IBDD,Electricity,2150,0.73,224,0.7142857142857141,0.3061554966205457,0,206,1526,2882,44,28,23,0.6292729028669983,0.6825054109120267,0.6571058437849887,0.6292729028669983,0.23537592548418218,0.2592592592592596,1.2233606186634038,-2.534149843841321,1.7596622789832348,-1.2199335447094035,0.0606453741297639,0.6825054109120267,0.563425818206474,0.11907959270555268,0.6571058437849887,0.5483683578761852,0.1087374859088035,0.6292729028669983,0.532359657129763,0.09691324573723537,0.23537592548418218,0.3103097531858907,0.07493382770170853,0.2592592592592596,0.2730367848915383,0.013777525632278742,2336.0,0.7696110744891232,2360.0,0.7775214238628873,2252.0,0.7419248516809492,2099.0,0.6914963744232037,1580.0,0.520435069215557,0.520435069215557,WACC_0p9_WRT_0p1,0.700197758734344,2825,False,,,False,False,False,False,False,206.0,0.5366492146596858
IBDD,Electricity,427,0.74,233,0.7499999999999998,0.2994025472322662,0,204,145,4599,857,25,4,0.6374501244143411,0.689508469536909,0.6646691470998618,0.6374501244143411,0.23852536302954847,0.22222222222222254,1.2233606186634038,-2.534149843841321,1.7596622789832348,-1.2199335447094035,0.0606453741297639,0.689508469536909,0.5826787494652107,0.10682972007169833,0.6646691470998618,0.5580551063263679,0.1066140407734939,0.6374501244143411,0.5796741109400294,0.057776013474311716,0.23852536302954847,0.33002778392887694,0.09150242089932847,0.22222222222222254,0.27309509605680726,0.05087287383458472,2502.0,0.8243243243243243,2445.0,0.8055372445616348,2616.0,0.8618984838497034,2321.0,0.7646671061305208,1581.0,0.5207646671061306,0.5207646671061306,WACC_0p9_WRT_0p1,0.7554383651944628,2826,False,,,False,False,False,False,False,204.0,0.5314136125654451
IBDD,Electricity,2993,0.67,114,0.5,0.4217160007489388,0,112,77,4684,479,206,8,0.4893394026958622,0.5626648881122115,0.5276780791611885,0.4893394026958622,0.455890516623069,0.48148148148148157,1.2233606186634038,-2.534149843841321,1.7596622789832348,-1.2199335447094035,0.0606453741297639,0.5626648881122115,0.5046837975370145,0.05798109057519696,0.5276780791611885,0.4872971677746923,0.04038091138649619,0.4893394026958622,0.5129034113977831,0.02356400870192088,0.455890516623069,0.3130090675430208,0.14288144908004818,0.48148148148148157,0.3326390473828522,0.14884243409862935,1583.0,0.5214238628872775,1707.0,0.5622940013183916,2089.0,0.6882003955174687,2126.0,0.7003955174686882,2284.0,0.7524719841793013,0.5214238628872775,WACC_0p1_WRT_0p9,0.6449571522742256,2827,False,,,False,False,False,False,False,112.0,0.2905759162303665
IBDD,Electricity,1264,0.74,324,0.7499999999999998,0.2428413284335072,0,244,3453,4118,802,31,19,0.7059407335558702,0.7481645482911778,0.7280177121544719,0.7059407335558702,0.26490435920648764,0.22222222222222254,1.2233606186634038,-2.534149843841321,1.7596622789832348,-1.2199335447094035,0.0606453741297639,0.7481645482911778,0.6169629885996499,0.1312015596915279,0.7280177121544719,0.6183898374250889,0.10962787472938296,0.7059407335558702,0.6117478673891404,0.09419286616672973,0.26490435920648764,0.3246763856385879,0.05977202643210028,0.22222222222222254,0.27321230770526095,0.050990085483038405,2728.0,0.8988134475939354,2781.0,0.9162821357943309,2768.0,0.9119973632168754,2257.0,0.7435728411338167,1583.0,0.5214238628872775,0.5214238628872775,WACC_0p9_WRT_0p1,0.7984179301252472,2828,False,,,False,False,False,False,False,244.0,0.6361256544502618
IBDD,Electricity,1738,0.73,124,0.7142857142857141,0.4073595105219982,0,116,4545,3721,805,100,97,0.5067238364414649,0.5775531001994092,0.5437573482153619,0.5067238364414649,0.22270073803295595,0.2592592592592596,1.2233606186634038,-2.534149843841321,1.7596622789832348,-1.2199335447094035,0.0606453741297639,0.5775531001994092,0.5050946602745059,0.0724584399249033,0.5437573482153619,0.4971902768733638,0.04656707134199811,0.5067238364414649,0.4846606144325934,0.022063222008871508,0.22270073803295595,0.2769964747789995,0.05429573674604357,0.2592592592592596,0.3287666725200707,0.06950741326081111,1594.0,0.525049439683586,1833.0,0.6038233355306526,1720.0,0.5665787738958471,1584.0,0.521753460777851,2260.0,0.7445616348055373,0.521753460777851,WACC_0p7_WRT_0p3,0.5923533289386947,2829,False,,,False,False,False,False,False,116.0,0.3010471204188482
IBDD,Electricity,2453,0.74,67,0.7499999999999998,0.5121825999482407,0,54,2231,1208,253,37,19,0.3797923911972576,0.46884767412775036,0.4263554880579704,0.3797923911972576,0.1838357749346038,0.22222222222222254,1.2233606186634038,-2.534149843841321,1.7596622789832348,-1.2199335447094035,0.0606453741297639,0.46884767412775036,0.5329040909283997,0.06405641680064939,0.4263554880579704,0.486769920870461,0.06041443281249059,0.3797923911972576,0.47642016840152884,0.09662777720427124,0.1838357749346038,0.3120941353785035,0.1282583604438997,0.22222222222222254,0.2947342521334826,0.07251202991126005,2008.0,0.6615029663810151,1699.0,0.5596572181938035,1584.0,0.521753460777851,2116.0,0.6970995385629531,1931.0,0.6361239288068556,0.521753460777851,WACC_0p5_WRT_0p5,0.6152274225444957,2830,False,,,False,False,False,False,False,54.0,0.1387434554973822
IBDD,Electricity,751,0.73,572,0.7142857142857141,0.1452059011064487,0,325,4413,2987,665,69,1,0.8241685587945022,0.8494161025562754,0.8373693907607774,0.8241685587945022,0.3104395265683833,0.2592592592592596,1.2233606186634038,-2.534149843841321,1.7596622789832348,-1.2199335447094035,0.0606453741297639,0.8494161025562754,0.6810918703860891,0.16832423217018633,0.8373693907607774,0.6957041255546081,0.1416652652061693,0.8241685587945022,0.7047703553897111,0.11939820340479113,0.3104395265683833,0.3658112631827605,0.05537173661437722,0.2592592592592596,0.2732622279345587,0.014002968675299099,2958.0,0.9746209624258405,2985.0,0.983520105471325,2996.0,0.9871456822676334,2650.0,0.8731048121292023,1584.0,0.521753460777851,0.521753460777851,WACC_0p9_WRT_0p1,0.8680290046143705,2831,False,,,False,False,False,False,False,325.0,0.8481675392670157
IBDD,Electricity,930,0.74,534,0.7499999999999998,0.1570205876077065,0,308,2491,4199,535,14,4,0.8098620234603467,0.8371638350734896,0.8241369418793686,0.8098620234603467,0.30492939830970356,0.22222222222222254,1.2233606186634038,-2.534149843841321,1.7596622789832348,-1.2199335447094035,0.0606453741297639,0.8371638350734896,0.6522707971625828,0.18489303791090672,0.8241369418793686,0.6469805473501373,0.17715639452923126,0.8098620234603467,0.6628244130717066,0.14703761038864016,0.30492939830970356,0.37330070139880256,0.068371303089099,0.22222222222222254,0.2732946517092925,0.05107242948706997,2882.0,0.9495715227422544,2894.0,0.9535266974291364,2926.0,0.9640738299274885,2702.0,0.8902439024390244,1586.0,0.522412656558998,0.522412656558998,WACC_0p9_WRT_0p1,0.8559657218193804,2832,False,,,False,False,False,False,False,308.0,0.8036649214659686
IBDD,Electricity,2142,0.74,123,0.7499999999999998,0.4087424748943598,0,109,1801,4557,284,191,100,0.5050491894961598,0.5761189149243676,0.542208428118317,0.5050491894961598,0.18753145598438328,0.22222222222222254,1.2233606186634038,-2.534149843841321,1.7596622789832348,-1.2199335447094035,0.0606453741297639,0.5761189149243676,0.5074251789755273,0.06869373594884032,0.542208428118317,0.4889008315304976,0.05330759658781942,0.5050491894961598,0.4764738711536796,0.028575318342480227,0.18753145598438328,0.29529770818374756,0.10776625219936428,0.22222222222222254,0.34315985319286685,0.1209376309706443,1632.0,0.537574159525379,1730.0,0.5698747528015821,1587.0,0.5227422544495716,1880.0,0.6193144363876071,2363.0,0.7785102175346078,0.5227422544495716,WACC_0p5_WRT_0p5,0.6056031641397495,2833,False,,,False,False,False,False,False,109.0,0.28272251308900526
IBDD,Electricity,2684,0.74,142,0.7499999999999998,0.3841962317781302,0,128,1614,4864,575,173,121,0.5347725083862314,0.601574278156013,0.5697002204084941,0.5347725083862314,0.19897932197936863,0.22222222222222254,1.2233606186634038,-2.534149843841321,1.7596622789832348,-1.2199335447094035,0.0606453741297639,0.601574278156013,0.508909315506034,0.09266496264997903,0.5697002204084941,0.48343095224873583,0.08626926815975827,0.5347725083862314,0.47655375814842654,0.05821875023780482,0.19897932197936863,0.34449663702809386,0.14551731504872523,0.22222222222222254,0.384093707715331,0.16187148549310848,1658.0,0.54614370468029,1662.0,0.547462096242584,1588.0,0.523071852340145,2462.0,0.8111404087013843,2617.0,0.8622280817402769,0.523071852340145,WACC_0p5_WRT_0p5,0.658009228740936,2834,False,,,False,False,False,False,False,128.0,0.3324607329842932
IBDD,Electricity,2278,0.73,132,0.7142857142857141,0.3966783723814455,0,124,4624,4357,632,175,138,0.5196577454538238,0.5886298360488713,0.5557202229327809,0.5196577454538238,0.22270073803295595,0.2592592592592596,1.2233606186634038,-2.534149843841321,1.7596622789832348,-1.2199335447094035,0.0606453741297639,0.5886298360488713,0.5049843995987138,0.08364543645015754,0.5557202229327809,0.4825866171142197,0.07313360581856121,0.5196577454538238,0.4818184061567975,0.03783933929702632,0.22270073803295595,0.3314266011837491,0.10872586315079316,0.2592592592592596,0.3636091079723569,0.10434984871309733,1590.0,0.523731048121292,1654.0,0.5448253131179961,1677.0,0.5524060646011866,2337.0,0.7699406723796968,2502.0,0.8243243243243243,0.523731048121292,WACC_0p1_WRT_0p9,0.6430454845088992,2835,False,,,False,False,False,False,False,124.0,0.3219895287958115
IBDD,Electricity,2174,0.74,130,0.7499999999999998,0.3992871819674755,0,116,4245,4451,720,198,135,0.5164987089005774,0.5859244038855811,0.5527983561964274,0.5164987089005774,0.1919412113126329,0.22222222222222254,1.2233606186634038,-2.534149843841321,1.7596622789832348,-1.2199335447094035,0.0606453741297639,0.5859244038855811,0.5050282718291583,0.08089613205642276,0.5527983561964274,0.48190162131215214,0.07089673488427523,0.5164987089005774,0.48136040736298885,0.03513830153758851,0.1919412113126329,0.3227090550534214,0.1307678437407885,0.22222222222222254,0.3580700611526088,0.13584783893038627,1591.0,0.5240606460118655,1641.0,0.5405405405405406,1669.0,0.5497692814765985,2230.0,0.7346736980883323,2469.0,0.8134475939353988,0.5240606460118655,WACC_0p1_WRT_0p9,0.6324983520105472,2836,False,,,False,False,False,False,False,116.0,0.3010471204188482
IBDD,Electricity,3033,0.76,23,0.8214285714285713,0.691498189633118,0,6,2063,142,651,28,10,0.16265714858895683,0.2828907663063961,0.2255220276109077,0.16265714858895683,0.10610584873789927,0.1481481481481484,1.2233606186634038,-2.534149843841321,1.7596622789832348,-1.2199335447094035,0.0606453741297639,0.2828907663063961,0.6019594499318139,0.31906868362541785,0.2255220276109077,0.5541893151702084,0.32866728755930075,0.16265714858895683,0.5449365892869729,0.382279440698016,0.10610584873789927,0.33436297957228406,0.22825713083438479,0.1481481481481484,0.27374962418426163,0.12560147603611324,2648.0,0.8724456163480554,2407.0,0.7930125247198417,2374.0,0.7821357943309163,2361.0,0.7778510217534608,1593.0,0.5247198417930126,0.5247198417930126,WACC_0p9_WRT_0p1,0.7500329597890574,2837,False,,,False,False,False,False,False,6.0,0.013089005235602094
IBDD,Electricity,753,0.73,248,0.7142857142857141,0.2887048128086339,0,227,576,2944,867,45,5,0.6504041300505308,0.7006024163466018,0.67665060965433,0.6504041300505308,0.2435145676728738,0.2592592592592596,1.2233606186634038,-2.534149843841321,1.7596622789832348,-1.2199335447094035,0.0606453741297639,0.7006024163466018,0.6070061166323396,0.0935962997142622,0.67665060965433,0.5788224057206707,0.09782820393365932,0.6504041300505308,0.5829674648052359,0.0674366652452949,0.2435145676728738,0.31567301115203983,0.07215844347916603,0.2592592592592596,0.2737676112965706,0.014508352037311045,2681.0,0.8833223467369808,2603.0,0.8576137112722478,2639.0,0.8694792353328938,2156.0,0.7102834541858932,1594.0,0.525049439683586,0.525049439683586,WACC_0p9_WRT_0p1,0.7691496374423203,2838,False,,,False,False,False,False,False,227.0,0.5916230366492147
IBDD,Electricity,1181,0.73,116,0.7142857142857141,0.4187473386096327,0,108,4921,4126,228,132,96,0.4929341887095774,0.5657435007011216,0.5310029807572112,0.4929341887095774,0.22270073803295595,0.2592592592592596,1.2233606186634038,-2.534149843841321,1.7596622789832348,-1.2199335447094035,0.0606453741297639,0.5657435007011216,0.5142947216684991,0.05144877903262246,0.5310029807572112,0.49430400990102896,0.036698970856182234,0.4929341887095774,0.48959196659653165,0.0033422221130457452,0.22270073803295595,0.27758471027601966,0.05488397224306371,0.2592592592592596,0.32112906397904717,0.06186980471978759,1741.0,0.5735003295978905,1801.0,0.5932762030323006,1797.0,0.5919578114700066,1595.0,0.5253790375741595,2203.0,0.7257745550428477,0.5253790375741595,WACC_0p7_WRT_0p3,0.601977587343441,2839,False,,,False,False,False,False,False,108.0,0.2801047120418848
IBDD,Electricity,668,0.73,207,0.7142857142857141,0.3196822110791978,0,191,2497,1989,238,33,5,0.6128932538312718,0.66847770702898,0.6419559235912984,0.6128932538312718,0.22906734238485266,0.2592592592592596,1.2233606186634038,-2.534149843841321,1.7596622789832348,-1.2199335447094035,0.0606453741297639,0.66847770702898,0.6094362554611744,0.0590414515678056,0.6419559235912984,0.5842205215074473,0.057735402083851084,0.6128932538312718,0.5825356908470664,0.030357562984205444,0.22906734238485266,0.3485124104225887,0.11944506803773602,0.2592592592592596,0.2738391158045868,0.01457985654532723,2694.0,0.8876071193144364,2632.0,0.8671720500988793,2637.0,0.8688200395517469,2488.0,0.8197099538562953,1595.0,0.5253790375741595,0.5253790375741595,WACC_0p9_WRT_0p1,0.7937376400791034,2840,False,,,False,False,False,False,False,191.0,0.4973821989528796
IBDD,Electricity,1124,0.73,137,0.7142857142857141,0.390324214459635,0,129,3414,4012,959,114,101,0.5273520659774795,0.595219333152971,0.5628368798052087,0.5273520659774795,0.22270073803295595,0.2592592592592596,1.2233606186634038,-2.534149843841321,1.7596622789832348,-1.2199335447094035,0.0606453741297639,0.595219333152971,0.5057737455153161,0.08944558763765498,0.5628368798052087,0.4881743328676841,0.07466254693752461,0.5273520659774795,0.47679821828828445,0.050553847689195075,0.22270073803295595,0.28766685836059014,0.06496612032763419,0.2592592592592596,0.3360318756674929,0.0767726164082333,1608.0,0.529663810151615,1720.0,0.5665787738958471,1597.0,0.5260382333553065,1767.0,0.5820698747528016,2312.0,0.7617007251153592,0.5260382333553065,WACC_0p5_WRT_0p5,0.5932102834541858,2841,False,,,False,False,False,False,False,129.0,0.33507853403141363
IBDD,Electricity,875,0.74,1407,0.7499999999999998,0.0,0,382,3711,1788,322,18,1,1.0,1.0,1.0,1.0,0.3781605904263647,0.22222222222222254,1.2233606186634038,-2.534149843841321,1.7596622789832348,-1.2199335447094035,0.0606453741297639,1.0,0.7436216567331334,0.2563783432668666,1.0,0.7400525506650704,0.25994744933492964,1.0,0.7447325022564485,0.2552674977435515,0.3781605904263647,0.385613619982941,0.0074530295565763405,0.22222222222222254,0.27390318322376783,0.05168096100154529,3029.0,0.998022412656559,3027.0,0.997363216875412,3030.0,0.9983520105471325,2772.0,0.9133157547791694,1597.0,0.5260382333553065,0.5260382333553065,WACC_0p9_WRT_0p1,0.8866183256427158,2842,False,,,False,False,False,False,False,382.0,0.9973821989528796
IBDD,Electricity,1635,0.74,209,0.7499999999999998,0.3180345608150853,0,189,1957,3699,991,64,38,0.614888411867784,0.6701863813769485,0.6438012918871044,0.614888411867784,0.22983577278541736,0.22222222222222254,1.2233606186634038,-2.534149843841321,1.7596622789832348,-1.2199335447094035,0.0606453741297639,0.6701863813769485,0.5266307896210556,0.14355559175589294,0.6438012918871044,0.5214833322237249,0.12231795966337955,0.614888411867784,0.5139742168982028,0.1009141949695812,0.22983577278541736,0.2777685097579214,0.047932736972504025,0.22222222222222254,0.2957026375847406,0.07348041536251804,1928.0,0.6351351351351351,2117.0,0.6974291364535267,2098.0,0.6911667765326301,1598.0,0.52636783124588,1942.0,0.6397495056031641,0.52636783124588,WACC_0p7_WRT_0p3,0.6379696769940673,2843,False,,,False,False,False,False,False,189.0,0.49214659685863876
IBDD,Electricity,224,0.76,52,0.8214285714285713,0.5550921110787378,0,8,1,1724,2,16,2,0.32783278675964167,0.42434892184427186,0.3782968355918136,0.32783278675964167,0.1192769774672258,0.1481481481481484,1.2233606186634038,-2.534149843841321,1.7596622789832348,-1.2199335447094035,0.0606453741297639,0.42434892184427186,0.5313169829984261,0.10696806115415425,0.3782968355918136,0.47796975911849204,0.09967292352667845,0.32783278675964167,0.5037860563084633,0.17595326954882162,0.1192769774672258,0.3819562286258904,0.2626792511586646,0.1481481481481484,0.3538374557266881,0.20568930757853973,1983.0,0.6532630191166776,1598.0,0.52636783124588,1976.0,0.6509558338826632,2754.0,0.9073829927488464,2446.0,0.8058668424522083,0.52636783124588,WACC_0p3_WRT_0p7,0.7087673038892551,2844,False,,,False,False,False,False,False,8.0,0.01832460732984293
IBDD,Electricity,1681,0.73,117,0.7142857142857141,0.4172819839037627,0,109,885,4991,428,224,132,0.49470860302639985,0.5672631278035053,0.5326441780277857,0.49470860302639985,0.22270073803295595,0.2592592592592596,1.2233606186634038,-2.534149843841321,1.7596622789832348,-1.2199335447094035,0.0606453741297639,0.5672631278035053,0.511290598520884,0.05597252928262131,0.5326441780277857,0.4779851605510859,0.05465901747669982,0.49470860302639985,0.4850730264816414,0.00963557654475844,0.22270073803295595,0.3430034869207815,0.12030274888782552,0.2592592592592596,0.38147155423356655,0.12221229497430697,1694.0,0.5580092287409361,1599.0,0.5266974291364536,1727.0,0.5688859591298616,2444.0,0.8052076466710613,2609.0,0.8595912986156888,0.5266974291364536,WACC_0p3_WRT_0p7,0.6636783124588004,2845,False,,,False,False,False,False,False,109.0,0.28272251308900526
IBDD,Electricity,1381,0.74,424,0.7499999999999998,0.1966521345478171,0,283,2429,3857,132,13,2,0.761871742331383,0.7960644530615228,0.7797496093064447,0.761871742331383,0.2864460549974074,0.22222222222222254,1.2233606186634038,-2.534149843841321,1.7596622789832348,-1.2199335447094035,0.0606453741297639,0.7960644530615228,0.6605164297131677,0.13554802334835514,0.7797496093064447,0.639561806237949,0.14018780306849565,0.761871742331383,0.6551183165162482,0.1067534258151348,0.2864460549974074,0.3604920727028823,0.07404601770547492,0.22222222222222254,0.27401049952101586,0.05178827729879332,2901.0,0.955833882663151,2868.0,0.9449571522742255,2913.0,0.959789057350033,2609.0,0.8595912986156888,1599.0,0.5266974291364536,0.5266974291364536,WACC_0p9_WRT_0p1,0.8493737640079104,2846,False,,,False,False,False,False,False,283.0,0.7382198952879581
IBDD,Electricity,950,0.74,288,0.7499999999999998,0.2630547826512143,0,228,931,2989,722,52,10,0.6814640369494748,0.727202447620963,0.7053786434306399,0.6814640369494748,0.2554772173793506,0.22222222222222254,1.2233606186634038,-2.534149843841321,1.7596622789832348,-1.2199335447094035,0.0606453741297639,0.727202447620963,0.5981067804819952,0.1290956671389678,0.7053786434306399,0.5977664992684901,0.10761214416214981,0.6814640369494748,0.597915447603093,0.08354858934638176,0.2554772173793506,0.3236494665596129,0.06817224918026232,0.22222222222222254,0.2740310870036587,0.05180886478143615,2620.0,0.8632168754119973,2705.0,0.8912326961107448,2724.0,0.8974950560316414,2244.0,0.7392880685563612,1600.0,0.527027027027027,0.527027027027027,WACC_0p9_WRT_0p1,0.7836519446275544,2847,False,,,False,False,False,False,False,228.0,0.5942408376963351
IBDD,Electricity,2358,0.73,186,0.7142857142857141,0.3380070378924402,0,172,3949,424,863,65,32,0.5907035171617443,0.6494741829263583,0.6214321175604669,0.5907035171617443,0.22270073803295595,0.2592592592592596,1.2233606186634038,-2.534149843841321,1.7596622789832348,-1.2199335447094035,0.0606453741297639,0.6494741829263583,0.5623820805258752,0.08709210240048304,0.6214321175604669,0.5120859453951369,0.10934617216533005,0.5907035171617443,0.5037711452827949,0.08693237187894942,0.22270073803295595,0.305854510223634,0.08315377219067807,0.2592592592592596,0.2741036832237496,0.014844423964490039,2322.0,0.7649967040210943,2009.0,0.6618325642715887,1975.0,0.6506262359920897,2031.0,0.6690837178642056,1601.0,0.5273566249176005,0.5273566249176005,WACC_0p9_WRT_0p1,0.6547791694133157,2848,False,,,False,False,False,False,False,172.0,0.4476439790575916
IBDD,Electricity,2044,0.71,110,0.6428571428571426,0.427811438654111,0,106,4963,4900,437,205,159,0.4819583691188635,0.5563436932475886,0.5208511887073957,0.4819583691188635,0.3004306642296604,0.3333333333333337,1.2233606186634038,-2.534149843841321,1.7596622789832348,-1.2199335447094035,0.0606453741297639,0.5563436932475886,0.5082214996751705,0.04812219357241809,0.5208511887073957,0.478527948605663,0.04232324010173266,0.4819583691188635,0.4992552452180495,0.017296876099185954,0.3004306642296604,0.35819942550143286,0.05776876127177244,0.3333333333333337,0.3954721383732364,0.06213880503990271,1644.0,0.541529334212261,1602.0,0.527686222808174,1919.0,0.6321687541199736,2588.0,0.8526697429136454,2679.0,0.8826631509558339,0.527686222808174,WACC_0p3_WRT_0p7,0.6873434410019776,2849,False,,,False,False,False,False,False,106.0,0.27486910994764396
IBDD,Electricity,2715,0.74,144,0.7499999999999998,0.3818048302984436,0,130,4215,4758,386,184,148,0.5376682830446319,0.6040542500608733,0.5723785900657432,0.5376682830446319,0.20009462274250503,0.22222222222222254,1.2233606186634038,-2.534149843841321,1.7596622789832348,-1.2199335447094035,0.0606453741297639,0.6040542500608733,0.5054674751240823,0.09858677493679102,0.5723785900657432,0.48264181575069076,0.08973677431505245,0.5376682830446319,0.4878553017689953,0.0498129812756366,0.20009462274250503,0.3628139337298111,0.16271931098730605,0.22222222222222254,0.3849050786771304,0.16268285645490788,1604.0,0.528345418589321,1655.0,0.5451549110085695,1774.0,0.5843770599868161,2625.0,0.8648648648648649,2624.0,0.8645352669742914,0.528345418589321,WACC_0p1_WRT_0p9,0.6774555042847726,2850,False,,,False,False,False,False,False,130.0,0.337696335078534
IBDD,Electricity,676,0.74,1102,0.7499999999999998,0.0324458694625234,0,376,3330,3876,25,18,4,0.9607109356762391,0.9663524316684943,0.9636606262019738,0.9607109356762391,0.3630285001941056,0.22222222222222254,1.2233606186634038,-2.534149843841321,1.7596622789832348,-1.2199335447094035,0.0606453741297639,0.9663524316684943,0.6833014655527581,0.2830509661157362,0.9636606262019738,0.6933735651565889,0.2702870610453849,0.9607109356762391,0.7012387242988648,0.2594722113773743,0.3630285001941056,0.36203126011119424,0.0009972400829113548,0.22222222222222254,0.2743821976233796,0.05215997540115708,2961.0,0.975609756097561,2980.0,0.9818721160184575,2995.0,0.98681608437706,2618.0,0.8625576796308504,1605.0,0.5286750164798946,0.5286750164798946,WACC_0p9_WRT_0p1,0.8671061305207648,2851,False,,,False,False,False,False,False,376.0,0.981675392670157
IBDD,Electricity,2081,0.74,132,0.7499999999999998,0.3966783723814455,0,118,1864,4159,818,130,80,0.5196577454538238,0.5886298360488713,0.5557202229327809,0.5196577454538238,0.19315790677213307,0.22222222222222254,1.2233606186634038,-2.534149843841321,1.7596622789832348,-1.2199335447094035,0.0606453741297639,0.5886298360488713,0.5103141399514608,0.07831569609741051,0.5557202229327809,0.4907003658277331,0.06501985710504782,0.5196577454538238,0.4806798606141724,0.03897788483965142,0.19315790677213307,0.2778572207925477,0.08469931402041464,0.22222222222222254,0.3169473060390539,0.09472508381683137,1682.0,0.5540540540540541,1756.0,0.5784442979564931,1660.0,0.5468029004614371,1606.0,0.529004614370468,2176.0,0.7168754119973633,0.529004614370468,WACC_0p7_WRT_0p3,0.5850362557679631,2852,False,,,False,False,False,False,False,118.0,0.306282722513089
IBDD,Electricity,1781,0.73,111,0.7142857142857141,0.4262672297500796,0,103,4411,4548,507,237,146,0.48382826886156854,0.5579450950739915,0.5225807026799109,0.48382826886156854,0.22270073803295595,0.2592592592592596,1.2233606186634038,-2.534149843841321,1.7596622789832348,-1.2199335447094035,0.0606453741297639,0.5579450950739915,0.5056311243214133,0.052313970752578154,0.5225807026799109,0.4809323711573004,0.04164833152261044,0.48382826886156854,0.4831132424312192,0.0007150264303493192,0.22270073803295595,0.3754981614787334,0.15279742344577743,0.2592592592592596,0.3946747484939464,0.13541548923468683,1606.0,0.529004614370468,1628.0,0.536255767963085,1698.0,0.55932762030323,2721.0,0.8965062623599209,2677.0,0.8820039551746869,0.529004614370468,WACC_0p1_WRT_0p9,0.6806196440342782,2853,False,,,False,False,False,False,False,103.0,0.2670157068062827
IBDD,Electricity,488,0.74,534,0.7499999999999998,0.1570205876077065,0,308,4728,1930,562,85,5,0.8098620234603467,0.8371638350734896,0.8241369418793686,0.8098620234603467,0.30492939830970356,0.22222222222222254,1.2233606186634038,-2.534149843841321,1.7596622789832348,-1.2199335447094035,0.0606453741297639,0.8371638350734896,0.6623018328894164,0.17486200218407322,0.8241369418793686,0.6560080724846871,0.16812886939468152,0.8098620234603467,0.6528954838152566,0.1569665396450901,0.30492939830970356,0.33030591655640207,0.02537651824669851,0.22222222222222254,0.2744149525820039,0.052192730359781336,2905.0,0.9571522742254449,2916.0,0.9607778510217535,2900.0,0.9555042847725774,2325.0,0.7659854976928148,1606.0,0.529004614370468,0.529004614370468,WACC_0p9_WRT_0p1,0.8336849044166117,2854,False,,,False,False,False,False,False,308.0,0.8036649214659686
IBDD,Electricity,2980,0.66,106,0.4642857142857142,0.4341306116852848,0,105,2030,4374,909,185,78,0.47430641218852043,0.5497904767708157,0.513773714912481,0.47430641218852043,0.4947554797214213,0.5185185185185187,1.2233606186634038,-2.534149843841321,1.7596622789832348,-1.2199335447094035,0.0606453741297639,0.5497904767708157,0.505647881207009,0.04414259556380673,0.513773714912481,0.4911540371422663,0.02261967777021473,0.47430641218852043,0.48300412516180247,0.008697712973282035,0.4947554797214213,0.2825575480426265,0.2121979316787948,0.5185185185185187,0.34106406873671447,0.17745444978180425,1607.0,0.5293342122610415,1763.0,0.5807514831905076,1692.0,0.557350032959789,1688.0,0.5560316413974951,2347.0,0.7732366512854317,0.5293342122610415,WACC_0p1_WRT_0p9,0.5993408042188529,2855,False,,,False,False,False,False,False,105.0,0.27225130890052357
IBDD,Electricity,994,0.73,297,0.7142857142857141,0.2577746303847585,0,250,750,605,595,18,8,0.6878578320757126,0.7326781610824726,0.7112924139690704,0.6878578320757126,0.2579397724552244,0.2592592592592596,1.2233606186634038,-2.534149843841321,1.7596622789832348,-1.2199335447094035,0.0606453741297639,0.7326781610824726,0.6218997169069524,0.11077844417552019,0.7112924139690704,0.5628947949415118,0.14839761902755855,0.6878578320757126,0.5644029553635356,0.12345487671217703,0.2579397724552244,0.3314800102762974,0.073540237821073,0.2592592592592596,0.27446419469931127,0.015204935440051692,2749.0,0.9057350032959789,2477.0,0.8160843770599868,2528.0,0.8328938694792354,2338.0,0.7702702702702703,1607.0,0.5293342122610415,0.5293342122610415,WACC_0p9_WRT_0p1,0.7708635464733026,2856,False,,,False,False,False,False,False,250.0,0.6518324607329843
IBDD,Electricity,1110,0.74,97,0.7499999999999998,0.4492584163869911,0,84,2123,152,284,18,2,0.45598798516380645,0.5341023830060834,0.49683057364657,0.45598798516380645,0.1838357749346038,0.22222222222222254,1.2233606186634038,-2.534149843841321,1.7596622789832348,-1.2199335447094035,0.0606453741297639,0.5341023830060834,0.7035531453978247,0.16945076239174128,0.49683057364657,0.6282053974824474,0.1313748238358774,0.45598798516380645,0.6392596874354581,0.18327170227165168,0.1838357749346038,0.34907870890216774,0.16524293396756395,0.22222222222222254,0.27447367295809677,0.05225145073587423,2996.0,0.9871456822676334,2826.0,0.9311140408701384,2860.0,0.9423203691496375,2501.0,0.8239947264337508,1608.0,0.529663810151615,0.529663810151615,WACC_0p9_WRT_0p1,0.842847725774555,2857,False,,,False,False,False,False,False,84.0,0.21727748691099477
IBDD,Electricity,2862,0.75,113,0.7857142857142856,0.4232197495097513,0,31,98,4206,73,77,12,0.48751849659073904,0.5611054449528504,0.5259938805490785,0.48751849659073904,0.18077955106008045,0.18518518518518542,1.2233606186634038,-2.534149843841321,1.7596622789832348,-1.2199335447094035,0.0606453741297639,0.5611054449528504,0.531320665705516,0.02978477924733447,0.5259938805490785,0.5102988032066988,0.015695077342379626,0.48751849659073904,0.5013589130939681,0.013840416503229036,0.18077955106008045,0.27907334652654947,0.09829379546646902,0.18518518518518542,0.27452917700270435,0.08934399181751893,1986.0,0.6542518127883982,1994.0,0.6568885959129862,1948.0,0.6417270929466051,1630.0,0.5369149637442321,1609.0,0.5299934080421885,0.5299934080421885,WACC_0p9_WRT_0p1,0.6039551746868821,2858,False,,,False,False,False,False,False,31.0,0.07853403141361257
IBDD,Electricity,691,0.73,489,0.7142857142857141,0.1721483923094131,0,315,1341,1851,803,49,6,0.7915435964356323,0.8214757413087568,0.8071938006134572,0.7915435964356323,0.2978740994518127,0.2592592592592596,1.2233606186634038,-2.534149843841321,1.7596622789832348,-1.2199335447094035,0.0606453741297639,0.8214757413087568,0.6312784301611097,0.19019731114764704,0.8071938006134572,0.615213825955744,0.19197997465771321,0.7915435964356323,0.6008945068810344,0.19064908955459792,0.2978740994518127,0.3308253464789807,0.03295124702716801,0.2592592592592596,0.2745479212313205,0.015288661972060913,2799.0,0.9222148978246539,2770.0,0.9126565589980224,2737.0,0.9017798286090969,2330.0,0.7676334871456822,1610.0,0.530323005932762,0.530323005932762,WACC_0p9_WRT_0p1,0.8069215557020435,2859,False,,,False,False,False,False,False,315.0,0.8219895287958116
IBDD,Electricity,749,0.74,583,0.7499999999999998,0.1419318879805985,0,324,1511,4245,929,21,9,0.828133097715148,0.8528113754275275,0.8410362854617297,0.828133097715148,0.31196645936021955,0.22222222222222254,1.2233606186634038,-2.534149843841321,1.7596622789832348,-1.2199335447094035,0.0606453741297639,0.8528113754275275,0.6416143428790438,0.21119703254848365,0.8410362854617297,0.6540719370699246,0.1869643483918051,0.828133097715148,0.6540087250391187,0.17412437267602932,0.31196645936021955,0.3589690161344981,0.04700255677427856,0.22222222222222254,0.2747109171293086,0.052488694907086075,2835.0,0.9340804218852999,2906.0,0.9574818721160184,2907.0,0.957811470006592,2595.0,0.8549769281476599,1612.0,0.5309822017139091,0.5309822017139091,WACC_0p9_WRT_0p1,0.8470665787738959,2860,False,,,False,False,False,False,False,324.0,0.8455497382198953
IBDD,Electricity,2224,0.73,124,0.7142857142857141,0.4073595105219982,0,116,3920,4916,936,232,145,0.5067238364414649,0.5775531001994092,0.5437573482153619,0.5067238364414649,0.22270073803295595,0.2592592592592596,1.2233606186634038,-2.534149843841321,1.7596622789832348,-1.2199335447094035,0.0606453741297639,0.5775531001994092,0.5147315054078253,0.06282159479158389,0.5437573482153619,0.47946767409216934,0.06428967412319259,0.5067238364414649,0.4889108446924196,0.017812991749045326,0.22270073803295595,0.3633111173158633,0.14061037928290734,0.2592592592592596,0.39908498693321764,0.13982572767395807,1753.0,0.5774555042847725,1613.0,0.5313117996044825,1790.0,0.5896506262359921,2632.0,0.8671720500988793,2691.0,0.8866183256427159,0.5313117996044825,WACC_0p3_WRT_0p7,0.6904416611733685,2861,False,,,False,False,False,False,False,116.0,0.3010471204188482
IBDD,Electricity,2301,0.74,115,0.7499999999999998,0.4202252716212888,0,101,3529,4264,918,135,105,0.4911445431823328,0.5642108294297744,0.5293476957841564,0.4911445431823328,0.1838357749346038,0.22222222222222254,1.2233606186634038,-2.534149843841321,1.7596622789832348,-1.2199335447094035,0.0606453741297639,0.5642108294297744,0.5068254035272123,0.057385425902562126,0.5293476957841564,0.4902769212136036,0.0390707745705528,0.4911445431823328,0.4777199151051475,0.013424628077185308,0.1838357749346038,0.2968281923770105,0.11299241744240673,0.22222222222222254,0.34228877766531435,0.1200665554430918,1623.0,0.5346077785102176,1747.0,0.5754779169413315,1614.0,0.531641397495056,1902.0,0.6265655899802242,2356.0,0.7762030323005933,0.531641397495056,WACC_0p5_WRT_0p5,0.6088991430454845,2862,False,,,False,False,False,False,False,101.0,0.2617801047120419
IBDD,Electricity,579,0.74,1064,0.7499999999999998,0.0384822526867928,0,374,4853,4145,501,27,2,0.9534014120693858,0.9600924786951778,0.9568998769907922,0.9534014120693858,0.36021325445900065,0.22222222222222254,1.2233606186634038,-2.534149843841321,1.7596622789832348,-1.2199335447094035,0.0606453741297639,0.9600924786951778,0.7122358148369592,0.24785666385821858,0.9568998769907922,0.7246348346538279,0.2322650423369642,0.9534014120693858,0.7527840120263986,0.20061740004298723,0.36021325445900065,0.3767967238699992,0.01658346941099853,0.22222222222222254,0.27483344280825145,0.052611220586028906,3003.0,0.989452867501648,3018.0,0.9943968358602505,3034.0,0.9996704021094265,2733.0,0.9004614370468029,1614.0,0.531641397495056,0.531641397495056,WACC_0p9_WRT_0p1,0.8831245880026367,2863,False,,,False,False,False,False,False,374.0,0.9764397905759162
IBDD,Electricity,1214,0.73,126,0.7142857142857141,0.4046264668097131,0,118,1232,4617,392,123,96,0.5100333094804184,0.5803873677528902,0.5468183571731213,0.5100333094804184,0.22270073803295595,0.2592592592592596,1.2233606186634038,-2.534149843841321,1.7596622789832348,-1.2199335447094035,0.0606453741297639,0.5803873677528902,0.5116167758688364,0.06877059188405388,0.5468183571731213,0.4974857233000921,0.04933263387302922,0.5100333094804184,0.4777342109111951,0.03229909856922325,0.22270073803295595,0.2970578171507933,0.07435707911783737,0.2592592592592596,0.3279001503705487,0.06864089111128913,1701.0,0.5603164139749506,1836.0,0.6048121292023731,1615.0,0.5319709953856295,1907.0,0.6282135794330916,2255.0,0.7429136453526698,0.5319709953856295,WACC_0p5_WRT_0p5,0.613645352669743,2864,False,,,False,False,False,False,False,118.0,0.306282722513089
IBDD,Electricity,454,0.74,685,0.7499999999999998,0.1142152288918036,0,346,1705,3214,919,33,10,0.8616955085803345,0.881554577445537,0.8720789436411801,0.8616955085803345,0.3248929425525671,0.22222222222222254,1.2233606186634038,-2.534149843841321,1.7596622789832348,-1.2199335447094035,0.0606453741297639,0.881554577445537,0.6222639120189982,0.2592906654265388,0.8720789436411801,0.640771891693506,0.2313070519476741,0.8616955085803345,0.6161064606937126,0.24558904788662195,0.3248929425525671,0.3490065703985661,0.024113627845998964,0.22222222222222254,0.27494870260938387,0.05272648038716132,2753.0,0.9070533948582729,2872.0,0.9462755438365195,2786.0,0.9179301252471984,2499.0,0.8233355306526038,1617.0,0.5326301911667766,0.5326301911667766,WACC_0p9_WRT_0p1,0.8254449571522743,2865,False,,,False,False,False,False,False,346.0,0.9031413612565445
IBDD,Electricity,2033,0.73,151,0.7142857142857141,0.3736871857445338,0,143,4996,811,772,60,38,0.5474980291515862,0.6124725481167796,0.5814703519661221,0.5474980291515862,0.22270073803295595,0.2592592592592596,1.2233606186634038,-2.534149843841321,1.7596622789832348,-1.2199335447094035,0.0606453741297639,0.6124725481167796,0.5555235129896104,0.0569490351271692,0.5814703519661221,0.507471263397402,0.07399908856872006,0.5474980291515862,0.5099436856649636,0.037554343486622566,0.22270073803295595,0.28430500822729293,0.06160427019433698,0.2592592592592596,0.27501682081001705,0.01575756155075747,2259.0,0.7442320369149638,1973.0,0.6499670402109426,2052.0,0.6760052735662492,1719.0,0.5662491760052736,1618.0,0.5329597890573501,0.5329597890573501,WACC_0p9_WRT_0p1,0.6338826631509559,2866,False,,,False,False,False,False,False,143.0,0.3717277486910995
IBDD,Electricity,1306,0.74,153,0.7499999999999998,0.3714364590716454,0,139,4036,3457,688,71,58,0.5502234591212918,0.6148066350368121,0.5839911658397571,0.5502234591212918,0.2049302191239393,0.22222222222222254,1.2233606186634038,-2.534149843841321,1.7596622789832348,-1.2199335447094035,0.0606453741297639,0.6148066350368121,0.5297065764220237,0.08510005861478842,0.5839911658397571,0.5161704813529362,0.06782068448682088,0.5502234591212918,0.5032190610131234,0.047004398108168366,0.2049302191239393,0.2785483544851457,0.0736181353612064,0.22222222222222254,0.3057274455699557,0.08350522334773314,1962.0,0.6463414634146342,2054.0,0.6766644693473962,1972.0,0.6496374423203691,1618.0,0.5329597890573501,2046.0,0.6740276862228082,0.5329597890573501,WACC_0p7_WRT_0p3,0.6359261700725115,2867,False,,,False,False,False,False,False,139.0,0.3612565445026178
IBDD,Electricity,202,0.75,115,0.7857142857142856,0.4202252716212888,0,33,52,1,2,2,1,0.4911445431823328,0.5642108294297744,0.5293476957841564,0.4911445431823328,0.18217611433168757,0.18518518518518542,1.2233606186634038,-2.534149843841321,1.7596622789832348,-1.2199335447094035,0.0606453741297639,0.5642108294297744,0.5066456445050979,0.05756518492467655,0.5293476957841564,0.4949132991869799,0.03443439659717651,0.4911445431823328,0.5313256794282549,0.04018113624592212,0.18217611433168757,0.3598147893343909,0.17763867500270336,0.18518518518518542,0.3322230761952892,0.14703789101010376,1620.0,0.533618984838497,1809.0,0.5959129861568886,2245.0,0.7396176664469347,2603.0,0.8576137112722478,2282.0,0.7518127883981542,0.533618984838497,WACC_0p1_WRT_0p9,0.6957152274225444,2868,False,,,False,False,False,False,False,33.0,0.08376963350785341
IBDD,Electricity,1793,0.74,778,0.7499999999999998,0.0923256335920965,0,359,3358,2957,534,20,4,0.8882018630716098,0.9042548984970851,0.8965952903768519,0.8882018630716098,0.33510180231529885,0.22222222222222254,1.2233606186634038,-2.534149843841321,1.7596622789832348,-1.2199335447094035,0.0606453741297639,0.9042548984970851,0.6911491099126178,0.21310578858446727,0.8965952903768519,0.696613147749715,0.19998214262713698,0.8882018630716098,0.6935424204783479,0.19465944259326184,0.33510180231529885,0.36505603379088075,0.029954231475581905,0.22222222222222254,0.27521829887417754,0.05299607665195499,2978.0,0.9812129202373104,2988.0,0.9845088991430455,2983.0,0.982860909690178,2643.0,0.8707976268951879,1620.0,0.533618984838497,0.533618984838497,WACC_0p9_WRT_0p1,0.8705998681608437,2869,False,,,False,False,False,False,False,359.0,0.93717277486911
IBDD,Electricity,622,0.76,79,0.8214285714285713,0.484200393167689,0,13,2032,1468,874,15,1,0.4136763567168665,0.4978662589372113,0.4576955596521882,0.4136763567168665,0.15233942547432625,0.1481481481481484,1.2233606186634038,-2.534149843841321,1.7596622789832348,-1.2199335447094035,0.0606453741297639,0.4978662589372113,0.6729638121750299,0.17509755323781856,0.4576955596521882,0.6170906803922745,0.15939512074008633,0.4136763567168665,0.624710680614625,0.2110343238977585,0.15233942547432625,0.36453026203884276,0.2121908365645165,0.1481481481481484,0.27530263533805543,0.12715448718990705,2936.0,0.9673698088332234,2777.0,0.914963744232037,2818.0,0.9284772577455505,2637.0,0.8688200395517469,1622.0,0.534278180619644,0.534278180619644,WACC_0p9_WRT_0p1,0.8427818061964404,2870,False,,,False,False,False,False,False,13.0,0.031413612565445025
IBDD,Electricity,2723,0.73,184,0.7142857142857141,0.3398584335660483,0,171,3823,2305,342,46,30,0.5884616415420098,0.6475542170426166,0.6193585544060259,0.5884616415420098,0.22270073803295595,0.2592592592592596,1.2233606186634038,-2.534149843841321,1.7596622789832348,-1.2199335447094035,0.0606453741297639,0.6475542170426166,0.5679305398960971,0.07962367714651952,0.6193585544060259,0.5445921602005571,0.07476639420546882,0.5884616415420098,0.540794066620678,0.04766757492133178,0.22270073803295595,0.2837741050546521,0.06107336702169616,0.2592592592592596,0.27531782163453855,0.016058562375278973,2374.0,0.7821357943309163,2325.0,0.7659854976928148,2331.0,0.7679630850362558,1709.0,0.5629531970995386,1623.0,0.5346077785102176,0.5346077785102176,WACC_0p9_WRT_0p1,0.6827290705339486,2871,False,,,False,False,False,False,False,171.0,0.44502617801047123
IBDD,Electricity,2204,0.73,135,0.7142857142857141,0.3928378085708742,0,127,4037,4802,252,136,85,0.5243083269020213,0.5926126429635379,0.5600216544006209,0.5243083269020213,0.22270073803295595,0.2592592592592596,1.2233606186634038,-2.534149843841321,1.7596622789832348,-1.2199335447094035,0.0606453741297639,0.5926126429635379,0.5360252467718851,0.05658739619165276,0.5600216544006209,0.5214803682462078,0.0385412861544131,0.5243083269020213,0.5115550083712824,0.01275331853073891,0.22270073803295595,0.27885978561326547,0.05615904758030951,0.2592592592592596,0.3094613664432778,0.05020210718401824,2047.0,0.6743572841133817,2116.0,0.6970995385629531,2074.0,0.6832564271588661,1624.0,0.5349373764007911,2098.0,0.6911667765326301,0.5349373764007911,WACC_0p7_WRT_0p3,0.6561634805537244,2872,False,,,False,False,False,False,False,127.0,0.3298429319371728
IBDD,Electricity,2379,0.73,120,0.7142857142857141,0.4129592931336661,0,112,2451,4965,192,185,137,0.4999429973740139,0.5717459182317536,0.537485591690294,0.4999429973740139,0.22270073803295595,0.2592592592592596,1.2233606186634038,-2.534149843841321,1.7596622789832348,-1.2199335447094035,0.0606453741297639,0.5717459182317536,0.5094207661049976,0.062325152126755934,0.537485591690294,0.4802530721108397,0.0572325195794543,0.4999429973740139,0.4789956281126381,0.020947369261375748,0.22270073803295595,0.355596225676656,0.13289548764370004,0.2592592592592596,0.3900488251298034,0.1307895658705438,1667.0,0.5491100856954515,1624.0,0.5349373764007911,1630.0,0.5369149637442321,2563.0,0.8444297956493079,2655.0,0.8747528015820699,0.5349373764007911,WACC_0p3_WRT_0p7,0.6680290046143705,2873,False,,,False,False,False,False,False,112.0,0.2905759162303665
IBDD,Electricity,2871,0.73,443,0.7142857142857141,0.1891218558993781,0,308,1347,3471,900,46,9,0.7709902405283906,0.8038736309191634,0.7881835213926965,0.7709902405283906,0.2899580230189101,0.2592592592592596,1.2233606186634038,-2.534149843841321,1.7596622789832348,-1.2199335447094035,0.0606453741297639,0.8038736309191634,0.6295179265533287,0.1743557043658347,0.7881835213926965,0.6285193339930826,0.15966418739961397,0.7709902405283906,0.6366853064222198,0.13430493410617084,0.2899580230189101,0.34981064952005764,0.05985262650114753,0.2592592592592596,0.27535521864302565,0.016095959383766067,2789.0,0.918918918918919,2828.0,0.9317732366512854,2854.0,0.9403427818061965,2508.0,0.8263019116677653,1624.0,0.5349373764007911,0.5349373764007911,WACC_0p9_WRT_0p1,0.8304548450889915,2874,False,,,False,False,False,False,False,308.0,0.8036649214659686
IBDD,Electricity,2964,0.75,87,0.7857142857142856,0.4677900638121001,0,25,116,1244,661,21,5,0.43354780711429075,0.5148843782689332,0.47607512853044787,0.43354780711429075,0.15999286761236747,0.18518518518518542,1.2233606186634038,-2.534149843841321,1.7596622789832348,-1.2199335447094035,0.0606453741297639,0.5148843782689332,0.5280502575667733,0.013165879297840077,0.47607512853044787,0.48123730349910715,0.005162174968659283,0.43354780711429075,0.47877674585660185,0.0452289387423111,0.15999286761236747,0.30486953317685866,0.1448766655644912,0.18518518518518542,0.2773366667348535,0.0921514815496681,1943.0,0.6400791034937376,1631.0,0.5372445616348055,1626.0,0.535596572181938,2018.0,0.6647989452867502,1667.0,0.5491100856954515,0.535596572181938,WACC_0p5_WRT_0p5,0.5853658536585366,2875,False,,,False,False,False,False,False,25.0,0.06282722513089005
IBDD,Electricity,687,0.74,587,0.7499999999999998,0.1407566060201094,0,325,402,338,990,10,3,0.8295562597172497,0.8540301863495161,0.8423526012574774,0.8295562597172497,0.3125145868405144,0.22222222222222254,1.2233606186634038,-2.534149843841321,1.7596622789832348,-1.2199335447094035,0.0606453741297639,0.8540301863495161,0.613744058306673,0.2402861280428431,0.8423526012574774,0.5487797120332308,0.2935728892242465,0.8295562597172497,0.5481360867928694,0.28142017292438026,0.3125145868405144,0.3016713497625979,0.010843237077916512,0.22222222222222254,0.2755093731837506,0.053287150961528085,2712.0,0.8935398813447594,2365.0,0.7791694133157547,2400.0,0.7907053394858273,1983.0,0.6532630191166776,1626.0,0.535596572181938,0.535596572181938,WACC_0p9_WRT_0p1,0.7304548450889914,2876,False,,,False,False,False,False,False,325.0,0.8481675392670157
IBDD,Electricity,1964,0.74,173,0.7499999999999998,0.3504130440091398,0,159,1598,2531,892,59,33,0.5756809463262493,0.6366086951016329,0.6075373907097634,0.5756809463262493,0.2147351101312068,0.22222222222222254,1.2233606186634038,-2.534149843841321,1.7596622789832348,-1.2199335447094035,0.0606453741297639,0.6366086951016329,0.5235525427632474,0.11305615233838551,0.6075373907097634,0.5005291676689838,0.10700822304077962,0.5756809463262493,0.4919509274627772,0.08373001886347214,0.2147351101312068,0.2790254018604907,0.06429029172928388,0.22222222222222254,0.27721442415328174,0.05499220193105919,1880.0,0.6193144363876071,1883.0,0.6203032300593276,1828.0,0.6021753460777851,1627.0,0.5359261700725115,1662.0,0.547462096242584,0.5359261700725115,WACC_0p7_WRT_0p3,0.5850362557679631,2877,False,,,False,False,False,False,False,159.0,0.41361256544502617
IBDD,Electricity,61,0.72,105,0.6785714285714283,0.4357473197013715,0,98,1,3613,814,79,3,0.47234872246440507,0.5481138906800592,0.5119630019344639,0.47234872246440507,0.2615657011313083,0.2962962962962967,1.2233606186634038,-2.534149843841321,1.7596622789832348,-1.2199335447094035,0.0606453741297639,0.5481138906800592,0.5081846714247437,0.03992921925531556,0.5119630019344639,0.4812318797978789,0.030731122136584965,0.47234872246440507,0.5011870809564274,0.02883835849202232,0.2615657011313083,0.3160074302761866,0.054441729144878326,0.2962962962962967,0.3529997057224757,0.05670340942617896,1643.0,0.5411997363216875,1630.0,0.5369149637442321,1943.0,0.6400791034937376,2158.0,0.7109426499670403,2437.0,0.8029004614370469,0.5369149637442321,WACC_0p3_WRT_0p7,0.6464073829927489,2878,False,,,False,False,False,False,False,98.0,0.25392670157068065
IBDD,Electricity,1175,0.71,117,0.6428571428571426,0.4172819839037627,0,113,1769,4942,518,207,142,0.49470860302639985,0.5672631278035053,0.5326441780277857,0.49470860302639985,0.3004306642296604,0.3333333333333337,1.2233606186634038,-2.534149843841321,1.7596622789832348,-1.2199335447094035,0.0606453741297639,0.5672631278035053,0.5073478245125935,0.05991530329091177,0.5326441780277857,0.48631371628428693,0.04633046174349881,0.49470860302639985,0.484760763317742,0.009947839708657868,0.3004306642296604,0.3580207257382271,0.05759006150856666,0.3333333333333337,0.4066768749292474,0.07334354159591372,1630.0,0.5369149637442321,1694.0,0.5580092287409361,1723.0,0.5675675675675675,2586.0,0.8520105471324984,2718.0,0.8955174686882004,0.5369149637442321,WACC_0p1_WRT_0p9,0.6820039551746868,2879,False,,,False,False,False,False,False,113.0,0.2931937172774869
IBDD,Electricity,712,0.73,519,0.7142857142857141,0.161916978378986,0,322,3964,2046,683,47,8,0.8039329293983346,0.8320860964958664,0.8186529842155357,0.8039329293983346,0.3026458217500128,0.2592592592592596,1.2233606186634038,-2.534149843841321,1.7596622789832348,-1.2199335447094035,0.0606453741297639,0.8320860964958664,0.6886141092528323,0.14347198724303412,0.8186529842155357,0.6792139779668576,0.1394390062486781,0.8039329293983346,0.6807935638130145,0.12313936558532013,0.3026458217500128,0.3519180396558946,0.049272217905881766,0.2592592592592596,0.2758675961855765,0.016608336926316913,2972.0,0.9792353328938694,2962.0,0.9759393539881345,2959.0,0.974950560316414,2530.0,0.8335530652603823,1632.0,0.537574159525379,0.537574159525379,WACC_0p9_WRT_0p1,0.8602504943968359,2880,False,,,False,False,False,False,False,322.0,0.8403141361256544
IBDD,Electricity,2738,0.72,121,0.6785714285714283,0.411542181111966,0,114,2810,4822,165,127,111,0.5016589940878285,0.5732155158838871,0.5390727571545981,0.5016589940878285,0.2615657011313083,0.2962962962962967,1.2233606186634038,-2.534149843841321,1.7596622789832348,-1.2199335447094035,0.0606453741297639,0.5732155158838871,0.5101990439789978,0.06301647190488924,0.5390727571545981,0.4908057379405548,0.048267019214043305,0.5016589940878285,0.47923985396954083,0.022419140118287717,0.2615657011313083,0.3132583581574602,0.051692657026151945,0.2962962962962967,0.35069319164345214,0.054396895347155416,1681.0,0.5537244561634805,1758.0,0.57910349373764,1635.0,0.5385629531970996,2129.0,0.7013843111404087,2420.0,0.7972972972972973,0.5385629531970996,WACC_0p5_WRT_0p5,0.6340145023071853,2881,False,,,False,False,False,False,False,114.0,0.29581151832460734
IBDD,Electricity,370,0.75,3469,0.7857142857142856,0.0,0,54,3850,1994,8,6,1,1.0,1.0,1.0,1.0,0.3781605904263647,0.18518518518518542,1.2233606186634038,-2.534149843841321,1.7596622789832348,-1.2199335447094035,0.0606453741297639,1.0,0.7250772794092969,0.2749227205907031,1.0,0.7209924727965396,0.27900752720346045,1.0,0.7414470027180176,0.25855299728198244,0.3781605904263647,0.3977032321327196,0.01954264170635489,0.18518518518518542,0.27602453913946934,0.09083935395428391,3019.0,0.994726433750824,3015.0,0.99340804218853,3025.0,0.996704021094265,2823.0,0.9301252471984179,1636.0,0.5388925510876731,0.5388925510876731,WACC_0p9_WRT_0p1,0.8907712590639421,2882,False,,,False,False,False,False,False,54.0,0.1387434554973822
IBDD,Electricity,2225,0.73,206,0.7142857142857141,0.3205119868474863,0,190,737,1695,187,24,14,0.6118884691213956,0.6676171988248291,0.6410265747308154,0.6118884691213956,0.22868035192947941,0.2592592592592596,1.2233606186634038,-2.534149843841321,1.7596622789832348,-1.2199335447094035,0.0606453741297639,0.6676171988248291,0.5715083621990182,0.09610883662581082,0.6410265747308154,0.5339389429823652,0.10708763174845015,0.6118884691213956,0.5272774075130052,0.08461106160839038,0.22868035192947941,0.33610578510052314,0.10742543317104372,0.2592592592592596,0.2761720394893255,0.016912780230065927,2413.0,0.7949901120632828,2232.0,0.7353328938694792,2214.0,0.7294001318391562,2372.0,0.7814765985497693,1637.0,0.5392221489782465,0.5392221489782465,WACC_0p9_WRT_0p1,0.7160843770599868,2883,False,,,False,False,False,False,False,190.0,0.49476439790575916
IBDD,Electricity,1709,0.74,434,0.7499999999999998,0.1926478113089281,0,284,4459,2321,890,65,5,0.7667206218933119,0.800217084568519,0.7842344513340005,0.7667206218933119,0.288313589496367,0.22222222222222254,1.2233606186634038,-2.534149843841321,1.7596622789832348,-1.2199335447094035,0.0606453741297639,0.800217084568519,0.6889509571056579,0.11126612746286113,0.7842344513340005,0.6805734330319444,0.1036610183020561,0.7667206218933119,0.6904326076095643,0.07628801428374765,0.288313589496367,0.3542453170631908,0.0659317275668238,0.22222222222222254,0.2761921006055442,0.05396987838332168,2973.0,0.979564930784443,2966.0,0.9772577455504284,2974.0,0.9798945286750165,2552.0,0.8408042188529994,1638.0,0.53955174686882,0.53955174686882,WACC_0p9_WRT_0p1,0.8634146341463413,2884,False,,,False,False,False,False,False,284.0,0.7408376963350786
IBDD,Electricity,217,0.76,75,0.8214285714285713,0.4930319771219003,0,11,1,2163,2,22,1,0.4029820934468227,0.48870757928099223,0.44780418562347163,0.4029820934468227,0.14822055526056124,0.1481481481481484,1.2233606186634038,-2.534149843841321,1.7596622789832348,-1.2199335447094035,0.0606453741297639,0.48870757928099223,0.5080881905151469,0.019380611234154632,0.44780418562347163,0.5001296096941186,0.05232542407064694,0.4029820934468227,0.5089270234951627,0.10594493004834005,0.14822055526056124,0.3733928787519521,0.22517232349139085,0.1481481481481484,0.36262750524729764,0.21447935709914925,1640.0,0.540210942649967,1878.0,0.6186552406064602,2037.0,0.6710613052076466,2705.0,0.8912326961107448,2496.0,0.8223467369808833,0.540210942649967,WACC_0p1_WRT_0p9,0.7087013843111405,2885,False,,,False,False,False,False,False,11.0,0.02617801047120419
IBDD,Electricity,862,0.74,678,0.7499999999999998,0.1159811739999208,0,345,4766,3697,632,33,6,0.8595571060010728,0.8797232269630451,0.8701010851200888,0.8595571060010728,0.32406934185503883,0.22222222222222254,1.2233606186634038,-2.534149843841321,1.7596622789832348,-1.2199335447094035,0.0606453741297639,0.8797232269630451,0.7060489941136615,0.17367423284938355,0.8701010851200888,0.7157404622790465,0.15436062284104224,0.8595571060010728,0.7260822282350351,0.13347487776603773,0.32406934185503883,0.3541866589418307,0.030117317086791884,0.22222222222222254,0.2765697703840468,0.054347548161824244,2998.0,0.9878048780487805,3010.0,0.9917600527356625,3018.0,0.9943968358602505,2551.0,0.8404746209624259,1644.0,0.541529334212261,0.541529334212261,WACC_0p9_WRT_0p1,0.8711931443638761,2886,False,,,False,False,False,False,False,345.0,0.900523560209424
IBDD,Electricity,1540,0.72,130,0.6785714285714283,0.3992871819674755,0,123,2538,4935,566,131,93,0.5164987089005774,0.5859244038855811,0.5527983561964274,0.5164987089005774,0.2615657011313083,0.2962962962962967,1.2233606186634038,-2.534149843841321,1.7596622789832348,-1.2199335447094035,0.0606453741297639,0.5859244038855811,0.5162954841227984,0.06962891976278274,0.5527983561964274,0.4999784266035449,0.05281992959288245,0.5164987089005774,0.48001205218589044,0.03648665671468693,0.2615657011313083,0.3022631718148729,0.04069747068356461,0.2962962962962967,0.33430638795068623,0.03801009165438951,1774.0,0.5843770599868161,1877.0,0.6183256427158866,1645.0,0.5418589321028345,1989.0,0.6552406064601186,2298.0,0.7570863546473302,0.5418589321028345,WACC_0p5_WRT_0p5,0.6313777191825972,2887,False,,,False,False,False,False,False,123.0,0.3193717277486911
IBDD,Electricity,1805,0.74,148,0.7499999999999998,0.377119421762125,0,134,3629,4642,793,198,113,0.5433418963709491,0.6089131922466853,0.57762624762642,0.5433418963709491,0.2022798015008817,0.22222222222222254,1.2233606186634038,-2.534149843841321,1.7596622789832348,-1.2199335447094035,0.0606453741297639,0.6089131922466853,0.5130619437108505,0.09585124853583482,0.57762624762642,0.48839323619163677,0.08923301143478324,0.5433418963709491,0.4801081895603522,0.06323370681059687,0.2022798015008817,0.3098969573691809,0.10761715586829917,0.22222222222222254,0.3438240728755167,0.12160185065329415,1719.0,0.5662491760052736,1722.0,0.567237969676994,1647.0,0.5425181278839816,2093.0,0.6895187870797627,2370.0,0.7808174027686223,0.5425181278839816,WACC_0p5_WRT_0p5,0.6292682926829268,2888,False,,,False,False,False,False,False,134.0,0.3481675392670157
IBDD,Electricity,2580,0.74,152,0.7499999999999998,0.3725581447239429,0,138,2293,3732,789,19,13,0.5488651974850901,0.6136434054714666,0.5827348779091839,0.5488651974850901,0.20440708786612544,0.22222222222222254,1.2233606186634038,-2.534149843841321,1.7596622789832348,-1.2199335447094035,0.0606453741297639,0.6136434054714666,0.5988382045784683,0.014805200892998305,0.5827348779091839,0.5894286560436459,0.006693778134462036,0.5488651974850901,0.5898471233956823,0.04098192591059224,0.20440708786612544,0.3379900789507434,0.13358299108461796,0.22222222222222254,0.27665401139313567,0.054431789170913125,2625.0,0.8648648648648649,2664.0,0.8777191825972314,2680.0,0.8829927488464074,2388.0,0.7867501647989453,1647.0,0.5425181278839816,0.5425181278839816,WACC_0p9_WRT_0p1,0.7909690177982861,2889,False,,,False,False,False,False,False,138.0,0.3586387434554974
IBDD,Electricity,1701,0.73,121,0.7142857142857141,0.411542181111966,0,113,2292,4887,152,219,96,0.5016589940878285,0.5732155158838871,0.5390727571545981,0.5016589940878285,0.22270073803295595,0.2592592592592596,1.2233606186634038,-2.534149843841321,1.7596622789832348,-1.2199335447094035,0.0606453741297639,0.5732155158838871,0.508511982237426,0.06470353364646109,0.5390727571545981,0.4900668394293467,0.049005917725251424,0.5016589940878285,0.48606503979960203,0.01559395428822652,0.22270073803295595,0.29343980324257224,0.07073906520961629,0.2592592592592596,0.32725819908267245,0.06799893982341287,1648.0,0.5428477257745551,1745.0,0.5748187211601846,1741.0,0.5735003295978905,1859.0,0.6123928806855636,2247.0,0.7402768622280818,0.5428477257745551,WACC_0p1_WRT_0p9,0.608767303889255,2890,False,,,False,False,False,False,False,113.0,0.2931937172774869
IBDD,Electricity,2175,0.73,165,0.7142857142857141,0.3585170404207828,0,155,1023,1539,473,51,24,0.5658677269066145,0.6282045506747438,0.5984609147287232,0.5658677269066145,0.22270073803295595,0.2592592592592596,1.2233606186634038,-2.534149843841321,1.7596622789832348,-1.2199335447094035,0.0606453741297639,0.6282045506747438,0.5317096255984135,0.09649492507633028,0.5984609147287232,0.4986248204727205,0.0998360942560027,0.5658677269066145,0.4802007626852169,0.08566696422139758,0.22270073803295595,0.29713952055995063,0.07443878252699468,0.2592592592592596,0.2844807255116039,0.025221466252344338,1992.0,0.6562294001318392,1854.0,0.6107448912326962,1649.0,0.5431773236651285,1909.0,0.6288727752142387,1784.0,0.5876730388925511,0.5431773236651285,WACC_0p5_WRT_0p5,0.6053394858272908,2891,False,,,False,False,False,False,False,155.0,0.4031413612565445
IBDD,Electricity,2391,0.7,108,0.6071428571428569,0.4309420365106688,0,105,2081,4536,784,250,86,0.478167493343437,0.5530971473222692,0.5173449191080508,0.478167493343437,0.33929562732801266,0.37037037037037074,1.2233606186634038,-2.534149843841321,1.7596622789832348,-1.2199335447094035,0.0606453741297639,0.5530971473222692,0.5085503591787401,0.04454678814352908,0.5173449191080508,0.48775675407397207,0.02958816503407874,0.478167493343437,0.48590958442846255,0.007742091085025549,0.33929562732801266,0.302978634270436,0.036316993057576685,0.37037037037037074,0.3368530805315913,0.03351728983877944,1649.0,0.5431773236651285,1714.0,0.5646011865524061,1735.0,0.5715227422544495,1996.0,0.6575477916941331,2316.0,0.7630191166776532,0.5431773236651285,WACC_0p1_WRT_0p9,0.6199736321687541,2892,False,,,False,False,False,False,False,105.0,0.27225130890052357
IBDD,Electricity,2795,0.74,129,0.7499999999999998,0.4006065611337189,0,115,1135,4752,964,205,103,0.5149010579888075,0.5845561588242916,0.5513206515302349,0.5149010579888075,0.19132587984132754,0.22222222222222254,1.2233606186634038,-2.534149843841321,1.7596622789832348,-1.2199335447094035,0.0606453741297639,0.5845561588242916,0.5085857406675172,0.07597041815677441,0.5513206515302349,0.493358357004562,0.05796229452567292,0.5149010579888075,0.48430373150987094,0.030597326478936537,0.19132587984132754,0.30124341275351657,0.10991753291218903,0.22222222222222254,0.3318466893636521,0.10962446714142954,1650.0,0.543506921555702,1791.0,0.5899802241265656,1714.0,0.5646011865524061,1977.0,0.6512854317732366,2279.0,0.7508239947264338,0.543506921555702,WACC_0p1_WRT_0p9,0.6200395517468688,2893,False,,,False,False,False,False,False,115.0,0.29842931937172773
IBDD,Electricity,328,0.75,1329,0.7857142857142856,0.0002235569265008,0,53,1669,4868,631,20,2,0.9997292924304138,0.9997681631873325,0.9997496162423192,0.9997292924304138,0.37805632804597866,0.18518518518518542,1.2233606186634038,-2.534149843841321,1.7596622789832348,-1.2199335447094035,0.0606453741297639,0.9997681631873325,0.6776793840821685,0.322088779105164,0.9997496162423192,0.6814893694328722,0.318260246809447,0.9997292924304138,0.6781795179995225,0.3215497744308913,0.37805632804597866,0.36319487770527914,0.014861450340699522,0.18518518518518542,0.2768753403351593,0.09169015514997389,2949.0,0.971654581410679,2968.0,0.9779169413315755,2957.0,0.974291364535267,2631.0,0.8668424522083059,1650.0,0.543506921555702,0.543506921555702,WACC_0p9_WRT_0p1,0.8668424522083059,2894,False,,,False,False,False,False,False,53.0,0.13612565445026178
IBDD,Electricity,363,0.7,103,0.6071428571428569,0.4390270024565642,0,101,76,4013,416,207,1,0.46837731812650846,0.5447127381931928,0.5082897572486481,0.46837731812650846,0.33929562732801266,0.37037037037037074,1.2233606186634038,-2.534149843841321,1.7596622789832348,-1.2199335447094035,0.0606453741297639,0.5447127381931928,0.5087335571368747,0.03597918105631803,0.5082897572486481,0.48255543204817136,0.02573432520047675,0.46837731812650846,0.5069565427932448,0.0385792246667363,0.33929562732801266,0.29815475545521286,0.0411408718727998,0.37037037037037074,0.31403373843243043,0.05633663193794031,1656.0,0.545484508899143,1653.0,0.5444957152274226,2023.0,0.6664469347396177,1925.0,0.6341463414634146,2138.0,0.7043506921555702,0.5444957152274226,WACC_0p3_WRT_0p7,0.6189848384970336,2895,False,,,False,False,False,False,False,101.0,0.2617801047120419
IBDD,Electricity,2276,0.74,132,0.7499999999999998,0.3966783723814455,0,118,2703,4766,847,89,74,0.5196577454538238,0.5886298360488713,0.5557202229327809,0.5196577454538238,0.19315790677213307,0.22222222222222254,1.2233606186634038,-2.534149843841321,1.7596622789832348,-1.2199335447094035,0.0606453741297639,0.5886298360488713,0.5304085276510279,0.05822130839784345,0.5557202229327809,0.5044652814716745,0.05125494146110643,0.5196577454538238,0.5018647193554361,0.017793026098387732,0.19315790677213307,0.2802045406607346,0.08704663388860151,0.22222222222222254,0.31166330561483935,0.0894410833926168,1968.0,0.6483190507580752,1929.0,0.6354647330257086,1951.0,0.6427158866183257,1653.0,0.5444957152274226,2118.0,0.6977587343441002,0.5444957152274226,WACC_0p7_WRT_0p3,0.6337508239947265,2896,False,,,False,False,False,False,False,118.0,0.306282722513089
IBDD,Electricity,1433,0.74,279,0.7499999999999998,0.2685019970498677,0,225,1522,3518,940,43,20,0.6748679444286314,0.7215534845408781,0.6992777633041483,0.6748679444286314,0.25293674794024085,0.22222222222222254,1.2233606186634038,-2.534149843841321,1.7596622789832348,-1.2199335447094035,0.0606453741297639,0.7215534845408781,0.5956842961583076,0.12586918838257044,0.6992777633041483,0.5700017032435294,0.12927606006061887,0.6748679444286314,0.5701802081304195,0.10468773629821193,0.25293674794024085,0.3238698652486917,0.07093311730845087,0.22222222222222254,0.2769575872045889,0.054735364982366363,2605.0,0.8582729070533949,2535.0,0.8352010547132498,2555.0,0.8417930125247198,2246.0,0.7399472643375082,1653.0,0.5444957152274226,0.5444957152274226,WACC_0p9_WRT_0p1,0.763941990771259,2897,False,,,False,False,False,False,False,225.0,0.5863874345549738
IBDD,Electricity,920,0.74,471,0.7499999999999998,0.1785924011490298,0,292,2760,3647,787,24,4,0.783740474435927,0.8147930654750802,0.7999765107130865,0.783740474435927,0.2948687454627268,0.22222222222222254,1.2233606186634038,-2.534149843841321,1.7596622789832348,-1.2199335447094035,0.0606453741297639,0.8147930654750802,0.6550102705407382,0.159782794934342,0.7999765107130865,0.6488655369117523,0.1511109738013342,0.783740474435927,0.6614830753671981,0.1222573990687289,0.2948687454627268,0.36409174050206006,0.06922299503933327,0.22222222222222254,0.27699726867847896,0.054775046456256415,2889.0,0.951878707976269,2898.0,0.9548450889914305,2923.0,0.9630850362557679,2635.0,0.8681608437705999,1654.0,0.5448253131179961,0.5448253131179961,WACC_0p9_WRT_0p1,0.8565589980224125,2898,False,,,False,False,False,False,False,292.0,0.7617801047120419
IBDD,Electricity,2947,0.76,77,0.8214285714285713,0.4885595662217817,0,12,2051,2351,21,42,3,0.40839778556566114,0.49334563502926343,0.4528132858316045,0.40839778556566114,0.15030639627568654,0.1481481481481484,1.2233606186634038,-2.534149843841321,1.7596622789832348,-1.2199335447094035,0.0606453741297639,0.49334563502926343,0.5736199634996573,0.08027432847039384,0.4528132858316045,0.5581225117749796,0.1053092259433751,0.40839778556566114,0.5606792225302906,0.15228143696462942,0.15030639627568654,0.30869464806281777,0.15838825178713123,0.1481481481481484,0.27702630349750257,0.12887815534935418,2422.0,0.7979564930784443,2446.0,0.8058668424522083,2499.0,0.8233355306526038,2072.0,0.6825972313777192,1655.0,0.5451549110085695,0.5451549110085695,WACC_0p9_WRT_0p1,0.7309822017139089,2899,False,,,False,False,False,False,False,12.0,0.028795811518324606
IBDD,Electricity,47,0.73,91,0.7142857142857141,0.460136442071784,0,83,1,3741,704,77,4,0.4428156628335633,0.5228214674811129,0.48464718487960196,0.4428156628335633,0.22270073803295595,0.2592592592592596,1.2233606186634038,-2.534149843841321,1.7596622789832348,-1.2199335447094035,0.0606453741297639,0.5228214674811129,0.5087675947258505,0.014053872755262375,0.48464718487960196,0.48685953011825045,0.0022123452386484943,0.4428156628335633,0.5131386974496777,0.07032303461611439,0.22270073803295595,0.3140927266499664,0.09139198861701045,0.2592592592592596,0.35239726490360107,0.09313800564434149,1657.0,0.5458141067897165,1701.0,0.5603164139749506,2092.0,0.6891891891891891,2141.0,0.7053394858272907,2432.0,0.8012524719841793,0.5458141067897165,WACC_0p1_WRT_0p9,0.6603823335530652,2900,False,,,False,False,False,False,False,83.0,0.21465968586387435
IBDD,Electricity,3034,0.75,934,0.7857142857142856,0.060897013814862,0,46,930,4470,816,8,4,0.9262591284335705,0.936847541229032,0.9317953445273545,0.9262591284335705,0.3497594680897912,0.18518518518518542,1.2233606186634038,-2.534149843841321,1.7596622789832348,-1.2199335447094035,0.0606453741297639,0.936847541229032,0.6619116973997428,0.27493584382928926,0.9317953445273545,0.6605968748698647,0.2711984696574897,0.9262591284335705,0.6731309246597776,0.25312820377379286,0.3497594680897912,0.3647267831801176,0.014967315090326394,0.18518518518518542,0.277064306950354,0.09187912176516858,2904.0,0.9568226763348715,2927.0,0.964403427818062,2950.0,0.9719841793012525,2641.0,0.8701384311140409,1657.0,0.5458141067897165,0.5458141067897165,WACC_0p9_WRT_0p1,0.8618325642715886,2901,False,,,False,False,False,False,False,46.0,0.11780104712041885
IBDD,Electricity,987,0.74,1263,0.7499999999999998,0.0089870189654116,0,380,4723,4394,920,19,5,0.9891175187455292,0.9906801284803138,0.989934538758739,0.9891175187455292,0.3739692285009057,0.22222222222222254,1.2233606186634038,-2.534149843841321,1.7596622789832348,-1.2199335447094035,0.0606453741297639,0.9906801284803138,0.7250767852230806,0.2656033432572332,0.989934538758739,0.7291185149430685,0.2608160238156706,0.9891175187455292,0.7383185936561306,0.2507989250893986,0.3739692285009057,0.36855934185606115,0.0054098866448445415,0.22222222222222254,0.27718893518819215,0.05496671296596961,3018.0,0.9943968358602505,3022.0,0.9957152274225445,3023.0,0.996044825313118,2669.0,0.8793671720500988,1659.0,0.5464733025708636,0.5464733025708636,WACC_0p9_WRT_0p1,0.8823994726433749,2902,False,,,False,False,False,False,False,380.0,0.9921465968586387
IBDD,Electricity,599,0.74,694,0.7499999999999998,0.1119710215252024,0,347,3742,3538,674,16,9,0.8644130442495234,0.8838819036034937,0.8745924558917731,0.8644130442495234,0.32593959499042313,0.22222222222222254,1.2233606186634038,-2.534149843841321,1.7596622789832348,-1.2199335447094035,0.0606453741297639,0.8838819036034937,0.6794746536048459,0.2044072499986478,0.8745924558917731,0.6929683308200182,0.18162412507175496,0.8644130442495234,0.6999648973991603,0.16444814685036302,0.32593959499042313,0.37072413470754095,0.04478453971711782,0.22222222222222254,0.2771926014737601,0.05497037925153758,2955.0,0.97363216875412,2978.0,0.9812129202373104,2992.0,0.9858272907053395,2684.0,0.8843111404087014,1660.0,0.5468029004614371,0.5468029004614371,WACC_0p9_WRT_0p1,0.8743572841133818,2903,False,,,False,False,False,False,False,347.0,0.9057591623036649
IBDD,Electricity,2755,0.74,156,0.7499999999999998,0.3681145913012531,0,142,4954,4717,196,108,91,0.5542459457634427,0.6182515349468486,0.5877116577425964,0.5542459457634427,0.20647947034370617,0.22222222222222254,1.2233606186634038,-2.534149843841321,1.7596622789832348,-1.2199335447094035,0.0606453741297639,0.6182515349468486,0.5366777779480106,0.08157375699883795,0.5877116577425964,0.5189185796448481,0.06879307809774826,0.5542459457634427,0.5207698471404364,0.03347609862300627,0.20647947034370617,0.2809135776563669,0.0744341073126607,0.22222222222222254,0.3124851691368556,0.09026294691463305,2057.0,0.6776532630191167,2091.0,0.6888595912986157,2167.0,0.7139090309822017,1666.0,0.5487804878048781,2123.0,0.6994067237969677,0.5487804878048781,WACC_0p7_WRT_0p3,0.665721819380356,2904,False,,,False,False,False,False,False,142.0,0.36910994764397903
IBDD,Electricity,852,0.76,114,0.8214285714285713,0.4217160007489388,0,17,2078,3233,132,21,8,0.4893394026958622,0.5626648881122115,0.5276780791611885,0.4893394026958622,0.18148086874125852,0.1481481481481484,1.2233606186634038,-2.534149843841321,1.7596622789832348,-1.2199335447094035,0.0606453741297639,0.5626648881122115,0.6069271015559883,0.04426221344377679,0.5276780791611885,0.5873887126558098,0.05971063349462136,0.4893394026958622,0.5815640915385392,0.09222468884267698,0.18148086874125852,0.351099497505774,0.1696186287645155,0.1481481481481484,0.2774277565902622,0.1292796084421138,2680.0,0.8829927488464074,2652.0,0.8737640079103494,2626.0,0.8651944627554383,2519.0,0.8299274884640738,1669.0,0.5497692814765985,0.5497692814765985,WACC_0p9_WRT_0p1,0.8003295978905735,2905,False,,,False,False,False,False,False,17.0,0.041884816753926704
IBDD,Electricity,2859,0.73,144,0.7142857142857141,0.3818048302984436,0,136,4520,4934,305,219,98,0.5376682830446319,0.6040542500608733,0.5723785900657432,0.5376682830446319,0.22270073803295595,0.2592592592592596,1.2233606186634038,-2.534149843841321,1.7596622789832348,-1.2199335447094035,0.0606453741297639,0.6040542500608733,0.5276350097561505,0.0764192403047228,0.5723785900657432,0.5135004845448179,0.05887810552092532,0.5376682830446319,0.5048909011857087,0.032777381858923205,0.22270073803295595,0.28141290761102233,0.05871216957806638,0.2592592592592596,0.30962436821032274,0.050365108951063164,1940.0,0.6390903098220171,2024.0,0.6667765326301912,1990.0,0.6555702043506921,1672.0,0.5507580751483191,2100.0,0.6918259723137772,0.5507580751483191,WACC_0p7_WRT_0p3,0.6408042188529993,2906,False,,,False,False,False,False,False,136.0,0.35340314136125656
IBDD,Electricity,418,0.74,743,0.7499999999999998,0.1002406645274779,0,358,4117,1422,885,41,5,0.8786174640496033,0.8960467182678007,0.8877304557292246,0.8786174640496033,0.33141039369258785,0.22222222222222254,1.2233606186634038,-2.534149843841321,1.7596622789832348,-1.2199335447094035,0.0606453741297639,0.8960467182678007,0.730220580735003,0.16582613753279773,0.8877304557292246,0.7167675405772371,0.17096291515198747,0.8786174640496033,0.7052108710679875,0.17340659298161576,0.33141039369258785,0.3575883977928412,0.026178004100253338,0.22222222222222254,0.277947923859725,0.055725701637502456,3022.0,0.9957152274225445,3011.0,0.992089650626236,2997.0,0.987475280158207,2583.0,0.8510217534607778,1673.0,0.5510876730388925,0.5510876730388925,WACC_0p9_WRT_0p1,0.8754779169413315,2907,False,,,False,False,False,False,False,358.0,0.9345549738219895
IBDD,Electricity,619,0.74,1324,0.7499999999999998,0.0008720629235815,0,381,4199,3052,157,23,5,0.998944009303294,0.9990956384496191,0.9990232895255886,0.998944009303294,0.3777538781062314,0.22222222222222254,1.2233606186634038,-2.534149843841321,1.7596622789832348,-1.2199335447094035,0.0606453741297639,0.9990956384496191,0.7099633890100326,0.2891322494395865,0.9990232895255886,0.7258555213662374,0.2731677681593512,0.998944009303294,0.7246972037271444,0.27424680557614955,0.3777538781062314,0.36528878472060483,0.012465093385626569,0.22222222222222254,0.2779529891733315,0.055730766951108957,3001.0,0.988793671720501,3019.0,0.994726433750824,3016.0,0.9937376400791035,2645.0,0.8714568226763348,1674.0,0.551417270929466,0.551417270929466,WACC_0p9_WRT_0p1,0.8800263678312458,2908,False,,,False,False,False,False,False,381.0,0.9947643979057592
IBDD,Electricity,3025,0.66,106,0.4642857142857142,0.4341306116852848,0,105,2073,4728,671,134,100,0.47430641218852043,0.5497904767708157,0.513773714912481,0.47430641218852043,0.4947554797214213,0.5185185185185187,1.2233606186634038,-2.534149843841321,1.7596622789832348,-1.2199335447094035,0.0606453741297639,0.5497904767708157,0.5100238349675961,0.03976664180321965,0.513773714912481,0.4914254171697427,0.022348297742738332,0.47430641218852043,0.48436396960553507,0.01005755741701464,0.4947554797214213,0.3240339714240922,0.17072150829732913,0.5185185185185187,0.3555362174869501,0.16298230103156863,1675.0,0.5517468688200395,1767.0,0.5820698747528016,1715.0,0.5649307844429796,2248.0,0.7406064601186553,2452.0,0.8078444297956493,0.5517468688200395,WACC_0p1_WRT_0p9,0.649439683586025,2909,False,,,False,False,False,False,False,105.0,0.27225130890052357
IBDD,Electricity,1725,0.71,113,0.6428571428571426,0.4232197495097513,0,109,4692,4701,837,208,139,0.48751849659073904,0.5611054449528504,0.5259938805490785,0.48751849659073904,0.3004306642296604,0.3333333333333337,1.2233606186634038,-2.534149843841321,1.7596622789832348,-1.2199335447094035,0.0606453741297639,0.5611054449528504,0.5149214346097727,0.04618401034307773,0.5259938805490785,0.4850872957520595,0.040906584797018974,0.48751849659073904,0.4887717396610067,0.00125324307026764,0.3004306642296604,0.32740484887645266,0.026974184646792243,0.3333333333333337,0.3508275880352866,0.01749425470195287,1754.0,0.5777851021753461,1675.0,0.5517468688200395,1788.0,0.5889914304548451,2280.0,0.7511535926170072,2421.0,0.7976268951878708,0.5517468688200395,WACC_0p3_WRT_0p7,0.6534607778510217,2910,False,,,False,False,False,False,False,109.0,0.28272251308900526
IBDD,Electricity,42,0.73,260,0.7142857142857141,0.2806008163969908,0,232,1790,1,704,55,9,0.6602173494701655,0.709006560773491,0.6857270856353702,0.6602173494701655,0.247294105930726,0.2592592592592596,1.2233606186634038,-2.534149843841321,1.7596622789832348,-1.2199335447094035,0.0606453741297639,0.709006560773491,0.5751764621464918,0.13383009862699924,0.6857270856353702,0.5437235720615022,0.14200351357386798,0.6602173494701655,0.5635367770438864,0.09668057242627914,0.247294105930726,0.33189590090426313,0.08460179497353712,0.2592592592592596,0.2783517457864252,0.01909248652716561,2433.0,0.8015820698747528,2315.0,0.7626895187870798,2524.0,0.8315754779169413,2342.0,0.7715886618325642,1677.0,0.5524060646011866,0.5524060646011866,WACC_0p9_WRT_0p1,0.743968358602505,2911,False,,,False,False,False,False,False,232.0,0.6047120418848168
IBDD,Electricity,2554,0.73,189,0.7142857142857141,0.3352667444216886,0,174,1345,4033,96,52,32,0.5940217690138853,0.6523159687478784,0.6245012462477088,0.5940217690138853,0.22270073803295595,0.2592592592592596,1.2233606186634038,-2.534149843841321,1.7596622789832348,-1.2199335447094035,0.0606453741297639,0.6523159687478784,0.5483716363605933,0.10394433238728518,0.6245012462477088,0.5333760147116334,0.09112523153607532,0.5940217690138853,0.5266972623558045,0.06732450665808076,0.22270073803295595,0.2820155761411351,0.05931483810817914,0.2592592592592596,0.2805622791222411,0.021303019862981498,2181.0,0.7185234014502307,2227.0,0.7336849044166117,2208.0,0.7274225444957152,1679.0,0.5530652603823335,1723.0,0.5675675675675675,0.5530652603823335,WACC_0p7_WRT_0p3,0.6600527356624918,2912,False,,,False,False,False,False,False,174.0,0.45287958115183247
IBDD,Electricity,483,0.74,723,0.7499999999999998,0.104932457243655,0,356,2679,4327,723,7,5,0.8729361200488654,0.8911811554510245,0.8824756478871064,0.8729361200488654,0.3292222374832358,0.22222222222222254,1.2233606186634038,-2.534149843841321,1.7596622789832348,-1.2199335447094035,0.0606453741297639,0.8911811554510245,0.6632486075308139,0.22793254792021056,0.8824756478871064,0.6648280324465691,0.21764761544053735,0.8729361200488654,0.6656980501201821,0.20723806992868332,0.3292222374832358,0.3657367214230749,0.03651448393983908,0.22222222222222254,0.27851295183313146,0.05629072961090892,2910.0,0.9588002636783125,2934.0,0.9667106130520765,2935.0,0.9670402109426499,2647.0,0.8721160184574819,1679.0,0.5530652603823335,0.5530652603823335,WACC_0p9_WRT_0p1,0.8635464733025708,2913,False,,,False,False,False,False,False,356.0,0.9293193717277487
IBDD,Electricity,2190,0.74,163,0.7499999999999998,0.3606040737154633,0,149,2880,3054,695,44,29,0.5633405150698275,0.6260402198506306,0.596123437438681,0.5633405150698275,0.20998222220956114,0.22222222222222254,1.2233606186634038,-2.534149843841321,1.7596622789832348,-1.2199335447094035,0.0606453741297639,0.6260402198506306,0.551050280095212,0.07498993975541868,0.596123437438681,0.526962360785338,0.06916107665334303,0.5633405150698275,0.5268540022939115,0.03648651277591597,0.20998222220956114,0.295137935603922,0.08515571339436084,0.22222222222222254,0.2785392919327199,0.05631706971049738,2215.0,0.7297297297297297,2160.0,0.7116018457481872,2209.0,0.7277521423862887,1879.0,0.6189848384970337,1680.0,0.553394858272907,0.553394858272907,WACC_0p9_WRT_0p1,0.6682926829268292,2914,False,,,False,False,False,False,False,149.0,0.387434554973822
IBDD,Electricity,2475,0.73,596,0.7142857142857141,0.1381411915991754,0,327,4467,3090,348,29,11,0.8327232941385666,0.8567424679712254,0.8452818654089237,0.8327232941385666,0.31373436265999244,0.2592592592592596,1.2233606186634038,-2.534149843841321,1.7596622789832348,-1.2199335447094035,0.0606453741297639,0.8567424679712254,0.6836306702000726,0.17311179777115282,0.8452818654089237,0.6833415888519354,0.16194027655698828,0.8327232941385666,0.6926485026950574,0.1400747914435092,0.31373436265999244,0.3516353403501293,0.03790097769013684,0.2592592592592596,0.27855509732593736,0.019295838066677784,2963.0,0.976268951878708,2970.0,0.9785761371127225,2979.0,0.981542518127884,2526.0,0.8322346736980883,1681.0,0.5537244561634805,0.5537244561634805,WACC_0p9_WRT_0p1,0.8644693473961766,2915,False,,,False,False,False,False,False,327.0,0.8534031413612565
IBDD,Electricity,1919,0.74,155,0.7499999999999998,0.3692147748444152,0,141,4337,3731,303,87,81,0.5529137212704247,0.6171106038650509,0.5864794521742549,0.5529137212704247,0.20596636723002926,0.22222222222222254,1.2233606186634038,-2.534149843841321,1.7596622789832348,-1.2199335447094035,0.0606453741297639,0.6171106038650509,0.5207586580739474,0.09635194579110351,0.5864794521742549,0.4984638221795439,0.08801562999471102,0.5529137212704247,0.49766415876029063,0.055249562510134076,0.20596636723002926,0.2823936096442234,0.07642724241419413,0.22222222222222254,0.3160055997082627,0.09378337748604015,1839.0,0.6058009228740936,1850.0,0.6094264996704021,1905.0,0.6275543836519446,1685.0,0.5550428477257745,2166.0,0.7135794330916282,0.5550428477257745,WACC_0p7_WRT_0p3,0.6222808174027686,2916,False,,,False,False,False,False,False,141.0,0.36649214659685864
IBDD,Electricity,2851,0.74,308,0.7499999999999998,0.2515335533038855,0,238,4792,2625,61,57,20,0.6954152217509437,0.739150389166341,0.7182824202996482,0.6954152217509437,0.2608504832205296,0.22222222222222254,1.2233606186634038,-2.534149843841321,1.7596622789832348,-1.2199335447094035,0.0606453741297639,0.739150389166341,0.607040850129047,0.13210953903729405,0.7182824202996482,0.6082781552486578,0.11000426505099037,0.6954152217509437,0.605579584438854,0.08983563731208977,0.2608504832205296,0.31222041799128286,0.051369934770753245,0.22222222222222254,0.27878316026147637,0.05656093803925383,2682.0,0.8836519446275544,2742.0,0.9034278180619644,2752.0,0.9067237969676994,2119.0,0.6980883322346737,1688.0,0.5560316413974951,0.5560316413974951,WACC_0p9_WRT_0p1,0.7895847066578774,2917,False,,,False,False,False,False,False,238.0,0.6204188481675392
IBDD,Electricity,1888,0.72,138,0.6785714285714283,0.3890810456027807,0,131,1742,4812,856,110,109,0.528857432977697,0.59650854530082,0.5642292289248857,0.528857432977697,0.2615657011313083,0.2962962962962967,1.2233606186634038,-2.534149843841321,1.7596622789832348,-1.2199335447094035,0.0606453741297639,0.59650854530082,0.5171275420768991,0.07938100322392083,0.5642292289248857,0.4980162303840874,0.06621299854079832,0.528857432977697,0.4828957279018138,0.045961705075883263,0.2615657011313083,0.3393157964200347,0.0777500952887264,0.2962962962962967,0.3757693330647698,0.07947303676847306,1785.0,0.5880026367831246,1845.0,0.6077785102175346,1691.0,0.5570204350692155,2405.0,0.7923533289386948,2586.0,0.8520105471324984,0.5570204350692155,WACC_0p5_WRT_0p5,0.6794330916282136,2918,False,,,False,False,False,False,False,131.0,0.3403141361256545
IBDD,Electricity,2897,0.73,159,0.7142857142857141,0.3648556017903225,0,150,3287,1,705,54,10,0.5581922924216302,0.621631227772999,0.5913617259948388,0.5581922924216302,0.22270073803295595,0.2592592592592596,1.2233606186634038,-2.534149843841321,1.7596622789832348,-1.2199335447094035,0.0606453741297639,0.621631227772999,0.6163324345457828,0.005298793227216159,0.5913617259948388,0.570953492875703,0.020408233119135866,0.5581922924216302,0.5852307071828402,0.02703841476121005,0.22270073803295595,0.33940395519829525,0.1167032171653393,0.2592592592592596,0.278857910683957,0.01959865142469741,2724.0,0.8974950560316414,2545.0,0.8384970336189849,2653.0,0.8740936058009229,2409.0,0.7936717205009888,1691.0,0.5570204350692155,0.5570204350692155,WACC_0p9_WRT_0p1,0.7921555702043507,2919,False,,,False,False,False,False,False,150.0,0.3900523560209424
IBDD,Electricity,1512,0.74,377,0.7499999999999998,0.2168305469136325,0,264,1459,1072,477,29,12,0.7374374782933178,0.7751386920895663,0.7571497874567317,0.7374374782933178,0.27703525597363843,0.22222222222222254,1.2233606186634038,-2.534149843841321,1.7596622789832348,-1.2199335447094035,0.0606453741297639,0.7751386920895663,0.6374665508450629,0.13767214124450344,0.7571497874567317,0.6056262401240076,0.1515235473327241,0.7374374782933178,0.5612171778949622,0.17622030039835568,0.27703525597363843,0.3483174109652313,0.07128215499159285,0.22222222222222254,0.27887832452540706,0.05665610230318452,2824.0,0.9304548450889915,2729.0,0.8991430454845089,2507.0,0.8259723137771918,2486.0,0.8190507580751483,1692.0,0.557350032959789,0.557350032959789,WACC_0p9_WRT_0p1,0.8063941990771258,2920,False,,,False,False,False,False,False,264.0,0.6884816753926701
IBDD,Electricity,2825,0.73,126,0.7142857142857141,0.4046264668097131,0,118,642,4968,543,93,86,0.5100333094804184,0.5803873677528902,0.5468183571731213,0.5100333094804184,0.22270073803295595,0.2592592592592596,1.2233606186634038,-2.534149843841321,1.7596622789832348,-1.2199335447094035,0.0606453741297639,0.5803873677528902,0.5135872353995639,0.06680013235332638,0.5468183571731213,0.5012962974076726,0.045522059765448764,0.5100333094804184,0.4830253995330284,0.02700790994738994,0.22270073803295595,0.29172580703381923,0.06902506900086328,0.2592592592592596,0.32741389258235665,0.06815463332309707,1730.0,0.5698747528015821,1889.0,0.6222808174027686,1693.0,0.5576796308503625,1837.0,0.6051417270929466,2249.0,0.7409360580092288,0.5576796308503625,WACC_0p5_WRT_0p5,0.6191825972313778,2921,False,,,False,False,False,False,False,118.0,0.306282722513089
IBDD,Electricity,1748,0.74,132,0.7499999999999998,0.3966783723814455,0,118,3284,4804,615,234,105,0.5196577454538238,0.5886298360488713,0.5557202229327809,0.5196577454538238,0.19315790677213307,0.22222222222222254,1.2233606186634038,-2.534149843841321,1.7596622789832348,-1.2199335447094035,0.0606453741297639,0.5886298360488713,0.5164036203650461,0.07222621568382526,0.5557202229327809,0.496572762669809,0.05914746026297191,0.5196577454538238,0.4830875495287204,0.03657019592510341,0.19315790677213307,0.3008195047709855,0.10766159799885244,0.22222222222222254,0.33382015177349905,0.11159792955127651,1776.0,0.585036255767963,1828.0,0.6021753460777851,1695.0,0.5583388266315096,1970.0,0.6489782465392222,2291.0,0.7547791694133158,0.5583388266315096,WACC_0p5_WRT_0p5,0.6298615688859592,2922,False,,,False,False,False,False,False,118.0,0.306282722513089
IBDD,Electricity,522,0.74,1572,0.7499999999999998,0.0,0,382,3276,2919,879,11,1,1.0,1.0,1.0,1.0,0.3781605904263647,0.22222222222222254,1.2233606186634038,-2.534149843841321,1.7596622789832348,-1.2199335447094035,0.0606453741297639,1.0,0.7127216037025732,0.2872783962974268,1.0,0.7188127185334552,0.2811872814665448,1.0,0.7222631729075535,0.2777368270924465,0.3781605904263647,0.38213970859424296,0.0039791181678782706,0.22222222222222254,0.27912541829739956,0.05690319607517702,3004.0,0.9897824653922215,3012.0,0.9924192485168095,3013.0,0.992748846407383,2755.0,0.9077125906394199,1695.0,0.5583388266315096,0.5583388266315096,WACC_0p9_WRT_0p1,0.8882003955174687,2923,False,,,False,False,False,False,False,382.0,0.9973821989528796
IBDD,Electricity,1529,0.74,127,0.7499999999999998,0.4032760431131678,0,113,4024,4686,141,248,99,0.5116685525593311,0.5817878071419,0.548330831713252,0.5116685525593311,0.19008088801785153,0.22222222222222254,1.2233606186634038,-2.534149843841321,1.7596622789832348,-1.2199335447094035,0.0606453741297639,0.5817878071419,0.5206047582028199,0.06118304893908011,0.548330831713252,0.5079556813216938,0.04037515039155826,0.5116685525593311,0.49103561780672594,0.020632934752605137,0.19008088801785153,0.2829259234119227,0.09284503539407116,0.22222222222222254,0.3142592787140371,0.09203705649181454,1835.0,0.6044825313117996,1978.0,0.6516150296638101,1814.0,0.5975609756097561,1698.0,0.55932762030323,2144.0,0.7063282794990112,0.55932762030323,WACC_0p7_WRT_0p3,0.6238628872775214,2924,False,,,False,False,False,False,False,113.0,0.2931937172774869
IBDD,Electricity,456,0.74,1074,0.7499999999999998,0.0368730994912981,0,375,4969,1824,939,22,10,0.9553499535771917,0.9617612301571723,0.958702128569746,0.9553499535771917,0.3609637306137506,0.22222222222222254,1.2233606186634038,-2.534149843841321,1.7596622789832348,-1.2199335447094035,0.0606453741297639,0.9617612301571723,0.6979229229308466,0.26383830722632573,0.958702128569746,0.6868428980061256,0.2718592305636204,0.9553499535771917,0.6817722787634515,0.2735776748137402,0.3609637306137506,0.35212645683178617,0.008837273781964416,0.22222222222222254,0.2794878820560971,0.05726565983387455,2989.0,0.984838497033619,2972.0,0.9792353328938694,2960.0,0.9752801582069874,2534.0,0.8348714568226764,1698.0,0.55932762030323,0.55932762030323,WACC_0p9_WRT_0p1,0.8667106130520764,2925,False,,,False,False,False,False,False,375.0,0.9790575916230366
IBDD,Electricity,780,0.74,834,0.7499999999999998,0.0803729102996738,0,362,3523,2175,777,26,4,0.9026755486919794,0.9166503152447828,0.9099823404643654,0.9026755486919794,0.3406763081115167,0.22222222222222254,1.2233606186634038,-2.534149843841321,1.7596622789832348,-1.2199335447094035,0.0606453741297639,0.9166503152447828,0.7052236341119578,0.21142668113282503,0.9099823404643654,0.6958864350225794,0.21409590544178603,0.9026755486919794,0.6953812681039427,0.20729428058803667,0.3406763081115167,0.37531125044965324,0.03463494233813652,0.22222222222222254,0.27986806925453356,0.057645847032311015,2997.0,0.987475280158207,2986.0,0.9838497033618985,2984.0,0.9831905075807514,2720.0,0.8961766644693474,1704.0,0.561305207646671,0.561305207646671,WACC_0p9_WRT_0p1,0.8823994726433751,2926,False,,,False,False,False,False,False,362.0,0.9450261780104712
IBDD,Electricity,1993,0.74,575,0.7499999999999998,0.1443067965115033,0,322,4656,3825,292,52,4,0.8252572945519275,0.850348507321404,0.8383763879071164,0.8252572945519275,0.31085885057123275,0.22222222222222254,1.2233606186634038,-2.534149843841321,1.7596622789832348,-1.2199335447094035,0.0606453741297639,0.850348507321404,0.6843637966498577,0.1659847106715463,0.8383763879071164,0.7021872877889241,0.1361891001181923,0.8252572945519275,0.7271015989128926,0.09815569563903492,0.31085885057123275,0.3678145168680749,0.05695566629684218,0.22222222222222254,0.2799099256303484,0.057687703408125846,2964.0,0.9765985497692815,2998.0,0.9878048780487805,3021.0,0.995385629531971,2663.0,0.8773895847066578,1706.0,0.5619644034278181,0.5619644034278181,WACC_0p9_WRT_0p1,0.8798286090969019,2927,False,,,False,False,False,False,False,322.0,0.8403141361256544
IBDD,Electricity,1618,0.74,191,0.7499999999999998,0.3334638155010188,0,174,517,4365,624,27,15,0.5962049557032475,0.6541856728137583,0.6265205266388589,0.5962049557032475,0.2226398838173708,0.22222222222222254,1.2233606186634038,-2.534149843841321,1.7596622789832348,-1.2199335447094035,0.0606453741297639,0.6541856728137583,0.5870858101250535,0.06709986268870483,0.6265205266388589,0.5700639903821524,0.056456536256706547,0.5962049557032475,0.5698398212629439,0.02636513444030364,0.2226398838173708,0.318684513459847,0.0960446296424762,0.22222222222222254,0.27992245815896233,0.057700235936739785,2544.0,0.8381674357284113,2536.0,0.8355306526038233,2550.0,0.8401450230718523,2183.0,0.7191825972313777,1707.0,0.5622940013183916,0.5622940013183916,WACC_0p9_WRT_0p1,0.7590639419907713,2928,False,,,False,False,False,False,False,174.0,0.45287958115183247
IBDD,Electricity,784,0.74,502,0.7499999999999998,0.1676399458003985,0,298,4463,638,964,34,9,0.7970029244742138,0.8261511673181052,0.8122432607035536,0.7970029244742138,0.29997674673825764,0.22222222222222254,1.2233606186634038,-2.534149843841321,1.7596622789832348,-1.2199335447094035,0.0606453741297639,0.8261511673181052,0.7021801876010968,0.12397097971700843,0.8122432607035536,0.6764785583801701,0.13576470232338345,0.7970029244742138,0.654762143681156,0.1422407807930578,0.29997674673825764,0.3564874717253841,0.05651072498712645,0.22222222222222254,0.2799758355523599,0.05775361333013734,2995.0,0.98681608437706,2952.0,0.9726433750823995,2910.0,0.9588002636783125,2572.0,0.8473961766644693,1709.0,0.5629531970995386,0.5629531970995386,WACC_0p9_WRT_0p1,0.865721819380356,2929,False,,,False,False,False,False,False,298.0,0.7774869109947644
IBDD,Electricity,558,0.74,420,0.7499999999999998,0.1982803087484878,0,281,974,2560,813,18,9,0.7599001680767826,0.7943759761126793,0.7779260542016937,0.7599001680767826,0.2856867078346863,0.22222222222222254,1.2233606186634038,-2.534149843841321,1.7596622789832348,-1.2199335447094035,0.0606453741297639,0.7943759761126793,0.6212730367796544,0.1731029393330249,0.7779260542016937,0.6196146907986252,0.1583113634030685,0.7599001680767826,0.6201304578624759,0.13976971021430673,0.2856867078346863,0.355814070634046,0.07012736279935972,0.22222222222222254,0.280035515931361,0.05781329370913846,2746.0,0.9047462096242584,2790.0,0.9192485168094924,2796.0,0.9212261041529334,2569.0,0.8464073829927489,1711.0,0.5636123928806855,0.5636123928806855,WACC_0p9_WRT_0p1,0.8310481212920238,2930,False,,,False,False,False,False,False,281.0,0.7329842931937173
IBDD,Electricity,3029,0.76,116,0.8214285714285713,0.4187473386096327,0,19,2143,4318,462,47,24,0.4929341887095774,0.5657435007011216,0.5310029807572112,0.4929341887095774,0.18286539207520577,0.1481481481481484,1.2233606186634038,-2.534149843841321,1.7596622789832348,-1.2199335447094035,0.0606453741297639,0.5657435007011216,0.5619999109333046,0.0037435897678169683,0.5310029807572112,0.5369309581805382,0.005927977423326958,0.4929341887095774,0.5435352885021649,0.050601099792587534,0.18286539207520577,0.2971861120861089,0.11432072001090313,0.1481481481481484,0.28008036957214605,0.13193222142399766,2319.0,0.7640079103493738,2263.0,0.7455504284772577,2360.0,0.7775214238628873,1910.0,0.6292023731048121,1712.0,0.5639419907712591,0.5639419907712591,WACC_0p9_WRT_0p1,0.696044825313118,2931,False,,,False,False,False,False,False,19.0,0.04712041884816754
IBDD,Electricity,2269,0.74,117,0.7499999999999998,0.4172819839037627,0,103,2155,4895,550,32,30,0.49470860302639985,0.5672631278035053,0.5326441780277857,0.49470860302639985,0.1838357749346038,0.22222222222222254,1.2233606186634038,-2.534149843841321,1.7596622789832348,-1.2199335447094035,0.0606453741297639,0.5672631278035053,0.5603069607995164,0.006956167003988933,0.5326441780277857,0.546125878561613,0.013481700533827246,0.49470860302639985,0.5434330267906424,0.048724423764242575,0.1838357749346038,0.30360330273288144,0.11976752779827765,0.22222222222222254,0.2802253072269405,0.05800308500471796,2305.0,0.7593935398813447,2335.0,0.7692814765985497,2358.0,0.7768622280817403,2006.0,0.6608437705998682,1715.0,0.5649307844429796,0.5649307844429796,WACC_0p9_WRT_0p1,0.7062623599208966,2932,False,,,False,False,False,False,False,103.0,0.2670157068062827
IBDD,Electricity,2829,0.74,189,0.7499999999999998,0.3352667444216886,0,173,1611,1656,774,33,26,0.5940217690138853,0.6523159687478784,0.6245012462477088,0.5940217690138853,0.22179903462572137,0.22222222222222254,1.2233606186634038,-2.534149843841321,1.7596622789832348,-1.2199335447094035,0.0606453741297639,0.6523159687478784,0.5566812208872943,0.09563474786058412,0.6245012462477088,0.512907056050141,0.11159419019756778,0.5940217690138853,0.48464589484464,0.10937587416924527,0.22179903462572137,0.3031170678944881,0.08131803326876674,0.22222222222222254,0.2870290324333895,0.06480681021116697,2266.0,0.7465392221489783,2017.0,0.6644693473961767,1719.0,0.5662491760052736,2001.0,0.6591957811470006,1813.0,0.5972313777191826,0.5662491760052736,WACC_0p5_WRT_0p5,0.6467369808833223,2933,False,,,False,False,False,False,False,173.0,0.450261780104712
IBDD,Electricity,694,0.74,894,0.7499999999999998,0.0684251260329085,0,367,1949,2839,712,29,7,0.9171432535912288,0.9290406100399468,0.9233638588431425,0.9171432535912288,0.3462485104471356,0.22222222222222254,1.2233606186634038,-2.534149843841321,1.7596622789832348,-1.2199335447094035,0.0606453741297639,0.9290406100399468,0.6252419981821182,0.3037986118578285,0.9233638588431425,0.6082414132978322,0.3151224455453103,0.9171432535912288,0.6226506608308519,0.294492592760377,0.3462485104471356,0.34282371146028273,0.003424798986852884,0.22222222222222254,0.2805243298985296,0.05830210767630706,2768.0,0.9119973632168754,2741.0,0.9030982201713909,2808.0,0.9251812788398154,2441.0,0.8042188529993408,1722.0,0.567237969676994,0.567237969676994,WACC_0p9_WRT_0p1,0.8223467369808833,2934,False,,,False,False,False,False,False,367.0,0.9581151832460733
IBDD,Electricity,649,0.73,344,0.7142857142857141,0.2325589817594233,0,276,938,824,51,26,9,0.7183917415445421,0.7588277226198572,0.7395339404294459,0.7183917415445421,0.26969983549512044,0.2592592592592596,1.2233606186634038,-2.534149843841321,1.7596622789832348,-1.2199335447094035,0.0606453741297639,0.7588277226198572,0.6223331126080257,0.1364946100118315,0.7395339404294459,0.592271002807881,0.14726293762156484,0.7183917415445421,0.5564021355891589,0.16198960595538325,0.26969983549512044,0.34911660598352434,0.0794167704884039,0.2592592592592596,0.28088718425926756,0.021627925000007986,2755.0,0.9077125906394199,2676.0,0.8816743572841134,2464.0,0.8117996044825313,2502.0,0.8243243243243243,1729.0,0.5695451549110085,0.5695451549110085,WACC_0p9_WRT_0p1,0.7990112063282795,2935,False,,,False,False,False,False,False,276.0,0.7198952879581152
IBDD,Electricity,1458,0.74,117,0.7499999999999998,0.4172819839037627,0,103,2627,4135,305,37,34,0.49470860302639985,0.5672631278035053,0.5326441780277857,0.49470860302639985,0.1838357749346038,0.22222222222222254,1.2233606186634038,-2.534149843841321,1.7596622789832348,-1.2199335447094035,0.0606453741297639,0.5672631278035053,0.5492509597314204,0.018012168072084944,0.5326441780277857,0.5260910202382153,0.006553157789570441,0.49470860302639985,0.526123492499144,0.03141488947274418,0.1838357749346038,0.28948816484383644,0.10565238990923265,0.22222222222222254,0.28105828930653476,0.058836067084312216,2191.0,0.7218193803559657,2151.0,0.7086354647330257,2205.0,0.7264337508239948,1803.0,0.5939353988134476,1732.0,0.5705339485827291,0.5705339485827291,WACC_0p9_WRT_0p1,0.6642715886618326,2936,False,,,False,False,False,False,False,103.0,0.2670157068062827
IBDD,Electricity,671,0.75,1696,0.7857142857142856,0.0,0,54,1733,3325,267,13,3,1.0,1.0,1.0,1.0,0.3781605904263647,0.18518518518518542,1.2233606186634038,-2.534149843841321,1.7596622789832348,-1.2199335447094035,0.0606453741297639,1.0,0.6587662006040114,0.34123379939598864,1.0,0.6604059789871661,0.33959402101283387,1.0,0.6524103715165457,0.3475896284834543,0.3781605904263647,0.36913790132300145,0.009022689103363235,0.18518518518518542,0.2813280405457994,0.09614285536061398,2896.0,0.9541858932102835,2926.0,0.9640738299274885,2897.0,0.954515491100857,2674.0,0.8810151615029663,1736.0,0.5718523401450231,0.5718523401450231,WACC_0p9_WRT_0p1,0.8651285431773236,2937,False,,,False,False,False,False,False,54.0,0.1387434554973822
IBDD,Electricity,2480,0.74,150,0.7499999999999998,0.3748236792350408,0,136,4615,4570,401,72,69,0.5461218365393451,0.6112939622747726,0.5801974792567542,0.5461218365393451,0.20335048888406304,0.22222222222222254,1.2233606186634038,-2.534149843841321,1.7596622789832348,-1.2199335447094035,0.0606453741297639,0.6112939622747726,0.5430923112902071,0.06820165098456554,0.5801974792567542,0.5328472954126149,0.04735018384413936,0.5461218365393451,0.5270024052000805,0.019119431339264636,0.20335048888406304,0.28547652756817615,0.08212603868411311,0.22222222222222254,0.31505420583550603,0.09283198361328349,2132.0,0.7023731048121292,2211.0,0.7284113381674358,2210.0,0.7280817402768622,1739.0,0.5728411338167436,2154.0,0.7096242584047462,0.5728411338167436,WACC_0p7_WRT_0p3,0.6882663150955836,2938,False,,,False,False,False,False,False,136.0,0.35340314136125656
IBDD,Electricity,1052,0.74,964,0.7499999999999998,0.0554593575227778,0,370,4840,2066,395,30,6,0.9328436469368262,0.9424865921986009,0.9378855195744888,0.9328436469368262,0.3522954798233917,0.22222222222222254,1.2233606186634038,-2.534149843841321,1.7596622789832348,-1.2199335447094035,0.0606453741297639,0.9424865921986009,0.7127478238480554,0.22973876835054552,0.9378855195744888,0.7080015082369481,0.22988401133754077,0.9328436469368262,0.711517170434749,0.22132647650207715,0.3522954798233917,0.3664218618278167,0.014126382004425009,0.22222222222222254,0.2816255769164889,0.05940335469426633,3005.0,0.990112063282795,3003.0,0.989452867501648,3005.0,0.990112063282795,2657.0,0.8754119973632168,1739.0,0.5728411338167436,0.5728411338167436,WACC_0p9_WRT_0p1,0.8835860250494397,2939,False,,,False,False,False,False,False,370.0,0.9659685863874345
IBDD,Electricity,1537,0.74,366,0.7499999999999998,0.2219153715481115,0,259,4301,2914,381,37,20,0.7312802075698489,0.7698655406167733,0.7514547838661151,0.7312802075698489,0.274663797712271,0.22222222222222254,1.2233606186634038,-2.534149843841321,1.7596622789832348,-1.2199335447094035,0.0606453741297639,0.7698655406167733,0.6177631820799456,0.15210235853682763,0.7514547838661151,0.6224532710166351,0.12900151284948003,0.7312802075698489,0.6111040801126894,0.12017612745715955,0.274663797712271,0.3298769341927479,0.055213136480476876,0.22222222222222254,0.28163856289577277,0.05941634067355023,2731.0,0.8998022412656559,2805.0,0.9241924851680949,2762.0,0.9100197758734344,2318.0,0.7636783124588002,1740.0,0.573170731707317,0.573170731707317,WACC_0p9_WRT_0p1,0.8141727092946605,2940,False,,,False,False,False,False,False,259.0,0.675392670157068
IBDD,Electricity,1844,0.74,178,0.7499999999999998,0.3455351501104867,0,164,3751,3139,459,53,39,0.5815876423194026,0.6416672517372731,0.6130006318762549,0.5815876423194026,0.21701006012763283,0.22222222222222254,1.2233606186634038,-2.534149843841321,1.7596622789832348,-1.2199335447094035,0.0606453741297639,0.6416672517372731,0.5311539372659216,0.11051331447135149,0.6130006318762549,0.5288217440844906,0.0841788877917643,0.5815876423194026,0.524355940253124,0.05723170206627859,0.21701006012763283,0.28595148267401116,0.06894142254637833,0.22222222222222254,0.28181083745024116,0.059588615228018615,1979.0,0.6519446275543836,2175.0,0.7165458141067897,2192.0,0.7221489782465392,1749.0,0.5761371127224786,1741.0,0.5735003295978905,0.5735003295978905,WACC_0p9_WRT_0p1,0.6480553724456163,2941,False,,,False,False,False,False,False,164.0,0.42670157068062825
IBDD,Electricity,769,0.74,651,0.7499999999999998,0.1229675715443128,0,338,209,3603,243,3,1,0.8510971994841576,0.872478073954046,0.8622763198703696,0.8510971994841576,0.32081102886200025,0.22222222222222254,1.2233606186634038,-2.534149843841321,1.7596622789832348,-1.2199335447094035,0.0606453741297639,0.872478073954046,0.6009016439845289,0.27157642996951703,0.8622763198703696,0.5944607362099311,0.26781558366043845,0.8510971994841576,0.5861171709008501,0.2649800285833075,0.32081102886200025,0.33863437779169514,0.017823348929694893,0.22222222222222254,0.28189981564192523,0.05967759341970269,2643.0,0.8707976268951879,2690.0,0.8862887277521424,2662.0,0.8770599868160843,2394.0,0.7887277521423863,1742.0,0.5738299274884641,0.5738299274884641,WACC_0p9_WRT_0p1,0.799340804218853,2942,False,,,False,False,False,False,False,338.0,0.8821989528795812
IBDD,Electricity,2348,0.73,125,0.7142857142857141,0.405987565903148,0,117,4846,4778,753,180,102,0.5083851394446378,0.5789758575819206,0.5452939261884742,0.5083851394446378,0.22270073803295595,0.2592592592592596,1.2233606186634038,-2.534149843841321,1.7596622789832348,-1.2199335447094035,0.0606453741297639,0.5789758575819206,0.5216758881866573,0.05729996939526327,0.5452939261884742,0.5069913097105709,0.03830261647790323,0.5083851394446378,0.4959041369902863,0.01248100245435152,0.22270073803295595,0.28566585291243207,0.06296511487947612,0.2592592592592596,0.32257699029014275,0.06331773103088317,1853.0,0.6104152933421226,1968.0,0.6483190507580752,1882.0,0.6199736321687541,1743.0,0.5741595253790376,2220.0,0.7313777191825972,0.5741595253790376,WACC_0p7_WRT_0p3,0.6368490441661173,2943,False,,,False,False,False,False,False,117.0,0.3036649214659686
IBDD,Electricity,588,0.74,803,0.7499999999999998,0.0868868320988039,0,361,3924,1036,893,29,4,0.8947877683117501,0.9098951370827218,0.9026867480493397,0.8947877683117501,0.33763834814733185,0.22222222222222254,1.2233606186634038,-2.534149843841321,1.7596622789832348,-1.2199335447094035,0.0606453741297639,0.9098951370827218,0.742208184062216,0.16768695302050585,0.9026867480493397,0.7198958798215277,0.182790868227812,0.8947877683117501,0.6923836902774432,0.20240407803430693,0.33763834814733185,0.36373942100302314,0.0261010728556913,0.22222222222222254,0.28194655139297314,0.0597243291707506,3028.0,0.9976928147659855,3014.0,0.9930784442979564,2978.0,0.9812129202373104,2634.0,0.8678312458800264,1743.0,0.5741595253790376,0.5741595253790376,WACC_0p9_WRT_0p1,0.8827949901120633,2944,False,,,False,False,False,False,False,361.0,0.9424083769633508
IBDD,Electricity,2259,0.74,359,0.7499999999999998,0.2252311465660245,0,258,2550,2581,900,15,5,0.7272650987094629,0.7664269591167153,0.7477411158460526,0.7272650987094629,0.27311738802770746,0.22222222222222254,1.2233606186634038,-2.534149843841321,1.7596622789832348,-1.2199335447094035,0.0606453741297639,0.7664269591167153,0.6515436066717053,0.11488335244501002,0.7477411158460526,0.6252335801354754,0.12250753571057726,0.7272650987094629,0.6284003632992994,0.0988647354101635,0.27311738802770746,0.3714025555454179,0.09828516751771044,0.22222222222222254,0.2819539694629438,0.05973174724072128,2881.0,0.9492419248516809,2811.0,0.9261700725115359,2830.0,0.9324324324324325,2688.0,0.8856295319709954,1744.0,0.5744891232696111,0.5744891232696111,WACC_0p9_WRT_0p1,0.8535926170072511,2945,False,,,False,False,False,False,False,258.0,0.6727748691099477
IBDD,Electricity,703,0.74,492,0.7499999999999998,0.1710974543242625,0,295,4890,2688,212,41,10,0.79281618893455,0.8225656029229871,0.8083708511568259,0.79281618893455,0.2983642354439511,0.22222222222222254,1.2233606186634038,-2.534149843841321,1.7596622789832348,-1.2199335447094035,0.0606453741297639,0.8225656029229871,0.6809040572267371,0.14166154569625,0.8083708511568259,0.687875239749211,0.12049561140761489,0.79281618893455,0.6933032515871084,0.0995129373474416,0.2983642354439511,0.34730670358843324,0.048942468144482165,0.22222222222222254,0.2820605600996736,0.059838337877451075,2957.0,0.974291364535267,2974.0,0.9798945286750165,2981.0,0.982201713909031,2479.0,0.8167435728411339,1746.0,0.575148319050758,0.575148319050758,WACC_0p9_WRT_0p1,0.8656558998022412,2946,False,,,False,False,False,False,False,295.0,0.7696335078534031
IBDD,Electricity,1484,0.73,131,0.7142857142857141,0.3979778361999513,0,123,1809,4755,172,178,83,0.5180842102582068,0.5872822439407912,0.5542648234560545,0.5180842102582068,0.22270073803295595,0.2592592592592596,1.2233606186634038,-2.534149843841321,1.7596622789832348,-1.2199335447094035,0.0606453741297639,0.5872822439407912,0.5171611873033529,0.07012105663743828,0.5542648234560545,0.49908405838340864,0.05518076507264591,0.5180842102582068,0.48655701199052864,0.03152719826767819,0.22270073803295595,0.29041125059811024,0.06771051256515428,0.2592592592592596,0.33743726596693013,0.07817800670767056,1786.0,0.5883322346736981,1865.0,0.6143704680290046,1748.0,0.5758075148319051,1817.0,0.5985497692814766,2323.0,0.7653263019116677,0.5758075148319051,WACC_0p5_WRT_0p5,0.6284772577455504,2947,False,,,False,False,False,False,False,123.0,0.3193717277486911
IBDD,Electricity,2575,0.73,147,0.7142857142857141,0.3782788748888935,0,139,4099,4960,803,217,82,0.5419379016797108,0.6077107964115179,0.5763276601244394,0.5419379016797108,0.22270073803295595,0.2592592592592596,1.2233606186634038,-2.534149843841321,1.7596622789832348,-1.2199335447094035,0.0606453741297639,0.6077107964115179,0.5347948277187587,0.07291596869275918,0.5763276601244394,0.5224588320444068,0.05386882808003257,0.5419379016797108,0.5110030232134827,0.03093487846622811,0.22270073803295595,0.28593600694760085,0.0632352689146449,0.2592592592592596,0.3088669352492139,0.0496076759899543,2036.0,0.6707317073170732,2121.0,0.6987475280158207,2070.0,0.6819380355965722,1748.0,0.5758075148319051,2093.0,0.6895187870797627,0.5758075148319051,WACC_0p7_WRT_0p3,0.6633487145682269,2948,False,,,False,False,False,False,False,139.0,0.3612565445026178
IBDD,Electricity,2219,0.74,253,0.7499999999999998,0.2852816754323467,0,215,3501,4791,219,48,22,0.6545492451851818,0.7041523365886774,0.6804845235157717,0.6545492451851818,0.2451110489665937,0.22222222222222254,1.2233606186634038,-2.534149843841321,1.7596622789832348,-1.2199335447094035,0.0606453741297639,0.7041523365886774,0.612019546620212,0.09213278996846541,0.6804845235157717,0.6068094061437305,0.07367511737204124,0.6545492451851818,0.6024853576242336,0.05206388756094815,0.2451110489665937,0.3135558880103626,0.06844483904376891,0.22222222222222254,0.2823922622607908,0.06017004003856824,2706.0,0.8915622940013184,2734.0,0.9007910349373764,2741.0,0.9030982201713909,2132.0,0.7023731048121292,1750.0,0.5764667106130521,0.5764667106130521,WACC_0p9_WRT_0p1,0.7948582729070534,2949,False,,,False,False,False,False,False,215.0,0.5602094240837696
IBDD,Electricity,2406,0.74,469,0.7499999999999998,0.1793235196092751,0,291,4028,3336,798,49,9,0.782855154958018,0.8140348685533443,0.7991576580376119,0.782855154958018,0.29452776675899134,0.22222222222222254,1.2233606186634038,-2.534149843841321,1.7596622789832348,-1.2199335447094035,0.0606453741297639,0.8140348685533443,0.6722552617537995,0.14177960679954482,0.7991576580376119,0.6803179006946616,0.11883975734295027,0.782855154958018,0.6898268841427921,0.09302827081522591,0.29452776675899134,0.3614301781416139,0.06690241138262254,0.22222222222222254,0.28242641744083036,0.060204195218607814,2934.0,0.9667106130520765,2964.0,0.9765985497692815,2973.0,0.979564930784443,2614.0,0.8612392880685563,1751.0,0.5767963085036256,0.5767963085036256,WACC_0p9_WRT_0p1,0.8721819380355965,2950,False,,,False,False,False,False,False,291.0,0.7591623036649214
IBDD,Electricity,1593,0.73,162,0.7142857142857141,0.3616571542990457,0,153,4193,1133,670,39,33,0.5620653280746305,0.6249481362824711,0.5949439871850688,0.5620653280746305,0.22270073803295595,0.2592592592592596,1.2233606186634038,-2.534149843841321,1.7596622789832348,-1.2199335447094035,0.0606453741297639,0.6249481362824711,0.5636502569527339,0.06129787932973729,0.5949439871850688,0.5441567182376819,0.05078726894738694,0.5620653280746305,0.5314464459938929,0.030618882080737597,0.22270073803295595,0.2961103785228547,0.07340964048989876,0.2592592592592596,0.2824616938778789,0.023202434618619316,2337.0,0.7699406723796968,2317.0,0.7633487145682267,2246.0,0.7399472643375082,1892.0,0.6232696110744891,1754.0,0.5777851021753461,0.5777851021753461,WACC_0p9_WRT_0p1,0.6948582729070534,2951,False,,,False,False,False,False,False,153.0,0.39790575916230364
IBDD,Electricity,1679,0.74,158,0.7499999999999998,0.3659350920892225,0,144,4383,3939,950,50,44,0.5568851256083215,0.6205117563519175,0.5901526968600708,0.5568851256083215,0.20749594422108764,0.22222222222222254,1.2233606186634038,-2.534149843841321,1.7596622789832348,-1.2199335447094035,0.0606453741297639,0.6205117563519175,0.5504267093102682,0.0700850470416493,0.5901526968600708,0.5512560314450361,0.03889666541503467,0.5568851256083215,0.5396105917562645,0.017274533852057017,0.20749594422108764,0.2862926292332249,0.07879668501213727,0.22222222222222254,0.2881032370620351,0.06588101483981257,2207.0,0.7270929466051417,2387.0,0.7864205669083718,2321.0,0.7646671061305208,1756.0,0.5784442979564931,1828.0,0.6021753460777851,0.5784442979564931,WACC_0p7_WRT_0p3,0.6917600527356625,2952,False,,,False,False,False,False,False,144.0,0.3743455497382199
IBDD,Electricity,1073,0.74,569,0.7499999999999998,0.146109725432173,0,320,1221,1222,832,23,5,0.8230741078625653,0.8484788032555243,0.8363571075159661,0.8230741078625653,0.3100180013795833,0.22222222222222254,1.2233606186634038,-2.534149843841321,1.7596622789832348,-1.2199335447094035,0.0606453741297639,0.8484788032555243,0.6533359567938761,0.19514284646164815,0.8363571075159661,0.618303516676237,0.2180535908397292,0.8230741078625653,0.6246856618160366,0.19838844604652872,0.3100180013795833,0.370651021900738,0.06063302052115471,0.22222222222222254,0.28286616329958075,0.06064394107735821,2883.0,0.9499011206328279,2780.0,0.9159525379037574,2817.0,0.9281476598549769,2683.0,0.8839815425181279,1760.0,0.5797626895187871,0.5797626895187871,WACC_0p9_WRT_0p1,0.8515491100856956,2953,False,,,False,False,False,False,False,320.0,0.8350785340314136
IBDD,Electricity,2652,0.74,183,0.7499999999999998,0.3407916506944176,0,169,1227,4413,699,49,34,0.5873315985383268,0.6465864363169004,0.6183133512222523,0.5873315985383268,0.21922233128478377,0.22222222222222254,1.2233606186634038,-2.534149843841321,1.7596622789832348,-1.2199335447094035,0.0606453741297639,0.6465864363169004,0.5455262756416749,0.1010601606752255,0.6183133512222523,0.5311088095774794,0.08720454164477287,0.5873315985383268,0.5372915899954499,0.050040008542876935,0.21922233128478377,0.2869734087044993,0.0677510774197155,0.22222222222222254,0.2882283356744613,0.06600611345223878,2155.0,0.7099538562953197,2197.0,0.7237969676994067,2300.0,0.7577455504284772,1764.0,0.581081081081081,1830.0,0.6028345418589321,0.581081081081081,WACC_0p7_WRT_0p3,0.6750823994726434,2954,False,,,False,False,False,False,False,169.0,0.4397905759162304
IBDD,Electricity,244,0.8,37,0.9642857142857144,0.6123767684992667,0,2,1,717,2,2,1,0.2584661577420591,0.3649426104452048,0.31413801928082125,0.2584661577420591,0.09256058430621854,0.007627368238767746,1.2233606186634038,-2.534149843841321,1.7596622789832348,-1.2199335447094035,0.0606453741297639,0.3649426104452048,0.5211026852412278,0.156160074796023,0.31413801928082125,0.491253605702886,0.17711558642206476,0.2584661577420591,0.5417755584687269,0.2833094007266678,0.09256058430621854,0.38876393024631795,0.2962033459400994,0.007627368238767746,0.3760140291875401,0.36838666094877237,1846.0,0.6081081081081081,1764.0,0.581081081081081,2343.0,0.7719182597231378,2787.0,0.9182597231377719,2589.0,0.8529993408042189,0.581081081081081,WACC_0p3_WRT_0p7,0.7464733025708636,2955,False,,,False,False,False,False,False,2.0,0.002617801047120419
IBDD,Electricity,1166,0.73,144,0.7142857142857141,0.3818048302984436,0,136,4373,4836,455,212,123,0.5376682830446319,0.6040542500608733,0.5723785900657432,0.5376682830446319,0.22270073803295595,0.2592592592592596,1.2233606186634038,-2.534149843841321,1.7596622789832348,-1.2199335447094035,0.0606453741297639,0.6040542500608733,0.5189291975009476,0.08512505255992575,0.5723785900657432,0.49130646494814784,0.08107212511759537,0.5376682830446319,0.49327650884904073,0.04439177419559115,0.22270073803295595,0.321562363099763,0.09886162506680704,0.2592592592592596,0.34833954235506065,0.08908028309580107,1816.0,0.5982201713909031,1765.0,0.5814106789716545,1849.0,0.6090969017798286,2214.0,0.7294001318391562,2396.0,0.7893869479235333,0.5814106789716545,WACC_0p3_WRT_0p7,0.6615029663810151,2956,False,,,False,False,False,False,False,136.0,0.35340314136125656
IBDD,Electricity,2651,0.73,139,0.7142857142857141,0.3878467884272343,0,131,601,2386,924,31,22,0.5303520087238677,0.5977885157050904,0.5656115969614975,0.5303520087238677,0.22270073803295595,0.2592592592592596,1.2233606186634038,-2.534149843841321,1.7596622789832348,-1.2199335447094035,0.0606453741297639,0.5977885157050904,0.5492849642456974,0.048503551459393,0.5656115969614975,0.5038311791508489,0.06178041781064869,0.5303520087238677,0.5012604148338006,0.029091593890067102,0.22270073803295595,0.3068114197502098,0.08411068171725386,0.2592592592592596,0.2832985349915844,0.02403927573232484,2194.0,0.7228081740276863,1919.0,0.6321687541199736,1945.0,0.6407382992748847,2045.0,0.6736980883322347,1767.0,0.5820698747528016,0.5820698747528016,WACC_0p9_WRT_0p1,0.6502966381015162,2957,False,,,False,False,False,False,False,131.0,0.3403141361256545
IBDD,Electricity,46,0.73,165,0.7142857142857141,0.3585170404207828,0,155,1363,1,792,57,10,0.5658677269066145,0.6282045506747438,0.5984609147287232,0.5658677269066145,0.22270073803295595,0.2592592592592596,1.2233606186634038,-2.534149843841321,1.7596622789832348,-1.2199335447094035,0.0606453741297639,0.6282045506747438,0.5765590805366495,0.051645470138094285,0.5984609147287232,0.5334346904874203,0.06502622424130289,0.5658677269066145,0.5397112671274045,0.026156459779209995,0.22270073803295595,0.32068707652469725,0.09798633849174129,0.2592592592592596,0.2836764904874079,0.024417231228148317,2444.0,0.8052076466710613,2228.0,0.7340145023071852,2323.0,0.7653263019116677,2201.0,0.7251153592617007,1770.0,0.583058668424522,0.583058668424522,WACC_0p9_WRT_0p1,0.7225444957152274,2958,False,,,False,False,False,False,False,155.0,0.4031413612565445
IBDD,Electricity,338,0.75,2325,0.7857142857142856,0.0,0,54,4282,4047,762,14,2,1.0,1.0,1.0,1.0,0.3781605904263647,0.18518518518518542,1.2233606186634038,-2.534149843841321,1.7596622789832348,-1.2199335447094035,0.0606453741297639,1.0,0.7237368426616126,0.27626315733838736,1.0,0.7444949395428618,0.25550506045713817,1.0,0.7635743306684933,0.23642566933150666,0.3781605904263647,0.3919009898108755,0.013740399384510826,0.18518518518518542,0.28377064448011263,0.09858545929492721,3016.0,0.9937376400791035,3031.0,0.998681608437706,3035.0,1.0,2799.0,0.9222148978246539,1771.0,0.5833882663150955,0.5833882663150955,WACC_0p9_WRT_0p1,0.8996044825313119,2959,False,,,False,False,False,False,False,54.0,0.1387434554973822
IBDD,Electricity,2031,0.74,376,0.7499999999999998,0.2172866482099523,0,263,4372,3491,609,23,17,0.7368851801590374,0.7746656981526421,0.7566389540048535,0.7368851801590374,0.2768225396530315,0.22222222222222254,1.2233606186634038,-2.534149843841321,1.7596622789832348,-1.2199335447094035,0.0606453741297639,0.7746656981526421,0.6427801929823583,0.13188550517028375,0.7566389540048535,0.656036800100583,0.10060215390427052,0.7368851801590374,0.6362558350924198,0.10062934506661758,0.2768225396530315,0.3306366436105245,0.05381410395749303,0.22222222222222254,0.28404664402134644,0.061824421799123896,2843.0,0.936717205009888,2917.0,0.9611074489123269,2853.0,0.9400131839156229,2327.0,0.7666446934739618,1772.0,0.5837178642056691,0.5837178642056691,WACC_0p9_WRT_0p1,0.8376400791034937,2960,False,,,False,False,False,False,False,263.0,0.6858638743455497
IBDD,Electricity,2077,0.73,117,0.7142857142857141,0.4172819839037627,0,109,4570,4626,592,144,124,0.49470860302639985,0.5672631278035053,0.5326441780277857,0.49470860302639985,0.22270073803295595,0.2592592592592596,1.2233606186634038,-2.534149843841321,1.7596622789832348,-1.2199335447094035,0.0606453741297639,0.5672631278035053,0.5182183320527244,0.04904479575078091,0.5326441780277857,0.4941739795473961,0.03847019848038963,0.49470860302639985,0.48803001826286274,0.00667858476353711,0.22270073803295595,0.3233232469889967,0.10062250895604077,0.2592592592592596,0.3606043456385554,0.10134508637929585,1810.0,0.5962425840474621,1800.0,0.5929466051417271,1777.0,0.5853658536585366,2236.0,0.7366512854317733,2479.0,0.8167435728411339,0.5853658536585366,WACC_0p5_WRT_0p5,0.6655899802241266,2961,False,,,False,False,False,False,False,109.0,0.28272251308900526
IBDD,Electricity,1437,0.74,106,0.7499999999999998,0.4341306116852848,0,92,4156,4434,375,111,90,0.47430641218852043,0.5497904767708157,0.513773714912481,0.47430641218852043,0.1838357749346038,0.22222222222222254,1.2233606186634038,-2.534149843841321,1.7596622789832348,-1.2199335447094035,0.0606453741297639,0.5497904767708157,0.5263594694442217,0.023431007326593978,0.513773714912481,0.508754621821171,0.00501909309130999,0.47430641218852043,0.5028115938453397,0.028505181656819256,0.1838357749346038,0.2882841118141865,0.10444833687958271,0.22222222222222254,0.3238058159577527,0.10158359373553016,1922.0,0.6331575477916941,1985.0,0.6539222148978246,1962.0,0.6463414634146342,1778.0,0.5856954515491101,2225.0,0.7330257086354647,0.5856954515491101,WACC_0p7_WRT_0p3,0.6504284772577454,2962,False,,,False,False,False,False,False,92.0,0.23821989528795812
IBDD,Electricity,1741,0.74,575,0.7499999999999998,0.1443067965115033,0,322,871,876,778,16,3,0.8252572945519275,0.850348507321404,0.8383763879071164,0.8252572945519275,0.31085885057123275,0.22222222222222254,1.2233606186634038,-2.534149843841321,1.7596622789832348,-1.2199335447094035,0.0606453741297639,0.850348507321404,0.6550892875847668,0.19525921973663718,0.8383763879071164,0.6212181114868808,0.21715827642023566,0.8252572945519275,0.6195821741702372,0.20567512038169034,0.31085885057123275,0.36981499424010716,0.05895614366887442,0.22222222222222254,0.28470359536351886,0.062481373141296315,2890.0,0.9522083058668425,2800.0,0.9225444957152275,2795.0,0.92089650626236,2677.0,0.8820039551746869,1787.0,0.5886618325642716,0.5886618325642716,WACC_0p9_WRT_0p1,0.8532630191166778,2963,False,,,False,False,False,False,False,322.0,0.8403141361256544
IBDD,Electricity,2299,0.73,238,0.7142857142857141,0.2957622818559112,0,218,4559,3512,108,41,32,0.6418581622600328,0.693283559556833,0.6687462443213795,0.6418581622600328,0.24022310838379146,0.2592592592592596,1.2233606186634038,-2.534149843841321,1.7596622789832348,-1.2199335447094035,0.0606453741297639,0.693283559556833,0.5777201461867266,0.11556341337010634,0.6687462443213795,0.5732804092117185,0.095465835109661,0.6418581622600328,0.5704650512829499,0.0713931109770829,0.24022310838379146,0.28935792357366996,0.0491348151898785,0.2592592592592596,0.28527978884097704,0.026020529581717466,2454.0,0.8085036255767963,2565.0,0.8450889914304548,2557.0,0.8424522083058669,1798.0,0.5922874093605801,1790.0,0.5896506262359921,0.5896506262359921,WACC_0p9_WRT_0p1,0.7355965721819382,2964,False,,,False,False,False,False,False,218.0,0.5680628272251309
IBDD,Electricity,1613,0.73,151,0.7142857142857141,0.3736871857445338,0,143,2753,2433,531,34,23,0.5474980291515862,0.6124725481167796,0.5814703519661221,0.5474980291515862,0.22270073803295595,0.2592592592592596,1.2233606186634038,-2.534149843841321,1.7596622789832348,-1.2199335447094035,0.0606453741297639,0.6124725481167796,0.5524023816330805,0.06007016648369912,0.5814703519661221,0.529184969248023,0.052285382718099016,0.5474980291515862,0.5157010177423316,0.031797011409254616,0.22270073803295595,0.30006364213826603,0.07736290410531008,0.2592592592592596,0.2853862607291013,0.026127001469841704,2230.0,0.7346736980883323,2178.0,0.7175346077785102,2113.0,0.6961107448912327,1955.0,0.6440342781806196,1793.0,0.5906394199077126,0.5906394199077126,WACC_0p9_WRT_0p1,0.6765985497692814,2965,False,,,False,False,False,False,False,143.0,0.3717277486910995
IBDD,Electricity,825,0.75,1256,0.7857142857142856,0.0099431872067469,0,52,892,3842,948,8,1,0.9879596839838024,0.9896885466004106,0.9888636303284434,0.9879596839838024,0.3735232911799219,0.18518518518518542,1.2233606186634038,-2.534149843841321,1.7596622789832348,-1.2199335447094035,0.0606453741297639,0.9896885466004106,0.6702406225848878,0.3194479240155228,0.9888636303284434,0.6602355480849859,0.3286280822434575,0.9879596839838024,0.6709339261483158,0.3170257578354866,0.3735232911799219,0.3676216107227852,0.005901680457136682,0.18518518518518542,0.2854253562528701,0.10024017106768465,2929.0,0.9650626235992089,2925.0,0.963744232036915,2947.0,0.970995385629532,2660.0,0.8764007910349374,1794.0,0.5909690177982861,0.5909690177982861,WACC_0p9_WRT_0p1,0.873434410019776,2966,False,,,False,False,False,False,False,52.0,0.13350785340314136
IBDD,Electricity,2128,0.74,411,0.7499999999999998,0.2020009895386679,0,277,4231,947,72,36,15,0.7553947543117912,0.7905174923302704,0.773758891716692,0.7553947543117912,0.2839514583753532,0.22222222222222254,1.2233606186634038,-2.534149843841321,1.7596622789832348,-1.2199335447094035,0.0606453741297639,0.7905174923302704,0.6566624268555423,0.13385506547472803,0.773758891716692,0.6253146369041719,0.1484442548125201,0.7553947543117912,0.6042733503246537,0.15112140398713747,0.2839514583753532,0.3407066686131248,0.056755210237771636,0.22222222222222254,0.28542983774849967,0.06320761552627713,2892.0,0.9528675016479895,2812.0,0.9264996704021095,2748.0,0.9054054054054054,2423.0,0.7982860909690178,1795.0,0.5912986156888596,0.5912986156888596,WACC_0p9_WRT_0p1,0.8348714568226763,2967,False,,,False,False,False,False,False,277.0,0.7225130890052356
IBDD,Electricity,1782,0.74,57,0.7499999999999998,0.5395700629986553,0,44,251,1363,257,11,10,0.3466286074775693,0.44044586059398705,0.395681529441506,0.3466286074775693,0.1838357749346038,0.22222222222222254,1.2233606186634038,-2.534149843841321,1.7596622789832348,-1.2199335447094035,0.0606453741297639,0.44044586059398705,0.5446316610524836,0.10418580045849657,0.395681529441506,0.5022094416748774,0.10652791223337138,0.3466286074775693,0.4893902073972788,0.1427615999197095,0.1838357749346038,0.3366062462452854,0.1527704713106816,0.22222222222222254,0.2909279845184302,0.06870576229620767,2142.0,0.7056690837178642,1899.0,0.6255767963085036,1796.0,0.5916282135794331,2377.0,0.7831245880026367,1875.0,0.6176664469347396,0.5916282135794331,WACC_0p5_WRT_0p5,0.6647330257086355,2968,False,,,False,False,False,False,False,44.0,0.112565445026178
IBDD,Electricity,2674,0.74,139,0.7499999999999998,0.3878467884272343,0,125,4278,4542,902,116,114,0.5303520087238677,0.5977885157050904,0.5656115969614975,0.5303520087238677,0.19727677698589813,0.22222222222222254,1.2233606186634038,-2.534149843841321,1.7596622789832348,-1.2199335447094035,0.0606453741297639,0.5977885157050904,0.5175203234117487,0.0802681922933417,0.5656115969614975,0.49906403441784447,0.06654756254365307,0.5303520087238677,0.49381080879061934,0.036541199933248336,0.19727677698589813,0.3099923997891153,0.11271562280321717,0.22222222222222254,0.34937690746639577,0.12715468524417323,1800.0,0.5929466051417271,1863.0,0.6137112722478576,1857.0,0.6117336849044166,2095.0,0.6901779828609097,2404.0,0.7920237310481213,0.5929466051417271,WACC_0p1_WRT_0p9,0.6601186552406064,2969,False,,,False,False,False,False,False,125.0,0.32460732984293195
IBDD,Electricity,2342,0.74,483,0.7499999999999998,0.1742697103789332,0,294,3525,2335,744,26,10,0.788974868783541,0.8192758559033285,0.8048179243755947,0.788974868783541,0.2968847600699115,0.22222222222222254,1.2233606186634038,-2.534149843841321,1.7596622789832348,-1.2199335447094035,0.0606453741297639,0.8192758559033285,0.660812575767744,0.15846328013558453,0.8048179243755947,0.6713786868356388,0.1334392375399559,0.788974868783541,0.6662082093801486,0.12276665940339238,0.2968847600699115,0.36005314292175894,0.06316838285184745,0.22222222222222254,0.28606286429612093,0.06384064207389839,2903.0,0.956493078444298,2946.0,0.9706657877389585,2937.0,0.967699406723797,2604.0,0.8579433091628214,1801.0,0.5932762030323006,0.5932762030323006,WACC_0p9_WRT_0p1,0.8692155570204351,2970,False,,,False,False,False,False,False,294.0,0.7670157068062827
IBDD,Electricity,215,0.75,62,0.7857142857142856,0.5253323572805145,0,19,1,2232,2,14,2,0.3638692037398741,0.455210888746133,0.41162775984582367,0.3638692037398741,0.14497081183625146,0.18518518518518542,1.2233606186634038,-2.534149843841321,1.7596622789832348,-1.2199335447094035,0.0606453741297639,0.455210888746133,0.5176260946093498,0.062415205863216805,0.41162775984582367,0.49974215247599907,0.0881143926301754,0.3638692037398741,0.5104569275546256,0.1465877238147515,0.14497081183625146,0.36899488322788543,0.22402407139163397,0.18518518518518542,0.3518691509865443,0.16668396580135889,1803.0,0.5939353988134476,1873.0,0.6170072511535926,2061.0,0.6789716545814107,2671.0,0.8800263678312459,2427.0,0.7996044825313118,0.5939353988134476,WACC_0p1_WRT_0p9,0.7139090309822017,2971,False,,,False,False,False,False,False,19.0,0.04712041884816754
IBDD,Electricity,1004,0.74,977,0.7499999999999998,0.0531553439321638,0,371,4686,1442,158,28,3,0.9356336026280739,0.9448759396259042,0.9404660147959765,0.9356336026280739,0.3533700246615195,0.22222222222222254,1.2233606186634038,-2.534149843841321,1.7596622789832348,-1.2199335447094035,0.0606453741297639,0.9448759396259042,0.7490213957734595,0.19585454385244472,0.9404660147959765,0.7329717608679297,0.20749425392804677,0.9356336026280739,0.7269439922003892,0.20868961042768475,0.3533700246615195,0.3741176794955246,0.02074765483400509,0.22222222222222254,0.2866444048382239,0.06442218261600136,3030.0,0.9983520105471325,3024.0,0.9963744232036915,3020.0,0.9950560316413974,2712.0,0.8935398813447594,1808.0,0.5955833882663151,0.5955833882663151,WACC_0p9_WRT_0p1,0.8957811470006594,2972,False,,,False,False,False,False,False,371.0,0.9685863874345549
IBDD,Electricity,2884,0.74,703,0.7499999999999998,0.1097556896800008,0,351,1583,2612,223,30,6,0.8670956142285814,0.8861792847762955,0.877073627558399,0.8670956142285814,0.3269727804753955,0.22222222222222254,1.2233606186634038,-2.534149843841321,1.7596622789832348,-1.2199335447094035,0.0606453741297639,0.8861792847762955,0.6507347751173287,0.2354445096589668,0.877073627558399,0.6270245383535614,0.2500490892048376,0.8670956142285814,0.6183914896888406,0.24870412453974078,0.3269727804753955,0.3490555175382542,0.02208273706285868,0.22222222222222254,0.2866575854138424,0.06443536319161985,2876.0,0.9475939353988134,2819.0,0.928806855636124,2791.0,0.9195781147000659,2500.0,0.8236651285431773,1810.0,0.5962425840474621,0.5962425840474621,WACC_0p9_WRT_0p1,0.8431773236651285,2973,False,,,False,False,False,False,False,351.0,0.9162303664921466
IBDD,Electricity,25,0.75,1850,0.7857142857142856,0.0,0,54,4500,1539,101,23,1,1.0,1.0,1.0,1.0,0.3781605904263647,0.18518518518518542,1.2233606186634038,-2.534149843841321,1.7596622789832348,-1.2199335447094035,0.0606453741297639,1.0,0.7585829647332343,0.24141703526676572,1.0,0.7472330128727104,0.2527669871272896,1.0,0.7416644273384572,0.25833557266154283,0.3781605904263647,0.38996280209916484,0.011802211672800156,0.18518518518518542,0.2867820400996448,0.10159685491445938,3031.0,0.998681608437706,3032.0,0.9990112063282794,3027.0,0.997363216875412,2790.0,0.9192485168094924,1811.0,0.5965721819380356,0.5965721819380356,WACC_0p9_WRT_0p1,0.902175346077785,2974,False,,,False,False,False,False,False,54.0,0.1387434554973822
IBDD,Electricity,801,0.69,166,0.5714285714285711,0.357482934377252,0,157,109,4825,320,236,9,0.5671199374201531,0.6292769569421091,0.5996191134974777,0.5671199374201531,0.3781605904263649,0.4074074074074079,1.2233606186634038,-2.534149843841321,1.7596622789832348,-1.2199335447094035,0.0606453741297639,0.6292769569421091,0.5188950873657041,0.11038186957640495,0.5996191134974777,0.5038309366791706,0.09578817681830709,0.5671199374201531,0.5102163178813082,0.05690361953884493,0.3781605904263649,0.30946985244990943,0.06869073797645547,0.4074074074074079,0.3196741376841325,0.08773326972327539,1815.0,0.5978905735003296,1918.0,0.6318391562294001,2058.0,0.6779828609096902,2082.0,0.6858932102834542,2194.0,0.7228081740276863,0.5978905735003296,WACC_0p1_WRT_0p9,0.6632827949901121,2975,False,,,False,False,False,False,False,157.0,0.4083769633507853
IBDD,Electricity,1396,0.73,493,0.7142857142857141,0.1707485623331973,0,316,4285,467,909,20,12,0.7932386661282907,0.8229274168396473,0.808761610186819,0.7932386661282907,0.2985269515362478,0.2592592592592596,1.2233606186634038,-2.534149843841321,1.7596622789832348,-1.2199335447094035,0.0606453741297639,0.8229274168396473,0.7212838435488732,0.10164357329077411,0.808761610186819,0.6741042119119769,0.13465739827484213,0.7932386661282907,0.6510996922202046,0.14213897390808616,0.2985269515362478,0.35517774870891183,0.056650797172664025,0.2592592592592596,0.2874684855374582,0.028209226278198607,3014.0,0.9930784442979564,2951.0,0.972313777191826,2895.0,0.95385629531971,2559.0,0.8431114040870138,1816.0,0.5982201713909031,0.5982201713909031,WACC_0p9_WRT_0p1,0.8721160184574819,2976,False,,,False,False,False,False,False,316.0,0.824607329842932
IBDD,Electricity,758,0.74,863,0.7499999999999998,0.0744945688993544,0,363,1135,1745,647,8,4,0.9097936976958438,0.9227463729932622,0.9165660828327231,0.9097936976958438,0.3434178463707519,0.22222222222222254,1.2233606186634038,-2.534149843841321,1.7596622789832348,-1.2199335447094035,0.0606453741297639,0.9227463729932622,0.67656539081048,0.24618098218278228,0.9165660828327231,0.6376596542254822,0.2789064286072409,0.9097936976958438,0.6427232433180617,0.2670704543777821,0.3434178463707519,0.36643739278865556,0.023019546417903658,0.22222222222222254,0.28766202391461165,0.06543980169238911,2946.0,0.9706657877389585,2860.0,0.9423203691496375,2871.0,0.9459459459459459,2658.0,0.8757415952537904,1818.0,0.5988793671720501,0.5988793671720501,WACC_0p9_WRT_0p1,0.8667106130520764,2977,False,,,False,False,False,False,False,363.0,0.9476439790575916
IBDD,Electricity,377,0.73,661,0.7142857142857141,0.1203468491268104,0,343,4424,3319,474,47,3,0.8542706614175758,0.8751958601647892,0.8652115289779724,0.8542706614175758,0.3220332802225673,0.2592592592592596,1.2233606186634038,-2.534149843841321,1.7596622789832348,-1.2199335447094035,0.0606453741297639,0.8751958601647892,0.6996328455552929,0.1755630146094963,0.8652115289779724,0.6986943238675271,0.16651720511044532,0.8542706614175758,0.7240861995534108,0.130184461864165,0.3220332802225673,0.38693462614346036,0.06490134592089308,0.2592592592592596,0.28781201355191255,0.02855275429265297,2991.0,0.985497692814766,2993.0,0.986156888595913,3015.0,0.99340804218853,2778.0,0.9152933421226104,1821.0,0.5998681608437706,0.5998681608437706,WACC_0p9_WRT_0p1,0.8960448253131179,2978,False,,,False,False,False,False,False,343.0,0.8952879581151832
IBDD,Electricity,737,0.69,154,0.5714285714285711,0.3703220335715145,0,147,6,4930,731,182,2,0.5515729293584589,0.6159623355554664,0.5852393223999037,0.5515729293584589,0.3781605904263649,0.4074074074074079,1.2233606186634038,-2.534149843841321,1.7596622789832348,-1.2199335447094035,0.0606453741297639,0.6159623355554664,0.5197053502880333,0.09625698526743309,0.5852393223999037,0.5051404225925504,0.0800988998073533,0.5515729293584589,0.5198204286408998,0.031752500717559085,0.3781605904263649,0.3273487110544713,0.05081187937189363,0.4074074074074079,0.3709237816410161,0.0364836257663918,1824.0,0.6008569545154911,1938.0,0.6384311140408702,2157.0,0.7106130520764667,2277.0,0.7501647989452868,2555.0,0.8417930125247198,0.6008569545154911,WACC_0p1_WRT_0p9,0.7083717864205669,2979,False,,,False,False,False,False,False,147.0,0.38219895287958117
IBDD,Electricity,451,0.74,203,0.7499999999999998,0.3230255809587253,0,184,2191,2099,577,12,8,0.6088447300459375,0.6650105086353961,0.6382113493262277,0.6088447300459375,0.22750806302094895,0.22222222222222254,1.2233606186634038,-2.534149843841321,1.7596622789832348,-1.2199335447094035,0.0606453741297639,0.6650105086353961,0.6049698117151415,0.0600406969202546,0.6382113493262277,0.5790731659815589,0.059138183344668804,0.6088447300459375,0.5757420795407833,0.03310265050515426,0.22750806302094895,0.3570420417167992,0.12953397869585026,0.22222222222222254,0.2878730464543649,0.06565082423214236,2670.0,0.8796967699406724,2605.0,0.8582729070533949,2595.0,0.8549769281476599,2579.0,0.8497033618984838,1824.0,0.6008569545154911,0.6008569545154911,WACC_0p9_WRT_0p1,0.8087013843111404,2980,False,,,False,False,False,False,False,184.0,0.4790575916230366
IBDD,Electricity,2251,0.73,125,0.7142857142857141,0.405987565903148,0,117,2825,4979,645,211,114,0.5083851394446378,0.5789758575819206,0.5452939261884742,0.5083851394446378,0.22270073803295595,0.2592592592592596,1.2233606186634038,-2.534149843841321,1.7596622789832348,-1.2199335447094035,0.0606453741297639,0.5789758575819206,0.5198384704194107,0.059137387162509936,0.5452939261884742,0.4977433983696099,0.04755052781886426,0.5083851394446378,0.4936423194462361,0.014742819998401713,0.22270073803295595,0.3299518139776261,0.10725107594467012,0.2592592592592596,0.34856830770649,0.08930904844723042,1825.0,0.6011865524060646,1841.0,0.6064601186552406,1855.0,0.6110744891232696,2320.0,0.7643375082399473,2398.0,0.7900461437046803,0.6011865524060646,WACC_0p1_WRT_0p9,0.6746209624258406,2981,False,,,False,False,False,False,False,117.0,0.3036649214659686
IBDD,Electricity,1240,0.74,1417,0.7499999999999998,0.0,0,382,4907,2480,434,23,1,1.0,1.0,1.0,1.0,0.3781605904263647,0.22222222222222254,1.2233606186634038,-2.534149843841321,1.7596622789832348,-1.2199335447094035,0.0606453741297639,1.0,0.7202604301592085,0.2797395698407915,1.0,0.7372541230861366,0.2627458769138634,1.0,0.7414771895203685,0.25852281047963155,0.3781605904263647,0.39483369349230124,0.016673103065936556,0.22222222222222254,0.287970243179457,0.06574802095723448,3013.0,0.992748846407383,3026.0,0.9970336189848384,3026.0,0.9970336189848384,2811.0,0.9261700725115359,1826.0,0.6015161502966381,0.6015161502966381,WACC_0p9_WRT_0p1,0.9029004614370468,2982,False,,,False,False,False,False,False,382.0,0.9973821989528796
IBDD,Electricity,1631,0.72,127,0.6785714285714283,0.4032760431131678,0,120,3762,4994,974,141,119,0.5116685525593311,0.5817878071419,0.548330831713252,0.5116685525593311,0.2615657011313083,0.2962962962962967,1.2233606186634038,-2.534149843841321,1.7596622789832348,-1.2199335447094035,0.0606453741297639,0.5817878071419,0.519862855197231,0.06192495194466907,0.548330831713252,0.49994942527501035,0.04838140643824168,0.5116685525593311,0.4937661958765085,0.017902356682822584,0.2615657011313083,0.32742858851881745,0.06586288738750917,0.2962962962962967,0.3557574581088004,0.05946116181250366,1827.0,0.6018457481872116,1876.0,0.6179960448253131,1856.0,0.6114040870138431,2281.0,0.7514831905075807,2455.0,0.8088332234673699,0.6018457481872116,WACC_0p1_WRT_0p9,0.6783124588002637,2983,False,,,False,False,False,False,False,120.0,0.31151832460732987
IBDD,Electricity,794,0.73,326,0.7142857142857141,0.2417850175211534,0,269,2459,1102,465,19,7,0.707219832192117,0.749259981829915,0.7292007803763082,0.707219832192117,0.26539700102203584,0.2592592592592596,1.2233606186634038,-2.534149843841321,1.7596622789832348,-1.2199335447094035,0.0606453741297639,0.749259981829915,0.6406744088546518,0.10858557297526328,0.7292007803763082,0.606563579799983,0.12263720057632521,0.707219832192117,0.5726374082306014,0.13458242396151565,0.26539700102203584,0.36432131754006797,0.09892431651803213,0.2592592592592596,0.28799591330429625,0.02873665404503667,2830.0,0.9324324324324325,2732.0,0.9001318391562294,2571.0,0.8470665787738958,2636.0,0.8684904416611734,1827.0,0.6018457481872116,0.6018457481872116,WACC_0p9_WRT_0p1,0.8299934080421885,2984,False,,,False,False,False,False,False,269.0,0.7015706806282722
IBDD,Electricity,2942,0.75,1986,0.7857142857142856,0.0,0,54,1321,1498,570,7,1,1.0,1.0,1.0,1.0,0.3781605904263647,0.18518518518518542,1.2233606186634038,-2.534149843841321,1.7596622789832348,-1.2199335447094035,0.0606453741297639,1.0,0.722191847478881,0.277808152521119,1.0,0.669067927570681,0.330932072429319,1.0,0.6616545335478187,0.33834546645218133,0.3781605904263647,0.37554928667241816,0.0026113037539465256,0.18518518518518542,0.2885044441523226,0.1033192589671372,3015.0,0.99340804218853,2943.0,0.969676994067238,2924.0,0.9634146341463414,2722.0,0.8968358602504944,1833.0,0.6038233355306526,0.6038233355306526,WACC_0p9_WRT_0p1,0.8854317732366512,2985,False,,,False,False,False,False,False,54.0,0.1387434554973822
IBDD,Electricity,278,0.74,436,0.7499999999999998,0.1918580019484173,0,285,2201,1,2,2,1,0.7676770108353453,0.8010361461275672,0.7851190378177726,0.7676770108353453,0.2886819404361788,0.22222222222222254,1.2233606186634038,-2.534149843841321,1.7596622789832348,-1.2199335447094035,0.0606453741297639,0.8010361461275672,0.6758681810090913,0.12516796511847594,0.7851190378177726,0.6557967978787803,0.12932223993899228,0.7676770108353453,0.6571308343469651,0.11054617648838028,0.2886819404361788,0.3722766422347429,0.0835947017985641,0.22222222222222254,0.28872258993431255,0.06650036771209,2942.0,0.9693473961766644,2915.0,0.96044825313118,2920.0,0.9620962425840475,2696.0,0.8882663150955834,1839.0,0.6058009228740936,0.6058009228740936,WACC_0p9_WRT_0p1,0.8771918259723138,2986,False,,,False,False,False,False,False,285.0,0.743455497382199
IBDD,Electricity,2106,0.74,143,0.7499999999999998,0.3829963792662363,0,129,3931,4275,615,45,43,0.5362254231424002,0.602818569649829,0.5710440552218153,0.5362254231424002,0.1995389086625473,0.22222222222222254,1.2233606186634038,-2.534149843841321,1.7596622789832348,-1.2199335447094035,0.0606453741297639,0.602818569649829,0.5572032144038439,0.045615355245985145,0.5710440552218153,0.5370163273155203,0.03402772790629505,0.5362254231424002,0.5461303545480692,0.00990493140566906,0.1995389086625473,0.29225965895515726,0.09272075029260995,0.22222222222222254,0.2937791435353849,0.07155692131316238,2270.0,0.7478576137112722,2264.0,0.7458800263678312,2383.0,0.7851021753460777,1846.0,0.6081081081081081,1920.0,0.6324983520105472,0.6081081081081081,WACC_0p7_WRT_0p3,0.7038892551087672,2987,False,,,False,False,False,False,False,129.0,0.33507853403141363
IBDD,Electricity,288,0.81,31,1.0,0.6419656258679005,1,1,1,311,2,2,1,0.22263668114980414,0.3342578694703253,0.2809984990279513,0.22263668114980414,0.07876094610916623,0.004217952574892242,1.2233606186634038,-2.534149843841321,1.7596622789832348,-1.2199335447094035,0.0606453741297639,0.3342578694703253,0.5247792979491769,0.19052142847885156,0.2809984990279513,0.4982843064589803,0.217285807431029,0.22263668114980414,0.5391738347905197,0.31653715364071555,0.07876094610916623,0.3887325155598758,0.3099715694507096,0.004217952574892242,0.35977029657898274,0.3555523440040905,1899.0,0.6255767963085036,1846.0,0.6081081081081081,2315.0,0.7626895187870798,2786.0,0.9179301252471984,2474.0,0.8150955833882663,0.6081081081081081,WACC_0p3_WRT_0p7,0.7458800263678314,2988,False,,,False,False,False,False,False,1.0,0.0
IBDD,Electricity,1017,0.76,2259,0.8214285714285713,0.0,0,21,1584,3104,815,5,2,1.0,1.0,1.0,1.0,0.3781605904263647,0.1481481481481484,1.2233606186634038,-2.534149843841321,1.7596622789832348,-1.2199335447094035,0.0606453741297639,1.0,0.6868041409211176,0.31319585907888237,1.0,0.6934143723258795,0.30658562767412045,1.0,0.6845616168397547,0.3154383831602453,0.3781605904263647,0.379360321418603,0.0011997309922383015,0.1481481481481484,0.28894712793250765,0.14079897978435926,2967.0,0.977587343441002,2982.0,0.9825313117996045,2963.0,0.976268951878708,2740.0,0.9027686222808174,1848.0,0.6087673038892552,0.6087673038892552,WACC_0p9_WRT_0p1,0.8895847066578775,2989,False,,,False,False,False,False,False,21.0,0.05235602094240838
IBDD,Electricity,1662,0.74,137,0.7499999999999998,0.390324214459635,0,123,3494,4863,880,97,84,0.5273520659774795,0.595219333152971,0.5628368798052087,0.5273520659774795,0.1961213561299603,0.22222222222222254,1.2233606186634038,-2.534149843841321,1.7596622789832348,-1.2199335447094035,0.0606453741297639,0.595219333152971,0.5266772174192474,0.0685421157337236,0.5628368798052087,0.5145919899458763,0.048244889859332396,0.5273520659774795,0.5061176158119536,0.021234450165525942,0.1961213561299603,0.29247179059339234,0.09635043446343206,0.22222222222222254,0.3141146597093892,0.09189243748716663,1929.0,0.6354647330257086,2035.0,0.6704021094264997,2006.0,0.6608437705998682,1852.0,0.6100856954515491,2142.0,0.7056690837178642,0.6100856954515491,WACC_0p7_WRT_0p3,0.6564930784442979,2990,False,,,False,False,False,False,False,123.0,0.3193717277486911
IBDD,Electricity,815,0.74,902,0.7499999999999998,0.0668929411617514,0,368,4457,2882,262,15,10,0.9189985932987474,0.9306295424989245,0.9250799058988385,0.9189985932987474,0.3469630901488641,0.22222222222222254,1.2233606186634038,-2.534149843841321,1.7596622789832348,-1.2199335447094035,0.0606453741297639,0.9306295424989245,0.6961226502570906,0.23450689224183385,0.9250799058988385,0.7021570600558917,0.22292284584294675,0.9189985932987474,0.699678820845707,0.21931977245304046,0.3469630901488641,0.3831147873447657,0.036151697195901555,0.22222222222222254,0.28928193612085323,0.06705971389863069,2985.0,0.983520105471325,2997.0,0.987475280158207,2991.0,0.985497692814766,2757.0,0.9083717864205669,1853.0,0.6104152933421226,0.6104152933421226,WACC_0p9_WRT_0p1,0.8950560316413976,2991,False,,,False,False,False,False,False,368.0,0.9607329842931938
IBDD,Electricity,228,0.77,77,0.857142857142857,0.4885595662217817,0,6,1,2485,2,17,1,0.40839778556566114,0.49334563502926343,0.4528132858316045,0.40839778556566114,0.15030639627568654,0.1111111111111114,1.2233606186634038,-2.534149843841321,1.7596622789832348,-1.2199335447094035,0.0606453741297639,0.49334563502926343,0.5218256416751865,0.028480006645923095,0.4528132858316045,0.5103438700665844,0.05753058423497992,0.40839778556566114,0.5177877011591447,0.1093899155934836,0.15030639627568654,0.362319537313455,0.21201314103776847,0.1111111111111114,0.3466385850374318,0.2355274739263204,1857.0,0.6117336849044166,1995.0,0.6572181938035596,2131.0,0.7020435069215557,2621.0,0.8635464733025708,2385.0,0.7857613711272248,0.6117336849044166,WACC_0p1_WRT_0p9,0.7240606460118655,2992,False,,,False,False,False,False,False,6.0,0.013089005235602094
IBDD,Electricity,3022,0.75,138,0.7857142857142856,0.3890810456027807,0,39,463,4738,862,46,37,0.528857432977697,0.59650854530082,0.5642292289248857,0.528857432977697,0.1967011446709203,0.18518518518518542,1.2233606186634038,-2.534149843841321,1.7596622789832348,-1.2199335447094035,0.0606453741297639,0.59650854530082,0.5296539858760165,0.06685455942480345,0.5642292289248857,0.5147870066544672,0.0494422222704185,0.528857432977697,0.5185380738603065,0.01031935911739057,0.1967011446709203,0.2936899256708241,0.09698878099990377,0.18518518518518542,0.29074698743929206,0.10556180225410663,1961.0,0.6460118655240606,2038.0,0.6713909030982201,2136.0,0.7036914963744232,1863.0,0.6137112722478576,1871.0,0.6163480553724456,0.6137112722478576,WACC_0p7_WRT_0p3,0.6502307185234015,2993,False,,,False,False,False,False,False,39.0,0.09947643979057591
IBDD,Electricity,441,0.73,647,0.7142857142857141,0.1240271326645719,0,337,4566,2260,78,56,6,0.8498141651349965,0.8713792698293328,0.8610896114156794,0.8498141651349965,0.32031687121592844,0.2592592592592596,1.2233606186634038,-2.534149843841321,1.7596622789832348,-1.2199335447094035,0.0606453741297639,0.8713792698293328,0.6626469423747289,0.2087323274546039,0.8610896114156794,0.6636587729497674,0.19743083846591203,0.8498141651349965,0.6849835284695396,0.16483063666545694,0.32031687121592844,0.35518417968001126,0.034867308464082813,0.2592592592592596,0.2898809178009575,0.030621658541697905,2907.0,0.957811470006592,2932.0,0.9660514172709295,2964.0,0.9765985497692815,2560.0,0.8434410019775873,1864.0,0.6140408701384311,0.6140408701384311,WACC_0p9_WRT_0p1,0.8715886618325642,2994,False,,,False,False,False,False,False,337.0,0.8795811518324608
IBDD,Electricity,512,0.73,512,0.7142857142857141,0.1642505029080869,0,320,820,3191,513,25,2,0.8011072385833352,0.8296661451323543,0.8160394367429425,0.8011072385833352,0.3015575136134615,0.2592592592592596,1.2233606186634038,-2.534149843841321,1.7596622789832348,-1.2199335447094035,0.0606453741297639,0.8296661451323543,0.6422705272616988,0.1873956178706555,0.8160394367429425,0.6198220374231904,0.19621739931975213,0.8011072385833352,0.6461577153890384,0.15494952319429678,0.3015575136134615,0.35932544150922846,0.05776792789576696,0.2592592592592596,0.28994280987867155,0.03068355061941197,2840.0,0.9357284113381674,2793.0,0.9202373104812129,2878.0,0.9482531311799605,2599.0,0.8562953197099539,1865.0,0.6143704680290046,0.6143704680290046,WACC_0p9_WRT_0p1,0.85497692814766,2995,False,,,False,False,False,False,False,320.0,0.8350785340314136
IBDD,Electricity,719,0.74,531,0.7499999999999998,0.1579887896267127,0,307,4640,3269,837,7,6,0.808689616863351,0.8361597737204461,0.8230525556180817,0.808689616863351,0.3044778486808184,0.22222222222222254,1.2233606186634038,-2.534149843841321,1.7596622789832348,-1.2199335447094035,0.0606453741297639,0.8361597737204461,0.7256198360406134,0.11053993767983272,0.8230525556180817,0.7304102697137742,0.09264228590430745,0.808689616863351,0.7441969159566937,0.06449270090665726,0.3044778486808184,0.3766366392536956,0.07215879057287722,0.22222222222222254,0.28999299818072544,0.0677707759585029,3020.0,0.9950560316413974,3023.0,0.996044825313118,3029.0,0.998022412656559,2732.0,0.9001318391562294,1866.0,0.6147000659195782,0.6147000659195782,WACC_0p9_WRT_0p1,0.9007910349373764,2996,False,,,False,False,False,False,False,307.0,0.8010471204188482
IBDD,Electricity,553,0.73,438,0.7142857142857141,0.1910717990359038,0,306,2797,1645,217,10,6,0.7686290326893737,0.8018514676664701,0.7859995850797877,0.7686290326893737,0.2890486094023706,0.2592592592592596,1.2233606186634038,-2.534149843841321,1.7596622789832348,-1.2199335447094035,0.0606453741297639,0.8018514676664701,0.6554592144523993,0.1463922532140708,0.7859995850797877,0.6388842564029887,0.147115328676799,0.7686290326893737,0.628258626134811,0.14037040655456268,0.2890486094023706,0.3807843448235225,0.09173573542115193,0.2592592592592596,0.29009537807814584,0.03083611881888626,2891.0,0.952537903757416,2866.0,0.9442979564930785,2828.0,0.9317732366512854,2747.0,0.9050758075148319,1867.0,0.6150296638101516,0.6150296638101516,WACC_0p9_WRT_0p1,0.8697429136453527,2997,False,,,False,False,False,False,False,306.0,0.7984293193717278
IBDD,Electricity,658,0.74,1420,0.7499999999999998,0.0,0,382,4498,2443,738,21,2,1.0,1.0,1.0,1.0,0.3781605904263647,0.22222222222222254,1.2233606186634038,-2.534149843841321,1.7596622789832348,-1.2199335447094035,0.0606453741297639,1.0,0.7370229322931698,0.26297706770683016,1.0,0.7504847622906663,0.2495152377093337,1.0,0.7492903183687659,0.2507096816312341,0.3781605904263647,0.4053839059761793,0.02722331554981461,0.22222222222222254,0.2913795552834879,0.06915733306126537,3025.0,0.996704021094265,3034.0,0.9996704021094265,3032.0,0.9990112063282794,2846.0,0.9377059986816084,1878.0,0.6186552406064602,0.6186552406064602,WACC_0p9_WRT_0p1,0.9103493737640079,2998,False,,,False,False,False,False,False,382.0,0.9973821989528796
IBDD,Electricity,915,0.74,718,0.7499999999999998,0.1061256577131783,0,355,1011,2140,196,17,3,0.8714912603248136,0.8899437623715188,0.8811392633612403,0.8714912603248136,0.3286657531766323,0.22222222222222254,1.2233606186634038,-2.534149843841321,1.7596622789832348,-1.2199335447094035,0.0606453741297639,0.8899437623715188,0.6514979524094335,0.2384458099620853,0.8811392633612403,0.6387509020915325,0.24238836126970775,0.8714912603248136,0.626576748487541,0.24491451183727264,0.3286657531766323,0.37007469282528993,0.041408939648657606,0.22222222222222254,0.2915589445830831,0.06933672236086058,2879.0,0.948582729070534,2864.0,0.9436387607119314,2824.0,0.9304548450889915,2679.0,0.8826631509558339,1883.0,0.6203032300593276,0.6203032300593276,WACC_0p9_WRT_0p1,0.8651285431773237,2999,False,,,False,False,False,False,False,355.0,0.9267015706806283
IBDD,Electricity,315,0.75,1331,0.7857142857142856,0.0,0,54,4601,901,351,12,5,1.0,1.0,1.0,1.0,0.3781605904263647,0.18518518518518542,1.2233606186634038,-2.534149843841321,1.7596622789832348,-1.2199335447094035,0.0606453741297639,1.0,0.7615013919436233,0.23849860805637668,1.0,0.7569529309593225,0.24304706904067752,1.0,0.7148215697391657,0.28517843026083434,0.3781605904263647,0.3769995812126571,0.0011610092137075978,0.18518518518518542,0.2920588893968387,0.10687370421165329,3032.0,0.9990112063282794,3035.0,1.0,3008.0,0.9911008569545154,2734.0,0.9007910349373764,1888.0,0.6219512195121951,0.6219512195121951,WACC_0p9_WRT_0p1,0.9025708635464733,3000,False,,,False,False,False,False,False,54.0,0.1387434554973822
IBDD,Electricity,254,0.8,84,0.9642857142857144,0.4737621586253954,0,4,1,2294,2,2,1,0.4263161310595567,0.5086910947588492,0.4693863823395571,0.4263161310595567,0.1572076046779045,0.023599422051394887,1.2233606186634038,-2.534149843841321,1.7596622789832348,-1.2199335447094035,0.0606453741297639,0.5086910947588492,0.5245919573317834,0.015900862572934216,0.4693863823395571,0.5185135374743485,0.04912715513479138,0.4263161310595567,0.5385460552138152,0.11222992415425848,0.1572076046779045,0.37430875639073896,0.21710115171283445,0.023599422051394887,0.35300854233911155,0.3294091202877167,1895.0,0.6242584047462096,2083.0,0.6862228081740277,2309.0,0.7607119314436388,2714.0,0.8941990771259064,2438.0,0.8032300593276203,0.6242584047462096,WACC_0p1_WRT_0p9,0.7537244561634806,3001,False,,,False,False,False,False,False,4.0,0.007853403141361256
IBDD,Electricity,706,0.74,650,0.7499999999999998,0.1232318511643897,0,337,1631,2197,183,30,10,0.8507771803518408,0.8722040061998921,0.8619803266958834,0.8507771803518408,0.32068777424981704,0.22222222222222254,1.2233606186634038,-2.534149843841321,1.7596622789832348,-1.2199335447094035,0.0606453741297639,0.8722040061998921,0.6239669304520647,0.24823707574782738,0.8619803266958834,0.6155637018130132,0.2464166248828702,0.8507771803518408,0.6001625283792283,0.25061465197261246,0.32068777424981704,0.3583706663212944,0.03768289207147735,0.22222222222222254,0.2925114147767236,0.07028919255450106,2764.0,0.9106789716545814,2774.0,0.9139749505603164,2734.0,0.9007910349373764,2590.0,0.8533289386947923,1897.0,0.6249176005273567,0.6249176005273567,WACC_0p9_WRT_0p1,0.8407382992748846,3002,False,,,False,False,False,False,False,337.0,0.8795811518324608
IBDD,Electricity,3028,0.75,640,0.7857142857142856,0.1258972006536206,0,43,1797,3368,657,17,11,0.8475496790007474,0.869439940062912,0.8589951352679449,0.8475496790007474,0.319444709735299,0.18518518518518542,1.2233606186634038,-2.534149843841321,1.7596622789832348,-1.2199335447094035,0.0606453741297639,0.869439940062912,0.6471131605059607,0.22232677955695135,0.8589951352679449,0.6324980434945686,0.2264970917733763,0.8475496790007474,0.6283283916090161,0.2192212873917313,0.319444709735299,0.35294139306450245,0.03349668332920347,0.18518518518518542,0.2925726270972749,0.10738744191208946,2865.0,0.9439683586025049,2842.0,0.9363876071193145,2829.0,0.9321028345418589,2543.0,0.8378378378378378,1899.0,0.6255767963085036,0.6255767963085036,WACC_0p9_WRT_0p1,0.8551746868820039,3003,False,,,False,False,False,False,False,43.0,0.1099476439790576
IBDD,Electricity,802,0.74,877,0.7499999999999998,0.0717270076585373,0,365,1775,1342,728,23,6,0.9131449683941372,0.9256164365022576,0.9196657514224382,0.9131449683941372,0.3447085803567133,0.22222222222222254,1.2233606186634038,-2.534149843841321,1.7596622789832348,-1.2199335447094035,0.0606453741297639,0.9256164365022576,0.6466287383075678,0.2789876981946897,0.9196657514224382,0.6300037482673345,0.2896620031551037,0.9131449683941372,0.6206294993603655,0.2925154690337717,0.3447085803567133,0.3714196536663196,0.026711073309606315,0.22222222222222254,0.2929042736003174,0.07068205137809486,2862.0,0.9429795649307845,2834.0,0.9337508239947264,2802.0,0.9232036914963744,2689.0,0.8859591298615689,1905.0,0.6275543836519446,0.6275543836519446,WACC_0p9_WRT_0p1,0.8626895187870798,3004,False,,,False,False,False,False,False,365.0,0.9528795811518325
IBDD,Electricity,1027,0.74,1060,0.7499999999999998,0.0391301486109399,0,373,4363,3299,701,30,1,0.9526168676863691,0.959420586625692,0.9561742335557474,0.9526168676863691,0.35991108904479807,0.22222222222222254,1.2233606186634038,-2.534149843841321,1.7596622789832348,-1.2199335447094035,0.0606453741297639,0.959420586625692,0.7237568879022667,0.2356636987234253,0.9561742335557474,0.7440972026316249,0.21207703092412244,0.9526168676863691,0.7461528740169487,0.20646399366942036,0.35991108904479807,0.3897933872084144,0.029882298163616317,0.22222222222222254,0.2929978185759021,0.07077559635367958,3017.0,0.994067237969677,3030.0,0.9983520105471325,3031.0,0.998681608437706,2789.0,0.918918918918919,1906.0,0.6278839815425181,0.6278839815425181,WACC_0p9_WRT_0p1,0.9075807514831904,3005,False,,,False,False,False,False,False,373.0,0.9738219895287958
IBDD,Electricity,1847,0.74,421,0.7499999999999998,0.197871819497154,0,282,4377,1162,172,28,17,0.7603948122560595,0.794799594595544,0.7783835621631874,0.7603948122560595,0.2858772188708362,0.22222222222222254,1.2233606186634038,-2.534149843841321,1.7596622789832348,-1.2199335447094035,0.0606453741297639,0.794799594595544,0.6498138770848667,0.14498571751067724,0.7783835621631874,0.6264416472423294,0.15194191492085796,0.7603948122560595,0.595707048980601,0.16468776327545853,0.2858772188708362,0.34625037471076453,0.060373155839928305,0.22222222222222254,0.293191076476049,0.07096885425382643,2873.0,0.946605141727093,2816.0,0.9278180619644034,2712.0,0.8935398813447594,2471.0,0.8141067897165458,1908.0,0.6285431773236652,0.6285431773236652,WACC_0p9_WRT_0p1,0.8421226104152932,3006,False,,,False,False,False,False,False,282.0,0.7356020942408377
IBDD,Electricity,944,0.73,287,0.7142857142857141,0.2636515878888698,0,245,3559,2535,222,9,8,0.6807413588471638,0.7265835384856165,0.7047102215644658,0.6807413588471638,0.25519887961689003,0.2592592592592596,1.2233606186634038,-2.534149843841321,1.7596622789832348,-1.2199335447094035,0.0606453741297639,0.7265835384856165,0.6774514617907024,0.04913207669491415,0.7047102215644658,0.6846536668340707,0.020056554730395137,0.6807413588471638,0.6873664524922857,0.006625093645121871,0.25519887961689003,0.3908908734550866,0.13569199383819658,0.2592592592592596,0.2932984149755255,0.03403915571626592,2948.0,0.9713249835201054,2971.0,0.978905735003296,2970.0,0.9785761371127225,2795.0,0.92089650626236,1911.0,0.6295319709953856,0.6295319709953856,WACC_0p9_WRT_0p1,0.895847066578774,3007,False,,,False,False,False,False,False,245.0,0.6387434554973822
IBDD,Electricity,989,0.76,109,0.8214285714285713,0.4293696224892548,0,15,25,4084,878,60,6,0.4800715469765898,0.554727798900032,0.5191060228120346,0.4800715469765898,0.17791137602318496,0.1481481481481484,1.2233606186634038,-2.534149843841321,1.7596622789832348,-1.2199335447094035,0.0606453741297639,0.554727798900032,0.5264172689351441,0.02831052996488792,0.5191060228120346,0.513145876952844,0.00596014585919058,0.4800715469765898,0.5194303532979091,0.03935880632131927,0.17791137602318496,0.30696844844714644,0.12905707242396147,0.1481481481481484,0.30877970534620314,0.16063155719805475,1925.0,0.6341463414634146,2020.0,0.6654581410678971,2148.0,0.7076466710613052,2047.0,0.6743572841133817,2090.0,0.6885299934080422,0.6341463414634146,WACC_0p1_WRT_0p9,0.6740276862228083,3008,False,,,False,False,False,False,False,15.0,0.03664921465968586
IBDD,Electricity,864,0.75,107,0.7857142857142856,0.4325289430314537,0,28,60,2747,667,11,5,0.47624589058155303,0.5514514664858998,0.5155675838047717,0.47624589058155303,0.17643793350772385,0.18518518518518542,1.2233606186634038,-2.534149843841321,1.7596622789832348,-1.2199335447094035,0.0606453741297639,0.5514514664858998,0.537966190122559,0.013485276363340848,0.5155675838047717,0.5132074039622168,0.002360179842554988,0.47624589058155303,0.5179121381019693,0.04166624752041631,0.17643793350772385,0.321856579691632,0.14541864618390815,0.18518518518518542,0.2944810297588336,0.10929584457364819,2072.0,0.6825972313777192,2021.0,0.6657877389584707,2132.0,0.7023731048121292,2217.0,0.7303889255108768,1927.0,0.6348055372445617,0.6348055372445617,WACC_0p9_WRT_0p1,0.6831905075807516,3009,False,,,False,False,False,False,False,28.0,0.07068062827225131
IBDD,Electricity,1048,0.74,671,0.7499999999999998,0.1177654193831976,0,342,3283,801,984,16,6,0.8573965434150121,0.8778728984174247,0.8681027302908185,0.8573965434150121,0.3232372062832853,0.22222222222222254,1.2233606186634038,-2.534149843841321,1.7596622789832348,-1.2199335447094035,0.0606453741297639,0.8778728984174247,0.6819941633548704,0.19587873506255427,0.8681027302908185,0.666448898043256,0.2016538322475625,0.8573965434150121,0.6486063834989696,0.20879015991604255,0.3232372062832853,0.37046130573492514,0.047224099451639856,0.22222222222222254,0.2945897982438268,0.07236757602160426,2959.0,0.974950560316414,2937.0,0.967699406723797,2886.0,0.9508899143045485,2682.0,0.8836519446275544,1928.0,0.6351351351351351,0.6351351351351351,WACC_0p9_WRT_0p1,0.8824653922214898,3010,False,,,False,False,False,False,False,342.0,0.8926701570680629
IBDD,Electricity,425,0.75,2064,0.7857142857142856,0.0,0,54,4799,2640,605,5,3,1.0,1.0,1.0,1.0,0.3781605904263647,0.18518518518518542,1.2233606186634038,-2.534149843841321,1.7596622789832348,-1.2199335447094035,0.0606453741297639,1.0,0.7397430182532451,0.26025698174675493,1.0,0.7416609474687322,0.25833905253126777,1.0,0.7505033075962831,0.24949669240371686,0.3781605904263647,0.3926239689981853,0.014463378571820618,0.18518518518518542,0.2948031240180612,0.10961793883287577,3027.0,0.997363216875412,3028.0,0.9976928147659855,3033.0,0.999340804218853,2803.0,0.9235332893869479,1934.0,0.6371127224785761,0.6371127224785761,WACC_0p9_WRT_0p1,0.9110085695451549,3011,False,,,False,False,False,False,False,54.0,0.1387434554973822
IBDD,Electricity,507,0.74,653,0.7499999999999998,0.1224402261437869,0,339,2950,2271,484,17,4,0.8517357678968805,0.8730249506657025,0.8628669467189587,0.8517357678968805,0.3210569719763785,0.22222222222222254,1.2233606186634038,-2.534149843841321,1.7596622789832348,-1.2199335447094035,0.0606453741297639,0.8730249506657025,0.6698217043964955,0.20320324626920705,0.8628669467189587,0.6686446817650626,0.19422226495389605,0.8517357678968805,0.65300954965369,0.1987262182431906,0.3210569719763785,0.38098165406600315,0.05992468208962465,0.22222222222222254,0.29514247783676945,0.0729202556145469,2928.0,0.9647330257086355,2940.0,0.9686882003955175,2902.0,0.9561634805537245,2748.0,0.9054054054054054,1938.0,0.6384311140408702,0.6384311140408702,WACC_0p9_WRT_0p1,0.8866842452208304,3012,False,,,False,False,False,False,False,339.0,0.8848167539267016
IBDD,Electricity,35,0.72,138,0.6785714285714283,0.3890810456027807,0,131,1,5000,818,133,1,0.528857432977697,0.59650854530082,0.5642292289248857,0.528857432977697,0.2615657011313083,0.2962962962962967,1.2233606186634038,-2.534149843841321,1.7596622789832348,-1.2199335447094035,0.0606453741297639,0.59650854530082,0.5368708384582015,0.05963770684261849,0.5642292289248857,0.505865506691676,0.058363722233209736,0.528857432977697,0.5279459955459594,0.000911437431737605,0.2615657011313083,0.3472341773639116,0.08566847623260332,0.2962962962962967,0.3668016284191972,0.0705053321229005,2060.0,0.6786420566908372,1945.0,0.6407382992748847,2217.0,0.7303889255108768,2478.0,0.8164139749505603,2525.0,0.8319050758075148,0.6407382992748847,WACC_0p3_WRT_0p7,0.7396176664469347,3013,False,,,False,False,False,False,False,131.0,0.3403141361256545
IBDD,Electricity,2732,0.74,321,0.7499999999999998,0.2444380459539629,0,243,1964,3270,620,55,21,0.7040072505453279,0.7465086930847792,0.7262293885315616,0.7040072505453279,0.2641596827963556,0.22222222222222254,1.2233606186634038,-2.534149843841321,1.7596622789832348,-1.2199335447094035,0.0606453741297639,0.7465086930847792,0.5604553710255837,0.18605332205919545,0.7262293885315616,0.5489518186244694,0.1772775699070922,0.7040072505453279,0.5487083720203769,0.15529887852495095,0.2641596827963556,0.30503858314567317,0.04087890034931757,0.22222222222222254,0.2976588302548325,0.07543660803260993,2306.0,0.7597231377719182,2367.0,0.7798286090969018,2406.0,0.7926829268292683,2021.0,0.6657877389584707,1972.0,0.6496374423203691,0.6496374423203691,WACC_0p9_WRT_0p1,0.7295319709953856,3014,False,,,False,False,False,False,False,243.0,0.6335078534031413
IBDD,Electricity,469,0.74,799,0.7499999999999998,0.0877455777127442,0,360,1262,2701,37,14,6,0.8937479036934566,0.9090045860756728,0.9017249529617265,0.8937479036934566,0.3372378467481719,0.22222222222222254,1.2233606186634038,-2.534149843841321,1.7596622789832348,-1.2199335447094035,0.0606453741297639,0.9090045860756728,0.6463384035368678,0.262666182538805,0.9017249529617265,0.6415095310028406,0.2602154219588859,0.8937479036934566,0.6339811436428007,0.2597667600506559,0.3372378467481719,0.3652278804671291,0.027990033718957197,0.22222222222222254,0.29788737641019897,0.07566515418797642,2859.0,0.9419907712590639,2875.0,0.9472643375082399,2844.0,0.9370468029004614,2644.0,0.8711272247857613,1976.0,0.6509558338826632,0.6509558338826632,WACC_0p9_WRT_0p1,0.8696769940672379,3015,False,,,False,False,False,False,False,360.0,0.9397905759162304
IBDD,Electricity,282,0.81,68,1.0,0.5096690058370015,0,3,1,1219,2,2,1,0.38283613027271596,0.47145436431718357,0.4291707134625583,0.38283613027271596,0.14046138517561763,0.019462007557876485,1.2233606186634038,-2.534149843841321,1.7596622789832348,-1.2199335447094035,0.0606453741297639,0.47145436431718357,0.5354886398229578,0.06403427550577423,0.4291707134625583,0.5077339104458638,0.0785631969833055,0.38283613027271596,0.5490606394840445,0.16622450921132853,0.14046138517561763,0.39629704688179074,0.2558356617061731,0.019462007557876485,0.36706924536740676,0.3476072378095303,2042.0,0.6727092946605142,1977.0,0.6512854317732366,2409.0,0.7936717205009888,2816.0,0.9278180619644034,2528.0,0.8328938694792354,0.6512854317732366,WACC_0p3_WRT_0p7,0.7756756756756757,3016,False,,,False,False,False,False,False,3.0,0.005235602094240838
IBDD,Electricity,2879,0.74,551,0.7499999999999998,0.1516346317049023,0,316,2989,935,945,14,8,0.8163839373870064,0.8427492708245458,0.8301692124905093,0.8163839373870064,0.30744129803864556,0.22222222222222254,1.2233606186634038,-2.534149843841321,1.7596622789832348,-1.2199335447094035,0.0606453741297639,0.8427492708245458,0.6636204800190956,0.1791287908054502,0.8301692124905093,0.6300787945660586,0.2000904179244507,0.8163839373870064,0.6372752854569608,0.17910865193004566,0.30744129803864556,0.37131037659743993,0.06386907855879437,0.22222222222222254,0.2994658291928793,0.07724360697065674,2912.0,0.9594594594594594,2835.0,0.9340804218852999,2856.0,0.9410019775873434,2687.0,0.8852999340804218,1998.0,0.6582069874752802,0.6582069874752802,WACC_0p9_WRT_0p1,0.875609756097561,3017,False,,,False,False,False,False,False,316.0,0.824607329842932
IBDD,Electricity,1030,0.73,1234,0.7142857142857141,0.0129833296329855,0,379,1908,2496,298,7,5,0.9842783416953534,0.9865358063065335,0.9854586708110562,0.9842783416953534,0.372105430901408,0.2592592592592596,1.2233606186634038,-2.534149843841321,1.7596622789832348,-1.2199335447094035,0.0606453741297639,0.9865358063065335,0.6410040947989867,0.3455317115075468,0.9854586708110562,0.6302557678113113,0.3552029029997449,0.9842783416953534,0.6278913963058844,0.356386945389469,0.372105430901408,0.36774458285720474,0.00436084804420328,0.2592592592592596,0.30014881592877823,0.040889556669518656,2832.0,0.9330916282135794,2836.0,0.9344100197758735,2827.0,0.9314436387607119,2661.0,0.8767303889255109,2005.0,0.6605141727092947,0.6605141727092947,WACC_0p9_WRT_0p1,0.8672379696769941,3018,False,,,False,False,False,False,False,379.0,0.9895287958115183
IBDD,Electricity,533,0.73,478,0.7142857142857141,0.176057661426628,0,313,495,1296,97,19,4,0.7868098189672075,0.8174216844464599,0.8028154192021766,0.7868098189672075,0.2960508962520277,0.2592592592592596,1.2233606186634038,-2.534149843841321,1.7596622789832348,-1.2199335447094035,0.0606453741297639,0.8174216844464599,0.6219632629201827,0.19545842152627724,0.8028154192021766,0.5775796392863073,0.2252357799158693,0.7868098189672075,0.5741373633895577,0.2126724555776498,0.2960508962520277,0.3488320837159989,0.0527811874639712,0.2592592592592596,0.3007239539037798,0.04146469464452024,2750.0,0.9060646011865524,2593.0,0.8543177323665129,2584.0,0.8513513513513513,2495.0,0.8220171390903098,2012.0,0.6628213579433092,0.6628213579433092,WACC_0p9_WRT_0p1,0.819314436387607,3019,False,,,False,False,False,False,False,313.0,0.8167539267015707
IBDD,Electricity,191,0.81,60,1.0,0.5308869724893325,0,2,1,1738,2,2,1,0.3571430583830649,0.44945054704809956,0.4054065908119476,0.3571430583830649,0.13056575928403868,0.01701713897242271,1.2233606186634038,-2.534149843841321,1.7596622789832348,-1.2199335447094035,0.0606453741297639,0.44945054704809956,0.5386543169128606,0.08920376986476103,0.4054065908119476,0.5128747206370897,0.10746812982514214,0.3571430583830649,0.5363066058474808,0.17916354746441587,0.13056575928403868,0.38134491423660294,0.25077915495256425,0.01701713897242271,0.3500270990633561,0.3330099600909334,2079.0,0.6849044166117337,2016.0,0.6641397495056032,2288.0,0.7537903757415952,2750.0,0.9060646011865524,2411.0,0.7943309162821358,0.6641397495056032,WACC_0p3_WRT_0p7,0.760646011865524,3020,False,,,False,False,False,False,False,2.0,0.002617801047120419
IBDD,Electricity,341,0.74,1187,0.7499999999999998,0.0196637982209203,0,378,1988,471,229,22,3,0.9761888879555669,0.9796079129560826,0.9779765459925691,0.9761888879555669,0.3689897969196105,0.22222222222222254,1.2233606186634038,-2.534149843841321,1.7596622789832348,-1.2199335447094035,0.0606453741297639,0.9796079129560826,0.67125794062493,0.3083499723311526,0.9779765459925691,0.6222500338469851,0.35572651214558404,0.9761888879555669,0.6093738381711836,0.3668150497843833,0.3689897969196105,0.35060321529960947,0.018386581620001008,0.22222222222222254,0.3020393426563649,0.07981712043414235,2931.0,0.965721819380356,2803.0,0.9235332893869479,2757.0,0.9083717864205669,2515.0,0.8286090969017799,2020.0,0.6654581410678971,0.6654581410678971,WACC_0p9_WRT_0p1,0.8583388266315095,3021,False,,,False,False,False,False,False,378.0,0.9869109947643979
IBDD,Electricity,216,0.77,75,0.857142857142857,0.4930319771219003,0,5,1,2757,2,13,1,0.4029820934468227,0.48870757928099223,0.44780418562347163,0.4029820934468227,0.14822055526056124,0.1111111111111114,1.2233606186634038,-2.534149843841321,1.7596622789832348,-1.2199335447094035,0.0606453741297639,0.48870757928099223,0.5343882051606617,0.04568062587966942,0.44780418562347163,0.523982002410993,0.07617781678752139,0.4029820934468227,0.5394980802432179,0.1365159867963952,0.14822055526056124,0.3657779365933852,0.21755738133282396,0.1111111111111114,0.3414466013948211,0.2303354902837097,2027.0,0.6677653263019117,2132.0,0.7023731048121292,2318.0,0.7636783124588002,2648.0,0.8724456163480554,2352.0,0.7748846407382993,0.6677653263019117,WACC_0p1_WRT_0p9,0.7562294001318391,3022,False,,,False,False,False,False,False,5.0,0.010471204188481676
IBDD,Electricity,974,0.74,1247,0.7499999999999998,0.0111804007123158,0,379,1547,1091,79,12,2,0.9864615283847155,0.9884055103724132,0.9874779512022063,0.9864615283847155,0.3729462800930573,0.22222222222222254,1.2233606186634038,-2.534149843841321,1.7596622789832348,-1.2199335447094035,0.0606453741297639,0.9884055103724132,0.6868628005520355,0.3015427098203777,0.9874779512022063,0.6627757443132052,0.3247022068890011,0.9864615283847155,0.6553749158615112,0.33108661252320426,0.3729462800930573,0.3764658279273774,0.0035195478343201247,0.22222222222222254,0.30429194157267875,0.0820697193504562,2968.0,0.9779169413315755,2930.0,0.9653922214897824,2914.0,0.9601186552406065,2729.0,0.8991430454845089,2038.0,0.6713909030982201,0.6713909030982201,WACC_0p9_WRT_0p1,0.8947923533289387,3023,False,,,False,False,False,False,False,379.0,0.9895287958115183
IBDD,Electricity,855,0.75,1249,0.7857142857142856,0.0109046950670537,0,51,4153,2240,852,13,7,0.9867953834180546,0.9886914273378702,0.9877867415248998,0.9867953834180546,0.3730748635698068,0.18518518518518542,1.2233606186634038,-2.534149843841321,1.7596622789832348,-1.2199335447094035,0.0606453741297639,0.9886914273378702,0.7130821528095356,0.2756092745283346,0.9877867415248998,0.7090288783997281,0.2787578631251717,0.9867953834180546,0.712966418603335,0.27382896481471963,0.3730748635698068,0.3843068731454766,0.011232009575669832,0.18518518518518542,0.30571674382405883,0.12053155863887341,3006.0,0.9904416611733685,3007.0,0.990771259063942,3006.0,0.9904416611733685,2766.0,0.9113381674357284,2045.0,0.6736980883322347,0.6736980883322347,WACC_0p9_WRT_0p1,0.9113381674357285,3024,False,,,False,False,False,False,False,51.0,0.13089005235602094
IBDD,Electricity,2893,0.72,136,0.6785714285714283,0.391576424623955,0,129,1,5000,770,84,3,0.5258357507574586,0.593920744834417,0.5614344044211703,0.5258357507574586,0.2615657011313083,0.2962962962962967,1.2233606186634038,-2.534149843841321,1.7596622789832348,-1.2199335447094035,0.0606453741297639,0.593920744834417,0.5445530152846922,0.04936772954972479,0.5614344044211703,0.5191591591533303,0.04227524526783999,0.5258357507574586,0.5398965489434927,0.014060798186034118,0.2615657011313083,0.3208097002124228,0.059243999081114496,0.2962962962962967,0.345247904602118,0.04895160830582129,2139.0,0.7046802900461437,2095.0,0.6901779828609097,2325.0,0.7659854976928148,2205.0,0.7264337508239948,2377.0,0.7831245880026367,0.6901779828609097,WACC_0p3_WRT_0p7,0.7340804218852999,3025,False,,,False,False,False,False,False,129.0,0.33507853403141363
IBDD,Electricity,53,0.73,157,0.7142857142857141,0.3670213930975111,0,148,1,5000,951,88,2,0.5555697116312384,0.6193852219729515,0.5889360397307876,0.5555697116312384,0.22270073803295595,0.2592592592592596,1.2233606186634038,-2.534149843841321,1.7596622789832348,-1.2199335447094035,0.0606453741297639,0.6193852219729515,0.5406628128759119,0.07872240909703965,0.5889360397307876,0.5302910925593884,0.05864494717139912,0.5555697116312384,0.5435626821054191,0.012007029525819224,0.22270073803295595,0.33022075530561473,0.10752001727265878,0.2592592592592596,0.36002348802828343,0.10076422876902386,2104.0,0.6931443638760711,2186.0,0.7201713909030982,2361.0,0.7778510217534608,2324.0,0.7656558998022412,2475.0,0.8154251812788398,0.6931443638760711,WACC_0p1_WRT_0p9,0.7544495715227423,3026,False,,,False,False,False,False,False,148.0,0.38481675392670156
IBDD,Electricity,33,0.72,149,0.6785714285714283,0.3759677242326947,0,142,1,5000,850,100,1,0.544736499723082,0.6101075452401685,0.578916148859382,0.544736499723082,0.2615657011313083,0.2962962962962967,1.2233606186634038,-2.534149843841321,1.7596622789832348,-1.2199335447094035,0.0606453741297639,0.6101075452401685,0.5475233141508616,0.06258423108930689,0.578916148859382,0.5233862203863426,0.05552992847303939,0.544736499723082,0.5404406953646941,0.004295804358387945,0.2615657011313083,0.33169488910996786,0.07012918797865958,0.2962962962962967,0.36028505921998916,0.06398876292369243,2171.0,0.7152274225444957,2129.0,0.7013843111404087,2328.0,0.7669742913645353,2340.0,0.7709294660514173,2477.0,0.8160843770599868,0.7013843111404087,WACC_0p3_WRT_0p7,0.7541199736321688,3027,False,,,False,False,False,False,False,142.0,0.36910994764397903
IBDD,Electricity,39,0.72,183,0.6785714285714283,0.3407916506944176,0,171,1,5000,647,75,4,0.5873315985383268,0.6465864363169004,0.6183133512222523,0.5873315985383268,0.2615657011313083,0.2962962962962967,1.2233606186634038,-2.534149843841321,1.7596622789832348,-1.2199335447094035,0.0606453741297639,0.6465864363169004,0.5458904771405138,0.10069595917638663,0.6183133512222523,0.5242905040881989,0.0940228471340534,0.5873315985383268,0.5489848413816386,0.03834675715668823,0.2615657011313083,0.324439958946463,0.06287425781515471,0.2962962962962967,0.3461623557917824,0.04986605949548567,2157.0,0.7106130520764667,2136.0,0.7036914963744232,2408.0,0.7933421226104153,2251.0,0.7415952537903757,2383.0,0.7851021753460777,0.7036914963744232,WACC_0p3_WRT_0p7,0.7468688200395517,3028,False,,,False,False,False,False,False,171.0,0.44502617801047123
IBDD,Electricity,230,0.78,103,0.8928571428571428,0.4390270024565642,0,6,1,3104,2,10,1,0.46837731812650846,0.5447127381931928,0.5082897572486481,0.46837731812650846,0.17340737143051005,0.07407407407407426,1.2233606186634038,-2.534149843841321,1.7596622789832348,-1.2199335447094035,0.0606453741297639,0.5447127381931928,0.5444140934554001,0.00029864473779261935,0.5082897572486481,0.5307970670585057,0.0225073098098576,0.46837731812650846,0.5501014650309866,0.0817241469044781,0.17340737143051005,0.35974595029209033,0.18633857886158028,0.07407407407407426,0.343718639645961,0.26964456557188676,2137.0,0.7040210942649967,2191.0,0.7218193803559657,2419.0,0.7969676994067239,2600.0,0.8566249176005274,2367.0,0.7798286090969018,0.7040210942649967,WACC_0p1_WRT_0p9,0.771852340145023,3029,False,,,False,False,False,False,False,6.0,0.013089005235602094
IBDD,Electricity,212,0.8,134,0.9642857142857144,0.3941085017086084,0,7,1,2993,2,3,1,0.5227696304438523,0.5912948871169988,0.5585984780863587,0.5227696304438523,0.19435644191854132,0.032777621202300385,1.2233606186634038,-2.534149843841321,1.7596622789832348,-1.2199335447094035,0.0606453741297639,0.5912948871169988,0.545292275570359,0.04600261154663987,0.5585984780863587,0.5413266104225235,0.01727186766383515,0.5227696304438523,0.549515447768494,0.026745817324641763,0.19435644191854132,0.3591186591565382,0.16476221723799686,0.032777621202300385,0.34050434596742163,0.30772672476512125,2150.0,0.7083058668424522,2293.0,0.7554383651944627,2416.0,0.7959789057350033,2597.0,0.8556361239288068,2344.0,0.7722478576137113,0.7083058668424522,WACC_0p1_WRT_0p9,0.7775214238628874,3030,False,,,False,False,False,False,False,7.0,0.015706806282722512
IBDD,Electricity,190,0.74,197,0.7499999999999998,0.3281656085878023,0,179,43,1283,978,2,1,0.6026206134021233,0.6596801096126496,0.6324545183816613,0.6026206134021233,0.2251108592114059,0.22222222222222254,1.2233606186634038,-2.534149843841321,1.7596622789832348,-1.2199335447094035,0.0606453741297639,0.6596801096126496,0.5637377217783618,0.09594238783428777,0.6324545183816613,0.535601050002337,0.09685346837932429,0.6026206134021233,0.5535633520321707,0.04905726136995259,0.2251108592114059,0.3570383247025426,0.1319274654911367,0.22222222222222254,0.3224055464760505,0.10018332425382798,2338.0,0.7702702702702703,2247.0,0.7402768622280818,2442.0,0.8045484508899143,2578.0,0.8493737640079103,2216.0,0.7300593276203032,0.7300593276203032,WACC_0p9_WRT_0p1,0.778905735003296,3031,False,,,False,False,False,False,False,179.0,0.46596858638743455
IBDD,Electricity,218,0.8,177,0.9642857142857144,0.3464997360432442,0,9,1,3551,2,2,1,0.5804196144814776,0.6406669403995986,0.6119202956315664,0.5804196144814776,0.21656019696745105,0.03826340490036703,1.2233606186634038,-2.534149843841321,1.7596622789832348,-1.2199335447094035,0.0606453741297639,0.6406669403995986,0.5540835293588063,0.08658341104079226,0.6119202956315664,0.5431518839802152,0.06876841165135117,0.5804196144814776,0.5618945724198141,0.0185250420616635,0.21656019696745105,0.36007480500059413,0.1435146080331431,0.03826340490036703,0.3436787162307293,0.30541531133036226,2247.0,0.7402768622280818,2309.0,0.7607119314436388,2512.0,0.8276203032300593,2605.0,0.8582729070533949,2366.0,0.7794990112063283,0.7402768622280818,WACC_0p1_WRT_0p9,0.7932762030323006,3032,False,,,False,False,False,False,False,9.0,0.020942408376963352
IBDD,Electricity,180,0.8,159,0.9642857142857144,0.3648556017903225,0,8,1,5000,410,2,1,0.5581922924216302,0.621631227772999,0.5913617259948388,0.5581922924216302,0.20799939642866902,0.03614832571963372,1.2233606186634038,-2.534149843841321,1.7596622789832348,-1.2199335447094035,0.0606453741297639,0.621631227772999,0.5998392372429927,0.021791990530006244,0.5913617259948388,0.5702784842450122,0.021083241749826676,0.5581922924216302,0.5956655811803535,0.037473288758723355,0.20799939642866902,0.3590093882120277,0.1510099917833587,0.03614832571963372,0.33609444427744695,0.2999461185578132,2631.0,0.8668424522083059,2538.0,0.8361898483849703,2710.0,0.8928806855636124,2596.0,0.8553065260382333,2314.0,0.7623599208965063,0.7623599208965063,WACC_0p9_WRT_0p1,0.8427158866183257,3033,False,,,False,False,False,False,False,8.0,0.01832460732984293
IBDD,Electricity,279,0.8,114,0.9642857142857144,0.4217160007489388,0,6,1,4296,2,2,1,0.4893394026958622,0.5626648881122115,0.5276780791611885,0.4893394026958622,0.18148086874125852,0.029596510201768487,1.2233606186634038,-2.534149843841321,1.7596622789832348,-1.2199335447094035,0.0606453741297639,0.5626648881122115,0.5703784850481778,0.007713596935966294,0.5276780791611885,0.5551686816212369,0.02749060246004842,0.4893394026958622,0.5707849866953857,0.08144558399952351,0.18148086874125852,0.3481624828542847,0.16668161411302618,0.029596510201768487,0.34064010754660146,0.31104359734483294,2400.0,0.7907053394858273,2417.0,0.7963085036255768,2559.0,0.8431114040870138,2482.0,0.8177323665128543,2345.0,0.7725774555042848,0.7725774555042848,WACC_0p9_WRT_0p1,0.8040870138431113,3034,False,,,False,False,False,False,False,6.0,0.013089005235602094
IBDD,Electricity,201,0.8,90,0.9642857142857144,0.462018189093476,0,5,1,2901,1000,2,1,0.4405370344287458,0.5208700261252841,0.48253962821530677,0.4405370344287458,0.16268475198773913,0.024952636647665425,1.2233606186634038,-2.534149843841321,1.7596622789832348,-1.2199335447094035,0.0606453741297639,0.5208700261252841,0.5667747416231849,0.04590471549790076,0.48253962821530677,0.5490948441464355,0.06655521593112873,0.4405370344287458,0.5611093334323527,0.12057229900360689,0.16268475198773913,0.3868831049164672,0.22419835292872808,0.024952636647665425,0.36653380618023185,0.3415811695325664,2363.0,0.7785102175346078,2369.0,0.7804878048780488,2505.0,0.8253131179960448,2776.0,0.9146341463414634,2522.0,0.8309162821357944,0.7785102175346078,WACC_0p1_WRT_0p9,0.8259723137771917,3035,False,,,False,False,False,False,False,5.0,0.010471204188481676
